klu_idx,timestamp,klu_open,klu_high,klu_low,klu_close,klu_volume,bsp_type,bsp_types,is_buy,direction,is_segbsp,feat_divergence_rate,feat_bsp1_bi_amp,feat_bsp1_bi_klu_cnt,feat_bsp1_bi_amp_rate,feat_macd_value,feat_macd_dea,feat_macd_diff,feat_ppo,feat_rsi,feat_kdj_k,feat_kdj_d,feat_kdj_j,feat_volume,feat_bsp_bi_amp,feat_zs_cnt,feat_break_bi_amp,feat_break_bi_klu_cnt,feat_break_bi_amp_rate,feat_bi_amp,feat_bi_klu_cnt,feat_bi_amp_rate,feat_level,feat_bsp_type,macd_value,macd_dif,macd_dea,rsi,kdj_k,kdj_d,kdj_j,dmi_plus,dmi_minus,dmi_adx,price_change_pct,high_low_spread_pct,upper_shadow,lower_shadow,body_size,is_bullish_candle,snapshot_first_seen,snapshot_last_seen,date,snapshot_first_seen_ts,profit_target_pct,profit_target_distance,has_profit_target,exit_type,exit_klu_idx,exit_price,feat_bsp2_retrace_rate,feat_bsp2_break_bi_amp,feat_bsp2_break_bi_bi_klu_cnt,feat_bsp2_break_bi_amp_rate,feat_bsp2_bi_amp,feat_bsp2_bi_klu_cnt,feat_bsp2_bi_amp_rate,feat_bsp2s_retrace_rate,feat_bsp2s_break_bi_amp,feat_bsp2s_break_bi_klu_cnt,feat_bsp2s_break_bi_amp_rate,feat_bsp2s_bi_amp,feat_bsp2s_bi_klu_cnt,feat_bsp2s_bi_amp_rate,feat_bsp2s_lv,feat_bsp3_zs_height,feat_bsp3_bi_amp,feat_bsp3_bi_klu_cnt,feat_bsp3_bi_amp_rate,is_mature,direction_encoded
37.0,2021-10-01 07:05:00,357.44,357.62,357.37,357.56,41833.0,1p,1p,0.0,sell,False,1.4140321494599424,1.410000000000025,6.0,0.003958339181943306,0.21656426772455512,0.14433955858205852,0.2526216924443361,0.0007084938750920977,71.13789155820989,87.93632069612948,78.28837865524511,107.23220477789823,41833.0,1.410000000000025,0.0,1.410000000000025,6.0,0.003958339181943306,1.410000000000025,0.0,0.0,1.0,1.0,0.21656426772455512,0.2526216924443361,0.14433955858205852,71.13789155820989,87.93632069612948,78.28837865524511,107.23220477789823,48.50948509485228,17.073170731707467,21.361122659624005,0.0335720680393925,0.06995550829672328,0.060000000000002274,0.06999999999999318,0.12000000000000455,1.0,38.0,38.0,2021-10-01,2021-10-01 07:05:00,0.005593466830736606,80.0,1.0,best_within_2.0d,117.0,357.54,0.5832424107187206,4.3760036431226785,32.22527881040892,0.012230020343504162,2.285057100371749,15.890706319702602,0.006381710269403211,0.4929364202292669,5.6011759621451125,36.843533123028394,0.015614239272951093,2.82998018927445,22.52492113564669,0.007835530045022196,1.8630914826498424,0.00402220134195386,1.9444468750000041,16.553125,0.005470102952261012,0.0,1
38.0,2021-10-01 07:10:00,357.52,357.83,357.52,357.76,10199.0,1p,1p,0.0,sell,False,1.7239471340685246,1.6200000000000045,7.0,0.004547879060105007,0.2640288969582384,0.1773431707018383,0.3093576191809575,0.0008673974974784392,73.45705587391954,90.51721791264613,82.36465840771211,106.82233692251418,10199.0,1.6200000000000045,0.0,1.6200000000000045,7.0,0.004547879060105007,1.6200000000000045,0.0,0.0,1.0,1.0,0.2640288969582384,0.3093576191809575,0.1773431707018383,73.45705587391954,90.51721791264613,82.36465840771211,106.82233692251418,48.67021276595788,16.755319148936344,23.319648741427866,0.0671291116580916,0.086708435891699,0.06999999999999318,0.0,0.2400000000000091,1.0,39.0,39.0,2021-10-01,2021-10-01 07:10:00,0.06149373881931196,79.0,1.0,best_within_2.0d,117.0,357.54,0.5832424107187206,4.3760036431226785,32.22527881040892,0.012230020343504162,2.285057100371749,15.890706319702602,0.006381710269403211,0.4929364202292669,5.6011759621451125,36.843533123028394,0.015614239272951093,2.82998018927445,22.52492113564669,0.007835530045022196,1.8630914826498424,0.00402220134195386,1.9444468750000041,16.553125,0.005470102952261012,0.0,1
39.0,2021-10-01 07:15:00,357.8,358.13,357.71,357.99,32740.0,1p,1p,0.0,sell,False,1.998387740656597,1.920000000000016,8.0,0.005390078886050409,0.3060604936389278,0.21560073240670427,0.36863097922616817,0.0010333045882205678,75.85939411999234,91.24758971954212,85.32563551165545,103.09149813531545,32740.0,1.920000000000016,0.0,1.920000000000016,8.0,0.005390078886050409,1.920000000000016,0.0,0.0,1.0,1.0,0.3060604936389278,0.36863097922616817,0.21560073240670427,75.85939411999234,91.24758971954212,85.32563551165545,103.09149813531545,53.180661577609634,16.030534351145125,25.487993159057027,0.05310229178311843,0.11741354728691283,0.13999999999998636,0.09000000000003183,0.18999999999999773,1.0,40.0,40.0,2021-10-01,2021-10-01 07:15:00,0.1257018352467914,78.0,1.0,best_within_2.0d,117.0,357.54,0.5832424107187206,4.3760036431226785,32.22527881040892,0.012230020343504162,2.285057100371749,15.890706319702602,0.006381710269403211,0.4929364202292669,5.6011759621451125,36.843533123028394,0.015614239272951093,2.82998018927445,22.52492113564669,0.007835530045022196,1.8630914826498424,0.00402220134195386,1.9444468750000041,16.553125,0.005470102952261012,0.0,1
40.0,2021-10-01 07:20:00,357.98,358.39,357.96,358.39,17880.0,1p,1p,0.0,sell,False,2.373327034257883,2.180000000000007,9.0,0.006119985401869703,0.36348383694193287,0.26103621202444593,0.44277813049541237,0.0012407228777191377,79.35840404293229,94.16505981302808,88.27211027877965,105.95095888152497,17880.0,2.180000000000007,0.0,2.180000000000007,9.0,0.006119985401869703,2.180000000000007,0.0,0.0,1.0,1.0,0.36348383694193287,0.44277813049541237,0.26103621202444593,79.35840404293229,94.16505981302808,88.27211027877965,105.95095888152497,51.589242053790386,15.403422982885068,27.52560782913485,0.11453153807474388,0.12012515364845425,0.0,0.020000000000038654,0.40999999999996817,1.0,41.0,41.0,2021-10-01,2021-10-01 07:20:00,0.237171796088051,77.0,1.0,best_within_2.0d,117.0,357.54,0.5832424107187206,4.3760036431226785,32.22527881040892,0.012230020343504162,2.285057100371749,15.890706319702602,0.006381710269403211,0.4929364202292669,5.6011759621451125,36.843533123028394,0.015614239272951093,2.82998018927445,22.52492113564669,0.007835530045022196,1.8630914826498424,0.00402220134195386,1.9444468750000041,16.553125,0.005470102952261012,0.0,1
41.0,2021-10-01 07:25:00,358.38,358.85,358.38,358.739,72581.0,1p,1p,0.0,sell,False,2.7436903182168515,2.640000000000043,10.0,0.007411358468319372,0.42020634739777285,0.31356200544916757,0.523665179148054,0.0014668103842386422,81.83262914631905,94.59364643272846,90.37928899676258,103.02236130466022,72581.0,2.640000000000043,0.0,2.640000000000043,10.0,0.007411358468319372,2.640000000000043,0.0,0.0,1.0,1.0,0.42020634739777285,0.523665179148054,0.31356200544916757,81.83262914631905,94.59364643272846,90.37928899676258,103.02236130466022,57.623318385650876,14.125560538116375,29.889850127053847,0.10017300072548145,0.1311457112562161,0.11100000000004684,0.0,0.35899999999998045,1.0,42.0,42.0,2021-10-01,2021-10-01 07:25:00,0.33422627592761184,76.0,1.0,best_within_2.0d,117.0,357.54,0.5832424107187206,4.3760036431226785,32.22527881040892,0.012230020343504162,2.285057100371749,15.890706319702602,0.006381710269403211,0.4929364202292669,5.6011759621451125,36.843533123028394,0.015614239272951093,2.82998018927445,22.52492113564669,0.007835530045022196,1.8630914826498424,0.00402220134195386,1.9444468750000041,16.553125,0.005470102952261012,0.0,1
42.0,2021-10-01 07:30:00,358.69,358.89,358.58,358.83,24763.0,1p,1p,0.0,sell,False,2.8705047758220097,2.680000000000007,11.0,0.007523651778445319,0.4396284518800767,0.36851556193417717,0.5883297878742155,0.0016473166943513624,82.42420648139846,95.57609215733807,92.11155671695441,102.5051630381054,24763.0,2.680000000000007,0.0,2.680000000000007,11.0,0.007523651778445319,2.680000000000007,0.0,0.0,1.0,1.0,0.4396284518800767,0.5883297878742155,0.36851556193417717,82.42420648139846,95.57609215733807,92.11155671695441,102.5051630381054,58.651685393258134,9.213483146066606,32.95826669792195,0.03903091806294749,0.08645211668247038,0.060000000000002274,0.11000000000001364,0.13999999999998636,1.0,43.0,43.0,2021-10-01,2021-10-01 07:30:00,0.35950171390350966,75.0,1.0,best_within_2.0d,117.0,357.54,0.5832424107187206,4.3760036431226785,32.22527881040892,0.012230020343504162,2.285057100371749,15.890706319702602,0.006381710269403211,0.4929364202292669,5.6011759621451125,36.843533123028394,0.015614239272951093,2.82998018927445,22.52492113564669,0.007835530045022196,1.8630914826498424,0.00402220134195386,1.9444468750000041,16.553125,0.005470102952261012,0.0,1
43.0,2021-10-01 07:35:00,358.88,359.21,358.77,358.89,64521.0,1p,1p,0.0,sell,False,2.8705047758220097,3.0,12.0,0.008421998259453693,0.4296945483904391,0.42222738048298203,0.6370746546782016,0.0017831561431562797,82.82139964311668,92.90027414899069,92.37446252763317,93.95189739170576,64521.0,3.0,0.0,3.0,12.0,0.008421998259453693,3.0,0.0,0.0,1.0,1.0,0.4296945483904391,0.6370746546782016,0.42222738048298203,82.82139964311668,92.90027414899069,92.37446252763317,93.95189739170576,62.208067940550926,7.855626326963848,36.14523033205305,0.0027864467231361197,0.1226412464810318,0.3199999999999932,0.11000000000001364,0.009999999999990905,1.0,44.0,44.0,2021-10-01,2021-10-01 07:35:00,0.37615982613055976,74.0,1.0,best_within_2.0d,117.0,357.54,0.5832424107187206,4.3760036431226785,32.22527881040892,0.012230020343504162,2.285057100371749,15.890706319702602,0.006381710269403211,0.4929364202292669,5.6011759621451125,36.843533123028394,0.015614239272951093,2.82998018927445,22.52492113564669,0.007835530045022196,1.8630914826498424,0.00402220134195386,1.9444468750000041,16.553125,0.005470102952261012,1.0,1
51.0,2021-10-01 08:15:00,358.71,359.26,358.65,359.26,92456.0,1p,1p,0.0,sell,False,2.8705047758220097,3.0500000000000114,20.0,0.008562364897111287,0.04114293882945663,0.5967261604246281,0.6172976298393564,0.0017243297687082144,74.97008893581341,90.17885538627891,85.73128973153607,99.07398669576463,92456.0,3.0500000000000114,0.0,3.0500000000000114,20.0,0.008562364897111287,3.0500000000000114,0.0,0.0,1.0,1.0,0.04114293882945663,0.6172976298393564,0.5967261604246281,74.97008893581341,90.17885538627891,85.73128973153607,99.07398669576463,22.648992798246386,41.853668719339694,41.91928896600909,0.1533272002453267,0.17008225289279622,0.0,0.060000000000002274,0.5500000000000114,1.0,52.0,52.0,2021-10-01,2021-10-01 08:15:00,0.47876189945999287,66.0,1.0,best_within_2.0d,117.0,357.54,0.5832424107187206,4.3760036431226785,32.22527881040892,0.012230020343504162,2.285057100371749,15.890706319702602,0.006381710269403211,0.4929364202292669,5.6011759621451125,36.843533123028394,0.015614239272951093,2.82998018927445,22.52492113564669,0.007835530045022196,1.8630914826498424,0.00402220134195386,1.9444468750000041,16.553125,0.005470102952261012,0.0,1
52.0,2021-10-01 08:20:00,359.27,359.36,358.93,359.0,81969.0,1p,1p,0.0,sell,False,2.8705047758220097,3.150000000000034,21.0,0.008843098172426475,0.009519369102864772,0.5979160815624862,0.6026757661139186,0.0016831349758678936,68.10479848380649,90.77399882894775,87.41219276400662,97.49761095883002,81969.0,3.150000000000034,0.0,3.150000000000034,21.0,0.008843098172426475,3.150000000000034,0.0,0.0,1.0,1.0,0.009519369102864772,0.6026757661139186,0.5979160815624862,68.10479848380649,90.77399882894775,87.41219276400662,97.49761095883002,21.234924234615303,41.33594474796345,41.219711606351716,-0.07515239235115145,0.11980051820689461,0.09000000000003183,0.06999999999999318,0.2699999999999818,0.0,53.0,53.0,2021-10-01,2021-10-01 08:20:00,0.40668523676879653,65.0,1.0,best_within_2.0d,117.0,357.54,0.5832424107187206,4.3760036431226785,32.22527881040892,0.012230020343504162,2.285057100371749,15.890706319702602,0.006381710269403211,0.4929364202292669,5.6011759621451125,36.843533123028394,0.015614239272951093,2.82998018927445,22.52492113564669,0.007835530045022196,1.8630914826498424,0.00402220134195386,1.9444468750000041,16.553125,0.005470102952261012,1.0,1
84.0,2021-10-01 11:00:00,356.4,356.69,356.21,356.275,724995.0,2,2,0.0,sell,False,0.46385542168674576,4.163492493946733,28.239017640954685,0.011578080659927173,0.25154970812966093,-0.6976579400176075,-0.571883085952777,-0.001604933755679998,49.041334235168755,61.747285230008394,39.86001356455536,105.52182856091446,724995.0,2.3100000000000023,1.0,4.980000000000018,29.0,0.013857969723953745,2.3100000000000023,5.0,0.0065184265477735825,2.0,2.0,0.25154970812966093,-0.571883085952777,-0.6976579400176075,49.041334235168755,61.747285230008394,39.86001356455536,105.52182856091446,19.84281710734746,16.885411408379447,47.95507553916828,-0.035072951739618406,0.13475197215126422,0.29000000000002046,0.06499999999999773,0.125,0.0,85.0,85.0,2021-10-01,2021-10-01 11:00:00,-0.3550628026103553,33.0,1.0,best_within_2.0d,117.0,357.54,0.46385542168674576,4.980000000000018,29.0,0.013857969723953745,2.3100000000000023,5.0,0.0065184265477735825,0.4929364202292669,5.6011759621451125,36.843533123028394,0.015614239272951093,2.82998018927445,22.52492113564669,0.007835530045022196,1.8630914826498424,0.00402220134195386,1.9444468750000041,16.553125,0.005470102952261012,0.0,1
86.0,2021-10-01 11:10:00,355.56,357.495,355.56,357.3,775795.0,2,2,0.0,sell,False,0.6255020080321281,4.163492493946733,28.239017640954685,0.011578080659927173,0.4584850646573808,-0.6103300491728516,-0.3810875168441612,-0.001069432958468602,57.438131142795775,69.75290490877174,53.801946201508926,101.65482232329737,775795.0,3.115000000000009,1.0,4.980000000000018,29.0,0.013857969723953745,3.115000000000009,7.0,0.008789999435634091,2.0,2.0,0.4584850646573808,-0.3810875168441612,-0.6103300491728516,57.438131142795775,69.75290490877174,53.801946201508926,101.65482232329737,23.98944830609332,18.239244786774158,42.393874362445025,0.48936888288896646,0.5442119473506588,0.19499999999999318,0.0,1.740000000000009,1.0,87.0,87.0,2021-10-01,2021-10-01 11:10:00,-0.0671704450042007,31.0,1.0,best_within_2.0d,117.0,357.54,0.6255020080321281,4.980000000000018,29.0,0.013857969723953745,3.115000000000009,7.0,0.008789999435634091,0.4929364202292669,5.6011759621451125,36.843533123028394,0.015614239272951093,2.82998018927445,22.52492113564669,0.007835530045022196,1.8630914826498424,0.00402220134195386,1.9444468750000041,16.553125,0.005470102952261012,0.0,1
87.0,2021-10-01 11:15:00,357.315,357.565,357.02,357.565,706638.0,2,2,0.0,sell,False,0.639558232931725,4.163492493946733,28.239017640954685,0.011578080659927173,0.616258078011958,-0.5332977894213569,-0.22516875041537787,-0.0006317232641568035,59.17661461481377,79.83526993918116,62.479720780733004,114.54636825607747,706638.0,3.1850000000000023,1.0,4.980000000000018,29.0,0.013857969723953745,3.1850000000000023,8.0,0.008987527512839332,2.0,2.0,0.616258078011958,-0.22516875041537787,-0.5332977894213569,59.17661461481377,79.83526993918116,62.479720780733004,114.54636825607747,24.878176536880495,17.77828923350414,40.55462192616478,0.06996627625484517,0.15265251246429218,0.0,0.2950000000000159,0.25,1.0,88.0,88.0,2021-10-01,2021-10-01 11:15:00,0.006991735768315485,30.0,1.0,best_within_2.0d,117.0,357.54,0.639558232931725,4.980000000000018,29.0,0.013857969723953745,3.1850000000000023,8.0,0.008987527512839332,0.4929364202292669,5.6011759621451125,36.843533123028394,0.015614239272951093,2.82998018927445,22.52492113564669,0.007835530045022196,1.8630914826498424,0.00402220134195386,1.9444468750000041,16.553125,0.005470102952261012,0.0,1
88.0,2021-10-01 11:20:00,357.56,357.88,357.23,357.8092,611989.0,2,2,0.0,sell,False,0.7028112449799171,4.163492493946733,28.239017640954685,0.011578080659927173,0.7237343747495558,-0.4428309925776624,-0.08096380520288449,-0.0002270835741626267,60.7669418901136,85.88256091183487,70.28066749110029,117.08634775330407,611989.0,3.5,1.0,4.980000000000018,29.0,0.013857969723953745,3.5,9.0,0.009876403860262995,2.0,2.0,0.7237343747495558,-0.08096380520288449,-0.4428309925776624,60.7669418901136,85.88256091183487,70.28066749110029,117.08634775330407,25.787693730079837,18.167441181479692,38.89617986563245,0.06969459671103408,0.1819556028329024,0.07080000000001974,0.3299999999999841,0.24919999999997344,1.0,89.0,89.0,2021-10-01,2021-10-01 11:20:00,0.07523562837399242,29.0,1.0,best_within_2.0d,117.0,357.54,0.7028112449799171,4.980000000000018,29.0,0.013857969723953745,3.5,9.0,0.009876403860262995,0.4929364202292669,5.6011759621451125,36.843533123028394,0.015614239272951093,2.82998018927445,22.52492113564669,0.007835530045022196,1.8630914826498424,0.00402220134195386,1.9444468750000041,16.553125,0.005470102952261012,0.0,1
89.0,2021-10-01 11:25:00,357.8,357.89,357.42,357.4893,403544.0,2,2,0.0,sell,False,0.7048192771084293,4.163492493946733,28.239017640954685,0.011578080659927173,0.7204029534942162,-0.35278062339088534,0.0074208533562227785,2.080955466834483e-05,57.601291326186,86.67146289528017,75.74426595916024,108.52585676752003,403544.0,3.509999999999991,1.0,4.980000000000018,29.0,0.013857969723953745,3.509999999999991,10.0,0.009904622157006578,2.0,2.0,0.7204029534942162,0.0074208533562227785,-0.35278062339088534,57.601291326186,86.67146289528017,75.74426595916024,108.52585676752003,27.881261855021616,10.401825126963505,39.37919404864059,-0.0868362213527102,0.13149795758490582,0.08999999999997499,0.06929999999999836,0.3106999999999971,0.0,90.0,90.0,2021-10-01,2021-10-01 11:25:00,-0.01418224265733441,28.0,1.0,best_within_2.0d,117.0,357.54,0.7048192771084293,4.980000000000018,29.0,0.013857969723953745,3.509999999999991,10.0,0.009904622157006578,0.4929364202292669,5.6011759621451125,36.843533123028394,0.015614239272951093,2.82998018927445,22.52492113564669,0.007835530045022196,1.8630914826498424,0.00402220134195386,1.9444468750000041,16.553125,0.005470102952261012,0.0,1
90.0,2021-10-01 11:30:00,357.49,357.98,357.37,357.93,376719.0,2,2,0.0,sell,False,0.7228915662650621,4.163492493946733,28.239017640954685,0.011578080659927173,0.7432315260560708,-0.2598766826338765,0.11173908039415892,0.0003132526730356689,60.64308749348637,90.47328295582767,80.65393829138272,110.11197228471755,376719.0,3.6000000000000227,1.0,4.980000000000018,29.0,0.013857969723953745,3.6000000000000227,11.0,0.010158586827699144,2.0,2.0,0.7432315260560708,0.11173908039415892,-0.2598766826338765,60.64308749348637,90.47328295582767,80.65393829138272,110.11197228471755,29.439961221870664,6.642550021094686,41.07934675518016,0.12308036588435976,0.17069144024400865,0.05000000000001137,0.12000000000000455,0.4399999999999977,1.0,91.0,91.0,2021-10-01,2021-10-01 11:30:00,0.10895985248511898,27.0,1.0,best_within_2.0d,117.0,357.54,0.7228915662650621,4.980000000000018,29.0,0.013857969723953745,3.6000000000000227,11.0,0.010158586827699144,0.4929364202292669,5.6011759621451125,36.843533123028394,0.015614239272951093,2.82998018927445,22.52492113564669,0.007835530045022196,1.8630914826498424,0.00402220134195386,1.9444468750000041,16.553125,0.005470102952261012,0.0,1
91.0,2021-10-01 11:35:00,357.92,358.2796,357.65,358.21,457493.0,2,2,0.0,sell,False,0.7830522088353427,4.163492493946733,28.239017640954685,0.011578080659927173,0.7590549923040096,-0.1649948085958753,0.21453268755612953,0.0006012395475702871,62.48464871140233,92.83755302384552,84.71514320220365,109.08237266712922,457493.0,3.899600000000021,1.0,4.980000000000018,29.0,0.013857969723953745,3.899600000000021,12.0,0.01100400699813765,2.0,2.0,0.7590549923040096,0.21453268755612953,-0.1649948085958753,62.48464871140233,92.83755302384552,84.71514320220365,109.08237266712922,32.04415437918006,6.624947403289254,42.840478313540316,0.08102369244522899,0.17603802600308655,0.06960000000003674,0.27000000000003865,0.2899999999999636,1.0,92.0,92.0,2021-10-01,2021-10-01 11:35:00,0.18704112113005197,26.0,1.0,best_within_2.0d,117.0,357.54,0.7830522088353427,4.980000000000018,29.0,0.013857969723953745,3.899600000000021,12.0,0.01100400699813765,0.4929364202292669,5.6011759621451125,36.843533123028394,0.015614239272951093,2.82998018927445,22.52492113564669,0.007835530045022196,1.8630914826498424,0.00402220134195386,1.9444468750000041,16.553125,0.005470102952261012,0.0,1
92.0,2021-10-01 11:40:00,358.21,358.51,357.95,358.34,456925.0,2,2,0.0,sell,False,0.8293172690763013,4.163492493946733,28.239017640954685,0.011578080659927173,0.7487829623644253,-0.07139693830032212,0.30299454288189054,0.0008488903817743461,63.342279954228424,93.32982910619785,87.58670517020171,104.81607697819013,456925.0,4.1299999999999955,1.0,4.980000000000018,29.0,0.013857969723953745,4.1299999999999955,13.0,0.011654156555110321,2.0,2.0,0.7487829623644253,0.30299454288189054,-0.07139693830032212,63.342279954228424,93.32982910619785,87.58670517020171,104.81607697819013,33.625186453543265,6.090080230187325,44.73267905918628,0.03629156081627969,0.15644643106579195,0.17000000000001592,0.2599999999999909,0.12999999999999545,1.0,93.0,93.0,2021-10-01,2021-10-01 11:40:00,0.2232516604342118,25.0,1.0,best_within_2.0d,117.0,357.54,0.8293172690763013,4.980000000000018,29.0,0.013857969723953745,4.1299999999999955,13.0,0.011654156555110321,0.4929364202292669,5.6011759621451125,36.843533123028394,0.015614239272951093,2.82998018927445,22.52492113564669,0.007835530045022196,1.8630914826498424,0.00402220134195386,1.9444468750000041,16.553125,0.005470102952261012,0.0,1
93.0,2021-10-01 11:45:00,358.34,358.54,358.12,358.19,414603.0,2,2,0.0,sell,False,0.8353413654618493,4.163492493946733,28.239017640954685,0.011578080659927173,0.6852487381789576,0.014259153972047578,0.3568835230615264,0.0009996080981044119,61.59262316263833,91.69008474629504,88.95449836223281,97.1612575144195,414603.0,4.160000000000025,1.0,4.980000000000018,29.0,0.013857969723953745,4.160000000000025,14.0,0.01173881144534123,2.0,2.0,0.6852487381789576,0.3568835230615264,0.014259153972047578,61.59262316263833,91.69008474629504,88.95449836223281,97.1612575144195,32.36384736035679,6.255723079991607,46.36629857986991,-0.041859686331410746,0.11727912431587621,0.20000000000004547,0.06999999999999318,0.14999999999997726,0.0,94.0,94.0,2021-10-01,2021-10-01 11:45:00,0.1814679360116076,24.0,1.0,best_within_2.0d,117.0,357.54,0.8353413654618493,4.980000000000018,29.0,0.013857969723953745,4.160000000000025,14.0,0.01173881144534123,0.4929364202292669,5.6011759621451125,36.843533123028394,0.015614239272951093,2.82998018927445,22.52492113564669,0.007835530045022196,1.8630914826498424,0.00402220134195386,1.9444468750000041,16.553125,0.005470102952261012,1.0,1
114.0,2021-10-01 13:30:00,358.15,358.75,358.15,358.75,289881.0,2s,2s,0.0,sell,False,0.8775100401606403,4.163492493946733,28.239017640954685,0.011578080659927173,0.10385347509688198,0.23694976272584337,0.28887650027428435,0.0008073803662927435,62.95812143857398,85.56872744785615,76.73477847332013,103.23662539692819,289881.0,1.7200000000000273,1.0,4.980000000000018,29.0,0.013857969723953745,1.7200000000000273,9.0,0.004817522337058587,1.0,2.5,0.10385347509688198,0.28887650027428435,0.23694976272584337,62.95812143857398,85.56872744785615,76.73477847332013,103.23662539692819,17.72529972504879,16.887883990007104,23.09802788532709,0.1675275722462719,0.1675275722462719,0.0,0.0,0.6000000000000227,1.0,115.0,115.0,2021-10-01,2021-10-01 13:30:00,0.33728222996515106,3.0,1.0,best_within_2.0d,117.0,357.54,0.5832424107187206,4.3760036431226785,32.22527881040892,0.012230020343504162,2.285057100371749,15.890706319702602,0.006381710269403211,0.8775100401606403,4.980000000000018,29.0,0.013857969723953745,1.7200000000000273,9.0,0.004817522337058587,1.0,0.00402220134195386,1.9444468750000041,16.553125,0.005470102952261012,0.0,1
115.0,2021-10-01 13:35:00,358.69,358.8699,358.6341,358.78,268942.0,2s,2s,0.0,sell,False,0.9015863453815183,4.163492493946733,28.239017640954685,0.011578080659927173,0.1377204753119019,0.25416482213983105,0.323025059795782,0.0009026380024562298,63.252543487699654,88.70494264443738,80.72483319702587,104.6651615392604,268942.0,1.8399,1.0,4.980000000000018,29.0,0.013857969723953745,1.8399,10.0,0.005153348458112764,1.0,2.5,0.1377204753119019,0.323025059795782,0.25416482213983105,63.252543487699654,88.70494264443738,80.72483319702587,104.6651615392604,19.71265671980474,17.16117320020452,21.94241852949844,0.025091304469033147,0.06574946442627273,0.08990000000000009,0.055900000000008276,0.08999999999997499,1.0,116.0,116.0,2021-10-01,2021-10-01 13:35:00,0.3456156976419958,2.0,1.0,best_within_2.0d,117.0,357.54,0.5832424107187206,4.3760036431226785,32.22527881040892,0.012230020343504162,2.285057100371749,15.890706319702602,0.006381710269403211,0.9015863453815183,4.980000000000018,29.0,0.013857969723953745,1.8399,10.0,0.005153348458112764,1.0,0.00402220134195386,1.9444468750000041,16.553125,0.005470102952261012,0.0,1
117.0,2021-10-01 13:45:00,358.79,359.39,358.6408,359.35,585957.0,1p,1p,0.0,sell,False,0.28066528784712735,2.3600000000000136,12.0,0.006610088788057065,0.21304041597333268,0.299181596100293,0.40570180408695933,0.0011331182072470422,68.72945522746319,93.12309444292096,87.09556907420549,105.17814518035192,585957.0,2.3600000000000136,0.0,2.3600000000000136,12.0,0.006610088788057065,2.3600000000000136,0.0,0.0,1.0,1.0,0.21304041597333268,0.40570180408695933,0.299181596100293,68.72945522746319,93.12309444292096,87.09556907420549,105.17814518035192,26.595839524517693,13.81872213967317,21.258910948611312,0.15608015830987548,0.2088998240021697,0.03999999999996362,0.14920000000000755,0.5600000000000023,1.0,118.0,118.0,2021-10-01,2021-10-01 13:45:00,2.0540172048918044,173.78554736652885,0.0,,14281.267661333814,366.3529484630595,0.5832424107187206,4.3760036431226785,32.22527881040892,0.012230020343504162,2.285057100371749,15.890706319702602,0.006381710269403211,0.4929364202292669,5.6011759621451125,36.843533123028394,0.015614239272951093,2.82998018927445,22.52492113564669,0.007835530045022196,1.8630914826498424,0.00402220134195386,1.9444468750000041,16.553125,0.005470102952261012,0.0,1
117.0,2021-10-01 13:45:00,357.75,357.815,357.03,357.54,548429.0,3a,3a,1.0,buy,False,0.0015159596867017223,4.163492493946733,28.239017640954685,0.011578080659927173,-0.10889275323946884,0.24534282193830617,0.19089644531857175,0.0005340170210371295,51.0092869843299,47.414450372733114,48.18992843238229,45.863494253434766,548429.0,1.5100000000000477,2.0,1.5100000000000477,14.0,0.004211524516093177,1.5100000000000477,14.0,0.004211524516093177,3.0,3.0,-0.10889275323946884,0.19089644531857175,0.24534282193830617,51.0092869843299,47.414450372733114,48.18992843238229,45.863494253434766,11.985056929020395,26.32887506215654,30.574589245662537,-0.058700209643600156,0.21986947875529372,0.06499999999999773,0.5100000000000477,0.20999999999997954,0.0,118.0,118.0,2021-10-01,2021-10-01 13:45:00,2.0540172048918044,173.78554736652885,0.0,,14281.267661333814,366.3529484630595,0.5832424107187206,4.3760036431226785,32.22527881040892,0.012230020343504162,2.285057100371749,15.890706319702602,0.006381710269403211,0.4929364202292669,5.6011759621451125,36.843533123028394,0.015614239272951093,2.82998018927445,22.52492113564669,0.007835530045022196,1.8630914826498424,0.0015159596867017223,1.5100000000000477,14.0,0.004211524516093177,0.0,0
121.0,2021-10-01 14:05:00,359.06,359.49,359.06,359.25,474003.0,1p,1p,0.0,sell,False,0.2947236835324318,2.4600000000000364,16.0,0.006890177296025647,0.12781645882906711,0.37879383932888155,0.4427020687434151,0.0012355043551297135,63.67128106779121,79.43329134021106,81.93508680785146,74.42970040493026,474003.0,2.4600000000000364,0.0,2.4600000000000364,16.0,0.006890177296025647,2.4600000000000364,0.0,0.0,1.0,1.0,0.12781645882906711,0.4427020687434151,0.37879383932888155,63.67128106779121,79.43329134021106,81.93508680785146,74.42970040493026,28.48190916089371,10.161662817551466,24.10502560876942,0.05291594719545416,0.11975714365287328,0.2400000000000091,0.0,0.18999999999999773,1.0,122.0,122.0,2021-10-01,2021-10-01 14:05:00,2.0540172048918044,173.78554736652885,0.0,,14281.267661333814,366.3529484630595,0.5832424107187206,4.3760036431226785,32.22527881040892,0.012230020343504162,2.285057100371749,15.890706319702602,0.006381710269403211,0.4929364202292669,5.6011759621451125,36.843533123028394,0.015614239272951093,2.82998018927445,22.52492113564669,0.007835530045022196,1.8630914826498424,0.00402220134195386,1.9444468750000041,16.553125,0.005470102952261012,0.0,1
124.0,2021-10-01 14:20:00,359.27,359.55,359.27,359.4,297124.0,1p,1p,0.0,sell,False,0.2947236835324318,2.5200000000000387,19.0,0.007058230400806764,0.07629974454527866,0.40723431741662475,0.4453841896892641,0.0012423350224822923,63.477309497865036,77.66942965312982,77.62744913094885,77.75339069749177,297124.0,2.5200000000000387,0.0,2.5200000000000387,19.0,0.007058230400806764,2.5200000000000387,0.0,0.0,1.0,1.0,0.07629974454527866,0.4453841896892641,0.40723431741662475,63.477309497865036,77.66942965312982,77.62744913094885,77.75339069749177,26.881849315069633,11.301369863013091,27.636958353668124,0.03618448520611113,0.07793581429009647,0.1500000000000341,0.0,0.12999999999999545,1.0,125.0,125.0,2021-10-01,2021-10-01 14:20:00,2.0540172048918044,173.78554736652885,0.0,,14281.267661333814,366.3529484630595,0.5832424107187206,4.3760036431226785,32.22527881040892,0.012230020343504162,2.285057100371749,15.890706319702602,0.006381710269403211,0.4929364202292669,5.6011759621451125,36.843533123028394,0.015614239272951093,2.82998018927445,22.52492113564669,0.007835530045022196,1.8630914826498424,0.00402220134195386,1.9444468750000041,16.553125,0.005470102952261012,0.0,1
125.0,2021-10-01 14:25:00,359.4,359.66,359.33,359.36,270721.0,1p,1p,0.0,sell,False,0.2947236835324318,2.6300000000000523,20.0,0.007366327759572171,0.06044533503245275,0.41478998429568137,0.44501265181190774,0.001241079603051677,62.7418977901027,75.3013361476122,76.8520781365033,72.19985216983002,270721.0,2.6300000000000523,0.0,2.6300000000000523,20.0,0.007366327759572171,2.6300000000000523,0.0,0.0,1.0,1.0,0.06044533503245275,0.44501265181190774,0.41478998429568137,62.7418977901027,75.3013361476122,76.8520781365033,72.19985216983002,29.36888111888224,9.9650349650347,29.18653856993448,-0.011129660545343246,0.09183758661955332,0.26000000000004775,0.03000000000002956,0.03999999999996362,0.0,126.0,126.0,2021-10-01,2021-10-01 14:25:00,2.0540172048918044,173.78554736652885,0.0,,14281.267661333814,366.3529484630595,0.5832424107187206,4.3760036431226785,32.22527881040892,0.012230020343504162,2.285057100371749,15.890706319702602,0.006381710269403211,0.4929364202292669,5.6011759621451125,36.843533123028394,0.015614239272951093,2.82998018927445,22.52492113564669,0.007835530045022196,1.8630914826498424,0.00402220134195386,1.9444468750000041,16.553125,0.005470102952261012,0.0,1
126.0,2021-10-01 14:30:00,359.36,359.66,359.33,359.56,237233.0,1p,1p,0.0,sell,False,0.2947236835324318,2.6300000000000523,21.0,0.007366327759572171,0.0653033972635042,0.42295290895361937,0.45560460758537147,0.0012703590470225141,64.92969118389391,80.13286355418974,77.9456732757321,84.50724411110502,237233.0,2.6300000000000523,0.0,2.6300000000000523,21.0,0.007366327759572171,2.6300000000000523,0.0,0.0,1.0,1.0,0.0653033972635042,0.45560460758537147,0.42295290895361937,64.92969118389391,80.13286355418974,77.9456732757321,84.50724411110502,29.150176678445856,10.070671378091607,30.57652405926175,0.055654496883345006,0.09183758661955332,0.10000000000002274,0.03000000000002956,0.19999999999998863,1.0,127.0,127.0,2021-10-01,2021-10-01 14:30:00,2.0540172048918044,173.78554736652885,0.0,,14281.267661333814,366.3529484630595,0.5832424107187206,4.3760036431226785,32.22527881040892,0.012230020343504162,2.285057100371749,15.890706319702602,0.006381710269403211,0.4929364202292669,5.6011759621451125,36.843533123028394,0.015614239272951093,2.82998018927445,22.52492113564669,0.007835530045022196,1.8630914826498424,0.00402220134195386,1.9444468750000041,16.553125,0.005470102952261012,0.0,1
127.0,2021-10-01 14:35:00,359.56,359.76,359.515,359.7,306701.0,1p,1p,0.0,sell,False,0.2947236835324318,2.730000000000018,22.0,0.007646416267540594,0.07508200855663616,0.4323381600231989,0.469879164301517,0.0013098745636606238,66.41630045230676,84.90339051760787,80.26491235635736,94.18034684010891,306701.0,2.730000000000018,0.0,2.730000000000018,22.0,0.007646416267540594,2.730000000000018,0.0,0.0,1.0,1.0,0.07508200855663616,0.469879164301517,0.4323381600231989,66.41630045230676,84.90339051760787,80.26491235635736,94.18034684010891,31.276139410187646,10.18766756032144,32.025340259311044,0.03893647791745087,0.06814736520034062,0.060000000000002274,0.045000000000015916,0.13999999999998636,1.0,128.0,128.0,2021-10-01,2021-10-01 14:35:00,2.0540172048918044,173.78554736652885,0.0,,14281.267661333814,366.3529484630595,0.5832424107187206,4.3760036431226785,32.22527881040892,0.012230020343504162,2.285057100371749,15.890706319702602,0.006381710269403211,0.4929364202292669,5.6011759621451125,36.843533123028394,0.015614239272951093,2.82998018927445,22.52492113564669,0.007835530045022196,1.8630914826498424,0.00402220134195386,1.9444468750000041,16.553125,0.005470102952261012,0.0,1
128.0,2021-10-01 14:40:00,359.7,359.94,359.57,359.625,402676.0,1p,1p,0.0,sell,False,0.2947236835324318,2.910000000000025,23.0,0.008150575581883946,0.05981939118586421,0.43981558392143194,0.46972527951436405,0.001309201118852934,64.83083503845538,80.96123470404646,80.49701980558706,81.88966450096527,402676.0,2.910000000000025,0.0,2.910000000000025,23.0,0.008150575581883946,2.910000000000025,0.0,0.0,1.0,1.0,0.05981939118586421,0.46972527951436405,0.43981558392143194,64.83083503845538,80.96123470404646,80.49701980558706,81.88966450096527,30.250233426704142,10.644257703080957,33.16230370076425,-0.020850708924100257,0.10290068693161401,0.2400000000000091,0.05500000000000682,0.07499999999998863,0.0,129.0,129.0,2021-10-01,2021-10-01 14:40:00,2.0540172048918044,173.78554736652885,0.0,,14281.267661333814,366.3529484630595,0.5832424107187206,4.3760036431226785,32.22527881040892,0.012230020343504162,2.285057100371749,15.890706319702602,0.006381710269403211,0.4929364202292669,5.6011759621451125,36.843533123028394,0.015614239272951093,2.82998018927445,22.52492113564669,0.007835530045022196,1.8630914826498424,0.00402220134195386,1.9444468750000041,16.553125,0.005470102952261012,0.0,1
129.0,2021-10-01 14:45:00,359.615,360.0,359.61,359.9899,264408.0,1p,1p,0.0,sell,False,0.2947236835324318,2.9700000000000273,24.0,0.008318628686665063,0.08567194857484639,0.4505245774932877,0.4933605517807109,0.0013747352777247366,68.74067491921195,87.01725991763952,82.6704331762712,95.71091340037614,264408.0,2.9700000000000273,0.0,2.9700000000000273,24.0,0.008318628686665063,2.9700000000000273,0.0,0.0,1.0,1.0,0.08567194857484639,0.4933605517807109,0.4505245774932877,68.74067491921195,87.01725991763952,82.6704331762712,95.71091340037614,28.316270964932063,10.346329775647737,34.11348723924099,0.10425037887740174,0.10845082172353003,0.010100000000022646,0.0049999999999954525,0.37489999999996826,1.0,130.0,130.0,2021-10-01,2021-10-01 14:45:00,2.0540172048918044,173.78554736652885,0.0,,14281.267661333814,366.3529484630595,0.5832424107187206,4.3760036431226785,32.22527881040892,0.012230020343504162,2.285057100371749,15.890706319702602,0.006381710269403211,0.4929364202292669,5.6011759621451125,36.843533123028394,0.015614239272951093,2.82998018927445,22.52492113564669,0.007835530045022196,1.8630914826498424,0.00402220134195386,1.9444468750000041,16.553125,0.005470102952261012,0.0,1
130.0,2021-10-01 14:50:00,359.985,360.456,359.8,360.44,371993.0,1p,1p,0.0,sell,False,0.2947236835324318,3.4260000000000446,25.0,0.009595832283001555,0.14661873340639142,0.4688519191690867,0.5421612858722824,0.0015102298581586187,72.76299073691818,91.01480694179227,85.45189109811156,102.14063862915373,371993.0,3.4260000000000446,0.0,3.4260000000000446,25.0,0.009595832283001555,3.4260000000000446,0.0,0.0,1.0,1.0,0.14661873340639142,0.5421612858722824,0.4688519191690867,72.76299073691818,91.01480694179227,85.45189109811156,102.14063862915373,33.68308494285957,9.523491278486608,35.670843387714285,0.12639415531202247,0.1823235130628143,0.016000000000019554,0.18500000000000227,0.4549999999999841,1.0,131.0,131.0,2021-10-01,2021-10-01 14:50:00,2.0540172048918044,173.78554736652885,0.0,,14281.267661333814,366.3529484630595,0.5832424107187206,4.3760036431226785,32.22527881040892,0.012230020343504162,2.285057100371749,15.890706319702602,0.006381710269403211,0.4929364202292669,5.6011759621451125,36.843533123028394,0.015614239272951093,2.82998018927445,22.52492113564669,0.007835530045022196,1.8630914826498424,0.00402220134195386,1.9444468750000041,16.553125,0.005470102952261012,0.0,1
131.0,2021-10-01 14:55:00,360.43,360.5599,360.26,360.33,254877.0,1p,1p,0.0,sell,False,0.2947236835324318,3.5299000000000547,26.0,0.009886844242780872,0.15454424818007584,0.48816995019159626,0.5654420742816342,0.0015746456470226205,70.37951255878247,89.23491127625005,86.71289782415772,94.2789381804347,254877.0,3.5299000000000547,0.0,3.5299000000000547,26.0,0.009886844242780872,3.5299000000000547,0.0,0.0,1.0,1.0,0.15454424818007584,0.5654420742816342,0.48816995019159626,70.37951255878247,89.23491127625005,86.71289782415772,94.2789381804347,28.35853248794269,10.296428764969976,36.460531899014384,-0.027744638348645434,0.08324543385333828,0.12990000000002055,0.06999999999999318,0.10000000000002274,0.0,132.0,132.0,2021-10-01,2021-10-01 14:55:00,2.0540172048918044,173.78554736652885,0.0,,14281.267661333814,366.3529484630595,0.5832424107187206,4.3760036431226785,32.22527881040892,0.012230020343504162,2.285057100371749,15.890706319702602,0.006381710269403211,0.4929364202292669,5.6011759621451125,36.843533123028394,0.015614239272951093,2.82998018927445,22.52492113564669,0.007835530045022196,1.8630914826498424,0.00402220134195386,1.9444468750000041,16.553125,0.005470102952261012,0.0,1
132.0,2021-10-01 15:00:00,360.32,360.74,360.32,360.7,420245.0,1p,1p,0.0,sell,False,0.2947236835324318,3.7100000000000364,27.0,0.010391283645632122,0.18973430915576928,0.5118867388360674,0.606753893413952,0.0016891305728708665,73.52139196625097,91.9162447057082,88.44734678467455,98.85404054777547,420245.0,3.7100000000000364,0.0,3.7100000000000364,27.0,0.010391283645632122,3.7100000000000364,0.0,0.0,1.0,1.0,0.18973430915576928,0.606753893413952,0.5118867388360674,73.52139196625097,91.9162447057082,88.44734678467455,98.85404054777547,31.217110544247976,10.167858862983175,37.48921311805042,0.1054618117229117,0.11656305506217138,0.040000000000020464,0.0,0.37999999999999545,1.0,133.0,133.0,2021-10-01,2021-10-01 15:00:00,2.0540172048918044,173.78554736652885,0.0,,14281.267661333814,366.3529484630595,0.5832424107187206,4.3760036431226785,32.22527881040892,0.012230020343504162,2.285057100371749,15.890706319702602,0.006381710269403211,0.4929364202292669,5.6011759621451125,36.843533123028394,0.015614239272951093,2.82998018927445,22.52492113564669,0.007835530045022196,1.8630914826498424,0.00402220134195386,1.9444468750000041,16.553125,0.005470102952261012,0.0,1
133.0,2021-10-01 15:05:00,360.7,360.8,360.61,360.7849,291853.0,1p,1p,0.0,sell,False,0.2947236835324318,3.7700000000000387,28.0,0.01055933675041324,0.20334726356491206,0.5373051467816814,0.6389787785641374,0.001778263578703931,74.19770278353974,94.26842617568714,90.38770658167874,102.02986536370395,291853.0,3.7700000000000387,0.0,3.7700000000000387,28.0,0.01055933675041324,3.7700000000000387,0.0,0.0,1.0,1.0,0.20334726356491206,0.6389787785641374,0.5373051467816814,74.19770278353974,94.26842617568714,90.38770658167874,102.02986536370395,34.56903302202095,4.201760919804035,40.406063834811654,0.023537565844193135,0.05268850004159555,0.015100000000018099,0.08999999999997499,0.08490000000000464,1.0,134.0,134.0,2021-10-01,2021-10-01 15:05:00,2.0540172048918044,173.78554736652885,0.0,,14281.267661333814,366.3529484630595,0.5832424107187206,4.3760036431226785,32.22527881040892,0.012230020343504162,2.285057100371749,15.890706319702602,0.006381710269403211,0.4929364202292669,5.6011759621451125,36.843533123028394,0.015614239272951093,2.82998018927445,22.52492113564669,0.007835530045022196,1.8630914826498424,0.00402220134195386,1.9444468750000041,16.553125,0.005470102952261012,0.0,1
134.0,2021-10-01 15:10:00,360.7941,361.06,360.71,361.05,361816.0,1p,1p,0.0,sell,False,0.2967622650964831,4.03000000000003,29.0,0.01128756687113136,0.22525890852515795,0.5654625103473261,0.6780919646099051,0.0018864447939643627,76.23855151324717,95.98627255643129,92.25389523992959,103.45102718943468,361816.0,4.03000000000003,0.0,4.03000000000003,29.0,0.01128756687113136,4.03000000000003,0.0,0.0,1.0,1.0,0.22525890852515795,0.6780919646099051,0.5654625103473261,76.23855151324717,95.98627255643129,92.25389523992959,103.45102718943468,39.76257707600925,4.225974375228458,43.2903468609588,0.07092688045619286,0.09703085581215458,0.009999999999990905,0.08410000000003492,0.2558999999999969,1.0,135.0,135.0,2021-10-01,2021-10-01 15:10:00,2.0540172048918044,173.78554736652885,0.0,,14281.267661333814,366.3529484630595,0.5832424107187206,4.3760036431226785,32.22527881040892,0.012230020343504162,2.285057100371749,15.890706319702602,0.006381710269403211,0.4929364202292669,5.6011759621451125,36.843533123028394,0.015614239272951093,2.82998018927445,22.52492113564669,0.007835530045022196,1.8630914826498424,0.00402220134195386,1.9444468750000041,16.553125,0.005470102952261012,0.0,1
135.0,2021-10-01 15:15:00,361.05,361.25,360.67,360.755,514025.0,1p,1p,0.0,sell,False,0.2967622650964831,4.220000000000027,30.0,0.01181973503627154,0.17922140968788258,0.5878651865583114,0.6774758914022527,0.0018842260993552858,69.63778511789292,87.81409524895611,90.77396190960509,81.89436192765814,514025.0,4.220000000000027,0.0,4.220000000000027,30.0,0.01181973503627154,4.220000000000027,0.0,0.0,1.0,1.0,0.17922140968788258,0.6774758914022527,0.5878651865583114,69.63778511789292,87.81409524895611,90.77396190960509,81.89436192765814,35.91537439907114,4.115303316560712,45.87241153777934,-0.08170613488436945,0.16081182244156267,0.19999999999998863,0.08499999999997954,0.2950000000000159,0.0,136.0,136.0,2021-10-01,2021-10-01 15:15:00,2.0540172048918044,173.78554736652885,0.0,,14281.267661333814,366.3529484630595,0.5832424107187206,4.3760036431226785,32.22527881040892,0.012230020343504162,2.285057100371749,15.890706319702602,0.006381710269403211,0.4929364202292669,5.6011759621451125,36.843533123028394,0.015614239272951093,2.82998018927445,22.52492113564669,0.007835530045022196,1.8630914826498424,0.00402220134195386,1.9444468750000041,16.553125,0.005470102952261012,1.0,1
199.0,2021-10-04 05:00:00,358.31,358.63,358.31,358.5,860.0,2,2,0.0,sell,False,0.3087071240105566,4.163492493946733,28.239017640954685,0.011578080659927173,0.0074778825930186255,-0.56131658112408,-0.5575776398275707,-0.0015537917814433927,43.52447283021729,58.03881419977516,37.05102784735324,100.01438690461899,860.0,1.170000000000016,1.0,3.7900000000000205,61.0,0.010491349480968915,1.170000000000016,5.0,0.00327309349297828,2.0,2.0,0.0074778825930186255,-0.5575776398275707,-0.56131658112408,43.52447283021729,58.03881419977516,37.05102784735324,100.01438690461899,18.930349018289572,51.29927631378119,51.158316828075215,0.05302670871591574,0.08930814099522569,0.12999999999999545,0.0,0.18999999999999773,1.0,200.0,200.0,2021-10-04,2021-10-04 05:00:00,2.2789400278940075,96.0,1.0,best_within_2.0d,295.0,350.33,0.3087071240105566,3.7900000000000205,61.0,0.010491349480968915,1.170000000000016,5.0,0.00327309349297828,0.4929364202292669,5.6011759621451125,36.843533123028394,0.015614239272951093,2.82998018927445,22.52492113564669,0.007835530045022196,1.8630914826498424,0.00402220134195386,1.9444468750000041,16.553125,0.005470102952261012,1.0,1
207.0,2021-10-04 05:40:00,358.43,358.7,358.43,358.5,1840.0,2,2,0.0,sell,False,0.32717678100263914,4.163492493946733,28.239017640954685,0.011578080659927173,0.21329447221451192,-0.37732685936229055,-0.2706796232550346,-0.0007547271768560907,46.3533101165863,64.70071658906957,68.70217520931632,56.69779934857607,1840.0,1.240000000000009,1.0,3.7900000000000205,61.0,0.010491349480968915,1.240000000000009,13.0,0.003468919599395762,2.0,2.0,0.21329447221451192,-0.2706796232550346,-0.37732685936229055,46.3533101165863,64.70071658906957,68.70217520931632,56.69779934857607,43.661971830983795,15.774647887323704,39.75553305819205,0.019529615266577344,0.07532851602822917,0.19999999999998863,0.0,0.06999999999999318,1.0,208.0,208.0,2021-10-04,2021-10-04 05:40:00,2.2789400278940075,88.0,1.0,best_within_2.0d,295.0,350.33,0.32717678100263914,3.7900000000000205,61.0,0.010491349480968915,1.240000000000009,13.0,0.003468919599395762,0.4929364202292669,5.6011759621451125,36.843533123028394,0.015614239272951093,2.82998018927445,22.52492113564669,0.007835530045022196,1.8630914826498424,0.00402220134195386,1.9444468750000041,16.553125,0.005470102952261012,0.0,1
209.0,2021-10-04 05:50:00,358.8,358.8,358.69,358.69,599.0,2,2,0.0,sell,False,0.35356200527705134,4.163492493946733,28.239017640954685,0.011578080659927173,0.23318229413737623,-0.3225998597395817,-0.2060087126708936,-0.000574430206968797,50.83006807748732,63.22147065523717,63.71508559808066,62.23424076955018,599.0,1.3400000000000318,1.0,3.7900000000000205,61.0,0.010491349480968915,1.3400000000000318,15.0,0.003748671179992256,2.0,2.0,0.23318229413737623,-0.2060087126708936,-0.3225998597395817,50.83006807748732,63.22147065523717,63.71508559808066,62.23424076955018,49.86072423398183,7.242339832868764,44.33715547260982,-0.0306577480490562,0.030667149906608394,0.0,0.0,0.11000000000001364,0.0,210.0,210.0,2021-10-04,2021-10-04 05:50:00,2.3307033929019525,86.0,1.0,best_within_2.0d,295.0,350.33,0.35356200527705134,3.7900000000000205,61.0,0.010491349480968915,1.3400000000000318,15.0,0.003748671179992256,0.4929364202292669,5.6011759621451125,36.843533123028394,0.015614239272951093,2.82998018927445,22.52492113564669,0.007835530045022196,1.8630914826498424,0.00402220134195386,1.9444468750000041,16.553125,0.005470102952261012,0.0,1
213.0,2021-10-04 06:10:00,358.79,358.8,358.67,358.71,5411.0,2,2,0.0,sell,False,0.35356200527705134,4.163492493946733,28.239017640954685,0.011578080659927173,0.22155319425039027,-0.21672319364891743,-0.10594659652372229,-0.0002954260458339597,51.425699652146314,72.88403731539712,65.12400473776897,88.40410247065344,5411.0,1.3400000000000318,1.0,3.7900000000000205,61.0,0.010491349480968915,1.3400000000000318,19.0,0.003748671179992256,2.0,2.0,0.22155319425039027,-0.10594659652372229,-0.21672319364891743,51.425699652146314,72.88403731539712,65.12400473776897,88.40410247065344,37.74104683195551,21.487603305784063,42.105275003558845,-0.022297165472850673,0.03624501631025607,0.009999999999990905,0.03999999999996362,0.08000000000004093,0.0,214.0,214.0,2021-10-04,2021-10-04 06:10:00,2.336148978283292,82.0,1.0,best_within_2.0d,295.0,350.33,0.35356200527705134,3.7900000000000205,61.0,0.010491349480968915,1.3400000000000318,19.0,0.003748671179992256,0.4929364202292669,5.6011759621451125,36.843533123028394,0.015614239272951093,2.82998018927445,22.52492113564669,0.007835530045022196,1.8630914826498424,0.00402220134195386,1.9444468750000041,16.553125,0.005470102952261012,1.0,1
231.0,2021-10-04 07:40:00,358.02,358.14,357.98,357.98,15731.0,2s,2s,0.0,sell,False,0.1794195250659639,4.163492493946733,28.239017640954685,0.011578080659927173,0.0065072895691223875,-0.17186963249278303,-0.16861598770822184,-0.00047075003607047785,45.04027624684644,32.74105434898146,29.534563633266153,39.15403578041206,15731.0,0.5299999999999727,1.0,3.7900000000000205,61.0,0.010491349480968915,0.5299999999999727,5.0,0.0014820614636055275,1.0,2.5,0.0065072895691223875,-0.16861598770822184,-0.17186963249278303,45.04027624684644,32.74105434898146,29.534563633266153,39.15403578041206,24.86338797814181,30.327868852458572,20.05636420670026,-0.011172560192157874,0.044695234370626336,0.12000000000000455,0.0,0.03999999999996362,0.0,232.0,232.0,2021-10-04,2021-10-04 07:40:00,2.1369908933460064,64.0,1.0,best_within_2.0d,295.0,350.33,0.5832424107187206,4.3760036431226785,32.22527881040892,0.012230020343504162,2.285057100371749,15.890706319702602,0.006381710269403211,0.1794195250659639,3.7900000000000205,61.0,0.010491349480968915,0.5299999999999727,5.0,0.0014820614636055275,1.0,0.00402220134195386,1.9444468750000041,16.553125,0.005470102952261012,0.0,1
234.0,2021-10-04 07:55:00,357.85,358.16,357.85,358.07,18762.0,2s,2s,0.0,sell,False,0.18469656992085534,4.163492493946733,28.239017640954685,0.011578080659927173,0.03909006705151519,-0.16606959391125858,-0.146524560385501,-0.0004091336047857139,48.22669327536232,52.75307877310624,39.453446926855065,79.35234246560859,18762.0,0.5500000000000114,1.0,3.7900000000000205,61.0,0.010491349480968915,0.5500000000000114,8.0,0.001537988311288866,1.0,2.5,0.03909006705151519,-0.146524560385501,-0.16606959391125858,48.22669327536232,52.75307877310624,39.453446926855065,79.35234246560859,29.679144385027932,24.598930481283016,17.636639218084337,0.06147827301941328,0.08662847561827644,0.09000000000003183,0.0,0.21999999999997044,1.0,235.0,235.0,2021-10-04,2021-10-04 07:55:00,2.1615885162119164,61.0,1.0,best_within_2.0d,295.0,350.33,0.5832424107187206,4.3760036431226785,32.22527881040892,0.012230020343504162,2.285057100371749,15.890706319702602,0.006381710269403211,0.18469656992085534,3.7900000000000205,61.0,0.010491349480968915,0.5500000000000114,8.0,0.001537988311288866,1.0,0.00402220134195386,1.9444468750000041,16.553125,0.005470102952261012,0.0,1
235.0,2021-10-04 08:00:00,357.7801,360.45,357.04,358.02,33368.0,2s,2s,0.0,sell,False,0.7889182058047475,4.163492493946733,28.239017640954685,0.011578080659927173,0.05281854470353897,-0.1594672758233162,-0.13305800347154673,-0.0003715403172797437,47.12425893646307,44.748386826254304,41.21842689332148,51.80830669211994,33368.0,2.839999999999975,1.0,3.7900000000000205,61.0,0.010491349480968915,2.839999999999975,9.0,0.007941612371018637,1.0,2.5,0.05281854470353897,-0.13305800347154673,-0.1594672758233162,47.12425893646307,44.748386826254304,41.21842689332148,51.80830669211994,47.55244755244814,12.867132867132542,20.47740837446465,0.0670523598154222,0.955075061617737,2.430000000000007,0.740099999999984,0.23989999999997735,1.0,236.0,236.0,2021-10-04,2021-10-04 08:00:00,2.147924696944304,60.0,1.0,best_within_2.0d,295.0,350.33,0.5832424107187206,4.3760036431226785,32.22527881040892,0.012230020343504162,2.285057100371749,15.890706319702602,0.006381710269403211,0.7889182058047475,3.7900000000000205,61.0,0.010491349480968915,2.839999999999975,9.0,0.007941612371018637,1.0,0.00402220134195386,1.9444468750000041,16.553125,0.005470102952261012,1.0,1
254.0,2021-10-04 09:35:00,357.705,357.765,356.98,357.17,1067085.0,2s,"1,2s",1.0,buy,False,0.5907046202190529,3.4699999999999704,20.0,0.009626855319739133,-0.2952693773247086,0.06154439074120832,-0.08609029792114598,-0.00024024301013967242,28.361216042850273,14.711628008844585,26.051123214628866,-7.967362402723978,1067085.0,3.4699999999999704,1.0,3.4699999999999704,20.0,0.009626855319739133,3.4699999999999704,20.0,0.009626855319739133,1.0,1.0,-0.2952693773247086,-0.08609029792114598,0.06154439074120832,28.361216042850273,14.711628008844585,26.051123214628866,-7.967362402723978,14.358248709838396,48.70151489928365,41.244306968745626,-0.14956458534266173,0.21990027452517455,0.060000000000002274,0.18999999999999773,0.5349999999999682,0.0,255.0,255.0,2021-10-04,2021-10-04 09:35:00,0.23798191337457397,351.0,1.0,best_within_2.0d,605.0,358.02,0.5832424107187206,4.3760036431226785,32.22527881040892,0.012230020343504162,2.285057100371749,15.890706319702602,0.006381710269403211,0.3749999999999983,4.160000000000025,14.0,0.01173881144534123,3.4699999999999704,20.0,0.009626855319739133,3.0,0.00402220134195386,1.9444468750000041,16.553125,0.005470102952261012,0.0,0
254.0,2021-10-04 09:35:00,357.705,357.765,356.98,357.17,1067085.0,1,"1,2s",1.0,buy,False,0.5907046202190529,3.4699999999999704,20.0,0.009626855319739133,-0.2952693773247086,0.06154439074120832,-0.08609029792114598,-0.00024024301013967242,28.361216042850273,14.711628008844585,26.051123214628866,-7.967362402723978,1067085.0,3.4699999999999704,1.0,3.4699999999999704,20.0,0.009626855319739133,3.4699999999999704,20.0,0.009626855319739133,1.0,1.0,-0.2952693773247086,-0.08609029792114598,0.06154439074120832,28.361216042850273,14.711628008844585,26.051123214628866,-7.967362402723978,14.358248709838396,48.70151489928365,41.244306968745626,-0.14956458534266173,0.21990027452517455,0.060000000000002274,0.18999999999999773,0.5349999999999682,0.0,255.0,255.0,2021-10-04,2021-10-04 09:35:00,0.23798191337457397,351.0,1.0,best_within_2.0d,605.0,358.02,0.5832424107187206,4.3760036431226785,32.22527881040892,0.012230020343504162,2.285057100371749,15.890706319702602,0.006381710269403211,0.3749999999999983,4.160000000000025,14.0,0.01173881144534123,3.4699999999999704,20.0,0.009626855319739133,3.0,0.00402220134195386,1.9444468750000041,16.553125,0.005470102952261012,0.0,0
254.0,2021-10-04 09:35:00,357.75,357.81,357.61,357.79,10319.0,2s,2s,1.0,buy,False,0.2235576923076926,4.163492493946733,28.239017640954685,0.011578080659927173,-0.068925399443594,-0.16088270033192792,-0.19534540005372492,-0.0005452485942951341,39.20453776101301,21.939087641723678,26.954111537782936,11.909039849605165,10319.0,1.1899999999999977,1.0,4.160000000000025,14.0,0.01173881144534123,1.1899999999999977,15.0,0.003316610925306571,2.0,2.5,-0.068925399443594,-0.19534540005372492,-0.16088270033192792,39.20453776101301,21.939087641723678,26.954111537782936,11.909039849605165,20.263157894736604,43.684210526315475,24.25920486900285,0.011180992313073505,0.05592684768322715,0.01999999999998181,0.13999999999998636,0.040000000000020464,1.0,255.0,255.0,2021-10-04,2021-10-04 09:35:00,0.23798191337457397,351.0,1.0,best_within_2.0d,605.0,358.02,0.5832424107187206,4.3760036431226785,32.22527881040892,0.012230020343504162,2.285057100371749,15.890706319702602,0.006381710269403211,0.2235576923076926,4.160000000000025,14.0,0.01173881144534123,1.1899999999999977,15.0,0.003316610925306571,2.0,0.00402220134195386,1.9444468750000041,16.553125,0.005470102952261012,0.0,0
254.0,2021-10-04 09:35:00,357.46,357.66,357.46,357.66,3000.0,2s,2s,1.0,buy,False,0.2596153846153929,4.163492493946733,28.239017640954685,0.011578080659927173,-0.4159481860682869,-0.4738361072423724,-0.6818102002765158,-0.0018985873789317872,25.00840265819933,11.671496886360718,17.508832628742688,-0.003174598403219875,3000.0,3.7900000000000205,1.0,4.160000000000025,14.0,0.01173881144534123,3.7900000000000205,61.0,0.010491349480968915,1.0,2.5,-0.4159481860682869,-0.6818102002765158,-0.4738361072423724,25.00840265819933,11.671496886360718,17.508832628742688,-0.003174598403219875,5.994920455747047,60.143214928217105,47.14986193949992,0.05595031611929881,0.05595031611929881,0.0,0.0,0.20000000000004547,1.0,255.0,255.0,2021-10-04,2021-10-04 09:35:00,0.23798191337457397,351.0,1.0,best_within_2.0d,605.0,358.02,0.5832424107187206,4.3760036431226785,32.22527881040892,0.012230020343504162,2.285057100371749,15.890706319702602,0.006381710269403211,0.2596153846153929,4.160000000000025,14.0,0.01173881144534123,3.7900000000000205,61.0,0.010491349480968915,1.0,0.00402220134195386,1.9444468750000041,16.553125,0.005470102952261012,0.0,0
254.0,2021-10-04 09:35:00,357.75,357.815,357.03,357.54,548429.0,2,2,1.0,buy,False,0.36298076923077854,4.163492493946733,28.239017640954685,0.011578080659927173,-0.10889275323946884,0.24534282193830617,0.19089644531857175,0.0005340170210371295,51.0092869843299,47.414450372733114,48.18992843238229,45.863494253434766,548429.0,1.5100000000000477,1.0,4.160000000000025,14.0,0.01173881144534123,1.5100000000000477,14.0,0.004211524516093177,2.0,2.0,-0.10889275323946884,0.19089644531857175,0.24534282193830617,51.0092869843299,47.414450372733114,48.18992843238229,45.863494253434766,11.985056929020395,26.32887506215654,30.574589245662537,-0.058700209643600156,0.21986947875529372,0.06499999999999773,0.5100000000000477,0.20999999999997954,0.0,255.0,255.0,2021-10-04,2021-10-04 09:35:00,0.23798191337457397,351.0,1.0,best_within_2.0d,605.0,358.02,0.36298076923077854,4.160000000000025,14.0,0.01173881144534123,1.5100000000000477,14.0,0.004211524516093177,0.4929364202292669,5.6011759621451125,36.843533123028394,0.015614239272951093,2.82998018927445,22.52492113564669,0.007835530045022196,1.8630914826498424,0.00402220134195386,1.9444468750000041,16.553125,0.005470102952261012,0.0,0
254.0,2021-10-04 09:35:00,354.46,355.45,354.38,354.59,676021.0,1p,1p,1.0,buy,False,3199168.259224271,4.980000000000018,29.0,0.013857969723953745,-0.48086815946174877,-0.6974110856262716,-0.937845165357146,-0.002631033352353218,23.881225158460836,6.393642644491571,7.794801627619895,3.5913246782349226,676021.0,4.980000000000018,0.0,4.980000000000018,29.0,0.013857969723953745,4.980000000000018,0.0,0.0,1.0,1.0,-0.48086815946174877,-0.937845165357146,-0.6974110856262716,23.881225158460836,6.393642644491571,7.794801627619895,3.5913246782349226,8.499525942393769,25.992251610161137,58.8692870489413,0.03667550640410638,0.30193577515660963,0.8600000000000136,0.07999999999998408,0.12999999999999545,1.0,255.0,255.0,2021-10-04,2021-10-04 09:35:00,0.23798191337457397,351.0,1.0,best_within_2.0d,605.0,358.02,0.5832424107187206,4.3760036431226785,32.22527881040892,0.012230020343504162,2.285057100371749,15.890706319702602,0.006381710269403211,0.4929364202292669,5.6011759621451125,36.843533123028394,0.015614239272951093,2.82998018927445,22.52492113564669,0.007835530045022196,1.8630914826498424,0.00402220134195386,1.9444468750000041,16.553125,0.005470102952261012,0.0,0
255.0,2021-10-04 09:40:00,357.16,357.29,355.7112,355.85,1077867.0,1,"1,2s",1.0,buy,False,1.0676906750409492,4.738799999999969,21.0,0.013146899708697377,-0.5336954376246986,-0.005167538961879004,-0.2720152577742283,-0.000759475927313391,19.10308932692935,11.236264623738437,21.112837017665388,-8.516880164115463,1077867.0,4.738799999999969,1.0,4.738799999999969,21.0,0.013146899708697377,4.738799999999969,21.0,0.013146899708697377,1.0,1.0,-0.5336954376246986,-0.2720152577742283,-0.005167538961879004,19.10308932692935,11.236264623738437,21.112837017665388,-8.516880164115463,11.39667019027472,56.970137420718714,43.059729627971855,-0.3667823944450672,0.44384320763585766,0.12999999999999545,0.13880000000000337,1.3100000000000023,0.0,256.0,256.0,2021-10-04,2021-10-04 09:40:00,0.6098075031614328,350.0,1.0,best_within_2.0d,605.0,358.02,0.5832424107187206,4.3760036431226785,32.22527881040892,0.012230020343504162,2.285057100371749,15.890706319702602,0.006381710269403211,0.6799999999999962,4.160000000000025,14.0,0.01173881144534123,4.738799999999969,21.0,0.013146899708697377,3.0,0.00402220134195386,1.9444468750000041,16.553125,0.005470102952261012,0.0,0
255.0,2021-10-04 09:40:00,357.16,357.29,355.7112,355.85,1077867.0,2s,"1,2s",1.0,buy,False,1.0676906750409492,4.738799999999969,21.0,0.013146899708697377,-0.5336954376246986,-0.005167538961879004,-0.2720152577742283,-0.000759475927313391,19.10308932692935,11.236264623738437,21.112837017665388,-8.516880164115463,1077867.0,4.738799999999969,1.0,4.738799999999969,21.0,0.013146899708697377,4.738799999999969,21.0,0.013146899708697377,1.0,1.0,-0.5336954376246986,-0.2720152577742283,-0.005167538961879004,19.10308932692935,11.236264623738437,21.112837017665388,-8.516880164115463,11.39667019027472,56.970137420718714,43.059729627971855,-0.3667823944450672,0.44384320763585766,0.12999999999999545,0.13880000000000337,1.3100000000000023,0.0,256.0,256.0,2021-10-04,2021-10-04 09:40:00,0.6098075031614328,350.0,1.0,best_within_2.0d,605.0,358.02,0.5832424107187206,4.3760036431226785,32.22527881040892,0.012230020343504162,2.285057100371749,15.890706319702602,0.006381710269403211,0.6799999999999962,4.160000000000025,14.0,0.01173881144534123,4.738799999999969,21.0,0.013146899708697377,3.0,0.00402220134195386,1.9444468750000041,16.553125,0.005470102952261012,0.0,0
256.0,2021-10-04 09:45:00,355.86,356.0,355.26,355.41,1005234.0,1,"1,2s",1.0,buy,False,1.4228483207545422,5.189999999999998,22.0,0.014398668331252595,-0.7112243976370206,-0.09407058866650658,-0.4496827874850169,-0.001256244714072598,17.09934966577761,8.879731971381487,17.035135335570754,-7.431074756997049,1005234.0,5.189999999999998,1.0,5.189999999999998,22.0,0.014398668331252595,5.189999999999998,22.0,0.014398668331252595,1.0,1.0,-0.7112243976370206,-0.4496827874850169,-0.09407058866650658,17.09934966577761,8.879731971381487,17.035135335570754,-7.431074756997049,10.193994810330208,60.24342023971351,45.05940398305027,-0.12645422357106406,0.20829814783539075,0.13999999999998636,0.1500000000000341,0.44999999999998863,0.0,257.0,257.0,2021-10-04,2021-10-04 09:45:00,0.7343631299062933,349.0,1.0,best_within_2.0d,605.0,358.02,0.5832424107187206,4.3760036431226785,32.22527881040892,0.012230020343504162,2.285057100371749,15.890706319702602,0.006381710269403211,0.7884615384615409,4.160000000000025,14.0,0.01173881144534123,5.189999999999998,22.0,0.014398668331252595,3.0,0.00402220134195386,1.9444468750000041,16.553125,0.005470102952261012,0.0,0
256.0,2021-10-04 09:45:00,355.86,356.0,355.26,355.41,1005234.0,2s,"1,2s",1.0,buy,False,1.4228483207545422,5.189999999999998,22.0,0.014398668331252595,-0.7112243976370206,-0.09407058866650658,-0.4496827874850169,-0.001256244714072598,17.09934966577761,8.879731971381487,17.035135335570754,-7.431074756997049,1005234.0,5.189999999999998,1.0,5.189999999999998,22.0,0.014398668331252595,5.189999999999998,22.0,0.014398668331252595,1.0,1.0,-0.7112243976370206,-0.4496827874850169,-0.09407058866650658,17.09934966577761,8.879731971381487,17.035135335570754,-7.431074756997049,10.193994810330208,60.24342023971351,45.05940398305027,-0.12645422357106406,0.20829814783539075,0.13999999999998636,0.1500000000000341,0.44999999999998863,0.0,257.0,257.0,2021-10-04,2021-10-04 09:45:00,0.7343631299062933,349.0,1.0,best_within_2.0d,605.0,358.02,0.5832424107187206,4.3760036431226785,32.22527881040892,0.012230020343504162,2.285057100371749,15.890706319702602,0.006381710269403211,0.7884615384615409,4.160000000000025,14.0,0.01173881144534123,5.189999999999998,22.0,0.014398668331252595,3.0,0.00402220134195386,1.9444468750000041,16.553125,0.005470102952261012,0.0,0
257.0,2021-10-04 09:50:00,355.39,355.92,355.17,355.45,778453.0,1,"1,2s",1.0,buy,False,1.5572210403496058,5.279999999999973,23.0,0.014648356221389854,-0.778391891992404,-0.19136957516555708,-0.5805655211617591,-0.0016227240526854021,17.9420061776146,8.449179941173682,14.173150204105063,-2.99876058468908,778453.0,5.279999999999973,1.0,5.279999999999973,23.0,0.014648356221389854,5.279999999999973,23.0,0.014648356221389854,1.0,1.0,-0.778391891992404,-0.5805655211617591,-0.19136957516555708,17.9420061776146,8.449179941173682,14.173150204105063,-2.99876058468908,4.509484464098694,58.04724775980451,47.95392773352017,0.016882861082192033,0.21116648365571414,0.4700000000000273,0.21999999999997044,0.060000000000002274,1.0,258.0,258.0,2021-10-04,2021-10-04 09:50:00,0.7230271486847638,348.0,1.0,best_within_2.0d,605.0,358.02,0.5832424107187206,4.3760036431226785,32.22527881040892,0.012230020343504162,2.285057100371749,15.890706319702602,0.006381710269403211,0.8100961538461501,4.160000000000025,14.0,0.01173881144534123,5.279999999999973,23.0,0.014648356221389854,3.0,0.00402220134195386,1.9444468750000041,16.553125,0.005470102952261012,0.0,0
257.0,2021-10-04 09:50:00,355.39,355.92,355.17,355.45,778453.0,2s,"1,2s",1.0,buy,False,1.5572210403496058,5.279999999999973,23.0,0.014648356221389854,-0.778391891992404,-0.19136957516555708,-0.5805655211617591,-0.0016227240526854021,17.9420061776146,8.449179941173682,14.173150204105063,-2.99876058468908,778453.0,5.279999999999973,1.0,5.279999999999973,23.0,0.014648356221389854,5.279999999999973,23.0,0.014648356221389854,1.0,1.0,-0.778391891992404,-0.5805655211617591,-0.19136957516555708,17.9420061776146,8.449179941173682,14.173150204105063,-2.99876058468908,4.509484464098694,58.04724775980451,47.95392773352017,0.016882861082192033,0.21116648365571414,0.4700000000000273,0.21999999999997044,0.060000000000002274,1.0,258.0,258.0,2021-10-04,2021-10-04 09:50:00,0.7230271486847638,348.0,1.0,best_within_2.0d,605.0,358.02,0.5832424107187206,4.3760036431226785,32.22527881040892,0.012230020343504162,2.285057100371749,15.890706319702602,0.006381710269403211,0.8100961538461501,4.160000000000025,14.0,0.01173881144534123,5.279999999999973,23.0,0.014648356221389854,3.0,0.00402220134195386,1.9444468750000041,16.553125,0.005470102952261012,0.0,0
259.0,2021-10-04 10:00:00,355.84,356.19,354.63,354.88,899566.0,2s,"1,2s",1.0,buy,False,1.5572210403496058,5.819999999999993,25.0,0.01614648356221388,-0.773148919322351,-0.37881562126096996,-0.7653900809221454,-0.0021413979952611887,20.59136346951783,9.760175484691622,12.149276471104049,4.981973511866769,899566.0,5.819999999999993,1.0,5.819999999999993,25.0,0.01614648356221388,5.819999999999993,25.0,0.01614648356221388,1.0,1.0,-0.773148919322351,-0.7653900809221454,-0.37881562126096996,20.59136346951783,9.760175484691622,12.149276471104049,4.981973511866769,3.268271574008418,53.526772496412434,53.41140805909931,-0.2697841726618648,0.439895101937231,0.35000000000002274,0.25,0.9599999999999795,0.0,260.0,260.0,2021-10-04,2021-10-04 10:00:00,0.8848061316501313,346.0,1.0,best_within_2.0d,605.0,358.02,0.5832424107187206,4.3760036431226785,32.22527881040892,0.012230020343504162,2.285057100371749,15.890706319702602,0.006381710269403211,0.9399038461538465,4.160000000000025,14.0,0.01173881144534123,5.819999999999993,25.0,0.01614648356221388,3.0,0.00402220134195386,1.9444468750000041,16.553125,0.005470102952261012,0.0,0
259.0,2021-10-04 10:00:00,355.84,356.19,354.63,354.88,899566.0,1,"1,2s",1.0,buy,False,1.5572210403496058,5.819999999999993,25.0,0.01614648356221388,-0.773148919322351,-0.37881562126096996,-0.7653900809221454,-0.0021413979952611887,20.59136346951783,9.760175484691622,12.149276471104049,4.981973511866769,899566.0,5.819999999999993,1.0,5.819999999999993,25.0,0.01614648356221388,5.819999999999993,25.0,0.01614648356221388,1.0,1.0,-0.773148919322351,-0.7653900809221454,-0.37881562126096996,20.59136346951783,9.760175484691622,12.149276471104049,4.981973511866769,3.268271574008418,53.526772496412434,53.41140805909931,-0.2697841726618648,0.439895101937231,0.35000000000002274,0.25,0.9599999999999795,0.0,260.0,260.0,2021-10-04,2021-10-04 10:00:00,0.8848061316501313,346.0,1.0,best_within_2.0d,605.0,358.02,0.5832424107187206,4.3760036431226785,32.22527881040892,0.012230020343504162,2.285057100371749,15.890706319702602,0.006381710269403211,0.9399038461538465,4.160000000000025,14.0,0.01173881144534123,5.819999999999993,25.0,0.01614648356221388,3.0,0.00402220134195386,1.9444468750000041,16.553125,0.005470102952261012,0.0,0
262.0,2021-10-04 10:15:00,354.95,355.0599,353.93,354.07,1224684.0,1,1,1.0,buy,False,1.5572210403496058,6.519999999999982,28.0,0.018088500485504182,-0.7106631104597538,-0.649101523426073,-1.0044330786559499,-0.0028147786648788733,18.777690521392998,6.533597531963495,8.73567813173383,2.129436332422827,1224684.0,6.519999999999982,1.0,6.519999999999982,28.0,0.018088500485504182,6.519999999999982,28.0,0.018088500485504182,1.0,1.0,-0.7106631104597538,-1.0044330786559499,-0.649101523426073,18.777690521392998,6.533597531963495,8.73567813173383,2.129436332422827,2.7752797037120867,47.96689004283792,60.36746603904692,-0.24792224256937467,0.319243918288933,0.10990000000003874,0.13999999999998636,0.8799999999999955,0.0,263.0,263.0,2021-10-04,2021-10-04 10:15:00,1.1155986104442592,343.0,1.0,best_within_2.0d,605.0,358.02,0.5832424107187206,4.3760036431226785,32.22527881040892,0.012230020343504162,2.285057100371749,15.890706319702602,0.006381710269403211,0.4929364202292669,5.6011759621451125,36.843533123028394,0.015614239272951093,2.82998018927445,22.52492113564669,0.007835530045022196,1.8630914826498424,0.00402220134195386,1.9444468750000041,16.553125,0.005470102952261012,0.0,0
263.0,2021-10-04 10:20:00,354.07,354.43,353.92,353.95,1086899.0,1,1,1.0,buy,False,1.5572210403496058,6.529999999999973,29.0,0.018116243584408304,-0.69048978585394,-0.7354127466578155,-1.0806576395847856,-0.0030302065135485697,18.290968499394126,4.652467593019903,7.3746079521625205,-0.7918131252653318,1086899.0,6.529999999999973,1.0,6.529999999999973,29.0,0.018116243584408304,6.529999999999973,29.0,0.018116243584408304,1.0,1.0,-0.69048978585394,-1.0806576395847856,-0.7354127466578155,18.290968499394126,4.652467593019903,7.3746079521625205,-0.7918131252653318,2.6998297319923084,45.15770956605155,62.392448675040555,-0.033891603355270014,0.14410036166365023,0.36000000000001364,0.029999999999972715,0.12000000000000455,0.0,264.0,264.0,2021-10-04,2021-10-04 10:20:00,1.1498799265432953,342.0,1.0,best_within_2.0d,605.0,358.02,0.5832424107187206,4.3760036431226785,32.22527881040892,0.012230020343504162,2.285057100371749,15.890706319702602,0.006381710269403211,0.4929364202292669,5.6011759621451125,36.843533123028394,0.015614239272951093,2.82998018927445,22.52492113564669,0.007835530045022196,1.8630914826498424,0.00402220134195386,1.9444468750000041,16.553125,0.005470102952261012,0.0,0
264.0,2021-10-04 10:25:00,353.94,354.12,353.77,353.785,1013131.0,1,1,1.0,buy,False,1.5572210403496058,6.680000000000007,30.0,0.01853239006797061,-0.6492995150517107,-0.8165751860392794,-1.1412249435651347,-0.0032019306398637986,17.61487648956802,3.306815353355672,6.01867708589357,-2.1169081117201234,1013131.0,6.680000000000007,1.0,6.680000000000007,30.0,0.01853239006797061,6.680000000000007,30.0,0.01853239006797061,1.0,1.0,-0.6492995150517107,-1.1412249435651347,-0.8165751860392794,17.61487648956802,3.306815353355672,6.01867708589357,-2.1169081117201234,2.652421836732608,45.75104202286456,64.2958711653349,-0.04379273323161347,0.09893433586794323,0.18000000000000682,0.015000000000043201,0.15499999999997272,0.0,265.0,265.0,2021-10-04,2021-10-04 10:25:00,1.1970547083680643,341.0,1.0,best_within_2.0d,605.0,358.02,0.5832424107187206,4.3760036431226785,32.22527881040892,0.012230020343504162,2.285057100371749,15.890706319702602,0.006381710269403211,0.4929364202292669,5.6011759621451125,36.843533123028394,0.015614239272951093,2.82998018927445,22.52492113564669,0.007835530045022196,1.8630914826498424,0.00402220134195386,1.9444468750000041,16.553125,0.005470102952261012,0.0,0
265.0,2021-10-04 10:30:00,353.78,353.78,352.6,352.61,1230022.0,1,1,1.0,buy,False,1.5572210403496058,7.849999999999966,31.0,0.021778332639755767,-0.7245272875756554,-0.9071410969862364,-1.269404740774064,-0.003564384953343034,13.724412009617723,2.2969564697446554,4.778103547177264,-2.665337685120562,1230022.0,7.849999999999966,1.0,7.849999999999966,31.0,0.021778332639755767,7.849999999999966,31.0,0.021778332639755767,1.0,1.0,-0.7245272875756554,-1.269404740774064,-0.9071410969862364,13.724412009617723,2.2969564697446554,4.778103547177264,-2.665337685120562,2.4106100439283464,51.40730910404216,66.20628094928155,-0.33071400305273313,0.33465683494042825,0.0,0.009999999999990905,1.169999999999959,0.0,266.0,266.0,2021-10-04,2021-10-04 10:30:00,1.534272992824925,340.0,1.0,best_within_2.0d,605.0,358.02,0.5832424107187206,4.3760036431226785,32.22527881040892,0.012230020343504162,2.285057100371749,15.890706319702602,0.006381710269403211,0.4929364202292669,5.6011759621451125,36.843533123028394,0.015614239272951093,2.82998018927445,22.52492113564669,0.007835530045022196,1.8630914826498424,0.00402220134195386,1.9444468750000041,16.553125,0.005470102952261012,0.0,0
266.0,2021-10-04 10:35:00,352.6,352.6399,351.93,352.37,2030019.0,1,1,1.0,buy,False,1.5572210403496058,8.519999999999982,32.0,0.0236371202663337,-0.747789694536233,-1.0006148088032654,-1.3745096560713819,-0.0038625362872179397,13.088538035400205,4.960499231719717,4.838902108691415,5.203693477776321,2030019.0,8.519999999999982,1.0,8.519999999999982,32.0,0.0236371202663337,8.519999999999982,32.0,0.0236371202663337,1.0,1.0,-0.747789694536233,-1.3745096560713819,-1.0006148088032654,13.088538035400205,4.960499231719717,4.838902108691415,5.203693477776321,2.304184463213154,53.30935482834972,68.02823120464184,-0.06522972206466766,0.201716250390704,0.03989999999998872,0.4399999999999977,0.2300000000000182,0.0,267.0,267.0,2021-10-04,2021-10-04 10:35:00,1.6034282146607195,339.0,1.0,best_within_2.0d,605.0,358.02,0.5832424107187206,4.3760036431226785,32.22527881040892,0.012230020343504162,2.285057100371749,15.890706319702602,0.006381710269403211,0.4929364202292669,5.6011759621451125,36.843533123028394,0.015614239272951093,2.82998018927445,22.52492113564669,0.007835530045022196,1.8630914826498424,0.00402220134195386,1.9444468750000041,16.553125,0.005470102952261012,0.0,0
269.0,2021-10-04 10:50:00,352.18,352.26,351.06,351.23,2016385.0,1,1,1.0,buy,False,1.5572210403496058,9.389999999999986,35.0,0.026050769870994552,-0.6617451681460018,-1.2414855116913994,-1.5723580957644003,-0.004428351081368777,15.318855931334625,7.323735882241403,7.382831814970368,7.205544016783474,2016385.0,9.389999999999986,1.0,9.389999999999986,35.0,0.026050769870994552,9.389999999999986,35.0,0.026050769870994552,1.0,1.0,-0.6617451681460018,-1.5723580957644003,-1.2414855116913994,15.318855931334625,7.323735882241403,7.382831814970368,7.205544016783474,4.67372671185751,45.34672247409017,70.86428643254017,-0.26974842410130856,0.34182191078447804,0.07999999999998408,0.17000000000001592,0.9499999999999886,0.0,270.0,270.0,2021-10-04,2021-10-04 10:50:00,1.9332061612048979,336.0,1.0,best_within_2.0d,605.0,358.02,0.5832424107187206,4.3760036431226785,32.22527881040892,0.012230020343504162,2.285057100371749,15.890706319702602,0.006381710269403211,0.4929364202292669,5.6011759621451125,36.843533123028394,0.015614239272951093,2.82998018927445,22.52492113564669,0.007835530045022196,1.8630914826498424,0.00402220134195386,1.9444468750000041,16.553125,0.005470102952261012,1.0,0
278.0,2021-10-04 11:35:00,351.4,351.62,350.82,350.82,1098296.0,1,1,1.0,buy,False,1.5572210403496058,9.629999999999995,44.0,0.02671660424469412,0.048283943133490936,-1.3214181043566207,-1.2972761327898752,-0.0036698384606209155,27.420398485489585,27.374066576677116,37.34612764703019,7.429944435970981,1098296.0,9.629999999999995,1.0,9.629999999999995,44.0,0.02671660424469412,9.629999999999995,44.0,0.02671660424469412,1.0,1.0,0.048283943133490936,-1.2972761327898752,-1.3214181043566207,27.420398485489585,27.374066576677116,37.34612764703019,7.429944435970981,8.595869485518657,35.19491628986938,67.82446221722442,-0.16505406943653503,0.22803717005872282,0.22000000000002728,0.0,0.5799999999999841,0.0,279.0,279.0,2021-10-04,2021-10-04 11:35:00,2.052334530528473,327.0,1.0,best_within_2.0d,605.0,358.02,0.5832424107187206,4.3760036431226785,32.22527881040892,0.012230020343504162,2.285057100371749,15.890706319702602,0.006381710269403211,0.4929364202292669,5.6011759621451125,36.843533123028394,0.015614239272951093,2.82998018927445,22.52492113564669,0.007835530045022196,1.8630914826498424,0.00402220134195386,1.9444468750000041,16.553125,0.005470102952261012,0.0,0
279.0,2021-10-04 11:40:00,350.82,351.33,350.68,351.1,953905.0,1,1,1.0,buy,False,1.5572210403496058,9.769999999999982,45.0,0.02710500762935215,0.052040991008124315,-1.3149129804806052,-1.288892484976543,-0.0036479542770429807,30.600970978694306,24.3231304292817,33.005128574447355,6.95913413895039,953905.0,9.769999999999982,1.0,9.769999999999982,45.0,0.02710500762935215,9.769999999999982,45.0,0.02710500762935215,1.0,1.0,0.052040991008124315,-1.288892484976543,-1.3149129804806052,30.600970978694306,24.3231304292817,33.005128574447355,6.95913413895039,8.987605945738661,28.02504365603345,66.65378275267062,0.07981300952056028,0.18535416904299568,0.22999999999996135,0.13999999999998636,0.28000000000002956,1.0,280.0,280.0,2021-10-04,2021-10-04 11:40:00,1.970948447735676,326.0,1.0,best_within_2.0d,605.0,358.02,0.5832424107187206,4.3760036431226785,32.22527881040892,0.012230020343504162,2.285057100371749,15.890706319702602,0.006381710269403211,0.4929364202292669,5.6011759621451125,36.843533123028394,0.015614239272951093,2.82998018927445,22.52492113564669,0.007835530045022196,1.8630914826498424,0.00402220134195386,1.9444468750000041,16.553125,0.005470102952261012,1.0,0
291.0,2021-10-04 12:40:00,351.13,351.13,350.53,350.66,712751.0,1,1,1.0,buy,False,1.5572210403496058,9.920000000000016,57.0,0.027521154112914458,0.16835239618145215,-0.826207386976004,-0.742031188885278,-0.00210668764669493,34.54679170967978,25.623691652500916,38.66457223030561,-0.45806950310847583,712751.0,9.920000000000016,1.0,9.920000000000016,57.0,0.027521154112914458,9.920000000000016,57.0,0.027521154112914458,1.0,1.0,0.16835239618145215,-0.742031188885278,-0.826207386976004,34.54679170967978,25.623691652500916,38.66457223030561,-0.45806950310847583,15.358738088005117,22.95203699328336,38.1814454145675,-0.13385355851108433,0.1711693720936932,0.0,0.1300000000000523,0.46999999999997044,0.0,292.0,292.0,2021-10-04,2021-10-04 12:40:00,2.098899218616311,314.0,1.0,best_within_2.0d,605.0,358.02,0.5832424107187206,4.3760036431226785,32.22527881040892,0.012230020343504162,2.285057100371749,15.890706319702602,0.006381710269403211,0.4929364202292669,5.6011759621451125,36.843533123028394,0.015614239272951093,2.82998018927445,22.52492113564669,0.007835530045022196,1.8630914826498424,0.00402220134195386,1.9444468750000041,16.553125,0.005470102952261012,0.0,0
292.0,2021-10-04 12:45:00,350.66,351.0,350.53,350.94,704909.0,1,1,1.0,buy,False,1.5572210403496058,9.920000000000016,58.0,0.027521154112914458,0.1531345653624765,-0.8070655663056945,-0.7304982836244562,-0.0020745060392777315,37.85140487721214,24.84717144009539,34.0587719669022,6.42397038648177,704909.0,9.920000000000016,1.0,9.920000000000016,58.0,0.027521154112914458,9.920000000000016,58.0,0.027521154112914458,1.0,1.0,0.1531345653624765,-0.7304982836244562,-0.8070655663056945,37.85140487721214,24.84717144009539,34.0587719669022,6.42397038648177,15.950970425678365,17.176709783713946,35.718488303081486,0.07984942679517842,0.13408267480672906,0.060000000000002274,0.1300000000000523,0.2799999999999727,1.0,293.0,293.0,2021-10-04,2021-10-04 12:45:00,2.0174388784407546,313.0,1.0,best_within_2.0d,605.0,358.02,0.5832424107187206,4.3760036431226785,32.22527881040892,0.012230020343504162,2.285057100371749,15.890706319702602,0.006381710269403211,0.4929364202292669,5.6011759621451125,36.843533123028394,0.015614239272951093,2.82998018927445,22.52492113564669,0.007835530045022196,1.8630914826498424,0.00402220134195386,1.9444468750000041,16.553125,0.005470102952261012,0.0,0
293.0,2021-10-04 12:50:00,350.91,351.13,350.44,351.1,625806.0,1,1,1.0,buy,False,1.5572210403496058,10.009999999999991,59.0,0.027770842003051716,0.17070613471157547,-0.7857272994667476,-0.7003742321109598,-0.001989389771373564,39.72415415465686,28.456030081733157,32.19119133851252,20.985707568174433,625806.0,10.009999999999991,1.0,10.009999999999991,59.0,0.027770842003051716,10.009999999999991,59.0,0.027770842003051716,1.0,1.0,0.17070613471157547,-0.7003742321109598,-0.7857272994667476,39.72415415465686,28.456030081733157,32.19119133851252,20.985707568174433,17.388725416079968,15.468533745827962,33.584599204211614,0.05414493744834793,0.19689533158315198,0.029999999999972715,0.4700000000000273,0.18999999999999773,1.0,294.0,294.0,2021-10-04,2021-10-04 12:50:00,1.970948447735676,312.0,1.0,best_within_2.0d,605.0,358.02,0.5832424107187206,4.3760036431226785,32.22527881040892,0.012230020343504162,2.285057100371749,15.890706319702602,0.006381710269403211,0.4929364202292669,5.6011759621451125,36.843533123028394,0.015614239272951093,2.82998018927445,22.52492113564669,0.007835530045022196,1.8630914826498424,0.00402220134195386,1.9444468750000041,16.553125,0.005470102952261012,0.0,0
295.0,2021-10-04 13:00:00,351.01,351.15,350.32,350.33,446793.0,1,1,1.0,buy,False,1.5572210403496058,10.129999999999995,61.0,0.0281037591899015,0.09697802095700081,-0.7515739712137824,-0.703084960735282,-0.0019982194642913114,34.043653421142025,19.754461274388788,27.40990259575879,4.4435786316487835,446793.0,10.129999999999995,1.0,10.129999999999995,61.0,0.0281037591899015,10.129999999999995,61.0,0.0281037591899015,1.0,1.0,0.09697802095700081,-0.703084960735282,-0.7515739712137824,34.043653421142025,19.754461274388788,27.40990259575879,4.4435786316487835,12.962677998602572,23.555592381719716,31.54757949363924,-0.19372667445372121,0.23692623886731679,0.13999999999998636,0.009999999999990905,0.6800000000000068,0.0,296.0,296.0,2021-10-04,2021-10-04 13:00:00,2.195073216681414,310.0,1.0,best_within_2.0d,605.0,358.02,0.5832424107187206,4.3760036431226785,32.22527881040892,0.012230020343504162,2.285057100371749,15.890706319702602,0.006381710269403211,0.4929364202292669,5.6011759621451125,36.843533123028394,0.015614239272951093,2.82998018927445,22.52492113564669,0.007835530045022196,1.8630914826498424,0.00402220134195386,1.9444468750000041,16.553125,0.005470102952261012,1.0,0
308.0,2021-10-04 14:05:00,351.86,352.35,351.65,352.06,496795.0,3a,3a,0.0,sell,False,0.0033276474371521985,4.163492493946733,28.239017640954685,0.011578080659927173,0.30355147409665206,-0.27465221219480973,-0.1228764751464837,-0.00034940788076362077,53.644102626036286,68.44669302494103,63.581454679044214,78.17716971673465,496795.0,2.0300000000000296,2.0,2.0300000000000296,14.0,0.005794701986755051,2.0300000000000296,14.0,0.005794701986755051,3.0,3.0,0.30355147409665206,-0.1228764751464837,-0.27465221219480973,53.644102626036286,68.44669302494103,63.581454679044214,78.17716971673465,24.17264322129141,14.365333102911698,21.720302928066236,0.056840788950147395,0.19906156689891813,0.29000000000002046,0.21000000000003638,0.19999999999998863,1.0,309.0,309.0,2021-10-04,2021-10-04 14:05:00,0.2982446173947655,18.0,1.0,best_within_2.0d,326.0,351.01,0.5832424107187206,4.3760036431226785,32.22527881040892,0.012230020343504162,2.285057100371749,15.890706319702602,0.006381710269403211,0.4929364202292669,5.6011759621451125,36.843533123028394,0.015614239272951093,2.82998018927445,22.52492113564669,0.007835530045022196,1.8630914826498424,0.0033276474371521985,2.0300000000000296,14.0,0.005794701986755051,0.0,1
311.0,2021-10-04 14:20:00,352.17,352.72,352.0,352.23,899258.0,3a,3a,0.0,sell,False,0.0033276474371521985,4.163492493946733,28.239017640954685,0.011578080659927173,0.3203655174509921,-0.16482778784346278,-0.004645029117966715,-1.3205903897637328e-05,54.75589963392864,68.93504483383808,65.89212594338613,75.02088261474196,899258.0,2.400000000000034,2.0,2.400000000000034,17.0,0.006850879196163605,2.400000000000034,17.0,0.006850879196163605,3.0,3.0,0.3203655174509921,-0.004645029117966715,-0.16482778784346278,54.75589963392864,68.93504483383808,65.89212594338613,75.02088261474196,21.824222839197642,11.151062764552734,24.1295531493692,0.017037226339552566,0.20454545454546227,0.4900000000000091,0.17000000000001592,0.060000000000002274,1.0,312.0,312.0,2021-10-04,2021-10-04 14:20:00,0.3463645913181805,15.0,1.0,best_within_2.0d,326.0,351.01,0.5832424107187206,4.3760036431226785,32.22527881040892,0.012230020343504162,2.285057100371749,15.890706319702602,0.006381710269403211,0.4929364202292669,5.6011759621451125,36.843533123028394,0.015614239272951093,2.82998018927445,22.52492113564669,0.007835530045022196,1.8630914826498424,0.0033276474371521985,2.400000000000034,17.0,0.006850879196163605,1.0,1
319.0,2021-10-04 15:00:00,352.38,353.27,352.1801,353.2107,944205.0,3a,3a,0.0,sell,False,0.0033276474371521985,4.163492493946733,28.239017640954685,0.011578080659927173,0.31536407397928634,0.06987295952766952,0.2275549965173127,0.0006464455382771302,62.27598770065718,80.24397976829181,71.09652502126369,98.53888926234805,944205.0,2.9499999999999886,2.0,2.9499999999999886,25.0,0.00842087234528428,2.9499999999999886,25.0,0.00842087234528428,3.0,3.0,0.31536407397928634,0.2275549965173127,0.06987295952766952,62.27598770065718,80.24397976829181,71.09652502126369,98.53888926234805,30.23790753679797,12.203155541636225,26.821453714228358,0.23573982632384893,0.3094723409982563,0.05930000000000746,0.19990000000001373,0.8306999999999789,1.0,320.0,320.0,2021-10-04,2021-10-04 15:00:00,0.815575519088179,374.0,1.0,best_within_2.0d,693.0,350.33,0.5832424107187206,4.3760036431226785,32.22527881040892,0.012230020343504162,2.285057100371749,15.890706319702602,0.006381710269403211,0.4929364202292669,5.6011759621451125,36.843533123028394,0.015614239272951093,2.82998018927445,22.52492113564669,0.007835530045022196,1.8630914826498424,0.0033276474371521985,2.9499999999999886,25.0,0.00842087234528428,0.0,1
320.0,2021-10-04 15:05:00,353.201,353.455,352.81,352.94,1115331.0,3a,3a,0.0,sell,False,0.0033276474371521985,4.163492493946733,28.239017640954685,0.011578080659927173,0.31503729774588357,0.10925262174590497,0.26677127061884676,0.0007577040311538811,59.00754796218338,78.71269257996468,73.63524754083068,88.86758265823269,1115331.0,3.134999999999991,2.0,3.134999999999991,26.0,0.008948960949988555,3.134999999999991,26.0,0.008948960949988555,3.0,3.0,0.31503729774588357,0.26677127061884676,0.10925262174590497,59.00754796218338,78.71269257996468,73.63524754083068,88.86758265823269,31.27324539806543,10.162495154480464,28.544790368738443,-0.07389560052208914,0.18281794733708848,0.25399999999996226,0.12999999999999545,0.2610000000000241,0.0,321.0,321.0,2021-10-04,2021-10-04 15:05:00,0.7395024650082206,373.0,1.0,best_within_2.0d,693.0,350.33,0.5832424107187206,4.3760036431226785,32.22527881040892,0.012230020343504162,2.285057100371749,15.890706319702602,0.006381710269403211,0.4929364202292669,5.6011759621451125,36.843533123028394,0.015614239272951093,2.82998018927445,22.52492113564669,0.007835530045022196,1.8630914826498424,0.0033276474371521985,3.134999999999991,26.0,0.008948960949988555,1.0,1
324.0,2021-10-04 15:25:00,351.33,351.6,351.07,351.33,646405.0,2,2,1.0,buy,False,0.7607655502392338,4.163492493946733,28.239017640954685,0.011578080659927173,-0.17898578210919433,0.1110021807518891,0.021509289697291933,6.111256681663335e-05,43.437546397977385,27.3564399110206,45.82072803312298,-9.572136333184162,646405.0,2.384999999999991,1.0,3.134999999999991,26.0,0.008948960949988555,2.384999999999991,5.0,0.006747676507617635,2.0,2.0,-0.17898578210919433,0.021509289697291933,0.1110021807518891,43.437546397977385,27.3564399110206,45.82072803312298,-9.572136333184162,22.697970725575953,26.00244856390636,23.50760092297477,0.0,0.15096704360954497,0.27000000000003865,0.2599999999999909,0.0,0.0,325.0,325.0,2021-10-04,2021-10-04 15:25:00,1.904192639398855,281.0,1.0,best_within_2.0d,605.0,358.02,0.7607655502392338,3.134999999999991,26.0,0.008948960949988555,2.384999999999991,5.0,0.006747676507617635,0.4929364202292669,5.6011759621451125,36.843533123028394,0.015614239272951093,2.82998018927445,22.52492113564669,0.007835530045022196,1.8630914826498424,0.00402220134195386,1.9444468750000041,16.553125,0.005470102952261012,0.0,0
326.0,2021-10-04 15:35:00,351.64,351.69,351.01,351.01,472049.0,2,2,1.0,buy,False,0.7799043062200958,4.163492493946733,28.239017640954685,0.011578080659927173,-0.2653285046644397,0.05477958376967311,-0.07788466856254672,-0.0002213437654629442,41.48363537498249,17.84208883070765,32.259493901859756,-10.992721311596569,472049.0,2.444999999999993,1.0,3.134999999999991,26.0,0.008948960949988555,2.444999999999993,7.0,0.006917429375733809,2.0,2.0,-0.2653285046644397,-0.07788466856254672,0.05477958376967311,41.48363537498249,17.84208883070765,32.259493901859756,-10.992721311596569,20.24859879696174,25.054266244776052,21.841550050501642,-0.17916050506199394,0.19372667445372121,0.05000000000001137,0.0,0.6299999999999955,0.0,327.0,327.0,2021-10-04,2021-10-04 15:35:00,1.9970940998831916,279.0,1.0,best_within_2.0d,605.0,358.02,0.7799043062200958,3.134999999999991,26.0,0.008948960949988555,2.444999999999993,7.0,0.006917429375733809,0.4929364202292669,5.6011759621451125,36.843533123028394,0.015614239272951093,2.82998018927445,22.52492113564669,0.007835530045022196,1.8630914826498424,0.00402220134195386,1.9444468750000041,16.553125,0.005470102952261012,0.0,0
327.0,2021-10-04 15:40:00,351.02,352.4101,351.01,352.27,1014800.0,2,2,1.0,buy,False,0.7799043062200958,4.163492493946733,28.239017640954685,0.011578080659927173,-0.14228951951897767,0.0369933938298009,-0.03415136592968793,-9.704809359261166e-05,53.08614242381703,29.0726399975678,31.19720926709577,24.823501458511863,1014800.0,2.444999999999993,1.0,3.134999999999991,26.0,0.008948960949988555,2.444999999999993,8.0,0.006917429375733809,2.0,2.0,-0.14228951951897767,-0.03415136592968793,0.0369933938298009,53.08614242381703,29.0726399975678,31.19720926709577,24.823501458511863,25.643280632409667,20.158102766798386,21.136868557436422,0.356105065238448,0.39887752485684425,0.1401000000000181,0.009999999999990905,1.25,1.0,328.0,328.0,2021-10-04,2021-10-04 15:40:00,1.632270701450592,278.0,1.0,best_within_2.0d,605.0,358.02,0.7799043062200958,3.134999999999991,26.0,0.008948960949988555,2.444999999999993,8.0,0.006917429375733809,0.4929364202292669,5.6011759621451125,36.843533123028394,0.015614239272951093,2.82998018927445,22.52492113564669,0.007835530045022196,1.8630914826498424,0.00402220134195386,1.9444468750000041,16.553125,0.005470102952261012,1.0,0
338.0,2021-10-04 16:35:00,353.02,360.296,353.01,353.02,151386.0,1p,1p,0.0,sell,False,0.8474102941434242,9.286000000000001,12.0,0.026455086749665256,0.1570124194250978,0.24321941144227716,0.32172562115482606,0.0009127781528977416,56.71926301194067,63.97742536602235,76.28693193836173,39.3584122213436,151386.0,9.286000000000001,0.0,9.286000000000001,12.0,0.026455086749665256,9.286000000000001,0.0,0.0,1.0,1.0,0.1570124194250978,0.32172562115482606,0.24321941144227716,56.71926301194067,63.97742536602235,76.28693193836173,39.3584122213436,60.94695800605917,8.062433469177149,20.006875953348963,0.0,2.0639641936489057,7.2760000000000105,0.009999999999990905,0.0,0.0,339.0,339.0,2021-10-04,2021-10-04 16:35:00,0.7619964874511354,355.0,1.0,best_within_2.0d,693.0,350.33,0.5832424107187206,4.3760036431226785,32.22527881040892,0.012230020343504162,2.285057100371749,15.890706319702602,0.006381710269403211,0.4929364202292669,5.6011759621451125,36.843533123028394,0.015614239272951093,2.82998018927445,22.52492113564669,0.007835530045022196,1.8630914826498424,0.00402220134195386,1.9444468750000041,16.553125,0.005470102952261012,1.0,1
580.0,2021-10-06 05:00:00,352.58,352.7,352.4,352.69,13711.0,2s,2s,1.0,buy,False,0.33652312599681333,4.163492493946733,28.239017640954685,0.011578080659927173,-0.1462674543983815,-1.0933911502139761,-1.166524877413167,-0.0032898435499123095,25.166414615272586,15.503685381364722,12.38215470414938,21.74674673579541,13711.0,7.896000000000015,1.0,3.134999999999991,26.0,0.008948960949988555,7.896000000000015,243.0,0.021915314075093853,1.0,2.5,-0.1462674543983815,-1.166524877413167,-1.0933911502139761,25.166414615272586,15.503685381364722,12.38215470414938,21.74674673579541,5.981941309254686,61.51241534988612,67.79981136641896,0.031198593227072906,0.08513053348467974,0.009999999999990905,0.18000000000000682,0.11000000000001364,1.0,581.0,581.0,2021-10-06,2021-10-06 05:00:00,3.6703620743429055,275.0,1.0,best_within_2.0d,855.0,365.635,0.5832424107187206,4.3760036431226785,32.22527881040892,0.012230020343504162,2.285057100371749,15.890706319702602,0.006381710269403211,0.33652312599681333,3.134999999999991,26.0,0.008948960949988555,7.896000000000015,243.0,0.021915314075093853,1.0,0.00402220134195386,1.9444468750000041,16.553125,0.005470102952261012,0.0,0
582.0,2021-10-06 05:10:00,352.63,352.65,352.3,352.48,21007.0,2s,2s,1.0,buy,False,0.3684210526315713,4.163492493946733,28.239017640954685,0.011578080659927173,-0.0277055778635793,-1.1058007956979128,-1.1196535846297024,-0.003160203114479554,23.80154511051576,17.294391570462025,15.43277424881879,21.017626213748496,21007.0,7.995999999999981,1.0,3.134999999999991,26.0,0.008948960949988555,7.995999999999981,245.0,0.022192863645447026,1.0,2.5,-0.0277055778635793,-1.1196535846297024,-1.1058007956979128,23.80154511051576,17.294391570462025,15.43277424881879,21.017626213748496,8.727272727272787,31.636363636361786,68.07299695686909,-0.04253750389926474,0.09934714731761735,0.01999999999998181,0.18000000000000682,0.14999999999997726,0.0,583.0,583.0,2021-10-06,2021-10-06 05:10:00,3.7321266454834237,273.0,1.0,best_within_2.0d,855.0,365.635,0.5832424107187206,4.3760036431226785,32.22527881040892,0.012230020343504162,2.285057100371749,15.890706319702602,0.006381710269403211,0.3684210526315713,3.134999999999991,26.0,0.008948960949988555,7.995999999999981,245.0,0.022192863645447026,1.0,0.00402220134195386,1.9444468750000041,16.553125,0.005470102952261012,0.0,0
584.0,2021-10-06 05:20:00,352.44,352.45,351.92,352.01,17366.0,2s,2s,1.0,buy,False,0.4896331738436914,4.163492493946733,28.239017640954685,0.011578080659927173,0.014838995193380722,-1.100472712008586,-1.0930532144118956,-0.0030876577901522624,21.538118931674248,14.054867288675029,15.562255636369665,11.040090593285758,17366.0,8.375999999999976,1.0,3.134999999999991,26.0,0.008948960949988555,8.375999999999976,247.0,0.02324755201278942,1.0,2.5,0.014838995193380722,-1.0930532144118956,-1.100472712008586,21.538118931674248,14.054867288675029,15.562255636369665,11.040090593285758,6.427221172023123,35.72778827977199,67.01087595429713,-0.12200658268074192,0.15060240963854646,0.009999999999990905,0.08999999999997499,0.4300000000000068,0.0,585.0,585.0,2021-10-06,2021-10-06 05:20:00,3.870628675321724,271.0,1.0,best_within_2.0d,855.0,365.635,0.5832424107187206,4.3760036431226785,32.22527881040892,0.012230020343504162,2.285057100371749,15.890706319702602,0.006381710269403211,0.4896331738436914,3.134999999999991,26.0,0.008948960949988555,8.375999999999976,247.0,0.02324755201278942,1.0,0.00402220134195386,1.9444468750000041,16.553125,0.005470102952261012,0.0,0
585.0,2021-10-06 05:25:00,351.87,352.04,351.75,351.9,33911.0,2s,2s,1.0,buy,False,0.5438596491228035,4.163492493946733,28.239017640954685,0.011578080659927173,0.011972096154120315,-1.098976199989321,-1.092990151912261,-0.0030888416096098046,20.90400232442967,12.637885381992064,14.58746555157713,8.73872504282193,33911.0,8.545999999999992,1.0,3.134999999999991,26.0,0.008948960949988555,8.545999999999992,248.0,0.023719386282390013,1.0,2.5,0.011972096154120315,-1.092990151912261,-1.098976199989321,20.90400232442967,12.637885381992064,14.58746555157713,8.73872504282193,6.538461538461951,39.61538461538345,67.34343243375193,0.008525876033754714,0.08244491826581961,0.1400000000000432,0.12000000000000455,0.029999999999972715,1.0,586.0,586.0,2021-10-06,2021-10-06 05:25:00,3.903097470872411,270.0,1.0,best_within_2.0d,855.0,365.635,0.5832424107187206,4.3760036431226785,32.22527881040892,0.012230020343504162,2.285057100371749,15.890706319702602,0.006381710269403211,0.5438596491228035,3.134999999999991,26.0,0.008948960949988555,8.545999999999992,248.0,0.023719386282390013,1.0,0.00402220134195386,1.9444468750000041,16.553125,0.005470102952261012,0.0,0
586.0,2021-10-06 05:30:00,351.83,352.18,351.71,352.18,32581.0,2s,2s,1.0,buy,False,0.5566188197767176,4.163492493946733,28.239017640954685,0.011578080659927173,0.065323786530322,-1.090810726673031,-1.05814883340787,-0.00299142490280079,26.810879172756245,20.761214926577725,16.645382009910662,28.992880759911856,32581.0,8.586000000000013,1.0,3.134999999999991,26.0,0.008948960949988555,8.586000000000013,249.0,0.023830406110531378,1.0,2.5,0.065323786530322,-1.05814883340787,-1.090810726673031,26.810879172756245,20.761214926577725,16.645382009910662,28.992880759911856,7.456978967495777,39.38814531548619,67.40199192463533,0.09947986243356813,0.13363282249581396,0.0,0.12000000000000455,0.35000000000002274,1.0,587.0,587.0,2021-10-06,2021-10-06 05:30:00,3.820489522403312,269.0,1.0,best_within_2.0d,855.0,365.635,0.5832424107187206,4.3760036431226785,32.22527881040892,0.012230020343504162,2.285057100371749,15.890706319702602,0.006381710269403211,0.5566188197767176,3.134999999999991,26.0,0.008948960949988555,8.586000000000013,249.0,0.023830406110531378,1.0,0.00402220134195386,1.9444468750000041,16.553125,0.005470102952261012,0.0,0
588.0,2021-10-06 05:40:00,351.68,352.0,351.68,351.7,38710.0,2s,2s,1.0,buy,False,0.5661881977671396,4.163492493946733,28.239017640954685,0.011578080659927173,0.07327323996900814,-1.072832037512567,-1.036195417528063,-0.0029316850017524925,23.503001315297638,12.174978031354199,15.30495597499326,5.915022144076072,38710.0,8.615999999999985,1.0,3.134999999999991,26.0,0.008948960949988555,8.615999999999985,251.0,0.02391367098163728,1.0,2.5,0.07327323996900814,-1.036195417528063,-1.072832037512567,23.503001315297638,12.174978031354199,15.30495597499326,5.915022144076072,3.314917127071875,38.67403314917083,69.2780851701,0.005686988171059432,0.09099181073703173,0.30000000000001137,0.0,0.01999999999998181,1.0,589.0,589.0,2021-10-06,2021-10-06 05:40:00,3.9621836792721075,267.0,1.0,best_within_2.0d,855.0,365.635,0.5832424107187206,4.3760036431226785,32.22527881040892,0.012230020343504162,2.285057100371749,15.890706319702602,0.006381710269403211,0.5661881977671396,3.134999999999991,26.0,0.008948960949988555,8.615999999999985,251.0,0.02391367098163728,1.0,0.00402220134195386,1.9444468750000041,16.553125,0.005470102952261012,1.0,0
601.0,2021-10-06 06:45:00,352.16,352.16,351.92,352.01,18918.0,2s,2s,1.0,buy,False,0.4896331738436914,4.163492493946733,28.239017640954685,0.011578080659927173,0.2686548043686745,-0.5702313125985912,-0.4359039104142539,-0.0012359599869945284,36.84465112157275,33.44525812690777,45.8340032085424,8.66776796363851,18918.0,0.7799999999999727,1.0,3.134999999999991,26.0,0.008948960949988555,0.7799999999999727,7.0,0.002211511199319458,2.0,2.5,0.2686548043686745,-0.4359039104142539,-0.5702313125985912,36.84465112157275,33.44525812690777,45.8340032085424,8.66776796363851,25.313283208017616,22.556390977442344,40.204084756502745,-0.04259427532940541,0.06819731757217808,0.0,0.08999999999997499,0.1500000000000341,0.0,602.0,602.0,2021-10-06,2021-10-06 06:45:00,3.870628675321724,254.0,1.0,best_within_2.0d,855.0,365.635,0.5832424107187206,4.3760036431226785,32.22527881040892,0.012230020343504162,2.285057100371749,15.890706319702602,0.006381710269403211,0.4896331738436914,3.134999999999991,26.0,0.008948960949988555,0.7799999999999727,7.0,0.002211511199319458,2.0,0.00402220134195386,1.9444468750000041,16.553125,0.005470102952261012,0.0,0
603.0,2021-10-06 06:55:00,352.07,352.38,351.84,352.31,46624.0,2s,2s,1.0,buy,False,0.5151515151515196,4.163492493946733,28.239017640954685,0.011578080659927173,0.25152382544399754,-0.509273926278525,-0.3835120135565262,-0.0010876364468499343,43.53621265401566,35.64571599518316,38.062127334952066,30.81289331564534,46624.0,0.8600000000000136,1.0,3.134999999999991,26.0,0.008948960949988555,0.8600000000000136,9.0,0.002438332860788244,2.0,2.5,0.25152382544399754,-0.3835120135565262,-0.509273926278525,43.53621265401566,35.64571599518316,38.062127334952066,30.81289331564534,28.238341968908863,22.279792746112133,36.04028879511966,0.06816826199335618,0.15347885402456246,0.06999999999999318,0.2300000000000182,0.2400000000000091,1.0,604.0,604.0,2021-10-06,2021-10-06 06:55:00,3.782180466066813,252.0,1.0,best_within_2.0d,855.0,365.635,0.5832424107187206,4.3760036431226785,32.22527881040892,0.012230020343504162,2.285057100371749,15.890706319702602,0.006381710269403211,0.5151515151515196,3.134999999999991,26.0,0.008948960949988555,0.8600000000000136,9.0,0.002438332860788244,2.0,0.00402220134195386,1.9444468750000041,16.553125,0.005470102952261012,1.0,0
605.0,2021-10-06 07:05:00,357.7801,360.45,357.04,358.02,33368.0,1p,1p,0.0,sell,False,0.7251902850075312,2.839999999999975,9.0,0.007941612371018637,0.05282164068988954,-0.1594721130499531,-0.13306129270500833,-0.00037154949845453404,47.126983202884865,44.748386826254304,41.21842689332148,51.80830669211994,33368.0,2.839999999999975,0.0,2.839999999999975,9.0,0.007941612371018637,2.839999999999975,0.0,0.0,1.0,1.0,0.05282164068988954,-0.13306129270500833,-0.1594721130499531,47.126983202884865,44.748386826254304,41.21842689332148,51.80830669211994,47.55244755244814,12.867132867132542,20.47352575365964,0.0670523598154222,0.955075061617737,2.430000000000007,0.740099999999984,0.23989999999997735,1.0,606.0,606.0,2021-10-06,2021-10-06 07:05:00,0.6381530432809576,88.0,1.0,best_within_2.0d,693.0,350.33,0.5832424107187206,4.3760036431226785,32.22527881040892,0.012230020343504162,2.285057100371749,15.890706319702602,0.006381710269403211,0.4929364202292669,5.6011759621451125,36.843533123028394,0.015614239272951093,2.82998018927445,22.52492113564669,0.007835530045022196,1.8630914826498424,0.00402220134195386,1.9444468750000041,16.553125,0.005470102952261012,0.0,1
605.0,2021-10-06 07:05:00,353.201,353.455,352.81,352.94,1115331.0,2,2,0.0,sell,False,0.30947680157946617,4.163492493946733,28.239017640954685,0.011578080659927173,0.31503730221005,0.10925261477063637,0.26677126587566136,0.0007577040176717178,59.007550324897245,78.71269257996468,73.63524754083068,88.86758265823269,1115331.0,3.134999999999991,1.0,10.129999999999995,61.0,0.0281037591899015,3.134999999999991,26.0,0.008948960949988555,2.0,2.0,0.31503730221005,0.26677126587566136,0.10925261477063637,59.007550324897245,78.71269257996468,73.63524754083068,88.86758265823269,31.27324539806543,10.162495154480464,28.5447832331977,-0.07389560052208914,0.18281794733708848,0.25399999999996226,0.12999999999999545,0.2610000000000241,0.0,606.0,606.0,2021-10-06,2021-10-06 07:05:00,0.6381530432809576,88.0,1.0,best_within_2.0d,693.0,350.33,0.30947680157946617,10.129999999999995,61.0,0.0281037591899015,3.134999999999991,26.0,0.008948960949988555,0.4929364202292669,5.6011759621451125,36.843533123028394,0.015614239272951093,2.82998018927445,22.52492113564669,0.007835530045022196,1.8630914826498424,0.00402220134195386,1.9444468750000041,16.553125,0.005470102952261012,0.0,1
605.0,2021-10-06 07:05:00,353.02,360.296,353.01,353.02,151386.0,2s,2s,0.0,sell,False,0.9847976307996055,4.163492493946733,28.239017640954685,0.011578080659927173,0.1570124205421073,0.2432194096967113,0.32172561996776494,0.0009127781495268181,56.71926370764978,63.97742536602235,76.28693193836173,39.3584122213436,151386.0,9.286000000000001,1.0,10.129999999999995,61.0,0.0281037591899015,9.286000000000001,12.0,0.026455086749665256,1.0,2.5,0.1570124205421073,0.32172561996776494,0.2432194096967113,56.71926370764978,63.97742536602235,76.28693193836173,39.3584122213436,60.94695800605917,8.062433469177149,20.006874073588165,0.0,2.0639641936489057,7.2760000000000105,0.009999999999990905,0.0,0.0,606.0,606.0,2021-10-06,2021-10-06 07:05:00,0.6381530432809576,88.0,1.0,best_within_2.0d,693.0,350.33,0.5832424107187206,4.3760036431226785,32.22527881040892,0.012230020343504162,2.285057100371749,15.890706319702602,0.006381710269403211,0.9847976307996055,10.129999999999995,61.0,0.0281037591899015,9.286000000000001,12.0,0.026455086749665256,1.0,0.00402220134195386,1.9444468750000041,16.553125,0.005470102952261012,0.0,1
605.0,2021-10-06 07:05:00,352.32,352.7,352.32,352.58,14948.0,2s,2s,0.0,sell,False,0.23494570582428395,4.163492493946733,28.239017640954685,0.011578080659927173,0.3920354706776543,-0.8258654609698933,-0.6298477256310662,-0.001784482306674699,42.895624898413196,72.86750222976184,58.08753755758423,102.42743157411707,14948.0,1.0199999999999818,1.0,10.129999999999995,61.0,0.0281037591899015,1.0199999999999818,8.0,0.0029003639672428964,2.0,2.5,0.3920354706776543,-0.6298477256310662,-0.8258654609698933,42.895624898413196,72.86750222976184,58.08753755758423,102.42743157411707,20.210526315787845,20.631578947367608,55.02415885145093,0.07379654859218635,0.10785649409627482,0.12000000000000455,0.0,0.2599999999999909,1.0,606.0,606.0,2021-10-06,2021-10-06 07:05:00,0.6381530432809576,88.0,1.0,best_within_2.0d,693.0,350.33,0.5832424107187206,4.3760036431226785,32.22527881040892,0.012230020343504162,2.285057100371749,15.890706319702602,0.006381710269403211,0.23494570582428395,10.129999999999995,61.0,0.0281037591899015,1.0199999999999818,8.0,0.0029003639672428964,2.0,0.00402220134195386,1.9444468750000041,16.553125,0.005470102952261012,0.0,1
615.0,2021-10-06 07:55:00,352.93,353.4,352.889,353.3,60922.0,2s,2s,0.0,sell,False,0.3040473840078959,4.163492493946733,28.239017640954685,0.011578080659927173,0.24961313409956604,-0.09176206154681169,0.03304450550297133,9.368618437183689e-05,61.18727510713735,76.2617647645702,71.34786232431856,86.08956964507348,60922.0,1.5600000000000023,1.0,10.129999999999995,61.0,0.0281037591899015,1.5600000000000023,13.0,0.00443383356070942,3.0,2.5,0.24961313409956604,0.03304450550297133,-0.09176206154681169,61.18727510713735,76.2617647645702,71.34786232431856,86.08956964507348,37.34341763176471,8.035925313164048,31.331823114177183,0.1048366531606847,0.14480474030076518,0.0999999999999659,0.04099999999999682,0.37000000000000455,1.0,616.0,616.0,2021-10-06,2021-10-06 07:55:00,0.8406453439003756,78.0,1.0,best_within_2.0d,693.0,350.33,0.5832424107187206,4.3760036431226785,32.22527881040892,0.012230020343504162,2.285057100371749,15.890706319702602,0.006381710269403211,0.3040473840078959,10.129999999999995,61.0,0.0281037591899015,1.5600000000000023,13.0,0.00443383356070942,3.0,0.00402220134195386,1.9444468750000041,16.553125,0.005470102952261012,0.0,1
616.0,2021-10-06 08:00:00,353.27,357.648,351.8796,353.35,102345.0,2s,2s,0.0,sell,False,0.7233958538993124,4.163492493946733,28.239017640954685,0.011578080659927173,0.2726280926789207,-0.0576835499619466,0.07863049637751374,0.00022289964795435224,61.93152545716237,59.338044503149135,67.34458971726208,43.32495407492323,102345.0,5.80800000000005,1.0,10.129999999999995,61.0,0.0281037591899015,5.80800000000005,14.0,0.016507503410641344,3.0,2.5,0.2726280926789207,0.07863049637751374,-0.0576835499619466,61.93152545716237,59.338044503149135,67.34458971726208,43.32495407492323,59.05120878675475,3.444991590167301,35.44921836885293,0.022645568545316876,1.6393107187799585,4.298000000000002,1.3903999999999996,0.08000000000004093,1.0,617.0,617.0,2021-10-06,2021-10-06 08:00:00,0.8546766661950016,77.0,1.0,best_within_2.0d,693.0,350.33,0.5832424107187206,4.3760036431226785,32.22527881040892,0.012230020343504162,2.285057100371749,15.890706319702602,0.006381710269403211,0.7233958538993124,10.129999999999995,61.0,0.0281037591899015,5.80800000000005,14.0,0.016507503410641344,3.0,0.00402220134195386,1.9444468750000041,16.553125,0.005470102952261012,1.0,1
621.0,2021-10-06 08:25:00,353.27,357.648,351.8796,353.35,102345.0,1,1,0.0,sell,False,1.0237467465455004,5.80800000000005,14.0,0.016507503410641344,0.2726280926789207,-0.0576835499619466,0.07863049637751374,0.00022289964795435224,61.93152545716239,59.338044503149135,67.34458971726208,43.32495407492323,102345.0,5.80800000000005,1.0,5.80800000000005,14.0,0.016507503410641344,5.80800000000005,14.0,0.016507503410641344,1.0,1.0,0.2726280926789207,0.07863049637751374,-0.0576835499619466,61.93152545716239,59.338044503149135,67.34458971726208,43.32495407492323,59.05120878675475,3.444991590167301,35.44921836885292,0.022645568545316876,1.6393107187799585,4.298000000000002,1.3903999999999996,0.08000000000004093,1.0,622.0,622.0,2021-10-06,2021-10-06 08:25:00,0.8546766661950016,72.0,1.0,best_within_2.0d,693.0,350.33,0.5832424107187206,4.3760036431226785,32.22527881040892,0.012230020343504162,2.285057100371749,15.890706319702602,0.006381710269403211,0.4929364202292669,5.6011759621451125,36.843533123028394,0.015614239272951093,2.82998018927445,22.52492113564669,0.007835530045022196,1.8630914826498424,0.00402220134195386,1.9444468750000041,16.553125,0.005470102952261012,0.0,1
646.0,2021-10-06 10:30:00,357.08,357.96,356.83,357.05,1251889.0,2s,2s,0.0,sell,False,0.7541954590325755,4.163492493946733,28.239017640954685,0.011578080659927173,0.3962158047578166,0.570170714004703,0.7682786163836113,0.00216445717077988,64.35840394151992,74.48524030077277,63.643239924787636,96.16924105274305,1251889.0,6.1200000000000045,1.0,10.129999999999995,61.0,0.0281037591899015,6.1200000000000045,44.0,0.017394270122783096,3.0,2.5,0.3962158047578166,0.7682786163836113,0.570170714004703,64.35840394151992,74.48524030077277,63.643239924787636,96.16924105274305,38.35002554616459,18.46710700457358,37.411843342604655,-0.008401478660236562,0.3166774094106425,0.8799999999999955,0.22000000000002728,0.029999999999972715,0.0,647.0,647.0,2021-10-06,2021-10-06 10:30:00,1.8820893432292471,47.0,1.0,best_within_2.0d,693.0,350.33,0.5832424107187206,4.3760036431226785,32.22527881040892,0.012230020343504162,2.285057100371749,15.890706319702602,0.006381710269403211,0.7541954590325755,10.129999999999995,61.0,0.0281037591899015,6.1200000000000045,44.0,0.017394270122783096,3.0,0.00402220134195386,1.9444468750000041,16.553125,0.005470102952261012,0.0,1
649.0,2021-10-06 10:45:00,357.0,358.02,356.56,358.01,636342.0,2s,2s,0.0,sell,False,0.7601184600197426,4.163492493946733,28.239017640954685,0.011578080659927173,0.44129080524910447,0.7273357190178901,0.9479811216424423,0.0026668215103475587,67.28779707912145,86.09526485542287,76.85519303210583,104.57540850205692,636342.0,6.180000000000007,1.0,10.129999999999995,61.0,0.0281037591899015,6.180000000000007,47.0,0.01756480218281039,3.0,2.5,0.44129080524910447,0.9479811216424423,0.7273357190178901,67.28779707912145,86.09526485542287,76.85519303210583,104.57540850205692,30.71920167311018,18.549433091096123,35.86715085414023,0.2829131652661039,0.4094682521875644,0.009999999999990905,0.4399999999999977,1.009999999999991,1.0,650.0,650.0,2021-10-06,2021-10-06 10:45:00,2.145191475098463,44.0,1.0,best_within_2.0d,693.0,350.33,0.5832424107187206,4.3760036431226785,32.22527881040892,0.012230020343504162,2.285057100371749,15.890706319702602,0.006381710269403211,0.7601184600197426,10.129999999999995,61.0,0.0281037591899015,6.180000000000007,47.0,0.01756480218281039,3.0,0.00402220134195386,1.9444468750000041,16.553125,0.005470102952261012,0.0,1
650.0,2021-10-06 10:50:00,358.0,358.12,357.16,357.72,604485.0,2s,2s,0.0,sell,False,0.7699901283316896,4.163492493946733,28.239017640954685,0.011578080659927173,0.4065719712241114,0.778157215420904,0.9814432010329597,0.0027596630719456698,64.77666688722304,87.71358531839672,80.47465712753612,102.19144170011793,604485.0,6.28000000000003,1.0,10.129999999999995,61.0,0.0281037591899015,6.28000000000003,48.0,0.01784902228285593,3.0,2.5,0.4065719712241114,0.9814432010329597,0.778157215420904,64.77666688722304,87.71358531839672,80.47465712753612,102.19144170011793,27.1987183069728,18.560951830945463,34.65352393592922,-0.07821229050278566,0.2687870982192797,0.12000000000000455,0.5600000000000023,0.2799999999999727,0.0,651.0,651.0,2021-10-06,2021-10-06 10:50:00,2.065861567706598,43.0,1.0,best_within_2.0d,693.0,350.33,0.5832424107187206,4.3760036431226785,32.22527881040892,0.012230020343504162,2.285057100371749,15.890706319702602,0.006381710269403211,0.7699901283316896,10.129999999999995,61.0,0.0281037591899015,6.28000000000003,48.0,0.01784902228285593,3.0,0.00402220134195386,1.9444468750000041,16.553125,0.005470102952261012,1.0,1
656.0,2021-10-06 11:20:00,358.0,358.12,357.16,357.72,604485.0,1,1,0.0,sell,False,1.428767346242044,6.28000000000003,48.0,0.01784902228285593,0.4065719712241114,0.778157215420904,0.9814432010329597,0.0027596630719456698,64.77666688722304,87.71358531839672,80.47465712753612,102.19144170011793,604485.0,6.28000000000003,1.0,6.28000000000003,48.0,0.01784902228285593,6.28000000000003,48.0,0.01784902228285593,1.0,1.0,0.4065719712241114,0.9814432010329597,0.778157215420904,64.77666688722304,87.71358531839672,80.47465712753612,102.19144170011793,27.1987183069728,18.560951830945463,34.65352393592922,-0.07821229050278566,0.2687870982192797,0.12000000000000455,0.5600000000000023,0.2799999999999727,0.0,657.0,657.0,2021-10-06,2021-10-06 11:20:00,2.8046448855648554,199.0,1.0,best_within_2.0d,855.0,365.635,0.5832424107187206,4.3760036431226785,32.22527881040892,0.012230020343504162,2.285057100371749,15.890706319702602,0.006381710269403211,0.4929364202292669,5.6011759621451125,36.843533123028394,0.015614239272951093,2.82998018927445,22.52492113564669,0.007835530045022196,1.8630914826498424,0.00402220134195386,1.9444468750000041,16.553125,0.005470102952261012,0.0,1
656.0,2021-10-06 11:20:00,356.53,356.58,355.54,355.66,635535.0,3a,3a,1.0,buy,False,0.0050472020018197715,4.163492493946733,28.239017640954685,0.011578080659927173,-0.37148047969404385,0.7874172214526572,0.6016769816056353,0.0016898242898179567,47.21797024716123,28.28682580225727,49.290827773655074,-13.721178140538342,635535.0,2.579999999999984,2.0,2.579999999999984,7.0,0.007204289065117793,2.579999999999984,7.0,0.007204289065117793,3.0,3.0,-0.37148047969404385,0.6016769816056353,0.7874172214526572,47.21797024716123,28.28682580225727,49.290827773655074,-13.721178140538342,23.000720592195545,13.094397577645475,37.559364539439606,-0.24401873615122086,0.2925127974348775,0.05000000000001137,0.12000000000000455,0.8699999999999477,0.0,657.0,657.0,2021-10-06,2021-10-06 11:20:00,2.8046448855648554,199.0,1.0,best_within_2.0d,855.0,365.635,0.5832424107187206,4.3760036431226785,32.22527881040892,0.012230020343504162,2.285057100371749,15.890706319702602,0.006381710269403211,0.4929364202292669,5.6011759621451125,36.843533123028394,0.015614239272951093,2.82998018927445,22.52492113564669,0.007835530045022196,1.8630914826498424,0.0050472020018197715,2.579999999999984,7.0,0.007204289065117793,1.0,0
671.0,2021-10-06 12:35:00,355.88,355.96,355.46,355.8387,278040.0,1p,1p,1.0,buy,False,0.7332563850405622,2.0500000000000114,9.0,0.00573410533971081,-0.33152124510317077,0.18158918376012187,0.015828561208536485,4.4438291161590745e-05,46.12494844155814,23.204318123366775,30.075320999436517,9.462312371227291,278040.0,2.0500000000000114,0.0,2.0500000000000114,9.0,0.00573410533971081,2.0500000000000114,0.0,0.0,1.0,1.0,-0.33152124510317077,0.015828561208536485,0.18158918376012187,46.12494844155814,23.204318123366775,30.075320999436517,9.462312371227291,18.462863920155918,19.91406896860481,21.19115375594955,-0.011605035405186679,0.14066280312834076,0.07999999999998408,0.37870000000003756,0.041299999999978354,0.0,672.0,672.0,2021-10-06,2021-10-06 12:35:00,2.75301702709682,184.0,1.0,best_within_2.0d,855.0,365.635,0.5832424107187206,4.3760036431226785,32.22527881040892,0.012230020343504162,2.285057100371749,15.890706319702602,0.006381710269403211,0.4929364202292669,5.6011759621451125,36.843533123028394,0.015614239272951093,2.82998018927445,22.52492113564669,0.007835530045022196,1.8630914826498424,0.00402220134195386,1.9444468750000041,16.553125,0.005470102952261012,1.0,0
677.0,2021-10-06 13:05:00,355.81,355.81,355.1819,355.68,364238.0,1p,1p,1.0,buy,False,0.7332563850405622,2.3281000000000063,15.0,0.0065119856787222916,-0.20046617882628068,0.03161414139927664,-0.0686189480138637,-0.00019268581140499783,44.355354723746956,37.858406955910155,38.51475172261449,36.54571742250148,364238.0,2.3281000000000063,0.0,2.3281000000000063,15.0,0.0065119856787222916,2.3281000000000063,0.0,0.0,1.0,1.0,-0.20046617882628068,-0.0686189480138637,0.03161414139927664,44.355354723746956,37.858406955910155,38.51475172261449,36.54571742250148,13.017533350230465,28.08446420754398,17.989303861203553,-0.036536353671902264,0.1768389661748016,0.0,0.4981000000000222,0.12999999999999545,0.0,678.0,678.0,2021-10-06,2021-10-06 13:05:00,2.7988641475483536,178.0,1.0,best_within_2.0d,855.0,365.635,0.5832424107187206,4.3760036431226785,32.22527881040892,0.012230020343504162,2.285057100371749,15.890706319702602,0.006381710269403211,0.4929364202292669,5.6011759621451125,36.843533123028394,0.015614239272951093,2.82998018927445,22.52492113564669,0.007835530045022196,1.8630914826498424,0.00402220134195386,1.9444468750000041,16.553125,0.005470102952261012,1.0,0
693.0,2021-10-06 14:25:00,351.01,351.15,350.32,350.33,446793.0,1p,1p,1.0,buy,False,4.424135236230836,10.129999999999995,61.0,0.0281037591899015,0.09627676666781881,-0.7504780177352784,-0.702339634401369,-0.001996105420312293,34.06014931042266,19.754461274388788,27.4099025957588,4.443578631648762,446793.0,10.129999999999995,0.0,10.129999999999995,61.0,0.0281037591899015,10.129999999999995,0.0,0.0,1.0,1.0,0.09627676666781881,-0.702339634401369,-0.7504780177352784,34.06014931042266,19.754461274388788,27.4099025957588,4.443578631648762,12.962677998602572,23.555592381719716,31.489080897443237,-0.19372667445372121,0.23692623886731679,0.13999999999998636,0.009999999999990905,0.6800000000000068,0.0,694.0,694.0,2021-10-06,2021-10-06 14:25:00,0.249588745816551,135.0,1.0,best_within_2.0d,828.0,351.7,0.5832424107187206,4.3760036431226785,32.22527881040892,0.012230020343504162,2.285057100371749,15.890706319702602,0.006381710269403211,0.4929364202292669,5.6011759621451125,36.843533123028394,0.015614239272951093,2.82998018927445,22.52492113564669,0.007835530045022196,1.8630914826498424,0.00402220134195386,1.9444468750000041,16.553125,0.005470102952261012,0.0,0
693.0,2021-10-06 14:25:00,352.32,352.7,352.32,352.58,14948.0,2,2,0.0,sell,False,0.11838440111420422,4.163492493946733,28.239017640954685,0.011578080659927173,0.39203547067758393,-0.8258654609698581,-0.6298477256310662,-0.001784482306674699,42.895624898419435,72.86750222976184,58.08753755758423,102.42743157411707,14948.0,1.0199999999999818,1.0,8.615999999999985,251.0,0.02391367098163728,1.0199999999999818,8.0,0.0029003639672428964,2.0,2.0,0.39203547067758393,-0.6298477256310662,-0.8258654609698581,42.895624898419435,72.86750222976184,58.08753755758423,102.42743157411707,20.210526315787845,20.631578947367608,55.02415885143802,0.07379654859218635,0.10785649409627482,0.12000000000000455,0.0,0.2599999999999909,1.0,694.0,694.0,2021-10-06,2021-10-06 14:25:00,0.249588745816551,135.0,1.0,best_within_2.0d,828.0,351.7,0.11838440111420422,8.615999999999985,251.0,0.02391367098163728,1.0199999999999818,8.0,0.0029003639672428964,0.4929364202292669,5.6011759621451125,36.843533123028394,0.015614239272951093,2.82998018927445,22.52492113564669,0.007835530045022196,1.8630914826498424,0.00402220134195386,1.9444468750000041,16.553125,0.005470102952261012,0.0,1
704.0,2021-10-06 15:20:00,358.62,358.689,358.28,358.63,319823.0,2,2,1.0,buy,False,0.2971801910120018,4.163492493946733,28.239017640954685,0.011578080659927173,-0.28859139832000325,0.512423391834763,0.3681276926747614,0.001027355748230244,55.38990220797244,25.65498312114511,32.34216475614183,12.280619851151684,319823.0,1.3100000000000023,1.0,4.40809999999999,21.0,0.012410823862364582,1.3100000000000023,8.0,0.003643037904279881,2.0,2.0,-0.28859139832000325,0.3681276926747614,0.512423391834763,55.38990220797244,25.65498312114511,32.34216475614183,12.280619851151684,10.012477555615538,19.326516327337735,30.157862919159125,0.0027884669008953504,0.1141565256224318,0.05900000000002592,0.34000000000003183,0.009999999999990905,1.0,705.0,705.0,2021-10-06,2021-10-06 15:20:00,1.9532665978864,151.0,1.0,best_within_2.0d,855.0,365.635,0.2971801910120018,4.40809999999999,21.0,0.012410823862364582,1.3100000000000023,8.0,0.003643037904279881,0.4929364202292669,5.6011759621451125,36.843533123028394,0.015614239272951093,2.82998018927445,22.52492113564669,0.007835530045022196,1.8630914826498424,0.00402220134195386,1.9444468750000041,16.553125,0.005470102952261012,0.0,0
707.0,2021-10-06 15:35:00,358.47,358.54,357.96,358.19,515532.0,2,2,1.0,buy,False,0.36977382545767995,4.163492493946733,28.239017640954685,0.011578080659927173,-0.3212948900755338,0.40530394181664003,0.24465649677887313,0.0006827165412238252,47.81415797406779,24.086511025234625,28.21946458631144,15.820603903080993,515532.0,1.6299999999999955,1.0,4.40809999999999,21.0,0.012410823862364582,1.6299999999999955,11.0,0.004532940293111587,2.0,2.0,-0.3212948900755338,0.24465649677887313,0.40530394181664003,47.81415797406779,24.086511025234625,28.21946458631144,15.820603903080993,10.183329187818698,25.167161689612914,30.906736465085167,-0.07810974419059602,0.16202927701420297,0.06999999999999318,0.2300000000000182,0.28000000000002956,0.0,708.0,708.0,2021-10-06,2021-10-06 15:35:00,2.0785058209330227,148.0,1.0,best_within_2.0d,855.0,365.635,0.36977382545767995,4.40809999999999,21.0,0.012410823862364582,1.6299999999999955,11.0,0.004532940293111587,0.4929364202292669,5.6011759621451125,36.843533123028394,0.015614239272951093,2.82998018927445,22.52492113564669,0.007835530045022196,1.8630914826498424,0.00402220134195386,1.9444468750000041,16.553125,0.005470102952261012,1.0,0
711.0,2021-10-06 15:55:00,359.37,359.95,359.32,359.67,2002007.0,1p,1p,0.0,sell,False,1.9941774922786376e-07,1.990000000000009,5.0,0.005559280366521425,-0.0007794419758686555,0.3302540263221746,0.32986430533424027,0.0009199244290500734,65.44325762975532,72.42480109624036,55.47734675415674,106.3197097804076,2002007.0,1.990000000000009,0.0,1.990000000000009,5.0,0.005559280366521425,1.990000000000009,0.0,0.0,1.0,1.0,-0.0007794419758686555,0.32986430533424027,0.3302540263221746,65.44325762975532,72.42480109624036,55.47734675415674,106.3197097804076,23.353549588542634,19.226413669879257,27.39606267228715,0.08347942232240069,0.17533118111989185,0.2799999999999727,0.05000000000001137,0.30000000000001137,1.0,712.0,712.0,2021-10-06,2021-10-06 15:55:00,2.215920149025503,117.0,1.0,best_within_2.0d,828.0,351.7,0.5832424107187206,4.3760036431226785,32.22527881040892,0.012230020343504162,2.285057100371749,15.890706319702602,0.006381710269403211,0.4929364202292669,5.6011759621451125,36.843533123028394,0.015614239272951093,2.82998018927445,22.52492113564669,0.007835530045022196,1.8630914826498424,0.00402220134195386,1.9444468750000041,16.553125,0.005470102952261012,0.0,1
715.0,2021-10-06 16:15:00,359.83,360.01,359.8,359.85,47713.0,1p,1p,0.0,sell,False,0.2492678186759358,2.0500000000000114,9.0,0.005726896859984388,0.1249978096940163,0.3809349945399947,0.44343389938700284,0.001235534360694953,66.88570624304185,88.31595985695992,79.3201868023518,106.30750596617617,47713.0,2.0500000000000114,0.0,2.0500000000000114,9.0,0.005726896859984388,2.0500000000000114,0.0,0.0,1.0,1.0,0.1249978096940163,0.44343389938700284,0.3809349945399947,66.88570624304185,88.31595985695992,79.3201868023518,106.30750596617617,30.211294660004427,13.215520553207712,29.351457029179933,0.005558180251796307,0.05836575875485812,0.15999999999996817,0.029999999999972715,0.020000000000038654,1.0,716.0,716.0,2021-10-06,2021-10-06 16:15:00,2.264832569126034,113.0,1.0,best_within_2.0d,828.0,351.7,0.5832424107187206,4.3760036431226785,32.22527881040892,0.012230020343504162,2.285057100371749,15.890706319702602,0.006381710269403211,0.4929364202292669,5.6011759621451125,36.843533123028394,0.015614239272951093,2.82998018927445,22.52492113564669,0.007835530045022196,1.8630914826498424,0.00402220134195386,1.9444468750000041,16.553125,0.005470102952261012,0.0,1
718.0,2021-10-06 16:30:00,359.94,360.051,359.85,360.051,40473.0,1p,1p,0.0,sell,False,0.2492678186759358,2.091000000000008,12.0,0.0058414347971840665,0.09563909886219746,0.4204831179875989,0.46830266741869764,0.001304036908418072,68.75453278783311,94.16628205454461,88.59555598613414,105.30773419136557,40473.0,2.091000000000008,0.0,2.091000000000008,12.0,0.0058414347971840665,2.091000000000008,0.0,0.0,1.0,1.0,0.09563909886219746,0.46830266741869764,0.4204831179875989,68.75453278783311,94.16628205454461,88.59555598613414,105.30773419136557,36.69433821471558,10.81988620464456,32.01775593836075,0.030838473078843697,0.05585660691954007,0.0,0.08999999999997499,0.11099999999999,1.0,719.0,719.0,2021-10-06,2021-10-06 16:30:00,2.3193936414563487,110.0,1.0,best_within_2.0d,828.0,351.7,0.5832424107187206,4.3760036431226785,32.22527881040892,0.012230020343504162,2.285057100371749,15.890706319702602,0.006381710269403211,0.4929364202292669,5.6011759621451125,36.843533123028394,0.015614239272951093,2.82998018927445,22.52492113564669,0.007835530045022196,1.8630914826498424,0.00402220134195386,1.9444468750000041,16.553125,0.005470102952261012,0.0,1
720.0,2021-10-06 16:40:00,360.06,360.06,359.67,360.04,115126.0,1p,1p,0.0,sell,False,0.2492678186759358,2.1000000000000227,14.0,0.0058665772712035505,0.05506173030551764,0.43691693092358364,0.46444779607634246,0.0012928338557170206,68.1989066754343,95.10429979014016,92.12107281538167,101.07075373965716,115126.0,2.1000000000000227,0.0,2.1000000000000227,14.0,0.0058665772712035505,2.1000000000000227,0.0,0.0,1.0,1.0,0.05506173030551764,0.46444779607634246,0.43691693092358364,68.1989066754343,95.10429979014016,92.12107281538167,101.07075373965716,36.11122503383282,13.739080506910728,34.15884033549838,-0.005554629783919849,0.1084327300024985,0.0,0.37000000000000455,0.01999999999998181,0.0,721.0,721.0,2021-10-06,2021-10-06 16:40:00,2.3164092878569136,108.0,1.0,best_within_2.0d,828.0,351.7,0.5832424107187206,4.3760036431226785,32.22527881040892,0.012230020343504162,2.285057100371749,15.890706319702602,0.006381710269403211,0.4929364202292669,5.6011759621451125,36.843533123028394,0.015614239272951093,2.82998018927445,22.52492113564669,0.007835530045022196,1.8630914826498424,0.00402220134195386,1.9444468750000041,16.553125,0.005470102952261012,0.0,1
724.0,2021-10-06 17:00:00,360.03,360.1,359.96,359.97,33305.0,1p,1p,0.0,sell,False,0.2492678186759358,2.140000000000043,18.0,0.005978321600178912,-0.054880311197224474,0.42679827126281167,0.39935811566419943,0.0011110595073572484,64.31132642381172,79.52628448288996,84.64170414677398,69.29544515512194,33305.0,2.140000000000043,0.0,2.140000000000043,18.0,0.005978321600178912,2.140000000000043,0.0,0.0,1.0,1.0,-0.054880311197224474,0.39935811566419943,0.42679827126281167,64.31132642381172,79.52628448288996,84.64170414677398,69.29544515512194,28.952442159381857,17.03084832904815,37.77612894092098,-0.01666527789349372,0.038893210356718305,0.07000000000005002,0.010000000000047748,0.05999999999994543,0.0,725.0,725.0,2021-10-06,2021-10-06 17:00:00,2.2974136733616795,104.0,1.0,best_within_2.0d,828.0,351.7,0.5832424107187206,4.3760036431226785,32.22527881040892,0.012230020343504162,2.285057100371749,15.890706319702602,0.006381710269403211,0.4929364202292669,5.6011759621451125,36.843533123028394,0.015614239272951093,2.82998018927445,22.52492113564669,0.007835530045022196,1.8630914826498424,0.00402220134195386,1.9444468750000041,16.553125,0.005470102952261012,1.0,1
733.0,2021-10-06 17:45:00,360.07,360.11,360.07,360.11,1350.0,1p,1p,0.0,sell,False,0.2492678186759358,2.150000000000034,27.0,0.006006257682422713,-0.11280491146537375,0.3096624927687438,0.25326003703605693,0.0007040285767739142,66.98045576358668,74.93978475011919,73.70435802353177,77.41063820329401,1350.0,2.150000000000034,0.0,2.150000000000034,27.0,0.006006257682422713,2.150000000000034,0.0,0.0,1.0,1.0,-0.11280491146537375,0.25326003703605693,0.3096624927687438,66.98045576358668,74.93978475011919,73.70435802353177,77.41063820329401,11.904761904769154,34.52380952381194,39.170205252124404,0.011108951037303987,0.011108951037303987,0.0,0.0,0.040000000000020464,1.0,734.0,734.0,2021-10-06,2021-10-06 17:45:00,2.3353975174252377,95.0,1.0,best_within_2.0d,828.0,351.7,0.5832424107187206,4.3760036431226785,32.22527881040892,0.012230020343504162,2.285057100371749,15.890706319702602,0.006381710269403211,0.4929364202292669,5.6011759621451125,36.843533123028394,0.015614239272951093,2.82998018927445,22.52492113564669,0.007835530045022196,1.8630914826498424,0.00402220134195386,1.9444468750000041,16.553125,0.005470102952261012,0.0,1
734.0,2021-10-06 17:50:00,360.15,360.15,360.14,360.14,792.0,1p,1p,0.0,sell,False,0.2492678186759358,2.1899999999999977,28.0,0.006118002011397916,-0.10022484682352706,0.2971343869158029,0.24702196350403938,0.00068662957608018,67.79455037371147,81.62652316674755,76.34507973793703,92.18941002436858,792.0,2.1899999999999977,0.0,2.1899999999999977,28.0,0.006118002011397916,2.1899999999999977,0.0,0.0,1.0,1.0,-0.10022484682352706,0.24702196350403938,0.2971343869158029,67.79455037371147,81.62652316674755,76.34507973793703,92.18941002436858,18.045112781962374,20.300751879700726,36.7925015156269,-0.002776620852420077,0.002776697950794387,0.0,0.0,0.009999999999990905,0.0,735.0,735.0,2021-10-06,2021-10-06 17:50:00,2.3435330704725934,94.0,1.0,best_within_2.0d,828.0,351.7,0.5832424107187206,4.3760036431226785,32.22527881040892,0.012230020343504162,2.285057100371749,15.890706319702602,0.006381710269403211,0.4929364202292669,5.6011759621451125,36.843533123028394,0.015614239272951093,2.82998018927445,22.52492113564669,0.007835530045022196,1.8630914826498424,0.00402220134195386,1.9444468750000041,16.553125,0.005470102952261012,0.0,1
735.0,2021-10-06 17:55:00,360.14,360.18,360.14,360.18,27904.0,1p,1p,0.0,sell,False,0.24926781867593575,2.2200000000000273,29.0,0.0062018102581294764,-0.08739837580781495,0.28620958993982604,0.24251040203591856,0.0006740308392744908,68.89570323540175,87.75101544449836,80.1470583067908,102.9589297199135,27904.0,2.2200000000000273,0.0,2.2200000000000273,29.0,0.0062018102581294764,2.2200000000000273,0.0,0.0,1.0,1.0,-0.08739837580781495,0.24251040203591856,0.28620958993982604,68.89570323540175,87.75101544449836,80.1470583067908,102.9589297199135,22.131147540995062,22.131147540985747,34.16446569308363,0.011106791803193333,0.011106791803193333,0.0,0.0,0.040000000000020464,1.0,736.0,736.0,2021-10-06,2021-10-06 17:55:00,2.3543783663723743,93.0,1.0,best_within_2.0d,828.0,351.7,0.5832424107187206,4.3760036431226785,32.22527881040892,0.012230020343504162,2.285057100371749,15.890706319702602,0.006381710269403211,0.4929364202292669,5.6011759621451125,36.843533123028394,0.015614239272951093,2.82998018927445,22.52492113564669,0.007835530045022196,1.8630914826498424,0.00402220134195386,1.9444468750000041,16.553125,0.005470102952261012,0.0,1
736.0,2021-10-06 18:00:00,360.09,360.24,360.04,360.19,14674.0,1p,1p,0.0,sell,False,0.24926781867593575,2.2800000000000296,30.0,0.006369426751592439,-0.07871970810778595,0.27636962642635277,0.2370097723724598,0.0006586883733266519,69.17941918801336,85.66117079015758,81.98509580124639,93.01332076797996,14674.0,2.2800000000000296,0.0,2.2800000000000296,30.0,0.006369426751592439,2.2800000000000296,0.0,0.0,1.0,1.0,-0.07871970810778595,0.2370097723724598,0.27636962642635277,69.17941918801336,85.66117079015758,81.98509580124639,93.01332076797996,21.259842519695717,29.133858267716743,32.84021814357593,0.02777083506901684,0.055549383401841075,0.05000000000001137,0.049999999999954525,0.10000000000002274,1.0,737.0,737.0,2021-10-06,2021-10-06 18:00:00,2.357089313973183,92.0,1.0,best_within_2.0d,828.0,351.7,0.5832424107187206,4.3760036431226785,32.22527881040892,0.012230020343504162,2.285057100371749,15.890706319702602,0.006381710269403211,0.4929364202292669,5.6011759621451125,36.843533123028394,0.015614239272951093,2.82998018927445,22.52492113564669,0.007835530045022196,1.8630914826498424,0.00402220134195386,1.9444468750000041,16.553125,0.005470102952261012,0.0,1
739.0,2021-10-06 18:15:00,360.21,360.62,360.21,360.59,16200.0,1p,1p,0.0,sell,False,0.24926781867593575,2.660000000000025,33.0,0.00743099787685782,-0.02253203943062676,0.25526002839006035,0.24399400867474696,0.0006779009462970432,76.88838960331258,85.93370374969739,83.84894279564847,90.10322565779524,16200.0,2.660000000000025,0.0,2.660000000000025,33.0,0.00743099787685782,2.660000000000025,0.0,0.0,1.0,1.0,-0.02253203943062676,0.24399400867474696,0.25526002839006035,76.88838960331258,85.93370374969739,83.84894279564847,90.10322565779524,48.80000000001451,12.79999999999978,33.09090551766514,0.10549401737875003,0.11382249243497544,0.03000000000002956,0.0,0.37999999999999545,1.0,740.0,740.0,2021-10-06,2021-10-06 18:15:00,2.465403921351115,89.0,1.0,best_within_2.0d,828.0,351.7,0.5832424107187206,4.3760036431226785,32.22527881040892,0.012230020343504162,2.285057100371749,15.890706319702602,0.006381710269403211,0.4929364202292669,5.6011759621451125,36.843533123028394,0.015614239272951093,2.82998018927445,22.52492113564669,0.007835530045022196,1.8630914826498424,0.00402220134195386,1.9444468750000041,16.553125,0.005470102952261012,0.0,1
740.0,2021-10-06 18:20:00,360.61,360.66,360.49,360.49,15999.0,1p,1p,0.0,sell,False,0.24926781867593575,2.7000000000000455,34.0,0.007542742205833181,-0.006067866981252501,0.2545015450174038,0.25146761152677755,0.0006985841142061655,71.29034557129964,82.03661058060587,83.24483205730093,79.62016762721575,15999.0,2.7000000000000455,0.0,2.7000000000000455,34.0,0.007542742205833181,2.7000000000000455,0.0,0.0,1.0,1.0,-0.006067866981252501,0.25146761152677755,0.2545015450174038,71.29034557129964,82.03661058060587,83.24483205730093,79.62016762721575,47.794117647071026,9.558823529412534,35.4891741711656,-0.033276947394693585,0.04715803489695024,0.05000000000001137,0.0,0.12000000000000455,0.0,741.0,741.0,2021-10-06,2021-10-06 18:20:00,2.438347804377381,88.0,1.0,best_within_2.0d,828.0,351.7,0.5832424107187206,4.3760036431226785,32.22527881040892,0.012230020343504162,2.285057100371749,15.890706319702602,0.006381710269403211,0.4929364202292669,5.6011759621451125,36.843533123028394,0.015614239272951093,2.82998018927445,22.52492113564669,0.007835530045022196,1.8630914826498424,0.00402220134195386,1.9444468750000041,16.553125,0.005470102952261012,0.0,1
742.0,2021-10-06 18:30:00,360.58,360.88,360.57,360.84,18932.0,1p,1p,0.0,sell,False,0.24926781867593575,2.920000000000016,36.0,0.008157336015197273,0.05029532051276098,0.2622155026359103,0.2873631628922908,0.000798066558783274,77.74634292915803,87.56158626930946,84.7900834007742,93.10459200637996,18932.0,2.920000000000016,0.0,2.920000000000016,36.0,0.008157336015197273,2.920000000000016,0.0,0.0,1.0,1.0,0.05029532051276098,0.2873631628922908,0.2622155026359103,77.74634292915803,87.56158626930946,84.7900834007742,93.10459200637996,54.16666666667499,6.547619047616893,40.91527480173407,0.07210605136169253,0.08597498405302778,0.040000000000020464,0.009999999999990905,0.2599999999999909,1.0,743.0,743.0,2021-10-06,2021-10-06 18:30:00,2.532978605476108,86.0,1.0,best_within_2.0d,828.0,351.7,0.5832424107187206,4.3760036431226785,32.22527881040892,0.012230020343504162,2.285057100371749,15.890706319702602,0.006381710269403211,0.4929364202292669,5.6011759621451125,36.843533123028394,0.015614239272951093,2.82998018927445,22.52492113564669,0.007835530045022196,1.8630914826498424,0.00402220134195386,1.9444468750000041,16.553125,0.005470102952261012,0.0,1
743.0,2021-10-06 18:35:00,360.87,361.01,360.86,360.96,24945.0,1p,1p,0.0,sell,False,0.2492678186759357,3.0500000000000114,37.0,0.008520505084367,0.08256245015009078,0.27253580890467166,0.31381703397971705,0.0008713756048106677,79.48183555936211,89.98951112111995,86.52322597422277,96.92208141491429,24945.0,3.0500000000000114,0.0,3.0500000000000114,37.0,0.008520505084367,3.0500000000000114,0.0,0.0,1.0,1.0,0.08256245015009078,0.31381703397971705,0.27253580890467166,79.48183555936211,89.98951112111995,86.52322597422277,96.92208141491429,57.30337078652173,6.179775280896741,43.74496756241985,0.024939728988271397,0.0415673668458619,0.05000000000001137,0.009999999999990905,0.08999999999997499,1.0,744.0,744.0,2021-10-06,2021-10-06 18:35:00,2.5653812056737566,85.0,1.0,best_within_2.0d,828.0,351.7,0.5832424107187206,4.3760036431226785,32.22527881040892,0.012230020343504162,2.285057100371749,15.890706319702602,0.006381710269403211,0.4929364202292669,5.6011759621451125,36.843533123028394,0.015614239272951093,2.82998018927445,22.52492113564669,0.007835530045022196,1.8630914826498424,0.00402220134195386,1.9444468750000041,16.553125,0.005470102952261012,0.0,1
746.0,2021-10-06 18:50:00,360.9,361.07,360.89,361.02,12112.0,1p,1p,0.0,sell,False,0.24926781867593575,3.1100000000000136,40.0,0.008688121577829964,0.07608998917544796,0.3013218851340275,0.3393668797217515,0.0009418970613676762,77.36464382467237,89.40407597569464,87.85200253982093,92.50822284744206,12112.0,3.1100000000000136,0.0,3.1100000000000136,40.0,0.008688121577829964,3.1100000000000136,0.0,0.0,1.0,1.0,0.07608998917544796,0.3393668797217515,0.3013218851340275,77.36464382467237,89.40407597569464,87.85200253982093,92.50822284744206,54.20560747663703,6.5420560747657595,50.71982313482761,0.0332502078138001,0.049876693729393115,0.05000000000001137,0.009999999999990905,0.12000000000000455,1.0,747.0,747.0,2021-10-06,2021-10-06 18:50:00,2.5815744280095267,82.0,1.0,best_within_2.0d,828.0,351.7,0.5832424107187206,4.3760036431226785,32.22527881040892,0.012230020343504162,2.285057100371749,15.890706319702602,0.006381710269403211,0.4929364202292669,5.6011759621451125,36.843533123028394,0.015614239272951093,2.82998018927445,22.52492113564669,0.007835530045022196,1.8630914826498424,0.00402220134195386,1.9444468750000041,16.553125,0.005470102952261012,0.0,1
747.0,2021-10-06 18:55:00,361.03,361.09,361.0,361.0,3730.0,1p,1p,0.0,sell,False,0.24926781867593575,3.1299999999999955,41.0,0.008743993742317565,0.06649481272270719,0.3096337367243659,0.3428811430857195,0.0009515140861522446,76.2396114438601,89.5269597413731,88.41032160700499,91.76023601010934,3730.0,3.1299999999999955,0.0,3.1299999999999955,41.0,0.008743993742317565,3.1299999999999955,0.0,0.0,1.0,1.0,0.06649481272270719,0.3428811430857195,0.3096337367243659,76.2396114438601,89.5269597413731,88.41032160700499,91.76023601010934,50.471698113208475,6.60377358490518,52.58694320607087,-0.008309558762422158,0.024930747922430746,0.060000000000002274,0.0,0.029999999999972715,0.0,748.0,748.0,2021-10-06,2021-10-06 18:55:00,2.576177285318563,81.0,1.0,best_within_2.0d,828.0,351.7,0.5832424107187206,4.3760036431226785,32.22527881040892,0.012230020343504162,2.285057100371749,15.890706319702602,0.006381710269403211,0.4929364202292669,5.6011759621451125,36.843533123028394,0.015614239272951093,2.82998018927445,22.52492113564669,0.007835530045022196,1.8630914826498424,0.00402220134195386,1.9444468750000041,16.553125,0.005470102952261012,0.0,1
748.0,2021-10-06 19:00:00,361.06,361.43,361.06,361.43,28754.0,1p,1p,0.0,sell,False,0.24926781867593575,3.4700000000000273,42.0,0.009693820538607742,0.10623242158655855,0.3229127894226857,0.37602900021596497,0.0010432702932336054,82.2246174593592,93.0179731609154,89.94620545830846,99.1615085661293,28754.0,3.4700000000000273,0.0,3.4700000000000273,42.0,0.009693820538607742,3.4700000000000273,0.0,0.0,1.0,1.0,0.10623242158655855,0.37602900021596497,0.3229127894226857,82.2246174593592,93.0179731609154,89.94620545830846,99.1615085661293,54.58167330677555,5.577689243027365,54.64908680866484,0.10247604276297695,0.10247604276297695,0.0,0.0,0.37000000000000455,1.0,749.0,749.0,2021-10-06,2021-10-06 19:00:00,2.692084221010989,80.0,1.0,best_within_2.0d,828.0,351.7,0.5832424107187206,4.3760036431226785,32.22527881040892,0.012230020343504162,2.285057100371749,15.890706319702602,0.006381710269403211,0.4929364202292669,5.6011759621451125,36.843533123028394,0.015614239272951093,2.82998018927445,22.52492113564669,0.007835530045022196,1.8630914826498424,0.00402220134195386,1.9444468750000041,16.553125,0.005470102952261012,0.0,1
749.0,2021-10-06 19:05:00,361.41,361.5,361.35,361.37,9164.0,1p,1p,0.0,sell,False,0.2492678186759358,3.5400000000000205,43.0,0.009889373114314506,0.11202431771351129,0.3369158291368746,0.39292798799363027,0.0010899456423976491,79.22583237706277,90.87796148872052,90.25679080177915,92.12030286260324,9164.0,3.5400000000000205,0.0,3.5400000000000205,43.0,0.009889373114314506,3.5400000000000205,0.0,0.0,1.0,1.0,0.11202431771351129,0.39292798799363027,0.3369158291368746,79.22583237706277,90.87796148872052,90.25679080177915,92.12030286260324,53.816793893131795,5.343511450381265,56.59811517025804,-0.011067762375147467,0.04151100041510371,0.08999999999997499,0.01999999999998181,0.040000000000020464,0.0,750.0,750.0,2021-10-06,2021-10-06 19:05:00,2.6759277195118623,79.0,1.0,best_within_2.0d,828.0,351.7,0.5832424107187206,4.3760036431226785,32.22527881040892,0.012230020343504162,2.285057100371749,15.890706319702602,0.006381710269403211,0.4929364202292669,5.6011759621451125,36.843533123028394,0.015614239272951093,2.82998018927445,22.52492113564669,0.007835530045022196,1.8630914826498424,0.00402220134195386,1.9444468750000041,16.553125,0.005470102952261012,1.0,1
766.0,2021-10-07 04:30:00,363.02,363.33,363.02,363.21,22318.0,1p,1p,0.0,sell,False,3.0978679080125766,2.609999999999957,11.0,0.007235528942115648,0.28724827421199595,0.5274089498874771,0.6710330869934751,0.0018552755329221814,80.61230151467299,85.99134147509102,79.19789782387329,99.57822877752648,22318.0,2.609999999999957,0.0,2.609999999999957,11.0,0.007235528942115648,2.609999999999957,0.0,0.0,1.0,1.0,0.28724827421199595,0.6710330869934751,0.5274089498874771,80.61230151467299,85.99134147509102,79.19789782387329,99.57822877752648,63.213530655390315,12.684989429174554,49.17428878053386,0.05233871412043352,0.08539474409123528,0.12000000000000455,0.0,0.18999999999999773,1.0,767.0,767.0,2021-10-07,2021-10-07 04:30:00,3.1689656121802794,62.0,1.0,best_within_2.0d,828.0,351.7,0.5832424107187206,4.3760036431226785,32.22527881040892,0.012230020343504162,2.285057100371749,15.890706319702602,0.006381710269403211,0.4929364202292669,5.6011759621451125,36.843533123028394,0.015614239272951093,2.82998018927445,22.52492113564669,0.007835530045022196,1.8630914826498424,0.00402220134195386,1.9444468750000041,16.553125,0.005470102952261012,0.0,1
767.0,2021-10-07 04:35:00,363.44,363.48,363.28,363.41,7975.0,1p,1p,0.0,sell,False,3.0978679080125766,2.759999999999991,12.0,0.0076513639387890625,0.2842586124194375,0.5629412764399068,0.7050705826496255,0.0019486957978964046,82.02504342350912,89.75650155186956,82.71743239987205,103.83463985586457,7975.0,2.759999999999991,0.0,2.759999999999991,12.0,0.0076513639387890625,2.759999999999991,0.0,0.0,1.0,1.0,0.2842586124194375,0.7050705826496255,0.5629412764399068,82.02504342350912,89.75650155186956,82.71743239987205,103.83463985586457,64.08163265306092,11.836734693875846,50.577354174858506,-0.008254457406992273,0.05505395287382886,0.040000000000020464,0.1300000000000523,0.029999999999972715,0.0,768.0,768.0,2021-10-07,2021-10-07 04:35:00,3.2222558542692923,61.0,1.0,best_within_2.0d,828.0,351.7,0.5832424107187206,4.3760036431226785,32.22527881040892,0.012230020343504162,2.285057100371749,15.890706319702602,0.006381710269403211,0.4929364202292669,5.6011759621451125,36.843533123028394,0.015614239272951093,2.82998018927445,22.52492113564669,0.007835530045022196,1.8630914826498424,0.00402220134195386,1.9444468750000041,16.553125,0.005470102952261012,0.0,1
769.0,2021-10-07 04:45:00,363.25,363.48,363.25,363.42,11606.0,1p,1p,0.0,sell,False,3.0978679080125766,2.759999999999991,14.0,0.0076513639387890625,0.2091809386449417,0.6194862814938522,0.7240767508163231,0.0020000067468022653,79.62183524054655,87.1140006897198,84.65411856346003,92.03376494223937,11606.0,2.759999999999991,0.0,2.759999999999991,14.0,0.0076513639387890625,2.759999999999991,0.0,0.0,1.0,1.0,0.2091809386449417,0.7240767508163231,0.6194862814938522,79.62183524054655,87.1140006897198,84.65411856346003,92.03376494223937,64.08163265306166,7.551020408162145,54.54934272816892,0.0467997247075061,0.06331727460427204,0.060000000000002274,0.0,0.17000000000001592,1.0,770.0,770.0,2021-10-07,2021-10-07 04:45:00,3.2249188267018947,59.0,1.0,best_within_2.0d,828.0,351.7,0.5832424107187206,4.3760036431226785,32.22527881040892,0.012230020343504162,2.285057100371749,15.890706319702602,0.006381710269403211,0.4929364202292669,5.6011759621451125,36.843533123028394,0.015614239272951093,2.82998018927445,22.52492113564669,0.007835530045022196,1.8630914826498424,0.00402220134195386,1.9444468750000041,16.553125,0.005470102952261012,1.0,1
785.0,2021-10-07 06:05:00,363.32,363.32,363.28,363.28,600.0,2,2,0.0,sell,False,0.7460317460317045,4.163492493946733,28.239017640954685,0.011578080659927173,-0.15442779733312206,0.36416839461673056,0.28695449595016953,0.0007909567403632283,65.85927776244552,64.11659726024612,43.297385419052944,105.75502094263248,600.0,0.46999999999997044,1.0,0.6299999999999955,12.0,0.0017332452954770426,0.46999999999997044,6.0,0.0012953010886040247,2.0,2.0,-0.15442779733312206,0.28695449595016953,0.36416839461673056,65.85927776244552,64.11659726024612,43.297385419052944,105.75502094263248,33.33333333333028,23.65591397849127,38.17187116255921,-0.011009578333155473,0.011010790574768902,0.0,0.0,0.040000000000020464,0.0,786.0,786.0,2021-10-07,2021-10-07 06:05:00,3.1876238713939617,43.0,1.0,best_within_2.0d,828.0,351.7,0.7460317460317045,0.6299999999999955,12.0,0.0017332452954770426,0.46999999999997044,6.0,0.0012953010886040247,0.4929364202292669,5.6011759621451125,36.843533123028394,0.015614239272951093,2.82998018927445,22.52492113564669,0.007835530045022196,1.8630914826498424,0.00402220134195386,1.9444468750000041,16.553125,0.005470102952261012,1.0,1
790.0,2021-10-07 06:30:00,362.85,362.93,362.85,362.9,1530.0,1p,1p,1.0,buy,False,0.7217771333467501,0.46999999999997044,6.0,0.0012936254541450248,-0.18717194308313723,0.2640494312463884,0.1704634597048198,0.000469770910242724,51.937518658008,29.234177059138073,43.34468558602248,1.013160005369258,1530.0,0.46999999999997044,0.0,0.46999999999997044,6.0,0.0012936254541450248,0.46999999999997044,0.0,0.0,1.0,1.0,-0.18717194308313723,0.1704634597048198,0.2640494312463884,51.937518658008,29.234177059138073,43.34468558602248,1.013160005369258,27.6595744680817,35.10638297871559,30.165814739558048,0.013779798814924768,0.022047678103895296,0.03000000000002956,0.0,0.049999999999954525,1.0,791.0,791.0,2021-10-07,2021-10-07 06:30:00,0.7536511435657244,65.0,1.0,best_within_2.0d,855.0,365.635,0.5832424107187206,4.3760036431226785,32.22527881040892,0.012230020343504162,2.285057100371749,15.890706319702602,0.006381710269403211,0.4929364202292669,5.6011759621451125,36.843533123028394,0.015614239272951093,2.82998018927445,22.52492113564669,0.007835530045022196,1.8630914826498424,0.00402220134195386,1.9444468750000041,16.553125,0.005470102952261012,1.0,0
795.0,2021-10-07 06:55:00,363.32,363.55,363.21,363.52,22500.0,1,1,0.0,sell,False,2.582464462454301e-07,0.6999999999999886,6.0,0.0019291718340911908,-0.025524324001162058,0.1949503792040558,0.18218821720347478,0.0005019137612008929,67.81543313578027,74.68282006927583,57.011835465752085,110.02478927632333,22500.0,0.6999999999999886,1.0,0.6999999999999886,6.0,0.0019291718340911908,0.6999999999999886,6.0,0.0019291718340911908,1.0,1.0,-0.025524324001162058,0.18218821720347478,0.1949503792040558,67.81543313578027,74.68282006927583,57.011835465752085,110.02478927632333,44.796380090495106,21.2669683257865,25.83443582012879,0.05504789166574607,0.09360975744060787,0.03000000000002956,0.11000000000001364,0.19999999999998863,1.0,796.0,796.0,2021-10-07,2021-10-07 06:55:00,3.2515404929577447,33.0,1.0,best_within_2.0d,828.0,351.7,0.5832424107187206,4.3760036431226785,32.22527881040892,0.012230020343504162,2.285057100371749,15.890706319702602,0.006381710269403211,0.4929364202292669,5.6011759621451125,36.843533123028394,0.015614239272951093,2.82998018927445,22.52492113564669,0.007835530045022196,1.8630914826498424,0.00402220134195386,1.9444468750000041,16.553125,0.005470102952261012,0.0,1
796.0,2021-10-07 07:00:00,363.51,363.91,363.44,363.63,49266.0,1,1,0.0,sell,False,0.04336431326744911,1.0600000000000023,7.0,0.002921317348766714,0.016791833497773245,0.19704935839127746,0.20544527514016409,0.0005659108237861302,69.95234500971786,74.3168485996421,62.78017317704875,97.3901994448288,49266.0,1.0600000000000023,1.0,1.0600000000000023,7.0,0.002921317348766714,1.0600000000000023,7.0,0.002921317348766714,1.0,1.0,0.016791833497773245,0.20544527514016409,0.19704935839127746,69.95234500971786,74.3168485996421,62.78017317704875,97.3901994448288,53.99999999999723,17.199999999996827,27.680932780007577,0.03301147148634276,0.12931983270967073,0.28000000000002956,0.06999999999999318,0.12000000000000455,1.0,797.0,797.0,2021-10-07,2021-10-07 07:00:00,3.2808074141297494,32.0,1.0,best_within_2.0d,828.0,351.7,0.5832424107187206,4.3760036431226785,32.22527881040892,0.012230020343504162,2.285057100371749,15.890706319702602,0.006381710269403211,0.4929364202292669,5.6011759621451125,36.843533123028394,0.015614239272951093,2.82998018927445,22.52492113564669,0.007835530045022196,1.8630914826498424,0.00402220134195386,1.9444468750000041,16.553125,0.005470102952261012,0.0,1
798.0,2021-10-07 07:10:00,363.82,363.94,363.78,363.88,52983.0,1,1,0.0,sell,False,0.23946302836590577,1.089999999999975,9.0,0.0030039961416562628,0.09272655320039791,0.21652671692075848,0.26288999352095743,0.0007239133474696984,74.2192344717121,84.8636112061333,73.97854967788427,106.63373426263135,52983.0,1.089999999999975,1.0,1.089999999999975,9.0,0.0030039961416562628,1.089999999999975,9.0,0.0030039961416562628,1.0,1.0,0.09272655320039791,0.26288999352095743,0.21652671692075848,74.2192344717121,84.8636112061333,73.97854967788427,106.63373426263135,44.93927125505538,17.408906882587676,30.44984474674876,0.0164916717057892,0.043982626862396235,0.060000000000002274,0.040000000000020464,0.060000000000002274,1.0,799.0,799.0,2021-10-07,2021-10-07 07:10:00,3.347257337583821,30.0,1.0,best_within_2.0d,828.0,351.7,0.5832424107187206,4.3760036431226785,32.22527881040892,0.012230020343504162,2.285057100371749,15.890706319702602,0.006381710269403211,0.4929364202292669,5.6011759621451125,36.843533123028394,0.015614239272951093,2.82998018927445,22.52492113564669,0.007835530045022196,1.8630914826498424,0.00402220134195386,1.9444468750000041,16.553125,0.005470102952261012,0.0,1
799.0,2021-10-07 07:15:00,357.04,357.51,356.98,357.4101,393585.0,2,2,0.0,sell,False,0.7635658914728615,4.163492493946733,28.239017640954685,0.011578080659927173,-0.14613627268880092,0.46010411516917016,0.3870359788247697,0.0010863313791201592,60.777898609141076,68.21415370164964,49.90494969290424,104.83256171914041,393585.0,1.9699999999999704,1.0,2.579999999999984,7.0,0.007204289065117793,1.9699999999999704,8.0,0.0055408674129492335,2.0,2.0,-0.14613627268880092,0.3870359788247697,0.46010411516917016,60.777898609141076,68.21415370164964,49.90494969290424,104.83256171914041,15.091802580919541,16.54187706773498,27.050435601376204,0.10365785346179122,0.14846770127177228,0.099899999999991,0.060000000000002274,0.37009999999997945,1.0,800.0,800.0,2021-10-07,2021-10-07 07:15:00,3.405657786322448,29.0,1.0,best_within_2.0d,828.0,351.7,0.7635658914728615,2.579999999999984,7.0,0.007204289065117793,1.9699999999999704,8.0,0.0055408674129492335,0.4929364202292669,5.6011759621451125,36.843533123028394,0.015614239272951093,2.82998018927445,22.52492113564669,0.007835530045022196,1.8630914826498424,0.00402220134195386,1.9444468750000041,16.553125,0.005470102952261012,0.0,1
799.0,2021-10-07 07:15:00,363.9,364.14,363.85,364.1,62396.0,1,1,0.0,sell,False,0.3371963799749725,1.2899999999999636,10.0,0.0035551880942537232,0.13057154701540813,0.2328481602976845,0.29813393380538855,0.0008208048165610698,77.43084914647976,88.82506329731476,78.92738755102776,108.62041478988877,62396.0,1.2899999999999636,1.0,1.2899999999999636,10.0,0.0035551880942537232,1.2899999999999636,10.0,0.0035551880942537232,1.0,1.0,0.13057154701540813,0.29813393380538855,0.2328481602976845,77.43084914647976,88.82506329731476,78.92738755102776,108.62041478988877,47.05882352940832,15.808823529409105,31.825398860494197,0.054960153888443386,0.07970317438503878,0.03999999999996362,0.049999999999954525,0.20000000000004547,1.0,800.0,800.0,2021-10-07,2021-10-07 07:15:00,3.405657786322448,29.0,1.0,best_within_2.0d,828.0,351.7,0.5832424107187206,4.3760036431226785,32.22527881040892,0.012230020343504162,2.285057100371749,15.890706319702602,0.006381710269403211,0.4929364202292669,5.6011759621451125,36.843533123028394,0.015614239272951093,2.82998018927445,22.52492113564669,0.007835530045022196,1.8630914826498424,0.00402220134195386,1.9444468750000041,16.553125,0.005470102952261012,0.0,1
800.0,2021-10-07 07:20:00,364.09,364.16,364.05,364.16,15941.0,1,1,0.0,sell,False,0.3895899042007713,1.3100000000000023,11.0,0.003610307289513579,0.150859734902418,0.2517056271604868,0.3271354946116958,0.0009004778570644104,78.22746664534125,92.55004219820984,83.46827243342179,110.71358172778594,15941.0,1.3100000000000023,1.0,1.3100000000000023,11.0,0.003610307289513579,1.3100000000000023,11.0,0.003610307289513579,1.0,1.0,0.150859734902418,0.3271354946116958,0.2517056271604868,78.22746664534125,92.55004219820984,83.46827243342179,110.71358172778594,47.445255474450846,13.138686131384697,33.596906515037524,0.019226015545620596,0.030215629721195892,0.0,0.03999999999996362,0.07000000000005002,1.0,801.0,801.0,2021-10-07,2021-10-07 07:20:00,3.4215729349736477,28.0,1.0,best_within_2.0d,828.0,351.7,0.5832424107187206,4.3760036431226785,32.22527881040892,0.012230020343504162,2.285057100371749,15.890706319702602,0.006381710269403211,0.4929364202292669,5.6011759621451125,36.843533123028394,0.015614239272951093,2.82998018927445,22.52492113564669,0.007835530045022196,1.8630914826498424,0.00402220134195386,1.9444468750000041,16.553125,0.005470102952261012,0.0,1
801.0,2021-10-07 07:25:00,364.17,364.17,364.1,364.1,24820.0,1,1,0.0,sell,False,0.3895899042007713,1.3199999999999932,12.0,0.0036378668871434286,0.1434200374639938,0.26963313184348603,0.3413431505754829,0.0009394310914210279,75.36278576341122,93.03905947117144,86.65853477933834,105.80010885483767,24820.0,1.3199999999999932,1.0,1.3199999999999932,12.0,0.0036378668871434286,1.3199999999999932,12.0,0.0036378668871434286,1.0,1.0,0.1434200374639938,0.3413431505754829,0.26963313184348603,75.36278576341122,93.03905947117144,86.65853477933834,105.80010885483767,48.16176470588095,11.02941176470387,35.678050282153634,-0.01922179202020847,0.019225487503431248,0.0,0.0,0.06999999999999318,0.0,802.0,802.0,2021-10-07,2021-10-07 07:25:00,3.405657786322448,27.0,1.0,best_within_2.0d,828.0,351.7,0.5832424107187206,4.3760036431226785,32.22527881040892,0.012230020343504162,2.285057100371749,15.890706319702602,0.006381710269403211,0.4929364202292669,5.6011759621451125,36.843533123028394,0.015614239272951093,2.82998018927445,22.52492113564669,0.007835530045022196,1.8630914826498424,0.00402220134195386,1.9444468750000041,16.553125,0.005470102952261012,0.0,1
802.0,2021-10-07 07:30:00,364.15,364.23,364.0,364.17,33098.0,1,1,0.0,sell,False,0.3895899042007713,1.3799999999999955,13.0,0.0038032244729226824,0.13525674923147069,0.28654022549741986,0.3541686001131552,0.0009745660514710701,76.44647406774519,93.49021410227621,88.93576122031763,102.59911986619335,33098.0,1.3799999999999955,1.0,1.3799999999999955,13.0,0.0038032244729226824,1.3799999999999955,13.0,0.0038032244729226824,1.0,1.0,0.13525674923147069,0.3541686001131552,0.28654022549741986,76.44647406774519,93.49021410227621,88.93576122031763,102.59911986619335,47.63636363636273,7.636363636362735,38.29879105147366,0.005492242207891983,0.06318681318681818,0.060000000000002274,0.14999999999997726,0.020000000000038654,1.0,803.0,803.0,2021-10-07,2021-10-07 07:30:00,3.4242249498860495,26.0,1.0,best_within_2.0d,828.0,351.7,0.5832424107187206,4.3760036431226785,32.22527881040892,0.012230020343504162,2.285057100371749,15.890706319702602,0.006381710269403211,0.4929364202292669,5.6011759621451125,36.843533123028394,0.015614239272951093,2.82998018927445,22.52492113564669,0.007835530045022196,1.8630914826498424,0.00402220134195386,1.9444468750000041,16.553125,0.005470102952261012,0.0,1
803.0,2021-10-07 07:35:00,364.17,364.44,364.17,364.34,35354.0,1,1,0.0,sell,False,0.3895899042007713,1.589999999999975,14.0,0.0043819760231499924,0.13952311663838157,0.3039806150772176,0.37374217339640836,0.0010282320907439835,78.87651666923311,92.95011563457922,90.27387935840483,98.302588186928,35354.0,1.589999999999975,1.0,1.589999999999975,14.0,0.0043819760231499924,1.589999999999975,14.0,0.0043819760231499924,1.0,1.0,0.13952311663838157,0.37374217339640836,0.3039806150772176,78.87651666923311,92.95011563457922,90.27387935840483,98.302588186928,52.961672473866884,4.8780487804873225,41.50120098497434,0.04668149490621387,0.07414119779223488,0.10000000000002274,0.0,0.16999999999995907,1.0,804.0,804.0,2021-10-07,2021-10-07 07:35:00,3.4692869297908513,25.0,1.0,best_within_2.0d,828.0,351.7,0.5832424107187206,4.3760036431226785,32.22527881040892,0.012230020343504162,2.285057100371749,15.890706319702602,0.006381710269403211,0.4929364202292669,5.6011759621451125,36.843533123028394,0.015614239272951093,2.82998018927445,22.52492113564669,0.007835530045022196,1.8630914826498424,0.00402220134195386,1.9444468750000041,16.553125,0.005470102952261012,1.0,1
807.0,2021-10-07 07:55:00,364.15,364.16,364.04,364.16,24910.0,3a,3a,1.0,buy,False,0.0012953010886040247,4.163492493946733,28.239017640954685,0.011578080659927173,0.020805247723822085,0.3383145555746512,0.3487171794365622,0.0009588858943951846,70.11024598782579,67.59146734583842,77.97891933289279,46.8165633717297,24910.0,0.39999999999997726,2.0,0.39999999999997726,5.0,0.0010975743606628724,0.39999999999997726,5.0,0.0010975743606628724,3.0,3.0,0.020805247723822085,0.3487171794365622,0.3383145555746512,70.11024598782579,67.59146734583842,77.97891933289279,46.8165633717297,42.2442244224436,9.240924092408424,50.57197529759427,0.0027461211039537963,0.032963410614219465,0.0,0.1099999999999568,0.010000000000047748,1.0,808.0,808.0,2021-10-07,2021-10-07 07:55:00,0.4050417398945424,48.0,1.0,best_within_2.0d,855.0,365.635,0.5832424107187206,4.3760036431226785,32.22527881040892,0.012230020343504162,2.285057100371749,15.890706319702602,0.006381710269403211,0.4929364202292669,5.6011759621451125,36.843533123028394,0.015614239272951093,2.82998018927445,22.52492113564669,0.007835530045022196,1.8630914826498424,0.0012953010886040247,0.39999999999997726,5.0,0.0010975743606628724,0.0,0
827.0,2021-10-07 09:35:00,364.07,364.45,363.62,363.68,865258.0,1,1,0.0,sell,False,2.582464462454301e-07,4.779999999999973,18.0,0.013289960241332256,-0.040417377883372324,-0.06365714063588966,-0.08386582957757582,-0.00023069154861837454,52.53027576974443,49.59066588729971,36.254115166256085,76.26376732938695,865258.0,4.779999999999973,1.0,4.779999999999973,18.0,0.013289960241332256,4.779999999999973,18.0,0.013289960241332256,1.0,1.0,-0.040417377883372324,-0.08386582957757582,-0.06365714063588966,52.53027576974443,49.59066588729971,36.254115166256085,76.26376732938695,32.03539823008899,27.610619469026975,66.5765678984883,-0.10712225670887092,0.22826027171222266,0.37999999999999545,0.060000000000002274,0.38999999999998636,0.0,828.0,828.0,2021-10-07,2021-10-07 09:35:00,3.294104707435113,1.0,1.0,best_within_2.0d,828.0,351.7,0.5832424107187206,4.3760036431226785,32.22527881040892,0.012230020343504162,2.285057100371749,15.890706319702602,0.006381710269403211,0.4929364202292669,5.6011759621451125,36.843533123028394,0.015614239272951093,2.82998018927445,22.52492113564669,0.007835530045022196,1.8630914826498424,0.00402220134195386,1.9444468750000041,16.553125,0.005470102952261012,0.0,1
828.0,2021-10-07 09:40:00,358.0,358.12,357.16,357.72,604485.0,1p,1p,0.0,sell,False,1.2627262448984466,6.28000000000003,48.0,0.01784902228285593,0.4065719712161435,0.7781572154333007,0.9814432010413725,0.0027596630719693904,64.77666688851124,87.71358531839672,80.47465712753612,102.19144170011793,604485.0,6.28000000000003,0.0,6.28000000000003,48.0,0.01784902228285593,6.28000000000003,0.0,0.0,1.0,1.0,0.4065719712161435,0.9814432010413725,0.7781572154333007,64.77666688851124,87.71358531839672,80.47465712753612,102.19144170011793,27.1987183069728,18.560951830945463,34.653523931666236,-0.07821229050278566,0.2687870982192797,0.12000000000000455,0.5600000000000023,0.2799999999999727,0.0,829.0,829.0,2021-10-07,2021-10-07 09:40:00,-0.1313876775131305,272.0,1.0,best_within_2.0d,1100.0,358.19,0.5832424107187206,4.3760036431226785,32.22527881040892,0.012230020343504162,2.285057100371749,15.890706319702602,0.006381710269403211,0.4929364202292669,5.6011759621451125,36.843533123028394,0.015614239272951093,2.82998018927445,22.52492113564669,0.007835530045022196,1.8630914826498424,0.00402220134195386,1.9444468750000041,16.553125,0.005470102952261012,0.0,1
828.0,2021-10-07 09:40:00,352.07,352.38,351.84,352.31,46624.0,2,2,1.0,buy,False,0.8431372549019892,4.163492493946733,28.239017640954685,0.011578080659927173,0.25152382514687277,-0.5092739258141405,-0.38351201324070416,-0.00108763644595524,43.53621273830812,35.64571599518316,38.062127334952066,30.81289331564534,46624.0,0.8600000000000136,1.0,1.0199999999999818,8.0,0.0029003639672428964,0.8600000000000136,9.0,0.002438332860788244,2.0,2.0,0.25152382514687277,-0.38351201324070416,-0.5092739258141405,43.53621273830812,35.64571599518316,38.062127334952066,30.81289331564534,28.238341968908863,22.279792746112133,36.04028865631735,0.06816826199335618,0.15347885402456246,0.06999999999999318,0.2300000000000182,0.2400000000000091,1.0,829.0,829.0,2021-10-07,2021-10-07 09:40:00,-0.1313876775131305,272.0,1.0,best_within_2.0d,1100.0,358.19,0.8431372549019892,1.0199999999999818,8.0,0.0029003639672428964,0.8600000000000136,9.0,0.002438332860788244,0.4929364202292669,5.6011759621451125,36.843533123028394,0.015614239272951093,2.82998018927445,22.52492113564669,0.007835530045022196,1.8630914826498424,0.00402220134195386,1.9444468750000041,16.553125,0.005470102952261012,0.0,0
828.0,2021-10-07 09:40:00,351.68,352.0,351.68,351.7,38710.0,1p,1p,1.0,buy,False,2.322927138519316,6.089999999999975,40.0,0.01702210917628637,0.07327323902616678,-1.0728320360395085,-1.036195416526425,-0.0029316849989268886,23.503001444159608,12.174978031354199,15.30495597499326,5.915022144076072,38710.0,6.089999999999975,0.0,6.089999999999975,40.0,0.01702210917628637,6.089999999999975,0.0,0.0,1.0,1.0,0.07327323902616678,-1.036195416526425,-1.0728320360395085,23.503001444159608,12.174978031354199,15.30495597499326,5.915022144076072,3.314917127071875,38.67403314917083,69.27808474824141,0.005686988171059432,0.09099181073703173,0.30000000000001137,0.0,0.01999999999998181,1.0,829.0,829.0,2021-10-07,2021-10-07 09:40:00,-0.1313876775131305,272.0,1.0,best_within_2.0d,1100.0,358.19,0.5832424107187206,4.3760036431226785,32.22527881040892,0.012230020343504162,2.285057100371749,15.890706319702602,0.006381710269403211,0.4929364202292669,5.6011759621451125,36.843533123028394,0.015614239272951093,2.82998018927445,22.52492113564669,0.007835530045022196,1.8630914826498424,0.00402220134195386,1.9444468750000041,16.553125,0.005470102952261012,0.0,0
828.0,2021-10-07 09:40:00,357.725,357.77,357.67,357.67,5006.0,2,2,0.0,sell,False,0.26717557251907914,4.163492493946733,28.239017640954685,0.011578080659927173,0.20076218301681809,-0.1690961056055175,-0.06871501409710845,-0.00019217046535282832,53.82767413197382,84.9109366212181,76.08392164999037,102.56496656367355,5006.0,0.6999999999999886,1.0,2.6200000000000045,25.0,0.007284050154299548,0.6999999999999886,19.0,0.0019603999215839713,2.0,2.0,0.20076218301681809,-0.06871501409710845,-0.1690961056055175,53.82767413197382,84.9109366212181,76.08392164999037,102.56496656367355,47.41379310344334,14.65517241379906,33.624242114918715,-0.015374938849676934,0.02795873291021497,0.04499999999995907,0.0,0.05500000000000682,0.0,829.0,829.0,2021-10-07,2021-10-07 09:40:00,-0.1313876775131305,272.0,1.0,best_within_2.0d,1100.0,358.19,0.26717557251907914,2.6200000000000045,25.0,0.007284050154299548,0.6999999999999886,19.0,0.0019603999215839713,0.4929364202292669,5.6011759621451125,36.843533123028394,0.015614239272951093,2.82998018927445,22.52492113564669,0.007835530045022196,1.8630914826498424,0.00402220134195386,1.9444468750000041,16.553125,0.005470102952261012,0.0,1
828.0,2021-10-07 09:40:00,359.47,359.69,359.35,359.45,257299.0,1p,1p,0.0,sell,False,0.5,0.7599999999999909,6.0,0.0021174045078427295,-0.05013298164003366,0.2905927879286527,0.26552629710863584,0.000739559908037069,61.2982286003056,67.24787535154272,63.2801457871446,75.18333448033896,257299.0,0.7599999999999909,0.0,0.7599999999999909,6.0,0.0021174045078427295,0.7599999999999909,0.0,0.0,1.0,1.0,-0.05013298164003366,0.26552629710863584,0.2905927879286527,61.2982286003056,67.24787535154272,63.2801457871446,75.18333448033896,30.638715389952775,9.572355038647858,40.69805444921012,-0.00556374662698936,0.09461527758452065,0.21999999999997044,0.0999999999999659,0.020000000000038654,0.0,829.0,829.0,2021-10-07,2021-10-07 09:40:00,-0.1313876775131305,272.0,1.0,best_within_2.0d,1100.0,358.19,0.5832424107187206,4.3760036431226785,32.22527881040892,0.012230020343504162,2.285057100371749,15.890706319702602,0.006381710269403211,0.4929364202292669,5.6011759621451125,36.843533123028394,0.015614239272951093,2.82998018927445,22.52492113564669,0.007835530045022196,1.8630914826498424,0.00402220134195386,1.9444468750000041,16.553125,0.005470102952261012,0.0,1
828.0,2021-10-07 09:40:00,359.15,359.1501,358.93,359.02,186884.0,3a,3a,1.0,buy,False,0.000667076044716157,4.163492493946733,28.239017640954685,0.011578080659927173,-0.12241956725712289,0.332824077582933,0.27161429395437153,0.0007569136358336567,54.53054099288495,44.27910200526732,60.26070911572443,12.315887784353109,186884.0,0.7099999999999795,2.0,0.7099999999999795,5.0,0.001974196418640806,0.7099999999999795,5.0,0.001974196418640806,3.0,3.0,-0.12241956725712289,0.27161429395437153,0.332824077582933,54.53054099288495,44.27910200526732,60.26070911572443,12.315887784353109,21.292085750765295,11.20046593938173,35.85695152093941,-0.03619657524710997,0.061321148970551964,0.00010000000003174137,0.08999999999997499,0.12999999999999545,0.0,829.0,829.0,2021-10-07,2021-10-07 09:40:00,-0.1313876775131305,272.0,1.0,best_within_2.0d,1100.0,358.19,0.5832424107187206,4.3760036431226785,32.22527881040892,0.012230020343504162,2.285057100371749,15.890706319702602,0.006381710269403211,0.4929364202292669,5.6011759621451125,36.843533123028394,0.015614239272951093,2.82998018927445,22.52492113564669,0.007835530045022196,1.8630914826498424,0.000667076044716157,0.7099999999999795,5.0,0.001974196418640806,0.0,0
831.0,2021-10-07 09:55:00,364.1,364.62,363.92,364.6,672273.0,1,1,0.0,sell,False,0.530571943076937,4.949999999999989,22.0,0.013762615731086798,0.2054517887044596,-0.016370657061966627,0.08635523729026318,0.0002374502374553997,63.00362512446616,77.30339425900404,62.09628457951743,107.71761361797724,672273.0,4.949999999999989,1.0,4.949999999999989,22.0,0.013762615731086798,4.949999999999989,22.0,0.013762615731086798,1.0,1.0,0.2054517887044596,0.08635523729026318,-0.016370657061966627,63.00362512446616,77.30339425900404,62.09628457951743,107.71761361797724,26.335403726708094,20.124223602484502,51.440977205278614,0.137324910738808,0.1923499670257168,0.01999999999998181,0.18000000000000682,0.5,1.0,832.0,832.0,2021-10-07,2021-10-07 09:55:00,1.7580910586944665,269.0,1.0,best_within_2.0d,1100.0,358.19,0.5832424107187206,4.3760036431226785,32.22527881040892,0.012230020343504162,2.285057100371749,15.890706319702602,0.006381710269403211,0.4929364202292669,5.6011759621451125,36.843533123028394,0.015614239272951093,2.82998018927445,22.52492113564669,0.007835530045022196,1.8630914826498424,0.00402220134195386,1.9444468750000041,16.553125,0.005470102952261012,0.0,1
832.0,2021-10-07 10:00:00,364.61,365.1,364.4,364.99,966304.0,1,1,0.0,sell,False,0.8022800993707738,5.430000000000007,23.0,0.015097172408040722,0.31066452647650744,0.022462408747596804,0.17779467198585053,0.0004887497599002806,66.64862703600656,83.5823797984002,69.25831631914502,112.23050675691053,966304.0,5.430000000000007,1.0,5.430000000000007,23.0,0.015097172408040722,5.430000000000007,23.0,0.015097172408040722,1.0,1.0,0.31066452647650744,0.17779467198585053,0.022462408747596804,66.64862703600656,83.5823797984002,69.25831631914502,112.23050675691053,30.303030303030425,17.948717948717437,49.59546917163736,0.10422094841062929,0.1920965971460059,0.11000000000001364,0.21000000000003638,0.37999999999999545,1.0,833.0,833.0,2021-10-07,2021-10-07 10:00:00,1.8630647414997703,268.0,1.0,best_within_2.0d,1100.0,358.19,0.5832424107187206,4.3760036431226785,32.22527881040892,0.012230020343504162,2.285057100371749,15.890706319702602,0.006381710269403211,0.4929364202292669,5.6011759621451125,36.843533123028394,0.015614239272951093,2.82998018927445,22.52492113564669,0.007835530045022196,1.8630914826498424,0.00402220134195386,1.9444468750000041,16.553125,0.005470102952261012,0.0,1
834.0,2021-10-07 10:10:00,364.945,365.21,364.84,365.17,471022.0,1,1,0.0,sell,False,1.0090727280544853,5.539999999999964,25.0,0.015403008313175865,0.3907402183941347,0.11565609858248091,0.31102620777954826,0.000854565159935449,67.97325384955101,91.08323881667494,80.54267216977553,112.16437211047378,471022.0,5.539999999999964,1.0,5.539999999999964,25.0,0.015403008313175865,5.539999999999964,25.0,0.015403008313175865,1.0,1.0,0.3907402183941347,0.31102620777954826,0.11565609858248091,67.97325384955101,91.08323881667494,80.54267216977553,112.16437211047378,31.668558456299678,12.031782065834225,48.22955734864672,0.06165312581348498,0.10141431860541733,0.03999999999996362,0.10500000000001819,0.22500000000002274,1.0,835.0,835.0,2021-10-07,2021-10-07 10:10:00,1.9114385080921263,266.0,1.0,best_within_2.0d,1100.0,358.19,0.5832424107187206,4.3760036431226785,32.22527881040892,0.012230020343504162,2.285057100371749,15.890706319702602,0.006381710269403211,0.4929364202292669,5.6011759621451125,36.843533123028394,0.015614239272951093,2.82998018927445,22.52492113564669,0.007835530045022196,1.8630914826498424,0.00402220134195386,1.9444468750000041,16.553125,0.005470102952261012,0.0,1
835.0,2021-10-07 10:15:00,365.18,365.39,365.01,365.22,546149.0,1,1,0.0,sell,False,1.0253693511705877,5.71999999999997,26.0,0.015903467067033588,0.3970507110855286,0.16528743746817198,0.3638127930109363,0.000999343221078063,68.4363172449787,91.35707984603786,84.14747472852963,105.7762900810543,546149.0,5.71999999999997,1.0,5.71999999999997,26.0,0.015903467067033588,5.71999999999997,26.0,0.015903467067033588,1.0,1.0,0.3970507110855286,0.3638127930109363,0.16528743746817198,68.4363172449787,91.35707984603786,84.14747472852963,105.7762900810543,33.18435754189958,9.944134078212088,48.63358970679304,0.010953502382392372,0.10410673680173022,0.16999999999995907,0.17000000000001592,0.040000000000020464,1.0,836.0,836.0,2021-10-07,2021-10-07 10:15:00,1.924867203329508,265.0,1.0,best_within_2.0d,1100.0,358.19,0.5832424107187206,4.3760036431226785,32.22527881040892,0.012230020343504162,2.285057100371749,15.890706319702602,0.006381710269403211,0.4929364202292669,5.6011759621451125,36.843533123028394,0.015614239272951093,2.82998018927445,22.52492113564669,0.007835530045022196,1.8630914826498424,0.00402220134195386,1.9444468750000041,16.553125,0.005470102952261012,0.0,1
836.0,2021-10-07 10:20:00,365.22,365.56,365.1497,365.16,526792.0,1,1,0.0,sell,False,1.0253693511705877,5.889999999999986,27.0,0.01637612255678813,0.36952004358783075,0.21147744291665083,0.3962374647105662,0.0010881639459116425,67.18103821164266,88.36433810587575,85.55309585431166,93.98682260900392,526792.0,5.889999999999986,1.0,5.889999999999986,27.0,0.01637612255678813,5.889999999999986,27.0,0.01637612255678813,1.0,1.0,0.36952004358783075,0.3962374647105662,0.21147744291665083,67.18103821164266,88.36433810587575,85.55309585431166,93.98682260900392,34.129321869939396,9.673597600078082,49.14770940692824,-0.01642845408247146,0.11236487391335843,0.339999999999975,0.010300000000029286,0.060000000000002274,0.0,837.0,837.0,2021-10-07,2021-10-07 10:20:00,1.9087523277467484,264.0,1.0,best_within_2.0d,1100.0,358.19,0.5832424107187206,4.3760036431226785,32.22527881040892,0.012230020343504162,2.285057100371749,15.890706319702602,0.006381710269403211,0.4929364202292669,5.6011759621451125,36.843533123028394,0.015614239272951093,2.82998018927445,22.52492113564669,0.007835530045022196,1.8630914826498424,0.00402220134195386,1.9444468750000041,16.553125,0.005470102952261012,0.0,1
839.0,2021-10-07 10:35:00,365.54,365.65,365.1399,365.235,585367.0,1,1,0.0,sell,False,1.0253693511705877,5.979999999999961,30.0,0.01662635193371691,0.2715755562656218,0.3293478005892159,0.4651355787220268,0.001276509085833438,64.41885622451295,86.04489333239158,87.1925593183175,83.74956136053976,585367.0,5.979999999999961,1.0,5.979999999999961,30.0,0.01662635193371691,5.979999999999961,30.0,0.01662635193371691,1.0,1.0,0.2715755562656218,0.4651355787220268,0.3293478005892159,64.41885622451295,86.04489333239158,87.1925593183175,83.74956136053976,36.06918631241966,3.842875556109574,53.21157585170416,-0.08343820101767435,0.13969987941607198,0.1099999999999568,0.09510000000000218,0.3050000000000068,0.0,840.0,840.0,2021-10-07,2021-10-07 10:35:00,1.9288950949388792,261.0,1.0,best_within_2.0d,1100.0,358.19,0.5832424107187206,4.3760036431226785,32.22527881040892,0.012230020343504162,2.285057100371749,15.890706319702602,0.006381710269403211,0.4929364202292669,5.6011759621451125,36.843533123028394,0.015614239272951093,2.82998018927445,22.52492113564669,0.007835530045022196,1.8630914826498424,0.00402220134195386,1.9444468750000041,16.553125,0.005470102952261012,1.0,1
845.0,2021-10-07 11:05:00,365.3099,365.36,364.851,364.91,232612.0,3a,3a,1.0,buy,False,0.0012953010886040247,4.163492493946733,28.239017640954685,0.011578080659927173,-0.04555757702105245,0.40095818815379874,0.3781793996432725,0.0010369949817996273,54.85991086328046,38.231884333191644,56.33105900215112,2.0335349952726887,232612.0,0.7989999999999782,2.0,0.7989999999999782,7.0,0.002185149733351506,0.7989999999999782,7.0,0.002185149733351506,3.0,3.0,-0.04555757702105245,0.3781793996432725,0.40095818815379874,54.85991086328046,38.231884333191644,56.33105900215112,2.0335349952726887,25.370132105902226,9.580849174563653,58.61089950187733,-0.10946870041025505,0.13950900504589941,0.05009999999998627,0.05900000000002592,0.39990000000000236,0.0,846.0,846.0,2021-10-07,2021-10-07 11:05:00,0.19867912635991503,10.0,1.0,best_within_2.0d,855.0,365.635,0.5832424107187206,4.3760036431226785,32.22527881040892,0.012230020343504162,2.285057100371749,15.890706319702602,0.006381710269403211,0.4929364202292669,5.6011759621451125,36.843533123028394,0.015614239272951093,2.82998018927445,22.52492113564669,0.007835530045022196,1.8630914826498424,0.0012953010886040247,0.7989999999999782,7.0,0.002185149733351506,0.0,0
846.0,2021-10-07 11:10:00,364.91,365.0,364.645,364.932,314135.0,3a,3a,1.0,buy,False,0.0012953010886040247,4.163492493946733,28.239017640954685,0.011578080659927173,-0.09836550454634407,0.38866250008550574,0.3394797478123337,0.0009308315929271555,55.249872217137536,35.006994198911705,49.22303740107131,6.574907794592491,314135.0,1.0049999999999955,2.0,1.0049999999999955,8.0,0.0027485300150416943,1.0049999999999955,8.0,0.0027485300150416943,3.0,3.0,-0.09836550454634407,0.3394797478123337,0.38866250008550574,55.249872217137536,35.006994198911705,49.22303740107131,6.574907794592491,17.783619739817887,14.201766763960363,55.22429271921702,0.006028883834367751,0.0973549616750588,0.06799999999998363,0.2650000000000432,0.02199999999999136,1.0,847.0,847.0,2021-10-07,2021-10-07 11:10:00,0.19263862856641087,9.0,1.0,best_within_2.0d,855.0,365.635,0.5832424107187206,4.3760036431226785,32.22527881040892,0.012230020343504162,2.285057100371749,15.890706319702602,0.006381710269403211,0.4929364202292669,5.6011759621451125,36.843533123028394,0.015614239272951093,2.82998018927445,22.52492113564669,0.007835530045022196,1.8630914826498424,0.0012953010886040247,1.0049999999999955,8.0,0.0027485300150416943,0.0,0
847.0,2021-10-07 11:15:00,364.94,365.05,364.57,364.725,265380.0,3a,3a,1.0,buy,False,0.0012953010886040247,4.163492493946733,28.239017640954685,0.011578080659927173,-0.15981524463887276,0.36868559450564664,0.28877797218621026,0.000791807515126451,50.80275318410384,28.121946749892736,42.189340517345116,-0.01284078501203112,265380.0,1.079999999999984,2.0,1.079999999999984,9.0,0.0029536441952686563,1.079999999999984,9.0,0.0029536441952686563,3.0,3.0,-0.15981524463887276,0.28877797218621026,0.36868559450564664,50.80275318410384,28.121946749892736,42.189340517345116,-0.01284078501203112,17.613386173491794,15.501694331168936,51.73518812154011,-0.05891379404832985,0.13166195792303761,0.11000000000001364,0.15500000000002956,0.214999999999975,0.0,848.0,848.0,2021-10-07,2021-10-07 11:15:00,0.24950305024332525,8.0,1.0,best_within_2.0d,855.0,365.635,0.5832424107187206,4.3760036431226785,32.22527881040892,0.012230020343504162,2.285057100371749,15.890706319702602,0.006381710269403211,0.4929364202292669,5.6011759621451125,36.843533123028394,0.015614239272951093,2.82998018927445,22.52492113564669,0.007835530045022196,1.8630914826498424,0.0012953010886040247,1.079999999999984,9.0,0.0029536441952686563,1.0,0
852.0,2021-10-07 11:40:00,365.232,365.4,365.15,365.38,248741.0,2,2,0.0,sell,False,0.7685185185185152,4.163492493946733,28.239017640954685,0.011578080659927173,-0.07612564098304908,0.27680422877848,0.23874140828695545,0.0006543836409624749,62.90602090084751,67.11322424813662,50.05261721784238,101.23443830872509,248741.0,0.8299999999999841,1.0,1.079999999999984,9.0,0.0029536441952686563,0.8299999999999841,6.0,0.0022766546890857285,2.0,2.0,-0.07612564098304908,0.23874140828695545,0.27680422877848,62.90602090084751,67.11322424813662,50.05261721784238,101.23443830872509,12.600751700014614,16.51132981381251,39.50244399739029,0.04052218863625523,0.06846501437765302,0.01999999999998181,0.08200000000005048,0.1479999999999677,1.0,853.0,853.0,2021-10-07,2021-10-07 11:40:00,1.9678143302862767,248.0,1.0,best_within_2.0d,1100.0,358.19,0.7685185185185152,1.079999999999984,9.0,0.0029536441952686563,0.8299999999999841,6.0,0.0022766546890857285,0.4929364202292669,5.6011759621451125,36.843533123028394,0.015614239272951093,2.82998018927445,22.52492113564669,0.007835530045022196,1.8630914826498424,0.00402220134195386,1.9444468750000041,16.553125,0.005470102952261012,0.0,1
853.0,2021-10-07 11:45:00,365.39,365.46,365.32,365.4059,243733.0,2,2,0.0,sell,False,0.8240740740740736,4.163492493946733,28.239017640954685,0.011578080659927173,-0.046674354035268095,0.2709699345240715,0.24763275750643743,0.000678675781446083,63.34026797857419,76.04926560362642,58.71816667977039,110.71146345133849,243733.0,0.8899999999999864,1.0,1.079999999999984,9.0,0.0029536441952686563,0.8899999999999864,7.0,0.0024412321364895256,2.0,2.0,-0.046674354035268095,0.24763275750643743,0.2709699345240715,63.34026797857419,76.04926560362642,58.71816667977039,110.71146345133849,13.230013230012934,17.95501795501727,37.763091936970575,0.004351514819778268,0.038322566517022434,0.054100000000005366,0.06999999999999318,0.015899999999987813,1.0,854.0,854.0,2021-10-07,2021-10-07 11:45:00,1.9747628596035196,247.0,1.0,best_within_2.0d,1100.0,358.19,0.8240740740740736,1.079999999999984,9.0,0.0029536441952686563,0.8899999999999864,7.0,0.0024412321364895256,0.4929364202292669,5.6011759621451125,36.843533123028394,0.015614239272951093,2.82998018927445,22.52492113564669,0.007835530045022196,1.8630914826498424,0.00402220134195386,1.9444468750000041,16.553125,0.005470102952261012,0.0,1
854.0,2021-10-07 11:50:00,365.42,365.48,365.27,365.41,203741.0,2,2,0.0,sell,False,0.8425925925926282,4.163492493946733,28.239017640954685,0.011578080659927173,-0.030185568674159002,0.26719673843980163,0.2521039541027221,0.0006908549436446534,63.41328526211777,81.4687411716487,66.3016915103965,111.80284049415312,203741.0,0.910000000000025,1.0,1.079999999999984,9.0,0.0029536441952686563,0.910000000000025,8.0,0.0024960912856242285,2.0,2.0,-0.030185568674159002,0.2521039541027221,0.26719673843980163,63.41328526211777,81.4687411716487,66.3016915103965,111.80284049415312,13.484877672895038,19.504912348294585,36.36916931164994,-0.002736577089374119,0.05749171845485159,0.060000000000002274,0.1400000000000432,0.009999999999990905,0.0,855.0,855.0,2021-10-07,2021-10-07 11:50:00,1.9758627295366922,246.0,1.0,best_within_2.0d,1100.0,358.19,0.8425925925926282,1.079999999999984,9.0,0.0029536441952686563,0.910000000000025,8.0,0.0024960912856242285,0.4929364202292669,5.6011759621451125,36.843533123028394,0.015614239272951093,2.82998018927445,22.52492113564669,0.007835530045022196,1.8630914826498424,0.00402220134195386,1.9444468750000041,16.553125,0.005470102952261012,0.0,1
855.0,2021-10-07 11:55:00,365.43,365.66,365.415,365.635,461604.0,1p,1p,0.0,sell,False,0.014047686540231823,1.0900000000000318,9.0,0.00298982362783562,0.005577645334674308,0.2678939441066359,0.27068276677397307,0.0007416592713198649,67.26641238403397,86.88130145388098,73.16156149155799,114.32078137852699,461604.0,1.0900000000000318,0.0,1.0900000000000318,9.0,0.00298982362783562,1.0900000000000318,0.0,0.0,1.0,1.0,0.005577645334674308,0.27068276677397307,0.2678939441066359,67.26641238403397,86.88130145388098,73.16156149155799,114.32078137852699,18.03646290338277,18.280198888563394,33.81931014221757,0.05609829515912325,0.06704705608691612,0.025000000000034106,0.014999999999986358,0.20499999999998408,1.0,856.0,856.0,2021-10-07,2021-10-07 11:55:00,2.036183625746986,245.0,1.0,best_within_2.0d,1100.0,358.19,0.5832424107187206,4.3760036431226785,32.22527881040892,0.012230020343504162,2.285057100371749,15.890706319702602,0.006381710269403211,0.4929364202292669,5.6011759621451125,36.843533123028394,0.015614239272951093,2.82998018927445,22.52492113564669,0.007835530045022196,1.8630914826498424,0.00402220134195386,1.9444468750000041,16.553125,0.005470102952261012,0.0,1
856.0,2021-10-07 12:00:00,365.64,365.69,365.4287,365.47,250610.0,1p,1p,0.0,sell,False,0.014047686540231823,1.1200000000000045,10.0,0.0030721123515374403,0.001756440677916471,0.2681134991913755,0.26899171953033374,0.0007369509635339999,62.10133350194809,84.40061841473772,76.90791379928456,99.38602764564405,250610.0,1.1200000000000045,0.0,1.1200000000000045,10.0,0.0030721123515374403,1.1200000000000045,0.0,0.0,1.0,1.0,0.001756440677916471,0.26899171953033374,0.2681134991913755,62.10133350194809,84.40061841473772,76.90791379928456,99.38602764564405,17.543432177577483,18.27440851831063,31.5494177268115,-0.046493819056984756,0.07150505693723717,0.05000000000001137,0.0413000000000352,0.16999999999995907,0.0,857.0,857.0,2021-10-07,2021-10-07 12:00:00,1.991955564068194,244.0,1.0,best_within_2.0d,1100.0,358.19,0.5832424107187206,4.3760036431226785,32.22527881040892,0.012230020343504162,2.285057100371749,15.890706319702602,0.006381710269403211,0.4929364202292669,5.6011759621451125,36.843533123028394,0.015614239272951093,2.82998018927445,22.52492113564669,0.007835530045022196,1.8630914826498424,0.00402220134195386,1.9444468750000041,16.553125,0.005470102952261012,1.0,1
894.0,2021-10-07 15:10:00,364.19,364.35,363.985,364.31,256430.0,2,2,0.0,sell,False,0.3679245283018999,4.163492493946733,28.239017640954685,0.011578080659927173,0.02166510204250527,-0.25528389347695707,-0.24445134245570443,-0.0006708004092123319,46.49523308459499,62.88718148814481,42.10423786992578,104.45306872458286,256430.0,0.7800000000000296,1.0,2.1200000000000045,35.0,0.005797259974295181,0.7800000000000296,5.0,0.002145391533955028,2.0,2.0,0.02166510204250527,-0.24445134245570443,-0.25528389347695707,46.49523308459499,62.88718148814481,42.10423786992578,104.45306872458286,11.034514140104605,21.27272313607611,58.30309354932143,0.032949833877922115,0.10027885764523513,0.040000000000020464,0.20499999999998408,0.12000000000000455,1.0,895.0,895.0,2021-10-07,2021-10-07 15:10:00,1.6798880074661702,206.0,1.0,best_within_2.0d,1100.0,358.19,0.3679245283018999,2.1200000000000045,35.0,0.005797259974295181,0.7800000000000296,5.0,0.002145391533955028,0.4929364202292669,5.6011759621451125,36.843533123028394,0.015614239272951093,2.82998018927445,22.52492113564669,0.007835530045022196,1.8630914826498424,0.00402220134195386,1.9444468750000041,16.553125,0.005470102952261012,0.0,1
895.0,2021-10-07 15:15:00,364.31,364.42,364.15,364.34,244974.0,2,2,0.0,sell,False,0.40094339622642494,4.163492493946733,28.239017640954685,0.011578080659927173,0.06762547682642478,-0.24683070887365396,-0.21301797046044157,-0.000584553099712633,47.4153084135831,72.12086609013423,52.10978060999526,112.14303705041216,244974.0,0.8500000000000227,1.0,2.1200000000000045,35.0,0.005797259974295181,0.8500000000000227,6.0,0.0023379266716176328,2.0,2.0,0.06762547682642478,-0.21301797046044157,-0.24683070887365396,47.4153084135831,72.12086609013423,52.10978060999526,112.14303705041216,12.655918637265481,21.32123229881511,55.960255131848086,0.008234745134630595,0.07414526980640908,0.08000000000004093,0.160000000000025,0.029999999999972715,1.0,896.0,896.0,2021-10-07,2021-10-07 15:15:00,1.6879837514409555,205.0,1.0,best_within_2.0d,1100.0,358.19,0.40094339622642494,2.1200000000000045,35.0,0.005797259974295181,0.8500000000000227,6.0,0.0023379266716176328,0.4929364202292669,5.6011759621451125,36.843533123028394,0.015614239272951093,2.82998018927445,22.52492113564669,0.007835530045022196,1.8630914826498424,0.00402220134195386,1.9444468750000041,16.553125,0.005470102952261012,0.0,1
896.0,2021-10-07 15:20:00,364.33,364.43,364.125,364.1423,281244.0,2,2,0.0,sell,False,0.40566037735849614,4.163492493946733,28.239017640954685,0.011578080659927173,0.07215462273974521,-0.23781138103118585,-0.20173406966131324,-0.0005536187052126054,42.25813925213554,70.26274793605751,58.16076971868267,94.46670437080718,281244.0,0.8600000000000136,1.0,2.1200000000000045,35.0,0.005797259974295181,0.8600000000000136,7.0,0.002365431691283697,2.0,2.0,0.07215462273974521,-0.20173406966131324,-0.23781138103118585,42.25813925213554,70.26274793605751,58.16076971868267,94.46670437080718,12.555708888536977,21.717982942332213,53.8725707129534,-0.05151922707435749,0.08376244421558718,0.10000000000002274,0.017299999999977445,0.18770000000000664,0.0,897.0,897.0,2021-10-07,2021-10-07 15:20:00,1.63460822870619,204.0,1.0,best_within_2.0d,1100.0,358.19,0.40566037735849614,2.1200000000000045,35.0,0.005797259974295181,0.8600000000000136,7.0,0.002365431691283697,0.4929364202292669,5.6011759621451125,36.843533123028394,0.015614239272951093,2.82998018927445,22.52492113564669,0.007835530045022196,1.8630914826498424,0.00402220134195386,1.9444468750000041,16.553125,0.005470102952261012,1.0,1
901.0,2021-10-07 15:45:00,363.2018,363.43,363.11,363.41,840396.0,1p,1p,1.0,buy,False,0.4778799119099891,1.3199999999999932,6.0,0.003622094778146676,-0.0961735700277978,-0.2398435169379613,-0.2879303019518602,-0.0007906690108700928,32.26265388836919,28.43666855356192,41.616001756119275,2.0780021484472115,840396.0,1.3199999999999932,0.0,1.3199999999999932,6.0,0.003622094778146676,1.3199999999999932,0.0,0.0,1.0,1.0,-0.0961735700277978,-0.2879303019518602,-0.2398435169379613,32.26265388836919,28.43666855356192,41.616001756119275,2.0780021484472115,9.820843997380974,31.644941769336686,50.75151373276435,0.05732350445400696,0.08812756464982875,0.01999999999998181,0.0917999999999779,0.20820000000003347,1.0,902.0,902.0,2021-10-07,2021-10-07 15:45:00,0.5310805976720371,106.0,1.0,best_within_2.0d,1007.0,365.34,0.5832424107187206,4.3760036431226785,32.22527881040892,0.012230020343504162,2.285057100371749,15.890706319702602,0.006381710269403211,0.4929364202292669,5.6011759621451125,36.843533123028394,0.015614239272951093,2.82998018927445,22.52492113564669,0.007835530045022196,1.8630914826498424,0.00402220134195386,1.9444468750000041,16.553125,0.005470102952261012,0.0,0
902.0,2021-10-07 15:50:00,363.41,363.41,362.84,363.17,1133070.0,1p,1p,1.0,buy,False,0.6582198089773841,1.5900000000000318,7.0,0.004362977800949516,-0.13246706403573127,-0.2564018999424277,-0.3226354319602933,-0.0008861493050104258,29.035597610826542,25.876018029419356,36.369340513885966,4.889373060486136,1133070.0,1.5900000000000318,0.0,1.5900000000000318,7.0,0.004362977800949516,1.5900000000000318,0.0,0.0,1.0,1.0,-0.13246706403573127,-0.3226354319602933,-0.2564018999424277,29.035597610826542,25.876018029419356,36.369340513885966,4.889373060486136,9.648558563826489,29.335516441531595,50.733548466138195,-0.06604111059134561,0.15709403593871957,0.0,0.3300000000000409,0.2400000000000091,0.0,903.0,903.0,2021-10-07,2021-10-07 15:50:00,0.5975163146735576,105.0,1.0,best_within_2.0d,1007.0,365.34,0.5832424107187206,4.3760036431226785,32.22527881040892,0.012230020343504162,2.285057100371749,15.890706319702602,0.006381710269403211,0.4929364202292669,5.6011759621451125,36.843533123028394,0.015614239272951093,2.82998018927445,22.52492113564669,0.007835530045022196,1.8630914826498424,0.00402220134195386,1.9444468750000041,16.553125,0.005470102952261012,0.0,0
903.0,2021-10-07 15:55:00,363.16,363.17,362.49,362.93,2031509.0,1p,1p,1.0,buy,False,0.8657286664598414,1.9399999999999977,8.0,0.005323381719397409,-0.17422832484435968,-0.27818044054797264,-0.3652946029701525,-0.001003553056619926,26.2120675723027,24.810816143324214,32.51649905703205,9.399450315908538,2031509.0,1.9399999999999977,0.0,1.9399999999999977,8.0,0.005323381719397409,1.9399999999999977,0.0,0.0,1.0,1.0,-0.17422832484435968,-0.3652946029701525,-0.27818044054797264,26.2120675723027,24.810816143324214,32.51649905703205,9.399450315908538,8.916830292003532,33.253472159671496,51.23189358851463,-0.06333296618570827,0.1875913818312248,0.009999999999990905,0.4399999999999977,0.2300000000000182,0.0,904.0,904.0,2021-10-07,2021-10-07 15:55:00,0.6640398975008867,104.0,1.0,best_within_2.0d,1007.0,365.34,0.5832424107187206,4.3760036431226785,32.22527881040892,0.012230020343504162,2.285057100371749,15.890706319702602,0.006381710269403211,0.4929364202292669,5.6011759621451125,36.843533123028394,0.015614239272951093,2.82998018927445,22.52492113564669,0.007835530045022196,1.8630914826498424,0.00402220134195386,1.9444468750000041,16.553125,0.005470102952261012,1.0,0
950.0,2021-10-07 19:50:00,363.5,363.73,363.5,363.65,13385.0,2s,2s,0.0,sell,False,0.07547169811321919,4.163492493946733,28.239017640954685,0.011578080659927173,0.06943958699913898,0.01766334700891254,0.05238314050848203,0.000144199550039497,65.6664768206285,56.73198227486654,47.65250931858223,74.89092818743515,13385.0,1.240000000000009,1.0,2.1200000000000045,35.0,0.005797259974295181,1.240000000000009,48.0,0.003420784021628208,1.0,2.5,0.06943958699913898,0.05238314050848203,0.01766334700891254,65.6664768206285,56.73198227486654,47.65250931858223,74.89092818743515,55.05617977527606,12.921348314603943,26.008036714183188,0.041265474552951105,0.06327372764787295,0.08000000000004093,0.0,0.14999999999997726,1.0,951.0,951.0,2021-10-07,2021-10-07 19:50:00,1.5014436958613997,150.0,1.0,best_within_2.0d,1100.0,358.19,0.5832424107187206,4.3760036431226785,32.22527881040892,0.012230020343504162,2.285057100371749,15.890706319702602,0.006381710269403211,0.07547169811321919,2.1200000000000045,35.0,0.005797259974295181,1.240000000000009,48.0,0.003420784021628208,1.0,0.00402220134195386,1.9444468750000041,16.553125,0.005470102952261012,0.0,1
951.0,2021-10-07 19:55:00,363.76,364.0,363.74,363.81,13227.0,2s,2s,0.0,sell,False,0.20283018867924807,4.163492493946733,28.239017640954685,0.011578080659927173,0.11178404529883953,0.03163635267126748,0.08752837532068725,0.000240920236657416,69.6570787211028,63.61497231022835,52.973330315797604,84.89825629908985,13227.0,1.509999999999991,1.0,2.1200000000000045,35.0,0.005797259974295181,1.509999999999991,49.0,0.0041656321553697785,1.0,2.5,0.11178404529883953,0.08752837532068725,0.03163635267126748,69.6570787211028,63.61497231022835,52.973330315797604,84.89825629908985,57.21393034825459,11.442786069649223,28.912224567932295,0.013745326588962879,0.07147962830593031,0.18999999999999773,0.01999999999998181,0.05000000000001137,1.0,952.0,952.0,2021-10-07,2021-10-07 19:55:00,1.5447623759654778,149.0,1.0,best_within_2.0d,1100.0,358.19,0.5832424107187206,4.3760036431226785,32.22527881040892,0.012230020343504162,2.285057100371749,15.890706319702602,0.006381710269403211,0.20283018867924807,2.1200000000000045,35.0,0.005797259974295181,1.509999999999991,49.0,0.0041656321553697785,1.0,0.00402220134195386,1.9444468750000041,16.553125,0.005470102952261012,1.0,1
956.0,2021-10-08 04:20:00,359.47,359.69,359.35,359.45,257299.0,1,1,0.0,sell,False,1.044163076670255e-06,0.7599999999999909,6.0,0.0021174045078427295,-0.029736893624018435,0.25833459640895,0.2434661495969408,0.0006780748254937182,62.31816512849579,67.2478752737638,63.28014443632013,75.18333694865115,257299.0,0.7599999999999909,1.0,0.7599999999999909,6.0,0.0021174045078427295,0.7599999999999909,6.0,0.0021174045078427295,1.0,1.0,-0.029736893624018435,0.2434661495969408,0.25833459640895,62.31816512849579,67.2478752737638,63.28014443632013,75.18333694865115,30.638715389952775,9.572355038647858,36.91880500079882,-0.00556374662698936,0.09461527758452065,0.21999999999997044,0.0999999999999659,0.020000000000038654,0.0,957.0,957.0,2021-10-08,2021-10-08 04:20:00,0.3505355404089556,144.0,1.0,best_within_2.0d,1100.0,358.19,0.5832424107187206,4.3760036431226785,32.22527881040892,0.012230020343504162,2.285057100371749,15.890706319702602,0.006381710269403211,0.4929364202292669,5.6011759621451125,36.843533123028394,0.015614239272951093,2.82998018927445,22.52492113564669,0.007835530045022196,1.8630914826498424,0.00402220134195386,1.9444468750000041,16.553125,0.005470102952261012,0.0,1
959.0,2021-10-08 04:35:00,362.17,362.24,362.05,362.24,3999.0,1,1,1.0,buy,False,1.3517165835200053,1.9499999999999886,9.0,0.005357142857142826,-0.19896551121941763,-0.171212844965216,-0.2706956005749248,-0.000746068318325807,36.93091953131926,9.426132669218404,14.154442545779078,-0.03048708390294408,3999.0,1.9499999999999886,1.0,1.9499999999999886,9.0,0.005357142857142826,1.9499999999999886,9.0,0.005357142857142826,1.0,1.0,-0.19896551121941763,-0.2706956005749248,-0.171212844965216,36.93091953131926,9.426132669218404,14.154442545779078,-0.03048708390294408,26.14678899082461,43.80733944954058,27.548651695200427,0.019327939917716315,0.05247893937301415,0.0,0.12000000000000455,0.06999999999999318,1.0,960.0,960.0,2021-10-08,2021-10-08 04:35:00,0.8557862190812627,48.0,1.0,best_within_2.0d,1007.0,365.34,0.5832424107187206,4.3760036431226785,32.22527881040892,0.012230020343504162,2.285057100371749,15.890706319702602,0.006381710269403211,0.4929364202292669,5.6011759621451125,36.843533123028394,0.015614239272951093,2.82998018927445,22.52492113564669,0.007835530045022196,1.8630914826498424,0.00402220134195386,1.9444468750000041,16.553125,0.005470102952261012,0.0,0
962.0,2021-10-08 04:50:00,362.15,362.15,361.84,361.95,5769.0,1,1,1.0,buy,False,1.3517165835200255,2.160000000000025,12.0,0.005934065934066003,-0.135278311688037,-0.2263619532667905,-0.294001109110809,-0.0008106132501911301,35.092666499680476,25.98795244454388,21.35032012835872,35.263217076914195,5769.0,2.160000000000025,1.0,2.160000000000025,12.0,0.005934065934066003,2.160000000000025,12.0,0.005934065934066003,1.0,1.0,-0.135278311688037,-0.294001109110809,-0.2263619532667905,35.092666499680476,25.98795244454388,21.35032012835872,35.263217076914195,26.156941649898886,45.47283702213247,27.006212954692433,-0.05522573519259661,0.08567322573513218,0.0,0.11000000000001364,0.19999999999998863,0.0,963.0,963.0,2021-10-08,2021-10-08 04:50:00,0.9365934521342689,45.0,1.0,best_within_2.0d,1007.0,365.34,0.5832424107187206,4.3760036431226785,32.22527881040892,0.012230020343504162,2.285057100371749,15.890706319702602,0.006381710269403211,0.4929364202292669,5.6011759621451125,36.843533123028394,0.015614239272951093,2.82998018927445,22.52492113564669,0.007835530045022196,1.8630914826498424,0.00402220134195386,1.9444468750000041,16.553125,0.005470102952261012,1.0,0
972.0,2021-10-08 05:40:00,362.42,362.48,362.42,362.48,3947.0,3a,3a,0.0,sell,False,0.0011827158456418484,4.163492493946733,28.239017640954685,0.011578080659927173,0.14842949555680662,-0.2538707262237426,-0.17965597844533931,-0.0004957751805796455,52.46355734294089,76.62931427047127,53.2533751618727,123.38119248766841,3947.0,0.6400000000000432,2.0,0.6400000000000432,11.0,0.0017687375635641257,0.6400000000000432,11.0,0.0017687375635641257,3.0,3.0,0.14842949555680662,-0.17965597844533931,-0.2538707262237426,52.46355734294089,76.62931427047127,53.2533751618727,123.38119248766841,39.92248062015864,20.542635658913795,24.86637452177403,0.016555377738536027,0.016555377738536027,0.0,0.0,0.060000000000002274,1.0,973.0,973.0,2021-10-08,2021-10-08 05:40:00,1.183513573162663,128.0,1.0,best_within_2.0d,1100.0,358.19,0.5832424107187206,4.3760036431226785,32.22527881040892,0.012230020343504162,2.285057100371749,15.890706319702602,0.006381710269403211,0.4929364202292669,5.6011759621451125,36.843533123028394,0.015614239272951093,2.82998018927445,22.52492113564669,0.007835530045022196,1.8630914826498424,0.0011827158456418484,0.6400000000000432,11.0,0.0017687375635641257,0.0,1
973.0,2021-10-08 05:45:00,362.45,362.48,362.36,362.39,5023.0,3a,3a,0.0,sell,False,0.0011827158456418484,4.163492493946733,28.239017640954685,0.011578080659927173,0.16502340551833916,-0.23324280053395025,-0.15073109777478066,-0.0004159532663787777,50.050671102010504,79.65763808507437,62.054796136273254,114.86332198267658,5023.0,0.6400000000000432,2.0,0.6400000000000432,12.0,0.0017687375635641257,0.6400000000000432,12.0,0.0017687375635641257,3.0,3.0,0.16502340551833916,-0.15073109777478066,-0.23324280053395025,50.050671102010504,79.65763808507437,62.054796136273254,114.86332198267658,41.03585657370877,17.529880478087623,25.957065943202487,-0.01655400744930398,0.03311623799536498,0.03000000000002956,0.029999999999972715,0.060000000000002274,0.0,974.0,974.0,2021-10-08,2021-10-08 05:45:00,1.158972377824992,127.0,1.0,best_within_2.0d,1100.0,358.19,0.5832424107187206,4.3760036431226785,32.22527881040892,0.012230020343504162,2.285057100371749,15.890706319702602,0.006381710269403211,0.4929364202292669,5.6011759621451125,36.843533123028394,0.015614239272951093,2.82998018927445,22.52492113564669,0.007835530045022196,1.8630914826498424,0.0011827158456418484,0.6400000000000432,12.0,0.0017687375635641257,0.0,1
974.0,2021-10-08 05:50:00,362.47,362.5,362.4,362.48,5099.0,3a,3a,0.0,sell,False,0.0011827158456418484,4.163492493946733,28.239017640954685,0.011578080659927173,0.18251338686721869,-0.21042862717554792,-0.11917193374193857,-0.0003288564385146329,52.407884005117005,85.41278436440945,69.84079221231865,116.55676866859105,5099.0,0.660000000000025,2.0,0.660000000000025,13.0,0.0018240106124254507,0.660000000000025,13.0,0.0018240106124254507,3.0,3.0,0.18251338686721869,-0.11917193374193857,-0.21042862717554792,52.407884005117005,85.41278436440945,69.84079221231865,116.55676866859105,41.66666666666967,17.460317460317494,27.027246755505107,0.002758849008191272,0.02759381898455374,0.01999999999998181,0.07000000000005002,0.009999999999990905,1.0,975.0,975.0,2021-10-08,2021-10-08 05:50:00,1.183513573162663,126.0,1.0,best_within_2.0d,1100.0,358.19,0.5832424107187206,4.3760036431226785,32.22527881040892,0.012230020343504162,2.285057100371749,15.890706319702602,0.006381710269403211,0.4929364202292669,5.6011759621451125,36.843533123028394,0.015614239272951093,2.82998018927445,22.52492113564669,0.007835530045022196,1.8630914826498424,0.0011827158456418484,0.660000000000025,13.0,0.0018240106124254507,0.0,1
975.0,2021-10-08 05:55:00,362.51,362.75,362.51,362.74,3680.0,3a,3a,0.0,sell,False,0.0011827158456418484,4.163492493946733,28.239017640954685,0.011578080659927173,0.22093017544932914,-0.18281235524438177,-0.0723472675197172,-0.0001996286139324097,58.50079031522464,89.87836417944791,76.51998286802839,116.59512680228698,3680.0,0.910000000000025,2.0,0.910000000000025,14.0,0.0025149237231926404,0.910000000000025,14.0,0.0025149237231926404,3.0,3.0,0.22093017544932914,-0.0723472675197172,-0.18281235524438177,58.50079031522464,89.87836417944791,76.51998286802839,116.59512680228698,41.568627450983456,17.254901960784533,28.04911008249302,0.06344652561309155,0.06620507020496237,0.009999999999990905,0.0,0.2300000000000182,1.0,976.0,976.0,2021-10-08,2021-10-08 05:55:00,1.254341952913936,125.0,1.0,best_within_2.0d,1100.0,358.19,0.5832424107187206,4.3760036431226785,32.22527881040892,0.012230020343504162,2.285057100371749,15.890706319702602,0.006381710269403211,0.4929364202292669,5.6011759621451125,36.843533123028394,0.015614239272951093,2.82998018927445,22.52492113564669,0.007835530045022196,1.8630914826498424,0.0011827158456418484,0.910000000000025,14.0,0.0025149237231926404,0.0,1
976.0,2021-10-08 06:00:00,362.76,362.85,362.69,362.81,13607.0,3a,3a,0.0,sell,False,0.0011827158456418484,4.163492493946733,28.239017640954685,0.011578080659927173,0.24569535303717505,-0.1521004361147349,-0.02925275959614737,-8.071085233634063e-05,59.98607602864417,91.78704132109644,81.60900235238441,112.14311925852047,13607.0,1.0100000000000477,2.0,1.0100000000000477,15.0,0.0027912889674995794,1.0100000000000477,15.0,0.0027912889674995794,3.0,3.0,0.24569535303717505,-0.02925275959614737,-0.1521004361147349,59.98607602864417,91.78704132109644,81.60900235238441,112.14311925852047,53.45622119816146,4.147465437786944,32.159887933743846,0.01378321755430901,0.04411480878988255,0.040000000000020464,0.06999999999999318,0.05000000000001137,1.0,977.0,977.0,2021-10-08,2021-10-08 06:00:00,1.2733937873818264,124.0,1.0,best_within_2.0d,1100.0,358.19,0.5832424107187206,4.3760036431226785,32.22527881040892,0.012230020343504162,2.285057100371749,15.890706319702602,0.006381710269403211,0.4929364202292669,5.6011759621451125,36.843533123028394,0.015614239272951093,2.82998018927445,22.52492113564669,0.007835530045022196,1.8630914826498424,0.0011827158456418484,1.0100000000000477,15.0,0.0027912889674995794,1.0,1
984.0,2021-10-08 06:40:00,362.91,362.91,362.86,362.9,3152.0,3a,3a,0.0,sell,False,0.0011827158456418484,4.163492493946733,28.239017640954685,0.011578080659927173,0.14321762692265894,0.02230447982932509,0.09391329329065456,0.0002590121655695476,60.89720258147896,90.38739792469659,84.04642212265249,103.06934952878478,3152.0,1.07000000000005,2.0,1.07000000000005,23.0,0.002957108114083711,1.07000000000005,23.0,0.002957108114083711,3.0,3.0,0.14321762692265894,0.09391329329065456,0.02230447982932509,60.89720258147896,90.38739792469659,84.04642212265249,103.06934952878478,49.74874371859605,21.1055276381888,41.26093241281727,-0.0027555041194918155,0.013779419059695576,0.0,0.03999999999996362,0.010000000000047748,0.0,985.0,985.0,2021-10-08,2021-10-08 06:40:00,1.2978782033618022,116.0,1.0,best_within_2.0d,1100.0,358.19,0.5832424107187206,4.3760036431226785,32.22527881040892,0.012230020343504162,2.285057100371749,15.890706319702602,0.006381710269403211,0.4929364202292669,5.6011759621451125,36.843533123028394,0.015614239272951093,2.82998018927445,22.52492113564669,0.007835530045022196,1.8630914826498424,0.0011827158456418484,1.07000000000005,23.0,0.002957108114083711,0.0,1
985.0,2021-10-08 06:45:00,362.88,362.93,362.88,362.89,1550.0,3a,3a,0.0,sell,False,0.0011827158456418484,4.163492493946733,28.239017640954685,0.011578080659927173,0.1306975690848584,0.03864167596493239,0.1039904605073616,0.00028678690504517804,60.48143835760125,90.75471918383899,86.28252114304799,99.699115265421,1550.0,1.0900000000000318,2.0,1.0900000000000318,24.0,0.003012381162945036,1.0900000000000318,24.0,0.003012381162945036,3.0,3.0,0.1306975690848584,0.1039904605073616,0.03864167596493239,60.48143835760125,90.75471918383899,86.28252114304799,99.699115265421,44.4444444444448,23.333333333330913,40.53854731073115,0.0027557319223960827,0.013778659611996077,0.040000000000020464,0.0,0.009999999999990905,1.0,986.0,986.0,2021-10-08,2021-10-08 06:45:00,1.2951583124362724,115.0,1.0,best_within_2.0d,1100.0,358.19,0.5832424107187206,4.3760036431226785,32.22527881040892,0.012230020343504162,2.285057100371749,15.890706319702602,0.006381710269403211,0.4929364202292669,5.6011759621451125,36.843533123028394,0.015614239272951093,2.82998018927445,22.52492113564669,0.007835530045022196,1.8630914826498424,0.0011827158456418484,1.0900000000000318,24.0,0.003012381162945036,0.0,1
988.0,2021-10-08 07:00:00,362.7,363.08,362.7,363.05,13525.0,3a,3a,0.0,sell,False,0.0011827158456418484,4.163492493946733,28.239017640954685,0.011578080659927173,0.08587331009491367,0.07201331415525522,0.11494996920271205,0.00031696384362323715,62.18004599673494,81.62096155995133,82.57190252040583,79.71907963904232,13525.0,1.240000000000009,2.0,1.240000000000009,27.0,0.0034269290294052872,1.240000000000009,27.0,0.0034269290294052872,3.0,3.0,0.08587331009491367,0.11494996920271205,0.07201331415525522,62.18004599673494,81.62096155995133,82.57190252040583,79.71907963904232,38.49765258215939,26.291079812204067,35.476857369530585,0.09649848359526406,0.10476978218913577,0.029999999999972715,0.0,0.35000000000002274,1.0,989.0,989.0,2021-10-08,2021-10-08 07:00:00,1.3386585869714953,112.0,1.0,best_within_2.0d,1100.0,358.19,0.5832424107187206,4.3760036431226785,32.22527881040892,0.012230020343504162,2.285057100371749,15.890706319702602,0.006381710269403211,0.4929364202292669,5.6011759621451125,36.843533123028394,0.015614239272951093,2.82998018927445,22.52492113564669,0.007835530045022196,1.8630914826498424,0.0011827158456418484,1.240000000000009,27.0,0.0034269290294052872,0.0,1
989.0,2021-10-08 07:05:00,363.07,363.11,362.98,363.1,18914.0,3a,3a,0.0,sell,False,0.0011827158456418484,4.163492493946733,28.239017640954685,0.011578080659927173,0.09661851633288951,0.08409062869686641,0.13239988686331117,0.00036504752806220975,63.317998777037786,86.97211390818532,84.03863964966565,92.83906242522468,18914.0,1.2700000000000387,2.0,1.2700000000000387,28.0,0.003509838602697432,1.2700000000000387,28.0,0.003509838602697432,3.0,3.0,0.09661851633288951,0.13239988686331117,0.08409062869686641,63.317998777037786,86.97211390818532,84.03863964966565,92.83906242522468,30.150753768845224,28.14070351758507,33.18910154756952,0.008262869419128422,0.03581464543500894,0.009999999999990905,0.08999999999997499,0.03000000000002956,1.0,990.0,990.0,2021-10-08,2021-10-08 07:05:00,1.3522445607270792,111.0,1.0,best_within_2.0d,1100.0,358.19,0.5832424107187206,4.3760036431226785,32.22527881040892,0.012230020343504162,2.285057100371749,15.890706319702602,0.006381710269403211,0.4929364202292669,5.6011759621451125,36.843533123028394,0.015614239272951093,2.82998018927445,22.52492113564669,0.007835530045022196,1.8630914826498424,0.0011827158456418484,1.2700000000000387,28.0,0.003509838602697432,0.0,1
990.0,2021-10-08 07:10:00,363.13,363.13,363.0,363.11,14503.0,3a,3a,0.0,sell,False,0.0011827158456418484,4.163492493946733,28.239017640954685,0.011578080659927173,0.09803157800877843,0.09634457594796372,0.14536036495235294,0.0004007474294312844,63.55419095958459,89.8332611239767,85.97018014110267,97.55942308972476,14503.0,1.2900000000000205,2.0,1.2900000000000205,29.0,0.0035651116515587567,1.2900000000000205,29.0,0.0035651116515587567,3.0,3.0,0.09803157800877843,0.14536036495235294,0.09634457594796372,63.55419095958459,89.8332611239767,85.97018014110267,97.55942308972476,26.530612244897306,28.571428571426082,31.083001701578883,-0.005507669429675822,0.035812672176307285,0.0,0.11000000000001364,0.01999999999998181,0.0,991.0,991.0,2021-10-08,2021-10-08 07:10:00,1.35496130649115,110.0,1.0,best_within_2.0d,1100.0,358.19,0.5832424107187206,4.3760036431226785,32.22527881040892,0.012230020343504162,2.285057100371749,15.890706319702602,0.006381710269403211,0.4929364202292669,5.6011759621451125,36.843533123028394,0.015614239272951093,2.82998018927445,22.52492113564669,0.007835530045022196,1.8630914826498424,0.0011827158456418484,1.2900000000000205,29.0,0.0035651116515587567,0.0,1
991.0,2021-10-08 07:15:00,363.03,363.18,363.0,363.18,34220.0,3a,3a,0.0,sell,False,0.0011827158456418484,4.163492493946733,28.239017640954685,0.011578080659927173,0.10095604310054615,0.108964081335532,0.15944210288580507,0.0004395286983810472,65.24135777577398,93.22217408265112,88.38751145495215,102.89149933804907,34220.0,1.3400000000000318,2.0,1.3400000000000318,30.0,0.0037032942737122263,1.3400000000000318,30.0,0.0037032942737122263,3.0,3.0,0.10095604310054615,0.15944210288580507,0.108964081335532,65.24135777577398,93.22217408265112,88.38751145495215,102.89149933804907,29.381443298968758,24.74226804123515,29.475032192282676,0.04131889926453299,0.04958677685950601,0.0,0.029999999999972715,0.1500000000000341,1.0,992.0,992.0,2021-10-08,2021-10-08 07:15:00,1.3739743377939337,109.0,1.0,best_within_2.0d,1100.0,358.19,0.5832424107187206,4.3760036431226785,32.22527881040892,0.012230020343504162,2.285057100371749,15.890706319702602,0.006381710269403211,0.4929364202292669,5.6011759621451125,36.843533123028394,0.015614239272951093,2.82998018927445,22.52492113564669,0.007835530045022196,1.8630914826498424,0.0011827158456418484,1.3400000000000318,30.0,0.0037032942737122263,0.0,1
992.0,2021-10-08 07:20:00,363.1,363.25,363.05,363.25,10770.0,3a,3a,0.0,sell,False,0.0011827158456418484,4.163492493946733,28.239017640954685,0.011578080659927173,0.1044444220368354,0.12201963409013641,0.17424184510855412,0.00048027830012128736,66.89190989114923,95.48144938843407,90.75215743277946,104.94003329974333,10770.0,1.410000000000025,2.0,1.410000000000025,31.0,0.0038967499447270207,1.410000000000025,31.0,0.0038967499447270207,3.0,3.0,0.1044444220368354,0.17424184510855412,0.12201963409013641,66.89190989114923,95.48144938843407,90.75215743277946,104.94003329974333,31.034482758620886,23.64532019704275,28.334923715227994,0.04131093362709371,0.05508883073956442,0.0,0.05000000000001137,0.14999999999997726,1.0,993.0,993.0,2021-10-08,2021-10-08 07:20:00,1.3929800412938753,108.0,1.0,best_within_2.0d,1100.0,358.19,0.5832424107187206,4.3760036431226785,32.22527881040892,0.012230020343504162,2.285057100371749,15.890706319702602,0.006381710269403211,0.4929364202292669,5.6011759621451125,36.843533123028394,0.015614239272951093,2.82998018927445,22.52492113564669,0.007835530045022196,1.8630914826498424,0.0011827158456418484,1.410000000000025,31.0,0.0038967499447270207,0.0,1
993.0,2021-10-08 07:25:00,363.23,363.36,363.18,363.36,32703.0,3a,3a,0.0,sell,False,0.0011827158456418484,4.163492493946733,28.239017640954685,0.011578080659927173,0.11297074779838617,0.13614097756493468,0.19262635146412777,0.000530891744335648,69.35460679734159,96.9876329256227,92.8306492637272,105.3016002494137,32703.0,1.5200000000000387,2.0,1.5200000000000387,32.0,0.0042007517134646215,1.5200000000000387,32.0,0.0042007517134646215,3.0,3.0,0.11297074779838617,0.19262635146412777,0.13614097756493468,69.35460679734159,96.9876329256227,92.8306492637272,105.3016002494137,34.41860465116358,22.325581395347275,27.833248836271743,0.03578999531976859,0.049562200561706814,0.0,0.05000000000001137,0.12999999999999545,1.0,994.0,994.0,2021-10-08,2021-10-08 07:25:00,1.4228313518273932,107.0,1.0,best_within_2.0d,1100.0,358.19,0.5832424107187206,4.3760036431226785,32.22527881040892,0.012230020343504162,2.285057100371749,15.890706319702602,0.006381710269403211,0.4929364202292669,5.6011759621451125,36.843533123028394,0.015614239272951093,2.82998018927445,22.52492113564669,0.007835530045022196,1.8630914826498424,0.0011827158456418484,1.5200000000000387,32.0,0.0042007517134646215,0.0,1
994.0,2021-10-08 07:30:00,363.36,363.41,363.17,363.19,12313.0,3a,3a,0.0,sell,False,0.0011827158456418484,4.163492493946733,28.239017640954685,0.011578080659927173,0.08821242201966056,0.14716753031739224,0.19127374132722252,0.0005271257024701674,61.714413257074945,87.94609318329086,91.20246390358174,81.4333517427091,12313.0,1.57000000000005,2.0,1.57000000000005,33.0,0.0043389343356180915,1.57000000000005,33.0,0.0043389343356180915,3.0,3.0,0.08821242201966056,0.19127374132722252,0.14716753031739224,61.714413257074945,87.94609318329086,91.20246390358174,81.4333517427091,36.57407407407556,11.574074074071614,29.553950842472773,-0.04678555702334212,0.06608475369661841,0.05000000000001137,0.01999999999998181,0.17000000000001592,0.0,995.0,995.0,2021-10-08,2021-10-08 07:30:00,1.3766898868360913,106.0,1.0,best_within_2.0d,1100.0,358.19,0.5832424107187206,4.3760036431226785,32.22527881040892,0.012230020343504162,2.285057100371749,15.890706319702602,0.006381710269403211,0.4929364202292669,5.6011759621451125,36.843533123028394,0.015614239272951093,2.82998018927445,22.52492113564669,0.007835530045022196,1.8630914826498424,0.0011827158456418484,1.57000000000005,33.0,0.0043389343356180915,1.0,1
1005.0,2021-10-08 08:25:00,362.9999,363.4,361.99,363.33,18541.0,2,2,1.0,buy,False,0.904458598726096,4.163492493946733,28.239017640954685,0.011578080659927173,0.015672274934528774,0.17234745943712063,0.180183596904385,0.0004963615679867612,64.75716689108697,78.99411750304628,76.69218911669815,83.59797427574256,18541.0,1.420000000000016,1.0,1.57000000000005,33.0,0.0043389343356180915,1.420000000000016,7.0,0.003907432376654511,2.0,2.0,0.015672274934528774,0.180183596904385,0.17234745943712063,64.75716689108697,78.99411750304628,76.69218911669815,83.59797427574256,18.98016997167329,42.20963172804523,34.92336266161079,0.09093666416986862,0.38951352247298765,0.06999999999999318,1.009900000000016,0.330099999999959,1.0,1006.0,1006.0,2021-10-08,2021-10-08 08:25:00,1.4770601826383554,95.0,1.0,best_within_2.0d,1100.0,358.19,0.904458598726096,1.57000000000005,33.0,0.0043389343356180915,1.420000000000016,7.0,0.003907432376654511,0.4929364202292669,5.6011759621451125,36.843533123028394,0.015614239272951093,2.82998018927445,22.52492113564669,0.007835530045022196,1.8630914826498424,0.00402220134195386,1.9444468750000041,16.553125,0.005470102952261012,0.0,0
1005.0,2021-10-08 08:25:00,363.83,363.9,363.4,363.56,37893.0,1p,1p,0.0,sell,False,0.2436473908492584,1.9099999999999682,6.0,0.005276388850520644,0.050042479994085676,0.18686871149850728,0.21188995149555012,0.0005834481819313908,61.91586633010275,90.05395078985649,88.53983488600018,93.08218259756913,37893.0,1.9099999999999682,0.0,1.9099999999999682,6.0,0.005276388850520644,1.9099999999999682,0.0,0.0,1.0,1.0,0.050042479994085676,0.21188995149555012,0.18686871149850728,61.91586633010275,90.05395078985649,88.53983488600018,93.08218259756913,24.61538461538679,34.358974358974876,32.91454786053051,-0.07421048291784126,0.13758943313153552,0.06999999999999318,0.160000000000025,0.2699999999999818,0.0,1006.0,1006.0,2021-10-08,2021-10-08 08:25:00,1.4770601826383554,95.0,1.0,best_within_2.0d,1100.0,358.19,0.5832424107187206,4.3760036431226785,32.22527881040892,0.012230020343504162,2.285057100371749,15.890706319702602,0.006381710269403211,0.4929364202292669,5.6011759621451125,36.843533123028394,0.015614239272951093,2.82998018927445,22.52492113564669,0.007835530045022196,1.8630914826498424,0.00402220134195386,1.9444468750000041,16.553125,0.005470102952261012,0.0,1
1006.0,2021-10-08 08:30:00,363.36,364.2,362.9,363.4999,450294.0,1p,1p,0.0,sell,False,0.2436473908492584,2.2099999999999795,7.0,0.006105141025995136,0.030185647733284027,0.1906419174651678,0.2057347413318098,0.0005664612440613445,59.79091907457481,82.8097228493467,86.62979754044902,75.16957346714204,450294.0,2.2099999999999795,0.0,2.2099999999999795,7.0,0.006105141025995136,2.2099999999999795,0.0,0.0,1.0,1.0,0.030185647733284027,0.2057347413318098,0.1906419174651678,59.79091907457481,82.8097228493467,86.62979754044902,75.16957346714204,17.8000000000018,36.80000000000022,33.04911835610194,0.0385017613386205,0.3582254064480605,0.7000999999999635,0.4600000000000364,0.13990000000001146,1.0,1007.0,1007.0,2021-10-08,2021-10-08 08:30:00,1.4607706907209677,94.0,1.0,best_within_2.0d,1100.0,358.19,0.5832424107187206,4.3760036431226785,32.22527881040892,0.012230020343504162,2.285057100371749,15.890706319702602,0.006381710269403211,0.4929364202292669,5.6011759621451125,36.843533123028394,0.015614239272951093,2.82998018927445,22.52492113564669,0.007835530045022196,1.8630914826498424,0.00402220134195386,1.9444468750000041,16.553125,0.005470102952261012,0.0,1
1007.0,2021-10-08 08:35:00,363.52,365.6,363.42,365.34,494299.0,1p,1p,0.0,sell,False,1.0075199186993864,3.6100000000000136,8.0,0.00997265117820938,0.2475430628688235,0.22158480032377073,0.3453563317581825,0.0009504731593773389,81.13677980982139,86.13907654407004,86.46622387498935,85.48478188223143,494299.0,3.6100000000000136,0.0,3.6100000000000136,8.0,0.00997265117820938,3.6100000000000136,0.0,0.0,1.0,1.0,0.2475430628688235,0.3453563317581825,0.22158480032377073,81.13677980982139,86.13907654407004,86.46622387498935,85.48478188223143,31.14285714285861,26.28571428571453,31.29258929086523,0.5006602112676037,0.5998569148643462,0.26000000000004775,0.0999999999999659,1.8199999999999932,1.0,1008.0,1008.0,2021-10-08,2021-10-08 08:35:00,1.957081075162856,93.0,1.0,best_within_2.0d,1100.0,358.19,0.5832424107187206,4.3760036431226785,32.22527881040892,0.012230020343504162,2.285057100371749,15.890706319702602,0.006381710269403211,0.4929364202292669,5.6011759621451125,36.843533123028394,0.015614239272951093,2.82998018927445,22.52492113564669,0.007835530045022196,1.8630914826498424,0.00402220134195386,1.9444468750000041,16.553125,0.005470102952261012,1.0,1
1018.0,2021-10-08 09:30:00,364.1,364.3166,362.53,362.53,1248185.0,2s,2s,1.0,buy,False,0.5605095541401428,4.163492493946733,28.239017640954685,0.011578080659927173,-0.2954725837478922,0.3185796894802936,0.17084339760634748,0.0004696423778977809,39.09114582853842,32.590007191927256,46.85054494123685,4.068931693308073,1248185.0,3.07000000000005,1.0,1.57000000000005,33.0,0.0043389343356180915,3.07000000000005,12.0,0.008397155361050464,1.0,2.5,-0.2954725837478922,0.17084339760634748,0.3185796894802936,39.09114582853842,32.590007191927256,46.85054494123685,4.068931693308073,19.95786672580077,31.520757765352382,20.289119072139233,-0.43120021971987094,0.49281438777481074,0.21659999999997126,0.0,1.57000000000005,0.0,1019.0,1019.0,2021-10-08,2021-10-08 09:30:00,0.16412434832980094,9.0,1.0,best_within_2.0d,1027.0,363.125,0.5832424107187206,4.3760036431226785,32.22527881040892,0.012230020343504162,2.285057100371749,15.890706319702602,0.006381710269403211,0.5605095541401428,1.57000000000005,33.0,0.0043389343356180915,3.07000000000005,12.0,0.008397155361050464,1.0,0.00402220134195386,1.9444468750000041,16.553125,0.005470102952261012,0.0,0
1019.0,2021-10-08 09:35:00,362.53,362.86,362.01,362.73,942803.0,2s,2s,1.0,buy,False,0.8917197452229233,4.163492493946733,28.239017640954685,0.011578080659927173,-0.411604628774658,0.26712911088346136,0.061326796496132374,0.00016862099138512134,41.181834140133844,29.621408303390346,41.107499395288016,6.649226119594999,942803.0,3.590000000000032,1.0,1.57000000000005,33.0,0.0043389343356180915,3.590000000000032,13.0,0.009819474835886301,1.0,2.5,-0.411604628774658,0.061326796496132374,0.26712911088346136,41.181834140133844,29.621408303390346,41.107499395288016,6.649226119594999,19.11132345914949,34.677804663779064,20.90702685843135,0.05516784817809436,0.23480014364244708,0.12999999999999545,0.5199999999999818,0.20000000000004547,1.0,1020.0,1020.0,2021-10-08,2021-10-08 09:35:00,0.1088964243376566,8.0,1.0,best_within_2.0d,1027.0,363.125,0.5832424107187206,4.3760036431226785,32.22527881040892,0.012230020343504162,2.285057100371749,15.890706319702602,0.006381710269403211,0.8917197452229233,1.57000000000005,33.0,0.0043389343356180915,3.590000000000032,13.0,0.009819474835886301,1.0,0.00402220134195386,1.9444468750000041,16.553125,0.005470102952261012,0.0,0
1021.0,2021-10-08 09:45:00,363.02,363.3601,362.0,363.01,863625.0,2s,2s,1.0,buy,False,0.8980891719745097,4.163492493946733,28.239017640954685,0.011578080659927173,-0.42659430453768676,0.15966910495800568,-0.0536280473108377,-0.00014749284981773662,44.08270447520666,31.745531400242584,35.65516133065268,23.926271539422387,863625.0,3.6000000000000227,1.0,1.57000000000005,33.0,0.0043389343356180915,3.6000000000000227,15.0,0.009846827133479273,1.0,2.5,-0.42659430453768676,-0.0536280473108377,0.15966910495800568,44.08270447520666,31.745531400242584,35.65516133065268,23.926271539422387,17.12626275161932,38.223832807962125,21.220180791701484,-0.00275466916423087,0.37571823204419574,0.34010000000000673,1.009999999999991,0.009999999999990905,0.0,1022.0,1022.0,2021-10-08,2021-10-08 09:45:00,0.03167956805597893,6.0,1.0,best_within_2.0d,1027.0,363.125,0.5832424107187206,4.3760036431226785,32.22527881040892,0.012230020343504162,2.285057100371749,15.890706319702602,0.006381710269403211,0.8980891719745097,1.57000000000005,33.0,0.0043389343356180915,3.6000000000000227,15.0,0.009846827133479273,1.0,0.00402220134195386,1.9444468750000041,16.553125,0.005470102952261012,0.0,0
1023.0,2021-10-08 09:55:00,362.48,362.95,361.95,362.04,559388.0,2s,2s,1.0,buy,False,0.9299363057324777,4.163492493946733,28.239017640954685,0.011578080659927173,-0.532430805582089,0.034115599157428136,-0.23209980363361638,-0.0006386810143477581,36.601082425419314,18.990793739057512,28.13689715818014,0.6985869008122592,559388.0,3.650000000000034,1.0,1.57000000000005,33.0,0.0043389343356180915,3.650000000000034,17.0,0.009983588621444293,1.0,2.5,-0.532430805582089,-0.23209980363361638,0.034115599157428136,36.601082425419314,18.990793739057512,28.13689715818014,0.6985869008122592,17.44377122536145,31.011148845087178,22.825133922779703,-0.12138600750386166,0.2762812543168946,0.46999999999997044,0.09000000000003183,0.4399999999999977,0.0,1024.0,1024.0,2021-10-08,2021-10-08 09:55:00,0.2996906419180144,4.0,1.0,best_within_2.0d,1027.0,363.125,0.5832424107187206,4.3760036431226785,32.22527881040892,0.012230020343504162,2.285057100371749,15.890706319702602,0.006381710269403211,0.9299363057324777,1.57000000000005,33.0,0.0043389343356180915,3.650000000000034,17.0,0.009983588621444293,1.0,0.00402220134195386,1.9444468750000041,16.553125,0.005470102952261012,1.0,0
1027.0,2021-10-08 10:15:00,362.84,363.4999,362.69,363.125,485141.0,2,2,0.0,sell,False,0.4246301369863074,4.163492493946733,28.239017640954685,0.011578080659927173,-0.19034438630633493,-0.1210188750664192,-0.21619106821958667,-0.0005950984189951083,48.382972530354984,42.22671243577567,33.880369079569235,58.91939914818853,485141.0,1.5499000000000365,1.0,3.650000000000034,17.0,0.009983588621444293,1.5499000000000365,5.0,0.00428208316065765,2.0,2.0,-0.19034438630633493,-0.21619106821958667,-0.1210188750664192,48.382972530354984,42.22671243577567,33.880369079569235,58.91939914818853,13.856068743287311,27.959757627437753,27.229488614847185,0.07854701796935978,0.22330364774325936,0.3749000000000251,0.14999999999997726,0.285000000000025,1.0,1028.0,1028.0,2021-10-08,2021-10-08 10:15:00,1.359036144578314,73.0,1.0,best_within_2.0d,1100.0,358.19,0.4246301369863074,3.650000000000034,17.0,0.009983588621444293,1.5499000000000365,5.0,0.00428208316065765,0.4929364202292669,5.6011759621451125,36.843533123028394,0.015614239272951093,2.82998018927445,22.52492113564669,0.007835530045022196,1.8630914826498424,0.00402220134195386,1.9444468750000041,16.553125,0.005470102952261012,1.0,1
1046.0,2021-10-08 11:50:00,361.35,361.5257,361.05,361.28,427680.0,1p,1p,1.0,buy,False,0.5088842699791541,2.4499000000000137,20.0,0.00673975426128044,-0.12651675661975048,-0.3537553071499602,-0.4170136854598354,-0.0011511487444570043,36.54190127412089,17.712074747003662,27.01902968397791,-0.9018351269448317,427680.0,2.4499000000000137,0.0,2.4499000000000137,20.0,0.00673975426128044,2.4499000000000137,0.0,0.0,1.0,1.0,-0.12651675661975048,-0.4170136854598354,-0.3537553071499602,36.54190127412089,17.712074747003662,27.01902968397791,-0.9018351269448317,11.277544672985142,25.213462046300826,37.59441188445571,-0.019371800193731845,0.13175460462538727,0.17569999999994934,0.22999999999996135,0.07000000000005002,0.0,1047.0,1047.0,2021-10-08,2021-10-08 11:50:00,0.31692869796280965,31.0,1.0,best_within_2.0d,1077.0,362.425,0.5832424107187206,4.3760036431226785,32.22527881040892,0.012230020343504162,2.285057100371749,15.890706319702602,0.006381710269403211,0.4929364202292669,5.6011759621451125,36.843533123028394,0.015614239272951093,2.82998018927445,22.52492113564669,0.007835530045022196,1.8630914826498424,0.00402220134195386,1.9444468750000041,16.553125,0.005470102952261012,1.0,0
1055.0,2021-10-08 12:35:00,361.58,362.0499,361.55,361.99,257290.0,2s,2s,0.0,sell,False,0.027369863013695907,4.163492493946733,28.239017640954685,0.011578080659927173,0.12707540874382794,-0.3179769870339336,-0.25443928266201965,-0.0007029616884748625,50.26710826305739,66.90935467197748,56.11140218443648,88.50525964705948,257290.0,0.9998999999999683,1.0,3.650000000000034,17.0,0.009983588621444293,0.9998999999999683,10.0,0.002769422517656746,1.0,2.5,0.12707540874382794,-0.25443928266201965,-0.3179769870339336,50.26710826305739,66.90935467197748,56.11140218443648,88.50525964705948,15.35680839108359,26.409439970030967,42.45042721755873,0.11339122739090243,0.1382658000276499,0.05989999999997053,0.029999999999972715,0.410000000000025,1.0,1056.0,1056.0,2021-10-08,2021-10-08 12:35:00,1.0497527556009867,45.0,1.0,best_within_2.0d,1100.0,358.19,0.5832424107187206,4.3760036431226785,32.22527881040892,0.012230020343504162,2.285057100371749,15.890706319702602,0.006381710269403211,0.027369863013695907,3.650000000000034,17.0,0.009983588621444293,0.9998999999999683,10.0,0.002769422517656746,1.0,0.00402220134195386,1.9444468750000041,16.553125,0.005470102952261012,0.0,1
1056.0,2021-10-08 12:40:00,361.98,362.24,361.93,362.081,464155.0,2s,2s,0.0,sell,False,0.07945205479452541,4.163492493946733,28.239017640954685,0.011578080659927173,0.18059424403834912,-0.29540270652913997,-0.2051055845099654,-0.000566648348154908,51.62053355015488,73.07137836035787,61.76472757641027,95.68467992825306,464155.0,1.1899999999999977,1.0,3.650000000000034,17.0,0.009983588621444293,1.1899999999999977,11.0,0.0032959423902506513,1.0,2.5,0.18059424403834912,-0.2051055845099654,-0.29540270652913997,51.62053355015488,73.07137836035787,61.76472757641027,95.68467992825306,19.389518141677467,24.572854674600844,40.26042477438309,0.027902094038344406,0.08565192164230716,0.15899999999999181,0.05000000000001137,0.10099999999999909,1.0,1057.0,1057.0,2021-10-08,2021-10-08 12:40:00,1.0746214244878962,44.0,1.0,best_within_2.0d,1100.0,358.19,0.5832424107187206,4.3760036431226785,32.22527881040892,0.012230020343504162,2.285057100371749,15.890706319702602,0.006381710269403211,0.07945205479452541,3.650000000000034,17.0,0.009983588621444293,1.1899999999999977,11.0,0.0032959423902506513,1.0,0.00402220134195386,1.9444468750000041,16.553125,0.005470102952261012,1.0,1
1063.0,2021-10-08 13:15:00,361.49,361.5,360.65,360.67,747776.0,1,1,1.0,buy,False,0.1307684172271651,1.5900000000000318,8.0,0.004389355123674999,-0.06962513372895424,-0.2098182664469986,-0.24463083331147573,-0.000676232462592686,32.26824468680657,25.230392118062905,40.904144418884286,-6.117112483579859,747776.0,1.5900000000000318,1.0,1.5900000000000318,8.0,0.004389355123674999,1.5900000000000318,8.0,0.004389355123674999,1.0,1.0,-0.06962513372895424,-0.24463083331147573,-0.2098182664469986,32.26824468680657,25.230392118062905,40.904144418884286,-6.117112483579859,15.008283793002159,37.423253094240344,29.390781487620906,-0.2268389167058544,0.23568556772494742,0.009999999999990905,0.020000000000038654,0.8199999999999932,0.0,1064.0,1064.0,2021-10-08,2021-10-08 13:15:00,0.4865943937671543,14.0,1.0,best_within_2.0d,1077.0,362.425,0.5832424107187206,4.3760036431226785,32.22527881040892,0.012230020343504162,2.285057100371749,15.890706319702602,0.006381710269403211,0.4929364202292669,5.6011759621451125,36.843533123028394,0.015614239272951093,2.82998018927445,22.52492113564669,0.007835530045022196,1.8630914826498424,0.00402220134195386,1.9444468750000041,16.553125,0.005470102952261012,0.0,0
1064.0,2021-10-08 13:20:00,360.65,360.91,360.62,360.67,350083.0,1,1,1.0,buy,False,0.2517422702683189,1.6200000000000045,9.0,0.004472173144876338,-0.134035339758025,-0.22657268391675175,-0.29359035379576426,-0.000811751588130054,32.26824468680657,17.849067996404308,33.21911894472429,-12.891033900235662,350083.0,1.6200000000000045,1.0,1.6200000000000045,9.0,0.004472173144876338,1.6200000000000045,9.0,0.004472173144876338,1.0,1.0,-0.134035339758025,-0.29359035379576426,-0.22657268391675175,32.26824468680657,17.849067996404308,33.21911894472429,-12.891033900235662,15.632930666936817,34.10821236422673,29.94450117728071,0.005545542770009331,0.0804170595086297,0.2400000000000091,0.029999999999972715,0.020000000000038654,1.0,1065.0,1065.0,2021-10-08,2021-10-08 13:20:00,0.4865943937671543,13.0,1.0,best_within_2.0d,1077.0,362.425,0.5832424107187206,4.3760036431226785,32.22527881040892,0.012230020343504162,2.285057100371749,15.890706319702602,0.006381710269403211,0.4929364202292669,5.6011759621451125,36.843533123028394,0.015614239272951093,2.82998018927445,22.52492113564669,0.007835530045022196,1.8630914826498424,0.00402220134195386,1.9444468750000041,16.553125,0.005470102952261012,0.0,0
1065.0,2021-10-08 13:25:00,360.66,360.95,360.61,360.82,270761.0,1,1,1.0,buy,False,0.27065210088171604,1.6299999999999955,10.0,0.004499779151943451,-0.14410351610493688,-0.2445856234298689,-0.31663738148233733,-0.0008756279529401647,35.613181041067676,16.64514137613359,27.694459755194057,-5.453495381987345,270761.0,1.6299999999999955,1.0,1.6299999999999955,10.0,0.004499779151943451,1.6299999999999955,10.0,0.004499779151943451,1.0,1.0,-0.14410351610493688,-0.31663738148233733,-0.2445856234298689,35.613181041067676,16.64514137613359,27.694459755194057,-5.453495381987345,16.213943991831886,33.628920871950015,30.301305310056925,0.04436311207230304,0.09428468428495465,0.12999999999999545,0.05000000000001137,0.15999999999996817,1.0,1066.0,1066.0,2021-10-08,2021-10-08 13:25:00,0.44482013192173886,12.0,1.0,best_within_2.0d,1077.0,362.425,0.5832424107187206,4.3760036431226785,32.22527881040892,0.012230020343504162,2.285057100371749,15.890706319702602,0.006381710269403211,0.4929364202292669,5.6011759621451125,36.843533123028394,0.015614239272951093,2.82998018927445,22.52492113564669,0.007835530045022196,1.8630914826498424,0.00402220134195386,1.9444468750000041,16.553125,0.005470102952261012,1.0,0
1072.0,2021-10-08 14:00:00,361.485,361.75,361.42,361.67,212180.0,3a,3a,0.0,sell,False,0.0008012156375190509,4.163492493946733,28.239017640954685,0.011578080659927173,0.15938574483029322,-0.2544506256180152,-0.17475775320286857,-0.00048349877055779803,53.77345950851515,67.00059729230172,47.072365746129165,106.85706038464681,212180.0,1.1399999999999864,2.0,1.1399999999999864,8.0,0.0031613100024957333,1.1399999999999864,8.0,0.0031613100024957333,3.0,3.0,0.15938574483029322,-0.17475775320286857,-0.2544506256180152,53.77345950851515,67.00059729230172,47.072365746129165,106.85706038464681,21.261516654853796,23.560058995920336,25.577240438916313,0.05117778054414492,0.09130651319793705,0.07999999999998408,0.06499999999999773,0.18500000000000227,1.0,1073.0,1073.0,2021-10-08,2021-10-08 14:00:00,0.9622031133353659,28.0,1.0,best_within_2.0d,1100.0,358.19,0.5832424107187206,4.3760036431226785,32.22527881040892,0.012230020343504162,2.285057100371749,15.890706319702602,0.006381710269403211,0.4929364202292669,5.6011759621451125,36.843533123028394,0.015614239272951093,2.82998018927445,22.52492113564669,0.007835530045022196,1.8630914826498424,0.0008012156375190509,1.1399999999999864,8.0,0.0031613100024957333,0.0,1
1073.0,2021-10-08 14:05:00,361.67,361.8,361.6,361.65,192620.0,3a,3a,0.0,sell,False,0.0008012156375190509,4.163492493946733,28.239017640954685,0.011578080659927173,0.19681254243306895,-0.22984905781388157,-0.1314427865973471,-0.00036364477271228185,53.38984555273959,73.79871752259794,55.98114967161875,109.43385322455632,192620.0,1.1899999999999977,2.0,1.1899999999999977,9.0,0.003299963949973649,1.1899999999999977,9.0,0.003299963949973649,3.0,3.0,0.19681254243306895,-0.1314427865973471,-0.22984905781388157,53.38984555273959,73.79871752259794,55.98114967161875,109.43385322455632,23.1048081902555,19.915946301238257,24.27975042204996,-0.005529902950213912,0.05530973451327119,0.12999999999999545,0.049999999999954525,0.020000000000038654,0.0,1074.0,1074.0,2021-10-08,2021-10-08 14:05:00,0.9567261164108889,27.0,1.0,best_within_2.0d,1100.0,358.19,0.5832424107187206,4.3760036431226785,32.22527881040892,0.012230020343504162,2.285057100371749,15.890706319702602,0.006381710269403211,0.4929364202292669,5.6011759621451125,36.843533123028394,0.015614239272951093,2.82998018927445,22.52492113564669,0.007835530045022196,1.8630914826498424,0.0008012156375190509,1.1899999999999977,9.0,0.003299963949973649,0.0,1
1075.0,2021-10-08 14:15:00,361.645,362.0851,361.545,361.8691,323810.0,2s,2s,0.0,sell,False,0.037013698630142845,4.163492493946733,28.239017640954685,0.011578080659927173,0.24691045578702198,-0.17189807809981067,-0.04844285020629968,-0.00013400359437257167,57.24021768064777,80.45438406306353,69.1637688548528,103.03561447948499,323810.0,1.4750999999999976,1.0,3.650000000000034,17.0,0.009983588621444293,1.4750999999999976,11.0,0.004090568758492548,2.0,2.5,0.24691045578702198,-0.04844285020629968,-0.17189807809981067,57.24021768064777,80.45438406306353,69.1637688548528,103.03561447948499,28.097142857143115,15.998095238095415,23.732473445677662,0.06196684594008525,0.14938666002848755,0.21600000000000819,0.0999999999999659,0.22410000000002128,1.0,1076.0,1076.0,2021-10-08,2021-10-08 14:15:00,1.0166936055054177,25.0,1.0,best_within_2.0d,1100.0,358.19,0.5832424107187206,4.3760036431226785,32.22527881040892,0.012230020343504162,2.285057100371749,15.890706319702602,0.006381710269403211,0.037013698630142845,3.650000000000034,17.0,0.009983588621444293,1.4750999999999976,11.0,0.004090568758492548,2.0,0.00402220134195386,1.9444468750000041,16.553125,0.005470102952261012,0.0,1
1076.0,2021-10-08 14:20:00,361.87,362.087,361.8208,362.03,230088.0,2s,2s,0.0,sell,False,0.03753424657534224,4.163492493946733,28.239017640954685,0.011578080659927173,0.2765748192140037,-0.13732622569806022,0.0009611839089416208,2.6585599363025726e-06,59.87859893858635,85.55904743031215,74.62886171333925,107.41941886425795,230088.0,1.4769999999999754,1.0,3.650000000000034,17.0,0.009983588621444293,1.4769999999999754,12.0,0.004095837608496646,2.0,2.5,0.2765748192140037,0.0009611839089416208,-0.13732622569806022,59.87859893858635,85.55904743031215,74.62886171333925,107.41941886425795,25.631685901614475,16.101759901844563,23.668384228248666,0.04421477326110707,0.07357233193889609,0.05700000000001637,0.04919999999998481,0.15999999999996817,1.0,1077.0,1077.0,2021-10-08,2021-10-08 14:20:00,1.0606855785432079,24.0,1.0,best_within_2.0d,1100.0,358.19,0.5832424107187206,4.3760036431226785,32.22527881040892,0.012230020343504162,2.285057100371749,15.890706319702602,0.006381710269403211,0.03753424657534224,3.650000000000034,17.0,0.009983588621444293,1.4769999999999754,12.0,0.004095837608496646,2.0,0.00402220134195386,1.9444468750000041,16.553125,0.005470102952261012,0.0,1
1077.0,2021-10-08 14:25:00,362.02,362.468,362.02,362.425,386988.0,2s,2s,0.0,sell,False,0.14191780821918473,4.163492493946733,28.239017640954685,0.011578080659927173,0.3335892668632129,-0.0956275673401586,0.07116706609144785,0.00019680700805818383,65.50559332302112,89.51850678905978,79.59207673857942,109.37136689002054,386988.0,1.858000000000004,1.0,3.650000000000034,17.0,0.009983588621444293,1.858000000000004,13.0,0.005152380688278207,2.0,2.5,0.3335892668632129,0.07116706609144785,-0.0956275673401586,65.50559332302112,89.51850678905978,79.59207673857942,109.37136689002054,35.686095301401025,2.2828299613639618,28.261733366963192,0.11187227225016011,0.12375006905696811,0.043000000000006366,0.0,0.40500000000002956,1.0,1078.0,1078.0,2021-10-08,2021-10-08 14:25:00,1.1685176243360733,23.0,1.0,best_within_2.0d,1100.0,358.19,0.5832424107187206,4.3760036431226785,32.22527881040892,0.012230020343504162,2.285057100371749,15.890706319702602,0.006381710269403211,0.14191780821918473,3.650000000000034,17.0,0.009983588621444293,1.858000000000004,13.0,0.005152380688278207,2.0,0.00402220134195386,1.9444468750000041,16.553125,0.005470102952261012,0.0,1
1078.0,2021-10-08 14:30:00,362.43,362.54,362.325,362.34,287836.0,2s,2s,0.0,sell,False,0.16164383561644557,4.163492493946733,28.239017640954685,0.011578080659927173,0.34273215120374423,-0.05278604843969058,0.11858002716218152,0.0003278747413857676,63.44356565636224,88.43043637025428,82.53819661580437,100.21491587915415,287836.0,1.9300000000000068,1.0,3.650000000000034,17.0,0.009983588621444293,1.9300000000000068,14.0,0.005352042372646368,2.0,2.5,0.34273215120374423,0.11858002716218152,-0.05278604843969058,63.44356565636224,88.43043637025428,82.53819661580437,100.21491587915415,37.770087778529046,1.6859385550306052,32.775473016032045,-0.024832381425387476,0.05933899123715775,0.11000000000001364,0.014999999999986358,0.09000000000003183,0.0,1079.0,1079.0,2021-10-08,2021-10-08 14:30:00,1.1453331125462212,22.0,1.0,best_within_2.0d,1100.0,358.19,0.5832424107187206,4.3760036431226785,32.22527881040892,0.012230020343504162,2.285057100371749,15.890706319702602,0.006381710269403211,0.16164383561644557,3.650000000000034,17.0,0.009983588621444293,1.9300000000000068,14.0,0.005352042372646368,2.0,0.00402220134195386,1.9444468750000041,16.553125,0.005470102952261012,1.0,1
1088.0,2021-10-08 15:20:00,362.01,362.18,361.83,361.955,194095.0,2,2,1.0,buy,False,0.36787564766841135,4.163492493946733,28.239017640954685,0.011578080659927173,0.007638144019735366,0.12495189903258881,0.1287709710424565,0.0003558345646036371,52.01550670455893,37.93349069994197,46.66766216632142,20.46514776718307,194095.0,0.7100000000000364,1.0,1.9300000000000068,14.0,0.005352042372646368,0.7100000000000364,11.0,0.0019584045898384628,2.0,2.0,0.007638144019735366,0.1287709710424565,0.12495189903258881,52.01550670455893,37.93349069994197,46.66766216632142,20.46514776718307,19.629078110194868,16.69374125716417,32.85443774816667,-0.01519295047098335,0.09673050880248259,0.17000000000001592,0.125,0.05500000000000682,0.0,1089.0,1089.0,2021-10-08,2021-10-08 15:20:00,2.0540172048918044,173.78554736652885,0.0,,14281.267661333814,366.3529484630595,0.36787564766841135,1.9300000000000068,14.0,0.005352042372646368,0.7100000000000364,11.0,0.0019584045898384628,0.4929364202292669,5.6011759621451125,36.843533123028394,0.015614239272951093,2.82998018927445,22.52492113564669,0.007835530045022196,1.8630914826498424,0.00402220134195386,1.9444468750000041,16.553125,0.005470102952261012,0.0,0
1090.0,2021-10-08 15:30:00,362.01,362.035,361.78,361.85,297732.0,2,2,1.0,buy,False,0.39378238341971245,4.163492493946733,28.239017640954685,0.011578080659927173,-0.041776096782860705,0.11869524437115656,0.0978071959797262,0.0002702669016374979,48.95911544223088,30.0581412195434,39.312438756969556,11.549546144691092,297732.0,0.7600000000000477,1.0,1.9300000000000068,14.0,0.005352042372646368,0.7600000000000477,13.0,0.0020963204060242945,2.0,2.0,-0.041776096782860705,0.0978071959797262,0.11869524437115656,48.95911544223088,30.0581412195434,39.312438756969556,11.549546144691092,13.323695940249214,19.995181303458626,30.706463817499287,-0.04419767409739183,0.07048482503180174,0.025000000000034106,0.07000000000005002,0.15999999999996817,0.0,1091.0,1091.0,2021-10-08,2021-10-08 15:30:00,2.0540172048918044,173.78554736652885,0.0,,14281.267661333814,366.3529484630595,0.39378238341971245,1.9300000000000068,14.0,0.005352042372646368,0.7600000000000477,13.0,0.0020963204060242945,0.4929364202292669,5.6011759621451125,36.843533123028394,0.015614239272951093,2.82998018927445,22.52492113564669,0.007835530045022196,1.8630914826498424,0.00402220134195386,1.9444468750000041,16.553125,0.005470102952261012,0.0,0
1091.0,2021-10-08 15:35:00,361.8595,361.9,361.22,361.37,440674.0,2,2,1.0,buy,False,0.683937823834191,4.163492493946733,28.239017640954685,0.011578080659927173,-0.12401182260489868,0.10319376654554421,0.04118785524309487,0.00011382497420629299,38.6816952098656,24.625916776331096,34.41693143009007,5.043887468813153,440674.0,1.3199999999999932,1.0,1.9300000000000068,14.0,0.005352042372646368,1.3199999999999932,14.0,0.003640977547305106,2.0,2.0,-0.12401182260489868,0.04118785524309487,0.10319376654554421,38.6816952098656,24.625916776331096,34.41693143009007,5.043887468813153,3.9247005134061776,31.714774671991186,34.082826588274976,-0.13527349703407562,0.18825092741264324,0.0404999999999518,0.14999999999997726,0.4895000000000209,0.0,1092.0,1092.0,2021-10-08,2021-10-08 15:35:00,2.0540172048918044,173.78554736652885,0.0,,14281.267661333814,366.3529484630595,0.683937823834191,1.9300000000000068,14.0,0.005352042372646368,1.3199999999999932,14.0,0.003640977547305106,0.4929364202292669,5.6011759621451125,36.843533123028394,0.015614239272951093,2.82998018927445,22.52492113564669,0.007835530045022196,1.8630914826498424,0.00402220134195386,1.9444468750000041,16.553125,0.005470102952261012,0.0,0
1092.0,2021-10-08 15:40:00,361.35,361.46,361.1204,361.21,364748.0,2,2,1.0,buy,False,0.735544041450776,4.163492493946733,28.239017640954685,0.011578080659927173,-0.19135792588360762,0.07927402581009327,-0.01640493713171054,-4.534193817575929e-05,35.971082396633804,18.927925687694245,29.253929515958124,-1.7240819688335094,364748.0,1.4196000000000026,1.0,1.9300000000000068,14.0,0.005352042372646368,1.4196000000000026,15.0,0.003915705853147246,2.0,2.0,-0.19135792588360762,-0.01640493713171054,0.07927402581009327,35.971082396633804,18.927925687694245,29.253929515958124,-1.7240819688335094,2.218721572630393,33.047857824322655,37.89244089366899,-0.03874360038744796,0.09404065790798906,0.1099999999999568,0.08959999999996171,0.1400000000000432,0.0,1093.0,1093.0,2021-10-08,2021-10-08 15:40:00,2.0540172048918044,173.78554736652885,0.0,,14281.267661333814,366.3529484630595,0.735544041450776,1.9300000000000068,14.0,0.005352042372646368,1.4196000000000026,15.0,0.003915705853147246,0.4929364202292669,5.6011759621451125,36.843533123028394,0.015614239272951093,2.82998018927445,22.52492113564669,0.007835530045022196,1.8630914826498424,0.00402220134195386,1.9444468750000041,16.553125,0.005470102952261012,0.0,0
1093.0,2021-10-08 15:45:00,361.195,361.345,361.04,361.04,484422.0,2,2,1.0,buy,False,0.7772020725388573,4.163492493946733,28.239017640954685,0.011578080659927173,-0.24668131804946794,0.04843886105390978,-0.07490179797082419,-0.00020705502403267937,33.30095320197138,12.618617125129497,23.708825385681912,-9.561799395975335,484422.0,1.5,1.0,1.9300000000000068,14.0,0.005352042372646368,1.5,16.0,0.004137474485574005,2.0,2.0,-0.24668131804946794,-0.07490179797082419,0.04843886105390978,33.30095320197138,12.618617125129497,23.708825385681912,-9.561799395975335,2.2310472535813775,28.66895720851474,41.297235600335554,-0.04291310787800848,0.08447817416352947,0.1500000000000341,0.0,0.15499999999997272,0.0,1094.0,1094.0,2021-10-08,2021-10-08 15:45:00,2.0540172048918044,173.78554736652885,0.0,,14281.267661333814,366.3529484630595,0.7772020725388573,1.9300000000000068,14.0,0.005352042372646368,1.5,16.0,0.004137474485574005,0.4929364202292669,5.6011759621451125,36.843533123028394,0.015614239272951093,2.82998018927445,22.52492113564669,0.007835530045022196,1.8630914826498424,0.00402220134195386,1.9444468750000041,16.553125,0.005470102952261012,0.0,0
1094.0,2021-10-08 15:50:00,361.04,361.18,360.71,361.0,1111873.0,2,2,1.0,buy,False,0.9481865284974271,4.163492493946733,28.239017640954685,0.011578080659927173,-0.2744141349585332,0.014137094184093136,-0.12306997329517344,-0.0003402610085897735,32.6861469833144,14.492075986983913,20.63657558611591,2.203076788719919,1111873.0,1.830000000000041,1.0,1.9300000000000068,14.0,0.005352042372646368,1.830000000000041,17.0,0.0050477188724004,2.0,2.0,-0.2744141349585332,-0.12306997329517344,0.014137094184093136,32.6861469833144,14.492075986983913,20.63657558611591,2.203076788719919,2.0823789096669136,33.63041939111439,44.65730394458466,-0.011079104808337153,0.1302985778048924,0.13999999999998636,0.29000000000002046,0.040000000000020464,0.0,1095.0,1095.0,2021-10-08,2021-10-08 15:50:00,2.0540172048918044,173.78554736652885,0.0,,14281.267661333814,366.3529484630595,0.9481865284974271,1.9300000000000068,14.0,0.005352042372646368,1.830000000000041,17.0,0.0050477188724004,0.4929364202292669,5.6011759621451125,36.843533123028394,0.015614239272951093,2.82998018927445,22.52492113564669,0.007835530045022196,1.8630914826498424,0.00402220134195386,1.9444468750000041,16.553125,0.005470102952261012,0.0,0
1097.0,2021-10-08 16:05:00,360.88,361.035,360.65,360.77,594154.0,2,2,1.0,buy,False,0.9792746113989826,4.163492493946733,28.239017640954685,0.011578080659927173,-0.2801589869110502,-0.08889277684970973,-0.22897227030523482,-0.0006333464801956286,30.644548553809003,12.645143889528207,16.364808724846228,5.205814218892165,594154.0,1.8900000000000432,1.0,1.9300000000000068,14.0,0.005352042372646368,1.8900000000000432,20.0,0.005213217851823366,2.0,2.0,-0.2801589869110502,-0.22897227030523482,-0.08889277684970973,30.644548553809003,12.645143889528207,16.364808724846228,5.205814218892165,3.8705681994114687,33.383650719928454,51.338611599686814,-0.030481046331194205,0.10675169832248656,0.15500000000002956,0.12000000000000455,0.11000000000001364,0.0,1098.0,1098.0,2021-10-08,2021-10-08 16:05:00,2.0540172048918044,173.78554736652885,0.0,,14281.267661333814,366.3529484630595,0.9792746113989826,1.9300000000000068,14.0,0.005352042372646368,1.8900000000000432,20.0,0.005213217851823366,0.4929364202292669,5.6011759621451125,36.843533123028394,0.015614239272951093,2.82998018927445,22.52492113564669,0.007835530045022196,1.8630914826498424,0.00402220134195386,1.9444468750000041,16.553125,0.005470102952261012,1.0,0
1100.0,2021-10-08 16:20:00,358.47,358.54,357.96,358.19,515532.0,3a,3a,1.0,buy,False,0.0055408674129492335,4.163492493946733,28.239017640954685,0.011578080659927173,-0.3214767189432044,0.40558807208376735,0.24484971261216515,0.0006832560804506876,47.824552366114744,24.086511025234625,28.21946458631144,15.820603903080993,515532.0,1.6299999999999955,2.0,1.6299999999999955,11.0,0.004532940293111587,1.6299999999999955,11.0,0.004532940293111587,3.0,3.0,-0.3214767189432044,0.24484971261216515,0.40558807208376735,47.824552366114744,24.086511025234625,28.21946458631144,15.820603903080993,10.183329187818698,25.167161689612914,30.877506728159144,-0.07810974419059602,0.16202927701420297,0.06999999999999318,0.2300000000000182,0.28000000000002956,0.0,1101.0,1101.0,2021-10-08,2021-10-08 16:20:00,2.0540172048918044,173.78554736652885,0.0,,14281.267661333814,366.3529484630595,0.5832424107187206,4.3760036431226785,32.22527881040892,0.012230020343504162,2.285057100371749,15.890706319702602,0.006381710269403211,0.4929364202292669,5.6011759621451125,36.843533123028394,0.015614239272951093,2.82998018927445,22.52492113564669,0.007835530045022196,1.8630914826498424,0.0055408674129492335,1.6299999999999955,11.0,0.004532940293111587,0.0,0
1134.0,2021-10-11 04:00:00,360.46,360.46,359.34,359.73,15498.0,1,1,1.0,buy,False,0.5261885375039137,3.2000000000000455,57.0,0.008826612235891337,-0.1258280471368441,-0.08382136887726951,-0.14673539244569156,-0.00040664036334164474,15.07434624247216,29.05763930785782,31.517483688517526,24.137950546538413,15498.0,3.2000000000000455,1.0,3.2000000000000455,57.0,0.008826612235891337,3.2000000000000455,57.0,0.008826612235891337,1.0,1.0,-0.1258280471368441,-0.14673539244569156,-0.08382136887726951,15.07434624247216,29.05763930785782,31.517483688517526,24.137950546538413,9.318170677906625,85.78010881819537,50.54938061155273,-0.20251900349552276,0.3116825290810944,0.0,0.3900000000000432,0.7299999999999613,0.0,1135.0,1135.0,2021-10-11,2021-10-11 04:00:00,0.1779112111861636,245.0,1.0,best_within_2.0d,1379.0,360.37,0.5832424107187206,4.3760036431226785,32.22527881040892,0.012230020343504162,2.285057100371749,15.890706319702602,0.006381710269403211,0.4929364202292669,5.6011759621451125,36.843533123028394,0.015614239272951093,2.82998018927445,22.52492113564669,0.007835530045022196,1.8630914826498424,0.00402220134195386,1.9444468750000041,16.553125,0.005470102952261012,1.0,0
1139.0,2021-10-11 04:25:00,359.02,359.37,359.02,359.37,7610.0,1,1,1.0,buy,False,0.6295269620733086,3.5200000000000387,62.0,0.009709273459480439,-0.3133393161017104,-0.2634046218676257,-0.4200742799184809,-0.0011655857997622614,26.77466223471754,16.7424279979154,19.988495399372166,10.250293195001866,7610.0,3.5200000000000387,1.0,3.5200000000000387,62.0,0.009709273459480439,3.5200000000000387,62.0,0.009709273459480439,1.0,1.0,-0.3133393161017104,-0.4200742799184809,-0.2634046218676257,26.77466223471754,16.7424279979154,19.988495399372166,10.250293195001866,7.977207977205601,65.242165242166,58.662818590564214,0.09748760514735189,0.09748760514735189,0.0,0.0,0.35000000000002274,1.0,1140.0,1140.0,2021-10-11,2021-10-11 04:25:00,1.026796894565489,383.0,1.0,best_within_2.0d,1522.0,363.06,0.5832424107187206,4.3760036431226785,32.22527881040892,0.012230020343504162,2.285057100371749,15.890706319702602,0.006381710269403211,0.4929364202292669,5.6011759621451125,36.843533123028394,0.015614239272951093,2.82998018927445,22.52492113564669,0.007835530045022196,1.8630914826498424,0.00402220134195386,1.9444468750000041,16.553125,0.005470102952261012,1.0,0
1146.0,2021-10-11 05:00:00,359.76,359.76,359.76,359.76,199.0,3a,3a,0.0,sell,False,0.0008012156375190509,4.163492493946733,28.239017640954685,0.011578080659927173,0.028938193236094145,-0.3698012570842658,-0.35533216046621874,-0.0009869191794074342,43.02020606626538,71.70716378033904,51.26330483227268,112.59488167647177,199.0,0.7400000000000091,2.0,0.7400000000000091,8.0,0.002061166508829617,0.7400000000000091,8.0,0.002061166508829617,3.0,3.0,0.028938193236094145,-0.35533216046621874,-0.3698012570842658,43.02020606626538,71.70716378033904,51.26330483227268,112.59488167647177,18.0257510729603,50.429184549356435,57.63239113727369,0.0,0.0,0.0,0.0,0.0,0.0,1147.0,1147.0,2021-10-11,2021-10-11 05:00:00,1.125750500333559,329.0,1.0,best_within_2.0d,1475.0,355.71,0.5832424107187206,4.3760036431226785,32.22527881040892,0.012230020343504162,2.285057100371749,15.890706319702602,0.006381710269403211,0.4929364202292669,5.6011759621451125,36.843533123028394,0.015614239272951093,2.82998018927445,22.52492113564669,0.007835530045022196,1.8630914826498424,0.0008012156375190509,0.7400000000000091,8.0,0.002061166508829617,0.0,1
1147.0,2021-10-11 05:05:00,359.8,360.01,359.8,360.01,1975.0,3a,3a,0.0,sell,False,0.0008012156375190509,4.163492493946733,28.239017640954685,0.011578080659927173,0.10655778540006522,-0.35648153390925763,-0.303202641209225,-0.0008421372818668215,48.89710169022873,81.13810918689269,61.22157295047934,120.9711816597194,1975.0,0.9900000000000091,2.0,0.9900000000000091,9.0,0.002757506545596371,0.9900000000000091,9.0,0.002757506545596371,3.0,3.0,0.10655778540006522,-0.303202641209225,-0.35648153390925763,48.89710169022873,81.13810918689269,61.22157295047934,120.9711816597194,22.56728778467785,47.61904761904751,56.06530715169952,0.05836575875485812,0.05836575875485812,0.0,0.0,0.20999999999997954,1.0,1148.0,1148.0,2021-10-11,2021-10-11 05:05:00,1.1944112663537156,328.0,1.0,best_within_2.0d,1475.0,355.71,0.5832424107187206,4.3760036431226785,32.22527881040892,0.012230020343504162,2.285057100371749,15.890706319702602,0.006381710269403211,0.4929364202292669,5.6011759621451125,36.843533123028394,0.015614239272951093,2.82998018927445,22.52492113564669,0.007835530045022196,1.8630914826498424,0.0008012156375190509,0.9900000000000091,9.0,0.002757506545596371,1.0,1
1151.0,2021-10-11 05:25:00,359.7,359.7,359.57,359.57,7752.0,2,2,1.0,buy,False,0.4444444444444381,4.163492493946733,28.239017640954685,0.011578080659927173,0.110167991804485,-0.29684100323783574,-0.24175700733559324,-0.0006716597650149321,40.957791944755144,58.60404562602602,63.98939591577212,47.83334504653382,7752.0,0.4399999999999977,1.0,0.9900000000000091,9.0,0.002757506545596371,0.4399999999999977,5.0,0.0012221882725479785,2.0,2.0,0.110167991804485,-0.24175700733559324,-0.29684100323783574,40.957791944755144,58.60404562602602,63.98939591577212,47.83334504653382,31.286549707602617,31.57894736842105,42.83978406755913,-0.036141228801777996,0.03615429540840322,0.0,0.0,0.12999999999999545,0.0,1152.0,1152.0,2021-10-11,2021-10-11 05:25:00,0.9706037767333229,371.0,1.0,best_within_2.0d,1522.0,363.06,0.4444444444444381,0.9900000000000091,9.0,0.002757506545596371,0.4399999999999977,5.0,0.0012221882725479785,0.4929364202292669,5.6011759621451125,36.843533123028394,0.015614239272951093,2.82998018927445,22.52492113564669,0.007835530045022196,1.8630914826498424,0.00402220134195386,1.9444468750000041,16.553125,0.005470102952261012,0.0,0
1152.0,2021-10-11 05:30:00,359.53,359.56,359.45,359.56,5900.0,2,2,1.0,buy,False,0.5656565656565627,4.163492493946733,28.239017640954685,0.011578080659927173,0.09918200426928692,-0.28444325270417486,-0.2348522505695314,-0.0006525276589338488,40.767740604946795,53.17192785324792,60.383573228264055,38.74863710321566,5900.0,0.5600000000000023,1.0,0.9900000000000091,9.0,0.002757506545596371,0.5600000000000023,6.0,0.0015555123468792597,2.0,2.0,0.09918200426928692,-0.2348522505695314,-0.28444325270417486,40.767740604946795,53.17192785324792,60.383573228264055,38.74863710321566,37.809187279152404,19.434628975264747,42.07256845074062,0.008344227185500392,0.030602309083325535,0.0,0.07999999999998408,0.03000000000002956,1.0,1153.0,1153.0,2021-10-11,2021-10-11 05:30:00,0.9734119479363667,370.0,1.0,best_within_2.0d,1522.0,363.06,0.5656565656565627,0.9900000000000091,9.0,0.002757506545596371,0.5600000000000023,6.0,0.0015555123468792597,0.4929364202292669,5.6011759621451125,36.843533123028394,0.015614239272951093,2.82998018927445,22.52492113564669,0.007835530045022196,1.8630914826498424,0.00402220134195386,1.9444468750000041,16.553125,0.005470102952261012,1.0,0
1158.0,2021-10-11 06:00:00,359.66,359.66,359.37,359.42,25997.0,2,2,1.0,buy,False,0.6464646464646268,4.163492493946733,28.239017640954685,0.011578080659927173,0.07737916744457884,-0.2065852631902501,-0.1678956794679607,-0.0004666298314475138,39.607847248031554,39.516082526515746,45.79405643365895,26.960134712229333,25997.0,0.6399999999999864,1.0,0.9900000000000091,9.0,0.002757506545596371,0.6399999999999864,12.0,0.0017777283964333945,2.0,2.0,0.07737916744457884,-0.1678956794679607,-0.2065852631902501,39.607847248031554,39.516082526515746,45.79405643365895,26.960134712229333,39.03508771929866,39.03508771929866,35.26566267315686,-0.06672968915086723,0.08069677491165664,0.0,0.05000000000001137,0.2400000000000091,0.0,1159.0,1159.0,2021-10-11,2021-10-11 06:00:00,1.012742752211893,364.0,1.0,best_within_2.0d,1522.0,363.06,0.6464646464646268,0.9900000000000091,9.0,0.002757506545596371,0.6399999999999864,12.0,0.0017777283964333945,0.4929364202292669,5.6011759621451125,36.843533123028394,0.015614239272951093,2.82998018927445,22.52492113564669,0.007835530045022196,1.8630914826498424,0.00402220134195386,1.9444468750000041,16.553125,0.005470102952261012,0.0,0
1159.0,2021-10-11 06:05:00,359.32,359.32,359.32,359.32,500.0,2,2,1.0,buy,False,0.6969696969696882,4.163492493946733,28.239017640954685,0.011578080659927173,0.04134670338921975,-0.20141692526659766,-0.18074357357198778,-0.0005023879299910101,37.649558078027106,26.344055017677164,39.31072262833169,0.41071979636811307,500.0,0.6899999999999977,1.0,0.9900000000000091,9.0,0.002757506545596371,0.6899999999999977,13.0,0.001916613427404788,2.0,2.0,0.04134670338921975,-0.18074357357198778,-0.20141692526659766,37.649558078027106,26.344055017677164,39.31072262833169,0.41071979636811307,36.86440677966163,39.83050847457644,33.022929861853974,0.0,0.0,0.0,0.0,0.0,0.0,1160.0,1160.0,2021-10-11,2021-10-11 06:05:00,1.0408549482355585,363.0,1.0,best_within_2.0d,1522.0,363.06,0.6969696969696882,0.9900000000000091,9.0,0.002757506545596371,0.6899999999999977,13.0,0.001916613427404788,0.4929364202292669,5.6011759621451125,36.843533123028394,0.015614239272951093,2.82998018927445,22.52492113564669,0.007835530045022196,1.8630914826498424,0.00402220134195386,1.9444468750000041,16.553125,0.005470102952261012,0.0,0
1161.0,2021-10-11 06:15:00,359.32,359.32,359.25,359.27,2743.0,2,2,1.0,buy,False,0.7676767676767514,4.163492493946733,28.239017640954685,0.011578080659927173,0.007618426263122813,-0.19697393830252058,-0.19316472517095917,-0.0005370082728437317,37.299947088485254,15.620033522594712,27.487962564163304,-8.115824560542471,2743.0,0.7599999999999909,1.0,0.9900000000000091,9.0,0.002757506545596371,0.7599999999999909,15.0,0.002111052470764676,2.0,2.0,0.007618426263122813,-0.19316472517095917,-0.19697393830252058,37.299947088485254,15.620033522594712,27.487962564163304,-8.115824560542471,26.696832579187717,48.416289592759156,30.911878222585848,-0.013915173104756587,0.019485038274180425,0.0,0.01999999999998181,0.05000000000001137,0.0,1162.0,1162.0,2021-10-11,2021-10-11 06:15:00,1.0549169148551287,361.0,1.0,best_within_2.0d,1522.0,363.06,0.7676767676767514,0.9900000000000091,9.0,0.002757506545596371,0.7599999999999909,15.0,0.002111052470764676,0.4929364202292669,5.6011759621451125,36.843533123028394,0.015614239272951093,2.82998018927445,22.52492113564669,0.007835530045022196,1.8630914826498424,0.00402220134195386,1.9444468750000041,16.553125,0.005470102952261012,0.0,0
1163.0,2021-10-11 06:25:00,359.12,359.18,359.03,359.12,4879.0,2,2,1.0,buy,False,0.9898989898989992,4.163492493946733,28.239017640954685,0.011578080659927173,-0.02334323030956431,-0.20013152432797182,-0.21180313948275398,-0.0005889439323686439,34.18573891948286,11.582041760958333,18.65618214265978,-2.5662390024445614,4879.0,0.9800000000000182,1.0,0.9900000000000091,9.0,0.002757506545596371,0.9800000000000182,17.0,0.002722146607038744,2.0,2.0,-0.02334323030956431,-0.21180313948275398,-0.20013152432797182,34.18573891948286,11.582041760958333,18.65618214265978,-2.5662390024445614,29.107981220659784,52.58215962441053,30.323874698587996,0.0,0.04177923850375571,0.060000000000002274,0.09000000000003183,0.0,0.0,1164.0,1164.0,2021-10-11,2021-10-11 06:25:00,1.0971263087547332,359.0,1.0,best_within_2.0d,1522.0,363.06,0.9898989898989992,0.9900000000000091,9.0,0.002757506545596371,0.9800000000000182,17.0,0.002722146607038744,0.4929364202292669,5.6011759621451125,36.843533123028394,0.015614239272951093,2.82998018927445,22.52492113564669,0.007835530045022196,1.8630914826498424,0.00402220134195386,1.9444468750000041,16.553125,0.005470102952261012,0.0,0
1164.0,2021-10-11 06:30:00,359.04,359.1,358.8,358.9,45791.0,1p,1p,1.0,buy,False,0.17894716870312752,1.2099999999999795,18.0,0.0033610177495069014,-0.059979448936406055,-0.20762895544502258,-0.2376186799132256,-0.0006608267730983556,30.202807377681168,11.021691206974426,16.11135183076466,0.842369959393956,45791.0,1.2099999999999795,0.0,1.2099999999999795,18.0,0.0033610177495069014,1.2099999999999795,0.0,0.0,1.0,1.0,-0.059979448936406055,-0.2376186799132256,-0.20762895544502258,30.202807377681168,11.021691206974426,16.11135183076466,0.842369959393956,22.88135593220488,57.20338983050497,31.219108138484405,-0.03899286987523485,0.08361204013378243,0.060000000000002274,0.0999999999999659,0.1400000000000432,0.0,1165.0,1165.0,2021-10-11,2021-10-11 06:30:00,1.1590972415714753,358.0,1.0,best_within_2.0d,1522.0,363.06,0.5832424107187206,4.3760036431226785,32.22527881040892,0.012230020343504162,2.285057100371749,15.890706319702602,0.006381710269403211,0.4929364202292669,5.6011759621451125,36.843533123028394,0.015614239272951093,2.82998018927445,22.52492113564669,0.007835530045022196,1.8630914826498424,0.00402220134195386,1.9444468750000041,16.553125,0.005470102952261012,0.0,0
1166.0,2021-10-11 06:40:00,358.85,358.91,358.57,358.57,34017.0,1p,1p,1.0,buy,False,0.35436781099747894,1.4399999999999977,20.0,0.003999888891975217,-0.11877687799403447,-0.231658510884928,-0.29104694988194524,-0.0008096825763295732,25.557827395771525,7.538793451724731,12.186463114823002,-1.7565458744718114,34017.0,1.4399999999999977,0.0,1.4399999999999977,20.0,0.003999888891975217,1.4399999999999977,0.0,0.0,1.0,1.0,-0.11877687799403447,-0.29104694988194524,-0.231658510884928,25.557827395771525,7.538793451724731,12.186463114823002,-1.7565458744718114,21.428571428572717,57.53968253967957,32.903148804463065,-0.0780270307928186,0.09482109490476946,0.060000000000002274,0.0,0.28000000000002956,0.0,1167.0,1167.0,2021-10-11,2021-10-11 06:40:00,1.2521962238893407,356.0,1.0,best_within_2.0d,1522.0,363.06,0.5832424107187206,4.3760036431226785,32.22527881040892,0.012230020343504162,2.285057100371749,15.890706319702602,0.006381710269403211,0.4929364202292669,5.6011759621451125,36.843533123028394,0.015614239272951093,2.82998018927445,22.52492113564669,0.007835530045022196,1.8630914826498424,0.00402220134195386,1.9444468750000041,16.553125,0.005470102952261012,0.0,0
1167.0,2021-10-11 06:45:00,358.58,358.58,358.16,358.2,34099.0,1p,1p,1.0,buy,False,0.5488266098904346,1.849999999999966,21.0,0.005138746145940296,-0.18395550967042962,-0.2546529495937317,-0.3466307044289465,-0.000964564733466629,21.30604582297528,6.035963311249916,10.136296513631972,-2.164703093514195,34099.0,1.849999999999966,0.0,1.849999999999966,21.0,0.005138746145940296,1.849999999999966,0.0,0.0,1.0,1.0,-0.18395550967042962,-0.3466307044289465,-0.2546529495937317,21.30604582297528,6.035963311249916,10.136296513631972,-2.164703093514195,13.357400722023142,67.14801444043002,35.32550556826952,-0.10597356238496165,0.11726602635692401,0.0,0.03999999999996362,0.37999999999999545,0.0,1168.0,1168.0,2021-10-11,2021-10-11 06:45:00,1.3567839195979938,355.0,1.0,best_within_2.0d,1522.0,363.06,0.5832424107187206,4.3760036431226785,32.22527881040892,0.012230020343504162,2.285057100371749,15.890706319702602,0.006381710269403211,0.4929364202292669,5.6011759621451125,36.843533123028394,0.015614239272951093,2.82998018927445,22.52492113564669,0.007835530045022196,1.8630914826498424,0.00402220134195386,1.9444468750000041,16.553125,0.005470102952261012,1.0,0
1180.0,2021-10-11 07:50:00,358.61,358.61,358.25,358.29,29530.0,2,2,1.0,buy,False,0.9052631578947621,4.163492493946733,28.239017640954685,0.011578080659927173,0.0239192704626795,-0.2411513374270317,-0.22919170219569196,-0.0006385392437075484,30.949917157136184,31.325121533441894,47.689433817484826,-1.4035030346439612,29530.0,0.8600000000000136,1.0,0.9499999999999886,9.0,0.002652445834263984,0.8600000000000136,6.0,0.002394809389880576,2.0,2.0,0.0239192704626795,-0.22919170219569196,-0.2411513374270317,30.949917157136184,31.325121533441894,47.689433817484826,-1.4035030346439612,22.65372168284872,32.68608414239359,32.59423266095454,-0.0892334290733647,0.10048848569435133,0.0,0.040000000000020464,0.3199999999999932,0.0,1181.0,1181.0,2021-10-11,2021-10-11 07:50:00,1.3313237879929614,342.0,1.0,best_within_2.0d,1522.0,363.06,0.9052631578947621,0.9499999999999886,9.0,0.002652445834263984,0.8600000000000136,6.0,0.002394809389880576,0.4929364202292669,5.6011759621451125,36.843533123028394,0.015614239272951093,2.82998018927445,22.52492113564669,0.007835530045022196,1.8630914826498424,0.00402220134195386,1.9444468750000041,16.553125,0.005470102952261012,0.0,0
1181.0,2021-10-11 07:55:00,358.28,358.35,358.11,358.3,41837.0,1,1,1.0,buy,False,0.014978894934748665,1.0,7.0,0.0027846620812564393,-0.0050206192270633165,-0.24177891483041464,-0.2442892244439463,-0.0006806903548103112,31.34699642174394,27.216747688961185,40.86520510797695,-0.08016714907034839,41837.0,1.0,2.0,1.0,7.0,0.0027846620812564393,1.0,7.0,0.0027846620812564393,1.0,1.0,-0.0050206192270633165,-0.2442892244439463,-0.24177891483041464,31.34699642174394,27.216747688961185,40.86520510797695,-0.08016714907034839,24.05498281786983,25.42955326460391,30.464485883584583,0.00558222619181608,0.06701851386445759,0.05000000000001137,0.16999999999995907,0.020000000000038654,1.0,1182.0,1182.0,2021-10-11,2021-10-11 07:55:00,1.3284956740161848,341.0,1.0,best_within_2.0d,1522.0,363.06,0.5832424107187206,4.3760036431226785,32.22527881040892,0.012230020343504162,2.285057100371749,15.890706319702602,0.006381710269403211,0.4929364202292669,5.6011759621451125,36.843533123028394,0.015614239272951093,2.82998018927445,22.52492113564669,0.007835530045022196,1.8630914826498424,0.00402220134195386,1.9444468750000041,16.553125,0.005470102952261012,0.0,0
1182.0,2021-10-11 08:00:00,358.58,361.43,358.0,358.26,90359.0,1,1,1.0,buy,False,0.07039003757051839,1.1100000000000136,8.0,0.003090974910194686,-0.02359330094507961,-0.24472807744854957,-0.2565247279210894,-0.0007148756519820862,30.58924554882907,20.67122343501193,34.13387788365527,-6.254085462274752,90359.0,1.1100000000000136,2.0,1.1100000000000136,8.0,0.003090974910194686,1.1100000000000136,8.0,0.003090974910194686,1.0,1.0,-0.02359330094507961,-0.2565247279210894,-0.24472807744854957,30.58924554882907,20.67122343501193,34.13387788365527,-6.254085462274752,62.37623762376167,12.211221122112127,33.09249668962436,-0.08924089463996687,0.9581005586592198,2.8500000000000227,0.2599999999999909,0.3199999999999932,0.0,1183.0,1183.0,2021-10-11,2021-10-11 08:00:00,1.3398090772065012,340.0,1.0,best_within_2.0d,1522.0,363.06,0.5832424107187206,4.3760036431226785,32.22527881040892,0.012230020343504162,2.285057100371749,15.890706319702602,0.006381710269403211,0.4929364202292669,5.6011759621451125,36.843533123028394,0.015614239272951093,2.82998018927445,22.52492113564669,0.007835530045022196,1.8630914826498424,0.00402220134195386,1.9444468750000041,16.553125,0.005470102952261012,0.0,0
1183.0,2021-10-11 08:05:00,358.27,358.36,358.0,358.17,90155.0,1,1,1.0,buy,False,0.1223893273417189,1.1100000000000136,9.0,0.003090974910194686,-0.04102239936363439,-0.2498558773690039,-0.2703670770508211,-0.0007535550572711718,28.896679395113622,15.432905030532886,27.90022026594781,-9.501725440296958,90155.0,1.1100000000000136,2.0,1.1100000000000136,9.0,0.003090974910194686,1.1100000000000136,9.0,0.003090974910194686,1.0,1.0,-0.04102239936363439,-0.2703670770508211,-0.2498558773690039,28.896679395113622,15.432905030532886,27.90022026594781,-9.501725440296958,60.7717041800634,11.897106109324636,35.53279243808987,-0.027911910011992606,0.1005586592178809,0.09000000000003183,0.17000000000001592,0.0999999999999659,0.0,1184.0,1184.0,2021-10-11,2021-10-11 08:05:00,1.365273473490238,339.0,1.0,best_within_2.0d,1522.0,363.06,0.5832424107187206,4.3760036431226785,32.22527881040892,0.012230020343504162,2.285057100371749,15.890706319702602,0.006381710269403211,0.4929364202292669,5.6011759621451125,36.843533123028394,0.015614239272951093,2.82998018927445,22.52492113564669,0.007835530045022196,1.8630914826498424,0.00402220134195386,1.9444468750000041,16.553125,0.005470102952261012,1.0,0
1206.0,2021-10-11 10:00:00,363.881,364.0,359.67,363.94,108838.0,1,1,1.0,buy,False,0.37674742031177216,4.769999999999982,8.0,0.01308857425090545,-0.09790983075939419,0.3154222827028135,0.2664673673231164,0.0007325944083839596,59.160483200471745,79.65162210361008,77.10577956843218,84.74330717396589,108838.0,4.769999999999982,1.0,4.769999999999982,8.0,0.01308857425090545,4.769999999999982,8.0,0.01308857425090545,1.0,1.0,-0.09790983075939419,0.2664673673231164,0.3154222827028135,59.160483200471745,79.65162210361008,77.10577956843218,84.74330717396589,6.382978723404214,72.56438969764835,51.32687924464824,0.016214091969634557,1.203881335668803,0.060000000000002274,4.210999999999956,0.05900000000002592,1.0,1207.0,1207.0,2021-10-11,2021-10-11 10:00:00,-0.45650832819247933,316.0,1.0,best_within_2.0d,1522.0,363.06,0.5832424107187206,4.3760036431226785,32.22527881040892,0.012230020343504162,2.285057100371749,15.890706319702602,0.006381710269403211,0.4929364202292669,5.6011759621451125,36.843533123028394,0.015614239272951093,2.82998018927445,22.52492113564669,0.007835530045022196,1.8630914826498424,0.00402220134195386,1.9444468750000041,16.553125,0.005470102952261012,0.0,0
1206.0,2021-10-11 10:00:00,364.94,365.05,364.57,364.725,265380.0,2,2,1.0,buy,False,0.18060200668896173,4.163492493946733,28.239017640954685,0.011578080659927173,-0.15981854054358324,0.36869074449077055,0.28878147421897893,0.0007918171250406684,50.80451525779496,28.121946749892736,42.189340517345116,-0.01284078501203112,265380.0,1.079999999999984,1.0,5.979999999999961,30.0,0.01662635193371691,1.079999999999984,9.0,0.0029536441952686563,2.0,2.0,-0.15981854054358324,0.28878147421897893,0.36869074449077055,50.80451525779496,28.121946749892736,42.189340517345116,-0.01284078501203112,17.613386173491794,15.501694331168936,51.732395266915276,-0.05891379404832985,0.13166195792303761,0.11000000000001364,0.15500000000002956,0.214999999999975,0.0,1207.0,1207.0,2021-10-11,2021-10-11 10:00:00,-0.45650832819247933,316.0,1.0,best_within_2.0d,1522.0,363.06,0.18060200668896173,5.979999999999961,30.0,0.01662635193371691,1.079999999999984,9.0,0.0029536441952686563,0.4929364202292669,5.6011759621451125,36.843533123028394,0.015614239272951093,2.82998018927445,22.52492113564669,0.007835530045022196,1.8630914826498424,0.00402220134195386,1.9444468750000041,16.553125,0.005470102952261012,0.0,0
1214.0,2021-10-11 10:40:00,362.85,362.85,362.185,362.27,323489.0,2,2,1.0,buy,False,0.1951923076923055,4.163492493946733,28.239017640954685,0.011578080659927173,0.017428045830513827,0.9152033960614572,0.9239174189767141,0.002556532020098781,66.70326877642611,57.417488119139826,78.02511143156082,16.20224149429785,323489.0,1.0149999999999864,1.0,5.199999999999989,28.0,0.014525139664804438,1.0149999999999864,5.0,0.0027946035242290375,2.0,2.0,0.017428045830513827,0.9239174189767141,0.9152033960614572,66.70326877642611,57.417488119139826,78.02511143156082,16.20224149429785,44.685210955301244,11.239735139846166,79.76518329147986,-0.15984566625328397,0.18360782473046108,0.0,0.08499999999997954,0.5800000000000409,0.0,1215.0,1215.0,2021-10-11,2021-10-11 10:40:00,0.2180693957545534,308.0,1.0,best_within_2.0d,1522.0,363.06,0.1951923076923055,5.199999999999989,28.0,0.014525139664804438,1.0149999999999864,5.0,0.0027946035242290375,0.4929364202292669,5.6011759621451125,36.843533123028394,0.015614239272951093,2.82998018927445,22.52492113564669,0.007835530045022196,1.8630914826498424,0.00402220134195386,1.9444468750000041,16.553125,0.005470102952261012,0.0,0
1215.0,2021-10-11 10:45:00,362.3119,362.34,362.01,362.18,241607.0,2,2,1.0,buy,False,0.22884615384615392,4.163492493946733,28.239017640954685,0.011578080659927173,-0.11326617120353122,0.9010451246610158,0.8444120390592502,0.0023361601397555616,64.60598679298337,43.0402301746651,66.36348434592891,-3.6062781678625413,241607.0,1.1899999999999977,1.0,5.199999999999989,28.0,0.014525139664804438,1.1899999999999977,6.0,0.0032764317180616676,2.0,2.0,-0.11326617120353122,0.8444120390592502,0.9010451246610158,64.60598679298337,43.0402301746651,66.36348434592891,-3.6062781678625413,44.48355855490498,14.76242233505788,77.65093149312493,-0.036405097376037955,0.0911577028258844,0.028099999999994907,0.17000000000001592,0.13189999999997326,0.0,1216.0,1216.0,2021-10-11,2021-10-11 10:45:00,0.24297310729471405,307.0,1.0,best_within_2.0d,1522.0,363.06,0.22884615384615392,5.199999999999989,28.0,0.014525139664804438,1.1899999999999977,6.0,0.0032764317180616676,0.4929364202292669,5.6011759621451125,36.843533123028394,0.015614239272951093,2.82998018927445,22.52492113564669,0.007835530045022196,1.8630914826498424,0.00402220134195386,1.9444468750000041,16.553125,0.005470102952261012,1.0,0
1231.0,2021-10-11 12:05:00,361.72,361.76,361.36,361.66,591569.0,2s,2s,1.0,buy,False,0.3538461538461498,4.163492493946733,28.239017640954685,0.011578080659927173,-0.3859742039470402,0.3661999125953257,0.1732128106218056,0.00047839400536220844,42.1395719862433,27.461016120627892,38.318540420602915,5.745967520677851,591569.0,1.509999999999991,1.0,5.199999999999989,28.0,0.014525139664804438,1.509999999999991,6.0,0.004161269876264201,1.0,2.5,-0.3859742039470402,0.1732128106218056,0.3661999125953257,42.1395719862433,27.461016120627892,38.318540420602915,5.745967520677851,15.900028774612801,38.64019402310182,39.495420675728106,-0.016587415680637586,0.11069293779056268,0.03999999999996362,0.30000000000001137,0.060000000000002274,0.0,1232.0,1232.0,2021-10-11,2021-10-11 12:05:00,0.38710390974948217,291.0,1.0,best_within_2.0d,1522.0,363.06,0.5832424107187206,4.3760036431226785,32.22527881040892,0.012230020343504162,2.285057100371749,15.890706319702602,0.006381710269403211,0.3538461538461498,5.199999999999989,28.0,0.014525139664804438,1.509999999999991,6.0,0.004161269876264201,1.0,0.00402220134195386,1.9444468750000041,16.553125,0.005470102952261012,0.0,0
1232.0,2021-10-11 12:10:00,361.66,361.77,361.23,361.36,441315.0,2s,2s,1.0,buy,False,0.378846153846149,4.163492493946733,28.239017640954685,0.011578080659927173,-0.44222236419962857,0.3109221170703721,0.08981093497055781,0.00024808365656400235,37.553724089542925,20.94962050318275,32.52890044812953,-2.208939386710803,441315.0,1.6399999999999864,1.0,5.199999999999989,28.0,0.014525139664804438,1.6399999999999864,7.0,0.004519524898724024,1.0,2.5,-0.44222236419962857,0.08981093497055781,0.3109221170703721,37.553724089542925,20.94962050318275,32.52890044812953,-2.208939386710803,11.753524473309136,39.79882781561886,40.560147612296,-0.08295083780346496,0.14948924507930228,0.1099999999999568,0.12999999999999545,0.30000000000001137,0.0,1233.0,1233.0,2021-10-11,2021-10-11 12:10:00,0.47044498560991493,290.0,1.0,best_within_2.0d,1522.0,363.06,0.5832424107187206,4.3760036431226785,32.22527881040892,0.012230020343504162,2.285057100371749,15.890706319702602,0.006381710269403211,0.378846153846149,5.199999999999989,28.0,0.014525139664804438,1.6399999999999864,7.0,0.004519524898724024,1.0,0.00402220134195386,1.9444468750000041,16.553125,0.005470102952261012,1.0,0
1240.0,2021-10-11 12:50:00,361.64,361.65,361.11,361.5376,423011.0,2s,2s,1.0,buy,False,0.401923076923073,4.163492493946733,28.239017640954685,0.011578080659927173,-0.20039547860098123,0.010770190450337147,-0.08942754885015347,-0.00024714299041817716,43.09319873258378,48.61520837710552,38.97943020624828,67.88676471881999,423011.0,1.759999999999991,1.0,5.199999999999989,28.0,0.014525139664804438,1.759999999999991,15.0,0.004850221842533114,1.0,2.5,-0.20039547860098123,-0.08942754885015347,0.010770190450337147,43.09319873258378,48.61520837710552,38.97943020624828,67.88676471881999,3.579382755329527,39.566099268214344,48.120592745515275,-0.028315451830546602,0.1495389216582104,0.009999999999990905,0.427599999999984,0.10239999999998872,0.0,1241.0,1241.0,2021-10-11,2021-10-11 12:50:00,0.4210903651515097,282.0,1.0,best_within_2.0d,1522.0,363.06,0.5832424107187206,4.3760036431226785,32.22527881040892,0.012230020343504162,2.285057100371749,15.890706319702602,0.006381710269403211,0.401923076923073,5.199999999999989,28.0,0.014525139664804438,1.759999999999991,15.0,0.004850221842533114,1.0,0.00402220134195386,1.9444468750000041,16.553125,0.005470102952261012,0.0,0
1242.0,2021-10-11 13:00:00,361.695,361.695,360.79,360.96,488093.0,2s,2s,1.0,buy,False,0.4634615384615334,4.163492493946733,28.239017640954685,0.011578080659927173,-0.21709749302063747,-0.03629344056914311,-0.14484218707946184,-0.00040037263153813073,34.91505415935009,44.64806982002349,45.27333176655373,43.39754592696299,488093.0,2.079999999999984,1.0,5.199999999999989,28.0,0.014525139664804438,2.079999999999984,17.0,0.005732080359357301,1.0,2.5,-0.21709749302063747,-0.14484218707946184,-0.03629344056914311,34.91505415935009,44.64806982002349,45.27333176655373,43.39754592696299,4.914631038626145,40.03968109505237,51.88709524717417,-0.20320988678306684,0.25083843787243904,0.0,0.16999999999995907,0.7350000000000136,0.0,1243.0,1243.0,2021-10-11,2021-10-11 13:00:00,0.5817819148936233,280.0,1.0,best_within_2.0d,1522.0,363.06,0.5832424107187206,4.3760036431226785,32.22527881040892,0.012230020343504162,2.285057100371749,15.890706319702602,0.006381710269403211,0.4634615384615334,5.199999999999989,28.0,0.014525139664804438,2.079999999999984,17.0,0.005732080359357301,1.0,0.00402220134195386,1.9444468750000041,16.553125,0.005470102952261012,0.0,0
1243.0,2021-10-11 13:05:00,360.97,360.995,360.68,360.9104,503625.0,2s,2s,1.0,buy,False,0.48461538461538217,4.163492493946733,28.239017640954685,0.011578080659927173,-0.24754226351512254,-0.06723622350853342,-0.1910073552660947,-0.0005280751221375265,34.2779307487658,36.502221985278155,42.34962850612854,24.807408943577386,503625.0,2.1899999999999977,1.0,5.199999999999989,28.0,0.014525139664804438,2.1899999999999977,18.0,0.00603521922451566,1.0,2.5,-0.24754226351512254,-0.1910073552660947,-0.06723622350853342,34.2779307487658,36.502221985278155,42.34962850612854,24.807408943577386,4.754525604001601,40.67232513911391,53.8285408302945,-0.016511067401735833,0.08733503382499659,0.024999999999977263,0.23039999999997463,0.05960000000004584,0.0,1244.0,1244.0,2021-10-11,2021-10-11 13:05:00,0.5956048925162647,279.0,1.0,best_within_2.0d,1522.0,363.06,0.5832424107187206,4.3760036431226785,32.22527881040892,0.012230020343504162,2.285057100371749,15.890706319702602,0.006381710269403211,0.48461538461538217,5.199999999999989,28.0,0.014525139664804438,2.1899999999999977,18.0,0.00603521922451566,1.0,0.00402220134195386,1.9444468750000041,16.553125,0.005470102952261012,0.0,0
1246.0,2021-10-11 13:20:00,360.93,361.01,360.1903,360.26,450786.0,2s,2s,1.0,buy,False,0.5787884615384646,4.163492493946733,28.239017640954685,0.011578080659927173,-0.2987313127293968,-0.16446925819394193,-0.3138349145586403,-0.0008681530691167205,27.310884275508513,20.81865633660014,30.85531304937939,0.7453429110416323,450786.0,2.6797000000000253,1.0,5.199999999999989,28.0,0.014525139664804438,2.6797000000000253,21.0,0.007384738336043281,1.0,2.5,-0.2987313127293968,-0.3138349145586403,-0.16446925819394193,27.310884275508513,20.81865633660014,30.85531304937939,0.7453429110416323,9.504475408324144,35.60764049091056,53.5510840768251,-0.18563156290693925,0.22757414622215305,0.07999999999998408,0.06970000000001164,0.6700000000000159,0.0,1247.0,1247.0,2021-10-11,2021-10-11 13:20:00,0.7772164547826601,276.0,1.0,best_within_2.0d,1522.0,363.06,0.5832424107187206,4.3760036431226785,32.22527881040892,0.012230020343504162,2.285057100371749,15.890706319702602,0.006381710269403211,0.5787884615384646,5.199999999999989,28.0,0.014525139664804438,2.6797000000000253,21.0,0.007384738336043281,1.0,0.00402220134195386,1.9444468750000041,16.553125,0.005470102952261012,0.0,0
1247.0,2021-10-11 13:25:00,360.25,360.33,360.03,360.181,532159.0,2s,2s,1.0,buy,False,0.609615384615389,4.163492493946733,28.239017640954685,0.011578080659927173,-0.32972859987877046,-0.20568533317878823,-0.37054963311817346,-0.0010253179994319983,26.545629894119003,16.82257400997528,26.17773336957802,-1.8877447092302049,532159.0,2.840000000000032,1.0,5.199999999999989,28.0,0.014525139664804438,2.840000000000032,22.0,0.007826494336814925,1.0,2.5,-0.32972859987877046,-0.37054963311817346,-0.20568533317878823,26.545629894119003,16.82257400997528,26.17773336957802,-1.8877447092302049,9.64455597588001,39.13442451028097,54.04429939926657,-0.019153365718255887,0.08332638946754753,0.07999999999998408,0.15100000000001046,0.06900000000001683,0.0,1248.0,1248.0,2021-10-11,2021-10-11 13:25:00,0.7993203417170864,275.0,1.0,best_within_2.0d,1522.0,363.06,0.5832424107187206,4.3760036431226785,32.22527881040892,0.012230020343504162,2.285057100371749,15.890706319702602,0.006381710269403211,0.609615384615389,5.199999999999989,28.0,0.014525139664804438,2.840000000000032,22.0,0.007826494336814925,1.0,0.00402220134195386,1.9444468750000041,16.553125,0.005470102952261012,0.0,0
1248.0,2021-10-11 13:30:00,360.16,360.22,359.97,360.19,404448.0,2s,2s,1.0,buy,False,0.6211538461538401,4.163492493946733,28.239017640954685,0.011578080659927173,-0.32697307510016493,-0.24655696756630885,-0.4100435051163913,-0.0011348796986665436,26.79728015320677,15.358175517007487,22.571214085387844,0.9320983802467708,404448.0,2.8999999999999773,1.0,5.199999999999989,28.0,0.014525139664804438,2.8999999999999773,23.0,0.007991842808719313,1.0,2.5,-0.32697307510016493,-0.4100435051163913,-0.24655696756630885,26.79728015320677,15.358175517007487,22.571214085387844,0.9320983802467708,6.283056378709509,40.31846655913427,55.40077615939957,0.008329631274981318,0.06945023196377476,0.03000000000002956,0.18999999999999773,0.029999999999972715,1.0,1249.0,1249.0,2021-10-11,2021-10-11 13:30:00,0.7968016879980022,274.0,1.0,best_within_2.0d,1522.0,363.06,0.5832424107187206,4.3760036431226785,32.22527881040892,0.012230020343504162,2.285057100371749,15.890706319702602,0.006381710269403211,0.6211538461538401,5.199999999999989,28.0,0.014525139664804438,2.8999999999999773,23.0,0.007991842808719313,1.0,0.00402220134195386,1.9444468750000041,16.553125,0.005470102952261012,0.0,0
1251.0,2021-10-11 13:45:00,360.37,360.41,359.82,360.13,486803.0,2s,2s,1.0,buy,False,0.6500000000000006,4.163492493946733,28.239017640954685,0.011578080659927173,-0.2123490161774798,-0.33715525365298255,-0.44332976174172245,-0.0012277223508513095,29.259956594530834,20.560482484016397,20.546141102438355,20.58916524717248,486803.0,3.0500000000000114,1.0,5.199999999999989,28.0,0.014525139664804438,3.0500000000000114,26.0,0.008405213988480754,1.0,2.5,-0.2123490161774798,-0.44332976174172245,-0.33715525365298255,29.259956594530834,20.560482484016397,20.546141102438355,20.58916524717248,11.630797641878399,44.9250657006881,55.82186648026298,-0.06659821849765771,0.16397087432606078,0.040000000000020464,0.3100000000000023,0.2400000000000091,0.0,1252.0,1252.0,2021-10-11,2021-10-11 13:45:00,0.8135950906617074,271.0,1.0,best_within_2.0d,1522.0,363.06,0.5832424107187206,4.3760036431226785,32.22527881040892,0.012230020343504162,2.285057100371749,15.890706319702602,0.006381710269403211,0.6500000000000006,5.199999999999989,28.0,0.014525139664804438,3.0500000000000114,26.0,0.008405213988480754,1.0,0.00402220134195386,1.9444468750000041,16.553125,0.005470102952261012,1.0,0
1272.0,2021-10-11 15:30:00,363.881,364.0,359.67,363.94,108838.0,1p,1p,1.0,buy,False,2.162955429563215,4.769999999999982,8.0,0.01308857425090545,-0.04870737691274252,0.23576507299135468,0.21141138453498343,0.0005811409016936216,55.813853082388654,79.65162030932268,77.10574187292598,84.74337718211609,108838.0,4.769999999999982,0.0,4.769999999999982,8.0,0.01308857425090545,4.769999999999982,0.0,0.0,1.0,1.0,-0.04870737691274252,0.21141138453498343,0.23576507299135468,55.813853082388654,79.65162030932268,77.10574187292598,84.74337718211609,6.382978723404214,72.56438969764835,45.25511939997001,0.016214091969634557,1.203881335668803,0.060000000000002274,4.210999999999956,0.05900000000002592,1.0,1273.0,1273.0,2021-10-11,2021-10-11 15:30:00,-0.24179809858767806,250.0,1.0,best_within_2.0d,1522.0,363.06,0.5832424107187206,4.3760036431226785,32.22527881040892,0.012230020343504162,2.285057100371749,15.890706319702602,0.006381710269403211,0.4929364202292669,5.6011759621451125,36.843533123028394,0.015614239272951093,2.82998018927445,22.52492113564669,0.007835530045022196,1.8630914826498424,0.00402220134195386,1.9444468750000041,16.553125,0.005470102952261012,0.0,0
1279.0,2021-10-11 16:05:00,358.17,358.19,357.96,358.1,109968.0,1p,1p,1.0,buy,False,0.8831632924123192,3.257499999999993,23.0,0.009018112356128908,-0.3905546474612329,-0.43854310350777403,-0.6338204272383905,-0.0017616294246657856,17.62089366403238,6.211613495162969,8.971164303154652,0.6925118791796052,109968.0,3.257499999999993,0.0,3.257499999999993,23.0,0.009018112356128908,3.257499999999993,0.0,0.0,1.0,1.0,-0.3905546474612329,-0.6338204272383905,-0.43854310350777403,17.62089366403238,6.211613495162969,8.971164303154652,0.6925118791796052,0.5358578190592097,49.12208627310992,50.692134523490616,-0.01954379205405064,0.06425298916080519,0.01999999999998181,0.1400000000000432,0.06999999999999318,0.0,1280.0,1280.0,2021-10-11,2021-10-11 16:05:00,1.3850879642557887,243.0,1.0,best_within_2.0d,1522.0,363.06,0.5832424107187206,4.3760036431226785,32.22527881040892,0.012230020343504162,2.285057100371749,15.890706319702602,0.006381710269403211,0.4929364202292669,5.6011759621451125,36.843533123028394,0.015614239272951093,2.82998018927445,22.52492113564669,0.007835530045022196,1.8630914826498424,0.00402220134195386,1.9444468750000041,16.553125,0.005470102952261012,1.0,0
1285.0,2021-10-11 16:35:00,358.01,358.39,357.86,357.86,61969.0,1p,1p,1.0,buy,False,0.8831632924123192,3.357499999999959,29.0,0.009294953871282425,-0.14540460590772897,-0.6234071953627518,-0.6961094983166163,-0.0019381858377857566,18.549279039126716,5.550701451169852,7.916426744818585,0.8192508638723872,61969.0,3.357499999999959,0.0,3.357499999999959,29.0,0.009294953871282425,3.357499999999959,0.0,0.0,1.0,1.0,-0.14540460590772897,-0.6961094983166163,-0.6234071953627518,18.549279039126716,5.550701451169852,7.916426744818585,0.8192508638723872,10.158013544018177,42.212189616254484,61.10680160128603,-0.04189827099801046,0.14810260995919428,0.37999999999999545,0.0,0.14999999999997726,0.0,1286.0,1286.0,2021-10-11,2021-10-11 16:35:00,1.4530822109204684,237.0,1.0,best_within_2.0d,1522.0,363.06,0.5832424107187206,4.3760036431226785,32.22527881040892,0.012230020343504162,2.285057100371749,15.890706319702602,0.006381710269403211,0.4929364202292669,5.6011759621451125,36.843533123028394,0.015614239272951093,2.82998018927445,22.52492113564669,0.007835530045022196,1.8630914826498424,0.00402220134195386,1.9444468750000041,16.553125,0.005470102952261012,0.0,0
1286.0,2021-10-11 16:40:00,357.87,358.02,357.85,357.97,13593.0,1p,1p,1.0,buy,False,0.8831632924123192,3.36749999999995,30.0,0.009322638022797761,-0.09624547142428841,-0.6354378792907879,-0.6835606150029321,-0.0019037111768674384,22.56487190647414,10.597019358251615,8.809957615962928,14.171142842828989,13593.0,3.36749999999995,0.0,3.36749999999995,30.0,0.009322638022797761,3.36749999999995,0.0,0.0,1.0,1.0,-0.09624547142428841,-0.6835606150029321,-0.6354378792907879,22.56487190647414,10.597019358251615,8.809957615962928,14.171142842828989,10.588235294117947,40.94117647059064,60.94946645755432,0.027943107832459478,0.04750593824226885,0.049999999999954525,0.01999999999998181,0.10000000000002274,1.0,1287.0,1287.0,2021-10-11,2021-10-11 16:40:00,1.4219068637036552,236.0,1.0,best_within_2.0d,1522.0,363.06,0.5832424107187206,4.3760036431226785,32.22527881040892,0.012230020343504162,2.285057100371749,15.890706319702602,0.006381710269403211,0.4929364202292669,5.6011759621451125,36.843533123028394,0.015614239272951093,2.82998018927445,22.52492113564669,0.007835530045022196,1.8630914826498424,0.00402220134195386,1.9444468750000041,16.553125,0.005470102952261012,1.0,0
1303.0,2021-10-11 18:05:00,358.12,358.17,357.71,357.76,10250.0,1p,1p,1.0,buy,False,0.8831632924123192,3.507499999999993,47.0,0.009710216144012938,0.133027850519863,-0.33777508162797265,-0.27126115636804116,-0.0007570321598730399,24.618194281903158,31.610703509585967,38.572934550897145,17.68624142696362,10250.0,3.507499999999993,0.0,3.507499999999993,47.0,0.009710216144012938,3.507499999999993,0.0,0.0,1.0,1.0,0.133027850519863,-0.27126115636804116,-0.33777508162797265,24.618194281903158,31.610703509585967,38.572934550897145,17.68624142696362,26.086956521739346,30.434782608696725,44.50440096923909,-0.10052496369932248,0.12859578988567175,0.05000000000001137,0.05000000000001137,0.36000000000001364,0.0,1304.0,1304.0,2021-10-11,2021-10-11 18:05:00,1.4814400715563538,219.0,1.0,best_within_2.0d,1522.0,363.06,0.5832424107187206,4.3760036431226785,32.22527881040892,0.012230020343504162,2.285057100371749,15.890706319702602,0.006381710269403211,0.4929364202292669,5.6011759621451125,36.843533123028394,0.015614239272951093,2.82998018927445,22.52492113564669,0.007835530045022196,1.8630914826498424,0.00402220134195386,1.9444468750000041,16.553125,0.005470102952261012,1.0,0
1313.0,2021-10-11 18:55:00,357.77,357.77,357.55,357.61,10659.0,1p,1p,1.0,buy,False,2.560460489855552e-07,0.6599999999999682,6.0,0.001842494626057252,0.01929175434582281,-0.20498573974404297,-0.19533986257113156,-0.0005454952850547293,29.43507558727218,21.448434912041815,34.95049168085178,-5.555678625578125,10659.0,0.6599999999999682,0.0,0.6599999999999682,6.0,0.001842494626057252,0.6599999999999682,0.0,0.0,1.0,1.0,0.01929175434582281,-0.19533986257113156,-0.20498573974404297,29.43507558727218,21.448434912041815,34.95049168085178,-5.555678625578125,26.694915254235173,34.74576271186234,27.66707320971526,-0.04472146910025105,0.06152985596419254,0.0,0.060000000000002274,0.15999999999996817,0.0,1314.0,1314.0,2021-10-11,2021-10-11 18:55:00,1.5240065993680234,209.0,1.0,best_within_2.0d,1522.0,363.06,0.5832424107187206,4.3760036431226785,32.22527881040892,0.012230020343504162,2.285057100371749,15.890706319702602,0.006381710269403211,0.4929364202292669,5.6011759621451125,36.843533123028394,0.015614239272951093,2.82998018927445,22.52492113564669,0.007835530045022196,1.8630914826498424,0.00402220134195386,1.9444468750000041,16.553125,0.005470102952261012,1.0,0
1355.0,2021-10-12 06:25:00,358.88,358.88,358.73,358.73,2688.0,2,2,1.0,buy,False,0.26708074534161685,4.163492493946733,28.239017640954685,0.011578080659927173,-0.11367845060256399,0.24556914830592574,0.18872992300464375,0.0005262169703309583,53.33698198638415,17.011064888797577,33.98793247550309,-16.942670284613442,2688.0,0.4300000000000068,1.0,1.6100000000000136,36.0,0.004502866731925643,0.4300000000000068,8.0,0.001197237999777277,2.0,2.0,-0.11367845060256399,0.18872992300464375,0.24556914830592574,53.33698198638415,17.011064888797577,33.98793247550309,-16.942670284613442,28.648648648653396,26.48648648648421,45.192463996665246,-0.041796700847073466,0.04181417779387764,0.0,0.0,0.14999999999997726,0.0,1356.0,1356.0,2021-10-12,2021-10-12 06:25:00,1.2181863797284878,365.0,1.0,best_within_2.0d,1720.0,363.1,0.26708074534161685,1.6100000000000136,36.0,0.004502866731925643,0.4300000000000068,8.0,0.001197237999777277,0.4929364202292669,5.6011759621451125,36.843533123028394,0.015614239272951093,2.82998018927445,22.52492113564669,0.007835530045022196,1.8630914826498424,0.00402220134195386,1.9444468750000041,16.553125,0.005470102952261012,1.0,0
1360.0,2021-10-12 06:50:00,359.2,359.42,359.16,359.38,5823.0,1p,1p,0.0,sell,False,3.2378127232726654e-07,0.6899999999999977,6.0,0.0019234521785186566,-0.001311305310604527,0.20617809561563222,0.20552244296032995,0.0005728066538457401,69.57061962069987,69.38834665481006,50.580001129241325,107.00503770594756,5823.0,0.6899999999999977,0.0,0.6899999999999977,6.0,0.0019234521785186566,0.6899999999999977,0.0,0.0,1.0,1.0,-0.001311305310604527,0.20552244296032995,0.20617809561563222,69.57061962069987,69.38834665481006,50.580001129241325,107.00503770594756,46.982758620692465,13.793103448275271,41.272681003473956,0.05011135857461215,0.07239113487025028,0.040000000000020464,0.03999999999996362,0.18000000000000682,1.0,1361.0,1361.0,2021-10-12,2021-10-12 06:50:00,1.0212031832600634,115.0,1.0,best_within_2.0d,1475.0,355.71,0.5832424107187206,4.3760036431226785,32.22527881040892,0.012230020343504162,2.285057100371749,15.890706319702602,0.006381710269403211,0.4929364202292669,5.6011759621451125,36.843533123028394,0.015614239272951093,2.82998018927445,22.52492113564669,0.007835530045022196,1.8630914826498424,0.00402220134195386,1.9444468750000041,16.553125,0.005470102952261012,0.0,1
1361.0,2021-10-12 06:55:00,359.3,359.6,359.26,359.51,87757.0,1p,1p,0.0,sell,False,0.1266377391387392,0.8700000000000045,7.0,0.002425222312045283,0.03911212598199265,0.2110671113633813,0.23062317435437762,0.0006426699604923354,71.9713876501167,76.14395524113654,59.101319166539724,110.22922739033015,87757.0,0.8700000000000045,0.0,0.8700000000000045,7.0,0.002425222312045283,0.8700000000000045,0.0,0.0,1.0,1.0,0.03911212598199265,0.23062317435437762,0.2110671113633813,71.9713876501167,76.14395524113654,59.101319166539724,110.22922739033015,45.05928853755182,12.648221343872818,42.3363740433435,0.058446980239348606,0.09463898012582304,0.09000000000003183,0.040000000000020464,0.20999999999997954,1.0,1362.0,1362.0,2021-10-12,2021-10-12 06:55:00,1.0569942421629472,114.0,1.0,best_within_2.0d,1475.0,355.71,0.5832424107187206,4.3760036431226785,32.22527881040892,0.012230020343504162,2.285057100371749,15.890706319702602,0.006381710269403211,0.4929364202292669,5.6011759621451125,36.843533123028394,0.015614239272951093,2.82998018927445,22.52492113564669,0.007835530045022196,1.8630914826498424,0.00402220134195386,1.9444468750000041,16.553125,0.005470102952261012,0.0,1
1362.0,2021-10-12 07:00:00,359.53,359.6,359.22,359.22,25460.0,1p,1p,0.0,sell,False,0.1266377391387392,0.8700000000000045,8.0,0.002425222312045283,0.021535665165895446,0.21375906950911822,0.22452690209206594,0.0006256341103287776,60.50364455999362,69.53658318757786,62.57974050688577,83.45026854896204,25460.0,0.8700000000000045,0.0,0.8700000000000045,8.0,0.002425222312045283,0.8700000000000045,0.0,0.0,1.0,1.0,0.021535665165895446,0.22452690209206594,0.21375906950911822,60.50364455999362,69.53658318757786,62.57974050688577,83.45026854896204,38.26714801444203,12.99638989169501,42.83347408652567,-0.08622368091673727,0.10578475585991742,0.07000000000005002,0.0,0.30999999999994543,0.0,1363.0,1363.0,2021-10-12,2021-10-12 07:00:00,0.9771170870218939,113.0,1.0,best_within_2.0d,1475.0,355.71,0.5832424107187206,4.3760036431226785,32.22527881040892,0.012230020343504162,2.285057100371749,15.890706319702602,0.006381710269403211,0.4929364202292669,5.6011759621451125,36.843533123028394,0.015614239272951093,2.82998018927445,22.52492113564669,0.007835530045022196,1.8630914826498424,0.00402220134195386,1.9444468750000041,16.553125,0.005470102952261012,0.0,1
1366.0,2021-10-12 07:20:00,359.45,359.74,359.45,359.67,37666.0,1p,1p,0.0,sell,False,0.17549789189963097,1.009999999999991,12.0,0.002815487971454829,0.05420260740783178,0.23425393024595514,0.26135523394987104,0.0007279105639647654,69.55100040132425,82.61297078413324,75.943975812122,95.9509607281557,37666.0,1.009999999999991,0.0,1.009999999999991,12.0,0.002815487971454829,1.009999999999991,0.0,0.0,1.0,1.0,0.05420260740783178,0.26135523394987104,0.23425393024595514,69.55100040132425,82.61297078413324,75.943975812122,95.9509607281557,39.44636678200782,3.806228373702837,46.0310482153718,0.06120461816665107,0.08067881485603574,0.06999999999999318,0.0,0.22000000000002728,1.0,1367.0,1367.0,2021-10-12,2021-10-12 07:20:00,1.1010092584869564,109.0,1.0,best_within_2.0d,1475.0,355.71,0.5832424107187206,4.3760036431226785,32.22527881040892,0.012230020343504162,2.285057100371749,15.890706319702602,0.006381710269403211,0.4929364202292669,5.6011759621451125,36.843533123028394,0.015614239272951093,2.82998018927445,22.52492113564669,0.007835530045022196,1.8630914826498424,0.00402220134195386,1.9444468750000041,16.553125,0.005470102952261012,0.0,1
1367.0,2021-10-12 07:25:00,359.67,359.8,359.63,359.64,28603.0,1p,1p,0.0,sell,False,0.17651957235447088,1.0699999999999932,13.0,0.0029827446826303713,0.05451815390238235,0.24106869948375292,0.2683277764349441,0.0007472388837421635,68.29392072683326,81.39110332977185,77.75968498467195,88.65394001997166,28603.0,1.0699999999999932,0.0,1.0699999999999932,13.0,0.0029827446826303713,1.0699999999999932,0.0,0.0,1.0,1.0,0.05451815390238235,0.2683277764349441,0.24106869948375292,68.29392072683326,81.39110332977185,77.75968498467195,88.65394001997166,40.624999999999815,3.8194444444448488,48.65829477141654,-0.008340979230969933,0.04727080610628032,0.12999999999999545,0.009999999999990905,0.03000000000002956,0.0,1368.0,1368.0,2021-10-12,2021-10-12 07:25:00,1.0927594260927613,108.0,1.0,best_within_2.0d,1475.0,355.71,0.5832424107187206,4.3760036431226785,32.22527881040892,0.012230020343504162,2.285057100371749,15.890706319702602,0.006381710269403211,0.4929364202292669,5.6011759621451125,36.843533123028394,0.015614239272951093,2.82998018927445,22.52492113564669,0.007835530045022196,1.8630914826498424,0.00402220134195386,1.9444468750000041,16.553125,0.005470102952261012,1.0,1
1378.0,2021-10-12 08:20:00,359.65,360.05,359.6,360.05,111603.0,1,1,0.0,sell,False,0.13432159411750386,4.150000000000034,5.0,0.01166057881427377,0.04148527481568476,0.1675378510381264,0.18828048844596879,0.0005240090444767467,71.88725229721653,85.84562086639612,69.93807458084481,117.66071343749871,111603.0,4.150000000000034,1.0,4.150000000000034,5.0,0.01166057881427377,4.150000000000034,5.0,0.01166057881427377,1.0,1.0,0.04148527481568476,0.18828048844596879,0.1675378510381264,71.88725229721653,85.84562086639612,69.93807458084481,117.66071343749871,12.053571428572157,55.803571428570734,53.99135530625195,0.11121924092869016,0.12513904338153187,0.0,0.049999999999954525,0.4000000000000341,1.0,1379.0,1379.0,2021-10-12,2021-10-12 08:20:00,1.2053881405360454,97.0,1.0,best_within_2.0d,1475.0,355.71,0.5832424107187206,4.3760036431226785,32.22527881040892,0.012230020343504162,2.285057100371749,15.890706319702602,0.006381710269403211,0.4929364202292669,5.6011759621451125,36.843533123028394,0.015614239272951093,2.82998018927445,22.52492113564669,0.007835530045022196,1.8630914826498424,0.00402220134195386,1.9444468750000041,16.553125,0.005470102952261012,0.0,1
1379.0,2021-10-12 08:25:00,360.05,360.41,359.98,360.37,127169.0,1,1,0.0,sell,False,0.39640007814883577,4.510000000000048,6.0,0.012672098904186704,0.12242831308700497,0.18284139017400203,0.2440555467175045,0.0006790895526044577,76.28441340261453,90.26810792423436,76.71475236197466,117.37481904875375,127169.0,4.510000000000048,1.0,4.510000000000048,6.0,0.012672098904186704,4.510000000000048,6.0,0.012672098904186704,1.0,1.0,0.12242831308700497,0.2440555467175045,0.18284139017400203,76.28441340261453,90.26810792423436,76.71475236197466,117.37481904875375,16.02288984263306,53.64806866952739,53.99226612553243,0.08887654492431417,0.11945108061559165,0.040000000000020464,0.06999999999999318,0.3199999999999932,1.0,1380.0,1380.0,2021-10-12,2021-10-12 08:25:00,1.2931154091628119,96.0,1.0,best_within_2.0d,1475.0,355.71,0.5832424107187206,4.3760036431226785,32.22527881040892,0.012230020343504162,2.285057100371749,15.890706319702602,0.006381710269403211,0.4929364202292669,5.6011759621451125,36.843533123028394,0.015614239272951093,2.82998018927445,22.52492113564669,0.007835530045022196,1.8630914826498424,0.00402220134195386,1.9444468750000041,16.553125,0.005470102952261012,1.0,1
1379.0,2021-10-12 08:25:00,362.15,362.15,361.84,361.95,5769.0,1p,1p,1.0,buy,False,1.2041038864318014,2.160000000000025,12.0,0.005934065934066003,-0.13639985709483593,-0.22460655193361534,-0.2928064804810333,-0.0008073221075808637,35.0947127614356,25.98795244454424,21.350320128368367,35.263217076895984,5769.0,2.160000000000025,0.0,2.160000000000025,12.0,0.005934065934066003,2.160000000000025,0.0,0.0,1.0,1.0,-0.13639985709483593,-0.2928064804810333,-0.22460655193361534,35.0947127614356,25.98795244454424,21.350320128368367,35.263217076895984,26.156941649898886,45.47283702213247,26.643188504836406,-0.05522573519259661,0.08567322573513218,0.0,0.11000000000001364,0.19999999999998863,0.0,1380.0,1380.0,2021-10-12,2021-10-12 08:25:00,1.2931154091628119,96.0,1.0,best_within_2.0d,1475.0,355.71,0.5832424107187206,4.3760036431226785,32.22527881040892,0.012230020343504162,2.285057100371749,15.890706319702602,0.006381710269403211,0.4929364202292669,5.6011759621451125,36.843533123028394,0.015614239272951093,2.82998018927445,22.52492113564669,0.007835530045022196,1.8630914826498424,0.00402220134195386,1.9444468750000041,16.553125,0.005470102952261012,1.0,0
1421.0,2021-10-12 11:55:00,358.25,358.5,358.06,358.5,406680.0,2,2,0.0,sell,False,0.47521705681942816,4.163492493946733,28.239017640954685,0.011578080659927173,0.2746837841035097,-0.2615416089312004,-0.12419971687944553,-0.00034688442288367447,54.84411857655464,74.50564660373426,60.90136667960029,101.71420645200223,406680.0,1.729600000000005,1.0,3.63960000000003,31.0,0.010098498931772231,1.729600000000005,13.0,0.004847935815303077,2.0,2.0,0.2746837841035097,-0.12419971687944553,-0.2615416089312004,54.84411857655464,74.50564660373426,60.90136667960029,101.71420645200223,24.518680403787503,15.373318994922936,23.18661310066047,0.06978367062107467,0.12288443277662899,0.0,0.18999999999999773,0.25,1.0,1422.0,1422.0,2021-10-12,2021-10-12 11:55:00,0.7782426778242735,54.0,1.0,best_within_2.0d,1475.0,355.71,0.47521705681942816,3.63960000000003,31.0,0.010098498931772231,1.729600000000005,13.0,0.004847935815303077,0.4929364202292669,5.6011759621451125,36.843533123028394,0.015614239272951093,2.82998018927445,22.52492113564669,0.007835530045022196,1.8630914826498424,0.00402220134195386,1.9444468750000041,16.553125,0.005470102952261012,0.0,1
1422.0,2021-10-12 12:00:00,358.53,359.1,358.49,359.03,531438.0,2,2,0.0,sell,False,0.6400703373997166,4.163492493946733,28.239017640954685,0.011578080659927173,0.37623003879858247,-0.21451285408137757,-0.02639783468208634,-7.371296332880011e-05,59.546507274092164,81.72171312043734,67.8414821598793,109.4821750415534,531438.0,2.3296000000000276,1.0,3.63960000000003,31.0,0.010098498931772231,2.3296000000000276,14.0,0.006529689682776452,2.0,2.0,0.37623003879858247,-0.02639783468208634,-0.21451285408137757,59.546507274092164,81.72171312043734,67.8414821598793,109.4821750415534,32.23948519216363,9.59339187731776,25.397189167485198,0.13945834379270913,0.17015816340763024,0.07000000000005002,0.03999999999996362,0.5,1.0,1423.0,1423.0,2021-10-12,2021-10-12 12:00:00,0.9247138122162475,53.0,1.0,best_within_2.0d,1475.0,355.71,0.6400703373997166,3.63960000000003,31.0,0.010098498931772231,2.3296000000000276,14.0,0.006529689682776452,0.4929364202292669,5.6011759621451125,36.843533123028394,0.015614239272951093,2.82998018927445,22.52492113564669,0.007835530045022196,1.8630914826498424,0.00402220134195386,1.9444468750000041,16.553125,0.005470102952261012,0.0,1
1423.0,2021-10-12 12:05:00,359.03,359.18,358.79,358.85,382658.0,2,2,0.0,sell,False,0.6620507748104165,4.163492493946733,28.239017640954685,0.011578080659927173,0.40109165015212567,-0.16437639781236185,0.03616942726370098,0.00010098370936265104,57.36172713542518,82.02500172941475,72.56932201639111,100.93636115546204,382658.0,2.4096000000000117,1.0,3.63960000000003,31.0,0.010098498931772231,2.4096000000000117,15.0,0.006753923531772848,2.0,2.0,0.40109165015212567,0.03616942726370098,-0.16437639781236185,57.36172713542518,82.02500172941475,72.56932201639111,100.93636115546204,33.65056476808397,9.371545301609412,27.614091255172593,-0.050135086204481524,0.10869868168008762,0.1500000000000341,0.060000000000002274,0.17999999999994998,0.0,1424.0,1424.0,2021-10-12,2021-10-12 12:05:00,0.8750174167479567,52.0,1.0,best_within_2.0d,1475.0,355.71,0.6620507748104165,3.63960000000003,31.0,0.010098498931772231,2.4096000000000117,15.0,0.006753923531772848,0.4929364202292669,5.6011759621451125,36.843533123028394,0.015614239272951093,2.82998018927445,22.52492113564669,0.007835530045022196,1.8630914826498424,0.00402220134195386,1.9444468750000041,16.553125,0.005470102952261012,1.0,1
1443.0,2021-10-12 13:45:00,357.79,357.8701,357.56,357.69,248977.0,2s,2s,0.0,sell,False,0.3021485877568896,4.163492493946733,28.239017640954685,0.011578080659927173,0.1021417801330527,-0.200529857345387,-0.14945896727886065,-0.00041784902331548293,49.870491039497004,76.33048296171569,60.154332243988186,108.68278439717069,248977.0,1.0301000000000045,1.0,3.63960000000003,31.0,0.010098498931772231,1.0301000000000045,6.0,0.002886727945297625,1.0,2.5,0.1021417801330527,-0.14945896727886065,-0.200529857345387,49.870491039497004,76.33048296171569,60.154332243988186,108.68278439717069,14.843913481841605,19.40571080716098,35.65674317324748,-0.027949355767355914,0.08672670321064357,0.08009999999995898,0.12999999999999545,0.10000000000002274,0.0,1444.0,1444.0,2021-10-12,2021-10-12 13:45:00,0.5535519583997367,32.0,1.0,best_within_2.0d,1475.0,355.71,0.5832424107187206,4.3760036431226785,32.22527881040892,0.012230020343504162,2.285057100371749,15.890706319702602,0.006381710269403211,0.3021485877568896,3.63960000000003,31.0,0.010098498931772231,1.0301000000000045,6.0,0.002886727945297625,1.0,0.00402220134195386,1.9444468750000041,16.553125,0.005470102952261012,0.0,1
1444.0,2021-10-12 13:50:00,357.71,357.925,357.35,357.35,380894.0,2s,2s,0.0,sell,False,0.3172326629299942,4.163492493946733,28.239017640954685,0.011578080659927173,0.07555018700197691,-0.19108608397013988,-0.15331099046915142,-0.00042864816802635293,45.123653509085585,66.5551914061217,62.287951964699346,75.08967028896637,380894.0,1.0850000000000364,1.0,3.63960000000003,31.0,0.010098498931772231,1.0850000000000364,7.0,0.0030405784104921996,1.0,2.5,0.07555018700197691,-0.15331099046915142,-0.19108608397013988,45.123653509085585,66.5551914061217,62.287951964699346,75.08967028896637,11.881170569154852,21.8037116471988,35.213901263031595,-0.10064018338876654,0.160906674129002,0.21500000000003183,0.0,0.3599999999999568,0.0,1445.0,1445.0,2021-10-12,2021-10-12 13:50:00,0.4589338183853485,31.0,1.0,best_within_2.0d,1475.0,355.71,0.5832424107187206,4.3760036431226785,32.22527881040892,0.012230020343504162,2.285057100371749,15.890706319702602,0.006381710269403211,0.3172326629299942,3.63960000000003,31.0,0.010098498931772231,1.0850000000000364,7.0,0.0030405784104921996,1.0,0.00402220134195386,1.9444468750000041,16.553125,0.005470102952261012,0.0,1
1448.0,2021-10-12 14:10:00,357.73,358.25,357.64,358.23,387965.0,2s,2s,0.0,sell,False,0.4065281899109772,4.163492493946733,28.239017640954685,0.011578080659927173,0.19432764445123485,-0.12982596439960753,-0.032662142173990105,-9.131142897340852e-05,57.79462231101555,81.90655061409372,72.48760493432425,100.74444197363266,387965.0,1.410000000000025,1.0,3.63960000000003,31.0,0.010098498931772231,1.410000000000025,11.0,0.003951350745432197,1.0,2.5,0.19432764445123485,-0.032662142173990105,-0.12982596439960753,57.79462231101555,81.90655061409372,72.48760493432425,100.74444197363266,22.040160376421706,9.859504953776128,30.66310002799741,0.13977021776199927,0.1705625768929688,0.01999999999998181,0.09000000000003183,0.5,1.0,1449.0,1449.0,2021-10-12,2021-10-12 14:10:00,0.7034586718030423,27.0,1.0,best_within_2.0d,1475.0,355.71,0.5832424107187206,4.3760036431226785,32.22527881040892,0.012230020343504162,2.285057100371749,15.890706319702602,0.006381710269403211,0.4065281899109772,3.63960000000003,31.0,0.010098498931772231,1.410000000000025,11.0,0.003951350745432197,1.0,0.00402220134195386,1.9444468750000041,16.553125,0.005470102952261012,0.0,1
1449.0,2021-10-12 14:15:00,358.2299,358.87,358.04,358.59,584994.0,2s,2s,0.0,sell,False,0.5768765798439367,4.163492493946733,28.239017640954685,0.011578080659927173,0.27703592355770745,-0.0951964739548941,0.043321487823959615,0.00012108876396810956,61.89072127988984,82.31216045801602,75.76245677555484,95.4115678229384,584994.0,2.0300000000000296,1.0,3.63960000000003,31.0,0.010098498931772231,2.0300000000000296,12.0,0.005688824122856265,1.0,2.5,0.27703592355770745,0.043321487823959615,-0.0951964739548941,61.89072127988984,82.31216045801602,75.76245677555484,95.4115678229384,30.25597269624683,6.827489916227727,32.98557222909559,0.10052203905927132,0.23181767400290024,0.28000000000002956,0.18989999999996598,0.36009999999998854,1.0,1450.0,1450.0,2021-10-12,2021-10-12 14:15:00,0.8031456538107575,26.0,1.0,best_within_2.0d,1475.0,355.71,0.5832424107187206,4.3760036431226785,32.22527881040892,0.012230020343504162,2.285057100371749,15.890706319702602,0.006381710269403211,0.5768765798439367,3.63960000000003,31.0,0.010098498931772231,2.0300000000000296,12.0,0.005688824122856265,1.0,0.00402220134195386,1.9444468750000041,16.553125,0.005470102952261012,1.0,1
1466.0,2021-10-12 15:40:00,357.439,357.4799,356.67,356.72,467496.0,1,1,1.0,buy,False,0.316360786297243,2.1999999999999886,18.0,0.0061303536099422875,-0.1606235905283925,-0.05923757245404952,-0.13954936771824578,-0.00039018767707414573,35.80342245553969,30.03177314339678,36.65289166153583,16.78953610711868,467496.0,2.1999999999999886,1.0,2.1999999999999886,18.0,0.0061303536099422875,2.1999999999999886,18.0,0.0061303536099422875,1.0,1.0,-0.1606235905283925,-0.13954936771824578,-0.05923757245404952,35.80342245553969,30.03177314339678,36.65289166153583,16.78953610711868,7.859851404259961,29.996608810926297,33.927395860247074,-0.20115320376343768,0.22707264418088724,0.040899999999965075,0.05000000000001137,0.7189999999999941,0.0,1467.0,1467.0,2021-10-12,2021-10-12 15:40:00,2.8005158107198787,369.0,1.0,best_within_2.0d,1835.0,366.71,0.5832424107187206,4.3760036431226785,32.22527881040892,0.012230020343504162,2.285057100371749,15.890706319702602,0.006381710269403211,0.4929364202292669,5.6011759621451125,36.843533123028394,0.015614239272951093,2.82998018927445,22.52492113564669,0.007835530045022196,1.8630914826498424,0.00402220134195386,1.9444468750000041,16.553125,0.005470102952261012,0.0,0
1467.0,2021-10-12 15:45:00,356.7,356.88,356.48,356.78,652834.0,1,1,1.0,buy,False,0.40333123429758555,2.3899999999999864,19.0,0.006659793239891845,-0.2047804716361305,-0.08483513140856583,-0.18722536722663108,-0.0005235863798755724,36.954409629411686,26.918209476795713,33.40799759995579,13.93863323047556,652834.0,2.3899999999999864,1.0,2.3899999999999864,19.0,0.006659793239891845,2.3899999999999864,19.0,0.006659793239891845,1.0,1.0,-0.2047804716361305,-0.18722536722663108,-0.08483513140856583,36.954409629411686,26.918209476795713,33.40799759995579,13.93863323047556,7.933223387372203,27.47611787036789,35.44624993247191,0.02242781048499694,0.11220825852782125,0.10000000000002274,0.21999999999997044,0.07999999999998408,1.0,1468.0,1468.0,2021-10-12,2021-10-12 15:45:00,2.783227759403556,368.0,1.0,best_within_2.0d,1835.0,366.71,0.5832424107187206,4.3760036431226785,32.22527881040892,0.012230020343504162,2.285057100371749,15.890706319702602,0.006381710269403211,0.4929364202292669,5.6011759621451125,36.843533123028394,0.015614239272951093,2.82998018927445,22.52492113564669,0.007835530045022196,1.8630914826498424,0.00402220134195386,1.9444468750000041,16.553125,0.005470102952261012,0.0,0
1468.0,2021-10-12 15:50:00,356.78,356.86,356.48,356.79,734774.0,1,1,1.0,buy,False,0.43113881292410156,2.3899999999999864,20.0,0.006659793239891845,-0.218899013871308,-0.11219750814247934,-0.22164701507813334,-0.0006199502604398358,37.15664234907974,25.072401278436068,30.62946549278255,13.958272849743096,734774.0,2.3899999999999864,1.0,2.3899999999999864,20.0,0.006659793239891845,2.3899999999999864,20.0,0.006659793239891845,1.0,1.0,-0.218899013871308,-0.22164701507813334,-0.11219750814247934,37.15664234907974,25.072401278436068,30.62946549278255,13.958272849743096,7.775947784182165,26.931405740080322,36.856614428109246,0.002802847693269732,0.10659784560143497,0.06999999999999318,0.2999999999999545,0.010000000000047748,1.0,1469.0,1469.0,2021-10-12,2021-10-12 15:50:00,2.7803469828190135,367.0,1.0,best_within_2.0d,1835.0,366.71,0.5832424107187206,4.3760036431226785,32.22527881040892,0.012230020343504162,2.285057100371749,15.890706319702602,0.006381710269403211,0.4929364202292669,5.6011759621451125,36.843533123028394,0.015614239272951093,2.82998018927445,22.52492113564669,0.007835530045022196,1.8630914826498424,0.00402220134195386,1.9444468750000041,16.553125,0.005470102952261012,0.0,0
1471.0,2021-10-12 16:05:00,356.09,356.35,355.95,356.09,264083.0,1,1,1.0,buy,False,0.6044281751030173,2.920000000000016,23.0,0.008136651155014395,-0.30688197749752727,-0.20528360019986894,-0.3587245889486326,-0.0010040130408088684,33.31484895516566,20.412656344079245,26.066373835147736,9.105221361942263,264083.0,2.920000000000016,1.0,2.920000000000016,23.0,0.008136651155014395,2.920000000000016,23.0,0.008136651155014395,1.0,1.0,-0.30688197749752727,-0.3587245889486326,-0.20528360019986894,33.31484895516566,20.412656344079245,26.066373835147736,9.105221361942263,12.074767638844087,28.91351128611338,36.49437350726006,0.0,0.11237533361428124,0.26000000000004775,0.13999999999998636,0.0,0.0,1472.0,1472.0,2021-10-12,2021-10-12 16:05:00,2.982392091886884,364.0,1.0,best_within_2.0d,1835.0,366.71,0.5832424107187206,4.3760036431226785,32.22527881040892,0.012230020343504162,2.285057100371749,15.890706319702602,0.006381710269403211,0.4929364202292669,5.6011759621451125,36.843533123028394,0.015614239272951093,2.82998018927445,22.52492113564669,0.007835530045022196,1.8630914826498424,0.00402220134195386,1.9444468750000041,16.553125,0.005470102952261012,0.0,0
1474.0,2021-10-12 16:20:00,356.05,357.14,355.86,355.86,26246.0,1,1,1.0,buy,False,0.6044281751030173,3.009999999999991,26.0,0.008387438348148328,-0.29034608534000395,-0.3146478372449555,-0.45982087991495746,-0.0012879069782410467,32.277544559825174,11.26238038872039,18.025913253474048,-2.264685340786926,26246.0,3.009999999999991,1.0,3.009999999999991,26.0,0.008387438348148328,3.009999999999991,26.0,0.008387438348148328,1.0,1.0,-0.29034608534000395,-0.45982087991495746,-0.3146478372449555,32.277544559825174,11.26238038872039,18.025913253474048,-2.264685340786926,20.51279290144686,23.862853204686765,34.22516858251391,-0.05336329167251727,0.3596920137132503,1.089999999999975,0.0,0.18999999999999773,0.0,1475.0,1475.0,2021-10-12,2021-10-12 16:20:00,3.048951834991279,361.0,1.0,best_within_2.0d,1835.0,366.71,0.5832424107187206,4.3760036431226785,32.22527881040892,0.012230020343504162,2.285057100371749,15.890706319702602,0.006381710269403211,0.4929364202292669,5.6011759621451125,36.843533123028394,0.015614239272951093,2.82998018927445,22.52492113564669,0.007835530045022196,1.8630914826498424,0.00402220134195386,1.9444468750000041,16.553125,0.005470102952261012,0.0,0
1475.0,2021-10-12 16:25:00,355.87,355.92,355.6,355.71,87862.0,1,1,1.0,buy,False,0.6044281751030173,3.269999999999982,27.0,0.009111934683868759,-0.28751446205156905,-0.35058714500140165,-0.49434437602718617,-0.0013849826141409643,30.89804924675468,9.115031272876953,15.055619259941682,-2.7661447012525073,87862.0,3.269999999999982,1.0,3.269999999999982,27.0,0.009111934683868759,3.269999999999982,27.0,0.009111934683868759,1.0,1.0,-0.28751446205156905,-0.49434437602718617,-0.35058714500140165,30.89804924675468,9.115031272876953,15.055619259941682,-2.7661447012525073,20.987395883830256,24.304790445551024,32.3036872675802,-0.04496023828926996,0.08998875140607232,0.05000000000001137,0.1099999999999568,0.160000000000025,0.0,1476.0,1476.0,2021-10-12,2021-10-12 16:25:00,3.0924067358241265,360.0,1.0,best_within_2.0d,1835.0,366.71,0.5832424107187206,4.3760036431226785,32.22527881040892,0.012230020343504162,2.285057100371749,15.890706319702602,0.006381710269403211,0.4929364202292669,5.6011759621451125,36.843533123028394,0.015614239272951093,2.82998018927445,22.52492113564669,0.007835530045022196,1.8630914826498424,0.00402220134195386,1.9444468750000041,16.553125,0.005470102952261012,0.0,0
1476.0,2021-10-12 16:30:00,355.71,355.85,355.59,355.78,78172.0,1,1,1.0,buy,False,0.6044281751030173,3.2800000000000296,28.0,0.009139799927550448,-0.2553407271423287,-0.38250473589419276,-0.5101750994653571,-0.0014296765949877346,32.35107104395043,8.839921953878342,12.983720157920567,0.5523255457938916,78172.0,3.2800000000000296,1.0,3.2800000000000296,28.0,0.009139799927550448,3.2800000000000296,28.0,0.009139799927550448,1.0,1.0,-0.2553407271423287,-0.5101750994653571,-0.38250473589419276,32.35107104395043,8.839921953878342,12.983720157920567,0.5523255457938916,19.98556833279867,25.38140834745986,30.84583542838502,0.019678951955242524,0.07311791670183294,0.07000000000005002,0.12000000000000455,0.06999999999999318,1.0,1477.0,1477.0,2021-10-12,2021-10-12 16:30:00,3.0721232222159784,359.0,1.0,best_within_2.0d,1835.0,366.71,0.5832424107187206,4.3760036431226785,32.22527881040892,0.012230020343504162,2.285057100371749,15.890706319702602,0.006381710269403211,0.4929364202292669,5.6011759621451125,36.843533123028394,0.015614239272951093,2.82998018927445,22.52492113564669,0.007835530045022196,1.8630914826498424,0.00402220134195386,1.9444468750000041,16.553125,0.005470102952261012,1.0,0
1487.0,2021-10-12 17:25:00,357.16,357.16,355.86,355.86,101765.0,2s,2s,0.0,sell,False,0.10704473019013812,4.163492493946733,28.239017640954685,0.011578080659927173,0.1128190329897234,-0.39089812031336124,-0.33448860381849954,-0.0009387594389385529,37.84209845542298,11.775062359928661,15.263480108512415,4.798226862761155,101765.0,1.57000000000005,1.0,3.63960000000003,31.0,0.010098498931772231,1.57000000000005,12.0,0.004415197277763858,2.0,2.5,0.1128190329897234,-0.33448860381849954,-0.39089812031336124,37.84209845542298,11.775062359928661,15.263480108512415,4.798226862761155,61.00178890876637,6.0822898032206325,40.021852828827456,-0.3639825288386189,0.3653122014275309,0.0,0.0,1.3000000000000114,0.0,1488.0,1488.0,2021-10-12,2021-10-12 17:25:00,-0.37374248299892765,87.0,1.0,best_within_2.0d,1574.0,357.19,0.5832424107187206,4.3760036431226785,32.22527881040892,0.012230020343504162,2.285057100371749,15.890706319702602,0.006381710269403211,0.10704473019013812,3.63960000000003,31.0,0.010098498931772231,1.57000000000005,12.0,0.004415197277763858,2.0,0.00402220134195386,1.9444468750000041,16.553125,0.005470102952261012,1.0,1
1518.0,2021-10-13 04:00:00,357.74,357.78,357.67,357.67,10552.0,2s,2s,0.0,sell,False,0.27739312012308204,4.163492493946733,28.239017640954685,0.011578080659927173,0.195240627391595,0.02805647487953587,0.12567678857533338,0.00035278886270198714,80.01297218428923,51.263078506538726,47.33490819674765,59.119419126120874,10552.0,2.1899999999999977,1.0,3.63960000000003,31.0,0.010098498931772231,2.1899999999999977,43.0,0.006158778368345561,2.0,2.5,0.195240627391595,0.12567678857533338,0.02805647487953587,80.01297218428923,51.263078506538726,47.33490819674765,59.119419126120874,68.36248012719119,15.580286168522687,29.755608865926774,-0.019567283501982773,0.030754606201234876,0.03999999999996362,0.0,0.06999999999999318,0.0,1519.0,1519.0,2021-10-13,2021-10-13 04:00:00,0.5284200520032553,372.0,1.0,best_within_2.0d,1890.0,355.78,0.5832424107187206,4.3760036431226785,32.22527881040892,0.012230020343504162,2.285057100371749,15.890706319702602,0.006381710269403211,0.27739312012308204,3.63960000000003,31.0,0.010098498931772231,2.1899999999999977,43.0,0.006158778368345561,2.0,0.00402220134195386,1.9444468750000041,16.553125,0.005470102952261012,0.0,1
1520.0,2021-10-13 04:10:00,357.63,357.79,357.63,357.74,3441.0,2s,2s,0.0,sell,False,0.28014067479943316,4.163492493946733,28.239017640954685,0.011578080659927173,0.36811365242252364,0.11209632284810248,0.2961531490593643,0.0008308513858666578,79.91479977282887,75.66023207548292,60.677146814363795,105.62640259772118,3441.0,2.2000000000000455,1.0,3.63960000000003,31.0,0.010098498931772231,2.2000000000000455,45.0,0.006186900644000241,2.0,2.5,0.36811365242252364,0.2961531490593643,0.11209632284810248,79.91479977282887,75.66023207548292,60.677146814363795,105.62640259772118,60.869565217396215,20.807453416150857,32.58422983226912,0.030758046025225413,0.044738976036692954,0.05000000000001137,0.0,0.11000000000001364,1.0,1521.0,1521.0,2021-10-13,2021-10-13 04:10:00,0.5478839380555812,370.0,1.0,best_within_2.0d,1890.0,355.78,0.5832424107187206,4.3760036431226785,32.22527881040892,0.012230020343504162,2.285057100371749,15.890706319702602,0.006381710269403211,0.28014067479943316,3.63960000000003,31.0,0.010098498931772231,2.2000000000000455,45.0,0.006186900644000241,2.0,0.00402220134195386,1.9444468750000041,16.553125,0.005470102952261012,0.0,1
1521.0,2021-10-13 04:15:00,357.7,357.92,357.64,357.92,4244.0,2s,2s,0.0,sell,False,0.3158588855918264,4.163492493946733,28.239017640954685,0.011578080659927173,0.40980358681120027,0.1633217711995025,0.36822356460510264,0.00103272693818747,81.44824968897383,83.77348805032194,68.37592722634983,114.56860969826619,4244.0,2.330000000000041,1.0,3.63960000000003,31.0,0.010098498931772231,2.330000000000041,46.0,0.006552490227509326,2.0,2.5,0.40980358681120027,0.36822356460510264,0.1633217711995025,81.44824968897383,83.77348805032194,68.37592722634983,114.56860969826619,60.11730205279049,19.648093841643536,33.88073442408186,0.06150405367627266,0.07829101890169712,0.0,0.060000000000002274,0.22000000000002728,1.0,1522.0,1522.0,2021-10-13,2021-10-13 04:15:00,0.5978989718372941,369.0,1.0,best_within_2.0d,1890.0,355.78,0.5832424107187206,4.3760036431226785,32.22527881040892,0.012230020343504162,2.285057100371749,15.890706319702602,0.006381710269403211,0.3158588855918264,3.63960000000003,31.0,0.010098498931772231,2.330000000000041,46.0,0.006552490227509326,2.0,0.00402220134195386,1.9444468750000041,16.553125,0.005470102952261012,0.0,1
1522.0,2021-10-13 04:20:00,363.0,363.2,362.84,363.06,268960.0,1p,1p,0.0,sell,False,5.421362492361667,5.199999999999989,28.0,0.014525139664804438,0.4706566221150097,0.8071306448931168,1.0424589559506217,0.0028883736842787635,89.74517299622435,94.92099534895966,94.00299163049502,96.75700278588897,268960.0,5.199999999999989,0.0,5.199999999999989,28.0,0.014525139664804438,5.199999999999989,0.0,0.0,1.0,1.0,0.4706566221150097,1.0424589559506217,0.8071306448931168,89.74517299622435,94.92099534895966,94.00299163049502,96.75700278588897,55.57499335227386,1.5394735000631772,78.83636642802728,0.01652892561983534,0.09921728585602846,0.13999999999998636,0.160000000000025,0.060000000000002274,1.0,1523.0,1523.0,2021-10-13,2021-10-13 04:20:00,0.7060924897435265,368.0,1.0,best_within_2.0d,1890.0,355.78,0.5832424107187206,4.3760036431226785,32.22527881040892,0.012230020343504162,2.285057100371749,15.890706319702602,0.006381710269403211,0.4929364202292669,5.6011759621451125,36.843533123028394,0.015614239272951093,2.82998018927445,22.52492113564669,0.007835530045022196,1.8630914826498424,0.00402220134195386,1.9444468750000041,16.553125,0.005470102952261012,0.0,1
1522.0,2021-10-13 04:20:00,362.72,362.87,362.64,362.71,133696.0,2,2,0.0,sell,False,0.722689075630265,4.163492493946733,28.239017640954685,0.011578080659927173,-0.2297899286016416,0.5488662489841303,0.4339712846833095,0.0011986171640247158,64.8473325120285,62.50507466763143,51.82630068186492,83.86262263916444,133696.0,0.8600000000000136,1.0,1.1899999999999977,6.0,0.0032764317180616676,0.8600000000000136,12.0,0.0023756249827353213,2.0,2.0,-0.2297899286016416,0.4339712846833095,0.5488662489841303,64.8473325120285,62.50507466763143,51.82630068186492,83.86262263916444,21.591482822962078,28.317418505104552,47.61615731802464,-0.002756947507732617,0.06342378116038447,0.14999999999997726,0.06999999999999318,0.010000000000047748,0.0,1523.0,1523.0,2021-10-13,2021-10-13 04:20:00,0.7060924897435265,368.0,1.0,best_within_2.0d,1890.0,355.78,0.722689075630265,1.1899999999999977,6.0,0.0032764317180616676,0.8600000000000136,12.0,0.0023756249827353213,0.4929364202292669,5.6011759621451125,36.843533123028394,0.015614239272951093,2.82998018927445,22.52492113564669,0.007835530045022196,1.8630914826498424,0.00402220134195386,1.9444468750000041,16.553125,0.005470102952261012,0.0,1
1522.0,2021-10-13 04:20:00,358.11,358.31,358.04,358.31,12275.0,2s,2s,0.0,sell,False,0.4230135179690061,4.163492493946733,28.239017640954685,0.011578080659927173,0.4612512797812823,0.2209781811721628,0.45160382106280395,0.0012661150944551969,84.25340479159526,89.18232536688129,75.31139327319364,116.92418955425657,12275.0,2.7200000000000273,1.0,3.63960000000003,31.0,0.010098498931772231,2.7200000000000273,47.0,0.00764925897803658,2.0,2.5,0.4612512797812823,0.45160382106280395,0.2209781811721628,84.25340479159526,89.18232536688129,75.31139327319364,116.92418955425657,65.59139784946636,15.860215053764906,35.82183236597316,0.055848761553709374,0.07541056865154222,0.0,0.06999999999999318,0.19999999999998863,1.0,1523.0,1523.0,2021-10-13,2021-10-13 04:20:00,0.7060924897435265,368.0,1.0,best_within_2.0d,1890.0,355.78,0.5832424107187206,4.3760036431226785,32.22527881040892,0.012230020343504162,2.285057100371749,15.890706319702602,0.006381710269403211,0.4230135179690061,3.63960000000003,31.0,0.010098498931772231,2.7200000000000273,47.0,0.00764925897803658,2.0,0.00402220134195386,1.9444468750000041,16.553125,0.005470102952261012,0.0,1
1523.0,2021-10-13 04:25:00,358.29,358.37,358.29,358.36,5719.0,2s,2s,0.0,sell,False,0.43949884602703493,4.163492493946733,28.239017640954685,0.011578080659927173,0.4716706773481425,0.27993701584068065,0.5157723545147519,0.001445514866656646,84.57541929796163,92.6475699351643,81.09011882718386,115.76247215112517,5719.0,2.7800000000000296,1.0,3.63960000000003,31.0,0.010098498931772231,2.7800000000000296,48.0,0.007817992631963862,2.0,2.5,0.4716706773481425,0.5157723545147519,0.27993701584068065,84.57541929796163,92.6475699351643,81.09011882718386,115.76247215112517,67.56756756757139,13.243243243245473,38.06485007322904,0.019537246364674753,0.022328281559626025,0.009999999999990905,0.0,0.06999999999999318,1.0,1524.0,1524.0,2021-10-13,2021-10-13 04:25:00,0.7199464225918185,367.0,1.0,best_within_2.0d,1890.0,355.78,0.5832424107187206,4.3760036431226785,32.22527881040892,0.012230020343504162,2.285057100371749,15.890706319702602,0.006381710269403211,0.43949884602703493,3.63960000000003,31.0,0.010098498931772231,2.7800000000000296,48.0,0.007817992631963862,2.0,0.00402220134195386,1.9444468750000041,16.553125,0.005470102952261012,0.0,1
1527.0,2021-10-13 04:45:00,358.62,358.93,358.6,358.93,8495.0,2s,2s,0.0,sell,False,0.5933619079019656,4.163492493946733,28.239017640954685,0.011578080659927173,0.3675975706926209,0.4735694124455577,0.6573681977918682,0.001840017460361625,84.84314542902706,97.31830938136929,93.00167617430893,105.95157579548999,8495.0,3.340000000000032,1.0,3.63960000000003,31.0,0.010098498931772231,3.340000000000032,52.0,0.009392840068618442,2.0,2.5,0.3675975706926209,0.6573681977918682,0.4735694124455577,84.84314542902706,97.31830938136929,93.00167617430893,105.95157579548999,69.16099773242924,11.337868480725852,45.70566594305675,0.0864424739278351,0.09202453987729617,0.0,0.01999999999998181,0.3100000000000023,1.0,1528.0,1528.0,2021-10-13,2021-10-13 04:45:00,0.8776084473295723,363.0,1.0,best_within_2.0d,1890.0,355.78,0.5832424107187206,4.3760036431226785,32.22527881040892,0.012230020343504162,2.285057100371749,15.890706319702602,0.006381710269403211,0.5933619079019656,3.63960000000003,31.0,0.010098498931772231,3.340000000000032,52.0,0.009392840068618442,2.0,0.00402220134195386,1.9444468750000041,16.553125,0.005470102952261012,0.0,1
1528.0,2021-10-13 04:50:00,358.96,359.1,358.82,358.85,6050.0,2s,2s,0.0,sell,False,0.6400703373997166,4.163492493946733,28.239017640954685,0.011578080659927173,0.33495757972304774,0.5154391099109387,0.6829178997724625,0.0019109035845121375,82.14399778519453,92.54327201388348,92.84887478750043,91.93206646664956,6050.0,3.5100000000000477,1.0,3.63960000000003,31.0,0.010098498931772231,3.5100000000000477,53.0,0.009870918754745769,2.0,2.5,0.33495757972304774,0.6829178997724625,0.5154391099109387,82.14399778519453,92.54327201388348,92.84887478750043,91.93206646664956,70.15250544662531,8.714596949891858,48.00530069613746,-0.030644082906161357,0.07803355442841245,0.1400000000000432,0.03000000000002956,0.1099999999999568,0.0,1529.0,1529.0,2021-10-13,2021-10-13 04:50:00,0.8555106590497561,362.0,1.0,best_within_2.0d,1890.0,355.78,0.5832424107187206,4.3760036431226785,32.22527881040892,0.012230020343504162,2.285057100371749,15.890706319702602,0.006381710269403211,0.6400703373997166,3.63960000000003,31.0,0.010098498931772231,3.5100000000000477,53.0,0.009870918754745769,2.0,0.00402220134195386,1.9444468750000041,16.553125,0.005470102952261012,1.0,1
1538.0,2021-10-13 05:40:00,362.43,362.54,362.325,362.34,287836.0,1p,1p,0.0,sell,False,2.8283003678325302,1.9300000000000068,14.0,0.005352042372646368,0.33537399182443134,-0.04219443242902363,0.12549256348319204,0.0003469943741938992,62.57188516987359,88.43042968000799,82.53811144394291,100.21506615213815,287836.0,1.9300000000000068,0.0,1.9300000000000068,14.0,0.005352042372646368,1.9300000000000068,0.0,0.0,1.0,1.0,0.33537399182443134,0.12549256348319204,-0.04219443242902363,62.57188516987359,88.43042968000799,82.53811144394291,100.21506615213815,37.770087778529046,1.6859385550306052,26.892162672288215,-0.024832381425387476,0.05933899123715775,0.11000000000001364,0.014999999999986358,0.09000000000003183,0.0,1539.0,1539.0,2021-10-13,2021-10-13 05:40:00,1.1749673620177268,352.0,1.0,best_within_2.0d,1890.0,355.78,0.5832424107187206,4.3760036431226785,32.22527881040892,0.012230020343504162,2.285057100371749,15.890706319702602,0.006381710269403211,0.4929364202292669,5.6011759621451125,36.843533123028394,0.015614239272951093,2.82998018927445,22.52492113564669,0.007835530045022196,1.8630914826498424,0.00402220134195386,1.9444468750000041,16.553125,0.005470102952261012,0.0,1
1538.0,2021-10-13 05:40:00,359.8,360.01,359.8,360.01,1975.0,2,2,0.0,sell,False,0.2812499999999995,4.163492493946733,28.239017640954685,0.011578080659927173,0.10652669124826186,-0.3564329597529503,-0.3031696141288194,-0.0008420456272654433,48.88676930752612,81.13810918689269,61.22157295047934,120.9711816597194,1975.0,0.9900000000000091,1.0,3.5200000000000387,62.0,0.009709273459480439,0.9900000000000091,9.0,0.002757506545596371,2.0,2.0,0.10652669124826186,-0.3031696141288194,-0.3564329597529503,48.88676930752612,81.13810918689269,61.22157295047934,120.9711816597194,22.56728778467785,47.61904761904751,56.02991731119688,0.05836575875485812,0.05836575875485812,0.0,0.0,0.20999999999997954,1.0,1539.0,1539.0,2021-10-13,2021-10-13 05:40:00,1.1749673620177268,352.0,1.0,best_within_2.0d,1890.0,355.78,0.2812499999999995,3.5200000000000387,62.0,0.009709273459480439,0.9900000000000091,9.0,0.002757506545596371,0.4929364202292669,5.6011759621451125,36.843533123028394,0.015614239272951093,2.82998018927445,22.52492113564669,0.007835530045022196,1.8630914826498424,0.00402220134195386,1.9444468750000041,16.553125,0.005470102952261012,0.0,1
1545.0,2021-10-13 06:15:00,359.11,359.45,359.11,359.4,8348.0,2s,2s,0.0,sell,False,0.7362347510715385,4.163492493946733,28.239017640954685,0.011578080659927173,-0.1173747402106059,0.4608324627088784,0.40214509260357545,0.0011218002683270258,73.54633448377285,53.46711307924557,50.60008862430532,59.20116198912608,8348.0,3.8600000000000136,1.0,3.63960000000003,31.0,0.010098498931772231,3.8600000000000136,70.0,0.010855198402654783,2.0,2.5,-0.1173747402106059,0.40214509260357545,0.4608324627088784,73.54633448377285,53.46711307924557,50.60008862430532,59.20116198912608,42.85714285714066,9.652509652509533,43.15475656172818,0.08075520035642661,0.09467851076271198,0.05000000000001137,0.0,0.2899999999999636,1.0,1546.0,1546.0,2021-10-13,2021-10-13 06:15:00,1.0072342793544808,345.0,1.0,best_within_2.0d,1890.0,355.78,0.5832424107187206,4.3760036431226785,32.22527881040892,0.012230020343504162,2.285057100371749,15.890706319702602,0.006381710269403211,0.7362347510715385,3.63960000000003,31.0,0.010098498931772231,3.8600000000000136,70.0,0.010855198402654783,2.0,0.00402220134195386,1.9444468750000041,16.553125,0.005470102952261012,1.0,1
1553.0,2021-10-13 06:55:00,358.77,358.77,358.67,358.71,2450.0,2,2,1.0,buy,False,0.20207253886009585,4.163492493946733,28.239017640954685,0.011578080659927173,-0.19159961018056704,0.2837723838213184,0.1879725787310349,0.0005241364441566083,52.584164905885714,14.076663852717685,19.616995165855325,2.9960012264424023,2450.0,0.7799999999999727,1.0,3.8600000000000136,70.0,0.010855198402654783,0.7799999999999727,9.0,0.002169981916817284,2.0,2.0,-0.19159961018056704,0.1879725787310349,0.2837723838213184,52.584164905885714,14.076663852717685,19.616995165855325,2.9960012264424023,29.88929889298777,28.04428044280489,30.230229418378098,-0.016723806338323238,0.02788078177711152,0.0,0.03999999999996362,0.060000000000002274,0.0,1554.0,1554.0,2021-10-13,2021-10-13 06:55:00,2.520141618577687,372.0,1.0,best_within_2.0d,1925.0,367.75,0.20207253886009585,3.8600000000000136,70.0,0.010855198402654783,0.7799999999999727,9.0,0.002169981916817284,0.4929364202292669,5.6011759621451125,36.843533123028394,0.015614239272951093,2.82998018927445,22.52492113564669,0.007835530045022196,1.8630914826498424,0.00402220134195386,1.9444468750000041,16.553125,0.005470102952261012,0.0,0
1554.0,2021-10-13 07:00:00,358.71,358.75,358.45,358.53,20944.0,2,2,1.0,buy,False,0.25906735751295246,4.163492493946733,28.239017640954685,0.011578080659927173,-0.21268494105043456,0.2571867661900141,0.15084429566479685,0.0004206181235019818,48.01039855651562,12.414745598780899,17.21624531016385,2.8117461760149993,20944.0,1.0,1.0,3.8600000000000136,70.0,0.010855198402654783,1.0,10.0,0.0027820280984837947,2.0,2.0,-0.21268494105043456,0.15084429566479685,0.2571867661900141,48.01039855651562,12.414745598780899,17.21624531016385,2.8117461760149993,27.835051546390726,30.240549828179457,28.366785305231275,-0.05017981098938051,0.08369368112707809,0.040000000000020464,0.07999999999998408,0.18000000000000682,0.0,1555.0,1555.0,2021-10-13,2021-10-13 07:00:00,2.571611859537564,371.0,1.0,best_within_2.0d,1925.0,367.75,0.25906735751295246,3.8600000000000136,70.0,0.010855198402654783,1.0,10.0,0.0027820280984837947,0.4929364202292669,5.6011759621451125,36.843533123028394,0.015614239272951093,2.82998018927445,22.52492113564669,0.007835530045022196,1.8630914826498424,0.00402220134195386,1.9444468750000041,16.553125,0.005470102952261012,0.0,0
1555.0,2021-10-13 07:05:00,358.54,358.55,358.23,358.23,12752.0,2,2,1.0,buy,False,0.31606217616579435,4.163492493946733,28.239017640954685,0.011578080659927173,-0.25773156549398185,0.2249703205032664,0.09610453775627548,0.0002680022526168849,41.52725483147754,8.276497065853931,14.236329228727207,-3.6431672598926212,12752.0,1.2199999999999704,1.0,3.8600000000000136,70.0,0.010855198402654783,1.2199999999999704,11.0,0.0033940742801501474,2.0,2.0,-0.25773156549398185,0.09610453775627548,0.2249703205032664,41.52725483147754,8.276497065853931,14.236329228727207,-3.6431672598926212,26.732673267325673,32.67326732673388,27.054872069143595,-0.08646176158866577,0.08932808530831957,0.009999999999990905,0.0,0.3100000000000023,0.0,1556.0,1556.0,2021-10-13,2021-10-13 07:05:00,2.6575105379225588,370.0,1.0,best_within_2.0d,1925.0,367.75,0.31606217616579435,3.8600000000000136,70.0,0.010855198402654783,1.2199999999999704,11.0,0.0033940742801501474,0.4929364202292669,5.6011759621451125,36.843533123028394,0.015614239272951093,2.82998018927445,22.52492113564669,0.007835530045022196,1.8630914826498424,0.00402220134195386,1.9444468750000041,16.553125,0.005470102952261012,0.0,0
1556.0,2021-10-13 07:10:00,358.26,358.33,358.13,358.29,14904.0,2,2,1.0,buy,False,0.3419689119170955,4.163492493946733,28.239017640954685,0.011578080659927173,-0.26889910573248543,0.19135793228670572,0.05690837942046301,0.00015870778177360355,43.179853381638644,11.443590636496289,13.305416364650235,7.719939180188398,14904.0,1.3199999999999932,1.0,3.8600000000000136,70.0,0.010855198402654783,1.3199999999999932,12.0,0.00367227708999859,2.0,2.0,-0.26889910573248543,0.05690837942046301,0.19135793228670572,43.179853381638644,11.443590636496289,13.305416364650235,7.719939180188398,27.27272727272623,35.35353535353676,26.044040193237297,0.008373806732548865,0.05584564264372954,0.03999999999996362,0.12999999999999545,0.03000000000002956,1.0,1557.0,1557.0,2021-10-13,2021-10-13 07:10:00,2.640319294426297,369.0,1.0,best_within_2.0d,1925.0,367.75,0.3419689119170955,3.8600000000000136,70.0,0.010855198402654783,1.3199999999999932,12.0,0.00367227708999859,0.4929364202292669,5.6011759621451125,36.843533123028394,0.015614239272951093,2.82998018927445,22.52492113564669,0.007835530045022196,1.8630914826498424,0.00402220134195386,1.9444468750000041,16.553125,0.005470102952261012,1.0,0
1565.0,2021-10-13 07:55:00,358.82,358.95,358.66,358.67,45482.0,2s,2s,0.0,sell,False,0.5988570172546367,4.163492493946733,28.239017640954685,0.011578080659927173,-0.03394829038140448,0.06589584338432604,0.0489216981936238,0.00013641548406370134,51.81165041951196,66.5452838079707,63.15102878121238,73.33379386148737,45482.0,0.8199999999999932,1.0,3.63960000000003,31.0,0.010098498931772231,0.8199999999999932,10.0,0.002289671348393023,3.0,2.5,-0.03394829038140448,0.0489216981936238,0.06589584338432604,51.81165041951196,66.5452838079707,63.15102878121238,73.33379386148737,38.4753685724572,23.732470334413904,18.727754322741543,-0.04180368987235306,0.08085652149667194,0.12999999999999545,0.009999999999990905,0.14999999999997726,0.0,1566.0,1566.0,2021-10-13,2021-10-13 07:55:00,0.8057545933588098,325.0,1.0,best_within_2.0d,1890.0,355.78,0.5832424107187206,4.3760036431226785,32.22527881040892,0.012230020343504162,2.285057100371749,15.890706319702602,0.006381710269403211,0.5988570172546367,3.63960000000003,31.0,0.010098498931772231,0.8199999999999932,10.0,0.002289671348393023,3.0,0.00402220134195386,1.9444468750000041,16.553125,0.005470102952261012,0.0,1
1566.0,2021-10-13 08:00:00,358.56,359.06,356.3,358.89,61089.0,2s,2s,0.0,sell,False,0.6290801186943589,4.163492493946733,28.239017640954685,0.011578080659927173,-0.005092372508421511,0.06525929682077335,0.06271311056656259,0.00017486243239998826,57.80333065303998,75.6437157753619,67.31525777926223,92.30063176756124,61089.0,0.9300000000000068,1.0,3.63960000000003,31.0,0.010098498931772231,0.9300000000000068,11.0,0.0025968223829335906,3.0,2.5,-0.005092372508421511,0.06271311056656259,0.06525929682077335,57.80333065303998,75.6437157753619,67.31525777926223,92.30063176756124,17.40418441029468,55.91557119052206,21.141861337206652,0.09203480589022314,0.7746281223687878,0.17000000000001592,2.259999999999991,0.3299999999999841,1.0,1567.0,1567.0,2021-10-13,2021-10-13 08:00:00,0.8665607846415374,324.0,1.0,best_within_2.0d,1890.0,355.78,0.5832424107187206,4.3760036431226785,32.22527881040892,0.012230020343504162,2.285057100371749,15.890706319702602,0.006381710269403211,0.6290801186943589,3.63960000000003,31.0,0.010098498931772231,0.9300000000000068,11.0,0.0025968223829335906,3.0,0.00402220134195386,1.9444468750000041,16.553125,0.005470102952261012,1.0,1
1574.0,2021-10-13 08:40:00,357.65,357.75,357.19,357.19,131277.0,2s,2s,1.0,buy,False,0.5854922279792701,4.163492493946733,28.239017640954685,0.011578080659927173,-0.3324580153148116,-0.013760845581615796,-0.1799898532390216,-0.0005021103605707131,26.32865635405929,54.12306544526082,69.29416035454226,23.780875626697963,131277.0,1.8700000000000045,1.0,3.8600000000000136,70.0,0.010855198402654783,1.8700000000000045,9.0,0.005208043223973721,1.0,2.5,-0.3324580153148116,-0.1799898532390216,-0.013760845581615796,26.32865635405929,54.12306544526082,69.29416035454226,23.780875626697963,5.366473661912168,57.33653438779995,38.64957949203828,-0.12861736334404572,0.15677930513172325,0.10000000000002274,0.0,0.45999999999997954,0.0,1575.0,1575.0,2021-10-13,2021-10-13 08:40:00,3.1019905372490784,381.0,1.0,best_within_2.0d,1955.0,368.27,0.5832424107187206,4.3760036431226785,32.22527881040892,0.012230020343504162,2.285057100371749,15.890706319702602,0.006381710269403211,0.5854922279792701,3.8600000000000136,70.0,0.010855198402654783,1.8700000000000045,9.0,0.005208043223973721,1.0,0.00402220134195386,1.9444468750000041,16.553125,0.005470102952261012,0.0,0
1575.0,2021-10-13 08:45:00,357.24,357.55,357.15,357.5,41737.0,2s,2s,1.0,buy,False,0.5958549222797935,4.163492493946733,28.239017640954685,0.011578080659927173,-0.3450486400172608,-0.056891925583773394,-0.2294162455924038,-0.0006401210268102606,33.91604601328196,41.4832781980754,60.02386630238664,4.4021019894529445,41737.0,1.910000000000025,1.0,3.8600000000000136,70.0,0.010855198402654783,1.910000000000025,10.0,0.005319445218069473,1.0,2.5,-0.3450486400172608,-0.2294162455924038,-0.056891925583773394,33.91604601328196,41.4832781980754,60.02386630238664,4.4021019894529445,4.027218441883376,56.936536592141366,42.08804916385652,0.07278020378456805,0.11199776004480866,0.05000000000001137,0.09000000000003183,0.2599999999999909,1.0,1576.0,1576.0,2021-10-13,2021-10-13 08:45:00,3.0125874125874077,380.0,1.0,best_within_2.0d,1955.0,368.27,0.5832424107187206,4.3760036431226785,32.22527881040892,0.012230020343504162,2.285057100371749,15.890706319702602,0.006381710269403211,0.5958549222797935,3.8600000000000136,70.0,0.010855198402654783,1.910000000000025,10.0,0.005319445218069473,1.0,0.00402220134195386,1.9444468750000041,16.553125,0.005470102952261012,1.0,0
1581.0,2021-10-13 09:15:00,358.62,359.14,358.57,358.98,80506.0,1,"1,2s",0.0,sell,False,0.27332638094882794,1.990000000000009,7.0,0.005571888562228781,0.1289200392392501,-0.12724632876428071,-0.06278630914465566,-0.0001751957831482031,59.483867146960094,64.75925143181041,53.06119650587288,88.15536128368548,80506.0,1.990000000000009,1.0,1.990000000000009,7.0,0.005571888562228781,1.990000000000009,7.0,0.005571888562228781,1.0,1.0,0.1289200392392501,-0.06278630914465566,-0.12724632876428071,59.483867146960094,64.75925143181041,53.06119650587288,88.15536128368548,25.451807228915463,26.957831325302195,43.22279306852896,0.10038480843232772,0.15896477675209672,0.15999999999996817,0.05000000000001137,0.36000000000001364,1.0,1582.0,1582.0,2021-10-13,2021-10-13 09:15:00,0.8914145634854437,309.0,1.0,best_within_2.0d,1890.0,355.78,0.5832424107187206,4.3760036431226785,32.22527881040892,0.012230020343504162,2.285057100371749,15.890706319702602,0.006381710269403211,0.6510605561050588,3.63960000000003,31.0,0.010098498931772231,1.990000000000009,7.0,0.005571888562228781,4.0,0.00402220134195386,1.9444468750000041,16.553125,0.005470102952261012,0.0,1
1581.0,2021-10-13 09:15:00,358.62,359.14,358.57,358.98,80506.0,2s,"1,2s",0.0,sell,False,0.27332638094882794,1.990000000000009,7.0,0.005571888562228781,0.1289200392392501,-0.12724632876428071,-0.06278630914465566,-0.0001751957831482031,59.483867146960094,64.75925143181041,53.06119650587288,88.15536128368548,80506.0,1.990000000000009,1.0,1.990000000000009,7.0,0.005571888562228781,1.990000000000009,7.0,0.005571888562228781,1.0,1.0,0.1289200392392501,-0.06278630914465566,-0.12724632876428071,59.483867146960094,64.75925143181041,53.06119650587288,88.15536128368548,25.451807228915463,26.957831325302195,43.22279306852896,0.10038480843232772,0.15896477675209672,0.15999999999996817,0.05000000000001137,0.36000000000001364,1.0,1582.0,1582.0,2021-10-13,2021-10-13 09:15:00,0.8914145634854437,309.0,1.0,best_within_2.0d,1890.0,355.78,0.5832424107187206,4.3760036431226785,32.22527881040892,0.012230020343504162,2.285057100371749,15.890706319702602,0.006381710269403211,0.6510605561050588,3.63960000000003,31.0,0.010098498931772231,1.990000000000009,7.0,0.005571888562228781,4.0,0.00402220134195386,1.9444468750000041,16.553125,0.005470102952261012,0.0,1
1582.0,2021-10-13 09:20:00,359.0,359.42,358.9,359.36,93443.0,1,"1,2s",0.0,sell,False,0.5171676667496864,2.2700000000000387,8.0,0.006355872882542458,0.24393282367838304,-0.09675472580448283,0.02521168603470869,7.033515379592114e-05,63.83186277501787,75.62511035248446,60.58250112141007,105.71032881463323,93443.0,2.2700000000000387,1.0,2.2700000000000387,8.0,0.006355872882542458,2.2700000000000387,8.0,0.006355872882542458,1.0,1.0,0.24393282367838304,0.02521168603470869,-0.09675472580448283,63.83186277501787,75.62511035248446,60.58250112141007,105.71032881463323,27.50716332378217,25.64469914040198,40.3857395012542,0.10027855153203723,0.14488715519644432,0.060000000000002274,0.10000000000002274,0.36000000000001364,1.0,1583.0,1583.0,2021-10-13,2021-10-13 09:20:00,0.9962154942119437,308.0,1.0,best_within_2.0d,1890.0,355.78,0.5832424107187206,4.3760036431226785,32.22527881040892,0.012230020343504162,2.285057100371749,15.890706319702602,0.006381710269403211,0.7279920870425319,3.63960000000003,31.0,0.010098498931772231,2.2700000000000387,8.0,0.006355872882542458,4.0,0.00402220134195386,1.9444468750000041,16.553125,0.005470102952261012,0.0,1
1582.0,2021-10-13 09:20:00,359.0,359.42,358.9,359.36,93443.0,2s,"1,2s",0.0,sell,False,0.5171676667496864,2.2700000000000387,8.0,0.006355872882542458,0.24393282367838304,-0.09675472580448283,0.02521168603470869,7.033515379592114e-05,63.83186277501787,75.62511035248446,60.58250112141007,105.71032881463323,93443.0,2.2700000000000387,1.0,2.2700000000000387,8.0,0.006355872882542458,2.2700000000000387,8.0,0.006355872882542458,1.0,1.0,0.24393282367838304,0.02521168603470869,-0.09675472580448283,63.83186277501787,75.62511035248446,60.58250112141007,105.71032881463323,27.50716332378217,25.64469914040198,40.3857395012542,0.10027855153203723,0.14488715519644432,0.060000000000002274,0.10000000000002274,0.36000000000001364,1.0,1583.0,1583.0,2021-10-13,2021-10-13 09:20:00,0.9962154942119437,308.0,1.0,best_within_2.0d,1890.0,355.78,0.5832424107187206,4.3760036431226785,32.22527881040892,0.012230020343504162,2.285057100371749,15.890706319702602,0.006381710269403211,0.7279920870425319,3.63960000000003,31.0,0.010098498931772231,2.2700000000000387,8.0,0.006355872882542458,4.0,0.00402220134195386,1.9444468750000041,16.553125,0.005470102952261012,0.0,1
1583.0,2021-10-13 09:25:00,359.3,359.69,359.15,359.49,72196.0,1,"1,2s",0.0,sell,False,0.6818105171024695,2.5400000000000205,9.0,0.0071118577628448,0.3215900284248091,-0.05655597225138169,0.10423904196102285,0.00029074195031392425,65.20746120487206,81.12540165231263,67.43013463171091,108.51593569351607,72196.0,2.5400000000000205,1.0,2.5400000000000205,9.0,0.0071118577628448,2.5400000000000205,9.0,0.0071118577628448,1.0,1.0,0.3215900284248091,0.10423904196102285,-0.05655597225138169,65.20746120487206,81.12540165231263,67.43013463171091,108.51593569351607,29.674796747967008,24.254742547426165,38.21891891232742,0.05288060116893897,0.1503550048726216,0.19999999999998863,0.1500000000000341,0.18999999999999773,1.0,1584.0,1584.0,2021-10-13,2021-10-13 09:25:00,1.032017580461219,307.0,1.0,best_within_2.0d,1890.0,355.78,0.5832424107187206,4.3760036431226785,32.22527881040892,0.012230020343504162,2.285057100371749,15.890706319702602,0.006381710269403211,0.8021760633036539,3.63960000000003,31.0,0.010098498931772231,2.5400000000000205,9.0,0.0071118577628448,4.0,0.00402220134195386,1.9444468750000041,16.553125,0.005470102952261012,0.0,1
1583.0,2021-10-13 09:25:00,359.3,359.69,359.15,359.49,72196.0,2s,"1,2s",0.0,sell,False,0.6818105171024695,2.5400000000000205,9.0,0.0071118577628448,0.3215900284248091,-0.05655597225138169,0.10423904196102285,0.00029074195031392425,65.20746120487206,81.12540165231263,67.43013463171091,108.51593569351607,72196.0,2.5400000000000205,1.0,2.5400000000000205,9.0,0.0071118577628448,2.5400000000000205,9.0,0.0071118577628448,1.0,1.0,0.3215900284248091,0.10423904196102285,-0.05655597225138169,65.20746120487206,81.12540165231263,67.43013463171091,108.51593569351607,29.674796747967008,24.254742547426165,38.21891891232742,0.05288060116893897,0.1503550048726216,0.19999999999998863,0.1500000000000341,0.18999999999999773,1.0,1584.0,1584.0,2021-10-13,2021-10-13 09:25:00,1.032017580461219,307.0,1.0,best_within_2.0d,1890.0,355.78,0.5832424107187206,4.3760036431226785,32.22527881040892,0.012230020343504162,2.285057100371749,15.890706319702602,0.006381710269403211,0.8021760633036539,3.63960000000003,31.0,0.010098498931772231,2.5400000000000205,9.0,0.0071118577628448,4.0,0.00402220134195386,1.9444468750000041,16.553125,0.005470102952261012,0.0,1
1584.0,2021-10-13 09:30:00,359.49,360.0,358.82,359.57,1304912.0,1,"1,2s",0.0,sell,False,0.7730983563903091,2.8500000000000227,10.0,0.007979840403192,0.3646478254153531,-0.010974994074462553,0.171348918633214,0.0004778209006026438,66.06286663498639,81.8613788793194,72.24054938091373,101.10303787613074,1304912.0,2.8500000000000227,1.0,2.8500000000000227,10.0,0.007979840403192,2.8500000000000227,10.0,0.007979840403192,1.0,1.0,0.3646478254153531,0.171348918633214,-0.010974994074462553,66.06286663498639,81.8613788793194,72.24054938091373,101.10303787613074,26.481257557436184,22.249093107618023,36.109343527416335,0.022253748365735924,0.3288556936625625,0.4300000000000068,0.6700000000000159,0.07999999999998408,1.0,1585.0,1585.0,2021-10-13,2021-10-13 09:30:00,1.0540367661373364,306.0,1.0,best_within_2.0d,1890.0,355.78,0.5832424107187206,4.3760036431226785,32.22527881040892,0.012230020343504162,2.285057100371749,15.890706319702602,0.006381710269403211,0.8873502582701336,3.63960000000003,31.0,0.010098498931772231,2.8500000000000227,10.0,0.007979840403192,4.0,0.00402220134195386,1.9444468750000041,16.553125,0.005470102952261012,0.0,1
1584.0,2021-10-13 09:30:00,359.49,360.0,358.82,359.57,1304912.0,2s,"1,2s",0.0,sell,False,0.7730983563903091,2.8500000000000227,10.0,0.007979840403192,0.3646478254153531,-0.010974994074462553,0.171348918633214,0.0004778209006026438,66.06286663498639,81.8613788793194,72.24054938091373,101.10303787613074,1304912.0,2.8500000000000227,1.0,2.8500000000000227,10.0,0.007979840403192,2.8500000000000227,10.0,0.007979840403192,1.0,1.0,0.3646478254153531,0.171348918633214,-0.010974994074462553,66.06286663498639,81.8613788793194,72.24054938091373,101.10303787613074,26.481257557436184,22.249093107618023,36.109343527416335,0.022253748365735924,0.3288556936625625,0.4300000000000068,0.6700000000000159,0.07999999999998408,1.0,1585.0,1585.0,2021-10-13,2021-10-13 09:30:00,1.0540367661373364,306.0,1.0,best_within_2.0d,1890.0,355.78,0.5832424107187206,4.3760036431226785,32.22527881040892,0.012230020343504162,2.285057100371749,15.890706319702602,0.006381710269403211,0.8873502582701336,3.63960000000003,31.0,0.010098498931772231,2.8500000000000227,10.0,0.007979840403192,4.0,0.00402220134195386,1.9444468750000041,16.553125,0.005470102952261012,0.0,1
1585.0,2021-10-13 09:35:00,359.59,360.2899,359.59,360.18,945606.0,2s,"1,2s",0.0,sell,False,0.9552805849272936,3.1399000000000115,11.0,0.00879154416911665,0.4505778405501868,0.0453472359943108,0.2706361562694042,0.0007544462680435863,71.76347998456865,86.49855736716627,76.99321870966457,105.50923468216968,945606.0,3.1399000000000115,1.0,3.1399000000000115,11.0,0.00879154416911665,3.1399000000000115,11.0,0.00879154416911665,1.0,1.0,0.4505778405501868,0.2706361562694042,0.0453472359943108,71.76347998456865,86.49855736716627,76.99321870966457,105.50923468216968,28.309683900500758,21.00480599093616,34.58816491044949,0.16407575294085816,0.1946383381072927,0.1098999999999819,0.0,0.5900000000000318,1.0,1586.0,1586.0,2021-10-13,2021-10-13 09:35:00,1.2216114165139746,305.0,1.0,best_within_2.0d,1890.0,355.78,0.5832424107187206,4.3760036431226785,32.22527881040892,0.012230020343504162,2.285057100371749,15.890706319702602,0.006381710269403211,0.9670018683371702,3.63960000000003,31.0,0.010098498931772231,3.1399000000000115,11.0,0.00879154416911665,4.0,0.00402220134195386,1.9444468750000041,16.553125,0.005470102952261012,1.0,1
1585.0,2021-10-13 09:35:00,359.59,360.2899,359.59,360.18,945606.0,1,"1,2s",0.0,sell,False,0.9552805849272936,3.1399000000000115,11.0,0.00879154416911665,0.4505778405501868,0.0453472359943108,0.2706361562694042,0.0007544462680435863,71.76347998456865,86.49855736716627,76.99321870966457,105.50923468216968,945606.0,3.1399000000000115,1.0,3.1399000000000115,11.0,0.00879154416911665,3.1399000000000115,11.0,0.00879154416911665,1.0,1.0,0.4505778405501868,0.2706361562694042,0.0453472359943108,71.76347998456865,86.49855736716627,76.99321870966457,105.50923468216968,28.309683900500758,21.00480599093616,34.58816491044949,0.16407575294085816,0.1946383381072927,0.1098999999999819,0.0,0.5900000000000318,1.0,1586.0,1586.0,2021-10-13,2021-10-13 09:35:00,1.2216114165139746,305.0,1.0,best_within_2.0d,1890.0,355.78,0.5832424107187206,4.3760036431226785,32.22527881040892,0.012230020343504162,2.285057100371749,15.890706319702602,0.006381710269403211,0.9670018683371702,3.63960000000003,31.0,0.010098498931772231,3.1399000000000115,11.0,0.00879154416911665,4.0,0.00402220134195386,1.9444468750000041,16.553125,0.005470102952261012,1.0,1
1592.0,2021-10-13 10:10:00,358.98,359.11,357.59,357.86,806211.0,2s,2s,1.0,buy,False,0.4818652849740951,4.163492493946733,28.239017640954685,0.011578080659927173,-0.1547879494474309,0.13571816322658103,0.05832418850286558,0.00016257823834304626,41.02683237650789,31.01725206061827,43.758141294720545,5.535473592413723,806211.0,2.6999000000000137,1.0,3.8600000000000136,70.0,0.010855198402654783,2.6999000000000137,8.0,0.007493687722026107,2.0,2.5,-0.1547879494474309,0.05832418850286558,0.13571816322658103,41.02683237650789,31.01725206061827,43.758141294720545,5.535473592413723,18.761498806856018,25.96225658961311,26.7252627441994,-0.3119950972199021,0.4250678150955113,0.12999999999999545,0.27000000000003865,1.1200000000000045,0.0,1593.0,1593.0,2021-10-13,2021-10-13 10:10:00,2.9089588107080893,363.0,1.0,best_within_2.0d,1955.0,368.27,0.5832424107187206,4.3760036431226785,32.22527881040892,0.012230020343504162,2.285057100371749,15.890706319702602,0.006381710269403211,0.4818652849740951,3.8600000000000136,70.0,0.010855198402654783,2.6999000000000137,8.0,0.007493687722026107,2.0,0.00402220134195386,1.9444468750000041,16.553125,0.005470102952261012,1.0,0
1609.0,2021-10-13 11:35:00,357.84,357.9125,357.43,357.9125,527534.0,2s,2s,1.0,buy,False,0.5233160621761592,4.163492493946733,28.239017640954685,0.011578080659927173,-0.14894093463106384,-0.05087458171212583,-0.12534504902765775,-0.00034963297364232307,41.75563460990939,32.35770593410275,42.29530395153898,12.482509899230294,527534.0,2.859899999999982,1.0,3.8600000000000136,70.0,0.010855198402654783,2.859899999999982,25.0,0.007937774553213903,2.0,2.5,-0.14894093463106384,-0.12534504902765775,-0.05087458171212583,41.75563460990939,32.35770593410275,42.29530395153898,12.482509899230294,14.509333407740458,29.869695024972277,28.7909638119734,0.020260451598493115,0.13499146686064847,0.0,0.40999999999996817,0.07250000000004775,1.0,1610.0,1610.0,2021-10-13,2021-10-13 11:35:00,2.955331261132256,376.0,1.0,best_within_2.0d,1985.0,368.49,0.5832424107187206,4.3760036431226785,32.22527881040892,0.012230020343504162,2.285057100371749,15.890706319702602,0.006381710269403211,0.5233160621761592,3.8600000000000136,70.0,0.010855198402654783,2.859899999999982,25.0,0.007937774553213903,2.0,0.00402220134195386,1.9444468750000041,16.553125,0.005470102952261012,1.0,0
1631.0,2021-10-13 13:25:00,359.09,359.52,359.03,359.495,215526.0,2,2,0.0,sell,False,0.7307947830343677,4.163492493946733,28.239017640954685,0.011578080659927173,0.13133195710949083,0.06332133485001847,0.12898731340476388,0.00035948310021127175,62.00996721120114,80.63129069804171,67.60929588381984,106.67528032648545,215526.0,2.089999999999975,1.0,2.859899999999982,25.0,0.007937774553213903,2.089999999999975,23.0,0.0058472987717874125,2.0,2.0,0.13133195710949083,0.12898731340476388,0.06332133485001847,62.00996721120114,80.63129069804171,67.60929588381984,106.67528032648545,37.464027591659246,13.07089035829537,19.914268230476686,0.11278509565847826,0.13647884577890682,0.024999999999977263,0.060000000000002274,0.40500000000002956,1.0,1632.0,1632.0,2021-10-13,2021-10-13 13:25:00,1.0333940666768748,259.0,1.0,best_within_2.0d,1890.0,355.78,0.7307947830343677,2.859899999999982,25.0,0.007937774553213903,2.089999999999975,23.0,0.0058472987717874125,0.4929364202292669,5.6011759621451125,36.843533123028394,0.015614239272951093,2.82998018927445,22.52492113564669,0.007835530045022196,1.8630914826498424,0.00402220134195386,1.9444468750000041,16.553125,0.005470102952261012,0.0,1
1632.0,2021-10-13 13:30:00,359.48,360.015,359.43,359.72,508785.0,2,2,0.0,sell,False,0.9038777579635637,4.163492493946733,28.239017640954685,0.011578080659927173,0.1890432412452094,0.08695174000566964,0.18147336062827435,0.0005056652135341848,64.78016690284424,81.28615053419182,72.16824743394383,99.52195673468779,508785.0,2.5849999999999795,1.0,2.859899999999982,25.0,0.007937774553213903,2.5849999999999795,24.0,0.00723218532300025,2.0,2.0,0.1890432412452094,0.18147336062827435,0.08695174000566964,64.78016690284424,81.28615053419182,72.16824743394383,99.52195673468779,45.773959351791085,10.295188367206293,23.01159301378728,0.06676310225882082,0.162757699691172,0.2949999999999591,0.05000000000001137,0.2400000000000091,1.0,1633.0,1633.0,2021-10-13,2021-10-13 13:30:00,1.0952963415990364,258.0,1.0,best_within_2.0d,1890.0,355.78,0.9038777579635637,2.859899999999982,25.0,0.007937774553213903,2.5849999999999795,24.0,0.00723218532300025,0.4929364202292669,5.6011759621451125,36.843533123028394,0.015614239272951093,2.82998018927445,22.52492113564669,0.007835530045022196,1.8630914826498424,0.00402220134195386,1.9444468750000041,16.553125,0.005470102952261012,0.0,1
1633.0,2021-10-13 13:35:00,359.7101,360.09,359.64,360.0,407939.0,2,2,0.0,sell,False,0.9301024511346498,4.163492493946733,28.239017640954685,0.011578080659927173,0.2494580439089596,0.11813399549428957,0.24286301744876937,0.0006765676659162146,67.91558677083218,85.82918510189104,76.72189332325956,104.04376865915401,407939.0,2.659999999999968,1.0,2.859899999999982,25.0,0.007937774553213903,2.659999999999968,25.0,0.007442016618638525,2.0,2.0,0.2494580439089596,0.24286301744876937,0.11813399549428957,67.91558677083218,85.82918510189104,76.72189332325956,104.04376865915401,40.33733562035408,10.105774728415687,25.648764374641218,0.08059267726983166,0.12512512512512197,0.08999999999997499,0.07010000000002492,0.2898999999999887,1.0,1634.0,1634.0,2021-10-13,2021-10-13 13:35:00,1.1722222222222298,257.0,1.0,best_within_2.0d,1890.0,355.78,0.9301024511346498,2.859899999999982,25.0,0.007937774553213903,2.659999999999968,25.0,0.007442016618638525,0.4929364202292669,5.6011759621451125,36.843533123028394,0.015614239272951093,2.82998018927445,22.52492113564669,0.007835530045022196,1.8630914826498424,0.00402220134195386,1.9444468750000041,16.553125,0.005470102952261012,1.0,1
1640.0,2021-10-13 14:10:00,359.67,360.23,359.2842,360.14,382702.0,2,2,0.0,sell,False,0.9790552117206998,4.163492493946733,28.239017640954685,0.011578080659927173,0.10188249826847673,0.2522999253953079,0.30324117452954624,0.0008439820280320326,65.22981011597298,59.650531336669005,63.98851153984476,50.97457093031748,382702.0,2.8000000000000114,1.0,2.859899999999982,25.0,0.007937774553213903,2.8000000000000114,32.0,0.007833701703830152,2.0,2.0,0.10188249826847673,0.30324117452954624,0.2522999253953079,65.22981011597298,59.650531336669005,63.98851153984476,50.97457093031748,37.20577937204384,8.2874823146072,42.56898272373667,0.13067534128505864,0.26324564230768277,0.09000000000003183,0.38580000000001746,0.46999999999997044,1.0,1641.0,1641.0,2021-10-13,2021-10-13 14:10:00,1.2106403065474576,250.0,1.0,best_within_2.0d,1890.0,355.78,0.9790552117206998,2.859899999999982,25.0,0.007937774553213903,2.8000000000000114,32.0,0.007833701703830152,0.4929364202292669,5.6011759621451125,36.843533123028394,0.015614239272951093,2.82998018927445,22.52492113564669,0.007835530045022196,1.8630914826498424,0.00402220134195386,1.9444468750000041,16.553125,0.005470102952261012,1.0,1
1687.0,2021-10-13 18:05:00,360.18,360.39,360.18,360.35,3475.0,1,1,0.0,sell,False,0.5471062440292171,2.9599999999999795,79.0,0.008281341801191784,0.0228863322123371,0.09525730070999586,0.10670046681616441,0.00029641585066174977,72.39311876985201,87.40063866133283,80.29386316177549,101.61418966044752,3475.0,2.9599999999999795,1.0,2.9599999999999795,79.0,0.008281341801191784,2.9599999999999795,79.0,0.008281341801191784,1.0,1.0,0.0228863322123371,0.10670046681616441,0.09525730070999586,72.39311876985201,87.40063866133283,80.29386316177549,101.61418966044752,61.41522029372669,10.68090787716953,30.936914620762796,0.04719862291077125,0.058304181242706296,0.03999999999996362,0.0,0.17000000000001592,1.0,1688.0,1688.0,2021-10-13,2021-10-13 18:05:00,1.2682114610795199,203.0,1.0,best_within_2.0d,1890.0,355.78,0.5832424107187206,4.3760036431226785,32.22527881040892,0.012230020343504162,2.285057100371749,15.890706319702602,0.006381710269403211,0.4929364202292669,5.6011759621451125,36.843533123028394,0.015614239272951093,2.82998018927445,22.52492113564669,0.007835530045022196,1.8630914826498424,0.00402220134195386,1.9444468750000041,16.553125,0.005470102952261012,0.0,1
1688.0,2021-10-13 18:10:00,360.35,360.45,360.35,360.45,6202.0,1,1,0.0,sell,False,0.5471062440262612,3.019999999999982,80.0,0.008449206837702436,0.05345868635848752,0.1019396365048068,0.12866897968405056,0.00035740939285034833,75.24380482641222,91.60042577422189,84.06271736592429,106.6758425908171,6202.0,3.019999999999982,1.0,3.019999999999982,80.0,0.008449206837702436,3.019999999999982,80.0,0.008449206837702436,1.0,1.0,0.05345868635848752,0.12866897968405056,0.1019396365048068,75.24380482641222,91.60042577422189,84.06271736592429,106.6758425908171,65.08135168961367,10.0125156445554,33.96523024308935,0.027750797835428304,0.027750797835428304,0.0,0.0,0.0999999999999659,1.0,1689.0,1689.0,2021-10-13,2021-10-13 18:10:00,1.2956027188236972,202.0,1.0,best_within_2.0d,1890.0,355.78,0.5832424107187206,4.3760036431226785,32.22527881040892,0.012230020343504162,2.285057100371749,15.890706319702602,0.006381710269403211,0.4929364202292669,5.6011759621451125,36.843533123028394,0.015614239272951093,2.82998018927445,22.52492113564669,0.007835530045022196,1.8630914826498424,0.00402220134195386,1.9444468750000041,16.553125,0.005470102952261012,0.0,1
1689.0,2021-10-13 18:15:00,360.45,360.49,360.38,360.38,3929.0,1,1,0.0,sell,False,0.5471062440275456,3.0600000000000023,81.0,0.008561116862042924,0.05902525162776309,0.10931779295827719,0.13883041877215874,0.0003856054668802343,69.80967065505672,87.2107413658201,85.11205869922289,91.4081066990145,3929.0,3.0600000000000023,1.0,3.0600000000000023,81.0,0.008561116862042924,3.0600000000000023,81.0,0.008561116862042924,1.0,1.0,0.05902525162776309,0.13883041877215874,0.10931779295827719,69.80967065505672,87.2107413658201,85.11205869922289,91.4081066990145,64.44188722670164,6.904487917140996,37.29951103217845,-0.019420169232901425,0.030523336478165727,0.040000000000020464,0.0,0.06999999999999318,0.0,1690.0,1690.0,2021-10-13,2021-10-13 18:15:00,1.2764304345413238,201.0,1.0,best_within_2.0d,1890.0,355.78,0.5832424107187206,4.3760036431226785,32.22527881040892,0.012230020343504162,2.285057100371749,15.890706319702602,0.006381710269403211,0.4929364202292669,5.6011759621451125,36.843533123028394,0.015614239272951093,2.82998018927445,22.52492113564669,0.007835530045022196,1.8630914826498424,0.00402220134195386,1.9444468750000041,16.553125,0.005470102952261012,0.0,1
1690.0,2021-10-13 18:20:00,360.37,360.6,360.37,360.57,5599.0,1,1,0.0,sell,False,0.5471062440285259,3.170000000000016,82.0,0.008868869428979145,0.08167751901910725,0.11952748283566561,0.16036624234521923,0.00044537256236501277,75.07209268732412,89.86092435140537,86.69501391661704,96.192745220982,5599.0,3.170000000000016,1.0,3.170000000000016,82.0,0.008868869428979145,3.170000000000016,82.0,0.008868869428979145,1.0,1.0,0.08167751901910725,0.16036624234521923,0.11952748283566561,75.07209268732412,89.86092435140537,86.69501391661704,96.192745220982,65.11175898931344,0.9718172983471376,41.56803335340958,0.055498515414709494,0.06382329272692461,0.03000000000002956,0.0,0.19999999999998863,1.0,1691.0,1691.0,2021-10-13,2021-10-13 18:20:00,1.3284521729483931,200.0,1.0,best_within_2.0d,1890.0,355.78,0.5832424107187206,4.3760036431226785,32.22527881040892,0.012230020343504162,2.285057100371749,15.890706319702602,0.006381710269403211,0.4929364202292669,5.6011759621451125,36.843533123028394,0.015614239272951093,2.82998018927445,22.52492113564669,0.007835530045022196,1.8630914826498424,0.00402220134195386,1.9444468750000041,16.553125,0.005470102952261012,0.0,1
1691.0,2021-10-13 18:25:00,360.5,360.6,360.5,360.58,3602.0,1,1,0.0,sell,False,0.5471062440288895,3.170000000000016,83.0,0.008868869428979145,0.09069078564591387,0.13086383104140484,0.17620922386436177,0.0004893209050212774,75.31596642505916,92.14772005940478,88.51258263087962,99.41799491645509,3602.0,3.170000000000016,1.0,3.170000000000016,83.0,0.008868869428979145,3.170000000000016,83.0,0.008868869428979145,1.0,1.0,0.09069078564591387,0.17620922386436177,0.13086383104140484,75.31596642505916,92.14772005940478,88.51258263087962,99.41799491645509,60.64220183486706,0.917431192659785,45.52884340449155,0.022191400832173115,0.027739251040228223,0.020000000000038654,0.0,0.07999999999998408,1.0,1692.0,1692.0,2021-10-13,2021-10-13 18:25:00,1.3311886405236042,199.0,1.0,best_within_2.0d,1890.0,355.78,0.5832424107187206,4.3760036431226785,32.22527881040892,0.012230020343504162,2.285057100371749,15.890706319702602,0.006381710269403211,0.4929364202292669,5.6011759621451125,36.843533123028394,0.015614239272951093,2.82998018927445,22.52492113564669,0.007835530045022196,1.8630914826498424,0.00402220134195386,1.9444468750000041,16.553125,0.005470102952261012,0.0,1
1692.0,2021-10-13 18:30:00,360.57,360.84,360.57,360.7,15063.0,1,1,0.0,sell,False,0.5471062440280529,3.409999999999968,84.0,0.009540329575021593,0.10451608388908284,0.1439283415275402,0.19618638347208162,0.0005447299656043276,78.08646303736415,89.14265674643093,88.72260733606339,89.98275556716601,15063.0,3.409999999999968,1.0,3.409999999999968,84.0,0.009540329575021593,3.409999999999968,84.0,0.009540329575021593,1.0,1.0,0.10451608388908284,0.19618638347208162,0.1439283415275402,78.08646303736415,89.14265674643093,88.72260733606339,89.98275556716601,66.15384615384514,0.7692307692300966,49.25543669169139,0.03605402557062303,0.07488143772359926,0.13999999999998636,0.0,0.12999999999999545,1.0,1693.0,1693.0,2021-10-13,2021-10-13 18:30:00,1.3640144164125356,198.0,1.0,best_within_2.0d,1890.0,355.78,0.5832424107187206,4.3760036431226785,32.22527881040892,0.012230020343504162,2.285057100371749,15.890706319702602,0.006381710269403211,0.4929364202292669,5.6011759621451125,36.843533123028394,0.015614239272951093,2.82998018927445,22.52492113564669,0.007835530045022196,1.8630914826498424,0.00402220134195386,1.9444468750000041,16.553125,0.005470102952261012,1.0,1
1706.0,2021-10-13 19:40:00,360.75,360.97,360.75,360.88,13663.0,1,1,0.0,sell,False,0.5471062439645983,3.5400000000000205,98.0,0.009904037154128138,-0.02412426273845003,0.168755607038042,0.15669347566881697,0.0004346510031676159,69.43494894337515,52.91200193736303,44.59860060391525,69.5388046042586,13663.0,3.5400000000000205,1.0,3.5400000000000205,98.0,0.009904037154128138,3.5400000000000205,98.0,0.009904037154128138,1.0,1.0,-0.02412426273845003,0.15669347566881697,0.168755607038042,69.43494894337515,52.91200193736303,44.59860060391525,69.5388046042586,40.87591240875576,18.248175182484328,54.51650502799292,0.03603603603603477,0.06098406098406855,0.09000000000003183,0.0,0.12999999999999545,1.0,1707.0,1707.0,2021-10-13,2021-10-13 19:40:00,1.4132121480824715,184.0,1.0,best_within_2.0d,1890.0,355.78,0.5832424107187206,4.3760036431226785,32.22527881040892,0.012230020343504162,2.285057100371749,15.890706319702602,0.006381710269403211,0.4929364202292669,5.6011759621451125,36.843533123028394,0.015614239272951093,2.82998018927445,22.52492113564669,0.007835530045022196,1.8630914826498424,0.00402220134195386,1.9444468750000041,16.553125,0.005470102952261012,0.0,1
1707.0,2021-10-13 19:45:00,360.87,361.0,360.87,360.98,12409.0,1,1,0.0,sell,False,0.54710624395774,3.569999999999993,99.0,0.009987969672383384,0.0028694973752323993,0.16911429420994603,0.17054904289756223,0.00047303861564679977,72.22245463952781,67.05761369467756,52.084938300836015,97.00296448236062,12409.0,3.569999999999993,1.0,3.569999999999993,99.0,0.009987969672383384,3.569999999999993,99.0,0.009987969672383384,1.0,1.0,0.0028694973752323993,0.17054904289756223,0.16911429420994603,72.22245463952781,67.05761369467756,52.084938300836015,97.00296448236062,42.44604316546277,17.98561151079416,53.51362541714908,0.030481890985677294,0.036024052983067434,0.01999999999998181,0.0,0.11000000000001364,1.0,1708.0,1708.0,2021-10-13,2021-10-13 19:45:00,1.4405230206659774,183.0,1.0,best_within_2.0d,1890.0,355.78,0.5832424107187206,4.3760036431226785,32.22527881040892,0.012230020343504162,2.285057100371749,15.890706319702602,0.006381710269403211,0.4929364202292669,5.6011759621451125,36.843533123028394,0.015614239272951093,2.82998018927445,22.52492113564669,0.007835530045022196,1.8630914826498424,0.00402220134195386,1.9444468750000041,16.553125,0.005470102952261012,0.0,1
1710.0,2021-10-14 04:00:00,362.12,362.77,362.12,362.74,6466.0,1,1,0.0,sell,False,0.5471062439515031,5.339999999999975,102.0,0.014939988249447374,0.2308678425589184,0.1965748712131746,0.3120087924926338,0.000864907718929245,86.55161092601716,76.69051001263446,64.86505215993985,100.34142571802369,6466.0,5.339999999999975,1.0,5.339999999999975,102.0,0.014939988249447374,5.339999999999975,102.0,0.014939988249447374,1.0,1.0,0.2308678425589184,0.3120087924926338,0.1965748712131746,86.55161092601716,76.69051001263446,64.86505215993985,100.34142571802369,70.79646017698839,8.554572271388459,52.54759868960315,0.17121396222246893,0.17949850878161308,0.029999999999972715,0.0,0.6200000000000045,1.0,1711.0,1711.0,2021-10-14,2021-10-14 04:00:00,1.9187296686331907,180.0,1.0,best_within_2.0d,1890.0,355.78,0.5832424107187206,4.3760036431226785,32.22527881040892,0.012230020343504162,2.285057100371749,15.890706319702602,0.006381710269403211,0.4929364202292669,5.6011759621451125,36.843533123028394,0.015614239272951093,2.82998018927445,22.52492113564669,0.007835530045022196,1.8630914826498424,0.00402220134195386,1.9444468750000041,16.553125,0.005470102952261012,0.0,1
1711.0,2021-10-14 04:05:00,362.75,362.85,362.52,362.85,5849.0,1,1,0.0,sell,False,0.7990960394908004,5.420000000000016,103.0,0.01516380829812835,0.3769101702625191,0.2436886424959895,0.43214372762724906,0.0011974109776291472,87.06787239699604,84.46034000842297,71.39681477610088,110.58739047306716,5849.0,5.420000000000016,1.0,5.420000000000016,103.0,0.01516380829812835,5.420000000000016,103.0,0.01516380829812835,1.0,1.0,0.3769101702625191,0.43214372762724906,0.2436886424959895,87.06787239699604,84.46034000842297,71.39681477610088,110.58739047306716,67.5749318801071,7.356948228883627,54.53445852346249,0.027567195037911163,0.09102946044357303,0.0,0.2300000000000182,0.10000000000002274,1.0,1712.0,1712.0,2021-10-14,2021-10-14 04:05:00,1.9484635524321483,179.0,1.0,best_within_2.0d,1890.0,355.78,0.5832424107187206,4.3760036431226785,32.22527881040892,0.012230020343504162,2.285057100371749,15.890706319702602,0.006381710269403211,0.4929364202292669,5.6011759621451125,36.843533123028394,0.015614239272951093,2.82998018927445,22.52492113564669,0.007835530045022196,1.8630914826498424,0.00402220134195386,1.9444468750000041,16.553125,0.005470102952261012,0.0,1
1712.0,2021-10-14 04:10:00,362.85,363.06,362.82,363.06,4836.0,1,1,0.0,sell,False,0.9986809307960289,5.6299999999999955,104.0,0.01575133592591555,0.47104851114567037,0.30256970638919833,0.5380939619620335,0.0014903233393028024,88.01386937417327,89.64022667228198,77.47795207482791,113.96477586719013,4836.0,5.6299999999999955,1.0,5.6299999999999955,104.0,0.01575133592591555,5.6299999999999955,104.0,0.01575133592591555,1.0,1.0,0.47104851114567037,0.5380939619620335,0.30256970638919833,88.01386937417327,89.64022667228198,77.47795207482791,113.96477586719013,68.24146981627047,7.08661417322904,56.43804498532551,0.05787515502273103,0.0661485033901133,0.0,0.03000000000002956,0.20999999999997954,1.0,1713.0,1713.0,2021-10-14,2021-10-14 04:10:00,2.0051782074588305,178.0,1.0,best_within_2.0d,1890.0,355.78,0.5832424107187206,4.3760036431226785,32.22527881040892,0.012230020343504162,2.285057100371749,15.890706319702602,0.006381710269403211,0.4929364202292669,5.6011759621451125,36.843533123028394,0.015614239272951093,2.82998018927445,22.52492113564669,0.007835530045022196,1.8630914826498424,0.00402220134195386,1.9444468750000041,16.553125,0.005470102952261012,1.0,1
1720.0,2021-10-14 04:50:00,362.97,363.1,362.97,363.1,6502.0,1,1,0.0,sell,False,1.0380795645885468,5.670000000000016,112.0,0.01586324595025604,0.11797628930867554,0.6011977844104858,0.6601859290648235,0.0018241927812556174,79.28769834538218,87.40106330689625,86.3513665120048,89.50045689667911,6502.0,5.670000000000016,1.0,5.670000000000016,112.0,0.01586324595025604,5.670000000000016,112.0,0.01586324595025604,1.0,1.0,0.11797628930867554,0.6601859290648235,0.6011977844104858,79.28769834538218,87.40106330689625,86.3513665120048,89.50045689667911,61.138613861385096,7.920792079207711,66.73701197638665,0.03581563214590612,0.03581563214590612,0.0,0.0,0.12999999999999545,1.0,1721.0,1721.0,2021-10-14,2021-10-14 04:50:00,2.0159735610024923,170.0,1.0,best_within_2.0d,1890.0,355.78,0.5832424107187206,4.3760036431226785,32.22527881040892,0.012230020343504162,2.285057100371749,15.890706319702602,0.006381710269403211,0.4929364202292669,5.6011759621451125,36.843533123028394,0.015614239272951093,2.82998018927445,22.52492113564669,0.007835530045022196,1.8630914826498424,0.00402220134195386,1.9444468750000041,16.553125,0.005470102952261012,1.0,1
1728.0,2021-10-14 05:30:00,363.06,363.13,363.0,363.0,5342.0,1,1,0.0,sell,False,1.0380795645779233,5.699999999999989,120.0,0.015947178468511285,-0.14878357006716159,0.5496707001451543,0.4752789151115735,0.001311442154849823,70.58733490976093,55.164534899615596,66.96238500020584,31.568834698435097,5342.0,5.699999999999989,1.0,5.699999999999989,120.0,0.015947178468511285,5.699999999999989,120.0,0.015947178468511285,1.0,1.0,-0.14878357006716159,0.4752789151115735,0.5496707001451543,70.58733490976093,55.164534899615596,66.96238500020584,31.568834698435097,30.322580645160276,18.06451612902736,53.48123726653922,-0.016526194017518394,0.035812672176307285,0.06999999999999318,0.0,0.060000000000002274,0.0,1729.0,1729.0,2021-10-14,2021-10-14 05:30:00,1.988980716253451,162.0,1.0,best_within_2.0d,1890.0,355.78,0.5832424107187206,4.3760036431226785,32.22527881040892,0.012230020343504162,2.285057100371749,15.890706319702602,0.006381710269403211,0.4929364202292669,5.6011759621451125,36.843533123028394,0.015614239272951093,2.82998018927445,22.52492113564669,0.007835530045022196,1.8630914826498424,0.00402220134195386,1.9444468750000041,16.553125,0.005470102952261012,1.0,1
1735.0,2021-10-14 06:05:00,362.81,362.9,362.64,362.65,3402.0,3a,3a,1.0,buy,False,0.0025968223829335906,4.163492493946733,28.239017640954685,0.011578080659927173,-0.2309175356769072,0.37199224937911085,0.25653348154065725,0.0007075070851300992,53.367355516573085,15.668956327562093,24.325321015372424,-1.64377304805857,3402.0,0.4900000000000091,2.0,0.4900000000000091,8.0,0.0013493790102718285,0.4900000000000091,8.0,0.0013493790102718285,3.0,3.0,-0.2309175356769072,0.25653348154065725,0.37199224937911085,53.367355516573085,15.668956327562093,24.325321015372424,-1.64377304805857,16.279069767444422,48.06201550387115,40.34195723797837,-0.04410021774483201,0.07169644826825251,0.08999999999997499,0.009999999999990905,0.160000000000025,0.0,1736.0,1736.0,2021-10-14,2021-10-14 06:05:00,1.8309664966220995,352.0,1.0,best_within_2.0d,2087.0,369.29,0.5832424107187206,4.3760036431226785,32.22527881040892,0.012230020343504162,2.285057100371749,15.890706319702602,0.006381710269403211,0.4929364202292669,5.6011759621451125,36.843533123028394,0.015614239272951093,2.82998018927445,22.52492113564669,0.007835530045022196,1.8630914826498424,0.0025968223829335906,0.4900000000000091,8.0,0.0013493790102718285,0.0,0
1738.0,2021-10-14 06:20:00,362.64,362.64,362.57,362.64,4722.0,3a,3a,1.0,buy,False,0.0025968223829335906,4.163492493946733,28.239017640954685,0.011578080659927173,-0.2292693363630306,0.2844798620738011,0.1698451938922858,0.00046840408659245907,52.49485638277327,15.617710416027542,17.14620059342256,12.560730061237507,4722.0,0.5600000000000023,2.0,0.5600000000000023,11.0,0.0015421474403106389,0.5600000000000023,11.0,0.0015421474403106389,3.0,3.0,-0.2292693363630306,0.1698451938922858,0.2844798620738011,52.49485638277327,15.617710416027542,17.14620059342256,12.560730061237507,16.935483870970554,53.22580645161453,42.210389448721806,0.0,0.019306616653334028,0.0,0.06999999999999318,0.0,0.0,1739.0,1739.0,2021-10-14,2021-10-14 06:20:00,1.8337745422457628,349.0,1.0,best_within_2.0d,2087.0,369.29,0.5832424107187206,4.3760036431226785,32.22527881040892,0.012230020343504162,2.285057100371749,15.890706319702602,0.006381710269403211,0.4929364202292669,5.6011759621451125,36.843533123028394,0.015614239272951093,2.82998018927445,22.52492113564669,0.007835530045022196,1.8630914826498424,0.0025968223829335906,0.5600000000000023,11.0,0.0015421474403106389,1.0,0
1745.0,2021-10-14 06:55:00,362.63,362.63,362.53,362.59,4564.0,3a,3a,1.0,buy,False,0.0025968223829335906,4.163492493946733,28.239017640954685,0.011578080659927173,-0.13666515730476558,0.14046817655204263,0.07213559789965984,0.00019891840023244218,48.23376387899385,39.01992946056119,41.06694728541312,34.92589381085732,4564.0,0.6000000000000227,2.0,0.6000000000000227,18.0,0.0016523008289043117,0.6000000000000227,18.0,0.0016523008289043117,3.0,3.0,-0.13666515730476558,0.07213559789965984,0.14046817655204263,48.23376387899385,39.01992946056119,41.06694728541312,34.92589381085732,13.533834586465105,50.37593984962795,45.00806509775655,-0.011030526983432277,0.02758392408904718,0.0,0.060000000000002274,0.040000000000020464,0.0,1746.0,1746.0,2021-10-14,2021-10-14 06:55:00,1.8478170936870972,342.0,1.0,best_within_2.0d,2087.0,369.29,0.5832424107187206,4.3760036431226785,32.22527881040892,0.012230020343504162,2.285057100371749,15.890706319702602,0.006381710269403211,0.4929364202292669,5.6011759621451125,36.843533123028394,0.015614239272951093,2.82998018927445,22.52492113564669,0.007835530045022196,1.8630914826498424,0.0025968223829335906,0.6000000000000227,18.0,0.0016523008289043117,0.0,0
1746.0,2021-10-14 07:00:00,362.52,362.69,362.52,362.69,10712.0,3a,3a,1.0,buy,False,0.0025968223829335906,4.163492493946733,28.239017640954685,0.011578080659927173,-0.12059724633931246,0.12539352075962856,0.06509489758997233,0.00017950136622553456,52.87355493672695,44.90217519593073,42.34535658891899,50.01581240995421,10712.0,0.6100000000000136,2.0,0.6100000000000136,19.0,0.001679839176052691,0.6100000000000136,19.0,0.001679839176052691,3.0,3.0,-0.12059724633931246,0.06509489758997233,0.12539352075962856,52.87355493672695,44.90217519593073,42.34535658891899,50.01581240995421,14.864864864861543,45.27027027027499,45.40476028740403,0.04689396447093013,0.04689396447093013,0.0,0.0,0.17000000000001592,1.0,1747.0,1747.0,2021-10-14,2021-10-14 07:00:00,1.8197358625823767,341.0,1.0,best_within_2.0d,2087.0,369.29,0.5832424107187206,4.3760036431226785,32.22527881040892,0.012230020343504162,2.285057100371749,15.890706319702602,0.006381710269403211,0.4929364202292669,5.6011759621451125,36.843533123028394,0.015614239272951093,2.82998018927445,22.52492113564669,0.007835530045022196,1.8630914826498424,0.0025968223829335906,0.6100000000000136,19.0,0.001679839176052691,1.0,0
1751.0,2021-10-14 07:25:00,363.06,363.12,363.0,363.0,15805.0,2,2,0.0,sell,False,0.9836065573770645,4.163492493946733,28.239017640954685,0.011578080659927173,0.008070137363524882,0.10156325131995565,0.1055983200017181,0.0002911164832925577,64.52114683897818,79.34005916761288,70.2628079434181,97.49456161600244,15805.0,0.6000000000000227,1.0,0.6100000000000136,19.0,0.001679839176052691,0.6000000000000227,6.0,0.0016550810989739125,2.0,2.0,0.008070137363524882,0.1055983200017181,0.10156325131995565,64.52114683897818,79.34005916761288,70.2628079434181,97.49456161600244,36.612021857922414,25.683060109292843,36.54983936665921,-0.016526194017518394,0.03305785123967068,0.060000000000002274,0.0,0.060000000000002274,0.0,1752.0,1752.0,2021-10-14,2021-10-14 07:25:00,1.988980716253451,139.0,1.0,best_within_2.0d,1890.0,355.78,0.9836065573770645,0.6100000000000136,19.0,0.001679839176052691,0.6000000000000227,6.0,0.0016550810989739125,0.4929364202292669,5.6011759621451125,36.843533123028394,0.015614239272951093,2.82998018927445,22.52492113564669,0.007835530045022196,1.8630914826498424,0.00402220134195386,1.9444468750000041,16.553125,0.005470102952261012,0.0,1
1754.0,2021-10-14 07:40:00,362.99,363.13,362.99,363.05,17595.0,1p,1p,0.0,sell,False,0.042551118150999934,0.6100000000000136,9.0,0.001682665783956785,0.020834380206237235,0.10896571438888078,0.1193829044919994,0.0003290631581295257,64.5861323408974,82.96374147366785,78.67204967629087,91.54712506842182,17595.0,0.6100000000000136,0.0,0.6100000000000136,9.0,0.001682665783956785,0.6100000000000136,0.0,0.0,1.0,1.0,0.020834380206237235,0.1193829044919994,0.10896571438888078,64.5861323408974,82.96374147366785,78.67204967629087,91.54712506842182,40.35087719298012,19.883040935673293,34.59341917153819,0.016529380974683126,0.038568555607588734,0.07999999999998408,0.0,0.060000000000002274,1.0,1755.0,1755.0,2021-10-14,2021-10-14 07:40:00,2.002478997383291,136.0,1.0,best_within_2.0d,1890.0,355.78,0.5832424107187206,4.3760036431226785,32.22527881040892,0.012230020343504162,2.285057100371749,15.890706319702602,0.006381710269403211,0.4929364202292669,5.6011759621451125,36.843533123028394,0.015614239272951093,2.82998018927445,22.52492113564669,0.007835530045022196,1.8630914826498424,0.00402220134195386,1.9444468750000041,16.553125,0.005470102952261012,0.0,1
1755.0,2021-10-14 07:45:00,363.12,363.37,363.12,363.36,18515.0,1p,1p,0.0,sell,False,0.12095982303364783,0.8500000000000227,10.0,0.00234469822354635,0.05922577483907951,0.11636893624376572,0.14598182366330548,0.0004023332505541039,73.59858757501178,88.21514388842854,81.85308108033675,100.93926950461213,18515.0,0.8500000000000227,0.0,0.8500000000000227,10.0,0.00234469822354635,0.8500000000000227,0.0,0.0,1.0,1.0,0.05922577483907951,0.14598182366330548,0.11636893624376572,73.59858757501178,88.21514388842854,81.85308108033675,100.93926950461213,43.523316062176384,17.616580310881897,35.14909504185188,0.06609385327164824,0.06884776382463097,0.009999999999990905,0.0,0.2400000000000091,1.0,1756.0,1756.0,2021-10-14,2021-10-14 07:45:00,2.0860854249229526,135.0,1.0,best_within_2.0d,1890.0,355.78,0.5832424107187206,4.3760036431226785,32.22527881040892,0.012230020343504162,2.285057100371749,15.890706319702602,0.006381710269403211,0.4929364202292669,5.6011759621451125,36.843533123028394,0.015614239272951093,2.82998018927445,22.52492113564669,0.007835530045022196,1.8630914826498424,0.00402220134195386,1.9444468750000041,16.553125,0.005470102952261012,0.0,1
1756.0,2021-10-14 07:50:00,363.4,363.6,363.37,363.51,28256.0,1p,1p,0.0,sell,False,0.19853187301625586,1.080000000000041,11.0,0.0029791459781530424,0.09720751663443383,0.12851987582306995,0.17712363414028687,0.00048809469312480213,76.68980728060046,88.57200068752266,84.09272094939871,97.53056016377059,28256.0,1.080000000000041,0.0,1.080000000000041,11.0,0.0029791459781530424,1.080000000000041,0.0,0.0,1.0,1.0,0.09720751663443383,0.17712363414028687,0.12851987582306995,76.68980728060046,88.57200068752266,84.09272094939871,97.53056016377059,50.23696682464567,16.113744075830354,36.311914783760315,0.030269675288941568,0.06329636458706503,0.09000000000003183,0.029999999999972715,0.11000000000001364,1.0,1757.0,1757.0,2021-10-14,2021-10-14 07:50:00,2.126488954911837,134.0,1.0,best_within_2.0d,1890.0,355.78,0.5832424107187206,4.3760036431226785,32.22527881040892,0.012230020343504162,2.285057100371749,15.890706319702602,0.006381710269403211,0.4929364202292669,5.6011759621451125,36.843533123028394,0.015614239272951093,2.82998018927445,22.52492113564669,0.007835530045022196,1.8630914826498424,0.00402220134195386,1.9444468750000041,16.553125,0.005470102952261012,0.0,1
1757.0,2021-10-14 07:55:00,363.49,363.6,363.47,363.5,43283.0,1p,1p,0.0,sell,False,0.22935239144769876,1.080000000000041,12.0,0.0029791459781530424,0.11229822228581832,0.14255715360879723,0.19870626475170639,0.0005475009379792718,76.05051670045776,87.47937300736697,85.22160496872146,91.99490908465799,43283.0,1.080000000000041,0.0,1.080000000000041,12.0,0.0029791459781530424,1.080000000000041,0.0,0.0,1.0,1.0,0.11229822228581832,0.19870626475170639,0.14255715360879723,76.05051670045776,87.47937300736697,85.22160496872146,91.99490908465799,48.18181818181987,15.454545454546581,37.391675972675294,0.002751107320694078,0.03576636311112208,0.10000000000002274,0.01999999999998181,0.009999999999990905,1.0,1758.0,1758.0,2021-10-14,2021-10-14 07:55:00,2.1237964236588796,133.0,1.0,best_within_2.0d,1890.0,355.78,0.5832424107187206,4.3760036431226785,32.22527881040892,0.012230020343504162,2.285057100371749,15.890706319702602,0.006381710269403211,0.4929364202292669,5.6011759621451125,36.843533123028394,0.015614239272951093,2.82998018927445,22.52492113564669,0.007835530045022196,1.8630914826498424,0.00402220134195386,1.9444468750000041,16.553125,0.005470102952261012,0.0,1
1758.0,2021-10-14 08:00:00,362.57,363.61,360.27,363.58,40074.0,1p,1p,0.0,sell,False,0.2521924056429438,1.0900000000000318,13.0,0.003006730663135915,0.12348141935177859,0.15799233102776955,0.21973304070365884,0.0006053566885799393,77.65527745742864,91.35351414063956,87.26557469269416,99.52939303653037,40074.0,1.0900000000000318,0.0,1.0900000000000318,13.0,0.003006730663135915,1.0900000000000318,0.0,0.0,1.0,1.0,0.12348141935177859,0.21973304070365884,0.15799233102776955,77.65527745742864,91.35351414063956,87.26557469269416,99.52939303653037,19.629629629630394,62.96296296296359,38.46843966841302,0.2785668974267013,0.9270824659283404,0.03000000000002956,2.3000000000000114,1.009999999999991,1.0,1759.0,1759.0,2021-10-14,2021-10-14 08:00:00,2.145332526541617,132.0,1.0,best_within_2.0d,1890.0,355.78,0.5832424107187206,4.3760036431226785,32.22527881040892,0.012230020343504162,2.285057100371749,15.890706319702602,0.006381710269403211,0.4929364202292669,5.6011759621451125,36.843533123028394,0.015614239272951093,2.82998018927445,22.52492113564669,0.007835530045022196,1.8630914826498424,0.00402220134195386,1.9444468750000041,16.553125,0.005470102952261012,0.0,1
1759.0,2021-10-14 08:05:00,363.58,363.83,363.58,363.8,22474.0,1p,1p,0.0,sell,False,0.30475294583819135,1.3100000000000023,14.0,0.0036135937327595783,0.14921673080439357,0.17664442237831873,0.2512527877805155,0.0006920768125101832,81.35517598284953,93.95477721735546,89.49530886758126,102.87371391690385,22474.0,1.3100000000000023,0.0,1.3100000000000023,14.0,0.0036135937327595783,1.3100000000000023,0.0,0.0,1.0,1.0,0.14921673080439357,0.2512527877805155,0.17664442237831873,81.35517598284953,93.95477721735546,89.49530886758126,102.87371391690385,23.063063063063314,59.639639639639974,38.879735372147586,0.060509378953745335,0.0687606579019748,0.029999999999972715,0.0,0.22000000000002728,1.0,1760.0,1760.0,2021-10-14,2021-10-14 08:05:00,2.2045079714128746,131.0,1.0,best_within_2.0d,1890.0,355.78,0.5832424107187206,4.3760036431226785,32.22527881040892,0.012230020343504162,2.285057100371749,15.890706319702602,0.006381710269403211,0.4929364202292669,5.6011759621451125,36.843533123028394,0.015614239272951093,2.82998018927445,22.52492113564669,0.007835530045022196,1.8630914826498424,0.00402220134195386,1.9444468750000041,16.553125,0.005470102952261012,0.0,1
1760.0,2021-10-14 08:10:00,363.82,364.14,363.82,364.07,86232.0,1p,1p,0.0,sell,False,0.3855256391982018,1.6200000000000045,15.0,0.004468718967229407,0.18876560935024972,0.20024012354709994,0.2946229282222248,0.0008113698144807417,84.70290045060426,95.36692296833178,91.45251356783143,103.19574176933247,86232.0,1.6200000000000045,0.0,1.6200000000000045,15.0,0.004468718967229407,1.6200000000000045,0.0,0.0,1.0,1.0,0.18876560935024972,0.2946229282222248,0.20024012354709994,84.70290045060426,95.36692296833178,91.45251356783143,103.19574176933247,26.748251748252137,57.86713286713362,38.72952995300363,0.06871529877411907,0.08795558243087054,0.06999999999999318,0.0,0.25,1.0,1761.0,1761.0,2021-10-14,2021-10-14 08:10:00,2.2770346361963414,130.0,1.0,best_within_2.0d,1890.0,355.78,0.5832424107187206,4.3760036431226785,32.22527881040892,0.012230020343504162,2.285057100371749,15.890706319702602,0.006381710269403211,0.4929364202292669,5.6011759621451125,36.843533123028394,0.015614239272951093,2.82998018927445,22.52492113564669,0.007835530045022196,1.8630914826498424,0.00402220134195386,1.9444468750000041,16.553125,0.005470102952261012,1.0,1
1782.0,2021-10-14 10:00:00,364.34,365.08,364.17,365.015,556575.0,1,1,0.0,sell,False,0.3696673057979064,2.069999999999993,6.0,0.005702322250075737,0.18100082819215502,0.18733326023426095,0.27783367433033845,0.0007636878902410873,73.30813973881222,79.66738956973157,64.36976737003808,110.26263396911855,556575.0,2.069999999999993,2.0,2.069999999999993,6.0,0.005702322250075737,2.069999999999993,6.0,0.005702322250075737,1.0,1.0,0.18100082819215502,0.27783367433033845,0.18733326023426095,73.30813973881222,79.66738956973157,64.36976737003808,110.26263396911855,27.666151468315743,12.828438948996054,29.3949154169027,0.18526650930449892,0.24988329626272568,0.06499999999999773,0.16999999999995907,0.6750000000000114,1.0,1783.0,1783.0,2021-10-14,2021-10-14 10:00:00,2.5300330123419625,108.0,1.0,best_within_2.0d,1890.0,355.78,0.5832424107187206,4.3760036431226785,32.22527881040892,0.012230020343504162,2.285057100371749,15.890706319702602,0.006381710269403211,0.4929364202292669,5.6011759621451125,36.843533123028394,0.015614239272951093,2.82998018927445,22.52492113564669,0.007835530045022196,1.8630914826498424,0.00402220134195386,1.9444468750000041,16.553125,0.005470102952261012,0.0,1
1783.0,2021-10-14 10:05:00,365.02,365.3,364.99,365.04,634432.0,1,1,0.0,sell,False,0.47792413195596867,2.2900000000000205,7.0,0.006308366160711882,0.23400680108924315,0.21658411037041633,0.3335875109150379,0.0009167092951443928,73.5594045620008,82.66035578302353,70.46663017436656,107.04780700033749,634432.0,2.2900000000000205,2.0,2.2900000000000205,7.0,0.006308366160711882,2.2900000000000205,7.0,0.006308366160711882,1.0,1.0,0.23400680108924315,0.3335875109150379,0.21658411037041633,73.5594045620008,82.66035578302353,70.46663017436656,107.04780700033749,30.015082956260443,12.51885369532491,30.233475156627435,0.005479151827307725,0.08493383380366648,0.2599999999999909,0.029999999999972715,0.020000000000038654,1.0,1784.0,1784.0,2021-10-14,2021-10-14 10:05:00,2.536708305939088,107.0,1.0,best_within_2.0d,1890.0,355.78,0.5832424107187206,4.3760036431226785,32.22527881040892,0.012230020343504162,2.285057100371749,15.890706319702602,0.006381710269403211,0.4929364202292669,5.6011759621451125,36.843533123028394,0.015614239272951093,2.82998018927445,22.52492113564669,0.007835530045022196,1.8630914826498424,0.00402220134195386,1.9444468750000041,16.553125,0.005470102952261012,0.0,1
1784.0,2021-10-14 10:10:00,365.05,365.38,365.05,365.3581,331427.0,1,1,0.0,sell,False,0.5955794644708724,2.3700000000000045,8.0,0.006528745764579501,0.29161458055044087,0.25303593293922144,0.3988432232144419,0.0010957081630869022,76.58034206600132,88.13222031104499,76.35516021992603,111.6863404932829,331427.0,2.3700000000000045,2.0,2.3700000000000045,8.0,0.006528745764579501,2.3700000000000045,8.0,0.006528745764579501,1.0,1.0,0.29161458055044087,0.3988432232144419,0.25303593293922144,76.58034206600132,88.13222031104499,76.35516021992603,111.6863404932829,30.263157894737684,12.134502923977251,31.128128408986488,0.08439939734282087,0.09039857553759321,0.021900000000016462,0.0,0.3080999999999676,1.0,1785.0,1785.0,2021-10-14,2021-10-14 10:10:00,2.621564979673369,106.0,1.0,best_within_2.0d,1890.0,355.78,0.5832424107187206,4.3760036431226785,32.22527881040892,0.012230020343504162,2.285057100371749,15.890706319702602,0.006381710269403211,0.4929364202292669,5.6011759621451125,36.843533123028394,0.015614239272951093,2.82998018927445,22.52492113564669,0.007835530045022196,1.8630914826498424,0.00402220134195386,1.9444468750000041,16.553125,0.005470102952261012,0.0,1
1785.0,2021-10-14 10:15:00,365.38,365.52,365.23,365.24,380789.0,1,1,0.0,sell,False,0.5978935081921072,2.509999999999991,9.0,0.006914410071347872,0.2927476096916367,0.289629384150676,0.4360031889964944,0.0011974936265000465,73.23485579272877,88.3696873786784,80.36000260617682,104.38905692368158,380789.0,2.509999999999991,2.0,2.509999999999991,9.0,0.006914410071347872,2.509999999999991,9.0,0.006914410071347872,1.0,1.0,0.2927476096916367,0.4360031889964944,0.289629384150676,73.23485579272877,88.3696873786784,80.36000260617682,104.38905692368158,30.07299270073036,12.116788321168642,31.944730210717164,-0.03831627346871377,0.0794020206445154,0.13999999999998636,0.009999999999990905,0.13999999999998636,0.0,1786.0,1786.0,2021-10-14,2021-10-14 10:15:00,2.5900777570912377,105.0,1.0,best_within_2.0d,1890.0,355.78,0.5832424107187206,4.3760036431226785,32.22527881040892,0.012230020343504162,2.285057100371749,15.890706319702602,0.006381710269403211,0.4929364202292669,5.6011759621451125,36.843533123028394,0.015614239272951093,2.82998018927445,22.52492113564669,0.007835530045022196,1.8630914826498424,0.00402220134195386,1.9444468750000041,16.553125,0.005470102952261012,1.0,1
1792.0,2021-10-14 10:50:00,365.44,365.61,365.34,365.405,392392.0,1,1,0.0,sell,False,0.5978935081921072,2.6000000000000227,16.0,0.007162337125699079,0.08303773321908259,0.41479139632182627,0.45631026293136756,0.0012516776392447228,70.87369909874343,77.33742761057063,77.43493033928681,77.14242215313828,392392.0,2.6000000000000227,2.0,2.6000000000000227,16.0,0.007162337125699079,2.6000000000000227,16.0,0.007162337125699079,1.0,1.0,0.08303773321908259,0.45631026293136756,0.41479139632182627,70.87369909874343,77.33742761057063,77.43493033928681,77.14242215313828,29.207479964382138,7.479964381122342,38.920455925292615,-0.009577495621723131,0.0739037608802865,0.17000000000001592,0.06499999999999773,0.03500000000002501,0.0,1793.0,1793.0,2021-10-14,2021-10-14 10:50:00,2.6340635732953848,98.0,1.0,best_within_2.0d,1890.0,355.78,0.5832424107187206,4.3760036431226785,32.22527881040892,0.012230020343504162,2.285057100371749,15.890706319702602,0.006381710269403211,0.4929364202292669,5.6011759621451125,36.843533123028394,0.015614239272951093,2.82998018927445,22.52492113564669,0.007835530045022196,1.8630914826498424,0.00402220134195386,1.9444468750000041,16.553125,0.005470102952261012,1.0,1
1800.0,2021-10-14 11:30:00,365.56,365.66,365.34,365.44,296526.0,1,1,0.0,sell,False,0.5978935081921072,2.650000000000034,24.0,0.0073000743781163994,-0.05332436978650246,0.3822516785768183,0.35558949368356707,0.0009744249069256201,65.47682652972362,69.73294061155943,66.72057227216567,75.75767729034695,296526.0,2.650000000000034,2.0,2.650000000000034,24.0,0.0073000743781163994,2.650000000000034,24.0,0.0073000743781163994,1.0,1.0,-0.05332436978650246,0.35558949368356707,0.3822516785768183,65.47682652972362,69.73294061155943,66.72057227216567,75.75767729034695,19.827926068504343,13.450522947054921,30.013577977548227,-0.03282634861582354,0.08758964252478514,0.10000000000002274,0.10000000000002274,0.12000000000000455,0.0,1801.0,1801.0,2021-10-14,2021-10-14 11:30:00,2.643388791593702,90.0,1.0,best_within_2.0d,1890.0,355.78,0.5832424107187206,4.3760036431226785,32.22527881040892,0.012230020343504162,2.285057100371749,15.890706319702602,0.006381710269403211,0.4929364202292669,5.6011759621451125,36.843533123028394,0.015614239272951093,2.82998018927445,22.52492113564669,0.007835530045022196,1.8630914826498424,0.00402220134195386,1.9444468750000041,16.553125,0.005470102952261012,0.0,1
1802.0,2021-10-14 11:40:00,365.61,365.82,365.56,365.78,484925.0,1,1,0.0,sell,False,0.5978935081921661,2.8100000000000023,26.0,0.007740833585851636,-0.018551745540076325,0.3746290194422297,0.36535314667219154,0.0010008767544319498,71.26348506139166,83.12104348083594,74.51555516828458,100.33202010593865,484925.0,2.8100000000000023,2.0,2.8100000000000023,26.0,0.007740833585851636,2.8100000000000023,26.0,0.007740833585851636,1.0,1.0,-0.018551745540076325,0.36535314667219154,0.3746290194422297,71.26348506139166,83.12104348083594,74.51555516828458,100.33202010593865,25.284299992876804,7.834571828778365,32.04716238695778,0.04649763409096006,0.07112375533427916,0.040000000000020464,0.05000000000001137,0.16999999999995907,1.0,1803.0,1803.0,2021-10-14,2021-10-14 11:40:00,2.7338837552627266,88.0,1.0,best_within_2.0d,1890.0,355.78,0.5832424107187206,4.3760036431226785,32.22527881040892,0.012230020343504162,2.285057100371749,15.890706319702602,0.006381710269403211,0.4929364202292669,5.6011759621451125,36.843533123028394,0.015614239272951093,2.82998018927445,22.52492113564669,0.007835530045022196,1.8630914826498424,0.00402220134195386,1.9444468750000041,16.553125,0.005470102952261012,0.0,1
1803.0,2021-10-14 11:45:00,365.78,365.99,365.72,365.97,483792.0,1,1,0.0,sell,False,0.5978935081921073,2.980000000000018,27.0,0.008209140244070462,0.014806768513258795,0.37647986550638707,0.38388324976301647,0.0010514396574699016,73.98490859306965,88.05651603385672,79.02920879014195,106.11113052128627,483792.0,2.980000000000018,2.0,2.980000000000018,27.0,0.008209140244070462,2.980000000000018,27.0,0.008209140244070462,1.0,1.0,0.014806768513258795,0.38388324976301647,0.37647986550638707,73.98490859306965,88.05651603385672,79.02920879014195,106.11113052128627,27.683900194146783,7.909685769755641,33.726333327572085,0.05194379135000672,0.07382697145356606,0.01999999999998181,0.05999999999994543,0.19000000000005457,1.0,1804.0,1804.0,2021-10-14,2021-10-14 11:45:00,2.7843812334344493,87.0,1.0,best_within_2.0d,1890.0,355.78,0.5832424107187206,4.3760036431226785,32.22527881040892,0.012230020343504162,2.285057100371749,15.890706319702602,0.006381710269403211,0.4929364202292669,5.6011759621451125,36.843533123028394,0.015614239272951093,2.82998018927445,22.52492113564669,0.007835530045022196,1.8630914826498424,0.00402220134195386,1.9444468750000041,16.553125,0.005470102952261012,0.0,1
1805.0,2021-10-14 11:55:00,365.8712,366.12,365.84,366.12,299819.0,1,1,0.0,sell,False,0.5978935081921072,3.1100000000000136,29.0,0.0085672571003554,0.04055650895075269,0.3836212429286643,0.40389949740404063,0.0011058735027967628,74.0123370220146,91.97326638541819,85.32849260811965,105.26281394001526,299819.0,3.1100000000000136,2.0,3.1100000000000136,29.0,0.0085672571003554,3.1100000000000136,29.0,0.0085672571003554,1.0,1.0,0.04055650895075269,0.40389949740404063,0.3836212429286643,74.0123370220146,91.97326638541819,85.32849260811965,105.26281394001526,26.018863676164322,7.755622826548886,36.76845265781923,0.0680020728606179,0.07653619068446031,0.0,0.03120000000001255,0.248800000000017,1.0,1806.0,1806.0,2021-10-14,2021-10-14 11:55:00,2.8242106413197945,85.0,1.0,best_within_2.0d,1890.0,355.78,0.5832424107187206,4.3760036431226785,32.22527881040892,0.012230020343504162,2.285057100371749,15.890706319702602,0.006381710269403211,0.4929364202292669,5.6011759621451125,36.843533123028394,0.015614239272951093,2.82998018927445,22.52492113564669,0.007835530045022196,1.8630914826498424,0.00402220134195386,1.9444468750000041,16.553125,0.005470102952261012,0.0,1
1806.0,2021-10-14 12:00:00,366.11,366.2,366.04,366.1925,319492.0,1,1,0.0,sell,False,0.5978935081921072,3.1899999999999977,30.0,0.008787636704223018,0.055720679764620584,0.39058632789924186,0.41844666778155215,0.001145480204882418,74.96415622795782,94.37103561154066,88.34267360925998,106.42775961610204,319492.0,3.1899999999999977,2.0,3.1899999999999977,30.0,0.008787636704223018,3.1899999999999977,30.0,0.008787636704223018,1.0,1.0,0.055720679764620584,0.41844666778155215,0.39058632789924186,74.96415622795782,94.37103561154066,88.34267360925998,106.42775961610204,25.08296673612537,7.975097116101737,37.83863266530674,0.022534211029467045,0.043711069828425354,0.007499999999993179,0.06999999999999318,0.08249999999998181,1.0,1807.0,1807.0,2021-10-14,2021-10-14 12:00:00,2.84344982488719,84.0,1.0,best_within_2.0d,1890.0,355.78,0.5832424107187206,4.3760036431226785,32.22527881040892,0.012230020343504162,2.285057100371749,15.890706319702602,0.006381710269403211,0.4929364202292669,5.6011759621451125,36.843533123028394,0.015614239272951093,2.82998018927445,22.52492113564669,0.007835530045022196,1.8630914826498424,0.00402220134195386,1.9444468750000041,16.553125,0.005470102952261012,0.0,1
1807.0,2021-10-14 12:05:00,366.2,366.33,366.17,366.29,457408.0,1,1,0.0,sell,False,0.5978935081921072,3.319999999999993,31.0,0.009145753560507957,0.06762696059897877,0.3990396979741142,0.4328531782736036,0.0011846801787843834,76.22526960132997,94.95273300082697,90.5460267397823,103.76614552291628,457408.0,3.319999999999993,2.0,3.319999999999993,31.0,0.009145753560507957,3.319999999999993,31.0,0.009145753560507957,1.0,1.0,0.06762696059897877,0.4328531782736036,0.3990396979741142,76.22526960132997,94.95273300082697,90.5460267397823,103.76614552291628,30.042685081969918,1.3593975150216198,41.660301142212624,0.024576734025131577,0.04369555124668,0.03999999999996362,0.029999999999972715,0.09000000000003183,1.0,1808.0,1808.0,2021-10-14,2021-10-14 12:05:00,2.8693112015070157,83.0,1.0,best_within_2.0d,1890.0,355.78,0.5832424107187206,4.3760036431226785,32.22527881040892,0.012230020343504162,2.285057100371749,15.890706319702602,0.006381710269403211,0.4929364202292669,5.6011759621451125,36.843533123028394,0.015614239272951093,2.82998018927445,22.52492113564669,0.007835530045022196,1.8630914826498424,0.00402220134195386,1.9444468750000041,16.553125,0.005470102952261012,0.0,1
1808.0,2021-10-14 12:10:00,366.29,366.5,366.28,366.49,432560.0,1,1,0.0,sell,False,0.5978935081921073,3.490000000000009,32.0,0.009614060218726782,0.08979559775414714,0.4102641476933826,0.45516194657045617,0.0012454558759467304,78.60591977159376,96.34779901204583,92.47995083053681,104.08349537506388,432560.0,3.490000000000009,2.0,3.490000000000009,32.0,0.009614060218726782,3.490000000000009,32.0,0.009614060218726782,1.0,1.0,0.08979559775414714,0.45516194657045617,0.4102641476933826,78.60591977159376,96.34779901204583,92.47995083053681,104.08349537506388,35.68330021549783,0.0,45.82742248919744,0.054601545223726726,0.060063339521684855,0.009999999999990905,0.010000000000047748,0.19999999999998863,1.0,1809.0,1809.0,2021-10-14,2021-10-14 12:10:00,2.9223171164288346,82.0,1.0,best_within_2.0d,1890.0,355.78,0.5832424107187206,4.3760036431226785,32.22527881040892,0.012230020343504162,2.285057100371749,15.890706319702602,0.006381710269403211,0.4929364202292669,5.6011759621451125,36.843533123028394,0.015614239272951093,2.82998018927445,22.52492113564669,0.007835530045022196,1.8630914826498424,0.00402220134195386,1.9444468750000041,16.553125,0.005470102952261012,0.0,1
1809.0,2021-10-14 12:15:00,366.4904,366.62,366.37,366.405,444397.0,1,1,0.0,sell,False,0.5978935081921073,3.6100000000000136,33.0,0.009944629624528288,0.08065363373773382,0.4203458519105993,0.4606726687794662,0.0012602929389791755,75.16125004080205,91.92215472194039,92.294018794338,91.17842657714516,444397.0,3.6100000000000136,2.0,3.6100000000000136,33.0,0.009944629624528288,3.6100000000000136,33.0,0.009944629624528288,1.0,1.0,0.08065363373773382,0.4606726687794662,0.4203458519105993,75.16125004080205,91.92215472194039,92.294018794338,91.17842657714516,39.32795465718142,0.0,49.69689231139762,-0.023302111051217073,0.06823702814095041,0.12959999999998217,0.03499999999996817,0.08540000000004966,0.0,1810.0,1810.0,2021-10-14,2021-10-14 12:15:00,2.899796673080335,81.0,1.0,best_within_2.0d,1890.0,355.78,0.5832424107187206,4.3760036431226785,32.22527881040892,0.012230020343504162,2.285057100371749,15.890706319702602,0.006381710269403211,0.4929364202292669,5.6011759621451125,36.843533123028394,0.015614239272951093,2.82998018927445,22.52492113564669,0.007835530045022196,1.8630914826498424,0.00402220134195386,1.9444468750000041,16.553125,0.005470102952261012,1.0,1
1815.0,2021-10-14 12:45:00,366.54,366.73,366.475,366.68,362095.0,1,1,0.0,sell,False,0.5978935081921073,3.7200000000000273,39.0,0.01024765157984636,0.0016884672591206407,0.43516960441279606,0.4360138380423564,0.0011916580123048528,78.02433198953247,86.77106397685294,85.37096830660354,89.57125531735176,362095.0,3.7200000000000273,2.0,3.7200000000000273,39.0,0.01024765157984636,3.7200000000000273,39.0,0.01024765157984636,1.0,1.0,0.0016884672591206407,0.4360138380423564,0.43516960441279606,78.02433198953247,86.77106397685294,85.37096830660354,89.57125531735176,49.644128113877315,3.2028469750900332,63.06296597096143,0.038195012822607725,0.06958182686404132,0.05000000000001137,0.06499999999999773,0.13999999999998636,1.0,1816.0,1816.0,2021-10-14,2021-10-14 12:45:00,2.9726191774844644,75.0,1.0,best_within_2.0d,1890.0,355.78,0.5832424107187206,4.3760036431226785,32.22527881040892,0.012230020343504162,2.285057100371749,15.890706319702602,0.006381710269403211,0.4929364202292669,5.6011759621451125,36.843533123028394,0.015614239272951093,2.82998018927445,22.52492113564669,0.007835530045022196,1.8630914826498424,0.00402220134195386,1.9444468750000041,16.553125,0.005470102952261012,1.0,1
1827.0,2021-10-14 13:45:00,366.485,366.585,366.44,366.58,319663.0,2,2,0.0,sell,False,0.7751937984495659,4.163492493946733,28.239017640954685,0.011578080659927173,-0.08902391820522881,0.2449669292532024,0.200454970150588,0.0005474169267360278,65.56578410597595,66.14966880189955,48.244319619666385,101.96036716636587,319663.0,0.5,1.0,0.6450000000000387,9.0,0.0017587871185887128,0.5,5.0,0.001365803023887895,2.0,2.0,-0.08902391820522881,0.200454970150588,0.2449669292532024,65.56578410597595,66.14966880189955,48.244319619666385,101.96036716636587,18.75994845751514,17.05449859774045,40.024503645034265,0.025921934049134465,0.03956991594803565,0.0049999999999954525,0.045000000000015916,0.09499999999997044,1.0,1828.0,1828.0,2021-10-14,2021-10-14 13:45:00,2.9461509083965334,63.0,1.0,best_within_2.0d,1890.0,355.78,0.7751937984495659,0.6450000000000387,9.0,0.0017587871185887128,0.5,5.0,0.001365803023887895,0.4929364202292669,5.6011759621451125,36.843533123028394,0.015614239272951093,2.82998018927445,22.52492113564669,0.007835530045022196,1.8630914826498424,0.00402220134195386,1.9444468750000041,16.553125,0.005470102952261012,0.0,1
1828.0,2021-10-14 13:50:00,366.59,366.6,366.4,366.51,176107.0,2,2,0.0,sell,False,0.79844961240312,4.163492493946733,28.239017640954685,0.011578080659927173,-0.07887123234482979,0.2351080252100987,0.1956724090376838,0.0005343210579061351,62.300971708972774,71.60786981615152,56.03216968516143,102.7592700781317,176107.0,0.5150000000000432,1.0,0.6450000000000387,9.0,0.0017587871185887128,0.5150000000000432,6.0,0.0014067771146046499,2.0,2.0,-0.07887123234482979,0.1956724090376838,0.2351080252100987,62.300971708972774,71.60786981615152,56.03216968516143,102.7592700781317,18.07492879573471,17.892353757394122,37.20186868561735,-0.02182274475571731,0.05458515283844036,0.010000000000047748,0.11000000000001364,0.07999999999998408,0.0,1829.0,1829.0,2021-10-14,2021-10-14 13:50:00,2.927614526206657,62.0,1.0,best_within_2.0d,1890.0,355.78,0.79844961240312,0.6450000000000387,9.0,0.0017587871185887128,0.5150000000000432,6.0,0.0014067771146046499,0.4929364202292669,5.6011759621451125,36.843533123028394,0.015614239272951093,2.82998018927445,22.52492113564669,0.007835530045022196,1.8630914826498424,0.00402220134195386,1.9444468750000041,16.553125,0.005470102952261012,0.0,1
1829.0,2021-10-14 13:55:00,366.51,366.64,366.51,366.52,191078.0,2,2,0.0,sell,False,0.8604651162790288,4.163492493946733,28.239017640954685,0.011578080659927173,-0.07138368190865574,0.2261850649715167,0.19049322401718882,0.0005201454267610222,62.58757650699778,73.86470600356029,61.97634845796104,97.64142109475878,191078.0,0.5550000000000068,1.0,0.6450000000000387,9.0,0.0017587871185887128,0.5550000000000068,7.0,0.0015160413565155821,2.0,2.0,-0.07138368190865574,0.19049322401718882,0.2261850649715167,62.58757650699778,73.86470600356029,61.97634845796104,97.64142109475878,13.965411692682187,18.74808692990491,35.58886971099775,0.0027284385146355912,0.035469700690293704,0.12000000000000455,0.0,0.009999999999990905,1.0,1830.0,1830.0,2021-10-14,2021-10-14 13:55:00,2.9302630142966306,61.0,1.0,best_within_2.0d,1890.0,355.78,0.8604651162790288,0.6450000000000387,9.0,0.0017587871185887128,0.5550000000000068,7.0,0.0015160413565155821,0.4929364202292669,5.6011759621451125,36.843533123028394,0.015614239272951093,2.82998018927445,22.52492113564669,0.007835530045022196,1.8630914826498424,0.00402220134195386,1.9444468750000041,16.553125,0.005470102952261012,1.0,1
1834.0,2021-10-14 14:20:00,366.515,366.7,366.48,366.665,284143.0,2,2,0.0,sell,False,0.9534883720929802,4.163492493946733,28.239017640954685,0.011578080659927173,-0.050282271038183446,0.17265542580348306,0.14751429028439134,0.0004027108985043255,64.38676219462837,69.11680827548159,61.83608769956872,83.67824942730732,284143.0,0.6150000000000091,1.0,0.6450000000000387,9.0,0.0017587871185887128,0.6150000000000091,12.0,0.0016799377193821357,2.0,2.0,-0.050282271038183446,0.14751429028439134,0.17265542580348306,64.38676219462837,69.11680827548159,61.83608769956872,83.67824942730732,28.209628886658482,17.134737545972538,30.739514971070037,0.0409260193989425,0.06003056101287122,0.03499999999996817,0.03499999999996817,0.1500000000000341,1.0,1835.0,1835.0,2021-10-14,2021-10-14 14:20:00,2.9686498574993654,56.0,1.0,best_within_2.0d,1890.0,355.78,0.9534883720929802,0.6450000000000387,9.0,0.0017587871185887128,0.6150000000000091,12.0,0.0016799377193821357,0.4929364202292669,5.6011759621451125,36.843533123028394,0.015614239272951093,2.82998018927445,22.52492113564669,0.007835530045022196,1.8630914826498424,0.00402220134195386,1.9444468750000041,16.553125,0.005470102952261012,0.0,1
1835.0,2021-10-14 14:25:00,366.655,366.72,366.59,366.71,163671.0,2,2,0.0,sell,False,0.9844961240310228,4.163492493946733,28.239017640954685,0.011578080659927173,-0.024614812995308655,0.16957857417906946,0.15727116768141514,0.00042931165110304126,65.57009928374649,78.6865678358249,67.45291441165412,101.15387468416645,163671.0,0.6350000000000477,1.0,0.6450000000000387,9.0,0.0017587871185887128,0.6350000000000477,13.0,0.001734569840337757,2.0,2.0,-0.024614812995308655,0.15727116768141514,0.16957857417906946,65.57009928374649,78.6865678358249,67.45291441165412,101.15387468416645,28.98490282759146,17.099007423472433,30.38611070196622,0.01500047728791557,0.03546196022806195,0.010000000000047748,0.06499999999999773,0.05500000000000682,1.0,1836.0,1836.0,2021-10-14,2021-10-14 14:25:00,2.9805568432821596,55.0,1.0,best_within_2.0d,1890.0,355.78,0.9844961240310228,0.6450000000000387,9.0,0.0017587871185887128,0.6350000000000477,13.0,0.001734569840337757,0.4929364202292669,5.6011759621451125,36.843533123028394,0.015614239272951093,2.82998018927445,22.52492113564669,0.007835530045022196,1.8630914826498424,0.00402220134195386,1.9444468750000041,16.553125,0.005470102952261012,0.0,1
1837.0,2021-10-14 14:35:00,366.5314,366.73,366.5,366.7,272156.0,1p,1p,0.0,sell,False,3.415910584077127e-07,0.6450000000000387,15.0,0.00176188590081549,-0.018152951231803993,0.16318327688921688,0.1541068012733149,0.000420626853032369,62.20734128409499,79.33207105787763,72.46522919081028,93.06575479201234,272156.0,0.6450000000000387,0.0,0.6450000000000387,15.0,0.00176188590081549,0.6450000000000387,0.0,0.0,1.0,1.0,-0.018152951231803993,0.1541068012733149,0.16318327688921688,62.20734128409499,79.33207105787763,72.46522919081028,93.06575479201234,28.568003835705518,16.381652549143823,29.52098271435727,0.045998787552708836,0.06275579809004589,0.03000000000002956,0.03140000000001919,0.16859999999996944,1.0,1838.0,1838.0,2021-10-14,2021-10-14 14:35:00,2.9779110989910054,53.0,1.0,best_within_2.0d,1890.0,355.78,0.5832424107187206,4.3760036431226785,32.22527881040892,0.012230020343504162,2.285057100371749,15.890706319702602,0.006381710269403211,0.4929364202292669,5.6011759621451125,36.843533123028394,0.015614239272951093,2.82998018927445,22.52492113564669,0.007835530045022196,1.8630914826498424,0.00402220134195386,1.9444468750000041,16.553125,0.005470102952261012,1.0,1
1839.0,2021-10-14 14:45:00,360.05,360.41,359.98,360.37,127169.0,1p,1p,0.0,sell,False,1.4021868134475466,4.510000000000048,6.0,0.012672098904186704,0.14731348565535635,0.14123969983079301,0.2148964426584712,0.0005979041755742175,76.5434152647915,90.26809302075964,76.71456993302881,117.37513919622128,127169.0,4.510000000000048,0.0,4.510000000000048,6.0,0.012672098904186704,4.510000000000048,0.0,0.0,1.0,1.0,0.14731348565535635,0.2148964426584712,0.14123969983079301,76.5434152647915,90.26809302075964,76.71456993302881,117.37513919622128,16.02288984263306,53.64806866952739,46.754725328614846,0.08887654492431417,0.11945108061559165,0.040000000000020464,0.06999999999999318,0.3199999999999932,1.0,1840.0,1840.0,2021-10-14,2021-10-14 14:45:00,1.2736909287676643,51.0,1.0,best_within_2.0d,1890.0,355.78,0.5832424107187206,4.3760036431226785,32.22527881040892,0.012230020343504162,2.285057100371749,15.890706319702602,0.006381710269403211,0.4929364202292669,5.6011759621451125,36.843533123028394,0.015614239272951093,2.82998018927445,22.52492113564669,0.007835530045022196,1.8630914826498424,0.00402220134195386,1.9444468750000041,16.553125,0.005470102952261012,0.0,1
1849.0,2021-10-14 15:35:00,366.4011,366.41,366.05,366.2,622746.0,1p,1p,1.0,buy,False,0.5266063161668997,0.6800000000000068,13.0,0.0018542251792872326,-0.09995257148211847,0.05714603773126377,0.0071697519902045315,1.9568295287060096e-05,43.233451373442655,36.354119577043555,40.317586789780954,28.427185151568764,622746.0,0.6800000000000068,0.0,0.6800000000000068,13.0,0.0018542251792872326,0.6800000000000068,0.0,0.0,1.0,1.0,-0.09995257148211847,0.0071697519902045315,0.05714603773126377,43.233451373442655,36.354119577043555,40.317586789780954,28.427185151568764,11.316300129369756,26.115782664940706,19.324607422725297,-0.0548852064035825,0.09834722032509592,0.008900000000039654,0.14999999999997726,0.20109999999999673,0.0,1850.0,1850.0,2021-10-14,2021-10-14 15:35:00,0.8438012015292278,238.0,1.0,best_within_2.0d,2087.0,369.29,0.5832424107187206,4.3760036431226785,32.22527881040892,0.012230020343504162,2.285057100371749,15.890706319702602,0.006381710269403211,0.4929364202292669,5.6011759621451125,36.843533123028394,0.015614239272951093,2.82998018927445,22.52492113564669,0.007835530045022196,1.8630914826498424,0.00402220134195386,1.9444468750000041,16.553125,0.005470102952261012,0.0,0
1850.0,2021-10-14 15:40:00,366.21,366.38,365.97,366.37,706398.0,1p,1p,1.0,buy,False,0.5266063161668997,0.7599999999999909,14.0,0.0020723693180268615,-0.08509024905048215,0.0465097565999535,0.003964632074712426,1.0820667793621078e-05,49.350451033624516,44.43809992004906,41.69109116653699,49.932117427073194,706398.0,0.7599999999999909,0.0,0.7599999999999909,14.0,0.0020723693180268615,0.7599999999999909,0.0,0.0,1.0,1.0,-0.08509024905048215,0.003964632074712426,0.0465097565999535,49.350451033624516,44.43809992004906,41.69109116653699,49.932117427073194,10.726548129985002,23.528510116492868,20.613740593212356,0.043690778515066496,0.11203104079568493,0.009999999999990905,0.23999999999995225,0.160000000000025,1.0,1851.0,1851.0,2021-10-14,2021-10-14 15:40:00,0.797008488686305,237.0,1.0,best_within_2.0d,2087.0,369.29,0.5832424107187206,4.3760036431226785,32.22527881040892,0.012230020343504162,2.285057100371749,15.890706319702602,0.006381710269403211,0.4929364202292669,5.6011759621451125,36.843533123028394,0.015614239272951093,2.82998018927445,22.52492113564669,0.007835530045022196,1.8630914826498424,0.00402220134195386,1.9444468750000041,16.553125,0.005470102952261012,1.0,0
1890.0,2021-10-14 19:10:00,355.71,355.85,355.59,355.78,78172.0,1p,1p,1.0,buy,False,1.2235312939836596,3.2800000000000296,28.0,0.009139799927550448,-0.2549928868517546,-0.38304856807386656,-0.5105450114997439,-0.001430711725462732,32.3220117710278,8.839921953878317,12.983720157919858,0.5523255457952345,78172.0,3.2800000000000296,0.0,3.2800000000000296,28.0,0.009139799927550448,3.2800000000000296,0.0,0.0,1.0,1.0,-0.2549928868517546,-0.5105450114997439,-0.38304856807386656,32.3220117710278,8.839921953878317,12.983720157919858,0.5523255457952345,19.98556833279867,25.38140834745986,30.646840222676843,0.019678951955242524,0.07311791670183294,0.07000000000005002,0.12000000000000455,0.06999999999999318,1.0,1891.0,1891.0,2021-10-14,2021-10-14 19:10:00,3.7972904603968884,197.0,1.0,best_within_2.0d,2087.0,369.29,0.5832424107187206,4.3760036431226785,32.22527881040892,0.012230020343504162,2.285057100371749,15.890706319702602,0.006381710269403211,0.4929364202292669,5.6011759621451125,36.843533123028394,0.015614239272951093,2.82998018927445,22.52492113564669,0.007835530045022196,1.8630914826498424,0.00402220134195386,1.9444468750000041,16.553125,0.005470102952261012,0.0,0
1897.0,2021-10-14 19:45:00,367.37,367.4,367.36,367.4,4947.0,2,2,1.0,buy,False,0.12025316455696179,4.163492493946733,28.239017640954685,0.011578080659927173,-0.0011225098069720385,0.08732054467614414,0.08675928977265812,0.00023622514191806187,57.22928016429354,58.751909342516875,67.58039318935107,41.094941648848476,4947.0,0.18999999999999773,1.0,1.579999999999984,44.0,0.004317293767248638,0.18999999999999773,5.0,0.0005169364712283981,2.0,2.0,-0.0011225098069720385,0.08675928977265812,0.08732054467614414,57.22928016429354,58.751909342516875,67.58039318935107,41.094941648848476,36.08428446006107,15.803336259879122,22.9399665894888,0.00816615401365727,0.010888501742150376,0.0,0.009999999999990905,0.029999999999972715,1.0,1898.0,1898.0,2021-10-14,2021-10-14 19:45:00,0.5144256940664245,190.0,1.0,best_within_2.0d,2087.0,369.29,0.12025316455696179,1.579999999999984,44.0,0.004317293767248638,0.18999999999999773,5.0,0.0005169364712283981,0.4929364202292669,5.6011759621451125,36.843533123028394,0.015614239272951093,2.82998018927445,22.52492113564669,0.007835530045022196,1.8630914826498424,0.00402220134195386,1.9444468750000041,16.553125,0.005470102952261012,0.0,0
1898.0,2021-10-14 19:50:00,367.4,367.41,367.33,367.38,7811.0,2,2,1.0,buy,False,0.1392405063291326,4.163492493946733,28.239017640954685,0.011578080659927173,-0.00869075623008636,0.08623420014738334,0.08188882203234016,0.00022295922512109646,56.01183470099198,53.6123840061213,62.924390128274474,34.988371761814946,7811.0,0.22000000000002728,1.0,1.579999999999984,44.0,0.004317293767248638,0.22000000000002728,6.0,0.000598558019317174,2.0,2.0,-0.00869075623008636,0.08188882203234016,0.08623420014738334,56.01183470099198,53.6123840061213,62.924390128274474,34.988371761814946,33.995037220849994,17.36972704715018,23.61333681584336,-0.005443658138263966,0.021778782021626582,0.010000000000047748,0.05000000000001137,0.01999999999998181,0.0,1899.0,1899.0,2021-10-14,2021-10-14 19:50:00,0.5198976536556222,189.0,1.0,best_within_2.0d,2087.0,369.29,0.1392405063291326,1.579999999999984,44.0,0.004317293767248638,0.22000000000002728,6.0,0.000598558019317174,0.4929364202292669,5.6011759621451125,36.843533123028394,0.015614239272951093,2.82998018927445,22.52492113564669,0.007835530045022196,1.8630914826498424,0.00402220134195386,1.9444468750000041,16.553125,0.005470102952261012,1.0,0
1903.0,2021-10-15 04:15:00,367.68,367.71,367.6,367.63,2120.0,1p,1p,0.0,sell,False,0.12124769653771535,0.37999999999999545,6.0,0.001034492146026721,0.021645277314299993,0.09147009996098227,0.10229273861813226,0.00027845112729166596,64.94179712116596,77.99597356194347,71.83376522265677,90.3203902405169,2120.0,0.37999999999999545,0.0,0.37999999999999545,6.0,0.001034492146026721,0.37999999999999545,0.0,0.0,1.0,1.0,0.021645277314299993,0.10229273861813226,0.09147009996098227,64.94179712116596,77.99597356194347,71.83376522265677,90.3203902405169,31.395348837209998,26.74418604651332,20.596780873404263,-0.013598781549176287,0.02992383025026028,0.029999999999972715,0.029999999999972715,0.05000000000001137,0.0,1904.0,1904.0,2021-10-15,2021-10-15 04:15:00,2.7554878546364536,19.0,1.0,best_within_2.0d,1922.0,357.5,0.5832424107187206,4.3760036431226785,32.22527881040892,0.012230020343504162,2.285057100371749,15.890706319702602,0.006381710269403211,0.4929364202292669,5.6011759621451125,36.843533123028394,0.015614239272951093,2.82998018927445,22.52492113564669,0.007835530045022196,1.8630914826498424,0.00402220134195386,1.9444468750000041,16.553125,0.005470102952261012,0.0,1
1906.0,2021-10-15 04:30:00,367.74,367.81,367.64,367.64,772.0,1p,1p,0.0,sell,False,0.12124769653771535,0.4800000000000182,9.0,0.001306726921296976,0.0041362079832002185,0.09120167944914621,0.09326978344074632,0.00025386769913330617,61.726548318491176,68.41643150238892,69.07471187487502,67.09987075741671,772.0,0.4800000000000182,0.0,0.4800000000000182,9.0,0.001306726921296976,0.4800000000000182,0.0,0.0,1.0,1.0,0.0041362079832002185,0.09326978344074632,0.09120167944914621,61.726548318491176,68.41643150238892,69.07471187487502,67.09987075741671,33.830845771143814,33.83084577114664,18.066699535581066,-0.0271931255778601,0.04624088782505057,0.06999999999999318,0.0,0.10000000000002274,0.0,1907.0,1907.0,2021-10-15,2021-10-15 04:30:00,2.7581329561527546,16.0,1.0,best_within_2.0d,1922.0,357.5,0.5832424107187206,4.3760036431226785,32.22527881040892,0.012230020343504162,2.285057100371749,15.890706319702602,0.006381710269403211,0.4929364202292669,5.6011759621451125,36.843533123028394,0.015614239272951093,2.82998018927445,22.52492113564669,0.007835530045022196,1.8630914826498424,0.00402220134195386,1.9444468750000041,16.553125,0.005470102952261012,1.0,1
1919.0,2021-10-15 05:35:00,367.38,367.42,367.26,367.26,2604.0,2s,2s,1.0,buy,False,0.18354430379748315,4.163492493946733,28.239017640954685,0.011578080659927173,-0.06803114766526511,0.039605535884063583,0.00558996205143103,1.5213436976249357e-05,41.48963654958234,14.152795872358933,20.542477719173924,1.3734321787289474,2604.0,0.5500000000000114,1.0,1.579999999999984,44.0,0.004317293767248638,0.5500000000000114,14.0,0.0014953372665235077,1.0,2.5,-0.06803114766526511,0.00558996205143103,0.039605535884063583,41.48963654958234,14.152795872358933,20.542477719173924,1.3734321787289474,29.487179487179205,26.923076923071598,10.531806698033835,-0.03266372693124409,0.04356586614388309,0.040000000000020464,0.0,0.12000000000000455,0.0,1920.0,1920.0,2021-10-15,2021-10-15 05:35:00,0.5527419267004383,168.0,1.0,best_within_2.0d,2087.0,369.29,0.5832424107187206,4.3760036431226785,32.22527881040892,0.012230020343504162,2.285057100371749,15.890706319702602,0.006381710269403211,0.18354430379748315,1.579999999999984,44.0,0.004317293767248638,0.5500000000000114,14.0,0.0014953372665235077,1.0,0.00402220134195386,1.9444468750000041,16.553125,0.005470102952261012,0.0,0
1920.0,2021-10-15 05:40:00,367.3,367.3,367.2,367.2,3213.0,2s,2s,1.0,buy,False,0.22151898734178876,4.163492493946733,28.239017640954685,0.011578080659927173,-0.08590290078930052,0.02886767328540102,-0.01408377710924924,-3.8331716954154204e-05,39.17534182465009,9.435197248239287,16.840050895529046,-5.37451004634023,3213.0,0.6100000000000136,1.0,1.579999999999984,44.0,0.004317293767248638,0.6100000000000136,15.0,0.001658464968326075,1.0,2.5,-0.08590290078930052,-0.01408377710924924,0.02886767328540102,39.17534182465009,9.435197248239287,16.840050895529046,-5.37451004634023,9.302325581395964,37.209302325575045,14.065249076745163,-0.027225701061808532,0.02723311546841578,0.0,0.0,0.10000000000002274,0.0,1921.0,1921.0,2021-10-15,2021-10-15 05:40:00,0.569172113289769,167.0,1.0,best_within_2.0d,2087.0,369.29,0.5832424107187206,4.3760036431226785,32.22527881040892,0.012230020343504162,2.285057100371749,15.890706319702602,0.006381710269403211,0.22151898734178876,1.579999999999984,44.0,0.004317293767248638,0.6100000000000136,15.0,0.001658464968326075,1.0,0.00402220134195386,1.9444468750000041,16.553125,0.005470102952261012,0.0,0
1921.0,2021-10-15 05:45:00,367.2,367.26,367.15,367.26,1398.0,2s,2s,1.0,buy,False,0.2531645569620494,4.163492493946733,28.239017640954685,0.011578080659927173,-0.08546963988248465,0.018183968300090437,-0.024550851641151894,-6.682201355610462e-05,42.622081682283124,15.691840900535716,16.457314230531267,14.160894240544614,1398.0,0.660000000000025,1.0,1.579999999999984,44.0,0.004317293767248638,0.660000000000025,16.0,0.00179440471982824,1.0,2.5,-0.08546963988248465,-0.024550851641151894,0.018183968300090437,42.622081682283124,15.691840900535716,16.457314230531267,14.160894240544614,9.022556390977893,39.84962406014453,17.566082933900304,0.01633986928104637,0.02996050660493358,0.0,0.05000000000001137,0.060000000000002274,1.0,1922.0,1922.0,2021-10-15,2021-10-15 05:45:00,0.5527419267004383,166.0,1.0,best_within_2.0d,2087.0,369.29,0.5832424107187206,4.3760036431226785,32.22527881040892,0.012230020343504162,2.285057100371749,15.890706319702602,0.006381710269403211,0.2531645569620494,1.579999999999984,44.0,0.004317293767248638,0.660000000000025,16.0,0.00179440471982824,1.0,0.00402220134195386,1.9444468750000041,16.553125,0.005470102952261012,1.0,0
1922.0,2021-10-15 05:50:00,359.11,359.45,359.11,359.4,8348.0,1p,1p,0.0,sell,False,1.4133456022495767,3.8600000000000136,70.0,0.010855198402654783,-0.11732130102565375,0.46074895976011687,0.40208830924729,0.0011216416911499331,73.54149337311796,53.46711307924557,50.60008862430532,59.20116198912608,8348.0,3.8600000000000136,0.0,3.8600000000000136,70.0,0.010855198402654783,3.8600000000000136,0.0,0.0,1.0,1.0,-0.11732130102565375,0.40208830924729,0.46074895976011687,73.54149337311796,53.46711307924557,50.60008862430532,59.20116198912608,42.85714285714066,9.652509652509533,43.14676125831407,0.08075520035642661,0.09467851076271198,0.05000000000001137,0.0,0.2899999999999636,1.0,1923.0,1923.0,2021-10-15,2021-10-15 05:50:00,3.178849579156916,165.0,1.0,best_within_2.0d,2087.0,369.29,0.5832424107187206,4.3760036431226785,32.22527881040892,0.012230020343504162,2.285057100371749,15.890706319702602,0.006381710269403211,0.4929364202292669,5.6011759621451125,36.843533123028394,0.015614239272951093,2.82998018927445,22.52492113564669,0.007835530045022196,1.8630914826498424,0.00402220134195386,1.9444468750000041,16.553125,0.005470102952261012,0.0,1
1922.0,2021-10-15 05:50:00,358.56,359.06,356.3,358.89,61089.0,2,2,0.0,sell,False,0.7045454545454634,4.163492493946733,28.239017640954685,0.011578080659927173,-0.005081755693141871,0.06524270792027727,0.06270183007370633,0.0001748309735987482,57.801573258399785,75.6437157753619,67.31525777926223,92.30063176756124,61089.0,0.9300000000000068,1.0,1.3199999999999932,12.0,0.00367227708999859,0.9300000000000068,11.0,0.0025968223829335906,2.0,2.0,-0.005081755693141871,0.06270183007370633,0.06524270792027727,57.801573258399785,75.6437157753619,67.31525777926223,92.30063176756124,17.40418441029468,55.91557119052206,21.140174952719025,0.09203480589022314,0.7746281223687878,0.17000000000001592,2.259999999999991,0.3299999999999841,1.0,1923.0,1923.0,2021-10-15,2021-10-15 05:50:00,3.178849579156916,165.0,1.0,best_within_2.0d,2087.0,369.29,0.7045454545454634,1.3199999999999932,12.0,0.00367227708999859,0.9300000000000068,11.0,0.0025968223829335906,0.4929364202292669,5.6011759621451125,36.843533123028394,0.015614239272951093,2.82998018927445,22.52492113564669,0.007835530045022196,1.8630914826498424,0.00402220134195386,1.9444468750000041,16.553125,0.005470102952261012,0.0,1
1922.0,2021-10-15 05:50:00,357.24,357.55,357.15,357.5,41737.0,1p,1p,1.0,buy,False,1.2832791429188792,1.910000000000025,10.0,0.005319445218069473,-0.34504332892637907,-0.05690022419186432,-0.22942188865505386,-0.0006401367620983897,33.915284118902576,41.4832781980754,60.02386630238664,4.4021019894529445,41737.0,1.910000000000025,0.0,1.910000000000025,10.0,0.005319445218069473,1.910000000000025,0.0,0.0,1.0,1.0,-0.34504332892637907,-0.22942188865505386,-0.05690022419186432,33.915284118902576,41.4832781980754,60.02386630238664,4.4021019894529445,4.027218441883376,56.936536592141366,42.08718360929733,0.07278020378456805,0.11199776004480866,0.05000000000001137,0.09000000000003183,0.2599999999999909,1.0,1923.0,1923.0,2021-10-15,2021-10-15 05:50:00,3.178849579156916,165.0,1.0,best_within_2.0d,2087.0,369.29,0.5832424107187206,4.3760036431226785,32.22527881040892,0.012230020343504162,2.285057100371749,15.890706319702602,0.006381710269403211,0.4929364202292669,5.6011759621451125,36.843533123028394,0.015614239272951093,2.82998018927445,22.52492113564669,0.007835530045022196,1.8630914826498424,0.00402220134195386,1.9444468750000041,16.553125,0.005470102952261012,0.0,0
1922.0,2021-10-15 05:50:00,357.84,357.9125,357.43,357.9125,527534.0,2,2,1.0,buy,False,0.9108251855154532,4.163492493946733,28.239017640954685,0.011578080659927173,-0.14894054667854786,-0.05087518788809463,-0.12534546122736856,-0.0003496341230153774,41.7555919381122,32.35770593410275,42.29530395153898,12.482509899230294,527534.0,2.859899999999982,1.0,3.1399000000000115,11.0,0.00879154416911665,2.859899999999982,25.0,0.007937774553213903,2.0,2.0,-0.14894054667854786,-0.12534546122736856,-0.05087518788809463,41.7555919381122,32.35770593410275,42.29530395153898,12.482509899230294,14.509333407740458,29.869695024972277,28.79089414688162,0.020260451598493115,0.13499146686064847,0.0,0.40999999999996817,0.07250000000004775,1.0,1923.0,1923.0,2021-10-15,2021-10-15 05:50:00,3.178849579156916,165.0,1.0,best_within_2.0d,2087.0,369.29,0.9108251855154532,3.1399000000000115,11.0,0.00879154416911665,2.859899999999982,25.0,0.007937774553213903,0.4929364202292669,5.6011759621451125,36.843533123028394,0.015614239272951093,2.82998018927445,22.52492113564669,0.007835530045022196,1.8630914826498424,0.00402220134195386,1.9444468750000041,16.553125,0.005470102952261012,0.0,0
1925.0,2021-10-15 06:05:00,367.91,367.91,367.7,367.75,3499.0,1,1,0.0,sell,False,0.3273566203924395,0.7600000000000477,5.0,0.0020699986381589206,0.05844004514954791,0.017991763314031524,0.04721178588880548,0.00012847816717339997,61.33289830760282,69.99281027834803,51.09829123928052,107.78184835648305,3499.0,0.7600000000000477,1.0,0.7600000000000477,5.0,0.0020699986381589206,0.7600000000000477,5.0,0.0020699986381589206,1.0,1.0,0.05844004514954791,0.04721178588880548,0.017991763314031524,61.33289830760282,69.99281027834803,51.09829123928052,107.78184835648305,38.09523809523867,21.69312169311951,18.287890634901167,-0.043488896741057596,0.05711177590427968,0.0,0.05000000000001137,0.160000000000025,0.0,1926.0,1926.0,2021-10-15,2021-10-15 06:05:00,0.43197824609109053,27.0,1.0,best_within_2.0d,1952.0,366.1614,0.5832424107187206,4.3760036431226785,32.22527881040892,0.012230020343504162,2.285057100371749,15.890706319702602,0.006381710269403211,0.4929364202292669,5.6011759621451125,36.843533123028394,0.015614239272951093,2.82998018927445,22.52492113564669,0.007835530045022196,1.8630914826498424,0.00402220134195386,1.9444468750000041,16.553125,0.005470102952261012,0.0,1
1929.0,2021-10-15 06:30:00,367.91,367.91,367.6,367.63,4912.0,1,1,0.0,sell,False,0.39031934591015643,0.7600000000000477,9.0,0.0020699986381589206,0.05192600266224062,0.04596015262879469,0.071923153959915,0.00019569594810776628,53.301714696779946,70.32346609786556,66.17130147469994,78.62779534419681,4912.0,0.7600000000000477,1.0,0.7600000000000477,9.0,0.0020699986381589206,0.7600000000000477,9.0,0.0020699986381589206,1.0,1.0,0.05192600266224062,0.071923153959915,0.04596015262879469,53.301714696779946,70.32346609786556,66.17130147469994,78.62779534419681,41.03585657370557,20.318725099600847,21.04850653627268,-0.07610556929684693,0.08433079434167635,0.0,0.029999999999972715,0.28000000000002956,0.0,1930.0,1930.0,2021-10-15,2021-10-15 06:30:00,0.39947773576693435,23.0,1.0,best_within_2.0d,1952.0,366.1614,0.5832424107187206,4.3760036431226785,32.22527881040892,0.012230020343504162,2.285057100371749,15.890706319702602,0.006381710269403211,0.4929364202292669,5.6011759621451125,36.843533123028394,0.015614239272951093,2.82998018927445,22.52492113564669,0.007835530045022196,1.8630914826498424,0.00402220134195386,1.9444468750000041,16.553125,0.005470102952261012,1.0,1
1935.0,2021-10-15 07:00:00,367.56,367.71,367.5,367.67,11355.0,2s,2s,1.0,buy,False,0.03164556962026068,4.163492493946733,28.239017640954685,0.011578080659927173,-0.005652401166655885,0.054834266175574964,0.05200806559224702,0.00014149497885647882,54.252413874516535,36.640205033858116,43.45782164834741,23.00497180487953,11355.0,0.410000000000025,1.0,1.579999999999984,44.0,0.004317293767248638,0.410000000000025,7.0,0.0011144029789894947,2.0,2.5,-0.005652401166655885,0.05200806559224702,0.054834266175574964,54.252413874516535,36.640205033858116,43.45782164834741,23.00497180487953,44.44444444444517,13.793103448276312,27.196291870646853,0.029927086734142353,0.057142857142851576,0.03999999999996362,0.060000000000002274,0.11000000000001364,1.0,1936.0,1936.0,2021-10-15,2021-10-15 07:00:00,0.4406125057796406,152.0,1.0,best_within_2.0d,2087.0,369.29,0.5832424107187206,4.3760036431226785,32.22527881040892,0.012230020343504162,2.285057100371749,15.890706319702602,0.006381710269403211,0.03164556962026068,1.579999999999984,44.0,0.004317293767248638,0.410000000000025,7.0,0.0011144029789894947,2.0,0.00402220134195386,1.9444468750000041,16.553125,0.005470102952261012,1.0,0
1941.0,2021-10-15 07:30:00,367.95,368.06,367.94,368.02,13853.0,1,1,0.0,sell,False,0.34454570640413384,0.5600000000000023,7.0,0.00152380952380953,0.061508658704387986,0.07124341988077046,0.10199774923296445,0.00027742334589813116,65.62623579412309,80.40529619622079,66.6743992780945,107.86709003247339,13853.0,0.5600000000000023,1.0,0.5600000000000023,7.0,0.00152380952380953,0.5600000000000023,7.0,0.00152380952380953,1.0,1.0,0.061508658704387986,0.10199774923296445,0.07124341988077046,65.62623579412309,80.40529619622079,66.6743992780945,107.86709003247339,38.39285714285662,6.696428571429896,33.1342411194869,0.01902432395705753,0.032614013154319874,0.040000000000020464,0.009999999999990905,0.06999999999999318,1.0,1942.0,1942.0,2021-10-15,2021-10-15 07:30:00,0.5050269007119089,11.0,1.0,best_within_2.0d,1952.0,366.1614,0.5832424107187206,4.3760036431226785,32.22527881040892,0.012230020343504162,2.285057100371749,15.890706319702602,0.006381710269403211,0.4929364202292669,5.6011759621451125,36.843533123028394,0.015614239272951093,2.82998018927445,22.52492113564669,0.007835530045022196,1.8630914826498424,0.00402220134195386,1.9444468750000041,16.553125,0.005470102952261012,0.0,1
1942.0,2021-10-15 07:35:00,368.0,368.07,368.0,368.0,14993.0,1,1,0.0,sell,False,0.377356715984795,0.5699999999999932,8.0,0.0015510204081632467,0.06736611434098819,0.07966418417339398,0.11334724134388807,0.0003082717386738349,64.52000032753895,82.84329687935221,72.06403181184706,104.40182701436251,14993.0,0.5699999999999932,1.0,0.5699999999999932,8.0,0.0015510204081632467,0.5699999999999932,8.0,0.0015510204081632467,1.0,1.0,0.06736611434098819,0.11334724134388807,0.07966418417339398,64.52000032753895,82.84329687935221,72.06403181184706,104.40182701436251,30.256410256411183,7.692307692309262,35.01461385805597,0.0,0.019021739130432928,0.06999999999999318,0.0,0.0,0.0,1943.0,1943.0,2021-10-15,2021-10-15 07:35:00,0.4996195652173873,10.0,1.0,best_within_2.0d,1952.0,366.1614,0.5832424107187206,4.3760036431226785,32.22527881040892,0.012230020343504162,2.285057100371749,15.890706319702602,0.006381710269403211,0.4929364202292669,5.6011759621451125,36.843533123028394,0.015614239272951093,2.82998018927445,22.52492113564669,0.007835530045022196,1.8630914826498424,0.00402220134195386,1.9444468750000041,16.553125,0.005470102952261012,1.0,1
1952.0,2021-10-15 08:25:00,366.22,366.26,366.085,366.1614,201949.0,3a,3a,1.0,buy,False,0.0003305694058015056,4.163492493946733,28.239017640954685,0.011578080659927173,-0.19642693817221824,0.31056128263846466,0.21234781355235555,0.0005800607056315978,53.87892885898278,19.874267428900694,31.745625400871603,-3.8684485150411234,201949.0,0.6450000000000387,2.0,0.6450000000000387,9.0,0.0017587871185887128,0.6450000000000387,9.0,0.0017587871185887128,3.0,3.0,-0.19642693817221824,0.21234781355235555,0.31056128263846466,53.87892885898278,19.874267428900694,31.745625400871603,-3.8684485150411234,14.312977099235995,20.610687022900613,50.84141155088922,-0.016001310687568302,0.047803105836079426,0.03999999999996362,0.0764000000000351,0.05860000000001264,0.0,1953.0,1953.0,2021-10-15,2021-10-15 08:25:00,0.8544319526853474,135.0,1.0,best_within_2.0d,2087.0,369.29,0.5832424107187206,4.3760036431226785,32.22527881040892,0.012230020343504162,2.285057100371749,15.890706319702602,0.006381710269403211,0.4929364202292669,5.6011759621451125,36.843533123028394,0.015614239272951093,2.82998018927445,22.52492113564669,0.007835530045022196,1.8630914826498424,0.0003305694058015056,0.6450000000000387,9.0,0.0017587871185887128,0.0,0
1955.0,2021-10-15 08:40:00,368.03,368.27,368.01,368.27,30998.0,1,1,0.0,sell,False,0.38430288265665147,0.7699999999999818,21.0,0.002095238095238046,0.01930765370237192,0.07662126509372671,0.08627509194491267,0.00023454996845562965,67.4328352659459,70.80834037572183,65.31137068671524,81.80227975373501,30998.0,0.7699999999999818,3.0,0.7699999999999818,21.0,0.002095238095238046,0.7699999999999818,21.0,0.002095238095238046,1.0,1.0,0.01930765370237192,0.08627509194491267,0.07662126509372671,67.4328352659459,70.80834037572183,65.31137068671524,81.80227975373501,14.435695538056972,37.5328083989514,44.967669512309094,0.06521207510257564,0.07065025406918043,0.0,0.01999999999998181,0.2400000000000091,1.0,1956.0,1956.0,2021-10-15,2021-10-15 08:40:00,0.3122708882070159,16.0,1.0,best_within_2.0d,1971.0,367.12,0.5832424107187206,4.3760036431226785,32.22527881040892,0.012230020343504162,2.285057100371749,15.890706319702602,0.006381710269403211,0.4929364202292669,5.6011759621451125,36.843533123028394,0.015614239272951093,2.82998018927445,22.52492113564669,0.007835530045022196,1.8630914826498424,0.00402220134195386,1.9444468750000041,16.553125,0.005470102952261012,1.0,1
1962.0,2021-10-15 09:15:00,367.46,367.52,367.3,367.38,25420.0,2s,2s,1.0,buy,False,0.15822784810126742,4.163492493946733,28.239017640954685,0.011578080659927173,-0.13500738762183223,0.026722714134048663,-0.040780979676867446,-0.00011088883552000961,36.346630779542444,17.177911396085264,30.898160367729673,-10.262586547203554,25420.0,0.9699999999999704,1.0,1.579999999999984,44.0,0.004317293767248638,0.9699999999999704,8.0,0.0026339370570504536,3.0,2.5,-0.13500738762183223,-0.040780979676867446,0.026722714134048663,36.346630779542444,17.177911396085264,30.898160367729673,-10.262586547203554,17.99999999999947,31.66666666666749,43.19776000646244,-0.02177107712403638,0.059896542335957106,0.060000000000002274,0.07999999999998408,0.07999999999998408,0.0,1963.0,1963.0,2021-10-15,2021-10-15 09:15:00,0.5198976536556222,125.0,1.0,best_within_2.0d,2087.0,369.29,0.5832424107187206,4.3760036431226785,32.22527881040892,0.012230020343504162,2.285057100371749,15.890706319702602,0.006381710269403211,0.15822784810126742,1.579999999999984,44.0,0.004317293767248638,0.9699999999999704,8.0,0.0026339370570504536,3.0,0.00402220134195386,1.9444468750000041,16.553125,0.005470102952261012,0.0,0
1966.0,2021-10-15 09:35:00,367.01,367.75,367.01,367.6,742480.0,2s,2s,1.0,buy,False,0.3417721518987506,4.163492493946733,28.239017640954685,0.011578080659927173,-0.1048430169146293,-0.024572615534736646,-0.0769941239920513,-0.00020939143737377098,48.13477858626294,37.66474948053205,33.32098609157443,46.35227625844729,742480.0,1.259999999999991,1.0,1.579999999999984,44.0,0.004317293767248638,1.259999999999991,12.0,0.003421402775137782,3.0,2.5,-0.1048430169146293,-0.0769941239920513,-0.024572615534736646,48.13477858626294,37.66474948053205,33.32098609157443,46.35227625844729,19.725649475056034,30.46210437581292,36.6781255951419,0.16075856243699949,0.20162938339555028,0.14999999999997726,0.0,0.5900000000000318,1.0,1967.0,1967.0,2021-10-15,2021-10-15 09:35:00,0.45973884657236064,121.0,1.0,best_within_2.0d,2087.0,369.29,0.5832424107187206,4.3760036431226785,32.22527881040892,0.012230020343504162,2.285057100371749,15.890706319702602,0.006381710269403211,0.3417721518987506,1.579999999999984,44.0,0.004317293767248638,1.259999999999991,12.0,0.003421402775137782,3.0,0.00402220134195386,1.9444468750000041,16.553125,0.005470102952261012,1.0,0
1971.0,2021-10-15 10:00:00,367.6,367.67,366.94,367.12,430014.0,2s,2s,1.0,buy,False,0.38607594936710116,4.163492493946733,28.239017640954685,0.011578080659927173,-0.07735661634399621,-0.08078822074764694,-0.11946652891964504,-0.0003249959678459052,42.11517626301299,35.06037853241443,37.136316298594615,30.90850300005407,430014.0,1.329999999999984,1.0,1.579999999999984,44.0,0.004317293767248638,1.329999999999984,17.0,0.003611480707089864,3.0,2.5,-0.07735661634399621,-0.11946652891964504,-0.08078822074764694,42.11517626301299,35.06037853241443,37.136316298594615,30.90850300005407,10.480880296675062,24.317587695298933,35.86480774534697,-0.1305767138193738,0.19894260642067318,0.06999999999999318,0.18000000000000682,0.4800000000000182,0.0,1972.0,1972.0,2021-10-15,2021-10-15 10:00:00,0.5910873828720897,116.0,1.0,best_within_2.0d,2087.0,369.29,0.5832424107187206,4.3760036431226785,32.22527881040892,0.012230020343504162,2.285057100371749,15.890706319702602,0.006381710269403211,0.38607594936710116,1.579999999999984,44.0,0.004317293767248638,1.329999999999984,17.0,0.003611480707089864,3.0,0.00402220134195386,1.9444468750000041,16.553125,0.005470102952261012,0.0,0
1981.0,2021-10-15 10:50:00,367.78,368.055,367.7604,367.87,219857.0,2,2,0.0,sell,False,0.838345864661671,4.163492493946733,28.239017640954685,0.011578080659927173,0.1394036397075513,-0.06772010004914307,0.0019817198046325757,5.391548387835766e-06,54.95607322256921,77.66962726110935,65.83585088251459,101.33718001829888,219857.0,1.115000000000009,1.0,1.329999999999984,23.0,0.003611480707089864,1.115000000000009,5.0,0.0030386439199869436,2.0,2.0,0.1394036397075513,0.0019817198046325757,-0.06772010004914307,54.95607322256921,77.66962726110935,65.83585088251459,101.33718001829888,15.342703608902914,13.591390123788802,29.01396845172271,0.02447115123172327,0.0801065041260567,0.18500000000000227,0.01959999999996853,0.09000000000003183,1.0,1982.0,1982.0,2021-10-15,2021-10-15 10:50:00,0.15771875934433105,25.0,1.0,best_within_2.0d,2006.0,367.2898,0.838345864661671,1.329999999999984,23.0,0.003611480707089864,1.115000000000009,5.0,0.0030386439199869436,0.4929364202292669,5.6011759621451125,36.843533123028394,0.015614239272951093,2.82998018927445,22.52492113564669,0.007835530045022196,1.8630914826498424,0.00402220134195386,1.9444468750000041,16.553125,0.005470102952261012,0.0,1
1982.0,2021-10-15 10:55:00,367.87,368.4,367.84,368.385,278941.0,1,1,0.0,sell,False,1.211511483764953,1.4599999999999795,6.0,0.003978852128413309,0.2162802931112301,-0.04068506341023931,0.06745508314537574,0.00018349058115641763,61.36797818966386,84.79662914453732,72.15611030318883,110.07766682723431,278941.0,1.4599999999999795,3.0,1.4599999999999795,6.0,0.003978852128413309,1.4599999999999795,6.0,0.003978852128413309,1.0,1.0,0.2162802931112301,0.06745508314537574,-0.04068506341023931,61.36797818966386,84.79662914453732,72.15611030318883,110.07766682723431,20.72397779357626,13.281498177197342,28.504836490631106,0.13999510696713144,0.15224010439321506,0.014999999999986358,0.03000000000002956,0.5149999999999864,1.0,1983.0,1983.0,2021-10-15,2021-10-15 10:55:00,0.29729766412855496,24.0,1.0,best_within_2.0d,2006.0,367.2898,0.5832424107187206,4.3760036431226785,32.22527881040892,0.012230020343504162,2.285057100371749,15.890706319702602,0.006381710269403211,0.4929364202292669,5.6011759621451125,36.843533123028394,0.015614239272951093,2.82998018927445,22.52492113564669,0.007835530045022196,1.8630914826498424,0.00402220134195386,1.9444468750000041,16.553125,0.005470102952261012,0.0,1
1983.0,2021-10-15 11:00:00,368.3899,368.5294,368.24,368.29,328372.0,1,1,0.0,sell,False,1.3541473662513797,1.589400000000012,7.0,0.0043314983376029105,0.2417437995540051,-0.010467088465988672,0.11040481131101387,0.00030028151539276564,59.680325500155554,85.19611476138712,76.50277845592159,102.5827873723182,328372.0,1.589400000000012,3.0,1.589400000000012,7.0,0.0043314983376029105,1.589400000000012,7.0,0.0043314983376029105,1.0,1.0,0.2417437995540051,0.11040481131101387,-0.010467088465988672,59.680325500155554,85.19611476138712,76.50277845592159,102.5827873723182,23.174294060369693,13.5701148359374,28.335762283729625,-0.027118007306929696,0.0785900499674127,0.13949999999999818,0.05000000000001137,0.099899999999991,0.0,1984.0,1984.0,2021-10-15,2021-10-15 11:00:00,0.271579461837141,23.0,1.0,best_within_2.0d,2006.0,367.2898,0.5832424107187206,4.3760036431226785,32.22527881040892,0.012230020343504162,2.285057100371749,15.890706319702602,0.006381710269403211,0.4929364202292669,5.6011759621451125,36.843533123028394,0.015614239272951093,2.82998018927445,22.52492113564669,0.007835530045022196,1.8630914826498424,0.00402220134195386,1.9444468750000041,16.553125,0.005470102952261012,0.0,1
1985.0,2021-10-15 11:10:00,368.4773,368.63,368.4,368.49,311326.0,1,1,0.0,sell,False,1.5324781376693404,1.6899999999999977,9.0,0.004605657600697656,0.27357959478160654,0.05741445935581274,0.194204256746616,0.0005280343410094028,62.05525711056557,90.01695358442544,83.82187322209747,102.40711430908138,311326.0,1.6899999999999977,3.0,1.6899999999999977,9.0,0.004605657600697656,1.6899999999999977,9.0,0.004605657600697656,1.0,1.0,0.27357959478160654,0.194204256746616,0.05741445935581274,62.05525711056557,90.01695358442544,83.82187322209747,102.40711430908138,26.241342981985856,9.982556432530957,28.84446965647009,0.003446616657252772,0.06243213897937519,0.13999999999998636,0.07730000000003656,0.01269999999999527,1.0,1986.0,1986.0,2021-10-15,2021-10-15 11:10:00,0.32570761757442407,21.0,1.0,best_within_2.0d,2006.0,367.2898,0.5832424107187206,4.3760036431226785,32.22527881040892,0.012230020343504162,2.285057100371749,15.890706319702602,0.006381710269403211,0.4929364202292669,5.6011759621451125,36.843533123028394,0.015614239272951093,2.82998018927445,22.52492113564669,0.007835530045022196,1.8630914826498424,0.00402220134195386,1.9444468750000041,16.553125,0.005470102952261012,1.0,1
1998.0,2021-10-15 12:15:00,367.8,367.9,367.75,367.78,167560.0,2,2,0.0,sell,False,0.5149501661129433,4.163492493946733,28.239017640954685,0.011578080659927173,-0.07228152114614413,0.00031709706872666,-0.035823663504345404,-9.741512839938814e-05,50.81011123132468,42.774274585746056,33.33113509625157,61.66055356473501,167560.0,0.7749999999999773,1.0,1.5049999999999955,9.0,0.004082684534628206,0.7749999999999773,6.0,0.0021109976166155324,2.0,2.0,-0.07228152114614413,-0.035823663504345404,0.00031709706872666,50.81011123132468,42.774274585746056,33.33113509625157,61.66055356473501,15.208074104796834,30.646573574818976,29.431709095526518,-0.0054377379010436796,0.04078857919781843,0.0999999999999659,0.029999999999972715,0.020000000000038654,0.0,1999.0,1999.0,2021-10-15,2021-10-15 12:15:00,0.13328620370872774,8.0,1.0,best_within_2.0d,2006.0,367.2898,0.5149501661129433,1.5049999999999955,9.0,0.004082684534628206,0.7749999999999773,6.0,0.0021109976166155324,0.4929364202292669,5.6011759621451125,36.843533123028394,0.015614239272951093,2.82998018927445,22.52492113564669,0.007835530045022196,1.8630914826498424,0.00402220134195386,1.9444468750000041,16.553125,0.005470102952261012,0.0,1
2002.0,2021-10-15 12:35:00,367.69,367.959,367.605,367.92,147085.0,2,2,0.0,sell,False,0.5541528239202695,4.163492493946733,28.239017640954685,0.011578080659927173,0.01068339044352003,-0.013634555588951694,-0.008292860367191679,-2.2550323462909e-05,53.75147848556928,75.88094732614206,60.73940108094507,106.16403981653605,147085.0,0.8340000000000032,1.0,1.5049999999999955,9.0,0.004082684534628206,0.8340000000000032,10.0,0.0022717058222676287,2.0,2.0,0.01068339044352003,-0.008292860367191679,-0.013634555588951694,53.75147848556928,75.88094732614206,60.73940108094507,106.16403981653605,14.710622036005613,31.078778949307672,33.12186384977135,0.06255269384536381,0.0962990166074958,0.03899999999998727,0.08499999999997954,0.2300000000000182,1.0,2003.0,2003.0,2021-10-15,2021-10-15 12:35:00,0.17128723635573007,4.0,1.0,best_within_2.0d,2006.0,367.2898,0.5541528239202695,1.5049999999999955,9.0,0.004082684534628206,0.8340000000000032,10.0,0.0022717058222676287,0.4929364202292669,5.6011759621451125,36.843533123028394,0.015614239272951093,2.82998018927445,22.52492113564669,0.007835530045022196,1.8630914826498424,0.00402220134195386,1.9444468750000041,16.553125,0.005470102952261012,0.0,1
2003.0,2021-10-15 12:40:00,367.905,368.06,367.88,368.05,131949.0,2,2,0.0,sell,False,0.6212624584717642,4.163492493946733,28.239017640954685,0.011578080659927173,0.048997979003867854,-0.0075098082134682125,0.016989181288465716,4.6194955078354096e-05,56.24422533604762,83.52847468801664,68.33575894996892,113.91390616411209,131949.0,0.9350000000000023,1.0,1.5049999999999955,9.0,0.004082684534628206,0.9350000000000023,11.0,0.002546816479400755,2.0,2.0,0.048997979003867854,0.016989181288465716,-0.0075098082134682125,56.24422533604762,83.52847468801664,68.33575894996892,113.91390616411209,17.294164388043782,31.31645983780937,32.81645599237014,0.03941234829644573,0.04892899858649745,0.009999999999990905,0.024999999999977263,0.14500000000003865,1.0,2004.0,2004.0,2021-10-15,2021-10-15 12:40:00,0.20654802336638975,3.0,1.0,best_within_2.0d,2006.0,367.2898,0.6212624584717642,1.5049999999999955,9.0,0.004082684534628206,0.9350000000000023,11.0,0.002546816479400755,0.4929364202292669,5.6011759621451125,36.843533123028394,0.015614239272951093,2.82998018927445,22.52492113564669,0.007835530045022196,1.8630914826498424,0.00402220134195386,1.9444468750000041,16.553125,0.005470102952261012,0.0,1
2004.0,2021-10-15 12:45:00,368.04,368.11,367.97,368.02,116286.0,2,2,0.0,sell,False,0.6544850498338981,4.163492493946733,28.239017640954685,0.011578080659927173,0.06675213695891363,0.000834208906395991,0.034210277385852805,9.301584699212003e-05,55.50079190258525,84.90939408424718,73.86030399472834,107.00757426328485,116286.0,0.9850000000000136,1.0,1.5049999999999955,9.0,0.004082684534628206,0.9850000000000136,12.0,0.002683009874021147,2.0,2.0,0.06675213695891363,0.034210277385852805,0.000834208906395991,55.50079190258525,84.90939408424718,73.86030399472834,107.00757426328485,20.366598778004665,22.300136636675653,30.796117853942263,-0.00543419193566967,0.03804657988422598,0.06999999999999318,0.049999999999954525,0.020000000000038654,0.0,2005.0,2005.0,2021-10-15,2021-10-15 12:45:00,0.19841312972120212,2.0,1.0,best_within_2.0d,2006.0,367.2898,0.6544850498338981,1.5049999999999955,9.0,0.004082684534628206,0.9850000000000136,12.0,0.002683009874021147,0.4929364202292669,5.6011759621451125,36.843533123028394,0.015614239272951093,2.82998018927445,22.52492113564669,0.007835530045022196,1.8630914826498424,0.00402220134195386,1.9444468750000041,16.553125,0.005470102952261012,0.0,1
2006.0,2021-10-15 12:55:00,366.94,367.36,366.94,367.35,340545.0,2s,2s,1.0,buy,False,0.38607594936710116,4.163492493946733,28.239017640954685,0.011578080659927173,-0.038249615505076745,-0.1134982046448076,-0.13262301239734597,-0.000360898465487139,48.118872111610806,39.55495485642859,37.611856896705305,43.441150775875144,340545.0,1.329999999999984,1.0,1.579999999999984,44.0,0.004317293767248638,1.329999999999984,23.0,0.003611480707089864,3.0,2.5,-0.038249615505076745,-0.13262301239734597,-0.1134982046448076,48.118872111610806,39.55495485642859,37.611856896705305,43.441150775875144,8.83368490519316,19.4209081160056,34.41397851514487,0.11173488853764241,0.1144601297214847,0.009999999999990905,0.0,0.410000000000025,1.0,2007.0,2007.0,2021-10-15,2021-10-15 12:55:00,2.0540172048918044,173.78554736652885,0.0,,14281.267661333814,366.3529484630595,0.5832424107187206,4.3760036431226785,32.22527881040892,0.012230020343504162,2.285057100371749,15.890706319702602,0.006381710269403211,0.38607594936710116,1.579999999999984,44.0,0.004317293767248638,1.329999999999984,23.0,0.003611480707089864,3.0,0.00402220134195386,1.9444468750000041,16.553125,0.005470102952261012,0.0,0
2006.0,2021-10-15 12:55:00,367.38,367.43,367.125,367.2898,487473.0,2s,2s,1.0,buy,False,0.2689873417721618,4.163492493946733,28.239017640954685,0.011578080659927173,-0.20679534290313278,0.10079090803460286,-0.002606763416963531,-7.087358355414797e-06,39.99788365631895,19.20762539128341,36.258304417124776,-14.893732660399323,487473.0,1.5049999999999955,1.0,1.579999999999984,44.0,0.004317293767248638,1.5049999999999955,9.0,0.004082684534628206,4.0,2.5,-0.20679534290313278,-0.002606763416963531,0.10079090803460286,39.99788365631895,19.20762539128341,36.258304417124776,-14.893732660399323,18.879489493902437,29.387686559331293,26.65906633883791,-0.02455223474331255,0.08307797071842202,0.05000000000001137,0.16480000000001382,0.09019999999998163,0.0,2007.0,2007.0,2021-10-15,2021-10-15 12:55:00,2.0540172048918044,173.78554736652885,0.0,,14281.267661333814,366.3529484630595,0.5832424107187206,4.3760036431226785,32.22527881040892,0.012230020343504162,2.285057100371749,15.890706319702602,0.006381710269403211,0.2689873417721618,1.579999999999984,44.0,0.004317293767248638,1.5049999999999955,9.0,0.004082684534628206,4.0,0.00402220134195386,1.9444468750000041,16.553125,0.005470102952261012,0.0,0
2006.0,2021-10-15 12:55:00,367.985,368.14,367.97,368.06,109235.0,2,2,0.0,sell,False,0.6744186046511558,4.163492493946733,28.239017640954685,0.011578080659927173,0.07723925726284672,0.019146643331211254,0.05776627196263462,0.0001570491714119458,56.223253571622465,85.05122536082297,79.7047523380444,95.7441714063801,109235.0,1.0149999999999864,1.0,1.5049999999999955,9.0,0.004082684534628206,1.0149999999999864,14.0,0.0027647259107932893,2.0,2.0,0.07723925726284672,0.05776627196263462,0.019146643331211254,56.223253571622465,85.05122536082297,79.7047523380444,95.7441714063801,25.00809085292432,14.269322427845072,29.28013040257066,0.020381265540711884,0.04619941843083921,0.07999999999998408,0.014999999999986358,0.07499999999998863,1.0,2007.0,2007.0,2021-10-15,2021-10-15 12:55:00,2.0540172048918044,173.78554736652885,0.0,,14281.267661333814,366.3529484630595,0.6744186046511558,1.5049999999999955,9.0,0.004082684534628206,1.0149999999999864,14.0,0.0027647259107932893,0.4929364202292669,5.6011759621451125,36.843533123028394,0.015614239272951093,2.82998018927445,22.52492113564669,0.007835530045022196,1.8630914826498424,0.00402220134195386,1.9444468750000041,16.553125,0.005470102952261012,1.0,1
2016.0,2021-10-15 13:45:00,367.99,368.15,367.95,368.11,145305.0,2,2,0.0,sell,False,0.681063122923575,4.163492493946733,28.239017640954685,0.011578080659927173,0.041569476102411754,0.04445188715707978,0.06523662520828566,0.0001773268187983289,56.36137928143662,79.51057757983307,70.60432245095495,97.3230878375893,145305.0,1.0249999999999773,1.0,1.5049999999999955,9.0,0.004082684534628206,1.0249999999999773,24.0,0.0027919645897173367,2.0,2.0,0.041569476102411754,0.06523662520828566,0.04445188715707978,56.36137928143662,79.51057757983307,70.60432245095495,97.3230878375893,19.6044770994977,18.8010712078571,19.998547848318676,0.03260958178211488,0.05435521130588086,0.03999999999996362,0.040000000000020464,0.12000000000000455,1.0,2017.0,2017.0,2021-10-15,2021-10-15 13:45:00,2.0540172048918044,173.78554736652885,0.0,,14281.267661333814,366.3529484630595,0.681063122923575,1.5049999999999955,9.0,0.004082684534628206,1.0249999999999773,24.0,0.0027919645897173367,0.4929364202292669,5.6011759621451125,36.843533123028394,0.015614239272951093,2.82998018927445,22.52492113564669,0.007835530045022196,1.8630914826498424,0.00402220134195386,1.9444468750000041,16.553125,0.005470102952261012,0.0,1
2017.0,2021-10-15 13:50:00,368.12,368.185,368.08,368.09,129423.0,2,2,0.0,sell,False,0.70431893687708,4.163492493946733,28.239017640954685,0.011578080659927173,0.04282384384389536,0.049804867637566703,0.07121678955951438,0.00019357433319236624,55.72855557622697,81.10622527360637,74.10495672517209,95.10876237047495,129423.0,1.0600000000000023,1.0,1.5049999999999955,9.0,0.004082684534628206,1.0600000000000023,25.0,0.0028872999659516575,2.0,2.0,0.04282384384389536,0.07121678955951438,0.049804867637566703,55.72855557622697,81.10622527360637,74.10495672517209,95.10876237047495,17.796729630673592,19.297998308431197,18.859160245842126,-0.008149516462031284,0.028526407302765216,0.06499999999999773,0.009999999999990905,0.03000000000002956,0.0,2018.0,2018.0,2021-10-15,2021-10-15 13:50:00,2.0540172048918044,173.78554736652885,0.0,,14281.267661333814,366.3529484630595,0.70431893687708,1.5049999999999955,9.0,0.004082684534628206,1.0600000000000023,25.0,0.0028872999659516575,0.4929364202292669,5.6011759621451125,36.843533123028394,0.015614239272951093,2.82998018927445,22.52492113564669,0.007835530045022196,1.8630914826498424,0.00402220134195386,1.9444468750000041,16.553125,0.005470102952261012,0.0,1
2019.0,2021-10-15 14:00:00,368.11,368.36,368.09,368.36,356607.0,2,2,0.0,sell,False,0.8205980066445299,4.163492493946733,28.239017640954685,0.011578080659927173,0.07104412624138881,0.06390205728264707,0.09942412040334148,0.00027020999831257295,62.33272252566128,88.48063639341267,80.81151614012937,103.81887689997924,356607.0,1.2350000000000136,1.0,1.5049999999999955,9.0,0.004082684534628206,1.2350000000000136,27.0,0.0033639768471229515,2.0,2.0,0.07104412624138881,0.09942412040334148,0.06390205728264707,62.33272252566128,88.48063639341267,80.81151614012937,103.81887689997924,22.66926383664652,20.4056958624404,17.589083729640148,0.06791448208415962,0.07335162596105264,0.0,0.020000000000038654,0.25,1.0,2020.0,2020.0,2021-10-15,2021-10-15 14:00:00,2.0540172048918044,173.78554736652885,0.0,,14281.267661333814,366.3529484630595,0.8205980066445299,1.5049999999999955,9.0,0.004082684534628206,1.2350000000000136,27.0,0.0033639768471229515,0.4929364202292669,5.6011759621451125,36.843533123028394,0.015614239272951093,2.82998018927445,22.52492113564669,0.007835530045022196,1.8630914826498424,0.00402220134195386,1.9444468750000041,16.553125,0.005470102952261012,0.0,1
2020.0,2021-10-15 14:05:00,368.35,368.42,368.18,368.42,193567.0,2,2,0.0,sell,False,0.860465116279083,4.163492493946733,28.239017640954685,0.011578080659927173,0.09218423074687457,0.07542508612600639,0.12151720149944367,0.00033022233209939586,63.63441255549585,92.32042426227511,84.64781884751127,107.66563509180281,193567.0,1.295000000000016,1.0,1.5049999999999955,9.0,0.004082684534628206,1.295000000000016,28.0,0.003527408920667391,2.0,2.0,0.09218423074687457,0.12151720149944367,0.07542508612600639,63.63441255549585,92.32042426227511,84.64781884751127,107.66563509180281,22.14857592859877,19.93699960624806,16.708074240452984,0.01900366499253242,0.06518550708892637,0.0,0.17000000000001592,0.06999999999999318,1.0,2021.0,2021.0,2021-10-15,2021-10-15 14:05:00,2.0540172048918044,173.78554736652885,0.0,,14281.267661333814,366.3529484630595,0.860465116279083,1.5049999999999955,9.0,0.004082684534628206,1.295000000000016,28.0,0.003527408920667391,0.4929364202292669,5.6011759621451125,36.843533123028394,0.015614239272951093,2.82998018927445,22.52492113564669,0.007835530045022196,1.8630914826498424,0.00402220134195386,1.9444468750000041,16.553125,0.005470102952261012,0.0,1
2021.0,2021-10-15 14:10:00,368.41,368.44,368.35,368.44,190707.0,2,2,0.0,sell,False,0.8737541528239214,4.163492493946733,28.239017640954685,0.011578080659927173,0.10177942332322304,0.08814751404140928,0.1390372257030208,0.0003777983773957086,64.08001029530406,94.88028284151673,88.05864017884642,108.52356816685733,190707.0,1.3149999999999977,1.0,1.5049999999999955,9.0,0.004082684534628206,1.3149999999999977,29.0,0.0035818862785154857,2.0,2.0,0.10177942332322304,0.1390372257030208,0.08814751404140928,64.08001029530406,94.88028284151673,88.05864017884642,108.52356816685733,25.294802736932443,11.559178919784907,18.176811298106063,0.008143101435892813,0.024433283561822988,0.0,0.060000000000002274,0.029999999999972715,1.0,2022.0,2022.0,2021-10-15,2021-10-15 14:10:00,2.0540172048918044,173.78554736652885,0.0,,14281.267661333814,366.3529484630595,0.8737541528239214,1.5049999999999955,9.0,0.004082684534628206,1.3149999999999977,29.0,0.0035818862785154857,0.4929364202292669,5.6011759621451125,36.843533123028394,0.015614239272951093,2.82998018927445,22.52492113564669,0.007835530045022196,1.8630914826498424,0.00402220134195386,1.9444468750000041,16.553125,0.005470102952261012,0.0,1
2022.0,2021-10-15 14:15:00,368.435,368.46,368.385,368.42,92128.0,2,2,0.0,sell,False,0.8870431893687598,4.163492493946733,28.239017640954685,0.011578080659927173,0.09829810391509058,0.10043477703079559,0.14958382898834088,0.00040642334503436604,63.24543364506144,94.05968818193843,90.05898951321042,102.06108551939442,92128.0,1.3349999999999795,1.0,1.5049999999999955,9.0,0.004082684534628206,1.3349999999999795,30.0,0.0036363636363635804,2.0,2.0,0.09829810391509058,0.14958382898834088,0.10043477703079559,63.24543364506144,94.05968818193843,90.05898951321042,102.06108551939442,28.570286901619678,12.690801566371334,19.62742311388111,-0.004071274444606608,0.020359135143936,0.024999999999977263,0.03500000000002501,0.014999999999986358,0.0,2023.0,2023.0,2021-10-15,2021-10-15 14:15:00,2.0540172048918044,173.78554736652885,0.0,,14281.267661333814,366.3529484630595,0.8870431893687598,1.5049999999999955,9.0,0.004082684534628206,1.3349999999999795,30.0,0.0036363636363635804,0.4929364202292669,5.6011759621451125,36.843533123028394,0.015614239272951093,2.82998018927445,22.52492113564669,0.007835530045022196,1.8630914826498424,0.00402220134195386,1.9444468750000041,16.553125,0.005470102952261012,0.0,1
2023.0,2021-10-15 14:20:00,368.42,368.5,368.36,368.43,121547.0,2,2,0.0,sell,False,0.9136212624584745,4.163492493946733,28.239017640954685,0.011578080659927173,0.09040819521185814,0.11173580143227786,0.15693989903820693,0.0004263773192653804,63.50139512292594,91.92891591739343,90.68229831460475,94.4221511229708,121547.0,1.375,1.0,1.5049999999999955,9.0,0.004082684534628206,1.375,31.0,0.003745318352059925,2.0,2.0,0.09040819521185814,0.15693989903820693,0.11173580143227786,63.50139512292594,91.92891591739343,90.68229831460475,94.4221511229708,31.100675564341945,13.082880210908488,21.138279641946895,0.002714293469407444,0.03800629818655292,0.06999999999999318,0.060000000000002274,0.009999999999990905,1.0,2024.0,2024.0,2021-10-15,2021-10-15 14:20:00,2.0540172048918044,173.78554736652885,0.0,,14281.267661333814,366.3529484630595,0.9136212624584745,1.5049999999999955,9.0,0.004082684534628206,1.375,31.0,0.003745318352059925,0.4929364202292669,5.6011759621451125,36.843533123028394,0.015614239272951093,2.82998018927445,22.52492113564669,0.007835530045022196,1.8630914826498424,0.00402220134195386,1.9444468750000041,16.553125,0.005470102952261012,0.0,1
2024.0,2021-10-15 14:25:00,368.43,368.528,368.37,368.4,176883.0,2,2,0.0,sell,False,0.9322259136212786,4.163492493946733,28.239017640954685,0.011578080659927173,0.0748571985287021,0.12109295124836561,0.15852155051271666,0.00043064643078245785,62.104095679003855,87.23750103835249,89.534032555854,82.64443800334948,176883.0,1.40300000000002,1.0,1.5049999999999955,9.0,0.004082684534628206,1.40300000000002,32.0,0.003821586653047382,2.0,2.0,0.0748571985287021,0.15852155051271666,0.12109295124836561,62.104095679003855,87.23750103835249,89.534032555854,82.64443800334948,33.96079111727911,5.968077723803582,24.6360062613582,-0.008142659392565633,0.04289165784401973,0.09800000000001319,0.029999999999972715,0.03000000000002956,0.0,2025.0,2025.0,2021-10-15,2021-10-15 14:25:00,2.0540172048918044,173.78554736652885,0.0,,14281.267661333814,366.3529484630595,0.9322259136212786,1.5049999999999955,9.0,0.004082684534628206,1.40300000000002,32.0,0.003821586653047382,0.4929364202292669,5.6011759621451125,36.843533123028394,0.015614239272951093,2.82998018927445,22.52492113564669,0.007835530045022196,1.8630914826498424,0.00402220134195386,1.9444468750000041,16.553125,0.005470102952261012,1.0,1
2030.0,2021-10-15 14:55:00,368.31,368.59,368.31,368.5,236449.0,2,2,0.0,sell,False,0.9734219269102853,4.163492493946733,28.239017640954685,0.011578080659927173,-0.0029717184493026627,0.12733844501706687,0.12585258579241554,0.0003418141681203585,62.37501190414654,61.027066149055564,61.93836573346282,59.20446698024105,236449.0,1.464999999999975,1.0,1.5049999999999955,9.0,0.004082684534628206,1.464999999999975,38.0,0.003990466462376507,2.0,2.0,-0.0029717184493026627,0.12585258579241554,0.12733844501706687,62.37501190414654,61.027066149055564,61.93836573346282,59.20446698024105,30.300454719306874,15.298967319706236,25.99267739617533,0.05158697836061951,0.0760229154788012,0.08999999999997499,0.0,0.18999999999999773,1.0,2031.0,2031.0,2021-10-15,2021-10-15 14:55:00,2.0540172048918044,173.78554736652885,0.0,,14281.267661333814,366.3529484630595,0.9734219269102853,1.5049999999999955,9.0,0.004082684534628206,1.464999999999975,38.0,0.003990466462376507,0.4929364202292669,5.6011759621451125,36.843533123028394,0.015614239272951093,2.82998018927445,22.52492113564669,0.007835530045022196,1.8630914826498424,0.00402220134195386,1.9444468750000041,16.553125,0.005470102952261012,1.0,1
2036.0,2021-10-15 15:25:00,368.35,368.64,368.315,368.57,214382.0,1,1,0.0,sell,False,0.5701256382782488,1.5149999999999864,44.0,0.004126659856996898,-0.0050142082986268655,0.08519942692637694,0.08269232277706351,0.00022457479666760928,60.733947811585224,62.543655980771575,50.288886834277235,87.05319427376025,214382.0,1.5149999999999864,1.0,1.5149999999999864,44.0,0.004126659856996898,1.5149999999999864,44.0,0.004126659856996898,1.0,1.0,-0.0050142082986268655,0.08269232277706351,0.08519942692637694,60.733947811585224,62.543655980771575,50.288886834277235,87.05319427376025,26.40573485375432,22.08039684220085,19.9796429110497,0.05972580426224255,0.08823968613822099,0.06999999999999318,0.03500000000002501,0.21999999999997044,1.0,2037.0,2037.0,2021-10-15,2021-10-15 15:25:00,2.0540172048918044,173.78554736652885,0.0,,14281.267661333814,366.3529484630595,0.5832424107187206,4.3760036431226785,32.22527881040892,0.012230020343504162,2.285057100371749,15.890706319702602,0.006381710269403211,0.4929364202292669,5.6011759621451125,36.843533123028394,0.015614239272951093,2.82998018927445,22.52492113564669,0.007835530045022196,1.8630914826498424,0.00402220134195386,1.9444468750000041,16.553125,0.005470102952261012,1.0,1
2041.0,2021-10-15 15:50:00,368.31,368.76,368.31,368.66,692755.0,1,1,0.0,sell,False,0.5701256382845795,1.634999999999991,49.0,0.004453524004085777,0.022067477102058336,0.09220554030968343,0.1032392788607126,0.0002803120197175395,60.72177311571265,73.5454320788002,68.30148150301363,84.03333323037333,692755.0,1.634999999999991,1.0,1.634999999999991,49.0,0.004453524004085777,1.634999999999991,49.0,0.004453524004085777,1.0,1.0,0.022067477102058336,0.1032392788607126,0.09220554030968343,60.72177311571265,73.5454320788002,68.30148150301363,84.03333323037333,27.40505183691213,18.485483078672168,16.95550325998213,0.09502864434851695,0.12217968559093934,0.0999999999999659,0.0,0.35000000000002274,1.0,2042.0,2042.0,2021-10-15,2021-10-15 15:50:00,2.0540172048918044,173.78554736652885,0.0,,14281.267661333814,366.3529484630595,0.5832424107187206,4.3760036431226785,32.22527881040892,0.012230020343504162,2.285057100371749,15.890706319702602,0.006381710269403211,0.4929364202292669,5.6011759621451125,36.843533123028394,0.015614239272951093,2.82998018927445,22.52492113564669,0.007835530045022196,1.8630914826498424,0.00402220134195386,1.9444468750000041,16.553125,0.005470102952261012,0.0,1
2042.0,2021-10-15 15:55:00,368.67,369.06,368.66,368.99,1232078.0,1,1,0.0,sell,False,0.5701256382957065,1.9350000000000023,50.0,0.005270684371807974,0.08014478219166907,0.10222363808364206,0.1422960291794766,0.0003863041618790709,67.09282414807709,79.88135188232093,72.16143829611606,95.32117905473066,1232078.0,1.9350000000000023,1.0,1.9350000000000023,50.0,0.005270684371807974,1.9350000000000023,50.0,0.005270684371807974,1.0,1.0,0.08014478219166907,0.1422960291794766,0.10222363808364206,67.09282414807709,79.88135188232093,72.16143829611606,95.32117905473066,33.268915580125274,14.555150566304546,18.539426940169793,0.0867984918762018,0.1085010578853082,0.06999999999999318,0.009999999999990905,0.3199999999999932,1.0,2043.0,2043.0,2021-10-15,2021-10-15 15:55:00,2.0540172048918044,173.78554736652885,0.0,,14281.267661333814,366.3529484630595,0.5832424107187206,4.3760036431226785,32.22527881040892,0.012230020343504162,2.285057100371749,15.890706319702602,0.006381710269403211,0.4929364202292669,5.6011759621451125,36.843533123028394,0.015614239272951093,2.82998018927445,22.52492113564669,0.007835530045022196,1.8630914826498424,0.00402220134195386,1.9444468750000041,16.553125,0.005470102952261012,0.0,1
2043.0,2021-10-15 16:00:00,368.99,369.07,368.1816,369.03,983321.0,1,1,0.0,sell,False,0.6474681899422328,1.9449999999999932,51.0,0.0052979230507320205,0.1155866962762521,0.11667197511817355,0.1744653232562996,0.000473572574144597,67.77513311101055,85.18405914961671,76.50231191394961,102.54755362095094,983321.0,1.9449999999999932,1.0,1.9449999999999932,51.0,0.0052979230507320205,1.9449999999999932,51.0,0.0052979230507320205,1.0,1.0,0.1155866962762521,0.1744653232562996,0.11667197511817355,67.77513311101055,85.18405914961671,76.50231191394961,102.54755362095094,27.19930236903727,22.286817681622605,17.92425323366394,0.010840402178910979,0.24129397014951048,0.040000000000020464,0.808400000000006,0.03999999999996362,1.0,2044.0,2044.0,2021-10-15,2021-10-15 16:00:00,2.0540172048918044,173.78554736652885,0.0,,14281.267661333814,366.3529484630595,0.5832424107187206,4.3760036431226785,32.22527881040892,0.012230020343504162,2.285057100371749,15.890706319702602,0.006381710269403211,0.4929364202292669,5.6011759621451125,36.843533123028394,0.015614239272951093,2.82998018927445,22.52492113564669,0.007835530045022196,1.8630914826498424,0.00402220134195386,1.9444468750000041,16.553125,0.005470102952261012,0.0,1
2046.0,2021-10-15 16:15:00,369.01,369.07,368.995,369.05,23063.0,1,1,0.0,sell,False,0.7117463306976881,1.9449999999999932,54.0,0.0052979230507320205,0.1191055566999707,0.16293037134751037,0.22248314969749572,0.0006037042633144249,67.65986006792883,92.10816554055457,86.22981708368705,103.86486245428958,23063.0,1.9449999999999932,1.0,1.9449999999999932,54.0,0.0052979230507320205,1.9449999999999932,54.0,0.0052979230507320205,1.0,1.0,0.1191055566999707,0.22248314969749572,0.16293037134751037,67.65986006792883,92.10816554055457,86.22981708368705,103.86486245428958,27.408865522137937,16.53003762489634,16.830597417491575,0.010839814639175216,0.020325478665019478,0.01999999999998181,0.014999999999986358,0.040000000000020464,1.0,2047.0,2047.0,2021-10-15,2021-10-15 16:15:00,2.0540172048918044,173.78554736652885,0.0,,14281.267661333814,366.3529484630595,0.5832424107187206,4.3760036431226785,32.22527881040892,0.012230020343504162,2.285057100371749,15.890706319702602,0.006381710269403211,0.4929364202292669,5.6011759621451125,36.843533123028394,0.015614239272951093,2.82998018927445,22.52492113564669,0.007835530045022196,1.8630914826498424,0.00402220134195386,1.9444468750000041,16.553125,0.005470102952261012,0.0,1
2049.0,2021-10-15 16:30:00,369.06,369.11,369.04,369.11,27896.0,1,1,0.0,sell,False,0.7117463307329246,1.9850000000000136,57.0,0.005406877766428365,0.07854556175264216,0.19665805770484762,0.2359308385811687,0.000640003759967101,68.43278512972054,96.32761160846113,92.41431579481265,104.1542032357581,27896.0,1.9850000000000136,1.0,1.9850000000000136,57.0,0.005406877766428365,1.9850000000000136,57.0,0.005406877766428365,1.0,1.0,0.07854556175264216,0.2359308385811687,0.19665805770484762,68.43278512972054,96.32761160846113,92.41431579481265,104.1542032357581,27.31282680454386,19.378961820464774,16.96293180864524,0.013547932585490535,0.01896813353565824,0.0,0.01999999999998181,0.05000000000001137,1.0,2050.0,2050.0,2021-10-15,2021-10-15 16:30:00,2.0540172048918044,173.78554736652885,0.0,,14281.267661333814,366.3529484630595,0.5832424107187206,4.3760036431226785,32.22527881040892,0.012230020343504162,2.285057100371749,15.890706319702602,0.006381710269403211,0.4929364202292669,5.6011759621451125,36.843533123028394,0.015614239272951093,2.82998018927445,22.52492113564669,0.007835530045022196,1.8630914826498424,0.00402220134195386,1.9444468750000041,16.553125,0.005470102952261012,0.0,1
2050.0,2021-10-15 16:35:00,369.08,369.12,369.07,369.09,41821.0,1,1,0.0,sell,False,0.7117463307232229,1.9950000000000045,58.0,0.005434116445352413,0.062226477901078714,0.20443636744248245,0.2355496063930218,0.00063891179922886,67.4043824016322,96.4860974235425,93.77157633772259,101.91513959518232,41821.0,1.9950000000000045,1.0,1.9950000000000045,58.0,0.005434116445352413,1.9950000000000045,58.0,0.005434116445352413,1.0,1.0,0.062226477901078714,0.2355496063930218,0.20443636744248245,67.4043824016322,96.4860974235425,93.77157633772259,101.91513959518232,20.804878823491137,21.071689483212086,15.796803531051276,0.002709439687870084,0.013547565502482284,0.03000000000002956,0.009999999999990905,0.009999999999990905,1.0,2051.0,2051.0,2021-10-15,2021-10-15 16:35:00,2.0540172048918044,173.78554736652885,0.0,,14281.267661333814,366.3529484630595,0.5832424107187206,4.3760036431226785,32.22527881040892,0.012230020343504162,2.285057100371749,15.890706319702602,0.006381710269403211,0.4929364202292669,5.6011759621451125,36.843533123028394,0.015614239272951093,2.82998018927445,22.52492113564669,0.007835530045022196,1.8630914826498424,0.00402220134195386,1.9444468750000041,16.553125,0.005470102952261012,0.0,1
2051.0,2021-10-15 16:40:00,369.09,369.12,368.94,369.101,24359.0,1,1,0.0,sell,False,0.711746330700643,1.9950000000000045,59.0,0.005434116445352413,0.04641235142719402,0.2102379113708817,0.23344408708447872,0.000633146294095624,67.6919612711287,96.98249063814436,94.84188110452985,101.2637097053734,24359.0,1.9950000000000045,1.0,1.9950000000000045,59.0,0.005434116445352413,1.9950000000000045,59.0,0.005434116445352413,1.0,1.0,0.04641235142719402,0.23344408708447872,0.2102379113708817,67.6919612711287,96.98249063814436,94.84188110452985,101.2637097053734,21.486681537854924,25.534706731399183,15.283381986800439,0.0029803029071565476,0.048788420881445985,0.019000000000005457,0.14999999999997726,0.011000000000024102,1.0,2052.0,2052.0,2021-10-15,2021-10-15 16:40:00,2.0540172048918044,173.78554736652885,0.0,,14281.267661333814,366.3529484630595,0.5832424107187206,4.3760036431226785,32.22527881040892,0.012230020343504162,2.285057100371749,15.890706319702602,0.006381710269403211,0.4929364202292669,5.6011759621451125,36.843533123028394,0.015614239272951093,2.82998018927445,22.52492113564669,0.007835530045022196,1.8630914826498424,0.00402220134195386,1.9444468750000041,16.553125,0.005470102952261012,0.0,1
2052.0,2021-10-15 16:45:00,369.12,369.12,368.94,369.04,2315595.0,1,1,0.0,sell,False,0.7117463307343976,1.9950000000000045,60.0,0.005434116445352413,0.022448198369512007,0.2130439361670707,0.2242680353518267,0.0006082180790875055,64.30385813620543,83.17351227728493,90.95242482878153,67.61568717429171,2315595.0,1.9950000000000045,1.0,1.9950000000000045,60.0,0.005434116445352413,1.9950000000000045,60.0,0.005434116445352413,1.0,1.0,0.022448198369512007,0.2242680353518267,0.2130439361670707,64.30385813620543,83.17351227728493,90.95242482878153,67.61568717429171,21.736244773344886,25.83128691843031,14.806633409996092,-0.02167316861724753,0.048788420881445985,0.0,0.10000000000002274,0.07999999999998408,0.0,2053.0,2053.0,2021-10-15,2021-10-15 16:45:00,2.0540172048918044,173.78554736652885,0.0,,14281.267661333814,366.3529484630595,0.5832424107187206,4.3760036431226785,32.22527881040892,0.012230020343504162,2.285057100371749,15.890706319702602,0.006381710269403211,0.4929364202292669,5.6011759621451125,36.843533123028394,0.015614239272951093,2.82998018927445,22.52492113564669,0.007835530045022196,1.8630914826498424,0.00402220134195386,1.9444468750000041,16.553125,0.005470102952261012,0.0,1
2054.0,2021-10-15 16:55:00,369.04,369.17,369.04,369.17,18827.0,1,1,0.0,sell,False,0.7117463308382032,2.045000000000016,62.0,0.005570309839972805,0.002358415863306096,0.21363456290551475,0.2148137708371678,0.0005824928241654385,68.23365141829073,82.64501780225243,84.40886734762674,79.1173187115038,18827.0,2.045000000000016,1.0,2.045000000000016,62.0,0.005570309839972805,2.045000000000016,62.0,0.005570309839972805,1.0,1.0,0.002358415863306096,0.2148137708371678,0.21363456290551475,68.23365141829073,82.64501780225243,84.40886734762674,79.1173187115038,25.96091440109471,22.65810918006745,13.84838969004645,0.03522653370908179,0.03522653370908179,0.0,0.0,0.12999999999999545,1.0,2055.0,2055.0,2021-10-15,2021-10-15 16:55:00,2.0540172048918044,173.78554736652885,0.0,,14281.267661333814,366.3529484630595,0.5832424107187206,4.3760036431226785,32.22527881040892,0.012230020343504162,2.285057100371749,15.890706319702602,0.006381710269403211,0.4929364202292669,5.6011759621451125,36.843533123028394,0.015614239272951093,2.82998018927445,22.52492113564669,0.007835530045022196,1.8630914826498424,0.00402220134195386,1.9444468750000041,16.553125,0.005470102952261012,0.0,1
2055.0,2021-10-15 17:00:00,369.17,369.17,369.01,369.05,10021.0,1,1,0.0,sell,False,0.711746330823779,2.045000000000016,63.0,0.005570309839972805,-0.016981915003571768,0.21151182353006828,0.2030208660282824,0.0005504855129653574,61.50285743636822,71.03870752034291,79.95214740519879,53.21182775063116,10021.0,2.045000000000016,1.0,2.045000000000016,63.0,0.005570309839972805,2.045000000000016,63.0,0.005570309839972805,1.0,1.0,-0.016981915003571768,0.2030208660282824,0.21151182353006828,61.50285743636822,71.03870752034291,79.95214740519879,53.21182775063116,19.00218322956071,26.6192285922215,14.051805213528336,-0.03250534983882887,0.04335925855668546,0.0,0.040000000000020464,0.12000000000000455,0.0,2056.0,2056.0,2021-10-15,2021-10-15 17:00:00,2.0540172048918044,173.78554736652885,0.0,,14281.267661333814,366.3529484630595,0.5832424107187206,4.3760036431226785,32.22527881040892,0.012230020343504162,2.285057100371749,15.890706319702602,0.006381710269403211,0.4929364202292669,5.6011759621451125,36.843533123028394,0.015614239272951093,2.82998018927445,22.52492113564669,0.007835530045022196,1.8630914826498424,0.00402220134195386,1.9444468750000041,16.553125,0.005470102952261012,1.0,1
2084.0,2021-10-15 19:40:00,369.15,369.18,369.05,369.18,2434.0,1,1,0.0,sell,False,0.7117463272293272,2.055000000000007,92.0,0.0055975485188968525,-0.0032849871934651775,0.05223287056096988,0.050590376964237294,0.0001370820443915812,60.355859508799874,79.62195325582204,71.02140206586452,96.82305563573706,2434.0,2.055000000000007,1.0,2.055000000000007,92.0,0.0055975485188968525,2.055000000000007,92.0,0.0055975485188968525,1.0,1.0,-0.0032849871934651775,0.050590376964237294,0.05223287056096988,60.355859508799874,79.62195325582204,71.02140206586452,96.82305563573706,37.804878048781084,28.048780487800396,17.929176559164635,0.00812677773263702,0.035225579189810445,0.0,0.0999999999999659,0.03000000000002956,1.0,2085.0,2085.0,2021-10-15,2021-10-15 19:40:00,2.0540172048918044,173.78554736652885,0.0,,14281.267661333814,366.3529484630595,0.5832424107187206,4.3760036431226785,32.22527881040892,0.012230020343504162,2.285057100371749,15.890706319702602,0.006381710269403211,0.4929364202292669,5.6011759621451125,36.843533123028394,0.015614239272951093,2.82998018927445,22.52492113564669,0.007835530045022196,1.8630914826498424,0.00402220134195386,1.9444468750000041,16.553125,0.005470102952261012,0.0,1
2087.0,2021-10-15 19:55:00,369.18,369.29,369.18,369.29,2402.0,1,1,0.0,sell,False,0.7117463318212853,2.1650000000000205,95.0,0.005897173987061684,0.012580300466467784,0.052120990528443524,0.058411140761677416,0.00015826151195325687,64.62761350883713,80.85664711852942,73.97979758818902,94.61034617921024,2402.0,2.1650000000000205,1.0,2.1650000000000205,95.0,0.005897173987061684,2.1650000000000205,95.0,0.005897173987061684,1.0,1.0,0.012580300466467784,0.058411140761677416,0.052120990528443524,64.62761350883713,80.85664711852942,73.97979758818902,94.61034617921024,41.489361702132356,23.404255319151897,17.95349785353903,0.029795763584163186,0.029795763584163186,0.0,0.0,0.11000000000001364,1.0,2088.0,2088.0,2021-10-15,2021-10-15 19:55:00,2.0540172048918044,173.78554736652885,0.0,,14281.267661333814,366.3529484630595,0.5832424107187206,4.3760036431226785,32.22527881040892,0.012230020343504162,2.285057100371749,15.890706319702602,0.006381710269403211,0.4929364202292669,5.6011759621451125,36.843533123028394,0.015614239272951093,2.82998018927445,22.52492113564669,0.007835530045022196,1.8630914826498424,0.00402220134195386,1.9444468750000041,16.553125,0.005470102952261012,1.0,1
2114.0,2021-10-18 06:10:00,367.28,367.28,367.0,367.03,4690.0,2s,2s,1.0,buy,False,0.3481012658227955,4.163492493946733,28.239017640954685,0.011578080659927173,0.023162200883273587,-0.26776663517633453,-0.25618553473469774,-0.0006967579316433755,27.019655078603293,15.807037035472721,28.08309534695269,-8.745079587487211,4690.0,2.2900000000000205,1.0,1.579999999999984,44.0,0.004317293767248638,2.2900000000000205,28.0,0.006201088575374422,5.0,2.5,0.023162200883273587,-0.25618553473469774,-0.26776663517633453,27.019655078603293,15.807037035472721,28.08309534695269,-8.745079587487211,23.966942148756605,33.47107438016438,34.43262188988198,-0.06806795905031585,0.07629427792914788,0.0,0.029999999999972715,0.25,0.0,2115.0,2115.0,2021-10-18,2021-10-18 06:10:00,2.4548402037980677,309.0,1.0,best_within_2.0d,2423.0,376.04,0.5832424107187206,4.3760036431226785,32.22527881040892,0.012230020343504162,2.285057100371749,15.890706319702602,0.006381710269403211,0.3481012658227955,1.579999999999984,44.0,0.004317293767248638,2.2900000000000205,28.0,0.006201088575374422,5.0,0.00402220134195386,1.9444468750000041,16.553125,0.005470102952261012,0.0,0
2115.0,2021-10-18 06:15:00,366.91,366.98,366.85,366.96,9320.0,2s,2s,1.0,buy,False,0.44303797468354156,4.163492493946733,28.239017640954685,0.011578080659927173,-0.01059576421045283,-0.26909110570264116,-0.2743889878078676,-0.0007463751873932801,25.78180669981755,15.238879391168165,23.801690028357847,-1.8867418832112008,9320.0,2.4399999999999977,1.0,1.579999999999984,44.0,0.004317293767248638,2.4399999999999977,29.0,0.006607273416556088,5.0,2.5,-0.01059576421045283,-0.2743889878078676,-0.26909110570264116,25.78180669981755,15.238879391168165,23.801690028357847,-1.8867418832112008,24.472573839659333,40.506329113923115,33.73567208884252,0.013627320051226327,0.035436827041023695,0.020000000000038654,0.060000000000002274,0.049999999999954525,1.0,2116.0,2116.0,2021-10-18,2021-10-18 06:15:00,2.4743841290603994,308.0,1.0,best_within_2.0d,2423.0,376.04,0.5832424107187206,4.3760036431226785,32.22527881040892,0.012230020343504162,2.285057100371749,15.890706319702602,0.006381710269403211,0.44303797468354156,1.579999999999984,44.0,0.004317293767248638,2.4399999999999977,29.0,0.006607273416556088,5.0,0.00402220134195386,1.9444468750000041,16.553125,0.005470102952261012,1.0,0
2124.0,2021-10-18 07:00:00,367.39,367.66,367.39,367.64,17349.0,2,2,0.0,sell,False,0.33196721311475536,4.163492493946733,28.239017640954685,0.011578080659927173,0.1502983443386215,-0.1877175354760177,-0.11256836330670694,-0.00030631414906816403,53.961931941424204,80.12925197605651,67.32036866784847,105.74701859247259,17349.0,0.8100000000000023,1.0,2.4399999999999977,29.0,0.006607273416556088,0.8100000000000023,10.0,0.0022079869156330987,2.0,2.0,0.1502983443386215,-0.11256836330670694,-0.1877175354760177,53.961931941424204,80.12925197605651,67.32036866784847,105.74701859247259,38.03921568627487,28.62745098039179,23.03190561899968,0.06804757886714391,0.07349138517652595,0.020000000000038654,0.0,0.25,1.0,2125.0,2125.0,2021-10-18,2021-10-18 07:00:00,0.08976172342508544,23.0,1.0,best_within_2.0d,2147.0,367.31,0.33196721311475536,2.4399999999999977,29.0,0.006607273416556088,0.8100000000000023,10.0,0.0022079869156330987,0.4929364202292669,5.6011759621451125,36.843533123028394,0.015614239272951093,2.82998018927445,22.52492113564669,0.007835530045022196,1.8630914826498424,0.00402220134195386,1.9444468750000041,16.553125,0.005470102952261012,0.0,1
2125.0,2021-10-18 07:05:00,367.67,367.98,367.66,367.95,19910.0,2,2,0.0,sell,False,0.4631147540983592,4.163492493946733,28.239017640954685,0.011578080659927173,0.20625310361477783,-0.16193589752417045,-0.058809345716781536,-0.00016001366294838117,61.08061788423592,85.61647101433957,73.41906945001216,110.01127414299435,19910.0,1.1299999999999955,1.0,2.4399999999999977,29.0,0.006607273416556088,1.1299999999999955,11.0,0.003080278042796771,2.0,2.0,0.20625310361477783,-0.058809345716781536,-0.16193589752417045,61.08061788423592,85.61647101433957,73.41906945001216,110.01127414299435,46.5703971119133,23.104693140792303,23.792394965977387,0.07615524791252283,0.08703693629984038,0.03000000000002956,0.009999999999990905,0.2799999999999727,1.0,2126.0,2126.0,2021-10-18,2021-10-18 07:05:00,0.17393667617882494,22.0,1.0,best_within_2.0d,2147.0,367.31,0.4631147540983592,2.4399999999999977,29.0,0.006607273416556088,1.1299999999999955,11.0,0.003080278042796771,0.4929364202292669,5.6011759621451125,36.843533123028394,0.015614239272951093,2.82998018927445,22.52492113564669,0.007835530045022196,1.8630914826498424,0.00402220134195386,1.9444468750000041,16.553125,0.005470102952261012,0.0,1
2126.0,2021-10-18 07:10:00,367.9,368.03,367.9,368.03,5490.0,2,2,0.0,sell,False,0.4836065573770291,4.163492493946733,28.239017640954685,0.011578080659927173,0.24367583774134716,-0.13147641780650204,-0.009638498935828466,-2.6222621088823903e-05,62.684190342453746,90.41098067622637,79.08303985875023,113.06686231117868,5490.0,1.17999999999995,1.0,2.4399999999999977,29.0,0.006607273416556088,1.17999999999995,12.0,0.0032165735314159736,2.0,2.0,0.24367583774134716,-0.009638498935828466,-0.13147641780650204,62.684190342453746,90.41098067622637,79.08303985875023,113.06686231117868,47.85714285714168,20.71428571428387,24.920319135074433,0.03533568904593516,0.03533568904593516,0.0,0.0,0.12999999999999545,1.0,2127.0,2127.0,2021-10-18,2021-10-18 07:10:00,0.19563622530771146,21.0,1.0,best_within_2.0d,2147.0,367.31,0.4836065573770291,2.4399999999999977,29.0,0.006607273416556088,1.17999999999995,12.0,0.0032165735314159736,0.4929364202292669,5.6011759621451125,36.843533123028394,0.015614239272951093,2.82998018927445,22.52492113564669,0.007835530045022196,1.8630914826498424,0.00402220134195386,1.9444468750000041,16.553125,0.005470102952261012,0.0,1
2127.0,2021-10-18 07:15:00,368.08,368.22,368.04,368.16,21641.0,2,2,0.0,sell,False,0.5614754098360679,4.163492493946733,28.239017640954685,0.011578080659927173,0.27334767582500286,-0.09730795832837669,0.03936587958412474,0.00010708644968231677,65.19386001690103,91.72052799798732,83.29553590516258,108.57051218363677,21641.0,1.3700000000000045,1.0,2.4399999999999977,29.0,0.006607273416556088,1.3700000000000045,13.0,0.0037344963881695637,2.0,2.0,0.27334767582500286,0.03936587958412474,-0.09730795832837669,65.19386001690103,91.72052799798732,83.29553590516258,108.57051218363677,51.07142857142964,20.714285714283452,26.16090756927881,0.021734405564018944,0.048907727420934355,0.060000000000002274,0.03999999999996362,0.08000000000004093,1.0,2128.0,2128.0,2021-10-18,2021-10-18 07:15:00,0.2308778791829701,20.0,1.0,best_within_2.0d,2147.0,367.31,0.5614754098360679,2.4399999999999977,29.0,0.006607273416556088,1.3700000000000045,13.0,0.0037344963881695637,0.4929364202292669,5.6011759621451125,36.843533123028394,0.015614239272951093,2.82998018927445,22.52492113564669,0.007835530045022196,1.8630914826498424,0.00402220134195386,1.9444468750000041,16.553125,0.005470102952261012,0.0,1
2128.0,2021-10-18 07:20:00,368.13,368.29,368.13,368.26,6507.0,2,2,0.0,sell,False,0.5901639344262292,4.163492493946733,28.239017640954685,0.011578080659927173,0.2921538811711873,-0.060788723181978276,0.08528821740361536,0.0002319778826825538,67.03071372933428,93.45994383539193,86.6836718819057,107.01248774236439,6507.0,1.4399999999999977,1.0,2.4399999999999977,29.0,0.006607273416556088,1.4399999999999977,14.0,0.0039253100722366025,2.0,2.0,0.2921538811711873,0.08528821740361536,-0.060788723181978276,67.03071372933428,93.45994383539193,86.6836718819057,107.01248774236439,57.25190839694646,9.160305343509611,29.46468510743411,0.035313612039224035,0.04346290712520713,0.03000000000002956,0.0,0.12999999999999545,1.0,2129.0,2129.0,2021-10-18,2021-10-18 07:20:00,0.25796991256177393,19.0,1.0,best_within_2.0d,2147.0,367.31,0.5901639344262292,2.4399999999999977,29.0,0.006607273416556088,1.4399999999999977,14.0,0.0039253100722366025,0.4929364202292669,5.6011759621451125,36.843533123028394,0.015614239272951093,2.82998018927445,22.52492113564669,0.007835530045022196,1.8630914826498424,0.00402220134195386,1.9444468750000041,16.553125,0.005470102952261012,0.0,1
2129.0,2021-10-18 07:25:00,368.34,368.61,368.26,368.61,11726.0,2,2,0.0,sell,False,0.721311475409833,4.163492493946733,28.239017640954685,0.011578080659927173,0.3344068201768883,-0.01898787065986724,0.1482155394285769,0.0004030583048123432,72.50077183871298,95.63996255692794,89.6691021069131,107.58168345695765,11726.0,1.759999999999991,1.0,2.4399999999999977,29.0,0.006607273416556088,1.759999999999991,15.0,0.004797601199400274,2.0,2.0,0.3344068201768883,0.1482155394285769,-0.01898787065986724,72.50077183871298,95.63996255692794,89.6691021069131,107.58168345695765,65.23297491039222,3.225806451611917,33.8297730447866,0.07330184069067673,0.09504154673329245,0.0,0.07999999999998408,0.27000000000003865,1.0,2130.0,2130.0,2021-10-18,2021-10-18 07:25:00,0.3526762703127998,18.0,1.0,best_within_2.0d,2147.0,367.31,0.721311475409833,2.4399999999999977,29.0,0.006607273416556088,1.759999999999991,15.0,0.004797601199400274,0.4929364202292669,5.6011759621451125,36.843533123028394,0.015614239272951093,2.82998018927445,22.52492113564669,0.007835530045022196,1.8630914826498424,0.00402220134195386,1.9444468750000041,16.553125,0.005470102952261012,0.0,1
2130.0,2021-10-18 07:30:00,368.59,368.63,368.34,368.34,11234.0,2,2,0.0,sell,False,0.729508196721301,4.163492493946733,28.239017640954685,0.011578080659927173,0.3092446647985246,0.01966771243994833,0.17429004483921062,0.0004739069943090507,63.718118502081936,89.77007604805242,89.70276008729287,89.90470796957149,11234.0,1.7799999999999727,1.0,2.4399999999999977,29.0,0.006607273416556088,1.7799999999999727,16.0,0.004852119394847956,2.0,2.0,0.3092446647985246,0.17429004483921062,0.01966771243994833,63.718118502081936,89.77007604805242,89.70276008729287,89.90470796957149,57.49128919860424,3.135888501741222,37.8173015711444,-0.06782603977318973,0.07873160666775818,0.040000000000020464,0.0,0.25,0.0,2131.0,2131.0,2021-10-18,2021-10-18 07:30:00,0.2796329478199416,17.0,1.0,best_within_2.0d,2147.0,367.31,0.729508196721301,2.4399999999999977,29.0,0.006607273416556088,1.7799999999999727,16.0,0.004852119394847956,0.4929364202292669,5.6011759621451125,36.843533123028394,0.015614239272951093,2.82998018927445,22.52492113564669,0.007835530045022196,1.8630914826498424,0.00402220134195386,1.9444468750000041,16.553125,0.005470102952261012,1.0,1
2147.0,2021-10-18 08:55:00,366.98,367.31,366.9301,367.31,29650.0,2s,2s,1.0,buy,False,0.39234177215192145,4.163492493946733,28.239017640954685,0.011578080659927173,-0.22714663260537635,0.008303491740673224,-0.10526982456201495,-0.000286229949631768,39.42876495145273,23.540242426901933,30.232363263583217,10.156000753539374,29650.0,1.6999000000000137,1.0,1.579999999999984,44.0,0.004317293767248638,1.6999000000000137,18.0,0.0046113989637306075,6.0,2.5,-0.22714663260537635,-0.10526982456201495,0.008303491740673224,39.42876495145273,23.540242426901933,30.232363263583217,10.156000753539374,5.783487267566765,43.46203052980249,49.83006658662565,0.08992315657528586,0.10353470592900953,0.0,0.04990000000003647,0.3299999999999841,1.0,2148.0,2148.0,2021-10-18,2021-10-18 08:55:00,2.376738994309988,276.0,1.0,best_within_2.0d,2423.0,376.04,0.5832424107187206,4.3760036431226785,32.22527881040892,0.012230020343504162,2.285057100371749,15.890706319702602,0.006381710269403211,0.39234177215192145,1.579999999999984,44.0,0.004317293767248638,1.6999000000000137,18.0,0.0046113989637306075,6.0,0.00402220134195386,1.9444468750000041,16.553125,0.005470102952261012,1.0,0
2151.0,2021-10-18 09:15:00,367.359,367.5,367.3,367.49,33196.0,2s,2s,0.0,sell,False,0.26639344262294173,4.163492493946733,28.239017640954685,0.011578080659927173,-0.12159761164419797,-0.0744080121652537,-0.13520681798735268,-0.00036772684782623855,45.02793824993145,41.2117874137897,34.91157752603495,53.812207189299215,33196.0,0.5699000000000183,1.0,2.4399999999999977,29.0,0.006607273416556088,0.5699000000000183,5.0,0.0015531568546707352,1.0,2.5,-0.12159761164419797,-0.13520681798735268,-0.0744080121652537,45.02793824993145,41.2117874137897,34.91157752603495,53.812207189299215,17.297764804456286,37.56588015892223,50.42829683143142,0.03565994027641317,0.05445140212360158,0.009999999999990905,0.05899999999996908,0.13100000000002865,1.0,2152.0,2152.0,2021-10-18,2021-10-18 09:15:00,0.0299327872867326,108.0,1.0,best_within_2.0d,2259.0,367.38,0.5832424107187206,4.3760036431226785,32.22527881040892,0.012230020343504162,2.285057100371749,15.890706319702602,0.006381710269403211,0.26639344262294173,2.4399999999999977,29.0,0.006607273416556088,0.5699000000000183,5.0,0.0015531568546707352,1.0,0.00402220134195386,1.9444468750000041,16.553125,0.005470102952261012,0.0,1
2152.0,2021-10-18 09:20:00,367.53,367.56,367.35,367.46,9662.0,2s,2s,0.0,sell,False,0.29098360655736893,4.163492493946733,28.239017640954685,0.011578080659927173,-0.09242694764022308,-0.08596138062028158,-0.13217485444039312,-0.0003594968399930305,44.359052703720096,45.50017381826121,38.441109623443694,59.61830220789625,9662.0,0.6299000000000206,1.0,2.4399999999999977,29.0,0.006607273416556088,0.6299000000000206,6.0,0.0017166757374225243,1.0,2.5,-0.09242694764022308,-0.13217485444039312,-0.08596138062028158,44.359052703720096,45.50017381826121,38.441109623443694,59.61830220789625,17.585763405865194,36.48127247434265,49.32258266212103,-0.019046064266860716,0.05716619028174207,0.03000000000002956,0.1099999999999568,0.06999999999999318,0.0,2153.0,2153.0,2021-10-18,2021-10-18 09:20:00,0.02177107712403638,107.0,1.0,best_within_2.0d,2259.0,367.38,0.5832424107187206,4.3760036431226785,32.22527881040892,0.012230020343504162,2.285057100371749,15.890706319702602,0.006381710269403211,0.29098360655736893,2.4399999999999977,29.0,0.006607273416556088,0.6299000000000206,6.0,0.0017166757374225243,1.0,0.00402220134195386,1.9444468750000041,16.553125,0.005470102952261012,0.0,1
2153.0,2021-10-18 09:25:00,367.48,367.65,367.4,367.6,45113.0,2s,2s,0.0,sell,False,0.32786885245899805,4.163492493946733,28.239017640954685,0.011578080659927173,-0.04986183438260472,-0.09219410991810717,-0.11712502710940953,-0.0003185676981465906,48.2243820579109,53.84118686877067,43.574468705219346,74.37462319587331,45113.0,0.7198999999999955,1.0,2.4399999999999977,29.0,0.006607273416556088,0.7198999999999955,7.0,0.0019619540615501306,1.0,2.5,-0.04986183438260472,-0.11712502710940953,-0.09219410991810717,48.2243820579109,53.84118686877067,43.574468705219346,74.37462319587331,16.446059577178215,36.86835194567408,48.53564020966764,0.03265483835855136,0.06804572672836146,0.049999999999954525,0.08000000000004093,0.12000000000000455,1.0,2154.0,2154.0,2021-10-18,2021-10-18 09:25:00,0.059847660500551486,106.0,1.0,best_within_2.0d,2259.0,367.38,0.5832424107187206,4.3760036431226785,32.22527881040892,0.012230020343504162,2.285057100371749,15.890706319702602,0.006381710269403211,0.32786885245899805,2.4399999999999977,29.0,0.006607273416556088,0.7198999999999955,7.0,0.0019619540615501306,1.0,0.00402220134195386,1.9444468750000041,16.553125,0.005470102952261012,0.0,1
2154.0,2021-10-18 09:30:00,367.6,367.96,367.2,367.23,932334.0,2s,2s,0.0,sell,False,0.454918032786868,4.163492493946733,28.239017640954685,0.011578080659927173,-0.06611304528635814,-0.10045824057890193,-0.133514763222081,-0.00036317761014497345,40.26348935126091,45.60056857050766,44.249835326982115,48.30203505755874,932334.0,1.0298999999999978,1.0,2.4399999999999977,29.0,0.006607273416556088,1.0298999999999978,8.0,0.0028068016224343487,1.0,2.5,-0.06611304528635814,-0.133514763222081,-0.10045824057890193,40.26348935126091,45.60056857050766,44.249835326982115,48.30203505755874,21.729479660740658,30.372204958058504,46.25367932405627,-0.10065288356909809,0.20697167755991036,0.3599999999999568,0.03000000000002956,0.37000000000000455,0.0,2155.0,2155.0,2021-10-18,2021-10-18 09:30:00,-0.0408463360836471,105.0,1.0,best_within_2.0d,2259.0,367.38,0.5832424107187206,4.3760036431226785,32.22527881040892,0.012230020343504162,2.285057100371749,15.890706319702602,0.006381710269403211,0.454918032786868,2.4399999999999977,29.0,0.006607273416556088,1.0298999999999978,8.0,0.0028068016224343487,1.0,0.00402220134195386,1.9444468750000041,16.553125,0.005470102952261012,0.0,1
2156.0,2021-10-18 09:40:00,367.74,368.6,367.56,368.46,765207.0,2s,2s,0.0,sell,False,0.717213114754099,4.163492493946733,28.239017640954685,0.011578080659927173,0.12734081950109566,-0.08495998732978682,-0.021289577579238994,-5.789933324557524e-05,63.054143222131444,68.60851061713848,55.26067302051944,95.30418581037655,765207.0,1.669900000000041,1.0,2.4399999999999977,29.0,0.006607273416556088,1.669900000000041,10.0,0.004551003038453485,1.0,2.5,0.12734081950109566,-0.021289577579238994,-0.08495998732978682,63.054143222131444,68.60851061713848,55.26067302051944,95.30418581037655,26.78307659843892,23.737427023984715,41.53417630582585,0.19579050416054017,0.2829470018500437,0.1400000000000432,0.18000000000000682,0.7199999999999704,1.0,2157.0,2157.0,2021-10-18,2021-10-18 09:40:00,0.29311187103077246,103.0,1.0,best_within_2.0d,2259.0,367.38,0.5832424107187206,4.3760036431226785,32.22527881040892,0.012230020343504162,2.285057100371749,15.890706319702602,0.006381710269403211,0.717213114754099,2.4399999999999977,29.0,0.006607273416556088,1.669900000000041,10.0,0.004551003038453485,1.0,0.00402220134195386,1.9444468750000041,16.553125,0.005470102952261012,0.0,1
2157.0,2021-10-18 09:45:00,368.42,369.04,368.305,369.01,625830.0,2s,2s,0.0,sell,False,0.8975409836065573,4.163492493946733,28.239017640954685,0.011578080659927173,0.2743314397351092,-0.05066855736289817,0.08649716250465644,0.0002351764181889454,68.94145588074599,78.58453553337638,63.03529385813842,109.68301888385233,625830.0,2.1099000000000387,1.0,2.4399999999999977,29.0,0.006607273416556088,2.1099000000000387,11.0,0.005750141511966554,1.0,2.5,0.2743314397351092,0.08649716250465644,-0.05066855736289817,68.94145588074599,78.58453553337638,63.03529385813842,109.68301888385233,31.551962454595273,19.124690604004282,40.3190691993907,0.16014331469517806,0.19956286230162873,0.03000000000002956,0.1150000000000091,0.589999999999975,1.0,2158.0,2158.0,2021-10-18,2021-10-18 09:45:00,0.44172244654616283,102.0,1.0,best_within_2.0d,2259.0,367.38,0.5832424107187206,4.3760036431226785,32.22527881040892,0.012230020343504162,2.285057100371749,15.890706319702602,0.006381710269403211,0.8975409836065573,2.4399999999999977,29.0,0.006607273416556088,2.1099000000000387,11.0,0.005750141511966554,1.0,0.00402220134195386,1.9444468750000041,16.553125,0.005470102952261012,0.0,1
2158.0,2021-10-18 09:50:00,369.0101,369.24,368.79,368.84,428512.0,2s,2s,0.0,sell,False,0.9795081967213068,4.163492493946733,28.239017640954685,0.011578080659927173,0.3313072708674798,-0.009255148504463195,0.15639848692927671,0.0004251412380348274,65.46883869015205,79.79709776299114,68.62256182642265,102.14616963612812,428512.0,2.3099000000000274,1.0,2.4399999999999977,29.0,0.006607273416556088,2.3099000000000274,12.0,0.006295204454472466,1.0,2.5,0.3313072708674798,0.15639848692927671,-0.009255148504463195,65.46883869015205,79.79709776299114,68.62256182642265,102.14616963612812,32.96334854098358,18.217030527572028,39.497167393195255,-0.046096299261198445,0.12202066216545693,0.22989999999998645,0.049999999999954525,0.17010000000004766,0.0,2159.0,2159.0,2021-10-18,2021-10-18 09:50:00,0.39583559266890245,101.0,1.0,best_within_2.0d,2259.0,367.38,0.5832424107187206,4.3760036431226785,32.22527881040892,0.012230020343504162,2.285057100371749,15.890706319702602,0.006381710269403211,0.9795081967213068,2.4399999999999977,29.0,0.006607273416556088,2.3099000000000274,12.0,0.006295204454472466,1.0,0.00402220134195386,1.9444468750000041,16.553125,0.005470102952261012,0.0,1
2159.0,2021-10-18 09:55:00,368.83,369.32,368.7,369.08,380064.0,1,1,0.0,sell,False,2.1311327405073284,2.3899000000000115,13.0,0.0065132296314748,0.38045217689488847,0.03830137360739786,0.2285274620548421,0.0006210601283386124,67.9251746404187,83.09792211381082,73.4476819222187,102.39840249699506,380064.0,2.3899000000000115,1.0,2.3899000000000115,13.0,0.0065132296314748,2.3899000000000115,13.0,0.0065132296314748,1.0,1.0,0.38045217689488847,0.2285274620548421,0.03830137360739786,67.9251746404187,83.09792211381082,73.4476819222187,102.39840249699506,32.81264287238219,12.647444298820465,39.84437178154105,0.06778190494265651,0.16815839435855834,0.2400000000000091,0.12999999999999545,0.25,1.0,2160.0,2160.0,2021-10-18,2021-10-18 09:55:00,0.4606047469383301,100.0,1.0,best_within_2.0d,2259.0,367.38,0.5832424107187206,4.3760036431226785,32.22527881040892,0.012230020343504162,2.285057100371749,15.890706319702602,0.006381710269403211,0.4929364202292669,5.6011759621451125,36.843533123028394,0.015614239272951093,2.82998018927445,22.52492113564669,0.007835530045022196,1.8630914826498424,0.00402220134195386,1.9444468750000041,16.553125,0.005470102952261012,0.0,1
2161.0,2021-10-18 10:05:00,369.16,369.58,369.07,369.455,347087.0,1,1,0.0,sell,False,2.4007076722477887,2.6499000000000024,15.0,0.0072218114567325015,0.4285771313896819,0.1419669140945699,0.35625547978941086,0.0009676753073158934,71.53848765032177,89.34750180568419,81.63355481658165,104.77539578388925,347087.0,2.6499000000000024,1.0,2.6499000000000024,15.0,0.0072218114567325015,2.6499000000000024,15.0,0.0072218114567325015,1.0,1.0,0.4285771313896819,0.35625547978941086,0.1419669140945699,71.53848765032177,89.34750180568419,81.63355481658165,104.77539578388925,39.000897761681586,6.695171868105051,43.53848355219154,0.07991114963700267,0.13818516812528542,0.125,0.09000000000003183,0.2949999999999591,1.0,2162.0,2162.0,2021-10-18,2021-10-18 10:05:00,0.5616380885358132,98.0,1.0,best_within_2.0d,2259.0,367.38,0.5832424107187206,4.3760036431226785,32.22527881040892,0.012230020343504162,2.285057100371749,15.890706319702602,0.006381710269403211,0.4929364202292669,5.6011759621451125,36.843533123028394,0.015614239272951093,2.82998018927445,22.52492113564669,0.007835530045022196,1.8630914826498424,0.00402220134195386,1.9444468750000041,16.553125,0.005470102952261012,0.0,1
2162.0,2021-10-18 10:10:00,369.455,369.63,369.25,369.61,376349.0,1,1,0.0,sell,False,2.4688873302365963,2.6999000000000137,16.0,0.007358077192359019,0.440748581777889,0.19706048681680605,0.41743477770575055,0.0011335213418189258,72.91739532895294,92.64580928459776,85.30430630592035,107.32881524195258,376349.0,2.6999000000000137,1.0,2.6999000000000137,16.0,0.007358077192359019,2.6999000000000137,16.0,0.007358077192359019,1.0,1.0,0.440748581777889,0.41743477770575055,0.19706048681680605,72.91739532895294,92.64580928459776,85.30430630592035,107.32881524195258,36.18388897939789,6.516684192597627,45.39125606567346,0.041953688541237655,0.10291130670277468,0.01999999999998181,0.20499999999998408,0.15500000000002956,1.0,2163.0,2163.0,2021-10-18,2021-10-18 10:10:00,0.6033386542571949,97.0,1.0,best_within_2.0d,2259.0,367.38,0.5832424107187206,4.3760036431226785,32.22527881040892,0.012230020343504162,2.285057100371749,15.890706319702602,0.006381710269403211,0.4929364202292669,5.6011759621451125,36.843533123028394,0.015614239272951093,2.82998018927445,22.52492113564669,0.007835530045022196,1.8630914826498424,0.00402220134195386,1.9444468750000041,16.553125,0.005470102952261012,0.0,1
2163.0,2021-10-18 10:15:00,369.6,369.63,369.2,369.31,267693.0,1,1,0.0,sell,False,2.468887872390233,2.6999000000000137,17.0,0.007358077192359019,0.38338891814560716,0.24498410158500694,0.4366785606578105,0.0011855272838917088,66.22931165437632,91.05680214932786,87.22180492038952,98.72679660720459,267693.0,2.6999000000000137,1.0,2.6999000000000137,17.0,0.007358077192359019,2.6999000000000137,17.0,0.007358077192359019,1.0,1.0,0.38338891814560716,0.4366785606578105,0.24498410158500694,66.22931165437632,91.05680214932786,87.22180492038952,98.72679660720459,34.655816015675015,7.008109383715586,46.88894218196304,-0.078463203463209,0.11646803900325212,0.029999999999972715,0.11000000000001364,0.29000000000002046,0.0,2164.0,2164.0,2021-10-18,2021-10-18 10:15:00,0.5225961929002754,96.0,1.0,best_within_2.0d,2259.0,367.38,0.5832424107187206,4.3760036431226785,32.22527881040892,0.012230020343504162,2.285057100371749,15.890706319702602,0.006381710269403211,0.4929364202292669,5.6011759621451125,36.843533123028394,0.015614239272951093,2.82998018927445,22.52492113564669,0.007835530045022196,1.8630914826498424,0.00402220134195386,1.9444468750000041,16.553125,0.005470102952261012,1.0,1
2167.0,2021-10-18 10:35:00,369.02,369.11,368.79,369.079,316534.0,3a,3a,1.0,buy,False,0.0005989165055944989,4.163492493946733,28.239017640954685,0.011578080659927173,0.10461059219753488,0.35069296817944273,0.40299826427821017,0.0010934427826974134,59.059267505619,59.31796373359955,73.48221459158547,30.989462017627687,316534.0,0.839999999999975,2.0,0.839999999999975,5.0,0.002272542813083286,0.839999999999975,5.0,0.002272542813083286,3.0,3.0,0.10461059219753488,0.40299826427821017,0.35069296817944273,59.059267505619,59.31796373359955,73.48221459158547,30.989462017627687,30.771970086653916,11.342803255120236,49.805361435246674,0.015988293317442392,0.08677024865099194,0.03100000000000591,0.22999999999996135,0.05900000000002592,1.0,2168.0,2168.0,2021-10-18,2021-10-18 10:35:00,2.021518428303971,380.0,1.0,best_within_2.0d,2547.0,376.54,0.5832424107187206,4.3760036431226785,32.22527881040892,0.012230020343504162,2.285057100371749,15.890706319702602,0.006381710269403211,0.4929364202292669,5.6011759621451125,36.843533123028394,0.015614239272951093,2.82998018927445,22.52492113564669,0.007835530045022196,1.8630914826498424,0.0005989165055944989,0.839999999999975,5.0,0.002272542813083286,1.0,0
2171.0,2021-10-18 10:55:00,369.83,369.905,369.72,369.81,192146.0,1p,1p,0.0,sell,False,0.25265185868876266,1.1149999999999523,5.0,0.0030234008514329353,0.11135597366580563,0.3976453947830708,0.45332338161597363,0.001229046664645564,67.68815160678996,82.42800487392675,75.32485953800324,96.6342955457738,192146.0,1.1149999999999523,0.0,1.1149999999999523,5.0,0.0030234008514329353,1.1149999999999523,0.0,0.0,1.0,1.0,0.11135597366580563,0.45332338161597363,0.3976453947830708,67.68815160678996,82.42800487392675,75.32485953800324,96.6342955457738,30.055147058822644,11.948529411764417,49.814735235019434,-0.005407890111668013,0.05003786649354793,0.07499999999998863,0.08999999999997499,0.01999999999998181,0.0,2172.0,2172.0,2021-10-18,2021-10-18 10:55:00,0.7706660176847632,375.0,1.0,best_within_2.0d,2546.0,366.96,0.5832424107187206,4.3760036431226785,32.22527881040892,0.012230020343504162,2.285057100371749,15.890706319702602,0.006381710269403211,0.4929364202292669,5.6011759621451125,36.843533123028394,0.015614239272951093,2.82998018927445,22.52492113564669,0.007835530045022196,1.8630914826498424,0.00402220134195386,1.9444468750000041,16.553125,0.005470102952261012,0.0,1
2172.0,2021-10-18 11:00:00,369.8195,370.1099,369.8195,370.05,313370.0,1p,1p,0.0,sell,False,0.29891928882431995,1.3198999999999614,6.0,0.003579001599826355,0.13174828250730308,0.4141139300964837,0.4799880713501352,0.0013010239864073854,70.2351242867794,86.77259571841165,79.14077159813937,102.03624395895622,313370.0,1.3198999999999614,0.0,1.3198999999999614,6.0,0.003579001599826355,1.3198999999999614,0.0,0.0,1.0,1.0,0.13174828250730308,0.4799880713501352,0.4141139300964837,70.2351242867794,86.77259571841165,79.14077159813937,102.03624395895622,31.000586022419625,12.28756687271944,49.344322858475536,0.06232770310922122,0.07852479385212972,0.05989999999997053,0.0,0.23050000000000637,1.0,2173.0,2173.0,2021-10-18,2021-10-18 11:00:00,0.8350222942845648,374.0,1.0,best_within_2.0d,2546.0,366.96,0.5832424107187206,4.3760036431226785,32.22527881040892,0.012230020343504162,2.285057100371749,15.890706319702602,0.006381710269403211,0.4929364202292669,5.6011759621451125,36.843533123028394,0.015614239272951093,2.82998018927445,22.52492113564669,0.007835530045022196,1.8630914826498424,0.00402220134195386,1.9444468750000041,16.553125,0.005470102952261012,0.0,1
2173.0,2021-10-18 11:05:00,370.055,370.47,370.01,370.345,587532.0,1p,1p,0.0,sell,False,0.3805455517662071,1.6800000000000068,7.0,0.0045554380541771924,0.1677249502973952,0.4350795488836581,0.5189420240323557,0.0014062107696585333,73.04740417171402,88.70157174878237,82.32770498168703,101.44930528297303,587532.0,1.6800000000000068,0.0,1.6800000000000068,7.0,0.0045554380541771924,1.6800000000000068,0.0,0.0,1.0,1.0,0.1677249502973952,0.5189420240323557,0.4350795488836581,73.04740417171402,88.70157174878237,82.32770498168703,101.44930528297303,38.98711475857257,10.916392132399256,49.83758551144181,0.07836672926997891,0.12432096429827204,0.125,0.045000000000015916,0.29000000000002046,1.0,2174.0,2174.0,2021-10-18,2021-10-18 11:05:00,0.9140126098637884,373.0,1.0,best_within_2.0d,2546.0,366.96,0.5832424107187206,4.3760036431226785,32.22527881040892,0.012230020343504162,2.285057100371749,15.890706319702602,0.006381710269403211,0.4929364202292669,5.6011759621451125,36.843533123028394,0.015614239272951093,2.82998018927445,22.52492113564669,0.007835530045022196,1.8630914826498424,0.00402220134195386,1.9444468750000041,16.553125,0.005470102952261012,0.0,1
2174.0,2021-10-18 11:10:00,370.35,370.555,370.2701,370.29,312237.0,1p,1p,0.0,sell,False,0.3805455517662071,1.7649999999999864,8.0,0.004785921527156339,0.16652899222191098,0.45589567291139693,0.5391601690223524,0.0014606294563371284,71.68745404808803,87.46299306387212,84.03946767574872,94.31004384011894,312237.0,1.7649999999999864,0.0,1.7649999999999864,8.0,0.004785921527156339,1.7649999999999864,0.0,0.0,1.0,1.0,0.16652899222191098,0.5391601690223524,0.45589567291139693,71.68745404808803,87.46299306387212,84.03946767574872,94.31004384011894,40.76405724564013,10.94861969187361,50.39604044858046,-0.01620089104900831,0.07694383100336571,0.20499999999998408,0.019900000000006912,0.060000000000002274,0.0,2175.0,2175.0,2021-10-18,2021-10-18 11:10:00,0.8992951470469203,372.0,1.0,best_within_2.0d,2546.0,366.96,0.5832424107187206,4.3760036431226785,32.22527881040892,0.012230020343504162,2.285057100371749,15.890706319702602,0.006381710269403211,0.4929364202292669,5.6011759621451125,36.843533123028394,0.015614239272951093,2.82998018927445,22.52492113564669,0.007835530045022196,1.8630914826498424,0.00402220134195386,1.9444468750000041,16.553125,0.005470102952261012,0.0,1
2176.0,2021-10-18 11:20:00,370.49,370.68,370.36,370.59,312870.0,1p,1p,0.0,sell,False,0.39319607679193913,1.8899999999999864,10.0,0.005124867810949283,0.1733006525262848,0.4991817230419118,0.5858320493050542,0.0015862039906198412,74.54926852628854,91.63185800215689,87.94495269683263,99.00566861280541,312870.0,1.8899999999999864,0.0,1.8899999999999864,10.0,0.005124867810949283,1.8899999999999864,0.0,0.0,1.0,1.0,0.1733006525262848,0.5858320493050542,0.4991817230419118,74.54926852628854,91.63185800215689,87.94495269683263,99.00566861280541,36.76773502513063,12.772925764191836,49.96191689975611,0.026991281815964233,0.08640241926773766,0.09000000000003183,0.12999999999999545,0.0999999999999659,1.0,2177.0,2177.0,2021-10-18,2021-10-18 11:20:00,0.9795191451469266,370.0,1.0,best_within_2.0d,2546.0,366.96,0.5832424107187206,4.3760036431226785,32.22527881040892,0.012230020343504162,2.285057100371749,15.890706319702602,0.006381710269403211,0.4929364202292669,5.6011759621451125,36.843533123028394,0.015614239272951093,2.82998018927445,22.52492113564669,0.007835530045022196,1.8630914826498424,0.00402220134195386,1.9444468750000041,16.553125,0.005470102952261012,0.0,1
2177.0,2021-10-18 11:25:00,370.59,370.69,370.37,370.4013,272419.0,1p,1p,0.0,sell,False,0.39319607679193913,1.8999999999999773,11.0,0.005151983513652695,0.13122539283354362,0.5155848971461048,0.5811975935628766,0.0015733175152667141,69.56079860191774,87.69163493850075,87.86051344405533,87.35387792739158,272419.0,1.8999999999999773,0.0,1.8999999999999773,11.0,0.005151983513652695,1.8999999999999773,0.0,0.0,1.0,1.0,0.13122539283354362,0.5811975935628766,0.5155848971461048,69.56079860191774,87.69163493850075,87.86051344405533,87.35387792739158,37.830888551678434,12.015258809643719,50.09253868984631,-0.05091880514854233,0.08640008640008455,0.10000000000002274,0.03129999999998745,0.188699999999983,0.0,2178.0,2178.0,2021-10-18,2021-10-18 11:25:00,0.929073413079277,369.0,1.0,best_within_2.0d,2546.0,366.96,0.5832424107187206,4.3760036431226785,32.22527881040892,0.012230020343504162,2.285057100371749,15.890706319702602,0.006381710269403211,0.4929364202292669,5.6011759621451125,36.843533123028394,0.015614239272951093,2.82998018927445,22.52492113564669,0.007835530045022196,1.8630914826498424,0.00402220134195386,1.9444468750000041,16.553125,0.005470102952261012,0.0,1
2179.0,2021-10-18 11:35:00,370.6,370.7581,370.48,370.49,340859.0,1p,1p,0.0,sell,False,0.39319607679193913,1.9680999999999926,13.0,0.005336641449063132,0.07269361894838844,0.5387538734399887,0.5751006829141829,0.0015561344626599328,68.9613778047191,84.03770024985678,86.83269817737042,78.44770439482951,340859.0,1.9680999999999926,0.0,1.9680999999999926,13.0,0.005336641449063132,1.9680999999999926,0.0,0.0,1.0,1.0,0.07269361894838844,0.5751006829141829,0.5387538734399887,68.9613778047191,84.03770024985678,86.83269817737042,78.44770439482951,37.30231761861024,10.060133963919734,51.180066714890245,-0.02968159740960972,0.07506478082487446,0.15809999999999036,0.009999999999990905,0.11000000000001364,0.0,2180.0,2180.0,2021-10-18,2021-10-18 11:35:00,0.9527922481038705,367.0,1.0,best_within_2.0d,2546.0,366.96,0.5832424107187206,4.3760036431226785,32.22527881040892,0.012230020343504162,2.285057100371749,15.890706319702602,0.006381710269403211,0.4929364202292669,5.6011759621451125,36.843533123028394,0.015614239272951093,2.82998018927445,22.52492113564669,0.007835530045022196,1.8630914826498424,0.00402220134195386,1.9444468750000041,16.553125,0.005470102952261012,0.0,1
2181.0,2021-10-18 11:45:00,370.58,370.86,370.56,370.77,202192.0,1p,1p,0.0,sell,False,0.39319607679193913,2.069999999999993,15.0,0.005612950459611142,0.03892987440627382,0.5489882227451256,0.5684531599482625,0.0015374950266537268,72.23313789868872,84.68603225570877,85.11502461531725,83.8280475364918,202192.0,2.069999999999993,0.0,2.069999999999993,15.0,0.005612950459611142,2.069999999999993,0.0,0.0,1.0,1.0,0.03892987440627382,0.5684531599482625,0.5489882227451256,72.23313789868872,84.68603225570877,85.11502461531725,83.8280475364918,44.614461446145235,2.5410233331035914,55.131967927969825,0.051270980624965656,0.08095854922280099,0.09000000000003183,0.01999999999998181,0.18999999999999773,1.0,2182.0,2182.0,2021-10-18,2021-10-18 11:45:00,1.0275912290638407,365.0,1.0,best_within_2.0d,2546.0,366.96,0.5832424107187206,4.3760036431226785,32.22527881040892,0.012230020343504162,2.285057100371749,15.890706319702602,0.006381710269403211,0.4929364202292669,5.6011759621451125,36.843533123028394,0.015614239272951093,2.82998018927445,22.52492113564669,0.007835530045022196,1.8630914826498424,0.00402220134195386,1.9444468750000041,16.553125,0.005470102952261012,0.0,1
2182.0,2021-10-18 11:50:00,370.7525,370.975,370.73,370.97,195633.0,1p,1p,0.0,sell,False,0.39319607679193913,2.1850000000000023,16.0,0.005924781040700676,0.04988957710451891,0.5552244198831905,0.58016920843545,0.0015687926835370079,74.35070163509876,89.57282324672545,86.60095749245332,95.51655475526974,195633.0,2.1850000000000023,0.0,2.1850000000000023,16.0,0.005924781040700676,2.1850000000000023,0.0,0.0,1.0,1.0,0.04988957710451891,0.58016920843545,0.5552244198831905,74.35070163509876,89.57282324672545,86.60095749245332,95.51655475526974,39.92587029724683,2.667215775577051,57.44224361532197,0.05866447293006239,0.06608583065843189,0.0049999999999954525,0.022499999999979536,0.21750000000002956,1.0,2183.0,2183.0,2021-10-18,2021-10-18 11:50:00,1.0809499420438438,364.0,1.0,best_within_2.0d,2546.0,366.96,0.5832424107187206,4.3760036431226785,32.22527881040892,0.012230020343504162,2.285057100371749,15.890706319702602,0.006381710269403211,0.4929364202292669,5.6011759621451125,36.843533123028394,0.015614239272951093,2.82998018927445,22.52492113564669,0.007835530045022196,1.8630914826498424,0.00402220134195386,1.9444468750000041,16.553125,0.005470102952261012,0.0,1
2183.0,2021-10-18 11:55:00,370.97,371.02,370.74,370.7599,180480.0,1p,1p,0.0,sell,False,0.39319607679193913,2.2299999999999613,17.0,0.006046801702866025,0.017203679918199377,0.5573748798729654,0.5659767198320651,0.0015301274291697566,68.44549253049951,82.34484512744802,85.18225337078488,76.67002864077432,180480.0,2.2299999999999613,0.0,2.2299999999999613,17.0,0.006046801702866025,2.2299999999999613,0.0,0.0,1.0,1.0,0.017203679918199377,0.5659767198320651,0.5573748798729654,68.44549253049951,82.34484512744802,85.18225337078488,76.67002864077432,40.14424828189149,2.673692901722877,59.59003642942035,-0.05663530743726211,0.07552462642282265,0.049999999999954525,0.019900000000006912,0.21010000000001128,0.0,2184.0,2184.0,2021-10-18,2021-10-18 11:55:00,1.0248950870900646,363.0,1.0,best_within_2.0d,2546.0,366.96,0.5832424107187206,4.3760036431226785,32.22527881040892,0.012230020343504162,2.285057100371749,15.890706319702602,0.006381710269403211,0.4929364202292669,5.6011759621451125,36.843533123028394,0.015614239272951093,2.82998018927445,22.52492113564669,0.007835530045022196,1.8630914826498424,0.00402220134195386,1.9444468750000041,16.553125,0.005470102952261012,0.0,1
2186.0,2021-10-18 12:10:00,371.01,371.045,370.79,370.87,211726.0,1p,1p,0.0,sell,False,0.39319607679193913,2.2549999999999955,20.0,0.006114590959624706,-0.0350391024128609,0.5514373762756689,0.5339178250692385,0.0014426400546134583,67.5226481671206,82.26995593632202,83.37894690040775,80.05197400815055,211726.0,2.2549999999999955,0.0,2.2549999999999955,20.0,0.006114590959624706,2.2549999999999955,0.0,0.0,1.0,1.0,-0.0350391024128609,0.5339178250692385,0.5514373762756689,67.5226481671206,82.26995593632202,83.37894690040775,80.05197400815055,31.20343982801034,4.752262386881452,62.67412354632804,-0.037734831945226914,0.06877208123196296,0.03500000000002501,0.07999999999998408,0.13999999999998636,0.0,2187.0,2187.0,2021-10-18,2021-10-18 12:10:00,1.0542777792757636,360.0,1.0,best_within_2.0d,2546.0,366.96,0.5832424107187206,4.3760036431226785,32.22527881040892,0.012230020343504162,2.285057100371749,15.890706319702602,0.006381710269403211,0.4929364202292669,5.6011759621451125,36.843533123028394,0.015614239272951093,2.82998018927445,22.52492113564669,0.007835530045022196,1.8630914826498424,0.00402220134195386,1.9444468750000041,16.553125,0.005470102952261012,1.0,1
2191.0,2021-10-18 12:35:00,371.03,371.19,370.99,371.0799,215975.0,1p,1p,0.0,sell,False,0.39319607679193913,2.3999999999999773,25.0,0.006507768648824472,-0.09344616463064437,0.4939283418859026,0.44720525957058044,0.0012074650287634534,69.44486780585892,78.9816144515597,76.99783753038216,82.94916829391477,215975.0,2.3999999999999773,0.0,2.3999999999999773,25.0,0.006507768648824472,2.3999999999999773,0.0,0.0,1.0,1.0,-0.09344616463064437,0.44720525957058044,0.4939283418859026,69.44486780585892,78.9816144515597,76.99783753038216,82.94916829391477,26.74692889746868,7.9343197622776325,59.67047514774773,0.013449047246863185,0.053909808889724416,0.11009999999998854,0.03999999999996362,0.04990000000003647,1.0,2192.0,2192.0,2021-10-18,2021-10-18 12:35:00,1.1102460682995843,355.0,1.0,best_within_2.0d,2546.0,366.96,0.5832424107187206,4.3760036431226785,32.22527881040892,0.012230020343504162,2.285057100371749,15.890706319702602,0.006381710269403211,0.4929364202292669,5.6011759621451125,36.843533123028394,0.015614239272951093,2.82998018927445,22.52492113564669,0.007835530045022196,1.8630914826498424,0.00402220134195386,1.9444468750000041,16.553125,0.005470102952261012,1.0,1
2198.0,2021-10-18 13:10:00,371.035,371.28,371.03,371.27,168752.0,1p,1p,0.0,sell,False,0.39319607679193913,2.4899999999999523,32.0,0.006751809973155325,-0.09879180815373967,0.38789255299476627,0.33849664891789644,0.0009132429895059642,69.98929725665963,79.65419647259762,72.67574890297976,93.61109161183333,168752.0,2.4899999999999523,0.0,2.4899999999999523,32.0,0.006751809973155325,2.4899999999999523,0.0,0.0,1.0,1.0,-0.09879180815373967,0.33849664891789644,0.38789255299476627,69.98929725665963,79.65419647259762,72.67574890297976,93.61109161183333,27.700534759360902,12.442067736185484,48.191882167170604,0.06333634293259578,0.06737999622672021,0.009999999999990905,0.005000000000052296,0.2349999999999568,1.0,2199.0,2199.0,2021-10-18,2021-10-18 13:10:00,1.1608802219409062,348.0,1.0,best_within_2.0d,2546.0,366.96,0.5832424107187206,4.3760036431226785,32.22527881040892,0.012230020343504162,2.285057100371749,15.890706319702602,0.006381710269403211,0.4929364202292669,5.6011759621451125,36.843533123028394,0.015614239272951093,2.82998018927445,22.52492113564669,0.007835530045022196,1.8630914826498424,0.00402220134195386,1.9444468750000041,16.553125,0.005470102952261012,0.0,1
2199.0,2021-10-18 13:15:00,371.27,371.655,371.25,371.52,349576.0,1p,1p,0.0,sell,False,0.39319607679193913,2.8649999999999523,33.0,0.0077686488245341575,-0.05175109288051505,0.3814236663847019,0.35554811994444435,0.0009590807073652229,74.02007165319017,81.04690942484575,75.46613574360175,92.20845678733374,349576.0,2.8649999999999523,0.0,2.8649999999999523,33.0,0.0077686488245341575,2.8649999999999523,0.0,0.0,1.0,1.0,-0.05175109288051505,0.35554811994444435,0.3814236663847019,74.02007165319017,81.04690942484575,75.46613574360175,92.20845678733374,34.576316492918394,11.661320502539567,48.28954664475158,0.06733643978775554,0.10909090909090174,0.1349999999999909,0.01999999999998181,0.25,1.0,2200.0,2200.0,2021-10-18,2021-10-18 13:15:00,1.2273901808785537,347.0,1.0,best_within_2.0d,2546.0,366.96,0.5832424107187206,4.3760036431226785,32.22527881040892,0.012230020343504162,2.285057100371749,15.890706319702602,0.006381710269403211,0.4929364202292669,5.6011759621451125,36.843533123028394,0.015614239272951093,2.82998018927445,22.52492113564669,0.007835530045022196,1.8630914826498424,0.00402220134195386,1.9444468750000041,16.553125,0.005470102952261012,0.0,1
2201.0,2021-10-18 13:25:00,371.595,371.69,371.505,371.63,181820.0,1p,1p,0.0,sell,False,0.39319607679193913,2.8999999999999773,35.0,0.00786355378399625,0.004419464680981977,0.380098404456744,0.38230813679723497,0.001030906932172316,75.59499885153858,88.0799488236895,81.9156430711869,100.4085603286947,181820.0,2.8999999999999773,0.0,2.8999999999999773,35.0,0.00786355378399625,2.8999999999999773,0.0,0.0,1.0,1.0,0.004419464680981977,0.38230813679723497,0.380098404456744,75.59499885153858,88.0799488236895,81.9156430711869,100.4085603286947,34.844806089640166,10.958724325741825,48.555478194931695,0.009418856550806164,0.04979744552563284,0.060000000000002274,0.09000000000003183,0.03499999999996817,1.0,2202.0,2202.0,2021-10-18,2021-10-18 13:25:00,1.256626214245356,345.0,1.0,best_within_2.0d,2546.0,366.96,0.5832424107187206,4.3760036431226785,32.22527881040892,0.012230020343504162,2.285057100371749,15.890706319702602,0.006381710269403211,0.4929364202292669,5.6011759621451125,36.843533123028394,0.015614239272951093,2.82998018927445,22.52492113564669,0.007835530045022196,1.8630914826498424,0.00402220134195386,1.9444468750000041,16.553125,0.005470102952261012,0.0,1
2202.0,2021-10-18 13:30:00,371.61,371.8201,371.61,371.8201,155677.0,1p,1p,0.0,sell,False,0.39319607679193913,3.0301000000000045,36.0,0.008216329076168021,0.033705953325377846,0.3843116486224162,0.4011646252851051,0.0010815437497178717,78.20642552005414,92.053299215793,85.2948617860556,105.5701740752678,155677.0,3.0301000000000045,0.0,3.0301000000000045,36.0,0.008216329076168021,3.0301000000000045,0.0,0.0,1.0,1.0,0.033705953325377846,0.4011646252851051,0.3843116486224162,78.20642552005414,92.053299215793,85.2948617860556,105.5701740752678,38.730952922449106,9.0646219825206,49.52074403232442,0.05653776809020512,0.05653776809020512,0.0,0.0,0.21010000000001128,1.0,2203.0,2203.0,2021-10-18,2021-10-18 13:30:00,1.3071106161286186,344.0,1.0,best_within_2.0d,2546.0,366.96,0.5832424107187206,4.3760036431226785,32.22527881040892,0.012230020343504162,2.285057100371749,15.890706319702602,0.006381710269403211,0.4929364202292669,5.6011759621451125,36.843533123028394,0.015614239272951093,2.82998018927445,22.52492113564669,0.007835530045022196,1.8630914826498424,0.00402220134195386,1.9444468750000041,16.553125,0.005470102952261012,0.0,1
2203.0,2021-10-18 13:35:00,371.811,371.83,371.705,371.74,121304.0,1p,1p,0.0,sell,False,0.39319607679193913,3.0399999999999636,37.0,0.008243173621844312,0.03306425363709642,0.38844468032705326,0.40497680714560147,0.0010916423455453405,74.58495211428374,91.67159032475647,87.42043796562255,100.17389504302426,121304.0,3.0399999999999636,0.0,3.0399999999999636,37.0,0.008243173621844312,3.0399999999999636,0.0,0.0,1.0,1.0,0.03306425363709642,0.40497680714560147,0.38844468032705326,74.58495211428374,91.67159032475647,87.42043796562255,100.17389504302426,41.25055767184929,7.550018875046288,50.9162384057441,-0.019095723364819638,0.03362881855234662,0.019000000000005457,0.03500000000002501,0.07099999999996953,0.0,2204.0,2204.0,2021-10-18,2021-10-18 13:35:00,1.2858449453919485,343.0,1.0,best_within_2.0d,2546.0,366.96,0.5832424107187206,4.3760036431226785,32.22527881040892,0.012230020343504162,2.285057100371749,15.890706319702602,0.006381710269403211,0.4929364202292669,5.6011759621451125,36.843533123028394,0.015614239272951093,2.82998018927445,22.52492113564669,0.007835530045022196,1.8630914826498424,0.00402220134195386,1.9444468750000041,16.553125,0.005470102952261012,1.0,1
2207.0,2021-10-18 13:55:00,366.54,366.73,366.475,366.68,362095.0,1p,1p,0.0,sell,False,1.5211399380410724,3.7200000000000273,39.0,0.01024765157984636,0.001748707248197201,0.4350754732981982,0.4359498269222968,0.0011914828567367143,78.04033349351538,86.77106397685294,85.37096830660354,89.57125531735176,362095.0,3.7200000000000273,0.0,3.7200000000000273,39.0,0.01024765157984636,3.7200000000000273,0.0,0.0,1.0,1.0,0.001748707248197201,0.4359498269222968,0.4350754732981982,78.04033349351538,86.77106397685294,85.37096830660354,89.57125531735176,49.644128113877315,3.2028469750900332,62.999378619571566,0.038195012822607725,0.06958182686404132,0.05000000000001137,0.06499999999999773,0.13999999999998636,1.0,2208.0,2208.0,2021-10-18,2021-10-18 13:55:00,-0.07636085960509782,339.0,1.0,best_within_2.0d,2546.0,366.96,0.5832424107187206,4.3760036431226785,32.22527881040892,0.012230020343504162,2.285057100371749,15.890706319702602,0.006381710269403211,0.4929364202292669,5.6011759621451125,36.843533123028394,0.015614239272951093,2.82998018927445,22.52492113564669,0.007835530045022196,1.8630914826498424,0.00402220134195386,1.9444468750000041,16.553125,0.005470102952261012,0.0,1
2209.0,2021-10-18 14:05:00,371.87,371.87,371.67,371.71,153786.0,1p,1p,0.0,sell,False,0.3931960767922611,3.079999999999984,43.0,0.008351636432658108,-0.048994437613585795,0.3783893657515516,0.3538921469447587,0.0009532052852492325,67.11746452874412,77.32536018281692,84.96443166315913,62.0472172221325,153786.0,3.079999999999984,0.0,3.079999999999984,43.0,0.008351636432658108,3.079999999999984,0.0,0.0,1.0,1.0,-0.048994437613585795,0.3538921469447587,0.3783893657515516,67.11746452874412,77.32536018281692,84.96443166315913,62.0472172221325,37.342908438060164,12.387791741469211,50.093543750413794,-0.04302578858203808,0.05381117658137289,0.0,0.03999999999996362,0.160000000000025,0.0,2210.0,2210.0,2021-10-18,2021-10-18 14:05:00,1.2778779155793496,337.0,1.0,best_within_2.0d,2546.0,366.96,0.5832424107187206,4.3760036431226785,32.22527881040892,0.012230020343504162,2.285057100371749,15.890706319702602,0.006381710269403211,0.4929364202292669,5.6011759621451125,36.843533123028394,0.015614239272951093,2.82998018927445,22.52492113564669,0.007835530045022196,1.8630914826498424,0.00402220134195386,1.9444468750000041,16.553125,0.005470102952261012,1.0,1
2214.0,2021-10-18 14:30:00,371.76,371.93,371.7,371.8525,249063.0,1p,1p,0.0,sell,False,0.3931960767922611,3.1399999999999864,48.0,0.008514330648878729,-0.08851128379664075,0.3204794738769751,0.27622383197865474,0.0007437028677734112,68.09476728309278,64.66413860494511,63.4949634917069,67.00248883142154,249063.0,3.1399999999999864,0.0,3.1399999999999864,48.0,0.008514330648878729,3.1399999999999864,0.0,0.0,1.0,1.0,-0.08851128379664075,0.27622383197865474,0.3204794738769751,68.09476728309278,64.66413860494511,63.4949634917069,67.00248883142154,25.29515701549857,20.199180788690516,42.52039875581877,0.024881644071451894,0.06187785848803288,0.07749999999998636,0.060000000000002274,0.09250000000002956,1.0,2215.0,2215.0,2021-10-18,2021-10-18 14:30:00,1.3157098580754576,332.0,1.0,best_within_2.0d,2546.0,366.96,0.5832424107187206,4.3760036431226785,32.22527881040892,0.012230020343504162,2.285057100371749,15.890706319702602,0.006381710269403211,0.4929364202292669,5.6011759621451125,36.843533123028394,0.015614239272951093,2.82998018927445,22.52492113564669,0.007835530045022196,1.8630914826498424,0.00402220134195386,1.9444468750000041,16.553125,0.005470102952261012,0.0,1
2215.0,2021-10-18 14:35:00,371.84,371.95,371.7925,371.87,192703.0,1p,1p,0.0,sell,False,0.3931960767922611,3.159999999999968,49.0,0.00856856205428555,-0.0809741609676442,0.31035770375601957,0.26987062327219746,0.0007265318894961552,68.52894727442512,69.60515223235768,65.53169307192383,77.7520705532254,192703.0,3.159999999999968,0.0,3.159999999999968,49.0,0.00856856205428555,3.159999999999968,0.0,0.0,1.0,1.0,-0.0809741609676442,0.26987062327219746,0.31035770375601957,68.52894727442512,69.60515223235768,65.53169307192383,77.7520705532254,23.750355301089783,20.42473707719079,40.02096066365834,0.008067986230644782,0.04236233920801803,0.07999999999998408,0.0474999999999568,0.03000000000002956,1.0,2216.0,2216.0,2021-10-18,2021-10-18 14:35:00,1.320353887111094,331.0,1.0,best_within_2.0d,2546.0,366.96,0.5832424107187206,4.3760036431226785,32.22527881040892,0.012230020343504162,2.285057100371749,15.890706319702602,0.006381710269403211,0.4929364202292669,5.6011759621451125,36.843533123028394,0.015614239272951093,2.82998018927445,22.52492113564669,0.007835530045022196,1.8630914826498424,0.00402220134195386,1.9444468750000041,16.553125,0.005470102952261012,0.0,1
2216.0,2021-10-18 14:40:00,371.86,372.01,371.86,371.99,246033.0,1p,1p,0.0,sell,False,0.3931960767922611,3.2199999999999704,50.0,0.00873125627050617,-0.06234794364533103,0.3025642108003532,0.27139023897768766,0.0007305443225827813,71.402768576083,78.25528667342495,69.77289093909087,95.22007814209309,246033.0,3.2199999999999704,0.0,3.2199999999999704,50.0,0.00873125627050617,3.2199999999999704,0.0,0.0,1.0,1.0,-0.06234794364533103,0.27139023897768766,0.3025642108003532,71.402768576083,78.25528667342495,69.77289093909087,95.22007814209309,21.42678764671279,20.935653042536607,37.24513228287362,0.03495939332006547,0.04033776152314776,0.01999999999998181,0.0,0.12999999999999545,1.0,2217.0,2217.0,2021-10-18,2021-10-18 14:40:00,1.3521868867442752,330.0,1.0,best_within_2.0d,2546.0,366.96,0.5832424107187206,4.3760036431226785,32.22527881040892,0.012230020343504162,2.285057100371749,15.890706319702602,0.006381710269403211,0.4929364202292669,5.6011759621451125,36.843533123028394,0.015614239272951093,2.82998018927445,22.52492113564669,0.007835530045022196,1.8630914826498424,0.00402220134195386,1.9444468750000041,16.553125,0.005470102952261012,0.0,1
2217.0,2021-10-18 14:45:00,371.9801,372.15,371.92,372.14,193655.0,1p,1p,0.0,sell,False,0.3931960767922611,3.359999999999957,51.0,0.00911087610835423,-0.03377655041219563,0.2983421419988287,0.2814538667927309,0.0007575360772845509,74.53328581455519,84.93855269753803,74.82811152523992,105.15943504213425,193655.0,3.359999999999957,0.0,3.359999999999957,51.0,0.00911087610835423,3.359999999999957,0.0,0.0,1.0,1.0,-0.03377655041219563,0.2814538667927309,0.2983421419988287,74.53328581455519,84.93855269753803,74.82811152523992,105.15943504213425,25.71781783378363,20.05902057744426,35.46774454703841,0.04298617049675326,0.06184125618411522,0.009999999999990905,0.06009999999997717,0.15989999999999327,1.0,2218.0,2218.0,2021-10-18,2021-10-18 14:45:00,1.3919492664051183,329.0,1.0,best_within_2.0d,2546.0,366.96,0.5832424107187206,4.3760036431226785,32.22527881040892,0.012230020343504162,2.285057100371749,15.890706319702602,0.006381710269403211,0.4929364202292669,5.6011759621451125,36.843533123028394,0.015614239272951093,2.82998018927445,22.52492113564669,0.007835530045022196,1.8630914826498424,0.00402220134195386,1.9444468750000041,16.553125,0.005470102952261012,0.0,1
2218.0,2021-10-18 14:50:00,372.13,372.27,372.12,372.23,361768.0,1p,1p,0.0,sell,False,0.3931960767922611,3.4799999999999613,52.0,0.009436264540795469,-0.008050609300696232,0.2973358158362417,0.2933105111858936,0.0007893395495765968,76.21564752591118,88.0811008593932,79.24577463662435,105.75175330493093,361768.0,3.4799999999999613,0.0,3.4799999999999613,52.0,0.009436264540795469,3.4799999999999613,0.0,0.0,1.0,1.0,-0.008050609300696232,0.2933105111858936,0.2973358158362417,76.21564752591118,88.0811008593932,79.24577463662435,105.75175330493093,31.508485747239153,12.687427912341487,35.976156785929064,0.02687232956225586,0.040309577555621104,0.03999999999996362,0.009999999999990905,0.10000000000002274,1.0,2219.0,2219.0,2021-10-18,2021-10-18 14:50:00,1.4157913118233454,328.0,1.0,best_within_2.0d,2546.0,366.96,0.5832424107187206,4.3760036431226785,32.22527881040892,0.012230020343504162,2.285057100371749,15.890706319702602,0.006381710269403211,0.4929364202292669,5.6011759621451125,36.843533123028394,0.015614239272951093,2.82998018927445,22.52492113564669,0.007835530045022196,1.8630914826498424,0.00402220134195386,1.9444468750000041,16.553125,0.005470102952261012,0.0,1
2219.0,2021-10-18 14:55:00,372.23,372.33,372.14,372.185,234828.0,1p,1p,0.0,sell,False,0.3931960767922611,3.5399999999999636,53.0,0.009598958757016088,-0.0026691590607130777,0.29700217095365256,0.295667591423296,0.0007955883827889347,73.59767407118551,85.77701096253983,81.42285341192951,94.48532606376045,234828.0,3.5399999999999636,0.0,3.5399999999999636,53.0,0.009598958757016088,3.5399999999999636,0.0,0.0,1.0,1.0,-0.0026691590607130777,0.295667591423296,0.29700217095365256,73.59767407118551,85.77701096253983,81.42285341192951,94.48532606376045,32.08346787213448,12.431385211495009,36.5598061700721,-0.012089299626579241,0.05105605417316003,0.0999999999999659,0.045000000000015916,0.045000000000015916,0.0,2220.0,2220.0,2021-10-18,2021-10-18 14:55:00,1.403871730456634,327.0,1.0,best_within_2.0d,2546.0,366.96,0.5832424107187206,4.3760036431226785,32.22527881040892,0.012230020343504162,2.285057100371749,15.890706319702602,0.006381710269403211,0.4929364202292669,5.6011759621451125,36.843533123028394,0.015614239272951093,2.82998018927445,22.52492113564669,0.007835530045022196,1.8630914826498424,0.00402220134195386,1.9444468750000041,16.553125,0.005470102952261012,0.0,1
2222.0,2021-10-18 15:10:00,372.21,372.4464,372.2,372.35,404507.0,1p,1p,0.0,sell,False,0.3931960767922611,3.6563999999999623,56.0,0.009914585536484076,0.0033361798875934934,0.296005817650718,0.29767390759451473,0.0008007114944464189,77.14653882953678,85.24285529431859,83.77817885278591,88.17220817738394,404507.0,3.6563999999999623,0.0,3.6563999999999623,56.0,0.009914585536484076,3.6563999999999623,0.0,0.0,1.0,1.0,0.0033361798875934934,0.29767390759451473,0.296005817650718,77.14653882953678,85.24285529431859,83.77817885278591,88.17220817738394,34.41642944285999,10.898739324930002,38.360327524102495,0.03761317535800844,0.06620096722192213,0.09639999999996007,0.009999999999990905,0.1400000000000432,1.0,2223.0,2223.0,2021-10-18,2021-10-18 15:10:00,1.4475627769571755,324.0,1.0,best_within_2.0d,2546.0,366.96,0.5832424107187206,4.3760036431226785,32.22527881040892,0.012230020343504162,2.285057100371749,15.890706319702602,0.006381710269403211,0.4929364202292669,5.6011759621451125,36.843533123028394,0.015614239272951093,2.82998018927445,22.52492113564669,0.007835530045022196,1.8630914826498424,0.00402220134195386,1.9444468750000041,16.553125,0.005470102952261012,0.0,1
2223.0,2021-10-18 15:15:00,372.35,372.526,372.3,372.5099,387893.0,1p,1p,0.0,sell,False,0.3931960767922611,3.73599999999999,57.0,0.010130426530003497,0.02488554988832148,0.29911651138675815,0.3115592863309189,0.000837936791447082,79.99003073048131,89.4302516322499,85.66220311260724,96.96634867153523,387893.0,3.73599999999999,0.0,3.73599999999999,57.0,0.010130426530003497,3.73599999999999,0.0,0.0,1.0,1.0,0.02488554988832148,0.3115592863309189,0.29911651138675815,79.99003073048131,89.4302516322499,85.66220311260724,96.96634867153523,37.40858955193555,10.827845339583424,39.556383963919636,0.0429434671679853,0.06070373354821356,0.016099999999994452,0.05000000000001137,0.15989999999999327,1.0,2224.0,2224.0,2021-10-18,2021-10-18 15:15:00,1.489866443818013,323.0,1.0,best_within_2.0d,2546.0,366.96,0.5832424107187206,4.3760036431226785,32.22527881040892,0.012230020343504162,2.285057100371749,15.890706319702602,0.006381710269403211,0.4929364202292669,5.6011759621451125,36.843533123028394,0.015614239272951093,2.82998018927445,22.52492113564669,0.007835530045022196,1.8630914826498424,0.00402220134195386,1.9444468750000041,16.553125,0.005470102952261012,0.0,1
2224.0,2021-10-18 15:20:00,372.5,372.67,372.47,372.52,498053.0,1p,1p,0.0,sell,False,0.3931960767922611,3.8799999999999955,58.0,0.010520892648932984,0.032922876410655055,0.30323187093809,0.31969330914341754,0.000859692822577495,80.15796672061043,86.78066158199238,86.03502260240228,88.27193954117257,498053.0,3.8799999999999955,0.0,3.8799999999999955,58.0,0.010520892648932984,3.8799999999999955,0.0,0.0,1.0,1.0,0.032922876410655055,0.31969330914341754,0.30323187093809,80.15796672061043,86.78066158199238,86.03502260240228,88.27193954117257,42.37059918419,7.04922577323673,41.83607604383813,0.00536912751677364,0.05369559964560599,0.1500000000000341,0.029999999999972715,0.01999999999998181,1.0,2225.0,2225.0,2021-10-18,2021-10-18 15:20:00,1.4925373134328366,322.0,1.0,best_within_2.0d,2546.0,366.96,0.5832424107187206,4.3760036431226785,32.22527881040892,0.012230020343504162,2.285057100371749,15.890706319702602,0.006381710269403211,0.4929364202292669,5.6011759621451125,36.843533123028394,0.015614239272951093,2.82998018927445,22.52492113564669,0.007835530045022196,1.8630914826498424,0.00402220134195386,1.9444468750000041,16.553125,0.005470102952261012,1.0,1
2230.0,2021-10-18 15:50:00,372.53,372.8,372.26,372.71,1063978.0,1p,1p,0.0,sell,False,0.3931960767922611,4.009999999999991,64.0,0.010873396784077635,-0.014236855748079758,0.2871783236421303,0.2800598957680904,0.000752679618990447,72.98264598450163,67.27348714694679,64.3593866163113,73.10168820821778,1063978.0,4.009999999999991,0.0,4.009999999999991,64.0,0.010873396784077635,4.009999999999991,0.0,0.0,1.0,1.0,-0.014236855748079758,0.2800598957680904,0.2871783236421303,72.98264598450163,67.27348714694679,64.3593866163113,73.10168820821778,35.6827527818092,9.675858732464118,45.204974297703544,0.0483182562478208,0.1450599043679204,0.09000000000003183,0.2699999999999818,0.18000000000000682,1.0,2231.0,2231.0,2021-10-18,2021-10-18 15:50:00,1.5427544203267958,316.0,1.0,best_within_2.0d,2546.0,366.96,0.5832424107187206,4.3760036431226785,32.22527881040892,0.012230020343504162,2.285057100371749,15.890706319702602,0.006381710269403211,0.4929364202292669,5.6011759621451125,36.843533123028394,0.015614239272951093,2.82998018927445,22.52492113564669,0.007835530045022196,1.8630914826498424,0.00402220134195386,1.9444468750000041,16.553125,0.005470102952261012,0.0,1
2231.0,2021-10-18 15:55:00,372.71,372.87,372.62,372.65,1183622.0,1p,1p,0.0,sell,False,0.3931960767922611,4.079999999999984,65.0,0.011063206703001665,-0.008060683099653576,0.2861707382546736,0.2821403967048468,0.0007581856428160494,70.00143056150372,67.07121365351912,65.26332896204724,70.68698303646289,1183622.0,4.079999999999984,0.0,4.079999999999984,65.0,0.011063206703001665,4.079999999999984,0.0,0.0,1.0,1.0,-0.008060683099653576,0.2821403967048468,0.2861707382546736,70.00143056150372,67.07121365351912,65.26332896204724,70.68698303646289,33.36439047848001,9.617696561674968,45.92232504524598,-0.016098306994715,0.0670924802748108,0.160000000000025,0.029999999999972715,0.060000000000002274,0.0,2232.0,2232.0,2021-10-18,2021-10-18 15:55:00,1.5269019186904598,315.0,1.0,best_within_2.0d,2546.0,366.96,0.5832424107187206,4.3760036431226785,32.22527881040892,0.012230020343504162,2.285057100371749,15.890706319702602,0.006381710269403211,0.4929364202292669,5.6011759621451125,36.843533123028394,0.015614239272951093,2.82998018927445,22.52492113564669,0.007835530045022196,1.8630914826498424,0.00402220134195386,1.9444468750000041,16.553125,0.005470102952261012,0.0,1
2232.0,2021-10-18 16:00:00,372.66,372.88,372.59,372.84,625438.0,1p,1p,0.0,sell,False,0.3931960767922611,4.089999999999975,66.0,0.011090322405705075,0.015265760851426169,0.28807895836110187,0.29571183878681495,0.0007945427203897792,73.66936912974629,76.057426017768,68.86136131395415,90.44955542539569,625438.0,4.089999999999975,0.0,4.089999999999975,66.0,0.011090322405705075,4.089999999999975,0.0,0.0,1.0,1.0,0.015265760851426169,0.29571183878681495,0.28807895836110187,73.66936912974629,76.057426017768,68.86136131395415,90.44955542539569,28.556183664050828,10.094600830643595,46.053951267535005,0.04830140074060805,0.07783354357337033,0.040000000000020464,0.07000000000005002,0.17999999999994998,1.0,2233.0,2233.0,2021-10-18,2021-10-18 16:00:00,1.5770840038622453,314.0,1.0,best_within_2.0d,2546.0,366.96,0.5832424107187206,4.3760036431226785,32.22527881040892,0.012230020343504162,2.285057100371749,15.890706319702602,0.006381710269403211,0.4929364202292669,5.6011759621451125,36.843533123028394,0.015614239272951093,2.82998018927445,22.52492113564669,0.007835530045022196,1.8630914826498424,0.00402220134195386,1.9444468750000041,16.553125,0.005470102952261012,0.0,1
2234.0,2021-10-18 16:10:00,372.77,372.92,372.73,372.9,30009.0,1p,1p,0.0,sell,False,0.39319607679193913,4.1299999999999955,68.0,0.011198785216518873,0.025193804434141986,0.293090543030358,0.30568744524742897,0.000821138619797187,72.77969977058338,84.77146432779759,76.32123695900646,101.67191906537985,30009.0,4.1299999999999955,0.0,4.1299999999999955,68.0,0.011198785216518873,4.1299999999999955,0.0,0.0,1.0,1.0,0.025193804434141986,0.30568744524742897,0.293090543030358,72.77969977058338,84.77146432779759,76.32123695900646,101.67191906537985,29.28750142158546,8.245195041512485,46.72005553863392,0.03487405102341805,0.050975236766559635,0.020000000000038654,0.03999999999996362,0.12999999999999545,1.0,2235.0,2235.0,2021-10-18,2021-10-18 16:10:00,1.5929203539823005,312.0,1.0,best_within_2.0d,2546.0,366.96,0.5832424107187206,4.3760036431226785,32.22527881040892,0.012230020343504162,2.285057100371749,15.890706319702602,0.006381710269403211,0.4929364202292669,5.6011759621451125,36.843533123028394,0.015614239272951093,2.82998018927445,22.52492113564669,0.007835530045022196,1.8630914826498424,0.00402220134195386,1.9444468750000041,16.553125,0.005470102952261012,1.0,1
2259.0,2021-10-18 18:20:00,367.4,367.41,367.33,367.38,7811.0,3a,3a,1.0,buy,False,0.00176188590081549,4.163492493946733,28.239017640954685,0.011578080659927173,-0.008668885941670063,0.08620002752370744,0.0818655845528724,0.0002228959421831244,56.008929592046435,53.6123840061213,62.924390128274474,34.988371761814946,7811.0,0.22000000000002728,2.0,0.22000000000002728,6.0,0.000598558019317174,0.22000000000002728,6.0,0.000598558019317174,3.0,3.0,-0.008668885941670063,0.0818655845528724,0.08620002752370744,56.008929592046435,53.6123840061213,62.924390128274474,34.988371761814946,33.995037220849994,17.36972704715018,23.60940213404262,-0.005443658138263966,0.021778782021626582,0.010000000000047748,0.05000000000001137,0.01999999999998181,0.0,2260.0,2260.0,2021-10-18,2021-10-18 18:20:00,2.4933311557515445,288.0,1.0,best_within_2.0d,2547.0,376.54,0.5832424107187206,4.3760036431226785,32.22527881040892,0.012230020343504162,2.285057100371749,15.890706319702602,0.006381710269403211,0.4929364202292669,5.6011759621451125,36.843533123028394,0.015614239272951093,2.82998018927445,22.52492113564669,0.007835530045022196,1.8630914826498424,0.00176188590081549,0.22000000000002728,6.0,0.000598558019317174,0.0,0
2279.0,2021-10-19 04:00:00,373.27,373.41,373.18,373.2,7419.0,1p,1p,0.0,sell,False,0.39319607679223173,4.6200000000000045,113.0,0.01252745464898724,0.13625713726818067,0.019582919490705904,0.08771148812479623,0.00023538343427821862,77.31184410757444,82.04555097641548,78.39752741323231,89.34159810278183,7419.0,4.6200000000000045,0.0,4.6200000000000045,113.0,0.01252745464898724,4.6200000000000045,0.0,0.0,1.0,1.0,0.13625713726818067,0.08771148812479623,0.019582919490705904,77.31184410757444,82.04555097641548,78.39752741323231,89.34159810278183,62.50325537787382,11.974582009480596,43.227328480811586,-0.018753181343261763,0.06163245618736754,0.1400000000000432,0.01999999999998181,0.06999999999999318,0.0,2280.0,2280.0,2021-10-19,2021-10-19 04:00:00,1.6720257234726712,267.0,1.0,best_within_2.0d,2546.0,366.96,0.5832424107187206,4.3760036431226785,32.22527881040892,0.012230020343504162,2.285057100371749,15.890706319702602,0.006381710269403211,0.4929364202292669,5.6011759621451125,36.843533123028394,0.015614239272951093,2.82998018927445,22.52492113564669,0.007835530045022196,1.8630914826498424,0.00402220134195386,1.9444468750000041,16.553125,0.005470102952261012,0.0,1
2280.0,2021-10-19 04:05:00,373.2,373.89,373.19,373.87,18313.0,1p,1p,0.0,sell,False,0.5567342257459478,5.099999999999966,114.0,0.013829008378752042,0.24537987609816642,0.0502554040029767,0.1729453420520599,0.00046400370909737944,86.16926001765165,87.58294002454585,81.45933161700349,99.83015683963058,18313.0,5.099999999999966,0.0,5.099999999999966,114.0,0.013829008378752042,5.099999999999966,0.0,0.0,1.0,1.0,0.24537987609816642,0.1729453420520599,0.0502554040029767,86.16926001765165,87.58294002454585,81.45933161700349,99.83015683963058,65.3721934705541,7.000272384140188,45.90072458346422,0.1795284030010761,0.18757201425547004,0.01999999999998181,0.009999999999990905,0.6700000000000159,1.0,2281.0,2281.0,2021-10-19,2021-10-19 04:05:00,1.8482360178671795,266.0,1.0,best_within_2.0d,2546.0,366.96,0.5832424107187206,4.3760036431226785,32.22527881040892,0.012230020343504162,2.285057100371749,15.890706319702602,0.006381710269403211,0.4929364202292669,5.6011759621451125,36.843533123028394,0.015614239272951093,2.82998018927445,22.52492113564669,0.007835530045022196,1.8630914826498424,0.00402220134195386,1.9444468750000041,16.553125,0.005470102952261012,0.0,1
2282.0,2021-10-19 04:15:00,373.69,374.0,373.69,374.0,3202.0,1p,1p,0.0,sell,False,0.7102690611251118,5.2099999999999795,116.0,0.01412728110848987,0.3130501523987256,0.12241897887448767,0.27894405507385045,0.0007480840545713607,78.3854902916877,89.85167704794611,84.99415430618785,99.56672253146263,3202.0,5.2099999999999795,0.0,5.2099999999999795,116.0,0.01412728110848987,5.2099999999999795,0.0,0.0,1.0,1.0,0.3130501523987256,0.27894405507385045,0.12241897887448767,78.3854902916877,89.85167704794611,84.99415430618785,99.56672253146263,60.00196727760622,5.8985540509530265,50.70291570795924,0.08295646123792509,0.08295646123792509,0.0,0.0,0.3100000000000023,1.0,2283.0,2283.0,2021-10-19,2021-10-19 04:15:00,1.882352941176476,264.0,1.0,best_within_2.0d,2546.0,366.96,0.5832424107187206,4.3760036431226785,32.22527881040892,0.012230020343504162,2.285057100371749,15.890706319702602,0.006381710269403211,0.4929364202292669,5.6011759621451125,36.843533123028394,0.015614239272951093,2.82998018927445,22.52492113564669,0.007835530045022196,1.8630914826498424,0.00402220134195386,1.9444468750000041,16.553125,0.005470102952261012,1.0,1
2299.0,2021-10-19 05:40:00,373.79,373.86,373.79,373.83,3125.0,2,2,0.0,sell,False,0.6956521739130596,4.163492493946733,28.239017640954685,0.011578080659927173,-0.05138404332344332,0.23166316183461352,0.20597114017289186,0.0005514955573706005,65.08848940030433,75.72980200653234,66.37221668009283,94.44497265941135,3125.0,0.3199999999999932,1.0,0.45999999999997954,8.0,0.0012299465240641163,0.3199999999999932,11.0,0.0008566686298655917,2.0,2.0,-0.05138404332344332,0.20597114017289186,0.23166316183461352,65.08848940030433,75.72980200653234,66.37221668009283,94.44497265941135,22.981366459628227,18.01242236024667,44.79656188382229,0.01070119585862747,0.018727092752613278,0.03000000000002956,0.0,0.03999999999996362,1.0,2300.0,2300.0,2021-10-19,2021-10-19 05:40:00,1.837733729235215,247.0,1.0,best_within_2.0d,2546.0,366.96,0.6956521739130596,0.45999999999997954,8.0,0.0012299465240641163,0.3199999999999932,11.0,0.0008566686298655917,0.4929364202292669,5.6011759621451125,36.843533123028394,0.015614239272951093,2.82998018927445,22.52492113564669,0.007835530045022196,1.8630914826498424,0.00402220134195386,1.9444468750000041,16.553125,0.005470102952261012,0.0,1
2300.0,2021-10-19 05:45:00,373.81,373.95,373.75,373.75,6334.0,2,2,0.0,sell,False,0.8913043478260574,4.163492493946733,28.239017640954685,0.011578080659927173,-0.05701750952304552,0.22453597314423285,0.1960272183827101,0.0005248419549565245,61.07298323872242,63.617847802334865,65.45409372084018,59.94535596532424,6334.0,0.40999999999996817,1.0,0.45999999999997954,8.0,0.0012299465240641163,0.40999999999996817,12.0,0.0010976066820152276,2.0,2.0,-0.05701750952304552,0.1960272183827101,0.22453597314423285,61.07298323872242,63.617847802334865,65.45409372084018,59.94535596532424,26.589595375721952,16.18497109826468,43.33425920100119,-0.016050934966962433,0.05351170568561568,0.13999999999998636,0.0,0.060000000000002274,0.0,2301.0,2301.0,2021-10-19,2021-10-19 05:45:00,1.8167224080267614,246.0,1.0,best_within_2.0d,2546.0,366.96,0.8913043478260574,0.45999999999997954,8.0,0.0012299465240641163,0.40999999999996817,12.0,0.0010976066820152276,0.4929364202292669,5.6011759621451125,36.843533123028394,0.015614239272951093,2.82998018927445,22.52492113564669,0.007835530045022196,1.8630914826498424,0.00402220134195386,1.9444468750000041,16.553125,0.005470102952261012,1.0,1
2308.0,2021-10-19 06:25:00,373.91,374.1,373.91,374.1,11738.0,1p,1p,0.0,sell,False,0.1521777105785033,0.5600000000000023,20.0,0.0014991701022648238,-0.02581295832303032,0.16302889355306166,0.1501224143915465,0.0004017806952856345,68.89793184018853,54.50179165659254,44.02413542625906,75.4571041172595,11738.0,0.5600000000000023,0.0,0.5600000000000023,20.0,0.0014991701022648238,0.5600000000000023,0.0,0.0,1.0,1.0,-0.02581295832303032,0.1501224143915465,0.16302889355306166,68.89793184018853,54.50179165659254,44.02413542625906,75.4571041172595,40.909090909087894,11.038961038962332,33.8465081414623,0.05081436709368503,0.05081436709368503,0.0,0.0,0.18999999999999773,1.0,2309.0,2309.0,2021-10-19,2021-10-19 06:25:00,1.9085805934242295,238.0,1.0,best_within_2.0d,2546.0,366.96,0.5832424107187206,4.3760036431226785,32.22527881040892,0.012230020343504162,2.285057100371749,15.890706319702602,0.006381710269403211,0.4929364202292669,5.6011759621451125,36.843533123028394,0.015614239272951093,2.82998018927445,22.52492113564669,0.007835530045022196,1.8630914826498424,0.00402220134195386,1.9444468750000041,16.553125,0.005470102952261012,0.0,1
2310.0,2021-10-19 06:35:00,374.0,374.11,373.98,374.1,11986.0,1p,1p,0.0,sell,False,0.1521777105785033,0.5699999999999932,22.0,0.0015259409969480997,0.010031257768932655,0.1634214165689924,0.16843704545345872,0.0004507233905588097,67.34333931318073,75.63223260618298,59.14766241470841,108.60137298913213,11986.0,0.5699999999999932,0.0,0.5699999999999932,22.0,0.0015259409969480997,0.5699999999999932,0.0,0.0,1.0,1.0,0.010031257768932655,0.16843704545345872,0.1634214165689924,67.34333931318073,75.63223260618298,59.14766241470841,108.60137298913213,40.85365853658321,7.926829268292472,37.70935664225039,0.02673796791444458,0.03476121717738795,0.009999999999990905,0.01999999999998181,0.10000000000002274,1.0,2311.0,2311.0,2021-10-19,2021-10-19 06:35:00,1.9085805934242295,236.0,1.0,best_within_2.0d,2546.0,366.96,0.5832424107187206,4.3760036431226785,32.22527881040892,0.012230020343504162,2.285057100371749,15.890706319702602,0.006381710269403211,0.4929364202292669,5.6011759621451125,36.843533123028394,0.015614239272951093,2.82998018927445,22.52492113564669,0.007835530045022196,1.8630914826498424,0.00402220134195386,1.9444468750000041,16.553125,0.005470102952261012,0.0,1
2313.0,2021-10-19 06:50:00,374.0,374.25,374.0,374.25,9027.0,1p,1p,0.0,sell,False,0.1521777105785033,0.7099999999999795,25.0,0.0019007335225142675,0.02125357509360931,0.16659811341453004,0.1772249009613347,0.0004741381740483825,68.28333678209235,81.91201722137117,72.46669022553911,100.8026712130353,9027.0,0.7099999999999795,0.0,0.7099999999999795,25.0,0.0019007335225142675,0.7099999999999795,0.0,0.0,1.0,1.0,0.02125357509360931,0.1772249009613347,0.16659811341453004,68.28333678209235,81.91201722137117,72.46669022553911,100.8026712130353,43.575418994411386,11.173184357541137,42.01307296125185,0.06684491978609625,0.06684491978609625,0.0,0.0,0.25,1.0,2314.0,2314.0,2021-10-19,2021-10-19 06:50:00,1.9478957915831718,233.0,1.0,best_within_2.0d,2546.0,366.96,0.5832424107187206,4.3760036431226785,32.22527881040892,0.012230020343504162,2.285057100371749,15.890706319702602,0.006381710269403211,0.4929364202292669,5.6011759621451125,36.843533123028394,0.015614239272951093,2.82998018927445,22.52492113564669,0.007835530045022196,1.8630914826498424,0.00402220134195386,1.9444468750000041,16.553125,0.005470102952261012,1.0,1
2318.0,2021-10-19 07:15:00,374.28,374.51,374.25,374.51,28673.0,1p,1p,0.0,sell,False,0.1521777105785033,0.9699999999999704,30.0,0.0025967767842800514,0.04604860909566544,0.18047764968061036,0.20350195422844308,0.0005442157744653041,71.72755311888655,87.76950609443375,81.86369618564036,99.58112591202055,28673.0,0.9699999999999704,0.0,0.9699999999999704,30.0,0.0025967767842800514,0.9699999999999704,0.0,0.0,1.0,1.0,0.04604860909566544,0.20350195422844308,0.18047764968061036,71.72755311888655,87.76950609443375,81.86369618564036,99.58112591202055,51.456310679611704,12.135922330094315,45.24254799019112,0.061451319867483756,0.06947227788910912,0.0,0.029999999999972715,0.2300000000000182,1.0,2319.0,2319.0,2021-10-19,2021-10-19 07:15:00,2.015967530907055,228.0,1.0,best_within_2.0d,2546.0,366.96,0.5832424107187206,4.3760036431226785,32.22527881040892,0.012230020343504162,2.285057100371749,15.890706319702602,0.006381710269403211,0.4929364202292669,5.6011759621451125,36.843533123028394,0.015614239272951093,2.82998018927445,22.52492113564669,0.007835530045022196,1.8630914826498424,0.00402220134195386,1.9444468750000041,16.553125,0.005470102952261012,0.0,1
2320.0,2021-10-19 07:25:00,374.35,374.58,374.34,374.57,35298.0,1p,1p,0.0,sell,False,0.18568788310202136,1.0399999999999636,32.0,0.002784173047063135,0.05812963867247284,0.19268977109064675,0.22175459042688317,0.0005929084955485322,68.9952005928921,87.56194405761275,83.82659470156031,95.0326427697176,35298.0,1.0399999999999636,0.0,1.0399999999999636,32.0,0.002784173047063135,1.0399999999999636,0.0,0.0,1.0,1.0,0.05812963867247284,0.22175459042688317,0.19268977109064675,68.9952005928921,87.56194405761275,83.82659470156031,95.0326427697176,47.2103004291847,7.725321888409735,48.851128854611126,0.05876853212233749,0.06411283859593127,0.009999999999990905,0.010000000000047748,0.21999999999997044,1.0,2321.0,2321.0,2021-10-19,2021-10-19 07:25:00,2.031662973543,226.0,1.0,best_within_2.0d,2546.0,366.96,0.5832424107187206,4.3760036431226785,32.22527881040892,0.012230020343504162,2.285057100371749,15.890706319702602,0.006381710269403211,0.4929364202292669,5.6011759621451125,36.843533123028394,0.015614239272951093,2.82998018927445,22.52492113564669,0.007835530045022196,1.8630914826498424,0.00402220134195386,1.9444468750000041,16.553125,0.005470102952261012,1.0,1
2356.0,2021-10-19 10:25:00,374.145,374.5,374.07,374.47,309320.0,2,2,0.0,sell,False,0.9379844961240416,4.163492493946733,28.239017640954685,0.011578080659927173,0.14039737972831015,0.009552813766192927,0.079751503630348,0.00021324814074217798,56.97411947795197,80.63462602255393,72.9218578260004,96.06016241566098,309320.0,1.2099999999999795,1.0,1.2899999999999636,32.0,0.0034438571199742743,1.2099999999999795,6.0,0.003241447668032842,2.0,2.0,0.14039737972831015,0.079751503630348,0.009552813766192927,56.97411947795197,80.63462602255393,72.9218578260004,96.06016241566098,18.235553040306435,15.720304345091876,40.35624559165795,0.08686471822423004,0.11495174699922657,0.029999999999972715,0.07499999999998863,0.3250000000000455,1.0,2357.0,2357.0,2021-10-19,2021-10-19 10:25:00,2.005501108232982,190.0,1.0,best_within_2.0d,2546.0,366.96,0.9379844961240416,1.2899999999999636,32.0,0.0034438571199742743,1.2099999999999795,6.0,0.003241447668032842,0.4929364202292669,5.6011759621451125,36.843533123028394,0.015614239272951093,2.82998018927445,22.52492113564669,0.007835530045022196,1.8630914826498424,0.00402220134195386,1.9444468750000041,16.553125,0.005470102952261012,0.0,1
2357.0,2021-10-19 10:30:00,374.46,374.51,373.94,374.05,276872.0,2,2,0.0,sell,False,0.9457364341085309,4.163492493946733,28.239017640954685,0.011578080659927173,0.1010442813946134,0.022183348940519605,0.0727054896378263,0.00019440523002931044,50.86754631726114,74.52144467077392,73.4550534409249,76.65422713047195,276872.0,1.2199999999999704,1.0,1.2899999999999636,32.0,0.0034438571199742743,1.2199999999999704,7.0,0.0032682364917355684,2.0,2.0,0.1010442813946134,0.0727054896378263,0.022183348940519605,50.86754631726114,74.52144467077392,73.4550534409249,76.65422713047195,17.53007314271859,16.683793749621906,37.6503350660549,-0.10949100037386322,0.1524308712627676,0.05000000000001137,0.11000000000001364,0.40999999999996817,0.0,2358.0,2358.0,2021-10-19,2021-10-19 10:30:00,1.8954685202513115,189.0,1.0,best_within_2.0d,2546.0,366.96,0.9457364341085309,1.2899999999999636,32.0,0.0034438571199742743,1.2199999999999704,7.0,0.0032682364917355684,0.4929364202292669,5.6011759621451125,36.843533123028394,0.015614239272951093,2.82998018927445,22.52492113564669,0.007835530045022196,1.8630914826498424,0.00402220134195386,1.9444468750000041,16.553125,0.005470102952261012,1.0,1
2362.0,2021-10-19 10:55:00,374.36,374.86,374.3312,374.85,516463.0,1,1,0.0,sell,False,0.4484820679770469,1.5699999999999932,12.0,0.004205845321331922,0.13000414787463482,0.05628683689365218,0.1212889108309696,0.00032423751309420716,61.333348768676466,75.62727139616798,68.01708928717825,90.84763561414744,516463.0,1.5699999999999932,2.0,1.5699999999999932,12.0,0.004205845321331922,1.5699999999999932,12.0,0.004205845321331922,1.0,1.0,0.13000414787463482,0.1212889108309696,0.05628683689365218,61.333348768676466,75.62727139616798,68.01708928717825,90.84763561414744,25.874815179891268,17.557910300640224,29.313267808387074,0.13089005235602336,0.14126527524288376,0.009999999999990905,0.028799999999989723,0.4900000000000091,1.0,2363.0,2363.0,2021-10-19,2021-10-19 10:55:00,2.1048419367747213,184.0,1.0,best_within_2.0d,2546.0,366.96,0.5832424107187206,4.3760036431226785,32.22527881040892,0.012230020343504162,2.285057100371749,15.890706319702602,0.006381710269403211,0.4929364202292669,5.6011759621451125,36.843533123028394,0.015614239272951093,2.82998018927445,22.52492113564669,0.007835530045022196,1.8630914826498424,0.00402220134195386,1.9444468750000041,16.553125,0.005470102952261012,0.0,1
2363.0,2021-10-19 11:00:00,374.85,374.99,374.7901,374.8399,248131.0,1,1,0.0,sell,False,0.5490145727260204,1.6999999999999886,13.0,0.004554100029467675,0.1718690956610019,0.07777047385127742,0.16370502168177836,0.00043756071859141216,61.153967888873645,79.87296129253559,71.96904662229736,95.68079063301207,248131.0,1.6999999999999886,2.0,1.6999999999999886,13.0,0.004554100029467675,1.6999999999999886,13.0,0.004554100029467675,1.0,1.0,0.1718690956610019,0.16370502168177836,0.07777047385127742,61.153967888873645,79.87296129253559,71.96904662229736,95.68079063301207,28.313545137421947,17.832840583790382,28.84173899398659,-0.0026944110977784835,0.05333652089529946,0.13999999999998636,0.04980000000000473,0.010100000000022646,0.0,2364.0,2364.0,2021-10-19,2021-10-19 11:00:00,2.1022041676993353,183.0,1.0,best_within_2.0d,2546.0,366.96,0.5832424107187206,4.3760036431226785,32.22527881040892,0.012230020343504162,2.285057100371749,15.890706319702602,0.006381710269403211,0.4929364202292669,5.6011759621451125,36.843533123028394,0.015614239272951093,2.82998018927445,22.52492113564669,0.007835530045022196,1.8630914826498424,0.00402220134195386,1.9444468750000041,16.553125,0.005470102952261012,1.0,1
2373.0,2021-10-19 11:50:00,374.94,375.09,374.79,374.95,266639.0,1,1,0.0,sell,False,0.5490145727260204,1.7999999999999545,23.0,0.004821988266495096,0.05870793731324009,0.1909071665925685,0.22026113524918856,0.0005882099096211727,60.944409742380806,72.63095593837888,69.51447889339502,78.8639100283466,266639.0,1.7999999999999545,2.0,1.7999999999999545,23.0,0.004821988266495096,1.7999999999999545,23.0,0.004821988266495096,1.0,1.0,0.05870793731324009,0.22026113524918856,0.1909071665925685,60.944409742380806,72.63095593837888,69.51447889339502,78.8639100283466,33.59035040842773,11.835509071940875,31.60961606635994,0.0026670934016084988,0.08004482510204501,0.13999999999998636,0.14999999999997726,0.009999999999990905,1.0,2374.0,2374.0,2021-10-19,2021-10-19 11:50:00,2.1309507934391276,173.0,1.0,best_within_2.0d,2546.0,366.96,0.5832424107187206,4.3760036431226785,32.22527881040892,0.012230020343504162,2.285057100371749,15.890706319702602,0.006381710269403211,0.4929364202292669,5.6011759621451125,36.843533123028394,0.015614239272951093,2.82998018927445,22.52492113564669,0.007835530045022196,1.8630914826498424,0.00402220134195386,1.9444468750000041,16.553125,0.005470102952261012,0.0,1
2374.0,2021-10-19 11:55:00,374.94,375.11,374.9,375.01,212855.0,1,1,0.0,sell,False,0.5490145727260204,1.8199999999999932,24.0,0.004875565913900702,0.0629362641451931,0.19877419961071766,0.2302423316833142,0.000614797931846036,61.940884646379494,76.62576549737989,71.88490776138997,86.10748096935973,212855.0,1.8199999999999932,2.0,1.8199999999999932,24.0,0.004875565913900702,1.8199999999999932,24.0,0.004875565913900702,1.0,1.0,0.0629362641451931,0.2302423316833142,0.19877419961071766,61.940884646379494,76.62576549737989,71.88490776138997,86.10748096935973,34.1296928327656,12.305209408155427,32.7089414137934,0.018669653811274653,0.05601493731662747,0.10000000000002274,0.040000000000020464,0.06999999999999318,1.0,2375.0,2375.0,2021-10-19,2021-10-19 11:55:00,2.146609423748703,172.0,1.0,best_within_2.0d,2546.0,366.96,0.5832424107187206,4.3760036431226785,32.22527881040892,0.012230020343504162,2.285057100371749,15.890706319702602,0.006381710269403211,0.4929364202292669,5.6011759621451125,36.843533123028394,0.015614239272951093,2.82998018927445,22.52492113564669,0.007835530045022196,1.8630914826498424,0.00402220134195386,1.9444468750000041,16.553125,0.005470102952261012,1.0,1
2382.0,2021-10-19 12:35:00,375.02,375.13,374.89,374.96,190366.0,1,1,0.0,sell,False,0.5490145727260204,1.839999999999975,32.0,0.004929143561306156,-0.02572927481613696,0.20231154667247292,0.18944690926440444,0.000505585905423181,58.880653409175544,61.12181162362247,66.34827253847237,50.66888979392266,190366.0,1.839999999999975,2.0,1.839999999999975,32.0,0.004929143561306156,1.839999999999975,32.0,0.004929143561306156,1.0,1.0,-0.02572927481613696,0.18944690926440444,0.20231154667247292,58.880653409175544,61.12181162362247,66.34827253847237,50.66888979392266,24.38213454505439,12.00635413203245,30.388141254751087,-0.015999146712175956,0.06401877884179602,0.11000000000001364,0.06999999999999318,0.060000000000002274,0.0,2383.0,2383.0,2021-10-19,2021-10-19 12:35:00,2.133560913164071,164.0,1.0,best_within_2.0d,2546.0,366.96,0.5832424107187206,4.3760036431226785,32.22527881040892,0.012230020343504162,2.285057100371749,15.890706319702602,0.006381710269403211,0.4929364202292669,5.6011759621451125,36.843533123028394,0.015614239272951093,2.82998018927445,22.52492113564669,0.007835530045022196,1.8630914826498424,0.00402220134195386,1.9444468750000041,16.553125,0.005470102952261012,0.0,1
2386.0,2021-10-19 12:55:00,374.98,375.31,374.98,375.27,257469.0,1,1,0.0,sell,False,0.5490145727260204,2.019999999999982,36.0,0.005411342387955696,-0.00847452609090571,0.1904794070029388,0.18624214395748595,0.0004968982309647299,65.71355674627833,71.69948967157445,67.12078903471892,80.85689094528553,257469.0,2.019999999999982,2.0,2.019999999999982,36.0,0.005411342387955696,2.019999999999982,36.0,0.005411342387955696,1.0,1.0,-0.00847452609090571,0.18624214395748595,0.1904794070029388,65.71355674627833,71.69948967157445,67.12078903471892,80.85689094528553,22.47422680412479,12.371134020616914,29.78704395464053,0.07733745799775017,0.08800469358365354,0.040000000000020464,0.0,0.2899999999999636,1.0,2387.0,2387.0,2021-10-19,2021-10-19 12:55:00,2.2144056279478783,160.0,1.0,best_within_2.0d,2546.0,366.96,0.5832424107187206,4.3760036431226785,32.22527881040892,0.012230020343504162,2.285057100371749,15.890706319702602,0.006381710269403211,0.4929364202292669,5.6011759621451125,36.843533123028394,0.015614239272951093,2.82998018927445,22.52492113564669,0.007835530045022196,1.8630914826498424,0.00402220134195386,1.9444468750000041,16.553125,0.005470102952261012,1.0,1
2391.0,2021-10-19 13:20:00,375.1972,375.37,375.16,375.33,167346.0,1,1,0.0,sell,False,0.5490145727258868,2.079999999999984,41.0,0.005572075330172209,-0.002158222599674242,0.18411753006861126,0.18303841876877414,0.00048818496625730845,65.3982703785882,76.78197544496496,71.59593439328819,87.15405754831849,167346.0,2.079999999999984,2.0,2.079999999999984,41.0,0.005572075330172209,2.079999999999984,41.0,0.005572075330172209,1.0,1.0,-0.002158222599674242,0.18303841876877414,0.18411753006861126,65.3982703785882,76.78197544496496,71.59593439328819,87.15405754831849,24.73831123517158,11.77599441730556,27.70241930359583,0.03539472042967664,0.0559761168568023,0.040000000000020464,0.03719999999998436,0.13279999999997472,1.0,2392.0,2392.0,2021-10-19,2021-10-19 13:20:00,2.230037566941093,155.0,1.0,best_within_2.0d,2546.0,366.96,0.5832424107187206,4.3760036431226785,32.22527881040892,0.012230020343504162,2.285057100371749,15.890706319702602,0.006381710269403211,0.4929364202292669,5.6011759621451125,36.843533123028394,0.015614239272951093,2.82998018927445,22.52492113564669,0.007835530045022196,1.8630914826498424,0.00402220134195386,1.9444468750000041,16.553125,0.005470102952261012,1.0,1
2401.0,2021-10-19 14:10:00,375.28,375.4,375.25,375.33,99593.0,1,1,0.0,sell,False,0.5490145727258855,2.109999999999957,51.0,0.0056524418012803895,-0.01763373105549426,0.13572697773427794,0.1269101122065308,0.00033834881082568056,61.467477850652024,71.69828000728913,62.79978363615881,89.49527274954977,99593.0,2.109999999999957,2.0,2.109999999999957,51.0,0.0056524418012803895,2.109999999999957,51.0,0.0056524418012803895,1.0,1.0,-0.01763373105549426,0.1269101122065308,0.13572697773427794,61.467477850652024,71.69828000728913,62.79978363615881,89.49527274954977,20.60179568065963,8.25042465421141,29.82815072359768,0.013323385205716099,0.0399733510992611,0.06999999999999318,0.029999999999972715,0.05000000000001137,1.0,2402.0,2402.0,2021-10-19,2021-10-19 14:10:00,2.230037566941093,145.0,1.0,best_within_2.0d,2546.0,366.96,0.5832424107187206,4.3760036431226785,32.22527881040892,0.012230020343504162,2.285057100371749,15.890706319702602,0.006381710269403211,0.4929364202292669,5.6011759621451125,36.843533123028394,0.015614239272951093,2.82998018927445,22.52492113564669,0.007835530045022196,1.8630914826498424,0.00402220134195386,1.9444468750000041,16.553125,0.005470102952261012,1.0,1
2412.0,2021-10-19 15:05:00,375.06,375.17,375.04,375.1488,163300.0,2,2,0.0,sell,False,0.7386363636364062,4.163492493946733,28.239017640954685,0.011578080659927173,-0.03070494023341946,-0.0012227422643323626,-0.016575212381042093,-4.420101831302554e-05,55.672681832452135,62.21763919574635,46.08042572465585,94.49206613792734,163300.0,0.6500000000000341,1.0,0.8799999999999955,5.0,0.0023441662226957793,0.6500000000000341,8.0,0.0017355548435331468,2.0,2.0,-0.03070494023341946,-0.016575212381042093,-0.0012227422643323626,55.672681832452135,62.21763919574635,46.08042572465585,94.49206613792734,18.302886626690356,27.977269557942503,30.536212995437175,0.023676211806108887,0.03466296928327524,0.021200000000021646,0.01999999999998181,0.088799999999992,1.0,2413.0,2413.0,2021-10-19,2021-10-19 15:05:00,2.1828138594605697,134.0,1.0,best_within_2.0d,2546.0,366.96,0.7386363636364062,0.8799999999999955,5.0,0.0023441662226957793,0.6500000000000341,8.0,0.0017355548435331468,0.4929364202292669,5.6011759621451125,36.843533123028394,0.015614239272951093,2.82998018927445,22.52492113564669,0.007835530045022196,1.8630914826498424,0.00402220134195386,1.9444468750000041,16.553125,0.005470102952261012,0.0,1
2413.0,2021-10-19 15:10:00,375.15,375.32,375.125,375.28,212722.0,2,2,0.0,sell,False,0.9090909090909267,4.163492493946733,28.239017640954685,0.011578080659927173,0.0157434023834417,0.0007451830335978498,0.0086168842253187,2.2977304634358138e-05,59.55716082688834,73.1450927971634,55.1019814154917,109.23131556050681,212722.0,0.8000000000000114,1.0,0.8799999999999955,5.0,0.0023441662226957793,0.8000000000000114,9.0,0.002136067499733022,2.0,2.0,0.0157434023834417,0.0086168842253187,0.0007451830335978498,59.55716082688834,73.1450927971634,55.1019814154917,109.23131556050681,21.692338736799233,26.989305172530347,29.13225699687352,0.034652805544447676,0.05198267244251734,0.040000000000020464,0.024999999999977263,0.12999999999999545,1.0,2414.0,2414.0,2021-10-19,2021-10-19 15:10:00,2.2170112982306525,133.0,1.0,best_within_2.0d,2546.0,366.96,0.9090909090909267,0.8799999999999955,5.0,0.0023441662226957793,0.8000000000000114,9.0,0.002136067499733022,0.4929364202292669,5.6011759621451125,36.843533123028394,0.015614239272951093,2.82998018927445,22.52492113564669,0.007835530045022196,1.8630914826498424,0.00402220134195386,1.9444468750000041,16.553125,0.005470102952261012,0.0,1
2414.0,2021-10-19 15:15:00,375.29,375.505,375.22,375.505,316802.0,1p,1p,0.0,sell,False,0.42320201458585155,0.9850000000000136,10.0,0.0026300331090462824,0.07273538984898589,0.009837106764721087,0.04620480168921404,0.00012319528633885355,65.19079666676959,82.09672853144227,64.10023045414188,118.08972468604304,316802.0,0.9850000000000136,0.0,0.9850000000000136,10.0,0.0026300331090462824,0.9850000000000136,0.0,0.0,1.0,1.0,0.07273538984898589,0.04620480168921404,0.009837106764721087,65.19079666676959,82.09672853144227,64.10023045414188,118.08972468604304,26.031865512482703,25.1693639442988,27.17170527745114,0.0572890298169349,0.07595543947549921,0.0,0.06999999999999318,0.214999999999975,1.0,2415.0,2415.0,2021-10-19,2021-10-19 15:15:00,2.275602189052081,132.0,1.0,best_within_2.0d,2546.0,366.96,0.5832424107187206,4.3760036431226785,32.22527881040892,0.012230020343504162,2.285057100371749,15.890706319702602,0.006381710269403211,0.4929364202292669,5.6011759621451125,36.843533123028394,0.015614239272951093,2.82998018927445,22.52492113564669,0.007835530045022196,1.8630914826498424,0.00402220134195386,1.9444468750000041,16.553125,0.005470102952261012,0.0,1
2415.0,2021-10-19 15:20:00,375.51,375.52,375.11,375.13,288470.0,1p,1p,0.0,sell,False,0.42320201458585155,1.0,11.0,0.0026700843746662395,0.05660134023621535,0.016912274294248006,0.04521294441235568,0.00012054888410508958,52.15166320429864,72.9482066178605,67.04955584204808,84.74550816948536,288470.0,1.0,0.0,1.0,11.0,0.0026700843746662395,1.0,0.0,0.0,1.0,1.0,0.05660134023621535,0.04521294441235568,0.016912274294248006,52.15166320429864,72.9482066178605,67.04955584204808,84.74550816948536,22.03920658856296,26.46154738429532,25.882161093102045,-0.10119570717157877,0.10930127162698093,0.009999999999990905,0.01999999999998181,0.37999999999999545,0.0,2416.0,2416.0,2021-10-19,2021-10-19 15:20:00,2.177911657292143,131.0,1.0,best_within_2.0d,2546.0,366.96,0.5832424107187206,4.3760036431226785,32.22527881040892,0.012230020343504162,2.285057100371749,15.890706319702602,0.006381710269403211,0.4929364202292669,5.6011759621451125,36.843533123028394,0.015614239272951093,2.82998018927445,22.52492113564669,0.007835530045022196,1.8630914826498424,0.00402220134195386,1.9444468750000041,16.553125,0.005470102952261012,1.0,1
2423.0,2021-10-19 16:00:00,375.44,376.08,375.36,376.04,792818.0,1p,1p,0.0,sell,False,0.8067663322740555,1.5600000000000023,19.0,0.00416533162447934,0.138658280614332,0.04914688335997628,0.11847602366714227,0.00031579295202023046,69.47346130214981,71.93909009843969,59.58961921098185,96.63803187335537,792818.0,1.5600000000000023,0.0,1.5600000000000023,19.0,0.00416533162447934,1.5600000000000023,0.0,0.0,1.0,1.0,0.138658280614332,0.11847602366714227,0.04914688335997628,69.47346130214981,71.93909009843969,59.58961921098185,96.63803187335537,34.5459830512267,10.285535406837537,25.909689006718974,0.15981248668229883,0.19181585677748572,0.03999999999996362,0.07999999999998408,0.6000000000000227,1.0,2424.0,2424.0,2021-10-19,2021-10-19 16:00:00,2.414636740772269,123.0,1.0,best_within_2.0d,2546.0,366.96,0.5832424107187206,4.3760036431226785,32.22527881040892,0.012230020343504162,2.285057100371749,15.890706319702602,0.006381710269403211,0.4929364202292669,5.6011759621451125,36.843533123028394,0.015614239272951093,2.82998018927445,22.52492113564669,0.007835530045022196,1.8630914826498424,0.00402220134195386,1.9444468750000041,16.553125,0.005470102952261012,0.0,1
2424.0,2021-10-19 16:05:00,376.04,376.1,375.83,375.88,117660.0,1p,1p,0.0,sell,False,1.0030401910561089,1.580000000000041,20.0,0.004218733311972768,0.17239171085248786,0.07069584721653725,0.15689170264278118,0.0004181297394725058,64.85939993162373,75.65170109126683,64.94364650441017,97.06781026498015,117660.0,1.580000000000041,0.0,1.580000000000041,20.0,0.004218733311972768,1.580000000000041,0.0,0.0,1.0,1.0,0.17239171085248786,0.15689170264278118,0.07069584721653725,64.85939993162373,75.65170109126683,64.94364650441017,97.06781026498015,33.90731999202303,10.194357644659867,27.8996286648896,-0.042548665035641156,0.07184099193785452,0.060000000000002274,0.05000000000001137,0.160000000000025,0.0,2425.0,2425.0,2021-10-19,2021-10-19 16:05:00,2.3730977971693137,122.0,1.0,best_within_2.0d,2546.0,366.96,0.5832424107187206,4.3760036431226785,32.22527881040892,0.012230020343504162,2.285057100371749,15.890706319702602,0.006381710269403211,0.4929364202292669,5.6011759621451125,36.843533123028394,0.015614239272951093,2.82998018927445,22.52492113564669,0.007835530045022196,1.8630914826498424,0.00402220134195386,1.9444468750000041,16.553125,0.005470102952261012,1.0,1
2458.0,2021-10-19 18:55:00,375.48,375.52,375.47,375.51,4112.0,2,2,0.0,sell,False,0.3255813953488003,4.163492493946733,28.239017640954685,0.011578080659927173,-0.004949589132812689,-0.024031303682140206,-0.02650609824854655,-7.059348224933116e-05,51.93427439930197,69.58305759278386,47.0145182872302,114.72013620389117,4112.0,0.2799999999999727,1.0,0.8600000000000136,31.0,0.0022866258973677574,0.2799999999999727,5.0,0.0007461891056389849,2.0,2.0,-0.004949589132812689,-0.02650609824854655,-0.024031303682140206,51.93427439930197,69.58305759278386,47.0145182872302,114.72013620389117,20.967741935486607,37.90322580644722,39.429958445884964,0.007989773090436964,0.013316643140585005,0.009999999999990905,0.009999999999990905,0.029999999999972715,1.0,2459.0,2459.0,2021-10-19,2021-10-19 18:55:00,2.2769034113605526,88.0,1.0,best_within_2.0d,2546.0,366.96,0.3255813953488003,0.8600000000000136,31.0,0.0022866258973677574,0.2799999999999727,5.0,0.0007461891056389849,0.4929364202292669,5.6011759621451125,36.843533123028394,0.015614239272951093,2.82998018927445,22.52492113564669,0.007835530045022196,1.8630914826498424,0.00402220134195386,1.9444468750000041,16.553125,0.005470102952261012,0.0,1
2461.0,2021-10-19 19:10:00,375.53,375.57,375.52,375.54,8474.0,2,2,0.0,sell,False,0.38372093023253356,4.163492493946733,28.239017640954685,0.011578080659927173,0.021414249010264452,-0.020002514815417483,-0.009295390310285256,-2.4755925397742267e-05,53.45388118128484,84.25356588607997,70.57436591731141,111.61196582361708,8474.0,0.3299999999999841,1.0,0.8600000000000136,31.0,0.0022866258973677574,0.3299999999999841,8.0,0.0008794371602174184,2.0,2.0,0.021414249010264452,-0.009295390310285256,-0.020002514815417483,53.45388118128484,84.25356588607997,70.57436591731141,111.61196582361708,31.092436974793646,30.252100840335892,34.67620473603736,0.002662903096969017,0.013314870046871373,0.029999999999972715,0.009999999999990905,0.010000000000047748,1.0,2462.0,2462.0,2021-10-19,2021-10-19 19:10:00,2.2847100175747035,85.0,1.0,best_within_2.0d,2546.0,366.96,0.38372093023253356,0.8600000000000136,31.0,0.0022866258973677574,0.3299999999999841,8.0,0.0008794371602174184,0.4929364202292669,5.6011759621451125,36.843533123028394,0.015614239272951093,2.82998018927445,22.52492113564669,0.007835530045022196,1.8630914826498424,0.00402220134195386,1.9444468750000041,16.553125,0.005470102952261012,0.0,1
2462.0,2021-10-19 19:15:00,375.59,375.6,375.54,375.59,9220.0,2,2,0.0,sell,False,0.41860465116279993,4.163492493946733,28.239017640954685,0.011578080659927173,0.033276651586949056,-0.01584293336704885,0.0007953924264256784,2.1182815551993613e-06,56.02622686987143,88.57645133145633,76.57506105535971,112.57923188364956,9220.0,0.36000000000001364,1.0,0.8600000000000136,31.0,0.0022866258973677574,0.36000000000001364,9.0,0.000959385992964539,2.0,2.0,0.033276651586949056,0.0007953924264256784,-0.01584293336704885,56.02622686987143,88.57645133145633,76.57506105535971,112.57923188364956,33.05785123967595,28.099173553716096,32.7784835483292,0.0,0.015976993129893556,0.010000000000047748,0.049999999999954525,0.0,0.0,2463.0,2463.0,2021-10-19,2021-10-19 19:15:00,2.2977182566096,84.0,1.0,best_within_2.0d,2546.0,366.96,0.41860465116279993,0.8600000000000136,31.0,0.0022866258973677574,0.36000000000001364,9.0,0.000959385992964539,0.4929364202292669,5.6011759621451125,36.843533123028394,0.015614239272951093,2.82998018927445,22.52492113564669,0.007835530045022196,1.8630914826498424,0.00402220134195386,1.9444468750000041,16.553125,0.005470102952261012,0.0,1
2466.0,2021-10-19 19:35:00,375.55,375.67,375.55,375.67,4046.0,2,2,0.0,sell,False,0.5,4.163492493946733,28.239017640954685,0.011578080659927173,0.041871685774871874,-0.00026932577091181784,0.02066651711652412,5.503584257801971e-05,59.71237421283204,84.27060337625767,79.26702518607914,94.27775975661473,4046.0,0.4300000000000068,1.0,0.8600000000000136,31.0,0.0022866258973677574,0.4300000000000068,13.0,0.0011459332693742853,2.0,2.0,0.041871685774871874,0.02066651711652412,-0.00026932577091181784,59.71237421283204,84.27060337625767,79.26702518607914,94.27775975661473,39.830508474587006,18.644067796609352,29.623972994494913,0.03195313540141247,0.03195313540141247,0.0,0.0,0.12000000000000455,1.0,2467.0,2467.0,2021-10-19,2021-10-19 19:35:00,2.318524236697111,80.0,1.0,best_within_2.0d,2546.0,366.96,0.5,0.8600000000000136,31.0,0.0022866258973677574,0.4300000000000068,13.0,0.0011459332693742853,0.4929364202292669,5.6011759621451125,36.843533123028394,0.015614239272951093,2.82998018927445,22.52492113564669,0.007835530045022196,1.8630914826498424,0.00402220134195386,1.9444468750000041,16.553125,0.005470102952261012,0.0,1
2467.0,2021-10-19 19:40:00,375.68,375.69,375.64,375.66,1298.0,2,2,0.0,sell,False,0.5232558139534669,4.163492493946733,28.239017640954685,0.011578080659927173,0.047537253409012596,0.005672830905214757,0.029441457609721056,7.840157678953306e-05,59.000985833118754,85.66758173802128,81.40054403672652,94.20165714061082,1298.0,0.44999999999998863,1.0,0.8600000000000136,31.0,0.0022866258973677574,0.44999999999998863,14.0,0.001199232491205598,2.0,2.0,0.047537253409012596,0.029441457609721056,0.005672830905214757,59.000985833118754,85.66758173802128,81.40054403672652,94.20165714061082,41.88034188035102,16.239316239317404,30.659235427661663,-0.005323679727422755,0.01331061654776152,0.009999999999990905,0.020000000000038654,0.01999999999998181,0.0,2468.0,2468.0,2021-10-19,2021-10-19 19:40:00,2.3159239738061133,79.0,1.0,best_within_2.0d,2546.0,366.96,0.5232558139534669,0.8600000000000136,31.0,0.0022866258973677574,0.44999999999998863,14.0,0.001199232491205598,0.4929364202292669,5.6011759621451125,36.843533123028394,0.015614239272951093,2.82998018927445,22.52492113564669,0.007835530045022196,1.8630914826498424,0.00402220134195386,1.9444468750000041,16.553125,0.005470102952261012,0.0,1
2468.0,2021-10-19 19:45:00,375.65,375.75,375.61,375.71,7141.0,2,2,0.0,sell,False,0.5930232558139336,4.163492493946733,28.239017640954685,0.011578080659927173,0.0548746702152993,0.01253216468212717,0.03996949978977682,0.00010643342375884724,61.47252588376389,86.27838782534529,83.02649196626611,92.78217954350364,7141.0,0.5099999999999909,1.0,0.8600000000000136,31.0,0.0022866258973677574,0.5099999999999909,15.0,0.001359130156699688,2.0,2.0,0.0548746702152993,0.03996949978977682,0.01253216468212717,61.47252588376389,86.27838782534529,83.02649196626611,92.78217954350364,46.61016949153542,11.016949152542985,32.88105474585425,0.015972314654599303,0.0372727030696697,0.040000000000020464,0.03999999999996362,0.060000000000002274,1.0,2469.0,2469.0,2021-10-19,2021-10-19 19:45:00,2.3289239040749514,78.0,1.0,best_within_2.0d,2546.0,366.96,0.5930232558139336,0.8600000000000136,31.0,0.0022866258973677574,0.5099999999999909,15.0,0.001359130156699688,0.4929364202292669,5.6011759621451125,36.843533123028394,0.015614239272951093,2.82998018927445,22.52492113564669,0.007835530045022196,1.8630914826498424,0.00402220134195386,1.9444468750000041,16.553125,0.005470102952261012,0.0,1
2469.0,2021-10-19 19:50:00,375.74,375.75,375.62,375.7,13700.0,2,2,0.0,sell,False,0.5930232558139336,4.163492493946733,28.239017640954685,0.011578080659927173,0.055092140048396625,0.019418682188176748,0.04696475221237506,0.00012505677934592242,60.68459633996725,84.89987759784731,83.65095384345983,87.39772510662226,13700.0,0.5099999999999909,1.0,0.8600000000000136,31.0,0.0022866258973677574,0.5099999999999909,16.0,0.001359130156699688,2.0,2.0,0.055092140048396625,0.04696475221237506,0.019418682188176748,60.68459633996725,84.89987759784731,83.65095384345983,87.39772510662226,38.46153846154743,11.11111111111219,34.47329467780096,-0.010645659232453416,0.03460944571641431,0.009999999999990905,0.07999999999998408,0.040000000000020464,0.0,2470.0,2470.0,2021-10-19,2021-10-19 19:50:00,2.326324194836308,77.0,1.0,best_within_2.0d,2546.0,366.96,0.5930232558139336,0.8600000000000136,31.0,0.0022866258973677574,0.5099999999999909,16.0,0.001359130156699688,0.4929364202292669,5.6011759621451125,36.843533123028394,0.015614239272951093,2.82998018927445,22.52492113564669,0.007835530045022196,1.8630914826498424,0.00402220134195386,1.9444468750000041,16.553125,0.005470102952261012,1.0,1
2484.0,2021-10-20 05:10:00,374.87,374.98,374.52,374.73,319743.0,3a,3a,1.0,buy,False,0.0012314611554317596,4.163492493946733,28.239017640954685,0.011578080659927173,-0.13644668666682133,0.09922720152288937,0.031003858189478706,8.266405176745841e-05,37.91195640254404,31.475913884513147,45.645407679891846,3.1369262937557494,319743.0,0.8799999999999955,2.0,0.8799999999999955,5.0,0.0023441662226957793,0.8799999999999955,5.0,0.0023441662226957793,3.0,3.0,-0.13644668666682133,0.031003858189478706,0.09922720152288937,37.91195640254404,31.475913884513147,45.645407679891846,3.1369262937557494,10.9353038030596,34.2355728685621,29.868758586292493,-0.03734628004374486,0.12282388123465673,0.11000000000001364,0.21000000000003638,0.13999999999998636,0.0,2485.0,2485.0,2021-10-20,2021-10-20 05:10:00,0.6804899527659793,315.0,1.0,best_within_2.0d,2799.0,377.28,0.5832424107187206,4.3760036431226785,32.22527881040892,0.012230020343504162,2.285057100371749,15.890706319702602,0.006381710269403211,0.4929364202292669,5.6011759621451125,36.843533123028394,0.015614239272951093,2.82998018927445,22.52492113564669,0.007835530045022196,1.8630914826498424,0.0012314611554317596,0.8799999999999955,5.0,0.0023441662226957793,0.0,0
2517.0,2021-10-20 08:00:00,375.4696,375.751,374.72,375.35,24840.0,1p,1p,1.0,buy,False,1.5843368159477826,1.0299999999999727,49.0,0.002741184298070453,-0.07265358929382193,0.003705049145409753,-0.03262174550150121,-8.689809657423776e-05,47.281140060623905,32.05558628772279,25.7393204295415,44.68811800408537,24840.0,1.0299999999999727,0.0,1.0299999999999727,49.0,0.002741184298070453,1.0299999999999727,0.0,0.0,1.0,1.0,-0.07265358929382193,-0.03262174550150121,0.003705049145409753,47.281140060623905,32.05558628772279,25.7393204295415,44.68811800408537,29.98876825159015,25.08423811306853,22.927634016354354,-0.031853444326782054,0.2751387702817968,0.28139999999996235,0.6299999999999955,0.11959999999999127,0.0,2518.0,2518.0,2021-10-20,2021-10-20 08:00:00,0.5141867590248967,282.0,1.0,best_within_2.0d,2799.0,377.28,0.5832424107187206,4.3760036431226785,32.22527881040892,0.012230020343504162,2.285057100371749,15.890706319702602,0.006381710269403211,0.4929364202292669,5.6011759621451125,36.843533123028394,0.015614239272951093,2.82998018927445,22.52492113564669,0.007835530045022196,1.8630914826498424,0.00402220134195386,1.9444468750000041,16.553125,0.005470102952261012,1.0,0
2522.0,2021-10-20 08:25:00,375.72,375.86,375.72,375.85,29772.0,2s,2s,0.0,sell,False,0.7209302325581334,4.163492493946733,28.239017640954685,0.011578080659927173,0.0795375123383987,0.020646414137583433,0.060415170306782784,0.0001608967545276114,64.2113563486096,84.90467379405848,68.75116814910538,117.21168508396468,29772.0,1.1399999999999864,1.0,0.8600000000000136,31.0,0.0022866258973677574,1.1399999999999864,6.0,0.0030422715627668293,1.0,2.5,0.0795375123383987,0.060415170306782784,0.020646414137583433,64.2113563486096,84.90467379405848,68.75116814910538,117.21168508396468,24.85743039248625,19.792016101981062,18.036334986024404,0.034600234216968874,0.03726179069519492,0.009999999999990905,0.0,0.12999999999999545,1.0,2523.0,2523.0,2021-10-20,2021-10-20 08:25:00,2.3653053079686157,24.0,1.0,best_within_2.0d,2546.0,366.96,0.5832424107187206,4.3760036431226785,32.22527881040892,0.012230020343504162,2.285057100371749,15.890706319702602,0.006381710269403211,0.7209302325581334,0.8600000000000136,31.0,0.0022866258973677574,1.1399999999999864,6.0,0.0030422715627668293,1.0,0.00402220134195386,1.9444468750000041,16.553125,0.005470102952261012,0.0,1
2523.0,2021-10-20 08:30:00,375.84,375.95,375.81,375.91,40480.0,2s,2s,0.0,sell,False,0.8255813953488004,4.163492493946733,28.239017640954685,0.011578080659927173,0.10232738404452643,0.03343733714314924,0.08460102916541246,0.00022528950968777998,65.82022171556517,88.85243835593153,75.45159155138076,115.65413196503303,40480.0,1.2299999999999613,1.0,0.8600000000000136,31.0,0.0022866258973677574,1.2299999999999613,7.0,0.00328245089666941,1.0,2.5,0.10232738404452643,0.08460102916541246,0.03343733714314924,65.82022171556517,88.85243835593153,75.45159155138076,115.65413196503303,28.74437910757537,13.836042891734868,19.24889571668454,0.018624946785879636,0.037252867140306636,0.03999999999996362,0.029999999999972715,0.07000000000005002,1.0,2524.0,2524.0,2021-10-20,2021-10-20 08:30:00,2.3808890425899936,23.0,1.0,best_within_2.0d,2546.0,366.96,0.5832424107187206,4.3760036431226785,32.22527881040892,0.012230020343504162,2.285057100371749,15.890706319702602,0.006381710269403211,0.8255813953488004,0.8600000000000136,31.0,0.0022866258973677574,1.2299999999999613,7.0,0.00328245089666941,1.0,0.00402220134195386,1.9444468750000041,16.553125,0.005470102952261012,1.0,1
2529.0,2021-10-20 09:00:00,375.8,375.8,375.64,375.66,17935.0,2,2,1.0,buy,False,0.252032520325213,4.163492493946733,28.239017640954685,0.011578080659927173,0.02241584351904949,0.07573606683792959,0.08694398859745434,0.00023147974878411925,52.75990737528728,55.06832783388674,67.82963875415177,29.545705993356677,17935.0,0.3100000000000023,1.0,1.2299999999999613,7.0,0.00328245089666941,0.3100000000000023,7.0,0.0008245777364011232,2.0,2.0,0.02241584351904949,0.08694398859745434,0.07573606683792959,52.75990737528728,55.06832783388674,67.82963875415177,29.545705993356677,31.60217243720335,11.880515953836833,26.77460744263495,-0.03725385843533432,0.04259397295283383,0.0,0.020000000000038654,0.13999999999998636,0.0,2530.0,2530.0,2021-10-20,2021-10-20 09:00:00,0.4312410158121566,270.0,1.0,best_within_2.0d,2799.0,377.28,0.252032520325213,1.2299999999999613,7.0,0.00328245089666941,0.3100000000000023,7.0,0.0008245777364011232,0.4929364202292669,5.6011759621451125,36.843533123028394,0.015614239272951093,2.82998018927445,22.52492113564669,0.007835530045022196,1.8630914826498424,0.00402220134195386,1.9444468750000041,16.553125,0.005470102952261012,0.0,0
2533.0,2021-10-20 09:20:00,375.73,375.75,375.62,375.64,15170.0,2,2,1.0,buy,False,0.26829268292682473,4.163492493946733,28.239017640954685,0.011578080659927173,-0.014074172350307113,0.08074571173147485,0.0737086255563213,0.00019622170725547386,50.222961676640786,34.70581616834355,49.393134034477725,5.331180436075215,15170.0,0.3299999999999841,1.0,1.2299999999999613,7.0,0.00328245089666941,0.3299999999999841,11.0,0.0008777763000398566,2.0,2.0,-0.014074172350307113,0.0737086255563213,0.08074571173147485,50.222961676640786,34.70581616834355,49.393134034477725,5.331180436075215,24.020887728461886,25.587467362925242,26.075642670348596,-0.023953370771573158,0.03460944571641431,0.01999999999998181,0.01999999999998181,0.09000000000003183,0.0,2534.0,2534.0,2021-10-20,2021-10-20 09:20:00,0.43658822276647496,266.0,1.0,best_within_2.0d,2799.0,377.28,0.26829268292682473,1.2299999999999613,7.0,0.00328245089666941,0.3299999999999841,11.0,0.0008777763000398566,0.4929364202292669,5.6011759621451125,36.843533123028394,0.015614239272951093,2.82998018927445,22.52492113564669,0.007835530045022196,1.8630914826498424,0.00402220134195386,1.9444468750000041,16.553125,0.005470102952261012,0.0,0
2536.0,2021-10-20 09:35:00,375.7501,376.11,375.5,376.07,703150.0,2,2,1.0,buy,False,0.36585365853658763,4.163492493946733,28.239017640954685,0.011578080659927173,0.029942055743383295,0.08557124057029246,0.1005422684419841,0.00026761389716536407,61.61130344894017,59.4085321381691,53.01073770818094,72.20412099814541,703150.0,0.44999999999998863,1.0,1.2299999999999613,7.0,0.00328245089666941,0.44999999999998863,14.0,0.0011969676818725592,2.0,2.0,0.029942055743383295,0.1005422684419841,0.08557124057029246,61.61130344894017,59.4085321381691,53.01073770818094,72.20412099814541,24.956063268893832,22.847100175747904,24.019289896666265,0.08513637122119683,0.1624500665778998,0.040000000000020464,0.2500999999999749,0.3199000000000183,1.0,2537.0,2537.0,2021-10-20,2021-10-20 09:35:00,0.32174861063099414,263.0,1.0,best_within_2.0d,2799.0,377.28,0.36585365853658763,1.2299999999999613,7.0,0.00328245089666941,0.44999999999998863,14.0,0.0011969676818725592,0.4929364202292669,5.6011759621451125,36.843533123028394,0.015614239272951093,2.82998018927445,22.52492113564669,0.007835530045022196,1.8630914826498424,0.00402220134195386,1.9444468750000041,16.553125,0.005470102952261012,0.0,0
2540.0,2021-10-20 09:55:00,375.49,375.84,375.38,375.6,436853.0,2,2,1.0,buy,False,0.4634146341463505,4.163492493946733,28.239017640954685,0.011578080659927173,-0.05212964662597516,0.08839664448577815,0.06233182117279057,0.00016589820626030952,47.62233925419134,39.85052843087478,50.80009902676274,17.951387239098864,436853.0,0.5699999999999932,1.0,1.2299999999999613,7.0,0.00328245089666941,0.5699999999999932,18.0,0.0015161590637052618,2.0,2.0,-0.05212964662597516,0.06233182117279057,0.08839664448577815,47.62233925419134,39.85052843087478,50.80009902676274,17.951387239098864,16.666666666667464,20.358649789031855,20.837088941488712,0.02929505446217306,0.12254249027651434,0.23999999999995225,0.11000000000001364,0.11000000000001364,1.0,2541.0,2541.0,2021-10-20,2021-10-20 09:55:00,0.44728434504791,259.0,1.0,best_within_2.0d,2799.0,377.28,0.4634146341463505,1.2299999999999613,7.0,0.00328245089666941,0.5699999999999932,18.0,0.0015161590637052618,0.4929364202292669,5.6011759621451125,36.843533123028394,0.015614239272951093,2.82998018927445,22.52492113564669,0.007835530045022196,1.8630914826498424,0.00402220134195386,1.9444468750000041,16.553125,0.005470102952261012,0.0,0
2541.0,2021-10-20 10:00:00,375.59,375.605,374.96,375.22,630032.0,2,2,1.0,buy,False,0.8048780487805205,4.163492493946733,28.239017640954685,0.011578080659927173,-0.12128552793327879,0.0732359534941183,0.012593189527478899,3.352051705872828e-05,41.31991800945759,32.627625014523666,44.74260768934971,8.397659664871583,630032.0,0.9900000000000091,1.0,1.2299999999999613,7.0,0.00328245089666941,0.9900000000000091,19.0,0.002633328900119721,2.0,2.0,-0.12128552793327879,0.012593189527478899,0.0732359534941183,41.31991800945759,32.627625014523666,44.74260768934971,8.397659664871583,13.155386081983073,26.406101048620272,21.741152295926515,-0.09851167496470825,0.17201834862386353,0.015000000000043201,0.26000000000004775,0.3699999999999477,0.0,2542.0,2542.0,2021-10-20,2021-10-20 10:00:00,0.549011246735234,258.0,1.0,best_within_2.0d,2799.0,377.28,0.8048780487805205,1.2299999999999613,7.0,0.00328245089666941,0.9900000000000091,19.0,0.002633328900119721,0.4929364202292669,5.6011759621451125,36.843533123028394,0.015614239272951093,2.82998018927445,22.52492113564669,0.007835530045022196,1.8630914826498424,0.00402220134195386,1.9444468750000041,16.553125,0.005470102952261012,1.0,0
2546.0,2021-10-20 10:25:00,376.23,376.3599,375.99,376.34,284816.0,1p,1p,0.0,sell,False,0.9084626081985909,1.3999000000000024,6.0,0.003733464902922985,0.09296069304549018,0.06112524515287669,0.10760559167562178,0.0002863444562701205,60.220554894859326,75.86359354417306,60.006969780346054,107.57684107182706,284816.0,1.3999000000000024,0.0,1.3999000000000024,6.0,0.003733464902922985,1.3999000000000024,0.0,0.0,1.0,1.0,0.09296069304549018,0.10760559167562178,0.06112524515287669,60.220554894859326,75.86359354417306,60.006969780346054,107.57684107182706,20.465319267408145,17.83322548119728,18.201720336015274,0.029237434548004357,0.09838027607116485,0.019900000000006912,0.2400000000000091,0.1099999999999568,1.0,2547.0,2547.0,2021-10-20,2021-10-20 10:25:00,0.7758941382792048,158.0,1.0,best_within_2.0d,2704.0,373.42,0.5832424107187206,4.3760036431226785,32.22527881040892,0.012230020343504162,2.285057100371749,15.890706319702602,0.006381710269403211,0.4929364202292669,5.6011759621451125,36.843533123028394,0.015614239272951093,2.82998018927445,22.52492113564669,0.007835530045022196,1.8630914826498424,0.00402220134195386,1.9444468750000041,16.553125,0.005470102952261012,0.0,1
2546.0,2021-10-20 10:25:00,366.91,366.98,366.85,366.96,9320.0,1p,1p,1.0,buy,False,48.31293810127277,2.4399999999999977,29.0,0.006607273416556088,-0.008331405893734933,-0.27264129221543587,-0.27680699516230334,-0.0007529475369216404,25.595007443846015,15.238879391078967,23.801690026324387,-1.886741879411872,9320.0,2.4399999999999977,0.0,2.4399999999999977,29.0,0.006607273416556088,2.4399999999999977,0.0,0.0,1.0,1.0,-0.008331405893734933,-0.27680699516230334,-0.27264129221543587,25.595007443846015,15.238879391078967,23.801690026324387,-1.886741879411872,24.472573839659333,40.506329113923115,33.456071587413255,0.013627320051226327,0.035436827041023695,0.020000000000038654,0.060000000000002274,0.049999999999954525,1.0,2547.0,2547.0,2021-10-20,2021-10-20 10:25:00,0.7758941382792048,158.0,1.0,best_within_2.0d,2704.0,373.42,0.5832424107187206,4.3760036431226785,32.22527881040892,0.012230020343504162,2.285057100371749,15.890706319702602,0.006381710269403211,0.4929364202292669,5.6011759621451125,36.843533123028394,0.015614239272951093,2.82998018927445,22.52492113564669,0.007835530045022196,1.8630914826498424,0.00402220134195386,1.9444468750000041,16.553125,0.005470102952261012,0.0,0
2546.0,2021-10-20 10:25:00,366.98,367.31,366.9301,367.31,29650.0,2,2,1.0,buy,False,0.9550000000000224,4.163492493946733,28.239017640954685,0.011578080659927173,-0.22695259216363495,0.008000244989521399,-0.10547605109229607,-0.00028679052128520243,39.420967198158,23.54024242690193,30.23236326358321,10.156000753539374,29650.0,1.6999000000000137,1.0,1.7799999999999727,16.0,0.004852119394847956,1.6999000000000137,18.0,0.0046113989637306075,2.0,2.0,-0.22695259216363495,-0.10547605109229607,0.008000244989521399,39.420967198158,23.54024242690193,30.23236326358321,10.156000753539374,5.783487267566765,43.46203052980249,49.80396733358413,0.08992315657528586,0.10353470592900953,0.0,0.04990000000003647,0.3299999999999841,1.0,2547.0,2547.0,2021-10-20,2021-10-20 10:25:00,0.7758941382792048,158.0,1.0,best_within_2.0d,2704.0,373.42,0.9550000000000224,1.7799999999999727,16.0,0.004852119394847956,1.6999000000000137,18.0,0.0046113989637306075,0.4929364202292669,5.6011759621451125,36.843533123028394,0.015614239272951093,2.82998018927445,22.52492113564669,0.007835530045022196,1.8630914826498424,0.00402220134195386,1.9444468750000041,16.553125,0.005470102952261012,0.0,0
2547.0,2021-10-20 10:30:00,376.36,376.565,376.21,376.54,414693.0,1p,1p,0.0,sell,False,1.4025030020623184,1.6050000000000182,7.0,0.004280456582035466,0.14351460356593232,0.07906457059861824,0.1508218723815844,0.00040128611250551965,62.94960818369132,83.38985156319788,67.80126370796333,114.56702727366698,414693.0,1.6050000000000182,0.0,1.6050000000000182,7.0,0.004280456582035466,1.6050000000000182,0.0,0.0,1.0,1.0,0.14351460356593232,0.1508218723815844,0.07906457059861824,62.94960818369132,83.38985156319788,67.80126370796333,114.56702727366698,22.78053537897228,15.35684653342955,18.292000944511244,0.04782654904878489,0.0943621913293156,0.024999999999977263,0.1500000000000341,0.18000000000000682,1.0,2548.0,2548.0,2021-10-20,2021-10-20 10:30:00,0.8285972273862019,157.0,1.0,best_within_2.0d,2704.0,373.42,0.5832424107187206,4.3760036431226785,32.22527881040892,0.012230020343504162,2.285057100371749,15.890706319702602,0.006381710269403211,0.4929364202292669,5.6011759621451125,36.843533123028394,0.015614239272951093,2.82998018927445,22.52492113564669,0.007835530045022196,1.8630914826498424,0.00402220134195386,1.9444468750000041,16.553125,0.005470102952261012,1.0,1
2552.0,2021-10-20 10:55:00,375.91,376.005,375.52,375.53,369884.0,2s,2s,1.0,buy,False,0.3495934959349759,4.163492493946733,28.239017640954685,0.011578080659927173,-0.06709340278099779,0.10071499117265861,0.06716828978215972,0.00017870272906095447,43.83965673628198,42.36440776685996,60.352672021647024,6.387879257285846,369884.0,1.045000000000016,1.0,1.2299999999999613,7.0,0.00328245089666941,1.045000000000016,6.0,0.002775085310636984,1.0,2.5,-0.06709340278099779,0.06716828978215972,0.10071499117265861,43.83965673628198,42.36440776685996,60.352672021647024,6.387879257285846,17.278302345955435,25.87689412375535,15.299813029993492,-0.10108802638930921,0.12915423945462656,0.09499999999997044,0.009999999999990905,0.3800000000000523,0.0,2553.0,2553.0,2021-10-20,2021-10-20 10:55:00,0.4660080419673528,247.0,1.0,best_within_2.0d,2799.0,377.28,0.5832424107187206,4.3760036431226785,32.22527881040892,0.012230020343504162,2.285057100371749,15.890706319702602,0.006381710269403211,0.3495934959349759,1.2299999999999613,7.0,0.00328245089666941,1.045000000000016,6.0,0.002775085310636984,1.0,0.00402220134195386,1.9444468750000041,16.553125,0.005470102952261012,0.0,0
2553.0,2021-10-20 11:00:00,375.545,375.68,375.035,375.06,528742.0,2s,2s,1.0,buy,False,0.743902439024384,4.163492493946733,28.239017640954685,0.011578080659927173,-0.17308954360097464,0.07907879822253679,-0.007465973577950535,-1.9866544655058494e-05,37.30567042084699,28.78760082060768,49.830981621300566,-13.299160780778095,528742.0,1.5299999999999727,1.0,1.2299999999999613,7.0,0.00328245089666941,1.5299999999999727,7.0,0.004063043564855928,1.0,2.5,-0.17308954360097464,-0.007465973577950535,0.07907879822253679,37.30567042084699,28.78760082060768,49.830981621300566,-13.299160780778095,18.271342300301907,28.221932473236027,15.7356988151468,-0.12914564166744696,0.1719839481648331,0.1349999999999909,0.024999999999977263,0.48500000000001364,0.0,2554.0,2554.0,2021-10-20,2021-10-20 11:00:00,0.5919052951527677,246.0,1.0,best_within_2.0d,2799.0,377.28,0.5832424107187206,4.3760036431226785,32.22527881040892,0.012230020343504162,2.285057100371749,15.890706319702602,0.006381710269403211,0.743902439024384,1.2299999999999613,7.0,0.00328245089666941,1.5299999999999727,7.0,0.004063043564855928,1.0,0.00402220134195386,1.9444468750000041,16.553125,0.005470102952261012,1.0,0
2573.0,2021-10-20 12:40:00,375.2689,375.33,374.92,375.0501,222620.0,2s,2s,1.0,buy,False,0.837398373983744,4.163492493946733,28.239017640954685,0.011578080659927173,-0.09038079766823787,-0.08676270700782537,-0.1319531058419443,-0.00035138862206954166,39.191929095433245,20.238453321406148,27.93568090500635,4.843998154205742,222620.0,1.6449999999999818,1.0,1.2299999999999613,7.0,0.00328245089666941,1.6449999999999818,27.0,0.004368435728227482,1.0,2.5,-0.09038079766823787,-0.1319531058419443,-0.08676270700782537,39.191929095433245,20.238453321406148,27.93568090500635,4.843998154205742,14.18404638254707,25.826395185886923,23.091202009345814,-0.058304858196346,0.10935666275471252,0.06110000000001037,0.13009999999997035,0.21879999999998745,0.0,2574.0,2574.0,2021-10-20,2021-10-20 12:40:00,0.5945605667082842,226.0,1.0,best_within_2.0d,2799.0,377.28,0.5832424107187206,4.3760036431226785,32.22527881040892,0.012230020343504162,2.285057100371749,15.890706319702602,0.006381710269403211,0.837398373983744,1.2299999999999613,7.0,0.00328245089666941,1.6449999999999818,27.0,0.004368435728227482,1.0,0.00402220134195386,1.9444468750000041,16.553125,0.005470102952261012,0.0,0
2577.0,2021-10-20 13:00:00,375.24,375.32,374.85,374.94,374173.0,2s,2s,1.0,buy,False,0.8943089430894313,4.163492493946733,28.239017640954685,0.011578080659927173,-0.07283586335772965,-0.11884603789403507,-0.1552639695728999,-0.000413572664507122,38.798668554538146,31.132606856914066,32.44379232000652,28.510235930729152,374173.0,1.714999999999975,1.0,1.2299999999999613,7.0,0.00328245089666941,1.714999999999975,31.0,0.004554326610279699,1.0,2.5,-0.07283586335772965,-0.1552639695728999,-0.11884603789403507,38.798668554538146,31.132606856914066,32.44379232000652,28.510235930729152,5.1277814496598655,33.59495483586649,31.31496377018438,-0.07994883274704492,0.12538348672801664,0.07999999999998408,0.08999999999997499,0.30000000000001137,0.0,2578.0,2578.0,2021-10-20,2021-10-20 13:00:00,0.6240998559769496,222.0,1.0,best_within_2.0d,2799.0,377.28,0.5832424107187206,4.3760036431226785,32.22527881040892,0.012230020343504162,2.285057100371749,15.890706319702602,0.006381710269403211,0.8943089430894313,1.2299999999999613,7.0,0.00328245089666941,1.714999999999975,31.0,0.004554326610279699,1.0,0.00402220134195386,1.9444468750000041,16.553125,0.005470102952261012,0.0,0
2589.0,2021-10-20 14:00:00,374.32,374.59,374.25,374.57,260700.0,2,2,0.0,sell,False,0.3639291465378386,4.163492493946733,28.239017640954685,0.011578080659927173,0.06985884903424833,-0.3364934142284502,-0.30156398971132603,-0.0008047879088302931,46.196051436073475,75.39353003784635,56.170137441551965,113.84031523043511,260700.0,1.1299999999999955,1.0,3.105000000000018,35.0,0.008245588411031344,1.1299999999999955,9.0,0.0030257591174422845,2.0,2.0,0.06985884903424833,-0.30156398971132603,-0.3364934142284502,46.196051436073475,75.39353003784635,56.170137441551965,113.84031523043511,11.977668392679352,37.18383089347907,57.013614577410586,0.0667877751656337,0.09084836339344689,0.01999999999998181,0.06999999999999318,0.25,1.0,2590.0,2590.0,2021-10-20,2021-10-20 14:00:00,0.5419547748084398,352.0,1.0,best_within_2.0d,2941.0,372.54,0.3639291465378386,3.105000000000018,35.0,0.008245588411031344,1.1299999999999955,9.0,0.0030257591174422845,0.4929364202292669,5.6011759621451125,36.843533123028394,0.015614239272951093,2.82998018927445,22.52492113564669,0.007835530045022196,1.8630914826498424,0.00402220134195386,1.9444468750000041,16.553125,0.005470102952261012,0.0,1
2590.0,2021-10-20 14:05:00,374.56,374.65,374.5,374.62,144178.0,2,2,0.0,sell,False,0.38325281803542377,4.163492493946733,28.239017640954685,0.011578080659927173,0.11832773964330356,-0.3217024467730373,-0.2625385769513855,-0.000700653055322084,47.43703956854737,82.37617449677671,64.90548312662688,117.31755723707639,144178.0,1.1899999999999977,1.0,3.105000000000018,35.0,0.008245588411031344,1.1899999999999977,10.0,0.003186418893589669,2.0,2.0,0.11832773964330356,-0.2625385769513855,-0.3217024467730373,47.43703956854737,82.37617449677671,64.90548312662688,117.31755723707639,13.25619552941789,36.97074303735618,56.3136990965104,0.016018795386587535,0.04005340453937977,0.029999999999972715,0.060000000000002274,0.060000000000002274,1.0,2591.0,2591.0,2021-10-20,2021-10-20 14:05:00,0.5552292990230057,351.0,1.0,best_within_2.0d,2941.0,372.54,0.38325281803542377,3.105000000000018,35.0,0.008245588411031344,1.1899999999999977,10.0,0.003186418893589669,0.4929364202292669,5.6011759621451125,36.843533123028394,0.015614239272951093,2.82998018927445,22.52492113564669,0.007835530045022196,1.8630914826498424,0.00402220134195386,1.9444468750000041,16.553125,0.005470102952261012,0.0,1
2591.0,2021-10-20 14:10:00,374.6021,374.71,374.5,374.675,133860.0,2,2,0.0,sell,False,0.4025764895330089,4.163492493946733,28.239017640954685,0.011578080659927173,0.15538990825844912,-0.3022787082407311,-0.22458375411150655,-0.0005993642729905138,48.83502803536292,86.92502542209476,72.2453305584495,116.28441514938527,133860.0,1.25,1.0,3.105000000000018,35.0,0.008245588411031344,1.25,11.0,0.003347078669737054,2.0,2.0,0.15538990825844912,-0.22458375411150655,-0.3022787082407311,48.83502803536292,86.92502542209476,72.2453305584495,116.28441514938527,15.387218299534258,33.048343071129544,54.89580175557484,0.01946064904601554,0.056074766355134725,0.03499999999996817,0.10210000000000719,0.07290000000000418,1.0,2592.0,2592.0,2021-10-20,2021-10-20 14:10:00,0.5698271835590821,350.0,1.0,best_within_2.0d,2941.0,372.54,0.4025764895330089,3.105000000000018,35.0,0.008245588411031344,1.25,11.0,0.003347078669737054,0.4929364202292669,5.6011759621451125,36.843533123028394,0.015614239272951093,2.82998018927445,22.52492113564669,0.007835530045022196,1.8630914826498424,0.00402220134195386,1.9444468750000041,16.553125,0.005470102952261012,0.0,1
2592.0,2021-10-20 14:15:00,374.67,374.8,374.625,374.625,136338.0,2,2,0.0,sell,False,0.43156199677939583,4.163492493946733,28.239017640954685,0.011578080659927173,0.16960382995691226,-0.28107822949611705,-0.19627631451766092,-0.0005238260948567678,47.595707749448124,83.99168361472947,76.16078157720948,99.65348768976943,136338.0,1.3400000000000318,1.0,3.105000000000018,35.0,0.008245588411031344,1.3400000000000318,12.0,0.003588068333958207,2.0,2.0,0.16960382995691226,-0.19627631451766092,-0.28107822949611705,47.595707749448124,83.99168361472947,76.16078157720948,99.65348768976943,19.216506135047943,25.01306652729205,51.910788881476726,-0.012010569300989114,0.046713380046716414,0.12999999999999545,0.0,0.045000000000015916,0.0,2593.0,2593.0,2021-10-20,2021-10-20 14:15:00,0.5565565565565511,349.0,1.0,best_within_2.0d,2941.0,372.54,0.43156199677939583,3.105000000000018,35.0,0.008245588411031344,1.3400000000000318,12.0,0.003588068333958207,0.4929364202292669,5.6011759621451125,36.843533123028394,0.015614239272951093,2.82998018927445,22.52492113564669,0.007835530045022196,1.8630914826498424,0.00402220134195386,1.9444468750000041,16.553125,0.005470102952261012,1.0,1
2597.0,2021-10-20 14:40:00,374.6604,374.88,374.6,374.61,146220.0,2,2,0.0,sell,False,0.4573268921095032,4.163492493946733,28.239017640954685,0.011578080659927173,0.15472409872696502,-0.179039051093905,-0.10167700173042249,-0.0002713753274613827,47.728792112920594,71.41292671307409,75.67289364555862,62.892992848105024,146220.0,1.420000000000016,1.0,3.105000000000018,35.0,0.008245588411031344,1.420000000000016,17.0,0.0038022813688213357,2.0,2.0,0.15472409872696502,-0.10167700173042249,-0.179039051093905,47.728792112920594,71.41292671307409,75.67289364555862,62.892992848105024,30.527261833438036,7.3230810199065886,48.52907031475199,-0.013452182296278925,0.07474639615589233,0.219600000000014,0.009999999999990905,0.050399999999967804,0.0,2598.0,2598.0,2021-10-20,2021-10-20 14:40:00,0.5525746776647695,344.0,1.0,best_within_2.0d,2941.0,372.54,0.4573268921095032,3.105000000000018,35.0,0.008245588411031344,1.420000000000016,17.0,0.0038022813688213357,0.4929364202292669,5.6011759621451125,36.843533123028394,0.015614239272951093,2.82998018927445,22.52492113564669,0.007835530045022196,1.8630914826498424,0.00402220134195386,1.9444468750000041,16.553125,0.005470102952261012,0.0,1
2600.0,2021-10-20 14:55:00,374.78,374.905,374.67,374.76,150278.0,2,2,0.0,sell,False,0.4653784219001561,4.163492493946733,28.239017640954685,0.011578080659927173,0.1478425007836517,-0.12320737182829244,-0.0492861214364666,-0.00013154006197367498,52.26911703648226,67.64261822250833,69.41131196587583,64.10523073577335,150278.0,1.4449999999999932,1.0,3.105000000000018,35.0,0.008245588411031344,1.4449999999999932,20.0,0.003869222942216016,2.0,2.0,0.1478425007836517,-0.0492861214364666,-0.12320737182829244,52.26911703648226,67.64261822250833,69.41131196587583,64.10523073577335,33.716977123027384,6.551455485518183,51.38344041286623,-0.00533646405890971,0.06272186190513167,0.125,0.08999999999997499,0.01999999999998181,0.0,2601.0,2601.0,2021-10-20,2021-10-20 14:55:00,0.5923791226384808,341.0,1.0,best_within_2.0d,2941.0,372.54,0.4653784219001561,3.105000000000018,35.0,0.008245588411031344,1.4449999999999932,20.0,0.003869222942216016,0.4929364202292669,5.6011759621451125,36.843533123028394,0.015614239272951093,2.82998018927445,22.52492113564669,0.007835530045022196,1.8630914826498424,0.00402220134195386,1.9444468750000041,16.553125,0.005470102952261012,0.0,1
2602.0,2021-10-20 15:05:00,374.74,375.045,374.7398,375.015,222579.0,2,2,0.0,sell,False,0.510466988727867,4.163492493946733,28.239017640954685,0.011578080659927173,0.16140526783675227,-0.08569797104999395,-0.004995337131617816,-1.3331061917181428e-05,59.75169509026762,76.27882235759289,71.18087961359336,86.47470784559192,222579.0,1.5850000000000364,1.0,3.105000000000018,35.0,0.008245588411031344,1.5850000000000364,22.0,0.004244095753226681,2.0,2.0,0.16140526783675227,-0.004995337131617816,-0.08569797104999395,59.75169509026762,76.27882235759289,71.18087961359336,86.47470784559192,34.97235659986352,6.392536281964838,53.50661108065394,0.0733842130543783,0.08144317737267658,0.03000000000002956,0.0002000000000066393,0.27499999999997726,1.0,2603.0,2603.0,2021-10-20,2021-10-20 15:05:00,0.6599736010559487,339.0,1.0,best_within_2.0d,2941.0,372.54,0.510466988727867,3.105000000000018,35.0,0.008245588411031344,1.5850000000000364,22.0,0.004244095753226681,0.4929364202292669,5.6011759621451125,36.843533123028394,0.015614239272951093,2.82998018927445,22.52492113564669,0.007835530045022196,1.8630914826498424,0.00402220134195386,1.9444468750000041,16.553125,0.005470102952261012,0.0,1
2603.0,2021-10-20 15:10:00,375.02,375.08,374.8325,374.9082,166771.0,2,2,0.0,sell,False,0.521739130434781,4.163492493946733,28.239017640954685,0.011578080659927173,0.15512533212417748,-0.06630730453447177,0.01125536152761697,3.00360438179602e-05,55.80335046561831,73.38085012518954,71.91420311745875,76.31414414065111,166771.0,1.6200000000000045,1.0,3.105000000000018,35.0,0.008245588411031344,1.6200000000000045,23.0,0.0043378139559792335,2.0,2.0,0.15512533212417748,0.01125536152761697,-0.06630730453447177,55.80335046561831,73.38085012518954,71.91420311745875,76.31414414065111,29.523469569874607,6.603605211496009,54.21630654590029,-0.02981174337367599,0.06602949317361816,0.060000000000002274,0.07570000000004029,0.11179999999995971,0.0,2604.0,2604.0,2021-10-20,2021-10-20 15:10:00,0.6316746339503915,338.0,1.0,best_within_2.0d,2941.0,372.54,0.521739130434781,3.105000000000018,35.0,0.008245588411031344,1.6200000000000045,23.0,0.0043378139559792335,0.4929364202292669,5.6011759621451125,36.843533123028394,0.015614239272951093,2.82998018927445,22.52492113564669,0.007835530045022196,1.8630914826498424,0.00402220134195386,1.9444468750000041,16.553125,0.005470102952261012,1.0,1
2613.0,2021-10-20 16:00:00,374.99,375.1,374.6,374.6,424927.0,2s,2s,0.0,sell,False,0.5281803542673216,4.163492493946733,28.239017640954685,0.011578080659927173,0.016316938638802264,-0.020055531897615123,-0.01189706257821399,-3.1751074621885305e-05,47.502226219224724,48.11979119696012,44.270595859633104,55.818181871614144,424927.0,0.7495000000000118,1.0,3.105000000000018,35.0,0.008245588411031344,0.7495000000000118,6.0,0.0020021343633840794,1.0,2.5,0.016316938638802264,-0.01189706257821399,-0.020055531897615123,47.502226219224724,48.11979119696012,44.270595859633104,55.818181871614144,22.144994929379887,16.129510994582024,35.54852144279851,-0.10400277340728721,0.1334757074212493,0.11000000000001364,0.0,0.38999999999998636,0.0,2614.0,2614.0,2021-10-20,2021-10-20 16:00:00,0.5499199145755479,328.0,1.0,best_within_2.0d,2941.0,372.54,0.5832424107187206,4.3760036431226785,32.22527881040892,0.012230020343504162,2.285057100371749,15.890706319702602,0.006381710269403211,0.5281803542673216,3.105000000000018,35.0,0.008245588411031344,0.7495000000000118,6.0,0.0020021343633840794,1.0,0.00402220134195386,1.9444468750000041,16.553125,0.005470102952261012,0.0,1
2670.0,2021-10-21 05:05:00,374.15,374.21,374.15,374.21,1214.0,2s,2s,0.0,sell,False,0.24154589371980534,4.163492493946733,28.239017640954685,0.011578080659927173,0.08947573348259535,-0.0692575897921415,-0.024519723050843822,-6.555151382979968e-05,59.316818037224955,89.31495847999578,72.75578266290826,122.43331011417084,1214.0,0.4399999999999977,1.0,3.105000000000018,35.0,0.008245588411031344,0.4399999999999977,8.0,0.0011771945313963073,1.0,2.5,0.08947573348259535,-0.024519723050843822,-0.0692575897921415,59.316818037224955,89.31495847999578,72.75578266290826,122.43331011417084,44.09448818896877,22.047244094484384,26.74586949832696,0.0160363490578651,0.0160363490578651,0.0,0.0,0.060000000000002274,1.0,2671.0,2671.0,2021-10-21,2021-10-21 05:05:00,0.4462734828037624,271.0,1.0,best_within_2.0d,2941.0,372.54,0.5832424107187206,4.3760036431226785,32.22527881040892,0.012230020343504162,2.285057100371749,15.890706319702602,0.006381710269403211,0.24154589371980534,3.105000000000018,35.0,0.008245588411031344,0.4399999999999977,8.0,0.0011771945313963073,1.0,0.00402220134195386,1.9444468750000041,16.553125,0.005470102952261012,0.0,1
2674.0,2021-10-21 05:25:00,374.24,374.3,374.2,374.3,10673.0,2s,2s,0.0,sell,False,0.2705314009661922,4.163492493946733,28.239017640954685,0.011578080659927173,0.09740367784385147,-0.023565190522941627,0.025136648398984107,6.71933367395956e-05,62.17839062065121,93.9943741283408,87.8804806983261,106.2221609883702,10673.0,0.5300000000000296,1.0,3.105000000000018,35.0,0.008245588411031344,0.5300000000000296,12.0,0.0014179843219092746,1.0,2.5,0.09740367784385147,0.025136648398984107,-0.023565190522941627,62.17839062065121,93.9943741283408,87.8804806983261,106.2221609883702,52.42718446601411,14.56310679611227,29.0103185172815,0.016032492518170766,0.026723677177985766,0.0,0.040000000000020464,0.060000000000002274,1.0,2675.0,2675.0,2021-10-21,2021-10-21 05:25:00,0.4702110606465378,267.0,1.0,best_within_2.0d,2941.0,372.54,0.5832424107187206,4.3760036431226785,32.22527881040892,0.012230020343504162,2.285057100371749,15.890706319702602,0.006381710269403211,0.2705314009661922,3.105000000000018,35.0,0.008245588411031344,0.5300000000000296,12.0,0.0014179843219092746,1.0,0.00402220134195386,1.9444468750000041,16.553125,0.005470102952261012,0.0,1
2676.0,2021-10-21 05:35:00,374.3,374.38,374.3,374.35,4649.0,2s,2s,0.0,sell,False,0.29629629629629967,4.163492493946733,28.239017640954685,0.011578080659927173,0.09760602586798617,0.00040470619235028203,0.04920771912634336,0.00013152736080536588,63.63943655030423,92.0552953115213,90.35874385138042,95.44839823180305,4649.0,0.6100000000000136,1.0,3.105000000000018,35.0,0.008245588411031344,0.6100000000000136,14.0,0.0016320196912540162,1.0,2.5,0.09760602586798617,0.04920771912634336,0.00040470619235028203,63.63943655030423,92.0552953115213,90.35874385138042,95.44839823180305,69.89247311827418,5.376344086022032,34.88533896998101,0.013358268768370657,0.02137323002938394,0.029999999999972715,0.0,0.05000000000001137,1.0,2677.0,2677.0,2021-10-21,2021-10-21 05:35:00,0.4835047415520241,265.0,1.0,best_within_2.0d,2941.0,372.54,0.5832424107187206,4.3760036431226785,32.22527881040892,0.012230020343504162,2.285057100371749,15.890706319702602,0.006381710269403211,0.29629629629629967,3.105000000000018,35.0,0.008245588411031344,0.6100000000000136,14.0,0.0016320196912540162,1.0,0.00402220134195386,1.9444468750000041,16.553125,0.005470102952261012,0.0,1
2678.0,2021-10-21 05:45:00,374.3,374.38,374.29,374.36,2120.0,2s,2s,0.0,sell,False,0.29629629629629967,4.163492493946733,28.239017640954685,0.011578080659927173,0.08377151313264014,0.02159010802877095,0.06347586459509102,0.0001696520087309753,62.28797192505872,85.57190079689012,86.985153354095,82.74539568248034,2120.0,0.6100000000000136,1.0,3.105000000000018,35.0,0.008245588411031344,0.6100000000000136,16.0,0.0016320196912540162,1.0,2.5,0.08377151313264014,0.06347586459509102,0.02159010802877095,62.28797192505872,85.57190079689012,86.985153354095,82.74539568248034,66.33663366336104,3.9603960396055764,42.28138351720538,0.016029922522041752,0.024045526196258243,0.01999999999998181,0.009999999999990905,0.060000000000002274,1.0,2679.0,2679.0,2021-10-21,2021-10-21 05:45:00,0.48616305160807594,263.0,1.0,best_within_2.0d,2941.0,372.54,0.5832424107187206,4.3760036431226785,32.22527881040892,0.012230020343504162,2.285057100371749,15.890706319702602,0.006381710269403211,0.29629629629629967,3.105000000000018,35.0,0.008245588411031344,0.6100000000000136,16.0,0.0016320196912540162,1.0,0.00402220134195386,1.9444468750000041,16.553125,0.005470102952261012,0.0,1
2679.0,2021-10-21 05:50:00,374.38,374.45,374.36,374.36,1831.0,2s,2s,0.0,sell,False,0.318840579710146,4.163492493946733,28.239017640954685,0.011578080659927173,0.07777033368318569,0.03131139973916917,0.07019656658076201,0.00018760675985021312,62.28797192505872,81.00626719792915,84.99219130203971,73.034418989708,1831.0,0.6800000000000068,1.0,3.105000000000018,35.0,0.008245588411031344,0.6800000000000068,17.0,0.0018193006394306842,1.0,2.5,0.07777033368318569,0.07019656658076201,0.03131139973916917,62.28797192505872,81.00626719792915,84.99219130203971,73.034418989708,63.2653061224446,4.081632653063,45.538340971603716,-0.005342165713975589,0.024041030024568595,0.06999999999999318,0.0,0.01999999999998181,0.0,2680.0,2680.0,2021-10-21,2021-10-21 05:50:00,0.48616305160807594,262.0,1.0,best_within_2.0d,2941.0,372.54,0.5832424107187206,4.3760036431226785,32.22527881040892,0.012230020343504162,2.285057100371749,15.890706319702602,0.006381710269403211,0.318840579710146,3.105000000000018,35.0,0.008245588411031344,0.6800000000000068,17.0,0.0018193006394306842,1.0,0.00402220134195386,1.9444468750000041,16.553125,0.005470102952261012,1.0,1
2700.0,2021-10-21 07:40:00,373.82,373.82,373.7,373.7,5000.0,1,1,1.0,buy,False,0.37440726915769573,0.75,22.0,0.0020029376418747497,-0.1055562186649838,-0.04912362778903083,-0.10190173712152273,-0.000272410920794326,29.427561914476655,6.099043443276011,11.08306305573278,-3.868995781637526,5000.0,0.75,1.0,0.75,22.0,0.0020029376418747497,0.75,22.0,0.0020029376418747497,1.0,1.0,-0.1055562186649838,-0.10190173712152273,-0.04912362778903083,29.427561914476655,6.099043443276011,11.08306305573278,-3.868995781637526,21.710526315791615,52.63157894737157,37.48447094983895,-0.03210101118185345,0.032111319240033326,0.0,0.0,0.12000000000000455,0.0,2701.0,2701.0,2021-10-21,2021-10-21 07:40:00,0.9579876906609537,99.0,1.0,best_within_2.0d,2799.0,377.28,0.5832424107187206,4.3760036431226785,32.22527881040892,0.012230020343504162,2.285057100371749,15.890706319702602,0.006381710269403211,0.4929364202292669,5.6011759621451125,36.843533123028394,0.015614239272951093,2.82998018927445,22.52492113564669,0.007835530045022196,1.8630914826498424,0.00402220134195386,1.9444468750000041,16.553125,0.005470102952261012,0.0,0
2701.0,2021-10-21 07:45:00,373.72,373.72,373.65,373.65,1895.0,1,1,1.0,buy,False,0.40233318891834163,0.8000000000000114,23.0,0.0021364668179997635,-0.11342934169303825,-0.0633022955006606,-0.12001696634717973,-0.0003208647463229237,27.9059258118359,4.0660289621840064,8.744051691216521,-5.290016495881023,1895.0,0.8000000000000114,1.0,0.8000000000000114,23.0,0.0021364668179997635,0.8000000000000114,23.0,0.0021364668179997635,1.0,1.0,-0.11342934169303825,-0.12001696634717973,-0.0633022955006606,27.9059258118359,4.0660289621840064,8.744051691216521,-5.290016495881023,16.556291390731097,56.2913907284782,38.70311263523973,-0.018730600449547795,0.018734109460738668,0.0,0.0,0.07000000000005002,0.0,2702.0,2702.0,2021-10-21,2021-10-21 07:45:00,0.971497390606181,98.0,1.0,best_within_2.0d,2799.0,377.28,0.5832424107187206,4.3760036431226785,32.22527881040892,0.012230020343504162,2.285057100371749,15.890706319702602,0.006381710269403211,0.4929364202292669,5.6011759621451125,36.843533123028394,0.015614239272951093,2.82998018927445,22.52492113564669,0.007835530045022196,1.8630914826498424,0.00402220134195386,1.9444468750000041,16.553125,0.005470102952261012,0.0,0
2702.0,2021-10-21 07:50:00,373.66,373.73,373.57,373.58,6416.0,1,1,1.0,buy,False,0.42634211884500617,0.8799999999999955,24.0,0.0023501134997996943,-0.12019815219971686,-0.07832706452562521,-0.13842614062548364,-0.000370115459758003,25.887730385258195,3.2081984125998186,6.898767265010953,-4.17293929222245,6416.0,0.8799999999999955,1.0,0.8799999999999955,24.0,0.0023501134997996943,0.8799999999999955,24.0,0.0023501134997996943,1.0,1.0,-0.12019815219971686,-0.13842614062548364,-0.07832706452562521,25.887730385258195,3.2081984125998186,6.898767265010953,-4.17293929222245,12.50000000000222,58.125000000001094,40.55301672640116,-0.021409837820489462,0.0428299917016958,0.06999999999999318,0.009999999999990905,0.08000000000004093,0.0,2703.0,2703.0,2021-10-21,2021-10-21 07:50:00,0.9904170458803975,97.0,1.0,best_within_2.0d,2799.0,377.28,0.5832424107187206,4.3760036431226785,32.22527881040892,0.012230020343504162,2.285057100371749,15.890706319702602,0.006381710269403211,0.4929364202292669,5.6011759621451125,36.843533123028394,0.015614239272951093,2.82998018927445,22.52492113564669,0.007835530045022196,1.8630914826498424,0.00402220134195386,1.9444468750000041,16.553125,0.005470102952261012,0.0,0
2703.0,2021-10-21 07:55:00,373.55,373.55,373.36,373.43,14849.0,1,1,1.0,buy,False,0.4818833865298017,1.089999999999975,25.0,0.0029109360395245696,-0.1358568390886125,-0.09530916941170178,-0.16323758895600804,-0.0004365047814001163,22.185131309836294,4.790314093248119,6.195949541090007,1.9790431975643425,14849.0,1.089999999999975,1.0,1.089999999999975,25.0,0.0029109360395245696,1.089999999999975,25.0,0.0029109360395245696,1.0,1.0,-0.1358568390886125,-0.16323758895600804,-0.09530916941170178,22.185131309836294,4.790314093248119,6.195949541090007,1.9790431975643425,11.173184357544311,62.56983240223417,42.63472765286993,-0.03212421362602183,0.05088922219841379,0.0,0.06999999999999318,0.12000000000000455,0.0,2704.0,2704.0,2021-10-21,2021-10-21 07:55:00,1.030983049031938,96.0,1.0,best_within_2.0d,2799.0,377.28,0.5832424107187206,4.3760036431226785,32.22527881040892,0.012230020343504162,2.285057100371749,15.890706319702602,0.006381710269403211,0.4929364202292669,5.6011759621451125,36.843533123028394,0.015614239272951093,2.82998018927445,22.52492113564669,0.007835530045022196,1.8630914826498424,0.00402220134195386,1.9444468750000041,16.553125,0.005470102952261012,0.0,0
2704.0,2021-10-21 08:00:00,374.0901,375.261,373.15,373.42,53838.0,1,1,1.0,buy,False,0.4897975949775606,1.3000000000000114,26.0,0.0034717585792495963,-0.13808808294066507,-0.11257017977928492,-0.18161422124961746,-0.00048569718629368756,21.959639207214465,7.456925012110662,6.616274698096891,9.138225640138202,53838.0,1.3000000000000114,1.0,1.3000000000000114,26.0,0.0034717585792495963,1.3000000000000114,26.0,0.0034717585792495963,1.0,1.0,-0.13808808294066507,-0.18161422124961746,-0.11257017977928492,21.959639207214465,7.456925012110662,6.616274698096891,9.138225640138202,52.775476387738415,23.198011599006072,42.370196942659454,-0.17912796943837617,0.5657242395819501,1.1709000000000174,0.27000000000003865,0.6700999999999908,0.0,2705.0,2705.0,2021-10-21,2021-10-21 08:00:00,1.0336886080017023,95.0,1.0,best_within_2.0d,2799.0,377.28,0.5832424107187206,4.3760036431226785,32.22527881040892,0.012230020343504162,2.285057100371749,15.890706319702602,0.006381710269403211,0.4929364202292669,5.6011759621451125,36.843533123028394,0.015614239272951093,2.82998018927445,22.52492113564669,0.007835530045022196,1.8630914826498424,0.00402220134195386,1.9444468750000041,16.553125,0.005470102952261012,1.0,0
2708.0,2021-10-21 08:20:00,373.5,373.73,373.5,373.68,19444.0,3a,3a,0.0,sell,False,0.0018193006394306842,4.163492493946733,28.239017640954685,0.011578080659927173,-0.038843552213554844,-0.153263256759975,-0.1726850328667524,-0.000461937590899251,42.70550931650706,17.620021516975147,13.390323232304679,26.079418086316085,19444.0,0.5800000000000409,2.0,0.5800000000000409,5.0,0.0015543347179419562,0.5800000000000409,5.0,0.0015543347179419562,3.0,3.0,-0.038843552213554844,-0.1726850328667524,-0.153263256759975,42.70550931650706,17.620021516975147,13.390323232304679,26.079418086316085,49.89211220330907,21.57755933828845,41.1241795099915,0.04819277108433918,0.0615796519411026,0.05000000000001137,0.0,0.18000000000000682,1.0,2709.0,2709.0,2021-10-21,2021-10-21 08:20:00,0.30507385998715114,233.0,1.0,best_within_2.0d,2941.0,372.54,0.5832424107187206,4.3760036431226785,32.22527881040892,0.012230020343504162,2.285057100371749,15.890706319702602,0.006381710269403211,0.4929364202292669,5.6011759621451125,36.843533123028394,0.015614239272951093,2.82998018927445,22.52492113564669,0.007835530045022196,1.8630914826498424,0.0018193006394306842,0.5800000000000409,5.0,0.0015543347179419562,0.0,1
2710.0,2021-10-21 08:30:00,373.69,373.97,373.69,373.97,17807.0,2s,2s,0.0,sell,False,0.164251207729483,4.163492493946733,28.239017640954685,0.011578080659927173,0.04958532514474995,-0.14862952053071296,-0.12383685795833799,-0.0003312693305151171,55.42314715041322,25.937336790849375,18.926795998024932,39.958418376498265,17807.0,0.82000000000005,1.0,3.105000000000018,35.0,0.008245588411031344,0.82000000000005,7.0,0.0021975077046765376,2.0,2.5,0.04958532514474995,-0.12383685795833799,-0.14862952053071296,55.42314715041322,25.937336790849375,18.926795998024932,39.958418376498265,50.12640772236164,19.7655711330724,41.31559149057567,0.07492841660200421,0.07492841660200421,0.0,0.0,0.28000000000002956,1.0,2711.0,2711.0,2021-10-21,2021-10-21 08:30:00,0.38238361365885143,231.0,1.0,best_within_2.0d,2941.0,372.54,0.5832424107187206,4.3760036431226785,32.22527881040892,0.012230020343504162,2.285057100371749,15.890706319702602,0.006381710269403211,0.164251207729483,3.105000000000018,35.0,0.008245588411031344,0.82000000000005,7.0,0.0021975077046765376,2.0,0.00402220134195386,1.9444468750000041,16.553125,0.005470102952261012,0.0,1
2711.0,2021-10-21 08:35:00,374.0,374.1,373.89,374.01,30671.0,2s,2s,0.0,sell,False,0.20611916264091448,4.163492493946733,28.239017640954685,0.011578080659927173,0.09372500106752796,-0.13691389539727197,-0.090051394863508,-0.0002408828361546443,56.78982074492775,30.871219948044452,22.908270648031436,46.79711854807048,30671.0,0.9500000000000455,1.0,3.105000000000018,35.0,0.008245588411031344,0.9500000000000455,8.0,0.0025458930724910774,2.0,2.5,0.09372500106752796,-0.090051394863508,-0.13691389539727197,56.78982074492775,30.871219948044452,22.908270648031436,46.79711854807048,53.2365814328482,14.74314674038148,42.40911159299409,0.0026737967914414185,0.05616625210624419,0.09000000000003183,0.11000000000001364,0.009999999999990905,1.0,2712.0,2712.0,2021-10-21,2021-10-21 08:35:00,0.39303761931498366,230.0,1.0,best_within_2.0d,2941.0,372.54,0.5832424107187206,4.3760036431226785,32.22527881040892,0.012230020343504162,2.285057100371749,15.890706319702602,0.006381710269403211,0.20611916264091448,3.105000000000018,35.0,0.008245588411031344,0.9500000000000455,8.0,0.0025458930724910774,2.0,0.00402220134195386,1.9444468750000041,16.553125,0.005470102952261012,0.0,1
2712.0,2021-10-21 08:40:00,374.06,374.29,373.96,374.29,28111.0,2s,2s,0.0,sell,False,0.2673107890499311,4.163492493946733,28.239017640954685,0.011578080659927173,0.1547120028167701,-0.11757489504517571,-0.040218893636790654,-0.00010757385241296028,64.90174137748082,38.581760716981755,28.132767337681543,59.47974747558217,28111.0,1.1400000000000432,1.0,3.105000000000018,35.0,0.008245588411031344,1.1400000000000432,9.0,0.0030550716869892623,2.0,2.5,0.1547120028167701,-0.040218893636790654,-0.11757489504517571,64.90174137748082,38.581760716981755,28.132767337681543,59.47974747558217,55.44225227222179,12.8574595433376,43.833452650674545,0.06148746190451217,0.08824473205691544,0.0,0.10000000000002274,0.2300000000000182,1.0,2713.0,2713.0,2021-10-21,2021-10-21 08:40:00,0.467551898260707,229.0,1.0,best_within_2.0d,2941.0,372.54,0.5832424107187206,4.3760036431226785,32.22527881040892,0.012230020343504162,2.285057100371749,15.890706319702602,0.006381710269403211,0.2673107890499311,3.105000000000018,35.0,0.008245588411031344,1.1400000000000432,9.0,0.0030550716869892623,2.0,0.00402220134195386,1.9444468750000041,16.553125,0.005470102952261012,0.0,1
2713.0,2021-10-21 08:45:00,374.3,374.3,374.12,374.16,17960.0,2s,2s,0.0,sell,False,0.2705314009661922,4.163492493946733,28.239017640954685,0.011578080659927173,0.17037843831898644,-0.0962775902553024,-0.01108837109580918,-2.9656480372358975e-05,59.33245034014301,54.14222644290054,36.802587039421205,88.82150524985919,17960.0,1.150000000000034,1.0,3.105000000000018,35.0,0.008245588411031344,1.150000000000034,10.0,0.0030818705614365114,2.0,2.5,0.17037843831898644,-0.01108837109580918,-0.0962775902553024,59.33245034014301,54.14222644290054,36.802587039421205,88.82150524985919,54.33888768664599,11.902185674096225,45.27849398721919,-0.037403152551425685,0.048112904950285154,0.0,0.040000000000020464,0.13999999999998636,0.0,2714.0,2714.0,2021-10-21,2021-10-21 08:45:00,0.43296985246953296,228.0,1.0,best_within_2.0d,2941.0,372.54,0.5832424107187206,4.3760036431226785,32.22527881040892,0.012230020343504162,2.285057100371749,15.890706319702602,0.006381710269403211,0.2705314009661922,3.105000000000018,35.0,0.008245588411031344,1.150000000000034,10.0,0.0030818705614365114,2.0,0.00402220134195386,1.9444468750000041,16.553125,0.005470102952261012,1.0,1
2722.0,2021-10-21 09:30:00,374.14,374.62,373.85,374.28,557149.0,2s,2s,0.0,sell,False,0.37359098228664034,4.163492493946733,28.239017640954685,0.011578080659927173,0.0900506317009637,0.02084773369334304,0.06587304954382489,0.00017613561415917562,60.61325037493268,56.72103768090891,56.10950265101035,57.944107740706,557149.0,1.4700000000000273,1.0,3.105000000000018,35.0,0.008245588411031344,1.4700000000000273,19.0,0.003939434543749236,2.0,2.5,0.0900506317009637,0.06587304954382489,0.02084773369334304,60.61325037493268,56.72103768090891,56.10950265101035,57.944107740706,37.348272642389645,10.84304689617797,49.299523140533104,0.037419147912542465,0.20596495920823374,0.34000000000003183,0.2899999999999636,0.13999999999998636,1.0,2723.0,2723.0,2021-10-21,2021-10-21 09:30:00,0.464892593780045,219.0,1.0,best_within_2.0d,2941.0,372.54,0.5832424107187206,4.3760036431226785,32.22527881040892,0.012230020343504162,2.285057100371749,15.890706319702602,0.006381710269403211,0.37359098228664034,3.105000000000018,35.0,0.008245588411031344,1.4700000000000273,19.0,0.003939434543749236,2.0,0.00402220134195386,1.9444468750000041,16.553125,0.005470102952261012,0.0,1
2723.0,2021-10-21 09:35:00,374.28,374.69,374.26,374.5399,418013.0,2s,2s,0.0,sell,False,0.3961352657004866,4.163492493946733,28.239017640954685,0.011578080659927173,0.1259461769272338,0.03659100580924727,0.09956409427286417,0.0002661919403235461,66.90166486544044,65.19100924758952,59.13667151653674,77.29968470969507,418013.0,1.5400000000000205,1.0,3.105000000000018,35.0,0.008245588411031344,1.5400000000000205,20.0,0.00412702666488013,2.0,2.5,0.1259461769272338,0.09956409427286417,0.03659100580924727,66.90166486544044,65.19100924758952,59.13667151653674,77.29968470969507,35.79137182044157,9.83579683615224,49.84143059798852,0.06943999145025542,0.11489338962218962,0.150100000000009,0.01999999999998181,0.259900000000016,1.0,2724.0,2724.0,2021-10-21,2021-10-21 09:35:00,0.5339618022005048,218.0,1.0,best_within_2.0d,2941.0,372.54,0.5832424107187206,4.3760036431226785,32.22527881040892,0.012230020343504162,2.285057100371749,15.890706319702602,0.006381710269403211,0.3961352657004866,3.105000000000018,35.0,0.008245588411031344,1.5400000000000205,20.0,0.00412702666488013,2.0,0.00402220134195386,1.9444468750000041,16.553125,0.005470102952261012,0.0,1
2724.0,2021-10-21 09:40:00,374.49,374.91,374.4,374.81,360935.0,2s,2s,0.0,sell,False,0.466988727858305,4.163492493946733,28.239017640954685,0.011578080659927173,0.17564961811544122,0.058547208073677415,0.14637201713139802,0.0003912760224826833,71.91932801009548,73.64935207700864,63.9742317033607,92.99959282430453,360935.0,1.7600000000000477,1.0,3.105000000000018,35.0,0.008245588411031344,1.7600000000000477,21.0,0.004716601902720214,2.0,2.5,0.17564961811544122,0.14637201713139802,0.058547208073677415,71.91932801009548,73.64935207700864,63.9742317033607,92.99959282430453,33.33246530038302,9.374755865732864,50.28829705353286,0.08544954471414275,0.13621794871796147,0.10000000000002274,0.09000000000003183,0.3199999999999932,1.0,2725.0,2725.0,2021-10-21,2021-10-21 09:40:00,0.605640191030117,217.0,1.0,best_within_2.0d,2941.0,372.54,0.5832424107187206,4.3760036431226785,32.22527881040892,0.012230020343504162,2.285057100371749,15.890706319702602,0.006381710269403211,0.466988727858305,3.105000000000018,35.0,0.008245588411031344,1.7600000000000477,21.0,0.004716601902720214,2.0,0.00402220134195386,1.9444468750000041,16.553125,0.005470102952261012,0.0,1
2725.0,2021-10-21 09:45:00,374.86,375.07,374.75,374.78,423496.0,2s,2s,0.0,sell,False,0.5185185185185198,4.163492493946733,28.239017640954685,0.011578080659927173,0.19269834163821836,0.08263450077845472,0.1789836715975639,0.00047838677227895105,70.63842074727437,74.50940411691211,67.48595584121117,88.55630066831401,423496.0,1.920000000000016,1.0,3.105000000000018,35.0,0.008245588411031344,1.920000000000016,22.0,0.0051453838938765005,2.0,2.5,0.19269834163821836,0.1789836715975639,0.08263450077845472,70.63842074727437,74.50940411691211,67.48595584121117,88.55630066831401,33.16371737424358,9.11369332421994,50.759577802916866,-0.02134130075229177,0.08539026017344714,0.20999999999997954,0.029999999999972715,0.08000000000004093,0.0,2726.0,2726.0,2021-10-21,2021-10-21 09:45:00,0.5976839745984184,216.0,1.0,best_within_2.0d,2941.0,372.54,0.5832424107187206,4.3760036431226785,32.22527881040892,0.012230020343504162,2.285057100371749,15.890706319702602,0.006381710269403211,0.5185185185185198,3.105000000000018,35.0,0.008245588411031344,1.920000000000016,22.0,0.0051453838938765005,2.0,0.00402220134195386,1.9444468750000041,16.553125,0.005470102952261012,0.0,1
2726.0,2021-10-21 09:50:00,374.78,375.31,374.78,375.2,380937.0,2s,2s,0.0,sell,False,0.5958132045088605,4.163492493946733,28.239017640954685,0.011578080659927173,0.24538269743270447,0.11330733795754278,0.235998686673895,0.0006306439166814487,76.85376450718492,80.49485388616023,71.82225518952751,97.84005127942567,380937.0,2.160000000000025,1.0,3.105000000000018,35.0,0.008245588411031344,2.160000000000025,23.0,0.005788556880611082,2.0,2.5,0.24538269743270447,0.235998686673895,0.11330733795754278,76.85376450718492,80.49485388616023,71.82225518952751,97.84005127942567,32.77029469169443,8.674489771331121,51.28671759440281,0.1120657452372101,0.1414162975612438,0.11000000000001364,0.0,0.4200000000000159,1.0,2727.0,2727.0,2021-10-21,2021-10-21 09:50:00,0.7089552238805885,215.0,1.0,best_within_2.0d,2941.0,372.54,0.5832424107187206,4.3760036431226785,32.22527881040892,0.012230020343504162,2.285057100371749,15.890706319702602,0.006381710269403211,0.5958132045088605,3.105000000000018,35.0,0.008245588411031344,2.160000000000025,23.0,0.005788556880611082,2.0,0.00402220134195386,1.9444468750000041,16.553125,0.005470102952261012,0.0,1
2729.0,2021-10-21 10:05:00,375.2,375.47,375.06,375.41,264867.0,2s,2s,0.0,sell,False,0.6473429951690937,4.163492493946733,28.239017640954685,0.011578080659927173,0.2571774259150524,0.20473472385004884,0.33332343680757504,0.0008902356774598863,74.2090218721704,87.83037104829239,80.83920882247102,101.81269549993516,264867.0,2.32000000000005,1.0,3.105000000000018,35.0,0.008245588411031344,2.32000000000005,26.0,0.00621733887176752,2.0,2.5,0.2571774259150524,0.33332343680757504,0.20473472385004884,74.2090218721704,87.83037104829239,80.83920882247102,101.81269549993516,33.50676378772254,4.370447450573072,54.41015553654784,0.05597014925374104,0.10931584279849224,0.060000000000002274,0.13999999999998636,0.21000000000003638,1.0,2730.0,2730.0,2021-10-21,2021-10-21 10:05:00,0.7644974827521921,212.0,1.0,best_within_2.0d,2941.0,372.54,0.5832424107187206,4.3760036431226785,32.22527881040892,0.012230020343504162,2.285057100371749,15.890706319702602,0.006381710269403211,0.6473429951690937,3.105000000000018,35.0,0.008245588411031344,2.32000000000005,26.0,0.00621733887176752,2.0,0.00402220134195386,1.9444468750000041,16.553125,0.005470102952261012,0.0,1
2730.0,2021-10-21 10:10:00,375.43,375.55,375.1692,375.55,260329.0,2s,2s,0.0,sell,False,0.6731078904992012,4.163492493946733,28.239017640954685,0.011578080659927173,0.2677210887370899,0.23819985994218512,0.37206040431073006,0.00099347205312337,75.84365126558342,91.88691403219492,84.52177722571233,106.61718764516013,260329.0,2.400000000000034,1.0,3.105000000000018,35.0,0.008245588411031344,2.400000000000034,27.0,0.006431729867345663,2.0,2.5,0.2677210887370899,0.37206040431073006,0.23819985994218512,75.84365126558342,91.88691403219492,84.52177722571233,106.61718764516013,33.559712458795765,2.3829381627558712,56.7194538190592,0.03196334869349934,0.10150086947436571,0.0,0.26080000000001746,0.12000000000000455,1.0,2731.0,2731.0,2021-10-21,2021-10-21 10:10:00,0.8014911463187301,211.0,1.0,best_within_2.0d,2941.0,372.54,0.5832424107187206,4.3760036431226785,32.22527881040892,0.012230020343504162,2.285057100371749,15.890706319702602,0.006381710269403211,0.6731078904992012,3.105000000000018,35.0,0.008245588411031344,2.400000000000034,27.0,0.006431729867345663,2.0,0.00402220134195386,1.9444468750000041,16.553125,0.005470102952261012,0.0,1
2731.0,2021-10-21 10:15:00,375.55,375.75,375.47,375.64,317286.0,2s,2s,0.0,sell,False,0.7375201288244789,4.163492493946733,28.239017640954685,0.011578080659927173,0.2674392046472571,0.2716297605230923,0.40534936284672085,0.0010821170091125144,76.8590392809671,92.13042590960616,87.05799345367693,102.27529082146461,317286.0,2.6000000000000227,1.0,3.105000000000018,35.0,0.008245588411031344,2.6000000000000227,28.0,0.006967707356291097,2.0,2.5,0.2674392046472571,0.40534936284672085,0.2716297605230923,76.8590392809671,92.13042590960616,87.05799345367693,102.27529082146461,34.202650705430166,2.3319989117350044,58.89906730006823,0.023964851551051786,0.07457320158733659,0.11000000000001364,0.07999999999998408,0.08999999999997499,1.0,2732.0,2732.0,2021-10-21,2021-10-21 10:15:00,0.8252582259610175,210.0,1.0,best_within_2.0d,2941.0,372.54,0.5832424107187206,4.3760036431226785,32.22527881040892,0.012230020343504162,2.285057100371749,15.890706319702602,0.006381710269403211,0.7375201288244789,3.105000000000018,35.0,0.008245588411031344,2.6000000000000227,28.0,0.006967707356291097,2.0,0.00402220134195386,1.9444468750000041,16.553125,0.005470102952261012,0.0,1
2732.0,2021-10-21 10:20:00,375.64,375.77,375.53,375.68,431029.0,2s,2s,0.0,sell,False,0.7439613526570013,4.163492493946733,28.239017640954685,0.011578080659927173,0.25339553988202135,0.30330420300834493,0.4300019729493556,0.0011476818404935946,77.31542655398682,92.56383625117357,88.8932743861758,99.90495998116907,431029.0,2.6200000000000045,1.0,3.105000000000018,35.0,0.008245588411031344,2.6200000000000045,29.0,0.007021305105185595,2.0,2.5,0.25339553988202135,0.4300019729493556,0.30330420300834493,77.31542655398682,92.56383625117357,88.8932743861758,99.90495998116907,33.48769566382149,2.2962991312346483,60.91811787871074,0.010648493238212242,0.06390967432695366,0.08999999999997499,0.11000000000001364,0.040000000000020464,1.0,2733.0,2733.0,2021-10-21,2021-10-21 10:20:00,0.8358177172061292,209.0,1.0,best_within_2.0d,2941.0,372.54,0.5832424107187206,4.3760036431226785,32.22527881040892,0.012230020343504162,2.285057100371749,15.890706319702602,0.006381710269403211,0.7439613526570013,3.105000000000018,35.0,0.008245588411031344,2.6200000000000045,29.0,0.007021305105185595,2.0,0.00402220134195386,1.9444468750000041,16.553125,0.005470102952261012,0.0,1
2733.0,2021-10-21 10:25:00,375.7,376.1203,375.7,376.12,248783.0,2s,2s,0.0,sell,False,0.856779388083733,4.163492493946733,28.239017640954685,0.011578080659927173,0.28193904107455425,0.3385465831426642,0.47951610367994135,0.0012794690284356897,81.61153299717543,95.03525982874021,90.9406028670306,103.22457375215942,248783.0,2.970300000000009,1.0,3.105000000000018,35.0,0.008245588411031344,2.970300000000009,30.0,0.007960069677073587,2.0,2.5,0.28193904107455425,0.47951610367994135,0.3385465831426642,81.61153299717543,95.03525982874021,90.9406028670306,103.22457375215942,38.284026904358214,0.3645577003707292,63.574929066540015,0.11179132286399146,0.11187117380888939,0.00029999999998153726,0.0,0.4200000000000159,1.0,2734.0,2734.0,2021-10-21,2021-10-21 10:25:00,0.9518238859938275,208.0,1.0,best_within_2.0d,2941.0,372.54,0.5832424107187206,4.3760036431226785,32.22527881040892,0.012230020343504162,2.285057100371749,15.890706319702602,0.006381710269403211,0.856779388083733,3.105000000000018,35.0,0.008245588411031344,2.970300000000009,30.0,0.007960069677073587,2.0,0.00402220134195386,1.9444468750000041,16.553125,0.005470102952261012,0.0,1
2734.0,2021-10-21 10:30:00,376.1201,376.18,375.95,376.04,202019.0,2s,2s,0.0,sell,False,0.8760064412238362,4.163492493946733,28.239017640954685,0.011578080659927173,0.2686660888649295,0.37212984425078044,0.5064628886832452,0.0013510326527191167,78.69340234562416,93.35683988582721,91.74601520662947,96.57848924422274,202019.0,3.0300000000000296,1.0,3.105000000000018,35.0,0.008245588411031344,3.0300000000000296,31.0,0.008120058957523863,2.0,2.5,0.2686660888649295,0.5064628886832452,0.37212984425078044,78.69340234562416,93.35683988582721,91.74601520662947,96.57848924422274,38.544362208429746,0.36191889397655674,66.04382948205269,-0.021296389105490237,0.061178348184603853,0.059900000000027376,0.09000000000003183,0.08009999999995898,0.0,2735.0,2735.0,2021-10-21,2021-10-21 10:30:00,0.9307520476545048,207.0,1.0,best_within_2.0d,2941.0,372.54,0.5832424107187206,4.3760036431226785,32.22527881040892,0.012230020343504162,2.285057100371749,15.890706319702602,0.006381710269403211,0.8760064412238362,3.105000000000018,35.0,0.008245588411031344,3.0300000000000296,31.0,0.008120058957523863,2.0,0.00402220134195386,1.9444468750000041,16.553125,0.005470102952261012,0.0,1
2736.0,2021-10-21 10:40:00,376.12,376.31,376.02,376.295,223450.0,2s,2s,0.0,sell,False,0.9178743961352677,4.163492493946733,28.239017640954685,0.011578080659927173,0.23895626084098487,0.4330508941875279,0.5525290246080203,0.0014731694677462973,81.137765480996,95.54648598438746,93.47593165512299,99.6875946429164,223450.0,3.160000000000025,1.0,3.105000000000018,35.0,0.008245588411031344,3.160000000000025,33.0,0.008468444325338404,2.0,2.5,0.23895626084098487,0.5525290246080203,0.4330508941875279,81.137765480996,95.54648598438746,93.47593165512299,99.6875946429164,36.701051378694984,0.39674667724733614,70.43734533407122,0.04652770392428251,0.07712355725759813,0.014999999999986358,0.10000000000002274,0.17500000000001137,1.0,2737.0,2737.0,2021-10-21,2021-10-21 10:40:00,0.997887295871589,205.0,1.0,best_within_2.0d,2941.0,372.54,0.5832424107187206,4.3760036431226785,32.22527881040892,0.012230020343504162,2.285057100371749,15.890706319702602,0.006381710269403211,0.9178743961352677,3.105000000000018,35.0,0.008245588411031344,3.160000000000025,33.0,0.008468444325338404,2.0,0.00402220134195386,1.9444468750000041,16.553125,0.005470102952261012,0.0,1
2737.0,2021-10-21 10:45:00,376.3,376.425,376.2224,376.29,188538.0,2s,2s,0.0,sell,False,0.9549114331723074,4.163492493946733,28.239017640954685,0.011578080659927173,0.2119687564510333,0.4595469887439071,0.5655313669694237,0.001507470924721093,80.93777121673993,93.73428735955525,93.56205022326708,94.0787616321316,188538.0,3.275000000000034,1.0,3.105000000000018,35.0,0.008245588411031344,3.275000000000034,34.0,0.00877663138148207,2.0,2.5,0.2119687564510333,0.5655313669694237,0.4595469887439071,80.93777121673993,93.73428735955525,93.56205022326708,94.0787616321316,39.369702509556724,0.4154894465688497,72.39977325468382,-0.0026574541589133418,0.05385112635505438,0.125,0.0676000000000272,0.009999999999990905,0.0,2738.0,2738.0,2021-10-21,2021-10-21 10:45:00,0.9965717930319701,204.0,1.0,best_within_2.0d,2941.0,372.54,0.5832424107187206,4.3760036431226785,32.22527881040892,0.012230020343504162,2.285057100371749,15.890706319702602,0.006381710269403211,0.9549114331723074,3.105000000000018,35.0,0.008245588411031344,3.275000000000034,34.0,0.00877663138148207,2.0,0.00402220134195386,1.9444468750000041,16.553125,0.005470102952261012,0.0,1
2740.0,2021-10-21 11:00:00,376.13,376.56,376.13,376.305,227003.0,2s,2s,0.0,sell,False,0.9983896940418694,4.163492493946733,28.239017640954685,0.011578080659927173,0.07839847706487357,0.5024152265774507,0.5416144651098875,0.0014428862727936212,76.54483574076163,79.78565198315795,85.74544593338976,67.86606408269432,227003.0,3.410000000000025,1.0,3.105000000000018,35.0,0.008245588411031344,3.410000000000025,37.0,0.009138416186520233,2.0,2.5,0.07839847706487357,0.5416144651098875,0.5024152265774507,76.54483574076163,79.78565198315795,85.74544593338976,67.86606408269432,35.9037702306489,3.287696534527953,74.80397253136364,0.04652646691303841,0.11432217584346019,0.25499999999999545,0.0,0.17500000000001137,1.0,2741.0,2741.0,2021-10-21,2021-10-21 11:00:00,1.0005181966755654,201.0,1.0,best_within_2.0d,2941.0,372.54,0.5832424107187206,4.3760036431226785,32.22527881040892,0.012230020343504162,2.285057100371749,15.890706319702602,0.006381710269403211,0.9983896940418694,3.105000000000018,35.0,0.008245588411031344,3.410000000000025,37.0,0.009138416186520233,2.0,0.00402220134195386,1.9444468750000041,16.553125,0.005470102952261012,1.0,1
2746.0,2021-10-21 11:30:00,375.53,375.75,375.34,375.4,222940.0,2,2,1.0,buy,False,0.35777126099707285,4.163492493946733,28.239017640954685,0.011578080659927173,-0.2673501041400972,0.4272454839649692,0.2935704318949206,0.0007817218223773555,47.11290098149767,20.513923139480102,39.05336391552066,-16.564958412601015,222940.0,1.2200000000000273,1.0,3.410000000000025,37.0,0.009138416186520233,1.2200000000000273,7.0,0.0032398555343106736,2.0,2.0,-0.2673501041400972,0.2935704318949206,0.4272454839649692,47.11290098149767,20.513923139480102,39.05336391552066,-16.564958412601015,22.956605993496517,21.740835582624428,62.52995162204015,-0.03461774026043071,0.10923429423989583,0.22000000000002728,0.060000000000002274,0.12999999999999545,0.0,2747.0,2747.0,2021-10-21,2021-10-21 11:30:00,0.5007991475759178,53.0,1.0,best_within_2.0d,2799.0,377.28,0.35777126099707285,3.410000000000025,37.0,0.009138416186520233,1.2200000000000273,7.0,0.0032398555343106736,0.4929364202292669,5.6011759621451125,36.843533123028394,0.015614239272951093,2.82998018927445,22.52492113564669,0.007835530045022196,1.8630914826498424,0.00402220134195386,1.9444468750000041,16.553125,0.005470102952261012,1.0,0
2769.0,2021-10-21 13:25:00,373.57,373.85,373.29,373.84,437217.0,1p,1p,1.0,buy,False,1148031.0097242333,1.2899999999999636,32.0,0.0034438571199742743,0.04239590488462883,-0.058372313883005386,-0.03717436144069097,-9.943168217421697e-05,49.650040519280196,58.914736599053846,57.57345346717014,61.597302862821266,437217.0,1.2899999999999636,0.0,1.2899999999999636,32.0,0.0034438571199742743,1.2899999999999636,0.0,0.0,1.0,1.0,0.04239590488462883,-0.03717436144069097,-0.058372313883005386,49.650040519280196,58.914736599053846,57.57345346717014,61.597302862821266,10.041329530240459,23.86634844868652,55.03028867500111,0.0722756109965955,0.1500174127354074,0.010000000000047748,0.2799999999999727,0.2699999999999818,1.0,2770.0,2770.0,2021-10-21,2021-10-21 13:25:00,0.6804899527659793,30.0,1.0,best_within_2.0d,2799.0,377.28,0.5832424107187206,4.3760036431226785,32.22527881040892,0.012230020343504162,2.285057100371749,15.890706319702602,0.006381710269403211,0.4929364202292669,5.6011759621451125,36.843533123028394,0.015614239272951093,2.82998018927445,22.52492113564669,0.007835530045022196,1.8630914826498424,0.00402220134195386,1.9444468750000041,16.553125,0.005470102952261012,0.0,0
2769.0,2021-10-21 13:25:00,374.87,374.98,374.52,374.73,319743.0,2,2,1.0,buy,False,0.41706161137441394,4.163492493946733,28.239017640954685,0.011578080659927173,-0.13644810980520156,0.09922942517596336,0.031005370273362587,8.266808369512317e-05,37.914354416564876,31.475913884513147,45.645407679891846,3.1369262937557494,319743.0,0.8799999999999955,1.0,2.109999999999957,51.0,0.0056524418012803895,0.8799999999999955,5.0,0.0023441662226957793,2.0,2.0,-0.13644810980520156,0.031005370273362587,0.09922942517596336,37.914354416564876,31.475913884513147,45.645407679891846,3.1369262937557494,10.9353038030596,34.2355728685621,29.862492814997797,-0.03734628004374486,0.12282388123465673,0.11000000000001364,0.21000000000003638,0.13999999999998636,0.0,2770.0,2770.0,2021-10-21,2021-10-21 13:25:00,0.6804899527659793,30.0,1.0,best_within_2.0d,2799.0,377.28,0.41706161137441394,2.109999999999957,51.0,0.0056524418012803895,0.8799999999999955,5.0,0.0023441662226957793,0.4929364202292669,5.6011759621451125,36.843533123028394,0.015614239272951093,2.82998018927445,22.52492113564669,0.007835530045022196,1.8630914826498424,0.00402220134195386,1.9444468750000041,16.553125,0.005470102952261012,0.0,0
2774.0,2021-10-21 13:50:00,376.0799,376.085,375.71,375.75,122898.0,2s,2s,1.0,buy,False,0.2492668621700928,4.163492493946733,28.239017640954685,0.011578080659927173,-0.0859331167275113,0.12110705563034388,0.07814049726658823,0.00020783021486109394,43.63511215010955,38.5958216152762,51.31382746530343,13.159809915221729,122898.0,0.6899999999999977,1.0,3.410000000000025,37.0,0.009138416186520233,0.6899999999999977,12.0,0.0018331562167906424,1.0,2.5,-0.0859331167275113,0.07814049726658823,0.12110705563034388,43.63511215010955,38.5958216152762,51.31382746530343,13.159809915221729,27.01435475726624,27.86193464617963,24.69089503977592,-0.08772072104890721,0.09981102446035507,0.0050999999999703505,0.040000000000020464,0.3299000000000092,0.0,2775.0,2775.0,2021-10-21,2021-10-21 13:50:00,0.40718562874250774,25.0,1.0,best_within_2.0d,2799.0,377.28,0.5832424107187206,4.3760036431226785,32.22527881040892,0.012230020343504162,2.285057100371749,15.890706319702602,0.006381710269403211,0.2492668621700928,3.410000000000025,37.0,0.009138416186520233,0.6899999999999977,12.0,0.0018331562167906424,1.0,0.00402220134195386,1.9444468750000041,16.553125,0.005470102952261012,1.0,0
2787.0,2021-10-21 14:55:00,376.31,376.41,376.25,376.41,102780.0,1,1,0.0,sell,False,0.20277431298846746,0.7000000000000455,14.0,0.0018631391232600822,0.05716999535852005,0.06891456477866643,0.09749956245792646,0.00025924496609418707,62.527622268048155,93.1915181306023,83.38856817287439,112.79741804605817,102780.0,0.7000000000000455,1.0,0.7000000000000455,14.0,0.0018631391232600822,0.7000000000000455,14.0,0.0018631391232600822,1.0,1.0,0.05716999535852005,0.09749956245792646,0.06891456477866643,62.527622268048155,93.1915181306023,83.38856817287439,112.79741804605817,24.366653026299396,15.587217737434274,16.461733790634245,0.026573835401669563,0.042524916943528245,0.0,0.060000000000002274,0.10000000000002274,1.0,2788.0,2788.0,2021-10-21,2021-10-21 14:55:00,1.0281342153502842,154.0,1.0,best_within_2.0d,2941.0,372.54,0.5832424107187206,4.3760036431226785,32.22527881040892,0.012230020343504162,2.285057100371749,15.890706319702602,0.006381710269403211,0.4929364202292669,5.6011759621451125,36.843533123028394,0.015614239272951093,2.82998018927445,22.52492113564669,0.007835530045022196,1.8630914826498424,0.00402220134195386,1.9444468750000041,16.553125,0.005470102952261012,0.0,1
2788.0,2021-10-21 15:00:00,376.42,376.76,376.38,376.71,424865.0,1,1,0.0,sell,False,0.35755733223665154,1.0500000000000114,15.0,0.002794708684889972,0.10080937137997734,0.0815157362011636,0.13192042189115227,0.00035072498669080205,69.54054187097292,93.54530327480724,86.77414654018533,107.08761674405108,424865.0,1.0500000000000114,1.0,1.0500000000000114,15.0,0.002794708684889972,1.0500000000000114,15.0,0.002794708684889972,1.0,1.0,0.10080937137997734,0.13192042189115227,0.0815157362011636,69.54054187097292,93.54530327480724,86.77414654018533,107.08761674405108,37.31758939511759,4.233039991087328,20.97337172554318,0.07704160246532162,0.1009617939316636,0.05000000000001137,0.040000000000020464,0.2899999999999636,1.0,2789.0,2789.0,2021-10-21,2021-10-21 15:00:00,1.106952297523283,153.0,1.0,best_within_2.0d,2941.0,372.54,0.5832424107187206,4.3760036431226785,32.22527881040892,0.012230020343504162,2.285057100371749,15.890706319702602,0.006381710269403211,0.4929364202292669,5.6011759621451125,36.843533123028394,0.015614239272951093,2.82998018927445,22.52492113564669,0.007835530045022196,1.8630914826498424,0.00402220134195386,1.9444468750000041,16.553125,0.005470102952261012,0.0,1
2789.0,2021-10-21 15:05:00,376.6999,376.8528,376.42,376.69,457461.0,1,1,0.0,sell,False,0.4215026737273092,1.1428000000000225,16.0,0.0030417077000878937,0.11883805964103827,0.09637049365629338,0.15578952347681252,0.00041413847169259995,68.61855947306523,89.18069850084811,87.57633052707291,92.3894344483985,457461.0,1.1428000000000225,1.0,1.1428000000000225,16.0,0.0030417077000878937,1.1428000000000225,16.0,0.0030417077000878937,1.0,1.0,0.11883805964103827,0.15578952347681252,0.09637049365629338,68.61855947306523,89.18069850084811,87.57633052707291,92.3894344483985,37.77831308716536,3.923053098866949,25.27420331862727,-0.002628086707752247,0.11497795016204933,0.15289999999998827,0.2699999999999818,0.009900000000016007,0.0,2790.0,2790.0,2021-10-21,2021-10-21 15:05:00,1.1017016644986535,152.0,1.0,best_within_2.0d,2941.0,372.54,0.5832424107187206,4.3760036431226785,32.22527881040892,0.012230020343504162,2.285057100371749,15.890706319702602,0.006381710269403211,0.4929364202292669,5.6011759621451125,36.843533123028394,0.015614239272951093,2.82998018927445,22.52492113564669,0.007835530045022196,1.8630914826498424,0.00402220134195386,1.9444468750000041,16.553125,0.005470102952261012,0.0,1
2791.0,2021-10-21 15:15:00,376.82,377.05,376.78,376.92,348056.0,1,1,0.0,sell,False,0.5484777850428049,1.3400000000000318,18.0,0.0035665806073834393,0.1546373007656639,0.13304313306634094,0.2103617834491729,0.0005590617682135468,73.17113065213296,89.71722085743065,89.12906756150468,90.89352744928254,348056.0,1.3400000000000318,1.0,1.3400000000000318,18.0,0.0035665806073834393,1.3400000000000318,18.0,0.0035665806073834393,1.0,1.0,0.1546373007656639,0.2103617834491729,0.13304313306634094,73.17113065213296,89.71722085743065,89.12906756150468,90.89352744928254,43.6920060226181,3.9917364053353706,33.03602542344836,0.026537869539839373,0.0716598545570462,0.12999999999999545,0.040000000000020464,0.10000000000002274,1.0,2792.0,2792.0,2021-10-21,2021-10-21 15:15:00,1.1620503024514472,150.0,1.0,best_within_2.0d,2941.0,372.54,0.5832424107187206,4.3760036431226785,32.22527881040892,0.012230020343504162,2.285057100371749,15.890706319702602,0.006381710269403211,0.4929364202292669,5.6011759621451125,36.843533123028394,0.015614239272951093,2.82998018927445,22.52492113564669,0.007835530045022196,1.8630914826498424,0.00402220134195386,1.9444468750000041,16.553125,0.005470102952261012,0.0,1
2792.0,2021-10-21 15:20:00,376.92,377.1,376.91,377.07,224227.0,1,1,0.0,sell,False,0.6143602106179645,1.3900000000000432,19.0,0.0036996619733306096,0.17321212865599012,0.1546946491483397,0.24130071347633475,0.0006411855360479427,75.74630844232419,92.15393003654219,90.13735505318385,96.18708000325887,224227.0,1.3900000000000432,1.0,1.3900000000000432,19.0,0.0036996619733306096,1.3900000000000432,19.0,0.0036996619733306096,1.0,1.0,0.17321212865599012,0.24130071347633475,0.1546946491483397,75.74630844232419,92.15393003654219,90.13735505318385,96.18708000325887,44.50769916663672,1.337494427106081,37.402392932955955,0.039796243234632614,0.050409912180626064,0.03000000000002956,0.009999999999990905,0.14999999999997726,1.0,2793.0,2793.0,2021-10-21,2021-10-21 15:20:00,1.2013684461770953,149.0,1.0,best_within_2.0d,2941.0,372.54,0.5832424107187206,4.3760036431226785,32.22527881040892,0.012230020343504162,2.285057100371749,15.890706319702602,0.006381710269403211,0.4929364202292669,5.6011759621451125,36.843533123028394,0.015614239272951093,2.82998018927445,22.52492113564669,0.007835530045022196,1.8630914826498424,0.00402220134195386,1.9444468750000041,16.553125,0.005470102952261012,0.0,1
2793.0,2021-10-21 15:25:00,377.07,377.16,376.96,377.12,289057.0,1,1,0.0,sell,False,0.6360790880279279,1.4500000000000455,20.0,0.0038593596124671834,0.17933552812617098,0.17711159016411107,0.26677935422719656,0.0007087780346946501,76.55416450704189,93.4872354089762,91.25398183844797,97.9537425500327,289057.0,1.4500000000000455,1.0,1.4500000000000455,20.0,0.0038593596124671834,1.4500000000000455,20.0,0.0038593596124671834,1.0,1.0,0.17933552812617098,0.26677935422719656,0.17711159016411107,76.55416450704189,93.4872354089762,91.25398183844797,97.9537425500327,38.5214699918159,1.387455974954102,41.37699978978124,0.01326013737502622,0.053056027164697976,0.040000000000020464,0.11000000000001364,0.05000000000001137,1.0,2794.0,2794.0,2021-10-21,2021-10-21 15:25:00,1.2144675434874799,148.0,1.0,best_within_2.0d,2941.0,372.54,0.5832424107187206,4.3760036431226785,32.22527881040892,0.012230020343504162,2.285057100371749,15.890706319702602,0.006381710269403211,0.4929364202292669,5.6011759621451125,36.843533123028394,0.015614239272951093,2.82998018927445,22.52492113564669,0.007835530045022196,1.8630914826498424,0.00402220134195386,1.9444468750000041,16.553125,0.005470102952261012,0.0,1
2794.0,2021-10-21 15:30:00,377.12,377.16,376.91,376.96,267591.0,1,1,0.0,sell,False,0.6360790880279279,1.4500000000000455,21.0,0.0038593596124671834,0.15012145402048183,0.1958767719166713,0.2709374989269122,0.0007197451120399616,68.67159293512506,88.41178012772174,90.30658126820589,84.62217784675346,267591.0,1.4500000000000455,1.0,1.4500000000000455,21.0,0.0038593596124671834,1.4500000000000455,21.0,0.0038593596124671834,1.0,1.0,0.15012145402048183,0.2709374989269122,0.1958767719166713,68.67159293512506,88.41178012772174,90.30658126820589,84.62217784675346,38.24932000423754,3.1438765057026705,44.47933512530567,-0.042426813746294284,0.06632883181661405,0.040000000000020464,0.049999999999954525,0.160000000000025,0.0,2795.0,2795.0,2021-10-21,2021-10-21 15:30:00,1.1725382003395477,147.0,1.0,best_within_2.0d,2941.0,372.54,0.5832424107187206,4.3760036431226785,32.22527881040892,0.012230020343504162,2.285057100371749,15.890706319702602,0.006381710269403211,0.4929364202292669,5.6011759621451125,36.843533123028394,0.015614239272951093,2.82998018927445,22.52492113564669,0.007835530045022196,1.8630914826498424,0.00402220134195386,1.9444468750000041,16.553125,0.005470102952261012,1.0,1
2799.0,2021-10-21 15:55:00,377.09,377.47,377.02,377.28,1248160.0,1,1,0.0,sell,False,0.6360790880279279,1.7600000000000477,26.0,0.004684464081339458,0.06801968188250723,0.24354343879613624,0.27755327973738986,0.0007369382116768352,73.29477793012234,76.92527420490978,79.76799711360641,71.23982838751652,1248160.0,1.7600000000000477,1.0,1.7600000000000477,26.0,0.004684464081339458,1.7600000000000477,26.0,0.004684464081339458,1.0,1.0,0.06801968188250723,0.27755327973738986,0.24354343879613624,73.29477793012234,76.92527420490978,79.76799711360641,71.23982838751652,41.45408925264454,4.6299062070603725,53.730578258011725,0.050385849531941376,0.11935706328577941,0.19000000000005457,0.06999999999999318,0.18999999999999773,1.0,2800.0,2800.0,2021-10-21,2021-10-21 15:55:00,1.2563613231552038,142.0,1.0,best_within_2.0d,2941.0,372.54,0.5832424107187206,4.3760036431226785,32.22527881040892,0.012230020343504162,2.285057100371749,15.890706319702602,0.006381710269403211,0.4929364202292669,5.6011759621451125,36.843533123028394,0.015614239272951093,2.82998018927445,22.52492113564669,0.007835530045022196,1.8630914826498424,0.00402220134195386,1.9444468750000041,16.553125,0.005470102952261012,1.0,1
2803.0,2021-10-21 16:15:00,376.2,376.22,375.46,375.54,378019.0,2s,2s,1.0,buy,False,0.32258064516129464,4.163492493946733,28.239017640954685,0.011578080659927173,-0.26719643796834724,0.20971403013341,0.07611581114923638,0.00020211891484926768,33.284391048019174,32.46537833672,53.625401928242866,-9.854668846325723,378019.0,2.0100000000000477,1.0,3.410000000000025,37.0,0.009138416186520233,2.0100000000000477,5.0,0.005324926484224038,2.0,2.5,-0.26719643796834724,0.07611581114923638,0.20971403013341,33.284391048019174,32.46537833672,53.625401928242866,-9.854668846325723,17.019133937563748,34.54179254783254,51.68429206474711,-0.17543859649121962,0.20241836680340058,0.020000000000038654,0.08000000000004093,0.6599999999999682,0.0,2804.0,2804.0,2021-10-21,2021-10-21 16:15:00,0.378122170740789,122.0,1.0,best_within_2.0d,2925.0,376.96,0.5832424107187206,4.3760036431226785,32.22527881040892,0.012230020343504162,2.285057100371749,15.890706319702602,0.006381710269403211,0.32258064516129464,3.410000000000025,37.0,0.009138416186520233,2.0100000000000477,5.0,0.005324926484224038,2.0,0.00402220134195386,1.9444468750000041,16.553125,0.005470102952261012,0.0,0
2804.0,2021-10-21 16:20:00,375.53,375.6,375.29,375.3,255772.0,2s,2s,1.0,buy,False,0.37243401759529987,4.163492493946733,28.239017640954685,0.011578080659927173,-0.3970475721430568,0.1600830836155279,-0.03844070245600051,-0.00010210183350331513,30.89886922213273,21.79649075658995,43.015764871025226,-20.642057472280598,255772.0,2.180000000000007,1.0,3.410000000000025,37.0,0.009138416186520233,2.180000000000007,6.0,0.005775293400800081,2.0,2.5,-0.3970475721430568,-0.03844070245600051,0.1600830836155279,30.89886922213273,21.79649075658995,43.015764871025226,-20.642057472280598,16.423712342080474,36.63751214771305,50.71364535263892,-0.06124677122998465,0.08260278717791635,0.07000000000005002,0.009999999999990905,0.22999999999996135,0.0,2805.0,2805.0,2021-10-21,2021-10-21 16:20:00,0.4423128164135273,121.0,1.0,best_within_2.0d,2925.0,376.96,0.5832424107187206,4.3760036431226785,32.22527881040892,0.012230020343504162,2.285057100371749,15.890706319702602,0.006381710269403211,0.37243401759529987,3.410000000000025,37.0,0.009138416186520233,2.180000000000007,6.0,0.005775293400800081,2.0,0.00402220134195386,1.9444468750000041,16.553125,0.005470102952261012,0.0,0
2805.0,2021-10-21 16:25:00,375.26,375.39,375.12,375.16,102156.0,2s,2s,1.0,buy,False,0.42228739002932175,4.163492493946733,28.239017640954685,0.011578080659927173,-0.4784096972887864,0.1002818714544296,-0.1389229771899636,-0.0003690883070852074,29.567616312792794,15.098369724251741,33.70996648876739,-22.12482380477956,102156.0,2.3500000000000227,1.0,3.410000000000025,37.0,0.009138416186520233,2.3500000000000227,7.0,0.0062256603173762755,2.0,2.5,-0.4784096972887864,-0.1389229771899636,0.1002818714544296,29.567616312792794,15.098369724251741,33.70996648876739,-22.12482380477956,11.953352769680096,39.94169096209653,50.943569560997446,-0.026648190587849997,0.0719769673704366,0.12999999999999545,0.040000000000020464,0.0999999999999659,0.0,2806.0,2806.0,2021-10-21,2021-10-21 16:25:00,0.4797952873440544,120.0,1.0,best_within_2.0d,2925.0,376.96,0.5832424107187206,4.3760036431226785,32.22527881040892,0.012230020343504162,2.285057100371749,15.890706319702602,0.006381710269403211,0.42228739002932175,3.410000000000025,37.0,0.009138416186520233,2.3500000000000227,7.0,0.0062256603173762755,2.0,0.00402220134195386,1.9444468750000041,16.553125,0.005470102952261012,0.0,0
2806.0,2021-10-21 16:30:00,375.1,377.27,374.7804,374.95,263744.0,2s,2s,1.0,buy,False,0.5218768328445758,4.163492493946733,28.239017640954685,0.011578080659927173,-0.532958794380696,0.033662022156842594,-0.2328173750335054,-0.0006187213597699091,27.64368376324522,12.1675032744268,26.529145417320525,-16.55578101136065,263744.0,2.6896000000000413,1.0,3.410000000000025,37.0,0.009138416186520233,2.6896000000000413,8.0,0.007125334463666096,2.0,2.5,-0.532958794380696,-0.2328173750335054,0.033662022156842594,27.64368376324522,12.1675032744268,26.529145417320525,-16.55578101136065,32.84259731886175,27.6039008140114,47.92379078283112,-0.03998933617702855,0.6642823370699203,2.169999999999959,0.16960000000000264,0.1500000000000341,0.0,2807.0,2807.0,2021-10-21,2021-10-21 16:30:00,0.5360714761968238,119.0,1.0,best_within_2.0d,2925.0,376.96,0.5832424107187206,4.3760036431226785,32.22527881040892,0.012230020343504162,2.285057100371749,15.890706319702602,0.006381710269403211,0.5218768328445758,3.410000000000025,37.0,0.009138416186520233,2.6896000000000413,8.0,0.007125334463666096,2.0,0.00402220134195386,1.9444468750000041,16.553125,0.005470102952261012,0.0,0
2807.0,2021-10-21 16:35:00,374.96,374.99,374.73,374.79,86010.0,2s,2s,1.0,buy,False,0.5366568914955926,4.163492493946733,28.239017640954685,0.011578080659927173,-0.5602459638547251,-0.03636872332499804,-0.3164917052523606,-0.0008413372814305256,26.242594915483707,8.841595856917161,20.633295563852734,-14.741803556953982,86010.0,2.740000000000009,1.0,3.410000000000025,37.0,0.009138416186520233,2.740000000000009,9.0,0.007258855008345058,2.0,2.5,-0.5602459638547251,-0.3164917052523606,-0.03636872332499804,26.242594915483707,8.841595856917161,20.633295563852734,-14.741803556953982,31.78050795512085,28.054793060254713,44.94542121137691,-0.04533816940472559,0.06938328930162807,0.03000000000002956,0.060000000000002274,0.16999999999995907,0.0,2808.0,2808.0,2021-10-21,2021-10-21 16:35:00,0.5789909015715358,118.0,1.0,best_within_2.0d,2925.0,376.96,0.5832424107187206,4.3760036431226785,32.22527881040892,0.012230020343504162,2.285057100371749,15.890706319702602,0.006381710269403211,0.5366568914955926,3.410000000000025,37.0,0.009138416186520233,2.740000000000009,9.0,0.007258855008345058,2.0,0.00402220134195386,1.9444468750000041,16.553125,0.005470102952261012,0.0,0
2808.0,2021-10-21 16:40:00,374.8,374.83,374.68,374.79,66044.0,2s,2s,1.0,buy,False,0.5513196480938363,4.163492493946733,28.239017640954685,0.011578080659927173,-0.547316880436187,-0.10478333337952142,-0.3784417735976149,-0.0010062954235484228,26.242594915483707,7.2325967513269305,16.166395959677466,-10.63500166537414,66044.0,2.7900000000000205,1.0,3.410000000000025,37.0,0.009138416186520233,2.7900000000000205,10.0,0.007391315866161603,2.0,2.5,-0.547316880436187,-0.3784417735976149,-0.10478333337952142,26.242594915483707,7.2325967513269305,16.166395959677466,-10.63500166537414,32.20970747913467,28.433676363340865,42.1797923235979,-0.00266808964780974,0.04003416248531474,0.029999999999972715,0.11000000000001364,0.009999999999990905,0.0,2809.0,2809.0,2021-10-21,2021-10-21 16:40:00,0.5789909015715358,117.0,1.0,best_within_2.0d,2925.0,376.96,0.5832424107187206,4.3760036431226785,32.22527881040892,0.012230020343504162,2.285057100371749,15.890706319702602,0.006381710269403211,0.5513196480938363,3.410000000000025,37.0,0.009138416186520233,2.7900000000000205,10.0,0.007391315866161603,2.0,0.00402220134195386,1.9444468750000041,16.553125,0.005470102952261012,1.0,0
2833.0,2021-10-21 18:45:00,375.35,375.49,375.35,375.4,9011.0,2,2,0.0,sell,False,0.29032258064516,4.163492493946733,28.239017640954685,0.011578080659927173,0.1916248954249924,-0.1410671977295188,-0.045254750017022616,-0.00012059218662826869,54.52864752689191,88.4427264118618,84.91574617693895,95.49668688170746,9011.0,0.8100000000000023,1.0,2.7900000000000205,10.0,0.007391315866161603,0.8100000000000023,26.0,0.0021618447742073298,2.0,2.0,0.1916248954249924,-0.045254750017022616,-0.1410671977295188,54.52864752689191,88.4427264118618,84.91574617693895,95.49668688170746,41.174268755680274,8.020961445913164,38.39398001296052,0.013320900492861203,0.03729852138004165,0.09000000000003183,0.0,0.049999999999954525,1.0,2834.0,2834.0,2021-10-21,2021-10-21 18:45:00,0.7618540223761207,108.0,1.0,best_within_2.0d,2941.0,372.54,0.29032258064516,2.7900000000000205,10.0,0.007391315866161603,0.8100000000000023,26.0,0.0021618447742073298,0.4929364202292669,5.6011759621451125,36.843533123028394,0.015614239272951093,2.82998018927445,22.52492113564669,0.007835530045022196,1.8630914826498424,0.00402220134195386,1.9444468750000041,16.553125,0.005470102952261012,0.0,1
2834.0,2021-10-21 18:50:00,375.42,375.51,375.42,375.49,9703.0,2,2,0.0,sell,False,0.2974910394265154,4.163492493946733,28.239017640954685,0.011578080659927173,0.19239216136949047,-0.1170181775583325,-0.02082209687358727,-5.5483096233564504e-05,57.424768878333786,90.8458755789236,86.89245597760049,98.75271478156981,9703.0,0.8299999999999841,1.0,2.7900000000000205,10.0,0.007391315866161603,0.8299999999999841,27.0,0.002215223657521042,2.0,2.0,0.19239216136949047,-0.02082209687358727,-0.1170181775583325,57.424768878333786,90.8458755789236,86.89245597760049,98.75271478156981,42.47083490134686,8.064082576206724,40.514774753675724,0.018645783389268866,0.023973150071912787,0.01999999999998181,0.0,0.06999999999999318,1.0,2835.0,2835.0,2021-10-21,2021-10-21 18:50:00,0.7856400969399954,107.0,1.0,best_within_2.0d,2941.0,372.54,0.2974910394265154,2.7900000000000205,10.0,0.007391315866161603,0.8299999999999841,27.0,0.002215223657521042,0.4929364202292669,5.6011759621451125,36.843533123028394,0.015614239272951093,2.82998018927445,22.52492113564669,0.007835530045022196,1.8630914826498424,0.00402220134195386,1.9444468750000041,16.553125,0.005470102952261012,0.0,1
2835.0,2021-10-21 18:55:00,375.5,375.52,375.37,375.41,8317.0,2,2,0.0,sell,False,0.30107526881719315,4.163492493946733,28.239017640954685,0.011578080659927173,0.1747103923522164,-0.09517937851430545,-0.00782418233819726,-2.084801276567186e-05,54.12481786844352,84.2481275789352,86.01101317804539,80.72235638071481,8317.0,0.839999999999975,1.0,2.7900000000000205,10.0,0.007391315866161603,0.839999999999975,28.0,0.0022419130991778984,2.0,2.0,0.1747103923522164,-0.00782418233819726,-0.09517937851430545,54.12481786844352,84.2481275789352,86.01101317804539,80.72235638071481,37.63238535562336,10.752110101609293,41.589116239523676,-0.023968042609846866,0.039960572235388354,0.01999999999998181,0.040000000000020464,0.08999999999997499,0.0,2836.0,2836.0,2021-10-21,2021-10-21 18:55:00,0.7644974827521921,106.0,1.0,best_within_2.0d,2941.0,372.54,0.30107526881719315,2.7900000000000205,10.0,0.007391315866161603,0.839999999999975,28.0,0.0022419130991778984,0.4929364202292669,5.6011759621451125,36.843533123028394,0.015614239272951093,2.82998018927445,22.52492113564669,0.007835530045022196,1.8630914826498424,0.00402220134195386,1.9444468750000041,16.553125,0.005470102952261012,0.0,1
2838.0,2021-10-21 19:10:00,375.41,375.56,375.4,375.55,30407.0,2,2,0.0,sell,False,0.31541218637992435,4.163492493946733,28.239017640954685,0.011578080659927173,0.13597994895388854,-0.04362080564354181,0.024369168833402455,6.492815429627118e-05,58.279007426789725,80.93010519186798,79.17452680741695,84.44126196077002,30407.0,0.8799999999999955,1.0,2.7900000000000205,10.0,0.007391315866161603,0.8799999999999955,31.0,0.0023486708658054752,2.0,2.0,0.13597994895388854,0.024369168833402455,-0.04362080564354181,58.279007426789725,80.93010519186798,79.17452680741695,84.44126196077002,33.16157338910566,12.244273251366955,43.13566165645248,0.03729256013424958,0.04262120404902105,0.009999999999990905,0.010000000000047748,0.13999999999998636,1.0,2839.0,2839.0,2021-10-21,2021-10-21 19:10:00,0.8014911463187301,103.0,1.0,best_within_2.0d,2941.0,372.54,0.31541218637992435,2.7900000000000205,10.0,0.007391315866161603,0.8799999999999955,31.0,0.0023486708658054752,0.4929364202292669,5.6011759621451125,36.843533123028394,0.015614239272951093,2.82998018927445,22.52492113564669,0.007835530045022196,1.8630914826498424,0.00402220134195386,1.9444468750000041,16.553125,0.005470102952261012,0.0,1
2839.0,2021-10-21 19:15:00,375.55,375.59,375.5,375.59,18572.0,2,2,0.0,sell,False,0.32616487455195753,4.163492493946733,28.239017640954685,0.011578080659927173,0.13659043092216042,-0.026547001778271757,0.041748213682808455,0.00011122631203608219,59.49716534905896,87.28673679457864,81.87859680313751,98.10301677746091,18572.0,0.9099999999999682,1.0,2.7900000000000205,10.0,0.007391315866161603,0.9099999999999682,32.0,0.002428739190776044,2.0,2.0,0.13659043092216042,0.041748213682808455,-0.026547001778271757,59.49716534905896,87.28673679457864,81.87859680313751,98.10301677746091,35.13323604128757,12.972271769095947,43.34507266172883,0.010651045133794067,0.023968042609846866,0.0,0.05000000000001137,0.03999999999996362,1.0,2840.0,2840.0,2021-10-21,2021-10-21 19:15:00,0.8120556990335086,102.0,1.0,best_within_2.0d,2941.0,372.54,0.32616487455195753,2.7900000000000205,10.0,0.007391315866161603,0.9099999999999682,32.0,0.002428739190776044,0.4929364202292669,5.6011759621451125,36.843533123028394,0.015614239272951093,2.82998018927445,22.52492113564669,0.007835530045022196,1.8630914826498424,0.00402220134195386,1.9444468750000041,16.553125,0.005470102952261012,0.0,1
2840.0,2021-10-21 19:20:00,375.59,375.59,375.31,375.33,12268.0,2,2,0.0,sell,False,0.32616487455195753,4.163492493946733,28.239017640954685,0.011578080659927173,0.0971116358094877,-0.014408047302085794,0.034147770602658056,9.097734534688303e-05,49.40049257620608,68.71747365252664,77.49155575293389,51.16930945171214,12268.0,0.9099999999999682,1.0,2.7900000000000205,10.0,0.007391315866161603,0.9099999999999682,33.0,0.002428739190776044,2.0,2.0,0.0971116358094877,0.034147770602658056,-0.014408047302085794,49.40049257620608,68.71747365252664,77.49155575293389,51.16930945171214,31.154213356105743,21.60695442440292,41.54151304983551,-0.06922442024547804,0.07460499320560943,0.0,0.01999999999998181,0.2599999999999909,0.0,2841.0,2841.0,2021-10-21,2021-10-21 19:20:00,0.7433458556470209,101.0,1.0,best_within_2.0d,2941.0,372.54,0.32616487455195753,2.7900000000000205,10.0,0.007391315866161603,0.9099999999999682,33.0,0.002428739190776044,0.4929364202292669,5.6011759621451125,36.843533123028394,0.015614239272951093,2.82998018927445,22.52492113564669,0.007835530045022196,1.8630914826498424,0.00402220134195386,1.9444468750000041,16.553125,0.005470102952261012,1.0,1
2848.0,2021-10-22 04:00:00,375.87,375.91,375.55,375.66,9935.0,2,2,0.0,sell,False,0.4408602150537667,4.163492493946733,28.239017640954685,0.011578080659927173,0.030763957310196134,-0.00866841779763496,0.006713560857463108,1.7887642791566773e-05,61.2865197607368,37.22335720423871,30.5584254089706,50.55322079477493,9935.0,1.2300000000000182,1.0,2.7900000000000205,10.0,0.007391315866161603,1.2300000000000182,41.0,0.003282801323796355,2.0,2.0,0.030763957310196134,0.006713560857463108,-0.00866841779763496,61.2865197607368,37.22335720423871,30.5584254089706,50.55322079477493,37.00787401574847,21.25984251968615,30.131726179466007,-0.05587038071673173,0.09585940620423741,0.040000000000020464,0.11000000000001364,0.20999999999997954,0.0,2849.0,2849.0,2021-10-22,2021-10-22 04:00:00,0.8305382526752926,93.0,1.0,best_within_2.0d,2941.0,372.54,0.4408602150537667,2.7900000000000205,10.0,0.007391315866161603,1.2300000000000182,41.0,0.003282801323796355,0.4929364202292669,5.6011759621451125,36.843533123028394,0.015614239272951093,2.82998018927445,22.52492113564669,0.007835530045022196,1.8630914826498424,0.00402220134195386,1.9444468750000041,16.553125,0.005470102952261012,1.0,1
2853.0,2021-10-22 04:25:00,375.94,376.01,375.93,376.01,3157.0,2,2,0.0,sell,False,0.47670250896056426,4.163492493946733,28.239017640954685,0.011578080659927173,0.15634278316378486,0.0679657520467716,0.14613714362866403,0.00038918557506722594,69.62601188721058,87.90240013582024,71.82064091427463,120.06591857891146,3157.0,1.329999999999984,1.0,2.7900000000000205,10.0,0.007391315866161603,1.329999999999984,46.0,0.003549695740365069,2.0,2.0,0.15634278316378486,0.14613714362866403,0.0679657520467716,69.62601188721058,87.90240013582024,71.82064091427463,120.06591857891146,41.02564102564501,17.094017094017136,32.86149990710619,0.018619992552001165,0.021280557550603593,0.0,0.009999999999990905,0.06999999999999318,1.0,2854.0,2854.0,2021-10-22,2021-10-22 04:25:00,0.9228477966011464,88.0,1.0,best_within_2.0d,2941.0,372.54,0.47670250896056426,2.7900000000000205,10.0,0.007391315866161603,1.329999999999984,46.0,0.003549695740365069,0.4929364202292669,5.6011759621451125,36.843533123028394,0.015614239272951093,2.82998018927445,22.52492113564669,0.007835530045022196,1.8630914826498424,0.00402220134195386,1.9444468750000041,16.553125,0.005470102952261012,0.0,1
2854.0,2021-10-22 04:30:00,375.95,376.01,375.95,376.01,950.0,2,2,0.0,sell,False,0.47670250896056426,4.163492493946733,28.239017640954685,0.011578080659927173,0.1548649890966359,0.0873238756838511,0.16475637023216905,0.00043872683153808764,69.62601188721058,91.93493342388015,78.52540508414313,118.75399010335423,950.0,1.329999999999984,1.0,2.7900000000000205,10.0,0.007391315866161603,1.329999999999984,47.0,0.003549695740365069,2.0,2.0,0.1548649890966359,0.16475637023216905,0.0873238756838511,69.62601188721058,91.93493342388015,78.52540508414313,118.75399010335423,45.283018867928575,9.905660377358034,35.09300449249633,0.015959569091635133,0.015959569091635133,0.0,0.0,0.060000000000002274,1.0,2855.0,2855.0,2021-10-22,2021-10-22 04:30:00,0.9228477966011464,87.0,1.0,best_within_2.0d,2941.0,372.54,0.47670250896056426,2.7900000000000205,10.0,0.007391315866161603,1.329999999999984,47.0,0.003549695740365069,0.4929364202292669,5.6011759621451125,36.843533123028394,0.015614239272951093,2.82998018927445,22.52492113564669,0.007835530045022196,1.8630914826498424,0.00402220134195386,1.9444468750000041,16.553125,0.005470102952261012,0.0,1
2855.0,2021-10-22 04:35:00,375.96,376.1,375.96,376.1,2358.0,2,2,0.0,sell,False,0.5089605734767044,4.163492493946733,28.239017640954685,0.011578080659927173,0.1557154070494323,0.10678830156503012,0.18464600508974627,0.0004916355969536064,71.69989031658277,94.62328894925344,83.89136637251323,116.08713410273384,2358.0,1.420000000000016,1.0,2.7900000000000205,10.0,0.007391315866161603,1.420000000000016,48.0,0.003789900715277079,2.0,2.0,0.1557154070494323,0.18464600508974627,0.10678830156503012,71.69989031658277,94.62328894925344,83.89136637251323,116.08713410273384,48.16513761468313,6.880733944953244,37.94350417160407,0.037238004042994786,0.037238004042994786,0.0,0.0,0.1400000000000432,1.0,2856.0,2856.0,2021-10-22,2021-10-22 04:35:00,0.9465567668173364,86.0,1.0,best_within_2.0d,2941.0,372.54,0.5089605734767044,2.7900000000000205,10.0,0.007391315866161603,1.420000000000016,48.0,0.003789900715277079,0.4929364202292669,5.6011759621451125,36.843533123028394,0.015614239272951093,2.82998018927445,22.52492113564669,0.007835530045022196,1.8630914826498424,0.00402220134195386,1.9444468750000041,16.553125,0.005470102952261012,0.0,1
2857.0,2021-10-22 04:45:00,376.0,376.11,375.96,376.1,649.0,2,2,0.0,sell,False,0.5125448028673822,4.163492493946733,28.239017640954685,0.011578080659927173,0.12289298344591149,0.13882178746025003,0.20026827918320578,0.000533134626588805,68.82055233799059,92.94101578609829,88.3442614066079,102.13452454507905,649.0,1.4300000000000068,1.0,2.7900000000000205,10.0,0.007391315866161603,1.4300000000000068,50.0,0.003816590156933935,2.0,2.0,0.12289298344591149,0.20026827918320578,0.13882178746025003,68.82055233799059,92.94101578609829,88.3442614066079,102.13452454507905,49.572649572652395,6.837606837605384,43.00641128936094,0.026595744680857108,0.03989786147463403,0.009999999999990905,0.040000000000020464,0.10000000000002274,1.0,2858.0,2858.0,2021-10-22,2021-10-22 04:45:00,0.9465567668173364,84.0,1.0,best_within_2.0d,2941.0,372.54,0.5125448028673822,2.7900000000000205,10.0,0.007391315866161603,1.4300000000000068,50.0,0.003816590156933935,0.4929364202292669,5.6011759621451125,36.843533123028394,0.015614239272951093,2.82998018927445,22.52492113564669,0.007835530045022196,1.8630914826498424,0.00402220134195386,1.9444468750000041,16.553125,0.005470102952261012,0.0,1
2858.0,2021-10-22 04:50:00,376.12,376.22,376.12,376.2,2498.0,2,2,0.0,sell,False,0.5519713261648779,4.163492493946733,28.239017640954685,0.011578080659927173,0.12011317491441381,0.15383593432455175,0.21389252178175866,0.0005693412160225417,71.157041708304,94.14458523670706,90.27770268330761,101.87835034350599,2498.0,1.5400000000000205,1.0,2.7900000000000205,10.0,0.007391315866161603,1.5400000000000205,51.0,0.004110174015159658,2.0,2.0,0.12011317491441381,0.21389252178175866,0.15383593432455175,71.157041708304,94.14458523670706,90.27770268330761,101.87835034350599,55.94713656387991,1.7621145374433014,46.641176895192174,0.021269807508237818,0.026587259385308606,0.020000000000038654,0.0,0.07999999999998408,1.0,2859.0,2859.0,2021-10-22,2021-10-22 04:50:00,0.9728867623604383,83.0,1.0,best_within_2.0d,2941.0,372.54,0.5519713261648779,2.7900000000000205,10.0,0.007391315866161603,1.5400000000000205,51.0,0.004110174015159658,0.4929364202292669,5.6011759621451125,36.843533123028394,0.015614239272951093,2.82998018927445,22.52492113564669,0.007835530045022196,1.8630914826498424,0.00402220134195386,1.9444468750000041,16.553125,0.005470102952261012,1.0,1
2864.0,2021-10-22 05:20:00,376.02,376.03,375.93,376.0,4276.0,2s,2s,1.0,buy,False,0.18475073313782722,4.163492493946733,28.239017640954685,0.011578080659927173,-0.019359099594910334,0.1810531215263052,0.17137357172885004,0.0004560005610322886,59.53785737655605,41.722986735792134,58.04132284224761,9.086314522881182,4276.0,0.29000000000002046,1.0,3.410000000000025,37.0,0.009138416186520233,0.29000000000002046,7.0,0.0007708255807772591,3.0,2.5,-0.019359099594910334,0.17137357172885004,0.1810531215263052,59.53785737655605,41.722986735792134,58.04132284224761,9.086314522881182,41.0447761194071,22.388059701492853,51.63818205115336,-0.0053188660177601755,0.02660069693825071,0.009999999999990905,0.06999999999999318,0.01999999999998181,0.0,2865.0,2865.0,2021-10-22,2021-10-22 05:20:00,0.25531914893616475,61.0,1.0,best_within_2.0d,2925.0,376.96,0.5832424107187206,4.3760036431226785,32.22527881040892,0.012230020343504162,2.285057100371749,15.890706319702602,0.006381710269403211,0.18475073313782722,3.410000000000025,37.0,0.009138416186520233,0.29000000000002046,7.0,0.0007708255807772591,3.0,0.00402220134195386,1.9444468750000041,16.553125,0.005470102952261012,0.0,0
2866.0,2021-10-22 05:30:00,376.36,376.565,376.21,376.54,414693.0,1,1,0.0,sell,False,0.8166576100606467,1.6050000000000182,7.0,0.004280456582035466,0.14351486530600097,0.07906416162971731,0.1508215942827178,0.000401285372281349,62.94962687079726,83.38985156319788,67.80126370796333,114.56702727366698,414693.0,1.6050000000000182,1.0,1.6050000000000182,7.0,0.004280456582035466,1.6050000000000182,7.0,0.004280456582035466,1.0,1.0,0.14351486530600097,0.1508215942827178,0.07906416162971731,62.94962687079726,83.38985156319788,67.80126370796333,114.56702727366698,22.78053537897228,15.35684653342955,18.291880660130804,0.04782654904878489,0.0943621913293156,0.024999999999977263,0.1500000000000341,0.18000000000000682,1.0,2867.0,2867.0,2021-10-22,2021-10-22 05:30:00,0.281989890928439,59.0,1.0,best_within_2.0d,2925.0,376.96,0.5832424107187206,4.3760036431226785,32.22527881040892,0.012230020343504162,2.285057100371749,15.890706319702602,0.006381710269403211,0.4929364202292669,5.6011759621451125,36.843533123028394,0.015614239272951093,2.82998018927445,22.52492113564669,0.007835530045022196,1.8630914826498424,0.00402220134195386,1.9444468750000041,16.553125,0.005470102952261012,0.0,1
2866.0,2021-10-22 05:30:00,375.95,375.95,375.9,375.9,1497.0,2s,2s,1.0,buy,False,0.1935483870967801,4.163492493946733,28.239017640954685,0.011578080659927173,-0.05750141612190568,0.16970740287643896,0.14095669481548612,0.00037504650932399934,53.64281774305563,24.673817859584123,42.24535539183279,-10.469257204913205,1497.0,0.32000000000005,1.0,3.410000000000025,37.0,0.009138416186520233,0.32000000000005,9.0,0.0008505661580991175,3.0,2.5,-0.05750141612190568,0.14095669481548612,0.16970740287643896,53.64281774305563,24.673817859584123,42.24535539183279,-10.469257204913205,34.81481481482174,30.370370370369155,46.60696704055031,-0.013299640909698464,0.013301409949457667,0.0,0.0,0.05000000000001137,0.0,2867.0,2867.0,2021-10-22,2021-10-22 05:30:00,0.281989890928439,59.0,1.0,best_within_2.0d,2925.0,376.96,0.5832424107187206,4.3760036431226785,32.22527881040892,0.012230020343504162,2.285057100371749,15.890706319702602,0.006381710269403211,0.1935483870967801,3.410000000000025,37.0,0.009138416186520233,0.32000000000005,9.0,0.0008505661580991175,3.0,0.00402220134195386,1.9444468750000041,16.553125,0.005470102952261012,0.0,0
2867.0,2021-10-22 05:35:00,375.92,375.98,375.9,375.91,2400.0,2s,2s,1.0,buy,False,0.1935483870967801,4.163492493946733,28.239017640954685,0.011578080659927173,-0.07149645769359025,0.1607703456647402,0.12502211681794506,0.000332644308415894,54.114682575275395,18.03651349369831,34.17574142578796,-14.241942370480999,2400.0,0.32000000000005,1.0,3.410000000000025,37.0,0.009138416186520233,0.32000000000005,10.0,0.0008505661580991175,3.0,2.5,-0.07149645769359025,0.12502211681794506,0.1607703456647402,54.114682575275395,18.03651349369831,34.17574142578796,-14.241942370480999,29.545454545462768,31.0606060606041,43.4564693947955,-0.0026601404554136266,0.021282255919138314,0.060000000000002274,0.010000000000047748,0.009999999999990905,0.0,2868.0,2868.0,2021-10-22,2021-10-22 05:35:00,0.27932217818093547,58.0,1.0,best_within_2.0d,2925.0,376.96,0.5832424107187206,4.3760036431226785,32.22527881040892,0.012230020343504162,2.285057100371749,15.890706319702602,0.006381710269403211,0.1935483870967801,3.410000000000025,37.0,0.009138416186520233,0.32000000000005,10.0,0.0008505661580991175,3.0,0.00402220134195386,1.9444468750000041,16.553125,0.005470102952261012,1.0,0
2872.0,2021-10-22 06:00:00,376.17,376.17,376.14,376.14,1099.0,2s,2s,0.0,sell,False,0.5340501792114689,4.163492493946733,28.239017640954685,0.011578080659927173,-0.024176386493685975,0.13483638827075964,0.12274819502391665,0.00032652003834626584,63.48823012715531,80.06751657216458,64.7219922955921,110.75856512530953,1099.0,0.27000000000003865,1.0,2.7900000000000205,10.0,0.007391315866161603,0.27000000000003865,6.0,0.0007182761372706535,1.0,2.5,-0.024176386493685975,0.12274819502391665,0.13483638827075964,63.48823012715531,80.06751657216458,64.7219922955921,110.75856512530953,27.88461538462227,38.46153846154098,32.674608355223604,-0.007975117632992943,0.007975753708733335,0.0,0.0,0.03000000000002956,0.0,2873.0,2873.0,2021-10-22,2021-10-22 06:00:00,0.9570904450470479,69.0,1.0,best_within_2.0d,2941.0,372.54,0.5832424107187206,4.3760036431226785,32.22527881040892,0.012230020343504162,2.285057100371749,15.890706319702602,0.006381710269403211,0.5340501792114689,2.7900000000000205,10.0,0.007391315866161603,0.27000000000003865,6.0,0.0007182761372706535,1.0,0.00402220134195386,1.9444468750000041,16.553125,0.005470102952261012,0.0,1
2873.0,2021-10-22 06:05:00,376.19,376.19,376.19,376.19,955.0,2s,2s,0.0,sell,False,0.5412186379928243,4.163492493946733,28.239017640954685,0.011578080659927173,-0.016182064913693006,0.132813630156548,0.12472259769970151,0.00033175501483873537,65.59853853934497,86.71167771477639,72.0518874353202,116.03125827368876,955.0,0.29000000000002046,1.0,2.7900000000000205,10.0,0.007391315866161603,0.29000000000002046,7.0,0.0007714817770684237,1.0,2.5,-0.016182064913693006,0.12472259769970151,0.132813630156548,65.59853853934497,86.71167771477639,72.0518874353202,116.03125827368876,34.06593406593962,32.96703296703331,30.457803777157828,0.0,0.0,0.0,0.0,0.0,0.0,2874.0,2874.0,2021-10-22,2021-10-22 06:05:00,0.9702543927270734,68.0,1.0,best_within_2.0d,2941.0,372.54,0.5832424107187206,4.3760036431226785,32.22527881040892,0.012230020343504162,2.285057100371749,15.890706319702602,0.006381710269403211,0.5412186379928243,2.7900000000000205,10.0,0.007391315866161603,0.29000000000002046,7.0,0.0007714817770684237,1.0,0.00402220134195386,1.9444468750000041,16.553125,0.005470102952261012,0.0,1
2874.0,2021-10-22 06:10:00,376.21,376.37,376.21,376.37,7307.0,2s,2s,0.0,sell,False,0.6057347670250843,4.163492493946733,28.239017640954685,0.011578080659927173,0.010229597505144572,0.13409232984469108,0.13920712859726336,0.0003702522493193926,71.89603372836899,91.14111847651759,78.41496444905266,116.59342653144745,7307.0,0.4700000000000273,1.0,2.7900000000000205,10.0,0.007391315866161603,0.4700000000000273,8.0,0.001250332535248809,1.0,2.5,0.010229597505144572,0.13920712859726336,0.13409232984469108,71.89603372836899,91.14111847651759,78.41496444905266,116.59342653144745,45.79439252336851,28.037383177569847,30.000148715317767,0.0425294383456115,0.0425294383456115,0.0,0.0,0.160000000000025,1.0,2875.0,2875.0,2021-10-22,2021-10-22 06:10:00,1.0176156441799251,67.0,1.0,best_within_2.0d,2941.0,372.54,0.5832424107187206,4.3760036431226785,32.22527881040892,0.012230020343504162,2.285057100371749,15.890706319702602,0.006381710269403211,0.6057347670250843,2.7900000000000205,10.0,0.007391315866161603,0.4700000000000273,8.0,0.001250332535248809,1.0,0.00402220134195386,1.9444468750000041,16.553125,0.005470102952261012,0.0,1
2875.0,2021-10-22 06:15:00,376.32,376.38,376.3,376.3,12734.0,2s,2s,0.0,sell,False,0.609318996415762,4.163492493946733,28.239017640954685,0.011578080659927173,0.014868202140587372,0.1359508551122645,0.1433849561825582,0.000381340003854766,66.7765611638745,88.53852342879082,81.78948410896538,102.03660206844171,12734.0,0.4800000000000182,1.0,2.7900000000000205,10.0,0.007391315866161603,0.4800000000000182,9.0,0.0012769353551476941,1.0,2.5,0.014868202140587372,0.1433849561825582,0.1359508551122645,66.7765611638745,88.53852342879082,81.78948410896538,102.03660206844171,41.44144144144421,27.027027027027717,29.361040348434308,-0.005314625850335302,0.02125963327132184,0.060000000000002274,0.0,0.01999999999998181,0.0,2876.0,2876.0,2021-10-22,2021-10-22 06:15:00,0.9992027637523228,66.0,1.0,best_within_2.0d,2941.0,372.54,0.5832424107187206,4.3760036431226785,32.22527881040892,0.012230020343504162,2.285057100371749,15.890706319702602,0.006381710269403211,0.609318996415762,2.7900000000000205,10.0,0.007391315866161603,0.4800000000000182,9.0,0.0012769353551476941,1.0,0.00402220134195386,1.9444468750000041,16.553125,0.005470102952261012,0.0,1
2876.0,2021-10-22 06:20:00,376.35,376.48,376.35,376.48,714.0,2s,2s,0.0,sell,False,0.64516129032258,4.163492493946733,28.239017640954685,0.011578080659927173,0.03749165692030132,0.1406373122273022,0.15938314068745285,0.0004238482003014775,72.24875957818514,92.35901561919388,85.31266127904155,106.45172429949855,714.0,0.5800000000000409,1.0,2.7900000000000205,10.0,0.007391315866161603,0.5800000000000409,10.0,0.0015429635541368474,1.0,2.5,0.03749165692030132,0.15938314068745285,0.1406373122273022,72.24875957818514,92.35901561919388,85.31266127904155,106.45172429949855,44.44444444444945,22.222222222220218,29.644775561642028,0.03454231433505924,0.03454231433505924,0.0,0.0,0.12999999999999545,1.0,2877.0,2877.0,2021-10-22,2021-10-22 06:20:00,1.0465363365915847,65.0,1.0,best_within_2.0d,2941.0,372.54,0.5832424107187206,4.3760036431226785,32.22527881040892,0.012230020343504162,2.285057100371749,15.890706319702602,0.006381710269403211,0.64516129032258,2.7900000000000205,10.0,0.007391315866161603,0.5800000000000409,10.0,0.0015429635541368474,1.0,0.00402220134195386,1.9444468750000041,16.553125,0.005470102952261012,0.0,1
2877.0,2021-10-22 06:25:00,376.51,376.52,376.4,376.4,7940.0,2s,2s,0.0,sell,False,0.6594982078852909,4.163492493946733,28.239017640954685,0.011578080659927173,0.036931072208124416,0.14525369625331774,0.16371923235737995,0.0004353481639491238,66.96923567125138,87.06287315789352,85.89606523865888,89.39648899636279,7940.0,0.6200000000000045,1.0,2.7900000000000205,10.0,0.007391315866161603,0.6200000000000045,11.0,0.001649374833732388,1.0,2.5,0.036931072208124416,0.16371923235737995,0.14525369625331774,66.96923567125138,87.06287315789352,85.89606523865888,89.39648899636279,46.153846153847496,15.384615384614374,31.098720164382136,-0.02921569148230157,0.03188097768331683,0.009999999999990905,0.0,0.11000000000001364,0.0,2878.0,2878.0,2021-10-22,2021-10-22 06:25:00,1.025504782146641,64.0,1.0,best_within_2.0d,2941.0,372.54,0.5832424107187206,4.3760036431226785,32.22527881040892,0.012230020343504162,2.285057100371749,15.890706319702602,0.006381710269403211,0.6594982078852909,2.7900000000000205,10.0,0.007391315866161603,0.6200000000000045,11.0,0.001649374833732388,1.0,0.00402220134195386,1.9444468750000041,16.553125,0.005470102952261012,0.0,1
2879.0,2021-10-22 06:35:00,376.57,376.6,376.57,376.57,3881.0,2s,2s,0.0,sell,False,0.6881720430107533,4.163492493946733,28.239017640954685,0.011578080659927173,0.053502622211147766,0.1575363681620668,0.18428767926764067,0.0004899544205402333,71.8293589608604,91.05572140350719,88.46317659729829,96.24081101592503,3881.0,0.7000000000000455,1.0,2.7900000000000205,10.0,0.007391315866161603,0.7000000000000455,13.0,0.0018621973929237709,1.0,2.5,0.053502622211147766,0.18428767926764067,0.1575363681620668,71.8293589608604,91.05572140350719,88.46317659729829,96.24081101592503,50.73529411764426,9.558823529410935,35.96309984758211,0.0,0.007966646307467287,0.03000000000002956,0.0,0.0,0.0,2880.0,2880.0,2021-10-22,2021-10-22 06:35:00,1.0701861539687103,62.0,1.0,best_within_2.0d,2941.0,372.54,0.5832424107187206,4.3760036431226785,32.22527881040892,0.012230020343504162,2.285057100371749,15.890706319702602,0.006381710269403211,0.6881720430107533,2.7900000000000205,10.0,0.007391315866161603,0.7000000000000455,13.0,0.0018621973929237709,1.0,0.00402220134195386,1.9444468750000041,16.553125,0.005470102952261012,0.0,1
2880.0,2021-10-22 06:40:00,376.55,376.68,376.55,376.68,5050.0,2s,2s,0.0,sell,False,0.7168458781361955,4.163492493946733,28.239017640954685,0.011578080659927173,0.06734584217850237,0.1659545984343796,0.19962751952363078,0.0005306802778293504,74.55292035400169,94.03714760233812,90.32116693231157,101.46910894239124,5050.0,0.7800000000000296,1.0,2.7900000000000205,10.0,0.007391315866161603,0.7800000000000296,14.0,0.002075019952115003,1.0,2.5,0.06734584217850237,0.19962751952363078,0.1659545984343796,74.55292035400169,94.03714760233812,90.32116693231157,101.46910894239124,55.797101449271935,1.4492753623174677,40.17550049138081,0.034523967600583044,0.034523967600583044,0.0,0.0,0.12999999999999545,1.0,2881.0,2881.0,2021-10-22,2021-10-22 06:40:00,1.0990761388977346,61.0,1.0,best_within_2.0d,2941.0,372.54,0.5832424107187206,4.3760036431226785,32.22527881040892,0.012230020343504162,2.285057100371749,15.890706319702602,0.006381710269403211,0.7168458781361955,2.7900000000000205,10.0,0.007391315866161603,0.7800000000000296,14.0,0.002075019952115003,1.0,0.00402220134195386,1.9444468750000041,16.553125,0.005470102952261012,0.0,1
2881.0,2021-10-22 06:45:00,376.65,376.72,376.65,376.67,3049.0,2s,2s,0.0,sell,False,0.7311827956989267,4.163492493946733,28.239017640954685,0.011578080659927173,0.06818981786728234,0.1744783256677899,0.20857323460143107,0.000554406867240177,73.85387440807392,92.88011098017455,91.17414828159923,96.29203637732519,3049.0,0.82000000000005,1.0,2.7900000000000205,10.0,0.007391315866161603,0.82000000000005,15.0,0.0021814312317106946,1.0,2.5,0.06818981786728234,0.20857323460143107,0.1744783256677899,73.85387440807392,92.88011098017455,91.17414828159923,96.29203637732519,56.934306569338524,1.459854014597147,44.0915361705682,0.0053099694676858235,0.018584893136877743,0.05000000000001137,0.0,0.020000000000038654,1.0,2882.0,2882.0,2021-10-22,2021-10-22 06:45:00,1.0964504738896104,60.0,1.0,best_within_2.0d,2941.0,372.54,0.5832424107187206,4.3760036431226785,32.22527881040892,0.012230020343504162,2.285057100371749,15.890706319702602,0.006381710269403211,0.7311827956989267,2.7900000000000205,10.0,0.007391315866161603,0.82000000000005,15.0,0.0021814312317106946,1.0,0.00402220134195386,1.9444468750000041,16.553125,0.005470102952261012,1.0,1
2886.0,2021-10-22 07:10:00,376.74,376.82,376.73,376.75,10623.0,2s,2s,0.0,sell,False,0.7670250896057242,4.163492493946733,28.239017640954685,0.011578080659927173,0.021176987474272657,0.1949016654952609,0.20549015923239722,0.0005460024576810598,73.20510951732527,82.47914254242531,83.81271540970454,79.81199680786685,10623.0,0.9200000000000159,1.0,2.7900000000000205,10.0,0.007391315866161603,0.9200000000000159,20.0,0.0024474594306996967,1.0,2.5,0.021176987474272657,0.20549015923239722,0.1949016654952609,73.20510951732527,82.47914254242531,83.81271540970454,79.81199680786685,45.50898203592716,11.976047904190821,49.56295742335194,0.0026543504804350227,0.023889788442644597,0.06999999999999318,0.009999999999990905,0.009999999999990905,1.0,2887.0,2887.0,2021-10-22,2021-10-22 07:10:00,1.1174518911745135,55.0,1.0,best_within_2.0d,2941.0,372.54,0.5832424107187206,4.3760036431226785,32.22527881040892,0.012230020343504162,2.285057100371749,15.890706319702602,0.006381710269403211,0.7670250896057242,2.7900000000000205,10.0,0.007391315866161603,0.9200000000000159,20.0,0.0024474594306996967,1.0,0.00402220134195386,1.9444468750000041,16.553125,0.005470102952261012,0.0,1
2888.0,2021-10-22 07:20:00,376.73,376.84,376.73,376.76,8490.0,2s,2s,0.0,sell,False,0.7741935483870797,4.163492493946733,28.239017640954685,0.011578080659927173,0.007389503147139209,0.1971419589314601,0.20083671050502971,0.0005335616036229044,71.2680491107064,78.1681381962648,80.53027903658045,73.44385651563351,8490.0,0.9399999999999977,1.0,2.7900000000000205,10.0,0.007391315866161603,0.9399999999999977,22.0,0.002500665070497467,1.0,2.5,0.007389503147139209,0.20083671050502971,0.1971419589314601,71.2680491107064,78.1681381962648,80.53027903658045,73.44385651563351,40.96385542168452,15.662650602409393,49.110569997143344,0.007963262814209835,0.029198630318784488,0.07999999999998408,0.0,0.029999999999972715,1.0,2889.0,2889.0,2021-10-22,2021-10-22 07:20:00,1.1200764412357922,53.0,1.0,best_within_2.0d,2941.0,372.54,0.5832424107187206,4.3760036431226785,32.22527881040892,0.012230020343504162,2.285057100371749,15.890706319702602,0.006381710269403211,0.7741935483870797,2.7900000000000205,10.0,0.007391315866161603,0.9399999999999977,22.0,0.002500665070497467,1.0,0.00402220134195386,1.9444468750000041,16.553125,0.005470102952261012,0.0,1
2889.0,2021-10-22 07:25:00,376.76,376.87,376.76,376.79,5814.0,2s,2s,0.0,sell,False,0.7849462365591332,4.163492493946733,28.239017640954685,0.011578080659927173,0.005266396429136455,0.19780025848510216,0.2004334566996704,0.0005324502264999984,72.2380573625658,79.09621911497169,80.05225906271086,77.18413921949335,5814.0,0.9700000000000273,1.0,2.7900000000000205,10.0,0.007391315866161603,0.9700000000000273,23.0,0.0025804735301942733,1.0,2.5,0.005266396429136455,0.2004334566996704,0.19780025848510216,72.2380573625658,79.09621911497169,80.05225906271086,77.18413921949335,41.42011834319465,15.384615384614866,48.876481664014115,0.0079626287291723,0.029196305340273287,0.07999999999998408,0.0,0.03000000000002956,1.0,2890.0,2890.0,2021-10-22,2021-10-22 07:25:00,1.1279492555534913,52.0,1.0,best_within_2.0d,2941.0,372.54,0.5832424107187206,4.3760036431226785,32.22527881040892,0.012230020343504162,2.285057100371749,15.890706319702602,0.006381710269403211,0.7849462365591332,2.7900000000000205,10.0,0.007391315866161603,0.9700000000000273,23.0,0.0025804735301942733,1.0,0.00402220134195386,1.9444468750000041,16.553125,0.005470102952261012,1.0,1
2896.0,2021-10-22 08:00:00,376.58,377.552,375.16,376.55,59598.0,1,1,0.0,sell,False,0.2418601468148624,1.6520000000000437,30.0,0.00439478584729993,-0.08090772451929429,0.163927125642311,0.12347326338266384,0.00032791487184679984,51.24691699771249,44.650393509072785,52.03178329658512,29.88761393404812,59598.0,1.6520000000000437,1.0,1.6520000000000437,30.0,0.00439478584729993,1.6520000000000437,30.0,0.00439478584729993,1.0,1.0,-0.08090772451929429,0.12347326338266384,0.163927125642311,51.24691699771249,44.650393509072785,52.03178329658512,29.88761393404812,10.182207931404186,49.30332261522323,38.88123898253963,-0.007966434754892112,0.6375946262927806,0.9720000000000368,1.3899999999999864,0.029999999999972715,0.0,2897.0,2897.0,2021-10-22,2021-10-22 08:00:00,1.0649316159872504,45.0,1.0,best_within_2.0d,2941.0,372.54,0.5832424107187206,4.3760036431226785,32.22527881040892,0.012230020343504162,2.285057100371749,15.890706319702602,0.006381710269403211,0.4929364202292669,5.6011759621451125,36.843533123028394,0.015614239272951093,2.82998018927445,22.52492113564669,0.007835530045022196,1.8630914826498424,0.00402220134195386,1.9444468750000041,16.553125,0.005470102952261012,1.0,1
2905.0,2021-10-22 08:45:00,376.43,376.51,376.39,376.46,12418.0,2s,2s,1.0,buy,False,0.049853372434021895,4.163492493946733,28.239017640954685,0.011578080659927173,-0.08363716251542246,0.06022119656280347,0.01840261530509224,4.8874131170418426e-05,46.1465913534657,45.61335463605864,52.67421181961571,31.491640268944508,12418.0,1.1620000000000346,1.0,3.410000000000025,37.0,0.009138416186520233,1.1620000000000346,10.0,0.00307772174428962,4.0,2.5,-0.08363716251542246,0.01840261530509224,0.06022119656280347,46.1465913534657,45.61335463605864,52.67421181961571,31.491640268944508,5.64273430782562,47.828890799658815,55.36710877302596,0.00796960922348716,0.03188182470310172,0.05000000000001137,0.040000000000020464,0.029999999999972715,1.0,2906.0,2906.0,2021-10-22,2021-10-22 08:45:00,0.13281623545662222,20.0,1.0,best_within_2.0d,2925.0,376.96,0.5832424107187206,4.3760036431226785,32.22527881040892,0.012230020343504162,2.285057100371749,15.890706319702602,0.006381710269403211,0.049853372434021895,3.410000000000025,37.0,0.009138416186520233,1.1620000000000346,10.0,0.00307772174428962,4.0,0.00402220134195386,1.9444468750000041,16.553125,0.005470102952261012,0.0,0
2906.0,2021-10-22 08:50:00,376.46,376.46,376.36,376.38,5639.0,2s,2s,1.0,buy,False,0.05865102639295811,4.163492493946733,28.239017640954685,0.011578080659927173,-0.09068595740129094,0.0488854518876421,0.003542473186996631,9.40846898861083e-06,42.18615156310268,32.49223642403724,45.94688668775621,5.582935896599295,5639.0,1.1920000000000073,1.0,3.410000000000025,37.0,0.009138416186520233,1.1920000000000073,11.0,0.0031571809975844576,4.0,2.5,-0.09068595740129094,0.003542473186996631,0.0488854518876421,42.18615156310268,32.49223642403724,45.94688668775621,5.582935896599295,5.582730752872105,48.11782220331947,57.070023917243866,-0.021250597673055326,0.026570305027092646,0.0,0.01999999999998181,0.07999999999998408,0.0,2907.0,2907.0,2021-10-22,2021-10-22 08:50:00,0.15409958021148418,19.0,1.0,best_within_2.0d,2925.0,376.96,0.5832424107187206,4.3760036431226785,32.22527881040892,0.012230020343504162,2.285057100371749,15.890706319702602,0.006381710269403211,0.05865102639295811,3.410000000000025,37.0,0.009138416186520233,1.1920000000000073,11.0,0.0031571809975844576,4.0,0.00402220134195386,1.9444468750000041,16.553125,0.005470102952261012,0.0,0
2907.0,2021-10-22 08:55:00,376.36,376.38,376.2,376.28,24607.0,2s,2s,1.0,buy,False,0.1055718475073346,4.163492493946733,28.239017640954685,0.011578080659927173,-0.10400498916994795,0.03588482824139861,-0.016117666343575365,-4.280899388165303e-05,37.81710418277325,27.217046504912396,39.70360662680827,2.2439262611206487,24607.0,1.3520000000000323,1.0,3.410000000000025,37.0,0.009138416186520233,1.3520000000000323,12.0,0.003580963681824046,4.0,2.5,-0.10400498916994795,-0.016117666343575365,0.03588482824139861,37.81710418277325,27.217046504912396,39.70360662680827,2.2439262611206487,5.438160348043191,49.461363165529235,58.72135644067507,-0.021256244021692242,0.04784688995215492,0.01999999999998181,0.07999999999998408,0.08000000000004093,0.0,2908.0,2908.0,2021-10-22,2021-10-22 08:55:00,0.18071648772191104,18.0,1.0,best_within_2.0d,2925.0,376.96,0.5832424107187206,4.3760036431226785,32.22527881040892,0.012230020343504162,2.285057100371749,15.890706319702602,0.006381710269403211,0.1055718475073346,3.410000000000025,37.0,0.009138416186520233,1.3520000000000323,12.0,0.003580963681824046,4.0,0.00402220134195386,1.9444468750000041,16.553125,0.005470102952261012,0.0,0
2908.0,2021-10-22 09:00:00,376.28,376.28,376.08,376.11,35035.0,2s,2s,1.0,buy,False,0.1407624633431128,4.163492493946733,28.239017640954685,0.011578080659927173,-0.1292533028140131,0.019728165389646973,-0.04489848601735957,-0.00011926088868689302,31.789623409297363,19.81136433660984,33.07285919674213,-6.711625383654734,35035.0,1.4720000000000368,1.0,3.410000000000025,37.0,0.009138416186520233,1.4720000000000368,13.0,0.0038988006950036996,4.0,2.5,-0.1292533028140131,-0.04489848601735957,0.019728165389646973,31.789623409297363,19.81136433660984,33.07285919674213,-6.711625383654734,5.261048201223547,50.60627317366632,60.32453950080605,-0.045179121930466436,0.05318017443096912,0.0,0.03000000000002956,0.16999999999995907,0.0,2909.0,2909.0,2021-10-22,2021-10-22 09:00:00,0.22599771343489028,17.0,1.0,best_within_2.0d,2925.0,376.96,0.5832424107187206,4.3760036431226785,32.22527881040892,0.012230020343504162,2.285057100371749,15.890706319702602,0.006381710269403211,0.1407624633431128,3.410000000000025,37.0,0.009138416186520233,1.4720000000000368,13.0,0.0038988006950036996,4.0,0.00402220134195386,1.9444468750000041,16.553125,0.005470102952261012,0.0,0
2909.0,2021-10-22 09:05:00,376.23,376.23,375.96,375.97,84398.0,2s,2s,1.0,buy,False,0.175953079178891,4.163492493946733,28.239017640954685,0.011578080659927173,-0.15653144665572455,0.00016173455768140333,-0.07810398877018088,-0.00020748300484097764,27.85252767002494,13.670539187371716,26.60541919361866,-12.199220825122168,84398.0,1.5920000000000414,1.0,3.410000000000025,37.0,0.009138416186520233,1.5920000000000414,14.0,0.004216637708183353,4.0,2.5,-0.15653144665572455,-0.07810398877018088,0.00016173455768140333,27.85252767002494,13.670539187371716,26.60541919361866,-12.199220825122168,4.055730508636706,51.05448993224655,62.10717134227592,-0.06910666347712592,0.0718161506543352,0.0,0.010000000000047748,0.2599999999999909,0.0,2910.0,2910.0,2021-10-22,2021-10-22 09:05:00,0.2633188818256649,16.0,1.0,best_within_2.0d,2925.0,376.96,0.5832424107187206,4.3760036431226785,32.22527881040892,0.012230020343504162,2.285057100371749,15.890706319702602,0.006381710269403211,0.175953079178891,3.410000000000025,37.0,0.009138416186520233,1.5920000000000414,14.0,0.004216637708183353,4.0,0.00402220134195386,1.9444468750000041,16.553125,0.005470102952261012,0.0,0
2910.0,2021-10-22 09:10:00,375.981,376.12,375.86,376.09,25529.0,2s,2s,1.0,buy,False,0.20527859237536172,4.163492493946733,28.239017640954685,0.011578080659927173,-0.15010993135052036,-0.01860200686113364,-0.09365697253639382,-0.00024881637909391285,35.25435650507643,18.46328628751461,23.891374891583972,7.607109079375888,25529.0,1.6920000000000073,1.0,3.410000000000025,37.0,0.009138416186520233,1.6920000000000073,15.0,0.004481501885832964,4.0,2.5,-0.15010993135052036,-0.09365697253639382,-0.01860200686113364,35.25435650507643,18.46328628751461,23.891374891583972,7.607109079375888,8.254029908720957,35.929306661488305,62.14504214906765,0.028990826664108148,0.06917469270472806,0.03000000000002956,0.1209999999999809,0.10899999999998045,1.0,2911.0,2911.0,2021-10-22,2021-10-22 09:10:00,0.2313276077534645,15.0,1.0,best_within_2.0d,2925.0,376.96,0.5832424107187206,4.3760036431226785,32.22527881040892,0.012230020343504162,2.285057100371749,15.890706319702602,0.006381710269403211,0.20527859237536172,3.410000000000025,37.0,0.009138416186520233,1.6920000000000073,15.0,0.004481501885832964,4.0,0.00402220134195386,1.9444468750000041,16.553125,0.005470102952261012,0.0,0
2911.0,2021-10-22 09:15:00,376.05,376.05,375.8,375.86,127225.0,2s,2s,1.0,buy,False,0.22287390029325083,4.163492493946733,28.239017640954685,0.011578080659927173,-0.16723298278088206,-0.0395061297087439,-0.12312262109918493,-0.00032713251399966845,29.093452373958144,14.77799332747896,20.8535810368823,2.6268179086722796,127225.0,1.7520000000000095,1.0,3.410000000000025,37.0,0.009138416186520233,1.7520000000000095,16.0,0.004640420392422791,4.0,2.5,-0.16723298278088206,-0.12312262109918493,-0.0395061297087439,29.093452373958144,14.77799332747896,20.8535810368823,2.6268179086722796,7.5568990042683675,35.56187766714244,62.345285824723184,-0.050525196117536954,0.06652474720596062,0.0,0.060000000000002274,0.18999999999999773,0.0,2912.0,2912.0,2021-10-22,2021-10-22 09:15:00,0.29266216144308144,14.0,1.0,best_within_2.0d,2925.0,376.96,0.5832424107187206,4.3760036431226785,32.22527881040892,0.012230020343504162,2.285057100371749,15.890706319702602,0.006381710269403211,0.22287390029325083,3.410000000000025,37.0,0.009138416186520233,1.7520000000000095,16.0,0.004640420392422791,4.0,0.00402220134195386,1.9444468750000041,16.553125,0.005470102952261012,1.0,0
2917.0,2021-10-22 09:45:00,376.59,376.62,375.17,375.518,847394.0,2s,2s,1.0,buy,False,0.4076246334310781,4.163492493946733,28.239017640954685,0.011578080659927173,-0.0467135532354431,-0.07715108033807934,-0.10050785695580089,-0.00026709315766792265,35.18924573350607,50.65687130122259,48.783940888943185,54.402732125781384,847394.0,2.382000000000005,1.0,3.410000000000025,37.0,0.009138416186520233,2.382000000000005,22.0,0.006309064711615896,4.0,2.5,-0.0467135532354431,-0.10050785695580089,-0.07715108033807934,35.18924573350607,50.65687130122259,48.783940888943185,54.402732125781384,11.937377690802982,48.33659491193939,58.31685651502057,-0.28465970949839425,0.38649145720606354,0.03000000000002956,0.34799999999995634,1.0720000000000027,0.0,2918.0,2918.0,2021-10-22,2021-10-22 09:45:00,0.3840028973311552,8.0,1.0,best_within_2.0d,2925.0,376.96,0.5832424107187206,4.3760036431226785,32.22527881040892,0.012230020343504162,2.285057100371749,15.890706319702602,0.006381710269403211,0.4076246334310781,3.410000000000025,37.0,0.009138416186520233,2.382000000000005,22.0,0.006309064711615896,4.0,0.00402220134195386,1.9444468750000041,16.553125,0.005470102952261012,0.0,0
2918.0,2021-10-22 09:50:00,375.51,375.88,375.09,375.815,553256.0,2s,2s,1.0,buy,False,0.43108504398827463,4.163492493946733,28.239017640954685,0.011578080659927173,-0.07486891317156033,-0.08650969448452438,-0.12394415107030454,-0.00032940521904944,41.69969872690734,47.50230814020905,48.356729972698474,45.79346447523022,553256.0,2.462000000000046,1.0,3.410000000000025,37.0,0.009138416186520233,2.462000000000046,23.0,0.0065209560537357655,4.0,2.5,-0.07486891317156033,-0.12394415107030454,-0.08650969448452438,41.69969872690734,47.50230814020905,48.356729972698474,45.79346447523022,10.553633217993573,43.0795847750887,58.48316399897072,0.0812228702298226,0.21061611879816056,0.06499999999999773,0.4200000000000159,0.3050000000000068,1.0,2919.0,2919.0,2021-10-22,2021-10-22 09:50:00,0.30467118129930465,7.0,1.0,best_within_2.0d,2925.0,376.96,0.5832424107187206,4.3760036431226785,32.22527881040892,0.012230020343504162,2.285057100371749,15.890706319702602,0.006381710269403211,0.43108504398827463,3.410000000000025,37.0,0.009138416186520233,2.462000000000046,23.0,0.0065209560537357655,4.0,0.00402220134195386,1.9444468750000041,16.553125,0.005470102952261012,1.0,0
2925.0,2021-10-22 10:25:00,376.415,376.97,376.3723,376.96,345407.0,2,2,0.0,sell,False,0.7636068237205594,4.163492493946733,28.239017640954685,0.011578080659927173,0.1558889680200361,-0.07726724693016226,0.0006772370798557859,1.7998539266899001e-06,61.38970046255234,74.62864175641614,62.0155321626677,99.85486094391305,345407.0,1.8800000000000523,1.0,2.462000000000046,23.0,0.0065209560537357655,1.8800000000000523,8.0,0.005012130422032185,2.0,2.0,0.1558889680200361,0.0006772370798557859,-0.07726724693016226,61.38970046255234,74.62864175641614,62.0155321626677,99.85486094391305,23.09854094216462,27.0124603795869,47.40689120791727,0.14478700370600509,0.1588055231482316,0.010000000000047748,0.04270000000002483,0.5449999999999591,1.0,2926.0,2926.0,2021-10-22,2021-10-22 10:25:00,1.1725382003395477,16.0,1.0,best_within_2.0d,2941.0,372.54,0.7636068237205594,2.462000000000046,23.0,0.0065209560537357655,1.8800000000000523,8.0,0.005012130422032185,0.4929364202292669,5.6011759621451125,36.843533123028394,0.015614239272951093,2.82998018927445,22.52492113564669,0.007835530045022196,1.8630914826498424,0.00402220134195386,1.9444468750000041,16.553125,0.005470102952261012,0.0,1
2926.0,2021-10-22 10:30:00,376.97,376.97,376.15,376.29,355741.0,2,2,0.0,sell,False,0.7636068237205594,4.163492493946733,28.239017640954685,0.011578080659927173,0.12666865143748923,-0.06143366550047611,0.0019006602182685128,5.051258489853296e-06,50.20304967469468,71.02902358229183,65.02002930254241,83.04701214179067,355741.0,1.8800000000000523,1.0,2.462000000000046,23.0,0.0065209560537357655,1.8800000000000523,9.0,0.005012130422032185,2.0,2.0,0.12666865143748923,0.0019006602182685128,-0.06143366550047611,50.20304967469468,71.02902358229183,65.02002930254241,83.04701214179067,20.901262436251663,27.79629032450793,45.03203323954815,-0.18038570708544627,0.2179981390402898,0.0,0.1400000000000432,0.6800000000000068,0.0,2927.0,2927.0,2021-10-22,2021-10-22 10:30:00,0.9965717930319701,15.0,1.0,best_within_2.0d,2941.0,372.54,0.7636068237205594,2.462000000000046,23.0,0.0065209560537357655,1.8800000000000523,9.0,0.005012130422032185,0.4929364202292669,5.6011759621451125,36.843533123028394,0.015614239272951093,2.82998018927445,22.52492113564669,0.007835530045022196,1.8630914826498424,0.00402220134195386,1.9444468750000041,16.553125,0.005470102952261012,1.0,1
2934.0,2021-10-22 11:10:00,375.51,375.51,375.165,375.215,298818.0,2s,2s,1.0,buy,False,0.40909090909090073,4.163492493946733,28.239017640954685,0.011578080659927173,-0.1621403928887356,-0.15130606785347306,-0.23237626429784086,-0.0006181303365196727,37.730135800041666,11.008140164395787,18.920817770402987,-4.81721504761861,298818.0,1.8050000000000068,1.0,3.410000000000025,37.0,0.009138416186520233,1.8050000000000068,9.0,0.004788179430723948,5.0,2.5,-0.1621403928887356,-0.23237626429784086,-0.15130606785347306,37.730135800041666,11.008140164395787,18.920817770402987,-4.81721504761861,16.054038499402314,20.85964832568437,31.710365925687245,-0.07855982530425712,0.09195953780335864,0.0,0.049999999999954525,0.2950000000000159,0.0,2935.0,2935.0,2021-10-22,2021-10-22 11:10:00,-0.16390602721105293,41.0,1.0,best_within_2.0d,2975.0,374.6,0.5832424107187206,4.3760036431226785,32.22527881040892,0.012230020343504162,2.285057100371749,15.890706319702602,0.006381710269403211,0.40909090909090073,3.410000000000025,37.0,0.009138416186520233,1.8050000000000068,9.0,0.004788179430723948,5.0,0.00402220134195386,1.9444468750000041,16.553125,0.005470102952261012,0.0,0
2935.0,2021-10-22 11:15:00,375.23,375.23,374.17,374.39,756157.0,1p,"1p,2s",1.0,buy,False,1.6120744224599761,2.8000000000000114,10.0,0.00742764676234186,-0.2695921753401918,-0.18500508977099703,-0.31980117744109293,-0.0008509430666363435,29.53586447669754,10.687314143082284,16.176316561296087,-0.2906906933453186,756157.0,2.8000000000000114,0.0,2.8000000000000114,10.0,0.00742764676234186,2.8000000000000114,0.0,0.0,1.0,1.0,-0.2695921753401918,-0.31980117744109293,-0.18500508977099703,29.53586447669754,10.687314143082284,16.176316561296087,-0.2906906933453186,13.868482842902047,32.574457275460304,32.32229165098705,-0.2238626975455139,0.2832936900339424,0.0,0.21999999999997044,0.8400000000000318,0.0,2936.0,2936.0,2021-10-22,2021-10-22 11:15:00,0.056091241753261675,40.0,1.0,best_within_2.0d,2975.0,374.6,0.5832424107187206,4.3760036431226785,32.22527881040892,0.012230020343504162,2.285057100371749,15.890706319702602,0.006381710269403211,0.7008797653958853,3.410000000000025,37.0,0.009138416186520233,2.8000000000000114,10.0,0.00742764676234186,5.0,0.00402220134195386,1.9444468750000041,16.553125,0.005470102952261012,0.0,0
2935.0,2021-10-22 11:15:00,375.23,375.23,374.17,374.39,756157.0,2s,"1p,2s",1.0,buy,False,1.6120744224599761,2.8000000000000114,10.0,0.00742764676234186,-0.2695921753401918,-0.18500508977099703,-0.31980117744109293,-0.0008509430666363435,29.53586447669754,10.687314143082284,16.176316561296087,-0.2906906933453186,756157.0,2.8000000000000114,0.0,2.8000000000000114,10.0,0.00742764676234186,2.8000000000000114,0.0,0.0,1.0,1.0,-0.2695921753401918,-0.31980117744109293,-0.18500508977099703,29.53586447669754,10.687314143082284,16.176316561296087,-0.2906906933453186,13.868482842902047,32.574457275460304,32.32229165098705,-0.2238626975455139,0.2832936900339424,0.0,0.21999999999997044,0.8400000000000318,0.0,2936.0,2936.0,2021-10-22,2021-10-22 11:15:00,0.056091241753261675,40.0,1.0,best_within_2.0d,2975.0,374.6,0.5832424107187206,4.3760036431226785,32.22527881040892,0.012230020343504162,2.285057100371749,15.890706319702602,0.006381710269403211,0.7008797653958853,3.410000000000025,37.0,0.009138416186520233,2.8000000000000114,10.0,0.00742764676234186,5.0,0.00402220134195386,1.9444468750000041,16.553125,0.005470102952261012,0.0,0
2936.0,2021-10-22 11:20:00,374.4,374.48,373.58,373.675,796416.0,1p,"1p,2s",1.0,buy,False,2.455820007824958,3.390000000000043,11.0,0.00899275804440683,-0.41069435066353766,-0.23634188360393926,-0.4416890589357081,-0.0011757654982657271,24.557917329146633,8.371595255493524,13.574742792695233,-2.0346998189098926,796416.0,3.390000000000043,0.0,3.390000000000043,11.0,0.00899275804440683,3.390000000000043,0.0,0.0,1.0,1.0,-0.41069435066353766,-0.4416890589357081,-0.23634188360393926,24.557917329146633,8.371595255493524,13.574742792695233,-2.0346998189098926,13.319793741016085,36.03333904809569,33.300877928228786,-0.1936431623931533,0.2409122544033498,0.08000000000004093,0.09500000000002728,0.7249999999999659,0.0,2937.0,2937.0,2021-10-22,2021-10-22 11:20:00,0.24754131263799056,39.0,1.0,best_within_2.0d,2975.0,374.6,0.5832424107187206,4.3760036431226785,32.22527881040892,0.012230020343504162,2.285057100371749,15.890706319702602,0.006381710269403211,0.8739002932551309,3.410000000000025,37.0,0.009138416186520233,3.390000000000043,11.0,0.00899275804440683,5.0,0.00402220134195386,1.9444468750000041,16.553125,0.005470102952261012,0.0,0
2936.0,2021-10-22 11:20:00,374.4,374.48,373.58,373.675,796416.0,2s,"1p,2s",1.0,buy,False,2.455820007824958,3.390000000000043,11.0,0.00899275804440683,-0.41069435066353766,-0.23634188360393926,-0.4416890589357081,-0.0011757654982657271,24.557917329146633,8.371595255493524,13.574742792695233,-2.0346998189098926,796416.0,3.390000000000043,0.0,3.390000000000043,11.0,0.00899275804440683,3.390000000000043,0.0,0.0,1.0,1.0,-0.41069435066353766,-0.4416890589357081,-0.23634188360393926,24.557917329146633,8.371595255493524,13.574742792695233,-2.0346998189098926,13.319793741016085,36.03333904809569,33.300877928228786,-0.1936431623931533,0.2409122544033498,0.08000000000004093,0.09500000000002728,0.7249999999999659,0.0,2937.0,2937.0,2021-10-22,2021-10-22 11:20:00,0.24754131263799056,39.0,1.0,best_within_2.0d,2975.0,374.6,0.5832424107187206,4.3760036431226785,32.22527881040892,0.012230020343504162,2.285057100371749,15.890706319702602,0.006381710269403211,0.8739002932551309,3.410000000000025,37.0,0.009138416186520233,3.390000000000043,11.0,0.00899275804440683,5.0,0.00402220134195386,1.9444468750000041,16.553125,0.005470102952261012,0.0,0
2937.0,2021-10-22 11:25:00,373.68,373.96,373.33,373.91,696319.0,1p,"1p,2s",1.0,buy,False,2.650800350066881,3.640000000000043,12.0,0.009655940791044494,-0.4433015143783259,-0.29175457290122997,-0.5134053300903929,-0.0013671444514922026,28.805054247552192,12.510573658979395,13.220019748123285,11.091681480691612,696319.0,3.640000000000043,0.0,3.640000000000043,12.0,0.009655940791044494,3.640000000000043,0.0,0.0,1.0,1.0,-0.4433015143783259,-0.5134053300903929,-0.29175457290122997,28.805054247552192,12.510573658979395,13.220019748123285,11.091681480691612,10.96219348271518,38.91970193273851,34.92562993421857,0.0615499892956589,0.16875150670988012,0.049999999999954525,0.35000000000002274,0.2300000000000182,1.0,2938.0,2938.0,2021-10-22,2021-10-22 11:25:00,0.18453638576127884,38.0,1.0,best_within_2.0d,2975.0,374.6,0.5832424107187206,4.3760036431226785,32.22527881040892,0.012230020343504162,2.285057100371749,15.890706319702602,0.006381710269403211,0.9472140762463327,3.410000000000025,37.0,0.009138416186520233,3.640000000000043,12.0,0.009655940791044494,5.0,0.00402220134195386,1.9444468750000041,16.553125,0.005470102952261012,0.0,0
2937.0,2021-10-22 11:25:00,373.68,373.96,373.33,373.91,696319.0,2s,"1p,2s",1.0,buy,False,2.650800350066881,3.640000000000043,12.0,0.009655940791044494,-0.4433015143783259,-0.29175457290122997,-0.5134053300903929,-0.0013671444514922026,28.805054247552192,12.510573658979395,13.220019748123285,11.091681480691612,696319.0,3.640000000000043,0.0,3.640000000000043,12.0,0.009655940791044494,3.640000000000043,0.0,0.0,1.0,1.0,-0.4433015143783259,-0.5134053300903929,-0.29175457290122997,28.805054247552192,12.510573658979395,13.220019748123285,11.091681480691612,10.96219348271518,38.91970193273851,34.92562993421857,0.0615499892956589,0.16875150670988012,0.049999999999954525,0.35000000000002274,0.2300000000000182,1.0,2938.0,2938.0,2021-10-22,2021-10-22 11:25:00,0.18453638576127884,38.0,1.0,best_within_2.0d,2975.0,374.6,0.5832424107187206,4.3760036431226785,32.22527881040892,0.012230020343504162,2.285057100371749,15.890706319702602,0.006381710269403211,0.9472140762463327,3.410000000000025,37.0,0.009138416186520233,3.640000000000043,12.0,0.009655940791044494,5.0,0.00402220134195386,1.9444468750000041,16.553125,0.005470102952261012,0.0,0
2939.0,2021-10-22 11:35:00,373.6,373.67,372.6601,372.851,1032925.0,1p,1p,1.0,buy,False,3.3325174533777795,4.309900000000027,14.0,0.011433005278934734,-0.5573071671494605,-0.42044233860719504,-0.6990959221819253,-0.0018632543981793779,22.356010986421836,10.213026622251485,12.006555814297013,6.625968238160432,1032925.0,4.309900000000027,0.0,4.309900000000027,14.0,0.011433005278934734,4.309900000000027,0.0,0.0,1.0,1.0,-0.5573071671494605,-0.6990959221819253,-0.42044233860719504,22.356010986421836,10.213026622251485,12.006555814297013,6.625968238160432,3.5323207347229357,45.64245605914801,40.169818540132326,-0.20048179871520974,0.2709976195466099,0.06999999999999318,0.19089999999999918,0.7490000000000236,0.0,2940.0,2940.0,2021-10-22,2021-10-22 11:35:00,0.46908818804295116,36.0,1.0,best_within_2.0d,2975.0,374.6,0.5832424107187206,4.3760036431226785,32.22527881040892,0.012230020343504162,2.285057100371749,15.890706319702602,0.006381710269403211,0.4929364202292669,5.6011759621451125,36.843533123028394,0.015614239272951093,2.82998018927445,22.52492113564669,0.007835530045022196,1.8630914826498424,0.00402220134195386,1.9444468750000041,16.553125,0.005470102952261012,0.0,0
2940.0,2021-10-22 11:40:00,372.86,373.275,372.62,373.02,775846.0,1p,1p,1.0,buy,False,3.3325174533777795,4.350000000000023,15.0,0.011539379791495405,-0.5522023325644911,-0.4894676301777564,-0.765568796460002,-0.0020412993474168296,25.28805928459107,11.01478325815688,11.675964962250301,9.692419849970037,775846.0,4.350000000000023,0.0,4.350000000000023,15.0,0.011539379791495405,4.350000000000023,0.0,0.0,1.0,1.0,-0.5522023325644911,-0.765568796460002,-0.4894676301777564,25.28805928459107,11.01478325815688,11.675964962250301,9.692419849970037,3.604768238263012,44.31378886002318,43.368731816541185,0.0429115485705005,0.17578229831999695,0.25499999999999545,0.2400000000000091,0.15999999999996817,1.0,2941.0,2941.0,2021-10-22,2021-10-22 11:40:00,0.4235697817811487,35.0,1.0,best_within_2.0d,2975.0,374.6,0.5832424107187206,4.3760036431226785,32.22527881040892,0.012230020343504162,2.285057100371749,15.890706319702602,0.006381710269403211,0.4929364202292669,5.6011759621451125,36.843533123028394,0.015614239272951093,2.82998018927445,22.52492113564669,0.007835530045022196,1.8630914826498424,0.00402220134195386,1.9444468750000041,16.553125,0.005470102952261012,0.0,0
2941.0,2021-10-22 11:45:00,372.97,373.06,372.385,372.54,636600.0,1p,1p,1.0,buy,False,3.4227411481023604,4.585000000000036,16.0,0.012162771573334844,-0.5723955537581333,-0.5610170743975231,-0.8472148512765898,-0.002260114933511378,22.669597143531917,8.88778276004707,10.746570894849224,5.170206490442762,636600.0,4.585000000000036,0.0,4.585000000000036,16.0,0.012162771573334844,4.585000000000036,0.0,0.0,1.0,1.0,-0.5723955537581333,-0.8472148512765898,-0.5610170743975231,22.669597143531917,8.88778276004707,10.746570894849224,5.170206490442762,3.481434350952834,43.45790465671926,46.35426814458871,-0.11529077405689647,0.1812640143937085,0.08999999999997499,0.15500000000002956,0.4300000000000068,0.0,2942.0,2942.0,2021-10-22,2021-10-22 11:45:00,0.5529607558919853,34.0,1.0,best_within_2.0d,2975.0,374.6,0.5832424107187206,4.3760036431226785,32.22527881040892,0.012230020343504162,2.285057100371749,15.890706319702602,0.006381710269403211,0.4929364202292669,5.6011759621451125,36.843533123028394,0.015614239272951093,2.82998018927445,22.52492113564669,0.007835530045022196,1.8630914826498424,0.00402220134195386,1.9444468750000041,16.553125,0.005470102952261012,1.0,0
2962.0,2021-10-22 13:30:00,374.008,374.2384,373.72,374.15,165465.0,2,2,1.0,buy,False,0.47128712871286405,4.163492493946733,28.239017640954685,0.011578080659927173,0.16335228943774227,-0.18457038614326543,-0.1028942414243943,-0.00027499601842274397,49.442947618392225,32.155192270844815,39.65958594055301,17.14640493142842,165465.0,1.1899999999999977,1.0,2.525000000000034,13.0,0.0067806168347275915,1.1899999999999977,10.0,0.0031740951161612057,2.0,2.0,0.16335228943774227,-0.1028942414243943,-0.18457038614326543,49.442947618392225,32.155192270844815,39.65958594055301,17.14640493142842,27.043472381854688,15.211953214792661,34.76714257744095,0.03796710230797093,0.1387134753291195,0.08840000000003556,0.28799999999995407,0.1419999999999959,1.0,2963.0,2963.0,2021-10-22,2021-10-22 13:30:00,0.12027261793399585,13.0,1.0,best_within_2.0d,2975.0,374.6,0.47128712871286405,2.525000000000034,13.0,0.0067806168347275915,1.1899999999999977,10.0,0.0031740951161612057,0.4929364202292669,5.6011759621451125,36.843533123028394,0.015614239272951093,2.82998018927445,22.52492113564669,0.007835530045022196,1.8630914826498424,0.00402220134195386,1.9444468750000041,16.553125,0.005470102952261012,0.0,0
2965.0,2021-10-22 13:45:00,373.87,373.925,373.63,373.65,118461.0,2,2,1.0,buy,False,0.5069306930693118,4.163492493946733,28.239017640954685,0.011578080659927173,0.04892827190802718,-0.1444297191798622,-0.1199655832258486,-0.0003206691166142444,41.68361853779456,24.447787796543174,33.780683437267044,5.781996515095443,118461.0,1.2800000000000296,1.0,2.525000000000034,13.0,0.0067806168347275915,1.2800000000000296,13.0,0.003414152729988609,2.0,2.0,0.04892827190802718,-0.1199655832258486,-0.1444297191798622,41.68361853779456,24.447787796543174,33.780683437267044,5.781996515095443,17.821850597747133,22.80422914795153,30.868646714666166,-0.05884398320272482,0.07895511602387814,0.05500000000000682,0.01999999999998181,0.22000000000002728,0.0,2966.0,2966.0,2021-10-22,2021-10-22 13:45:00,0.25424862839556955,10.0,1.0,best_within_2.0d,2975.0,374.6,0.5069306930693118,2.525000000000034,13.0,0.0067806168347275915,1.2800000000000296,13.0,0.003414152729988609,0.4929364202292669,5.6011759621451125,36.843533123028394,0.015614239272951093,2.82998018927445,22.52492113564669,0.007835530045022196,1.8630914826498424,0.00402220134195386,1.9444468750000041,16.553125,0.005470102952261012,0.0,0
2966.0,2021-10-22 13:50:00,373.655,374.09,373.62,373.84,163189.0,2,2,1.0,buy,False,0.5108910891089121,4.163492493946733,28.239017640954685,0.011578080659927173,0.03418718339534221,-0.14015632125544442,-0.12306272955777331,-0.0003289654162262171,45.321950899299246,26.483710382879682,31.34835908580459,16.754412977029872,163189.0,1.2900000000000205,1.0,2.525000000000034,13.0,0.0067806168347275915,1.2900000000000205,14.0,0.0034408257981916202,2.0,2.0,0.03418718339534221,-0.12306272955777331,-0.14015632125544442,45.321950899299246,26.483710382879682,31.34835908580459,16.754412977029872,12.994848634534836,23.286994566368435,30.689972521706327,0.04951091247273615,0.12579626358331203,0.25,0.03499999999996817,0.18500000000000227,1.0,2967.0,2967.0,2021-10-22,2021-10-22 13:50:00,0.20329552749840785,9.0,1.0,best_within_2.0d,2975.0,374.6,0.5108910891089121,2.525000000000034,13.0,0.0067806168347275915,1.2900000000000205,14.0,0.0034408257981916202,0.4929364202292669,5.6011759621451125,36.843533123028394,0.015614239272951093,2.82998018927445,22.52492113564669,0.007835530045022196,1.8630914826498424,0.00402220134195386,1.9444468750000041,16.553125,0.005470102952261012,0.0,0
2967.0,2021-10-22 13:55:00,373.84,373.915,373.28,373.3,368210.0,2,2,1.0,buy,False,0.6455445544554576,4.163492493946733,28.239017640954685,0.011578080659927173,-0.043211914015526875,-0.14555781050738528,-0.16716376751514872,-0.0004469241336272826,38.05505417717931,18.284737739531064,26.993818637046743,0.8665759444997008,368210.0,1.6300000000000523,1.0,2.525000000000034,13.0,0.0067806168347275915,1.6300000000000523,15.0,0.004347710117094909,2.0,2.0,-0.043211914015526875,-0.16716376751514872,-0.14555781050738528,38.05505417717931,18.284737739531064,26.993818637046743,0.8665759444997008,7.867801633523996,28.60392183892295,32.55892691488979,-0.14444682216990254,0.17011358765539214,0.07500000000004547,0.020000000000038654,0.5399999999999636,0.0,2968.0,2968.0,2021-10-22,2021-10-22 13:55:00,0.34824537905170405,8.0,1.0,best_within_2.0d,2975.0,374.6,0.6455445544554576,2.525000000000034,13.0,0.0067806168347275915,1.6300000000000523,15.0,0.004347710117094909,0.4929364202292669,5.6011759621451125,36.843533123028394,0.015614239272951093,2.82998018927445,22.52492113564669,0.007835530045022196,1.8630914826498424,0.00402220134195386,1.9444468750000041,16.553125,0.005470102952261012,1.0,0
2975.0,2021-10-22 14:35:00,374.845,375.04,374.59,374.6,304730.0,1p,1p,0.0,sell,False,0.48622820492896895,1.7600000000000477,9.0,0.004714959279897257,0.22908127211493928,-0.03851949816946385,0.0760211378880058,0.00020317910747012728,57.02487410454626,82.94374457349923,75.24151153064346,98.34821065921076,304730.0,1.7600000000000477,0.0,1.7600000000000477,9.0,0.004714959279897257,1.7600000000000477,0.0,0.0,1.0,1.0,0.22908127211493928,0.0760211378880058,-0.03851949816946385,57.02487410454626,82.94374457349923,75.24151153064346,98.34821065921076,28.091948061569955,18.33774797636478,26.96558508719716,-0.0653603489442315,0.12013134360235071,0.19499999999999318,0.010000000000047748,0.24500000000000455,0.0,2976.0,2976.0,2021-10-22,2021-10-22 14:35:00,0.2856380138814869,25.0,1.0,best_within_2.0d,3000.0,373.53,0.5832424107187206,4.3760036431226785,32.22527881040892,0.012230020343504162,2.285057100371749,15.890706319702602,0.006381710269403211,0.4929364202292669,5.6011759621451125,36.843533123028394,0.015614239272951093,2.82998018927445,22.52492113564669,0.007835530045022196,1.8630914826498424,0.00402220134195386,1.9444468750000041,16.553125,0.005470102952261012,1.0,1
2979.0,2021-10-22 14:55:00,374.26,374.31,374.115,374.13,129846.0,2s,2s,1.0,buy,False,0.3148514851485169,4.163492493946733,28.239017640954685,0.011578080659927173,0.07208152543529066,0.03783653123375253,0.07387729395139786,0.00019742214672349451,48.50435309502931,45.81127402978454,61.86048329584905,13.71285549765551,129846.0,0.9250000000000114,1.0,2.525000000000034,13.0,0.0067806168347275915,0.9250000000000114,5.0,0.0024664035836177776,1.0,2.5,0.07208152543529066,0.07387729395139786,0.03783653123375253,48.50435309502931,45.81127402978454,61.86048329584905,13.71285549765551,30.107023553692613,17.340794484988734,26.157691675410444,-0.03473521081600905,0.05212301030431637,0.05000000000001137,0.014999999999986358,0.12999999999999545,0.0,2980.0,2980.0,2021-10-22,2021-10-22 14:55:00,2.0540172048918044,173.78554736652885,0.0,,14281.267661333814,366.3529484630595,0.5832424107187206,4.3760036431226785,32.22527881040892,0.012230020343504162,2.285057100371749,15.890706319702602,0.006381710269403211,0.3148514851485169,2.525000000000034,13.0,0.0067806168347275915,0.9250000000000114,5.0,0.0024664035836177776,1.0,0.00402220134195386,1.9444468750000041,16.553125,0.005470102952261012,0.0,0
2980.0,2021-10-22 15:00:00,374.15,374.25,373.91,373.91,203125.0,2s,2s,1.0,buy,False,0.3960396039603907,4.163492493946733,28.239017640954685,0.011578080659927173,0.0012201990598867812,0.03798905611623838,0.03859915564618177,0.00010315456825413585,44.87703249614873,30.540849353189692,51.4206053149626,-11.218662570356116,203125.0,1.1299999999999955,1.0,2.525000000000034,13.0,0.0067806168347275915,1.1299999999999955,6.0,0.003013011945392479,1.0,2.5,0.0012201990598867812,0.03859915564618177,0.03798905611623838,44.87703249614873,30.540849353189692,51.4206053149626,-11.218662570356116,27.352896124642474,22.319963237706844,25.013010740760517,-0.06414539623144522,0.09093097269395709,0.10000000000002274,0.0,0.23999999999995225,0.0,2981.0,2981.0,2021-10-22,2021-10-22 15:00:00,2.0540172048918044,173.78554736652885,0.0,,14281.267661333814,366.3529484630595,0.5832424107187206,4.3760036431226785,32.22527881040892,0.012230020343504162,2.285057100371749,15.890706319702602,0.006381710269403211,0.3960396039603907,2.525000000000034,13.0,0.0067806168347275915,1.1299999999999955,6.0,0.003013011945392479,1.0,0.00402220134195386,1.9444468750000041,16.553125,0.005470102952261012,0.0,0
2981.0,2021-10-22 15:05:00,373.91,374.13,373.91,374.02,216611.0,2s,2s,1.0,buy,False,0.3960396039603907,4.163492493946733,28.239017640954685,0.011578080659927173,-0.029911064257578363,0.03425017308404109,0.019294640955251907,5.156580095203493e-05,47.010800846353206,23.605403993570626,42.14887154116527,-13.481531101618671,216611.0,1.1299999999999955,1.0,2.525000000000034,13.0,0.0067806168347275915,1.1299999999999955,7.0,0.003013011945392479,1.0,2.5,-0.029911064257578363,0.019294640955251907,0.03425017308404109,47.010800846353206,23.605403993570626,42.14887154116527,-13.481531101618671,30.08495992683476,16.366218200196162,25.335915599026347,0.02941884410685908,0.05883768821373336,0.11000000000001364,0.0,0.1099999999999568,1.0,2982.0,2982.0,2021-10-22,2021-10-22 15:05:00,2.0540172048918044,173.78554736652885,0.0,,14281.267661333814,366.3529484630595,0.5832424107187206,4.3760036431226785,32.22527881040892,0.012230020343504162,2.285057100371749,15.890706319702602,0.006381710269403211,0.3960396039603907,2.525000000000034,13.0,0.0067806168347275915,1.1299999999999955,7.0,0.003013011945392479,1.0,0.00402220134195386,1.9444468750000041,16.553125,0.005470102952261012,0.0,0
2982.0,2021-10-22 15:10:00,374.03,374.055,373.8,374.01,174877.0,2s,2s,1.0,buy,False,0.43960396039603905,4.163492493946733,28.239017640954685,0.011578080659927173,-0.04975640743495206,0.02803062215467208,0.0031524184371960473,8.425256351853812e-06,46.83331587474752,21.382097286035737,35.226613456122095,-6.3069350541369715,174877.0,1.240000000000009,1.0,2.525000000000034,13.0,0.0067806168347275915,1.240000000000009,8.0,0.0033063139931740855,1.0,2.5,-0.04975640743495206,0.0031524184371960473,0.02803062215467208,46.83331587474752,21.382097286035737,35.226613456122095,-6.3069350541369715,31.97012711322691,20.20512033555756,25.136851599656428,-0.0053471646659310245,0.06821829855537598,0.025000000000034106,0.20999999999997954,0.01999999999998181,0.0,2983.0,2983.0,2021-10-22,2021-10-22 15:10:00,2.0540172048918044,173.78554736652885,0.0,,14281.267661333814,366.3529484630595,0.5832424107187206,4.3760036431226785,32.22527881040892,0.012230020343504162,2.285057100371749,15.890706319702602,0.006381710269403211,0.43960396039603905,2.525000000000034,13.0,0.0067806168347275915,1.240000000000009,8.0,0.0033063139931740855,1.0,0.00402220134195386,1.9444468750000041,16.553125,0.005470102952261012,0.0,0
2983.0,2021-10-22 15:15:00,374.02,374.23,373.74,373.78,322332.0,2s,2s,1.0,buy,False,0.4633663366336634,4.163492493946733,28.239017640954685,0.011578080659927173,-0.089453995993219,0.016848872655519702,-0.0278781253410898,-7.451363578092085e-05,42.82827428293748,15.280372549663909,28.5778664873027,-11.314615325613673,322332.0,1.3000000000000114,1.0,2.525000000000034,13.0,0.0067806168347275915,1.3000000000000114,9.0,0.0034662969283276754,1.0,2.5,-0.089453995993219,-0.0278781253410898,0.016848872655519702,42.82827428293748,15.280372549663909,28.5778664873027,-11.314615325613673,27.710042119265623,19.458607354860202,24.590895955742475,-0.0641676915672983,0.13110718681436537,0.21000000000003638,0.03999999999996362,0.2400000000000091,0.0,2984.0,2984.0,2021-10-22,2021-10-22 15:15:00,2.0540172048918044,173.78554736652885,0.0,,14281.267661333814,366.3529484630595,0.5832424107187206,4.3760036431226785,32.22527881040892,0.012230020343504162,2.285057100371749,15.890706319702602,0.006381710269403211,0.4633663366336634,2.525000000000034,13.0,0.0067806168347275915,1.3000000000000114,9.0,0.0034662969283276754,1.0,0.00402220134195386,1.9444468750000041,16.553125,0.005470102952261012,0.0,0
2985.0,2021-10-22 15:25:00,373.95,373.985,373.73,373.88,186239.0,2s,2s,1.0,buy,False,0.4673267326732637,4.163492493946733,28.239017640954685,0.011578080659927173,-0.09264861270352966,-0.005923693011893154,-0.05224799936365798,-0.00013966231340571922,45.17215203863338,17.404531486991296,22.34258751550255,7.528419429968785,186239.0,1.3100000000000023,1.0,2.525000000000034,13.0,0.0067806168347275915,1.3100000000000023,11.0,0.0034929607508532483,1.0,2.5,-0.09264861270352966,-0.05224799936365798,-0.005923693011893154,45.17215203863338,17.404531486991296,22.34258751550255,7.528419429968785,23.250433776750057,19.881434355116824,22.921579390096845,-0.01871908009091942,0.06823107591041538,0.03500000000002501,0.14999999999997726,0.06999999999999318,0.0,2986.0,2986.0,2021-10-22,2021-10-22 15:25:00,2.0540172048918044,173.78554736652885,0.0,,14281.267661333814,366.3529484630595,0.5832424107187206,4.3760036431226785,32.22527881040892,0.012230020343504162,2.285057100371749,15.890706319702602,0.006381710269403211,0.4673267326732637,2.525000000000034,13.0,0.0067806168347275915,1.3100000000000023,11.0,0.0034929607508532483,1.0,0.00402220134195386,1.9444468750000041,16.553125,0.005470102952261012,1.0,0
2992.0,2021-10-22 16:00:00,374.03,374.12,373.68,373.76,427142.0,2s,2s,1.0,buy,False,0.48712871287128773,4.163492493946733,28.239017640954685,0.011578080659927173,-0.0448919723259551,-0.027388726124087936,-0.049834712287065486,-0.00013322139680344754,43.96564434271774,31.670814155012117,36.78091525294636,21.45061195914363,427142.0,1.3600000000000136,1.0,2.525000000000034,13.0,0.0067806168347275915,1.3600000000000136,18.0,0.003626279863481265,1.0,2.5,-0.0448919723259551,-0.049834712287065486,-0.027388726124087936,43.96564434271774,31.670814155012117,36.78091525294636,21.45061195914363,20.326800032396687,17.00818012472534,18.312782256708967,-0.07218672299012963,0.11774780560907669,0.09000000000003183,0.07999999999998408,0.2699999999999818,0.0,2993.0,2993.0,2021-10-22,2021-10-22 16:00:00,2.0540172048918044,173.78554736652885,0.0,,14281.267661333814,366.3529484630595,0.5832424107187206,4.3760036431226785,32.22527881040892,0.012230020343504162,2.285057100371749,15.890706319702602,0.006381710269403211,0.48712871287128773,2.525000000000034,13.0,0.0067806168347275915,1.3600000000000136,18.0,0.003626279863481265,1.0,0.00402220134195386,1.9444468750000041,16.553125,0.005470102952261012,1.0,0
2999.0,2021-10-22 16:35:00,373.67,373.67,373.57,373.59,12406.0,2s,2s,1.0,buy,False,0.5306930693069362,4.163492493946733,28.239017640954685,0.011578080659927173,-0.06804111160249132,-0.07611066778241879,-0.11013122358366445,-0.00029451242676999866,40.69041962405076,11.30330620115181,18.02434631414132,-2.1387740248272067,12406.0,1.4700000000000273,1.0,2.525000000000034,13.0,0.0067806168347275915,1.4700000000000273,25.0,0.003919581911262871,1.0,2.5,-0.06804111160249132,-0.11013122358366445,-0.07611066778241879,40.69041962405076,11.30330620115181,18.02434631414132,-2.1387740248272067,33.23999617078383,15.675856787286307,25.171782734152462,-0.021409264859378843,0.026768744813561778,0.0,0.01999999999998181,0.08000000000004093,0.0,3000.0,3000.0,2021-10-22,2021-10-22 16:35:00,2.0540172048918044,173.78554736652885,0.0,,14281.267661333814,366.3529484630595,0.5832424107187206,4.3760036431226785,32.22527881040892,0.012230020343504162,2.285057100371749,15.890706319702602,0.006381710269403211,0.5306930693069362,2.525000000000034,13.0,0.0067806168347275915,1.4700000000000273,25.0,0.003919581911262871,1.0,0.00402220134195386,1.9444468750000041,16.553125,0.005470102952261012,0.0,0
3000.0,2021-10-22 16:40:00,373.59,373.59,373.46,373.53,60662.0,2s,2s,1.0,buy,False,0.5742574257425845,4.163492493946733,28.239017640954685,0.011578080659927173,-0.08019444970477249,-0.08613497399551535,-0.1262321988479016,-0.00033759728448318573,39.466513518107384,11.070891002787597,15.706527877023412,1.7996172543159688,60662.0,1.580000000000041,1.0,2.525000000000034,13.0,0.0067806168347275915,1.580000000000041,26.0,0.004212883959044477,1.0,2.5,-0.08019444970477249,-0.1262321988479016,-0.08613497399551535,39.466513518107384,11.070891002787597,15.706527877023412,1.7996172543159688,24.089863310327296,20.706455542021526,23.91328897390141,-0.016060387055328643,0.034809618165264136,0.0,0.06999999999999318,0.060000000000002274,0.0,3001.0,3001.0,2021-10-22,2021-10-22 16:40:00,2.0540172048918044,173.78554736652885,0.0,,14281.267661333814,366.3529484630595,0.5832424107187206,4.3760036431226785,32.22527881040892,0.012230020343504162,2.285057100371749,15.890706319702602,0.006381710269403211,0.5742574257425845,2.525000000000034,13.0,0.0067806168347275915,1.580000000000041,26.0,0.004212883959044477,1.0,0.00402220134195386,1.9444468750000041,16.553125,0.005470102952261012,1.0,0
3040.0,2021-10-25 04:30:00,373.5,373.52,373.35,373.52,2506.0,2s,2s,1.0,buy,False,0.6178217821782104,4.163492493946733,28.239017640954685,0.011578080659927173,-0.047047288285758646,-0.03557863275743956,-0.059102276900318884,-0.00015816209233108076,34.80530839889792,22.739331503455837,26.623248091189197,14.97149832798911,2506.0,1.6899999999999977,1.0,2.525000000000034,13.0,0.0067806168347275915,1.6899999999999977,60.0,0.004506186006825932,1.0,2.5,-0.047047288285758646,-0.059102276900318884,-0.03557863275743956,34.80530839889792,22.739331503455837,26.623248091189197,14.97149832798911,23.863636363629244,57.954545454548466,34.30075668161408,0.0053547523426992795,0.0455336815320635,0.0,0.14999999999997726,0.01999999999998181,1.0,3041.0,3041.0,2021-10-25,2021-10-25 04:30:00,2.4282501606339673,267.0,1.0,best_within_2.0d,3307.0,382.59,0.5832424107187206,4.3760036431226785,32.22527881040892,0.012230020343504162,2.285057100371749,15.890706319702602,0.006381710269403211,0.6178217821782104,2.525000000000034,13.0,0.0067806168347275915,1.6899999999999977,60.0,0.004506186006825932,1.0,0.00402220134195386,1.9444468750000041,16.553125,0.005470102952261012,0.0,0
3072.0,2021-10-25 07:15:00,374.0901,375.261,373.15,373.42,53838.0,1p,1p,1.0,buy,False,1.793147919435517,1.3000000000000114,26.0,0.0034717585792495963,-0.13810654291189572,-0.11254133558204582,-0.18159460703799368,-0.00048564475680452587,21.95826284623618,7.456925012110662,6.616274698096891,9.138225640138202,53838.0,1.3000000000000114,0.0,1.3000000000000114,26.0,0.0034717585792495963,1.3000000000000114,0.0,0.0,1.0,1.0,-0.13810654291189572,-0.18159460703799368,-0.11254133558204582,21.95826284623618,7.456925012110662,6.616274698096891,9.138225640138202,52.775476387738415,23.198011599006072,42.36124223007621,-0.17912796943837617,0.5657242395819501,1.1709000000000174,0.27000000000003865,0.6700999999999908,0.0,3073.0,3073.0,2021-10-25,2021-10-25 07:15:00,2.455679931444475,235.0,1.0,best_within_2.0d,3307.0,382.59,0.5832424107187206,4.3760036431226785,32.22527881040892,0.012230020343504162,2.285057100371749,15.890706319702602,0.006381710269403211,0.4929364202292669,5.6011759621451125,36.843533123028394,0.015614239272951093,2.82998018927445,22.52492113564669,0.007835530045022196,1.8630914826498424,0.00402220134195386,1.9444468750000041,16.553125,0.005470102952261012,0.0,0
3079.0,2021-10-25 07:50:00,375.21,375.21,375.13,375.21,14460.0,1,1,0.0,sell,False,0.6963975400812566,1.8599999999999568,46.0,0.0049819204499797955,0.035556416733921264,0.06645716596119856,0.0842353743281592,0.00022469316544589934,66.56737658407049,91.09565444449451,81.61265662021466,110.0616500930542,14460.0,1.8599999999999568,1.0,1.8599999999999568,46.0,0.0049819204499797955,1.8599999999999568,46.0,0.0049819204499797955,1.0,1.0,0.035556416733921264,0.0842353743281592,0.06645716596119856,66.56737658407049,91.09565444449451,81.61265662021466,110.0616500930542,37.878787878781786,34.84848484848441,17.310486224536785,0.0,0.021325940340677654,0.0,0.07999999999998408,0.0,0.0,3080.0,3080.0,2021-10-25,2021-10-25 07:50:00,0.11193731510353111,139.0,1.0,best_within_2.0d,3218.0,374.79,0.5832424107187206,4.3760036431226785,32.22527881040892,0.012230020343504162,2.285057100371749,15.890706319702602,0.006381710269403211,0.4929364202292669,5.6011759621451125,36.843533123028394,0.015614239272951093,2.82998018927445,22.52492113564669,0.007835530045022196,1.8630914826498424,0.00402220134195386,1.9444468750000041,16.553125,0.005470102952261012,0.0,1
3080.0,2021-10-25 07:55:00,375.22,375.27,375.1,375.21,16758.0,1,1,0.0,sell,False,0.6963975400810644,1.919999999999959,47.0,0.0051426275612694765,0.04846636289603018,0.07251546132320233,0.09674864277121742,0.00025805532992335007,66.56737658407049,90.06376962966286,84.42969429003072,101.33192030892715,16758.0,1.919999999999959,1.0,1.919999999999959,47.0,0.0051426275612694765,1.919999999999959,47.0,0.0051426275612694765,1.0,1.0,0.04846636289603018,0.09674864277121742,0.07251546132320233,66.56737658407049,90.06376962966286,84.42969429003072,101.33192030892715,38.75598086123915,32.535885167464826,16.697225223838284,-0.0026651031395042235,0.04532124766727781,0.049999999999954525,0.1099999999999568,0.010000000000047748,0.0,3081.0,3081.0,2021-10-25,2021-10-25 07:55:00,0.11193731510353111,138.0,1.0,best_within_2.0d,3218.0,374.79,0.5832424107187206,4.3760036431226785,32.22527881040892,0.012230020343504162,2.285057100371749,15.890706319702602,0.006381710269403211,0.4929364202292669,5.6011759621451125,36.843533123028394,0.015614239272951093,2.82998018927445,22.52492113564669,0.007835530045022196,1.8630914826498424,0.00402220134195386,1.9444468750000041,16.553125,0.005470102952261012,0.0,1
3084.0,2021-10-25 08:15:00,375.08,375.3,375.08,375.25,19802.0,1,1,0.0,sell,False,0.6963975400809042,1.9499999999999886,51.0,0.005222981116914393,0.028994870106674786,0.08785819912110643,0.10235563417444382,0.0002729666039510186,64.47738384855231,87.29202693026554,85.92160142036647,90.03287795006366,19802.0,1.9499999999999886,1.0,1.9499999999999886,51.0,0.005222981116914393,1.9499999999999886,51.0,0.005222981116914393,1.0,1.0,0.028994870106674786,0.10235563417444382,0.08785819912110643,64.47738384855231,87.29202693026554,85.92160142036647,90.03287795006366,35.53113553113287,29.304029304030138,17.21699032614286,0.04532366428495679,0.058654153780534096,0.05000000000001137,0.0,0.17000000000001592,1.0,3085.0,3085.0,2021-10-25,2021-10-25 08:15:00,0.12258494337108049,134.0,1.0,best_within_2.0d,3218.0,374.79,0.5832424107187206,4.3760036431226785,32.22527881040892,0.012230020343504162,2.285057100371749,15.890706319702602,0.006381710269403211,0.4929364202292669,5.6011759621451125,36.843533123028394,0.015614239272951093,2.82998018927445,22.52492113564669,0.007835530045022196,1.8630914826498424,0.00402220134195386,1.9444468750000041,16.553125,0.005470102952261012,1.0,1
3090.0,2021-10-25 08:45:00,375.21,375.35,375.17,375.22,16600.0,1,1,0.0,sell,False,0.6963975400805625,2.0,57.0,0.005356903709655819,0.003813368285086327,0.07120724245421814,0.0731139265967613,0.00019496625763820702,59.917484764121866,76.5551299362636,75.94692634622447,77.77153711634185,16600.0,2.0,1.0,2.0,57.0,0.005356903709655819,2.0,57.0,0.005356903709655819,1.0,1.0,0.003813368285086327,0.0731139265967613,0.07120724245421814,59.917484764121866,76.5551299362636,75.94692634622447,77.77153711634185,27.722772277227147,30.693069306931193,15.995774720655518,0.002665174169144679,0.04797824986006525,0.12999999999999545,0.03999999999996362,0.010000000000047748,1.0,3091.0,3091.0,2021-10-25,2021-10-25 08:45:00,0.11459943499813624,128.0,1.0,best_within_2.0d,3218.0,374.79,0.5832424107187206,4.3760036431226785,32.22527881040892,0.012230020343504162,2.285057100371749,15.890706319702602,0.006381710269403211,0.4929364202292669,5.6011759621451125,36.843533123028394,0.015614239272951093,2.82998018927445,22.52492113564669,0.007835530045022196,1.8630914826498424,0.00402220134195386,1.9444468750000041,16.553125,0.005470102952261012,0.0,1
3097.0,2021-10-25 09:20:00,375.42,375.55,375.4,375.47,27734.0,1,1,0.0,sell,False,0.6963975400805619,2.1999999999999886,64.0,0.00589259408062137,0.052686371362589274,0.07755392564400092,0.10389711132529555,0.0002769803082763313,66.1372903890412,79.05135384962239,71.37848961699544,94.39708231487629,27734.0,2.1999999999999886,1.0,2.1999999999999886,64.0,0.00589259408062137,2.1999999999999886,64.0,0.00589259408062137,1.0,1.0,0.052686371362589274,0.10389711132529555,0.07755392564400092,66.1372903890412,79.05135384962239,71.37848961699544,94.39708231487629,39.834024896266655,16.182572614109507,21.6566356946634,0.013318416706624946,0.03995737879596008,0.07999999999998408,0.020000000000038654,0.05000000000001137,1.0,3098.0,3098.0,2021-10-25,2021-10-25 09:20:00,0.1811063467121226,121.0,1.0,best_within_2.0d,3218.0,374.79,0.5832424107187206,4.3760036431226785,32.22527881040892,0.012230020343504162,2.285057100371749,15.890706319702602,0.006381710269403211,0.4929364202292669,5.6011759621451125,36.843533123028394,0.015614239272951093,2.82998018927445,22.52492113564669,0.007835530045022196,1.8630914826498424,0.00402220134195386,1.9444468750000041,16.553125,0.005470102952261012,0.0,1
3098.0,2021-10-25 09:25:00,375.47,375.6,375.4,375.6,20547.0,1,1,0.0,sell,False,0.696397540080322,2.25,65.0,0.006026516673362796,0.07956369322673079,0.08749938729734227,0.12728123391070767,0.0003392872000875049,69.58560782860968,86.03423589974825,76.26373837791304,105.57523094341869,20547.0,2.25,1.0,2.25,65.0,0.006026516673362796,2.25,65.0,0.006026516673362796,1.0,1.0,0.07956369322673079,0.12728123391070767,0.08749938729734227,69.58560782860968,86.03423589974825,76.26373837791304,105.57523094341869,34.59915611814468,16.455696202533044,22.64810386523333,0.03462327216555129,0.0532765050612801,0.0,0.07000000000005002,0.12999999999999545,1.0,3099.0,3099.0,2021-10-25,2021-10-25 09:25:00,0.2156549520766779,120.0,1.0,best_within_2.0d,3218.0,374.79,0.5832424107187206,4.3760036431226785,32.22527881040892,0.012230020343504162,2.285057100371749,15.890706319702602,0.006381710269403211,0.4929364202292669,5.6011759621451125,36.843533123028394,0.015614239272951093,2.82998018927445,22.52492113564669,0.007835530045022196,1.8630914826498424,0.00402220134195386,1.9444468750000041,16.553125,0.005470102952261012,0.0,1
3099.0,2021-10-25 09:30:00,375.57,376.24,375.28,376.03,1006573.0,1,1,0.0,sell,False,0.6963975400803226,2.8899999999999864,66.0,0.007740725860452621,0.14552677805884237,0.10569023455469757,0.17845362358411876,0.0004756115764482115,77.68143989975904,85.22074059983134,79.24940578521914,97.16341022905576,1006573.0,2.8899999999999864,1.0,2.8899999999999864,66.0,0.007740725860452621,2.8899999999999864,66.0,0.007740725860452621,1.0,1.0,0.14552677805884237,0.17845362358411876,0.10569023455469757,77.68143989975904,85.22074059983134,79.24940578521914,97.16341022905576,48.829431438126306,7.357859531775087,26.30249100411064,0.12248049631226657,0.25580899594970063,0.21000000000003638,0.29000000000002046,0.45999999999997954,1.0,3100.0,3100.0,2021-10-25,2021-10-25 09:30:00,0.32976092333057266,119.0,1.0,best_within_2.0d,3218.0,374.79,0.5832424107187206,4.3760036431226785,32.22527881040892,0.012230020343504162,2.285057100371749,15.890706319702602,0.006381710269403211,0.4929364202292669,5.6011759621451125,36.843533123028394,0.015614239272951093,2.82998018927445,22.52492113564669,0.007835530045022196,1.8630914826498424,0.00402220134195386,1.9444468750000041,16.553125,0.005470102952261012,1.0,1
3127.0,2021-10-25 11:50:00,375.95,376.32,375.93,376.17,262026.0,1,1,0.0,sell,False,0.696397540084879,2.9699999999999704,94.0,0.00795500200883881,0.021962044401449998,0.1916957842410047,0.2026768064417297,0.0005394884685182666,61.944341082068135,69.45932225491792,69.7246135252513,68.92873971425115,262026.0,2.9699999999999704,1.0,2.9699999999999704,94.0,0.00795500200883881,2.9699999999999704,94.0,0.00795500200883881,1.0,1.0,0.021962044401449998,0.2026768064417297,0.1916957842410047,61.944341082068135,69.45932225491792,69.7246135252513,68.92873971425115,25.45152631818401,10.463582184613603,18.7099581804088,0.05851842000266719,0.10374271805920951,0.14999999999997726,0.01999999999998181,0.22000000000002728,1.0,3128.0,3128.0,2021-10-25,2021-10-25 11:50:00,0.3668554111173128,91.0,1.0,best_within_2.0d,3218.0,374.79,0.5832424107187206,4.3760036431226785,32.22527881040892,0.012230020343504162,2.285057100371749,15.890706319702602,0.006381710269403211,0.4929364202292669,5.6011759621451125,36.843533123028394,0.015614239272951093,2.82998018927445,22.52492113564669,0.007835530045022196,1.8630914826498424,0.00402220134195386,1.9444468750000041,16.553125,0.005470102952261012,0.0,1
3128.0,2021-10-25 11:55:00,376.17,376.42,376.0855,376.31,165066.0,1,1,0.0,sell,False,0.6963975400845025,3.069999999999993,95.0,0.008222847194321663,0.047669427593338365,0.197654462690172,0.2214891764868412,0.0005894907033711866,64.33511682518329,74.54695557735224,71.33206087595161,80.97674498015348,165066.0,3.069999999999993,1.0,3.069999999999993,95.0,0.008222847194321663,3.069999999999993,95.0,0.008222847194321663,1.0,1.0,0.047669427593338365,0.2214891764868412,0.197654462690172,64.33511682518329,74.54695557735224,71.33206087595161,80.97674498015348,27.264186816382864,10.289216453798804,20.602262291557924,0.03721721562059344,0.08894254099134143,0.11000000000001364,0.08449999999999136,0.13999999999998636,1.0,3129.0,3129.0,2021-10-25,2021-10-25 11:55:00,0.4039222981052807,90.0,1.0,best_within_2.0d,3218.0,374.79,0.5832424107187206,4.3760036431226785,32.22527881040892,0.012230020343504162,2.285057100371749,15.890706319702602,0.006381710269403211,0.4929364202292669,5.6011759621451125,36.843533123028394,0.015614239272951093,2.82998018927445,22.52492113564669,0.007835530045022196,1.8630914826498424,0.00402220134195386,1.9444468750000041,16.553125,0.005470102952261012,0.0,1
3129.0,2021-10-25 12:00:00,376.33,376.7776,376.28,376.73,323399.0,1,1,0.0,sell,False,0.6963975400855196,3.427599999999984,96.0,0.0091806615776081,0.11128628877071722,0.21156524878651167,0.2672083931718703,0.0007110316157583395,70.35256845428168,81.55889589838863,74.74100588343062,95.19467592830463,323399.0,3.427599999999984,1.0,3.427599999999984,96.0,0.0091806615776081,3.427599999999984,96.0,0.0091806615776081,1.0,1.0,0.11128628877071722,0.2672083931718703,0.21156524878651167,70.35256845428168,81.55889589838863,74.74100588343062,95.19467592830463,31.885879871306305,9.801205974473769,22.91476179236371,0.10628969255707334,0.1322419474859238,0.04759999999998854,0.05000000000001137,0.4000000000000341,1.0,3130.0,3130.0,2021-10-25,2021-10-25 12:00:00,0.5149576619860371,89.0,1.0,best_within_2.0d,3218.0,374.79,0.5832424107187206,4.3760036431226785,32.22527881040892,0.012230020343504162,2.285057100371749,15.890706319702602,0.006381710269403211,0.4929364202292669,5.6011759621451125,36.843533123028394,0.015614239272951093,2.82998018927445,22.52492113564669,0.007835530045022196,1.8630914826498424,0.00402220134195386,1.9444468750000041,16.553125,0.005470102952261012,0.0,1
3130.0,2021-10-25 12:05:00,376.72,376.95,376.68,376.89,516382.0,1,1,0.0,sell,False,0.6963975400842847,3.599999999999966,97.0,0.009642426677380382,0.16189034618778625,0.23180154205998496,0.3127467151538781,0.0008320292658207355,72.27188879078605,86.10593059892568,78.52931412192896,101.25916355291912,516382.0,3.599999999999966,1.0,3.599999999999966,97.0,0.009642426677380382,3.599999999999966,97.0,0.009642426677380382,1.0,1.0,0.16189034618778625,0.3127467151538781,0.23180154205998496,72.27188879078605,86.10593059892568,78.52931412192896,101.25916355291912,33.63577446532742,9.616791754645952,25.244559177025753,0.04512635379060285,0.0716788786237607,0.060000000000002274,0.040000000000020464,0.16999999999995907,1.0,3131.0,3131.0,2021-10-25,2021-10-25 12:05:00,0.5571917535620382,88.0,1.0,best_within_2.0d,3218.0,374.79,0.5832424107187206,4.3760036431226785,32.22527881040892,0.012230020343504162,2.285057100371749,15.890706319702602,0.006381710269403211,0.4929364202292669,5.6011759621451125,36.843533123028394,0.015614239272951093,2.82998018927445,22.52492113564669,0.007835530045022196,1.8630914826498424,0.00402220134195386,1.9444468750000041,16.553125,0.005470102952261012,0.0,1
3131.0,2021-10-25 12:10:00,376.8997,376.95,376.72,376.9,176102.0,1,1,0.0,sell,False,0.6963975400812298,3.599999999999966,98.0,0.009642426677380382,0.1821712020077234,0.25457294231095035,0.34565854331481205,0.0009194036400314016,72.39218642992039,89.40395373261681,82.15419399215824,103.90347321353397,176102.0,3.599999999999966,1.0,3.599999999999966,98.0,0.009642426677380382,3.599999999999966,98.0,0.009642426677380382,1.0,1.0,0.1821712020077234,0.34565854331481205,0.25457294231095035,72.39218642992039,89.40395373261681,82.15419399215824,103.90347321353397,35.334812114291466,3.294314014011373,29.365939620303354,7.95967733541675e-05,0.06105330218729065,0.05000000000001137,0.17969999999996844,0.00029999999998153726,1.0,3132.0,3132.0,2021-10-25,2021-10-25 12:10:00,0.5598301936853163,87.0,1.0,best_within_2.0d,3218.0,374.79,0.5832424107187206,4.3760036431226785,32.22527881040892,0.012230020343504162,2.285057100371749,15.890706319702602,0.006381710269403211,0.4929364202292669,5.6011759621451125,36.843533123028394,0.015614239272951093,2.82998018927445,22.52492113564669,0.007835530045022196,1.8630914826498424,0.00402220134195386,1.9444468750000041,16.553125,0.005470102952261012,0.0,1
3133.0,2021-10-25 12:20:00,376.83,377.08,376.68,377.062,194122.0,1,1,0.0,sell,False,0.6963975400845694,3.7299999999999613,100.0,0.009990625418507999,0.1808037393989893,0.29864301915082686,0.3890448888503215,0.0010344163173832222,73.13614177388104,92.6308211444805,87.31967918573103,103.25310506197948,194122.0,3.7299999999999613,1.0,3.7299999999999613,100.0,0.009990625418507999,3.7299999999999613,100.0,0.009990625418507999,1.0,1.0,0.1808037393989893,0.3890448888503215,0.29864301915082686,73.13614177388104,92.6308211444805,87.31967918573103,103.25310506197948,31.11405465699906,3.4857780256548407,36.37226915657275,0.061566223496013525,0.10619093129446142,0.01799999999997226,0.14999999999997726,0.23200000000002774,1.0,3134.0,3134.0,2021-10-25,2021-10-25 12:20:00,0.6025534262269842,85.0,1.0,best_within_2.0d,3218.0,374.79,0.5832424107187206,4.3760036431226785,32.22527881040892,0.012230020343504162,2.285057100371749,15.890706319702602,0.006381710269403211,0.4929364202292669,5.6011759621451125,36.843533123028394,0.015614239272951093,2.82998018927445,22.52492113564669,0.007835530045022196,1.8630914826498424,0.00402220134195386,1.9444468750000041,16.553125,0.005470102952261012,0.0,1
3134.0,2021-10-25 12:25:00,377.07,377.255,377.03,377.16,278280.0,1,1,0.0,sell,False,0.6963975400855836,3.9049999999999727,101.0,0.010459354493102913,0.18405902706259103,0.32165039753365077,0.4136799110649463,0.0010996880286542156,74.32241665247388,92.71517914001642,89.11817917049282,99.90917907906362,278280.0,3.9049999999999727,1.0,3.9049999999999727,101.0,0.010459354493102913,3.9049999999999727,101.0,0.010459354493102913,1.0,1.0,0.18405902706259103,0.4136799110649463,0.32165039753365077,74.32241665247388,92.71517914001642,89.11817917049282,99.90917907906362,36.36385765055288,3.6512341171310783,39.61358669993714,0.02386824727505021,0.059676948783922434,0.09499999999997044,0.040000000000020464,0.09000000000003183,1.0,3135.0,3135.0,2021-10-25,2021-10-25 12:25:00,0.6283805281578122,84.0,1.0,best_within_2.0d,3218.0,374.79,0.5832424107187206,4.3760036431226785,32.22527881040892,0.012230020343504162,2.285057100371749,15.890706319702602,0.006381710269403211,0.4929364202292669,5.6011759621451125,36.843533123028394,0.015614239272951093,2.82998018927445,22.52492113564669,0.007835530045022196,1.8630914826498424,0.00402220134195386,1.9444468750000041,16.553125,0.005470102952261012,0.0,1
3135.0,2021-10-25 12:30:00,377.18,377.31,377.16,377.3,207633.0,1,1,0.0,sell,False,0.6963975400809245,3.9599999999999795,102.0,0.010606669345118466,0.18845479527859887,0.3452072469434756,0.43943464458277504,0.0011678942846240874,75.95589085776743,94.90190686629134,91.04608840242565,102.61354379402269,207633.0,3.9599999999999795,1.0,3.9599999999999795,102.0,0.010606669345118466,3.9599999999999795,102.0,0.010606669345118466,1.0,1.0,0.18845479527859887,0.43943464458277504,0.3452072469434756,75.95589085776743,94.90190686629134,91.04608840242565,102.61354379402269,38.647138080743424,3.493188282848177,42.742699200147705,0.031815048517950195,0.03977091950365289,0.009999999999990905,0.01999999999998181,0.12000000000000455,1.0,3136.0,3136.0,2021-10-25,2021-10-25 12:30:00,0.6652531142327036,83.0,1.0,best_within_2.0d,3218.0,374.79,0.5832424107187206,4.3760036431226785,32.22527881040892,0.012230020343504162,2.285057100371749,15.890706319702602,0.006381710269403211,0.4929364202292669,5.6011759621451125,36.843533123028394,0.015614239272951093,2.82998018927445,22.52492113564669,0.007835530045022196,1.8630914826498424,0.00402220134195386,1.9444468750000041,16.553125,0.005470102952261012,0.0,1
3136.0,2021-10-25 12:35:00,377.31,377.75,377.2612,377.7499,396946.0,1,1,0.0,sell,False,0.6963975400838961,4.399999999999977,103.0,0.01178518816124274,0.23245962261196118,0.37426469976997073,0.4904945110759513,0.0013032154687526022,80.29423560279812,96.59926864081032,92.8971484818872,104.00350895865654,396946.0,4.399999999999977,1.0,4.399999999999977,103.0,0.01178518816124274,4.399999999999977,103.0,0.01178518816124274,1.0,1.0,0.23245962261196118,0.4904945110759513,0.37426469976997073,80.29423560279812,96.59926864081032,92.8971484818872,104.00350895865654,44.80624199592159,3.3202105962147037,45.846944876459126,0.1165884816198942,0.12956540455260868,9.999999997489795e-05,0.048800000000028376,0.43990000000002283,1.0,3137.0,3137.0,2021-10-25,2021-10-25 12:35:00,0.7835607633516262,82.0,1.0,best_within_2.0d,3218.0,374.79,0.5832424107187206,4.3760036431226785,32.22527881040892,0.012230020343504162,2.285057100371749,15.890706319702602,0.006381710269403211,0.4929364202292669,5.6011759621451125,36.843533123028394,0.015614239272951093,2.82998018927445,22.52492113564669,0.007835530045022196,1.8630914826498424,0.00402220134195386,1.9444468750000041,16.553125,0.005470102952261012,0.0,1
3137.0,2021-10-25 12:40:00,377.76,377.78,377.68,377.77,275370.0,1,1,0.0,sell,False,0.6963975400901373,4.42999999999995,104.0,0.011865541716887505,0.24359634876210978,0.40471424336523454,0.5265124177462894,0.0013985283127844422,80.4638331135304,97.51062353831819,94.43497350069752,103.66192361355948,275370.0,4.42999999999995,1.0,4.42999999999995,104.0,0.011865541716887505,4.42999999999995,104.0,0.011865541716887505,1.0,1.0,0.24359634876210978,0.5265124177462894,0.40471424336523454,80.4638331135304,97.51062353831819,94.43497350069752,103.66192361355948,49.63792479180722,0.0,49.71502024242633,0.0026471833968633274,0.02647744122007146,0.009999999999990905,0.07999999999998408,0.009999999999990905,1.0,3138.0,3138.0,2021-10-25,2021-10-25 12:40:00,0.7888397702305533,81.0,1.0,best_within_2.0d,3218.0,374.79,0.5832424107187206,4.3760036431226785,32.22527881040892,0.012230020343504162,2.285057100371749,15.890706319702602,0.006381710269403211,0.4929364202292669,5.6011759621451125,36.843533123028394,0.015614239272951093,2.82998018927445,22.52492113564669,0.007835530045022196,1.8630914826498424,0.00402220134195386,1.9444468750000041,16.553125,0.005470102952261012,0.0,1
3138.0,2021-10-25 12:45:00,377.77,377.99,377.75,377.81,356584.0,1,1,0.0,sell,False,0.6963975400869745,4.639999999999986,105.0,0.012428016606401462,0.23553291793093556,0.4341558581066015,0.5519223170720693,0.0014656377029221993,80.81764844750224,93.76026302045622,94.21007000728375,92.86064904680114,356584.0,4.639999999999986,1.0,4.639999999999986,105.0,0.012428016606401462,4.639999999999986,105.0,0.012428016606401462,1.0,1.0,0.23553291793093556,0.5519223170720693,0.4341558581066015,80.81764844750224,93.76026302045622,94.21007000728375,92.86064904680114,54.23724496293906,0.0,53.30680451082445,0.010588453291690834,0.06353408338848686,0.18000000000000682,0.01999999999998181,0.040000000000020464,1.0,3139.0,3139.0,2021-10-25,2021-10-25 12:45:00,0.7993435854000639,80.0,1.0,best_within_2.0d,3218.0,374.79,0.5832424107187206,4.3760036431226785,32.22527881040892,0.012230020343504162,2.285057100371749,15.890706319702602,0.006381710269403211,0.4929364202292669,5.6011759621451125,36.843533123028394,0.015614239272951093,2.82998018927445,22.52492113564669,0.007835530045022196,1.8630914826498424,0.00402220134195386,1.9444468750000041,16.553125,0.005470102952261012,1.0,1
3143.0,2021-10-25 13:10:00,377.79,378.035,377.7799,377.98,253333.0,1,1,0.0,sell,False,0.6963975400853197,4.685000000000002,110.0,0.012548546939868762,0.0729304874623411,0.5189648410975152,0.5554300848286857,0.0014733713245781268,81.24939483081751,87.92079550454022,88.44970092916807,86.86298465528449,253333.0,4.685000000000002,1.0,4.685000000000002,110.0,0.012548546939868762,4.685000000000002,110.0,0.012548546939868762,1.0,1.0,0.0729304874623411,0.5554300848286857,0.5189648410975152,81.24939483081751,87.92079550454022,88.44970092916807,86.86298465528449,45.35858924072705,1.9133263178017315,66.21059130328254,0.05029249053707025,0.06752609125049458,0.05500000000000682,0.010100000000022646,0.18999999999999773,1.0,3144.0,3144.0,2021-10-25,2021-10-25 13:10:00,0.8439599978834853,75.0,1.0,best_within_2.0d,3218.0,374.79,0.5832424107187206,4.3760036431226785,32.22527881040892,0.012230020343504162,2.285057100371749,15.890706319702602,0.006381710269403211,0.4929364202292669,5.6011759621451125,36.843533123028394,0.015614239272951093,2.82998018927445,22.52492113564669,0.007835530045022196,1.8630914826498424,0.00402220134195386,1.9444468750000041,16.553125,0.005470102952261012,1.0,1
3149.0,2021-10-25 13:40:00,377.79,377.83,377.62,377.8,207511.0,3a,3a,1.0,buy,False,0.004178384893531545,4.163492493946733,28.239017640954685,0.011578080659927173,-0.11919084137961655,0.4798231768129054,0.42022775612309715,0.0011138184677337594,71.13575155322127,41.638457801840616,50.57217137531771,23.77103065488643,207511.0,0.41500000000002046,2.0,0.41500000000002046,7.0,0.0010977819514066697,0.41500000000002046,7.0,0.0010977819514066697,3.0,3.0,-0.11919084137961655,0.42022775612309715,0.4798231768129054,71.13575155322127,41.638457801840616,50.57217137531771,23.77103065488643,32.164918308416695,14.437662195252551,64.24162705173886,0.0026469731861592165,0.05561146125734323,0.029999999999972715,0.17000000000001592,0.009999999999990905,1.0,3150.0,3150.0,2021-10-25,2021-10-25 13:40:00,1.4028586553732163,384.0,1.0,best_within_2.0d,3533.0,383.1,0.5832424107187206,4.3760036431226785,32.22527881040892,0.012230020343504162,2.285057100371749,15.890706319702602,0.006381710269403211,0.4929364202292669,5.6011759621451125,36.843533123028394,0.015614239272951093,2.82998018927445,22.52492113564669,0.007835530045022196,1.8630914826498424,0.004178384893531545,0.41500000000002046,7.0,0.0010977819514066697,0.0,0
3152.0,2021-10-25 13:55:00,377.73,377.82,377.61,377.63,142717.0,3a,3a,1.0,buy,False,0.004178384893531545,4.163492493946733,28.239017640954685,0.011578080659927173,-0.18043293057791954,0.419034829055248,0.32881836376628826,0.0008713467154597281,61.57320161121203,22.839328862301734,34.65990976065646,-0.8018329344077131,142717.0,0.42500000000001137,2.0,0.42500000000001137,10.0,0.001124234528548974,0.42500000000001137,10.0,0.001124234528548974,3.0,3.0,-0.18043293057791954,0.32881836376628826,0.419034829055248,61.57320161121203,22.839328862301734,34.65990976065646,-0.8018329344077131,10.824313072439057,17.901748542878522,53.685113672143935,-0.026473936409610765,0.05561293397949724,0.08999999999997499,0.01999999999998181,0.10000000000002274,0.0,3153.0,3153.0,2021-10-25,2021-10-25 13:55:00,1.4485077986388866,381.0,1.0,best_within_2.0d,3533.0,383.1,0.5832424107187206,4.3760036431226785,32.22527881040892,0.012230020343504162,2.285057100371749,15.890706319702602,0.006381710269403211,0.4929364202292669,5.6011759621451125,36.843533123028394,0.015614239272951093,2.82998018927445,22.52492113564669,0.007835530045022196,1.8630914826498424,0.004178384893531545,0.42500000000001137,10.0,0.001124234528548974,0.0,0
3153.0,2021-10-25 14:00:00,377.64,377.765,377.54,377.62,171458.0,3a,3a,1.0,buy,False,0.004178384893531545,4.163492493946733,28.239017640954685,0.011578080659927173,-0.19312162633341168,0.3948946257635716,0.29833381259686576,0.0007905255853814046,61.08319673751846,21.73028428218411,30.350034601165675,4.490783644220983,171458.0,0.49500000000000455,2.0,0.49500000000000455,11.0,0.0013094025685452524,0.49500000000000455,11.0,0.0013094025685452524,3.0,3.0,-0.19312162633341168,0.29833381259686576,0.3948946257635716,61.08319673751846,21.73028428218411,30.350034601165675,4.490783644220983,10.590631364561816,20.36659877800189,52.10610179330633,-0.00529604914733127,0.059596334163258435,0.125,0.07999999999998408,0.01999999999998181,0.0,3154.0,3154.0,2021-10-25,2021-10-25 14:00:00,1.4511943223346269,380.0,1.0,best_within_2.0d,3533.0,383.1,0.5832424107187206,4.3760036431226785,32.22527881040892,0.012230020343504162,2.285057100371749,15.890706319702602,0.006381710269403211,0.4929364202292669,5.6011759621451125,36.843533123028394,0.015614239272951093,2.82998018927445,22.52492113564669,0.007835530045022196,1.8630914826498424,0.004178384893531545,0.49500000000000455,11.0,0.0013094025685452524,1.0,0
3157.0,2021-10-25 14:20:00,377.98,378.165,377.9296,378.09,253778.0,1p,1p,0.0,sell,False,3.047847919495159e-07,0.625,5.0,0.0016554537267574295,-0.08891858430942312,0.3286605283018804,0.28420123614716886,0.0007527767334561828,73.02793521736423,72.13225532724735,56.24560937210613,103.90554723752979,253778.0,0.625,0.0,0.625,5.0,0.0016554537267574295,0.625,0.0,0.0,1.0,1.0,-0.08891858430942312,0.28420123614716886,0.3286605283018804,73.02793521736423,72.13225532724735,56.24560937210613,103.90554723752979,18.48847300305689,16.601894125193546,40.68539163464255,0.029102068892522565,0.062286732767168,0.07500000000004547,0.05040000000002465,0.1099999999999568,1.0,3158.0,3158.0,2021-10-25,2021-10-25 14:20:00,0.8728080615726296,61.0,1.0,best_within_2.0d,3218.0,374.79,0.5832424107187206,4.3760036431226785,32.22527881040892,0.012230020343504162,2.285057100371749,15.890706319702602,0.006381710269403211,0.4929364202292669,5.6011759621451125,36.843533123028394,0.015614239272951093,2.82998018927445,22.52492113564669,0.007835530045022196,1.8630914826498424,0.00402220134195386,1.9444468750000041,16.553125,0.005470102952261012,0.0,1
3158.0,2021-10-25 14:25:00,378.09,378.42,378.05,378.41,387540.0,1p,1p,0.0,sell,False,3.047847919495159e-07,0.8799999999999955,6.0,0.0023308788472744487,-0.029694689107848782,0.32494869216339933,0.31010134760947494,0.0008212389053543967,78.51957420727676,81.0427156727107,64.51131147230765,114.10552407351679,387540.0,0.8799999999999955,0.0,0.8799999999999955,6.0,0.0023308788472744487,0.8799999999999955,0.0,0.0,1.0,1.0,-0.029694689107848782,0.31010134760947494,0.32494869216339933,78.51957420727676,81.0427156727107,64.51131147230765,114.10552407351679,25.731357717680865,15.19704348426772,39.61774913391616,0.08463593324342089,0.09787065203015594,0.009999999999990905,0.03999999999996362,0.32000000000005,1.0,3159.0,3159.0,2021-10-25,2021-10-25 14:25:00,0.9566343384160049,60.0,1.0,best_within_2.0d,3218.0,374.79,0.5832424107187206,4.3760036431226785,32.22527881040892,0.012230020343504162,2.285057100371749,15.890706319702602,0.006381710269403211,0.4929364202292669,5.6011759621451125,36.843533123028394,0.015614239272951093,2.82998018927445,22.52492113564669,0.007835530045022196,1.8630914826498424,0.00402220134195386,1.9444468750000041,16.553125,0.005470102952261012,0.0,1
3159.0,2021-10-25 14:30:00,378.4,378.79,378.4,378.75,490889.0,1p,1p,0.0,sell,False,0.14158279709834348,1.25,7.0,0.003310907453514859,0.04645336671581535,0.3307553630028762,0.3539820463607839,0.0009372367149601036,82.57831688260683,86.29514378180659,71.7725889088073,115.34025352780517,490889.0,1.25,0.0,1.25,7.0,0.003310907453514859,1.25,0.0,0.0,1.0,1.0,0.04645336671581535,0.3539820463607839,0.3307553630028762,82.57831688260683,86.29514378180659,71.7725889088073,115.34025352780517,36.85584900671019,8.09837040954627,41.357237641157425,0.09249471458774386,0.10306553911206216,0.040000000000020464,0.0,0.35000000000002274,1.0,3160.0,3160.0,2021-10-25,2021-10-25 14:30:00,1.0455445544554403,59.0,1.0,best_within_2.0d,3218.0,374.79,0.5832424107187206,4.3760036431226785,32.22527881040892,0.012230020343504162,2.285057100371749,15.890706319702602,0.006381710269403211,0.4929364202292669,5.6011759621451125,36.843533123028394,0.015614239272951093,2.82998018927445,22.52492113564669,0.007835530045022196,1.8630914826498424,0.00402220134195386,1.9444468750000041,16.553125,0.005470102952261012,0.0,1
3160.0,2021-10-25 14:35:00,378.755,378.87,378.43,378.43,807088.0,1p,1p,0.0,sell,False,0.14158279709834312,1.329999999999984,8.0,0.003522805530539768,0.04487215876816231,0.3363643828488965,0.3588004622329777,0.0009498559840417776,69.3052697930643,79.8358602655652,74.46034602772659,90.58688874124243,807088.0,1.329999999999984,0.0,1.329999999999984,8.0,0.003522805530539768,1.329999999999984,0.0,0.0,1.0,1.0,0.04487215876816231,0.3588004622329777,0.3363643828488965,69.3052697930643,79.8358602655652,74.46034602772659,90.58688874124243,36.15405560766035,7.412337760566527,43.11545082551914,-0.0858074480864909,0.1162698517559384,0.1150000000000091,0.0,0.32499999999998863,0.0,3161.0,3161.0,2021-10-25,2021-10-25 14:35:00,0.96186877361731,58.0,1.0,best_within_2.0d,3218.0,374.79,0.5832424107187206,4.3760036431226785,32.22527881040892,0.012230020343504162,2.285057100371749,15.890706319702602,0.006381710269403211,0.4929364202292669,5.6011759621451125,36.843533123028394,0.015614239272951093,2.82998018927445,22.52492113564669,0.007835530045022196,1.8630914826498424,0.00402220134195386,1.9444468750000041,16.553125,0.005470102952261012,1.0,1
3183.0,2021-10-25 16:30:00,378.47,378.85,378.47,378.84,156059.0,2,2,0.0,sell,False,0.9865319865319989,4.163492493946733,28.239017640954685,0.011578080659927173,0.11028780945699385,0.09871389712428316,0.15385780185278009,0.0004068995019687521,67.3278940040081,90.99381070154857,77.37258824840286,118.23625560783998,156059.0,1.4650000000000318,1.0,1.4850000000000136,17.0,0.0039195502415076775,1.4650000000000318,8.0,0.003881977291095385,2.0,2.0,0.11028780945699385,0.15385780185278009,0.09871389712428316,67.3278940040081,90.99381070154857,77.37258824840286,118.23625560783998,9.002136100091493,27.12677584511432,52.920891854418656,0.09776204190555333,0.10040425925436505,0.010000000000047748,0.0,0.3699999999999477,1.0,3184.0,3184.0,2021-10-25,2021-10-25 16:30:00,1.0690528983211791,35.0,1.0,best_within_2.0d,3218.0,374.79,0.9865319865319989,1.4850000000000136,17.0,0.0039195502415076775,1.4650000000000318,8.0,0.003881977291095385,0.4929364202292669,5.6011759621451125,36.843533123028394,0.015614239272951093,2.82998018927445,22.52492113564669,0.007835530045022196,1.8630914826498424,0.00402220134195386,1.9444468750000041,16.553125,0.005470102952261012,0.0,1
3184.0,2021-10-25 16:35:00,378.86,378.94,378.8,378.93,71593.0,1,1,0.0,sell,False,0.46766303196874726,1.5550000000000068,9.0,0.004120460537647248,0.15344036244098508,0.11789394242940629,0.19461412364989883,0.0005146041486502524,68.66797355332446,93.84572365088236,82.8636333825627,115.80990418752171,71593.0,1.5550000000000068,2.0,1.5550000000000068,9.0,0.004120460537647248,1.5550000000000068,9.0,0.004120460537647248,1.0,1.0,0.15344036244098508,0.19461412364989883,0.11789394242940629,68.66797355332446,93.84572365088236,82.8636333825627,115.80990418752171,10.859491125294642,27.36731660400321,52.225392259798355,0.018476482077810583,0.03695881731784222,0.009999999999990905,0.060000000000002274,0.06999999999999318,1.0,3185.0,3185.0,2021-10-25,2021-10-25 16:35:00,1.092550075211777,34.0,1.0,best_within_2.0d,3218.0,374.79,0.5832424107187206,4.3760036431226785,32.22527881040892,0.012230020343504162,2.285057100371749,15.890706319702602,0.006381710269403211,0.4929364202292669,5.6011759621451125,36.843533123028394,0.015614239272951093,2.82998018927445,22.52492113564669,0.007835530045022196,1.8630914826498424,0.00402220134195386,1.9444468750000041,16.553125,0.005470102952261012,0.0,1
3185.0,2021-10-25 16:40:00,378.94,378.95,378.79,378.79,71667.0,1,1,0.0,sell,False,0.46766303196891074,1.5649999999999977,10.0,0.004146958676152994,0.1524253702929141,0.13694711371602056,0.2131597988624776,0.0005635760511945959,64.25310498280841,93.50551980312977,86.41092885608505,107.69470169721919,71667.0,1.5649999999999977,2.0,1.5649999999999977,10.0,0.004146958676152994,1.5649999999999977,10.0,0.004146958676152994,1.0,1.0,0.1524253702929141,0.2131597988624776,0.13694711371602056,64.25310498280841,93.50551980312977,86.41092885608505,107.69470169721919,10.874788644655792,27.85440953991154,51.62657222443455,-0.039584103024219476,0.04223976345731623,0.009999999999990905,0.0,0.14999999999997726,0.0,3186.0,3186.0,2021-10-25,2021-10-25 16:40:00,1.0559940864331159,33.0,1.0,best_within_2.0d,3218.0,374.79,0.5832424107187206,4.3760036431226785,32.22527881040892,0.012230020343504162,2.285057100371749,15.890706319702602,0.006381710269403211,0.4929364202292669,5.6011759621451125,36.843533123028394,0.015614239272951093,2.82998018927445,22.52492113564669,0.007835530045022196,1.8630914826498424,0.00402220134195386,1.9444468750000041,16.553125,0.005470102952261012,1.0,1
3218.0,2021-10-25 19:25:00,375.92,375.98,375.9,375.91,2400.0,2,2,1.0,buy,False,0.2077922077922375,4.163492493946733,28.239017640954685,0.011578080659927173,-0.07149624667149024,0.16077001594357837,0.12502189260783325,0.00033264371166526473,54.11631767490078,18.03651349369831,34.17574142578796,-14.241942370480999,2400.0,0.32000000000005,1.0,1.5400000000000205,51.0,0.004110174015159658,0.32000000000005,10.0,0.0008505661580991175,2.0,2.0,-0.07149624667149024,0.12502189260783325,0.16077001594357837,54.11631767490078,18.03651349369831,34.17574142578796,-14.241942370480999,29.545454545462768,31.0606060606041,43.453716344016904,-0.0026601404554136266,0.021282255919138314,0.060000000000002274,0.010000000000047748,0.009999999999990905,0.0,3219.0,3219.0,2021-10-25,2021-10-25 19:25:00,0.4674014075155998,21.0,1.0,best_within_2.0d,3239.0,374.79,0.2077922077922375,1.5400000000000205,51.0,0.004110174015159658,0.32000000000005,10.0,0.0008505661580991175,0.4929364202292669,5.6011759621451125,36.843533123028394,0.015614239272951093,2.82998018927445,22.52492113564669,0.007835530045022196,1.8630914826498424,0.00402220134195386,1.9444468750000041,16.553125,0.005470102952261012,0.0,0
3218.0,2021-10-25 19:25:00,376.58,377.552,375.16,376.55,59598.0,1p,1p,0.0,sell,False,0.3246893976973456,1.6520000000000437,30.0,0.00439478584729993,-0.08090770187090712,0.16392709025430868,0.12347323931885512,0.0003279148079182369,51.24714119412166,44.650393509072785,52.03178329658512,29.88761393404812,59598.0,1.6520000000000437,0.0,1.6520000000000437,30.0,0.00439478584729993,1.6520000000000437,0.0,0.0,1.0,1.0,-0.08090770187090712,0.12347323931885512,0.16392709025430868,51.24714119412166,44.650393509072785,52.03178329658512,29.88761393404812,10.182207931404186,49.30332261522323,38.880918017002216,-0.007966434754892112,0.6375946262927806,0.9720000000000368,1.3899999999999864,0.029999999999972715,0.0,3219.0,3219.0,2021-10-25,2021-10-25 19:25:00,0.4674014075155998,21.0,1.0,best_within_2.0d,3239.0,374.79,0.5832424107187206,4.3760036431226785,32.22527881040892,0.012230020343504162,2.285057100371749,15.890706319702602,0.006381710269403211,0.4929364202292669,5.6011759621451125,36.843533123028394,0.015614239272951093,2.82998018927445,22.52492113564669,0.007835530045022196,1.8630914826498424,0.00402220134195386,1.9444468750000041,16.553125,0.005470102952261012,0.0,1
3218.0,2021-10-25 19:25:00,374.8,374.83,374.68,374.79,66044.0,1,1,1.0,buy,False,2.093056122975467,2.7900000000000205,10.0,0.007391315866161603,-0.5472970780335211,-0.1048142591325539,-0.3784627981493145,-0.0010063512726216333,26.299796996917934,7.232596751326927,16.166395959677395,-10.63500166537401,66044.0,2.7900000000000205,1.0,2.7900000000000205,10.0,0.007391315866161603,2.7900000000000205,10.0,0.007391315866161603,1.0,1.0,-0.5472970780335211,-0.3784627981493145,-0.1048142591325539,26.299796996917934,7.232596751326927,16.166395959677395,-10.63500166537401,32.20970747913467,28.433676363340865,41.96166476390194,-0.00266808964780974,0.04003416248531474,0.029999999999972715,0.11000000000001364,0.009999999999990905,0.0,3219.0,3219.0,2021-10-25,2021-10-25 19:25:00,0.4674014075155998,21.0,1.0,best_within_2.0d,3239.0,374.79,0.5832424107187206,4.3760036431226785,32.22527881040892,0.012230020343504162,2.285057100371749,15.890706319702602,0.006381710269403211,0.4929364202292669,5.6011759621451125,36.843533123028394,0.015614239272951093,2.82998018927445,22.52492113564669,0.007835530045022196,1.8630914826498424,0.00402220134195386,1.9444468750000041,16.553125,0.005470102952261012,0.0,0
3225.0,2021-10-26 04:00:00,379.54,380.36,379.54,380.33,4787.0,1,1,0.0,sell,False,0.7623039847495865,2.430000000000007,34.0,0.0064297621252613095,0.25011213572098046,0.05776108297005428,0.1828171508305445,0.0004827185186052635,88.01481912403301,90.06223222097148,81.63023603821748,106.92622458647946,4787.0,2.430000000000007,2.0,2.430000000000007,34.0,0.0064297621252613095,2.430000000000007,34.0,0.0064297621252613095,1.0,1.0,0.25011213572098046,0.1828171508305445,0.05776108297005428,88.01481912403301,90.06223222097148,81.63023603821748,106.92622458647946,82.42677824268377,6.276150627616675,37.73894602672264,0.20814670390471718,0.21605100911629688,0.03000000000002956,0.0,0.7899999999999636,1.0,3226.0,3226.0,2021-10-26,2021-10-26 04:00:00,1.4566297688849061,14.0,1.0,best_within_2.0d,3239.0,374.79,0.5832424107187206,4.3760036431226785,32.22527881040892,0.012230020343504162,2.285057100371749,15.890706319702602,0.006381710269403211,0.4929364202292669,5.6011759621451125,36.843533123028394,0.015614239272951093,2.82998018927445,22.52492113564669,0.007835530045022196,1.8630914826498424,0.00402220134195386,1.9444468750000041,16.553125,0.005470102952261012,0.0,1
3226.0,2021-10-26 04:05:00,380.36,380.43,380.28,380.43,7175.0,1,1,0.0,sell,False,1.1362925560150534,2.5,35.0,0.006614981610351123,0.3728178832414284,0.10436331837523283,0.290772259995947,0.0007675119007172705,88.55404998962409,93.37482148064765,85.54509785236087,109.03426873722123,7175.0,2.5,2.0,2.5,35.0,0.006614981610351123,2.5,35.0,0.006614981610351123,1.0,1.0,0.3728178832414284,0.290772259995947,0.10436331837523283,88.55404998962409,93.37482148064765,85.54509785236087,109.03426873722123,83.26530612245445,2.4489795918368955,41.778000902364894,0.018403617625405714,0.039444619753874546,0.0,0.08000000000004093,0.06999999999999318,1.0,3227.0,3227.0,2021-10-26,2021-10-26 04:05:00,1.4825329232710318,13.0,1.0,best_within_2.0d,3239.0,374.79,0.5832424107187206,4.3760036431226785,32.22527881040892,0.012230020343504162,2.285057100371749,15.890706319702602,0.006381710269403211,0.4929364202292669,5.6011759621451125,36.843533123028394,0.015614239272951093,2.82998018927445,22.52492113564669,0.007835530045022196,1.8630914826498424,0.00402220134195386,1.9444468750000041,16.553125,0.005470102952261012,0.0,1
3229.0,2021-10-26 04:20:00,380.29,380.54,380.28,380.3,11529.0,1,1,0.0,sell,False,1.2469832203533797,2.6100000000000136,38.0,0.0069060408012066084,0.38043262427941804,0.253213581252938,0.44342989339264705,0.001169557627970585,81.26464385990488,90.4583182099597,89.6803253113675,92.01430400714409,11529.0,2.6100000000000136,2.0,2.6100000000000136,38.0,0.0069060408012066084,2.6100000000000136,38.0,0.0069060408012066084,1.0,1.0,0.38043262427941804,0.44342989339264705,0.253213581252938,81.26464385990488,90.4583182099597,89.6803253113675,92.01430400714409,76.84210526316073,3.859649122805548,51.46307793618579,0.0026295721686057758,0.06837067424004623,0.2400000000000091,0.010000000000047748,0.009999999999990905,1.0,3230.0,3230.0,2021-10-26,2021-10-26 04:20:00,1.4488561661845887,10.0,1.0,best_within_2.0d,3239.0,374.79,0.5832424107187206,4.3760036431226785,32.22527881040892,0.012230020343504162,2.285057100371749,15.890706319702602,0.006381710269403211,0.4929364202292669,5.6011759621451125,36.843533123028394,0.015614239272951093,2.82998018927445,22.52492113564669,0.007835530045022196,1.8630914826498424,0.00402220134195386,1.9444468750000041,16.553125,0.005470102952261012,1.0,1
3239.0,2021-10-26 05:10:00,374.8,374.83,374.68,374.79,66044.0,1p,1p,1.0,buy,False,11.189050178660795,2.7900000000000205,10.0,0.007391315866161603,-0.5426396657552316,-0.11211263301994027,-0.3834324658975561,-0.0010195523791694978,26.047446771069957,7.232596751254836,16.1663959580091,-10.635001662253693,66044.0,2.7900000000000205,0.0,2.7900000000000205,10.0,0.007391315866161603,2.7900000000000205,0.0,0.0,1.0,1.0,-0.5426396657552316,-0.3834324658975561,-0.11211263301994027,26.047446771069957,7.232596751254836,16.1663959580091,-10.635001662253693,32.20970747913467,28.433676363340865,41.4079628814109,-0.00266808964780974,0.04003416248531474,0.029999999999972715,0.11000000000001364,0.009999999999990905,0.0,3240.0,3240.0,2021-10-26,2021-10-26 05:10:00,2.217241655326984,294.0,1.0,best_within_2.0d,3533.0,383.1,0.5832424107187206,4.3760036431226785,32.22527881040892,0.012230020343504162,2.285057100371749,15.890706319702602,0.006381710269403211,0.4929364202292669,5.6011759621451125,36.843533123028394,0.015614239272951093,2.82998018927445,22.52492113564669,0.007835530045022196,1.8630914826498424,0.00402220134195386,1.9444468750000041,16.553125,0.005470102952261012,0.0,0
3261.0,2021-10-26 07:00:00,379.88,379.97,379.87,379.97,9164.0,2,2,0.0,sell,False,0.3522727272727317,4.163492493946733,28.239017640954685,0.011578080659927173,-0.08944108931570319,0.04114748814154946,-0.003573056516302131,-9.4051957351007e-06,54.014309908960236,43.772652750882855,30.682504287184397,69.95294967827977,9164.0,0.3100000000000023,1.0,0.8799999999999955,27.0,0.00231250328480579,0.3100000000000023,7.0,0.0008165200442501244,2.0,2.0,-0.08944108931570319,-0.003573056516302131,0.04114748814154946,54.014309908960236,43.772652750882855,30.682504287184397,69.95294967827977,20.27027027027079,41.21621621621664,34.51677333364897,0.023691692113307315,0.026324795324722337,0.0,0.009999999999990905,0.09000000000003183,1.0,3262.0,3262.0,2021-10-26,2021-10-26 07:00:00,0.055267521120097994,198.0,1.0,best_within_2.0d,3459.0,379.76,0.3522727272727317,0.8799999999999955,27.0,0.00231250328480579,0.3100000000000023,7.0,0.0008165200442501244,0.4929364202292669,5.6011759621451125,36.843533123028394,0.015614239272951093,2.82998018927445,22.52492113564669,0.007835530045022196,1.8630914826498424,0.00402220134195386,1.9444468750000041,16.553125,0.005470102952261012,0.0,1
3262.0,2021-10-26 07:05:00,379.98,380.0,379.95,379.98,2952.0,2,2,0.0,sell,False,0.38636363636360993,4.163492493946733,28.239017640954685,0.011578080659927173,-0.06076998928252027,0.03355123948123443,0.003166244839974297,8.334237595143138e-06,54.51213189486071,60.554317520198055,40.639775364855616,100.38340183088293,2952.0,0.339999999999975,1.0,0.8799999999999955,27.0,0.00231250328480579,0.339999999999975,8.0,0.0008955381130484511,2.0,2.0,-0.06076998928252027,0.003166244839974297,0.03355123948123443,54.51213189486071,60.554317520198055,40.639775364855616,100.38340183088293,21.999999999998103,40.66666666666603,34.17894909857093,0.0,0.013159626266617023,0.01999999999998181,0.03000000000002956,0.0,0.0,3263.0,3263.0,2021-10-26,2021-10-26 07:05:00,0.057897784093906855,197.0,1.0,best_within_2.0d,3459.0,379.76,0.38636363636360993,0.8799999999999955,27.0,0.00231250328480579,0.339999999999975,8.0,0.0008955381130484511,0.4929364202292669,5.6011759621451125,36.843533123028394,0.015614239272951093,2.82998018927445,22.52492113564669,0.007835530045022196,1.8630914826498424,0.00402220134195386,1.9444468750000041,16.553125,0.005470102952261012,0.0,1
3263.0,2021-10-26 07:10:00,379.97,380.1,379.97,380.05,12643.0,2,2,0.0,sell,False,0.5,4.163492493946733,28.239017640954685,0.011578080659927173,-0.03129112353486848,0.02963984903937587,0.01399428727194163,3.6834956062237184e-05,57.944229879979105,69.91499955891904,50.39818342954342,108.94863181767028,12643.0,0.4399999999999977,1.0,0.8799999999999955,27.0,0.00231250328480579,0.4399999999999977,9.0,0.0011589316757098396,2.0,2.0,-0.03129112353486848,0.01399428727194163,0.02963984903937587,57.944229879979105,69.91499955891904,50.39818342954342,108.94863181767028,24.203821656049897,38.853503184713006,33.39704725098193,0.021054293760029496,0.03421322736005354,0.05000000000001137,0.0,0.07999999999998408,1.0,3264.0,3264.0,2021-10-26,2021-10-26 07:10:00,0.07630574924352597,196.0,1.0,best_within_2.0d,3459.0,379.76,0.5,0.8799999999999955,27.0,0.00231250328480579,0.4399999999999977,9.0,0.0011589316757098396,0.4929364202292669,5.6011759621451125,36.843533123028394,0.015614239272951093,2.82998018927445,22.52492113564669,0.007835530045022196,1.8630914826498424,0.00402220134195386,1.9444468750000041,16.553125,0.005470102952261012,0.0,1
3264.0,2021-10-26 07:15:00,380.05,380.11,380.02,380.02,10440.0,2,2,0.0,sell,False,0.5113636363636261,4.163492493946733,28.239017640954685,0.011578080659927173,-0.015543510703728794,0.027696910201409776,0.01992515484954538,5.2444807530354375e-05,55.994313802583086,73.12515122109508,57.97383936006064,103.42777494316397,10440.0,0.44999999999998863,1.0,0.8799999999999955,27.0,0.00231250328480579,0.44999999999998863,10.0,0.0011852710319759485,2.0,2.0,-0.015543510703728794,0.01992515484954538,0.027696910201409776,55.994313802583086,73.12515122109508,57.97383936006064,103.42777494316397,23.270440251571316,38.36477987421256,32.76081501293806,-0.007893698197613356,0.023682964054531824,0.060000000000002274,0.0,0.03000000000002956,0.0,3265.0,3265.0,2021-10-26,2021-10-26 07:15:00,0.06841745171306535,195.0,1.0,best_within_2.0d,3459.0,379.76,0.5113636363636261,0.8799999999999955,27.0,0.00231250328480579,0.44999999999998863,10.0,0.0011852710319759485,0.4929364202292669,5.6011759621451125,36.843533123028394,0.015614239272951093,2.82998018927445,22.52492113564669,0.007835530045022196,1.8630914826498424,0.00402220134195386,1.9444468750000041,16.553125,0.005470102952261012,1.0,1
3273.0,2021-10-26 08:00:00,379.979,380.11,378.213,379.84,42059.0,2,2,0.0,sell,False,0.5113636363636261,4.163492493946733,28.239017640954685,0.011578080659927173,-0.02873785868445903,0.01703222613597118,0.002663296793741665,7.009828481879823e-06,43.23904605473125,58.68253198063073,55.40234512472422,65.24290569244374,42059.0,0.44999999999998863,1.0,0.8799999999999955,27.0,0.00231250328480579,0.44999999999998863,19.0,0.0011852710319759485,2.0,2.0,-0.02873785868445903,0.002663296793741665,0.01703222613597118,43.23904605473125,58.68253198063073,55.40234512472422,65.24290569244374,12.637179913534673,64.74891918855879,30.19512607414909,-0.03658096894828662,0.5015692215761994,0.13100000000002865,1.6269999999999527,0.13900000000001,0.0,3274.0,3274.0,2021-10-26,2021-10-26 08:00:00,0.02106149957876582,186.0,1.0,best_within_2.0d,3459.0,379.76,0.5113636363636261,0.8799999999999955,27.0,0.00231250328480579,0.44999999999998863,19.0,0.0011852710319759485,0.4929364202292669,5.6011759621451125,36.843533123028394,0.015614239272951093,2.82998018927445,22.52492113564669,0.007835530045022196,1.8630914826498424,0.00402220134195386,1.9444468750000041,16.553125,0.005470102952261012,0.0,1
3276.0,2021-10-26 08:15:00,380.05,380.18,380.05,380.13,20991.0,2,2,0.0,sell,False,0.5909090909090733,4.163492493946733,28.239017640954685,0.011578080659927173,0.015786189192643674,0.014720469620973042,0.02261356421729488,5.951599856073237e-05,60.80533363530741,84.64568868633883,72.23073279017645,109.47560047866361,20991.0,0.5199999999999818,1.0,0.8799999999999955,27.0,0.00231250328480579,0.5199999999999818,22.0,0.0013696465258388605,2.0,2.0,0.015786189192643674,0.02261356421729488,0.014720469620973042,60.80533363530741,84.64568868633883,72.23073279017645,109.47560047866361,15.03038055644261,60.345378957465954,36.92486126455642,0.021049861860277352,0.034206025522956304,0.05000000000001137,0.0,0.07999999999998408,1.0,3277.0,3277.0,2021-10-26,2021-10-26 08:15:00,0.09733512219503974,183.0,1.0,best_within_2.0d,3459.0,379.76,0.5909090909090733,0.8799999999999955,27.0,0.00231250328480579,0.5199999999999818,22.0,0.0013696465258388605,0.4929364202292669,5.6011759621451125,36.843533123028394,0.015614239272951093,2.82998018927445,22.52492113564669,0.007835530045022196,1.8630914826498424,0.00402220134195386,1.9444468750000041,16.553125,0.005470102952261012,1.0,1
3290.0,2021-10-26 09:25:00,380.04,380.25,380.03,380.21,360478.0,2,2,0.0,sell,False,0.6704545454545205,4.163492493946733,28.239017640954685,0.011578080659927173,0.03328040807719885,0.014374247236271256,0.03101445127487068,8.162071938077627e-05,61.192414612323745,68.0032449828164,63.42454235764562,77.16065023315795,360478.0,0.589999999999975,1.0,0.8799999999999955,27.0,0.00231250328480579,0.589999999999975,36.0,0.0015540220197017725,2.0,2.0,0.03328040807719885,0.03101445127487068,0.014374247236271256,61.192414612323745,68.0032449828164,63.42454235764562,77.16065023315795,30.102040816321512,25.000000000002174,39.67166676574544,0.044732133459625054,0.05789016656580462,0.040000000000020464,0.010000000000047748,0.16999999999995907,1.0,3291.0,3291.0,2021-10-26,2021-10-26 09:25:00,0.5983535414639218,372.0,1.0,best_within_2.0d,3662.0,377.935,0.6704545454545205,0.8799999999999955,27.0,0.00231250328480579,0.589999999999975,36.0,0.0015540220197017725,0.4929364202292669,5.6011759621451125,36.843533123028394,0.015614239272951093,2.82998018927445,22.52492113564669,0.007835530045022196,1.8630914826498424,0.00402220134195386,1.9444468750000041,16.553125,0.005470102952261012,0.0,1
3291.0,2021-10-26 09:30:00,380.22,381.08,379.7905,380.91,1614453.0,1p,1p,0.0,sell,False,0.33573698029708066,1.419999999999959,37.0,0.0037401885897907577,0.13736195726842956,0.03154449189482496,0.10022547052903974,0.0002637156540654441,76.93894442990774,74.27436184843926,67.04114885457683,88.74078783616412,1614453.0,1.419999999999959,0.0,1.419999999999959,37.0,0.0037401885897907577,1.419999999999959,0.0,0.0,1.0,1.0,0.13736195726842956,0.10022547052903974,0.03154449189482496,76.93894442990774,74.27436184843926,67.04114885457683,88.74078783616412,47.6590031884515,10.0688034905194,41.48913907317528,0.18147388354110716,0.3395292931234392,0.16999999999995907,0.42950000000001864,0.6899999999999977,1.0,3292.0,3292.0,2021-10-26,2021-10-26 09:30:00,0.7810243889632781,371.0,1.0,best_within_2.0d,3662.0,377.935,0.5832424107187206,4.3760036431226785,32.22527881040892,0.012230020343504162,2.285057100371749,15.890706319702602,0.006381710269403211,0.4929364202292669,5.6011759621451125,36.843533123028394,0.015614239272951093,2.82998018927445,22.52492113564669,0.007835530045022196,1.8630914826498424,0.00402220134195386,1.9444468750000041,16.553125,0.005470102952261012,0.0,1
3292.0,2021-10-26 09:35:00,380.8901,381.48,380.44,381.45,1578236.0,1p,1p,0.0,sell,False,0.6446405777291526,1.8199999999999932,38.0,0.004793762840436162,0.2637454218274494,0.06451266962325614,0.19638538053698085,0.0005165930749118828,82.75283005786906,82.25768347358652,72.11332706091339,102.54639629893279,1578236.0,1.8199999999999932,0.0,1.8199999999999932,38.0,0.004793762840436162,1.8199999999999932,0.0,0.0,1.0,1.0,0.2637454218274494,0.19638538053698085,0.06451266962325614,82.75283005786906,82.25768347358652,72.11332706091339,102.54639629893279,47.52578665621975,4.1780911346136556,44.5140851278328,0.14699778229992602,0.27336767952897184,0.03000000000002956,0.4501000000000204,0.5598999999999705,1.0,3293.0,3293.0,2021-10-26,2021-10-26 09:35:00,0.9214838117708707,370.0,1.0,best_within_2.0d,3662.0,377.935,0.5832424107187206,4.3760036431226785,32.22527881040892,0.012230020343504162,2.285057100371749,15.890706319702602,0.006381710269403211,0.4929364202292669,5.6011759621451125,36.843533123028394,0.015614239272951093,2.82998018927445,22.52492113564669,0.007835530045022196,1.8630914826498424,0.00402220134195386,1.9444468750000041,16.553125,0.005470102952261012,0.0,1
3293.0,2021-10-26 09:40:00,381.44,381.68,381.17,381.41,1077992.0,1p,1p,0.0,sell,False,0.7891086246430836,2.019999999999982,39.0,0.005320549965758789,0.32285244563306453,0.10486922532738921,0.2662954481439215,0.0007003207096820618,81.12138087287383,83.40862412396316,75.87842608192997,98.46902020802955,1077992.0,2.019999999999982,0.0,2.019999999999982,39.0,0.005320549965758789,2.019999999999982,0.0,0.0,1.0,1.0,0.32285244563306453,0.2662954481439215,0.10486922532738921,81.12138087287383,83.40862412396316,75.87842608192997,98.46902020802955,45.02903187581358,3.791918473753474,47.36779471994995,-0.007864932885898887,0.13379856756827424,0.2400000000000091,0.2400000000000091,0.029999999999972715,0.0,3294.0,3294.0,2021-10-26,2021-10-26 09:40:00,0.911093049474325,369.0,1.0,best_within_2.0d,3662.0,377.935,0.5832424107187206,4.3760036431226785,32.22527881040892,0.012230020343504162,2.285057100371749,15.890706319702602,0.006381710269403211,0.4929364202292669,5.6011759621451125,36.843533123028394,0.015614239272951093,2.82998018927445,22.52492113564669,0.007835530045022196,1.8630914826498424,0.00402220134195386,1.9444468750000041,16.553125,0.005470102952261012,0.0,1
3297.0,2021-10-26 10:00:00,381.24,381.81,381.11,381.4099,522260.0,1p,1p,0.0,sell,False,0.7891086246430836,2.1499999999999773,43.0,0.005662961597218504,0.24161189405752975,0.23704878035375168,0.35785472738251656,0.0009404749713687524,73.31439499167107,77.10334933472899,76.38057702351045,78.54889395716606,522260.0,2.1499999999999773,0.0,2.1499999999999773,43.0,0.005662961597218504,2.1499999999999773,0.0,0.0,1.0,1.0,0.24161189405752975,0.35785472738251656,0.23704878035375168,73.31439499167107,77.10334933472899,76.38057702351045,78.54889395716606,38.10402953925198,6.566061968214052,52.41707567188539,0.044565103346968886,0.18367400488047772,0.400100000000009,0.12999999999999545,0.16989999999998417,1.0,3298.0,3298.0,2021-10-26,2021-10-26 10:00:00,0.9110670698374613,365.0,1.0,best_within_2.0d,3662.0,377.935,0.5832424107187206,4.3760036431226785,32.22527881040892,0.012230020343504162,2.285057100371749,15.890706319702602,0.006381710269403211,0.4929364202292669,5.6011759621451125,36.843533123028394,0.015614239272951093,2.82998018927445,22.52492113564669,0.007835530045022196,1.8630914826498424,0.00402220134195386,1.9444468750000041,16.553125,0.005470102952261012,0.0,1
3298.0,2021-10-26 10:05:00,381.42,381.88,381.37,381.57,394148.0,1p,1p,0.0,sell,False,0.7891086246430836,2.2199999999999704,44.0,0.005847337091081416,0.2412290381412182,0.26720241012140394,0.38781692919201305,0.001019006963741167,75.31377652595177,79.79020449387126,77.51711951363072,84.33637445435232,394148.0,2.2199999999999704,0.0,2.2199999999999704,44.0,0.005847337091081416,2.2199999999999704,0.0,0.0,1.0,1.0,0.2412290381412182,0.38781692919201305,0.26720241012140394,75.31377652595177,79.79020449387126,77.51711951363072,84.33637445435232,37.14090287277719,5.608755129959479,53.94157026675058,0.0393267264432849,0.13372840024123317,0.3100000000000023,0.05000000000001137,0.14999999999997726,1.0,3299.0,3299.0,2021-10-26,2021-10-26 10:05:00,0.9526430274916767,364.0,1.0,best_within_2.0d,3662.0,377.935,0.5832424107187206,4.3760036431226785,32.22527881040892,0.012230020343504162,2.285057100371749,15.890706319702602,0.006381710269403211,0.4929364202292669,5.6011759621451125,36.843533123028394,0.015614239272951093,2.82998018927445,22.52492113564669,0.007835530045022196,1.8630914826498424,0.00402220134195386,1.9444468750000041,16.553125,0.005470102952261012,0.0,1
3299.0,2021-10-26 10:10:00,381.55,382.11,381.55,382.08,425566.0,1p,1p,0.0,sell,False,0.7891086246430836,2.4499999999999886,45.0,0.006453142285202519,0.28856539703537387,0.3032730847508257,0.44755578326851264,0.0011756310795669313,80.36145292472735,86.0956755977676,80.376638208343,97.53375037661681,425566.0,2.4499999999999886,0.0,2.4499999999999886,45.0,0.006453142285202519,2.4499999999999886,0.0,0.0,1.0,1.0,0.28856539703537387,0.44755578326851264,0.3032730847508257,80.36145292472735,86.0956755977676,80.376638208343,97.53375037661681,35.83129760023077,5.302485989366734,55.38991100565071,0.13890708950333447,0.14676975494692762,0.03000000000002956,0.0,0.5299999999999727,1.0,3300.0,3300.0,2021-10-26,2021-10-26 10:10:00,1.0848513400334963,363.0,1.0,best_within_2.0d,3662.0,377.935,0.5832424107187206,4.3760036431226785,32.22527881040892,0.012230020343504162,2.285057100371749,15.890706319702602,0.006381710269403211,0.4929364202292669,5.6011759621451125,36.843533123028394,0.015614239272951093,2.82998018927445,22.52492113564669,0.007835530045022196,1.8630914826498424,0.00402220134195386,1.9444468750000041,16.553125,0.005470102952261012,0.0,1
3300.0,2021-10-26 10:15:00,382.1,382.5686,382.07,382.45,604150.0,1p,1p,0.0,sell,False,0.8427600148196955,2.9085999999999785,46.0,0.007661065163567345,0.34480314036532334,0.34637347729649115,0.5187750474791528,0.0013622430710961725,83.06663418780366,88.87320463447253,83.20882701705284,100.2019598693119,604150.0,2.9085999999999785,0.0,2.9085999999999785,46.0,0.007661065163567345,2.9085999999999785,0.0,0.0,1.0,1.0,0.34480314036532334,0.5187750474791528,0.34637347729649115,83.06663418780366,88.87320463447253,83.20882701705284,100.2019598693119,40.453025652269716,5.056456917343082,56.9890921409701,0.09159905783825331,0.13049964666160924,0.11860000000001492,0.03000000000002956,0.3499999999999659,1.0,3301.0,3301.0,2021-10-26,2021-10-26 10:15:00,1.1805464766636127,362.0,1.0,best_within_2.0d,3662.0,377.935,0.5832424107187206,4.3760036431226785,32.22527881040892,0.012230020343504162,2.285057100371749,15.890706319702602,0.006381710269403211,0.4929364202292669,5.6011759621451125,36.843533123028394,0.015614239272951093,2.82998018927445,22.52492113564669,0.007835530045022196,1.8630914826498424,0.00402220134195386,1.9444468750000041,16.553125,0.005470102952261012,0.0,1
3301.0,2021-10-26 10:20:00,382.45,382.67,382.34,382.47,336153.0,1p,1p,0.0,sell,False,0.8755380028812118,3.009999999999991,47.0,0.007928146236105965,0.35821378280168814,0.39115020014670215,0.5702570915475462,0.0014969497170207408,83.20133639282979,88.91913275997821,85.11226226469464,96.53287375054538,336153.0,3.009999999999991,0.0,3.009999999999991,47.0,0.007928146236105965,3.009999999999991,0.0,0.0,1.0,1.0,0.35821378280168814,0.5702570915475462,0.39115020014670215,83.20133639282979,88.91913275997821,85.11226226469464,96.53287375054538,40.51024198683989,4.364784546805453,58.67179504104756,0.005229441757102537,0.08631061359000915,0.19999999999998863,0.11000000000001364,0.020000000000038654,1.0,3302.0,3302.0,2021-10-26,2021-10-26 10:20:00,1.1857139122022706,361.0,1.0,best_within_2.0d,3662.0,377.935,0.5832424107187206,4.3760036431226785,32.22527881040892,0.012230020343504162,2.285057100371749,15.890706319702602,0.006381710269403211,0.4929364202292669,5.6011759621451125,36.843533123028394,0.015614239272951093,2.82998018927445,22.52492113564669,0.007835530045022196,1.8630914826498424,0.00402220134195386,1.9444468750000041,16.553125,0.005470102952261012,1.0,1
3307.0,2021-10-26 10:50:00,382.45,382.71,382.435,382.59,356433.0,1p,1p,0.0,sell,False,0.8755380028812285,3.0499999999999545,53.0,0.0080335036611704,0.10852554475758813,0.5428063460687131,0.5970691184475072,0.0015651440996346903,73.83521175993101,83.67902526086071,82.70563544340143,85.62580489577925,356433.0,3.0499999999999545,0.0,3.0499999999999545,53.0,0.0080335036611704,3.0499999999999545,0.0,0.0,1.0,1.0,0.10852554475758813,0.5970691184475072,0.5428063460687131,73.83521175993101,83.67902526086071,82.70563544340143,85.62580489577925,24.334492475567714,10.902931830445281,57.21755243346988,0.03660609229964345,0.07190764443630349,0.12000000000000455,0.014999999999986358,0.13999999999998636,1.0,3308.0,3308.0,2021-10-26,2021-10-26 10:50:00,1.2167071800099252,355.0,1.0,best_within_2.0d,3662.0,377.935,0.5832424107187206,4.3760036431226785,32.22527881040892,0.012230020343504162,2.285057100371749,15.890706319702602,0.006381710269403211,0.4929364202292669,5.6011759621451125,36.843533123028394,0.015614239272951093,2.82998018927445,22.52492113564669,0.007835530045022196,1.8630914826498424,0.00402220134195386,1.9444468750000041,16.553125,0.005470102952261012,1.0,1
3339.0,2021-10-26 13:30:00,378.88,379.7,378.82,379.69,401705.0,2,2,0.0,sell,False,0.3735691987513035,4.163492493946733,28.239017640954685,0.011578080659927173,0.16897366898845934,-0.5501322097481575,-0.4656453752539278,-0.0012265993785216588,50.41958102390119,69.46801080789393,52.16636482896668,104.07130276574844,401705.0,1.795000000000016,1.0,4.805000000000007,25.0,0.012555198453136858,1.795000000000016,9.0,0.00474987099932527,2.0,2.0,0.16897366898845934,-0.4656453752539278,-0.5501322097481575,50.41958102390119,69.46801080789393,52.16636482896668,104.07130276574844,14.591522304852933,31.195217822105498,51.51480700039605,0.21378800675675735,0.23230030093447954,0.009999999999990905,0.060000000000002274,0.8100000000000023,1.0,3340.0,3340.0,2021-10-26,2021-10-26 13:30:00,0.46221917880375973,323.0,1.0,best_within_2.0d,3662.0,377.935,0.3735691987513035,4.805000000000007,25.0,0.012555198453136858,1.795000000000016,9.0,0.00474987099932527,0.4929364202292669,5.6011759621451125,36.843533123028394,0.015614239272951093,2.82998018927445,22.52492113564669,0.007835530045022196,1.8630914826498424,0.00402220134195386,1.9444468750000041,16.553125,0.005470102952261012,0.0,1
3340.0,2021-10-26 13:35:00,379.69,379.9,379.66,379.77,315037.0,2,2,0.0,sell,False,0.4151925078043708,4.163492493946733,28.239017640954685,0.011578080659927173,0.26855763053493065,-0.5165625059312912,-0.38228369066382584,-0.0010069798084867182,51.271910634747286,77.4344561848545,60.589061947595944,111.1252446593716,315037.0,1.9950000000000045,1.0,4.805000000000007,25.0,0.012555198453136858,1.9950000000000045,10.0,0.005279104536854513,2.0,2.0,0.26855763053493065,-0.38228369066382584,-0.5165625059312912,51.271910634747286,77.4344561848545,60.589061947595944,111.1252446593716,17.423719609462502,28.905657815841142,49.60541204148486,0.021069820116406564,0.06321445503870628,0.12999999999999545,0.029999999999972715,0.07999999999998408,1.0,3341.0,3341.0,2021-10-26,2021-10-26 13:35:00,0.48318719224793416,322.0,1.0,best_within_2.0d,3662.0,377.935,0.4151925078043708,4.805000000000007,25.0,0.012555198453136858,1.9950000000000045,10.0,0.005279104536854513,0.4929364202292669,5.6011759621451125,36.843533123028394,0.015614239272951093,2.82998018927445,22.52492113564669,0.007835530045022196,1.8630914826498424,0.00402220134195386,1.9444468750000041,16.553125,0.005470102952261012,1.0,1
3357.0,2021-10-26 15:00:00,379.7162,379.93,379.41,379.83,398064.0,2,2,0.0,sell,False,0.4214360041623374,4.163492493946733,28.239017640954685,0.011578080659927173,0.1554080008198691,-0.09356982307724285,-0.015865822667308294,-4.180501632923777e-05,54.265434886262234,68.31703873012782,59.34862795586422,86.25386027865503,398064.0,2.025000000000034,1.0,4.805000000000007,25.0,0.012555198453136858,2.025000000000034,27.0,0.005358489567483982,2.0,2.0,0.1554080008198691,-0.015865822667308294,-0.09356982307724285,54.265434886262234,68.31703873012782,59.34862795586422,86.25386027865503,20.637931034483543,18.879310344828816,24.569549626184713,0.02996975109304508,0.13705490103054263,0.10000000000002274,0.3061999999999898,0.11379999999996926,1.0,3358.0,3358.0,2021-10-26,2021-10-26 15:00:00,0.49890740594476,305.0,1.0,best_within_2.0d,3662.0,377.935,0.4214360041623374,4.805000000000007,25.0,0.012555198453136858,2.025000000000034,27.0,0.005358489567483982,0.4929364202292669,5.6011759621451125,36.843533123028394,0.015614239272951093,2.82998018927445,22.52492113564669,0.007835530045022196,1.8630914826498424,0.00402220134195386,1.9444468750000041,16.553125,0.005470102952261012,1.0,1
3366.0,2021-10-26 15:45:00,379.84,380.12,379.73,379.74,511539.0,2,2,0.0,sell,False,0.4609781477627531,4.163492493946733,28.239017640954685,0.011578080659927173,0.07777397895506794,-0.006967111741063542,0.031919877736470426,8.409701201134226e-05,53.24992334209423,62.12676044057726,58.61872958313824,69.1428221554553,511539.0,2.215000000000032,1.0,4.805000000000007,25.0,0.012555198453136858,2.215000000000032,36.0,0.005861261428136786,2.0,2.0,0.07777397895506794,0.031919877736470426,-0.006967111741063542,53.24992334209423,62.12676044057726,58.61872958313824,69.1428221554553,17.544180266452706,16.995924633125536,18.488982552681318,-0.02632687447345353,0.10270455323518983,0.28000000000002956,0.009999999999990905,0.0999999999999659,0.0,3367.0,3367.0,2021-10-26,2021-10-26 15:45:00,0.47532522252067383,296.0,1.0,best_within_2.0d,3662.0,377.935,0.4609781477627531,4.805000000000007,25.0,0.012555198453136858,2.215000000000032,36.0,0.005861261428136786,0.4929364202292669,5.6011759621451125,36.843533123028394,0.015614239272951093,2.82998018927445,22.52492113564669,0.007835530045022196,1.8630914826498424,0.00402220134195386,1.9444468750000041,16.553125,0.005470102952261012,1.0,1
3457.0,2021-10-27 07:20:00,378.6,378.7,378.6,378.69,2950.0,2s,2s,0.0,sell,False,0.1654526534859552,4.163492493946733,28.239017640954685,0.011578080659927173,0.08820015800836184,-0.1462103783319432,-0.10211029932776228,-0.00026966362754203083,50.64989395912198,74.89344124244158,62.03258171318652,100.61516030095171,2950.0,0.6100000000000136,1.0,4.805000000000007,25.0,0.012555198453136858,0.6100000000000136,7.0,0.0016133724774524945,1.0,2.5,0.08820015800836184,-0.10211029932776228,-0.1462103783319432,50.64989395912198,74.89344124244158,62.03258171318652,100.61516030095171,25.187969924810254,37.969924812031515,27.959942344199543,0.02377179080823428,0.02641310089803642,0.009999999999990905,0.0,0.08999999999997499,1.0,3458.0,3458.0,2021-10-27,2021-10-27 07:20:00,0.1993715176001467,205.0,1.0,best_within_2.0d,3662.0,377.935,0.5832424107187206,4.3760036431226785,32.22527881040892,0.012230020343504162,2.285057100371749,15.890706319702602,0.006381710269403211,0.1654526534859552,4.805000000000007,25.0,0.012555198453136858,0.6100000000000136,7.0,0.0016133724774524945,1.0,0.00402220134195386,1.9444468750000041,16.553125,0.005470102952261012,0.0,1
3458.0,2021-10-27 07:25:00,378.65,378.76,378.6,378.6,16996.0,2s,2s,0.0,sell,False,0.17793964620187658,4.163492493946733,28.239017640954685,0.011578080659927173,0.08828764752925006,-0.13517442239078695,-0.09103059862616192,-0.00024040591689757307,48.24402270874669,75.30209515665436,66.45575286100913,92.99477974794482,16996.0,0.6700000000000159,1.0,4.805000000000007,25.0,0.012555198453136858,0.6700000000000159,8.0,0.00177206485228389,1.0,2.5,0.08828764752925006,-0.09103059862616192,-0.13517442239078695,48.24402270874669,75.30209515665436,66.45575286100913,92.99477974794482,28.740157480313204,34.25196850393915,26.587803605328585,-0.01320480654957204,0.04226096143686428,0.11000000000001364,0.0,0.049999999999954525,0.0,3459.0,3459.0,2021-10-27,2021-10-27 07:25:00,0.1756471209720075,204.0,1.0,best_within_2.0d,3662.0,377.935,0.5832424107187206,4.3760036431226785,32.22527881040892,0.012230020343504162,2.285057100371749,15.890706319702602,0.006381710269403211,0.17793964620187658,4.805000000000007,25.0,0.012555198453136858,0.6700000000000159,8.0,0.00177206485228389,1.0,0.00402220134195386,1.9444468750000041,16.553125,0.005470102952261012,0.0,1
3459.0,2021-10-27 07:30:00,379.68,379.79,379.66,379.76,1800.0,3a,3a,1.0,buy,False,0.0013111193515918964,4.163492493946733,28.239017640954685,0.011578080659927173,-0.1875824801717837,0.15352342555863158,0.05973218547273973,0.00015721188830231553,42.23986102315377,22.670208911863636,36.192117505438546,-4.373608275286188,1800.0,0.8799999999999955,2.0,0.8799999999999955,27.0,0.00231250328480579,0.8799999999999955,27.0,0.00231250328480579,3.0,3.0,-0.1875824801717837,0.05973218547273973,0.15352342555863158,42.23986102315377,22.670208911863636,36.192117505438546,-4.373608275286188,17.99999999999568,48.66666666666594,30.248698354672808,0.021070375052671744,0.03424116314597151,0.03000000000002956,0.01999999999998181,0.07999999999998408,1.0,3460.0,3460.0,2021-10-27,2021-10-27 07:30:00,0.1991079751458371,203.0,1.0,best_within_2.0d,3662.0,377.935,0.5832424107187206,4.3760036431226785,32.22527881040892,0.012230020343504162,2.285057100371749,15.890706319702602,0.006381710269403211,0.4929364202292669,5.6011759621451125,36.843533123028394,0.015614239272951093,2.82998018927445,22.52492113564669,0.007835530045022196,1.8630914826498424,0.0013111193515918964,0.8799999999999955,27.0,0.00231250328480579,0.0,0
3459.0,2021-10-27 07:30:00,378.66,378.771,378.6,378.689,25999.0,2s,2s,0.0,sell,False,0.18022892819980044,4.163492493946733,28.239017640954685,0.011578080659927173,0.09753856286644766,-0.12298210203248099,-0.07421282059925716,-0.0001959899020173091,50.73606343173764,79.52102476914555,70.8108434970546,96.94138731332745,25999.0,0.68100000000004,1.0,4.805000000000007,25.0,0.012555198453136858,0.68100000000004,9.0,0.0018011584543363751,1.0,2.5,0.09753856286644766,-0.07421282059925716,-0.12298210203248099,50.73606343173764,79.52102476914555,70.8108434970546,96.94138731332745,30.356411306841185,31.544448996314905,24.82576468845016,0.007658585538476829,0.045166402535655646,0.08199999999999363,0.060000000000002274,0.028999999999996362,1.0,3460.0,3460.0,2021-10-27,2021-10-27 07:30:00,0.1991079751458371,203.0,1.0,best_within_2.0d,3662.0,377.935,0.5832424107187206,4.3760036431226785,32.22527881040892,0.012230020343504162,2.285057100371749,15.890706319702602,0.006381710269403211,0.18022892819980044,4.805000000000007,25.0,0.012555198453136858,0.68100000000004,9.0,0.0018011584543363751,1.0,0.00402220134195386,1.9444468750000041,16.553125,0.005470102952261012,0.0,1
3460.0,2021-10-27 07:35:00,378.72,378.78,378.6,378.6,15524.0,2s,2s,0.0,sell,False,0.18210197710717976,4.163492493946733,28.239017640954685,0.011578080659927173,0.08910658927777665,-0.11184377837275891,-0.06729048373387059,-0.0001777105435905064,48.23490757379771,75.43825893700826,72.35331531037248,81.60814619027983,15524.0,0.6899999999999977,1.0,4.805000000000007,25.0,0.012555198453136858,0.6899999999999977,10.0,0.0018249623105609718,1.0,2.5,0.08910658927777665,-0.06729048373387059,-0.11184377837275891,48.23490757379771,75.43825893700826,72.35331531037248,81.60814619027983,30.108390204735635,30.911280610199142,23.14648074453876,-0.03168567807351197,0.04754358161646856,0.05999999999994543,0.0,0.12000000000000455,0.0,3461.0,3461.0,2021-10-27,2021-10-27 07:35:00,0.1756471209720075,202.0,1.0,best_within_2.0d,3662.0,377.935,0.5832424107187206,4.3760036431226785,32.22527881040892,0.012230020343504162,2.285057100371749,15.890706319702602,0.006381710269403211,0.18210197710717976,4.805000000000007,25.0,0.012555198453136858,0.6899999999999977,10.0,0.0018249623105609718,1.0,0.00402220134195386,1.9444468750000041,16.553125,0.005470102952261012,1.0,1
3468.0,2021-10-27 08:15:00,378.67,378.8,378.62,378.66,45373.0,2s,2s,0.0,sell,False,0.18626430801249477,4.163492493946733,28.239017640954685,0.011578080659927173,0.052960981324954415,-0.0793774095088065,-0.0528969188463293,-0.00013972480218383675,52.44134605138651,22.9028369104087,28.122891758539726,12.462727214146646,45373.0,0.7100000000000364,1.0,4.805000000000007,25.0,0.012555198453136858,0.7100000000000364,18.0,0.0018778597688382038,1.0,2.5,0.052960981324954415,-0.0528969188463293,-0.0793774095088065,52.44134605138651,22.9028369104087,28.122891758539726,12.462727214146646,44.100669591321115,13.160932809975082,30.885185045985107,-0.0026408218237491494,0.04754107020231547,0.12999999999999545,0.040000000000020464,0.009999999999990905,0.0,3469.0,3469.0,2021-10-27,2021-10-27 08:15:00,0.19146463846195075,194.0,1.0,best_within_2.0d,3662.0,377.935,0.5832424107187206,4.3760036431226785,32.22527881040892,0.012230020343504162,2.285057100371749,15.890706319702602,0.006381710269403211,0.18626430801249477,4.805000000000007,25.0,0.012555198453136858,0.7100000000000364,18.0,0.0018778597688382038,1.0,0.00402220134195386,1.9444468750000041,16.553125,0.005470102952261012,0.0,1
3469.0,2021-10-27 08:20:00,378.66,378.9,378.65,378.78,56476.0,2s,2s,0.0,sell,False,0.2070759625390225,4.163492493946733,28.239017640954685,0.011578080659927173,0.0810050226444873,-0.0692517816782456,-0.028749270356001944,-7.593690648829191e-05,55.888068378302066,25.935224606938093,27.393669374672513,23.018335071469252,56476.0,0.8100000000000023,1.0,4.805000000000007,25.0,0.012555198453136858,0.8100000000000023,19.0,0.0021423470602237623,1.0,2.5,0.0810050226444873,-0.028749270356001944,-0.0692517816782456,55.888068378302066,25.935224606938093,27.393669374672513,23.018335071469252,45.87993608765309,10.95640264779822,33.068084909309654,0.031690698779894284,0.06602403274792025,0.12000000000000455,0.010000000000047748,0.1199999999999477,1.0,3470.0,3470.0,2021-10-27,2021-10-27 08:20:00,0.22308464016050755,193.0,1.0,best_within_2.0d,3662.0,377.935,0.5832424107187206,4.3760036431226785,32.22527881040892,0.012230020343504162,2.285057100371749,15.890706319702602,0.006381710269403211,0.2070759625390225,4.805000000000007,25.0,0.012555198453136858,0.8100000000000023,19.0,0.0021423470602237623,1.0,0.00402220134195386,1.9444468750000041,16.553125,0.005470102952261012,0.0,1
3470.0,2021-10-27 08:25:00,378.84,379.12,378.77,379.01,58467.0,2s,2s,0.0,sell,False,0.2528616024974048,4.163492493946733,28.239017640954685,0.011578080659927173,0.12495490320397729,-0.053632418777748436,0.008845032824240207,2.3360933366158898e-05,61.62818088843686,32.33776878557708,29.0417025116407,38.92990133344985,58467.0,1.0300000000000296,1.0,4.805000000000007,25.0,0.012555198453136858,1.0300000000000296,20.0,0.0027242191012722622,1.0,2.5,0.12495490320397729,0.008845032824240207,-0.053632418777748436,61.62818088843686,32.33776878557708,29.0417025116407,38.92990133344985,49.32537049325643,8.847600088475915,35.6762037764612,0.044873825361634444,0.09240436148586814,0.11000000000001364,0.06999999999999318,0.17000000000001592,1.0,3471.0,3471.0,2021-10-27,2021-10-27 08:25:00,0.2836336772116801,192.0,1.0,best_within_2.0d,3662.0,377.935,0.5832424107187206,4.3760036431226785,32.22527881040892,0.012230020343504162,2.285057100371749,15.890706319702602,0.006381710269403211,0.2528616024974048,4.805000000000007,25.0,0.012555198453136858,1.0300000000000296,20.0,0.0027242191012722622,1.0,0.00402220134195386,1.9444468750000041,16.553125,0.005470102952261012,0.0,1
3471.0,2021-10-27 08:30:00,379.01,379.54,379.01,379.41,97756.0,2s,2s,0.0,sell,False,0.3402705515088544,4.163492493946733,28.239017640954685,0.011578080659927173,0.19798353848684025,-0.028884476466893405,0.07010729277652672,0.0001851344516204431,69.14740273220194,44.22517919038468,34.102861404555355,64.46981476204334,97756.0,1.4500000000000455,1.0,4.805000000000007,25.0,0.012555198453136858,1.4500000000000455,21.0,0.0038350657250920297,1.0,2.5,0.19798353848684025,0.07010729277652672,-0.028884476466893405,69.14740273220194,44.22517919038468,34.102861404555355,64.46981476204334,51.504746515858315,8.07917592405553,38.33371464472864,0.1055381124508678,0.13983799899739574,0.12999999999999545,0.0,0.4000000000000341,1.0,3472.0,3472.0,2021-10-27,2021-10-27 08:30:00,0.3887614981155011,191.0,1.0,best_within_2.0d,3662.0,377.935,0.5832424107187206,4.3760036431226785,32.22527881040892,0.012230020343504162,2.285057100371749,15.890706319702602,0.006381710269403211,0.3402705515088544,4.805000000000007,25.0,0.012555198453136858,1.4500000000000455,21.0,0.0038350657250920297,1.0,0.00402220134195386,1.9444468750000041,16.553125,0.005470102952261012,0.0,1
3472.0,2021-10-27 08:35:00,379.37,379.651,379.37,379.59,42270.0,2s,2s,0.0,sell,False,0.363371488033306,4.163492493946733,28.239017640954685,0.011578080659927173,0.2568788755338705,0.0032253829748404073,0.13166482074177566,0.00034762961312612004,71.8231784507347,55.578690888826884,41.26147123264586,84.21313020118893,42270.0,1.5610000000000355,1.0,4.805000000000007,25.0,0.012555198453136858,1.5610000000000355,22.0,0.004128646618530074,1.0,2.5,0.2568788755338705,0.13166482074177566,0.0032253829748404073,71.8231784507347,55.578690888826884,41.26147123264586,84.21313020118893,51.28154574132715,7.886435331230008,40.834322117265756,0.057990879616198025,0.07407016896433717,0.06100000000003547,0.0,0.21999999999997044,1.0,3473.0,3473.0,2021-10-27,2021-10-27 08:35:00,0.4359967333175197,190.0,1.0,best_within_2.0d,3662.0,377.935,0.5832424107187206,4.3760036431226785,32.22527881040892,0.012230020343504162,2.285057100371749,15.890706319702602,0.006381710269403211,0.363371488033306,4.805000000000007,25.0,0.012555198453136858,1.5610000000000355,22.0,0.004128646618530074,1.0,0.00402220134195386,1.9444468750000041,16.553125,0.005470102952261012,1.0,1
3478.0,2021-10-27 09:05:00,379.58,379.71,379.51,379.62,37352.0,2s,2s,0.0,sell,False,0.3756503642039551,4.163492493946733,28.239017640954685,0.011578080659927173,0.16967169735581045,0.158077257592161,0.24291310627006624,0.0006409109045192868,67.019675103999,81.86136841647968,72.7257924274191,100.13252039460085,37352.0,1.6200000000000045,1.0,4.805000000000007,25.0,0.012555198453136858,1.6200000000000045,28.0,0.004284694120447525,1.0,2.5,0.16967169735581045,0.24291310627006624,0.158077257592161,67.019675103999,81.86136841647968,72.7257924274191,100.13252039460085,56.608678264348875,2.799440111977345,53.40015922240569,0.010537963011755221,0.05269953360912457,0.08999999999997499,0.06999999999999318,0.040000000000020464,1.0,3479.0,3479.0,2021-10-27,2021-10-27 09:05:00,0.44386491754912866,184.0,1.0,best_within_2.0d,3662.0,377.935,0.5832424107187206,4.3760036431226785,32.22527881040892,0.012230020343504162,2.285057100371749,15.890706319702602,0.006381710269403211,0.3756503642039551,4.805000000000007,25.0,0.012555198453136858,1.6200000000000045,28.0,0.004284694120447525,1.0,0.00402220134195386,1.9444468750000041,16.553125,0.005470102952261012,0.0,1
3479.0,2021-10-27 09:10:00,379.63,379.72,379.57,379.69,23824.0,2s,2s,0.0,sell,False,0.37773152965661855,4.163492493946733,28.239017640954685,0.011578080659927173,0.16244376509090508,0.17838272822852413,0.2596046107739767,0.0006848596746386483,68.24692003776923,86.49912824009311,77.31690436497709,104.86357599032516,23824.0,1.6300000000000523,1.0,4.805000000000007,25.0,0.012555198453136858,1.6300000000000523,29.0,0.004311142849586216,1.0,2.5,0.16244376509090508,0.2596046107739767,0.17838272822852413,68.24692003776923,86.49912824009311,77.31690436497709,104.86357599032516,40.89973537195154,4.116436342251864,55.42238354966615,0.015804862629402915,0.03951840240272785,0.03000000000002956,0.060000000000002274,0.060000000000002274,1.0,3480.0,3480.0,2021-10-27,2021-10-27 09:10:00,0.46221917880375973,183.0,1.0,best_within_2.0d,3662.0,377.935,0.5832424107187206,4.3760036431226785,32.22527881040892,0.012230020343504162,2.285057100371749,15.890706319702602,0.006381710269403211,0.37773152965661855,4.805000000000007,25.0,0.012555198453136858,1.6300000000000523,29.0,0.004311142849586216,1.0,0.00402220134195386,1.9444468750000041,16.553125,0.005470102952261012,0.0,1
3480.0,2021-10-27 09:15:00,379.76,379.83,379.7,379.79,78729.0,2s,2s,0.0,sell,False,0.40062434963579785,4.163492493946733,28.239017640954685,0.011578080659927173,0.15890883678151163,0.1982463328262131,0.2777007512169689,0.0007324947401543784,69.96629977119493,88.70056825201812,81.11145899399077,103.87878676807281,78729.0,1.740000000000009,1.0,4.805000000000007,25.0,0.012555198453136858,1.740000000000009,30.0,0.004602078870110315,1.0,2.5,0.15890883678151163,0.2777007512169689,0.1982463328262131,69.96629977119493,88.70056825201812,81.11145899399077,103.87878676807281,46.170409104891355,4.306367271608272,57.387729967138114,0.007899726142834832,0.03423755596523451,0.03999999999996362,0.060000000000002274,0.03000000000002956,1.0,3481.0,3481.0,2021-10-27,2021-10-27 09:15:00,0.48842781537165747,182.0,1.0,best_within_2.0d,3662.0,377.935,0.5832424107187206,4.3760036431226785,32.22527881040892,0.012230020343504162,2.285057100371749,15.890706319702602,0.006381710269403211,0.40062434963579785,4.805000000000007,25.0,0.012555198453136858,1.740000000000009,30.0,0.004602078870110315,1.0,0.00402220134195386,1.9444468750000041,16.553125,0.005470102952261012,0.0,1
3483.0,2021-10-27 09:30:00,379.58,380.31,379.49,379.6789,1285049.0,2s,2s,0.0,sell,False,0.5005202913631688,4.163492493946733,28.239017640954685,0.011578080659927173,0.06611349523348586,0.23303387395730812,0.26609062157405106,0.0007016730363040536,64.3058548605018,62.374435220771524,73.20128646514165,40.72073273203128,1285049.0,2.2200000000000273,1.0,4.805000000000007,25.0,0.012555198453136858,2.2200000000000273,33.0,0.0058716178687614785,1.0,2.5,0.06611349523348586,0.26609062157405106,0.23303387395730812,64.3058548605018,62.374435220771524,73.20128646514165,40.72073273203128,44.194657498016966,10.314731552498808,58.37925944013613,0.02605511354655531,0.21607947508498065,0.6311000000000035,0.08999999999997499,0.09890000000001464,1.0,3484.0,3484.0,2021-10-27,2021-10-27 09:30:00,0.45930916887928097,179.0,1.0,best_within_2.0d,3662.0,377.935,0.5832424107187206,4.3760036431226785,32.22527881040892,0.012230020343504162,2.285057100371749,15.890706319702602,0.006381710269403211,0.5005202913631688,4.805000000000007,25.0,0.012555198453136858,2.2200000000000273,33.0,0.0058716178687614785,1.0,0.00402220134195386,1.9444468750000041,16.553125,0.005470102952261012,0.0,1
3485.0,2021-10-27 09:40:00,379.97,380.94,379.78,380.93,811896.0,2s,2s,0.0,sell,False,0.6316337148803373,4.163492493946733,28.239017640954685,0.011578080659927173,0.2046985757164509,0.2684829179727109,0.37083220583093635,0.0009774208550857896,80.28972330330868,75.0980304815382,71.55631396470118,82.18146351521224,811896.0,2.8500000000000227,1.0,4.805000000000007,25.0,0.012555198453136858,2.8500000000000227,35.0,0.0075378878044910546,1.0,2.5,0.2046985757164509,0.37083220583093635,0.2684829179727109,80.28972330330868,75.0980304815382,71.55631396470118,82.18146351521224,38.569367140794874,11.750154607297187,57.035531130825056,0.2526515251203988,0.3054399915740758,0.009999999999990905,0.19000000000005457,0.9599999999999795,1.0,3486.0,3486.0,2021-10-27,2021-10-27 09:40:00,0.7862336912293609,177.0,1.0,best_within_2.0d,3662.0,377.935,0.5832424107187206,4.3760036431226785,32.22527881040892,0.012230020343504162,2.285057100371749,15.890706319702602,0.006381710269403211,0.6316337148803373,4.805000000000007,25.0,0.012555198453136858,2.8500000000000227,35.0,0.0075378878044910546,1.0,0.00402220134195386,1.9444468750000041,16.553125,0.005470102952261012,0.0,1
3486.0,2021-10-27 09:45:00,380.93,381.41,380.77,381.05,759704.0,2s,2s,0.0,sell,False,0.7294484911550567,4.163492493946733,28.239017640954685,0.011578080659927173,0.2832407733800564,0.303888014645218,0.44550840133524616,0.0011738701549683828,81.1737110623107,77.68440127340627,73.59900973426954,85.85518435167972,759704.0,3.32000000000005,1.0,4.805000000000007,25.0,0.012555198453136858,3.32000000000005,36.0,0.008780978074003676,1.0,2.5,0.2832407733800564,0.44550840133524616,0.303888014645218,81.1737110623107,77.68440127340627,73.59900973426954,85.85518435167972,42.80230326295544,10.940499040306776,57.19625849903148,0.0315018507337318,0.16808046852431735,0.36000000000001364,0.160000000000025,0.12000000000000455,1.0,3487.0,3487.0,2021-10-27,2021-10-27 09:45:00,0.8174780212570553,176.0,1.0,best_within_2.0d,3662.0,377.935,0.5832424107187206,4.3760036431226785,32.22527881040892,0.012230020343504162,2.285057100371749,15.890706319702602,0.006381710269403211,0.7294484911550567,4.805000000000007,25.0,0.012555198453136858,3.32000000000005,36.0,0.008780978074003676,1.0,0.00402220134195386,1.9444468750000041,16.553125,0.005470102952261012,0.0,1
3489.0,2021-10-27 10:00:00,381.32,381.47,379.72,380.01,718495.0,2s,2s,0.0,sell,False,0.7419354838709781,4.163492493946733,28.239017640954685,0.011578080659927173,0.1689421004016577,0.4070149429531293,0.49148599315395813,0.0012941390213922362,53.72341855956193,67.43488432792225,74.9504051427796,52.40384269820754,718495.0,3.3800000000000523,1.0,4.805000000000007,25.0,0.012555198453136858,3.3800000000000523,39.0,0.008939670448835072,1.0,2.5,0.1689421004016577,0.49148599315395813,0.4070149429531293,53.72341855956193,67.43488432792225,74.9504051427796,52.40384269820754,33.51498637602189,23.16076294277808,54.205645169521354,-0.34354348054127826,0.4608659011903508,0.1500000000000341,0.2899999999999636,1.3100000000000023,0.0,3490.0,3490.0,2021-10-27,2021-10-27 10:00:00,0.546038262150993,173.0,1.0,best_within_2.0d,3662.0,377.935,0.5832424107187206,4.3760036431226785,32.22527881040892,0.012230020343504162,2.285057100371749,15.890706319702602,0.006381710269403211,0.7419354838709781,4.805000000000007,25.0,0.012555198453136858,3.3800000000000523,39.0,0.008939670448835072,1.0,0.00402220134195386,1.9444468750000041,16.553125,0.005470102952261012,1.0,1
3499.0,2021-10-27 10:50:00,380.72,381.58,380.6389,381.47,313314.0,2s,2s,0.0,sell,False,0.7648283038501573,4.163492493946733,28.239017640954685,0.011578080659927173,0.07964806998352603,0.3959298885143637,0.43575392350612674,0.0011458843324933556,66.28372560115446,77.99770128381573,68.87830727834637,96.23648929475445,313314.0,3.490000000000009,1.0,4.805000000000007,25.0,0.012555198453136858,3.490000000000009,49.0,0.009230606469359172,1.0,2.5,0.07964806998352603,0.43575392350612674,0.3959298885143637,66.28372560115446,77.99770128381573,68.87830727834637,96.23648929475445,24.966343159121674,21.573532662205633,32.171529370284794,0.19699516705190162,0.24724220251792603,0.1099999999999568,0.08110000000004902,0.75,1.0,3500.0,3500.0,2021-10-27,2021-10-27 10:50:00,0.9266783757569468,163.0,1.0,best_within_2.0d,3662.0,377.935,0.5832424107187206,4.3760036431226785,32.22527881040892,0.012230020343504162,2.285057100371749,15.890706319702602,0.006381710269403211,0.7648283038501573,4.805000000000007,25.0,0.012555198453136858,3.490000000000009,49.0,0.009230606469359172,1.0,0.00402220134195386,1.9444468750000041,16.553125,0.005470102952261012,0.0,1
3500.0,2021-10-27 10:55:00,381.48,381.76,380.69,380.75,520583.0,2s,2s,0.0,sell,False,0.8022892819979215,4.163492493946733,28.239017640954685,0.011578080659927173,0.016775422391804407,0.39802681631333925,0.40641452750924145,0.0010686333444712983,55.5874040835323,70.82030660300367,69.52564038656547,73.40963903588008,520583.0,3.670000000000016,1.0,4.805000000000007,25.0,0.012555198453136858,3.670000000000016,50.0,0.009706683593853358,1.0,2.5,0.016775422391804407,0.40641452750924145,0.39802681631333925,55.5874040835323,70.82030660300367,69.52564038656547,73.40963903588008,21.13951114278566,20.680124044147252,29.95202700016847,-0.1913599664464764,0.28106858598859785,0.2799999999999727,0.060000000000002274,0.7300000000000182,0.0,3501.0,3501.0,2021-10-27,2021-10-27 10:55:00,0.7393302692055148,162.0,1.0,best_within_2.0d,3662.0,377.935,0.5832424107187206,4.3760036431226785,32.22527881040892,0.012230020343504162,2.285057100371749,15.890706319702602,0.006381710269403211,0.8022892819979215,4.805000000000007,25.0,0.012555198453136858,3.670000000000016,50.0,0.009706683593853358,1.0,0.00402220134195386,1.9444468750000041,16.553125,0.005470102952261012,1.0,1
3505.0,2021-10-27 11:20:00,381.66,381.83,381.301,381.43,323610.0,2s,2s,0.0,sell,False,0.8168574401664944,4.163492493946733,28.239017640954685,0.011578080659927173,0.06485408022482131,0.4352213023532688,0.46764834246567943,0.0012284588389213078,60.40135940470344,78.3413660594594,76.98834594255739,81.04740629326344,323610.0,3.740000000000009,1.0,4.805000000000007,25.0,0.012555198453136858,3.740000000000009,55.0,0.009891824697823294,1.0,2.5,0.06485408022482131,0.46764834246567943,0.4352213023532688,60.40135940470344,78.3413660594594,76.98834594255739,81.04740629326344,30.54578166455964,8.736150491351607,31.590670336437828,-0.060263061363522025,0.13873553963928664,0.16999999999995907,0.1290000000000191,0.2300000000000182,0.0,3506.0,3506.0,2021-10-27,2021-10-27 11:20:00,0.9162887030385666,157.0,1.0,best_within_2.0d,3662.0,377.935,0.5832424107187206,4.3760036431226785,32.22527881040892,0.012230020343504162,2.285057100371749,15.890706319702602,0.006381710269403211,0.8168574401664944,4.805000000000007,25.0,0.012555198453136858,3.740000000000009,55.0,0.009891824697823294,1.0,0.00402220134195386,1.9444468750000041,16.553125,0.005470102952261012,1.0,1
3513.0,2021-10-27 12:00:00,381.625,382.05,381.535,381.78,425465.0,2s,2s,0.0,sell,False,0.8626430801248768,4.163492493946733,28.239017640954685,0.011578080659927173,-0.05132067521764472,0.394509899274165,0.36884956166534266,0.0009679547644582086,63.5295270496935,66.36667351600104,64.9618530287342,69.17631449053474,425465.0,3.9600000000000364,1.0,4.805000000000007,25.0,0.012555198453136858,3.9600000000000364,63.0,0.010473696738871795,1.0,2.5,-0.05132067521764472,0.36884956166534266,0.394509899274165,63.5295270496935,66.36667351600104,64.9618530287342,69.17631449053474,21.737688369746053,11.276948590381332,31.92394038414103,0.04061578774974719,0.1349810633362565,0.27000000000003865,0.08999999999997499,0.15499999999997272,1.0,3514.0,3514.0,2021-10-27,2021-10-27 12:00:00,1.0071245219759994,149.0,1.0,best_within_2.0d,3662.0,377.935,0.5832424107187206,4.3760036431226785,32.22527881040892,0.012230020343504162,2.285057100371749,15.890706319702602,0.006381710269403211,0.8626430801248768,4.805000000000007,25.0,0.012555198453136858,3.9600000000000364,63.0,0.010473696738871795,1.0,0.00402220134195386,1.9444468750000041,16.553125,0.005470102952261012,0.0,1
3516.0,2021-10-27 12:15:00,381.99,382.22,381.9,382.19,218912.0,2s,2s,0.0,sell,False,0.8980228928199893,4.163492493946733,28.239017640954685,0.011578080659927173,0.025218115207565228,0.39109900553782484,0.40370806314160745,0.0010588977341382865,68.73496433558601,83.68656224854153,74.38324549508363,102.29319575545736,218912.0,4.130000000000052,1.0,4.805000000000007,25.0,0.012555198453136858,4.130000000000052,66.0,0.01092332513422744,1.0,2.5,0.025218115207565228,0.40370806314160745,0.39109900553782484,68.73496433558601,83.68656224854153,74.38324549508363,102.29319575545736,19.294860234446116,12.661857529305417,30.914603993393595,0.05235739155474977,0.08379156847343547,0.03000000000002956,0.09000000000003183,0.19999999999998863,1.0,3517.0,3517.0,2021-10-27,2021-10-27 12:15:00,1.113320599701718,146.0,1.0,best_within_2.0d,3662.0,377.935,0.5832424107187206,4.3760036431226785,32.22527881040892,0.012230020343504162,2.285057100371749,15.890706319702602,0.006381710269403211,0.8980228928199893,4.805000000000007,25.0,0.012555198453136858,4.130000000000052,66.0,0.01092332513422744,1.0,0.00402220134195386,1.9444468750000041,16.553125,0.005470102952261012,1.0,1
3521.0,2021-10-27 12:40:00,382.09,382.38,381.9801,382.32,201165.0,2s,2s,0.0,sell,False,0.9313215400624384,4.163492493946733,28.239017640954685,0.011578080659927173,0.0015011323231857165,0.38784767382137575,0.3885982399829686,0.001018558083748222,68.36477593370684,85.36052869753728,81.36668913388803,93.34820782483575,201165.0,4.2900000000000205,1.0,4.805000000000007,25.0,0.012555198453136858,4.2900000000000205,71.0,0.011346504800444393,1.0,2.5,0.0015011323231857165,0.3885982399829686,0.38784767382137575,68.36477593370684,85.36052869753728,81.36668913388803,93.34820782483575,26.13049568289791,8.38333368176824,31.939847088439475,0.0601952419587056,0.10469131768906348,0.060000000000002274,0.1098999999999819,0.2300000000000182,1.0,3522.0,3522.0,2021-10-27,2021-10-27 12:40:00,1.1469449675664343,141.0,1.0,best_within_2.0d,3662.0,377.935,0.5832424107187206,4.3760036431226785,32.22527881040892,0.012230020343504162,2.285057100371749,15.890706319702602,0.006381710269403211,0.9313215400624384,4.805000000000007,25.0,0.012555198453136858,4.2900000000000205,71.0,0.011346504800444393,1.0,0.00402220134195386,1.9444468750000041,16.553125,0.005470102952261012,0.0,1
3525.0,2021-10-27 13:00:00,382.169,382.46,382.085,382.2411,335461.0,2s,2s,0.0,sell,False,0.9479708636836629,4.163492493946733,28.239017640954685,0.011578080659927173,-0.046166503187807684,0.3724810698008138,0.34939781820690996,0.0009153831206655727,64.94078016801893,68.25659595860076,73.69849045837569,57.37280695905088,335461.0,4.3700000000000045,1.0,4.805000000000007,25.0,0.012555198453136858,4.3700000000000045,75.0,0.011558094633552871,1.0,2.5,-0.046166503187807684,0.34939781820690996,0.3724810698008138,64.94078016801893,68.25659595860076,73.69849045837569,57.37280695905088,29.881830941277997,2.4901525784401546,43.615361964536575,0.01886599907371725,0.09814570056401062,0.21889999999996235,0.08400000000000318,0.07210000000003447,1.0,3526.0,3526.0,2021-10-27,2021-10-27 13:00:00,1.1265402909315652,137.0,1.0,best_within_2.0d,3662.0,377.935,0.5832424107187206,4.3760036431226785,32.22527881040892,0.012230020343504162,2.285057100371749,15.890706319702602,0.006381710269403211,0.9479708636836629,4.805000000000007,25.0,0.012555198453136858,4.3700000000000045,75.0,0.011558094633552871,1.0,0.00402220134195386,1.9444468750000041,16.553125,0.005470102952261012,0.0,1
3526.0,2021-10-27 13:05:00,382.245,382.6167,382.2,382.49,279451.0,2s,2s,0.0,sell,False,0.9805827263267431,4.163492493946733,28.239017640954685,0.011578080659927173,-0.02156047634098457,0.36978601025819074,0.35900577208769846,0.000940409925488489,68.97835713534269,73.32927448498785,73.57541846724641,72.83698652047073,279451.0,4.526700000000005,1.0,4.805000000000007,25.0,0.012555198453136858,4.526700000000005,76.0,0.011972546219154185,1.0,2.5,-0.02156047634098457,0.35900577208769846,0.36978601025819074,68.97835713534269,73.32927448498785,73.57541846724641,72.83698652047073,30.788047826981924,2.5148030451982146,46.5640768791801,0.06409501759342949,0.10902668759811397,0.12669999999997117,0.045000000000015916,0.24500000000000455,1.0,3527.0,3527.0,2021-10-27,2021-10-27 13:05:00,1.1908808073413701,136.0,1.0,best_within_2.0d,3662.0,377.935,0.5832424107187206,4.3760036431226785,32.22527881040892,0.012230020343504162,2.285057100371749,15.890706319702602,0.006381710269403211,0.9805827263267431,4.805000000000007,25.0,0.012555198453136858,4.526700000000005,76.0,0.011972546219154185,1.0,0.00402220134195386,1.9444468750000041,16.553125,0.005470102952261012,0.0,1
3528.0,2021-10-27 13:15:00,382.595,382.64,382.5,382.6399,169985.0,2s,2s,0.0,sell,False,0.9854318418314271,4.163492493946733,28.239017640954685,0.011578080659927173,0.014733200142024394,0.37175432730213887,0.37912092737315106,0.0009927816918667513,71.1856960379744,87.31390953427157,79.79986996719428,102.34198866842613,169985.0,4.550000000000011,1.0,4.805000000000007,25.0,0.012555198453136858,4.550000000000011,78.0,0.012034171758047057,1.0,2.5,0.014733200142024394,0.37912092737315106,0.37175432730213887,71.1856960379744,87.31390953427157,79.79986996719428,102.34198866842613,26.3974297833874,2.7609748751290097,51.265757877609644,0.011735647355554614,0.03660130718953892,9.999999997489795e-05,0.09500000000002728,0.044899999999984175,1.0,3529.0,3529.0,2021-10-27,2021-10-27 13:15:00,1.2295894913206933,134.0,1.0,best_within_2.0d,3662.0,377.935,0.5832424107187206,4.3760036431226785,32.22527881040892,0.012230020343504162,2.285057100371749,15.890706319702602,0.006381710269403211,0.9854318418314271,4.805000000000007,25.0,0.012555198453136858,4.550000000000011,78.0,0.012034171758047057,1.0,0.00402220134195386,1.9444468750000041,16.553125,0.005470102952261012,0.0,1
3529.0,2021-10-27 13:20:00,382.6391,382.88,382.56,382.87,281212.0,1,1,0.0,sell,False,0.8376910716388146,4.7900000000000205,79.0,0.012668941257372638,0.045150668768115354,0.37739816089815326,0.39997349528221093,0.0010471854703319188,74.35335383465704,91.17219482897465,83.59064492112107,106.33529464468185,281212.0,4.7900000000000205,2.0,4.7900000000000205,79.0,0.012668941257372638,4.7900000000000205,79.0,0.012668941257372638,1.0,1.0,0.045150668768115354,0.39997349528221093,0.37739816089815326,74.35335383465704,91.17219482897465,83.59064492112107,106.33529464468185,29.365572426132182,2.7335304788651946,53.53021670537199,0.060344068340119884,0.08364700961940433,0.009999999999990905,0.07909999999998263,0.23090000000001965,1.0,3530.0,3530.0,2021-10-27,2021-10-27 13:20:00,1.2889492517042345,133.0,1.0,best_within_2.0d,3662.0,377.935,0.5832424107187206,4.3760036431226785,32.22527881040892,0.012230020343504162,2.285057100371749,15.890706319702602,0.006381710269403211,0.4929364202292669,5.6011759621451125,36.843533123028394,0.015614239272951093,2.82998018927445,22.52492113564669,0.007835530045022196,1.8630914826498424,0.00402220134195386,1.9444468750000041,16.553125,0.005470102952261012,0.0,1
3530.0,2021-10-27 13:25:00,382.865,383.09,382.86,382.8794,329898.0,1,1,0.0,sell,False,0.8376911669538503,5.0,80.0,0.013224364569282446,0.056167314245817,0.3844190751788804,0.4125027323017889,0.0010797943056320223,74.47679535052751,87.6147965526497,84.93202879829727,92.98033206135455,329898.0,5.0,2.0,5.0,80.0,0.013224364569282446,5.0,80.0,0.013224364569282446,1.0,1.0,0.056167314245817,0.4125027323017889,0.3844190751788804,74.47679535052751,87.6147965526497,84.93202879829727,92.98033206135455,30.291553341296517,2.7960651737377495,55.64227439447159,0.003761116842742596,0.06007417855089624,0.21059999999999945,0.0049999999999954525,0.01439999999996644,1.0,3531.0,3531.0,2021-10-27,2021-10-27 13:25:00,1.2913726881101395,132.0,1.0,best_within_2.0d,3662.0,377.935,0.5832424107187206,4.3760036431226785,32.22527881040892,0.012230020343504162,2.285057100371749,15.890706319702602,0.006381710269403211,0.4929364202292669,5.6011759621451125,36.843533123028394,0.015614239272951093,2.82998018927445,22.52492113564669,0.007835530045022196,1.8630914826498424,0.00402220134195386,1.9444468750000041,16.553125,0.005470102952261012,0.0,1
3533.0,2021-10-27 13:40:00,383.02,383.15,383.0,383.1,203360.0,1,1,0.0,sell,False,0.8376911602009979,5.060000000000002,83.0,0.013383056944113842,0.05952495139482461,0.40306910208850655,0.43283157778591885,0.0011324264670179135,74.7375061888009,88.93142634908133,85.9458689547559,94.90254113773221,203360.0,5.060000000000002,2.0,5.060000000000002,83.0,0.013383056944113842,5.060000000000002,83.0,0.013383056944113842,1.0,1.0,0.05952495139482461,0.43283157778591885,0.40306910208850655,74.7375061888009,88.93142634908133,85.9458689547559,94.90254113773221,33.46737342350477,3.3945217641082626,60.09347412438147,0.0208866377734951,0.03916449086161287,0.049999999999954525,0.01999999999998181,0.08000000000004093,1.0,3534.0,3534.0,2021-10-27,2021-10-27 13:40:00,1.3482119551031115,129.0,1.0,best_within_2.0d,3662.0,377.935,0.5832424107187206,4.3760036431226785,32.22527881040892,0.012230020343504162,2.285057100371749,15.890706319702602,0.006381710269403211,0.4929364202292669,5.6011759621451125,36.843533123028394,0.015614239272951093,2.82998018927445,22.52492113564669,0.007835530045022196,1.8630914826498424,0.00402220134195386,1.9444468750000041,16.553125,0.005470102952261012,1.0,1
3582.0,2021-10-27 17:45:00,380.15,380.22,380.0,380.22,3332661.0,2,2,0.0,sell,False,0.10942249240122116,4.163492493946733,28.239017640954685,0.011578080659927173,0.17738446634184213,-0.3236688694967465,-0.23497663632582544,-0.000617731945289228,42.096834317840255,78.69229952096268,70.63592141886579,94.80505572515645,3332661.0,0.36000000000001364,1.0,3.2899999999999636,37.0,0.008586715385619115,0.36000000000001364,14.0,0.0009477175801611479,2.0,2.0,0.17738446634184213,-0.23497663632582544,-0.3236688694967465,42.096834317840255,78.69229952096268,70.63592141886579,94.80505572515645,25.632022471911142,20.3651685393236,39.466245293105764,0.018413784032631865,0.057894736842112444,0.0,0.14999999999997726,0.07000000000005002,1.0,3583.0,3583.0,2021-10-27,2021-10-27 17:45:00,0.6009678607122257,80.0,1.0,best_within_2.0d,3662.0,377.935,0.10942249240122116,3.2899999999999636,37.0,0.008586715385619115,0.36000000000001364,14.0,0.0009477175801611479,0.4929364202292669,5.6011759621451125,36.843533123028394,0.015614239272951093,2.82998018927445,22.52492113564669,0.007835530045022196,1.8630914826498424,0.00402220134195386,1.9444468750000041,16.553125,0.005470102952261012,0.0,1
3583.0,2021-10-27 17:50:00,380.22,380.22,380.2,380.22,2441.0,2,2,0.0,sell,False,0.10942249240122116,4.163492493946733,28.239017640954685,0.011578080659927173,0.1785496463915085,-0.3013501636978079,-0.21207534050205368,-0.000557544579163107,42.096834317840255,85.79486634730844,75.68890306168001,106.00679291856528,2441.0,0.36000000000001364,1.0,3.2899999999999636,37.0,0.008586715385619115,0.36000000000001364,15.0,0.0009477175801611479,2.0,2.0,0.1785496463915085,-0.21207534050205368,-0.3013501636978079,42.096834317840255,85.79486634730844,75.68890306168001,106.00679291856528,26.27789776817901,18.718502519797624,37.847227772169845,0.0,0.005260389268816059,0.0,0.020000000000038654,0.0,0.0,3584.0,3584.0,2021-10-27,2021-10-27 17:50:00,0.6009678607122257,79.0,1.0,best_within_2.0d,3662.0,377.935,0.10942249240122116,3.2899999999999636,37.0,0.008586715385619115,0.36000000000001364,15.0,0.0009477175801611479,0.4929364202292669,5.6011759621451125,36.843533123028394,0.015614239272951093,2.82998018927445,22.52492113564669,0.007835530045022196,1.8630914826498424,0.00402220134195386,1.9444468750000041,16.553125,0.005470102952261012,0.0,1
3586.0,2021-10-27 18:05:00,380.29,380.36,380.28,380.36,16787.0,2,2,0.0,sell,False,0.1519756838905792,4.163492493946733,28.239017640954685,0.011578080659927173,0.17902343309825974,-0.23715380378731216,-0.14764208723818228,-0.0003881742182958564,49.69886574841299,84.72806044729873,79.64117458197674,94.90183217794271,16787.0,0.5,1.0,3.2899999999999636,37.0,0.008586715385619115,0.5,18.0,0.0013162744168904333,2.0,2.0,0.17902343309825974,-0.14764208723818228,-0.23715380378731216,49.69886574841299,84.72806044729873,79.64117458197674,94.90183217794271,19.872249822569806,22.00141944641441,31.766211559293517,0.018407005180255377,0.021037130535405735,0.0,0.010000000000047748,0.06999999999999318,1.0,3587.0,3587.0,2021-10-27,2021-10-27 18:05:00,0.637553896308763,76.0,1.0,best_within_2.0d,3662.0,377.935,0.1519756838905792,3.2899999999999636,37.0,0.008586715385619115,0.5,18.0,0.0013162744168904333,0.4929364202292669,5.6011759621451125,36.843533123028394,0.015614239272951093,2.82998018927445,22.52492113564669,0.007835530045022196,1.8630914826498424,0.00402220134195386,1.9444468750000041,16.553125,0.005470102952261012,0.0,1
3588.0,2021-10-27 18:15:00,380.3,380.47,380.3,380.4,6200.0,2,2,0.0,sell,False,0.18541033434651075,4.163492493946733,28.239017640954685,0.011578080659927173,0.17711945725790962,-0.1933673737062558,-0.104807645077301,-0.0002755555548649876,51.58349642333063,84.54422859911138,82.3026318826513,89.02742203203155,6200.0,0.6100000000000136,1.0,3.2899999999999636,37.0,0.008586715385619115,0.6100000000000136,20.0,0.0016058547886063645,2.0,2.0,0.17711945725790962,-0.104807645077301,-0.1933673737062558,51.58349642333063,84.54422859911138,82.3026318826513,89.02742203203155,28.98550724637931,22.084195997237085,28.917594052220636,0.026295030239275805,0.044701551406788304,0.07000000000005002,0.0,0.0999999999999659,1.0,3589.0,3589.0,2021-10-27,2021-10-27 18:15:00,0.6480021030494152,74.0,1.0,best_within_2.0d,3662.0,377.935,0.18541033434651075,3.2899999999999636,37.0,0.008586715385619115,0.6100000000000136,20.0,0.0016058547886063645,0.4929364202292669,5.6011759621451125,36.843533123028394,0.015614239272951093,2.82998018927445,22.52492113564669,0.007835530045022196,1.8630914826498424,0.00402220134195386,1.9444468750000041,16.553125,0.005470102952261012,0.0,1
3591.0,2021-10-27 18:30:00,380.46,380.56,380.45,380.52,19971.0,2,2,0.0,sell,False,0.2127659574468074,4.163492493946733,28.239017640954685,0.011578080659927173,0.1737796431688114,-0.12839381360310984,-0.04150399201870414,-0.00010911396060053665,56.81727594195378,89.01639139871335,86.25595727741626,94.53725964130751,19971.0,0.6999999999999886,1.0,3.2899999999999636,37.0,0.008586715385619115,0.6999999999999886,23.0,0.0018427841836465766,2.0,2.0,0.1737796431688114,-0.04150399201870414,-0.12839381360310984,56.81727594195378,89.01639139871335,86.25595727741626,94.53725964130751,38.73239436619535,19.014084507037715,28.589121757668114,0.01577038322031285,0.028913129189121735,0.040000000000020464,0.009999999999990905,0.060000000000002274,1.0,3592.0,3592.0,2021-10-27,2021-10-27 18:30:00,0.6793335435719489,71.0,1.0,best_within_2.0d,3662.0,377.935,0.2127659574468074,3.2899999999999636,37.0,0.008586715385619115,0.6999999999999886,23.0,0.0018427841836465766,0.4929364202292669,5.6011759621451125,36.843533123028394,0.015614239272951093,2.82998018927445,22.52492113564669,0.007835530045022196,1.8630914826498424,0.00402220134195386,1.9444468750000041,16.553125,0.005470102952261012,0.0,1
3594.0,2021-10-27 18:45:00,380.52,380.57,380.52,380.57,4300.0,2,2,0.0,sell,False,0.21580547112461623,4.163492493946733,28.239017640954685,0.011578080659927173,0.14580985589808423,-0.07229823181985993,0.0006066961291821826,1.5948932966324668e-06,58.03573889759185,88.43484767730708,85.44654956257581,94.41144390676962,4300.0,0.7099999999999795,1.0,3.2899999999999636,37.0,0.008586715385619115,0.7099999999999795,26.0,0.0018691096719843615,2.0,2.0,0.14580985589808423,0.0006066961291821826,-0.07229823181985993,58.03573889759185,88.43484767730708,85.44654956257581,94.41144390676962,36.24113475176827,19.148936170208046,28.372659282107172,0.013139913802168444,0.013139913802168444,0.0,0.0,0.05000000000001137,1.0,3595.0,3595.0,2021-10-27,2021-10-27 18:45:00,0.6923824789132067,68.0,1.0,best_within_2.0d,3662.0,377.935,0.21580547112461623,3.2899999999999636,37.0,0.008586715385619115,0.7099999999999795,26.0,0.0018691096719843615,0.4929364202292669,5.6011759621451125,36.843533123028394,0.015614239272951093,2.82998018927445,22.52492113564669,0.007835530045022196,1.8630914826498424,0.00402220134195386,1.9444468750000041,16.553125,0.005470102952261012,0.0,1
3595.0,2021-10-27 18:50:00,380.55,380.6,380.54,380.6,5729.0,2,2,0.0,sell,False,0.22492401215805996,4.163492493946733,28.239017640954685,0.011578080659927173,0.14212811343152615,-0.054532217640919166,0.0165318390748439,4.345748574042894e-05,59.24068667222,92.28989845153805,87.72766585889656,101.41436363682101,5729.0,0.7400000000000091,1.0,3.2899999999999636,37.0,0.008586715385619115,0.7400000000000091,27.0,0.0019480861369978652,2.0,2.0,0.14212811343152615,0.0165318390748439,-0.054532217640919166,59.24068667222,92.28989845153805,87.72766585889656,101.41436363682101,37.31034482758289,18.620689655167656,28.73286478873189,0.013138877939826925,0.015767067850949248,0.0,0.009999999999990905,0.05000000000001137,1.0,3596.0,3596.0,2021-10-27,2021-10-27 18:50:00,0.7002101944298529,67.0,1.0,best_within_2.0d,3662.0,377.935,0.22492401215805996,3.2899999999999636,37.0,0.008586715385619115,0.7400000000000091,27.0,0.0019480861369978652,0.4929364202292669,5.6011759621451125,36.843533123028394,0.015614239272951093,2.82998018927445,22.52492113564669,0.007835530045022196,1.8630914826498424,0.00402220134195386,1.9444468750000041,16.553125,0.005470102952261012,0.0,1
3596.0,2021-10-27 18:55:00,380.62,380.7,380.62,380.69,9710.0,2,2,0.0,sell,False,0.2553191489361654,4.163492493946733,28.239017640954685,0.011578080659927173,0.14485137714424437,-0.036425795497888616,0.03599989307423357,9.462835808128933e-05,62.70082752490235,94.02659896769273,89.82731022849528,102.42517644608765,9710.0,0.839999999999975,1.0,3.2899999999999636,37.0,0.008586715385619115,0.839999999999975,28.0,0.002211341020375862,2.0,2.0,0.14485137714424437,0.03599989307423357,-0.036425795497888616,62.70082752490235,94.02659896769273,89.82731022849528,102.42517644608765,48.19548872179832,9.774436090223668,31.414628847272667,0.018391046187797064,0.021018338500337366,0.009999999999990905,0.0,0.06999999999999318,1.0,3597.0,3597.0,2021-10-27,2021-10-27 18:55:00,0.7236859386902718,66.0,1.0,best_within_2.0d,3662.0,377.935,0.2553191489361654,3.2899999999999636,37.0,0.008586715385619115,0.839999999999975,28.0,0.002211341020375862,0.4929364202292669,5.6011759621451125,36.843533123028394,0.015614239272951093,2.82998018927445,22.52492113564669,0.007835530045022196,1.8630914826498424,0.00402220134195386,1.9444468750000041,16.553125,0.005470102952261012,0.0,1
3597.0,2021-10-27 19:00:00,380.69,380.79,380.68,380.74,2040.0,2,2,0.0,sell,False,0.28267477203647934,4.163492493946733,28.239017640954685,0.011578080659927173,0.1460108579661853,-0.018174438252115455,0.05483099073097719,0.00014411870635700164,64.50368884114849,91.9526919947213,90.53577081723728,94.78653434968936,2040.0,0.9300000000000068,1.0,3.2899999999999636,37.0,0.008586715385619115,0.9300000000000068,29.0,0.0024482704154162238,2.0,2.0,0.1460108579661853,0.05483099073097719,-0.018174438252115455,64.50368884114849,91.9526919947213,90.53577081723728,94.78653434968936,51.478873239433476,9.154929577463268,34.15662358449687,0.013134046074236617,0.02889566039718757,0.05000000000001137,0.009999999999990905,0.05000000000001137,1.0,3598.0,3598.0,2021-10-27,2021-10-27 19:00:00,0.7367232231969341,65.0,1.0,best_within_2.0d,3662.0,377.935,0.28267477203647934,3.2899999999999636,37.0,0.008586715385619115,0.9300000000000068,29.0,0.0024482704154162238,0.4929364202292669,5.6011759621451125,36.843533123028394,0.015614239272951093,2.82998018927445,22.52492113564669,0.007835530045022196,1.8630914826498424,0.00402220134195386,1.9444468750000041,16.553125,0.005470102952261012,0.0,1
3598.0,2021-10-27 19:05:00,380.76,380.8,380.75,380.75,2200.0,2,2,0.0,sell,False,0.2857142857142882,4.163492493946733,28.239017640954685,0.011578080659927173,0.14069120668145532,-0.00058803741693354,0.06975756592379412,0.00018334151585346759,64.8694209672709,90.66687402822615,90.5794718875669,90.84167830954462,2200.0,0.9399999999999977,1.0,3.2899999999999636,37.0,0.008586715385619115,0.9399999999999977,30.0,0.0024745959037540087,2.0,2.0,0.14069120668145532,0.06975756592379412,-0.00058803741693354,64.8694209672709,90.66687402822615,90.5794718875669,90.84167830954462,52.55319148935953,5.67375886524654,37.467691275216524,-0.002626326294776475,0.013131976362445534,0.040000000000020464,0.0,0.009999999999990905,0.0,3599.0,3599.0,2021-10-27,2021-10-27 19:05:00,0.7393302692055148,64.0,1.0,best_within_2.0d,3662.0,377.935,0.2857142857142882,3.2899999999999636,37.0,0.008586715385619115,0.9399999999999977,30.0,0.0024745959037540087,0.4929364202292669,5.6011759621451125,36.843533123028394,0.015614239272951093,2.82998018927445,22.52492113564669,0.007835530045022196,1.8630914826498424,0.00402220134195386,1.9444468750000041,16.553125,0.005470102952261012,0.0,1
3601.0,2021-10-27 19:20:00,380.64,380.8,380.64,380.78,5370.0,2,2,0.0,sell,False,0.2857142857142882,4.163492493946733,28.239017640954685,0.011578080659927173,0.09311900812939843,0.03858733635889101,0.08514684042359022,0.0002237615953423425,62.73924123817984,82.34044944751315,84.01126298739376,78.99882236775193,5370.0,0.9399999999999977,1.0,3.2899999999999636,37.0,0.008586715385619115,0.9399999999999977,33.0,0.0024745959037540087,2.0,2.0,0.09311900812939843,0.08514684042359022,0.03858733635889101,62.73924123817984,82.34044944751315,84.01126298739376,78.99882236775193,42.82758620689781,16.551724137931142,39.46680807106869,0.03678015973097582,0.04203446826398303,0.020000000000038654,0.0,0.13999999999998636,1.0,3602.0,3602.0,2021-10-27,2021-10-27 19:20:00,0.7471505856399944,61.0,1.0,best_within_2.0d,3662.0,377.935,0.2857142857142882,3.2899999999999636,37.0,0.008586715385619115,0.9399999999999977,33.0,0.0024745959037540087,0.4929364202292669,5.6011759621451125,36.843533123028394,0.015614239272951093,2.82998018927445,22.52492113564669,0.007835530045022196,1.8630914826498424,0.00402220134195386,1.9444468750000041,16.553125,0.005470102952261012,0.0,1
3602.0,2021-10-27 19:25:00,380.79,380.81,380.73,380.81,9009.0,2,2,0.0,sell,False,0.288753799392097,4.163492493946733,28.239017640954685,0.011578080659927173,0.08993523630151062,0.049829240896579835,0.09479685904733515,0.00024910752777565677,63.826953190395315,88.22696629834209,85.41649742437653,93.84790404627324,9009.0,0.9499999999999886,1.0,3.2899999999999636,37.0,0.008586715385619115,0.9499999999999886,34.0,0.002500921392091793,2.0,2.0,0.08993523630151062,0.09479685904733515,0.049829240896579835,63.826953190395315,88.22696629834209,85.41649742437653,93.84790404627324,35.36764705882277,17.647058823529903,39.03530731623987,0.00525223876676956,0.02101226591022091,0.0,0.060000000000002274,0.01999999999998181,1.0,3603.0,3603.0,2021-10-27,2021-10-27 19:25:00,0.7549696699141304,60.0,1.0,best_within_2.0d,3662.0,377.935,0.288753799392097,3.2899999999999636,37.0,0.008586715385619115,0.9499999999999886,34.0,0.002500921392091793,0.4929364202292669,5.6011759621451125,36.843533123028394,0.015614239272951093,2.82998018927445,22.52492113564669,0.007835530045022196,1.8630914826498424,0.00402220134195386,1.9444468750000041,16.553125,0.005470102952261012,0.0,1
3604.0,2021-10-27 19:35:00,380.7501,380.81,380.7501,380.8,8034.0,2,2,0.0,sell,False,0.288753799392097,4.163492493946733,28.239017640954685,0.011578080659927173,0.0679329560988732,0.06797225736407535,0.10193873541351195,0.0002678509137501546,62.47839350200234,90.02608414476276,87.35225785033721,95.37373673361387,8034.0,0.9499999999999886,1.0,3.2899999999999636,37.0,0.008586715385619115,0.9499999999999886,36.0,0.002500921392091793,2.0,2.0,0.0679329560988732,0.10193873541351195,0.06797225736407535,62.47839350200234,90.02608414476276,87.35225785033721,95.37373673361387,34.606806245057015,17.26742931146177,38.26256871958252,0.013105708967650034,0.015732103550341124,0.009999999999990905,0.0,0.04990000000003647,1.0,3605.0,3605.0,2021-10-27,2021-10-27 19:35:00,0.7523634453781536,58.0,1.0,best_within_2.0d,3662.0,377.935,0.288753799392097,3.2899999999999636,37.0,0.008586715385619115,0.9499999999999886,36.0,0.002500921392091793,0.4929364202292669,5.6011759621451125,36.843533123028394,0.015614239272951093,2.82998018927445,22.52492113564669,0.007835530045022196,1.8630914826498424,0.00402220134195386,1.9444468750000041,16.553125,0.005470102952261012,0.0,1
3605.0,2021-10-27 19:40:00,380.8,380.88,380.72,380.88,21671.0,2,2,0.0,sell,False,0.310030395136776,4.163492493946733,28.239017640954685,0.011578080659927173,0.0675278360456342,0.07641323686977962,0.11017715489259672,0.00028948102185694466,65.58845401387192,93.35072276317517,89.35174615461652,101.34867598029248,21671.0,1.0199999999999818,1.0,3.2899999999999636,37.0,0.008586715385619115,1.0199999999999818,37.0,0.002685199810456436,2.0,2.0,0.0675278360456342,0.11017715489259672,0.07641323686977962,65.58845401387192,93.35072276317517,89.35174615461652,101.34867598029248,31.32161955691593,16.667824154456195,37.71063208683172,0.021008403361340355,0.04202563563773066,0.0,0.07999999999998408,0.07999999999998408,1.0,3606.0,3606.0,2021-10-27,2021-10-27 19:40:00,0.7732094097878579,57.0,1.0,best_within_2.0d,3662.0,377.935,0.310030395136776,3.2899999999999636,37.0,0.008586715385619115,1.0199999999999818,37.0,0.002685199810456436,0.4929364202292669,5.6011759621451125,36.843533123028394,0.015614239272951093,2.82998018927445,22.52492113564669,0.007835530045022196,1.8630914826498424,0.00402220134195386,1.9444468750000041,16.553125,0.005470102952261012,0.0,1
3606.0,2021-10-27 19:45:00,380.88,380.97,380.87,380.97,11254.0,2,2,0.0,sell,False,0.33738601823708997,4.163492493946733,28.239017640954685,0.011578080659927173,0.07382788359289488,0.08564172231889147,0.12255566411533891,0.0003219814535106473,68.72874525479021,95.56714850878345,91.42354693933882,103.85435164767267,11254.0,1.1100000000000136,1.0,3.2899999999999636,37.0,0.008586715385619115,1.1100000000000136,38.0,0.002922129205496798,2.0,2.0,0.07382788359289488,0.12255566411533891,0.08564172231889147,68.72874525479021,95.56714850878345,91.42354693933882,103.85435164767267,38.64561754411406,12.143724551754813,38.74416037558627,0.023629489603032933,0.026255677790328127,0.0,0.009999999999990905,0.09000000000003183,1.0,3607.0,3607.0,2021-10-27,2021-10-27 19:45:00,0.7966506549072171,56.0,1.0,best_within_2.0d,3662.0,377.935,0.33738601823708997,3.2899999999999636,37.0,0.008586715385619115,1.1100000000000136,38.0,0.002922129205496798,0.4929364202292669,5.6011759621451125,36.843533123028394,0.015614239272951093,2.82998018927445,22.52492113564669,0.007835530045022196,1.8630914826498424,0.00402220134195386,1.9444468750000041,16.553125,0.005470102952261012,0.0,1
3607.0,2021-10-27 19:50:00,380.98,381.02,380.92,380.95,17652.0,2,2,0.0,sell,False,0.35258358662613404,4.163492493946733,28.239017640954685,0.011578080659927173,0.0697921866683689,0.09436574565243758,0.12926183898662202,0.000339578916634823,67.25984013734856,91.74173536949247,91.52960974939003,92.16598660969737,17652.0,1.1599999999999682,1.0,3.2899999999999636,37.0,0.008586715385619115,1.1599999999999682,39.0,0.0030537566471857216,2.0,2.0,0.0697921866683689,0.12926183898662202,0.09436574565243758,67.25984013734856,91.74173536949247,91.52960974939003,92.16598660969737,42.14586756197263,12.143724551755307,39.92408876981121,-0.007874429103897726,0.026252231439663418,0.03999999999996362,0.029999999999972715,0.03000000000002956,0.0,3608.0,3608.0,2021-10-27,2021-10-27 19:50:00,0.7914424465152871,55.0,1.0,best_within_2.0d,3662.0,377.935,0.35258358662613404,3.2899999999999636,37.0,0.008586715385619115,1.1599999999999682,39.0,0.0030537566471857216,0.4929364202292669,5.6011759621451125,36.843533123028394,0.015614239272951093,2.82998018927445,22.52492113564669,0.007835530045022196,1.8630914826498424,0.00402220134195386,1.9444468750000041,16.553125,0.005470102952261012,0.0,1
3609.0,2021-10-28 04:00:00,381.14,381.14,380.98,381.01,3451.0,2,2,0.0,sell,False,0.3890577507598744,4.163492493946733,28.239017640954685,0.011578080659927173,0.05947880330543032,0.10953602597668477,0.13927542762939993,0.0003658402884443646,69.52592651696582,84.1276399621993,88.54269764119499,75.29752460420792,3451.0,1.2799999999999727,1.0,3.2899999999999636,37.0,0.008586715385619115,1.2799999999999727,41.0,0.0033696625072394373,2.0,2.0,0.05947880330543032,0.13927542762939993,0.10953602597668477,69.52592651696582,84.1276399621993,88.54269764119499,75.29752460420792,43.87379830957098,14.839667075297095,40.52114980138987,-0.03410820171065631,0.04199695522073814,0.0,0.029999999999972715,0.12999999999999545,0.0,3610.0,3610.0,2021-10-28,2021-10-28 04:00:00,0.8070654313535048,53.0,1.0,best_within_2.0d,3662.0,377.935,0.3890577507598744,3.2899999999999636,37.0,0.008586715385619115,1.2799999999999727,41.0,0.0033696625072394373,0.4929364202292669,5.6011759621451125,36.843533123028394,0.015614239272951093,2.82998018927445,22.52492113564669,0.007835530045022196,1.8630914826498424,0.00402220134195386,1.9444468750000041,16.553125,0.005470102952261012,0.0,1
3613.0,2021-10-28 04:20:00,381.02,381.16,381.0,381.16,63954.0,2,2,0.0,sell,False,0.39513677811550935,4.163492493946733,28.239017640954685,0.011578080659927173,0.044263190936589925,0.12783258889294308,0.14996418436123804,0.000393826099086868,70.20219951716189,81.22685892257468,77.29151231266327,89.09755214239749,63954.0,1.3000000000000114,1.0,3.2899999999999636,37.0,0.008586715385619115,1.3000000000000114,45.0,0.0034223134839151564,2.0,2.0,0.044263190936589925,0.14996418436123804,0.12783258889294308,70.20219951716189,81.22685892257468,77.29151231266327,89.09755214239749,32.16242022212425,16.081210111063555,36.027567209854034,0.036743478032660544,0.04199475065617454,0.0,0.01999999999998181,0.1400000000000432,1.0,3614.0,3614.0,2021-10-28,2021-10-28 04:20:00,0.8461013747507666,49.0,1.0,best_within_2.0d,3662.0,377.935,0.39513677811550935,3.2899999999999636,37.0,0.008586715385619115,1.3000000000000114,45.0,0.0034223134839151564,0.4929364202292669,5.6011759621451125,36.843533123028394,0.015614239272951093,2.82998018927445,22.52492113564669,0.007835530045022196,1.8630914826498424,0.00402220134195386,1.9444468750000041,16.553125,0.005470102952261012,0.0,1
3614.0,2021-10-28 04:25:00,381.12,381.17,381.03,381.04,32133.0,2,2,0.0,sell,False,0.39817629179331815,4.163492493946733,28.239017640954685,0.011578080659927173,0.030682516274282423,0.1316679034272284,0.1470091615643696,0.0003860468746634288,62.22764449110027,75.10362023409864,76.56221495314172,72.1864307960125,32133.0,1.3100000000000023,1.0,3.2899999999999636,37.0,0.008586715385619115,1.3100000000000023,46.0,0.0034486389722529413,2.0,2.0,0.030682516274282423,0.1470091615643696,0.1316679034272284,62.22764449110027,75.10362023409864,76.56221495314172,72.1864307960125,33.33504282271037,11.282629878456625,36.98454722031583,-0.020990764063807746,0.03674251371284235,0.05000000000001137,0.010000000000047748,0.07999999999998408,0.0,3615.0,3615.0,2021-10-28,2021-10-28 04:25:00,0.8148750787318964,48.0,1.0,best_within_2.0d,3662.0,377.935,0.39817629179331815,3.2899999999999636,37.0,0.008586715385619115,1.3100000000000023,46.0,0.0034486389722529413,0.4929364202292669,5.6011759621451125,36.843533123028394,0.015614239272951093,2.82998018927445,22.52492113564669,0.007835530045022196,1.8630914826498424,0.00402220134195386,1.9444468750000041,16.553125,0.005470102952261012,0.0,1
3616.0,2021-10-28 04:35:00,381.13,381.33,381.13,381.3,48580.0,2,2,0.0,sell,False,0.44680851063829385,4.163492493946733,28.239017640954685,0.011578080659927173,0.04594546156535212,0.14095758965037705,0.1639303204330531,0.0004304163117143196,70.47115629189304,83.79955483793863,79.43650464237442,92.52565522906707,48580.0,1.4699999999999704,1.0,3.2899999999999636,37.0,0.008586715385619115,1.4699999999999704,48.0,0.003869846785657796,2.0,2.0,0.04594546156535212,0.1639303204330531,0.14095758965037705,70.47115629189304,83.79955483793863,79.43650464237442,92.52565522906707,40.203025277652024,11.05583195135552,39.06790961785611,0.044604203290220114,0.05247553328260401,0.029999999999972715,0.0,0.17000000000001592,1.0,3617.0,3617.0,2021-10-28,2021-10-28 04:35:00,0.8825072121688982,46.0,1.0,best_within_2.0d,3662.0,377.935,0.44680851063829385,3.2899999999999636,37.0,0.008586715385619115,1.4699999999999704,48.0,0.003869846785657796,0.4929364202292669,5.6011759621451125,36.843533123028394,0.015614239272951093,2.82998018927445,22.52492113564669,0.007835530045022196,1.8630914826498424,0.00402220134195386,1.9444468750000041,16.553125,0.005470102952261012,0.0,1
3617.0,2021-10-28 04:40:00,381.19,381.6,381.19,381.6,23709.0,2,2,0.0,sell,False,0.5288753799392183,4.163492493946733,28.239017640954685,0.011578080659927173,0.09027204352952317,0.15224159509156746,0.19737761685632904,0.0005181615941080741,76.8815058644008,89.19970322529241,82.69090417001374,102.21730133584975,23709.0,1.740000000000009,1.0,3.2899999999999636,37.0,0.008586715385619115,1.740000000000009,49.0,0.004580634970778732,2.0,2.0,0.09027204352952317,0.19737761685632904,0.15224159509156746,76.8815058644008,89.19970322529241,82.69090417001374,102.21730133584975,45.72844993375888,9.402111201334327,40.983878421453156,0.10755791075317428,0.10755791075317428,0.0,0.0,0.410000000000025,1.0,3618.0,3618.0,2021-10-28,2021-10-28 04:40:00,0.9604297693920387,45.0,1.0,best_within_2.0d,3662.0,377.935,0.5288753799392183,3.2899999999999636,37.0,0.008586715385619115,1.740000000000009,49.0,0.004580634970778732,0.4929364202292669,5.6011759621451125,36.843533123028394,0.015614239272951093,2.82998018927445,22.52492113564669,0.007835530045022196,1.8630914826498424,0.00402220134195386,1.9444468750000041,16.553125,0.005470102952261012,0.0,1
3618.0,2021-10-28 04:45:00,381.59,381.7,381.5,381.7,13841.0,2,2,0.0,sell,False,0.5592705167173239,4.163492493946733,28.239017640954685,0.011578080659927173,0.12331049430617858,0.16765540687983976,0.22931065403292905,0.0006019017448753599,78.55285859770811,92.79980215019494,86.06053683007414,106.27833279043654,13841.0,1.839999999999975,1.0,3.2899999999999636,37.0,0.008586715385619115,1.839999999999975,50.0,0.0048438898541567285,2.0,2.0,0.12331049430617858,0.22931065403292905,0.16765540687983976,78.55285859770811,92.79980215019494,86.06053683007414,106.27833279043654,45.967741935482984,8.87096774193652,42.88839130731549,0.028826751225140508,0.0524246395805999,0.0,0.08999999999997499,0.11000000000001364,1.0,3619.0,3619.0,2021-10-28,2021-10-28 04:45:00,0.986376735656271,44.0,1.0,best_within_2.0d,3662.0,377.935,0.5592705167173239,3.2899999999999636,37.0,0.008586715385619115,1.839999999999975,50.0,0.0048438898541567285,0.4929364202292669,5.6011759621451125,36.843533123028394,0.015614239272951093,2.82998018927445,22.52492113564669,0.007835530045022196,1.8630914826498424,0.00402220134195386,1.9444468750000041,16.553125,0.005470102952261012,0.0,1
3619.0,2021-10-28 04:50:00,381.67,381.71,381.65,381.71,3858.0,2,2,0.0,sell,False,0.5623100303951326,4.163492493946733,28.239017640954685,0.011578080659927173,0.13577360391196602,0.18462710736883553,0.25251390932481854,0.0006627119087300078,78.71854791738879,95.19986810012995,89.1069805867594,107.38564312687103,3858.0,1.849999999999966,1.0,3.2899999999999636,37.0,0.008586715385619115,1.849999999999966,51.0,0.0048702153424945134,2.0,2.0,0.13577360391196602,0.25251390932481854,0.18462710736883553,78.71854791738879,95.19986810012995,89.1069805867594,107.38564312687103,45.378151260502534,9.243697478992539,44.55020951063882,0.010480257814332702,0.015721210533211655,0.0,0.020000000000038654,0.03999999999996362,1.0,3620.0,3620.0,2021-10-28,2021-10-28 04:50:00,0.988970684551093,43.0,1.0,best_within_2.0d,3662.0,377.935,0.5623100303951326,3.2899999999999636,37.0,0.008586715385619115,1.849999999999966,51.0,0.0048702153424945134,0.4929364202292669,5.6011759621451125,36.843533123028394,0.015614239272951093,2.82998018927445,22.52492113564669,0.007835530045022196,1.8630914826498424,0.00402220134195386,1.9444468750000041,16.553125,0.005470102952261012,0.0,1
3620.0,2021-10-28 04:55:00,381.75,381.8,381.68,381.69,17231.0,2,2,0.0,sell,False,0.5896656534954465,4.163492493946733,28.239017640954685,0.011578080659927173,0.13054863614607504,0.2009456868870949,0.26622000496013243,0.0006985934957619294,77.43015039364978,92.6800618794868,90.2980076843352,97.44417026978999,17231.0,1.9399999999999977,1.0,3.2899999999999636,37.0,0.008586715385619115,1.9399999999999977,52.0,0.005107144737534875,2.0,2.0,0.13054863614607504,0.26622000496013243,0.2009456868870949,77.43015039364978,92.6800618794868,90.2980076843352,97.44417026978999,44.9999999999987,9.166666666667673,46.093326413724775,-0.01571709233791808,0.03143994969608168,0.05000000000001137,0.009999999999990905,0.060000000000002274,0.0,3621.0,3621.0,2021-10-28,2021-10-28 04:55:00,0.9837826508423054,42.0,1.0,best_within_2.0d,3662.0,377.935,0.5896656534954465,3.2899999999999636,37.0,0.008586715385619115,1.9399999999999977,52.0,0.005107144737534875,0.4929364202292669,5.6011759621451125,36.843533123028394,0.015614239272951093,2.82998018927445,22.52492113564669,0.007835530045022196,1.8630914826498424,0.00402220134195386,1.9444468750000041,16.553125,0.005470102952261012,1.0,1
3639.0,2021-10-28 06:30:00,381.55,381.62,381.53,381.61,6542.0,2s,2s,0.0,sell,False,0.534954407294836,4.163492493946733,28.239017640954685,0.011578080659927173,-0.02842771542408512,0.10624199569861673,0.09202813798657417,0.00024129903077798421,62.31536619464686,84.58446801528173,70.51807519214681,112.71725366155155,6542.0,0.4300000000000068,1.0,3.2899999999999636,37.0,0.008586715385619115,0.4300000000000068,10.0,0.0011280463810698256,1.0,2.5,-0.02842771542408512,0.09202813798657417,0.10624199569861673,62.31536619464686,84.58446801528173,70.51807519214681,112.71725366155155,21.83098591549775,29.577464788730364,42.84835407322423,0.015725330887171346,0.023589232825736335,0.009999999999990905,0.020000000000038654,0.060000000000002274,1.0,3640.0,3640.0,2021-10-28,2021-10-28 06:30:00,0.9630250779591759,23.0,1.0,best_within_2.0d,3662.0,377.935,0.5832424107187206,4.3760036431226785,32.22527881040892,0.012230020343504162,2.285057100371749,15.890706319702602,0.006381710269403211,0.534954407294836,3.2899999999999636,37.0,0.008586715385619115,0.4300000000000068,10.0,0.0011280463810698256,1.0,0.00402220134195386,1.9444468750000041,16.553125,0.005470102952261012,0.0,1
3641.0,2021-10-28 06:40:00,381.54,381.69,381.54,381.69,6419.0,2s,2s,0.0,sell,False,0.556231003039515,4.163492493946733,28.239017640954685,0.011578080659927173,-0.006223265090073982,0.10208276401500316,0.09897113146996617,0.00025948164025640886,63.578781092057625,86.89865245123397,78.16269060844346,104.37057613681503,6419.0,0.5,1.0,3.2899999999999636,37.0,0.008586715385619115,0.5,12.0,0.0013116818384532648,1.0,2.5,-0.006223265090073982,0.09897113146996617,0.10208276401500316,63.578781092057625,86.89865245123397,78.16269060844346,104.37057613681503,26.875000000003595,24.99999999999467,38.564494462653705,0.039314357603390804,0.039314357603390804,0.0,0.0,0.14999999999997726,1.0,3642.0,3642.0,2021-10-28,2021-10-28 06:40:00,0.9837826508423054,21.0,1.0,best_within_2.0d,3662.0,377.935,0.5832424107187206,4.3760036431226785,32.22527881040892,0.012230020343504162,2.285057100371749,15.890706319702602,0.006381710269403211,0.556231003039515,3.2899999999999636,37.0,0.008586715385619115,0.5,12.0,0.0013116818384532648,1.0,0.00402220134195386,1.9444468750000041,16.553125,0.005470102952261012,0.0,1
3642.0,2021-10-28 06:45:00,381.69,381.82,381.69,381.75,25272.0,2s,2s,0.0,sell,False,0.5957446808510642,4.163492493946733,28.239017640954685,0.011578080659927173,0.012953913005171624,0.10370200314064962,0.11017895964323543,0.0002888476367437018,65.58499696488312,86.30122929373061,80.8755368368725,97.15261420744685,25272.0,0.6299999999999955,1.0,3.2899999999999636,37.0,0.008586715385619115,0.6299999999999955,13.0,0.0016527191164511018,1.0,2.5,0.012953913005171624,0.11017895964323543,0.10370200314064962,65.58499696488312,86.30122929373061,80.8755368368725,97.15261420744685,34.355828220861426,24.539877300607827,37.00036390579855,0.0157195629961493,0.03405905315832101,0.06999999999999318,0.0,0.060000000000002274,1.0,3643.0,3643.0,2021-10-28,2021-10-28 06:45:00,0.9993451211525861,20.0,1.0,best_within_2.0d,3662.0,377.935,0.5832424107187206,4.3760036431226785,32.22527881040892,0.012230020343504162,2.285057100371749,15.890706319702602,0.006381710269403211,0.5957446808510642,3.2899999999999636,37.0,0.008586715385619115,0.6299999999999955,13.0,0.0016527191164511018,1.0,0.00402220134195386,1.9444468750000041,16.553125,0.005470102952261012,0.0,1
3643.0,2021-10-28 06:50:00,381.74,382.02,381.72,382.01,16218.0,2s,2s,0.0,sell,False,0.6565349544072924,4.163492493946733,28.239017640954685,0.011578080659927173,0.05558905363651134,0.11065063484521354,0.1384451616634692,0.00036291100008441923,72.62256650854607,90.36997375800988,84.04034914391829,103.02922298619302,16218.0,0.8299999999999841,1.0,3.2899999999999636,37.0,0.008586715385619115,0.8299999999999841,14.0,0.002177391851832378,1.0,2.5,0.05558905363651134,0.1384451616634692,0.11065063484521354,72.62256650854607,90.36997375800988,84.04034914391829,103.02922298619302,40.10989010989126,21.978021978017686,36.44344789988573,0.0707287682715937,0.07859163784972087,0.009999999999990905,0.01999999999998181,0.2699999999999818,1.0,3644.0,3644.0,2021-10-28,2021-10-28 06:50:00,1.0667260019371192,19.0,1.0,best_within_2.0d,3662.0,377.935,0.5832424107187206,4.3760036431226785,32.22527881040892,0.012230020343504162,2.285057100371749,15.890706319702602,0.006381710269403211,0.6565349544072924,3.2899999999999636,37.0,0.008586715385619115,0.8299999999999841,14.0,0.002177391851832378,1.0,0.00402220134195386,1.9444468750000041,16.553125,0.005470102952261012,0.0,1
3644.0,2021-10-28 06:55:00,381.94,382.03,381.89,381.99,14417.0,2s,2s,0.0,sell,False,0.6595744680851012,4.163492493946733,28.239017640954685,0.011578080659927173,0.07482759577026296,0.12000408431649641,0.1574178822016279,0.0004126043903312392,71.41282541217493,91.61919819161606,86.56663215981754,101.72433025521309,14417.0,0.839999999999975,1.0,3.2899999999999636,37.0,0.008586715385619115,0.839999999999975,15.0,0.002203625488601419,1.0,2.5,0.07482759577026296,0.1574178822016279,0.12000408431649641,71.41282541217493,91.61919819161606,86.56663215981754,101.72433025521309,43.27485380117064,8.771929824556855,38.575496966427885,0.013091061423263176,0.036659771138282324,0.03999999999996362,0.05000000000001137,0.05000000000001137,1.0,3645.0,3645.0,2021-10-28,2021-10-28 06:55:00,1.0615461137726137,18.0,1.0,best_within_2.0d,3662.0,377.935,0.5832424107187206,4.3760036431226785,32.22527881040892,0.012230020343504162,2.285057100371749,15.890706319702602,0.006381710269403211,0.6595744680851012,3.2899999999999636,37.0,0.008586715385619115,0.839999999999975,15.0,0.002203625488601419,1.0,0.00402220134195386,1.9444468750000041,16.553125,0.005470102952261012,0.0,1
3645.0,2021-10-28 07:00:00,382.0,382.07,381.97,381.99,29698.0,2s,2s,0.0,sell,False,0.6717325227963538,4.163492493946733,28.239017640954685,0.011578080659927173,0.0807752463902408,0.13010099011527648,0.17048861331039689,0.00044682323121586617,71.41282541217493,90.24613212774477,87.79313214912662,95.15213208498108,29698.0,0.8799999999999955,1.0,3.2899999999999636,37.0,0.008586715385619115,0.8799999999999955,16.0,0.002308560035677734,1.0,2.5,0.0807752463902408,0.17048861331039689,0.13010099011527648,71.41282541217493,90.24613212774477,87.79313214912662,95.15213208498108,47.272727272731345,9.090909090904706,40.6588140033892,-0.002617801047118038,0.026180066497359974,0.06999999999999318,0.01999999999998181,0.009999999999990905,0.0,3646.0,3646.0,2021-10-28,2021-10-28 07:00:00,1.0615461137726137,17.0,1.0,best_within_2.0d,3662.0,377.935,0.5832424107187206,4.3760036431226785,32.22527881040892,0.012230020343504162,2.285057100371749,15.890706319702602,0.006381710269403211,0.6717325227963538,3.2899999999999636,37.0,0.008586715385619115,0.8799999999999955,16.0,0.002308560035677734,1.0,0.00402220134195386,1.9444468750000041,16.553125,0.005470102952261012,0.0,1
3646.0,2021-10-28 07:05:00,382.04,382.27,382.04,382.27,12584.0,2s,2s,0.0,sell,False,0.732522796352582,4.163492493946733,28.239017640954685,0.011578080659927173,0.11363442663535617,0.144305293444696,0.2011225067623741,0.0005270368050051684,77.49873149334098,93.49742141849651,89.69456190558324,101.10314044432306,12584.0,1.079999999999984,1.0,3.2899999999999636,37.0,0.008586715385619115,1.079999999999984,17.0,0.0028332327710590102,1.0,2.5,0.11363442663535617,0.2011225067623741,0.144305293444696,77.49873149334098,93.49742141849651,89.69456190558324,101.10314044432306,51.91256830601548,8.196721311471387,42.949418197953285,0.060203120092126826,0.060203120092126826,0.0,0.0,0.22999999999996135,1.0,3647.0,3647.0,2021-10-28,2021-10-28 07:05:00,1.1340152248410758,16.0,1.0,best_within_2.0d,3662.0,377.935,0.5832424107187206,4.3760036431226785,32.22527881040892,0.012230020343504162,2.285057100371749,15.890706319702602,0.006381710269403211,0.732522796352582,3.2899999999999636,37.0,0.008586715385619115,1.079999999999984,17.0,0.0028332327710590102,1.0,0.00402220134195386,1.9444468750000041,16.553125,0.005470102952261012,0.0,1
3647.0,2021-10-28 07:10:00,382.26,382.39,382.12,382.18,59978.0,2s,2s,0.0,sell,False,0.7689969604863224,4.163492493946733,28.239017640954685,0.011578080659927173,0.11415463269175807,0.15857462253116578,0.2156519388770448,0.0005650483205778204,72.17963515848258,87.9726399200238,89.12058791039675,85.67674393927791,59978.0,1.1999999999999886,1.0,3.2899999999999636,37.0,0.008586715385619115,1.1999999999999886,18.0,0.0031480364122878058,1.0,2.5,0.11415463269175807,0.2156519388770448,0.15857462253116578,72.17963515848258,87.9726399200238,89.12058791039675,85.67674393927791,49.009900990102665,7.425742574253971,45.14476050712291,-0.0209281640768022,0.07065843190620272,0.12999999999999545,0.060000000000002274,0.07999999999998408,0.0,3648.0,3648.0,2021-10-28,2021-10-28 07:10:00,1.110733162384218,15.0,1.0,best_within_2.0d,3662.0,377.935,0.5832424107187206,4.3760036431226785,32.22527881040892,0.012230020343504162,2.285057100371749,15.890706319702602,0.006381710269403211,0.7689969604863224,3.2899999999999636,37.0,0.008586715385619115,1.1999999999999886,18.0,0.0031480364122878058,1.0,0.00402220134195386,1.9444468750000041,16.553125,0.005470102952261012,1.0,1
3657.0,2021-10-28 08:00:00,382.23,382.33,380.285,381.99,58597.0,1,1,1.0,buy,False,0.14189750660824732,2.1049999999999613,11.0,0.005504851068280974,-0.07165415309662271,0.1881682927219928,0.15234121617368146,0.0003989080862412997,54.281048336172404,54.11470395662283,54.9812529040078,52.38160606185289,58597.0,2.1049999999999613,1.0,2.1049999999999613,11.0,0.005504851068280974,2.1049999999999613,11.0,0.005504851068280974,1.0,1.0,-0.07165415309662271,0.15234121617368146,0.1881682927219928,54.281048336172404,54.11470395662283,54.9812529040078,52.38160606185289,12.514484356894211,48.55156431054587,53.12224190981316,-0.06278941998273528,0.5377545788027293,0.0999999999999659,1.704999999999984,0.2400000000000091,0.0,3658.0,3658.0,2021-10-28,2021-10-28 08:00:00,1.2461059190031127,330.0,1.0,best_within_2.0d,3987.0,386.75,0.5832424107187206,4.3760036431226785,32.22527881040892,0.012230020343504162,2.285057100371749,15.890706319702602,0.006381710269403211,0.4929364202292669,5.6011759621451125,36.843533123028394,0.015614239272951093,2.82998018927445,22.52492113564669,0.007835530045022196,1.8630914826498424,0.00402220134195386,1.9444468750000041,16.553125,0.005470102952261012,1.0,0
3662.0,2021-10-28 08:25:00,380.29,380.54,380.28,380.3,11529.0,1p,1p,0.0,sell,False,1.8625252456174424,2.6100000000000136,38.0,0.0069060408012066084,0.3831990213167855,0.24887966655180027,0.44047917721019303,0.0011617659897966638,81.1250451452943,90.45831821009307,89.68032531405575,92.0143040021677,11529.0,2.6100000000000136,0.0,2.6100000000000136,38.0,0.0069060408012066084,2.6100000000000136,0.0,0.0,1.0,1.0,0.3831990213167855,0.44047917721019303,0.24887966655180027,81.1250451452943,90.45831821009307,89.68032531405575,92.0143040021677,76.84210526316073,3.859649122805548,50.68173622871182,0.0026295721686057758,0.06837067424004623,0.2400000000000091,0.010000000000047748,0.009999999999990905,1.0,3663.0,3663.0,2021-10-28,2021-10-28 08:25:00,1.8084658313151531,325.0,1.0,best_within_2.0d,3987.0,386.75,0.5832424107187206,4.3760036431226785,32.22527881040892,0.012230020343504162,2.285057100371749,15.890706319702602,0.006381710269403211,0.4929364202292669,5.6011759621451125,36.843533123028394,0.015614239272951093,2.82998018927445,22.52492113564669,0.007835530045022196,1.8630914826498424,0.00402220134195386,1.9444468750000041,16.553125,0.005470102952261012,0.0,1
3662.0,2021-10-28 08:25:00,378.28,378.5099,377.905,377.935,887400.0,1p,1p,1.0,buy,False,3.087691210716209,4.805000000000007,25.0,0.012555198453136858,-0.47058292775350696,-0.45732640851555095,-0.6926178723923044,-0.0018220471174771587,26.478130980584794,14.896808091554043,23.72919104535258,-2.7679578160430296,887400.0,4.805000000000007,0.0,4.805000000000007,25.0,0.012555198453136858,4.805000000000007,0.0,0.0,1.0,1.0,-0.47058292775350696,-0.6926178723923044,-0.45732640851555095,26.478130980584794,14.896808091554043,23.72919104535258,-2.7679578160430296,7.903739530494436,44.88616255750846,58.460502935375644,-0.09120228402240944,0.16006668342574015,0.2299000000000433,0.03000000000002956,0.34499999999997044,0.0,3663.0,3663.0,2021-10-28,2021-10-28 08:25:00,1.8084658313151531,325.0,1.0,best_within_2.0d,3987.0,386.75,0.5832424107187206,4.3760036431226785,32.22527881040892,0.012230020343504162,2.285057100371749,15.890706319702602,0.006381710269403211,0.4929364202292669,5.6011759621451125,36.843533123028394,0.015614239272951093,2.82998018927445,22.52492113564669,0.007835530045022196,1.8630914826498424,0.00402220134195386,1.9444468750000041,16.553125,0.005470102952261012,0.0,0
3662.0,2021-10-28 08:25:00,378.37,378.37,378.09,378.12,13511.0,2,2,1.0,buy,False,0.9164785553047405,4.163492493946733,28.239017640954685,0.011578080659927173,-0.018489646528520975,-0.17672809011755727,-0.18597291338181776,-0.0004910599277259413,32.58377726009918,35.36447469217177,49.332780597894086,7.427862880727133,13511.0,2.0300000000000296,1.0,2.215000000000032,36.0,0.005861261428136786,2.0300000000000296,86.0,0.005340418815111095,2.0,2.0,-0.018489646528520975,-0.18597291338181776,-0.17672809011755727,32.58377726009918,35.36447469217177,49.332780597894086,7.427862880727133,18.939393939391884,46.21212121212249,34.63097596975506,-0.0660728916140286,0.07405644158798952,0.0,0.03000000000002956,0.25,0.0,3663.0,3663.0,2021-10-28,2021-10-28 08:25:00,1.8084658313151531,325.0,1.0,best_within_2.0d,3987.0,386.75,0.9164785553047405,2.215000000000032,36.0,0.005861261428136786,2.0300000000000296,86.0,0.005340418815111095,0.4929364202292669,5.6011759621451125,36.843533123028394,0.015614239272951093,2.82998018927445,22.52492113564669,0.007835530045022196,1.8630914826498424,0.00402220134195386,1.9444468750000041,16.553125,0.005470102952261012,0.0,0
3662.0,2021-10-28 08:25:00,383.02,383.15,383.0,383.1,203360.0,1p,1p,0.0,sell,False,1.2761817365102617,5.060000000000002,83.0,0.013383056944113842,0.059524951394952064,0.40306910208821545,0.4328315777856915,0.0011324264670173178,74.7375061887756,88.93142634908133,85.9458689547559,94.90254113773221,203360.0,5.060000000000002,0.0,5.060000000000002,83.0,0.013383056944113842,5.060000000000002,0.0,0.0,1.0,1.0,0.059524951394952064,0.4328315777856915,0.40306910208821545,74.7375061887756,88.93142634908133,85.9458689547559,94.90254113773221,33.46737342350477,3.3945217641082626,60.09347412425302,0.0208866377734951,0.03916449086161287,0.049999999999954525,0.01999999999998181,0.08000000000004093,1.0,3663.0,3663.0,2021-10-28,2021-10-28 08:25:00,1.8084658313151531,325.0,1.0,best_within_2.0d,3987.0,386.75,0.5832424107187206,4.3760036431226785,32.22527881040892,0.012230020343504162,2.285057100371749,15.890706319702602,0.006381710269403211,0.4929364202292669,5.6011759621451125,36.843533123028394,0.015614239272951093,2.82998018927445,22.52492113564669,0.007835530045022196,1.8630914826498424,0.00402220134195386,1.9444468750000041,16.553125,0.005470102952261012,0.0,1
3662.0,2021-10-28 08:25:00,379.89,379.915,379.86,379.88,24514.0,2s,2s,1.0,buy,False,0.11738148984198066,4.163492493946733,28.239017640954685,0.011578080659927173,-0.0481301610439151,-0.5386403207206099,-0.5627054012425674,-0.0014775573498178507,26.377742140389543,8.763790421489482,13.057531613621615,0.17630803722521549,24514.0,3.2899999999999636,1.0,2.215000000000032,36.0,0.005861261428136786,3.2899999999999636,37.0,0.008586715385619115,1.0,2.5,-0.0481301610439151,-0.5627054012425674,-0.5386403207206099,26.377742140389543,8.763790421489482,13.057531613621615,0.17630803722521549,4.469662921349166,34.60674157303298,63.28011985262498,-0.002632340940796258,0.014479018585796564,0.025000000000034106,0.01999999999998181,0.009999999999990905,0.0,3663.0,3663.0,2021-10-28,2021-10-28 08:25:00,1.8084658313151531,325.0,1.0,best_within_2.0d,3987.0,386.75,0.5832424107187206,4.3760036431226785,32.22527881040892,0.012230020343504162,2.285057100371749,15.890706319702602,0.006381710269403211,0.11738148984198066,2.215000000000032,36.0,0.005861261428136786,3.2899999999999636,37.0,0.008586715385619115,1.0,0.00402220134195386,1.9444468750000041,16.553125,0.005470102952261012,0.0,0
3675.0,2021-10-28 09:30:00,381.95,382.41,381.61,381.92,1192977.0,2s,2s,0.0,sell,False,0.7750759878419573,4.163492493946733,28.239017640954685,0.011578080659927173,-0.028939066536043886,0.009587787002482666,-0.004881746265539277,-1.2782447704085936e-05,50.50612536812267,49.46176591570746,47.44624472554107,53.492808296040224,1192977.0,2.125,1.0,3.2899999999999636,37.0,0.008586715385619115,2.125,19.0,0.005587914327412335,2.0,2.5,-0.028939066536043886,-0.004881746265539277,0.009587787002482666,50.50612536812267,49.46176591570746,47.44624472554107,53.492808296040224,22.92347461347229,20.021460274105277,41.3222435021159,-0.007854431208266191,0.20963811220880255,0.4600000000000364,0.3100000000000023,0.029999999999972715,0.0,3676.0,3676.0,2021-10-28,2021-10-28 09:30:00,0.5027230833682488,82.0,1.0,best_within_2.0d,3757.0,380.0,0.5832424107187206,4.3760036431226785,32.22527881040892,0.012230020343504162,2.285057100371749,15.890706319702602,0.006381710269403211,0.7750759878419573,3.2899999999999636,37.0,0.008586715385619115,2.125,19.0,0.005587914327412335,2.0,0.00402220134195386,1.9444468750000041,16.553125,0.005470102952261012,0.0,1
3678.0,2021-10-28 09:45:00,381.91,382.55,381.9,381.99,1127031.0,2s,2s,0.0,sell,False,0.8176291793313153,4.163492493946733,28.239017640954685,0.011578080659927173,-0.01673087634954041,-0.007514255986585725,-0.01587969416135593,-4.1581861040220095e-05,52.91383379183628,51.9881001904974,48.34813757981121,59.268025411869786,1127031.0,2.2649999999999864,1.0,3.2899999999999636,37.0,0.008586715385619115,2.2649999999999864,22.0,0.005956059271335935,2.0,2.5,-0.01673087634954041,-0.01587969416135593,-0.007514255986585725,52.91383379183628,51.9881001904974,48.34813757981121,59.268025411869786,29.203325830993304,14.999720987332577,36.151554527631724,0.020947343614983654,0.1702016234616481,0.5600000000000023,0.010000000000047748,0.07999999999998408,1.0,3679.0,3679.0,2021-10-28,2021-10-28 09:45:00,0.5209560459697922,79.0,1.0,best_within_2.0d,3757.0,380.0,0.5832424107187206,4.3760036431226785,32.22527881040892,0.012230020343504162,2.285057100371749,15.890706319702602,0.006381710269403211,0.8176291793313153,3.2899999999999636,37.0,0.008586715385619115,2.2649999999999864,22.0,0.005956059271335935,2.0,0.00402220134195386,1.9444468750000041,16.553125,0.005470102952261012,0.0,1
3682.0,2021-10-28 10:05:00,382.17,382.63,381.92,382.54,519073.0,2s,2s,0.0,sell,False,0.8419452887538031,4.163492493946733,28.239017640954685,0.011578080659927173,0.10560753563899597,0.012024140057306159,0.06482790787680415,0.000169722443348715,64.42092670147991,71.50806723544352,60.31998034830094,93.88424100972868,519073.0,2.3449999999999704,1.0,3.2899999999999636,37.0,0.008586715385619115,2.3449999999999704,26.0,0.0061664278107208285,2.0,2.5,0.10560753563899597,0.06482790787680415,0.012024140057306159,64.42092670147991,71.50806723544352,60.31998034830094,93.88424100972868,26.980728051391246,13.347608850820667,33.63796928783146,0.09681555328780504,0.18590280687054345,0.08999999999997499,0.25,0.37000000000000455,1.0,3683.0,3683.0,2021-10-28,2021-10-28 10:05:00,0.6639828514665186,75.0,1.0,best_within_2.0d,3757.0,380.0,0.5832424107187206,4.3760036431226785,32.22527881040892,0.012230020343504162,2.285057100371749,15.890706319702602,0.006381710269403211,0.8419452887538031,3.2899999999999636,37.0,0.008586715385619115,2.3449999999999704,26.0,0.0061664278107208285,2.0,0.00402220134195386,1.9444468750000041,16.553125,0.005470102952261012,0.0,1
3685.0,2021-10-28 10:20:00,382.32,382.7,382.104,382.47,407826.0,2s,2s,0.0,sell,False,0.8632218844984821,4.163492493946733,28.239017640954685,0.011578080659927173,0.11583663740376535,0.04821875433962654,0.10613707304150921,0.00027782228799909993,59.33810732997372,76.16731909232817,69.27994286619226,89.9420715446,407826.0,2.4149999999999636,1.0,3.2899999999999636,37.0,0.008586715385619115,2.4149999999999636,29.0,0.006350500282682628,2.0,2.5,0.11583663740376535,0.10613707304150921,0.04821875433962654,59.33810732997372,76.16731909232817,69.27994286619226,89.9420715446,23.156394727466775,13.003206270039435,31.10335712571466,0.03923414940364985,0.15597847706383697,0.22999999999996135,0.21600000000000819,0.1500000000000341,1.0,3686.0,3686.0,2021-10-28,2021-10-28 10:20:00,0.6458022851465546,72.0,1.0,best_within_2.0d,3757.0,380.0,0.5832424107187206,4.3760036431226785,32.22527881040892,0.012230020343504162,2.285057100371749,15.890706319702602,0.006381710269403211,0.8632218844984821,3.2899999999999636,37.0,0.008586715385619115,2.4149999999999636,29.0,0.006350500282682628,2.0,0.00402220134195386,1.9444468750000041,16.553125,0.005470102952261012,0.0,1
3686.0,2021-10-28 10:25:00,382.495,382.97,382.42,382.72,344739.0,2s,2s,0.0,sell,False,0.9452887537994067,4.163492493946733,28.239017640954685,0.011578080659927173,0.15432479906997273,0.06750935422337313,0.1446717537583595,0.00037863940837870656,63.21453449431921,78.4426118211894,72.3341658511913,90.65950376118559,344739.0,2.6850000000000023,1.0,3.2899999999999636,37.0,0.008586715385619115,2.6850000000000023,30.0,0.0070604941031068855,2.0,2.5,0.15432479906997273,0.1446717537583595,0.06750935422337313,63.21453449431921,78.4426118211894,72.3341658511913,90.65950376118559,25.025594357865717,12.455920828119902,31.277093051809736,0.05882429835684721,0.1438209298676877,0.25,0.07499999999998863,0.22500000000002274,1.0,3687.0,3687.0,2021-10-28,2021-10-28 10:25:00,0.7107023411371308,71.0,1.0,best_within_2.0d,3757.0,380.0,0.5832424107187206,4.3760036431226785,32.22527881040892,0.012230020343504162,2.285057100371749,15.890706319702602,0.006381710269403211,0.9452887537994067,3.2899999999999636,37.0,0.008586715385619115,2.6850000000000023,30.0,0.0070604941031068855,2.0,0.00402220134195386,1.9444468750000041,16.553125,0.005470102952261012,0.0,1
3687.0,2021-10-28 10:30:00,382.72,383.03,382.62,382.94,398884.0,2s,2s,0.0,sell,False,0.9635258358662596,4.163492493946733,28.239017640954685,0.011578080659927173,0.197207304473617,0.09216026728257526,0.19076391951938376,0.000499190336777415,66.26259168514406,83.66762356706795,76.11198508981684,98.77890052157016,398884.0,2.7449999999999477,1.0,3.2899999999999636,37.0,0.008586715385619115,2.7449999999999477,31.0,0.007218270507645444,2.0,2.5,0.197207304473617,0.19076391951938376,0.09216026728257526,66.26259168514406,83.66762356706795,76.11198508981684,98.77890052157016,24.858506270113708,12.15181444900704,31.495360232623778,0.05748327759196552,0.10715592493857302,0.08999999999997499,0.10000000000002274,0.21999999999997044,1.0,3688.0,3688.0,2021-10-28,2021-10-28 10:30:00,0.7677442941452963,70.0,1.0,best_within_2.0d,3757.0,380.0,0.5832424107187206,4.3760036431226785,32.22527881040892,0.012230020343504162,2.285057100371749,15.890706319702602,0.006381710269403211,0.9635258358662596,3.2899999999999636,37.0,0.008586715385619115,2.7449999999999477,31.0,0.007218270507645444,2.0,0.00402220134195386,1.9444468750000041,16.553125,0.005470102952261012,0.0,1
3688.0,2021-10-28 10:35:00,382.92,383.13,382.869,383.09,378949.0,2s,2s,0.0,sell,False,0.9939209726443824,4.163492493946733,28.239017640954685,0.011578080659927173,0.23121217933356375,0.12106178969927073,0.2366678793660526,0.0006191984304033121,68.19750414592187,88.22874683720599,80.15090567227989,104.38442916705816,378949.0,2.8449999999999704,1.0,3.2899999999999636,37.0,0.008586715385619115,2.8449999999999704,32.0,0.007481231181876672,2.0,2.5,0.23121217933356375,0.2366678793660526,0.12106178969927073,68.19750414592187,88.22874683720599,80.15090567227989,104.38442916705816,25.188637372392165,12.150466045273271,31.739854242753605,0.04439569622896664,0.06816953057049989,0.040000000000020464,0.05099999999998772,0.16999999999995907,1.0,3689.0,3689.0,2021-10-28,2021-10-28 10:35:00,0.806598971521046,69.0,1.0,best_within_2.0d,3757.0,380.0,0.5832424107187206,4.3760036431226785,32.22527881040892,0.012230020343504162,2.285057100371749,15.890706319702602,0.006381710269403211,0.9939209726443824,3.2899999999999636,37.0,0.008586715385619115,2.8449999999999704,32.0,0.007481231181876672,2.0,0.00402220134195386,1.9444468750000041,16.553125,0.005470102952261012,0.0,1
3716.0,2021-10-28 12:55:00,383.3,383.4081,382.415,382.75,345448.0,2,2,1.0,buy,False,0.43124165554071425,4.163492493946733,28.239017640954685,0.011578080659927173,-0.24556677825030543,0.21614572975571553,0.09336234063056281,0.00024352904031177145,37.74988728249709,36.773328024774464,51.697830766978406,6.924322540366589,345448.0,1.6149999999999523,1.0,3.7449999999999477,46.0,0.009847877249957131,1.6149999999999523,15.0,0.0042054006197431255,2.0,2.0,-0.24556677825030543,0.09336234063056281,0.21614572975571553,37.74988728249709,36.773328024774464,51.697830766978406,6.924322540366589,10.977065393469848,34.2079461164636,25.83151784415164,-0.14349073832507472,0.2596916961939176,0.10809999999997899,0.33499999999997954,0.5500000000000114,0.0,3717.0,3717.0,2021-10-28,2021-10-28 12:55:00,1.0450685826257349,271.0,1.0,best_within_2.0d,3987.0,386.75,0.43124165554071425,3.7449999999999477,46.0,0.009847877249957131,1.6149999999999523,15.0,0.0042054006197431255,0.4929364202292669,5.6011759621451125,36.843533123028394,0.015614239272951093,2.82998018927445,22.52492113564669,0.007835530045022196,1.8630914826498424,0.00402220134195386,1.9444468750000041,16.553125,0.005470102952261012,1.0,0
3736.0,2021-10-28 14:35:00,383.89,384.16,383.86,383.92,313538.0,1p,1p,0.0,sell,False,0.3145661297580599,1.7450000000000045,21.0,0.004563105526718367,0.0911255574371524,0.10719902003985735,0.15276179875843354,0.0003982856875876612,62.26215759192133,83.51378033751766,86.01660944298052,78.50812212659193,313538.0,1.7450000000000045,0.0,1.7450000000000045,21.0,0.004563105526718367,1.7450000000000045,0.0,0.0,1.0,1.0,0.0911255574371524,0.15276179875843354,0.10719902003985735,62.26215759192133,83.51378033751766,86.01660944298052,78.50812212659193,38.11002505381536,9.351070962277932,42.99638336946795,0.00781473859700163,0.07815349346116067,0.2400000000000091,0.029999999999972715,0.03000000000002956,1.0,3737.0,3737.0,2021-10-28,2021-10-28 14:35:00,1.0210460512606834,21.0,1.0,best_within_2.0d,3757.0,380.0,0.5832424107187206,4.3760036431226785,32.22527881040892,0.012230020343504162,2.285057100371749,15.890706319702602,0.006381710269403211,0.4929364202292669,5.6011759621451125,36.843533123028394,0.015614239272951093,2.82998018927445,22.52492113564669,0.007835530045022196,1.8630914826498424,0.00402220134195386,1.9444468750000041,16.553125,0.005470102952261012,1.0,1
3742.0,2021-10-28 15:05:00,383.49,383.6566,383.37,383.6382,174999.0,2s,2s,1.0,buy,False,0.17623497997329168,4.163492493946733,28.239017640954685,0.011578080659927173,-0.05414754019529874,0.11074254659783915,0.08366877650018978,0.00021811608723305495,51.362284127343024,34.40929099367636,46.013473473951734,11.200926033125597,174999.0,0.7900000000000205,1.0,3.7449999999999477,46.0,0.009847877249957131,0.7900000000000205,7.0,0.0020564348188255423,1.0,2.5,-0.05414754019529874,0.08366877650018978,0.11074254659783915,51.362284127343024,34.40929099367636,46.013473473951734,11.200926033125597,21.098927223560658,17.681495349321867,32.72981171512323,0.03864507549087964,0.07475806661972019,0.018400000000042382,0.12000000000000455,0.14819999999997435,1.0,3743.0,3743.0,2021-10-28,2021-10-28 15:05:00,0.8111288187672699,245.0,1.0,best_within_2.0d,3987.0,386.75,0.5832424107187206,4.3760036431226785,32.22527881040892,0.012230020343504162,2.285057100371749,15.890706319702602,0.006381710269403211,0.17623497997329168,3.7449999999999477,46.0,0.009847877249957131,0.7900000000000205,7.0,0.0020564348188255423,1.0,0.00402220134195386,1.9444468750000041,16.553125,0.005470102952261012,0.0,0
3743.0,2021-10-28 15:10:00,383.64,383.69,383.36,383.3999,283792.0,2s,2s,1.0,buy,False,0.1789052069425817,4.163492493946733,28.239017640954685,0.011578080659927173,-0.08912873821260242,0.09960145432126385,0.055037085214962644,0.0001434816207311112,45.23394780475845,24.602027329117078,38.87632475900685,-3.9465675306624632,283792.0,0.8000000000000114,1.0,3.7449999999999477,46.0,0.009847877249957131,0.8000000000000114,8.0,0.002082465639316981,1.0,2.5,-0.08912873821260242,0.055037085214962644,0.09960145432126385,45.23394780475845,24.602027329117078,38.87632475900685,-3.9465675306624632,15.482859713795735,17.270906504891954,30.781900669183376,-0.06258471483682201,0.0860809682804633,0.05000000000001137,0.03989999999998872,0.240099999999984,0.0,3744.0,3744.0,2021-10-28,2021-10-28 15:10:00,0.873787395354041,244.0,1.0,best_within_2.0d,3987.0,386.75,0.5832424107187206,4.3760036431226785,32.22527881040892,0.012230020343504162,2.285057100371749,15.890706319702602,0.006381710269403211,0.1789052069425817,3.7449999999999477,46.0,0.009847877249957131,0.8000000000000114,8.0,0.002082465639316981,1.0,0.00402220134195386,1.9444468750000041,16.553125,0.005470102952261012,0.0,0
3744.0,2021-10-28 15:15:00,383.3991,383.8,383.34,383.77,216198.0,2s,2s,1.0,buy,False,0.18424566088117686,4.163492493946733,28.239017640954685,0.011578080659927173,-0.06096025983179748,0.09198142184228916,0.06150129192639042,0.00016032800534250465,54.344961541685926,33.88102634949189,37.211225289168524,27.22062847013862,216198.0,0.82000000000005,1.0,3.7449999999999477,46.0,0.009847877249957131,0.82000000000005,9.0,0.002134527280300005,1.0,2.5,-0.06096025983179748,0.06150129192639042,0.09198142184228916,54.344961541685926,33.88102634949189,37.211225289168524,27.22062847013862,16.46984227629399,15.719531848564827,28.749688178836816,0.09673992453294909,0.11999791307978201,0.03000000000002956,0.05910000000000082,0.370900000000006,1.0,3745.0,3745.0,2021-10-28,2021-10-28 15:15:00,0.7765067618625787,243.0,1.0,best_within_2.0d,3987.0,386.75,0.5832424107187206,4.3760036431226785,32.22527881040892,0.012230020343504162,2.285057100371749,15.890706319702602,0.006381710269403211,0.18424566088117686,3.7449999999999477,46.0,0.009847877249957131,0.82000000000005,9.0,0.002134527280300005,1.0,0.00402220134195386,1.9444468750000041,16.553125,0.005470102952261012,1.0,0
3749.0,2021-10-28 15:40:00,383.8,383.8812,383.19,383.21,412779.0,2s,2s,1.0,buy,False,0.2242990654205572,4.163492493946733,28.239017640954685,0.011578080659927173,-0.07911433779680574,0.062060271980220114,0.022503103081817244,5.8662722059811887e-05,41.866017210886,35.49912581966934,42.20734194824105,22.082693562525918,412779.0,0.9700000000000273,1.0,3.7449999999999477,46.0,0.009847877249957131,0.9700000000000273,14.0,0.0025249895876718743,1.0,2.5,-0.07911433779680574,0.022503103081817244,0.062060271980220114,41.866017210886,35.49912581966934,42.20734194824105,22.082693562525918,19.33986697884496,23.724177941693796,24.847631224795688,-0.15372589890568833,0.18038049009629184,0.08119999999996708,0.01999999999998181,0.5900000000000318,0.0,3750.0,3750.0,2021-10-28,2021-10-28 15:40:00,0.9237754755878033,238.0,1.0,best_within_2.0d,3987.0,386.75,0.5832424107187206,4.3760036431226785,32.22527881040892,0.012230020343504162,2.285057100371749,15.890706319702602,0.006381710269403211,0.2242990654205572,3.7449999999999477,46.0,0.009847877249957131,0.9700000000000273,14.0,0.0025249895876718743,1.0,0.00402220134195386,1.9444468750000041,16.553125,0.005470102952261012,0.0,0
3750.0,2021-10-28 15:45:00,383.21,383.66,383.11,383.535,440972.0,2s,2s,1.0,buy,False,0.24566088117489238,4.163492493946733,28.239017640954685,0.011578080659927173,-0.07730736074509784,0.05239685188708289,0.01374317151453397,3.5827156247561806e-05,48.85175230859647,37.28787875157526,40.567520882685784,30.728594489354222,440972.0,1.0500000000000114,1.0,3.7449999999999477,46.0,0.009847877249957131,1.0500000000000114,15.0,0.002733236151603528,1.0,2.5,-0.07730736074509784,0.01374317151453397,0.05239685188708289,48.85175230859647,37.28787875157526,40.567520882685784,30.728594489354222,13.265567440851612,24.13174950258951,25.148232365713255,0.08480989535764868,0.14356190128161922,0.125,0.0999999999999659,0.3250000000000455,1.0,3751.0,3751.0,2021-10-28,2021-10-28 15:45:00,0.8382546573324403,237.0,1.0,best_within_2.0d,3987.0,386.75,0.5832424107187206,4.3760036431226785,32.22527881040892,0.012230020343504162,2.285057100371749,15.890706319702602,0.006381710269403211,0.24566088117489238,3.7449999999999477,46.0,0.009847877249957131,1.0500000000000114,15.0,0.002733236151603528,1.0,0.00402220134195386,1.9444468750000041,16.553125,0.005470102952261012,0.0,0
3754.0,2021-10-28 16:05:00,382.89,383.33,382.8,383.22,290958.0,2s,2s,1.0,buy,False,0.32843791722295823,4.163492493946733,28.239017640954685,0.011578080659927173,-0.11351216219683148,0.03530923609686693,-0.02144684500154881,-5.5911291935105695e-05,45.1833866226244,37.79309500571368,45.43973194678248,22.499821123576083,290958.0,1.3600000000000136,1.0,3.7449999999999477,46.0,0.009847877249957131,1.3600000000000136,19.0,0.0035401915868388525,1.0,2.5,-0.11351216219683148,-0.02144684500154881,0.03530923609686693,45.1833866226244,37.79309500571368,45.43973194678248,22.499821123576083,20.024672155326297,28.40918233259073,22.807740530232753,0.08618663323671052,0.13845350052245892,0.1099999999999568,0.08999999999997499,0.3300000000000409,1.0,3755.0,3755.0,2021-10-28,2021-10-28 16:05:00,0.9211419028234363,233.0,1.0,best_within_2.0d,3987.0,386.75,0.5832424107187206,4.3760036431226785,32.22527881040892,0.012230020343504162,2.285057100371749,15.890706319702602,0.006381710269403211,0.32843791722295823,3.7449999999999477,46.0,0.009847877249957131,1.3600000000000136,19.0,0.0035401915868388525,1.0,0.00402220134195386,1.9444468750000041,16.553125,0.005470102952261012,0.0,0
3757.0,2021-10-28 16:20:00,383.2,383.25,380.0,380.0,44797.0,1p,1p,1.0,buy,False,2.1243848666052596,4.160000000000025,22.0,0.01082882132444821,-0.5535397409241729,-0.07184750644541159,-0.34861737690749806,-0.0009096095785639814,23.3307321298155,18.361161238974635,30.27818397290106,-5.472884228878215,44797.0,4.160000000000025,0.0,4.160000000000025,22.0,0.01082882132444821,4.160000000000025,0.0,0.0,1.0,1.0,-0.5535397409241729,-0.34861737690749806,-0.07184750644541159,23.3307321298155,18.361161238974635,30.27818397290106,-5.472884228878215,14.482402888544533,49.994048327578724,23.776829090375916,-0.8350730688935253,0.855263157894737,0.05000000000001137,0.0,3.1999999999999886,0.0,3758.0,3758.0,2021-10-28,2021-10-28 16:20:00,1.776315789473684,230.0,1.0,best_within_2.0d,3987.0,386.75,0.5832424107187206,4.3760036431226785,32.22527881040892,0.012230020343504162,2.285057100371749,15.890706319702602,0.006381710269403211,0.4929364202292669,5.6011759621451125,36.843533123028394,0.015614239272951093,2.82998018927445,22.52492113564669,0.007835530045022196,1.8630914826498424,0.00402220134195386,1.9444468750000041,16.553125,0.005470102952261012,1.0,0
3830.0,2021-10-29 06:25:00,383.3,383.4081,382.415,382.75,345448.0,3a,3a,1.0,buy,False,0.001600251842913019,4.163492493946733,28.239017640954685,0.011578080659927173,-0.2455667782506062,0.21614572975615012,0.09336234063084703,0.000243529040312513,37.74988728253018,36.773328024774464,51.697830766978406,6.924322540366589,345448.0,1.6149999999999523,2.0,1.6149999999999523,15.0,0.0042054006197431255,1.6149999999999523,15.0,0.0042054006197431255,3.0,3.0,-0.2455667782506062,0.09336234063084703,0.21614572975615012,37.74988728253018,36.773328024774464,51.697830766978406,6.924322540366589,10.977065393469848,34.2079461164636,25.831517844107033,-0.14349073832507472,0.2596916961939176,0.10809999999997899,0.33499999999997954,0.5500000000000114,0.0,3831.0,3831.0,2021-10-29,2021-10-29 06:25:00,1.0450685826257349,157.0,1.0,best_within_2.0d,3987.0,386.75,0.5832424107187206,4.3760036431226785,32.22527881040892,0.012230020343504162,2.285057100371749,15.890706319702602,0.006381710269403211,0.4929364202292669,5.6011759621451125,36.843533123028394,0.015614239272951093,2.82998018927445,22.52492113564669,0.007835530045022196,1.8630914826498424,0.001600251842913019,1.6149999999999523,15.0,0.0042054006197431255,0.0,0
3901.0,2021-10-29 12:20:00,384.37,384.93,384.305,384.805,671973.0,1,1,0.0,sell,False,0.8872172802526411,4.930000000000007,145.0,0.012973684210526333,0.15008982321459996,0.49210316584257185,0.5671480774498718,0.0014794762327995118,80.25322880819041,91.18258204325895,88.15164525065893,97.24445562845898,671973.0,4.930000000000007,2.0,4.930000000000007,145.0,0.012973684210526333,4.930000000000007,145.0,0.012973684210526333,1.0,1.0,0.15008982321459996,0.5671480774498718,0.49210316584257185,80.25322880819041,91.18258204325895,88.15164525065893,97.24445562845898,43.8109694845641,2.4555215751057915,62.39318213128245,0.11317220386606713,0.16263124341343463,0.125,0.06499999999999773,0.4350000000000023,1.0,3902.0,3902.0,2021-10-29,2021-10-29 12:20:00,0.1213861566247882,25.0,1.0,best_within_2.0d,3926.0,384.3379,0.5832424107187206,4.3760036431226785,32.22527881040892,0.012230020343504162,2.285057100371749,15.890706319702602,0.006381710269403211,0.4929364202292669,5.6011759621451125,36.843533123028394,0.015614239272951093,2.82998018927445,22.52492113564669,0.007835530045022196,1.8630914826498424,0.00402220134195386,1.9444468750000041,16.553125,0.005470102952261012,0.0,1
3902.0,2021-10-29 12:25:00,384.81,385.03,384.68,384.99,251579.0,1,1,0.0,sell,False,0.8872172802977185,5.029999999999973,146.0,0.013236842105263087,0.1905763176240156,0.5159252055455739,0.6112133643575817,0.0015939189949724646,81.62917224167133,93.31850851076771,89.87393300402852,100.20765952424608,251579.0,5.029999999999973,2.0,5.029999999999973,146.0,0.013236842105263087,5.029999999999973,146.0,0.013236842105263087,1.0,1.0,0.1905763176240156,0.6112133643575817,0.5159252055455739,81.62917224167133,93.31850851076771,89.87393300402852,100.20765952424608,41.805628827671626,2.5231093882610205,64.2662671024198,0.0467763311764265,0.09098471456794371,0.03999999999996362,0.12999999999999545,0.18000000000000682,1.0,3903.0,3903.0,2021-10-29,2021-10-29 12:25:00,0.1693810228837161,24.0,1.0,best_within_2.0d,3926.0,384.3379,0.5832424107187206,4.3760036431226785,32.22527881040892,0.012230020343504162,2.285057100371749,15.890706319702602,0.006381710269403211,0.4929364202292669,5.6011759621451125,36.843533123028394,0.015614239272951093,2.82998018927445,22.52492113564669,0.007835530045022196,1.8630914826498424,0.00402220134195386,1.9444468750000041,16.553125,0.005470102952261012,1.0,1
3911.0,2021-10-29 13:10:00,384.78,385.09,384.77,385.08,146960.0,1,1,0.0,sell,False,0.8872172801403572,5.089999999999975,155.0,0.013394736842105197,-0.06735182453367505,0.5638396371357792,0.5301637248689417,0.0013800359430014189,73.6304271949797,76.21694488834032,76.74154975082496,75.16773516337105,146960.0,5.089999999999975,2.0,5.089999999999975,155.0,0.013394736842105197,5.089999999999975,155.0,0.013394736842105197,1.0,1.0,-0.06735182453367505,0.5301637248689417,0.5638396371357792,73.6304271949797,76.21694488834032,76.74154975082496,75.16773516337105,39.19180149881974,6.23891110346055,69.02171503858936,0.07796663028224216,0.08316656704004813,0.009999999999990905,0.009999999999990905,0.30000000000001137,1.0,3912.0,3912.0,2021-10-29,2021-10-29 13:10:00,0.192713202451437,15.0,1.0,best_within_2.0d,3926.0,384.3379,0.5832424107187206,4.3760036431226785,32.22527881040892,0.012230020343504162,2.285057100371749,15.890706319702602,0.006381710269403211,0.4929364202292669,5.6011759621451125,36.843533123028394,0.015614239272951093,2.82998018927445,22.52492113564669,0.007835530045022196,1.8630914826498424,0.00402220134195386,1.9444468750000041,16.553125,0.005470102952261012,0.0,1
3918.0,2021-10-29 13:45:00,384.85,384.89,384.5001,384.62,176664.0,2,2,1.0,buy,False,0.1635501858736099,4.163492493946733,28.239017640954685,0.011578080659927173,-0.22354439515337976,0.46634841720869824,0.35457621963200836,0.0009221802008982269,53.865356714426035,32.90289835761248,50.07275489876825,-1.436814724699076,176664.0,0.8799000000000206,1.0,5.3799999999999955,156.0,0.014157894736842093,0.8799000000000206,7.0,0.002283200996419172,2.0,2.0,-0.22354439515337976,0.35457621963200836,0.46634841720869824,53.865356714426035,32.90289835761248,50.07275489876825,-1.436814724699076,20.462420838807915,23.225594455728338,54.615365634213354,-0.05976354423801953,0.1014043949533463,0.03999999999996362,0.11990000000002965,0.2300000000000182,0.0,3919.0,3919.0,2021-10-29,2021-10-29 13:45:00,0.553793354479745,69.0,1.0,best_within_2.0d,3987.0,386.75,0.1635501858736099,5.3799999999999955,156.0,0.014157894736842093,0.8799000000000206,7.0,0.002283200996419172,0.4929364202292669,5.6011759621451125,36.843533123028394,0.015614239272951093,2.82998018927445,22.52492113564669,0.007835530045022196,1.8630914826498424,0.00402220134195386,1.9444468750000041,16.553125,0.005470102952261012,1.0,0
3926.0,2021-10-29 14:25:00,384.58,384.63,384.32,384.3379,295402.0,2,2,1.0,buy,False,0.1970260223048333,4.163492493946733,28.239017640954685,0.011578080659927173,-0.24624075137815937,0.25222493851240885,0.12910456282332916,0.00033569234077697273,43.72776649950766,23.38258210099745,34.15939980312417,1.828946696744012,295402.0,1.0600000000000023,1.0,5.3799999999999955,156.0,0.014157894736842093,1.0600000000000023,15.0,0.0027505319424983195,2.0,2.0,-0.24624075137815937,0.12910456282332916,0.25222493851240885,43.72776649950766,23.38258210099745,34.15939980312417,1.828946696744012,10.1733550965263,33.90836944897592,36.80458344656417,-0.06295179156482228,0.08066194837635364,0.05000000000001137,0.017899999999997362,0.24209999999999354,0.0,3927.0,3927.0,2021-10-29,2021-10-29 14:25:00,0.6275987874211754,61.0,1.0,best_within_2.0d,3987.0,386.75,0.1970260223048333,5.3799999999999955,156.0,0.014157894736842093,1.0600000000000023,15.0,0.0027505319424983195,0.4929364202292669,5.6011759621451125,36.843533123028394,0.015614239272951093,2.82998018927445,22.52492113564669,0.007835530045022196,1.8630914826498424,0.00402220134195386,1.9444468750000041,16.553125,0.005470102952261012,0.0,0
3927.0,2021-10-29 14:30:00,384.34,384.54,384.18,384.45,395477.0,2,2,1.0,buy,False,0.22304832713754455,4.163492493946733,28.239017640954685,0.011578080659927173,-0.2468865544561306,0.2213641192053925,0.0979208419773272,0.0002546166804240933,46.90534775826818,25.58838806733121,31.30239589119318,14.16037241960727,395477.0,1.1999999999999886,1.0,5.3799999999999955,156.0,0.014157894736842093,1.1999999999999886,16.0,0.0031138097462244762,2.0,2.0,-0.2468865544561306,0.0979208419773272,0.2213641192053925,46.90534775826818,25.58838806733121,31.30239589119318,14.16037241960727,9.990603581692627,37.168361706828804,38.29212023272986,0.02862049227247064,0.09370607527721736,0.09000000000003183,0.15999999999996817,0.11000000000001364,1.0,3928.0,3928.0,2021-10-29,2021-10-29 14:30:00,0.5982572506177686,60.0,1.0,best_within_2.0d,3987.0,386.75,0.22304832713754455,5.3799999999999955,156.0,0.014157894736842093,1.1999999999999886,16.0,0.0031138097462244762,0.4929364202292669,5.6011759621451125,36.843533123028394,0.015614239272951093,2.82998018927445,22.52492113564669,0.007835530045022196,1.8630914826498424,0.00402220134195386,1.9444468750000041,16.553125,0.005470102952261012,1.0,0
3933.0,2021-10-29 15:00:00,384.82,384.92,384.7,384.835,195205.0,2,2,0.0,sell,False,0.6166666666666801,4.163492493946733,28.239017640954685,0.011578080659927173,-0.07733675032185039,0.13327628012599863,0.09460790496507343,0.0002459631786043711,56.62375802178979,66.62636526139887,53.414868759371835,93.04935826545297,195205.0,0.7400000000000091,1.0,1.1999999999999886,16.0,0.0031138097462244762,0.7400000000000091,6.0,0.0019261804362538629,2.0,2.0,-0.07733675032185039,0.09460790496507343,0.13327628012599863,56.62375802178979,66.62636526139887,53.414868759371835,93.04935826545297,19.994869456162345,22.374871736402824,33.32908297064299,0.003897926303203149,0.05718741876787816,0.08500000000003638,0.12000000000000455,0.014999999999986358,1.0,3934.0,3934.0,2021-10-29,2021-10-29 15:00:00,2.0540172048918044,173.78554736652885,0.0,,14281.267661333814,366.3529484630595,0.6166666666666801,1.1999999999999886,16.0,0.0031138097462244762,0.7400000000000091,6.0,0.0019261804362538629,0.4929364202292669,5.6011759621451125,36.843533123028394,0.015614239272951093,2.82998018927445,22.52492113564669,0.007835530045022196,1.8630914826498424,0.00402220134195386,1.9444468750000041,16.553125,0.005470102952261012,0.0,1
3933.0,2021-10-29 15:00:00,385.07,385.38,385.02,385.375,210649.0,1,1,0.0,sell,False,0.8872172826179164,5.3799999999999955,156.0,0.014157894736842093,-0.03014958063291817,0.5600709395566644,0.5449961492402053,0.0014183148299719021,77.00563260741086,83.92463696533514,79.13591215566169,93.50208658468205,210649.0,5.3799999999999955,2.0,5.3799999999999955,156.0,0.014157894736842093,5.3799999999999955,156.0,0.014157894736842093,1.0,1.0,-0.03014958063291817,0.5449961492402053,0.5600709395566644,77.00563260741086,83.92463696533514,79.13591215566169,93.50208658468205,40.0389853278181,6.206042725811497,69.31731919013109,0.07920637806113352,0.09350163627863843,0.0049999999999954525,0.05000000000001137,0.3050000000000068,1.0,3934.0,3934.0,2021-10-29,2021-10-29 15:00:00,2.0540172048918044,173.78554736652885,0.0,,14281.267661333814,366.3529484630595,0.5832424107187206,4.3760036431226785,32.22527881040892,0.012230020343504162,2.285057100371749,15.890706319702602,0.006381710269403211,0.4929364202292669,5.6011759621451125,36.843533123028394,0.015614239272951093,2.82998018927445,22.52492113564669,0.007835530045022196,1.8630914826498424,0.00402220134195386,1.9444468750000041,16.553125,0.005470102952261012,0.0,1
3934.0,2021-10-29 15:05:00,384.79,384.97,384.66,384.9,288452.0,2,2,0.0,sell,False,0.6583333333333566,4.163492493946733,28.239017640954685,0.011578080659927173,-0.04421306236576278,0.11945579499058187,0.09734926380770048,0.0002530710119886392,58.12796871371654,78.30678004471059,65.81787942215865,103.28458128981447,288452.0,0.7900000000000205,1.0,1.1999999999999886,16.0,0.0031138097462244762,0.7900000000000205,8.0,0.002056327763027801,2.0,2.0,-0.04421306236576278,0.09734926380770048,0.11945579499058187,58.12796871371654,78.30678004471059,65.81787942215865,103.28458128981447,17.748358342783092,23.602943115587667,30.553024121092466,0.028587021492231295,0.0805906514844284,0.07000000000005002,0.12999999999999545,0.1099999999999568,1.0,3935.0,3935.0,2021-10-29,2021-10-29 15:05:00,2.0540172048918044,173.78554736652885,0.0,,14281.267661333814,366.3529484630595,0.6583333333333566,1.1999999999999886,16.0,0.0031138097462244762,0.7900000000000205,8.0,0.002056327763027801,0.4929364202292669,5.6011759621451125,36.843533123028394,0.015614239272951093,2.82998018927445,22.52492113564669,0.007835530045022196,1.8630914826498424,0.00402220134195386,1.9444468750000041,16.553125,0.005470102952261012,1.0,1
3941.0,2021-10-29 15:40:00,384.98,385.23,384.93,385.07,525848.0,2,2,0.0,sell,False,0.8750000000000178,4.163492493946733,28.239017640954685,0.011578080659927173,0.01961191817728508,0.08836173954237372,0.09816769863101626,0.0002551464911192313,60.74860294913516,73.8989579909245,68.99043378740839,83.71600639795673,525848.0,1.0500000000000114,1.0,1.1999999999999886,16.0,0.0031138097462244762,1.0500000000000114,15.0,0.002733093862252099,2.0,2.0,0.01961191817728508,0.09816769863101626,0.08836173954237372,60.74860294913516,73.8989579909245,68.99043378740839,83.71600639795673,22.699183683851007,10.04501182514149,28.385499481800363,0.023377837809749853,0.07793624814901706,0.160000000000025,0.05000000000001137,0.08999999999997499,1.0,3942.0,3942.0,2021-10-29,2021-10-29 15:40:00,2.0540172048918044,173.78554736652885,0.0,,14281.267661333814,366.3529484630595,0.8750000000000178,1.1999999999999886,16.0,0.0031138097462244762,1.0500000000000114,15.0,0.002733093862252099,0.4929364202292669,5.6011759621451125,36.843533123028394,0.015614239272951093,2.82998018927445,22.52492113564669,0.007835530045022196,1.8630914826498424,0.00402220134195386,1.9444468750000041,16.553125,0.005470102952261012,0.0,1
3942.0,2021-10-29 15:45:00,385.06,385.3,385.03,385.15,584839.0,2,2,0.0,sell,False,0.933333333333346,4.163492493946733,28.239017640954685,0.011578080659927173,0.042536201596370254,0.09367876474192001,0.11494686554010514,0.00029873403701303846,62.69322720900473,76.57520894173933,71.51869217218537,86.68824248084726,584839.0,1.1200000000000045,1.0,1.1999999999999886,16.0,0.0031138097462244762,1.1200000000000045,16.0,0.002915300119735552,2.0,2.0,0.042536201596370254,0.11494686554010514,0.09367876474192001,62.69322720900473,76.57520894173933,71.51869217218537,86.68824248084726,20.35815746753484,10.019277597403525,28.789016385882167,0.02337298083414922,0.07012440589046014,0.1500000000000341,0.03000000000002956,0.08999999999997499,1.0,3943.0,3943.0,2021-10-29,2021-10-29 15:45:00,2.0540172048918044,173.78554736652885,0.0,,14281.267661333814,366.3529484630595,0.933333333333346,1.1999999999999886,16.0,0.0031138097462244762,1.1200000000000045,16.0,0.002915300119735552,0.4929364202292669,5.6011759621451125,36.843533123028394,0.015614239272951093,2.82998018927445,22.52492113564669,0.007835530045022196,1.8630914826498424,0.00402220134195386,1.9444468750000041,16.553125,0.005470102952261012,0.0,1
3943.0,2021-10-29 15:50:00,385.175,386.0398,385.13,386.01,1570613.0,1p,1p,0.0,sell,False,0.6042088520182769,1.859800000000007,17.0,0.0048409599666823025,0.1627331592842043,0.11402040965244553,0.19538698929454767,0.0005076686993452231,76.29138173758464,83.75069562863263,75.59602665766778,100.06003357056233,1570613.0,1.859800000000007,0.0,1.859800000000007,17.0,0.0048409599666823025,1.859800000000007,0.0,0.0,1.0,1.0,0.1627331592842043,0.19538698929454767,0.11402040965244553,76.29138173758464,83.75069562863263,75.59602665766778,100.06003357056233,31.300029964472586,8.454261375797936,30.837474328815507,0.21678457843836685,0.23623192168878518,0.02980000000002292,0.045000000000015916,0.8349999999999795,1.0,3944.0,3944.0,2021-10-29,2021-10-29 15:50:00,2.0540172048918044,173.78554736652885,0.0,,14281.267661333814,366.3529484630595,0.5832424107187206,4.3760036431226785,32.22527881040892,0.012230020343504162,2.285057100371749,15.890706319702602,0.006381710269403211,0.4929364202292669,5.6011759621451125,36.843533123028394,0.015614239272951093,2.82998018927445,22.52492113564669,0.007835530045022196,1.8630914826498424,0.00402220134195386,1.9444468750000041,16.553125,0.005470102952261012,0.0,1
3944.0,2021-10-29 15:55:00,386.01,386.28,385.855,386.08,1933571.0,1p,1p,0.0,sell,False,0.8777065401064417,2.099999999999966,18.0,0.00546618772450405,0.23639501096155546,0.14356978602263998,0.2617672915034177,0.0006799846149861786,77.02542891717049,85.48388916678648,78.89198082737401,98.66770584561144,1933571.0,2.099999999999966,0.0,2.099999999999966,18.0,0.00546618772450405,2.099999999999966,0.0,0.0,1.0,1.0,0.23639501096155546,0.2617672915034177,0.14356978602263998,77.02542891717049,85.48388916678648,78.89198082737401,98.66770584561144,33.13073678987916,8.165881088233572,32.95283638044725,0.018134245226805828,0.1101450026564265,0.19999999999998863,0.15499999999997272,0.06999999999999318,1.0,3945.0,3945.0,2021-10-29,2021-10-29 15:55:00,2.0540172048918044,173.78554736652885,0.0,,14281.267661333814,366.3529484630595,0.5832424107187206,4.3760036431226785,32.22527881040892,0.012230020343504162,2.285057100371749,15.890706319702602,0.006381710269403211,0.4929364202292669,5.6011759621451125,36.843533123028394,0.015614239272951093,2.82998018927445,22.52492113564669,0.007835530045022196,1.8630914826498424,0.00402220134195386,1.9444468750000041,16.553125,0.005470102952261012,0.0,1
3947.0,2021-10-29 16:10:00,386.11,386.33,386.09,386.33,115038.0,1p,1p,0.0,sell,False,1.068553167690355,2.1499999999999773,21.0,0.005596335051277987,0.2877962351274929,0.24676292870403396,0.3906610462677804,0.0010141470677326658,79.06734113906052,91.89060202137944,86.2641205088373,103.14356504646372,115038.0,2.1499999999999773,0.0,2.1499999999999773,21.0,0.005596335051277987,2.1499999999999773,0.0,0.0,1.0,1.0,0.2877962351274929,0.3906610462677804,0.24676292870403396,79.06734113906052,91.89060202137944,86.2641205088373,103.14356504646372,37.14069591528049,5.358043368633329,39.532740733553304,0.056978581233319635,0.062161672148983174,0.0,0.020000000000038654,0.21999999999997044,1.0,3948.0,3948.0,2021-10-29,2021-10-29 16:10:00,2.0540172048918044,173.78554736652885,0.0,,14281.267661333814,366.3529484630595,0.5832424107187206,4.3760036431226785,32.22527881040892,0.012230020343504162,2.285057100371749,15.890706319702602,0.006381710269403211,0.4929364202292669,5.6011759621451125,36.843533123028394,0.015614239272951093,2.82998018927445,22.52492113564669,0.007835530045022196,1.8630914826498424,0.00402220134195386,1.9444468750000041,16.553125,0.005470102952261012,0.0,1
3948.0,2021-10-29 16:15:00,386.32,386.43,386.28,386.42,24698.0,1p,1p,0.0,sell,False,1.0705349134864164,2.25,22.0,0.005856629704825863,0.2883299839347886,0.28280417669588254,0.42696916866327683,0.0011081445826567086,79.98650971197927,94.37298412904343,88.967075048906,105.18480228931833,24698.0,2.25,0.0,2.25,22.0,0.005856629704825863,2.25,0.0,0.0,1.0,1.0,0.2883299839347886,0.42696916866327683,0.28280417669588254,79.98650971197927,94.37298412904343,88.967075048906,105.18480228931833,39.36771612454392,5.544442511741078,42.088247633685164,0.02588527645475842,0.03883193538366835,0.009999999999990905,0.040000000000020464,0.10000000000002274,1.0,3949.0,3949.0,2021-10-29,2021-10-29 16:15:00,2.0540172048918044,173.78554736652885,0.0,,14281.267661333814,366.3529484630595,0.5832424107187206,4.3760036431226785,32.22527881040892,0.012230020343504162,2.285057100371749,15.890706319702602,0.006381710269403211,0.4929364202292669,5.6011759621451125,36.843533123028394,0.015614239272951093,2.82998018927445,22.52492113564669,0.007835530045022196,1.8630914826498424,0.00402220134195386,1.9444468750000041,16.553125,0.005470102952261012,0.0,1
3950.0,2021-10-29 16:25:00,386.31,386.48,386.3,386.48,16495.0,1p,1p,0.0,sell,False,1.0705349134864164,2.3000000000000114,24.0,0.0059867770315998005,0.22108207448108363,0.339042723279344,0.4495837605198858,0.0011664055289375176,73.54572957294019,92.75836331661199,90.26872001058842,97.73764992865915,16495.0,2.3000000000000114,0.0,2.3000000000000114,24.0,0.0059867770315998005,2.3000000000000114,0.0,0.0,1.0,1.0,0.22108207448108363,0.4495837605198858,0.339042723279344,73.54572957294019,92.75836331661199,90.26872001058842,97.73764992865915,40.229687298378714,4.408791775989997,46.133126743005846,0.044006109083382754,0.046595909914575934,0.0,0.009999999999990905,0.17000000000001592,1.0,3951.0,3951.0,2021-10-29,2021-10-29 16:25:00,2.0540172048918044,173.78554736652885,0.0,,14281.267661333814,366.3529484630595,0.5832424107187206,4.3760036431226785,32.22527881040892,0.012230020343504162,2.285057100371749,15.890706319702602,0.006381710269403211,0.4929364202292669,5.6011759621451125,36.843533123028394,0.015614239272951093,2.82998018927445,22.52492113564669,0.007835530045022196,1.8630914826498424,0.00402220134195386,1.9444468750000041,16.553125,0.005470102952261012,0.0,1
3951.0,2021-10-29 16:30:00,386.48,386.56,386.42,386.56,54398.0,1p,1p,0.0,sell,False,1.0705349134864164,2.3799999999999955,25.0,0.006195012754438012,0.20866750805738132,0.36512616178651663,0.4694599158152073,0.0012177112510557589,74.45328994781829,95.17224221107466,91.9032274107505,101.71027181172298,54398.0,2.3799999999999955,0.0,2.3799999999999955,25.0,0.006195012754438012,2.3799999999999955,0.0,0.0,1.0,1.0,0.20866750805738132,0.4694599158152073,0.36512616178651663,74.45328994781829,95.17224221107466,91.9032274107505,101.71027181172298,43.13476207773264,4.65401380312348,48.58951521283873,0.02069964810597808,0.03623000879871289,0.0,0.060000000000002274,0.07999999999998408,1.0,3952.0,3952.0,2021-10-29,2021-10-29 16:30:00,2.0540172048918044,173.78554736652885,0.0,,14281.267661333814,366.3529484630595,0.5832424107187206,4.3760036431226785,32.22527881040892,0.012230020343504162,2.285057100371749,15.890706319702602,0.006381710269403211,0.4929364202292669,5.6011759621451125,36.843533123028394,0.015614239272951093,2.82998018927445,22.52492113564669,0.007835530045022196,1.8630914826498424,0.00402220134195386,1.9444468750000041,16.553125,0.005470102952261012,0.0,1
3952.0,2021-10-29 16:35:00,386.57,386.57,386.39,386.42,41189.0,1p,1p,0.0,sell,False,1.0705349134853759,2.3899999999999864,26.0,0.0062210422197927695,0.16542108584408777,0.3858037975170276,0.4685143404390715,0.001215049963728127,69.9318429651197,89.78848781437692,91.19831421195931,86.96883501921212,41189.0,2.3899999999999864,0.0,2.3899999999999864,26.0,0.0062210422197927695,2.3899999999999864,0.0,0.0,1.0,1.0,0.16542108584408777,0.4685143404390715,0.3858037975170276,69.9318429651197,89.78848781437692,91.19831421195931,86.96883501921212,44.446523813978786,4.912510526807762,50.83989174976877,-0.038802804149307306,0.046585056549084305,0.0,0.03000000000002956,0.14999999999997726,0.0,3953.0,3953.0,2021-10-29,2021-10-29 16:35:00,2.0540172048918044,173.78554736652885,0.0,,14281.267661333814,366.3529484630595,0.5832424107187206,4.3760036431226785,32.22527881040892,0.012230020343504162,2.285057100371749,15.890706319702602,0.006381710269403211,0.4929364202292669,5.6011759621451125,36.843533123028394,0.015614239272951093,2.82998018927445,22.52492113564669,0.007835530045022196,1.8630914826498424,0.00402220134195386,1.9444468750000041,16.553125,0.005470102952261012,0.0,1
3955.0,2021-10-29 16:50:00,386.5,386.6,386.5,386.58,11075.0,1p,1p,0.0,sell,False,1.0705349134853759,2.420000000000016,29.0,0.006299130615857192,0.06741252753803573,0.4202892879137198,0.45399555168273764,0.0011768337460225863,72.30076906669933,87.5190290691811,87.26406334549321,88.02896051655688,11075.0,2.420000000000016,0.0,2.420000000000016,29.0,0.006299130615857192,2.420000000000016,0.0,0.0,1.0,1.0,0.06741252753803573,0.45399555168273764,0.4202892879137198,72.30076906669933,87.5190290691811,87.26406334549321,88.02896051655688,44.029209621991896,5.637886597937484,56.17888398907557,0.020698576972829,0.02587322121604728,0.020000000000038654,0.0,0.07999999999998408,1.0,3956.0,3956.0,2021-10-29,2021-10-29 16:50:00,2.0540172048918044,173.78554736652885,0.0,,14281.267661333814,366.3529484630595,0.5832424107187206,4.3760036431226785,32.22527881040892,0.012230020343504162,2.285057100371749,15.890706319702602,0.006381710269403211,0.4929364202292669,5.6011759621451125,36.843533123028394,0.015614239272951093,2.82998018927445,22.52492113564669,0.007835530045022196,1.8630914826498424,0.00402220134195386,1.9444468750000041,16.553125,0.005470102952261012,0.0,1
3956.0,2021-10-29 16:55:00,386.521,386.65,386.5,386.63,13606.0,1p,1p,0.0,sell,False,1.0705349134853759,2.4699999999999704,30.0,0.006429277942630982,0.051032890949565646,0.4266683992824155,0.45218484475719833,0.0011719481664044006,73.02568163924981,90.44478481155386,88.32430383418009,94.6857467663014,13606.0,2.4699999999999704,0.0,2.4699999999999704,30.0,0.006429277942630982,2.4699999999999704,0.0,0.0,1.0,1.0,0.051032890949565646,0.45218484475719833,0.4266683992824155,73.02568163924981,90.44478481155386,88.32430383418009,94.6857467663014,44.94007989347377,5.82556591211659,57.66961944184662,0.02820027889816606,0.038809831824056215,0.01999999999998181,0.021000000000015007,0.10899999999998045,1.0,3957.0,3957.0,2021-10-29,2021-10-29 16:55:00,2.0540172048918044,173.78554736652885,0.0,,14281.267661333814,366.3529484630595,0.5832424107187206,4.3760036431226785,32.22527881040892,0.012230020343504162,2.285057100371749,15.890706319702602,0.006381710269403211,0.4929364202292669,5.6011759621451125,36.843533123028394,0.015614239272951093,2.82998018927445,22.52492113564669,0.007835530045022196,1.8630914826498424,0.00402220134195386,1.9444468750000041,16.553125,0.005470102952261012,0.0,1
3957.0,2021-10-29 17:00:00,386.57,386.68,386.55,386.68,2836.0,1p,1p,0.0,sell,False,1.0705349134853759,2.5,31.0,0.006507366338695403,0.036693281267578315,0.4312550594408628,0.44960170007465194,0.0011650654982359177,73.76508640011399,93.6298565410359,90.09282140313202,100.70392681684368,2836.0,2.5,0.0,2.5,31.0,0.006507366338695403,2.5,0.0,0.0,1.0,1.0,0.036693281267578315,0.44960170007465194,0.4312550594408628,73.76508640011399,93.6298565410359,90.09282140313202,100.70392681684368,32.21946902654791,7.433628318583377,58.01512485550016,0.02845538970949987,0.03363083689043991,0.0,0.01999999999998181,0.11000000000001364,1.0,3958.0,3958.0,2021-10-29,2021-10-29 17:00:00,2.0540172048918044,173.78554736652885,0.0,,14281.267661333814,366.3529484630595,0.5832424107187206,4.3760036431226785,32.22527881040892,0.012230020343504162,2.285057100371749,15.890706319702602,0.006381710269403211,0.4929364202292669,5.6011759621451125,36.843533123028394,0.015614239272951093,2.82998018927445,22.52492113564669,0.007835530045022196,1.8630914826498424,0.00402220134195386,1.9444468750000041,16.553125,0.005470102952261012,1.0,1
3987.0,2021-10-29 19:55:00,386.65,386.75,386.65,386.75,731.0,1p,1p,0.0,sell,False,3.4682471782104057e-07,0.6399999999999864,17.0,0.0016575587267876675,-0.02911089288780061,0.10955940093172259,0.09500395448782228,0.0002457812207823644,63.56357723544041,77.40050210206056,66.4610433113655,99.27941968345067,731.0,0.6399999999999864,0.0,0.6399999999999864,17.0,0.0016575587267876675,0.6399999999999864,0.0,0.0,1.0,1.0,-0.02911089288780061,0.09500395448782228,0.10955940093172259,63.56357723544041,77.40050210206056,66.4610433113655,99.27941968345067,45.16129032257927,18.279569892479692,38.77336216603663,0.025863183757926483,0.025863183757926483,0.0,0.0,0.10000000000002274,1.0,3988.0,3988.0,2021-10-29,2021-10-29 19:55:00,2.0540172048918044,173.78554736652885,0.0,,14281.267661333814,366.3529484630595,0.5832424107187206,4.3760036431226785,32.22527881040892,0.012230020343504162,2.285057100371749,15.890706319702602,0.006381710269403211,0.4929364202292669,5.6011759621451125,36.843533123028394,0.015614239272951093,2.82998018927445,22.52492113564669,0.007835530045022196,1.8630914826498424,0.00402220134195386,1.9444468750000041,16.553125,0.005470102952261012,0.0,1
3988.0,2021-11-01 04:00:00,387.0,387.23,387.0,387.18,19573.0,1p,1p,0.0,sell,False,0.12200514467790138,1.1200000000000045,18.0,0.0029007277718784918,0.03517775360545533,0.11395662013240451,0.13154549693513218,0.0003402746774010211,76.13532502265659,82.58625022766437,71.83611228346513,104.08652611606283,19573.0,1.1200000000000045,0.0,1.1200000000000045,18.0,0.0029007277718784918,1.1200000000000045,0.0,0.0,1.0,1.0,0.03517775360545533,0.13154549693513218,0.11395662013240451,76.13532502265659,82.58625022766437,71.83611228346513,104.08652611606283,67.6691729323313,11.278195488724021,41.105877113360215,0.046511627906978506,0.05943152454780832,0.05000000000001137,0.0,0.18000000000000682,1.0,3989.0,3989.0,2021-11-01,2021-11-01 04:00:00,0.7050984038431785,131.0,1.0,best_within_2.0d,4119.0,384.45,0.5832424107187206,4.3760036431226785,32.22527881040892,0.012230020343504162,2.285057100371749,15.890706319702602,0.006381710269403211,0.4929364202292669,5.6011759621451125,36.843533123028394,0.015614239272951093,2.82998018927445,22.52492113564669,0.007835530045022196,1.8630914826498424,0.00402220134195386,1.9444468750000041,16.553125,0.005470102952261012,0.0,1
3991.0,2021-11-01 04:15:00,387.17,387.45,387.17,387.37,4806.0,1p,1p,0.0,sell,False,0.34928738476255894,1.339999999999975,21.0,0.0034705135842116883,0.10071006096595142,0.14019587530908964,0.19055090579206535,0.0004927577775326639,74.37917801400927,81.29539689285333,76.97170529430291,89.9427800899542,4806.0,1.339999999999975,0.0,1.339999999999975,21.0,0.0034705135842116883,1.339999999999975,0.0,0.0,1.0,1.0,0.10071006096595142,0.19055090579206535,0.14019587530908964,74.37917801400927,81.29539689285333,76.97170529430291,89.9427800899542,68.53932584269484,8.988764044944789,47.09453380227636,0.05165689490404438,0.0723196528656592,0.07999999999998408,0.0,0.19999999999998863,1.0,3992.0,3992.0,2021-11-01,2021-11-01 04:15:00,0.7538012752665451,128.0,1.0,best_within_2.0d,4119.0,384.45,0.5832424107187206,4.3760036431226785,32.22527881040892,0.012230020343504162,2.285057100371749,15.890706319702602,0.006381710269403211,0.4929364202292669,5.6011759621451125,36.843533123028394,0.015614239272951093,2.82998018927445,22.52492113564669,0.007835530045022196,1.8630914826498424,0.00402220134195386,1.9444468750000041,16.553125,0.005470102952261012,0.0,1
3992.0,2021-11-01 04:20:00,387.43,387.5,387.43,387.48,719.0,1p,1p,0.0,sell,False,0.46071213611365447,1.3899999999999864,22.0,0.003600010359742007,0.13283716887542574,0.15680052141851786,0.22321910585623073,0.0005771506637117147,76.25267240171844,86.78120092482423,80.24153717114335,99.86052843218599,719.0,1.3899999999999864,0.0,1.3899999999999864,22.0,0.003600010359742007,1.3899999999999864,0.0,0.0,1.0,1.0,0.13283716887542574,0.22321910585623073,0.15680052141851786,76.25267240171844,86.78120092482423,80.24153717114335,99.86052843218599,64.64088397790043,8.839779005525678,49.1549135038322,0.012905557132904361,0.01806777998606024,0.01999999999998181,0.0,0.05000000000001137,1.0,3993.0,3993.0,2021-11-01,2021-11-01 04:20:00,0.7819758439145322,127.0,1.0,best_within_2.0d,4119.0,384.45,0.5832424107187206,4.3760036431226785,32.22527881040892,0.012230020343504162,2.285057100371749,15.890706319702602,0.006381710269403211,0.4929364202292669,5.6011759621451125,36.843533123028394,0.015614239272951093,2.82998018927445,22.52492113564669,0.007835530045022196,1.8630914826498424,0.00402220134195386,1.9444468750000041,16.553125,0.005470102952261012,0.0,1
3994.0,2021-11-01 04:30:00,387.51,387.51,387.46,387.46,1644.0,1p,1p,0.0,sell,False,0.46992360789641285,1.3999999999999773,24.0,0.003625909714848041,0.13199259097857052,0.1902362344543031,0.25623252994358836,0.0006623432969203299,73.8844190397881,90.27562321586018,85.35282705947682,100.12121552862692,1644.0,1.3999999999999773,0.0,1.3999999999999773,24.0,0.003625909714848041,1.3999999999999773,0.0,0.0,1.0,1.0,0.13199259097857052,0.25623252994358836,0.1902362344543031,73.8844190397881,90.27562321586018,85.35282705947682,100.12121552862692,66.12021857923138,8.19672131147658,52.24801211154347,-0.0129028928285751,0.012904557889849627,0.0,0.0,0.05000000000001137,0.0,3995.0,3995.0,2021-11-01,2021-11-01 04:30:00,0.7768543849687687,125.0,1.0,best_within_2.0d,4119.0,384.45,0.5832424107187206,4.3760036431226785,32.22527881040892,0.012230020343504162,2.285057100371749,15.890706319702602,0.006381710269403211,0.4929364202292669,5.6011759621451125,36.843533123028394,0.015614239272951093,2.82998018927445,22.52492113564669,0.007835530045022196,1.8630914826498424,0.00402220134195386,1.9444468750000041,16.553125,0.005470102952261012,0.0,1
3995.0,2021-11-01 04:35:00,387.5,387.57,387.4,387.55,3166.0,1p,1p,0.0,sell,False,0.46992360789641285,1.4599999999999795,25.0,0.0037813058454843943,0.13089774628649675,0.20659845274011518,0.27204732588336356,0.0007031302247992043,75.58354441963857,92.79244446274802,87.83269952723388,102.71193433377633,3166.0,1.4599999999999795,0.0,1.4599999999999795,25.0,0.0037813058454843943,1.4599999999999795,0.0,0.0,1.0,1.0,0.13089774628649675,0.27204732588336356,0.20659845274011518,75.58354441963857,92.79244446274802,87.83269952723388,102.71193433377633,61.111111111108876,7.575757575758793,54.08323813718924,0.012903225806454546,0.043882292204443965,0.01999999999998181,0.10000000000002274,0.05000000000001137,1.0,3996.0,3996.0,2021-11-01,2021-11-01 04:35:00,0.7998967875112947,124.0,1.0,best_within_2.0d,4119.0,384.45,0.5832424107187206,4.3760036431226785,32.22527881040892,0.012230020343504162,2.285057100371749,15.890706319702602,0.006381710269403211,0.4929364202292669,5.6011759621451125,36.843533123028394,0.015614239272951093,2.82998018927445,22.52492113564669,0.007835530045022196,1.8630914826498424,0.00402220134195386,1.9444468750000041,16.553125,0.005470102952261012,0.0,1
3999.0,2021-11-01 04:55:00,387.6,387.61,387.6,387.61,6005.0,1p,1p,0.0,sell,False,0.46992360789641285,1.5,29.0,0.0038849032659086786,0.06337942022303977,0.24826681091306746,0.27995652102458735,0.0007232649277091601,73.92853481359819,93.21382105546554,90.27856357626179,99.08433601387307,6005.0,1.5,0.0,1.5,29.0,0.0038849032659086786,1.5,0.0,0.0,1.0,1.0,0.06337942022303977,0.27995652102458735,0.24826681091306746,73.92853481359819,93.21382105546554,90.27856357626179,99.08433601387307,54.71698113207507,8.490566037733243,59.08911546776477,0.002579979360162772,0.002579979360162772,0.0,0.0,0.009999999999990905,1.0,4000.0,4000.0,2021-11-01,2021-11-01 04:55:00,0.8152524444673834,120.0,1.0,best_within_2.0d,4119.0,384.45,0.5832424107187206,4.3760036431226785,32.22527881040892,0.012230020343504162,2.285057100371749,15.890706319702602,0.006381710269403211,0.4929364202292669,5.6011759621451125,36.843533123028394,0.015614239272951093,2.82998018927445,22.52492113564669,0.007835530045022196,1.8630914826498424,0.00402220134195386,1.9444468750000041,16.553125,0.005470102952261012,0.0,1
4000.0,2021-11-01 05:00:00,387.64,387.67,387.58,387.58,1746.0,1p,1p,0.0,sell,False,0.46992360789641285,1.5600000000000023,30.0,0.004040299396545032,0.04646774430552514,0.2540752789512581,0.27730915110402066,0.0007163560065383759,72.06100059663272,86.38497161273251,88.9806995884187,81.19351566136015,1746.0,1.5600000000000023,0.0,1.5600000000000023,30.0,0.004040299396545032,1.5600000000000023,0.0,0.0,1.0,1.0,0.04646774430552514,0.27730915110402066,0.2540752789512581,72.06100059663272,86.38497161273251,88.9806995884187,81.19351566136015,56.22119815667993,6.451612903224792,60.540733270487614,-0.015478278815396315,0.02322101243615043,0.03000000000002956,0.0,0.060000000000002274,0.0,4001.0,4001.0,2021-11-01,2021-11-01 05:00:00,0.8075752102791669,119.0,1.0,best_within_2.0d,4119.0,384.45,0.5832424107187206,4.3760036431226785,32.22527881040892,0.012230020343504162,2.285057100371749,15.890706319702602,0.006381710269403211,0.4929364202292669,5.6011759621451125,36.843533123028394,0.015614239272951093,2.82998018927445,22.52492113564669,0.007835530045022196,1.8630914826498424,0.00402220134195386,1.9444468750000041,16.553125,0.005470102952261012,0.0,1
4001.0,2021-11-01 05:05:00,387.8,387.86,387.8,387.86,23879.0,1p,1p,0.0,sell,False,0.46992360789641285,1.75,31.0,0.004532387143560125,0.06453709763223514,0.2621424161552875,0.29441096497140506,0.0007604250771147059,77.71847752058494,90.92331440848834,89.62823786177523,93.51346750191453,23879.0,1.75,0.0,1.75,31.0,0.004532387143560125,1.75,0.0,0.0,1.0,1.0,0.06453709763223514,0.29441096497140506,0.2621424161552875,77.71847752058494,90.92331440848834,89.62823786177523,93.51346750191453,55.74468085106069,5.9574468085097125,61.979941977768185,0.015471892728211005,0.015471892728211005,0.0,0.0,0.060000000000002274,1.0,4002.0,4002.0,2021-11-01,2021-11-01 05:05:00,0.879183210436762,118.0,1.0,best_within_2.0d,4119.0,384.45,0.5832424107187206,4.3760036431226785,32.22527881040892,0.012230020343504162,2.285057100371749,15.890706319702602,0.006381710269403211,0.4929364202292669,5.6011759621451125,36.843533123028394,0.015614239272951093,2.82998018927445,22.52492113564669,0.007835530045022196,1.8630914826498424,0.00402220134195386,1.9444468750000041,16.553125,0.005470102952261012,0.0,1
4002.0,2021-11-01 05:10:00,387.87,387.87,387.78,387.8,5292.0,1p,1p,0.0,sell,False,0.46992360789641285,1.759999999999991,32.0,0.0045582864986661595,0.06004155253835597,0.269647610222582,0.29966838649176,0.0007739104803433151,74.2488750130397,88.98433726523413,89.41360432959486,88.1258031365127,5292.0,1.759999999999991,0.0,1.759999999999991,32.0,0.0045582864986661595,1.759999999999991,0.0,0.0,1.0,1.0,0.06004155253835597,0.29966838649176,0.269647610222582,74.2488750130397,88.98433726523413,89.41360432959486,88.1258031365127,42.346938775506146,8.163265306123101,62.38685809912495,-0.018047283883773732,0.023209036051377543,0.0,0.020000000000038654,0.06999999999999318,0.0,4003.0,4003.0,2021-11-01,2021-11-01 05:10:00,0.8638473439917542,117.0,1.0,best_within_2.0d,4119.0,384.45,0.5832424107187206,4.3760036431226785,32.22527881040892,0.012230020343504162,2.285057100371749,15.890706319702602,0.006381710269403211,0.4929364202292669,5.6011759621451125,36.843533123028394,0.015614239272951093,2.82998018927445,22.52492113564669,0.007835530045022196,1.8630914826498424,0.00402220134195386,1.9444468750000041,16.553125,0.005470102952261012,1.0,1
4019.0,2021-11-01 06:35:00,387.65,387.65,387.6,387.6,925.0,2,2,0.0,sell,False,0.5319148936169904,4.163492493946733,28.239017640954685,0.011578080659927173,-0.06802877842684696,0.11041849409825333,0.07640410488482985,0.0001971949280028236,59.27518306104749,62.26354894395979,43.791246963980726,99.20815290391792,925.0,0.25,1.0,0.4700000000000273,14.0,0.0012117462036249963,0.25,5.0,0.0006453278265358802,2.0,2.0,-0.06802877842684696,0.07640410488482985,0.11041849409825333,59.27518306104749,62.26354894395979,43.791246963980726,99.20815290391792,33.333333333331865,34.88372093022518,35.430480881252926,-0.012898232942075205,0.01289989680081386,0.0,0.0,0.049999999999954525,0.0,4020.0,4020.0,2021-11-01,2021-11-01 06:35:00,0.8126934984520211,100.0,1.0,best_within_2.0d,4119.0,384.45,0.5319148936169904,0.4700000000000273,14.0,0.0012117462036249963,0.25,5.0,0.0006453278265358802,0.4929364202292669,5.6011759621451125,36.843533123028394,0.015614239272951093,2.82998018927445,22.52492113564669,0.007835530045022196,1.8630914826498424,0.00402220134195386,1.9444468750000041,16.553125,0.005470102952261012,0.0,1
4020.0,2021-11-01 06:45:00,387.65,387.68,387.65,387.68,2000.0,2,2,0.0,sell,False,0.5957446808510921,4.163492493946733,28.239017640954685,0.011578080659927173,-0.044476027964239856,0.10485899060272334,0.08262097662060341,0.00021323115918215116,62.843131335675466,74.84236596263986,54.14161996353377,116.24385796085204,2000.0,0.28000000000002956,1.0,0.4700000000000273,14.0,0.0012117462036249963,0.28000000000002956,6.0,0.0007227671657202622,2.0,2.0,-0.044476027964239856,0.08262097662060341,0.10485899060272334,62.843131335675466,74.84236596263986,54.14161996353377,116.24385796085204,35.93750000000201,34.374999999994586,33.05846240560864,0.007738939765259786,0.007738939765259786,0.0,0.0,0.03000000000002956,1.0,4021.0,4021.0,2021-11-01,2021-11-01 06:45:00,0.8331613702022332,99.0,1.0,best_within_2.0d,4119.0,384.45,0.5957446808510921,0.4700000000000273,14.0,0.0012117462036249963,0.28000000000002956,6.0,0.0007227671657202622,0.4929364202292669,5.6011759621451125,36.843533123028394,0.015614239272951093,2.82998018927445,22.52492113564669,0.007835530045022196,1.8630914826498424,0.00402220134195386,1.9444468750000041,16.553125,0.005470102952261012,0.0,1
4021.0,2021-11-01 06:50:00,387.68,387.71,387.66,387.71,1527.0,2,2,0.0,sell,False,0.6595744680850729,4.163492493946733,28.239017640954685,0.011578080659927173,-0.02546501236181742,0.10167586405749618,0.08894335787658747,0.00022953771598133705,64.11286927588085,83.22824397509324,63.837161300720254,122.01040932383921,1527.0,0.3100000000000023,1.0,0.4700000000000273,14.0,0.0012117462036249963,0.3100000000000023,7.0,0.0008002065049044974,2.0,2.0,-0.02546501236181742,0.08894335787658747,0.10167586405749618,64.11286927588085,83.22824397509324,63.837161300720254,122.01040932383921,40.83333333333448,33.33333333333176,31.419455058819842,0.007738340899704064,0.012897900221832152,0.0,0.01999999999998181,0.029999999999972715,1.0,4022.0,4022.0,2021-11-01,2021-11-01 06:50:00,0.840834644450747,98.0,1.0,best_within_2.0d,4119.0,384.45,0.6595744680850729,0.4700000000000273,14.0,0.0012117462036249963,0.3100000000000023,7.0,0.0008002065049044974,0.4929364202292669,5.6011759621451125,36.843533123028394,0.015614239272951093,2.82998018927445,22.52492113564669,0.007835530045022196,1.8630914826498424,0.00402220134195386,1.9444468750000041,16.553125,0.005470102952261012,0.0,1
4022.0,2021-11-01 06:55:00,387.69,387.73,387.64,387.73,3901.0,2,2,0.0,sell,False,0.7021276595745144,4.163492493946733,28.239017640954685,0.011578080659927173,-0.011515570396133878,0.10023641775797945,0.09447863255991251,0.00024381146953696172,64.97224043325345,88.81882931672882,72.1643839727231,122.12772000474024,3901.0,0.3300000000000409,1.0,0.4700000000000273,14.0,0.0012117462036249963,0.3300000000000409,8.0,0.0008518327310274676,2.0,2.0,-0.011515570396133878,0.09447863255991251,0.10023641775797945,64.97224043325345,88.81882931672882,72.1643839727231,122.12772000474024,36.440677966102065,33.89830508474364,29.43338382828478,0.010317521731285424,0.023217418223101804,0.0,0.05000000000001137,0.040000000000020464,1.0,4023.0,4023.0,2021-11-01,2021-11-01 06:55:00,0.8459495009413844,97.0,1.0,best_within_2.0d,4119.0,384.45,0.7021276595745144,0.4700000000000273,14.0,0.0012117462036249963,0.3300000000000409,8.0,0.0008518327310274676,0.4929364202292669,5.6011759621451125,36.843533123028394,0.015614239272951093,2.82998018927445,22.52492113564669,0.007835530045022196,1.8630914826498424,0.00402220134195386,1.9444468750000041,16.553125,0.005470102952261012,0.0,1
4023.0,2021-11-01 07:00:00,387.73,387.8,387.72,387.8,8484.0,2,2,0.0,sell,False,0.8510638297872573,4.163492493946733,28.239017640954685,0.011578080659927173,0.004938135171398406,0.10085368465440425,0.10332275224010345,0.0002666196595283852,67.87210084173827,92.54588621115255,78.95821805219958,119.72122252905848,8484.0,0.4000000000000341,1.0,0.4700000000000273,14.0,0.0012117462036249963,0.4000000000000341,9.0,0.0010325245224574965,2.0,2.0,0.004938135171398406,0.10332275224010345,0.10085368465440425,67.87210084173827,92.54588621115255,78.95821805219958,119.72122252905848,45.454545454544515,21.818181818182193,29.84065177877397,0.018053800324966646,0.02063344681728672,0.0,0.009999999999990905,0.06999999999999318,1.0,4024.0,4024.0,2021-11-01,2021-11-01 07:00:00,0.8638473439917542,96.0,1.0,best_within_2.0d,4119.0,384.45,0.8510638297872573,0.4700000000000273,14.0,0.0012117462036249963,0.4000000000000341,9.0,0.0010325245224574965,0.4929364202292669,5.6011759621451125,36.843533123028394,0.015614239272951093,2.82998018927445,22.52492113564669,0.007835530045022196,1.8630914826498424,0.00402220134195386,1.9444468750000041,16.553125,0.005470102952261012,0.0,1
4024.0,2021-11-01 07:05:00,387.79,387.85,387.77,387.8,17054.0,2,2,0.0,sell,False,0.9574468085106794,4.163492493946733,28.239017640954685,0.011578080659927173,0.013153206270713536,0.10249783543824345,0.10907443857360022,0.0002814470255750261,67.87210084173827,91.06233683918032,82.99292431452649,107.20116188848797,17054.0,0.4500000000000455,1.0,0.4700000000000273,14.0,0.0012117462036249963,0.4500000000000455,10.0,0.0011615900877647019,2.0,2.0,0.013153206270713536,0.10907443857360022,0.10249783543824345,67.87210084173827,91.06233683918032,82.99292431452649,107.20116188848797,45.13274336282896,21.23893805309717,30.280605223147084,0.0025787152840431433,0.020630786290853066,0.05000000000001137,0.020000000000038654,0.009999999999990905,1.0,4025.0,4025.0,2021-11-01,2021-11-01 07:05:00,0.8638473439917542,95.0,1.0,best_within_2.0d,4119.0,384.45,0.9574468085106794,0.4700000000000273,14.0,0.0012117462036249963,0.4500000000000455,10.0,0.0011615900877647019,0.4929364202292669,5.6011759621451125,36.843533123028394,0.015614239272951093,2.82998018927445,22.52492113564669,0.007835530045022196,1.8630914826498424,0.00402220134195386,1.9444468750000041,16.553125,0.005470102952261012,1.0,1
4035.0,2021-11-01 08:00:00,387.55,387.87,386.399,387.52,37182.0,1p,1p,1.0,buy,False,0.5428266793020428,1.4510000000000218,12.0,0.003741137037514559,-0.07178278953646693,0.05304087252149783,0.017149477753264364,4.424696594584426e-05,46.29824286512476,33.2347913819558,25.23341310376575,49.23754793833591,37182.0,1.4510000000000218,0.0,1.4510000000000218,12.0,0.003741137037514559,1.4510000000000218,0.0,0.0,1.0,1.0,-0.07178278953646693,0.017149477753264364,0.05304087252149783,46.29824286512476,33.2347913819558,25.23341310376575,49.23754793833591,8.188331627430792,46.09348345274405,35.98640590855586,-0.007740936653342681,0.38069456701492593,0.3199999999999932,1.120999999999981,0.03000000000002956,0.0,4036.0,4036.0,2021-11-01,2021-11-01 08:00:00,0.5367464905037266,376.0,1.0,best_within_2.0d,4411.0,389.6,0.5832424107187206,4.3760036431226785,32.22527881040892,0.012230020343504162,2.285057100371749,15.890706319702602,0.006381710269403211,0.4929364202292669,5.6011759621451125,36.843533123028394,0.015614239272951093,2.82998018927445,22.52492113564669,0.007835530045022196,1.8630914826498424,0.00402220134195386,1.9444468750000041,16.553125,0.005470102952261012,1.0,0
4053.0,2021-11-01 09:30:00,386.56,386.83,385.91,386.1,1366458.0,1p,1p,1.0,buy,False,1.5202490947886966,1.9399999999999977,30.0,0.005001933737269557,-0.10498168042407274,-0.21642511153687244,-0.2689159517489088,-0.0006949256877803171,23.72117070035185,33.588792311039754,34.971750603525976,30.82287572606731,1366458.0,1.9399999999999977,0.0,1.9399999999999977,30.0,0.005001933737269557,1.9399999999999977,0.0,0.0,1.0,1.0,-0.10498168042407274,-0.2689159517489088,-0.21642511153687244,23.72117070035185,33.588792311039754,34.971750603525976,30.82287572606731,3.7025609379822613,56.433199629742646,75.25779264736352,-0.11899834437085563,0.23839755383378483,0.2699999999999818,0.18999999999999773,0.45999999999997954,0.0,4054.0,4054.0,2021-11-01,2021-11-01 09:30:00,0.9272209272209231,363.0,1.0,best_within_2.0d,4416.0,389.68,0.5832424107187206,4.3760036431226785,32.22527881040892,0.012230020343504162,2.285057100371749,15.890706319702602,0.006381710269403211,0.4929364202292669,5.6011759621451125,36.843533123028394,0.015614239272951093,2.82998018927445,22.52492113564669,0.007835530045022196,1.8630914826498424,0.00402220134195386,1.9444468750000041,16.553125,0.005470102952261012,0.0,0
4054.0,2021-11-01 09:35:00,386.12,386.14,385.3,385.77,752668.0,1p,1p,1.0,buy,False,1.5202490947886966,2.5500000000000114,31.0,0.006574706716514145,-0.17105559222198796,-0.23780706056462092,-0.3233348566756149,-0.0008357457255916362,19.828158063640103,32.5656883805196,34.16972986252385,29.357605416511106,752668.0,2.5500000000000114,0.0,2.5500000000000114,31.0,0.006574706716514145,2.5500000000000114,0.0,0.0,1.0,1.0,-0.17105559222198796,-0.3233348566756149,-0.23780706056462092,19.828158063640103,32.5656883805196,34.16972986252385,29.357605416511106,2.999250187453268,60.95976005998448,76.35518863394854,-0.09064539521392903,0.21801193874902022,0.01999999999998181,0.46999999999997044,0.35000000000002274,0.0,4055.0,4055.0,2021-11-01,2021-11-01 09:35:00,1.0135573009824572,362.0,1.0,best_within_2.0d,4416.0,389.68,0.5832424107187206,4.3760036431226785,32.22527881040892,0.012230020343504162,2.285057100371749,15.890706319702602,0.006381710269403211,0.4929364202292669,5.6011759621451125,36.843533123028394,0.015614239272951093,2.82998018927445,22.52492113564669,0.007835530045022196,1.8630914826498424,0.00402220134195386,1.9444468750000041,16.553125,0.005470102952261012,0.0,0
4056.0,2021-11-01 09:45:00,385.605,386.03,385.24,385.29,584734.0,1p,1p,1.0,buy,False,2.0758096368015098,2.6100000000000136,33.0,0.006729405698079189,-0.2745027316414952,-0.2995684010870837,-0.4368197669078313,-0.001129676960067864,15.609533712023705,20.024399067025122,28.186739973799448,3.6997172534764715,584734.0,2.6100000000000136,0.0,2.6100000000000136,33.0,0.006729405698079189,2.6100000000000136,0.0,0.0,1.0,1.0,-0.2745027316414952,-0.4368197669078313,-0.2995684010870837,15.609533712023705,20.024399067025122,28.186739973799448,3.6997172534764715,7.111482953356675,42.438820330474485,76.85429199832951,-0.08168981211343156,0.2050669712386989,0.4249999999999545,0.05000000000001137,0.3149999999999977,0.0,4057.0,4057.0,2021-11-01,2021-11-01 09:45:00,1.13940148978691,360.0,1.0,best_within_2.0d,4416.0,389.68,0.5832424107187206,4.3760036431226785,32.22527881040892,0.012230020343504162,2.285057100371749,15.890706319702602,0.006381710269403211,0.4929364202292669,5.6011759621451125,36.843533123028394,0.015614239272951093,2.82998018927445,22.52492113564669,0.007835530045022196,1.8630914826498424,0.00402220134195386,1.9444468750000041,16.553125,0.005470102952261012,0.0,0
4057.0,2021-11-01 09:50:00,385.28,385.92,385.16,385.91,584607.0,1p,1p,1.0,buy,False,2.0758096368015098,2.6899999999999977,34.0,0.006935671006832532,-0.20993622045505533,-0.32581042864396564,-0.4307785388714933,-0.0011142171507016031,35.24226430268136,28.319659258256635,28.231046401951843,28.49688497086622,584607.0,2.6899999999999977,0.0,2.6899999999999977,34.0,0.006935671006832532,2.6899999999999977,0.0,0.0,1.0,1.0,-0.20993622045505533,-0.4307785388714933,-0.32581042864396564,35.24226430268136,28.319659258256635,28.231046401951843,28.49688497086622,6.34210035441117,36.35515761984705,76.38560715828167,0.1635174418604787,0.19732059403883861,0.009999999999990905,0.1199999999999477,0.6300000000000523,1.0,4058.0,4058.0,2021-11-01,2021-11-01 09:50:00,0.976911715166744,359.0,1.0,best_within_2.0d,4416.0,389.68,0.5832424107187206,4.3760036431226785,32.22527881040892,0.012230020343504162,2.285057100371749,15.890706319702602,0.006381710269403211,0.4929364202292669,5.6011759621451125,36.843533123028394,0.015614239272951093,2.82998018927445,22.52492113564669,0.007835530045022196,1.8630914826498424,0.00402220134195386,1.9444468750000041,16.553125,0.005470102952261012,0.0,0
4058.0,2021-11-01 09:55:00,385.87,385.965,385.13,385.29,472452.0,1p,1p,1.0,buy,False,2.0758096368015098,2.7200000000000273,35.0,0.007013020497615127,-0.23165517868659957,-0.3547673259797906,-0.4705949153230904,-0.0012175132170684911,28.18170287714905,22.01702774079905,26.159706848234244,13.731669525928666,472452.0,2.7200000000000273,0.0,2.7200000000000273,35.0,0.007013020497615127,2.7200000000000273,0.0,0.0,1.0,1.0,-0.23165517868659957,-0.4705949153230904,-0.3547673259797906,28.18170287714905,22.01702774079905,26.159706848234244,13.731669525928666,6.540944614338152,30.733944954128678,75.56551267640707,-0.1503096897918947,0.21680990834263225,0.09499999999997044,0.160000000000025,0.5799999999999841,0.0,4059.0,4059.0,2021-11-01,2021-11-01 09:55:00,1.13940148978691,358.0,1.0,best_within_2.0d,4416.0,389.68,0.5832424107187206,4.3760036431226785,32.22527881040892,0.012230020343504162,2.285057100371749,15.890706319702602,0.006381710269403211,0.4929364202292669,5.6011759621451125,36.843533123028394,0.015614239272951093,2.82998018927445,22.52492113564669,0.007835530045022196,1.8630914826498424,0.00402220134195386,1.9444468750000041,16.553125,0.005470102952261012,0.0,0
4059.0,2021-11-01 10:00:00,385.29,385.31,384.42,384.63,1176284.0,1p,1p,1.0,buy,False,2.351011208363624,3.430000000000007,36.0,0.008843625112801358,-0.3108950779369066,-0.39362921072190393,-0.5490767496903572,-0.0014210748621563346,22.91802257297607,17.582582809218486,23.300665501895658,6.146417423864143,1176284.0,3.430000000000007,0.0,3.430000000000007,36.0,0.008843625112801358,3.430000000000007,0.0,0.0,1.0,1.0,-0.3108950779369066,-0.5490767496903572,-0.39362921072190393,22.91802257297607,17.582582809218486,23.300665501895658,6.146417423864143,5.82803511958736,38.132001211020196,75.41689380558171,-0.17129954060578395,0.23151761094635717,0.01999999999998181,0.20999999999997954,0.660000000000025,0.0,4060.0,4060.0,2021-11-01,2021-11-01 10:00:00,1.312950107895903,357.0,1.0,best_within_2.0d,4416.0,389.68,0.5832424107187206,4.3760036431226785,32.22527881040892,0.012230020343504162,2.285057100371749,15.890706319702602,0.006381710269403211,0.4929364202292669,5.6011759621451125,36.843533123028394,0.015614239272951093,2.82998018927445,22.52492113564669,0.007835530045022196,1.8630914826498424,0.00402220134195386,1.9444468750000041,16.553125,0.005470102952261012,1.0,0
4068.0,2021-11-01 10:45:00,383.94,384.03,383.29,383.3399,274474.0,1,1,0.0,sell,False,2.591962264769483,3.7449999999999477,46.0,0.009847877249957131,-0.018989165887690063,0.38444063658984423,0.3749460536459992,0.0009787478104812963,54.45302699200635,63.63616173449405,71.16244857899598,48.58358804549019,274474.0,3.7449999999999477,1.0,3.7449999999999477,46.0,0.009847877249957131,3.7449999999999477,46.0,0.009847877249957131,1.0,1.0,-0.018989165887690063,0.3749460536459992,0.38444063658984423,54.45302699200635,63.63616173449405,71.16244857899598,48.58358804549019,34.89054173216376,21.66353563623904,39.21919410790628,-0.15630046361410577,0.19306530303424357,0.08999999999997499,0.04989999999997963,0.6000999999999976,0.0,4069.0,4069.0,2021-11-01,2021-11-01 10:45:00,-0.28958634360785,51.0,1.0,best_within_2.0d,4119.0,384.45,0.5832424107187206,4.3760036431226785,32.22527881040892,0.012230020343504162,2.285057100371749,15.890706319702602,0.006381710269403211,0.4929364202292669,5.6011759621451125,36.843533123028394,0.015614239272951093,2.82998018927445,22.52492113564669,0.007835530045022196,1.8630914826498424,0.00402220134195386,1.9444468750000041,16.553125,0.005470102952261012,0.0,1
4100.0,2021-11-01 13:25:00,386.14,386.21,385.89,386.04,192893.0,2,2,1.0,buy,False,0.4096385542168815,4.163492493946733,28.239017640954685,0.011578080659927173,-0.14402298733186902,0.12157644224807906,0.04956494858214455,0.00012827422770046376,40.05389471760535,30.11523925592872,43.844617058586195,2.6564836506137794,192893.0,1.0200000000000387,1.0,2.490000000000009,37.0,0.006477290463555509,1.0200000000000387,6.0,0.0026362720012406984,2.0,2.0,-0.14402298733186902,0.04956494858214455,0.12157644224807906,40.05389471760535,30.11523925592872,43.844617058586195,2.6564836506137794,19.527715344872625,28.862488689103067,31.28899772526042,-0.025897342932606284,0.08292518593381357,0.06999999999999318,0.1500000000000341,0.0999999999999659,0.0,4101.0,4101.0,2021-11-01,2021-11-01 13:25:00,0.9429074707284183,316.0,1.0,best_within_2.0d,4416.0,389.68,0.4096385542168815,2.490000000000009,37.0,0.006477290463555509,1.0200000000000387,6.0,0.0026362720012406984,0.4929364202292669,5.6011759621451125,36.843533123028394,0.015614239272951093,2.82998018927445,22.52492113564669,0.007835530045022196,1.8630914826498424,0.00402220134195386,1.9444468750000041,16.553125,0.005470102952261012,0.0,0
4101.0,2021-11-01 13:30:00,386.031,386.05,385.75,385.965,171881.0,2,2,1.0,buy,False,0.4658634538152694,4.163492493946733,28.239017640954685,0.011578080659927173,-0.18272841970341727,0.09873538978515191,0.007371179933443273,1.907821948525736e-05,38.435196768885106,26.254987090158522,37.981407069110304,2.8021471322549587,171881.0,1.160000000000025,1.0,2.490000000000009,37.0,0.006477290463555509,1.160000000000025,7.0,0.002998113256312902,2.0,2.0,-0.18272841970341727,0.007371179933443273,0.09873538978515191,38.435196768885106,26.254987090158522,37.981407069110304,2.8021471322549587,18.094941898272392,31.914953773077354,31.027966066329338,-0.017097072514909665,0.07777057679844754,0.019000000000005457,0.214999999999975,0.06600000000003092,0.0,4102.0,4102.0,2021-11-01,2021-11-01 13:30:00,0.9625225085176201,315.0,1.0,best_within_2.0d,4416.0,389.68,0.4658634538152694,2.490000000000009,37.0,0.006477290463555509,1.160000000000025,7.0,0.002998113256312902,0.4929364202292669,5.6011759621451125,36.843533123028394,0.015614239272951093,2.82998018927445,22.52492113564669,0.007835530045022196,1.8630914826498424,0.00402220134195386,1.9444468750000041,16.553125,0.005470102952261012,0.0,0
4103.0,2021-11-01 13:40:00,386.055,386.0552,385.47,385.52,230626.0,2,2,1.0,buy,False,0.5783132530120452,4.163492493946733,28.239017640954685,0.011578080659927173,-0.2510342980063305,0.043811026320063715,-0.08170612268310151,-0.00021151943675865026,31.41364023400773,18.573416995369623,28.87710089182665,-2.033950797544435,230626.0,1.4399999999999977,1.0,2.490000000000009,37.0,0.006477290463555509,1.4399999999999977,9.0,0.0037217957664573095,2.0,2.0,-0.2510342980063305,-0.08170612268310151,0.043811026320063715,31.41364023400773,18.573416995369623,28.87710089182665,-2.033950797544435,18.726591760299645,37.17353308364471,30.03335570080626,-0.1385812902306731,0.15181466780812672,0.0002000000000066393,0.049999999999954525,0.535000000000025,0.0,4104.0,4104.0,2021-11-01,2021-11-01 13:40:00,1.0790620460676554,313.0,1.0,best_within_2.0d,4416.0,389.68,0.5783132530120452,2.490000000000009,37.0,0.006477290463555509,1.4399999999999977,9.0,0.0037217957664573095,0.4929364202292669,5.6011759621451125,36.843533123028394,0.015614239272951093,2.82998018927445,22.52492113564669,0.007835530045022196,1.8630914826498424,0.00402220134195386,1.9444468750000041,16.553125,0.005470102952261012,0.0,0
4105.0,2021-11-01 13:50:00,385.62,385.7,385.35,385.38,96192.0,2,2,1.0,buy,False,0.6265060240963841,4.163492493946733,28.239017640954685,0.011578080659927173,-0.2895314788427544,-0.025210397676897013,-0.1699761370982742,-0.0004401576522381049,31.182966291161023,11.545344489332008,20.31186514364157,-5.987696819287116,96192.0,1.5600000000000023,1.0,2.490000000000009,37.0,0.006477290463555509,1.5600000000000023,11.0,0.004031945413662098,2.0,2.0,-0.2895314788427544,-0.1699761370982742,-0.025210397676897013,31.182966291161023,11.545344489332008,20.31186514364157,-5.987696819287116,13.397129186602905,39.08612440191264,31.865807270053615,-0.06223743581764667,0.09082652134422366,0.07999999999998408,0.029999999999972715,0.2400000000000091,0.0,4106.0,4106.0,2021-11-01,2021-11-01 13:50:00,1.1157818257304508,311.0,1.0,best_within_2.0d,4416.0,389.68,0.6265060240963841,2.490000000000009,37.0,0.006477290463555509,1.5600000000000023,11.0,0.004031945413662098,0.4929364202292669,5.6011759621451125,36.843533123028394,0.015614239272951093,2.82998018927445,22.52492113564669,0.007835530045022196,1.8630914826498424,0.00402220134195386,1.9444468750000041,16.553125,0.005470102952261012,0.0,0
4109.0,2021-11-01 14:10:00,383.94,384.03,383.29,383.3399,274474.0,1p,1p,0.0,sell,False,2.470705639485218,3.7449999999999477,46.0,0.009847877249957131,-0.01882504639097049,0.38418416550788137,0.3747716423123961,0.0009782920870102995,54.46508146316174,63.63616173449405,71.16244857899594,48.58358804549027,274474.0,3.7449999999999477,0.0,3.7449999999999477,46.0,0.009847877249957131,3.7449999999999477,0.0,0.0,1.0,1.0,-0.01882504639097049,0.3747716423123961,0.38418416550788137,54.46508146316174,63.63616173449405,71.16244857899594,48.58358804549027,34.89054173216376,21.66353563623904,39.086003348983596,-0.15630046361410577,0.19306530303424357,0.08999999999997499,0.04989999999997963,0.6000999999999976,0.0,4110.0,4110.0,2021-11-01,2021-11-01 14:10:00,1.1630321910695791,307.0,1.0,best_within_2.0d,4416.0,389.68,0.5832424107187206,4.3760036431226785,32.22527881040892,0.012230020343504162,2.285057100371749,15.890706319702602,0.006381710269403211,0.4929364202292669,5.6011759621451125,36.843533123028394,0.015614239272951093,2.82998018927445,22.52492113564669,0.007835530045022196,1.8630914826498424,0.00402220134195386,1.9444468750000041,16.553125,0.005470102952261012,0.0,1
4109.0,2021-11-01 14:10:00,385.6613,385.75,385.17,385.2,184861.0,2,2,1.0,buy,False,0.6987951807228927,4.163492493946733,28.239017640954685,0.011578080659927173,-0.21592709130763776,-0.13949544631522132,-0.2474589919690402,-0.0006411051321289667,33.75880376949834,14.229995781834479,16.494263237704327,9.701460870094785,184861.0,1.740000000000009,1.0,2.490000000000009,37.0,0.006477290463555509,1.740000000000009,15.0,0.00449716988446928,2.0,2.0,-0.21592709130763776,-0.2474589919690402,-0.13949544631522132,33.75880376949834,14.229995781834479,16.494263237704327,9.701460870094785,8.474225951799648,37.10057459385659,35.960791501565346,-0.11961272754097813,0.15058285951657294,0.0887000000000171,0.029999999999972715,0.46129999999999427,0.0,4110.0,4110.0,2021-11-01,2021-11-01 14:10:00,1.1630321910695791,307.0,1.0,best_within_2.0d,4416.0,389.68,0.6987951807228927,2.490000000000009,37.0,0.006477290463555509,1.740000000000009,15.0,0.00449716988446928,0.4929364202292669,5.6011759621451125,36.843533123028394,0.015614239272951093,2.82998018927445,22.52492113564669,0.007835530045022196,1.8630914826498424,0.00402220134195386,1.9444468750000041,16.553125,0.005470102952261012,0.0,0
4110.0,2021-11-01 14:15:00,385.19,385.26,384.915,385.09,234869.0,2,2,1.0,buy,False,0.8012048192771073,4.163492493946733,28.239017640954685,0.011578080659927173,-0.22646596517195416,-0.16780369196171557,-0.28103667454769266,-0.0007282221343227005,32.31094373253427,14.09799455284239,15.695507009417014,10.90296963969314,234869.0,1.9950000000000045,1.0,2.490000000000009,37.0,0.006477290463555509,1.9950000000000045,16.0,0.005156237884779417,2.0,2.0,-0.22646596517195416,-0.28103667454769266,-0.16780369196171557,32.31094373253427,14.09799455284239,15.695507009417014,10.90296963969314,8.387545517776882,41.73315330796552,38.14435012608923,-0.025961213946370035,0.08963017809125921,0.06999999999999318,0.17499999999995453,0.10000000000002274,0.0,4111.0,4111.0,2021-11-01,2021-11-01 14:15:00,1.1919291594172874,306.0,1.0,best_within_2.0d,4416.0,389.68,0.8012048192771073,2.490000000000009,37.0,0.006477290463555509,1.9950000000000045,16.0,0.005156237884779417,0.4929364202292669,5.6011759621451125,36.843533123028394,0.015614239272951093,2.82998018927445,22.52492113564669,0.007835530045022196,1.8630914826498424,0.00402220134195386,1.9444468750000041,16.553125,0.005470102952261012,1.0,0
4119.0,2021-11-01 15:00:00,384.34,384.54,384.18,384.45,395477.0,3a,3a,1.0,buy,False,0.004223160702378181,4.163492493946733,28.239017640954685,0.011578080659927173,-0.24688655442474838,0.22136411915627746,0.09792084194390327,0.00025461668033716127,46.90534775467461,25.58838806733121,31.30239589119318,14.16037241960727,395477.0,1.1999999999999886,2.0,1.1999999999999886,16.0,0.0031138097462244762,1.1999999999999886,16.0,0.0031138097462244762,3.0,3.0,-0.24688655442474838,0.09792084194390327,0.22136411915627746,46.90534775467461,25.58838806733121,31.30239589119318,14.16037241960727,9.990603581692627,37.168361706828804,38.29212021706312,0.02862049227247064,0.09370607527721736,0.09000000000003183,0.15999999999996817,0.11000000000001364,1.0,4120.0,4120.0,2021-11-01,2021-11-01 15:00:00,2.036675770581346,379.0,1.0,best_within_2.0d,4498.0,392.28,0.5832424107187206,4.3760036431226785,32.22527881040892,0.012230020343504162,2.285057100371749,15.890706319702602,0.006381710269403211,0.4929364202292669,5.6011759621451125,36.843533123028394,0.015614239272951093,2.82998018927445,22.52492113564669,0.007835530045022196,1.8630914826498424,0.004223160702378181,1.1999999999999886,16.0,0.0031138097462244762,0.0,0
4129.0,2021-11-01 15:50:00,386.72,386.91,386.561,386.75,461615.0,1p,1p,0.0,sell,False,0.8392081414452862,1.9950000000000045,20.0,0.005182962472234141,0.22816087273526353,0.10489268311178312,0.2189731194794149,0.0005670512917631997,64.83245565626937,87.88314367335936,89.11147639205019,85.42647823597767,461615.0,1.9950000000000045,0.0,1.9950000000000045,20.0,0.005182962472234141,1.9950000000000045,0.0,0.0,1.0,1.0,0.22816087273526353,0.2189731194794149,0.10489268311178312,64.83245565626937,87.88314367335936,89.11147639205019,85.42647823597767,35.97612493526823,1.3627320051241134,54.528363862154315,0.007757550682657404,0.09028329293437423,0.160000000000025,0.15900000000004866,0.029999999999972715,1.0,4130.0,4130.0,2021-11-01,2021-11-01 15:50:00,0.05688429217841688,69.0,1.0,best_within_2.0d,4198.0,386.53,0.5832424107187206,4.3760036431226785,32.22527881040892,0.012230020343504162,2.285057100371749,15.890706319702602,0.006381710269403211,0.4929364202292669,5.6011759621451125,36.843533123028394,0.015614239272951093,2.82998018927445,22.52492113564669,0.007835530045022196,1.8630914826498424,0.00402220134195386,1.9444468750000041,16.553125,0.005470102952261012,0.0,1
4130.0,2021-11-01 15:55:00,386.75,387.56,386.75,387.43,860253.0,1p,1p,0.0,sell,False,0.8654590316534477,2.644999999999982,21.0,0.006871646986997082,0.2905910910003094,0.1412165694868218,0.2865121149869765,0.0007417692560063729,73.7334759224632,89.34273070287459,89.18856116232499,89.65106978397381,860253.0,2.644999999999982,0.0,2.644999999999982,21.0,0.006871646986997082,2.644999999999982,0.0,0.0,1.0,1.0,0.2905910910003094,0.2865121149869765,0.1412165694868218,73.7334759224632,89.34273070287459,89.18856116232499,89.65106978397381,42.3976950645315,1.1712070459817978,57.39231329442739,0.1758241758241776,0.20943762120232767,0.12999999999999545,0.0,0.6800000000000068,1.0,4131.0,4131.0,2021-11-01,2021-11-01 15:55:00,0.2323000283922345,68.0,1.0,best_within_2.0d,4198.0,386.53,0.5832424107187206,4.3760036431226785,32.22527881040892,0.012230020343504162,2.285057100371749,15.890706319702602,0.006381710269403211,0.4929364202292669,5.6011759621451125,36.843533123028394,0.015614239272951093,2.82998018927445,22.52492113564669,0.007835530045022196,1.8630914826498424,0.00402220134195386,1.9444468750000041,16.553125,0.005470102952261012,1.0,1
4192.0,2021-11-02 05:15:00,386.6,386.69,386.55,386.55,2799.0,2s,2s,1.0,buy,False,0.144578313253017,4.163492493946733,28.239017640954685,0.011578080659927173,-0.0724921766748528,-0.09044237692811849,-0.1266884652655449,-0.0003274275053314063,33.327837965847536,13.350490893964594,20.97488457039575,-1.8982964588977183,2799.0,1.009999999999991,1.0,2.490000000000009,37.0,0.006477290463555509,1.009999999999991,63.0,0.0026060480957786946,1.0,2.5,-0.0724921766748528,-0.1266884652655449,-0.09044237692811849,33.327837965847536,13.350490893964594,20.97488457039575,-1.8982964588977183,9.714285714289558,37.71428571428267,47.33341718370292,-0.012933264355926375,0.0362178243435484,0.08999999999997499,0.0,0.05000000000001137,0.0,4193.0,4193.0,2021-11-02,2021-11-02 05:15:00,2.24033113439399,368.0,1.0,best_within_2.0d,4560.0,395.21,0.5832424107187206,4.3760036431226785,32.22527881040892,0.012230020343504162,2.285057100371749,15.890706319702602,0.006381710269403211,0.144578313253017,2.490000000000009,37.0,0.006477290463555509,1.009999999999991,63.0,0.0026060480957786946,1.0,0.00402220134195386,1.9444468750000041,16.553125,0.005470102952261012,0.0,0
4193.0,2021-11-02 05:20:00,386.5,386.84,386.5,386.84,5086.0,2s,2s,1.0,buy,False,0.16465863453816204,4.163492493946733,28.239017640954685,0.011578080659927173,-0.0371034863232437,-0.09508031271852395,-0.1136320558801458,-0.00029368762992778983,46.972449128228256,29.887981583628374,23.945916908139957,41.77211093460521,5086.0,1.0600000000000023,1.0,2.490000000000009,37.0,0.006477290463555509,1.0600000000000023,64.0,0.0027350603777479675,1.0,2.5,-0.0371034863232437,-0.1136320558801458,-0.09508031271852395,46.972449128228256,29.887981583628374,23.945916908139957,41.77211093460521,14.646464646465546,33.333333333331424,46.73441370065611,0.08796895213453428,0.08796895213453428,0.0,0.0,0.339999999999975,1.0,4194.0,4194.0,2021-11-02,2021-11-02 05:20:00,2.1636852445455497,367.0,1.0,best_within_2.0d,4560.0,395.21,0.5832424107187206,4.3760036431226785,32.22527881040892,0.012230020343504162,2.285057100371749,15.890706319702602,0.006381710269403211,0.16465863453816204,2.490000000000009,37.0,0.006477290463555509,1.0600000000000023,64.0,0.0027350603777479675,1.0,0.00402220134195386,1.9444468750000041,16.553125,0.005470102952261012,1.0,0
4198.0,2021-11-02 05:45:00,386.52,386.54,386.46,386.53,18650.0,2s,2s,1.0,buy,False,0.18072289156628266,4.163492493946733,28.239017640954685,0.011578080659927173,-0.03667679588248127,-0.10741890803610428,-0.1257573059773449,-0.00032510033260532847,37.63247455844958,26.478302383080646,33.210714256931226,13.013478635379485,18650.0,1.1000000000000227,1.0,2.490000000000009,37.0,0.006477290463555509,1.1000000000000227,69.0,0.002838270203323415,1.0,2.5,-0.03667679588248127,-0.1257573059773449,-0.10741890803610428,37.63247455844958,26.478302383080646,33.210714256931226,13.013478635379485,10.055865921788296,48.0446927374319,47.86036658673719,0.002587188243814267,0.020700719350008005,0.010000000000047748,0.060000000000002274,0.009999999999990905,1.0,4199.0,4199.0,2021-11-02,2021-11-02 05:45:00,2.245621297182627,362.0,1.0,best_within_2.0d,4560.0,395.21,0.5832424107187206,4.3760036431226785,32.22527881040892,0.012230020343504162,2.285057100371749,15.890706319702602,0.006381710269403211,0.18072289156628266,2.490000000000009,37.0,0.006477290463555509,1.1000000000000227,69.0,0.002838270203323415,1.0,0.00402220134195386,1.9444468750000041,16.553125,0.005470102952261012,0.0,0
4199.0,2021-11-02 05:50:00,386.53,386.53,386.44,386.53,1350.0,2s,2s,1.0,buy,False,0.18875502008033154,4.163492493946733,28.239017640954685,0.011578080659927173,-0.03618340514347809,-0.11194183367903902,-0.13003353625077807,-0.000336174053355355,37.63247455844958,25.15220158871877,30.524543367527073,14.407518031102171,1350.0,1.1200000000000045,1.0,2.490000000000009,37.0,0.006477290463555509,1.1200000000000045,70.0,0.0028898751161110653,1.0,2.5,-0.03618340514347809,-0.13003353625077807,-0.11194183367903902,37.63247455844958,25.15220158871877,30.524543367527073,14.407518031102171,8.6956521739117,47.82608695652362,49.38682391845413,0.0,0.0232895145430015,0.0,0.08999999999997499,0.0,0.0,4200.0,4200.0,2021-11-02,2021-11-02 05:50:00,2.245621297182627,361.0,1.0,best_within_2.0d,4560.0,395.21,0.5832424107187206,4.3760036431226785,32.22527881040892,0.012230020343504162,2.285057100371749,15.890706319702602,0.006381710269403211,0.18875502008033154,2.490000000000009,37.0,0.006477290463555509,1.1200000000000045,70.0,0.0028898751161110653,1.0,0.00402220134195386,1.9444468750000041,16.553125,0.005470102952261012,1.0,0
4209.0,2021-11-02 06:40:00,386.72,386.83,386.72,386.81,4257.0,2,2,0.0,sell,False,0.3482142857142721,4.163492493946733,28.239017640954685,0.011578080659927173,0.058478494482503696,-0.0731778267086031,-0.043938579467351246,-0.00011360801386912064,52.89897984523064,74.62922008557425,67.68157086897736,88.52451851876802,4257.0,0.38999999999998636,1.0,1.1200000000000045,70.0,0.0028898751161110653,0.38999999999998636,11.0,0.0010092122968636435,2.0,2.0,0.058478494482503696,-0.043938579467351246,-0.0731778267086031,52.89897984523064,74.62922008557425,67.68157086897736,88.52451851876802,40.79999999999742,37.59999999999592,30.286399767353426,0.02327265204798691,0.02844435250309185,0.01999999999998181,0.0,0.08999999999997499,1.0,4210.0,4210.0,2021-11-02,2021-11-02 06:40:00,-0.051704971433000346,34.0,1.0,best_within_2.0d,4243.0,387.01,0.3482142857142721,1.1200000000000045,70.0,0.0028898751161110653,0.38999999999998636,11.0,0.0010092122968636435,0.4929364202292669,5.6011759621451125,36.843533123028394,0.015614239272951093,2.82998018927445,22.52492113564669,0.007835530045022196,1.8630914826498424,0.00402220134195386,1.9444468750000041,16.553125,0.005470102952261012,0.0,1
4210.0,2021-11-02 06:45:00,386.81,386.88,386.78,386.8,5880.0,2,2,0.0,sell,False,0.39285714285713924,4.163492493946733,28.239017640954685,0.011578080659927173,0.06321613566213088,-0.06527580975083673,-0.03366774191977129,-8.705090365548704e-05,52.2895156025357,71.97503561260768,69.1127257835208,77.69965527078145,5880.0,0.4399999999999977,1.0,1.1200000000000045,70.0,0.0028898751161110653,0.4399999999999977,12.0,0.0011385984887692727,2.0,2.0,0.06321613566213088,-0.03366774191977129,-0.06527580975083673,52.2895156025357,71.97503561260768,69.1127257835208,77.69965527078145,48.69565217390939,29.565217391299836,29.86911724428876,-0.002585248571647813,0.02585449092507957,0.06999999999999318,0.020000000000038654,0.009999999999990905,0.0,4211.0,4211.0,2021-11-02,2021-11-02 06:45:00,-0.05429162357807123,33.0,1.0,best_within_2.0d,4243.0,387.01,0.39285714285713924,1.1200000000000045,70.0,0.0028898751161110653,0.4399999999999977,12.0,0.0011385984887692727,0.4929364202292669,5.6011759621451125,36.843533123028394,0.015614239272951093,2.82998018927445,22.52492113564669,0.007835530045022196,1.8630914826498424,0.00402220134195386,1.9444468750000041,16.553125,0.005470102952261012,1.0,1
4219.0,2021-11-02 07:30:00,386.78,387.01,386.76,386.98,28895.0,2,2,0.0,sell,False,0.5089285714285633,4.163492493946733,28.239017640954685,0.011578080659927173,0.051820773679579046,-0.01541140469847535,0.010498982141314173,2.7144729094587113e-05,63.606755172376715,69.77805823340282,62.27775856088347,84.77865757844151,28895.0,0.5699999999999932,1.0,1.1200000000000045,70.0,0.0028898751161110653,0.5699999999999932,21.0,0.0014750025877238206,2.0,2.0,0.051820773679579046,0.010498982141314173,-0.01541140469847535,63.606755172376715,69.77805823340282,62.27775856088347,84.77865757844151,40.044411547002014,22.945965951143275,23.947259640801438,0.05170898185015914,0.06463956975902369,0.029999999999972715,0.01999999999998181,0.20000000000004547,1.0,4220.0,4220.0,2021-11-02,2021-11-02 07:30:00,-0.007752338622143965,24.0,1.0,best_within_2.0d,4243.0,387.01,0.5089285714285633,1.1200000000000045,70.0,0.0028898751161110653,0.5699999999999932,21.0,0.0014750025877238206,0.4929364202292669,5.6011759621451125,36.843533123028394,0.015614239272951093,2.82998018927445,22.52492113564669,0.007835530045022196,1.8630914826498424,0.00402220134195386,1.9444468750000041,16.553125,0.005470102952261012,0.0,1
4220.0,2021-11-02 07:35:00,386.98,387.02,386.94,387.0,16429.0,2,2,0.0,sell,False,0.5178571428571266,4.163492493946733,28.239017640954685,0.011578080659927173,0.06721617630777157,-0.007009382660003905,0.02659870549388188,6.876704230270592e-05,64.56755852562353,78.26473723496824,67.60675145224505,99.58070880041461,16429.0,0.5799999999999841,1.0,1.1200000000000045,70.0,0.0028898751161110653,0.5799999999999841,22.0,0.001500879826104917,2.0,2.0,0.06721617630777157,0.02659870549388188,-0.007009382660003905,64.56755852562353,78.26473723496824,67.60675145224505,99.58070880041461,36.73616103522509,22.286125089860082,23.985479567276673,0.005168225748095976,0.020675040057886,0.01999999999998181,0.040000000000020464,0.01999999999998181,1.0,4221.0,4221.0,2021-11-02,2021-11-02 07:35:00,-0.0025839793281630247,23.0,1.0,best_within_2.0d,4243.0,387.01,0.5178571428571266,1.1200000000000045,70.0,0.0028898751161110653,0.5799999999999841,22.0,0.001500879826104917,0.4929364202292669,5.6011759621451125,36.843533123028394,0.015614239272951093,2.82998018927445,22.52492113564669,0.007835530045022196,1.8630914826498424,0.00402220134195386,1.9444468750000041,16.553125,0.005470102952261012,1.0,1
4235.0,2021-11-02 08:50:00,386.88,387.22,386.88,386.96,141611.0,2,2,0.0,sell,False,0.696428571428595,4.163492493946733,28.239017640954685,0.011578080659927173,0.02213809119422066,0.017970542166523915,0.029039587763634245,7.50697342292348e-05,57.57404591908259,45.36792579116552,35.13532912259602,65.8331191283045,141611.0,0.7800000000000296,1.0,1.1200000000000045,70.0,0.0028898751161110653,0.7800000000000296,37.0,0.002018424593727434,2.0,2.0,0.02213809119422066,0.029039587763634245,0.017970542166523915,57.57404591908259,45.36792579116552,35.13532912259602,65.8331191283045,51.21107266435968,10.380622837366138,43.102180250245134,0.020678246484693984,0.08788254755997514,0.26000000000004775,0.0,0.07999999999998408,1.0,4236.0,4236.0,2021-11-02,2021-11-02 08:50:00,-0.012921232168702546,8.0,1.0,best_within_2.0d,4243.0,387.01,0.696428571428595,1.1200000000000045,70.0,0.0028898751161110653,0.7800000000000296,37.0,0.002018424593727434,0.4929364202292669,5.6011759621451125,36.843533123028394,0.015614239272951093,2.82998018927445,22.52492113564669,0.007835530045022196,1.8630914826498424,0.00402220134195386,1.9444468750000041,16.553125,0.005470102952261012,1.0,1
4243.0,2021-11-02 09:30:00,386.8,387.33,386.75,387.01,784512.0,2s,2s,1.0,buy,False,0.0642570281124596,4.163492493946733,28.239017640954685,0.011578080659927173,0.013828280854469466,0.023974025550209527,0.03088816597744426,7.98426176869193e-05,57.095060232644535,29.840571280121523,29.446127270926965,30.62945929851064,784512.0,0.4700000000000273,1.0,2.490000000000009,37.0,0.006477290463555509,0.4700000000000273,9.0,0.001213780279944288,2.0,2.5,0.013828280854469466,0.03088816597744426,0.023974025550209527,57.095060232644535,29.840571280121523,29.446127270926965,30.62945929851064,44.44444444444332,11.111111111108304,52.44164431974257,0.05429162357807123,0.14996767937943997,0.3199999999999932,0.05000000000001137,0.20999999999997954,1.0,4244.0,4244.0,2021-11-02,2021-11-02 09:30:00,2.118808299527141,317.0,1.0,best_within_2.0d,4560.0,395.21,0.5832424107187206,4.3760036431226785,32.22527881040892,0.012230020343504162,2.285057100371749,15.890706319702602,0.006381710269403211,0.0642570281124596,2.490000000000009,37.0,0.006477290463555509,0.4700000000000273,9.0,0.001213780279944288,2.0,0.00402220134195386,1.9444468750000041,16.553125,0.005470102952261012,0.0,0
4244.0,2021-11-02 09:35:00,387.02,388.38,387.02,388.38,658296.0,1,1,0.0,sell,False,0.5869101735126463,1.9399999999999977,46.0,0.0050201842459372675,0.19706399795678692,0.04860702529480789,0.14713902427320136,0.0003802282661848474,81.43810099342896,53.22704752008101,37.37310068731165,84.93494118561972,658296.0,1.9399999999999977,1.0,1.9399999999999977,46.0,0.0050201842459372675,1.9399999999999977,46.0,0.0050201842459372675,1.0,1.0,0.19706399795678692,0.14713902427320136,0.04860702529480789,81.43810099342896,53.22704752008101,37.37310068731165,84.93494118561972,57.97101449275286,7.2463768115924605,54.25136813817398,0.35140302826727654,0.35140302826727654,0.0,0.0,1.3600000000000136,1.0,4245.0,4245.0,2021-11-02,2021-11-02 09:35:00,0.10041711725629188,30.0,1.0,best_within_2.0d,4274.0,387.99,0.5832424107187206,4.3760036431226785,32.22527881040892,0.012230020343504162,2.285057100371749,15.890706319702602,0.006381710269403211,0.4929364202292669,5.6011759621451125,36.843533123028394,0.015614239272951093,2.82998018927445,22.52492113564669,0.007835530045022196,1.8630914826498424,0.00402220134195386,1.9444468750000041,16.553125,0.005470102952261012,0.0,1
4245.0,2021-11-02 09:40:00,388.39,388.7984,388.19,388.76,684657.0,1,1,0.0,sell,False,1.0400045693777085,2.3584000000000174,47.0,0.006102887899803378,0.3491973177238019,0.09225669001028314,0.2668553488721841,0.0006893568835089123,84.12805784924768,68.19315372652892,47.64645170038407,109.28655777881862,684657.0,2.3584000000000174,1.0,2.3584000000000174,47.0,0.006102887899803378,2.3584000000000174,47.0,0.006102887899803378,1.0,1.0,0.3491973177238019,0.2668553488721841,0.09225669001028314,84.12805784924768,68.19315372652892,47.64645170038407,109.28655777881862,59.42949299465777,6.2997681685299165,56.149924761511706,0.09526506861659789,0.15672737576960186,0.03840000000002419,0.19999999999998863,0.37000000000000455,1.0,4246.0,4246.0,2021-11-02,2021-11-02 09:40:00,0.19806564461363868,29.0,1.0,best_within_2.0d,4274.0,387.99,0.5832424107187206,4.3760036431226785,32.22527881040892,0.012230020343504162,2.285057100371749,15.890706319702602,0.006381710269403211,0.4929364202292669,5.6011759621451125,36.843533123028394,0.015614239272951093,2.82998018927445,22.52492113564669,0.007835530045022196,1.8630914826498424,0.00402220134195386,1.9444468750000041,16.553125,0.005470102952261012,0.0,1
4246.0,2021-11-02 09:45:00,388.77,389.04,388.5215,389.03,589400.0,1,1,0.0,sell,False,1.367102463996882,2.6000000000000227,48.0,0.00672808197909125,0.4590254000216268,0.14963486501298648,0.37914756502379987,0.0009790767873922353,85.71239365030405,78.64987541011611,57.980926270294745,119.98777368975882,589400.0,2.6000000000000227,1.0,2.6000000000000227,48.0,0.00672808197909125,2.6000000000000227,48.0,0.00672808197909125,1.0,1.0,0.4590254000216268,0.37914756502379987,0.14963486501298648,85.71239365030405,78.64987541011611,57.980926270294745,119.98777368975882,58.998388890149954,5.672922008666925,58.02894016075237,0.06687758829127528,0.1334546479409807,0.010000000000047748,0.24849999999997863,0.2599999999999909,1.0,4247.0,4247.0,2021-11-02,2021-11-02 09:45:00,0.26733156825950793,28.0,1.0,best_within_2.0d,4274.0,387.99,0.5832424107187206,4.3760036431226785,32.22527881040892,0.012230020343504162,2.285057100371749,15.890706319702602,0.006381710269403211,0.4929364202292669,5.6011759621451125,36.843533123028394,0.015614239272951093,2.82998018927445,22.52492113564669,0.007835530045022196,1.8630914826498424,0.00402220134195386,1.9444468750000041,16.553125,0.005470102952261012,0.0,1
4247.0,2021-11-02 09:50:00,389.04,389.25,388.8,389.12,441547.0,1,1,0.0,sell,False,1.5265413889669575,2.8100000000000023,49.0,0.007271503985094716,0.5125594387937296,0.2137047948622027,0.4699845142590675,0.0012132120623861264,86.20664790340315,84.0332502734108,66.66503427133343,118.76968227756555,441547.0,2.8100000000000023,1.0,2.8100000000000023,49.0,0.007271503985094716,2.8100000000000023,49.0,0.007271503985094716,1.0,1.0,0.5125594387937296,0.4699845142590675,0.2137047948622027,86.20664790340315,84.0332502734108,66.66503427133343,118.76968227756555,58.82476082815275,5.2335196466316125,59.85973948633847,0.0205634382068641,0.11574074074073781,0.12999999999999545,0.2400000000000091,0.07999999999998408,1.0,4248.0,4248.0,2021-11-02,2021-11-02 09:50:00,0.29039884868420934,27.0,1.0,best_within_2.0d,4274.0,387.99,0.5832424107187206,4.3760036431226785,32.22527881040892,0.012230020343504162,2.285057100371749,15.890706319702602,0.006381710269403211,0.4929364202292669,5.6011759621451125,36.843533123028394,0.015614239272951093,2.82998018927445,22.52492113564669,0.007835530045022196,1.8630914826498424,0.00402220134195386,1.9444468750000041,16.553125,0.005470102952261012,1.0,1
4269.0,2021-11-02 11:40:00,388.8,389.34,388.75,389.3393,174244.0,1,1,0.0,sell,False,1.526541388992877,2.8999999999999773,71.0,0.007504399130524732,-0.03857480231017141,0.32363148691073046,0.30434408575564476,0.0007833460349358549,65.36301811569476,64.87567090990147,53.28478276363545,88.05744720243351,174244.0,2.8999999999999773,1.0,2.8999999999999773,71.0,0.007504399130524732,2.8999999999999773,71.0,0.007504399130524732,1.0,1.0,-0.03857480231017141,0.30434408575564476,0.32363148691073046,65.36301811569476,64.87567090990147,53.28478276363545,88.05744720243351,22.70898079528312,15.226312853613933,31.653634719567155,0.13870884773661749,0.15176848874597426,0.0006999999999948159,0.05000000000001137,0.5392999999999688,1.0,4270.0,4270.0,2021-11-02,2021-11-02 11:40:00,0.3465614696487026,5.0,1.0,best_within_2.0d,4274.0,387.99,0.5832424107187206,4.3760036431226785,32.22527881040892,0.012230020343504162,2.285057100371749,15.890706319702602,0.006381710269403211,0.4929364202292669,5.6011759621451125,36.843533123028394,0.015614239272951093,2.82998018927445,22.52492113564669,0.007835530045022196,1.8630914826498424,0.00402220134195386,1.9444468750000041,16.553125,0.005470102952261012,0.0,1
4270.0,2021-11-02 11:45:00,389.35,389.54,389.16,389.17,265235.0,1,1,0.0,sell,False,1.5265413889653214,3.1000000000000227,72.0,0.00802194389814725,-0.02256537780863721,0.3208108146846508,0.3095281257803322,0.0007965901334031168,61.565788699913,65.47266949548987,57.347411674253586,81.72318513796243,265235.0,3.1000000000000227,1.0,3.1000000000000227,72.0,0.00802194389814725,3.1000000000000227,72.0,0.00802194389814725,1.0,1.0,-0.02256537780863721,0.3095281257803322,0.3208108146846508,61.565788699913,65.47266949548987,57.347411674253586,81.72318513796243,26.957588926446093,13.582407854498554,31.749271941831523,-0.046230897649931116,0.09764621235481433,0.18999999999999773,0.009999999999990905,0.18000000000000682,0.0,4271.0,4271.0,2021-11-02,2021-11-02 11:45:00,0.3032093943520844,4.0,1.0,best_within_2.0d,4274.0,387.99,0.5832424107187206,4.3760036431226785,32.22527881040892,0.012230020343504162,2.285057100371749,15.890706319702602,0.006381710269403211,0.4929364202292669,5.6011759621451125,36.843533123028394,0.015614239272951093,2.82998018927445,22.52492113564669,0.007835530045022196,1.8630914826498424,0.00402220134195386,1.9444468750000041,16.553125,0.005470102952261012,1.0,1
4274.0,2021-11-02 12:05:00,388.22,388.31,387.98,387.99,212544.0,3a,3a,1.0,buy,False,0.001216230203912709,4.163492493946733,28.239017640954685,0.011578080659927173,-0.2757103120804173,0.23386700651453501,0.09601185047432637,0.0002471302839672479,41.56753134093508,18.95598913984878,34.3925984429338,-11.917229466321274,212544.0,1.5600000000000023,2.0,1.5600000000000023,5.0,0.004004723520049294,1.5600000000000023,5.0,0.004004723520049294,3.0,3.0,-0.2757103120804173,0.09601185047432637,0.23386700651453501,41.56753134093508,18.95598913984878,34.3925984429338,-11.917229466321274,22.89001787184651,33.621157051347225,27.188993519182663,-0.05924475812683998,0.08505593071807414,0.08999999999997499,0.009999999999990905,0.2300000000000182,0.0,4275.0,4275.0,2021-11-02,2021-11-02 12:05:00,2.612180726307377,363.0,1.0,best_within_2.0d,4637.0,398.125,0.5832424107187206,4.3760036431226785,32.22527881040892,0.012230020343504162,2.285057100371749,15.890706319702602,0.006381710269403211,0.4929364202292669,5.6011759621451125,36.843533123028394,0.015614239272951093,2.82998018927445,22.52492113564669,0.007835530045022196,1.8630914826498424,0.001216230203912709,1.5600000000000023,5.0,0.004004723520049294,0.0,0
4275.0,2021-11-02 12:10:00,388.0,388.36,387.9,388.3301,149223.0,3a,3a,1.0,buy,False,0.001216230203912709,4.163492493946733,28.239017640954685,0.011578080659927173,-0.26678333224420825,0.20051908998400897,0.06712742386190484,0.00017278886775017987,47.553557991779435,21.379196011932258,30.054797632599954,4.02799277059686,149223.0,1.6400000000000432,2.0,1.6400000000000432,6.0,0.004210093956975004,1.6400000000000432,6.0,0.004210093956975004,3.0,3.0,-0.26678333224420825,0.06712742386190484,0.20051908998400897,47.553557991779435,21.379196011932258,30.054797632599954,4.02799277059686,19.8380888130493,34.80892098892957,27.203745368343053,0.08507731958763294,0.11858726475896789,0.029899999999997817,0.10000000000002274,0.3301000000000158,1.0,4276.0,4276.0,2021-11-02,2021-11-02 12:10:00,2.5223128467249856,362.0,1.0,best_within_2.0d,4637.0,398.125,0.5832424107187206,4.3760036431226785,32.22527881040892,0.012230020343504162,2.285057100371749,15.890706319702602,0.006381710269403211,0.4929364202292669,5.6011759621451125,36.843533123028394,0.015614239272951093,2.82998018927445,22.52492113564669,0.007835530045022196,1.8630914826498424,0.001216230203912709,1.6400000000000432,6.0,0.004210093956975004,1.0,0
4282.0,2021-11-02 12:45:00,388.545,388.83,388.545,388.8,101053.0,2,2,0.0,sell,False,0.5670731707316965,4.163492493946733,28.239017640954685,0.011578080659927173,-0.04924236987173042,0.06737800381851647,0.04275681888265126,0.00011005387194067357,55.78828325484478,71.07204421529929,52.30682840363518,108.6024758386275,101053.0,0.9300000000000068,1.0,1.6400000000000432,6.0,0.004210093956975004,0.9300000000000068,8.0,0.0023975251353441787,2.0,2.0,-0.04924236987173042,0.04275681888265126,0.06737800381851647,55.78828325484478,71.07204421529929,52.30682840363518,108.6024758386275,23.683673469386974,31.836734693878903,22.946306662784885,0.06562946376867426,0.0733505771532173,0.029999999999972715,0.0,0.25499999999999545,1.0,4283.0,4283.0,2021-11-02,2021-11-02 12:45:00,0.1697530864197595,22.0,1.0,best_within_2.0d,4304.0,388.14,0.5670731707316965,1.6400000000000432,6.0,0.004210093956975004,0.9300000000000068,8.0,0.0023975251353441787,0.4929364202292669,5.6011759621451125,36.843533123028394,0.015614239272951093,2.82998018927445,22.52492113564669,0.007835530045022196,1.8630914826498424,0.00402220134195386,1.9444468750000041,16.553125,0.005470102952261012,0.0,1
4283.0,2021-11-02 12:50:00,388.7919,388.9801,388.695,388.94,86969.0,2,2,0.0,sell,False,0.6585975609756021,4.163492493946733,28.239017640954685,0.011578080659927173,0.00520913733537659,0.06802914598543855,0.07063371465312684,0.00018179260971234936,58.05238936686969,79.47715640955776,61.36360440560937,115.70426041745453,86969.0,1.0801000000000158,1.0,1.6400000000000432,6.0,0.004210093956975004,1.0801000000000158,9.0,0.0027844805362207165,2.0,2.0,0.00520913733537659,0.07063371465312684,0.06802914598543855,58.05238936686969,79.47715640955776,61.36360440560937,115.70426041745453,19.59913821244362,33.949206763727844,23.221452034574465,0.03809235737678677,0.0733479977874683,0.04009999999999536,0.0969000000000051,0.14809999999999945,1.0,4284.0,4284.0,2021-11-02,2021-11-02 12:50:00,0.20568725253252723,21.0,1.0,best_within_2.0d,4304.0,388.14,0.6585975609756021,1.6400000000000432,6.0,0.004210093956975004,1.0801000000000158,9.0,0.0027844805362207165,0.4929364202292669,5.6011759621451125,36.843533123028394,0.015614239272951093,2.82998018927445,22.52492113564669,0.007835530045022196,1.8630914826498424,0.00402220134195386,1.9444468750000041,16.553125,0.005470102952261012,0.0,1
4284.0,2021-11-02 12:55:00,388.9395,388.99,388.86,388.89,71708.0,2,2,0.0,sell,False,0.6646341463414653,4.163492493946733,28.239017640954685,0.011578080659927173,0.03144303170642426,0.07195952494874158,0.08768104080195371,0.0002256528912456091,56.93105462174092,82.55545235596647,68.42755372239506,110.81124962310929,71708.0,1.0900000000000318,1.0,1.6400000000000432,6.0,0.004210093956975004,1.0900000000000318,10.0,0.0028100025779840988,2.0,2.0,0.03144303170642426,0.08768104080195371,0.07195952494874158,56.93105462174092,82.55545235596647,68.42755372239506,110.81124962310929,16.351752548847376,35.90251087431954,24.23525305875123,-0.012726915111482169,0.033431054878361226,0.050499999999999545,0.029999999999972715,0.04950000000002319,0.0,4285.0,4285.0,2021-11-02,2021-11-02 12:55:00,0.19285659183830905,20.0,1.0,best_within_2.0d,4304.0,388.14,0.6646341463414653,1.6400000000000432,6.0,0.004210093956975004,1.0900000000000318,10.0,0.0028100025779840988,0.4929364202292669,5.6011759621451125,36.843533123028394,0.015614239272951093,2.82998018927445,22.52492113564669,0.007835530045022196,1.8630914826498424,0.00402220134195386,1.9444468750000041,16.553125,0.005470102952261012,0.0,1
4286.0,2021-11-02 13:05:00,388.89,388.9996,388.68,388.82,120193.0,2,2,0.0,sell,False,0.6704878048780368,4.163492493946733,28.239017640954685,0.011578080659927173,0.039941934388603356,0.0824084163725113,0.10237938356681298,0.00026345267852142146,55.21697553745704,81.92465894786855,76.35236632578739,93.06924419203088,120193.0,1.0996000000000095,1.0,1.6400000000000432,6.0,0.004210093956975004,1.0996000000000095,12.0,0.0028347512245424323,2.0,2.0,0.039941934388603356,0.10237938356681298,0.0824084163725113,55.21697553745704,81.92465894786855,76.35236632578739,93.06924419203088,17.705318054590087,26.719456472333995,24.195668631666994,-0.017999948571573755,0.08222702480188841,0.10960000000000036,0.13999999999998636,0.06999999999999318,0.0,4287.0,4287.0,2021-11-02,2021-11-02 13:05:00,0.17488812303894008,18.0,1.0,best_within_2.0d,4304.0,388.14,0.6704878048780368,1.6400000000000432,6.0,0.004210093956975004,1.0996000000000095,12.0,0.0028347512245424323,0.4929364202292669,5.6011759621451125,36.843533123028394,0.015614239272951093,2.82998018927445,22.52492113564669,0.007835530045022196,1.8630914826498424,0.00402220134195386,1.9444468750000041,16.553125,0.005470102952261012,0.0,1
4287.0,2021-11-02 13:10:00,388.84,389.03,388.79,388.9,104098.0,2,2,0.0,sell,False,0.6890243902438815,4.163492493946733,28.239017640954685,0.011578080659927173,0.0442326944102282,0.08793750317378982,0.11005385037890392,0.00028318551871188706,56.833059308209215,82.85173341622607,78.51882202260028,91.51755620347765,104098.0,1.1299999999999955,1.0,1.6400000000000432,6.0,0.004210093956975004,1.1299999999999955,13.0,0.002913121938643969,2.0,2.0,0.0442326944102282,0.11005385037890392,0.08793750317378982,56.833059308209215,82.85173341622607,78.51882202260028,91.51755620347765,19.680212510533934,18.390334857349362,22.709415500142736,0.015430511264273809,0.061729982767034196,0.12999999999999545,0.049999999999954525,0.060000000000002274,1.0,4288.0,4288.0,2021-11-02,2021-11-02 13:10:00,0.19542298791462867,17.0,1.0,best_within_2.0d,4304.0,388.14,0.6890243902438815,1.6400000000000432,6.0,0.004210093956975004,1.1299999999999955,13.0,0.002913121938643969,0.4929364202292669,5.6011759621451125,36.843533123028394,0.015614239272951093,2.82998018927445,22.52492113564669,0.007835530045022196,1.8630914826498424,0.00402220134195386,1.9444468750000041,16.553125,0.005470102952261012,1.0,1
4300.0,2021-11-02 14:15:00,388.0482,388.2413,387.78,388.205,265636.0,1p,1p,1.0,buy,False,0.5408625404535882,1.25,14.0,0.0032131198108115056,-0.1315308977025625,-0.03796645946549323,-0.10373190831677448,-0.00026703002818374903,43.28483481702396,29.632341082638348,28.809713116639617,31.27759701463581,265636.0,1.25,0.0,1.25,14.0,0.0032131198108115056,1.25,0.0,0.0,1.0,1.0,-0.1315308977025625,-0.10373190831677448,-0.03796645946549323,43.28483481702396,29.632341082638348,28.809713116639617,31.27759701463581,6.668993542919519,32.72917653511648,30.382211914603154,0.04040735145787962,0.11895920367219845,0.036300000000039745,0.26820000000003574,0.15679999999997563,1.0,4301.0,4301.0,2021-11-02,2021-11-02 14:15:00,2.6648291495472822,375.0,1.0,best_within_2.0d,4675.0,398.55,0.5832424107187206,4.3760036431226785,32.22527881040892,0.012230020343504162,2.285057100371749,15.890706319702602,0.006381710269403211,0.4929364202292669,5.6011759621451125,36.843533123028394,0.015614239272951093,2.82998018927445,22.52492113564669,0.007835530045022196,1.8630914826498424,0.00402220134195386,1.9444468750000041,16.553125,0.005470102952261012,0.0,0
4304.0,2021-11-02 14:35:00,387.81,388.1499,387.75,388.14,176830.0,1p,1p,1.0,buy,False,0.5408625404535882,1.2799999999999727,18.0,0.0032902346862709116,-0.10436653670101359,-0.10345181999856545,-0.15563508834907225,-0.00040076901590262875,45.50526307154319,29.122026051116855,26.81410226188056,33.73787362958945,176830.0,1.2799999999999727,0.0,1.2799999999999727,18.0,0.0032902346862709116,1.2799999999999727,0.0,0.0,1.0,1.0,-0.10436653670101359,-0.15563508834907225,-0.10345181999856545,45.50526307154319,29.122026051116855,26.81410226188056,33.73787362958945,4.787312154290716,26.86866709089994,40.45918480619671,0.08509321574997657,0.10313346228239906,0.009900000000016007,0.060000000000002274,0.3299999999999841,1.0,4305.0,4305.0,2021-11-02,2021-11-02 14:35:00,2.774771989488339,379.0,1.0,best_within_2.0d,4683.0,398.91,0.5832424107187206,4.3760036431226785,32.22527881040892,0.012230020343504162,2.285057100371749,15.890706319702602,0.006381710269403211,0.4929364202292669,5.6011759621451125,36.843533123028394,0.015614239272951093,2.82998018927445,22.52492113564669,0.007835530045022196,1.8630914826498424,0.00402220134195386,1.9444468750000041,16.553125,0.005470102952261012,1.0,0
4308.0,2021-11-02 14:55:00,388.54,388.85,388.5,388.81,188602.0,2s,2s,0.0,sell,False,0.5792682926829393,4.163492493946733,28.239017640954685,0.011578080659927173,0.12010342644382527,-0.08949074875185961,-0.029439035529946977,-7.579785977582522e-05,59.214470833658304,77.61999398214707,58.56608618865046,115.72780956914028,188602.0,1.1000000000000227,1.0,1.6400000000000432,6.0,0.004210093956975004,1.1000000000000227,5.0,0.002836879432624172,1.0,2.5,0.12010342644382527,-0.029439035529946977,-0.08949074875185961,59.214470833658304,77.61999398214707,58.56608618865046,115.72780956914028,18.25837540156034,19.04543368517736,35.79889211134478,0.06949091470633187,0.09009009009009594,0.040000000000020464,0.040000000000020464,0.2699999999999818,1.0,4309.0,4309.0,2021-11-02,2021-11-02 14:55:00,0.06746225662919729,130.0,1.0,best_within_2.0d,4438.0,388.5477,0.5832424107187206,4.3760036431226785,32.22527881040892,0.012230020343504162,2.285057100371749,15.890706319702602,0.006381710269403211,0.5792682926829393,1.6400000000000432,6.0,0.004210093956975004,1.1000000000000227,5.0,0.002836879432624172,1.0,0.00402220134195386,1.9444468750000041,16.553125,0.005470102952261012,0.0,1
4309.0,2021-11-02 15:00:00,388.8,388.9,388.7699,388.89,130559.0,2s,2s,0.0,sell,False,0.6097560975609595,4.163492493946733,28.239017640954685,0.011578080659927173,0.16730729100934724,-0.0685773373756912,0.015076308128982419,3.881386165990789e-05,60.59961103816644,84.79014091563452,67.3074377643118,119.75554721827996,130559.0,1.1499999999999773,1.0,1.6400000000000432,6.0,0.004210093956975004,1.1499999999999773,6.0,0.002965828497743333,1.0,2.5,0.16730729100934724,0.015076308128982419,-0.0685773373756912,60.59961103816644,84.79014091563452,67.3074377643118,119.75554721827996,18.521525273989585,19.818055920346357,33.48337858083385,0.023148148148141715,0.033464524902769056,0.009999999999990905,0.030100000000004457,0.08999999999997499,1.0,4310.0,4310.0,2021-11-02,2021-11-02 15:00:00,0.08801974851499553,129.0,1.0,best_within_2.0d,4438.0,388.5477,0.5832424107187206,4.3760036431226785,32.22527881040892,0.012230020343504162,2.285057100371749,15.890706319702602,0.006381710269403211,0.6097560975609595,1.6400000000000432,6.0,0.004210093956975004,1.1499999999999773,6.0,0.002965828497743333,1.0,0.00402220134195386,1.9444468750000041,16.553125,0.005470102952261012,0.0,1
4310.0,2021-11-02 15:05:00,388.89,389.12,388.87,389.048,164354.0,2s,2s,0.0,sell,False,0.7439024390243872,4.163492493946733,28.239017640954685,0.011578080659927173,0.20954002892693485,-0.042384833759824346,0.06238518070364307,0.00016059120755253665,63.25391407126839,88.10826912623804,74.2410482182872,115.84271094213972,164354.0,1.3700000000000045,1.0,1.6400000000000432,6.0,0.004210093956975004,1.3700000000000045,7.0,0.0035332043842682256,1.0,2.5,0.20954002892693485,0.06238518070364307,-0.042384833759824346,63.25391407126839,88.10826912623804,74.2410482182872,115.84271094213972,23.112276873795423,19.266033750377783,31.73999231509496,0.04062845534727441,0.06428883688636305,0.07200000000000273,0.01999999999998181,0.15800000000001546,1.0,4311.0,4311.0,2021-11-02,2021-11-02 15:05:00,0.12859595731117537,128.0,1.0,best_within_2.0d,4438.0,388.5477,0.5832424107187206,4.3760036431226785,32.22527881040892,0.012230020343504162,2.285057100371749,15.890706319702602,0.006381710269403211,0.7439024390243872,1.6400000000000432,6.0,0.004210093956975004,1.3700000000000045,7.0,0.0035332043842682256,1.0,0.00402220134195386,1.9444468750000041,16.553125,0.005470102952261012,1.0,1
4317.0,2021-11-02 15:40:00,389.03,389.39,388.985,389.32,485746.0,2s,2s,0.0,sell,False,0.9085365853658353,4.163492493946733,28.239017640954685,0.011578080659927173,0.15655784332745382,0.09224048944039681,0.17051941110412372,0.00043872199853116573,65.77536577542055,81.68526504987855,78.4535491351061,88.14869687942345,485746.0,1.6399999999999864,1.0,1.6400000000000432,6.0,0.004210093956975004,1.6399999999999864,14.0,0.00422952933591228,1.0,2.5,0.15655784332745382,0.17051941110412372,0.09224048944039681,65.77536577542055,81.68526504987855,78.4535491351061,88.14869687942345,40.43955466862706,6.301859048419513,39.29277356751537,0.0745443796108322,0.10411712533901635,0.06999999999999318,0.04499999999995907,0.29000000000002046,1.0,4318.0,4318.0,2021-11-02,2021-11-02 15:40:00,0.19837151957258115,121.0,1.0,best_within_2.0d,4438.0,388.5477,0.5832424107187206,4.3760036431226785,32.22527881040892,0.012230020343504162,2.285057100371749,15.890706319702602,0.006381710269403211,0.9085365853658353,1.6400000000000432,6.0,0.004210093956975004,1.6399999999999864,14.0,0.00422952933591228,1.0,0.00402220134195386,1.9444468750000041,16.553125,0.005470102952261012,0.0,1
4318.0,2021-11-02 15:45:00,389.31,389.49,389.18,389.29,411930.0,2s,2s,0.0,sell,False,0.9695121951219451,4.163492493946733,28.239017640954685,0.011578080659927173,0.1620186753190455,0.11249282385527751,0.19350216151480026,0.0004977947886329931,64.83662626217458,80.28604942992088,79.06438256671103,82.72938315634059,411930.0,1.740000000000009,1.0,1.6400000000000432,6.0,0.004210093956975004,1.740000000000009,15.0,0.0044874274661508935,1.0,2.5,0.1620186753190455,0.19350216151480026,0.11249282385527751,64.83662626217458,80.28604942992088,79.06438256671103,82.72938315634059,44.106494554256166,5.109587199139368,42.145868835302885,-0.005137294187146955,0.07965465851277102,0.18000000000000682,0.11000000000001364,0.01999999999998181,0.0,4319.0,4319.0,2021-11-02,2021-11-02 15:45:00,0.19068046957281207,120.0,1.0,best_within_2.0d,4438.0,388.5477,0.5832424107187206,4.3760036431226785,32.22527881040892,0.012230020343504162,2.285057100371749,15.890706319702602,0.006381710269403211,0.9695121951219451,1.6400000000000432,6.0,0.004210093956975004,1.740000000000009,15.0,0.0044874274661508935,1.0,0.00402220134195386,1.9444468750000041,16.553125,0.005470102952261012,1.0,1
4346.0,2021-11-02 18:05:00,388.77,388.82,388.65,388.68,8078.0,2,2,1.0,buy,False,0.48275862068967096,4.163492493946733,28.239017640954685,0.011578080659927173,-0.07159293535292294,0.0104180588433129,-0.02537840883314857,-6.525996728690043e-05,37.411179093686926,18.235909883441746,22.85683719446345,8.994055261398337,8078.0,0.8400000000000318,1.0,1.740000000000009,15.0,0.0044874274661508935,0.8400000000000318,29.0,0.0021566664099207473,2.0,2.0,-0.07159293535292294,-0.02537840883314857,0.0104180588433129,37.411179093686926,18.235909883441746,22.85683719446345,8.994055261398337,15.723270440251818,30.81761006289414,19.722488572808665,-0.023149934408512745,0.043741155281105344,0.05000000000001137,0.03000000000002956,0.08999999999997499,0.0,4347.0,4347.0,2021-11-02,2021-11-02 18:05:00,2.6551404754553856,338.0,1.0,best_within_2.0d,4684.0,399.0,0.48275862068967096,1.740000000000009,15.0,0.0044874274661508935,0.8400000000000318,29.0,0.0021566664099207473,0.4929364202292669,5.6011759621451125,36.843533123028394,0.015614239272951093,2.82998018927445,22.52492113564669,0.007835530045022196,1.8630914826498424,0.00402220134195386,1.9444468750000041,16.553125,0.005470102952261012,0.0,0
4347.0,2021-11-02 18:10:00,388.69,388.7,388.65,388.67,2549.0,2,2,1.0,buy,False,0.48275862068967096,4.163492493946733,28.239017640954685,0.011578080659927173,-0.0780512994244631,0.0006616464152550128,-0.038364003296976534,-9.865608958537017e-05,36.94712367871842,13.823939922297576,19.845871437074823,1.7800768927430823,2549.0,0.8400000000000318,1.0,1.740000000000009,15.0,0.0044874274661508935,0.8400000000000318,30.0,0.0021566664099207473,2.0,2.0,-0.0780512994244631,-0.038364003296976534,0.0006616464152550128,36.94712367871842,13.823939922297576,19.845871437074823,1.7800768927430823,16.447368421052825,24.342105263158484,19.696227868299328,-0.005145488692783918,0.012865045670915056,0.009999999999990905,0.020000000000038654,0.01999999999998181,0.0,4348.0,4348.0,2021-11-02,2021-11-02 18:10:00,2.657781665680393,337.0,1.0,best_within_2.0d,4684.0,399.0,0.48275862068967096,1.740000000000009,15.0,0.0044874274661508935,0.8400000000000318,30.0,0.0021566664099207473,0.4929364202292669,5.6011759621451125,36.843533123028394,0.015614239272951093,2.82998018927445,22.52492113564669,0.007835530045022196,1.8630914826498424,0.00402220134195386,1.9444468750000041,16.553125,0.005470102952261012,1.0,0
4355.0,2021-11-02 18:50:00,388.79,388.79,388.64,388.64,4691.0,2,2,1.0,buy,False,0.4885057471264473,4.163492493946733,28.239017640954685,0.011578080659927173,-0.019440246519387555,-0.04325188576006052,-0.052972009019754296,-0.00013624671377289918,40.14206501207876,39.82244649858198,36.340405480951766,46.786528533842414,4691.0,0.8500000000000227,1.0,1.740000000000009,15.0,0.0044874274661508935,0.8500000000000227,38.0,0.002182341010038827,2.0,2.0,-0.019440246519387555,-0.052972009019754296,-0.04325188576006052,40.14206501207876,39.82244649858198,36.340405480951766,46.786528533842414,11.110161524650852,34.185112383560146,23.704354702046924,-0.03858123922941282,0.03859613009469795,0.0,0.0,0.1500000000000341,0.0,4356.0,4356.0,2021-11-02,2021-11-02 18:50:00,2.6657060518732028,329.0,1.0,best_within_2.0d,4684.0,399.0,0.4885057471264473,1.740000000000009,15.0,0.0044874274661508935,0.8500000000000227,38.0,0.002182341010038827,0.4929364202292669,5.6011759621451125,36.843533123028394,0.015614239272951093,2.82998018927445,22.52492113564669,0.007835530045022196,1.8630914826498424,0.00402220134195386,1.9444468750000041,16.553125,0.005470102952261012,1.0,0
4367.0,2021-11-02 19:50:00,388.67,388.67,388.62,388.67,4098.0,2,2,1.0,buy,False,0.5,4.163492493946733,28.239017640954685,0.011578080659927173,0.0069779011805168045,-0.03929662762269577,-0.03580767703243737,-9.211323176792994e-05,43.17902243368362,40.80675655655076,40.816458379315755,40.78735291102076,4098.0,0.8700000000000045,1.0,1.740000000000009,15.0,0.0044874274661508935,0.8700000000000045,50.0,0.0022336902102749866,2.0,2.0,0.0069779011805168045,-0.03580767703243737,-0.03929662762269577,43.17902243368362,40.80675655655076,40.816458379315755,40.78735291102076,16.214025131738673,47.29090663423908,29.18715833464736,0.0,0.012866038803975959,0.0,0.05000000000001137,0.0,0.0,4368.0,4368.0,2021-11-02,2021-11-02 19:50:00,2.657781665680393,317.0,1.0,best_within_2.0d,4684.0,399.0,0.5,1.740000000000009,15.0,0.0044874274661508935,0.8700000000000045,50.0,0.0022336902102749866,0.4929364202292669,5.6011759621451125,36.843533123028394,0.015614239272951093,2.82998018927445,22.52492113564669,0.007835530045022196,1.8630914826498424,0.00402220134195386,1.9444468750000041,16.553125,0.005470102952261012,0.0,0
4368.0,2021-11-02 19:55:00,388.65,388.65,388.61,388.61,7532.0,2,2,1.0,buy,False,0.5057471264367763,4.163492493946733,28.239017640954685,0.011578080659927173,-0.0016131582818524476,-0.039498272407927325,-0.04030485154885355,-0.00010368443804707614,38.50972703390753,27.20450437103384,36.27914037655512,9.05523235999128,7532.0,0.8799999999999955,1.0,1.740000000000009,15.0,0.0044874274661508935,0.8799999999999955,51.0,0.0022593648103930663,2.0,2.0,-0.0016131582818524476,-0.04030485154885355,-0.039498272407927325,38.50972703390753,27.20450437103384,36.27914037655512,9.05523235999128,11.592522822776505,52.166352702506636,31.647815856199028,-0.010292036536720344,0.010293095905911742,0.0,0.0,0.03999999999996362,0.0,4369.0,4369.0,2021-11-02,2021-11-02 19:55:00,2.673631661563003,316.0,1.0,best_within_2.0d,4684.0,399.0,0.5057471264367763,1.740000000000009,15.0,0.0044874274661508935,0.8799999999999955,51.0,0.0022593648103930663,0.4929364202292669,5.6011759621451125,36.843533123028394,0.015614239272951093,2.82998018927445,22.52492113564669,0.007835530045022196,1.8630914826498424,0.00402220134195386,1.9444468750000041,16.553125,0.005470102952261012,1.0,0
4383.0,2021-11-03 05:10:00,389.5,389.5,389.4,389.42,3893.0,1p,"1p,2s",0.0,sell,False,0.8450375285326672,0.8899999999999864,16.0,0.0022902138390674103,0.026051206871235633,0.13505604842724933,0.14808165186286715,0.0003805344909629598,67.33187765883989,78.11303634730763,72.74283712645462,88.85343478901365,3893.0,0.8899999999999864,0.0,0.8899999999999864,16.0,0.0022902138390674103,0.8899999999999864,0.0,0.0,1.0,1.0,0.026051206871235633,0.14808165186286715,0.13505604842724933,67.33187765883989,78.11303634730763,72.74283712645462,88.85343478901365,40.67796610169712,27.118644067793262,38.7784151798539,-0.020539152759944567,0.025680534155116265,0.0,0.020000000000038654,0.07999999999998408,0.0,4384.0,4384.0,2021-11-03,2021-11-03 05:10:00,0.22399979456627692,55.0,1.0,best_within_2.0d,4438.0,388.5477,0.5832424107187206,4.3760036431226785,32.22527881040892,0.012230020343504162,2.285057100371749,15.890706319702602,0.006381710269403211,0.9756097560975492,1.6400000000000432,6.0,0.004210093956975004,0.8899999999999864,16.0,0.0022902138390674103,2.0,0.00402220134195386,1.9444468750000041,16.553125,0.005470102952261012,0.0,1
4383.0,2021-11-03 05:10:00,389.5,389.5,389.4,389.42,3893.0,2s,"1p,2s",0.0,sell,False,0.8450375285326672,0.8899999999999864,16.0,0.0022902138390674103,0.026051206871235633,0.13505604842724933,0.14808165186286715,0.0003805344909629598,67.33187765883989,78.11303634730763,72.74283712645462,88.85343478901365,3893.0,0.8899999999999864,0.0,0.8899999999999864,16.0,0.0022902138390674103,0.8899999999999864,0.0,0.0,1.0,1.0,0.026051206871235633,0.14808165186286715,0.13505604842724933,67.33187765883989,78.11303634730763,72.74283712645462,88.85343478901365,40.67796610169712,27.118644067793262,38.7784151798539,-0.020539152759944567,0.025680534155116265,0.0,0.020000000000038654,0.07999999999998408,0.0,4384.0,4384.0,2021-11-03,2021-11-03 05:10:00,0.22399979456627692,55.0,1.0,best_within_2.0d,4438.0,388.5477,0.5832424107187206,4.3760036431226785,32.22527881040892,0.012230020343504162,2.285057100371749,15.890706319702602,0.006381710269403211,0.9756097560975492,1.6400000000000432,6.0,0.004210093956975004,0.8899999999999864,16.0,0.0022902138390674103,2.0,0.00402220134195386,1.9444468750000041,16.553125,0.005470102952261012,0.0,1
4384.0,2021-11-03 05:15:00,389.46,389.7,389.46,389.58,13185.0,1p,1p,0.0,sell,False,0.8450375285326672,1.089999999999975,17.0,0.002804868634363436,0.040395335981990965,0.1401054654249982,0.16030313341599367,0.0004119063761876962,72.62888687320796,77.71638320589683,74.40068581960202,84.34777797848648,13185.0,1.089999999999975,0.0,1.089999999999975,17.0,0.002804868634363436,1.089999999999975,0.0,0.0,1.0,1.0,0.040395335981990965,0.16030313341599367,0.1401054654249982,72.62888687320796,77.71638320589683,74.40068581960202,84.34777797848648,40.80000000000011,25.599999999997124,37.64364025736903,0.030811893390850036,0.06162378678170007,0.12000000000000455,0.0,0.12000000000000455,1.0,4385.0,4385.0,2021-11-03,2021-11-03 05:15:00,0.26497766825811486,54.0,1.0,best_within_2.0d,4438.0,388.5477,0.5832424107187206,4.3760036431226785,32.22527881040892,0.012230020343504162,2.285057100371749,15.890706319702602,0.006381710269403211,0.4929364202292669,5.6011759621451125,36.843533123028394,0.015614239272951093,2.82998018927445,22.52492113564669,0.007835530045022196,1.8630914826498424,0.00402220134195386,1.9444468750000041,16.553125,0.005470102952261012,1.0,1
4394.0,2021-11-03 06:20:00,389.46,389.46,389.36,389.42,975.0,2s,2s,1.0,buy,False,0.07471264367815791,4.163492493946733,28.239017640954685,0.011578080659927173,-0.030944299464716274,0.1334846811413232,0.11801253140896506,0.00030310893889508913,55.62358931019483,40.10256468633795,44.99094203281554,30.325809993382762,975.0,0.339999999999975,1.0,1.740000000000009,15.0,0.0044874274661508935,0.339999999999975,11.0,0.0008724659994867206,1.0,2.5,-0.030944299464716274,0.11801253140896506,0.1334846811413232,55.62358931019483,40.10256468633795,44.99094203281554,30.325809993382762,50.41322314049784,21.487603305784734,43.25785810491074,-0.010270631130273615,0.02568317238544429,0.0,0.060000000000002274,0.03999999999996362,0.0,4395.0,4395.0,2021-11-03,2021-11-03 06:20:00,2.775923167787993,380.0,1.0,best_within_2.0d,4774.0,400.23,0.5832424107187206,4.3760036431226785,32.22527881040892,0.012230020343504162,2.285057100371749,15.890706319702602,0.006381710269403211,0.07471264367815791,1.740000000000009,15.0,0.0044874274661508935,0.339999999999975,11.0,0.0008724659994867206,1.0,0.00402220134195386,1.9444468750000041,16.553125,0.005470102952261012,0.0,0
4397.0,2021-11-03 06:35:00,389.45,389.45,389.33,389.33,20897.0,2s,2s,1.0,buy,False,0.09195402298851964,4.163492493946733,28.239017640954685,0.011578080659927173,-0.06480771027948609,0.1147972334080501,0.08239337826830706,0.0002116155984394302,48.90738545911009,23.522453028754278,34.73670040355698,1.0939582791488647,20897.0,0.37000000000000455,1.0,1.740000000000009,15.0,0.0044874274661508935,0.37000000000000455,14.0,0.0009494482935591597,1.0,2.5,-0.06480771027948609,0.08239337826830706,0.1147972334080501,48.90738545911009,23.522453028754278,34.73670040355698,1.0939582791488647,34.67741935483919,31.4516129032288,38.925996602962435,-0.030812684555143036,0.03082218169676227,0.0,0.0,0.12000000000000455,0.0,4398.0,4398.0,2021-11-03,2021-11-03 06:35:00,2.799681504122476,377.0,1.0,best_within_2.0d,4774.0,400.23,0.5832424107187206,4.3760036431226785,32.22527881040892,0.012230020343504162,2.285057100371749,15.890706319702602,0.006381710269403211,0.09195402298851964,1.740000000000009,15.0,0.0044874274661508935,0.37000000000000455,14.0,0.0009494482935591597,1.0,0.00402220134195386,1.9444468750000041,16.553125,0.005470102952261012,0.0,0
4398.0,2021-11-03 06:40:00,389.36,389.36,389.24,389.26,59653.0,2s,2s,1.0,buy,False,0.14367816091953947,4.163492493946733,28.239017640954685,0.011578080659927173,-0.08412446354028952,0.1042816754655139,0.06221944369536914,0.00015980459278765912,44.86621682623832,17.3483020191681,28.940567608760684,-5.836229160017076,59653.0,0.45999999999997954,1.0,1.740000000000009,15.0,0.0044874274661508935,0.45999999999997954,15.0,0.0011803951757761856,1.0,2.5,-0.08412446354028952,0.06221944369536914,0.1042816754655139,44.86621682623832,17.3483020191681,28.940567608760684,-5.836229160017076,21.29629629629527,44.4444444444462,38.660658817439234,-0.02568317238545889,0.03082930839584949,0.0,0.01999999999998181,0.10000000000002274,0.0,4399.0,4399.0,2021-11-03,2021-11-03 06:40:00,2.8181678055798254,376.0,1.0,best_within_2.0d,4774.0,400.23,0.5832424107187206,4.3760036431226785,32.22527881040892,0.012230020343504162,2.285057100371749,15.890706319702602,0.006381710269403211,0.14367816091953947,1.740000000000009,15.0,0.0044874274661508935,0.45999999999997954,15.0,0.0011803951757761856,1.0,0.00402220134195386,1.9444468750000041,16.553125,0.005470102952261012,0.0,0
4399.0,2021-11-03 06:45:00,389.26,389.28,389.18,389.18,52022.0,2s,2s,1.0,buy,False,0.17816091954023025,4.163492493946733,28.239017640954685,0.011578080659927173,-0.10393414533852882,0.09128990729819779,0.03932283462893338,0.0001010000877511866,40.7246340341524,11.565534679445399,23.148889965655588,-11.601175892974979,52022.0,0.5199999999999818,1.0,1.740000000000009,15.0,0.0044874274661508935,0.5199999999999818,16.0,0.0013343597639209183,1.0,2.5,-0.10393414533852882,0.03932283462893338,0.09128990729819779,40.7246340341524,11.565534679445399,23.148889965655588,-11.601175892974979,20.535714285713876,48.21428571428961,38.774878920461035,-0.020551816266758487,0.025695051133142993,0.01999999999998181,0.0,0.07999999999998408,0.0,4400.0,4400.0,2021-11-03,2021-11-03 06:45:00,2.8393031502132717,375.0,1.0,best_within_2.0d,4774.0,400.23,0.5832424107187206,4.3760036431226785,32.22527881040892,0.012230020343504162,2.285057100371749,15.890706319702602,0.006381710269403211,0.17816091954023025,1.740000000000009,15.0,0.0044874274661508935,0.5199999999999818,16.0,0.0013343597639209183,1.0,0.00402220134195386,1.9444468750000041,16.553125,0.005470102952261012,0.0,0
4400.0,2021-11-03 06:50:00,389.18,389.24,389.08,389.19,56476.0,2s,2s,1.0,buy,False,0.23563218390805912,4.163492493946733,28.239017640954685,0.011578080659927173,-0.11129026251250121,0.07737862448413514,0.021733493227884537,5.5823674957938957e-05,41.452166572563456,14.25797550058343,20.185251810631534,2.403422880487227,56476.0,0.6200000000000045,1.0,1.740000000000009,15.0,0.0044874274661508935,0.6200000000000045,17.0,0.0015909674108288544,1.0,2.5,-0.11129026251250121,0.021733493227884537,0.07737862448413514,41.452166572563456,14.25797550058343,20.185251810631534,2.403422880487227,19.166666666665442,46.666666666671716,38.98896984748105,0.0025695051133128384,0.04112264829855686,0.05000000000001137,0.10000000000002274,0.009999999999990905,1.0,4401.0,4401.0,2021-11-03,2021-11-03 06:50:00,2.836660756956762,374.0,1.0,best_within_2.0d,4774.0,400.23,0.5832424107187206,4.3760036431226785,32.22527881040892,0.012230020343504162,2.285057100371749,15.890706319702602,0.006381710269403211,0.23563218390805912,1.740000000000009,15.0,0.0044874274661508935,0.6200000000000045,17.0,0.0015909674108288544,1.0,0.00402220134195386,1.9444468750000041,16.553125,0.005470102952261012,1.0,0
4410.0,2021-11-03 07:40:00,389.5,389.58,389.48,389.56,8644.0,2,2,0.0,sell,False,0.8064516129032199,4.163492493946733,28.239017640954685,0.011578080659927173,0.029588161313351055,0.020751415561259597,0.035545496217935124,9.129503692005997e-05,65.34671748353674,85.52544319704131,72.81354702807792,110.94923553496807,8644.0,0.5,1.0,0.6200000000000045,17.0,0.0015909674108288544,0.5,11.0,0.0012850827593297008,2.0,2.0,0.029588161313351055,0.035545496217935124,0.020751415561259597,65.34671748353674,85.52544319704131,72.81354702807792,110.94923553496807,27.205882352941234,29.411764705884565,38.098906296142225,0.015404364569962073,0.025675259320110375,0.01999999999998181,0.01999999999998181,0.060000000000002274,1.0,4411.0,4411.0,2021-11-03,2021-11-03 07:40:00,0.2598572748742124,28.0,1.0,best_within_2.0d,4438.0,388.5477,0.8064516129032199,0.6200000000000045,17.0,0.0015909674108288544,0.5,11.0,0.0012850827593297008,0.4929364202292669,5.6011759621451125,36.843533123028394,0.015614239272951093,2.82998018927445,22.52492113564669,0.007835530045022196,1.8630914826498424,0.00402220134195386,1.9444468750000041,16.553125,0.005470102952261012,0.0,1
4411.0,2021-11-03 07:45:00,389.59,389.67,389.52,389.6,8785.0,2,2,0.0,sell,False,0.9516129032258508,4.163492493946733,28.239017640954685,0.011578080659927173,0.04714622925196926,0.026644694217755754,0.050217808843740386,0.00012897320304481683,67.21325735928531,85.683628798028,77.10357428472794,102.8437378246281,8785.0,0.5900000000000318,1.0,0.6200000000000045,17.0,0.0015909674108288544,0.5900000000000318,12.0,0.0015163976560091288,2.0,2.0,0.04714622925196926,0.050217808843740386,0.026644694217755754,67.21325735928531,85.683628798028,77.10357428472794,102.8437378246281,33.0935251798577,22.302158273380766,36.76902152359799,0.0025668009959310427,0.03850893407271363,0.06999999999999318,0.06999999999999318,0.010000000000047748,1.0,4412.0,4412.0,2021-11-03,2021-11-03 07:45:00,0.2700975359342922,27.0,1.0,best_within_2.0d,4438.0,388.5477,0.9516129032258508,0.6200000000000045,17.0,0.0015909674108288544,0.5900000000000318,12.0,0.0015163976560091288,0.4929364202292669,5.6011759621451125,36.843533123028394,0.015614239272951093,2.82998018927445,22.52492113564669,0.007835530045022196,1.8630914826498424,0.00402220134195386,1.9444468750000041,16.553125,0.005470102952261012,1.0,1
4416.0,2021-11-03 08:10:00,389.58,389.68,389.56,389.68,8579.0,2,2,0.0,sell,False,0.9677419354839005,4.163492493946733,28.239017640954685,0.011578080659927173,0.05337135504616561,0.06167550772389842,0.08836118524698122,0.00022688681926745475,63.51536203697104,90.24238893737002,86.34214170095187,98.04288341020631,8579.0,0.6000000000000227,1.0,0.6200000000000045,17.0,0.0015909674108288544,0.6000000000000227,17.0,0.0015420993111956995,2.0,2.0,0.05337135504616561,0.08836118524698122,0.06167550772389842,63.51536203697104,90.24238893737002,86.34214170095187,98.04288341020631,21.000000000000796,35.50000000000182,34.202391853426995,0.025668668822840683,0.030803983981929496,0.0,0.01999999999998181,0.10000000000002274,1.0,4417.0,4417.0,2021-11-03,2021-11-03 08:10:00,0.2905717511804523,22.0,1.0,best_within_2.0d,4438.0,388.5477,0.9677419354839005,0.6200000000000045,17.0,0.0015909674108288544,0.6000000000000227,17.0,0.0015420993111956995,0.4929364202292669,5.6011759621451125,36.843533123028394,0.015614239272951093,2.82998018927445,22.52492113564669,0.007835530045022196,1.8630914826498424,0.00402220134195386,1.9444468750000041,16.553125,0.005470102952261012,1.0,1
4432.0,2021-11-03 09:30:00,389.58,389.68,389.56,389.68,8579.0,1,1,0.0,sell,False,0.2981244262299213,0.6000000000000227,17.0,0.0015420993111956995,0.05337135504616561,0.06167550772389842,0.08836118524698122,0.00022688681926745475,63.51536203697106,90.24238893737002,86.34214170095187,98.04288341020631,8579.0,0.6000000000000227,1.0,0.6000000000000227,17.0,0.0015420993111956995,0.6000000000000227,17.0,0.0015420993111956995,1.0,1.0,0.05337135504616561,0.08836118524698122,0.06167550772389842,63.51536203697106,90.24238893737002,86.34214170095187,98.04288341020631,21.000000000000796,35.50000000000182,34.20239185342698,0.025668668822840683,0.030803983981929496,0.0,0.01999999999998181,0.10000000000002274,1.0,4433.0,4433.0,2021-11-03,2021-11-03 09:30:00,2.8362235067437434,378.0,1.0,best_within_2.0d,4810.0,400.29,0.5832424107187206,4.3760036431226785,32.22527881040892,0.012230020343504162,2.285057100371749,15.890706319702602,0.006381710269403211,0.4929364202292669,5.6011759621451125,36.843533123028394,0.015614239272951093,2.82998018927445,22.52492113564669,0.007835530045022196,1.8630914826498424,0.00402220134195386,1.9444468750000041,16.553125,0.005470102952261012,0.0,1
4432.0,2021-11-03 09:30:00,389.53,389.95,388.8492,389.25,1207513.0,2s,2s,1.0,buy,False,0.368275862068971,4.163492493946733,28.239017640954685,0.011578080659927173,-0.03161591571794882,0.0336532176217114,0.017845259762736987,4.58186698759306e-05,39.88163396193953,61.671342112334116,72.34339078097186,40.32724477505863,1207513.0,0.8308000000000106,1.0,1.740000000000009,15.0,0.0044874274661508935,0.8308000000000106,17.0,0.00213200574830633,2.0,2.5,-0.03161591571794882,0.017845259762736987,0.0336532176217114,39.88163396193953,61.671342112334116,72.34339078097186,40.32724477505863,11.592893706717065,38.79855465221649,38.941900139375356,-0.07188149821579153,0.2830917486778917,0.4200000000000159,0.4008000000000038,0.2799999999999727,0.0,4433.0,4433.0,2021-11-03,2021-11-03 09:30:00,2.8362235067437434,378.0,1.0,best_within_2.0d,4810.0,400.29,0.5832424107187206,4.3760036431226785,32.22527881040892,0.012230020343504162,2.285057100371749,15.890706319702602,0.006381710269403211,0.368275862068971,1.740000000000009,15.0,0.0044874274661508935,0.8308000000000106,17.0,0.00213200574830633,2.0,0.00402220134195386,1.9444468750000041,16.553125,0.005470102952261012,0.0,0
4433.0,2021-11-03 09:35:00,389.26,389.59,388.65,389.43,801429.0,2s,2s,1.0,buy,False,0.48275862068967096,4.163492493946733,28.239017640954685,0.011578080659927173,-0.0355217998702179,0.02921299263793416,0.011452092702825212,2.9404123298471264e-05,48.30708779103323,61.11422807488999,68.60033654561123,46.14201113344754,801429.0,1.0300000000000296,1.0,1.740000000000009,15.0,0.0044874274661508935,1.0300000000000296,18.0,0.002643194415931096,2.0,2.5,-0.0355217998702179,0.011452092702825212,0.02921299263793416,48.30708779103323,61.11422807488999,68.60033654561123,46.14201113344754,8.733129182263136,34.875808097995396,40.44233472908534,0.04367260956687456,0.2418628586131475,0.15999999999996817,0.6100000000000136,0.17000000000001592,1.0,4434.0,4434.0,2021-11-03,2021-11-03 09:35:00,2.917083943199038,380.0,1.0,best_within_2.0d,4813.0,400.79,0.5832424107187206,4.3760036431226785,32.22527881040892,0.012230020343504162,2.285057100371749,15.890706319702602,0.006381710269403211,0.48275862068967096,1.740000000000009,15.0,0.0044874274661508935,1.0300000000000296,18.0,0.002643194415931096,2.0,0.00402220134195386,1.9444468750000041,16.553125,0.005470102952261012,1.0,0
4438.0,2021-11-03 10:00:00,389.32,389.43,388.48,388.5477,686702.0,2s,2s,1.0,buy,False,0.5804597701149342,4.163492493946733,28.239017640954685,0.011578080659927173,-0.14717719291653228,-0.007791201390871823,-0.08137979784913796,-0.00020899468370147304,27.918680694096736,40.07377318499602,54.27670623793884,11.667907079110392,686702.0,1.1999999999999886,1.0,1.740000000000009,15.0,0.0044874274661508935,1.1999999999999886,23.0,0.0030794498049681496,2.0,2.5,-0.14717719291653228,-0.08137979784913796,-0.007791201390871823,27.918680694096736,40.07377318499602,54.27670623793884,11.667907079110392,6.297745481647629,34.46990870132499,44.399983552714005,-0.19837151957258115,0.24454283360790482,0.11000000000001364,0.06770000000000209,0.7722999999999729,0.0,4439.0,4439.0,2021-11-03,2021-11-03 10:00:00,3.1507843181158965,375.0,1.0,best_within_2.0d,4813.0,400.79,0.5832424107187206,4.3760036431226785,32.22527881040892,0.012230020343504162,2.285057100371749,15.890706319702602,0.006381710269403211,0.5804597701149342,1.740000000000009,15.0,0.0044874274661508935,1.1999999999999886,23.0,0.0030794498049681496,2.0,0.00402220134195386,1.9444468750000041,16.553125,0.005470102952261012,1.0,0
4461.0,2021-11-03 11:55:00,389.32,389.43,388.48,388.5477,686702.0,1p,"1p,2s",1.0,buy,False,1.5972046845965682,1.1999999999999886,23.0,0.0030794498049681496,-0.14717719291653228,-0.007791201390871823,-0.08137979784913796,-0.00020899468370147304,27.918680694096736,40.07377318499602,54.27670623793884,11.667907079110392,686702.0,1.1999999999999886,0.0,1.1999999999999886,23.0,0.0030794498049681496,1.1999999999999886,0.0,0.0,1.0,1.0,-0.14717719291653228,-0.08137979784913796,-0.007791201390871823,27.918680694096736,40.07377318499602,54.27670623793884,11.667907079110392,6.297745481647629,34.46990870132499,44.399983552713955,-0.19837151957258115,0.24454283360790482,0.11000000000001364,0.06770000000000209,0.7722999999999729,0.0,4462.0,4462.0,2021-11-03,2021-11-03 11:55:00,0.05775005775006359,16.0,1.0,best_within_2.0d,4477.0,389.385,0.5832424107187206,4.3760036431226785,32.22527881040892,0.012230020343504162,2.285057100371749,15.890706319702602,0.006381710269403211,0.5804597701149342,1.740000000000009,15.0,0.0044874274661508935,1.1999999999999886,23.0,0.0030794498049681496,2.0,0.00402220134195386,1.9444468750000041,16.553125,0.005470102952261012,0.0,0
4461.0,2021-11-03 11:55:00,389.36,389.64,389.25,389.61,145325.0,2s,2s,0.0,sell,False,0.90322580645161,4.163492493946733,28.239017640954685,0.011578080659927173,0.15603332495820527,-0.04969057288114883,0.028326089597953796,7.279129731733506e-05,62.550354291123774,84.48249925425735,72.86827479752017,107.71094816773171,145325.0,1.1599999999999682,1.0,0.6200000000000045,17.0,0.0015909674108288544,1.1599999999999682,24.0,0.0029859967051070017,1.0,2.5,0.15603332495820527,0.028326089597953796,-0.04969057288114883,62.550354291123774,84.48249925425735,72.86827479752017,107.71094816773171,26.23171307220316,15.335063709296689,29.37200339527906,0.06420793096363263,0.1001926782273568,0.029999999999972715,0.11000000000001364,0.25,1.0,4462.0,4462.0,2021-11-03,2021-11-03 11:55:00,0.05775005775006359,16.0,1.0,best_within_2.0d,4477.0,389.385,0.5832424107187206,4.3760036431226785,32.22527881040892,0.012230020343504162,2.285057100371749,15.890706319702602,0.006381710269403211,0.90322580645161,0.6200000000000045,17.0,0.0015909674108288544,1.1599999999999682,24.0,0.0029859967051070017,1.0,0.00402220134195386,1.9444468750000041,16.553125,0.005470102952261012,1.0,1
4468.0,2021-11-03 12:30:00,389.49,389.64,389.38,389.52,131610.0,2s,2s,0.0,sell,False,0.90322580645161,4.163492493946733,28.239017640954685,0.011578080659927173,0.08128288216003343,0.05574794930636101,0.09638939038637773,0.00024761379425822954,58.72573342383706,74.14364722395625,76.58681206605358,69.2573175397616,131610.0,1.1599999999999682,1.0,0.6200000000000045,17.0,0.0015909674108288544,1.1599999999999682,31.0,0.0029859967051070017,1.0,2.5,0.08128288216003343,0.09638939038637773,0.05574794930636101,58.72573342383706,74.14364722395625,76.58681206605358,69.2573175397616,27.326869806091903,15.678670360110026,28.73772985127197,0.007702380035423942,0.0667728183265681,0.12000000000000455,0.11000000000001364,0.029999999999972715,1.0,4469.0,4469.0,2021-11-03,2021-11-03 12:30:00,0.03465804066543205,9.0,1.0,best_within_2.0d,4477.0,389.385,0.5832424107187206,4.3760036431226785,32.22527881040892,0.012230020343504162,2.285057100371749,15.890706319702602,0.006381710269403211,0.90322580645161,0.6200000000000045,17.0,0.0015909674108288544,1.1599999999999682,31.0,0.0029859967051070017,1.0,0.00402220134195386,1.9444468750000041,16.553125,0.005470102952261012,0.0,1
4469.0,2021-11-03 12:35:00,389.55,389.64,389.465,389.58,126030.0,2s,2s,0.0,sell,False,0.90322580645161,4.163492493946733,28.239017640954685,0.011578080659927173,0.08047040535519273,0.06580674997576011,0.10604195265335647,0.000272394262821535,60.38765350687338,77.76243148263703,76.97868520491473,79.32992403808163,126030.0,1.1599999999999682,1.0,0.6200000000000045,17.0,0.0015909674108288544,1.1599999999999682,32.0,0.0029859967051070017,1.0,2.5,0.08047040535519273,0.10604195265335647,0.06580674997576011,60.38765350687338,77.76243148263703,76.97868520491473,79.32992403808163,25.615932698083547,16.19595387300685,28.294279709574308,0.007701193685014173,0.044933434326579126,0.060000000000002274,0.08500000000003638,0.029999999999972715,1.0,4470.0,4470.0,2021-11-03,2021-11-03 12:35:00,0.050053904204526205,8.0,1.0,best_within_2.0d,4477.0,389.385,0.5832424107187206,4.3760036431226785,32.22527881040892,0.012230020343504162,2.285057100371749,15.890706319702602,0.006381710269403211,0.90322580645161,0.6200000000000045,17.0,0.0015909674108288544,1.1599999999999682,32.0,0.0029859967051070017,1.0,0.00402220134195386,1.9444468750000041,16.553125,0.005470102952261012,0.0,1
4470.0,2021-11-03 12:40:00,389.58,389.71,389.505,389.5508,113223.0,1,1,0.0,sell,False,0.7688389029794839,1.2299999999999613,33.0,0.003166186161449653,0.07081592229124545,0.07465874026216579,0.11006670140778851,0.0002827190824121706,59.13962185761931,73.88417417991343,75.94718152991429,69.75815947991171,113223.0,1.2299999999999613,1.0,1.2299999999999613,33.0,0.003166186161449653,1.2299999999999613,33.0,0.003166186161449653,1.0,1.0,0.07081592229124545,0.11006670140778851,0.07465874026216579,59.13962185761931,73.88417417991343,75.94718152991429,69.75815947991171,29.7012031879841,10.000923162137637,29.81756072462763,-0.007495251296268547,0.05263090332601227,0.12999999999999545,0.04579999999998563,0.029200000000003,0.0,4471.0,4471.0,2021-11-03,2021-11-03 12:40:00,0.04256184302534873,7.0,1.0,best_within_2.0d,4477.0,389.385,0.5832424107187206,4.3760036431226785,32.22527881040892,0.012230020343504162,2.285057100371749,15.890706319702602,0.006381710269403211,0.4929364202292669,5.6011759621451125,36.843533123028394,0.015614239272951093,2.82998018927445,22.52492113564669,0.007835530045022196,1.8630914826498424,0.00402220134195386,1.9444468750000041,16.553125,0.005470102952261012,1.0,1
4477.0,2021-11-03 13:15:00,389.46,389.48,389.18,389.385,97343.0,2s,2s,1.0,buy,False,0.17816091954023025,4.163492493946733,28.239017640954685,0.011578080659927173,-0.029440825846187957,0.07572085562257455,0.06100044269948057,0.00015666908572701865,51.3385706892212,38.578546490230366,43.805969897996285,28.12369967469853,97343.0,0.5299999999999727,1.0,1.740000000000009,15.0,0.0044874274661508935,0.5299999999999727,8.0,0.0013599856303404398,3.0,2.5,-0.029440825846187957,0.06100044269948057,0.07572085562257455,51.3385706892212,38.578546490230366,43.805969897996285,28.12369967469853,8.813169984682585,23.820826952525206,29.780189976875445,-0.019257433369277627,0.07708515339945819,0.020000000000038654,0.20499999999998408,0.07499999999998863,0.0,4478.0,4478.0,2021-11-03,2021-11-03 13:15:00,2.9289777469599576,336.0,1.0,best_within_2.0d,4813.0,400.79,0.5832424107187206,4.3760036431226785,32.22527881040892,0.012230020343504162,2.285057100371749,15.890706319702602,0.006381710269403211,0.17816091954023025,1.740000000000009,15.0,0.0044874274661508935,0.5299999999999727,8.0,0.0013599856303404398,3.0,0.00402220134195386,1.9444468750000041,16.553125,0.005470102952261012,1.0,0
4486.0,2021-11-03 14:00:00,389.29,391.28,389.02,390.97,1763457.0,2s,2s,1.0,buy,False,0.2701149425287499,4.163492493946733,28.239017640954685,0.011578080659927173,0.143811174270042,0.08906892425834172,0.16097451139336272,0.0004132391150667046,76.92943737378073,58.62361036283281,57.901616122999286,60.06759884249985,1763457.0,0.6899999999999977,1.0,1.740000000000009,15.0,0.0044874274661508935,0.6899999999999977,17.0,0.0017705473300659406,3.0,2.5,0.143811174270042,0.16097451139336272,0.08906892425834172,76.92943737378073,58.62361036283281,57.901616122999286,60.06759884249985,46.06995110943694,18.014291086873744,29.404846563558444,0.4315548819646039,0.5809469950131075,0.30999999999994543,0.27000000000003865,1.6800000000000068,1.0,4487.0,4487.0,2021-11-03,2021-11-03 14:00:00,2.511701665089391,327.0,1.0,best_within_2.0d,4813.0,400.79,0.5832424107187206,4.3760036431226785,32.22527881040892,0.012230020343504162,2.285057100371749,15.890706319702602,0.006381710269403211,0.2701149425287499,1.740000000000009,15.0,0.0044874274661508935,0.6899999999999977,17.0,0.0017705473300659406,3.0,0.00402220134195386,1.9444468750000041,16.553125,0.005470102952261012,1.0,0
4495.0,2021-11-03 14:45:00,390.82,391.78,390.82,391.71,817893.0,1,1,0.0,sell,False,1.3961688800311207,2.759999999999991,10.0,0.00709475091254946,0.29255326753135,0.25800289958814016,0.40427953335381517,0.0010364810929159583,71.74642794608806,76.95413339933799,65.36184827247307,100.13870365306784,817893.0,2.759999999999991,1.0,2.759999999999991,10.0,0.00709475091254946,2.759999999999991,10.0,0.00709475091254946,1.0,1.0,0.29255326753135,0.40427953335381517,0.25800289958814016,71.74642794608806,76.95413339933799,65.36184827247307,100.13870365306784,34.75247524752422,15.44554455445552,30.100862421357384,0.22772631902154097,0.24563737782098655,0.06999999999999318,0.0,0.8899999999999864,1.0,4496.0,4496.0,2021-11-03,2021-11-03 14:45:00,0.18891526894895516,151.0,1.0,best_within_2.0d,4646.0,390.97,0.5832424107187206,4.3760036431226785,32.22527881040892,0.012230020343504162,2.285057100371749,15.890706319702602,0.006381710269403211,0.4929364202292669,5.6011759621451125,36.843533123028394,0.015614239272951093,2.82998018927445,22.52492113564669,0.007835530045022196,1.8630914826498424,0.00402220134195386,1.9444468750000041,16.553125,0.005470102952261012,0.0,1
4496.0,2021-11-03 14:50:00,391.71,392.04,391.53,391.89,626216.0,1,1,0.0,sell,False,1.7627487606543166,3.0200000000000387,11.0,0.007763097013007143,0.3693664263255103,0.30417370287882894,0.4888569160415841,0.001252880554020863,73.00540140867527,82.78423708103975,71.16931120866195,106.01408882579534,626216.0,3.0200000000000387,1.0,3.0200000000000387,11.0,0.007763097013007143,3.0200000000000387,11.0,0.007763097013007143,1.0,1.0,0.3693664263255103,0.4888569160415841,0.30417370287882894,73.00540140867527,82.78423708103975,71.16931120866195,106.01408882579534,35.530085959885554,14.899713467048695,30.872878741909798,0.045952362717318125,0.1302582177611033,0.1500000000000341,0.18000000000000682,0.18000000000000682,1.0,4497.0,4497.0,2021-11-03,2021-11-03 14:50:00,0.23475975401259513,150.0,1.0,best_within_2.0d,4646.0,390.97,0.5832424107187206,4.3760036431226785,32.22527881040892,0.012230020343504162,2.285057100371749,15.890706319702602,0.006381710269403211,0.4929364202292669,5.6011759621451125,36.843533123028394,0.015614239272951093,2.82998018927445,22.52492113564669,0.007835530045022196,1.8630914826498424,0.00402220134195386,1.9444468750000041,16.553125,0.005470102952261012,0.0,1
4497.0,2021-11-03 14:55:00,391.9,392.21,391.89,392.051,518006.0,1,1,0.0,sell,False,1.9717078897863591,3.1899999999999977,12.0,0.00820009254022929,0.4131517282967003,0.3558176689159165,0.5623935330642666,0.0014408358833233662,74.11638145343724,86.67613482522287,76.33825241418225,107.3518996473041,518006.0,3.1899999999999977,1.0,3.1899999999999977,12.0,0.00820009254022929,3.1899999999999977,12.0,0.00820009254022929,1.0,1.0,0.4131517282967003,0.5623935330642666,0.3558176689159165,74.11638145343724,86.67613482522287,76.33825241418225,107.3518996473041,37.620889748549075,11.025145067698643,32.57281370254863,0.038530237305437726,0.08165556661307846,0.15899999999999181,0.009999999999990905,0.15100000000001046,1.0,4498.0,4498.0,2021-11-03,2021-11-03 14:55:00,0.2757294331604716,149.0,1.0,best_within_2.0d,4646.0,390.97,0.5832424107187206,4.3760036431226785,32.22527881040892,0.012230020343504162,2.285057100371749,15.890706319702602,0.006381710269403211,0.4929364202292669,5.6011759621451125,36.843533123028394,0.015614239272951093,2.82998018927445,22.52492113564669,0.007835530045022196,1.8630914826498424,0.00402220134195386,1.9444468750000041,16.553125,0.005470102952261012,0.0,1
4498.0,2021-11-03 15:00:00,392.06,392.52,391.79,392.28,570675.0,1,1,0.0,sell,False,2.1078457406128925,3.5,13.0,0.008996966736928694,0.44167805750473976,0.41102742610400894,0.6318664548563788,0.0016182229540978932,75.65134694233379,88.16539369651991,80.28063284162813,103.93491540630347,570675.0,3.5,1.0,3.5,13.0,0.008996966736928694,3.5,13.0,0.008996966736928694,1.0,1.0,0.44167805750473976,0.6318664548563788,0.41102742610400894,75.65134694233379,88.16539369651991,80.28063284162813,103.93491540630347,38.32116788321165,10.401459854015012,34.33928206568912,0.05611386012344295,0.1863243063886167,0.2400000000000091,0.2699999999999818,0.21999999999997044,1.0,4499.0,4499.0,2021-11-03,2021-11-03 15:00:00,0.33394514122564123,148.0,1.0,best_within_2.0d,4646.0,390.97,0.5832424107187206,4.3760036431226785,32.22527881040892,0.012230020343504162,2.285057100371749,15.890706319702602,0.006381710269403211,0.4929364202292669,5.6011759621451125,36.843533123028394,0.015614239272951093,2.82998018927445,22.52492113564669,0.007835530045022196,1.8630914826498424,0.00402220134195386,1.9444468750000041,16.553125,0.005470102952261012,0.0,1
4500.0,2021-11-03 15:10:00,392.4,392.63,392.16,392.26,558913.0,1,1,0.0,sell,False,2.12609682278936,3.6100000000000136,15.0,0.009279728548660772,0.3968902294055132,0.5163265035064701,0.7147716182092267,0.001829299795422032,73.31586635722812,89.4646434975123,85.6701066363859,97.05371721976513,558913.0,3.6100000000000136,1.0,3.6100000000000136,15.0,0.009279728548660772,3.6100000000000136,15.0,0.009279728548660772,1.0,1.0,0.3968902294055132,0.7147716182092267,0.5163265035064701,73.31586635722812,89.4646434975123,85.6701066363859,97.05371721976513,26.695371367061654,10.3336921420887,36.9297060715901,-0.035677879714573486,0.1198490412076628,0.2300000000000182,0.0999999999999659,0.13999999999998636,0.0,4501.0,4501.0,2021-11-03,2021-11-03 15:10:00,0.32886350889715077,146.0,1.0,best_within_2.0d,4646.0,390.97,0.5832424107187206,4.3760036431226785,32.22527881040892,0.012230020343504162,2.285057100371749,15.890706319702602,0.006381710269403211,0.4929364202292669,5.6011759621451125,36.843533123028394,0.015614239272951093,2.82998018927445,22.52492113564669,0.007835530045022196,1.8630914826498424,0.00402220134195386,1.9444468750000041,16.553125,0.005470102952261012,0.0,1
4504.0,2021-11-03 15:30:00,392.479,392.79,392.39,392.605,506699.0,1,1,0.0,sell,False,2.1260968229134303,3.7700000000000387,19.0,0.00969101845663472,0.20645615813638618,0.6522149466372674,0.7554430257054605,0.001931129594756699,76.13514040041113,88.51315695428123,88.45328502824577,88.63290080635215,506699.0,3.7700000000000387,1.0,3.7700000000000387,19.0,0.00969101845663472,3.7700000000000387,19.0,0.00969101845663472,1.0,1.0,0.20645615813638618,0.7554430257054605,0.6522149466372674,76.13514040041113,88.51315695428123,88.45328502824577,88.63290080635215,34.468085106383015,7.517730496454308,42.72170146587502,0.032103628474398176,0.10193939702847526,0.18500000000000227,0.08899999999999864,0.1260000000000332,1.0,4505.0,4505.0,2021-11-03,2021-11-03 15:30:00,0.41644910278778696,142.0,1.0,best_within_2.0d,4646.0,390.97,0.5832424107187206,4.3760036431226785,32.22527881040892,0.012230020343504162,2.285057100371749,15.890706319702602,0.006381710269403211,0.4929364202292669,5.6011759621451125,36.843533123028394,0.015614239272951093,2.82998018927445,22.52492113564669,0.007835530045022196,1.8630914826498424,0.00402220134195386,1.9444468750000041,16.553125,0.005470102952261012,0.0,1
4506.0,2021-11-03 15:40:00,392.73,393.01,392.68,392.96,555153.0,1,1,0.0,sell,False,2.1260968229032624,3.990000000000009,21.0,0.010256542080098734,0.16392139319751275,0.6946394582871417,0.7766001548858981,0.0019840143110434107,78.95706340266773,92.19528287221202,90.12035533355488,96.34513794952628,555153.0,3.990000000000009,1.0,3.990000000000009,21.0,0.010256542080098734,3.990000000000009,21.0,0.010256542080098734,1.0,1.0,0.16392139319751275,0.7766001548858981,0.6946394582871417,78.95706340266773,92.19528287221202,90.12035533355488,96.34513794952628,40.201394268008585,1.8590240123935522,47.51378504962081,0.058564408117526376,0.08403789345013346,0.05000000000001137,0.05000000000001137,0.22999999999996135,1.0,4507.0,4507.0,2021-11-03,2021-11-03 15:40:00,0.5064128664494993,140.0,1.0,best_within_2.0d,4646.0,390.97,0.5832424107187206,4.3760036431226785,32.22527881040892,0.012230020343504162,2.285057100371749,15.890706319702602,0.006381710269403211,0.4929364202292669,5.6011759621451125,36.843533123028394,0.015614239272951093,2.82998018927445,22.52492113564669,0.007835530045022196,1.8630914826498424,0.00402220134195386,1.9444468750000041,16.553125,0.005470102952261012,0.0,1
4507.0,2021-11-03 15:45:00,392.96,393.47,392.94,393.45,583635.0,1,1,0.0,sell,False,2.126096822938461,4.4500000000000455,22.0,0.01143900056552374,0.19796249386774933,0.7193847700206104,0.8183660169544851,0.00208991596763945,82.1715704538788,94.31723894118599,91.51931653609859,99.91308375136077,583635.0,4.4500000000000455,1.0,4.4500000000000455,22.0,0.01143900056552374,4.4500000000000455,22.0,0.01143900056552374,1.0,1.0,0.19796249386774933,0.8183660169544851,0.7193847700206104,82.1715704538788,94.31723894118599,91.51931653609859,99.91308375136077,46.481051817478026,1.8561484918793953,50.714228974647874,0.12469462540716844,0.13488064335522715,0.020000000000038654,0.01999999999998181,0.4900000000000091,1.0,4508.0,4508.0,2021-11-03,2021-11-03 15:45:00,0.6303215148049209,139.0,1.0,best_within_2.0d,4646.0,390.97,0.5832424107187206,4.3760036431226785,32.22527881040892,0.012230020343504162,2.285057100371749,15.890706319702602,0.006381710269403211,0.4929364202292669,5.6011759621451125,36.843533123028394,0.015614239272951093,2.82998018927445,22.52492113564669,0.007835530045022196,1.8630914826498424,0.00402220134195386,1.9444468750000041,16.553125,0.005470102952261012,0.0,1
4508.0,2021-11-03 15:50:00,393.45,393.51,393.01,393.32,817496.0,1,1,0.0,sell,False,2.1260968230152155,4.490000000000009,23.0,0.011541823042517118,0.17921169538403814,0.7417862319436151,0.8313920796356342,0.0021224822447853116,78.73513214021506,91.78258819855296,91.6070737569167,92.13361708182546,817496.0,4.490000000000009,1.0,4.490000000000009,23.0,0.011541823042517118,4.490000000000009,23.0,0.011541823042517118,1.0,1.0,0.17921169538403814,0.8313920796356342,0.7417862319436151,78.73513214021506,91.78258819855296,91.6070737569167,92.13361708182546,44.31185361972843,1.9093078758950357,53.644525626446416,-0.0330410471470315,0.12722322587211524,0.060000000000002274,0.3100000000000023,0.12999999999999545,0.0,4509.0,4509.0,2021-11-03,2021-11-03 15:50:00,0.5974778806061135,138.0,1.0,best_within_2.0d,4646.0,390.97,0.5832424107187206,4.3760036431226785,32.22527881040892,0.012230020343504162,2.285057100371749,15.890706319702602,0.006381710269403211,0.4929364202292669,5.6011759621451125,36.843533123028394,0.015614239272951093,2.82998018927445,22.52492113564669,0.007835530045022196,1.8630914826498424,0.00402220134195386,1.9444468750000041,16.553125,0.005470102952261012,0.0,1
4509.0,2021-11-03 15:55:00,393.31,393.61,393.15,393.235,1244924.0,1,1,0.0,sell,False,2.1260968229737562,4.590000000000032,24.0,0.011798879235000854,0.13369003513913436,0.758497486336007,0.8253425039055742,0.002106429641174582,76.48290797470901,86.35179082517925,89.85531277967088,79.34474691619599,1244924.0,4.590000000000032,1.0,4.590000000000032,24.0,0.011798879235000854,4.590000000000032,24.0,0.011798879235000854,1.0,1.0,0.13369003513913436,0.8253425039055742,0.758497486336007,76.48290797470901,86.35179082517925,89.85531277967088,79.34474691619599,35.35004321521118,2.074330164217834,56.16381305695591,-0.01906892781774901,0.11700368815974474,0.30000000000001137,0.08500000000003638,0.07499999999998863,0.0,4510.0,4510.0,2021-11-03,2021-11-03 15:55:00,0.5759914554909878,137.0,1.0,best_within_2.0d,4646.0,390.97,0.5832424107187206,4.3760036431226785,32.22527881040892,0.012230020343504162,2.285057100371749,15.890706319702602,0.006381710269403211,0.4929364202292669,5.6011759621451125,36.843533123028394,0.015614239272951093,2.82998018927445,22.52492113564669,0.007835530045022196,1.8630914826498424,0.00402220134195386,1.9444468750000041,16.553125,0.005470102952261012,1.0,1
4535.0,2021-11-03 18:15:00,393.62,393.74,393.62,393.68,11400.0,1,1,0.0,sell,False,2.1260968239943057,4.720000000000027,50.0,0.012133052285229621,-0.07473927003381564,0.3097134343437554,0.2723437993268476,0.000692701706467769,79.98298028831802,92.70358910860357,92.13602277244989,93.8387217809109,11400.0,4.720000000000027,1.0,4.720000000000027,50.0,0.012133052285229621,4.720000000000027,50.0,0.012133052285229621,1.0,1.0,-0.07473927003381564,0.2723437993268476,0.3097134343437554,79.98298028831802,92.70358910860357,92.13602277244989,93.8387217809109,40.59405940593324,22.772277227727844,30.217116337204338,0.015243127889843573,0.030486255779687145,0.060000000000002274,0.0,0.060000000000002274,1.0,4536.0,4536.0,2021-11-03,2021-11-03 18:15:00,0.6883763462710779,111.0,1.0,best_within_2.0d,4646.0,390.97,0.5832424107187206,4.3760036431226785,32.22527881040892,0.012230020343504162,2.285057100371749,15.890706319702602,0.006381710269403211,0.4929364202292669,5.6011759621451125,36.843533123028394,0.015614239272951093,2.82998018927445,22.52492113564669,0.007835530045022196,1.8630914826498424,0.00402220134195386,1.9444468750000041,16.553125,0.005470102952261012,0.0,1
4538.0,2021-11-03 18:30:00,393.72,393.77,393.66,393.74,2535.0,1,1,0.0,sell,False,2.1260968242671665,4.75,53.0,0.012210169142974655,-0.04459252214679088,0.28934653576164027,0.2670502746882448,0.0006790464167987846,79.6038588892059,91.37987616125598,90.93654643559695,92.26653561257402,2535.0,4.75,1.0,4.75,53.0,0.012210169142974655,4.75,53.0,0.012210169142974655,1.0,1.0,-0.04459252214679088,0.2670502746882448,0.28934653576164027,79.6038588892059,91.37987616125598,90.93654643559695,92.26653561257402,42.26804123710645,15.46391752577537,32.941172019461604,0.0050797521080925044,0.027942894883899,0.029999999999972715,0.060000000000002274,0.01999999999998181,1.0,4539.0,4539.0,2021-11-03,2021-11-03 18:30:00,0.7035099304109265,108.0,1.0,best_within_2.0d,4646.0,390.97,0.5832424107187206,4.3760036431226785,32.22527881040892,0.012230020343504162,2.285057100371749,15.890706319702602,0.006381710269403211,0.4929364202292669,5.6011759621451125,36.843533123028394,0.015614239272951093,2.82998018927445,22.52492113564669,0.007835530045022196,1.8630914826498424,0.00402220134195386,1.9444468750000041,16.553125,0.005470102952261012,0.0,1
4541.0,2021-11-03 18:45:00,393.75,393.9,393.75,393.9,7307.0,1,1,0.0,sell,False,2.1260968285144255,4.8799999999999955,56.0,0.012544342193203424,-0.028096713146830377,0.2730602376769192,0.25901188110350404,0.0006584337811969019,77.9561781627864,93.31483510191096,90.77181752157489,98.40087026258311,7307.0,4.8799999999999955,1.0,4.8799999999999955,56.0,0.012544342193203424,4.8799999999999955,56.0,0.012544342193203424,1.0,1.0,-0.028096713146830377,0.25901188110350404,0.2730602376769192,77.9561781627864,93.31483510191096,90.77181752157489,98.40087026258311,42.42424242423668,12.121212121213556,35.7017535243048,0.038095238095232326,0.038095238095232326,0.0,0.0,0.14999999999997726,1.0,4542.0,4542.0,2021-11-03,2021-11-03 18:45:00,0.7438436151307312,105.0,1.0,best_within_2.0d,4646.0,390.97,0.5832424107187206,4.3760036431226785,32.22527881040892,0.012230020343504162,2.285057100371749,15.890706319702602,0.006381710269403211,0.4929364202292669,5.6011759621451125,36.843533123028394,0.015614239272951093,2.82998018927445,22.52492113564669,0.007835530045022196,1.8630914826498424,0.00402220134195386,1.9444468750000041,16.553125,0.005470102952261012,0.0,1
4543.0,2021-11-03 18:55:00,393.84,393.9,393.84,393.85,3230.0,1,1,0.0,sell,False,2.1260968319462568,4.8799999999999955,58.0,0.012544342193203424,-0.024854573737507213,0.26737874063510625,0.25495145376635264,0.0006479958047427423,73.94374419057928,90.5826074879798,91.60445087458963,88.53892071476017,3230.0,4.8799999999999955,1.0,4.8799999999999955,58.0,0.012544342193203424,4.8799999999999955,58.0,0.012544342193203424,1.0,1.0,-0.024854573737507213,0.25495145376635264,0.26737874063510625,73.94374419057928,90.5826074879798,91.60445087458963,88.53892071476017,38.686131386859195,13.138686131391463,37.86142163241318,0.002539102173483585,0.015234613040829341,0.049999999999954525,0.0,0.010000000000047748,1.0,4544.0,4544.0,2021-11-03,2021-11-03 18:55:00,0.7312428589564544,103.0,1.0,best_within_2.0d,4646.0,390.97,0.5832424107187206,4.3760036431226785,32.22527881040892,0.012230020343504162,2.285057100371749,15.890706319702602,0.006381710269403211,0.4929364202292669,5.6011759621451125,36.843533123028394,0.015614239272951093,2.82998018927445,22.52492113564669,0.007835530045022196,1.8630914826498424,0.00402220134195386,1.9444468750000041,16.553125,0.005470102952261012,0.0,1
4544.0,2021-11-03 19:00:00,393.87,394.01,393.87,393.95,9226.0,1,1,0.0,sell,False,2.126096829981971,4.990000000000009,59.0,0.012827104004935502,-0.018331717424684202,0.26508727595702075,0.25592141724467865,0.0006503994095783525,76.57792921699587,88.31633291991432,90.50841155636452,83.9321756470139,9226.0,4.990000000000009,1.0,4.990000000000009,59.0,0.012827104004935502,4.990000000000009,59.0,0.012827104004935502,1.0,1.0,-0.018331717424684202,0.25592141724467865,0.26508727595702075,76.57792921699587,88.31633291991432,90.50841155636452,83.9321756470139,42.95302013422701,9.395973154369074,39.73578895170812,0.020311270216057095,0.03554472287810352,0.060000000000002274,0.0,0.07999999999998408,1.0,4545.0,4545.0,2021-11-03,2021-11-03 19:00:00,0.7564411727376472,102.0,1.0,best_within_2.0d,4646.0,390.97,0.5832424107187206,4.3760036431226785,32.22527881040892,0.012230020343504162,2.285057100371749,15.890706319702602,0.006381710269403211,0.4929364202292669,5.6011759621451125,36.843533123028394,0.015614239272951093,2.82998018927445,22.52492113564669,0.007835530045022196,1.8630914826498424,0.00402220134195386,1.9444468750000041,16.553125,0.005470102952261012,0.0,1
4545.0,2021-11-03 19:05:00,394.0,394.35,393.98,394.32,30547.0,1,1,0.0,sell,False,2.1260968295828198,5.330000000000041,60.0,0.013701095059380086,0.029109232499344828,0.26872593001943884,0.28328054626911126,0.0007198166215323982,83.30368732814941,90.80243790904954,90.60642034059286,91.1944730459629,30547.0,5.330000000000041,1.0,5.330000000000041,60.0,0.013701095059380086,5.330000000000041,60.0,0.013701095059380086,1.0,1.0,0.029109232499344828,0.28328054626911126,0.26872593001943884,83.30368732814941,90.80243790904954,90.60642034059286,91.1944730459629,52.97297297297331,7.027027027029767,42.3672737820553,0.0812182741116734,0.09391339661911886,0.03000000000002956,0.01999999999998181,0.3199999999999932,1.0,4546.0,4546.0,2021-11-03,2021-11-03 19:05:00,0.8495638060458425,101.0,1.0,best_within_2.0d,4646.0,390.97,0.5832424107187206,4.3760036431226785,32.22527881040892,0.012230020343504162,2.285057100371749,15.890706319702602,0.006381710269403211,0.4929364202292669,5.6011759621451125,36.843533123028394,0.015614239272951093,2.82998018927445,22.52492113564669,0.007835530045022196,1.8630914826498424,0.00402220134195386,1.9444468750000041,16.553125,0.005470102952261012,0.0,1
4546.0,2021-11-03 19:10:00,394.31,394.35,394.16,394.2,31950.0,1,1,0.0,sell,False,2.126096830873152,5.330000000000041,61.0,0.013701095059380086,0.037102261425781546,0.2733637126976615,0.2919148434105523,0.0007416650177403158,75.71030676680454,86.82603841823837,89.34629303314136,81.7855291884324,31950.0,5.330000000000041,1.0,5.330000000000041,61.0,0.013701095059380086,5.330000000000041,61.0,0.013701095059380086,1.0,1.0,0.037102261425781546,0.2919148434105523,0.2733637126976615,75.71030676680454,86.82603841823837,89.34629303314136,81.7855291884324,52.68817204301134,2.1505376344127427,45.92367299370017,-0.027896832441483516,0.0482037751167033,0.040000000000020464,0.03999999999996362,0.11000000000001364,0.0,4547.0,4547.0,2021-11-03,2021-11-03 19:10:00,0.819381024860467,100.0,1.0,best_within_2.0d,4646.0,390.97,0.5832424107187206,4.3760036431226785,32.22527881040892,0.012230020343504162,2.285057100371749,15.890706319702602,0.006381710269403211,0.4929364202292669,5.6011759621451125,36.843533123028394,0.015614239272951093,2.82998018927445,22.52492113564669,0.007835530045022196,1.8630914826498424,0.00402220134195386,1.9444468750000041,16.553125,0.005470102952261012,0.0,1
4549.0,2021-11-03 19:25:00,394.23,394.35,394.23,394.33,4410.0,1,1,0.0,sell,False,2.12609682927273,5.330000000000041,64.0,0.013701095059380086,0.03495416277866126,0.28615284614281195,0.3036299275321426,0.0007711603490769667,78.32486072097626,88.36353891876273,87.11164690741984,90.86732294144849,4410.0,5.330000000000041,1.0,5.330000000000041,64.0,0.013701095059380086,5.330000000000041,64.0,0.013701095059380086,1.0,1.0,0.03495416277866126,0.3036299275321426,0.28615284614281195,78.32486072097626,88.36353891876273,87.11164690741984,90.86732294144849,47.95321637427251,3.508771929831385,54.119463353696496,0.02536590315297311,0.030439083783579263,0.020000000000038654,0.0,0.0999999999999659,1.0,4550.0,4550.0,2021-11-03,2021-11-03 19:25:00,0.8520782086069933,97.0,1.0,best_within_2.0d,4646.0,390.97,0.5832424107187206,4.3760036431226785,32.22527881040892,0.012230020343504162,2.285057100371749,15.890706319702602,0.006381710269403211,0.4929364202292669,5.6011759621451125,36.843533123028394,0.015614239272951093,2.82998018927445,22.52492113564669,0.007835530045022196,1.8630914826498424,0.00402220134195386,1.9444468750000041,16.553125,0.005470102952261012,0.0,1
4550.0,2021-11-03 19:30:00,394.35,394.35,394.28,394.34,3017.0,1,1,0.0,sell,False,2.126096831026748,5.330000000000041,65.0,0.013701095059380086,0.03092177074954683,0.29001806748650527,0.3054789528612787,0.0007757676641139333,78.52069491361402,91.58876450793026,88.60401944092331,97.55825464194419,3017.0,5.330000000000041,1.0,5.330000000000041,65.0,0.013701095059380086,5.330000000000041,65.0,0.013701095059380086,1.0,1.0,0.03092177074954683,0.3054789528612787,0.29001806748650527,78.52069491361402,91.58876450793026,88.60401944092331,97.55825464194419,48.23529411765033,3.529411764712727,56.4226185686905,-0.0025358184354121334,0.017753880491034296,0.0,0.060000000000002274,0.010000000000047748,0.0,4551.0,4551.0,2021-11-03,2021-11-03 19:30:00,0.8545924836435431,96.0,1.0,best_within_2.0d,4646.0,390.97,0.5832424107187206,4.3760036431226785,32.22527881040892,0.012230020343504162,2.285057100371749,15.890706319702602,0.006381710269403211,0.4929364202292669,5.6011759621451125,36.843533123028394,0.015614239272951093,2.82998018927445,22.52492113564669,0.007835530045022196,1.8630914826498424,0.00402220134195386,1.9444468750000041,16.553125,0.005470102952261012,0.0,1
4551.0,2021-11-03 19:35:00,394.34,394.38,394.33,394.38,6500.0,1,1,0.0,sell,False,2.126096833341683,5.360000000000014,66.0,0.01377821191712512,0.02659070960966381,0.2933419061877133,0.3066372609925452,0.0007786207856827187,79.32534947390562,94.3925096719535,90.53351618460003,102.11049664666044,6500.0,5.360000000000014,1.0,5.360000000000014,66.0,0.01377821191712512,5.360000000000014,66.0,0.01377821191712512,1.0,1.0,0.02659070960966381,0.3066372609925452,0.2933419061877133,79.32534947390562,94.3925096719535,90.53351618460003,102.11049664666044,50.00000000000168,3.529411764712727,58.59337344329571,0.010143530963133454,0.012679735247130924,0.0,0.009999999999990905,0.040000000000020464,1.0,4552.0,4552.0,2021-11-03,2021-11-03 19:35:00,0.8646483087377576,95.0,1.0,best_within_2.0d,4646.0,390.97,0.5832424107187206,4.3760036431226785,32.22527881040892,0.012230020343504162,2.285057100371749,15.890706319702602,0.006381710269403211,0.4929364202292669,5.6011759621451125,36.843533123028394,0.015614239272951093,2.82998018927445,22.52492113564669,0.007835530045022196,1.8630914826498424,0.00402220134195386,1.9444468750000041,16.553125,0.005470102952261012,0.0,1
4552.0,2021-11-03 19:40:00,394.38,394.41,394.35,394.4,9372.0,1,1,0.0,sell,False,2.1260968444809647,5.390000000000043,67.0,0.013855328774870298,0.019686177680352857,0.29580267839775737,0.3056457672379338,0.0007760186570649198,79.73414752334654,95.64438916401545,92.23714051107183,102.45888646990267,9372.0,5.390000000000043,1.0,5.390000000000043,67.0,0.013855328774870298,5.390000000000043,67.0,0.013855328774870298,1.0,1.0,0.019686177680352857,0.3056457672379338,0.29580267839775737,79.73414752334654,95.64438916401545,92.23714051107183,102.45888646990267,49.09090909091166,3.636363636370589,60.56576795103889,0.005071251077636242,0.015214910612400729,0.010000000000047748,0.029999999999972715,0.01999999999998181,1.0,4553.0,4553.0,2021-11-03,2021-11-03 19:40:00,0.8696754563894398,94.0,1.0,best_within_2.0d,4646.0,390.97,0.5832424107187206,4.3760036431226785,32.22527881040892,0.012230020343504162,2.285057100371749,15.890706319702602,0.006381710269403211,0.4929364202292669,5.6011759621451125,36.843533123028394,0.015614239272951093,2.82998018927445,22.52492113564669,0.007835530045022196,1.8630914826498424,0.00402220134195386,1.9444468750000041,16.553125,0.005470102952261012,0.0,1
4553.0,2021-11-03 19:45:00,394.38,394.47,394.38,394.45,4900.0,1,1,0.0,sell,False,2.126096852583126,5.4500000000000455,68.0,0.01400956249036051,0.01531478213738402,0.29771702616493034,0.30537441723362235,0.0007752442660795972,80.7584660351213,95.73571522498729,93.40333208237698,100.4004815102079,4900.0,5.4500000000000455,1.0,5.4500000000000455,68.0,0.01400956249036051,5.4500000000000455,68.0,0.01400956249036051,1.0,1.0,0.01531478213738402,0.30537441723362235,0.29771702616493034,80.7584660351213,95.73571522498729,93.40333208237698,100.4004815102079,53.374233128836416,2.4539877300660136,62.754555326591515,0.01774937877174126,0.022820629849391913,0.020000000000038654,0.0,0.06999999999999318,1.0,4554.0,4554.0,2021-11-03,2021-11-03 19:45:00,0.8822410951958326,93.0,1.0,best_within_2.0d,4646.0,390.97,0.5832424107187206,4.3760036431226785,32.22527881040892,0.012230020343504162,2.285057100371749,15.890706319702602,0.006381710269403211,0.4929364202292669,5.6011759621451125,36.843533123028394,0.015614239272951093,2.82998018927445,22.52492113564669,0.007835530045022196,1.8630914826498424,0.00402220134195386,1.9444468750000041,16.553125,0.005470102952261012,0.0,1
4554.0,2021-11-03 19:50:00,394.46,394.5,394.39,394.48,11984.0,1,1,0.0,sell,False,2.126096856825951,5.480000000000018,69.0,0.014086679348105544,0.010172651145265221,0.2989886075580885,0.3040749331307211,0.0007718621887044757,81.36700548077216,95.30529163147476,94.0373185987429,97.84123769693849,11984.0,5.480000000000018,1.0,5.480000000000018,69.0,0.014086679348105544,5.480000000000018,69.0,0.014086679348105544,1.0,1.0,0.010172651145265221,0.3040749331307211,0.2989886075580885,81.36700548077216,95.30529163147476,94.0373185987429,97.84123769693849,54.93827160493886,2.469135802473814,64.80050490771713,0.005070222582781183,0.027891173711304455,0.01999999999998181,0.06999999999999318,0.020000000000038654,1.0,4555.0,4555.0,2021-11-03,2021-11-03 19:50:00,0.889778949503141,92.0,1.0,best_within_2.0d,4646.0,390.97,0.5832424107187206,4.3760036431226785,32.22527881040892,0.012230020343504162,2.285057100371749,15.890706319702602,0.006381710269403211,0.4929364202292669,5.6011759621451125,36.843533123028394,0.015614239272951093,2.82998018927445,22.52492113564669,0.007835530045022196,1.8630914826498424,0.00402220134195386,1.9444468750000041,16.553125,0.005470102952261012,0.0,1
4555.0,2021-11-03 19:55:00,394.46,394.57,394.41,394.57,20670.0,1,1,0.0,sell,False,2.1260968659899073,5.550000000000011,70.0,0.014266618682844099,0.012451931237430824,0.3005450989627673,0.30677106458148273,0.0007786152314937321,83.09437846538911,96.87019442098317,94.98161053948965,100.64736218397019,20670.0,5.550000000000011,1.0,5.550000000000011,70.0,0.014266618682844099,5.550000000000011,70.0,0.014266618682844099,1.0,1.0,0.012451931237430824,0.30677106458148273,0.3005450989627673,83.09437846538911,96.87019442098317,94.98161053948965,100.64736218397019,50.30674846625912,2.4539877300660136,66.65030272992219,0.02788622420524607,0.040566922745358426,0.0,0.049999999999954525,0.11000000000001364,1.0,4556.0,4556.0,2021-11-03,2021-11-03 19:55:00,0.9123856349950493,91.0,1.0,best_within_2.0d,4646.0,390.97,0.5832424107187206,4.3760036431226785,32.22527881040892,0.012230020343504162,2.285057100371749,15.890706319702602,0.006381710269403211,0.4929364202292669,5.6011759621451125,36.843533123028394,0.015614239272951093,2.82998018927445,22.52492113564669,0.007835530045022196,1.8630914826498424,0.00402220134195386,1.9444468750000041,16.553125,0.005470102952261012,0.0,1
4556.0,2021-11-04 04:00:00,389.35,389.54,389.16,389.17,265235.0,1p,1p,0.0,sell,False,1.7786546575839461,3.1000000000000227,72.0,0.00802194389814725,-0.022565428579767732,0.32081089401445,0.30952817972456614,0.0007965902723425914,61.5657871070894,65.47266949548987,57.347411674253586,81.72318513796243,265235.0,3.1000000000000227,0.0,3.1000000000000227,72.0,0.00802194389814725,3.1000000000000227,0.0,0.0,1.0,1.0,-0.022565428579767732,0.30952817972456614,0.32081089401445,61.5657871070894,65.47266949548987,57.347411674253586,81.72318513796243,26.957588926446093,13.582407854498554,31.749251390690375,-0.046230897649931116,0.09764621235481433,0.18999999999999773,0.009999999999990905,0.18000000000000682,0.0,4557.0,4557.0,2021-11-04,2021-11-04 04:00:00,-0.4625228049438578,90.0,1.0,best_within_2.0d,4646.0,390.97,0.5832424107187206,4.3760036431226785,32.22527881040892,0.012230020343504162,2.285057100371749,15.890706319702602,0.006381710269403211,0.4929364202292669,5.6011759621451125,36.843533123028394,0.015614239272951093,2.82998018927445,22.52492113564669,0.007835530045022196,1.8630914826498424,0.00402220134195386,1.9444468750000041,16.553125,0.005470102952261012,0.0,1
4557.0,2021-11-04 04:05:00,394.5,394.75,394.48,394.73,9785.0,1,1,0.0,sell,False,2.1260968675234317,5.730000000000018,72.0,0.014729319829314736,0.013475695174116842,0.30192167813746373,0.30865952572452215,0.0007832328123886384,81.25711123954272,92.52211921136077,93.21170125247485,91.14295512913264,9785.0,5.730000000000018,1.0,5.730000000000018,72.0,0.014729319829314736,5.730000000000018,72.0,0.014729319829314736,1.0,1.0,0.013475695174116842,0.30865952572452215,0.30192167813746373,81.25711123954272,92.52211921136077,93.21170125247485,91.14295512913264,49.056603773587135,8.490566037738606,66.53562492698764,0.05830164765526444,0.06844453457716027,0.01999999999998181,0.01999999999998181,0.2300000000000182,1.0,4558.0,4558.0,2021-11-04,2021-11-04 04:05:00,0.952549844197297,89.0,1.0,best_within_2.0d,4646.0,390.97,0.5832424107187206,4.3760036431226785,32.22527881040892,0.012230020343504162,2.285057100371749,15.890706319702602,0.006381710269403211,0.4929364202292669,5.6011759621451125,36.843533123028394,0.015614239272951093,2.82998018927445,22.52492113564669,0.007835530045022196,1.8630914826498424,0.00402220134195386,1.9444468750000041,16.553125,0.005470102952261012,0.0,1
4558.0,2021-11-04 04:10:00,394.66,395.0,394.53,395.0,14471.0,1,1,0.0,sell,False,2.1260968913323524,5.980000000000018,73.0,0.015371960310523928,0.0517157948830983,0.308386152497851,0.33424404993940016,0.0008480083050900892,85.0361165438902,95.01474614090718,93.81271621528563,97.41880599215028,14471.0,5.980000000000018,1.0,5.980000000000018,73.0,0.015371960310523928,5.980000000000018,73.0,0.015371960310523928,1.0,1.0,0.0517157948830983,0.33424404993940016,0.308386152497851,85.0361165438902,95.01474614090718,93.81271621528563,97.41880599215028,48.55967078189322,7.407407407409659,67.0351811296813,0.08615010388688364,0.11912909030999602,0.0,0.1300000000000523,0.339999999999975,1.0,4559.0,4559.0,2021-11-04,2021-11-04 04:10:00,1.0202531645569552,88.0,1.0,best_within_2.0d,4646.0,390.97,0.5832424107187206,4.3760036431226785,32.22527881040892,0.012230020343504162,2.285057100371749,15.890706319702602,0.006381710269403211,0.4929364202292669,5.6011759621451125,36.843533123028394,0.015614239272951093,2.82998018927445,22.52492113564669,0.007835530045022196,1.8630914826498424,0.00402220134195386,1.9444468750000041,16.553125,0.005470102952261012,0.0,1
4559.0,2021-11-04 04:15:00,395.0,395.11,394.99,395.11,2305.0,1,1,0.0,sell,False,2.1260968683464676,6.090000000000032,74.0,0.015654722122256007,0.08138981178955518,0.3185598789715454,0.359254784866323,0.0009112987764609054,86.25226278118905,96.67649742727144,94.76730995261423,100.49487237658587,2305.0,6.090000000000032,1.0,6.090000000000032,74.0,0.015654722122256007,6.090000000000032,74.0,0.015654722122256007,1.0,1.0,0.08138981178955518,0.359254784866323,0.3185598789715454,86.25226278118905,96.67649742727144,94.76730995261423,100.49487237658587,44.18604651162815,8.372093023258422,67.1142105433002,0.027848101265826236,0.030380515962430577,0.0,0.009999999999990905,0.11000000000001364,1.0,4560.0,4560.0,2021-11-04,2021-11-04 04:15:00,1.0478094707802854,87.0,1.0,best_within_2.0d,4646.0,390.97,0.5832424107187206,4.3760036431226785,32.22527881040892,0.012230020343504162,2.285057100371749,15.890706319702602,0.006381710269403211,0.4929364202292669,5.6011759621451125,36.843533123028394,0.015614239272951093,2.82998018927445,22.52492113564669,0.007835530045022196,1.8630914826498424,0.00402220134195386,1.9444468750000041,16.553125,0.005470102952261012,0.0,1
4560.0,2021-11-04 04:20:00,395.14,395.26,395.04,395.21,5308.0,1,1,0.0,sell,False,2.1260968683464676,6.240000000000009,75.0,0.016040306410981465,0.10267735582673854,0.33139454844988775,0.382733226363257,0.0009706749982202655,87.26550917428627,96.13416660167891,95.22292883563578,97.9566421337652,5308.0,6.240000000000009,1.0,6.240000000000009,75.0,0.016040306410981465,6.240000000000009,75.0,0.016040306410981465,1.0,1.0,0.10267735582673854,0.382733226363257,0.33139454844988775,87.26550917428627,96.13416660167891,95.22292883563578,97.9566421337652,50.45871559632984,8.256880733947632,67.4542669330639,0.01771524016803998,0.05569056298095647,0.05000000000001137,0.0999999999999659,0.06999999999999318,1.0,4561.0,4561.0,2021-11-04,2021-11-04 04:20:00,1.0728473469800746,86.0,1.0,best_within_2.0d,4646.0,390.97,0.5832424107187206,4.3760036431226785,32.22527881040892,0.012230020343504162,2.285057100371749,15.890706319702602,0.006381710269403211,0.4929364202292669,5.6011759621451125,36.843533123028394,0.015614239272951093,2.82998018927445,22.52492113564669,0.007835530045022196,1.8630914826498424,0.00402220134195386,1.9444468750000041,16.553125,0.005470102952261012,0.0,1
4561.0,2021-11-04 04:25:00,395.3,395.3,395.12,395.12,8565.0,1,1,0.0,sell,False,2.1260968710726944,6.28000000000003,76.0,0.01614312888797499,0.09310775819406836,0.3430330182241463,0.38958689732118046,0.000987904109737946,81.44732002927964,91.70849202016673,94.0514498971461,87.022576266208,8565.0,6.28000000000003,1.0,6.28000000000003,76.0,0.01614312888797499,6.28000000000003,76.0,0.01614312888797499,1.0,1.0,0.09310775819406836,0.38958689732118046,0.3430330182241463,81.44732002927964,91.70849202016673,94.0514498971461,87.022576266208,49.565217391304756,6.9565217391313166,68.02072039388882,-0.0455350366810035,0.045555780522374675,0.0,0.0,0.18000000000000682,0.0,4562.0,4562.0,2021-11-04,2021-11-04 04:25:00,1.0503138287102594,85.0,1.0,best_within_2.0d,4646.0,390.97,0.5832424107187206,4.3760036431226785,32.22527881040892,0.012230020343504162,2.285057100371749,15.890706319702602,0.006381710269403211,0.4929364202292669,5.6011759621451125,36.843533123028394,0.015614239272951093,2.82998018927445,22.52492113564669,0.007835530045022196,1.8630914826498424,0.00402220134195386,1.9444468750000041,16.553125,0.005470102952261012,1.0,1
4565.0,2021-11-04 04:45:00,394.95,394.95,394.85,394.9,6267.0,3a,3a,1.0,buy,False,0.001053767862650419,4.163492493946733,28.239017640954685,0.011578080659927173,-0.03854067825816343,0.3485510038005256,0.3292806646714439,0.0008346492853809795,68.50174656157489,66.86391342351934,77.67617836293456,45.23938354468888,6267.0,0.44999999999998863,2.0,0.44999999999998863,5.0,0.0011383759170250154,0.44999999999998863,5.0,0.0011383759170250154,3.0,3.0,-0.03854067825816343,0.3292806646714439,0.3485510038005256,68.50174656157489,66.86391342351934,77.67617836293456,45.23938354468888,40.00000000000284,17.916666666667545,62.492378247942426,-0.012659830358276078,0.025326073192342886,0.0,0.049999999999954525,0.05000000000001137,0.0,4566.0,4566.0,2021-11-04,2021-11-04 04:45:00,1.491516839706266,248.0,1.0,best_within_2.0d,4813.0,400.79,0.5832424107187206,4.3760036431226785,32.22527881040892,0.012230020343504162,2.285057100371749,15.890706319702602,0.006381710269403211,0.4929364202292669,5.6011759621451125,36.843533123028394,0.015614239272951093,2.82998018927445,22.52492113564669,0.007835530045022196,1.8630914826498424,0.001053767862650419,0.44999999999998863,5.0,0.0011383759170250154,0.0,0
4566.0,2021-11-04 04:50:00,394.87,394.9,394.77,394.77,1800.0,3a,3a,1.0,buy,False,0.001053767862650419,4.163492493946733,28.239017640954685,0.011578080659927173,-0.07918659803015493,0.3386526790467562,0.29905938003167876,0.0007580089513299631,61.30864737374077,54.96555267195648,70.1059697992752,24.684718417319033,1800.0,0.5300000000000296,2.0,0.5300000000000296,6.0,0.0013407538578295713,0.5300000000000296,6.0,0.0013407538578295713,3.0,3.0,-0.07918659803015493,0.29905938003167876,0.3386526790467562,61.30864737374077,54.96555267195648,70.1059697992752,24.684718417319033,37.65182186234977,20.647773279354883,60.11197027785102,-0.02532479043736489,0.03293056716569026,0.029999999999972715,0.0,0.10000000000002274,0.0,4567.0,4567.0,2021-11-04,2021-11-04 04:50:00,1.524938571826643,247.0,1.0,best_within_2.0d,4813.0,400.79,0.5832424107187206,4.3760036431226785,32.22527881040892,0.012230020343504162,2.285057100371749,15.890706319702602,0.006381710269403211,0.4929364202292669,5.6011759621451125,36.843533123028394,0.015614239272951093,2.82998018927445,22.52492113564669,0.007835530045022196,1.8630914826498424,0.001053767862650419,0.5300000000000296,6.0,0.0013407538578295713,0.0,0
4567.0,2021-11-04 04:55:00,394.71,394.71,394.64,394.69,7949.0,3a,3a,1.0,buy,False,0.001053767862650419,4.163492493946733,28.239017640954685,0.011578080659927173,-0.11689727065681255,0.3240405202146547,0.2655918848862484,0.0006731609077415741,57.31977449943459,39.16895430655732,59.79363130170257,-2.0803996837331766,7949.0,0.660000000000025,2.0,0.660000000000025,7.0,0.001669618011636795,0.660000000000025,7.0,0.001669618011636795,3.0,3.0,-0.11689727065681255,0.2655918848862484,0.3240405202146547,57.31977449943459,39.16895430655732,59.79363130170257,-2.0803996837331766,34.661354581675184,25.49800796813046,56.906242977966464,-0.005067011223425252,0.01773768497871305,0.0,0.05000000000001137,0.01999999999998181,0.0,4568.0,4568.0,2021-11-04,2021-11-04 04:55:00,1.5455167346525178,246.0,1.0,best_within_2.0d,4813.0,400.79,0.5832424107187206,4.3760036431226785,32.22527881040892,0.012230020343504162,2.285057100371749,15.890706319702602,0.006381710269403211,0.4929364202292669,5.6011759621451125,36.843533123028394,0.015614239272951093,2.82998018927445,22.52492113564669,0.007835530045022196,1.8630914826498424,0.001053767862650419,0.660000000000025,7.0,0.001669618011636795,0.0,0
4568.0,2021-11-04 05:00:00,394.74,394.74,394.63,394.68,2169.0,3a,3a,1.0,buy,False,0.001053767862650419,4.163492493946733,28.239017640954685,0.011578080659927173,-0.14159042600500005,0.3063417169640297,0.23554650396152965,0.0005969936269575104,56.82210562410586,28.600198393426776,49.3958203322773,-12.99104548427428,2169.0,0.6700000000000159,2.0,0.6700000000000159,8.0,0.0016949152542373284,0.6700000000000159,8.0,0.0016949152542373284,3.0,3.0,-0.14159042600500005,0.23554650396152965,0.3063417169640297,56.82210562410586,28.600198393426776,49.3958203322773,-12.99104548427428,34.66135458167745,25.49800796813046,53.92949619950246,-0.015199878400973369,0.027874211286525008,0.0,0.05000000000001137,0.060000000000002274,0.0,4569.0,4569.0,2021-11-04,2021-11-04 05:00:00,1.5480895915678559,245.0,1.0,best_within_2.0d,4813.0,400.79,0.5832424107187206,4.3760036431226785,32.22527881040892,0.012230020343504162,2.285057100371749,15.890706319702602,0.006381710269403211,0.4929364202292669,5.6011759621451125,36.843533123028394,0.015614239272951093,2.82998018927445,22.52492113564669,0.007835530045022196,1.8630914826498424,0.001053767862650419,0.6700000000000159,8.0,0.0016949152542373284,0.0,0
4569.0,2021-11-04 05:05:00,394.69,394.72,394.62,394.65,2698.0,3a,3a,1.0,buy,False,0.001053767862650419,4.163492493946733,28.239017640954685,0.011578080659927173,-0.15905999103806967,0.286459218084271,0.20692922256523616,0.0005244535981827655,55.27170197010603,20.53738716424395,39.77634260959951,-17.940523726467177,2698.0,0.6800000000000068,2.0,0.6800000000000068,9.0,0.001720212496837862,0.6800000000000068,9.0,0.001720212496837862,3.0,3.0,-0.15905999103806967,0.20692922256523616,0.286459218084271,55.27170197010603,20.53738716424395,39.77634260959951,-17.940523726467177,32.65306122449349,26.53061224490009,50.816305584267184,-0.01013453596493969,0.02534083422026829,0.03000000000002956,0.029999999999972715,0.040000000000020464,0.0,4570.0,4570.0,2021-11-04,2021-11-04 05:05:00,1.5558089446344971,244.0,1.0,best_within_2.0d,4813.0,400.79,0.5832424107187206,4.3760036431226785,32.22527881040892,0.012230020343504162,2.285057100371749,15.890706319702602,0.006381710269403211,0.4929364202292669,5.6011759621451125,36.843533123028394,0.015614239272951093,2.82998018927445,22.52492113564669,0.007835530045022196,1.8630914826498424,0.001053767862650419,0.6800000000000068,9.0,0.001720212496837862,1.0,0
4576.0,2021-11-04 05:40:00,394.64,394.64,394.6,394.6,1451.0,3a,3a,1.0,buy,False,0.001053767862650419,4.163492493946733,28.239017640954685,0.011578080659927173,-0.12338978659581668,0.16926837352145852,0.10757348022355018,0.000272592200447215,49.11684937877204,31.792518195922487,37.46332819913867,20.45089818949012,1451.0,0.6999999999999886,2.0,0.6999999999999886,16.0,0.001770806982038929,0.6999999999999886,16.0,0.001770806982038929,3.0,3.0,-0.12338978659581668,0.10757348022355018,0.16926837352145852,49.11684937877204,31.792518195922487,37.46332819913867,20.45089818949012,16.90140845070535,42.25352112676338,41.70306622300482,-0.010135819987827798,0.0101368474404368,0.0,0.0,0.03999999999996362,0.0,4577.0,4577.0,2021-11-04,2021-11-04 05:40:00,1.5686771414090213,237.0,1.0,best_within_2.0d,4813.0,400.79,0.5832424107187206,4.3760036431226785,32.22527881040892,0.012230020343504162,2.285057100371749,15.890706319702602,0.006381710269403211,0.4929364202292669,5.6011759621451125,36.843533123028394,0.015614239272951093,2.82998018927445,22.52492113564669,0.007835530045022196,1.8630914826498424,0.001053767862650419,0.6999999999999886,16.0,0.001770806982038929,1.0,0
4583.0,2021-11-04 06:15:00,394.82,394.88,394.79,394.79,1533.0,2,2,0.0,sell,False,0.3999999999999675,4.163492493946733,28.239017640954685,0.011578080659927173,-0.051037386278673325,0.09542581342609383,0.06990712028675716,0.00017712332549973215,56.65549207302352,57.120944841556415,49.17593655703567,73.0109614105979,1533.0,0.2799999999999727,1.0,0.6999999999999886,16.0,0.001770806982038929,0.2799999999999727,8.0,0.0007095793208311523,2.0,2.0,-0.051037386278673325,0.06990712028675716,0.09542581342609383,56.65549207302352,57.120944841556415,49.17593655703567,73.0109614105979,42.028985507245366,19.565217391307215,34.45207012346857,-0.00759839927054676,0.022796930013418523,0.060000000000002274,0.0,0.029999999999972715,0.0,4584.0,4584.0,2021-11-04,2021-11-04 06:15:00,0.9676030294586978,63.0,1.0,best_within_2.0d,4646.0,390.97,0.3999999999999675,0.6999999999999886,16.0,0.001770806982038929,0.2799999999999727,8.0,0.0007095793208311523,0.4929364202292669,5.6011759621451125,36.843533123028394,0.015614239272951093,2.82998018927445,22.52492113564669,0.007835530045022196,1.8630914826498424,0.00402220134195386,1.9444468750000041,16.553125,0.005470102952261012,0.0,1
4587.0,2021-11-04 06:35:00,394.79,394.91,394.75,394.91,1766.0,2,2,0.0,sell,False,0.4428571428571533,4.163492493946733,28.239017640954685,0.011578080659927173,-0.01756963736319206,0.07720102678320578,0.06841620810160975,0.00017333019264329473,62.28602161276246,73.6220452705613,61.81761288103572,97.23091004961246,1766.0,0.3100000000000023,1.0,0.6999999999999886,16.0,0.001770806982038929,0.3100000000000023,12.0,0.0007856056766345724,2.0,2.0,-0.01756963736319206,0.06841620810160975,0.07720102678320578,62.28602161276246,73.6220452705613,61.81761288103572,97.23091004961246,35.7664233576633,18.24817518248508,35.146788806953865,0.030395906684567625,0.040531982267264094,0.0,0.040000000000020464,0.12000000000000455,1.0,4588.0,4588.0,2021-11-04,2021-11-04 06:35:00,0.9976956774961376,59.0,1.0,best_within_2.0d,4646.0,390.97,0.4428571428571533,0.6999999999999886,16.0,0.001770806982038929,0.3100000000000023,12.0,0.0007856056766345724,0.4929364202292669,5.6011759621451125,36.843533123028394,0.015614239272951093,2.82998018927445,22.52492113564669,0.007835530045022196,1.8630914826498424,0.00402220134195386,1.9444468750000041,16.553125,0.005470102952261012,0.0,1
4588.0,2021-11-04 06:40:00,394.95,395.01,394.93,395.01,2250.0,2,2,0.0,sell,False,0.5857142857142498,4.163492493946733,28.239017640954685,0.011578080659927173,0.006622433070324535,0.07802883091699635,0.08134004745215861,0.0002060609434030267,66.37360792877124,82.41469684704086,68.68330753637076,109.87747546838105,2250.0,0.40999999999996817,1.0,0.6999999999999886,16.0,0.001770806982038929,0.40999999999996817,13.0,0.0010390268626456365,2.0,2.0,0.006622433070324535,0.08134004745215861,0.07802883091699635,66.37360792877124,82.41469684704086,68.68330753637076,109.87747546838105,39.13043478260458,18.11594202898894,35.25836537499151,0.015191796429928415,0.020256754361528392,0.0,0.01999999999998181,0.060000000000002274,1.0,4589.0,4589.0,2021-11-04,2021-11-04 06:40:00,1.0227589174957503,58.0,1.0,best_within_2.0d,4646.0,390.97,0.5857142857142498,0.6999999999999886,16.0,0.001770806982038929,0.40999999999996817,13.0,0.0010390268626456365,0.4929364202292669,5.6011759621451125,36.843533123028394,0.015614239272951093,2.82998018927445,22.52492113564669,0.007835530045022196,1.8630914826498424,0.00402220134195386,1.9444468750000041,16.553125,0.005470102952261012,0.0,1
4590.0,2021-11-04 06:50:00,394.96,395.06,394.96,395.03,5967.0,2,2,0.0,sell,False,0.6571428571428386,4.163492493946733,28.239017640954685,0.011578080659927173,0.026254812523615056,0.08333400592145213,0.09646141218325965,0.00024434462679435363,66.18164707681001,86.90877207538615,78.39565139975659,103.9350134266453,5967.0,0.45999999999997954,1.0,0.6999999999999886,16.0,0.001770806982038929,0.45999999999997954,15.0,0.0011657374556512405,2.0,2.0,0.026254812523615056,0.09646141218325965,0.08333400592145213,66.18164707681001,86.90877207538615,78.39565139975659,103.9350134266453,49.20634920634319,3.9682539682592317,39.79443124741063,0.017723313753289744,0.025319019647565007,0.03000000000002956,0.0,0.06999999999999318,1.0,4591.0,4591.0,2021-11-04,2021-11-04 06:50:00,1.027770042781547,56.0,1.0,best_within_2.0d,4646.0,390.97,0.6571428571428386,0.6999999999999886,16.0,0.001770806982038929,0.45999999999997954,15.0,0.0011657374556512405,0.4929364202292669,5.6011759621451125,36.843533123028394,0.015614239272951093,2.82998018927445,22.52492113564669,0.007835530045022196,1.8630914826498424,0.00402220134195386,1.9444468750000041,16.553125,0.005470102952261012,0.0,1
4591.0,2021-11-04 06:55:00,395.04,395.07,395.0,395.0,6734.0,2,2,0.0,sell,False,0.6714285714285401,4.163492493946733,28.239017640954685,0.011578080659927173,0.02584051997149342,0.0865640709178888,0.09948433090363551,0.00025199133868490696,63.82087918911988,83.98084805025798,80.25738361659037,91.42777691759318,6734.0,0.46999999999997044,1.0,0.6999999999999886,16.0,0.001770806982038929,0.46999999999997044,16.0,0.0011910795742523326,2.0,2.0,0.02584051997149342,0.09948433090363551,0.0865640709178888,63.82087918911988,83.98084805025798,80.25738361659037,91.42777691759318,46.77419354837874,4.032258064521415,42.961042167378594,-0.01012555690563499,0.017721518987340045,0.029999999999972715,0.0,0.040000000000020464,0.0,4592.0,4592.0,2021-11-04,2021-11-04 06:55:00,1.0202531645569552,55.0,1.0,best_within_2.0d,4646.0,390.97,0.6714285714285401,0.6999999999999886,16.0,0.001770806982038929,0.46999999999997044,16.0,0.0011910795742523326,0.4929364202292669,5.6011759621451125,36.843533123028394,0.015614239272951093,2.82998018927445,22.52492113564669,0.007835530045022196,1.8630914826498424,0.00402220134195386,1.9444468750000041,16.553125,0.005470102952261012,1.0,1
4599.0,2021-11-04 07:35:00,394.78,394.78,394.56,394.74,15640.0,1p,1p,1.0,buy,False,0.4701696568845432,0.5099999999999909,9.0,0.0012909104715619786,-0.06222380087548561,0.04710441890171745,0.015992518463974648,4.05092598637179e-05,47.7908326525567,31.143543200800156,33.835638090576055,25.759353421248363,15640.0,0.5099999999999909,0.0,0.5099999999999909,9.0,0.0012909104715619786,0.5099999999999909,0.0,0.0,1.0,1.0,-0.06222380087548561,0.015992518463974648,0.04710441890171745,47.7908326525567,31.143543200800156,33.835638090576055,25.759353421248363,18.857142857139312,31.4285714285731,32.545384523530096,-0.01013222554333138,0.05575831305757564,0.0,0.18000000000000682,0.03999999999996362,0.0,4600.0,4600.0,2021-11-04,2021-11-04 07:35:00,1.5326544054314262,214.0,1.0,best_within_2.0d,4813.0,400.79,0.5832424107187206,4.3760036431226785,32.22527881040892,0.012230020343504162,2.285057100371749,15.890706319702602,0.006381710269403211,0.4929364202292669,5.6011759621451125,36.843533123028394,0.015614239272951093,2.82998018927445,22.52492113564669,0.007835530045022196,1.8630914826498424,0.00402220134195386,1.9444468750000041,16.553125,0.005470102952261012,1.0,0
4604.0,2021-11-04 08:00:00,395.0,395.02,393.494,394.85,69759.0,1p,1p,1.0,buy,False,0.4701696568845432,1.575999999999965,14.0,0.003989166476826803,-0.029164079648382822,0.015982147256480544,0.0014001074322891327,3.546581363784663e-06,54.19044582566989,59.8897474593399,46.270772513864834,87.12769735029003,69759.0,1.575999999999965,0.0,1.575999999999965,14.0,0.003989166476826803,1.575999999999965,0.0,0.0,1.0,1.0,-0.029164079648382822,0.0014001074322891327,0.015982147256480544,54.19044582566989,59.8897474593399,46.270772513864834,87.12769735029003,3.178639542276671,55.49904640813745,39.252036090584525,-0.03797468354429804,0.3878076921121932,0.01999999999998181,1.3559999999999945,0.14999999999997726,0.0,4605.0,4605.0,2021-11-04,2021-11-04 08:00:00,1.50436874762568,209.0,1.0,best_within_2.0d,4813.0,400.79,0.5832424107187206,4.3760036431226785,32.22527881040892,0.012230020343504162,2.285057100371749,15.890706319702602,0.006381710269403211,0.4929364202292669,5.6011759621451125,36.843533123028394,0.015614239272951093,2.82998018927445,22.52492113564669,0.007835530045022196,1.8630914826498424,0.00402220134195386,1.9444468750000041,16.553125,0.005470102952261012,1.0,0
4624.0,2021-11-04 09:40:00,394.49,395.0881,394.35,395.04,595579.0,2s,2s,0.0,sell,False,0.6972857142856891,4.163492493946733,28.239017640954685,0.011578080659927173,0.04954421921007063,-0.06313195967365151,-0.0383598500686162,-9.720514911570529e-05,61.406606147935584,62.884582325042935,49.96825009802852,88.71724677907176,595579.0,1.594099999999969,1.0,0.6999999999999886,16.0,0.001770806982038929,1.594099999999969,21.0,0.004051141821730366,1.0,2.5,0.04954421921007063,-0.0383598500686162,-0.06313195967365151,61.406606147935584,62.884582325042935,49.96825009802852,88.71724677907176,26.66122999915583,27.83948707854213,50.80733234652071,0.13942051763036106,0.1871687587168694,0.04809999999997672,0.13999999999998636,0.5500000000000114,1.0,4625.0,4625.0,2021-11-04,2021-11-04 09:40:00,1.0302754151478313,22.0,1.0,best_within_2.0d,4646.0,390.97,0.5832424107187206,4.3760036431226785,32.22527881040892,0.012230020343504162,2.285057100371749,15.890706319702602,0.006381710269403211,0.6972857142856891,0.6999999999999886,16.0,0.001770806982038929,1.594099999999969,21.0,0.004051141821730366,1.0,0.00402220134195386,1.9444468750000041,16.553125,0.005470102952261012,0.0,1
4625.0,2021-11-04 09:45:00,395.04,395.6605,395.03,395.58,881431.0,1,1,0.0,sell,False,0.3829777669633019,2.166499999999985,22.0,0.005505801867372781,0.17061751042796874,-0.04180477087015542,0.04350398434382896,0.00011022085716808633,70.32283945084164,73.71468564080658,57.88372861228787,105.376599697844,881431.0,2.166499999999985,2.0,2.166499999999985,22.0,0.005505801867372781,2.166499999999985,22.0,0.005505801867372781,1.0,1.0,0.17061751042796874,0.04350398434382896,-0.04180477087015542,70.32283945084164,73.71468564080658,57.88372861228787,105.376599697844,37.48212789035128,22.925602721491376,48.899460252920214,0.13669501822599323,0.15960813102803345,0.0805000000000291,0.010000000000047748,0.5399999999999636,1.0,4626.0,4626.0,2021-11-04,2021-11-04 09:45:00,1.1653774204964753,21.0,1.0,best_within_2.0d,4646.0,390.97,0.5832424107187206,4.3760036431226785,32.22527881040892,0.012230020343504162,2.285057100371749,15.890706319702602,0.006381710269403211,0.4929364202292669,5.6011759621451125,36.843533123028394,0.015614239272951093,2.82998018927445,22.52492113564669,0.007835530045022196,1.8630914826498424,0.00402220134195386,1.9444468750000041,16.553125,0.005470102952261012,0.0,1
4626.0,2021-11-04 09:50:00,395.56,396.0224,395.45,395.8996,484653.0,1,1,0.0,sell,False,0.6265159543054433,2.5283999999999764,23.0,0.00642551093536363,0.2791143548999532,-0.006915476507661273,0.1326417009423153,0.0003359827117724194,74.13199786630861,80.52947586606815,65.43231103021462,110.72380553777523,484653.0,2.5283999999999764,2.0,2.5283999999999764,23.0,0.00642551093536363,2.5283999999999764,23.0,0.00642551093536363,1.0,1.0,0.2791143548999532,0.1326417009423153,-0.006915476507661273,74.13199786630861,80.52947586606815,65.43231103021462,110.72380553777523,42.31063160260688,16.857720836143123,48.47934012436318,0.0858529679441851,0.14474649133898496,0.12279999999998381,0.11000000000001364,0.33960000000001855,1.0,4627.0,4627.0,2021-11-04,2021-11-04 09:50:00,1.245164177988559,20.0,1.0,best_within_2.0d,4646.0,390.97,0.5832424107187206,4.3760036431226785,32.22527881040892,0.012230020343504162,2.285057100371749,15.890706319702602,0.006381710269403211,0.4929364202292669,5.6011759621451125,36.843533123028394,0.015614239272951093,2.82998018927445,22.52492113564669,0.007835530045022196,1.8630914826498424,0.00402220134195386,1.9444468750000041,16.553125,0.005470102952261012,0.0,1
4627.0,2021-11-04 09:55:00,395.89,396.22,395.87,396.06,428439.0,1,1,0.0,sell,False,0.7925552099541553,2.725999999999999,24.0,0.006927678693957212,0.3530852400944755,0.03722017850414817,0.2137627985513859,0.0005413339658241077,75.81011679623862,84.70080999766827,71.85514401936584,110.39214195427314,428439.0,2.725999999999999,2.0,2.725999999999999,24.0,0.006927678693957212,2.725999999999999,24.0,0.006927678693957212,1.0,1.0,0.3530852400944755,0.2137627985513859,0.03722017850414817,75.81011679623862,84.70080999766827,71.85514401936584,110.39214195427314,43.80039224231895,16.34342994116386,48.27739968069748,0.04294122104625424,0.08841286280850348,0.160000000000025,0.01999999999998181,0.17000000000001592,1.0,4628.0,4628.0,2021-11-04,2021-11-04 09:55:00,1.2851588143210562,19.0,1.0,best_within_2.0d,4646.0,390.97,0.5832424107187206,4.3760036431226785,32.22527881040892,0.012230020343504162,2.285057100371749,15.890706319702602,0.006381710269403211,0.4929364202292669,5.6011759621451125,36.843533123028394,0.015614239272951093,2.82998018927445,22.52492113564669,0.007835530045022196,1.8630914826498424,0.00402220134195386,1.9444468750000041,16.553125,0.005470102952261012,0.0,1
4628.0,2021-11-04 10:00:00,396.09,396.41,395.84,396.251,407072.0,1,1,0.0,sell,False,0.908276014793733,2.915999999999997,25.0,0.0074105323079894396,0.4046391352017647,0.08780007040436874,0.2901196380052511,0.0007345117156003537,77.66793185756343,87.67202594221996,77.12743799365055,108.76120183935876,407072.0,2.915999999999997,2.0,2.915999999999997,25.0,0.0074105323079894396,2.915999999999997,25.0,0.0074105323079894396,1.0,1.0,0.4046391352017647,0.2901196380052511,0.08780007040436874,77.66793185756343,87.67202594221996,77.12743799365055,108.76120183935876,42.1865715983364,14.854426619132566,48.251633036838136,0.040647327627559744,0.1439975747777006,0.15900000000004866,0.25,0.16100000000000136,1.0,4629.0,4629.0,2021-11-04,2021-11-04 10:00:00,1.3327411161107352,18.0,1.0,best_within_2.0d,4646.0,390.97,0.5832424107187206,4.3760036431226785,32.22527881040892,0.012230020343504162,2.285057100371749,15.890706319702602,0.006381710269403211,0.4929364202292669,5.6011759621451125,36.843533123028394,0.015614239272951093,2.82998018927445,22.52492113564669,0.007835530045022196,1.8630914826498424,0.00402220134195386,1.9444468750000041,16.553125,0.005470102952261012,0.0,1
4630.0,2021-11-04 10:10:00,396.11,396.87,396.11,396.87,446718.0,1,1,0.0,sell,False,1.0394773680046954,3.3759999999999764,27.0,0.008579546320909534,0.46308965160437016,0.19488503498923057,0.42642986079141565,0.001079026475846627,79.55730865855992,91.66503250265511,84.27777188783698,106.43955373229139,446718.0,3.3759999999999764,2.0,3.3759999999999764,27.0,0.008579546320909534,3.3759999999999764,27.0,0.008579546320909534,1.0,1.0,0.46308965160437016,0.42642986079141565,0.19488503498923057,79.55730865855992,91.66503250265511,84.27777188783698,106.43955373229139,42.440430764013044,12.71940981938425,48.595195255767706,0.19186589583701266,0.19186589583701266,0.0,0.0,0.7599999999999909,1.0,4631.0,4631.0,2021-11-04,2021-11-04 10:10:00,1.4866329024617577,16.0,1.0,best_within_2.0d,4646.0,390.97,0.5832424107187206,4.3760036431226785,32.22527881040892,0.012230020343504162,2.285057100371749,15.890706319702602,0.006381710269403211,0.4929364202292669,5.6011759621451125,36.843533123028394,0.015614239272951093,2.82998018927445,22.52492113564669,0.007835530045022196,1.8630914826498424,0.00402220134195386,1.9444468750000041,16.553125,0.005470102952261012,0.0,1
4631.0,2021-11-04 10:15:00,396.85,397.1895,396.77,396.98,499409.0,1,1,0.0,sell,False,1.106304161851353,3.6954999999999814,28.0,0.00939150279292691,0.49286114796659,0.25649267848505436,0.5029232524683493,0.0012721585197810745,80.31590444700244,92.16828305737097,86.90794227768164,102.68896461674964,499409.0,3.6954999999999814,2.0,3.6954999999999814,28.0,0.00939150279292691,3.6954999999999814,28.0,0.00939150279292691,1.0,1.0,0.49286114796659,0.5029232524683493,0.25649267848505436,80.31590444700244,92.16828305737097,86.90794227768164,102.68896461674964,45.841455490578376,12.183235867446157,49.2674469464252,0.032757969005920484,0.10572875973486598,0.20949999999999136,0.08000000000004093,0.12999999999999545,1.0,4632.0,4632.0,2021-11-04,2021-11-04 10:15:00,1.513930172804673,15.0,1.0,best_within_2.0d,4646.0,390.97,0.5832424107187206,4.3760036431226785,32.22527881040892,0.012230020343504162,2.285057100371749,15.890706319702602,0.006381710269403211,0.4929364202292669,5.6011759621451125,36.843533123028394,0.015614239272951093,2.82998018927445,22.52492113564669,0.007835530045022196,1.8630914826498424,0.00402220134195386,1.9444468750000041,16.553125,0.005470102952261012,0.0,1
4632.0,2021-11-04 10:20:00,397.0,397.22,396.87,397.1,476002.0,1,1,0.0,sell,False,1.114077523286355,3.725999999999999,29.0,0.00946901350465318,0.49632419906277814,0.31853320336790164,0.5666953028992907,0.0014329966377823631,81.13820144069373,93.38512714858408,89.06700390131579,102.02137364312068,476002.0,3.725999999999999,2.0,3.725999999999999,29.0,0.00946901350465318,3.725999999999999,29.0,0.00946901350465318,1.0,1.0,0.49632419906277814,0.5666953028992907,0.31853320336790164,81.13820144069373,93.38512714858408,89.06700390131579,102.02137364312068,43.237511781338156,11.781338360037411,49.83216127435725,0.025188916876580036,0.08819008743417812,0.12000000000000455,0.12999999999999545,0.10000000000002274,1.0,4633.0,4633.0,2021-11-04,2021-11-04 10:20:00,1.5436917652984123,14.0,1.0,best_within_2.0d,4646.0,390.97,0.5832424107187206,4.3760036431226785,32.22527881040892,0.012230020343504162,2.285057100371749,15.890706319702602,0.006381710269403211,0.4929364202292669,5.6011759621451125,36.843533123028394,0.015614239272951093,2.82998018927445,22.52492113564669,0.007835530045022196,1.8630914826498424,0.00402220134195386,1.9444468750000041,16.553125,0.005470102952261012,0.0,1
4633.0,2021-11-04 10:25:00,397.1,397.32,397.045,397.26,311949.0,1,1,0.0,sell,False,1.1140775232862878,3.825999999999965,30.0,0.009723146985722691,0.4870902773444029,0.379419488035952,0.6229646267081534,0.001574753866462572,82.20558468386665,94.71672232030784,90.95024337431313,102.24968021229725,311949.0,3.825999999999965,2.0,3.825999999999965,30.0,0.009723146985722691,3.825999999999965,30.0,0.009723146985722691,1.0,1.0,0.4870902773444029,0.6229646267081534,0.379419488035952,82.20558468386665,94.71672232030784,90.95024337431313,102.24968021229725,44.56334947664373,7.96750507733137,51.248823148281325,0.040292117854436704,0.06926167059148894,0.060000000000002274,0.05500000000000682,0.15999999999996817,1.0,4634.0,4634.0,2021-11-04,2021-11-04 10:25:00,1.5833459195489008,13.0,1.0,best_within_2.0d,4646.0,390.97,0.5832424107187206,4.3760036431226785,32.22527881040892,0.012230020343504162,2.285057100371749,15.890706319702602,0.006381710269403211,0.4929364202292669,5.6011759621451125,36.843533123028394,0.015614239272951093,2.82998018927445,22.52492113564669,0.007835530045022196,1.8630914826498424,0.00402220134195386,1.9444468750000041,16.553125,0.005470102952261012,0.0,1
4634.0,2021-11-04 10:30:00,397.26,397.76,397.2176,397.62,564834.0,1,1,0.0,sell,False,1.1140775232862812,4.265999999999963,31.0,0.010841334302428913,0.49479908473872103,0.44126937362829216,0.6886689159976527,0.001740183825663512,84.35134624461419,94.4576128600034,92.11936653620988,99.13410550759042,564834.0,4.265999999999963,2.0,4.265999999999963,31.0,0.010841334302428913,4.265999999999963,31.0,0.010841334302428913,1.0,1.0,0.49479908473872103,0.6886689159976527,0.44126937362829216,84.35134624461419,94.4576128600034,92.11936653620988,99.13410550759042,48.18245675651903,6.731641642520166,52.9798365895315,0.0906207521522463,0.1365498406918491,0.13999999999998636,0.04239999999998645,0.36000000000001364,1.0,4635.0,4635.0,2021-11-04,2021-11-04 10:30:00,1.6724510839494937,12.0,1.0,best_within_2.0d,4646.0,390.97,0.5832424107187206,4.3760036431226785,32.22527881040892,0.012230020343504162,2.285057100371749,15.890706319702602,0.006381710269403211,0.4929364202292669,5.6011759621451125,36.843533123028394,0.015614239272951093,2.82998018927445,22.52492113564669,0.007835530045022196,1.8630914826498424,0.00402220134195386,1.9444468750000041,16.553125,0.005470102952261012,0.0,1
4635.0,2021-11-04 10:35:00,397.63,397.7986,397.5766,397.61,444691.0,1,1,0.0,sell,False,1.1140775232860853,4.3045999999999935,32.0,0.010939429826121855,0.46437033965704977,0.49931566608542344,0.7315008359139483,0.0018477699018064975,84.04816094775073,93.0952995498834,92.44467754076771,94.3965435681148,444691.0,4.3045999999999935,2.0,4.3045999999999935,32.0,0.010939429826121855,4.3045999999999935,32.0,0.010939429826121855,1.0,1.0,0.46437033965704977,0.7315008359139483,0.49931566608542344,84.04816094775073,93.0952995498834,92.44467754076771,94.3965435681148,47.7354889088123,6.6518205743698084,54.59121047716921,-0.005029801574323318,0.05583829631825335,0.16860000000002628,0.03340000000002874,0.01999999999998181,0.0,4636.0,4636.0,2021-11-04,2021-11-04 10:35:00,1.6699781192625904,11.0,1.0,best_within_2.0d,4646.0,390.97,0.5832424107187206,4.3760036431226785,32.22527881040892,0.012230020343504162,2.285057100371749,15.890706319702602,0.006381710269403211,0.4929364202292669,5.6011759621451125,36.843533123028394,0.015614239272951093,2.82998018927445,22.52492113564669,0.007835530045022196,1.8630914826498424,0.00402220134195386,1.9444468750000041,16.553125,0.005470102952261012,0.0,1
4637.0,2021-11-04 10:45:00,397.58,398.13,397.5798,398.125,531517.0,1,1,0.0,sell,False,1.1140775232858338,4.635999999999967,34.0,0.011781628182386433,0.41011113813017674,0.6014227317096112,0.8064783007746996,0.0020357139365482827,85.96436777482542,94.25818979506921,92.84066046350901,97.09324845818963,531517.0,4.635999999999967,2.0,4.635999999999967,34.0,0.011781628182386433,4.635999999999967,34.0,0.011781628182386433,1.0,1.0,0.41011113813017674,0.8064783007746996,0.6014227317096112,85.96436777482542,94.25818979506921,92.84066046350901,97.09324845818963,54.93204001581154,1.1645939124879554,60.2490917531533,0.13707932994617836,0.13838731243388575,0.0049999999999954525,0.0002000000000066393,0.5450000000000159,1.0,4638.0,4638.0,2021-11-04,2021-11-04 10:45:00,1.7971742543171045,9.0,1.0,best_within_2.0d,4646.0,390.97,0.5832424107187206,4.3760036431226785,32.22527881040892,0.012230020343504162,2.285057100371749,15.890706319702602,0.006381710269403211,0.4929364202292669,5.6011759621451125,36.843533123028394,0.015614239272951093,2.82998018927445,22.52492113564669,0.007835530045022196,1.8630914826498424,0.00402220134195386,1.9444468750000041,16.553125,0.005470102952261012,0.0,1
4638.0,2021-11-04 10:50:00,398.1287,398.135,397.61,397.71,445065.0,1,1,0.0,sell,False,1.1140775232859048,4.640999999999963,35.0,0.011794334856439902,0.3267872488256789,0.6422711378128211,0.8056647622256605,0.002033073027166902,74.78935495230036,89.17624175638332,91.61918756113377,84.29035014688242,445065.0,4.640999999999963,2.0,4.640999999999963,35.0,0.011794334856439902,4.640999999999963,35.0,0.011794334856439902,1.0,1.0,0.3267872488256789,0.8056647622256605,0.6422711378128211,74.78935495230036,89.17624175638332,91.61918756113377,84.29035014688242,49.62053957230144,1.2035887685995739,62.75013599389081,-0.10516699750608315,0.13203893262241323,0.006300000000010186,0.0999999999999659,0.4187000000000012,0.0,4639.0,4639.0,2021-11-04,2021-11-04 10:50:00,1.694702169922796,8.0,1.0,best_within_2.0d,4646.0,390.97,0.5832424107187206,4.3760036431226785,32.22527881040892,0.012230020343504162,2.285057100371749,15.890706319702602,0.006381710269403211,0.4929364202292669,5.6011759621451125,36.843533123028394,0.015614239272951093,2.82998018927445,22.52492113564669,0.007835530045022196,1.8630914826498424,0.00402220134195386,1.9444468750000041,16.553125,0.005470102952261012,1.0,1
4646.0,2021-11-04 11:30:00,396.13,396.525,395.985,396.27,580484.0,2,2,1.0,buy,False,0.4632622279681091,4.163492493946733,28.239017640954685,0.011578080659927173,-0.44884962588828525,0.5197017745145796,0.2952769615704369,0.0007446396172935346,46.18968706274765,14.892395020136055,26.614808896449222,-8.552432732490281,580484.0,2.1499999999999773,1.0,4.640999999999963,35.0,0.011794334856439902,2.1499999999999773,9.0,0.005400178331470424,2.0,2.0,-0.44884962588828525,0.2952769615704369,0.5197017745145796,46.18968706274765,14.892395020136055,26.614808896449222,-8.552432732490281,22.22380072926996,29.227636501397225,51.43873225235524,0.0353419332037428,0.13636880184854566,0.25499999999999545,0.1449999999999818,0.13999999999998636,1.0,4647.0,4647.0,2021-11-04,2021-11-04 11:30:00,1.1406364347540916,167.0,1.0,best_within_2.0d,4813.0,400.79,0.4632622279681091,4.640999999999963,35.0,0.011794334856439902,2.1499999999999773,9.0,0.005400178331470424,0.4929364202292669,5.6011759621451125,36.843533123028394,0.015614239272951093,2.82998018927445,22.52492113564669,0.007835530045022196,1.8630914826498424,0.00402220134195386,1.9444468750000041,16.553125,0.005470102952261012,1.0,0
4646.0,2021-11-04 11:30:00,395.3,395.3,395.12,395.12,8565.0,1p,1p,0.0,sell,False,2.765332887052384,6.28000000000003,76.0,0.01614312888797499,0.09310775819406836,0.3430330182241463,0.38958689732118046,0.000987904109737946,81.44732002927913,91.70849202016673,94.0514498971461,87.022576266208,8565.0,6.28000000000003,0.0,6.28000000000003,76.0,0.01614312888797499,6.28000000000003,0.0,0.0,1.0,1.0,0.09310775819406836,0.38958689732118046,0.3430330182241463,81.44732002927913,91.70849202016673,94.0514498971461,87.022576266208,49.565217391304756,6.9565217391313166,68.02072039388551,-0.0455350366810035,0.045555780522374675,0.0,0.0,0.18000000000000682,0.0,4647.0,4647.0,2021-11-04,2021-11-04 11:30:00,1.1406364347540916,167.0,1.0,best_within_2.0d,4813.0,400.79,0.5832424107187206,4.3760036431226785,32.22527881040892,0.012230020343504162,2.285057100371749,15.890706319702602,0.006381710269403211,0.4929364202292669,5.6011759621451125,36.843533123028394,0.015614239272951093,2.82998018927445,22.52492113564669,0.007835530045022196,1.8630914826498424,0.00402220134195386,1.9444468750000041,16.553125,0.005470102952261012,0.0,1
4646.0,2021-11-04 11:30:00,389.46,389.7,389.46,389.58,13185.0,1,1,0.0,sell,False,0.34536706912422,1.089999999999975,17.0,0.002804868634363436,0.040395339656120355,0.1401054596843254,0.16030312951238557,0.00041190636615306156,72.6288864155876,77.71638320589683,74.40068581960202,84.34777797848648,13185.0,1.089999999999975,1.0,1.089999999999975,17.0,0.002804868634363436,1.089999999999975,17.0,0.002804868634363436,1.0,1.0,0.040395339656120355,0.16030312951238557,0.1401054596843254,72.6288864155876,77.71638320589683,74.40068581960202,84.34777797848648,40.80000000000011,25.599999999997124,37.64363861068943,0.030811893390850036,0.06162378678170007,0.12000000000000455,0.0,0.12000000000000455,1.0,4647.0,4647.0,2021-11-04,2021-11-04 11:30:00,1.1406364347540916,167.0,1.0,best_within_2.0d,4813.0,400.79,0.5832424107187206,4.3760036431226785,32.22527881040892,0.012230020343504162,2.285057100371749,15.890706319702602,0.006381710269403211,0.4929364202292669,5.6011759621451125,36.843533123028394,0.015614239272951093,2.82998018927445,22.52492113564669,0.007835530045022196,1.8630914826498424,0.00402220134195386,1.9444468750000041,16.553125,0.005470102952261012,0.0,1
4646.0,2021-11-04 11:30:00,389.29,391.28,389.02,390.97,1763457.0,2,2,1.0,buy,False,0.5609756097561134,4.163492493946733,28.239017640954685,0.011578080659927173,0.143811174271393,0.08906892425601776,0.16097451139171426,0.0004132391150624711,76.92943737370766,58.62361036283281,57.901616122999286,60.06759884249985,1763457.0,0.6899999999999977,1.0,1.2299999999999613,33.0,0.003166186161449653,0.6899999999999977,17.0,0.0017705473300659406,2.0,2.0,0.143811174271393,0.16097451139171426,0.08906892425601776,76.92943737370766,58.62361036283281,57.901616122999286,60.06759884249985,46.06995110943694,18.014291086873744,29.404846562699895,0.4315548819646039,0.5809469950131075,0.30999999999994543,0.27000000000003865,1.6800000000000068,1.0,4647.0,4647.0,2021-11-04,2021-11-04 11:30:00,1.1406364347540916,167.0,1.0,best_within_2.0d,4813.0,400.79,0.5609756097561134,1.2299999999999613,33.0,0.003166186161449653,0.6899999999999977,17.0,0.0017705473300659406,0.4929364202292669,5.6011759621451125,36.843533123028394,0.015614239272951093,2.82998018927445,22.52492113564669,0.007835530045022196,1.8630914826498424,0.00402220134195386,1.9444468750000041,16.553125,0.005470102952261012,1.0,0
4656.0,2021-11-04 12:20:00,397.81,397.98,397.3486,397.45,335473.0,2,2,0.0,sell,False,0.927906976744198,4.163492493946733,28.239017640954685,0.011578080659927173,0.07206703598999753,0.299409623946313,0.33544314194131175,0.000845145689280215,59.00705581644262,79.55161181098951,71.94738376555145,94.76006790186563,335473.0,1.9950000000000045,1.0,2.1499999999999773,9.0,0.005400178331470424,1.9950000000000045,11.0,0.005038069623849399,2.0,2.0,0.07206703598999753,0.33544314194131175,0.299409623946313,59.00705581644262,79.55161181098951,71.94738376555145,94.76006790186563,20.858551563284852,25.18969029553305,34.675041204845414,-0.09049546265805626,0.1589032904608301,0.17000000000001592,0.10140000000001237,0.36000000000001364,0.0,4657.0,4657.0,2021-11-04,2021-11-04 12:20:00,0.29689269090451803,167.0,1.0,best_within_2.0d,4823.0,396.27,0.927906976744198,2.1499999999999773,9.0,0.005400178331470424,1.9950000000000045,11.0,0.005038069623849399,0.4929364202292669,5.6011759621451125,36.843533123028394,0.015614239272951093,2.82998018927445,22.52492113564669,0.007835530045022196,1.8630914826498424,0.00402220134195386,1.9444468750000041,16.553125,0.005470102952261012,1.0,1
4672.0,2021-11-04 13:40:00,397.93,398.29,397.91,398.27,283196.0,1,1,0.0,sell,False,0.1437217733203368,1.3000000000000114,9.0,0.003274641678631732,0.07133259403109832,0.24642218155895876,0.2820884785745079,0.0007097687830220746,66.44144152457343,90.28099022879692,83.06427817561433,104.71441433516213,283196.0,1.3000000000000114,3.0,1.3000000000000114,9.0,0.003274641678631732,1.3000000000000114,9.0,0.003274641678631732,1.0,1.0,0.07133259403109832,0.2820884785745079,0.24642218155895876,66.44144152457343,90.28099022879692,83.06427817561433,104.71441433516213,20.48398091342933,10.224948875255945,24.32306806743792,0.08544216319452541,0.09549898218189928,0.020000000000038654,0.01999999999998181,0.339999999999975,1.0,4673.0,4673.0,2021-11-04,2021-11-04 13:40:00,0.5021718934391242,151.0,1.0,best_within_2.0d,4823.0,396.27,0.5832424107187206,4.3760036431226785,32.22527881040892,0.012230020343504162,2.285057100371749,15.890706319702602,0.006381710269403211,0.4929364202292669,5.6011759621451125,36.843533123028394,0.015614239272951093,2.82998018927445,22.52492113564669,0.007835530045022196,1.8630914826498424,0.00402220134195386,1.9444468750000041,16.553125,0.005470102952261012,0.0,1
4673.0,2021-11-04 13:45:00,398.28,398.49,398.19,398.2369,217954.0,1,1,0.0,sell,False,0.18074059585757732,1.5,10.0,0.003778432706113504,0.08970593147714134,0.2576354229936014,0.3024883887321721,0.0007609839974906514,65.6040471527337,87.8584677587949,84.66234137000785,94.25072053636899,217954.0,1.5,3.0,1.5,10.0,0.003778432706113504,1.5,10.0,0.003778432706113504,1.0,1.0,0.08970593147714134,0.3024883887321721,0.2576354229936014,65.6040471527337,87.8584677587949,84.66234137000785,94.25072053636899,22.943875750088367,10.589481115425592,25.217285009989293,-0.010821532590132889,0.07534091765237987,0.21000000000003638,0.046899999999993724,0.043099999999981264,0.0,4674.0,4674.0,2021-11-04,2021-11-04 13:45:00,0.4939019965251863,150.0,1.0,best_within_2.0d,4823.0,396.27,0.5832424107187206,4.3760036431226785,32.22527881040892,0.012230020343504162,2.285057100371749,15.890706319702602,0.006381710269403211,0.4929364202292669,5.6011759621451125,36.843533123028394,0.015614239272951093,2.82998018927445,22.52492113564669,0.007835530045022196,1.8630914826498424,0.00402220134195386,1.9444468750000041,16.553125,0.005470102952261012,0.0,1
4675.0,2021-11-04 13:55:00,398.29,398.67,398.26,398.55,188585.0,1,1,0.0,sell,False,0.2549489752396315,1.6800000000000068,12.0,0.004231844630847142,0.12653734593768617,0.28561795460483375,0.34888662757367683,0.0008774192765163121,69.74601450774537,87.13892760122208,85.74483617614194,89.92711045138236,188585.0,1.6800000000000068,3.0,1.6800000000000068,12.0,0.004231844630847142,1.6800000000000068,12.0,0.004231844630847142,1.0,1.0,0.12653734593768617,0.34888662757367683,0.28561795460483375,69.74601450774537,87.13892760122208,85.74483617614194,89.92711045138236,32.035485460818805,11.425243066446429,27.229750497574695,0.06527906801576512,0.10294782303018758,0.12000000000000455,0.03000000000002956,0.2599999999999909,1.0,4676.0,4676.0,2021-11-04,2021-11-04 13:55:00,0.5720737674068572,148.0,1.0,best_within_2.0d,4823.0,396.27,0.5832424107187206,4.3760036431226785,32.22527881040892,0.012230020343504162,2.285057100371749,15.890706319702602,0.006381710269403211,0.4929364202292669,5.6011759621451125,36.843533123028394,0.015614239272951093,2.82998018927445,22.52492113564669,0.007835530045022196,1.8630914826498424,0.00402220134195386,1.9444468750000041,16.553125,0.005470102952261012,1.0,1
4680.0,2021-11-04 14:20:00,398.45,398.8,398.34,398.79,222013.0,1,1,0.0,sell,False,0.2549489752396315,1.8100000000000023,17.0,0.004559308798710301,0.08526398839049609,0.3180596347212789,0.36069162891652695,0.0009065523080687033,65.5127827431454,81.50487843844292,75.74673488443688,93.021165546455,222013.0,1.8100000000000023,3.0,1.8100000000000023,17.0,0.004559308798710301,1.8100000000000023,17.0,0.004559308798710301,1.0,1.0,0.08526398839049609,0.36069162891652695,0.3180596347212789,65.5127827431454,81.50487843844292,75.74673488443688,93.021165546455,31.666497410380458,15.943942317456111,27.99716523253938,0.08533065629314389,0.1154792388412001,0.009999999999990905,0.11000000000001364,0.34000000000003183,1.0,4681.0,4681.0,2021-11-04,2021-11-04 14:20:00,0.6319115323854757,143.0,1.0,best_within_2.0d,4823.0,396.27,0.5832424107187206,4.3760036431226785,32.22527881040892,0.012230020343504162,2.285057100371749,15.890706319702602,0.006381710269403211,0.4929364202292669,5.6011759621451125,36.843533123028394,0.015614239272951093,2.82998018927445,22.52492113564669,0.007835530045022196,1.8630914826498424,0.00402220134195386,1.9444468750000041,16.553125,0.005470102952261012,0.0,1
4681.0,2021-11-04 14:25:00,398.79,398.97,398.68,398.74,282531.0,1,1,0.0,sell,False,0.2549489752396315,1.9800000000000182,18.0,0.004987531172069871,0.09023428287430457,0.329338920080567,0.37445606151771926,0.0009409953556113302,64.4507112291792,81.43685662833823,77.64344213240399,89.02368562020672,282531.0,1.9800000000000182,3.0,1.9800000000000182,18.0,0.004987531172069871,1.9800000000000182,18.0,0.004987531172069871,1.0,1.0,0.09023428287430457,0.37445606151771926,0.329338920080567,64.4507112291792,81.43685662833823,77.64344213240399,89.02368562020672,34.86510464975773,15.828527644472064,28.679668113118208,-0.012537927229873208,0.07274004213906403,0.18000000000000682,0.060000000000002274,0.05000000000001137,0.0,4682.0,4682.0,2021-11-04,2021-11-04 14:25:00,0.6194512715052484,142.0,1.0,best_within_2.0d,4823.0,396.27,0.5832424107187206,4.3760036431226785,32.22527881040892,0.012230020343504162,2.285057100371749,15.890706319702602,0.006381710269403211,0.4929364202292669,5.6011759621451125,36.843533123028394,0.015614239272951093,2.82998018927445,22.52492113564669,0.007835530045022196,1.8630914826498424,0.00402220134195386,1.9444468750000041,16.553125,0.005470102952261012,0.0,1
4683.0,2021-11-04 14:35:00,398.68,399.04,398.67,398.91,196516.0,1,1,0.0,sell,False,0.2549489752396315,2.0500000000000114,20.0,0.005163858031688484,0.08390089884961438,0.34903651042179307,0.39098695984660026,0.0009822346438181605,65.91563816916779,82.99632652316389,79.83908085206653,89.31081786535862,196516.0,2.0500000000000114,3.0,2.0500000000000114,20.0,0.005163858031688484,2.0500000000000114,20.0,0.005163858031688484,1.0,1.0,0.08390089884961438,0.39098695984660026,0.34903651042179307,65.91563816916779,82.99632652316389,79.83908085206653,89.31081786535862,36.08139090561945,17.481849445929633,29.251363222319448,0.05769037824822368,0.092808588556953,0.12999999999999545,0.009999999999990905,0.2300000000000182,1.0,4684.0,4684.0,2021-11-04,2021-11-04 14:35:00,0.6618034143039891,140.0,1.0,best_within_2.0d,4823.0,396.27,0.5832424107187206,4.3760036431226785,32.22527881040892,0.012230020343504162,2.285057100371749,15.890706319702602,0.006381710269403211,0.4929364202292669,5.6011759621451125,36.843533123028394,0.015614239272951093,2.82998018927445,22.52492113564669,0.007835530045022196,1.8630914826498424,0.00402220134195386,1.9444468750000041,16.553125,0.005470102952261012,0.0,1
4684.0,2021-11-04 14:40:00,398.9077,399.05,398.88,399.0,212897.0,1,1,0.0,sell,False,0.2549489752396315,2.0600000000000023,21.0,0.005189047583062551,0.09103202787446862,0.36041551390610166,0.40593152784333597,0.0010195996659658907,66.9947899328342,87.39195305106571,82.35670491839959,97.462449316398,212897.0,2.0600000000000023,3.0,2.0600000000000023,21.0,0.005189047583062551,2.0600000000000023,21.0,0.005189047583062551,1.0,1.0,0.09103202787446862,0.40593152784333597,0.36041551390610166,66.9947899328342,87.39195305106571,82.35670491839959,97.462449316398,32.61544431509772,17.753201396972333,29.26961825959862,0.023138184597595614,0.042619334135583616,0.05000000000001137,0.027699999999981628,0.09230000000002292,1.0,4685.0,4685.0,2021-11-04,2021-11-04 14:40:00,0.684210526315794,139.0,1.0,best_within_2.0d,4823.0,396.27,0.5832424107187206,4.3760036431226785,32.22527881040892,0.012230020343504162,2.285057100371749,15.890706319702602,0.006381710269403211,0.4929364202292669,5.6011759621451125,36.843533123028394,0.015614239272951093,2.82998018927445,22.52492113564669,0.007835530045022196,1.8630914826498424,0.00402220134195386,1.9444468750000041,16.553125,0.005470102952261012,0.0,1
4685.0,2021-11-04 14:45:00,399.01,399.2,398.94,398.99,278312.0,1,1,0.0,sell,False,0.2549489752396315,2.2099999999999795,22.0,0.005566890853673844,0.08288159990743749,0.37077571389453134,0.4122165138482501,0.0010352200352223703,66.74193680100583,86.80011481943234,83.83784155207717,92.72466135414268,278312.0,2.2099999999999795,3.0,2.2099999999999795,22.0,0.005566890853673844,2.2099999999999795,22.0,0.005566890853673844,1.0,1.0,0.08288159990743749,0.4122165138482501,0.37077571389453134,66.74193680100583,86.80011481943234,83.83784155207717,92.72466135414268,36.15718799368291,16.488941548182595,29.84745551498178,-0.0050124057041131325,0.06517270767533737,0.18999999999999773,0.05000000000001137,0.01999999999998181,0.0,4686.0,4686.0,2021-11-04,2021-11-04 14:45:00,0.681721346399666,138.0,1.0,best_within_2.0d,4823.0,396.27,0.5832424107187206,4.3760036431226785,32.22527881040892,0.012230020343504162,2.285057100371749,15.890706319702602,0.006381710269403211,0.4929364202292669,5.6011759621451125,36.843533123028394,0.015614239272951093,2.82998018927445,22.52492113564669,0.007835530045022196,1.8630914826498424,0.00402220134195386,1.9444468750000041,16.553125,0.005470102952261012,0.0,1
4686.0,2021-11-04 14:50:00,399.0,399.2,398.69,398.7381,243519.0,1,1,0.0,sell,False,0.2549489752396315,2.2099999999999795,23.0,0.005566890853673844,0.034516357286633714,0.37509025855536055,0.3923484371986774,0.0009852242801573592,60.54316978620515,76.6749193135834,81.45020080591257,67.12435632892505,243519.0,2.2099999999999795,3.0,2.2099999999999795,23.0,0.005566890853673844,2.2099999999999795,23.0,0.005566890853673844,1.0,1.0,0.034516357286633714,0.3923484371986774,0.37509025855536055,60.54316978620515,76.6749193135834,81.45020080591257,67.12435632892505,30.053908355796498,20.889487870619256,29.00045283458464,-0.06563909774436731,0.1279189345105197,0.19999999999998863,0.04809999999997672,0.26190000000002556,0.0,4687.0,4687.0,2021-11-04,2021-11-04 14:50:00,0.6189777199620484,137.0,1.0,best_within_2.0d,4823.0,396.27,0.5832424107187206,4.3760036431226785,32.22527881040892,0.012230020343504162,2.285057100371749,15.890706319702602,0.006381710269403211,0.4929364202292669,5.6011759621451125,36.843533123028394,0.015614239272951093,2.82998018927445,22.52492113564669,0.007835530045022196,1.8630914826498424,0.00402220134195386,1.9444468750000041,16.553125,0.005470102952261012,1.0,1
4691.0,2021-11-04 15:15:00,397.49,397.49,396.99,397.06,211228.0,2s,2s,1.0,buy,False,0.24671407024348008,4.163492493946733,28.239017640954685,0.011578080659927173,-0.11667872968651194,0.26060431154551345,0.20226494670225748,0.0005093434079032311,49.474552936235874,32.12184317784216,45.742553049548164,4.880423434430156,211228.0,0.9900000000000091,1.0,4.640999999999963,35.0,0.011794334856439902,0.9900000000000091,9.0,0.0024875621890547493,1.0,2.5,-0.11667872968651194,0.20226494670225748,0.26060431154551345,49.474552936235874,32.12184317784216,45.742553049548164,4.880423434430156,25.356680818498518,17.492392631329988,29.262939252688142,-0.108178822108734,0.12594775687045015,0.0,0.06999999999999318,0.4300000000000068,0.0,4692.0,4692.0,2021-11-04,2021-11-04 15:15:00,0.9394046239863039,122.0,1.0,best_within_2.0d,4813.0,400.79,0.5832424107187206,4.3760036431226785,32.22527881040892,0.012230020343504162,2.285057100371749,15.890706319702602,0.006381710269403211,0.24671407024348008,4.640999999999963,35.0,0.011794334856439902,0.9900000000000091,9.0,0.0024875621890547493,1.0,0.00402220134195386,1.9444468750000041,16.553125,0.005470102952261012,0.0,0
4695.0,2021-11-04 15:35:00,398.19,398.19,397.67,397.69,401197.0,2s,2s,1.0,buy,False,0.1001939237233309,4.163492493946733,28.239017640954685,0.011578080659927173,-0.23721722667878897,0.15109274458921101,0.03248413124981653,8.158680762154656e-05,41.742572315670714,20.225703229276846,28.826327290423166,3.024455106984206,401197.0,1.5299999999999727,1.0,4.640999999999963,35.0,0.011794334856439902,1.5299999999999727,10.0,0.0038326653306612543,2.0,2.5,-0.23721722667878897,0.03248413124981653,0.15109274458921101,41.742572315670714,20.225703229276846,28.826327290423166,3.024455106984206,10.648875386235053,31.93454281817945,26.36500267687344,-0.125568196087295,0.13076168682575548,0.0,0.01999999999998181,0.5,0.0,4696.0,4696.0,2021-11-04,2021-11-04 15:35:00,0.7795016218662835,118.0,1.0,best_within_2.0d,4813.0,400.79,0.5832424107187206,4.3760036431226785,32.22527881040892,0.012230020343504162,2.285057100371749,15.890706319702602,0.006381710269403211,0.1001939237233309,4.640999999999963,35.0,0.011794334856439902,1.5299999999999727,10.0,0.0038326653306612543,2.0,0.00402220134195386,1.9444468750000041,16.553125,0.005470102952261012,0.0,0
4696.0,2021-11-04 15:40:00,397.7,397.73,397.21,397.3906,487139.0,2s,2s,1.0,buy,False,0.19931049342814453,4.163492493946733,28.239017640954685,0.011578080659927173,-0.2952339802603846,0.11418849705666294,-0.03342849307352935,-8.397058632347546e-05,37.63727416793716,18.168627055575566,25.273760545473962,3.9583600757787707,487139.0,1.990000000000009,1.0,4.640999999999963,35.0,0.011794334856439902,1.990000000000009,11.0,0.004984969939879782,2.0,2.5,-0.2952339802603846,-0.03342849307352935,0.11418849705666294,37.63727416793716,18.168627055575566,25.273760545473962,3.9583600757787707,10.256026600165862,36.24272651704024,28.47370782525341,-0.07779733467437325,0.13091311900507002,0.03000000000002956,0.18060000000002674,0.30939999999998236,0.0,4697.0,4697.0,2021-11-04,2021-11-04 15:40:00,0.8554304002158114,117.0,1.0,best_within_2.0d,4813.0,400.79,0.5832424107187206,4.3760036431226785,32.22527881040892,0.012230020343504162,2.285057100371749,15.890706319702602,0.006381710269403211,0.19931049342814453,4.640999999999963,35.0,0.011794334856439902,1.990000000000009,11.0,0.004984969939879782,2.0,0.00402220134195386,1.9444468750000041,16.553125,0.005470102952261012,1.0,0
4700.0,2021-11-04 16:00:00,398.24,398.33,397.97,397.97,889094.0,2,2,0.0,sell,False,0.5628140703517585,4.163492493946733,28.239017640954685,0.011578080659927173,-0.10004718682075403,0.04404561446577729,-0.005977978944599727,-1.5015680294667802e-05,47.72148442156528,61.25404210273007,50.73223307711732,82.29766015395556,889094.0,1.1200000000000045,1.0,1.990000000000009,11.0,0.004984969939879782,1.1200000000000045,5.0,0.002819667178570541,2.0,2.0,-0.10004718682075403,-0.005977978944599727,0.04404561446577729,47.72148442156528,61.25404210273007,50.73223307711732,82.29766015395556,12.346724237677044,29.773243590286196,32.027004602063904,-0.06779831257532688,0.09045907983012709,0.08999999999997499,0.0,0.2699999999999818,0.0,4701.0,4701.0,2021-11-04,2021-11-04 16:00:00,0.42716787697566283,123.0,1.0,best_within_2.0d,4823.0,396.27,0.5628140703517585,1.990000000000009,11.0,0.004984969939879782,1.1200000000000045,5.0,0.002819667178570541,0.4929364202292669,5.6011759621451125,36.843533123028394,0.015614239272951093,2.82998018927445,22.52492113564669,0.007835530045022196,1.8630914826498424,0.00402220134195386,1.9444468750000041,16.553125,0.005470102952261012,1.0,1
4706.0,2021-11-04 16:30:00,398.19,398.43,398.19,398.39,38502.0,2,2,0.0,sell,False,0.6130653266331767,4.163492493946733,28.239017640954685,0.011578080659927173,0.017678923822954516,0.014127135998635538,0.022966597910112796,5.7685024017692905e-05,55.53787622995111,83.90318131584448,75.63340268791106,100.44273857171132,38502.0,1.2200000000000273,1.0,1.990000000000009,11.0,0.004984969939879782,1.2200000000000273,11.0,0.003071423176657253,2.0,2.0,0.017678923822954516,0.022966597910112796,0.014127135998635538,55.53787622995111,83.90318131584448,75.63340268791106,100.44273857171132,18.713360957817645,23.48717752869077,25.486962093571353,0.05022727843491515,0.060272734121903884,0.040000000000020464,0.0,0.19999999999998863,1.0,4707.0,4707.0,2021-11-04,2021-11-04 16:30:00,0.5321418710309006,117.0,1.0,best_within_2.0d,4823.0,396.27,0.6130653266331767,1.990000000000009,11.0,0.004984969939879782,1.2200000000000273,11.0,0.003071423176657253,0.4929364202292669,5.6011759621451125,36.843533123028394,0.015614239272951093,2.82998018927445,22.52492113564669,0.007835530045022196,1.8630914826498424,0.00402220134195386,1.9444468750000041,16.553125,0.005470102952261012,0.0,1
4707.0,2021-11-04 16:35:00,398.41,398.45,398.21,398.21,190809.0,2,2,0.0,sell,False,0.6231155778894489,4.163492493946733,28.239017640954685,0.011578080659927173,0.017684394725823678,0.016337685339363497,0.025179882702275336,6.324326645571278e-05,51.54044491316343,79.6302333270283,76.9656795676168,84.95934084585127,190809.0,1.240000000000009,1.0,1.990000000000009,11.0,0.004984969939879782,1.240000000000009,12.0,0.003121774376274538,2.0,2.0,0.017684394725823678,0.025179882702275336,0.016337685339363497,51.54044491316343,79.6302333270283,76.9656795676168,84.95934084585127,19.932627718310663,21.726564212960493,23.974051950866116,-0.05019954318416844,0.0602697069385523,0.03999999999996362,0.0,0.20000000000004547,0.0,4708.0,4708.0,2021-11-04,2021-11-04 16:35:00,0.48718013108661207,116.0,1.0,best_within_2.0d,4823.0,396.27,0.6231155778894489,1.990000000000009,11.0,0.004984969939879782,1.240000000000009,12.0,0.003121774376274538,0.4929364202292669,5.6011759621451125,36.843533123028394,0.015614239272951093,2.82998018927445,22.52492113564669,0.007835530045022196,1.8630914826498424,0.00402220134195386,1.9444468750000041,16.553125,0.005470102952261012,1.0,1
4729.0,2021-11-04 18:25:00,398.42,398.6,398.42,398.5,7432.0,2s,2s,0.0,sell,False,0.6984924623115764,4.163492493946733,28.239017640954685,0.011578080659927173,0.049255934170548396,0.014114059009279043,0.03874202609455324,9.729104925467749e-05,63.38503270712724,75.05031288242391,63.04055082688458,99.06983699350259,7432.0,0.6000000000000227,1.0,1.990000000000009,11.0,0.004984969939879782,0.6000000000000227,6.0,0.0015075376884422682,1.0,2.5,0.049255934170548396,0.03874202609455324,0.014114059009279043,63.38503270712724,75.05031288242391,63.04055082688458,99.06983699350259,57.39130434782729,21.739130434784112,25.288886742944154,0.02007931328748157,0.04517845489684424,0.10000000000002274,0.0,0.07999999999998408,1.0,4730.0,4730.0,2021-11-04,2021-11-04 18:25:00,0.5595984943538315,94.0,1.0,best_within_2.0d,4823.0,396.27,0.5832424107187206,4.3760036431226785,32.22527881040892,0.012230020343504162,2.285057100371749,15.890706319702602,0.006381710269403211,0.6984924623115764,1.990000000000009,11.0,0.004984969939879782,0.6000000000000227,6.0,0.0015075376884422682,1.0,0.00402220134195386,1.9444468750000041,16.553125,0.005470102952261012,1.0,1
4748.0,2021-11-05 04:00:00,397.87,398.06,397.8,398.05,9118.0,1,1,1.0,buy,False,0.227713046478388,0.8000000000000114,20.0,0.0020070245860512076,-0.027379240616181327,-0.003616741045826392,-0.017306361353917055,-4.345839310754471e-05,41.797845390745515,55.36476990374654,46.57874615574436,72.9368173997509,9118.0,0.8000000000000114,1.0,0.8000000000000114,20.0,0.0020070245860512076,0.8000000000000114,20.0,0.0020070245860512076,1.0,1.0,-0.027379240616181327,-0.017306361353917055,-0.003616741045826392,41.797845390745515,55.36476990374654,46.57874615574436,72.9368173997509,19.540229885059198,45.91954022988683,24.600800546408987,0.04524090783421892,0.06535947712418072,0.009999999999990905,0.06999999999999318,0.18000000000000682,1.0,4749.0,4749.0,2021-11-05,2021-11-05 04:00:00,0.688355734204248,65.0,1.0,best_within_2.0d,4813.0,400.79,0.5832424107187206,4.3760036431226785,32.22527881040892,0.012230020343504162,2.285057100371749,15.890706319702602,0.006381710269403211,0.4929364202292669,5.6011759621451125,36.843533123028394,0.015614239272951093,2.82998018927445,22.52492113564669,0.007835530045022196,1.8630914826498424,0.00402220134195386,1.9444468750000041,16.553125,0.005470102952261012,1.0,0
4752.0,2021-11-05 04:25:00,398.59,398.59,398.47,398.51,4925.0,2s,2s,0.0,sell,False,0.6934673366834117,4.163492493946733,28.239017640954685,0.011578080659927173,0.05046620485487789,0.0003848050969105031,0.025617907524349448,6.432439160733192e-05,60.51128872859822,80.98292435559414,68.44089877481258,106.06697551715723,4925.0,0.7899999999999636,1.0,1.990000000000009,11.0,0.004984969939879782,0.7899999999999636,5.0,0.0019859225741577767,2.0,2.5,0.05046620485487789,0.025617907524349448,0.0003848050969105031,60.51128872859822,80.98292435559414,68.44089877481258,106.06697551715723,40.00000000000317,33.023255813954634,21.248386592770874,-0.020070749391601417,0.030115190604047402,0.0,0.03999999999996362,0.07999999999998408,0.0,4753.0,4753.0,2021-11-05,2021-11-05 04:25:00,0.5620937994027776,71.0,1.0,best_within_2.0d,4823.0,396.27,0.5832424107187206,4.3760036431226785,32.22527881040892,0.012230020343504162,2.285057100371749,15.890706319702602,0.006381710269403211,0.6934673366834117,1.990000000000009,11.0,0.004984969939879782,0.7899999999999636,5.0,0.0019859225741577767,2.0,0.00402220134195386,1.9444468750000041,16.553125,0.005470102952261012,0.0,1
4755.0,2021-11-05 04:40:00,398.6,398.6,398.6,398.6,931.0,2s,2s,0.0,sell,False,0.6984924623115764,4.163492493946733,28.239017640954685,0.011578080659927173,0.07630357829725098,0.023734657067225773,0.061886446215851265,0.0001553727951768993,62.001715540988066,87.42672676640319,79.20105776765992,103.87806476388974,931.0,0.8000000000000114,1.0,1.990000000000009,11.0,0.004984969939879782,0.8000000000000114,8.0,0.0020110608345902748,2.0,2.5,0.07630357829725098,0.061886446215851265,0.023734657067225773,62.001715540988066,87.42672676640319,79.20105776765992,103.87806476388974,42.533936651585094,27.601809954752714,20.24981645294834,0.0,0.0,0.0,0.0,0.0,0.0,4756.0,4756.0,2021-11-05,2021-11-05 04:40:00,0.5845459106874161,68.0,1.0,best_within_2.0d,4823.0,396.27,0.5832424107187206,4.3760036431226785,32.22527881040892,0.012230020343504162,2.285057100371749,15.890706319702602,0.006381710269403211,0.6984924623115764,1.990000000000009,11.0,0.004984969939879782,0.8000000000000114,8.0,0.0020110608345902748,2.0,0.00402220134195386,1.9444468750000041,16.553125,0.005470102952261012,0.0,1
4756.0,2021-11-05 04:45:00,398.66,398.68,398.66,398.68,400.0,2s,2s,0.0,sell,False,0.7386934673366937,4.163492493946733,28.239017640954685,0.011578080659927173,0.0931097842938426,0.0353733801039561,0.0819282722508774,0.00020567584988198626,64.3369416054008,91.61781784426879,83.3399777931962,108.17349794641399,400.0,0.8799999999999955,1.0,1.990000000000009,11.0,0.004984969939879782,0.8799999999999955,9.0,0.0022121669180492597,2.0,2.5,0.0931097842938426,0.0819282722508774,0.0353733801039561,64.3369416054008,91.61781784426879,83.3399777931962,108.17349794641399,47.22222222222332,26.851851851852217,20.767686706309206,0.0050168063011041516,0.0050168063011041516,0.0,0.0,0.01999999999998181,1.0,4757.0,4757.0,2021-11-05,2021-11-05 04:45:00,0.6044948329487371,67.0,1.0,best_within_2.0d,4823.0,396.27,0.5832424107187206,4.3760036431226785,32.22527881040892,0.012230020343504162,2.285057100371749,15.890706319702602,0.006381710269403211,0.7386934673366937,1.990000000000009,11.0,0.004984969939879782,0.8799999999999955,9.0,0.0022121669180492597,2.0,0.00402220134195386,1.9444468750000041,16.553125,0.005470102952261012,0.0,1
4759.0,2021-11-05 05:00:00,398.69,398.9,398.65,398.9,4994.0,2s,2s,0.0,sell,False,0.8492462311557739,4.163492493946733,28.239017640954685,0.011578080659927173,0.10319242582793878,0.06836207896851369,0.11995829188248308,0.000301092645255235,67.6911963025343,90.15406771139307,87.03467608617639,96.39285096182644,4994.0,1.099999999999966,1.0,1.990000000000009,11.0,0.004984969939879782,1.099999999999966,12.0,0.002765208647561503,2.0,2.5,0.10319242582793878,0.11995829188248308,0.06836207896851369,67.6911963025343,90.15406771139307,87.03467608617639,96.39285096182644,53.60360360360302,31.08108108108219,20.72324191236928,0.052672502445503915,0.06271165182490906,0.0,0.040000000000020464,0.20999999999997954,1.0,4760.0,4760.0,2021-11-05,2021-11-05 05:00:00,0.6593131110554012,64.0,1.0,best_within_2.0d,4823.0,396.27,0.5832424107187206,4.3760036431226785,32.22527881040892,0.012230020343504162,2.285057100371749,15.890706319702602,0.006381710269403211,0.8492462311557739,1.990000000000009,11.0,0.004984969939879782,1.099999999999966,12.0,0.002765208647561503,2.0,0.00402220134195386,1.9444468750000041,16.553125,0.005470102952261012,0.0,1
4763.0,2021-11-05 05:25:00,398.86,399.0,398.86,399.0,1899.0,2s,2s,0.0,sell,False,0.8994974874371922,4.163492493946733,28.239017640954685,0.011578080659927173,0.09682100767508478,0.11614157922344018,0.16455208306098257,0.0004128989836749993,68.40491901210437,89.13828311653224,86.85137150712849,93.71210633533971,1899.0,1.1999999999999886,1.0,1.990000000000009,11.0,0.004984969939879782,1.1999999999999886,16.0,0.003016591251885341,2.0,2.5,0.09682100767508478,0.16455208306098257,0.11614157922344018,68.40491901210437,89.13828311653224,86.85137150712849,93.71210633533971,69.14285714285722,12.571428571430948,27.619862436830452,0.03510003510003168,0.03510003510003168,0.0,0.0,0.13999999999998636,1.0,4764.0,4764.0,2021-11-05,2021-11-05 05:25:00,0.684210526315794,60.0,1.0,best_within_2.0d,4823.0,396.27,0.5832424107187206,4.3760036431226785,32.22527881040892,0.012230020343504162,2.285057100371749,15.890706319702602,0.006381710269403211,0.8994974874371922,1.990000000000009,11.0,0.004984969939879782,1.1999999999999886,16.0,0.003016591251885341,2.0,0.00402220134195386,1.9444468750000041,16.553125,0.005470102952261012,0.0,1
4764.0,2021-11-05 05:30:00,399.11,399.14,399.11,399.11,995.0,2s,2s,0.0,sell,False,0.9698492462311548,4.163492493946733,28.239017640954685,0.011578080659927173,0.11114984492223451,0.1300353098387195,0.18561023229983675,0.00046568840029397317,70.86723297477346,91.06394015678566,88.2555610570142,96.6806983563286,995.0,1.339999999999975,1.0,1.990000000000009,11.0,0.004984969939879782,1.339999999999975,17.0,0.0033685268979385995,2.0,2.5,0.11114984492223451,0.18561023229983675,0.1300353098387195,70.86723297477346,91.06394015678566,88.2555610570142,96.6806983563286,69.64285714285575,13.095238095240552,30.528823958556966,0.0,0.007516724712478443,0.029999999999972715,0.0,0.0,0.0,4765.0,4765.0,2021-11-05,2021-11-05 05:30:00,0.7115832727819478,59.0,1.0,best_within_2.0d,4823.0,396.27,0.5832424107187206,4.3760036431226785,32.22527881040892,0.012230020343504162,2.285057100371749,15.890706319702602,0.006381710269403211,0.9698492462311548,1.990000000000009,11.0,0.004984969939879782,1.339999999999975,17.0,0.0033685268979385995,2.0,0.00402220134195386,1.9444468750000041,16.553125,0.005470102952261012,0.0,1
4765.0,2021-11-05 05:35:00,398.19,398.2,398.0,398.04,12323.0,3a,3a,1.0,buy,False,0.0024937655860349356,4.163492493946733,28.239017640954685,0.011578080659927173,-0.02135391204532821,0.01597322674710738,0.005296270724443275,1.3301348390818722e-05,43.545572380529755,48.09618382128356,56.636438201247266,31.015675061356163,12323.0,0.44999999999998863,2.0,0.44999999999998863,18.0,0.001129376333291476,0.44999999999998863,18.0,0.001129376333291476,3.0,3.0,-0.02135391204532821,0.005296270724443275,0.01597322674710738,43.545572380529755,48.09618382128356,56.636438201247266,31.015675061356163,21.739130434777504,53.26086956522404,22.43503305593323,-0.03767045882618279,0.05025125628140418,0.009999999999990905,0.040000000000020464,0.14999999999997726,0.0,4766.0,4766.0,2021-11-05,2021-11-05 05:35:00,0.7886435331230368,58.0,1.0,best_within_2.0d,4823.0,396.27,0.5832424107187206,4.3760036431226785,32.22527881040892,0.012230020343504162,2.285057100371749,15.890706319702602,0.006381710269403211,0.4929364202292669,5.6011759621451125,36.843533123028394,0.015614239272951093,2.82998018927445,22.52492113564669,0.007835530045022196,1.8630914826498424,0.0024937655860349356,0.44999999999998863,18.0,0.001129376333291476,0.0,0
4765.0,2021-11-05 05:35:00,399.18,399.42,399.18,399.42,5300.0,1,1,0.0,sell,False,8.566884176419137,1.6200000000000045,18.0,0.00407239819004526,0.15150016134620892,0.14897283000699563,0.22472291068010009,0.0005637316215052412,76.4398136867151,94.04262677119044,90.18458296173961,101.75871439009211,5300.0,1.6200000000000045,2.0,1.6200000000000045,18.0,0.00407239819004526,1.6200000000000045,18.0,0.00407239819004526,1.0,1.0,0.15150016134620892,0.22472291068010009,0.14897283000699563,76.4398136867151,94.04262677119044,90.18458296173961,101.75871439009211,71.12299465240667,11.764705882355086,33.46340104907448,0.06012325266797162,0.06012325266797162,0.0,0.0,0.2400000000000091,1.0,4766.0,4766.0,2021-11-05,2021-11-05 05:35:00,0.7886435331230368,58.0,1.0,best_within_2.0d,4823.0,396.27,0.5832424107187206,4.3760036431226785,32.22527881040892,0.012230020343504162,2.285057100371749,15.890706319702602,0.006381710269403211,0.4929364202292669,5.6011759621451125,36.843533123028394,0.015614239272951093,2.82998018927445,22.52492113564669,0.007835530045022196,1.8630914826498424,0.00402220134195386,1.9444468750000041,16.553125,0.005470102952261012,0.0,1
4766.0,2021-11-05 05:40:00,399.38,399.44,399.3,399.34,13814.0,1,1,0.0,sell,False,8.816922018668464,1.6399999999999864,19.0,0.00412267471090997,0.15592192924493925,0.16846307116261303,0.24642403578508265,0.0006180892439564018,72.58136491000496,92.28309949539945,90.88408847295955,95.08112154027924,13814.0,1.6399999999999864,2.0,1.6399999999999864,19.0,0.00412267471090997,1.6399999999999864,19.0,0.00412267471090997,1.0,1.0,0.15592192924493925,0.24642403578508265,0.16846307116261303,72.58136491000496,92.28309949539945,90.88408847295955,95.08112154027924,65.21739130434702,11.95652173913245,36.002735581786126,-0.010015524062301684,0.03506135737540354,0.060000000000002274,0.03999999999996362,0.040000000000020464,0.0,4767.0,4767.0,2021-11-05,2021-11-05 05:40:00,0.7687684679721524,57.0,1.0,best_within_2.0d,4823.0,396.27,0.5832424107187206,4.3760036431226785,32.22527881040892,0.012230020343504162,2.285057100371749,15.890706319702602,0.006381710269403211,0.4929364202292669,5.6011759621451125,36.843533123028394,0.015614239272951093,2.82998018927445,22.52492113564669,0.007835530045022196,1.8630914826498424,0.00402220134195386,1.9444468750000041,16.553125,0.005470102952261012,0.0,1
4767.0,2021-11-05 05:45:00,399.42,399.6,399.42,399.54,4929.0,1,1,0.0,sell,False,9.781227992419488,1.8000000000000114,20.0,0.0045248868778280825,0.17297509672122213,0.19008495825276578,0.27657250661337685,0.0006935987287980643,75.8617417743207,92.75013650570492,91.50610448387467,95.23820054936542,4929.0,1.8000000000000114,2.0,1.8000000000000114,20.0,0.0045248868778280825,1.8000000000000114,20.0,0.0045248868778280825,1.0,1.0,0.17297509672122213,0.27657250661337685,0.19008495825276578,75.8617417743207,92.75013650570492,91.50610448387467,95.23820054936542,69.38775510203934,6.122448979592133,39.415667596214455,0.030043563166592697,0.04506534474988905,0.060000000000002274,0.0,0.12000000000000455,1.0,4768.0,4768.0,2021-11-05,2021-11-05 05:45:00,0.8184412073885063,56.0,1.0,best_within_2.0d,4823.0,396.27,0.5832424107187206,4.3760036431226785,32.22527881040892,0.012230020343504162,2.285057100371749,15.890706319702602,0.006381710269403211,0.4929364202292669,5.6011759621451125,36.843533123028394,0.015614239272951093,2.82998018927445,22.52492113564669,0.007835530045022196,1.8630914826498424,0.00402220134195386,1.9444468750000041,16.553125,0.005470102952261012,0.0,1
4768.0,2021-11-05 05:50:00,399.54,399.73,399.53,399.73,5602.0,1,1,0.0,sell,False,11.048205496526295,1.9300000000000068,21.0,0.004851684263448986,0.19538082701258608,0.21450756162933904,0.3121979751356321,0.0007827990861631191,78.49409367741347,95.16675767046993,92.72632221273975,100.04762858593034,5602.0,1.9300000000000068,2.0,1.9300000000000068,21.0,0.004851684263448986,1.9300000000000068,21.0,0.004851684263448986,1.0,1.0,0.19538082701258608,0.3121979751356321,0.21450756162933904,78.49409367741347,95.16675767046993,92.72632221273975,100.04762858593034,71.2918660287067,5.741626794258659,42.678346175189304,0.047554687891074164,0.050058819112468525,0.0,0.010000000000047748,0.18999999999999773,1.0,4769.0,4769.0,2021-11-05,2021-11-05 05:50:00,0.8655842693818419,55.0,1.0,best_within_2.0d,4823.0,396.27,0.5832424107187206,4.3760036431226785,32.22527881040892,0.012230020343504162,2.285057100371749,15.890706319702602,0.006381710269403211,0.4929364202292669,5.6011759621451125,36.843533123028394,0.015614239272951093,2.82998018927445,22.52492113564669,0.007835530045022196,1.8630914826498424,0.00402220134195386,1.9444468750000041,16.553125,0.005470102952261012,0.0,1
4769.0,2021-11-05 05:55:00,399.78,400.0,399.78,400.0,8660.0,1,1,0.0,sell,False,12.990685399244555,2.1999999999999886,22.0,0.005530417295123149,0.22973240835923542,0.24322411267424346,0.35809031685386117,0.0008976723427870795,81.56990953475285,96.77783844697996,94.07682762415314,102.17986009263359,8660.0,2.1999999999999886,2.0,2.1999999999999886,22.0,0.005530417295123149,2.1999999999999886,22.0,0.005530417295123149,1.0,1.0,0.22973240835923542,0.35809031685386117,0.24322411267424346,81.56990953475285,96.77783844697996,94.07682762415314,102.17986009263359,73.09417040358596,5.381165919282808,45.79315818308388,0.05503026664666248,0.05503026664666248,0.0,0.0,0.22000000000002728,1.0,4770.0,4770.0,2021-11-05,2021-11-05 05:55:00,0.9325000000000045,54.0,1.0,best_within_2.0d,4823.0,396.27,0.5832424107187206,4.3760036431226785,32.22527881040892,0.012230020343504162,2.285057100371749,15.890706319702602,0.006381710269403211,0.4929364202292669,5.6011759621451125,36.843533123028394,0.015614239272951093,2.82998018927445,22.52492113564669,0.007835530045022196,1.8630914826498424,0.00402220134195386,1.9444468750000041,16.553125,0.005470102952261012,0.0,1
4770.0,2021-11-05 06:00:00,399.89,400.09,399.88,400.09,10448.0,1,1,0.0,sell,False,13.925988945352518,2.2899999999999636,23.0,0.005756661639014489,0.24627268545707093,0.27400819835637735,0.3971445410849128,0.0009953565996159493,82.46992463054751,97.85189229798662,95.33518251543097,102.88531186309791,10448.0,2.2899999999999636,2.0,2.2899999999999636,23.0,0.005756661639014489,2.2899999999999636,23.0,0.005756661639014489,1.0,1.0,0.24627268545707093,0.3971445410849128,0.27400819835637735,82.46992463054751,97.85189229798662,95.33518251543097,102.88531186309791,69.4915254237271,5.08474576271215,48.6910494816947,0.05001375378228729,0.0525157547264128,0.0,0.009999999999990905,0.19999999999998863,1.0,4771.0,4771.0,2021-11-05,2021-11-05 06:00:00,0.9547851733359978,53.0,1.0,best_within_2.0d,4823.0,396.27,0.5832424107187206,4.3760036431226785,32.22527881040892,0.012230020343504162,2.285057100371749,15.890706319702602,0.006381710269403211,0.4929364202292669,5.6011759621451125,36.843533123028394,0.015614239272951093,2.82998018927445,22.52492113564669,0.007835530045022196,1.8630914826498424,0.00402220134195386,1.9444468750000041,16.553125,0.005470102952261012,0.0,1
4771.0,2021-11-05 06:05:00,400.08,400.26,400.06,400.21,3962.0,1,1,0.0,sell,False,14.365765521462523,2.4599999999999795,24.0,0.006184012066364956,0.2540498680201715,0.3057644318588988,0.43278936586898453,0.001084448454780267,83.61859864823901,97.37745200818127,96.01593901301439,100.10047799851503,3962.0,2.4599999999999795,2.0,2.4599999999999795,24.0,0.006184012066364956,2.4599999999999795,24.0,0.006184012066364956,1.0,1.0,0.2540498680201715,0.43278936586898453,0.3057644318588988,83.61859864823901,97.37745200818127,96.01593901301439,100.10047799851503,73.57723577235782,1.6260162601611738,52.04709420983646,0.032493501299738915,0.049992501124828434,0.05000000000001137,0.01999999999998181,0.12999999999999545,1.0,4772.0,4772.0,2021-11-05,2021-11-05 06:05:00,0.9844831463481666,52.0,1.0,best_within_2.0d,4823.0,396.27,0.5832424107187206,4.3760036431226785,32.22527881040892,0.012230020343504162,2.285057100371749,15.890706319702602,0.006381710269403211,0.4929364202292669,5.6011759621451125,36.843533123028394,0.015614239272951093,2.82998018927445,22.52492113564669,0.007835530045022196,1.8630914826498424,0.00402220134195386,1.9444468750000041,16.553125,0.005470102952261012,0.0,1
4772.0,2021-11-05 06:10:00,400.29,400.29,400.17,400.17,8591.0,1,1,0.0,sell,False,14.365765521462523,2.490000000000009,25.0,0.006259426847662165,0.23492613647714222,0.33513019891854157,0.4525932671571127,0.001133843560514454,81.69691411140482,94.86180416364616,95.6312273965583,93.32295769782183,8591.0,2.490000000000009,2.0,2.490000000000009,25.0,0.006259426847662165,2.490000000000009,25.0,0.006259426847662165,1.0,1.0,0.23492613647714222,0.4525932671571127,0.33513019891854157,81.69691411140482,94.86180416364616,95.6312273965583,93.32295769782183,72.72727272727415,0.3952569169957011,55.3950816890567,-0.029978265757327073,0.029987255416449143,0.0,0.0,0.12000000000000455,0.0,4773.0,4773.0,2021-11-05,2021-11-05 06:10:00,0.9745858010345687,51.0,1.0,best_within_2.0d,4823.0,396.27,0.5832424107187206,4.3760036431226785,32.22527881040892,0.012230020343504162,2.285057100371749,15.890706319702602,0.006381710269403211,0.4929364202292669,5.6011759621451125,36.843533123028394,0.015614239272951093,2.82998018927445,22.52492113564669,0.007835530045022196,1.8630914826498424,0.00402220134195386,1.9444468750000041,16.553125,0.005470102952261012,0.0,1
4774.0,2021-11-05 06:20:00,400.32,400.37,400.23,400.23,4993.0,1,1,0.0,sell,False,14.365765521462523,2.569999999999993,27.0,0.006460532931121149,0.18019355259336411,0.3841758954071474,0.4742726717038295,0.001187704036770651,82.35207622056325,92.15378548835322,94.28130385176489,87.8987487615299,4993.0,2.569999999999993,2.0,2.569999999999993,27.0,0.006460532931121149,2.569999999999993,27.0,0.006460532931121149,1.0,1.0,0.18019355259336411,0.4742726717038295,0.3841758954071474,82.35207622056325,92.15378548835322,94.28130385176489,87.8987487615299,69.36170212766038,2.978723404255072,60.356163373147346,-0.022482014388482963,0.03497988656522158,0.05000000000001137,0.0,0.08999999999997499,0.0,4775.0,4775.0,2021-11-05,2021-11-05 06:20:00,0.9894310771306589,49.0,1.0,best_within_2.0d,4823.0,396.27,0.5832424107187206,4.3760036431226785,32.22527881040892,0.012230020343504162,2.285057100371749,15.890706319702602,0.006381710269403211,0.4929364202292669,5.6011759621451125,36.843533123028394,0.015614239272951093,2.82998018927445,22.52492113564669,0.007835530045022196,1.8630914826498424,0.00402220134195386,1.9444468750000041,16.553125,0.005470102952261012,1.0,1
4794.0,2021-11-05 08:00:00,399.8099,400.19,397.6,398.82,29551.0,2,2,0.0,sell,False,0.903743315508018,4.163492493946733,28.239017640954685,0.011578080659927173,-0.18474636919273413,-0.09723540019681015,-0.18960858479317722,-0.000475012560135054,40.12867678848936,31.62344072641227,22.024709048505503,50.8209040822258,29551.0,1.6899999999999977,1.0,1.8700000000000045,15.0,0.0046706796213502625,1.6899999999999977,7.0,0.004240903387703884,2.0,2.0,-0.18474636919273413,-0.18960858479317722,-0.09723540019681015,40.12867678848936,31.62344072641227,22.024709048505503,50.8209040822258,26.929982046677647,26.570915619388924,65.48638350444811,-0.24759266841567307,0.651408450704219,0.38009999999997035,1.2199999999999704,0.9899000000000342,0.0,4795.0,4795.0,2021-11-05,2021-11-05 08:00:00,0.6393861892583149,29.0,1.0,best_within_2.0d,4823.0,396.27,0.903743315508018,1.8700000000000045,15.0,0.0046706796213502625,1.6899999999999977,7.0,0.004240903387703884,0.4929364202292669,5.6011759621451125,36.843533123028394,0.015614239272951093,2.82998018927445,22.52492113564669,0.007835530045022196,1.8630914826498424,0.00402220134195386,1.9444468750000041,16.553125,0.005470102952261012,1.0,1
4810.0,2021-11-05 09:20:00,399.93,400.31,399.93,400.29,63610.0,2,2,0.0,sell,False,0.9679144385026727,4.163492493946733,28.239017640954685,0.011578080659927173,0.2728954003997685,0.06504315906442673,0.20149085926431098,0.0005045128694155448,74.81768252070019,91.67647439168115,84.61905030327786,105.79132256848774,63610.0,1.8100000000000023,1.0,1.8700000000000045,15.0,0.0046706796213502625,1.8100000000000023,23.0,0.004542032622333757,2.0,2.0,0.2728954003997685,0.20149085926431098,0.06504315906442673,74.81768252070019,91.67647439168115,84.61905030327786,105.79132256848774,31.863727454909625,17.23446893787619,39.14313923769347,0.09001575275673583,0.09501662790988309,0.01999999999998181,0.0,0.36000000000001364,1.0,4811.0,4811.0,2021-11-05,2021-11-05 09:20:00,1.0042719028704286,13.0,1.0,best_within_2.0d,4823.0,396.27,0.9679144385026727,1.8700000000000045,15.0,0.0046706796213502625,1.8100000000000023,23.0,0.004542032622333757,0.4929364202292669,5.6011759621451125,36.843533123028394,0.015614239272951093,2.82998018927445,22.52492113564669,0.007835530045022196,1.8630914826498424,0.00402220134195386,1.9444468750000041,16.553125,0.005470102952261012,0.0,1
4813.0,2021-11-05 09:35:00,400.2,400.99,400.2,400.79,899274.0,1p,1p,0.0,sell,False,1.1925607614724831,2.490000000000009,26.0,0.006248431618569659,0.3029700233141957,0.16520535322745264,0.3166903648845505,0.0007925573910227586,75.44111189359823,86.25517299617172,85.70415575265989,87.3572074831954,899274.0,2.490000000000009,0.0,2.490000000000009,26.0,0.006248431618569659,2.490000000000009,0.0,0.0,1.0,1.0,0.3029700233141957,0.3166903648845505,0.16520535322745264,75.44111189359823,86.25517299617172,85.70415575265989,87.3572074831954,28.872180451127306,17.894736842105292,35.61625901197922,0.14742628685657969,0.19740129935032993,0.19999999999998863,0.0,0.5900000000000318,1.0,4814.0,4814.0,2021-11-05,2021-11-05 09:35:00,1.1277726490181987,10.0,1.0,best_within_2.0d,4823.0,396.27,0.5832424107187206,4.3760036431226785,32.22527881040892,0.012230020343504162,2.285057100371749,15.890706319702602,0.006381710269403211,0.4929364202292669,5.6011759621451125,36.843533123028394,0.015614239272951093,2.82998018927445,22.52492113564669,0.007835530045022196,1.8630914826498424,0.00402220134195386,1.9444468750000041,16.553125,0.005470102952261012,1.0,1
4823.0,2021-11-05 10:25:00,396.13,396.525,395.985,396.27,580484.0,3a,3a,1.0,buy,False,0.0011910795742523326,4.163492493946733,28.239017640954685,0.011578080659927173,-0.4488496258852781,0.5197017745096654,0.2952769615670263,0.0007446396172849272,46.18968706250938,14.892395020136055,26.614808896449222,-8.552432732490281,580484.0,2.1499999999999773,2.0,2.1499999999999773,9.0,0.005400178331470424,2.1499999999999773,9.0,0.005400178331470424,3.0,3.0,-0.4488496258852781,0.2952769615670263,0.5197017745096654,46.18968706250938,14.892395020136055,26.614808896449222,-8.552432732490281,22.22380072926996,29.227636501397225,51.43873224963225,0.0353419332037428,0.13636880184854566,0.25499999999999545,0.1449999999999818,0.13999999999998636,1.0,4824.0,4824.0,2021-11-05,2021-11-05 10:25:00,0.7015418780124737,62.0,1.0,best_within_2.0d,4885.0,399.05,0.5832424107187206,4.3760036431226785,32.22527881040892,0.012230020343504162,2.285057100371749,15.890706319702602,0.006381710269403211,0.4929364202292669,5.6011759621451125,36.843533123028394,0.015614239272951093,2.82998018927445,22.52492113564669,0.007835530045022196,1.8630914826498424,0.0011910795742523326,2.1499999999999773,9.0,0.005400178331470424,0.0,0
4866.0,2021-11-05 14:00:00,398.71,398.86,398.49,398.81,279273.0,2,2,0.0,sell,False,0.44386422976501194,4.163492493946733,28.239017640954685,0.011578080659927173,0.10186423907261355,-0.49118456593732523,-0.44025244640101846,-0.0011033597854354076,46.81172050283272,74.78628983712083,53.450104236116374,117.45866103912977,279273.0,1.6999999999999886,1.0,3.829999999999984,48.0,0.009551360383051906,1.6999999999999886,7.0,0.004280390774498914,2.0,2.0,0.10186423907261355,-0.44025244640101846,-0.49118456593732523,46.81172050283272,74.78628983712083,53.450104236116374,117.45866103912977,8.344667867515017,28.489504834024533,65.14926446509422,0.025080885856894167,0.09285051067780986,0.05000000000001137,0.21999999999997044,0.10000000000002274,1.0,4867.0,4867.0,2021-11-05,2021-11-05 14:00:00,0.12788044432185525,44.0,1.0,best_within_2.0d,4910.0,398.3,0.44386422976501194,3.829999999999984,48.0,0.009551360383051906,1.6999999999999886,7.0,0.004280390774498914,0.4929364202292669,5.6011759621451125,36.843533123028394,0.015614239272951093,2.82998018927445,22.52492113564669,0.007835530045022196,1.8630914826498424,0.00402220134195386,1.9444468750000041,16.553125,0.005470102952261012,0.0,1
4867.0,2021-11-05 14:05:00,398.8,399.12,398.75,398.85,404713.0,2,2,0.0,sell,False,0.5117493472584824,4.163492493946733,28.239017640954685,0.011578080659927173,0.16934027145117803,-0.47001703200592804,-0.385346896280339,-0.0009657844337020466,47.40585785956242,78.59902315672026,61.833077209650995,112.13091505085882,404713.0,1.9599999999999795,1.0,3.829999999999984,48.0,0.009551360383051906,1.9599999999999795,8.0,0.004935038775304611,2.0,2.0,0.16934027145117803,-0.385346896280339,-0.47001703200592804,47.40585785956242,78.59902315672026,61.833077209650995,112.13091505085882,11.910035565568732,26.64253439481498,63.225320661495026,0.012537612838518399,0.09278996865203876,0.2699999999999818,0.05000000000001137,0.05000000000001137,1.0,4868.0,4868.0,2021-11-05,2021-11-05 14:05:00,0.1378964523003664,43.0,1.0,best_within_2.0d,4910.0,398.3,0.5117493472584824,3.829999999999984,48.0,0.009551360383051906,1.9599999999999795,8.0,0.004935038775304611,0.4929364202292669,5.6011759621451125,36.843533123028394,0.015614239272951093,2.82998018927445,22.52492113564669,0.007835530045022196,1.8630914826498424,0.00402220134195386,1.9444468750000041,16.553125,0.005470102952261012,1.0,1
4885.0,2021-11-05 15:35:00,398.54,398.91,398.5,398.86,13823.0,2,2,1.0,buy,False,0.7276264591439726,4.163492493946733,28.239017640954685,0.011578080659927173,-0.38676926728796357,0.12240206787749668,-0.0709825657664851,-0.00017772268808059237,36.52656043638344,11.128662864166268,10.485584851758071,12.414818888982662,13823.0,1.8700000000000045,1.0,2.569999999999993,27.0,0.006460532931121149,1.8700000000000045,15.0,0.0046706796213502625,2.0,2.0,-0.38676926728796357,-0.0709825657664851,0.12240206787749668,36.52656043638344,11.128662864166268,10.485584851758071,12.414818888982662,0.0,59.72696245733891,60.728109916277894,0.08029306970441942,0.10288582183187579,0.05000000000001137,0.040000000000020464,0.3199999999999932,1.0,4886.0,4886.0,2021-11-05,2021-11-05 15:35:00,0.18794637263500816,25.0,1.0,best_within_2.0d,4910.0,398.3,0.7276264591439726,2.569999999999993,27.0,0.006460532931121149,1.8700000000000045,15.0,0.0046706796213502625,0.4929364202292669,5.6011759621451125,36.843533123028394,0.015614239272951093,2.82998018927445,22.52492113564669,0.007835530045022196,1.8630914826498424,0.00402220134195386,1.9444468750000041,16.553125,0.005470102952261012,0.0,0
4885.0,2021-11-05 15:35:00,398.96,399.23,398.92,399.05,514185.0,2s,2s,0.0,sell,False,0.5404699738903399,4.163492493946733,28.239017640954685,0.011578080659927173,0.10850390418371925,-0.12614362329973905,-0.07189167120787943,-0.00018026206856348333,53.79877796428376,63.42069306480869,54.309098028440665,81.64388313754473,514185.0,1.1400000000000432,1.0,3.829999999999984,48.0,0.009551360383051906,1.1400000000000432,7.0,0.002863674043558098,1.0,2.5,0.10850390418371925,-0.07189167120787943,-0.12614362329973905,53.79877796428376,63.42069306480869,54.309098028440665,81.64388313754473,21.178024390662127,21.869264678135767,36.177416803892285,0.022558652496498854,0.07770981650456289,0.18000000000000682,0.03999999999996362,0.09000000000003183,1.0,4886.0,4886.0,2021-11-05,2021-11-05 15:35:00,0.18794637263500816,25.0,1.0,best_within_2.0d,4910.0,398.3,0.5832424107187206,4.3760036431226785,32.22527881040892,0.012230020343504162,2.285057100371749,15.890706319702602,0.006381710269403211,0.5404699738903399,3.829999999999984,48.0,0.009551360383051906,1.1400000000000432,7.0,0.002863674043558098,1.0,0.00402220134195386,1.9444468750000041,16.553125,0.005470102952261012,1.0,1
4910.0,2021-11-05 17:50:00,398.35,398.35,398.0,398.3,7960.0,1,1,1.0,buy,False,0.08691332054730008,1.2300000000000182,26.0,0.003080930791774211,0.019453015180894234,-0.07301204752147726,-0.06328553993103014,-0.00015882846058983352,43.69714259930367,33.942196907253106,35.69232307763663,30.441944566486058,7960.0,1.2300000000000182,1.0,1.2300000000000182,26.0,0.003080930791774211,1.2300000000000182,26.0,0.003080930791774211,1.0,1.0,0.019453015180894234,-0.06328553993103014,-0.07301204752147726,43.69714259930367,33.942196907253106,35.69232307763663,30.441944566486058,32.278481012656925,31.64556962024893,28.98473995272653,-0.01255177607631765,0.08793969849246804,0.0,0.30000000000001137,0.05000000000001137,0.0,4911.0,4911.0,2021-11-05,2021-11-05 17:50:00,2.0540172048918044,173.78554736652885,0.0,,14281.267661333814,366.3529484630595,0.5832424107187206,4.3760036431226785,32.22527881040892,0.012230020343504162,2.285057100371749,15.890706319702602,0.006381710269403211,0.4929364202292669,5.6011759621451125,36.843533123028394,0.015614239272951093,2.82998018927445,22.52492113564669,0.007835530045022196,1.8630914826498424,0.00402220134195386,1.9444468750000041,16.553125,0.005470102952261012,1.0,0
4951.0,2021-11-08 05:35:00,398.53,398.68,398.51,398.68,51536.0,2s,2s,0.0,sell,False,0.39686684073106737,4.163492493946733,28.239017640954685,0.011578080659927173,0.12745987720880547,0.014683322256424717,0.07841326086082745,0.00019687191743497512,68.42409032498408,91.6618293108051,83.18864803998494,108.60819185244543,51536.0,0.6800000000000068,1.0,3.829999999999984,48.0,0.009551360383051906,0.6800000000000068,42.0,0.0017085427135678562,2.0,2.5,0.12745987720880547,0.07841326086082745,0.014683322256424717,68.42409032498408,91.6618293108051,83.18864803998494,108.60819185244543,60.294117647054335,2.205882352943051,45.58051737450102,0.037638320829055306,0.042658904418964624,0.0,0.01999999999998181,0.1500000000000341,1.0,4952.0,4952.0,2021-11-08,2021-11-08 05:35:00,1.2616634895154082,382.0,1.0,best_within_2.0d,5333.0,393.65,0.5832424107187206,4.3760036431226785,32.22527881040892,0.012230020343504162,2.285057100371749,15.890706319702602,0.006381710269403211,0.39686684073106737,3.829999999999984,48.0,0.009551360383051906,0.6800000000000068,42.0,0.0017085427135678562,2.0,0.00402220134195386,1.9444468750000041,16.553125,0.005470102952261012,0.0,1
4952.0,2021-11-08 05:40:00,398.69,398.69,398.39,398.39,30185.0,2s,2s,0.0,sell,False,0.3994778067885063,4.163492493946733,28.239017640954685,0.011578080659927173,0.09468747339995956,0.02651925643141966,0.07386299313139943,0.0001854443268498371,53.57334052265205,74.83337640328074,80.40355749441687,63.69301422100847,30185.0,0.6899999999999977,1.0,3.829999999999984,48.0,0.009551360383051906,0.6899999999999977,43.0,0.001733668341708537,2.0,2.5,0.09468747339995956,0.07386299313139943,0.02651925643141966,53.57334052265205,74.83337640328074,80.40355749441687,63.69301422100847,50.30674846625561,7.361963190183578,47.643915069635476,-0.07524643206501577,0.0753030949572056,0.0,0.0,0.30000000000001137,0.0,4953.0,4953.0,2021-11-08,2021-11-08 05:40:00,1.2249303446371635,382.0,1.0,best_within_2.0d,5334.0,393.51,0.5832424107187206,4.3760036431226785,32.22527881040892,0.012230020343504162,2.285057100371749,15.890706319702602,0.006381710269403211,0.3994778067885063,3.829999999999984,48.0,0.009551360383051906,0.6899999999999977,43.0,0.001733668341708537,2.0,0.00402220134195386,1.9444468750000041,16.553125,0.005470102952261012,1.0,1
4963.0,2021-11-08 06:35:00,398.54,398.72,398.54,398.7,31023.0,2s,2s,0.0,sell,False,0.4073107049608378,4.163492493946733,28.239017640954685,0.011578080659927173,0.031244129457643724,0.060902115329080096,0.07652418005790196,0.00019207644041482278,65.30355794494838,64.78254348537855,50.45183561926995,93.44395921759578,31023.0,0.7200000000000273,1.0,3.829999999999984,48.0,0.009551360383051906,0.7200000000000273,54.0,0.0018090452261307218,2.0,2.5,0.031244129457643724,0.07652418005790196,0.060902115329080096,65.30355794494838,64.78254348537855,50.45183561926995,93.44395921759578,34.14634146341269,9.756097560973073,54.65496972935863,0.04014653485220258,0.0451648517087386,0.020000000000038654,0.0,0.15999999999996817,1.0,4964.0,4964.0,2021-11-08,2021-11-08 06:35:00,1.3819914722849238,382.0,1.0,best_within_2.0d,5345.0,393.19,0.5832424107187206,4.3760036431226785,32.22527881040892,0.012230020343504162,2.285057100371749,15.890706319702602,0.006381710269403211,0.4073107049608378,3.829999999999984,48.0,0.009551360383051906,0.7200000000000273,54.0,0.0018090452261307218,2.0,0.00402220134195386,1.9444468750000041,16.553125,0.005470102952261012,0.0,1
4964.0,2021-11-08 06:40:00,398.66,398.82,398.66,398.77,4411.0,2s,2s,0.0,sell,False,0.43342036553524155,4.163492493946733,28.239017640954685,0.011578080659927173,0.05276819331114377,0.06749813949297308,0.09388223614854496,0.00023562933261421653,67.62633732652026,72.73381686903937,57.87916270252642,102.44312520206527,4411.0,0.8199999999999932,1.0,3.829999999999984,48.0,0.009551360383051906,0.8199999999999932,55.0,0.0020603015075376712,2.0,2.5,0.05276819331114377,0.09388223614854496,0.06749813949297308,67.62633732652026,72.73381686903937,57.87916270252642,102.44312520206527,38.82352941176179,9.411764705880229,55.106444016983176,0.02759243465608709,0.040134450408861724,0.05000000000001137,0.0,0.1099999999999568,1.0,4965.0,4965.0,2021-11-08,2021-11-08 06:40:00,1.4720264814303996,382.0,1.0,best_within_2.0d,5346.0,392.9,0.5832424107187206,4.3760036431226785,32.22527881040892,0.012230020343504162,2.285057100371749,15.890706319702602,0.006381710269403211,0.43342036553524155,3.829999999999984,48.0,0.009551360383051906,0.8199999999999932,55.0,0.0020603015075376712,2.0,0.00402220134195386,1.9444468750000041,16.553125,0.005470102952261012,1.0,1
4977.0,2021-11-08 07:45:00,398.43,398.43,398.25,398.37,94034.0,2,2,1.0,buy,False,0.6951219512195097,4.163492493946733,28.239017640954685,0.011578080659927173,-0.04903097745285752,0.04984353832350722,0.02532804959707846,6.355922033076765e-05,44.41905586394584,41.16904847766272,48.02663116672267,27.453883099542807,94034.0,0.5699999999999932,1.0,0.8199999999999932,55.0,0.0020603015075376712,0.5699999999999932,14.0,0.0014292161877538568,2.0,2.0,-0.04903097745285752,0.02532804959707846,0.04984353832350722,44.41905586394584,41.16904847766272,48.02663116672267,27.453883099542807,15.422885572137968,44.776119402987945,32.69716285704205,-0.01505910699495577,0.045197740112996064,0.0,0.12000000000000455,0.060000000000002274,0.0,4978.0,4978.0,2021-11-08,2021-11-08 07:45:00,0.26106383512815234,203.0,1.0,best_within_2.0d,5180.0,399.41,0.6951219512195097,0.8199999999999932,55.0,0.0020603015075376712,0.5699999999999932,14.0,0.0014292161877538568,0.4929364202292669,5.6011759621451125,36.843533123028394,0.015614239272951093,2.82998018927445,22.52492113564669,0.007835530045022196,1.8630914826498424,0.00402220134195386,1.9444468750000041,16.553125,0.005470102952261012,0.0,0
4979.0,2021-11-08 07:55:00,398.34,398.36,398.2,398.36,65393.0,2,2,1.0,buy,False,0.7560975609756216,4.163492493946733,28.239017640954685,0.011578080659927173,-0.0709787159944148,0.032651756610434596,-0.0028376013867728034,-7.121172035032856e-06,44.43523190332566,31.07288344396447,38.94151665467514,15.335617022543133,65393.0,0.6200000000000045,1.0,0.8199999999999932,55.0,0.0020603015075376712,0.6200000000000045,16.0,0.0015545860287849269,2.0,2.0,-0.0709787159944148,-0.0028376013867728034,0.032651756610434596,44.43523190332566,31.07288344396447,38.94151665467514,15.335617022543133,10.344827586206318,48.768472906406416,36.95881954565453,0.005020836471365832,0.04018081366148293,0.0,0.13999999999998636,0.020000000000038654,1.0,4980.0,4980.0,2021-11-08,2021-11-08 07:55:00,0.26358068079124697,201.0,1.0,best_within_2.0d,5180.0,399.41,0.7560975609756216,0.8199999999999932,55.0,0.0020603015075376712,0.6200000000000045,16.0,0.0015545860287849269,0.4929364202292669,5.6011759621451125,36.843533123028394,0.015614239272951093,2.82998018927445,22.52492113564669,0.007835530045022196,1.8630914826498424,0.00402220134195386,1.9444468750000041,16.553125,0.005470102952261012,0.0,0
4980.0,2021-11-08 08:00:00,398.48,398.898,397.0,398.37,30940.0,1,1,1.0,buy,False,0.1411625495086763,1.8199999999999932,17.0,0.004563462213529896,-0.06934926326109739,0.023983098702797422,-0.010691532927751268,-2.6831716601400412e-05,44.98050240293321,44.77567010068279,40.88623447001102,52.55454136202633,30940.0,1.8199999999999932,1.0,1.8199999999999932,17.0,0.004563462213529896,1.8199999999999932,17.0,0.004563462213529896,1.0,1.0,-0.06934926326109739,-0.010691532927751268,0.023983098702797422,44.98050240293321,44.77567010068279,40.88623447001102,52.55454136202633,5.529225908372369,54.765666140074096,40.15171733855704,-0.02760489861473942,0.4780856423173866,0.41800000000000637,1.3700000000000045,0.11000000000001364,0.0,4981.0,4981.0,2021-11-08,2021-11-08 08:00:00,0.26106383512815234,200.0,1.0,best_within_2.0d,5180.0,399.41,0.5832424107187206,4.3760036431226785,32.22527881040892,0.012230020343504162,2.285057100371749,15.890706319702602,0.006381710269403211,0.4929364202292669,5.6011759621451125,36.843533123028394,0.015614239272951093,2.82998018927445,22.52492113564669,0.007835530045022196,1.8630914826498424,0.00402220134195386,1.9444468750000041,16.553125,0.005470102952261012,1.0,0
4985.0,2021-11-08 08:25:00,398.61,398.75,398.58,398.67,17987.0,2s,2s,0.0,sell,False,0.41514360313315446,4.163492493946733,28.239017640954685,0.011578080659927173,0.01759442235910271,0.005268281667344821,0.014065492846896177,3.5297810595929874e-05,59.84497412100128,77.22652629632829,66.42266894650953,98.83424099596579,17987.0,1.75,1.0,3.829999999999984,48.0,0.009551360383051906,1.75,6.0,0.004408060453400504,3.0,2.5,0.01759442235910271,0.014065492846896177,0.005268281667344821,59.84497412100128,77.22652629632829,66.42266894650953,98.83424099596579,12.830583922493362,45.5616653574248,49.36243920435769,0.015052306766012461,0.042651412514430206,0.07999999999998408,0.03000000000002956,0.060000000000002274,1.0,4986.0,4986.0,2021-11-08,2021-11-08 08:25:00,1.447312313442205,361.0,1.0,best_within_2.0d,5346.0,392.9,0.5832424107187206,4.3760036431226785,32.22527881040892,0.012230020343504162,2.285057100371749,15.890706319702602,0.006381710269403211,0.41514360313315446,3.829999999999984,48.0,0.009551360383051906,1.75,6.0,0.004408060453400504,3.0,0.00402220134195386,1.9444468750000041,16.553125,0.005470102952261012,1.0,1
4994.0,2021-11-08 09:10:00,398.68,398.88,398.62,398.88,33137.0,2s,2s,0.0,sell,False,0.4490861618798897,4.163492493946733,28.239017640954685,0.011578080659927173,0.042937386094493935,0.04161040842952679,0.06307910147677376,0.00015826169269514415,63.352406990904235,75.48318960755984,70.81292715325495,84.82371451616962,33137.0,1.8799999999999955,1.0,3.829999999999984,48.0,0.009551360383051906,1.8799999999999955,15.0,0.0047355163727959585,3.0,2.5,0.042937386094493935,0.06307910147677376,0.04161040842952679,63.352406990904235,75.48318960755984,70.81292715325495,84.82371451616962,25.559105431310307,10.497489730717522,54.00179413128766,0.05016554630279639,0.06522502634087374,0.0,0.060000000000002274,0.19999999999998863,1.0,4995.0,4995.0,2021-11-08,2021-11-08 09:10:00,1.6822101885278729,377.0,1.0,best_within_2.0d,5371.0,392.17,0.5832424107187206,4.3760036431226785,32.22527881040892,0.012230020343504162,2.285057100371749,15.890706319702602,0.006381710269403211,0.4490861618798897,3.829999999999984,48.0,0.009551360383051906,1.8799999999999955,15.0,0.0047355163727959585,3.0,0.00402220134195386,1.9444468750000041,16.553125,0.005470102952261012,0.0,1
4995.0,2021-11-08 09:15:00,398.9,398.95,398.73,398.92,21314.0,2s,2s,0.0,sell,False,0.4673629242819768,4.163492493946733,28.239017640954685,0.011578080659927173,0.0628994263958365,0.049472836729006354,0.0809225499269246,0.00020301680813463095,64.57831243049952,81.6146434118445,74.41349923945145,96.01693175663058,21314.0,1.9499999999999886,1.0,3.829999999999984,48.0,0.009551360383051906,1.9499999999999886,16.0,0.004911838790931961,3.0,2.5,0.0628994263958365,0.0809225499269246,0.049472836729006354,64.57831243049952,81.6146434118445,74.41349923945145,96.01693175663058,27.987561083962774,10.217681030653958,53.46678225812235,0.0050137879167808114,0.055175181200303576,0.029999999999972715,0.16999999999995907,0.020000000000038654,1.0,4996.0,4996.0,2021-11-08,2021-11-08 09:15:00,1.6920685851799857,376.0,1.0,best_within_2.0d,5371.0,392.17,0.5832424107187206,4.3760036431226785,32.22527881040892,0.012230020343504162,2.285057100371749,15.890706319702602,0.006381710269403211,0.4673629242819768,3.829999999999984,48.0,0.009551360383051906,1.9499999999999886,16.0,0.004911838790931961,3.0,0.00402220134195386,1.9444468750000041,16.553125,0.005470102952261012,0.0,1
4996.0,2021-11-08 09:20:00,398.87,399.14,398.87,399.12,37653.0,2s,2s,0.0,sell,False,0.5169712793733602,4.163492493946733,28.239017640954685,0.011578080659927173,0.0967389513688707,0.06156520565011518,0.10993468133455053,0.0002757752025511716,69.98471810821599,86.76270345103448,78.52990064331246,103.22830906647852,37653.0,2.1399999999999864,1.0,3.829999999999984,48.0,0.009551360383051906,2.1399999999999864,17.0,0.005390428211586867,3.0,2.5,0.0967389513688707,0.10993468133455053,0.06156520565011518,69.98471810821599,86.76270345103448,78.52990064331246,103.22830906647852,34.309623430962255,9.623430962343912,53.66133182471883,0.06267706270213352,0.06769122771829965,0.01999999999998181,0.0,0.25,1.0,4997.0,4997.0,2021-11-08,2021-11-08 09:20:00,1.7413309280416889,375.0,1.0,best_within_2.0d,5371.0,392.17,0.5832424107187206,4.3760036431226785,32.22527881040892,0.012230020343504162,2.285057100371749,15.890706319702602,0.006381710269403211,0.5169712793733602,3.829999999999984,48.0,0.009551360383051906,2.1399999999999864,17.0,0.005390428211586867,3.0,0.00402220134195386,1.9444468750000041,16.553125,0.005470102952261012,0.0,1
4999.0,2021-11-08 09:35:00,399.1121,399.62,398.61,398.75,828984.0,2s,2s,0.0,sell,False,0.6422976501305456,4.163492493946733,28.239017640954685,0.011578080659927173,0.04148628141468391,0.08116691187234104,0.101910052579683,0.00025562147484171547,51.78482737435083,62.782891529325504,69.91179409923889,48.52508638949874,828984.0,2.6200000000000045,1.0,3.829999999999984,48.0,0.009551360383051906,2.6200000000000045,20.0,0.00659949622166248,3.0,2.5,0.04148628141468391,0.101910052579683,0.08116691187234104,51.78482737435083,62.782891529325504,69.91179409923889,48.52508638949874,21.064301552106222,21.28603104212945,45.337317473047385,-0.0907263899039889,0.25338049722786454,0.5079000000000065,0.13999999999998636,0.3620999999999981,0.0,5000.0,5000.0,2021-11-08,2021-11-08 09:35:00,1.6501567398119081,372.0,1.0,best_within_2.0d,5371.0,392.17,0.5832424107187206,4.3760036431226785,32.22527881040892,0.012230020343504162,2.285057100371749,15.890706319702602,0.006381710269403211,0.6422976501305456,3.829999999999984,48.0,0.009551360383051906,2.6200000000000045,20.0,0.00659949622166248,3.0,0.00402220134195386,1.9444468750000041,16.553125,0.005470102952261012,1.0,1
5012.0,2021-11-08 10:40:00,397.88,398.06,397.4,397.72,507442.0,2,2,1.0,buy,False,0.8473282442748181,4.163492493946733,28.239017640954685,0.011578080659927173,-0.14323159437740726,-0.0728623589516338,-0.14447815614033743,-0.000362650967080753,37.020454052672896,30.596941855158047,36.3346941220577,19.12143732135874,507442.0,2.2200000000000273,1.0,2.6200000000000045,20.0,0.00659949622166248,2.2200000000000273,14.0,0.005555277513638024,2.0,2.0,-0.14323159437740726,-0.14447815614033743,-0.0728623589516338,37.020454052672896,30.596941855158047,36.3346941220577,19.12143732135874,13.041490704862877,22.856894074622485,30.229715911997307,-0.04021312958680209,0.1660795168595936,0.18000000000000682,0.32000000000005,0.15999999999996817,0.0,5013.0,5013.0,2021-11-08,2021-11-08 10:40:00,0.4249220557175896,168.0,1.0,best_within_2.0d,5180.0,399.41,0.8473282442748181,2.6200000000000045,20.0,0.00659949622166248,2.2200000000000273,14.0,0.005555277513638024,0.4929364202292669,5.6011759621451125,36.843533123028394,0.015614239272951093,2.82998018927445,22.52492113564669,0.007835530045022196,1.8630914826498424,0.00402220134195386,1.9444468750000041,16.553125,0.005470102952261012,1.0,0
5020.0,2021-11-08 11:20:00,398.26,398.84,398.24,398.62,262802.0,2s,2s,0.0,sell,False,0.4386422976501193,4.163492493946733,28.239017640954685,0.011578080659927173,0.05406254331452992,-0.08623083060238937,-0.05919955894512441,-0.0001486112663672287,54.23205804137703,66.93298595975455,58.726853929474004,83.34525002031563,262802.0,1.4399999999999977,1.0,3.829999999999984,48.0,0.009551360383051906,1.4399999999999977,9.0,0.0036235530951182634,4.0,2.5,0.05406254331452992,-0.05919955894512441,-0.08623083060238937,54.23205804137703,66.93298595975455,58.726853929474004,83.34525002031563,18.200651080200686,20.71618822136765,23.59461322160542,0.09039321046552846,0.15066291683406133,0.21999999999997044,0.01999999999998181,0.36000000000001364,1.0,5021.0,5021.0,2021-11-08,2021-11-08 11:20:00,1.6180823842255756,351.0,1.0,best_within_2.0d,5371.0,392.17,0.5832424107187206,4.3760036431226785,32.22527881040892,0.012230020343504162,2.285057100371749,15.890706319702602,0.006381710269403211,0.4386422976501193,3.829999999999984,48.0,0.009551360383051906,1.4399999999999977,9.0,0.0036235530951182634,4.0,0.00402220134195386,1.9444468750000041,16.553125,0.005470102952261012,0.0,1
5021.0,2021-11-08 11:25:00,398.6271,398.99,398.6271,398.815,333391.0,2s,2s,0.0,sell,False,0.4778067885117472,4.163492493946733,28.239017640954685,0.011578080659927173,0.11694851085655994,-0.07161226674531937,-0.0131380113170394,-3.2978089066743945e-05,56.921718515302445,73.53613205397747,63.663279970975154,93.2818362199821,333391.0,1.5900000000000318,1.0,3.829999999999984,48.0,0.009551360383051906,1.5900000000000318,10.0,0.004001006542526502,4.0,2.5,0.11694851085655994,-0.0131380113170394,-0.07161226674531937,56.921718515302445,73.53613205397747,63.663279970975154,93.2818362199821,19.812500840652888,20.713680444402975,22.06811922803716,0.04713678523111281,0.09103746333353269,0.17500000000001137,0.0,0.18790000000001328,1.0,5022.0,5022.0,2021-11-08,2021-11-08 11:25:00,1.6661860762508887,350.0,1.0,best_within_2.0d,5371.0,392.17,0.5832424107187206,4.3760036431226785,32.22527881040892,0.012230020343504162,2.285057100371749,15.890706319702602,0.006381710269403211,0.4778067885117472,3.829999999999984,48.0,0.009551360383051906,1.5900000000000318,10.0,0.004001006542526502,4.0,0.00402220134195386,1.9444468750000041,16.553125,0.005470102952261012,1.0,1
5026.0,2021-11-08 11:50:00,398.27,398.35,397.99,398.23,189831.0,2s,2s,1.0,buy,False,0.6221374045801499,4.163492493946733,28.239017640954685,0.011578080659927173,0.023169045679881508,-0.0073766089759046815,0.0042079138640360725,1.0561540567850235e-05,46.3714181046379,55.54241571760446,64.53458158313236,37.55808398654867,189831.0,1.0,1.0,2.6200000000000045,20.0,0.00659949622166248,1.0,6.0,0.0025063284794105117,1.0,2.5,0.023169045679881508,0.0042079138640360725,-0.0073766089759046815,46.3714181046379,55.54241571760446,64.53458158313236,37.55808398654867,20.06716238906272,17.06404413528418,17.06583928940599,-0.01004343786877335,0.09045453403352186,0.08000000000004093,0.2400000000000091,0.03999999999996362,0.0,5027.0,5027.0,2021-11-08,2021-11-08 11:50:00,0.29631117695804104,154.0,1.0,best_within_2.0d,5180.0,399.41,0.5832424107187206,4.3760036431226785,32.22527881040892,0.012230020343504162,2.285057100371749,15.890706319702602,0.006381710269403211,0.6221374045801499,2.6200000000000045,20.0,0.00659949622166248,1.0,6.0,0.0025063284794105117,1.0,0.00402220134195386,1.9444468750000041,16.553125,0.005470102952261012,0.0,0
5028.0,2021-11-08 12:00:00,398.18,398.34,397.79,397.79,226984.0,2s,2s,1.0,buy,False,0.6984732824427408,4.163492493946733,28.239017640954685,0.011578080659927173,-0.08525411333424751,-0.019811692739500328,-0.06243874940662408,-0.0001567414891716971,39.30752495563198,32.44565919018753,50.31247571929495,-3.287973868027322,226984.0,1.1999999999999886,1.0,2.6200000000000045,20.0,0.00659949622166248,1.1999999999999886,8.0,0.0030075941752925853,1.0,2.5,-0.08525411333424751,-0.06243874940662408,-0.019811692739500328,39.30752495563198,32.44565919018753,50.31247571929495,-3.287973868027322,15.11681702521494,21.266646839165443,16.43160568737101,-0.097945652719872,0.13826390809219802,0.15999999999996817,0.0,0.38999999999998636,0.0,5029.0,5029.0,2021-11-08,2021-11-08 12:00:00,0.407250056562509,152.0,1.0,best_within_2.0d,5180.0,399.41,0.5832424107187206,4.3760036431226785,32.22527881040892,0.012230020343504162,2.285057100371749,15.890706319702602,0.006381710269403211,0.6984732824427408,2.6200000000000045,20.0,0.00659949622166248,1.1999999999999886,8.0,0.0030075941752925853,1.0,0.00402220134195386,1.9444468750000041,16.553125,0.005470102952261012,0.0,0
5029.0,2021-11-08 12:05:00,397.82,398.08,397.72,397.98,188891.0,2s,2s,1.0,buy,False,0.7251908396946466,4.163492493946733,28.239017640954685,0.011578080659927173,-0.10069169716397523,-0.032398154884997234,-0.08274400346698485,-0.00020772873869090644,43.359417678568306,28.454586441752173,43.026512626780686,-0.6892659283048488,188891.0,1.2699999999999818,1.0,2.6200000000000045,20.0,0.00659949622166248,1.2699999999999818,9.0,0.003183037168851304,1.0,2.5,-0.10069169716397523,-0.08274400346698485,-0.032398154884997234,43.359417678568306,28.454586441752173,43.026512626780686,-0.6892659283048488,13.315687841257992,22.59122386469518,17.103074875142788,0.04021919461063421,0.09051594086290778,0.0999999999999659,0.0999999999999659,0.160000000000025,1.0,5030.0,5030.0,2021-11-08,2021-11-08 12:05:00,0.3593145384190177,151.0,1.0,best_within_2.0d,5180.0,399.41,0.5832424107187206,4.3760036431226785,32.22527881040892,0.012230020343504162,2.285057100371749,15.890706319702602,0.006381710269403211,0.7251908396946466,2.6200000000000045,20.0,0.00659949622166248,1.2699999999999818,9.0,0.003183037168851304,1.0,0.00402220134195386,1.9444468750000041,16.553125,0.005470102952261012,1.0,0
5036.0,2021-11-08 12:40:00,397.91,398.37,397.8601,398.305,162954.0,2s,2s,0.0,sell,False,0.3159268929503876,4.163492493946733,28.239017640954685,0.011578080659927173,0.002020578009313073,-0.0819282216000116,-0.08091793259535507,-0.00020319348108845873,51.203502638775966,61.21446216173684,48.21857421403401,87.20623805714251,162954.0,0.6499999999999773,1.0,3.829999999999984,48.0,0.009551360383051906,0.6499999999999773,8.0,0.0016343155989137514,5.0,2.5,0.002020578009313073,-0.08091793259535507,-0.0819282216000116,51.203502638775966,61.21446216173684,48.21857421403401,87.20623805714251,7.810653073286467,22.38659869976269,23.68089188966988,0.09926867884697088,0.1281606273159877,0.06499999999999773,0.04990000000003647,0.3949999999999818,1.0,5037.0,5037.0,2021-11-08,2021-11-08 12:40:00,1.540276923463173,335.0,1.0,best_within_2.0d,5371.0,392.17,0.5832424107187206,4.3760036431226785,32.22527881040892,0.012230020343504162,2.285057100371749,15.890706319702602,0.006381710269403211,0.3159268929503876,3.829999999999984,48.0,0.009551360383051906,0.6499999999999773,8.0,0.0016343155989137514,5.0,0.00402220134195386,1.9444468750000041,16.553125,0.005470102952261012,0.0,1
5037.0,2021-11-08 12:45:00,398.31,398.42,398.225,398.24,142146.0,2s,2s,0.0,sell,False,0.3289817232375969,4.163492493946733,28.239017640954685,0.011578080659927173,0.022690081444174726,-0.07909196141948976,-0.0677469206974024,-0.00017011939170983432,50.07175899829086,66.35076698228353,54.26263847011718,90.52702400661624,142146.0,0.6999999999999886,1.0,3.829999999999984,48.0,0.009551360383051906,0.6999999999999886,9.0,0.0017600321834456115,5.0,2.5,0.022690081444174726,-0.0677469206974024,-0.07909196141948976,50.07175899829086,66.35076698228353,54.26263847011718,90.52702400661624,7.646031806277505,23.002618893990963,25.568346980257367,-0.017574251211366316,0.0489672923598451,0.11000000000001364,0.014999999999986358,0.06999999999999318,0.0,5038.0,5038.0,2021-11-08,2021-11-08 12:45:00,1.5242065086380054,334.0,1.0,best_within_2.0d,5371.0,392.17,0.5832424107187206,4.3760036431226785,32.22527881040892,0.012230020343504162,2.285057100371749,15.890706319702602,0.006381710269403211,0.3289817232375969,3.829999999999984,48.0,0.009551360383051906,0.6999999999999886,9.0,0.0017600321834456115,5.0,0.00402220134195386,1.9444468750000041,16.553125,0.005470102952261012,0.0,1
5039.0,2021-11-08 12:55:00,398.28,398.48,398.02,398.42,110313.0,2s,2s,0.0,sell,False,0.3446475195822451,4.163492493946733,28.239017640954685,0.011578080659927173,0.0666293185294625,-0.06627604574961647,-0.032961386484885224,-8.276636619946798e-05,53.38108156729605,77.44034157643738,65.43572433352705,101.44957606225802,110313.0,0.7599999999999909,1.0,3.829999999999984,48.0,0.009551360383051906,0.7599999999999909,11.0,0.0019108920848838148,5.0,2.5,0.0666293185294625,-0.032961386484885224,-0.06627604574961647,53.38108156729605,77.44034157643738,65.43572433352705,101.44957606225802,10.343472892580877,19.495266958506324,27.600741027994115,0.03515114994477333,0.11557208180494358,0.060000000000002274,0.2599999999999909,0.1400000000000432,1.0,5040.0,5040.0,2021-11-08,2021-11-08 12:55:00,1.5686963505848097,332.0,1.0,best_within_2.0d,5371.0,392.17,0.5832424107187206,4.3760036431226785,32.22527881040892,0.012230020343504162,2.285057100371749,15.890706319702602,0.006381710269403211,0.3446475195822451,3.829999999999984,48.0,0.009551360383051906,0.7599999999999909,11.0,0.0019108920848838148,5.0,0.00402220134195386,1.9444468750000041,16.553125,0.005470102952261012,0.0,1
5040.0,2021-11-08 13:00:00,398.43,398.55,398.27,398.39,149999.0,2s,2s,0.0,sell,False,0.36292428198433213,4.163492493946733,28.239017640954685,0.011578080659927173,0.07977768264858962,-0.056303835418542766,-0.01641499409424796,-4.12171090590763e-05,52.75348947853595,77.34118009857599,69.40420958854335,93.21512111864126,149999.0,0.8299999999999841,1.0,3.829999999999984,48.0,0.009551360383051906,0.8299999999999841,12.0,0.0020868953032283618,5.0,2.5,0.07977768264858962,-0.01641499409424796,-0.056303835418542766,52.75348947853595,77.34118009857599,69.40420958854335,93.21512111864126,11.83006039427221,14.853572378167007,26.4386138727154,-0.010039404663308603,0.07030406508148482,0.12000000000000455,0.12000000000000455,0.040000000000020464,0.0,5041.0,5041.0,2021-11-08,2021-11-08 13:00:00,1.5612841687793295,331.0,1.0,best_within_2.0d,5371.0,392.17,0.5832424107187206,4.3760036431226785,32.22527881040892,0.012230020343504162,2.285057100371749,15.890706319702602,0.006381710269403211,0.36292428198433213,3.829999999999984,48.0,0.009551360383051906,0.8299999999999841,12.0,0.0020868953032283618,5.0,0.00402220134195386,1.9444468750000041,16.553125,0.005470102952261012,0.0,1
5042.0,2021-11-08 13:10:00,398.44,398.87,398.35,398.71,169949.0,2s,2s,0.0,sell,False,0.4464751958224508,4.163492493946733,28.239017640954685,0.011578080659927173,0.12637406841820364,-0.029659839721739294,0.03352719448736252,8.417561942892395e-05,58.73503139032249,80.09748060403342,74.87644405424228,90.5395537036157,169949.0,1.1499999999999773,1.0,3.829999999999984,48.0,0.009551360383051906,1.1499999999999773,14.0,0.0028914814442320656,5.0,2.5,0.12637406841820364,0.03352719448736252,-0.029659839721739294,58.73503139032249,80.09748060403342,74.87644405424228,90.5395537036157,18.449534356908764,10.883076148619187,25.390630352670428,0.0677642806947048,0.13053847119366935,0.160000000000025,0.08999999999997499,0.2699999999999818,1.0,5043.0,5043.0,2021-11-08,2021-11-08 13:10:00,1.9011311479521418,382.0,1.0,best_within_2.0d,5424.0,391.13,0.5832424107187206,4.3760036431226785,32.22527881040892,0.012230020343504162,2.285057100371749,15.890706319702602,0.006381710269403211,0.4464751958224508,3.829999999999984,48.0,0.009551360383051906,1.1499999999999773,14.0,0.0028914814442320656,5.0,0.00402220134195386,1.9444468750000041,16.553125,0.005470102952261012,0.0,1
5044.0,2021-11-08 13:20:00,398.8071,398.91,398.72,398.78,85158.0,2s,2s,0.0,sell,False,0.4569190600522212,4.163492493946733,28.239017640954685,0.011578080659927173,0.1656899650767007,0.010785378778845467,0.09363036131719582,0.00023503307782465812,59.63687497830752,85.71986907100161,80.6896802527297,95.78024670754544,85158.0,1.1899999999999977,1.0,3.829999999999984,48.0,0.009551360383051906,1.1899999999999977,16.0,0.0029920547118575825,5.0,2.5,0.1656899650767007,0.09363036131719582,0.010785378778845467,59.63687497830752,85.71986907100161,80.6896802527297,95.78024670754544,19.90885152926864,9.967591654851777,26.384801790974617,-0.00679526517958646,0.047652487961476156,0.10290000000003374,0.05999999999994543,0.027100000000018554,0.0,5045.0,5045.0,2021-11-08,2021-11-08 13:20:00,1.940919805406478,382.0,1.0,best_within_2.0d,5426.0,391.04,0.5832424107187206,4.3760036431226785,32.22527881040892,0.012230020343504162,2.285057100371749,15.890706319702602,0.006381710269403211,0.4569190600522212,3.829999999999984,48.0,0.009551360383051906,1.1899999999999977,16.0,0.0029920547118575825,5.0,0.00402220134195386,1.9444468750000041,16.553125,0.005470102952261012,0.0,1
5045.0,2021-11-08 13:25:00,398.77,398.93,398.67,398.8,93046.0,2s,2s,0.0,sell,False,0.462140992167099,4.163492493946733,28.239017640954685,0.011578080659927173,0.16426055849870447,0.031317948591183524,0.11344822784053576,0.00028475762522384433,60.01216515789742,85.74402928959333,82.37446326501757,92.48316133874488,93046.0,1.2099999999999795,1.0,3.829999999999984,48.0,0.009551360383051906,1.2099999999999795,17.0,0.0030423413456702694,5.0,2.5,0.16426055849870447,0.11344822784053576,0.031317948591183524,60.01216515789742,85.74402928959333,82.37446326501757,92.48316133874488,21.288715616201017,8.230452674898016,27.65992697776511,0.007523133635937899,0.06521684601299092,0.12999999999999545,0.0999999999999659,0.03000000000002956,1.0,5046.0,5046.0,2021-11-08,2021-11-08 13:25:00,1.9458375125376106,381.0,1.0,best_within_2.0d,5426.0,391.04,0.5832424107187206,4.3760036431226785,32.22527881040892,0.012230020343504162,2.285057100371749,15.890706319702602,0.006381710269403211,0.462140992167099,3.829999999999984,48.0,0.009551360383051906,1.2099999999999795,17.0,0.0030423413456702694,5.0,0.00402220134195386,1.9444468750000041,16.553125,0.005470102952261012,0.0,1
5049.0,2021-11-08 13:45:00,398.69,398.94,398.56,398.81,140119.0,2s,2s,0.0,sell,False,0.4647519582245379,4.163492493946733,28.239017640954685,0.011578080659927173,0.08963227069480009,0.08366059119639489,0.12847672654379494,0.0003224151611582558,59.14378209667879,74.39810916067236,76.26830402049853,70.65771944102002,140119.0,1.2199999999999704,1.0,3.829999999999984,48.0,0.009551360383051906,1.2199999999999704,21.0,0.0030674846625766126,5.0,2.5,0.08963227069480009,0.12847672654379494,0.08366059119639489,59.14378209667879,74.39810916067236,76.26830402049853,70.65771944102002,22.584287788352594,10.817412946789757,28.499934336238784,0.03009857282600631,0.09534323564833286,0.12999999999999545,0.12999999999999545,0.12000000000000455,1.0,5050.0,5050.0,2021-11-08,2021-11-08 13:45:00,2.020987437626947,382.0,1.0,best_within_2.0d,5431.0,390.7501,0.5832424107187206,4.3760036431226785,32.22527881040892,0.012230020343504162,2.285057100371749,15.890706319702602,0.006381710269403211,0.4647519582245379,3.829999999999984,48.0,0.009551360383051906,1.2199999999999704,21.0,0.0030674846625766126,5.0,0.00402220134195386,1.9444468750000041,16.553125,0.005470102952261012,0.0,1
5050.0,2021-11-08 13:50:00,398.81,398.98,398.785,398.92,163890.0,2s,2s,0.0,sell,False,0.4751958224543083,4.163492493946733,28.239017640954685,0.011578080659927173,0.09595009605720312,0.09565435320354529,0.14362940123214685,0.0003604118040007894,61.475549891209276,79.75746959917825,77.43135921339177,84.4096903707512,163890.0,1.259999999999991,1.0,3.829999999999984,48.0,0.009551360383051906,1.259999999999991,22.0,0.003168057930202129,5.0,2.5,0.09595009605720312,0.14362940123214685,0.09565435320354529,61.475549891209276,79.75746959917825,77.43135921339177,84.4096903707512,23.85448762548469,11.663850511878772,28.91580282550371,0.02758205661844328,0.04889852928269447,0.060000000000002274,0.024999999999977263,0.11000000000001364,1.0,5051.0,5051.0,2021-11-08,2021-11-08 13:50:00,2.1354908252281235,382.0,1.0,best_within_2.0d,5432.0,390.4011,0.5832424107187206,4.3760036431226785,32.22527881040892,0.012230020343504162,2.285057100371749,15.890706319702602,0.006381710269403211,0.4751958224543083,3.829999999999984,48.0,0.009551360383051906,1.259999999999991,22.0,0.003168057930202129,5.0,0.00402220134195386,1.9444468750000041,16.553125,0.005470102952261012,1.0,1
5055.0,2021-11-08 14:15:00,398.91,399.37,398.84,399.209,329318.0,1,"1,2s",0.0,sell,False,1.7127533711308918,1.6499999999999773,27.0,0.00414864728955038,0.07909551255063108,0.13790793169354337,0.1774556879688589,0.0004451391959681701,65.92293051029046,79.4670127198477,78.02876287205919,82.34351241542473,329318.0,1.6499999999999773,1.0,1.6499999999999773,27.0,0.00414864728955038,1.6499999999999773,27.0,0.00414864728955038,1.0,1.0,0.07909551255063108,0.1774556879688589,0.13790793169354337,65.92293051029046,79.4670127198477,78.02876287205919,82.34351241542473,29.77593608098939,7.925361653558909,33.93138164838463,0.07495425033214964,0.13288536756594865,0.16100000000000136,0.07000000000005002,0.29899999999997817,1.0,5056.0,5056.0,2021-11-08,2021-11-08 14:15:00,2.366930605271928,382.0,1.0,best_within_2.0d,5437.0,389.76,0.5832424107187206,4.3760036431226785,32.22527881040892,0.012230020343504162,2.285057100371749,15.890706319702602,0.006381710269403211,0.5770234986945141,3.829999999999984,48.0,0.009551360383051906,1.6499999999999773,27.0,0.00414864728955038,5.0,0.00402220134195386,1.9444468750000041,16.553125,0.005470102952261012,1.0,1
5055.0,2021-11-08 14:15:00,398.91,399.37,398.84,399.209,329318.0,2s,"1,2s",0.0,sell,False,1.7127533711308918,1.6499999999999773,27.0,0.00414864728955038,0.07909551255063108,0.13790793169354337,0.1774556879688589,0.0004451391959681701,65.92293051029046,79.4670127198477,78.02876287205919,82.34351241542473,329318.0,1.6499999999999773,1.0,1.6499999999999773,27.0,0.00414864728955038,1.6499999999999773,27.0,0.00414864728955038,1.0,1.0,0.07909551255063108,0.1774556879688589,0.13790793169354337,65.92293051029046,79.4670127198477,78.02876287205919,82.34351241542473,29.77593608098939,7.925361653558909,33.93138164838463,0.07495425033214964,0.13288536756594865,0.16100000000000136,0.07000000000005002,0.29899999999997817,1.0,5056.0,5056.0,2021-11-08,2021-11-08 14:15:00,2.366930605271928,382.0,1.0,best_within_2.0d,5437.0,389.76,0.5832424107187206,4.3760036431226785,32.22527881040892,0.012230020343504162,2.285057100371749,15.890706319702602,0.006381710269403211,0.5770234986945141,3.829999999999984,48.0,0.009551360383051906,1.6499999999999773,27.0,0.00414864728955038,5.0,0.00402220134195386,1.9444468750000041,16.553125,0.005470102952261012,1.0,1
5072.0,2021-11-08 15:40:00,398.5,398.5,397.891,397.96,333909.0,2s,2s,1.0,buy,False,0.6599236641221305,4.163492493946733,28.239017640954685,0.011578080659927173,-0.18148490027017058,0.03912264846380607,-0.05161980167127922,-0.00012948412153428795,32.696434276061154,19.687829672525687,32.884390040348705,-6.705291063120349,333909.0,1.478999999999985,1.0,2.6200000000000045,20.0,0.00659949622166248,1.478999999999985,18.0,0.003703332749079763,2.0,2.5,-0.18148490027017058,-0.05161980167127922,0.03912264846380607,32.696434276061154,19.687829672525687,32.884390040348705,-6.705291063120349,12.342187138413182,27.744208171555652,24.270007420952815,-0.13550815558344304,0.15305699299556422,0.0,0.06899999999995998,0.5400000000000205,0.0,5073.0,5073.0,2021-11-08,2021-11-08 15:40:00,0.3643582269574946,108.0,1.0,best_within_2.0d,5180.0,399.41,0.5832424107187206,4.3760036431226785,32.22527881040892,0.012230020343504162,2.285057100371749,15.890706319702602,0.006381710269403211,0.6599236641221305,2.6200000000000045,20.0,0.00659949622166248,1.478999999999985,18.0,0.003703332749079763,2.0,0.00402220134195386,1.9444468750000041,16.553125,0.005470102952261012,0.0,0
5073.0,2021-11-08 15:45:00,397.95,398.01,397.5,397.66,685665.0,2s,2s,1.0,buy,False,0.8091603053435118,4.163492493946733,28.239017640954685,0.011578080659927173,-0.25978344470273096,0.0066497178759647,-0.12324200447540079,-0.000309199959859424,28.45384018584518,16.645571816887895,27.471450632528434,-5.006185814393184,685665.0,1.8700000000000045,1.0,2.6200000000000045,20.0,0.00659949622166248,1.8700000000000045,19.0,0.004682374740215851,2.0,2.5,-0.25978344470273096,-0.12324200447540079,0.0066497178759647,28.45384018584518,16.645571816887895,27.471450632528434,-5.006185814393184,11.390602752729588,34.883720930232336,26.1628090886868,-0.07287347656739883,0.12830188679245055,0.060000000000002274,0.160000000000025,0.2899999999999636,0.0,5074.0,5074.0,2021-11-08,2021-11-08 15:45:00,0.4400744354473671,107.0,1.0,best_within_2.0d,5180.0,399.41,0.5832424107187206,4.3760036431226785,32.22527881040892,0.012230020343504162,2.285057100371749,15.890706319702602,0.006381710269403211,0.8091603053435118,2.6200000000000045,20.0,0.00659949622166248,1.8700000000000045,19.0,0.004682374740215851,2.0,0.00402220134195386,1.9444468750000041,16.553125,0.005470102952261012,0.0,0
5076.0,2021-11-08 16:00:00,398.06,398.13,397.41,397.73,522902.0,2s,2s,1.0,buy,False,0.8435114503816701,4.163492493946733,28.239017640954685,0.011578080659927173,-0.23104173981094062,-0.07642674661640222,-0.19194761652187253,-0.00048172211352037595,35.89525139198571,26.832778332976886,27.803817003223298,24.890700992484064,522902.0,1.9599999999999795,1.0,2.6200000000000045,20.0,0.00659949622166248,1.9599999999999795,22.0,0.004907729674236872,2.0,2.5,-0.23104173981094062,-0.19194761652187253,-0.07642674661640222,35.89525139198571,26.832778332976886,27.803817003223298,24.890700992484064,8.382549056963422,38.10249571346922,31.488085528337926,-0.0829020750640567,0.18117309579526697,0.06999999999999318,0.3199999999999932,0.3299999999999841,0.0,5077.0,5077.0,2021-11-08,2021-11-08 16:00:00,0.4223971035627201,104.0,1.0,best_within_2.0d,5180.0,399.41,0.5832424107187206,4.3760036431226785,32.22527881040892,0.012230020343504162,2.285057100371749,15.890706319702602,0.006381710269403211,0.8435114503816701,2.6200000000000045,20.0,0.00659949622166248,1.9599999999999795,22.0,0.004907729674236872,2.0,0.00402220134195386,1.9444468750000041,16.553125,0.005470102952261012,1.0,0
5114.0,2021-11-08 19:15:00,397.4,397.44,397.25,397.26,15209.0,2s,2s,1.0,buy,False,0.9045801526717558,4.163492493946733,28.239017640954685,0.011578080659927173,-0.016055372920125904,-0.09577407608073447,-0.10380176254079743,-0.0002610012453753681,32.332430826859905,26.840676423656053,43.00871616230633,-5.495403053644495,15209.0,2.1200000000000045,1.0,2.6200000000000045,20.0,0.00659949622166248,2.1200000000000045,60.0,0.005308360668052193,2.0,2.5,-0.016055372920125904,-0.10380176254079743,-0.09577407608073447,32.332430826859905,26.840676423656053,43.00871616230633,-5.495403053644495,22.352941176469724,46.47058823529742,23.30923650710661,-0.03522898842475752,0.04782882315921906,0.040000000000020464,0.009999999999990905,0.13999999999998636,0.0,5115.0,5115.0,2021-11-08,2021-11-08 19:15:00,0.5412072697981257,66.0,1.0,best_within_2.0d,5180.0,399.41,0.5832424107187206,4.3760036431226785,32.22527881040892,0.012230020343504162,2.285057100371749,15.890706319702602,0.006381710269403211,0.9045801526717558,2.6200000000000045,20.0,0.00659949622166248,2.1200000000000045,60.0,0.005308360668052193,2.0,0.00402220134195386,1.9444468750000041,16.553125,0.005470102952261012,0.0,0
5116.0,2021-11-08 19:25:00,397.32,397.32,397.04,397.08,8001.0,2s,2s,1.0,buy,False,0.9847328244274731,4.163492493946733,28.239017640954685,0.011578080659927173,-0.07702986692050523,-0.11013247132927592,-0.14864740478952854,-0.0003738311501086859,29.408992093754904,15.686152858843394,29.036944965984027,-11.015431355437869,8001.0,2.329999999999984,1.0,2.6200000000000045,20.0,0.00659949622166248,2.329999999999984,62.0,0.00583418884743467,2.0,2.5,-0.07702986692050523,-0.14864740478952854,-0.11013247132927592,29.408992093754904,15.686152858843394,29.036944965984027,-11.015431355437869,20.879120879120055,52.747252747256425,25.514217727094028,-0.06040471156750455,0.07052186177714403,0.0,0.03999999999996362,0.2400000000000091,0.0,5117.0,5117.0,2021-11-08,2021-11-08 19:25:00,0.5867835196937748,64.0,1.0,best_within_2.0d,5180.0,399.41,0.5832424107187206,4.3760036431226785,32.22527881040892,0.012230020343504162,2.285057100371749,15.890706319702602,0.006381710269403211,0.9847328244274731,2.6200000000000045,20.0,0.00659949622166248,2.329999999999984,62.0,0.00583418884743467,2.0,0.00402220134195386,1.9444468750000041,16.553125,0.005470102952261012,0.0,0
5117.0,2021-11-08 19:30:00,397.08,397.13,397.01,397.02,4762.0,2s,2s,1.0,buy,False,0.9961832061068737,4.163492493946733,28.239017640954685,0.011578080659927173,-0.1032069849824499,-0.12303334445208217,-0.17463683694330712,-0.0004392417027985045,28.16997184943213,10.845032138453377,22.97297402347381,-13.41085163158749,4762.0,2.3600000000000136,1.0,2.6200000000000045,20.0,0.00659949622166248,2.3600000000000136,63.0,0.005909307158775105,2.0,2.5,-0.1032069849824499,-0.17463683694330712,-0.12303334445208217,28.16997184943213,10.845032138453377,22.97297402347381,-13.41085163158749,22.222222222221482,49.70760233918488,26.421158040432,-0.015110305228166183,0.03022593889322802,0.05000000000001137,0.009999999999990905,0.060000000000002274,0.0,5118.0,5118.0,2021-11-08,2021-11-08 19:30:00,0.6019847866606326,63.0,1.0,best_within_2.0d,5180.0,399.41,0.5832424107187206,4.3760036431226785,32.22527881040892,0.012230020343504162,2.285057100371749,15.890706319702602,0.006381710269403211,0.9961832061068737,2.6200000000000045,20.0,0.00659949622166248,2.3600000000000136,63.0,0.005909307158775105,2.0,0.00402220134195386,1.9444468750000041,16.553125,0.005470102952261012,1.0,0
5119.0,2021-11-08 19:40:00,399.0,399.2,398.69,398.7381,243519.0,1p,1p,0.0,sell,False,1.4184819080590638,2.2099999999999795,23.0,0.005566890853673844,0.03294192810974739,0.3775649653034505,0.3940359293583242,0.0009894659344243685,60.92753133653819,76.67491931370074,81.45020080844145,67.12435632421932,243519.0,2.2099999999999795,0.0,2.2099999999999795,23.0,0.005566890853673844,2.2099999999999795,0.0,0.0,1.0,1.0,0.03294192810974739,0.3940359293583242,0.3775649653034505,60.92753133653819,76.67491931370074,81.45020080844145,67.12435632421932,30.053908355796498,20.889487870619256,27.991442351750948,-0.06563909774436731,0.1279189345105197,0.19999999999998863,0.04809999999997672,0.26190000000002556,0.0,5120.0,5120.0,2021-11-08,2021-11-08 19:40:00,2.7607344269333574,323.0,1.0,best_within_2.0d,5442.0,387.73,0.5832424107187206,4.3760036431226785,32.22527881040892,0.012230020343504162,2.285057100371749,15.890706319702602,0.006381710269403211,0.4929364202292669,5.6011759621451125,36.843533123028394,0.015614239272951093,2.82998018927445,22.52492113564669,0.007835530045022196,1.8630914826498424,0.00402220134195386,1.9444468750000041,16.553125,0.005470102952261012,0.0,1
5123.0,2021-11-09 04:00:00,398.0,398.41,398.0,398.33,7110.0,2,2,0.0,sell,False,0.5932203389830619,4.163492493946733,28.239017640954685,0.011578080659927173,0.12313863046585816,-0.15289054138037184,-0.09132122614744276,-0.00022973655737740353,69.03933507207537,42.97961038089057,25.783630459545613,77.37157022358049,7110.0,1.400000000000034,1.0,2.3600000000000136,63.0,0.005909307158775105,1.400000000000034,7.0,0.003526359537543221,2.0,2.0,0.12313863046585816,-0.09132122614744276,-0.15289054138037184,69.03933507207537,42.97961038089057,25.783630459545613,77.37157022358049,47.297297297298776,32.09459459459828,33.08191633209522,0.08291457286431761,0.1030150753768907,0.08000000000004093,0.0,0.3299999999999841,1.0,5124.0,5124.0,2021-11-09,2021-11-09 04:00:00,2.661110134812835,319.0,1.0,best_within_2.0d,5442.0,387.73,0.5932203389830619,2.3600000000000136,63.0,0.005909307158775105,1.400000000000034,7.0,0.003526359537543221,0.4929364202292669,5.6011759621451125,36.843533123028394,0.015614239272951093,2.82998018927445,22.52492113564669,0.007835530045022196,1.8630914826498424,0.00402220134195386,1.9444468750000041,16.553125,0.005470102952261012,0.0,1
5125.0,2021-11-09 04:10:00,398.26,398.44,398.26,398.37,12541.0,2,2,0.0,sell,False,0.6059322033898299,4.163492493946733,28.239017640954685,0.011578080659927173,0.28152382657624797,-0.09051655853543424,0.050245354752689764,0.0001263652297665773,68.54038371664143,70.64495060107481,47.98881448219285,115.95722283883873,12541.0,1.4300000000000068,1.0,2.3600000000000136,63.0,0.005909307158775105,1.4300000000000068,9.0,0.0036019243847762194,2.0,2.0,0.28152382657624797,0.050245354752689764,-0.09051655853543424,68.54038371664143,70.64495060107481,47.98881448219285,115.95722283883873,52.249134948098785,27.33564013841111,32.60818972607259,0.027620147642247184,0.04519660523276423,0.06999999999999318,0.0,0.11000000000001364,1.0,5126.0,5126.0,2021-11-09,2021-11-09 04:10:00,2.670883851695656,317.0,1.0,best_within_2.0d,5442.0,387.73,0.6059322033898299,2.3600000000000136,63.0,0.005909307158775105,1.4300000000000068,9.0,0.0036019243847762194,0.4929364202292669,5.6011759621451125,36.843533123028394,0.015614239272951093,2.82998018927445,22.52492113564669,0.007835530045022196,1.8630914826498424,0.00402220134195386,1.9444468750000041,16.553125,0.005470102952261012,0.0,1
5126.0,2021-11-09 04:15:00,398.4,398.5,398.36,398.39,30335.0,2,2,0.0,sell,False,0.63135593220339,4.163492493946733,28.239017640954685,0.011578080659927173,0.31111796176725237,-0.05162681331452769,0.10393216756909851,0.00026134811601291727,68.84980705982157,77.95248958990545,57.976706184763714,117.90405640018895,30335.0,1.490000000000009,1.0,2.3600000000000136,63.0,0.005909307158775105,1.490000000000009,10.0,0.0037530540792423597,2.0,2.0,0.31111796176725237,0.10393216756909851,-0.05162681331452769,68.84980705982157,77.95248958990545,57.976706184763714,117.90405640018895,52.50836120401489,26.42140468227675,32.639808135469124,-0.0025100401606402874,0.035144090772162455,0.10000000000002274,0.029999999999972715,0.009999999999990905,0.0,5127.0,5127.0,2021-11-09,2021-11-09 04:15:00,2.6757699741459295,316.0,1.0,best_within_2.0d,5442.0,387.73,0.63135593220339,2.3600000000000136,63.0,0.005909307158775105,1.490000000000009,10.0,0.0037530540792423597,0.4929364202292669,5.6011759621451125,36.843533123028394,0.015614239272951093,2.82998018927445,22.52492113564669,0.007835530045022196,1.8630914826498424,0.00402220134195386,1.9444468750000041,16.553125,0.005470102952261012,1.0,1
5132.0,2021-11-09 04:45:00,398.48,398.61,398.48,398.56,51426.0,2,2,0.0,sell,False,0.677966101694921,4.163492493946733,28.239017640954685,0.011578080659927173,0.20515846213381694,0.14602687358034294,0.2486061046472514,0.0006246925707997833,71.72775380550883,90.23781700982676,87.42377730430607,95.86589642086813,51426.0,1.6000000000000227,1.0,2.3600000000000136,63.0,0.005909307158775105,1.6000000000000227,16.0,0.0040301251857636404,2.0,2.0,0.20515846213381694,0.2486061046472514,0.14602687358034294,71.72775380550883,90.23781700982676,87.42377730430607,95.86589642086813,70.63492063492073,6.349206349207244,45.75876776187028,0.020076289901622184,0.032623971090141396,0.05000000000001137,0.0,0.07999999999998408,1.0,5133.0,5133.0,2021-11-09,2021-11-09 04:45:00,2.717282215977515,310.0,1.0,best_within_2.0d,5442.0,387.73,0.677966101694921,2.3600000000000136,63.0,0.005909307158775105,1.6000000000000227,16.0,0.0040301251857636404,0.4929364202292669,5.6011759621451125,36.843533123028394,0.015614239272951093,2.82998018927445,22.52492113564669,0.007835530045022196,1.8630914826498424,0.00402220134195386,1.9444468750000041,16.553125,0.005470102952261012,0.0,1
5133.0,2021-11-09 04:50:00,398.61,398.61,398.55,398.55,21600.0,2,2,0.0,sell,False,0.677966101694921,4.163492493946733,28.239017640954685,0.011578080659927173,0.17753153966088497,0.16821831603795356,0.25698408586839605,0.000645674355620797,71.21402984966173,87.77759229226561,87.54171563362591,88.24934560954503,21600.0,1.6000000000000227,1.0,2.3600000000000136,63.0,0.005909307158775105,1.6000000000000227,17.0,0.0040301251857636404,2.0,2.0,0.17753153966088497,0.25698408586839605,0.16821831603795356,71.21402984966173,87.77759229226561,87.54171563362591,88.24934560954503,70.07874015747934,6.2992125984259895,48.4549382531062,-0.015052306766012461,0.015054572826496618,0.0,0.0,0.060000000000002274,0.0,5134.0,5134.0,2021-11-09,2021-11-09 04:50:00,2.7148412997114524,309.0,1.0,best_within_2.0d,5442.0,387.73,0.677966101694921,2.3600000000000136,63.0,0.005909307158775105,1.6000000000000227,17.0,0.0040301251857636404,0.4929364202292669,5.6011759621451125,36.843533123028394,0.015614239272951093,2.82998018927445,22.52492113564669,0.007835530045022196,1.8630914826498424,0.00402220134195386,1.9444468750000041,16.553125,0.005470102952261012,0.0,1
5134.0,2021-11-09 04:55:00,398.6,398.61,398.6,398.61,799.0,2,2,0.0,sell,False,0.677966101694921,4.163492493946733,28.239017640954685,0.011578080659927173,0.1554999143148919,0.18765580532731505,0.265405762484761,0.0006667592765045256,72.48727527340387,91.85172819484373,88.97838648736519,97.59841160980079,799.0,1.6000000000000227,1.0,2.3600000000000136,63.0,0.005909307158775105,1.6000000000000227,18.0,0.0040301251857636404,2.0,2.0,0.1554999143148919,0.265405762484761,0.18765580532731505,72.48727527340387,91.85172819484373,88.97838648736519,97.59841160980079,68.8976377952735,6.2992125984259895,50.940019327771964,0.0025087807325616922,0.0025087807325616922,0.0,0.0,0.009999999999990905,1.0,5135.0,5135.0,2021-11-09,2021-11-09 04:55:00,2.729484960236822,308.0,1.0,best_within_2.0d,5442.0,387.73,0.677966101694921,2.3600000000000136,63.0,0.005909307158775105,1.6000000000000227,18.0,0.0040301251857636404,0.4929364202292669,5.6011759621451125,36.843533123028394,0.015614239272951093,2.82998018927445,22.52492113564669,0.007835530045022196,1.8630914826498424,0.00402220134195386,1.9444468750000041,16.553125,0.005470102952261012,0.0,1
5137.0,2021-11-09 05:10:00,398.61,398.78,398.61,398.78,31443.0,2,2,0.0,sell,False,0.749999999999988,4.163492493946733,28.239017640954685,0.011578080659927173,0.09690584405912012,0.22792089356746584,0.2763738155970259,0.0006940971448419513,75.23873966551585,94.41109406830918,91.67453133440776,99.88421953611203,31443.0,1.7699999999999818,1.0,2.3600000000000136,63.0,0.005909307158775105,1.7699999999999818,21.0,0.004458325986750918,2.0,2.0,0.09690584405912012,0.2763738155970259,0.22792089356746584,75.23873966551585,94.41109406830918,91.67453133440776,99.88421953611203,49.6183206106852,8.396946564886523,56.66547102902626,0.042648202503690086,0.042648202503690086,0.0,0.0,0.16999999999995907,1.0,5138.0,5138.0,2021-11-09,2021-11-09 05:10:00,2.7709514017754038,305.0,1.0,best_within_2.0d,5442.0,387.73,0.749999999999988,2.3600000000000136,63.0,0.005909307158775105,1.7699999999999818,21.0,0.004458325986750918,0.4929364202292669,5.6011759621451125,36.843533123028394,0.015614239272951093,2.82998018927445,22.52492113564669,0.007835530045022196,1.8630914826498424,0.00402220134195386,1.9444468750000041,16.553125,0.005470102952261012,0.0,1
5138.0,2021-11-09 05:15:00,398.78,398.84,398.73,398.79,9569.0,2,2,0.0,sell,False,0.775423728813548,4.163492493946733,28.239017640954685,0.011578080659927173,0.08768008401071742,0.2388809040688055,0.2827209460741642,0.0007099566969699821,75.44044706391772,92.65087430641215,91.99997899174255,93.95266493575133,9569.0,1.829999999999984,1.0,2.3600000000000136,63.0,0.005909307158775105,1.829999999999984,22.0,0.004609455681217058,2.0,2.0,0.08768008401071742,0.2827209460741642,0.2388809040688055,75.44044706391772,92.65087430641215,91.99997899174255,93.95266493575133,52.5925925925924,8.148148148149364,57.84441822033249,0.0025076483274105396,0.02758759060014466,0.049999999999954525,0.049999999999954525,0.010000000000047748,1.0,5139.0,5139.0,2021-11-09,2021-11-09 05:15:00,2.7733895032473237,304.0,1.0,best_within_2.0d,5442.0,387.73,0.775423728813548,2.3600000000000136,63.0,0.005909307158775105,1.829999999999984,22.0,0.004609455681217058,0.4929364202292669,5.6011759621451125,36.843533123028394,0.015614239272951093,2.82998018927445,22.52492113564669,0.007835530045022196,1.8630914826498424,0.00402220134195386,1.9444468750000041,16.553125,0.005470102952261012,1.0,1
5150.0,2021-11-09 06:15:00,398.79,399.0,398.79,399.0,3266.0,2,2,0.0,sell,False,0.8432203389830498,4.163492493946733,28.239017640954685,0.011578080659927173,-0.03464676201830208,0.21244581099587595,0.1951224299867249,0.0004895833830047661,71.14015938412369,73.8074911433308,67.62440991598501,86.17365359802236,3266.0,1.990000000000009,1.0,2.3600000000000136,63.0,0.005909307158775105,1.990000000000009,34.0,0.0050124681997934795,2.0,2.0,-0.03464676201830208,0.1951224299867249,0.21244581099587595,71.14015938412369,73.8074911433308,67.62440991598501,86.17365359802236,49.99999999999588,23.913043478259794,39.05724605863094,0.052659294365450374,0.052659294365450374,0.0,0.0,0.20999999999997954,1.0,5151.0,5151.0,2021-11-09,2021-11-09 06:15:00,2.8245614035087674,292.0,1.0,best_within_2.0d,5442.0,387.73,0.8432203389830498,2.3600000000000136,63.0,0.005909307158775105,1.990000000000009,34.0,0.0050124681997934795,0.4929364202292669,5.6011759621451125,36.843533123028394,0.015614239272951093,2.82998018927445,22.52492113564669,0.007835530045022196,1.8630914826498424,0.00402220134195386,1.9444468750000041,16.553125,0.005470102952261012,0.0,1
5151.0,2021-11-09 06:20:00,399.08,399.08,398.93,398.93,7998.0,2,2,0.0,sell,False,0.8771186440677886,4.163492493946733,28.239017640954685,0.011578080659927173,-0.026978300082308837,0.20907352348558733,0.1955843734444329,0.0004907076008812751,66.88443359270968,70.91042045214495,68.71974676137165,75.29176783369155,7998.0,2.069999999999993,1.0,2.3600000000000136,63.0,0.005909307158775105,2.069999999999993,35.0,0.005213974459081618,2.0,2.0,-0.026978300082308837,0.1955843734444329,0.20907352348558733,66.88443359270968,70.91042045214495,68.71974676137165,75.29176783369155,43.283582089547615,24.626865671641063,38.229766159623296,-0.037586448832308626,0.03760058155565569,0.0,0.0,0.14999999999997726,0.0,5152.0,5152.0,2021-11-09,2021-11-09 06:20:00,2.807510089489381,291.0,1.0,best_within_2.0d,5442.0,387.73,0.8771186440677886,2.3600000000000136,63.0,0.005909307158775105,2.069999999999993,35.0,0.005213974459081618,0.4929364202292669,5.6011759621451125,36.843533123028394,0.015614239272951093,2.82998018927445,22.52492113564669,0.007835530045022196,1.8630914826498424,0.00402220134195386,1.9444468750000041,16.553125,0.005470102952261012,1.0,1
5158.0,2021-11-09 06:55:00,398.8,398.81,398.76,398.76,1400.0,2s,2s,1.0,buy,False,0.32824427480916496,4.163492493946733,28.239017640954685,0.011578080659927173,-0.0718386001447684,0.1673502995899746,0.1314309995175904,0.0003296566997650885,54.82253457978314,30.794025522577687,45.266593428059394,1.8488897116142766,1400.0,0.3199999999999932,1.0,2.6200000000000045,20.0,0.00659949622166248,0.3199999999999932,8.0,0.0008018442417560218,3.0,2.5,-0.0718386001447684,0.1314309995175904,0.1673502995899746,54.82253457978314,30.794025522577687,45.266593428059394,1.8488897116142766,34.99999999999858,30.000000000002842,30.59907408853855,-0.010030090270817568,0.012538870498548342,0.009999999999990905,0.0,0.040000000000020464,0.0,5159.0,5159.0,2021-11-09,2021-11-09 06:55:00,0.16300531648109995,22.0,1.0,best_within_2.0d,5180.0,399.41,0.5832424107187206,4.3760036431226785,32.22527881040892,0.012230020343504162,2.285057100371749,15.890706319702602,0.006381710269403211,0.32824427480916496,2.6200000000000045,20.0,0.00659949622166248,0.3199999999999932,8.0,0.0008018442417560218,3.0,0.00402220134195386,1.9444468750000041,16.553125,0.005470102952261012,0.0,0
5159.0,2021-11-09 07:00:00,398.7,398.7,398.61,398.67,11348.0,2s,2s,1.0,buy,False,0.38549618320610274,4.163492493946733,28.239017640954685,0.011578080659927173,-0.09244160944086505,0.15579509840986647,0.10957429368943394,0.00027483651385670245,49.483308977438206,24.784669497321723,38.43928545114683,-2.5245624103284854,11348.0,0.46999999999997044,1.0,2.6200000000000045,20.0,0.00659949622166248,0.46999999999997044,9.0,0.001177708730079108,3.0,2.5,-0.09244160944086505,0.10957429368943394,0.15579509840986647,49.483308977438206,24.784669497321723,38.43928545114683,-2.5245624103284854,28.90624999999781,39.84375000000191,29.549789575721295,-0.007524454477043571,0.02257846014901156,0.0,0.060000000000002274,0.029999999999972715,0.0,5160.0,5160.0,2021-11-09,2021-11-09 07:00:00,0.185617177113906,21.0,1.0,best_within_2.0d,5180.0,399.41,0.5832424107187206,4.3760036431226785,32.22527881040892,0.012230020343504162,2.285057100371749,15.890706319702602,0.006381710269403211,0.38549618320610274,2.6200000000000045,20.0,0.00659949622166248,0.46999999999997044,9.0,0.001177708730079108,3.0,0.00402220134195386,1.9444468750000041,16.553125,0.005470102952261012,1.0,0
5163.0,2021-11-09 07:20:00,398.54,398.91,398.5,398.86,13823.0,3a,3a,1.0,buy,False,0.0011306532663316296,4.163492493946733,28.239017640954685,0.011578080659927173,-0.38677258470674014,0.12240725252697242,-0.07097903982639764,-0.00017771386157265984,36.530358079722056,11.128662864166268,10.485584851758071,12.414818888982662,13823.0,1.8700000000000045,2.0,1.8700000000000045,15.0,0.0046706796213502625,1.8700000000000045,15.0,0.0046706796213502625,3.0,3.0,-0.38677258470674014,-0.07097903982639764,0.12240725252697242,36.530358079722056,11.128662864166268,10.485584851758071,12.414818888982662,0.0,59.72696245733891,60.72108393584036,0.08029306970441942,0.10288582183187579,0.05000000000001137,0.040000000000020464,0.3199999999999932,1.0,5164.0,5164.0,2021-11-09,2021-11-09 07:20:00,0.13789299503585503,17.0,1.0,best_within_2.0d,5180.0,399.41,0.5832424107187206,4.3760036431226785,32.22527881040892,0.012230020343504162,2.285057100371749,15.890706319702602,0.006381710269403211,0.4929364202292669,5.6011759621451125,36.843533123028394,0.015614239272951093,2.82998018927445,22.52492113564669,0.007835530045022196,1.8630914826498424,0.0011306532663316296,1.8700000000000045,15.0,0.0046706796213502625,0.0,0
5166.0,2021-11-09 07:35:00,398.67,398.67,398.56,398.62,7509.0,2s,2s,1.0,buy,False,0.4045801526717559,4.163492493946733,28.239017640954685,0.011578080659927173,-0.08728597953540945,0.0847994515257827,0.04115646175807797,0.00010322418098952611,44.43041778672784,35.68404623878529,41.979102627642604,23.093933461070662,7509.0,0.5199999999999818,1.0,2.6200000000000045,20.0,0.00659949622166248,0.5199999999999818,16.0,0.0013029968928535177,3.0,2.5,-0.08728597953540945,0.04115646175807797,0.0847994515257827,44.43041778672784,35.68404623878529,41.979102627642604,23.093933461070662,15.32846715328664,48.17518248174734,27.199591405987633,-0.012541701156347696,0.027599357687679058,0.0,0.060000000000002274,0.05000000000001137,0.0,5167.0,5167.0,2021-11-09,2021-11-09 07:35:00,0.19818373388189764,14.0,1.0,best_within_2.0d,5180.0,399.41,0.5832424107187206,4.3760036431226785,32.22527881040892,0.012230020343504162,2.285057100371749,15.890706319702602,0.006381710269403211,0.4045801526717559,2.6200000000000045,20.0,0.00659949622166248,0.5199999999999818,16.0,0.0013029968928535177,3.0,0.00402220134195386,1.9444468750000041,16.553125,0.005470102952261012,0.0,0
5168.0,2021-11-09 07:45:00,398.59,398.59,398.21,398.42,32671.0,2s,2s,1.0,buy,False,0.5381679389313063,4.163492493946733,28.239017640954685,0.011578080659927173,-0.11821627294131798,0.05812088813789634,-0.000987248332762647,-2.47629346214124e-06,34.551062946819044,27.764338010887926,33.83360428621052,15.62580546024273,32671.0,0.8700000000000045,1.0,2.6200000000000045,20.0,0.00659949622166248,0.8700000000000045,18.0,0.0021800140322742424,3.0,2.5,-0.11821627294131798,-0.000987248332762647,0.05812088813789634,34.551062946819044,27.764338010887926,33.83360428621052,15.62580546024273,17.112299465239193,52.40641711229712,29.147329196261268,-0.04265034245715123,0.09542703598603638,0.0,0.21000000000003638,0.16999999999995907,0.0,5169.0,5169.0,2021-11-09,2021-11-09 07:45:00,0.24848150193263618,12.0,1.0,best_within_2.0d,5180.0,399.41,0.5832424107187206,4.3760036431226785,32.22527881040892,0.012230020343504162,2.285057100371749,15.890706319702602,0.006381710269403211,0.5381679389313063,2.6200000000000045,20.0,0.00659949622166248,0.8700000000000045,18.0,0.0021800140322742424,3.0,0.00402220134195386,1.9444468750000041,16.553125,0.005470102952261012,1.0,0
5177.0,2021-11-09 08:30:00,398.77,399.08,398.77,399.05,40999.0,2s,2s,0.0,sell,False,0.8771186440677886,4.163492493946733,28.239017640954685,0.011578080659927173,0.06996823911572012,-0.010581970144640226,0.02440214941321983,6.12102460133268e-05,68.36079372492969,84.48533234969368,71.48895158142022,110.47809388624057,40999.0,0.8700000000000045,1.0,2.3600000000000136,63.0,0.005909307158775105,0.8700000000000045,10.0,0.0021847768765224495,1.0,2.5,0.06996823911572012,0.02440214941321983,-0.010581970144640226,68.36079372492969,84.48533234969368,71.48895158142022,110.47809388624057,18.547917658885176,44.98068476477706,43.080623993055205,0.07021591393535863,0.07773904757128226,0.029999999999972715,0.0,0.28000000000002956,1.0,5178.0,5178.0,2021-11-09,2021-11-09 08:30:00,2.8367372509710544,265.0,1.0,best_within_2.0d,5442.0,387.73,0.5832424107187206,4.3760036431226785,32.22527881040892,0.012230020343504162,2.285057100371749,15.890706319702602,0.006381710269403211,0.8771186440677886,2.3600000000000136,63.0,0.005909307158775105,0.8700000000000045,10.0,0.0021847768765224495,1.0,0.00402220134195386,1.9444468750000041,16.553125,0.005470102952261012,0.0,1
5178.0,2021-11-09 08:35:00,399.02,399.1,398.95,399.07,17624.0,2s,2s,0.0,sell,False,0.8855932203389915,4.163492493946733,28.239017640954685,0.011578080659927173,0.10214672068741189,0.002186369941286259,0.0532597302849922,0.00013358632978918738,68.94361320221489,89.10133267757301,77.35974528013782,112.58450747244342,17624.0,0.8900000000000432,1.0,2.3600000000000136,63.0,0.005909307158775105,0.8900000000000432,11.0,0.0022350016323046716,1.0,2.5,0.10214672068741189,0.0532597302849922,0.002186369941286259,68.94361320221489,89.10133267757301,77.35974528013782,112.58450747244342,18.68166036171263,43.530082396227,42.856414490844294,0.012530700215530892,0.03759869657852716,0.03000000000002956,0.06999999999999318,0.05000000000001137,1.0,5179.0,5179.0,2021-11-09,2021-11-09 08:35:00,2.8416067356604042,264.0,1.0,best_within_2.0d,5442.0,387.73,0.5832424107187206,4.3760036431226785,32.22527881040892,0.012230020343504162,2.285057100371749,15.890706319702602,0.006381710269403211,0.8855932203389915,2.3600000000000136,63.0,0.005909307158775105,0.8900000000000432,11.0,0.0022350016323046716,1.0,0.00402220134195386,1.9444468750000041,16.553125,0.005470102952261012,0.0,1
5179.0,2021-11-09 08:40:00,399.08,399.38,399.05,399.37,34521.0,1,1,0.0,sell,False,1.6044375121847425,1.170000000000016,12.0,0.002938148213254353,0.15521160250354782,0.021587820254229735,0.09919362150600364,0.00024876659130522373,76.06567330389049,92.57396537479241,82.43115197835601,112.8595921676652,34521.0,1.170000000000016,1.0,1.170000000000016,12.0,0.002938148213254353,1.170000000000016,12.0,0.002938148213254353,1.0,1.0,0.15521160250354782,0.09919362150600364,0.021587820254229735,76.06567330389049,92.57396537479241,82.43115197835601,112.8595921676652,24.358787170874603,40.15184698496081,41.54390829870063,0.07266713440914616,0.08269640395939959,0.009999999999990905,0.029999999999972715,0.29000000000002046,1.0,5180.0,5180.0,2021-11-09,2021-11-09 08:40:00,2.914590480006006,263.0,1.0,best_within_2.0d,5442.0,387.73,0.5832424107187206,4.3760036431226785,32.22527881040892,0.012230020343504162,2.285057100371749,15.890706319702602,0.006381710269403211,0.4929364202292669,5.6011759621451125,36.843533123028394,0.015614239272951093,2.82998018927445,22.52492113564669,0.007835530045022196,1.8630914826498424,0.00402220134195386,1.9444468750000041,16.553125,0.005470102952261012,0.0,1
5180.0,2021-11-09 08:45:00,399.37,399.47,399.32,399.41,46694.0,1,1,0.0,sell,False,1.9128487551424482,1.2600000000000477,13.0,0.0031641596142739955,0.18504698274238568,0.044718693097027945,0.13724218446822078,0.00034414543993046415,76.82868094023999,93.21444786454049,86.0255839404175,107.59217571278646,46694.0,1.2600000000000477,1.0,1.2600000000000477,13.0,0.0031641596142739955,1.2600000000000477,13.0,0.0031641596142739955,1.0,1.0,0.18504698274238568,0.13724218446822078,0.044718693097027945,76.82868094023999,93.21444786454049,86.0255839404175,107.59217571278646,26.678730376093025,36.68019758399755,39.704015637237106,0.010015774845386599,0.03756385855955978,0.060000000000002274,0.05000000000001137,0.040000000000020464,1.0,5181.0,5181.0,2021-11-09,2021-11-09 08:45:00,2.92431336220926,262.0,1.0,best_within_2.0d,5442.0,387.73,0.5832424107187206,4.3760036431226785,32.22527881040892,0.012230020343504162,2.285057100371749,15.890706319702602,0.006381710269403211,0.4929364202292669,5.6011759621451125,36.843533123028394,0.015614239272951093,2.82998018927445,22.52492113564669,0.007835530045022196,1.8630914826498424,0.00402220134195386,1.9444468750000041,16.553125,0.005470102952261012,1.0,1
5189.0,2021-11-09 09:30:00,399.16,399.57,398.84,398.89,934099.0,2s,2s,1.0,buy,False,0.2977099236641329,4.163492493946733,28.239017640954685,0.011578080659927173,-0.022713871253695506,0.1411070861483928,0.12975015052154504,0.00032519640563658154,47.142112064228215,40.20986214128011,58.16327010157151,4.303046220697311,934099.0,0.6300000000000523,1.0,2.6200000000000045,20.0,0.00659949622166248,0.6300000000000523,10.0,0.0015770896437781368,4.0,2.5,-0.022713871253695506,0.12975015052154504,0.1411070861483928,47.142112064228215,40.20986214128011,58.16327010157151,4.303046220697311,34.98005523166793,21.50966554157812,39.2043000697596,-0.06764204830144269,0.18303078928894248,0.40999999999996817,0.05000000000001137,0.27000000000003865,0.0,5190.0,5190.0,2021-11-09,2021-11-09 09:30:00,0.1303617538669906,177.0,1.0,best_within_2.0d,5366.0,399.41,0.5832424107187206,4.3760036431226785,32.22527881040892,0.012230020343504162,2.285057100371749,15.890706319702602,0.006381710269403211,0.2977099236641329,2.6200000000000045,20.0,0.00659949622166248,0.6300000000000523,10.0,0.0015770896437781368,4.0,0.00402220134195386,1.9444468750000041,16.553125,0.005470102952261012,0.0,0
5190.0,2021-11-09 09:35:00,398.9,399.22,398.65,399.05,531830.0,2s,2s,1.0,buy,False,0.37022900763359756,4.163492493946733,28.239017640954685,0.011578080659927173,-0.04246585532227637,0.13579885423310825,0.11456592657197007,0.0002871365709838639,51.928089371801896,41.299328384042795,52.5419561957286,18.81407276067118,531830.0,0.82000000000005,1.0,2.6200000000000045,20.0,0.00659949622166248,0.82000000000005,11.0,0.0020527198538064185,4.0,2.5,-0.04246585532227637,0.11456592657197007,0.13579885423310825,51.928089371801896,41.299328384042795,52.5419561957286,18.81407276067118,26.045996120810333,24.688279301745922,36.595145297670705,0.03760340937579196,0.14298256616080524,0.17000000000001592,0.25,0.1500000000000341,1.0,5191.0,5191.0,2021-11-09,2021-11-09 09:35:00,0.09021425886480733,176.0,1.0,best_within_2.0d,5366.0,399.41,0.5832424107187206,4.3760036431226785,32.22527881040892,0.012230020343504162,2.285057100371749,15.890706319702602,0.006381710269403211,0.37022900763359756,2.6200000000000045,20.0,0.00659949622166248,0.82000000000005,11.0,0.0020527198538064185,4.0,0.00402220134195386,1.9444468750000041,16.553125,0.005470102952261012,0.0,0
5192.0,2021-11-09 09:45:00,398.92,399.13,397.8,398.01,853642.0,2s,2s,1.0,buy,False,0.6946564885496145,4.163492493946733,28.239017640954685,0.011578080659927173,-0.20507273640813722,0.10112391722399913,-0.0014124509800694796,-3.540721360425514e-06,30.978992961040788,28.711025503037042,41.174396780164074,3.7842829487829874,853642.0,1.670000000000016,1.0,2.6200000000000045,20.0,0.00659949622166248,1.670000000000016,13.0,0.004180539214459198,4.0,2.5,-0.20507273640813722,-0.0014124509800694796,0.10112391722399913,30.978992961040788,28.711025503037042,41.174396780164074,3.7842829487829874,16.57017368736238,37.35276502295818,34.463122850618966,-0.2281159129650118,0.33433886375062444,0.20999999999997954,0.20999999999997954,0.910000000000025,0.0,5193.0,5193.0,2021-11-09,2021-11-09 09:45:00,0.3517499560312641,174.0,1.0,best_within_2.0d,5366.0,399.41,0.5832424107187206,4.3760036431226785,32.22527881040892,0.012230020343504162,2.285057100371749,15.890706319702602,0.006381710269403211,0.6946564885496145,2.6200000000000045,20.0,0.00659949622166248,1.670000000000016,13.0,0.004180539214459198,4.0,0.00402220134195386,1.9444468750000041,16.553125,0.005470102952261012,0.0,0
5193.0,2021-11-09 09:50:00,398.0,398.24,397.08,397.3301,1390616.0,2s,2s,1.0,buy,False,0.969465648854968,4.163492493946733,28.239017640954685,0.011578080659927173,-0.36614820536494486,0.055355391553381025,-0.1277187111290914,-0.0003202586128853659,24.076595462503136,22.488742570967542,34.945845377098564,-2.425463041294506,1390616.0,2.390000000000043,1.0,2.6200000000000045,20.0,0.00659949622166248,2.390000000000043,14.0,0.005982927378776987,4.0,2.5,-0.36614820536494486,-0.1277187111290914,0.055355391553381025,24.076595462503136,22.488742570967542,34.945845377098564,-2.425463041294506,9.419421133755886,44.37403665011104,36.642850215111714,-0.16831658291456889,0.29213256774454144,0.2400000000000091,0.25010000000003174,0.6698999999999842,0.0,5194.0,5194.0,2021-11-09,2021-11-09 09:50:00,0.5234690248737784,173.0,1.0,best_within_2.0d,5366.0,399.41,0.5832424107187206,4.3760036431226785,32.22527881040892,0.012230020343504162,2.285057100371749,15.890706319702602,0.006381710269403211,0.969465648854968,2.6200000000000045,20.0,0.00659949622166248,2.390000000000043,14.0,0.005982927378776987,4.0,0.00402220134195386,1.9444468750000041,16.553125,0.005470102952261012,0.0,0
5198.0,2021-11-09 10:15:00,397.87,398.06,397.8,398.05,9118.0,1p,1p,1.0,buy,False,2.922026287020529,0.8000000000000114,20.0,0.0020070245860512076,-0.024679957599872387,-0.007984546540761426,-0.02032452534069762,-5.1036981289536665e-05,41.11661535811938,55.36476970623038,46.57874319022636,72.93682273823842,9118.0,0.8000000000000114,0.0,0.8000000000000114,20.0,0.0020070245860512076,0.8000000000000114,0.0,0.0,1.0,1.0,-0.024679957599872387,-0.02032452534069762,-0.007984546540761426,41.11661535811938,55.36476970623038,46.57874319022636,72.93682273823842,19.540229885059198,45.91954022988683,22.902527979932167,0.04524090783421892,0.06535947712418072,0.009999999999990905,0.06999999999999318,0.18000000000000682,1.0,5199.0,5199.0,2021-11-09,2021-11-09 10:15:00,0.3416656198970013,168.0,1.0,best_within_2.0d,5366.0,399.41,0.5832424107187206,4.3760036431226785,32.22527881040892,0.012230020343504162,2.285057100371749,15.890706319702602,0.006381710269403211,0.4929364202292669,5.6011759621451125,36.843533123028394,0.015614239272951093,2.82998018927445,22.52492113564669,0.007835530045022196,1.8630914826498424,0.00402220134195386,1.9444468750000041,16.553125,0.005470102952261012,0.0,0
5229.0,2021-11-09 12:50:00,395.5,395.97,395.45,395.4713,358678.0,2,2,0.0,sell,False,0.2886178861788641,4.163492493946733,28.239017640954685,0.011578080659927173,0.1180622023270258,-0.4147990954988507,-0.3557679943353378,-0.0008988210361081455,45.36394599747477,55.83033986507426,48.179678612889816,71.13166236944315,358678.0,1.420000000000016,1.0,4.920000000000016,41.0,0.0123163191228378,1.420000000000016,10.0,0.003599036877455369,2.0,2.0,0.1180622023270258,-0.3557679943353378,-0.4147990954988507,45.36394599747477,55.83033986507426,48.179678612889816,71.13166236944315,12.76895698999355,26.86565439460105,34.265537889735,-0.00725663716814534,0.1314957643191399,0.4700000000000273,0.021299999999996544,0.028700000000014825,0.0,5230.0,5230.0,2021-11-09,2021-11-09 12:50:00,1.9574871804856553,213.0,1.0,best_within_2.0d,5442.0,387.73,0.2886178861788641,4.920000000000016,41.0,0.0123163191228378,1.420000000000016,10.0,0.003599036877455369,0.4929364202292669,5.6011759621451125,36.843533123028394,0.015614239272951093,2.82998018927445,22.52492113564669,0.007835530045022196,1.8630914826498424,0.00402220134195386,1.9444468750000041,16.553125,0.005470102952261012,1.0,1
5236.0,2021-11-09 13:25:00,395.36,395.43,394.44,394.73,310916.0,1p,1p,1.0,buy,False,1.0043775797008855e-07,1.5300000000000296,8.0,0.0038639290855368574,0.06695845490741181,-0.31287175689402114,-0.27939252944031523,-0.0007062910820645042,39.57316845274192,41.2653241403235,47.04556645307329,29.704839514823917,310916.0,1.5300000000000296,0.0,1.5300000000000296,8.0,0.0038639290855368574,1.5300000000000296,0.0,0.0,1.0,1.0,0.06695845490741181,-0.27939252944031523,-0.31287175689402114,39.57316845274192,41.2653241403235,47.04556645307329,29.704839514823917,12.439977110442157,23.94571193989056,28.52581189025406,-0.15934844192634445,0.2509887435351407,0.06999999999999318,0.29000000000002046,0.6299999999999955,0.0,5237.0,5237.0,2021-11-09,2021-11-09 13:25:00,1.1856205507562148,130.0,1.0,best_within_2.0d,5366.0,399.41,0.5832424107187206,4.3760036431226785,32.22527881040892,0.012230020343504162,2.285057100371749,15.890706319702602,0.006381710269403211,0.4929364202292669,5.6011759621451125,36.843533123028394,0.015614239272951093,2.82998018927445,22.52492113564669,0.007835530045022196,1.8630914826498424,0.00402220134195386,1.9444468750000041,16.553125,0.005470102952261012,0.0,0
5239.0,2021-11-09 13:40:00,394.52,394.69,394.365,394.47,242862.0,1p,1p,1.0,buy,False,0.06854731031144219,1.6050000000000182,11.0,0.004053337374043534,-0.06824854685810122,-0.3193299472306205,-0.35345422065967114,-0.0008939580036860015,38.193158626951295,20.817046348178373,32.69577686753221,-2.940414690529302,242862.0,1.6050000000000182,0.0,1.6050000000000182,11.0,0.004053337374043534,1.6050000000000182,0.0,0.0,1.0,1.0,-0.06824854685810122,-0.35345422065967114,-0.3193299472306205,38.193158626951295,20.817046348178373,32.69577686753221,-2.940414690529302,13.786067799881693,24.053931097234333,28.34370227453008,-0.012673628713361687,0.08241096446185352,0.17000000000001592,0.10500000000001819,0.049999999999954525,0.0,5240.0,5240.0,2021-11-09,2021-11-09 13:40:00,1.2523132304104234,127.0,1.0,best_within_2.0d,5366.0,399.41,0.5832424107187206,4.3760036431226785,32.22527881040892,0.012230020343504162,2.285057100371749,15.890706319702602,0.006381710269403211,0.4929364202292669,5.6011759621451125,36.843533123028394,0.015614239272951093,2.82998018927445,22.52492113564669,0.007835530045022196,1.8630914826498424,0.00402220134195386,1.9444468750000041,16.553125,0.005470102952261012,0.0,0
5240.0,2021-11-09 13:45:00,394.46,394.73,393.92,394.12,344526.0,1p,1p,1.0,buy,False,0.12913586324777973,2.0500000000000114,12.0,0.005177159885849966,-0.12857302458527375,-0.33540157530377973,-0.3996880875964166,-0.0010111318288106154,35.09726050871477,17.731595445991616,27.707716393685345,-2.2206464493958435,344526.0,2.0500000000000114,0.0,2.0500000000000114,12.0,0.005177159885849966,2.0500000000000114,0.0,0.0,1.0,1.0,-0.12857302458527375,-0.3996880875964166,-0.33540157530377973,35.09726050871477,17.731595445991616,27.707716393685345,-2.2206464493958435,13.141127747690703,29.06711266857926,29.01429017106111,-0.08619378390710719,0.20562550771730356,0.27000000000003865,0.19999999999998863,0.339999999999975,0.0,5241.0,5241.0,2021-11-09,2021-11-09 13:45:00,1.3422307926519894,126.0,1.0,best_within_2.0d,5366.0,399.41,0.5832424107187206,4.3760036431226785,32.22527881040892,0.012230020343504162,2.285057100371749,15.890706319702602,0.006381710269403211,0.4929364202292669,5.6011759621451125,36.843533123028394,0.015614239272951093,2.82998018927445,22.52492113564669,0.007835530045022196,1.8630914826498424,0.00402220134195386,1.9444468750000041,16.553125,0.005470102952261012,0.0,0
5242.0,2021-11-09 13:55:00,394.02,394.28,393.92,394.14,209598.0,1p,1p,1.0,buy,False,0.16958301073252877,2.0500000000000114,14.0,0.005177159885849966,-0.1608644422972214,-0.37661511598804676,-0.45704733713665746,-0.0011567466701701684,36.399459040339565,13.147247301621821,19.666398486521487,0.10894493182249221,209598.0,2.0500000000000114,0.0,2.0500000000000114,14.0,0.005177159885849966,2.0500000000000114,0.0,0.0,1.0,1.0,-0.1608644422972214,-0.45704733713665746,-0.37661511598804676,36.399459040339565,13.147247301621821,19.666398486521487,0.10894493182249221,10.214081629836484,28.70847078634694,30.752210454053774,0.030455306837217543,0.09138911454101259,0.13999999999998636,0.0999999999999659,0.12000000000000455,1.0,5243.0,5243.0,2021-11-09,2021-11-09 13:55:00,1.3370883442431722,124.0,1.0,best_within_2.0d,5366.0,399.41,0.5832424107187206,4.3760036431226785,32.22527881040892,0.012230020343504162,2.285057100371749,15.890706319702602,0.006381710269403211,0.4929364202292669,5.6011759621451125,36.843533123028394,0.015614239272951093,2.82998018927445,22.52492113564669,0.007835530045022196,1.8630914826498424,0.00402220134195386,1.9444468750000041,16.553125,0.005470102952261012,1.0,0
5247.0,2021-11-09 14:20:00,395.18,395.71,395.1,395.3199,385989.0,2s,2s,0.0,sell,False,0.23577235772357,4.163492493946733,28.239017640954685,0.011578080659927173,0.22994826888865694,-0.3332789150476472,-0.2183047806033187,-0.0005525837540034078,53.399971532551916,68.40573082835482,51.03119703380062,103.15479841746321,385989.0,1.7899999999999636,1.0,4.920000000000016,41.0,0.0123163191228378,1.7899999999999636,6.0,0.004544069861900801,1.0,2.5,0.22994826888865694,-0.2183047806033187,-0.3332789150476472,53.399971532551916,68.40573082835482,51.03119703380062,103.15479841746321,23.002854586511347,22.437618053485366,28.09214740118318,0.035401589149251345,0.1543912933434464,0.39009999999996126,0.07999999999998408,0.13990000000001146,1.0,5248.0,5248.0,2021-11-09,2021-11-09 14:20:00,1.9199387635178495,195.0,1.0,best_within_2.0d,5442.0,387.73,0.5832424107187206,4.3760036431226785,32.22527881040892,0.012230020343504162,2.285057100371749,15.890706319702602,0.006381710269403211,0.23577235772357,4.920000000000016,41.0,0.0123163191228378,1.7899999999999636,6.0,0.004544069861900801,1.0,0.00402220134195386,1.9444468750000041,16.553125,0.005470102952261012,1.0,1
5252.0,2021-11-09 14:45:00,398.48,398.898,397.0,398.37,30940.0,1p,1p,1.0,buy,False,1.6242595612937378,1.8199999999999932,17.0,0.004563462213529896,-0.06934926013098522,0.02398309381223081,-0.010691536253261802,-2.68317249469541e-05,44.9805043487245,44.77567010068279,40.88623447001102,52.55454136202633,30940.0,1.8199999999999932,0.0,1.8199999999999932,17.0,0.004563462213529896,1.8199999999999932,0.0,0.0,1.0,1.0,-0.06934926013098522,-0.010691536253261802,0.02398309381223081,44.9805043487245,44.77567010068279,40.88623447001102,52.55454136202633,5.529225908372369,54.765666140074096,40.15171267396939,-0.02760489861473942,0.4780856423173866,0.41800000000000637,1.3700000000000045,0.11000000000001364,0.0,5253.0,5253.0,2021-11-09,2021-11-09 14:45:00,0.26106383512815234,114.0,1.0,best_within_2.0d,5366.0,399.41,0.5832424107187206,4.3760036431226785,32.22527881040892,0.012230020343504162,2.285057100371749,15.890706319702602,0.006381710269403211,0.4929364202292669,5.6011759621451125,36.843533123028394,0.015614239272951093,2.82998018927445,22.52492113564669,0.007835530045022196,1.8630914826498424,0.00402220134195386,1.9444468750000041,16.553125,0.005470102952261012,0.0,0
5252.0,2021-11-09 14:45:00,398.66,398.82,398.66,398.77,4411.0,2,2,0.0,sell,False,0.6666666666666513,4.163492493946733,28.239017640954685,0.011578080659927173,0.052768204034281674,0.06749812273822084,0.09388222475536168,0.0002356293040124187,67.62634265966751,72.73381686903937,57.87916270252642,102.44312520206527,4411.0,0.8199999999999932,1.0,1.2300000000000182,26.0,0.003080930791774211,0.8199999999999932,55.0,0.0020603015075376712,2.0,2.0,0.052768204034281674,0.09388222475536168,0.06749812273822084,67.62634265966751,72.73381686903937,57.87916270252642,102.44312520206527,38.82352941176179,9.411764705880229,55.10642874947387,0.02759243465608709,0.040134450408861724,0.05000000000001137,0.0,0.1099999999999568,1.0,5253.0,5253.0,2021-11-09,2021-11-09 14:45:00,0.26106383512815234,114.0,1.0,best_within_2.0d,5366.0,399.41,0.6666666666666513,1.2300000000000182,26.0,0.003080930791774211,0.8199999999999932,55.0,0.0020603015075376712,0.4929364202292669,5.6011759621451125,36.843533123028394,0.015614239272951093,2.82998018927445,22.52492113564669,0.007835530045022196,1.8630914826498424,0.00402220134195386,1.9444468750000041,16.553125,0.005470102952261012,0.0,1
5252.0,2021-11-09 14:45:00,398.96,399.23,398.92,399.05,514185.0,1p,1p,0.0,sell,False,0.6407012910935095,1.1400000000000432,7.0,0.002863674043558098,0.10850858993564555,-0.12615094490539383,-0.07189664993757106,-0.0001802745500415882,53.79945564370704,63.42069306480869,54.309098028440665,81.64388313754473,514185.0,1.1400000000000432,0.0,1.1400000000000432,7.0,0.002863674043558098,1.1400000000000432,0.0,0.0,1.0,1.0,0.10850858993564555,-0.07189664993757106,-0.12615094490539383,53.79945564370704,63.42069306480869,54.309098028440665,81.64388313754473,21.178024390662127,21.869264678135767,36.17209133098443,0.022558652496498854,0.07770981650456289,0.18000000000000682,0.03999999999996362,0.09000000000003183,1.0,5253.0,5253.0,2021-11-09,2021-11-09 14:45:00,0.26106383512815234,114.0,1.0,best_within_2.0d,5366.0,399.41,0.5832424107187206,4.3760036431226785,32.22527881040892,0.012230020343504162,2.285057100371749,15.890706319702602,0.006381710269403211,0.4929364202292669,5.6011759621451125,36.843533123028394,0.015614239272951093,2.82998018927445,22.52492113564669,0.007835530045022196,1.8630914826498424,0.00402220134195386,1.9444468750000041,16.553125,0.005470102952261012,0.0,1
5252.0,2021-11-09 14:45:00,398.27,398.58,398.09,398.52,236863.0,2,2,1.0,buy,False,0.5255102040816533,4.163492493946733,28.239017640954685,0.011578080659927173,0.06945140463570926,-0.16608841597148435,-0.13136271365362973,-0.0003293351275357849,44.35042636946237,50.580693763324064,63.64000821353734,24.462064862897506,236863.0,1.0300000000000296,1.0,1.9599999999999795,8.0,0.004935038775304611,1.0300000000000296,13.0,0.0025806774904791278,2.0,2.0,0.06945140463570926,-0.13136271365362973,-0.16608841597148435,44.35042636946237,50.580693763324064,63.64000821353734,24.462064862897506,12.741081243129285,26.73128809833085,38.81122866500433,0.06277148667989052,0.12308774397749482,0.060000000000002274,0.18000000000000682,0.25,1.0,5253.0,5253.0,2021-11-09,2021-11-09 14:45:00,0.26106383512815234,114.0,1.0,best_within_2.0d,5366.0,399.41,0.5255102040816533,1.9599999999999795,8.0,0.004935038775304611,1.0300000000000296,13.0,0.0025806774904791278,0.4929364202292669,5.6011759621451125,36.843533123028394,0.015614239272951093,2.82998018927445,22.52492113564669,0.007835530045022196,1.8630914826498424,0.00402220134195386,1.9444468750000041,16.553125,0.005470102952261012,0.0,0
5252.0,2021-11-09 14:45:00,397.1875,398.24,397.16,398.18,876884.0,1p,1p,1.0,buy,False,1.2829211279722526,3.829999999999984,48.0,0.009551360383051906,-0.4229612772160911,-0.38127891507470835,-0.5927595536827539,-0.0014842522082339693,35.83084159010507,18.072163557349,13.97596307537292,26.26456452130116,876884.0,3.829999999999984,0.0,3.829999999999984,48.0,0.009551360383051906,3.829999999999984,0.0,0.0,1.0,1.0,-0.4229612772160911,-0.5927595536827539,-0.38127891507470835,35.83084159010507,18.072163557349,13.97596307537292,26.26456452130116,0.0,37.81665184888282,56.83830587519866,0.24988198269079637,0.2719307080269876,0.060000000000002274,0.02749999999997499,0.9925000000000068,1.0,5253.0,5253.0,2021-11-09,2021-11-09 14:45:00,0.26106383512815234,114.0,1.0,best_within_2.0d,5366.0,399.41,0.5832424107187206,4.3760036431226785,32.22527881040892,0.012230020343504162,2.285057100371749,15.890706319702602,0.006381710269403211,0.4929364202292669,5.6011759621451125,36.843533123028394,0.015614239272951093,2.82998018927445,22.52492113564669,0.007835530045022196,1.8630914826498424,0.00402220134195386,1.9444468750000041,16.553125,0.005470102952261012,0.0,0
5253.0,2021-11-09 14:50:00,395.14,395.2021,394.72,395.16,228484.0,2,2,1.0,buy,False,0.5530726256983086,4.163492493946733,28.239017640954685,0.011578080659927173,0.1989303601720599,-0.15071902737217785,-0.0512538472861479,-0.00012972142324210894,50.709121848126436,60.326447744690256,64.28951759587325,52.40030804232427,228484.0,0.9899999999999523,1.0,1.7899999999999636,6.0,0.004544069861900801,0.9899999999999523,7.0,0.002501832149806556,2.0,2.0,0.1989303601720599,-0.0512538472861479,-0.15071902737217785,50.709121848126436,60.326447744690256,64.28951759587325,52.40030804232427,25.863903036555,14.729869125137554,26.66406763212455,0.005061497190878841,0.1221372111876636,0.04209999999994807,0.4199999999999591,0.020000000000038654,1.0,5254.0,5254.0,2021-11-09,2021-11-09 14:50:00,1.075513715963154,113.0,1.0,best_within_2.0d,5366.0,399.41,0.5530726256983086,1.7899999999999636,6.0,0.004544069861900801,0.9899999999999523,7.0,0.002501832149806556,0.4929364202292669,5.6011759621451125,36.843533123028394,0.015614239272951093,2.82998018927445,22.52492113564669,0.007835530045022196,1.8630914826498424,0.00402220134195386,1.9444468750000041,16.553125,0.005470102952261012,0.0,0
5257.0,2021-11-09 15:10:00,395.14,395.18,394.68,394.71,179137.0,2,2,1.0,buy,False,0.5754189944134043,4.163492493946733,28.239017640954685,0.011578080659927173,0.060242535315331,-0.08200189813631494,-0.05188063047864944,-0.0001313140542144964,43.41441657185239,35.7478454191148,49.72019184016558,7.803152577013236,179137.0,1.0299999999999727,1.0,1.7899999999999636,6.0,0.004544069861900801,1.0299999999999727,11.0,0.002602916277071524,2.0,2.0,0.060242535315331,-0.05188063047864944,-0.08200189813631494,43.41441657185239,35.7478454191148,49.72019184016558,7.803152577013236,25.74569922308583,12.987305771366179,31.869920694330663,-0.1088221896036865,0.12668490929360496,0.040000000000020464,0.029999999999972715,0.4300000000000068,0.0,5258.0,5258.0,2021-11-09,2021-11-09 15:10:00,1.1907476375060286,109.0,1.0,best_within_2.0d,5366.0,399.41,0.5754189944134043,1.7899999999999636,6.0,0.004544069861900801,1.0299999999999727,11.0,0.002602916277071524,0.4929364202292669,5.6011759621451125,36.843533123028394,0.015614239272951093,2.82998018927445,22.52492113564669,0.007835530045022196,1.8630914826498424,0.00402220134195386,1.9444468750000041,16.553125,0.005470102952261012,0.0,0
5258.0,2021-11-09 15:15:00,394.72,394.96,394.53,394.6,253390.0,2,2,1.0,buy,False,0.6592178770949892,4.163492493946733,28.239017640954685,0.011578080659927173,-0.0013441657478959201,-0.08216991885480193,-0.08284200172874989,-0.00020969897166709295,41.85269164831106,26.249858949532413,41.89674754328786,-5.043918237978474,253390.0,1.1800000000000068,1.0,1.7899999999999636,6.0,0.004544069861900801,1.1800000000000068,12.0,0.002981981754315046,2.0,2.0,-0.0013441657478959201,-0.08284200172874989,-0.08216991885480193,41.85269164831106,26.249858949532413,41.89674754328786,-5.043918237978474,19.696335808667676,15.669560366769344,30.40678643112562,-0.03040129712201169,0.10899044432616198,0.23999999999995225,0.07000000000005002,0.12000000000000455,0.0,5259.0,5259.0,2021-11-09,2021-11-09 15:15:00,1.2189559047136347,108.0,1.0,best_within_2.0d,5366.0,399.41,0.6592178770949892,1.7899999999999636,6.0,0.004544069861900801,1.1800000000000068,12.0,0.002981981754315046,0.4929364202292669,5.6011759621451125,36.843533123028394,0.015614239272951093,2.82998018927445,22.52492113564669,0.007835530045022196,1.8630914826498424,0.00402220134195386,1.9444468750000041,16.553125,0.005470102952261012,1.0,0
5263.0,2021-11-09 15:40:00,394.86,395.425,394.85,395.26,507749.0,2s,2s,0.0,sell,False,0.17784552845528398,4.163492493946733,28.239017640954685,0.011578080659927173,0.052312568193996545,-0.07148804549541371,-0.04533176139841544,-0.00011475450372358778,53.46678671847632,53.47477127466046,43.64556239814205,73.13318902769728,507749.0,0.8950000000000387,1.0,4.920000000000016,41.0,0.0123163191228378,0.8950000000000387,6.0,0.0022685220388818056,2.0,2.5,0.052312568193996545,-0.04533176139841544,-0.07148804549541371,53.46678671847632,53.47477127466046,43.64556239814205,73.13318902769728,16.49693477605607,16.228937054036376,26.77845032218358,0.1013017271944429,0.14562492085601839,0.16500000000002046,0.009999999999990905,0.39999999999997726,1.0,5264.0,5264.0,2021-11-09,2021-11-09 15:40:00,1.9050751404138981,179.0,1.0,best_within_2.0d,5442.0,387.73,0.5832424107187206,4.3760036431226785,32.22527881040892,0.012230020343504162,2.285057100371749,15.890706319702602,0.006381710269403211,0.17784552845528398,4.920000000000016,41.0,0.0123163191228378,0.8950000000000387,6.0,0.0022685220388818056,2.0,0.00402220134195386,1.9444468750000041,16.553125,0.005470102952261012,0.0,1
5266.0,2021-11-09 15:55:00,395.01,395.53,394.94,395.29,1211060.0,2s,2s,0.0,sell,False,0.1991869918699102,4.163492493946733,28.239017640954685,0.011578080659927173,0.0757292363844095,-0.05250676686370324,-0.01464214867149849,-3.70648286342546e-05,53.83315473682792,59.13756930795057,51.290775464402884,74.83115699504594,1211060.0,1.0,1.0,4.920000000000016,41.0,0.0123163191228378,1.0,9.0,0.002534661495957215,2.0,2.5,0.0757292363844095,-0.01464214867149849,-0.05250676686370324,53.83315473682792,59.13756930795057,51.290775464402884,74.83115699504594,20.367276141374553,16.54970481055494,23.308393523718724,0.0708842814106047,0.14938978072617992,0.23999999999995225,0.06999999999999318,0.28000000000002956,1.0,5267.0,5267.0,2021-11-09,2021-11-09 15:55:00,1.9125199220825222,176.0,1.0,best_within_2.0d,5442.0,387.73,0.5832424107187206,4.3760036431226785,32.22527881040892,0.012230020343504162,2.285057100371749,15.890706319702602,0.006381710269403211,0.1991869918699102,4.920000000000016,41.0,0.0123163191228378,1.0,9.0,0.002534661495957215,2.0,0.00402220134195386,1.9444468750000041,16.553125,0.005470102952261012,1.0,1
5279.0,2021-11-09 17:00:00,394.89,394.89,394.7,394.7,1515.0,2s,2s,1.0,buy,False,0.5642458100558723,4.163492493946733,28.239017640954685,0.011578080659927173,-0.034352865778240566,-0.04638539091861106,-0.06356182380773134,-0.0001609408045959928,42.93974964598261,8.123509918459657,12.967290606067571,-1.5640514567561716,1515.0,0.8299999999999841,1.0,1.7899999999999636,6.0,0.004544069861900801,0.8299999999999841,14.0,0.002098450180770066,1.0,2.5,-0.034352865778240566,-0.06356182380773134,-0.04638539091861106,42.93974964598261,8.123509918459657,12.967290606067571,-1.5640514567561716,34.13173652694654,11.077844311379355,37.52855755907058,-0.04811466484337353,0.048137826197111155,0.0,0.0,0.18999999999999773,0.0,5280.0,5280.0,2021-11-09,2021-11-09 17:00:00,1.1933113757284106,87.0,1.0,best_within_2.0d,5366.0,399.41,0.5832424107187206,4.3760036431226785,32.22527881040892,0.012230020343504162,2.285057100371749,15.890706319702602,0.006381710269403211,0.5642458100558723,1.7899999999999636,6.0,0.004544069861900801,0.8299999999999841,14.0,0.002098450180770066,1.0,0.00402220134195386,1.9444468750000041,16.553125,0.005470102952261012,0.0,0
5281.0,2021-11-09 17:10:00,395.32,395.32,394.69,394.75,102814.0,2s,2s,1.0,buy,False,0.5698324022346383,4.163492493946733,28.239017640954685,0.011578080659927173,-0.0276111007619569,-0.052898121695379184,-0.06670367207635763,-0.0001689049767025571,44.88617650412718,11.802973174204933,12.573687993965548,10.2615435346837,102814.0,0.839999999999975,1.0,1.7899999999999636,6.0,0.004544069861900801,0.839999999999975,16.0,0.0021237327130684777,1.0,2.5,-0.0276111007619569,-0.06670367207635763,-0.052898121695379184,44.88617650412718,11.802973174204933,12.573687993965548,10.2615435346837,39.130434782607956,10.033444816055953,38.63179711986419,-0.1441869877567523,0.15961894144771732,0.0,0.060000000000002274,0.5699999999999932,0.0,5282.0,5282.0,2021-11-09,2021-11-09 17:10:00,1.1804939835338886,85.0,1.0,best_within_2.0d,5366.0,399.41,0.5832424107187206,4.3760036431226785,32.22527881040892,0.012230020343504162,2.285057100371749,15.890706319702602,0.006381710269403211,0.5698324022346383,1.7899999999999636,6.0,0.004544069861900801,0.839999999999975,16.0,0.0021237327130684777,1.0,0.00402220134195386,1.9444468750000041,16.553125,0.005470102952261012,1.0,0
5291.0,2021-11-09 18:00:00,394.84,394.85,394.599,394.68,10379.0,2s,2s,1.0,buy,False,0.6206703910614595,4.163492493946733,28.239017640954685,0.011578080659927173,-0.00982298810754062,-0.06378203105811223,-0.06869352511188254,-0.00017398420993294008,42.77001454741524,17.268624501789056,12.859486659436056,26.086900186495054,10379.0,0.9309999999999832,1.0,1.7899999999999636,6.0,0.004544069861900801,0.9309999999999832,26.0,0.002353803756984257,1.0,2.5,-0.00982298810754062,-0.06869352511188254,-0.06378203105811223,42.77001454741524,17.268624501789056,12.859486659436056,26.086900186495054,31.10657827638919,17.389087200407754,43.95546331877274,-0.04052274338971942,0.06360887888718247,0.010000000000047748,0.08100000000001728,0.15999999999996817,0.0,5292.0,5292.0,2021-11-09,2021-11-09 18:00:00,1.1984392419175074,75.0,1.0,best_within_2.0d,5366.0,399.41,0.5832424107187206,4.3760036431226785,32.22527881040892,0.012230020343504162,2.285057100371749,15.890706319702602,0.006381710269403211,0.6206703910614595,1.7899999999999636,6.0,0.004544069861900801,0.9309999999999832,26.0,0.002353803756984257,1.0,0.00402220134195386,1.9444468750000041,16.553125,0.005470102952261012,0.0,0
5293.0,2021-11-09 18:10:00,394.71,394.71,394.58,394.6,2924.0,2s,2s,1.0,buy,False,0.6312849162011276,4.163492493946733,28.239017640954685,0.011578080659927173,-0.022379689021488625,-0.06873800370015595,-0.07992784821090027,-0.00020245389751940126,39.674196852014745,12.003309773167958,12.894488652147922,10.22095201520803,2924.0,0.9499999999999886,1.0,1.7899999999999636,6.0,0.004544069861900801,0.9499999999999886,28.0,0.0024018405683512976,1.0,2.5,-0.022379689021488625,-0.07992784821090027,-0.06873800370015595,39.674196852014745,12.003309773167958,12.894488652147922,10.22095201520803,36.19665045921101,11.3992436520803,44.27942466406788,-0.027868561728853287,0.03294642404581972,0.0,0.020000000000038654,0.1099999999999568,0.0,5294.0,5294.0,2021-11-09,2021-11-09 18:10:00,1.2189559047136347,73.0,1.0,best_within_2.0d,5366.0,399.41,0.5832424107187206,4.3760036431226785,32.22527881040892,0.012230020343504162,2.285057100371749,15.890706319702602,0.006381710269403211,0.6312849162011276,1.7899999999999636,6.0,0.004544069861900801,0.9499999999999886,28.0,0.0024018405683512976,1.0,0.00402220134195386,1.9444468750000041,16.553125,0.005470102952261012,0.0,0
5294.0,2021-11-09 18:15:00,394.6,394.6,394.41,394.48,8745.0,2s,2s,1.0,buy,False,0.7262569832402128,4.163492493946733,28.239017640954685,0.011578080659927173,-0.038473255453855104,-0.07354716063188785,-0.0927837883588154,-0.0002350313607281371,35.311632232899726,13.30523681847512,13.03140470759032,13.852901040244713,8745.0,1.1199999999999477,1.0,1.7899999999999636,6.0,0.004544069861900801,1.1199999999999477,29.0,0.0028316436174245893,1.0,2.5,-0.038473255453855104,-0.0927837883588154,-0.07354716063188785,35.311632232899726,13.30523681847512,13.03140470759032,13.852901040244713,35.43098889476515,20.148069804334632,43.08072442470873,-0.030410542321339218,0.048173220760122135,0.0,0.06999999999999318,0.12000000000000455,0.0,5295.0,5295.0,2021-11-09,2021-11-09 18:15:00,1.2497465017237899,72.0,1.0,best_within_2.0d,5366.0,399.41,0.5832424107187206,4.3760036431226785,32.22527881040892,0.012230020343504162,2.285057100371749,15.890706319702602,0.006381710269403211,0.7262569832402128,1.7899999999999636,6.0,0.004544069861900801,1.1199999999999477,29.0,0.0028316436174245893,1.0,0.00402220134195386,1.9444468750000041,16.553125,0.005470102952261012,1.0,0
5303.0,2021-11-09 19:00:00,394.56,394.86,394.56,394.76,12458.0,2s,2s,0.0,sell,False,0.06300813008130107,4.163492493946733,28.239017640954685,0.011578080659927173,0.03801937834515812,-0.08032850493751376,-0.0613188157649347,-0.0001553619342670872,53.40835455332848,55.85200193194278,44.857469251869645,77.84106729208906,12458.0,0.44999999999998863,1.0,4.920000000000016,41.0,0.0123163191228378,0.44999999999998863,10.0,0.0011409447022134038,3.0,2.5,0.03801937834515812,-0.0613188157649347,-0.08032850493751376,53.40835455332848,55.85200193194278,44.857469251869645,77.84106729208906,33.49573690621271,21.98538367844037,27.855036462413125,0.05068937550689088,0.07603406326034351,0.10000000000002274,0.0,0.19999999999998863,1.0,5304.0,5304.0,2021-11-09,2021-11-09 19:00:00,1.7808288580403213,139.0,1.0,best_within_2.0d,5442.0,387.73,0.5832424107187206,4.3760036431226785,32.22527881040892,0.012230020343504162,2.285057100371749,15.890706319702602,0.006381710269403211,0.06300813008130107,4.920000000000016,41.0,0.0123163191228378,0.44999999999998863,10.0,0.0011409447022134038,3.0,0.00402220134195386,1.9444468750000041,16.553125,0.005470102952261012,1.0,1
5308.0,2021-11-09 19:25:00,394.5,394.57,394.48,394.54,13481.0,2s,2s,1.0,buy,False,0.6871508379888192,4.163492493946733,28.239017640954685,0.011578080659927173,0.01556927667122654,-0.05791034607060519,-0.05012570773499192,-0.0001270101339655918,43.882497537365765,26.085433950006266,36.87029831386977,4.515705222279266,13481.0,0.37999999999999545,1.0,1.7899999999999636,6.0,0.004544069861900801,0.37999999999999545,6.0,0.0009623664083472507,2.0,2.5,0.01556927667122654,-0.05012570773499192,-0.05791034607060519,43.882497537365765,26.085433950006266,36.87029831386977,4.515705222279266,37.90489317711944,25.499655410061955,24.964529891099012,0.010139416983528635,0.022814844859048618,0.029999999999972715,0.01999999999998181,0.040000000000020464,1.0,5309.0,5309.0,2021-11-09,2021-11-09 19:25:00,1.2343488619658347,58.0,1.0,best_within_2.0d,5366.0,399.41,0.5832424107187206,4.3760036431226785,32.22527881040892,0.012230020343504162,2.285057100371749,15.890706319702602,0.006381710269403211,0.6871508379888192,1.7899999999999636,6.0,0.004544069861900801,0.37999999999999545,6.0,0.0009623664083472507,2.0,0.00402220134195386,1.9444468750000041,16.553125,0.005470102952261012,0.0,0
5311.0,2021-11-09 19:40:00,394.5299,394.53,394.48,394.48,6670.0,2s,2s,1.0,buy,False,0.6871508379888192,4.163492493946733,28.239017640954685,0.011578080659927173,-0.005575723219569673,-0.05690791175951404,-0.05969577336929888,-0.00015127101915638372,41.46804198368089,11.432721170371117,22.16232223023134,-10.026480949349327,6670.0,0.37999999999999545,1.0,1.7899999999999636,6.0,0.004544069861900801,0.37999999999999545,9.0,0.0009623664083472507,2.0,2.5,-0.005575723219569673,-0.05969577336929888,-0.05690791175951404,41.46804198368089,11.432721170371117,22.16232223023134,-10.026480949349327,40.397350993374864,28.476821192053603,24.600109024194833,-0.012647964070652091,0.012674913810574558,9.999999997489795e-05,0.0,0.04989999999997963,0.0,5312.0,5312.0,2021-11-09,2021-11-09 19:40:00,1.2497465017237899,55.0,1.0,best_within_2.0d,5366.0,399.41,0.5832424107187206,4.3760036431226785,32.22527881040892,0.012230020343504162,2.285057100371749,15.890706319702602,0.006381710269403211,0.6871508379888192,1.7899999999999636,6.0,0.004544069861900801,0.37999999999999545,9.0,0.0009623664083472507,2.0,0.00402220134195386,1.9444468750000041,16.553125,0.005470102952261012,0.0,0
5312.0,2021-11-09 19:45:00,394.45,394.47,394.3,394.33,11352.0,2s,2s,1.0,buy,False,0.7877094972067021,4.163492493946733,28.239017640954685,0.011578080659927173,-0.027796180250008545,-0.060382434290765105,-0.07428052441576938,-0.00018823977767356775,35.5075377751883,9.662630440109464,17.99575830019071,-7.003625280053033,11352.0,0.5600000000000023,1.0,1.7899999999999636,6.0,0.004544069861900801,0.5600000000000023,10.0,0.001418224180722287,2.0,2.5,-0.027796180250008545,-0.07428052441576938,-0.060382434290765105,35.5075377751883,9.662630440109464,17.99575830019071,-7.003625280053033,37.19512195121719,37.195121951220656,22.842958379609822,-0.030422106730892268,0.04311437991377528,0.020000000000038654,0.029999999999972715,0.12000000000000455,0.0,5313.0,5313.0,2021-11-09,2021-11-09 19:45:00,1.2882611011082192,54.0,1.0,best_within_2.0d,5366.0,399.41,0.5832424107187206,4.3760036431226785,32.22527881040892,0.012230020343504162,2.285057100371749,15.890706319702602,0.006381710269403211,0.7877094972067021,1.7899999999999636,6.0,0.004544069861900801,0.5600000000000023,10.0,0.001418224180722287,2.0,0.00402220134195386,1.9444468750000041,16.553125,0.005470102952261012,1.0,0
5322.0,2021-11-10 04:35:00,394.64,394.64,394.25,394.52,2892.0,2s,2s,1.0,buy,False,0.8156424581005638,4.163492493946733,28.239017640954685,0.011578080659927173,0.008991439711513283,-0.017211927466862897,-0.012716207611106256,-3.222372411614647e-05,46.81604447656196,34.8364973286117,37.341896802761795,29.825698380311508,2892.0,0.6100000000000136,1.0,1.7899999999999636,6.0,0.004544069861900801,0.6100000000000136,20.0,0.0015448513397153766,2.0,2.5,0.008991439711513283,-0.012716207611106256,-0.017211927466862897,46.81604447656196,34.8364973286117,37.341896802761795,29.825698380311508,33.649134269845796,35.609278013722296,16.46708691595165,-0.030407459963512205,0.09892200380468899,0.0,0.2699999999999818,0.12000000000000455,0.0,5323.0,5323.0,2021-11-10,2021-11-10 04:35:00,1.2394808881679111,44.0,1.0,best_within_2.0d,5366.0,399.41,0.5832424107187206,4.3760036431226785,32.22527881040892,0.012230020343504162,2.285057100371749,15.890706319702602,0.006381710269403211,0.8156424581005638,1.7899999999999636,6.0,0.004544069861900801,0.6100000000000136,20.0,0.0015448513397153766,2.0,0.00402220134195386,1.9444468750000041,16.553125,0.005470102952261012,1.0,0
5332.0,2021-11-10 05:30:00,394.34,394.34,393.97,393.98,4108.0,2s,2s,1.0,buy,False,0.9720670391061383,4.163492493946733,28.239017640954685,0.011578080659927173,-0.125283071402294,-0.013205558831571984,-0.07584709453271898,-0.0001922231511253636,34.19272636283726,22.088471091592616,38.99779333186132,-11.730173388944792,4108.0,0.8899999999999864,1.0,1.7899999999999636,6.0,0.004544069861900801,0.8899999999999864,30.0,0.0022539634300764483,2.0,2.5,-0.125283071402294,-0.07584709453271898,-0.013205558831571984,34.19272636283726,22.088471091592616,38.99779333186132,-11.730173388944792,12.538226299693504,44.036697247707366,22.846868865805977,-0.09129177866814343,0.09391578038935647,0.0,0.009999999999990905,0.3599999999999568,0.0,5333.0,5333.0,2021-11-10,2021-11-10 05:30:00,1.3782425503832698,34.0,1.0,best_within_2.0d,5366.0,399.41,0.5832424107187206,4.3760036431226785,32.22527881040892,0.012230020343504162,2.285057100371749,15.890706319702602,0.006381710269403211,0.9720670391061383,1.7899999999999636,6.0,0.004544069861900801,0.8899999999999864,30.0,0.0022539634300764483,2.0,0.00402220134195386,1.9444468750000041,16.553125,0.005470102952261012,0.0,0
5333.0,2021-11-10 05:35:00,393.93,393.93,393.65,393.65,3829.0,1,1,1.0,buy,False,0.20092288662280114,1.2100000000000364,31.0,0.003064377247632164,-0.20004714412521069,-0.03821145184722332,-0.13823502390982867,-0.0003503971221939174,29.138557983047193,14.725647394395077,30.90707801937257,-17.637213855559907,3829.0,1.2100000000000364,1.0,1.2100000000000364,31.0,0.003064377247632164,1.2100000000000364,31.0,0.003064377247632164,1.0,1.0,-0.20004714412521069,-0.13823502390982867,-0.03821145184722332,29.138557983047193,14.725647394395077,30.90707801937257,-17.637213855559907,12.130177514792177,45.562130177516224,25.354143800299905,-0.07107861802859126,0.07112917566366812,0.0,0.0,0.28000000000002956,0.0,5334.0,5334.0,2021-11-10,2021-11-10 05:35:00,1.463228756509602,33.0,1.0,best_within_2.0d,5366.0,399.41,0.5832424107187206,4.3760036431226785,32.22527881040892,0.012230020343504162,2.285057100371749,15.890706319702602,0.006381710269403211,0.4929364202292669,5.6011759621451125,36.843533123028394,0.015614239272951093,2.82998018927445,22.52492113564669,0.007835530045022196,1.8630914826498424,0.00402220134195386,1.9444468750000041,16.553125,0.005470102952261012,0.0,0
5334.0,2021-11-10 05:40:00,393.65,393.65,393.35,393.51,15637.0,1,1,1.0,buy,False,0.2547033776206005,1.509999999999991,32.0,0.003824140201590414,-0.25359322747393925,-0.06991060528146573,-0.19670721901843535,-0.0004987056119066255,27.295234385596842,13.325870192753957,25.046675410499695,-10.115740242737516,15637.0,1.509999999999991,1.0,1.509999999999991,32.0,0.003824140201590414,1.509999999999991,32.0,0.003824140201590414,1.0,1.0,-0.25359322747393925,-0.19670721901843535,-0.06991060528146573,27.295234385596842,13.325870192753957,25.046675410499695,-10.115740242737516,9.064327485380442,53.80116959064408,28.62619000725519,-0.03556458783182684,0.07626795474766862,0.0,0.15999999999996817,0.13999999999998636,0.0,5335.0,5335.0,2021-11-10,2021-11-10 05:40:00,1.4993265736576031,32.0,1.0,best_within_2.0d,5366.0,399.41,0.5832424107187206,4.3760036431226785,32.22527881040892,0.012230020343504162,2.285057100371749,15.890706319702602,0.006381710269403211,0.4929364202292669,5.6011759621451125,36.843533123028394,0.015614239272951093,2.82998018927445,22.52492113564669,0.007835530045022196,1.8630914826498424,0.00402220134195386,1.9444468750000041,16.553125,0.005470102952261012,0.0,0
5336.0,2021-11-10 05:50:00,393.35,393.49,393.3,393.49,5892.0,1,1,1.0,buy,False,0.2865990793589122,1.5600000000000023,34.0,0.003950767360583503,-0.27815994772268626,-0.14034933732254656,-0.2794293111838897,-0.0007086805435171595,28.872228616454734,11.10819197968927,17.10118705023412,-0.8777981614004275,5892.0,1.5600000000000023,1.0,1.5600000000000023,34.0,0.003950767360583503,1.5600000000000023,34.0,0.003950767360583503,1.0,1.0,-0.27815994772268626,-0.2794293111838897,-0.14034933732254656,28.872228616454734,11.10819197968927,17.10118705023412,-0.8777981614004275,10.650887573965452,48.5207100591737,33.706269647714876,0.03559171221558062,0.04830917874396077,0.0,0.05000000000001137,0.13999999999998636,1.0,5337.0,5337.0,2021-11-10,2021-11-10 05:50:00,1.5044855015375271,30.0,1.0,best_within_2.0d,5366.0,399.41,0.5832424107187206,4.3760036431226785,32.22527881040892,0.012230020343504162,2.285057100371749,15.890706319702602,0.006381710269403211,0.4929364202292669,5.6011759621451125,36.843533123028394,0.015614239272951093,2.82998018927445,22.52492113564669,0.007835530045022196,1.8630914826498424,0.00402220134195386,1.9444468750000041,16.553125,0.005470102952261012,1.0,0
5345.0,2021-11-10 06:35:00,393.59,393.59,393.08,393.19,3806.0,1,1,1.0,buy,False,0.28659907935882345,1.7800000000000296,43.0,0.004507926860153041,-0.05302678369222591,-0.24746743415992561,-0.27398082600603857,-0.0006954613701889259,32.70158152517931,41.05669872801765,43.9961565698411,35.177783044370756,3806.0,1.7800000000000296,1.0,1.7800000000000296,43.0,0.004507926860153041,1.7800000000000296,43.0,0.004507926860153041,1.0,1.0,-0.05302678369222591,-0.27398082600603857,-0.24746743415992561,32.70158152517931,41.05669872801765,43.9961565698411,35.177783044370756,19.72222222222215,56.9444444444462,41.30391364261742,-0.10162859828755234,0.12974458125572172,0.0,0.11000000000001364,0.39999999999997726,0.0,5346.0,5346.0,2021-11-10,2021-11-10 06:35:00,1.5819323990945922,21.0,1.0,best_within_2.0d,5366.0,399.41,0.5832424107187206,4.3760036431226785,32.22527881040892,0.012230020343504162,2.285057100371749,15.890706319702602,0.006381710269403211,0.4929364202292669,5.6011759621451125,36.843533123028394,0.015614239272951093,2.82998018927445,22.52492113564669,0.007835530045022196,1.8630914826498424,0.00402220134195386,1.9444468750000041,16.553125,0.005470102952261012,0.0,0
5346.0,2021-11-10 06:40:00,393.12,393.2,392.78,392.9,15060.0,1,1,1.0,buy,False,0.2865990793588233,2.080000000000041,44.0,0.005267689814111434,-0.10969801352951625,-0.2611796858511152,-0.3160286926158733,-0.0008023531362268539,28.97722701511347,30.974736088948795,39.65568307621033,13.612842114425732,15060.0,2.080000000000041,1.0,2.080000000000041,44.0,0.005267689814111434,2.080000000000041,44.0,0.005267689814111434,1.0,1.0,-0.10969801352951625,-0.3160286926158733,-0.2611796858511152,28.97722701511347,30.974736088948795,39.65568307621033,13.612842114425732,19.45205479452011,54.7945205479471,41.75373952634205,-0.0559625559625629,0.106930088090029,0.07999999999998408,0.12000000000000455,0.22000000000002728,0.0,5347.0,5347.0,2021-11-10,2021-11-10 06:40:00,1.6569101552558025,20.0,1.0,best_within_2.0d,5366.0,399.41,0.5832424107187206,4.3760036431226785,32.22527881040892,0.012230020343504162,2.285057100371749,15.890706319702602,0.006381710269403211,0.4929364202292669,5.6011759621451125,36.843533123028394,0.015614239272951093,2.82998018927445,22.52492113564669,0.007835530045022196,1.8630914826498424,0.00402220134195386,1.9444468750000041,16.553125,0.005470102952261012,1.0,0
5352.0,2021-11-10 07:10:00,393.32,393.6,393.26,393.6,22393.0,3a,3a,0.0,sell,False,0.002940058294259202,4.163492493946733,28.239017640954685,0.011578080659927173,0.06309002204946457,-0.3045216466741888,-0.2729766356494565,-0.0006934869527753741,48.888193134065894,55.19187602333627,39.27869769635885,87.01823267729111,22393.0,0.82000000000005,2.0,0.82000000000005,7.0,0.0020876826722339478,0.82000000000005,7.0,0.0020876826722339478,3.0,3.0,0.06309002204946457,-0.2729766356494565,-0.3045216466741888,48.888193134065894,55.19187602333627,39.27869769635885,87.01823267729111,27.300613496932176,38.95705521472522,36.45377584302779,0.07118885385946037,0.08645679702996283,0.0,0.060000000000002274,0.28000000000002956,1.0,5353.0,5353.0,2021-11-10,2021-11-10 07:10:00,1.4913617886178872,90.0,1.0,best_within_2.0d,5442.0,387.73,0.5832424107187206,4.3760036431226785,32.22527881040892,0.012230020343504162,2.285057100371749,15.890706319702602,0.006381710269403211,0.4929364202292669,5.6011759621451125,36.843533123028394,0.015614239272951093,2.82998018927445,22.52492113564669,0.007835530045022196,1.8630914826498424,0.002940058294259202,0.82000000000005,7.0,0.0020876826722339478,0.0,1
5353.0,2021-11-10 07:15:00,393.6,393.61,393.47,393.5,23926.0,3a,3a,0.0,sell,False,0.002940058294259202,4.163492493946733,28.239017640954685,0.011578080659927173,0.10119028179499256,-0.2918728614498147,-0.24127772055231844,-0.0006129719324628506,46.67224620696367,65.71024666615959,48.08921401962576,100.95231195922725,23926.0,0.8300000000000409,2.0,0.8300000000000409,8.0,0.002113142217017264,0.8300000000000409,8.0,0.002113142217017264,3.0,3.0,0.10119028179499256,-0.24127772055231844,-0.2918728614498147,46.67224620696367,65.71024666615959,48.08921401962576,100.95231195922725,27.43902439024344,38.71951219512345,35.06784122882883,-0.025406504065046426,0.03558085749866225,0.009999999999990905,0.029999999999972715,0.10000000000002274,0.0,5354.0,5354.0,2021-11-10,2021-11-10 07:15:00,1.4663278271918632,89.0,1.0,best_within_2.0d,5442.0,387.73,0.5832424107187206,4.3760036431226785,32.22527881040892,0.012230020343504162,2.285057100371749,15.890706319702602,0.006381710269403211,0.4929364202292669,5.6011759621451125,36.843533123028394,0.015614239272951093,2.82998018927445,22.52492113564669,0.007835530045022196,1.8630914826498424,0.002940058294259202,0.8300000000000409,8.0,0.002113142217017264,1.0,1
5362.0,2021-11-10 08:00:00,393.0725,395.85,392.9504,393.52,68919.0,2,2,1.0,buy,False,0.7946987951806979,4.163492493946733,28.239017640954685,0.011578080659927173,0.11479479891203725,-0.16872888360381588,-0.11133148414779725,-0.0002829244806884122,50.14221797682368,47.20215813757004,58.27940355259171,25.04766730752668,68919.0,0.6596000000000117,1.0,0.8300000000000409,8.0,0.002113142217017264,0.6596000000000117,10.0,0.0016757704326618016,2.0,2.0,0.11479479891203725,-0.11133148414779725,-0.16872888360381588,50.14221797682368,47.20215813757004,58.27940355259171,25.04766730752668,57.04382987941522,12.094736082028103,31.35121328542914,0.11384668222783098,0.7379048348086732,2.330000000000041,0.122099999999989,0.4474999999999909,1.0,5363.0,5363.0,2021-11-10,2021-11-10 08:00:00,1.496747306363093,4.0,1.0,best_within_2.0d,5366.0,399.41,0.7946987951806979,0.8300000000000409,8.0,0.002113142217017264,0.6596000000000117,10.0,0.0016757704326618016,0.4929364202292669,5.6011759621451125,36.843533123028394,0.015614239272951093,2.82998018927445,22.52492113564669,0.007835530045022196,1.8630914826498424,0.00402220134195386,1.9444468750000041,16.553125,0.005470102952261012,0.0,0
5363.0,2021-11-10 08:05:00,393.53,393.9,393.51,393.9,59375.0,3a,3a,0.0,sell,False,0.002940058294259202,4.163492493946733,28.239017640954685,0.011578080659927173,0.1699784034447422,-0.1474815831732231,-0.06249238145085201,-0.00015879875983286005,57.75856244706247,42.38455367078137,52.981120258654926,21.191420495034265,59375.0,1.1200000000000045,2.0,1.1200000000000045,18.0,0.0028514690157340106,1.1200000000000045,18.0,0.0028514690157340106,3.0,3.0,0.1699784034447422,-0.06249238145085201,-0.1474815831732231,57.75856244706247,42.38455367078137,52.981120258654926,21.191420495034265,53.63692989134326,11.592497750709862,33.715857580880645,0.09402078621706213,0.0991080277502443,0.0,0.01999999999998181,0.37000000000000455,1.0,5364.0,5364.0,2021-11-10,2021-11-10 08:05:00,1.5663874079715563,79.0,1.0,best_within_2.0d,5442.0,387.73,0.5832424107187206,4.3760036431226785,32.22527881040892,0.012230020343504162,2.285057100371749,15.890706319702602,0.006381710269403211,0.4929364202292669,5.6011759621451125,36.843533123028394,0.015614239272951093,2.82998018927445,22.52492113564669,0.007835530045022196,1.8630914826498424,0.002940058294259202,1.1200000000000045,18.0,0.0028514690157340106,0.0,1
5364.0,2021-11-10 08:10:00,393.9,393.94,393.65,393.82,16358.0,3a,3a,0.0,sell,False,0.002940058294259202,4.163492493946733,28.239017640954685,0.011578080659927173,0.18813416557053214,-0.12396481247690658,-0.029897729691640507,-7.596869984521543e-05,55.82510660264181,38.253150279072266,48.07179693212737,18.615856972962064,16358.0,1.160000000000025,2.0,1.160000000000025,19.0,0.0029533071948674196,1.160000000000025,19.0,0.0029533071948674196,3.0,3.0,0.18813416557053214,-0.029897729691640507,-0.12396481247690658,55.82510660264181,38.253150279072266,48.07179693212737,18.615856972962064,52.11858670637716,11.337484770543202,35.898058229865335,-0.02030972328001627,0.0736695033659394,0.040000000000020464,0.17000000000001592,0.07999999999998408,0.0,5365.0,5365.0,2021-11-10,2021-11-10 08:10:00,1.5463917525773132,78.0,1.0,best_within_2.0d,5442.0,387.73,0.5832424107187206,4.3760036431226785,32.22527881040892,0.012230020343504162,2.285057100371749,15.890706319702602,0.006381710269403211,0.4929364202292669,5.6011759621451125,36.843533123028394,0.015614239272951093,2.82998018927445,22.52492113564669,0.007835530045022196,1.8630914826498424,0.002940058294259202,1.160000000000025,19.0,0.0029533071948674196,1.0,1
5366.0,2021-11-10 08:20:00,398.59,398.59,398.21,398.42,32671.0,2,2,1.0,buy,False,0.42028985507246736,4.163492493946733,28.239017640954685,0.011578080659927173,-0.1182162729535563,0.05812088815691896,-0.0009872483198591908,-2.476293429775863e-06,34.55106294567449,27.764338010887926,33.83360428621052,15.62580546024273,32671.0,0.8700000000000045,1.0,2.069999999999993,35.0,0.005213974459081618,0.8700000000000045,18.0,0.0021800140322742424,2.0,2.0,-0.1182162729535563,-0.0009872483198591908,0.05812088815691896,34.55106294567449,27.764338010887926,33.83360428621052,15.62580546024273,17.112299465239193,52.40641711229712,29.147329175437996,-0.04265034245715123,0.09542703598603638,0.0,0.21000000000003638,0.16999999999995907,0.0,5367.0,5367.0,2021-11-10,2021-11-10 08:20:00,2.92431336220926,76.0,1.0,best_within_2.0d,5442.0,387.73,0.42028985507246736,2.069999999999993,35.0,0.005213974459081618,0.8700000000000045,18.0,0.0021800140322742424,0.4929364202292669,5.6011759621451125,36.843533123028394,0.015614239272951093,2.82998018927445,22.52492113564669,0.007835530045022196,1.8630914826498424,0.00402220134195386,1.9444468750000041,16.553125,0.005470102952261012,0.0,0
5366.0,2021-11-10 08:20:00,397.08,397.13,397.01,397.02,4762.0,1,1,1.0,buy,False,1.4231185622562104,2.3600000000000136,63.0,0.005909307158775105,-0.10320698559971495,-0.12303334348753343,-0.1746368362873909,-0.000439241701149487,28.169971798293858,10.845032138453377,22.97297402347381,-13.41085163158749,4762.0,2.3600000000000136,1.0,2.3600000000000136,63.0,0.005909307158775105,2.3600000000000136,63.0,0.005909307158775105,1.0,1.0,-0.10320698559971495,-0.1746368362873909,-0.12303334348753343,28.169971798293858,10.845032138453377,22.97297402347381,-13.41085163158749,22.222222222221482,49.70760233918488,26.42115712848874,-0.015110305228166183,0.03022593889322802,0.05000000000001137,0.009999999999990905,0.060000000000002274,0.0,5367.0,5367.0,2021-11-10,2021-11-10 08:20:00,2.92431336220926,76.0,1.0,best_within_2.0d,5442.0,387.73,0.5832424107187206,4.3760036431226785,32.22527881040892,0.012230020343504162,2.285057100371749,15.890706319702602,0.006381710269403211,0.4929364202292669,5.6011759621451125,36.843533123028394,0.015614239272951093,2.82998018927445,22.52492113564669,0.007835530045022196,1.8630914826498424,0.00402220134195386,1.9444468750000041,16.553125,0.005470102952261012,0.0,0
5366.0,2021-11-10 08:20:00,399.37,399.47,399.32,399.41,46694.0,1p,1p,0.0,sell,False,0.5863794862376984,1.2600000000000477,13.0,0.0031641596142739955,0.18504698273747017,0.044718693104544766,0.13724218447327985,0.00034414543994315446,76.82868094130498,93.21444786454049,86.0255839404175,107.59217571278646,46694.0,1.2600000000000477,0.0,1.2600000000000477,13.0,0.0031641596142739955,1.2600000000000477,0.0,0.0,1.0,1.0,0.18504698273747017,0.13724218447327985,0.044718693104544766,76.82868094130498,93.21444786454049,86.0255839404175,107.59217571278646,26.678730376093025,36.68019758399755,39.70401562867989,0.010015774845386599,0.03756385855955978,0.060000000000002274,0.05000000000001137,0.040000000000020464,1.0,5367.0,5367.0,2021-11-10,2021-11-10 08:20:00,2.92431336220926,76.0,1.0,best_within_2.0d,5442.0,387.73,0.5832424107187206,4.3760036431226785,32.22527881040892,0.012230020343504162,2.285057100371749,15.890706319702602,0.006381710269403211,0.4929364202292669,5.6011759621451125,36.843533123028394,0.015614239272951093,2.82998018927445,22.52492113564669,0.007835530045022196,1.8630914826498424,0.00402220134195386,1.9444468750000041,16.553125,0.005470102952261012,0.0,1
5366.0,2021-11-10 08:20:00,399.1121,399.62,398.61,398.75,828984.0,1p,1p,0.0,sell,False,0.7602289975722114,2.6200000000000045,20.0,0.00659949622166248,0.04148085435060428,0.08117539136744786,0.10191581854275,0.00025563594133176713,51.784909962148525,62.782891529325504,69.91179409923889,48.52508638949874,828984.0,2.6200000000000045,0.0,2.6200000000000045,20.0,0.00659949622166248,2.6200000000000045,0.0,0.0,1.0,1.0,0.04148085435060428,0.10191581854275,0.08117539136744786,51.784909962148525,62.782891529325504,69.91179409923889,48.52508638949874,21.064301552106222,21.28603104212945,45.331592671176644,-0.0907263899039889,0.25338049722786454,0.5079000000000065,0.13999999999998636,0.3620999999999981,0.0,5367.0,5367.0,2021-11-10,2021-11-10 08:20:00,2.92431336220926,76.0,1.0,best_within_2.0d,5442.0,387.73,0.5832424107187206,4.3760036431226785,32.22527881040892,0.012230020343504162,2.285057100371749,15.890706319702602,0.006381710269403211,0.4929364202292669,5.6011759621451125,36.843533123028394,0.015614239272951093,2.82998018927445,22.52492113564669,0.007835530045022196,1.8630914826498424,0.00402220134195386,1.9444468750000041,16.553125,0.005470102952261012,0.0,1
5366.0,2021-11-10 08:20:00,398.35,398.35,398.0,398.3,7960.0,1p,1p,1.0,buy,False,1.0097645143928882,1.2300000000000182,26.0,0.003080930791774211,0.013459626744593223,-0.0643960527665195,-0.057666239394222885,-0.0001447276120969565,43.682854473187554,33.942192218009595,35.69225810188865,30.44206045025149,7960.0,1.2300000000000182,0.0,1.2300000000000182,26.0,0.003080930791774211,1.2300000000000182,0.0,0.0,1.0,1.0,0.013459626744593223,-0.057666239394222885,-0.0643960527665195,43.682854473187554,33.942192218009595,35.69225810188865,30.44206045025149,32.278481012656925,31.64556962024893,24.794901474601904,-0.01255177607631765,0.08793969849246804,0.0,0.30000000000001137,0.05000000000001137,0.0,5367.0,5367.0,2021-11-10,2021-11-10 08:20:00,2.92431336220926,76.0,1.0,best_within_2.0d,5442.0,387.73,0.5832424107187206,4.3760036431226785,32.22527881040892,0.012230020343504162,2.285057100371749,15.890706319702602,0.006381710269403211,0.4929364202292669,5.6011759621451125,36.843533123028394,0.015614239272951093,2.82998018927445,22.52492113564669,0.007835530045022196,1.8630914826498424,0.00402220134195386,1.9444468750000041,16.553125,0.005470102952261012,0.0,0
5366.0,2021-11-10 08:20:00,398.6271,398.99,398.6271,398.815,333391.0,2,2,0.0,sell,False,0.7162162162162218,4.163492493946733,28.239017640954685,0.011578080659927173,0.11694751265257777,-0.07161070705898971,-0.013136950732700825,-3.297542695216754e-05,56.921738653992286,73.53613205397747,63.663279970975154,93.2818362199821,333391.0,1.5900000000000318,1.0,2.2200000000000273,14.0,0.005555277513638024,1.5900000000000318,10.0,0.004001006542526502,2.0,2.0,0.11694751265257777,-0.013136950732700825,-0.07161070705898971,56.921738653992286,73.53613205397747,63.663279970975154,93.2818362199821,19.812500840652888,20.713680444402975,22.06699799102189,0.04713678523111281,0.09103746333353269,0.17500000000001137,0.0,0.18790000000001328,1.0,5367.0,5367.0,2021-11-10,2021-11-10 08:20:00,2.92431336220926,76.0,1.0,best_within_2.0d,5442.0,387.73,0.7162162162162218,2.2200000000000273,14.0,0.005555277513638024,1.5900000000000318,10.0,0.004001006542526502,0.4929364202292669,5.6011759621451125,36.843533123028394,0.015614239272951093,2.82998018927445,22.52492113564669,0.007835530045022196,1.8630914826498424,0.00402220134195386,1.9444468750000041,16.553125,0.005470102952261012,0.0,1
5369.0,2021-11-10 08:35:00,392.54,392.61,392.18,392.19,156627.0,1p,1p,1.0,buy,False,0.5655158295689878,1.759999999999991,6.0,0.004467685434330078,-0.16136994683431755,-0.08306796898481159,-0.16375294240197036,-0.0004162335551816545,29.332506280430124,15.458558107954717,26.471916971295368,-6.5681596187265825,156627.0,1.759999999999991,0.0,1.759999999999991,6.0,0.004467685434330078,1.759999999999991,0.0,0.0,1.0,1.0,-0.16136994683431755,-0.16375294240197036,-0.08306796898481159,29.332506280430124,15.458558107954717,26.471916971295368,-6.5681596187265825,37.198770823225885,27.090409186479896,37.03325090682296,-0.08916288785856796,0.10964353103167088,0.06999999999999318,0.009999999999990905,0.35000000000002274,0.0,5370.0,5370.0,2021-11-10,2021-11-10 08:35:00,0.6552946276039657,325.0,1.0,best_within_2.0d,5694.0,394.76,0.5832424107187206,4.3760036431226785,32.22527881040892,0.012230020343504162,2.285057100371749,15.890706319702602,0.006381710269403211,0.4929364202292669,5.6011759621451125,36.843533123028394,0.015614239272951093,2.82998018927445,22.52492113564669,0.007835530045022196,1.8630914826498424,0.00402220134195386,1.9444468750000041,16.553125,0.005470102952261012,0.0,0
5371.0,2021-11-10 08:45:00,392.3,392.33,392.02,392.17,105652.0,1p,1p,1.0,buy,False,0.9467088945453344,1.920000000000016,8.0,0.004873838655632878,-0.2701433912058504,-0.14414410093608088,-0.2792157965390061,-0.000710013833033879,31.528438034840278,10.806759249917892,18.101747042743014,-3.783216335732348,105652.0,1.920000000000016,0.0,1.920000000000016,8.0,0.004873838655632878,1.920000000000016,0.0,0.0,1.0,1.0,-0.2701433912058504,-0.2792157965390061,-0.14414410093608088,31.528438034840278,10.806759249917892,18.101747042743014,-3.783216335732348,37.00461562947688,26.12870709321578,34.79077705312604,-0.033137904664796186,0.0790775980817311,0.029999999999972715,0.1500000000000341,0.12999999999999545,0.0,5372.0,5372.0,2021-11-10,2021-11-10 08:45:00,0.6604278756661588,323.0,1.0,best_within_2.0d,5694.0,394.76,0.5832424107187206,4.3760036431226785,32.22527881040892,0.012230020343504162,2.285057100371749,15.890706319702602,0.006381710269403211,0.4929364202292669,5.6011759621451125,36.843533123028394,0.015614239272951093,2.82998018927445,22.52492113564669,0.007835530045022196,1.8630914826498424,0.00402220134195386,1.9444468750000041,16.553125,0.005470102952261012,1.0,0
5395.0,2021-11-10 10:45:00,394.02,394.49,394.0,394.23,264533.0,2,2,1.0,buy,False,0.4071856287425152,4.163492493946733,28.239017640954685,0.011578080659927173,0.07037031321701437,0.3139879827124462,0.3491731393209534,0.0008866794722140932,55.91902017531863,37.91074097127692,56.717505788492524,0.2972113368457201,264533.0,1.3600000000000136,1.0,3.340000000000032,19.0,0.00851997347074137,1.3600000000000136,7.0,0.00343990287333067,2.0,2.0,0.07037031321701437,0.3491731393209534,0.3139879827124462,55.91902017531863,37.91074097127692,56.717505788492524,0.2972113368457201,26.710245675014487,6.438107275456129,28.856059503225996,0.053296786965137906,0.12436548223350484,0.2599999999999909,0.01999999999998181,0.21000000000003638,1.0,5396.0,5396.0,2021-11-10,2021-11-10 10:45:00,0.1800979123861653,370.0,1.0,best_within_2.0d,5765.0,394.94,0.4071856287425152,3.340000000000032,19.0,0.00851997347074137,1.3600000000000136,7.0,0.00343990287333067,0.4929364202292669,5.6011759621451125,36.843533123028394,0.015614239272951093,2.82998018927445,22.52492113564669,0.007835530045022196,1.8630914826498424,0.00402220134195386,1.9444468750000041,16.553125,0.005470102952261012,1.0,0
5404.0,2021-11-10 11:30:00,393.64,393.82,393.24,393.63,467530.0,2s,2s,1.0,buy,False,0.634730538922151,4.163492493946733,28.239017640954685,0.011578080659927173,-0.22969706411089208,0.2476743747714341,0.13282584271598807,0.0003371411292980999,44.869605055902895,28.573490729371567,34.22505758985862,17.270357008397454,467530.0,1.5299999999999727,1.0,3.340000000000032,19.0,0.00851997347074137,1.5299999999999727,5.0,0.00387567444334669,1.0,2.5,-0.22969706411089208,0.13282584271598807,0.2476743747714341,44.869605055902895,28.573490729371567,34.22505758985862,17.270357008397454,8.302390042361642,18.827467182678607,31.835623800744468,-0.002540392236559015,0.1474926253687275,0.18000000000000682,0.38999999999998636,0.009999999999990905,0.0,5405.0,5405.0,2021-11-10,2021-11-10 11:30:00,0.332799837410767,361.0,1.0,best_within_2.0d,5765.0,394.94,0.5832424107187206,4.3760036431226785,32.22527881040892,0.012230020343504162,2.285057100371749,15.890706319702602,0.006381710269403211,0.634730538922151,3.340000000000032,19.0,0.00851997347074137,1.5299999999999727,5.0,0.00387567444334669,1.0,0.00402220134195386,1.9444468750000041,16.553125,0.005470102952261012,0.0,0
5406.0,2021-11-10 11:40:00,393.39,393.51,392.81,392.8701,301422.0,2s,2s,1.0,buy,False,0.7634730538922117,4.163492493946733,28.239017640954685,0.011578080659927173,-0.3864245661475602,0.1626306958062462,-0.030581587267533905,-7.764714175890755e-05,36.06727955709634,15.609600729067429,25.2768342448031,-3.7248663024039175,301422.0,1.9599999999999795,1.0,3.340000000000032,19.0,0.00851997347074137,1.9599999999999795,7.0,0.004964916280365731,1.0,2.5,-0.3864245661475602,-0.030581587267533905,0.1626306958062462,36.06727955709634,15.609600729067429,25.2768342448031,-3.7248663024039175,7.211797692224291,25.611991804162248,33.82181624167676,-0.13215892625638856,0.17820320256612324,0.12000000000000455,0.06009999999997717,0.5199000000000069,0.0,5407.0,5407.0,2021-11-10,2021-11-10 11:40:00,0.5268662593564688,359.0,1.0,best_within_2.0d,5765.0,394.94,0.5832424107187206,4.3760036431226785,32.22527881040892,0.012230020343504162,2.285057100371749,15.890706319702602,0.006381710269403211,0.7634730538922117,3.340000000000032,19.0,0.00851997347074137,1.9599999999999795,7.0,0.004964916280365731,1.0,0.00402220134195386,1.9444468750000041,16.553125,0.005470102952261012,1.0,0
5418.0,2021-11-10 12:40:00,393.09,393.11,392.42,392.6022,400145.0,2s,2s,1.0,buy,False,0.8802395209580748,4.163492493946733,28.239017640954685,0.011578080659927173,-0.21222709110441784,-0.12702668311049642,-0.23314022866270534,-0.0005924550771962923,34.702811287638355,20.00731691692186,29.105824281856187,1.8103021870532032,400145.0,2.349999999999966,1.0,3.340000000000032,19.0,0.00851997347074137,2.349999999999966,19.0,0.005952833295336439,1.0,2.5,-0.21222709110441784,-0.23314022866270534,-0.12702668311049642,34.702811287638355,20.00731691692186,29.105824281856187,1.8103021870532032,7.911783612718376,30.493332674017022,45.13477629259423,-0.12409371899564806,0.17583201671678245,0.020000000000038654,0.18219999999996617,0.4877999999999929,0.0,5419.0,5419.0,2021-11-10,2021-11-10 12:40:00,0.595462786505021,347.0,1.0,best_within_2.0d,5765.0,394.94,0.5832424107187206,4.3760036431226785,32.22527881040892,0.012230020343504162,2.285057100371749,15.890706319702602,0.006381710269403211,0.8802395209580748,3.340000000000032,19.0,0.00851997347074137,2.349999999999966,19.0,0.005952833295336439,1.0,0.00402220134195386,1.9444468750000041,16.553125,0.005470102952261012,1.0,0
5423.0,2021-11-10 13:05:00,392.01,392.01,391.23,391.66,1226724.0,1p,1p,1.0,buy,False,1932122.830737801,3.5399999999999636,24.0,0.0089672467512728,-0.2957529384804215,-0.2515161035581089,-0.39939257279831963,-0.0010158178412791503,29.778698389960965,23.63188585201958,26.832779555008656,17.230098446041424,1226724.0,3.5399999999999636,0.0,3.5399999999999636,24.0,0.0089672467512728,3.5399999999999636,0.0,0.0,1.0,1.0,-0.2957529384804215,-0.39939257279831963,-0.2515161035581089,29.778698389960965,23.63188585201958,26.832779555008656,17.230098446041424,6.316340835913227,45.446842599865946,46.660825431296324,-0.08928343664701562,0.1993712138639605,0.0,0.4300000000000068,0.3499999999999659,0.0,5424.0,5424.0,2021-11-10,2021-11-10 13:05:00,0.8374610631670255,342.0,1.0,best_within_2.0d,5765.0,394.94,0.5832424107187206,4.3760036431226785,32.22527881040892,0.012230020343504162,2.285057100371749,15.890706319702602,0.006381710269403211,0.4929364202292669,5.6011759621451125,36.843533123028394,0.015614239272951093,2.82998018927445,22.52492113564669,0.007835530045022196,1.8630914826498424,0.00402220134195386,1.9444468750000041,16.553125,0.005470102952261012,0.0,0
5424.0,2021-11-10 13:10:00,391.68,392.045,391.08,391.13,351065.0,1p,1p,1.0,buy,False,1995513.3424628675,3.6899999999999977,25.0,0.009347214833953942,-0.3991026684925735,-0.30140393711968055,-0.5009552713659673,-0.0012746238195933996,26.11847086207709,16.498638187060838,23.388065765692716,2.7197830297970853,351065.0,3.6899999999999977,0.0,3.6899999999999977,25.0,0.009347214833953942,3.6899999999999977,0.0,0.0,1.0,1.0,-0.3991026684925735,-0.5009552713659673,-0.30140393711968055,26.11847086207709,16.498638187060838,23.388065765692716,2.7197830297970853,5.74543518168138,43.441095276130405,48.802064803216446,-0.14042075163398984,0.24675258259180521,0.3650000000000091,0.05000000000001137,0.5500000000000114,0.0,5425.0,5425.0,2021-11-10,2021-11-10 13:10:00,0.9741006826374867,341.0,1.0,best_within_2.0d,5765.0,394.94,0.5832424107187206,4.3760036431226785,32.22527881040892,0.012230020343504162,2.285057100371749,15.890706319702602,0.006381710269403211,0.4929364202292669,5.6011759621451125,36.843533123028394,0.015614239272951093,2.82998018927445,22.52492113564669,0.007835530045022196,1.8630914826498424,0.00402220134195386,1.9444468750000041,16.553125,0.005470102952261012,0.0,0
5425.0,2021-11-10 13:15:00,391.15,391.37,390.72,391.23,594081.0,1p,1p,1.0,buy,False,2123497.1929589477,4.0499999999999545,26.0,0.010259138232388365,-0.4246994385917895,-0.35449136694365424,-0.566841086239549,-0.0014427500906299725,27.918724303662103,17.537553663168733,21.437895064851386,9.736870859803425,594081.0,4.0499999999999545,0.0,4.0499999999999545,26.0,0.010259138232388365,4.0499999999999545,0.0,0.0,1.0,1.0,-0.4246994385917895,-0.566841086239549,-0.35449136694365424,27.918724303662103,17.537553663168733,21.437895064851386,9.736870859803425,5.491488193299928,44.199783019246155,50.88031546898602,0.020452511824118863,0.16635954135953554,0.13999999999998636,0.42999999999995,0.08000000000004093,1.0,5426.0,5426.0,2021-11-10,2021-11-10 13:15:00,0.9482912864555324,340.0,1.0,best_within_2.0d,5765.0,394.94,0.5832424107187206,4.3760036431226785,32.22527881040892,0.012230020343504162,2.285057100371749,15.890706319702602,0.006381710269403211,0.4929364202292669,5.6011759621451125,36.843533123028394,0.015614239272951093,2.82998018927445,22.52492113564669,0.007835530045022196,1.8630914826498424,0.00402220134195386,1.9444468750000041,16.553125,0.005470102952261012,0.0,0
5426.0,2021-11-10 13:20:00,391.23,391.31,390.7,391.04,406746.0,1p,1p,1.0,buy,False,2181333.0192162064,4.069999999999993,27.0,0.010309800643412604,-0.43626660384324123,-0.40902469242405937,-0.62715799434568,-0.0015968282230505576,26.592854103811575,16.11878577544623,19.664858635049665,9.026640056239366,406746.0,4.069999999999993,0.0,4.069999999999993,27.0,0.010309800643412604,4.069999999999993,0.0,0.0,1.0,1.0,-0.43626660384324123,-0.62715799434568,-0.40902469242405937,26.592854103811575,16.11878577544623,19.664858635049665,9.026640056239366,5.426079591323134,41.82051587459089,52.74820810155354,-0.04856478286429919,0.15613002303558068,0.07999999999998408,0.34000000000003183,0.18999999999999773,0.0,5427.0,5427.0,2021-11-10,2021-11-10 13:20:00,0.997340425531909,339.0,1.0,best_within_2.0d,5765.0,394.94,0.5832424107187206,4.3760036431226785,32.22527881040892,0.012230020343504162,2.285057100371749,15.890706319702602,0.006381710269403211,0.4929364202292669,5.6011759621451125,36.843533123028394,0.015614239272951093,2.82998018927445,22.52492113564669,0.007835530045022196,1.8630914826498424,0.00402220134195386,1.9444468750000041,16.553125,0.005470102952261012,1.0,0
5431.0,2021-11-10 13:45:00,391.2,391.3809,390.61,390.7501,404378.0,1p,1p,1.0,buy,False,2181333.0192162064,4.159999999999968,32.0,0.010537781493021172,-0.2091291893414895,-0.5682008351592633,-0.6727654298300081,-0.001715108201505607,31.38061798811313,17.779257231207666,20.70149590590602,11.934779881810954,404378.0,4.159999999999968,0.0,4.159999999999968,32.0,0.010537781493021172,4.159999999999968,0.0,0.0,1.0,1.0,-0.2091291893414895,-0.6727654298300081,-0.5682008351592633,31.38061798811313,17.779257231207666,20.70149590590602,11.934779881810954,10.554150632214963,37.603078614623094,53.07857807675646,-0.11500511247444115,0.19735797854637188,0.18090000000000828,0.14009999999996126,0.44990000000001373,0.0,5432.0,5432.0,2021-11-10,2021-11-10 13:45:00,1.0722709987790209,334.0,1.0,best_within_2.0d,5765.0,394.94,0.5832424107187206,4.3760036431226785,32.22527881040892,0.012230020343504162,2.285057100371749,15.890706319702602,0.006381710269403211,0.4929364202292669,5.6011759621451125,36.843533123028394,0.015614239272951093,2.82998018927445,22.52492113564669,0.007835530045022196,1.8630914826498424,0.00402220134195386,1.9444468750000041,16.553125,0.005470102952261012,0.0,0
5432.0,2021-11-10 13:50:00,390.73,390.7806,390.22,390.4011,483338.0,1p,1p,1.0,buy,False,2181333.0192162064,4.5499999999999545,33.0,0.01152569850799188,-0.2387440618064549,-0.5980438428850702,-0.7174158737882976,-0.0018295790485341416,28.941641321217574,15.160600711215324,18.854530841009122,7.772740451627726,483338.0,4.5499999999999545,0.0,4.5499999999999545,33.0,0.01152569850799188,4.5499999999999545,0.0,0.0,1.0,1.0,-0.2387440618064549,-0.7174158737882976,-0.5980438428850702,28.941641321217574,15.160600711215324,18.854530841009122,7.772740451627726,10.706478094047855,35.468903363968636,53.11774387130708,-0.0841757735520776,0.14366254933113765,0.05059999999997444,0.18109999999995807,0.32890000000003283,0.0,5433.0,5433.0,2021-11-10,2021-11-10 13:50:00,1.1626247979321813,333.0,1.0,best_within_2.0d,5765.0,394.94,0.5832424107187206,4.3760036431226785,32.22527881040892,0.012230020343504162,2.285057100371749,15.890706319702602,0.006381710269403211,0.4929364202292669,5.6011759621451125,36.843533123028394,0.015614239272951093,2.82998018927445,22.52492113564669,0.007835530045022196,1.8630914826498424,0.00402220134195386,1.9444468750000041,16.553125,0.005470102952261012,0.0,0
5433.0,2021-11-10 13:55:00,390.37,390.81,390.19,390.54,337675.0,1p,1p,1.0,buy,False,2181333.0192162064,4.579999999999984,34.0,0.011601692124528166,-0.21615768177965533,-0.625063553107527,-0.7331423939973547,-0.0018702438438610504,31.232462188982666,17.09351343500001,18.267525039006085,14.745490226987862,337675.0,4.579999999999984,0.0,4.579999999999984,34.0,0.011601692124528166,4.579999999999984,0.0,0.0,1.0,1.0,-0.21615768177965533,-0.7331423939973547,-0.625063553107527,31.232462188982666,17.09351343500001,18.267525039006085,14.745490226987862,10.40474332292702,34.79448491155052,53.177942639880555,0.04354842841407278,0.15889694764089407,0.2699999999999818,0.18000000000000682,0.17000000000001592,1.0,5434.0,5434.0,2021-11-10,2021-11-10 13:55:00,1.1266451579863719,332.0,1.0,best_within_2.0d,5765.0,394.94,0.5832424107187206,4.3760036431226785,32.22527881040892,0.012230020343504162,2.285057100371749,15.890706319702602,0.006381710269403211,0.4929364202292669,5.6011759621451125,36.843533123028394,0.015614239272951093,2.82998018927445,22.52492113564669,0.007835530045022196,1.8630914826498424,0.00402220134195386,1.9444468750000041,16.553125,0.005470102952261012,0.0,0
5434.0,2021-11-10 14:00:00,390.53,390.65,390.03,390.13,468542.0,1p,1p,1.0,buy,False,2181333.0192162064,4.740000000000009,35.0,0.012006991412721355,-0.23160294761861988,-0.6540139215598545,-0.7698153953691644,-0.001964492074759252,28.329258782880757,13.217268788716188,16.584106288909453,6.483593788329657,468542.0,4.740000000000009,0.0,4.740000000000009,35.0,0.012006991412721355,4.740000000000009,0.0,0.0,1.0,1.0,-0.23160294761861988,-0.7698153953691644,-0.6540139215598545,28.329258782880757,13.217268788716188,16.584106288909453,6.483593788329657,7.7185194447913235,35.1173356675424,53.948256892758096,-0.10242490973804248,0.1589621311181203,0.12000000000000455,0.10000000000002274,0.39999999999997726,0.0,5435.0,5435.0,2021-11-10,2021-11-10 14:00:00,1.232922359213596,331.0,1.0,best_within_2.0d,5765.0,394.94,0.5832424107187206,4.3760036431226785,32.22527881040892,0.012230020343504162,2.285057100371749,15.890706319702602,0.006381710269403211,0.4929364202292669,5.6011759621451125,36.843533123028394,0.015614239272951093,2.82998018927445,22.52492113564669,0.007835530045022196,1.8630914826498424,0.00402220134195386,1.9444468750000041,16.553125,0.005470102952261012,0.0,0
5435.0,2021-11-10 14:05:00,390.12,390.777,389.97,390.71,544108.0,1p,1p,1.0,buy,False,2181333.0192162064,4.7999999999999545,36.0,0.012158978645793638,-0.14318920160839732,-0.6719125717609041,-0.7435071725651028,-0.0018977704008065956,37.21970240186187,21.863349483673993,18.34385402049763,28.90234041002671,544108.0,4.7999999999999545,0.0,4.7999999999999545,36.0,0.012158978645793638,4.7999999999999545,0.0,0.0,1.0,1.0,-0.14318920160839732,-0.7435071725651028,-0.6719125717609041,37.21970240186187,21.863349483673993,18.34385402049763,28.90234041002671,6.733045536833271,33.52099787136729,54.84818380649276,0.15123551727672896,0.20693899530732093,0.06700000000000728,0.14999999999997726,0.589999999999975,1.0,5436.0,5436.0,2021-11-10,2021-11-10 14:05:00,1.082644416574958,330.0,1.0,best_within_2.0d,5765.0,394.94,0.5832424107187206,4.3760036431226785,32.22527881040892,0.012230020343504162,2.285057100371749,15.890706319702602,0.006381710269403211,0.4929364202292669,5.6011759621451125,36.843533123028394,0.015614239272951093,2.82998018927445,22.52492113564669,0.007835530045022196,1.8630914826498424,0.00402220134195386,1.9444468750000041,16.553125,0.005470102952261012,0.0,0
5437.0,2021-11-10 14:15:00,390.07,390.37,389.76,389.76,478067.0,1p,1p,1.0,buy,False,2181333.0192162064,5.009999999999991,38.0,0.012690933961547208,-0.1736412757685617,-0.712490047426221,-0.7993106853105019,-0.0020416004629569195,30.405211347909344,10.775301265603549,15.336358186179089,1.6531874244524722,478067.0,5.009999999999991,0.0,5.009999999999991,38.0,0.012690933961547208,5.009999999999991,0.0,0.0,1.0,1.0,-0.1736412757685617,-0.7993106853105019,-0.712490047426221,30.405211347909344,10.775301265603549,15.336358186179089,1.6531874244524722,7.260226955831498,21.129630821374615,54.57939155374738,-0.07947291511779996,0.15650656814450267,0.30000000000001137,0.0,0.3100000000000023,0.0,5438.0,5438.0,2021-11-10,2021-11-10 14:15:00,1.329022988505749,328.0,1.0,best_within_2.0d,5765.0,394.94,0.5832424107187206,4.3760036431226785,32.22527881040892,0.012230020343504162,2.285057100371749,15.890706319702602,0.006381710269403211,0.4929364202292669,5.6011759621451125,36.843533123028394,0.015614239272951093,2.82998018927445,22.52492113564669,0.007835530045022196,1.8630914826498424,0.00402220134195386,1.9444468750000041,16.553125,0.005470102952261012,0.0,0
5438.0,2021-11-10 14:20:00,389.78,390.12,389.05,389.121,555746.0,1p,1p,1.0,buy,False,2181333.0192162064,5.71999999999997,39.0,0.01448944955290415,-0.2473109862799121,-0.74340392071121,-0.867059413851166,-0.002215646586933404,26.684374644256835,8.198878750695386,12.957198374351186,-1.3177604966162164,555746.0,5.71999999999997,0.0,5.71999999999997,39.0,0.01448944955290415,5.71999999999997,0.0,0.0,1.0,1.0,-0.2473109862799121,-0.867059413851166,-0.74340392071121,26.684374644256835,8.198878750695386,12.957198374351186,-1.3177604966162164,7.179372958296175,26.8338212209919,54.80834762673037,-0.16906973164348912,0.275028916591696,0.34000000000003183,0.07099999999996953,0.6589999999999918,0.0,5439.0,5439.0,2021-11-10,2021-11-10 14:20:00,1.495421732571621,327.0,1.0,best_within_2.0d,5765.0,394.94,0.5832424107187206,4.3760036431226785,32.22527881040892,0.012230020343504162,2.285057100371749,15.890706319702602,0.006381710269403211,0.4929364202292669,5.6011759621451125,36.843533123028394,0.015614239272951093,2.82998018927445,22.52492113564669,0.007835530045022196,1.8630914826498424,0.00402220134195386,1.9444468750000041,16.553125,0.005470102952261012,0.0,0
5439.0,2021-11-10 14:25:00,389.13,389.32,388.48,388.5,622635.0,1p,1p,1.0,buy,False,2181333.0192162064,6.289999999999964,40.0,0.01593332826709214,-0.34622787822419143,-0.7866824054892338,-0.9597963446013296,-0.002453939288607128,23.65476516914869,5.695732903097048,10.53670988393314,-3.9862210585751363,622635.0,6.289999999999964,0.0,6.289999999999964,40.0,0.01593332826709214,6.289999999999964,0.0,0.0,1.0,1.0,-0.34622787822419143,-0.9597963446013296,-0.7866824054892338,23.65476516914869,5.695732903097048,10.53670988393314,-3.9862210585751363,7.037553023371836,28.48706645595982,55.20627216556103,-0.1618996222342136,0.21622734761119622,0.18999999999999773,0.01999999999998181,0.6299999999999955,0.0,5440.0,5440.0,2021-11-10,2021-11-10 14:25:00,1.657657657657657,326.0,1.0,best_within_2.0d,5765.0,394.94,0.5832424107187206,4.3760036431226785,32.22527881040892,0.012230020343504162,2.285057100371749,15.890706319702602,0.006381710269403211,0.4929364202292669,5.6011759621451125,36.843533123028394,0.015614239272951093,2.82998018927445,22.52492113564669,0.007835530045022196,1.8630914826498424,0.00402220134195386,1.9444468750000041,16.553125,0.005470102952261012,0.0,0
5441.0,2021-11-10 14:35:00,388.78,389.12,388.13,388.21,754444.0,1p,1p,1.0,buy,False,2181333.0192162064,6.639999999999986,42.0,0.016819920460014657,-0.3758988362378617,-0.8761691692532757,-1.0641185873722065,-0.002723286027640495,24.802675439475664,6.387692050483674,8.609768579085504,1.943538993280015,754444.0,6.639999999999986,0.0,6.639999999999986,42.0,0.016819920460014657,6.639999999999986,0.0,0.0,1.0,1.0,-0.3758988362378617,-1.0641185873722065,-0.8761691692532757,24.802675439475664,6.387692050483674,8.609768579085504,1.943538993280015,3.326075454804146,31.64299377314717,57.374677566333155,-0.14661248006584526,0.2550691778527836,0.34000000000003183,0.07999999999998408,0.5699999999999932,0.0,5442.0,5442.0,2021-11-10,2021-11-10 14:35:00,1.7335977950078612,324.0,1.0,best_within_2.0d,5765.0,394.94,0.5832424107187206,4.3760036431226785,32.22527881040892,0.012230020343504162,2.285057100371749,15.890706319702602,0.006381710269403211,0.4929364202292669,5.6011759621451125,36.843533123028394,0.015614239272951093,2.82998018927445,22.52492113564669,0.007835530045022196,1.8630914826498424,0.00402220134195386,1.9444468750000041,16.553125,0.005470102952261012,0.0,0
5442.0,2021-11-10 14:40:00,388.19,388.5176,387.62,387.73,877728.0,1p,1p,1.0,buy,False,2181333.0192162064,7.149999999999977,43.0,0.01811181194113022,-0.42398647854533555,-0.9291674790714428,-1.1411607183441106,-0.0029221236110952655,22.688077733118874,5.419901552819695,7.546479570330234,1.166745517798617,877728.0,7.149999999999977,0.0,7.149999999999977,43.0,0.01811181194113022,7.149999999999977,0.0,0.0,1.0,1.0,-0.42398647854533555,-1.1411607183441106,-0.9291674790714428,22.688077733118874,5.419901552819695,7.546479570330234,1.166745517798617,1.2604082928912081,35.9265985847698,59.9351465731376,-0.11849867333006506,0.23156699860688593,0.3276000000000181,0.11000000000001364,0.45999999999997954,0.0,5443.0,5443.0,2021-11-10,2021-11-10 14:40:00,1.8595414334717404,323.0,1.0,best_within_2.0d,5765.0,394.94,0.5832424107187206,4.3760036431226785,32.22527881040892,0.012230020343504162,2.285057100371749,15.890706319702602,0.006381710269403211,0.4929364202292669,5.6011759621451125,36.843533123028394,0.015614239272951093,2.82998018927445,22.52492113564669,0.007835530045022196,1.8630914826498424,0.00402220134195386,1.9444468750000041,16.553125,0.005470102952261012,0.0,0
5443.0,2021-11-10 14:45:00,387.73,388.81,387.53,388.64,1012302.0,1p,1p,1.0,buy,False,2181333.0192162064,7.240000000000009,44.0,0.018339792790738937,-0.2988105760850128,-0.9665188010820694,-1.1159240891245759,-0.0028585229557186666,34.150278416617056,15.00840167169818,10.033786937452883,24.957631140188777,1012302.0,7.240000000000009,0.0,7.240000000000009,44.0,0.018339792790738937,7.240000000000009,0.0,0.0,1.0,1.0,-0.2988105760850128,-1.1159240891245759,-0.9665188010820694,34.150278416617056,15.00840167169818,10.033786937452883,24.957631140188777,3.9543281696382224,32.71702133677788,61.25647121591097,0.23469940422458105,0.33029700926380656,0.17000000000001592,0.20000000000004547,0.9099999999999682,1.0,5444.0,5444.0,2021-11-10,2021-11-10 14:45:00,1.6210374639769483,322.0,1.0,best_within_2.0d,5765.0,394.94,0.5832424107187206,4.3760036431226785,32.22527881040892,0.012230020343504162,2.285057100371749,15.890706319702602,0.006381710269403211,0.4929364202292669,5.6011759621451125,36.843533123028394,0.015614239272951093,2.82998018927445,22.52492113564669,0.007835530045022196,1.8630914826498424,0.00402220134195386,1.9444468750000041,16.553125,0.005470102952261012,1.0,0
5498.0,2021-11-10 19:30:00,397.08,397.13,397.01,397.02,4762.0,1p,1p,1.0,buy,False,2.788510439581836,2.3600000000000136,63.0,0.005909307158775105,-0.10319902180487892,-0.12304578656456973,-0.1746452974670092,-0.0004392629731245222,28.165809253821337,10.845032138453377,22.97297402347381,-13.41085163158749,4762.0,2.3600000000000136,0.0,2.3600000000000136,63.0,0.005909307158775105,2.3600000000000136,0.0,0.0,1.0,1.0,-0.10319902180487892,-0.1746452974670092,-0.12304578656456973,28.165809253821337,10.845032138453377,22.97297402347381,-13.41085163158749,22.222222222221482,49.70760233918488,26.408538535669926,-0.015110305228166183,0.03022593889322802,0.05000000000001137,0.009999999999990905,0.060000000000002274,0.0,5499.0,5499.0,2021-11-10,2021-11-10 19:30:00,-0.4584151931892583,332.0,1.0,best_within_2.0d,5830.0,395.2,0.5832424107187206,4.3760036431226785,32.22527881040892,0.012230020343504162,2.285057100371749,15.890706319702602,0.006381710269403211,0.4929364202292669,5.6011759621451125,36.843533123028394,0.015614239272951093,2.82998018927445,22.52492113564669,0.007835530045022196,1.8630914826498424,0.00402220134195386,1.9444468750000041,16.553125,0.005470102952261012,0.0,0
5522.0,2021-11-11 05:30:00,391.95,391.95,391.76,391.8,2055.0,2,2,1.0,buy,False,0.12240663900415472,4.163492493946733,28.239017640954685,0.011578080659927173,-0.13385225262343659,0.47092638440147044,0.40400025808975215,0.0010319090240570464,60.21503517652017,33.72386806152382,55.10409880719038,-9.036593429809315,2055.0,0.5900000000000318,1.0,4.82000000000005,76.0,0.012437746755090058,0.5900000000000318,5.0,0.0015037593984963216,2.0,2.0,-0.13385225262343659,0.40400025808975215,0.47092638440147044,60.21503517652017,33.72386806152382,55.10409880719038,-9.036593429809315,35.65573770491592,20.90163934426194,60.52104158261482,-0.03827018752391307,0.048499081070042305,0.0,0.040000000000020464,0.14999999999997726,0.0,5523.0,5523.0,2021-11-11,2021-11-11 05:30:00,0.8677896886166353,308.0,1.0,best_within_2.0d,5830.0,395.2,0.12240663900415472,4.82000000000005,76.0,0.012437746755090058,0.5900000000000318,5.0,0.0015037593984963216,0.4929364202292669,5.6011759621451125,36.843533123028394,0.015614239272951093,2.82998018927445,22.52492113564669,0.007835530045022196,1.8630914826498424,0.00402220134195386,1.9444468750000041,16.553125,0.005470102952261012,0.0,0
5523.0,2021-11-11 05:35:00,391.85,391.85,391.49,391.49,7298.0,2,2,1.0,buy,False,0.1784232365145238,4.163492493946733,28.239017640954685,0.011578080659927173,-0.20877844125978595,0.44482907924399717,0.3404398586141042,0.0008695641330660007,50.268559626876396,22.482578707682542,44.2302587740211,-21.01278142499457,7298.0,0.8600000000000136,1.0,4.82000000000005,76.0,0.012437746755090058,0.8600000000000136,6.0,0.0021919204791640465,2.0,2.0,-0.20877844125978595,0.3404398586141042,0.44482907924399717,50.268559626876396,22.482578707682542,44.2302587740211,-21.01278142499457,25.101214574896392,31.5789473684196,57.014436571611895,-0.09187188975373577,0.09195637181026683,0.0,0.0,0.36000000000001364,0.0,5524.0,5524.0,2021-11-11,2021-11-11 05:35:00,0.9476614983779866,307.0,1.0,best_within_2.0d,5830.0,395.2,0.1784232365145238,4.82000000000005,76.0,0.012437746755090058,0.8600000000000136,6.0,0.0021919204791640465,0.4929364202292669,5.6011759621451125,36.843533123028394,0.015614239272951093,2.82998018927445,22.52492113564669,0.007835530045022196,1.8630914826498424,0.00402220134195386,1.9444468750000041,16.553125,0.005470102952261012,0.0,0
5524.0,2021-11-11 05:40:00,391.48,391.75,391.44,391.63,5469.0,2,2,1.0,buy,False,0.18879668049792855,4.163492493946733,28.239017640954685,0.011578080659927173,-0.23503811159577404,0.41544931529452545,0.2979302594966384,0.0007609667296434335,53.9667316671788,21.94809276482838,36.80287010429019,-7.761461914095236,5469.0,0.910000000000025,1.0,4.82000000000005,76.0,0.012437746755090058,0.910000000000025,7.0,0.0023193577163247736,2.0,2.0,-0.23503811159577404,0.2979302594966384,0.41544931529452545,53.9667316671788,21.94809276482838,36.80287010429019,-7.761461914095236,18.773946360151328,31.80076628352413,54.78180365632386,0.038316133646668346,0.07919476803597034,0.12000000000000455,0.040000000000020464,0.14999999999997726,1.0,5525.0,5525.0,2021-11-11,2021-11-11 05:40:00,0.9115747006102681,306.0,1.0,best_within_2.0d,5830.0,395.2,0.18879668049792855,4.82000000000005,76.0,0.012437746755090058,0.910000000000025,7.0,0.0023193577163247736,0.4929364202292669,5.6011759621451125,36.843533123028394,0.015614239272951093,2.82998018927445,22.52492113564669,0.007835530045022196,1.8630914826498424,0.00402220134195386,1.9444468750000041,16.553125,0.005470102952261012,1.0,0
5546.0,2021-11-11 07:35:00,391.9,392.0,391.86,391.93,12114.0,2s,2s,1.0,buy,False,0.10165975103734523,4.163492493946733,28.239017640954685,0.011578080659927173,-0.08485992173182266,0.12424683224357991,0.08181687137766858,0.00020877384012086818,51.959137992349675,23.66819397567781,34.521046379398555,1.962489168236317,12114.0,0.4199999999999591,1.0,4.82000000000005,76.0,0.012437746755090058,0.4199999999999591,7.0,0.001070663811563065,1.0,2.5,-0.08485992173182266,0.08181687137766858,0.12424683224357991,51.959137992349675,23.66819397567781,34.521046379398555,1.962489168236317,23.115577889444566,28.64321608040603,22.80161957365152,0.007655014034199939,0.03572704537334414,0.06999999999999318,0.03999999999996362,0.03000000000002956,1.0,5547.0,5547.0,2021-11-11,2021-11-11 07:35:00,0.834332661444641,284.0,1.0,best_within_2.0d,5830.0,395.2,0.5832424107187206,4.3760036431226785,32.22527881040892,0.012230020343504162,2.285057100371749,15.890706319702602,0.006381710269403211,0.10165975103734523,4.82000000000005,76.0,0.012437746755090058,0.4199999999999591,7.0,0.001070663811563065,1.0,0.00402220134195386,1.9444468750000041,16.553125,0.005470102952261012,0.0,0
5547.0,2021-11-11 07:40:00,391.91,391.95,391.83,391.94,14132.0,2s,2s,1.0,buy,False,0.1078838174273928,4.163492493946733,28.239017640954685,0.011578080659927173,-0.08194599039356057,0.11400358344438484,0.07303058824760456,0.00018635201742515228,52.347108802192395,23.92694413193457,30.989678963577227,9.80147446864926,14132.0,0.44999999999998863,1.0,4.82000000000005,76.0,0.012437746755090058,0.44999999999998863,8.0,0.0011471397981033665,1.0,2.5,-0.08194599039356057,0.07303058824760456,0.11400358344438484,52.347108802192395,23.92694413193457,30.989678963577227,9.80147446864926,21.800947867295946,28.436018957351088,22.11632868766399,0.007654818708369961,0.03062552637623575,0.009999999999990905,0.08000000000004093,0.029999999999972715,1.0,5548.0,5548.0,2021-11-11,2021-11-11 07:40:00,0.8317599632596804,283.0,1.0,best_within_2.0d,5830.0,395.2,0.5832424107187206,4.3760036431226785,32.22527881040892,0.012230020343504162,2.285057100371749,15.890706319702602,0.006381710269403211,0.1078838174273928,4.82000000000005,76.0,0.012437746755090058,0.44999999999998863,8.0,0.0011471397981033665,1.0,0.00402220134195386,1.9444468750000041,16.553125,0.005470102952261012,0.0,0
5551.0,2021-11-11 08:00:00,392.09,392.29,390.0,392.1,54450.0,2s,2s,1.0,buy,False,0.48755186721991667,4.163492493946733,28.239017640954685,0.011578080659927173,-0.01705211669942014,0.09621185699561727,0.0876857986459072,0.00022371422105019903,56.91869344305515,66.91009667281075,50.46688820707911,99.79651360427403,54450.0,2.2799999999999727,1.0,4.82000000000005,76.0,0.012437746755090058,2.2799999999999727,12.0,0.005812174977057135,1.0,2.5,-0.01705211669942014,0.0876857986459072,0.09621185699561727,56.91869344305515,66.91009667281075,50.46688820707911,99.79651360427403,11.55555555555515,57.77777777777955,23.90076309147628,0.002550434849153957,0.5871794871794924,0.18999999999999773,2.089999999999975,0.010000000000047748,1.0,5552.0,5552.0,2021-11-11,2021-11-11 08:00:00,0.790614639122664,279.0,1.0,best_within_2.0d,5830.0,395.2,0.5832424107187206,4.3760036431226785,32.22527881040892,0.012230020343504162,2.285057100371749,15.890706319702602,0.006381710269403211,0.48755186721991667,4.82000000000005,76.0,0.012437746755090058,2.2799999999999727,12.0,0.005812174977057135,1.0,0.00402220134195386,1.9444468750000041,16.553125,0.005470102952261012,1.0,0
5557.0,2021-11-11 08:30:00,392.45,392.55,392.33,392.4,38410.0,1,1,0.0,sell,False,0.10601611281215466,2.5500000000000114,7.0,0.006538461538461568,0.05015908993874599,0.1090086374828441,0.1340881824522171,0.0003419897506458953,66.06202860238429,93.26970031745363,86.61866450158576,106.57177194918938,38410.0,2.5500000000000114,1.0,2.5500000000000114,7.0,0.006538461538461568,2.5500000000000114,7.0,0.006538461538461568,1.0,1.0,0.05015908993874599,0.1340881824522171,0.1090086374828441,66.06202860238429,93.26970031745363,86.61866450158576,106.57177194918938,16.331096196868526,50.78299776286473,36.698279959818436,-0.012740476493823765,0.05607524278031945,0.10000000000002274,0.06999999999999318,0.05000000000001137,0.0,5558.0,5558.0,2021-11-11,2021-11-11 08:30:00,0.5198776758409693,202.0,1.0,best_within_2.0d,5759.0,390.36,0.5832424107187206,4.3760036431226785,32.22527881040892,0.012230020343504162,2.285057100371749,15.890706319702602,0.006381710269403211,0.4929364202292669,5.6011759621451125,36.843533123028394,0.015614239272951093,2.82998018927445,22.52492113564669,0.007835530045022196,1.8630914826498424,0.00402220134195386,1.9444468750000041,16.553125,0.005470102952261012,0.0,1
5558.0,2021-11-11 08:35:00,392.4,392.61,392.4,392.591,16311.0,1,1,0.0,sell,False,0.15223970743735277,2.6100000000000136,8.0,0.006692307692307727,0.07202872256907603,0.11801222780397862,0.15402658908851663,0.0003928045967120522,71.41822173113874,95.27047709541601,89.5026020328625,106.80622722052303,16311.0,2.6100000000000136,1.0,2.6100000000000136,8.0,0.006692307692307727,2.6100000000000136,8.0,0.006692307692307727,1.0,1.0,0.07202872256907603,0.15402658908851663,0.11801222780397862,71.41822173113874,95.27047709541601,89.5026020328625,106.80622722052303,16.956521739130995,49.34782608695712,37.566435606716595,0.04867482161060931,0.053516819571874714,0.019000000000005457,0.0,0.19100000000003092,1.0,5559.0,5559.0,2021-11-11,2021-11-11 08:35:00,0.5682758901757795,201.0,1.0,best_within_2.0d,5759.0,390.36,0.5832424107187206,4.3760036431226785,32.22527881040892,0.012230020343504162,2.285057100371749,15.890706319702602,0.006381710269403211,0.4929364202292669,5.6011759621451125,36.843533123028394,0.015614239272951093,2.82998018927445,22.52492113564669,0.007835530045022196,1.8630914826498424,0.00402220134195386,1.9444468750000041,16.553125,0.005470102952261012,0.0,1
5559.0,2021-11-11 08:40:00,392.5904,392.81,392.58,392.81,31668.0,1,1,0.0,sell,False,0.2277626452603751,2.8100000000000023,9.0,0.007205128205128211,0.10776066680113267,0.1314823111541202,0.18536264455468654,0.00047265742656175263,76.07977849173787,96.84698473027734,91.95072959866744,106.63949499349718,31668.0,2.8100000000000023,1.0,2.8100000000000023,9.0,0.007205128205128211,2.8100000000000023,9.0,0.007205128205128211,1.0,1.0,0.10776066680113267,0.18536264455468654,0.1314823111541202,76.07977849173787,96.84698473027734,91.95072959866744,106.63949499349718,21.304347826086982,46.521739130434916,37.53879643334307,0.05593616145479206,0.05858678485914162,0.0,0.010400000000004184,0.219600000000014,1.0,5560.0,5560.0,2021-11-11,2021-11-11 08:40:00,0.6237112089814385,200.0,1.0,best_within_2.0d,5759.0,390.36,0.5832424107187206,4.3760036431226785,32.22527881040892,0.012230020343504162,2.285057100371749,15.890706319702602,0.006381710269403211,0.4929364202292669,5.6011759621451125,36.843533123028394,0.015614239272951093,2.82998018927445,22.52492113564669,0.007835530045022196,1.8630914826498424,0.00402220134195386,1.9444468750000041,16.553125,0.005470102952261012,1.0,1
5567.0,2021-11-11 09:20:00,392.4,392.42,392.33,392.4,11552.0,3a,3a,1.0,buy,False,0.002145922746781052,4.163492493946733,28.239017640954685,0.011578080659927173,-0.05053237563797763,0.17010076862367263,0.1448345808046838,0.00036914391563229335,52.47228166843961,36.8689188292014,57.17240142591521,-3.7380463642262214,11552.0,0.4800000000000182,2.0,0.4800000000000182,9.0,0.0012219648175963397,0.4800000000000182,9.0,0.0012219648175963397,3.0,3.0,-0.05053237563797763,0.1448345808046838,0.17010076862367263,52.47228166843961,36.8689188292014,57.17240142591521,-3.7380463642262214,26.949775418534866,15.884034299713393,40.3390853442034,0.0,0.02293987204649959,0.020000000000038654,0.06999999999999318,0.0,0.0,5568.0,5568.0,2021-11-11,2021-11-11 09:20:00,0.7135575942915422,263.0,1.0,best_within_2.0d,5830.0,395.2,0.5832424107187206,4.3760036431226785,32.22527881040892,0.012230020343504162,2.285057100371749,15.890706319702602,0.006381710269403211,0.4929364202292669,5.6011759621451125,36.843533123028394,0.015614239272951093,2.82998018927445,22.52492113564669,0.007835530045022196,1.8630914826498424,0.002145922746781052,0.4800000000000182,9.0,0.0012219648175963397,0.0,0
5568.0,2021-11-11 09:25:00,392.43,392.57,392.31,392.5304,104358.0,3a,3a,1.0,buy,False,0.002145922746781052,4.163492493946733,28.239017640954685,0.011578080659927173,-0.05338591033603812,0.16342752983166786,0.1367345746636488,0.00034848750828598174,57.19368647080622,40.210484893226294,51.518429248352234,17.594596182974414,104358.0,0.5,2.0,0.5,10.0,0.0012728800183294722,0.5,10.0,0.0012728800183294722,3.0,3.0,-0.05338591033603812,0.1367345746636488,0.16342752983166786,57.19368647080622,40.210484893226294,51.518429248352234,17.594596182974414,29.308323563889893,15.201250488471283,39.72161273621085,0.025584180618194115,0.0662741199561548,0.039600000000007185,0.12000000000000455,0.10039999999997917,1.0,5569.0,5569.0,2021-11-11,2021-11-11 09:25:00,0.6801001909661016,262.0,1.0,best_within_2.0d,5830.0,395.2,0.5832424107187206,4.3760036431226785,32.22527881040892,0.012230020343504162,2.285057100371749,15.890706319702602,0.006381710269403211,0.4929364202292669,5.6011759621451125,36.843533123028394,0.015614239272951093,2.82998018927445,22.52492113564669,0.007835530045022196,1.8630914826498424,0.002145922746781052,0.5,10.0,0.0012728800183294722,0.0,0
5569.0,2021-11-11 09:30:00,392.57,392.75,391.9,392.19,906227.0,2s,2s,1.0,buy,False,0.09336099585063087,4.163492493946733,28.239017640954685,0.011578080659927173,-0.09880281368159982,0.15107717812146787,0.10167577128066796,0.0002591437621931196,44.70814085287456,38.04730000633752,47.02805283434732,20.085794350317926,906227.0,0.910000000000025,1.0,4.82000000000005,76.0,0.012437746755090058,0.910000000000025,11.0,0.002316641633359703,2.0,2.5,-0.09880281368159982,0.10167577128066796,0.15107717812146787,44.70814085287456,38.04730000633752,47.02805283434732,20.085794350317926,17.930166719092387,25.133689839571254,38.0791788514217,-0.09679802328247075,0.21689206430212368,0.18000000000000682,0.29000000000002046,0.37999999999999545,0.0,5570.0,5570.0,2021-11-11,2021-11-11 09:30:00,0.7674851475050335,261.0,1.0,best_within_2.0d,5830.0,395.2,0.5832424107187206,4.3760036431226785,32.22527881040892,0.012230020343504162,2.285057100371749,15.890706319702602,0.006381710269403211,0.09336099585063087,4.82000000000005,76.0,0.012437746755090058,0.910000000000025,11.0,0.002316641633359703,2.0,0.00402220134195386,1.9444468750000041,16.553125,0.005470102952261012,0.0,0
5570.0,2021-11-11 09:35:00,392.2,392.6,391.46,391.56,592540.0,2s,2s,1.0,buy,False,0.18464730290457138,4.163492493946733,28.239017640954685,0.011578080659927173,-0.20525478206993625,0.12542033036272585,0.022792939327757722,5.810167114246542e-05,31.15319666748877,27.928969234994803,40.66169163456315,2.4635244358581048,592540.0,1.3500000000000227,1.0,4.82000000000005,76.0,0.012437746755090058,1.3500000000000227,12.0,0.0034367760494896328,2.0,2.5,-0.20525478206993625,0.022792939327757722,0.12542033036272585,31.15319666748877,27.928969234994803,40.66169163456315,2.4635244358581048,13.705217600383634,29.790815099782414,38.000791638983124,-0.16318204997449934,0.2912174934859355,0.4000000000000341,0.10000000000002274,0.6399999999999864,0.0,5571.0,5571.0,2021-11-11,2021-11-11 09:35:00,0.929614873837978,260.0,1.0,best_within_2.0d,5830.0,395.2,0.5832424107187206,4.3760036431226785,32.22527881040892,0.012230020343504162,2.285057100371749,15.890706319702602,0.006381710269403211,0.18464730290457138,4.82000000000005,76.0,0.012437746755090058,1.3500000000000227,12.0,0.0034367760494896328,2.0,0.00402220134195386,1.9444468750000041,16.553125,0.005470102952261012,0.0,0
5571.0,2021-11-11 09:40:00,391.54,391.95,391.35,391.65,569593.0,2s,2s,1.0,buy,False,0.20746887966804764,4.163492493946733,28.239017640954685,0.011578080659927173,-0.2520167056300297,0.09391824215897213,-0.032090110656042725,-8.18111168850439e-05,34.22138822218159,25.711511404889237,35.67829822467184,5.777937765324026,569593.0,1.4599999999999795,1.0,4.82000000000005,76.0,0.012437746755090058,1.4599999999999795,13.0,0.003716809653522007,2.0,2.5,-0.2520167056300297,-0.032090110656042725,0.09391824215897213,34.22138822218159,25.711511404889237,35.67829822467184,5.777937765324026,10.13439083498475,29.72020268781506,38.796676023610864,0.028094192164263367,0.1533154465312293,0.30000000000001137,0.18999999999999773,0.1099999999999568,1.0,5572.0,5572.0,2021-11-11,2021-11-11 09:40:00,0.9064215498531881,259.0,1.0,best_within_2.0d,5830.0,395.2,0.5832424107187206,4.3760036431226785,32.22527881040892,0.012230020343504162,2.285057100371749,15.890706319702602,0.006381710269403211,0.20746887966804764,4.82000000000005,76.0,0.012437746755090058,1.4599999999999795,13.0,0.003716809653522007,2.0,0.00402220134195386,1.9444468750000041,16.553125,0.005470102952261012,1.0,0
5578.0,2021-11-11 10:15:00,391.8,391.85,391.06,391.67,612204.0,2s,2s,1.0,buy,False,0.2676348547717857,4.163492493946733,28.239017640954685,0.011578080659927173,-0.16706545265199726,-0.04731070851333617,-0.1308434348393348,-0.0003336992833464366,42.431864024904634,35.49045588991952,37.9021869523237,30.666993765111144,612204.0,1.75,1.0,4.82000000000005,76.0,0.012437746755090058,1.75,20.0,0.0044550800641531526,2.0,2.5,-0.16706545265199726,-0.1308434348393348,-0.04731070851333617,42.431864024904634,35.49045588991952,37.9021869523237,30.666993765111144,10.636982065553466,28.695114409398805,37.6672316492418,-0.03318019397651747,0.20201503605585344,0.05000000000001137,0.6100000000000136,0.12999999999999545,0.0,5579.0,5579.0,2021-11-11,2021-11-11 10:15:00,0.9012689253708409,252.0,1.0,best_within_2.0d,5830.0,395.2,0.5832424107187206,4.3760036431226785,32.22527881040892,0.012230020343504162,2.285057100371749,15.890706319702602,0.006381710269403211,0.2676348547717857,4.82000000000005,76.0,0.012437746755090058,1.75,20.0,0.0044550800641531526,2.0,0.00402220134195386,1.9444468750000041,16.553125,0.005470102952261012,0.0,0
5581.0,2021-11-11 10:30:00,391.24,391.47,390.97,391.21,557123.0,2s,2s,1.0,buy,False,0.2863070539419048,4.163492493946733,28.239017640954685,0.011578080659927173,-0.2167558115512768,-0.1223259358518352,-0.2307038416274736,-0.0005886240324388568,36.258993349970076,21.919788815070568,29.160914556807235,7.437537331597227,557123.0,1.839999999999975,1.0,4.82000000000005,76.0,0.012437746755090058,1.839999999999975,23.0,0.004684198467452394,2.0,2.5,-0.2167558115512768,-0.2307038416274736,-0.1223259358518352,36.258993349970076,21.919788815070568,29.160914556807235,7.437537331597227,9.455744914788466,26.388125343594425,39.289098677887615,-0.007667927614770872,0.12788705015730106,0.2300000000000182,0.23999999999995225,0.03000000000002956,0.0,5582.0,5582.0,2021-11-11,2021-11-11 10:30:00,1.019912578921809,249.0,1.0,best_within_2.0d,5830.0,395.2,0.5832424107187206,4.3760036431226785,32.22527881040892,0.012230020343504162,2.285057100371749,15.890706319702602,0.006381710269403211,0.2863070539419048,4.82000000000005,76.0,0.012437746755090058,1.839999999999975,23.0,0.004684198467452394,2.0,0.00402220134195386,1.9444468750000041,16.553125,0.005470102952261012,1.0,0
5594.0,2021-11-11 11:35:00,391.81,392.37,391.78,392.33,348226.0,2,2,0.0,sell,False,0.7608695652173892,4.163492493946733,28.239017640954685,0.011578080659927173,0.11501654048125193,-0.08376590540766779,-0.026257635167041826,-6.700168517764543e-05,58.68389181071231,66.07417795209052,57.22775839972839,83.76701705681481,348226.0,1.3999999999999773,1.0,1.839999999999975,23.0,0.004684198467452394,1.3999999999999773,14.0,0.0035808374044043714,2.0,2.0,0.11501654048125193,-0.026257635167041826,-0.08376590540766779,58.68389181071231,66.07417795209052,57.22775839972839,83.76701705681481,29.5745633676668,15.518137035378734,25.88915884656284,0.13271738853015028,0.15059472152739595,0.040000000000020464,0.03000000000002956,0.5199999999999818,1.0,5595.0,5595.0,2021-11-11,2021-11-11 11:35:00,0.5021283103509726,165.0,1.0,best_within_2.0d,5759.0,390.36,0.7608695652173892,1.839999999999975,23.0,0.004684198467452394,1.3999999999999773,14.0,0.0035808374044043714,0.4929364202292669,5.6011759621451125,36.843533123028394,0.015614239272951093,2.82998018927445,22.52492113564669,0.007835530045022196,1.8630914826498424,0.00402220134195386,1.9444468750000041,16.553125,0.005470102952261012,1.0,1
5600.0,2021-11-11 12:05:00,391.34,391.55,391.09,391.18,259262.0,2s,2s,1.0,buy,False,0.2614107883817499,4.163492493946733,28.239017640954685,0.011578080659927173,-0.09502258199913548,-0.043855374096393514,-0.09136666509596125,-0.00023317984194011395,37.044028759634635,29.12282322814295,46.880020532847034,-6.391571381265223,259262.0,1.2800000000000296,1.0,4.82000000000005,76.0,0.012437746755090058,1.2800000000000296,7.0,0.0032622269796366427,3.0,2.5,-0.09502258199913548,-0.09136666509596125,-0.043855374096393514,37.044028759634635,29.12282322814295,46.880020532847034,-6.391571381265223,16.30055603712689,33.00492610837551,25.445276364638037,-0.040885163796179326,0.11761998516966335,0.21000000000003638,0.09000000000003183,0.15999999999996817,0.0,5601.0,5601.0,2021-11-11,2021-11-11 12:05:00,1.0276599008129204,230.0,1.0,best_within_2.0d,5830.0,395.2,0.5832424107187206,4.3760036431226785,32.22527881040892,0.012230020343504162,2.285057100371749,15.890706319702602,0.006381710269403211,0.2614107883817499,4.82000000000005,76.0,0.012437746755090058,1.2800000000000296,7.0,0.0032622269796366427,3.0,0.00402220134195386,1.9444468750000041,16.553125,0.005470102952261012,0.0,0
5601.0,2021-11-11 12:10:00,391.18,391.32,391.07,391.119,198505.0,2s,2s,1.0,buy,False,0.2655601659751071,4.163492493946733,28.239017640954685,0.011578080659927173,-0.14417122943866917,-0.06187677777622715,-0.13396239249556174,-0.000341935692282204,36.169666192090354,20.671625741839776,38.143888935844615,-14.272900646169902,198505.0,1.3000000000000114,1.0,4.82000000000005,76.0,0.012437746755090058,1.3000000000000114,8.0,0.0033131992761934177,3.0,2.5,-0.14417122943866917,-0.13396239249556174,-0.06187677777622715,36.169666192090354,20.671625741839776,38.143888935844615,-14.272900646169902,16.65226781857588,32.64362850972089,25.944866433530024,-0.015593844266061307,0.0639271741631933,0.13999999999998636,0.049000000000035016,0.06099999999997863,0.0,5602.0,5602.0,2021-11-11,2021-11-11 12:10:00,1.0434164538158361,229.0,1.0,best_within_2.0d,5830.0,395.2,0.5832424107187206,4.3760036431226785,32.22527881040892,0.012230020343504162,2.285057100371749,15.890706319702602,0.006381710269403211,0.2655601659751071,4.82000000000005,76.0,0.012437746755090058,1.3000000000000114,8.0,0.0033131992761934177,3.0,0.00402220134195386,1.9444468750000041,16.553125,0.005470102952261012,0.0,0
5602.0,2021-11-11 12:15:00,391.12,391.621,390.6,390.865,626376.0,1p,"1p,2s",1.0,buy,False,0.7884795245562157,1.7699999999999818,9.0,0.004511048245278645,-0.19871009108334206,-0.08671553916164491,-0.18607058470331594,-0.00047502243490067474,32.70777862780663,18.771667632036106,31.68648183457511,-7.0579607730418985,626376.0,1.7699999999999818,0.0,1.7699999999999818,9.0,0.004511048245278645,1.7699999999999818,0.0,0.0,1.0,1.0,-0.19871009108334206,-0.18607058470331594,-0.08671553916164491,32.70777862780663,18.771667632036106,31.68648183457511,-7.0579607730418985,14.599507669003428,33.73035409960315,26.919083453520226,-0.06519738187768344,0.2613927291346539,0.5009999999999764,0.26499999999998636,0.25499999999999545,0.0,5603.0,5603.0,2021-11-11,2021-11-11 12:15:00,1.1090785821191407,228.0,1.0,best_within_2.0d,5830.0,395.2,0.5832424107187206,4.3760036431226785,32.22527881040892,0.012230020343504162,2.285057100371749,15.890706319702602,0.006381710269403211,0.36307053941908335,4.82000000000005,76.0,0.012437746755090058,1.7699999999999818,9.0,0.004511048245278645,3.0,0.00402220134195386,1.9444468750000041,16.553125,0.005470102952261012,1.0,0
5602.0,2021-11-11 12:15:00,391.12,391.621,390.6,390.865,626376.0,2s,"1p,2s",1.0,buy,False,0.7884795245562157,1.7699999999999818,9.0,0.004511048245278645,-0.19871009108334206,-0.08671553916164491,-0.18607058470331594,-0.00047502243490067474,32.70777862780663,18.771667632036106,31.68648183457511,-7.0579607730418985,626376.0,1.7699999999999818,0.0,1.7699999999999818,9.0,0.004511048245278645,1.7699999999999818,0.0,0.0,1.0,1.0,-0.19871009108334206,-0.18607058470331594,-0.08671553916164491,32.70777862780663,18.771667632036106,31.68648183457511,-7.0579607730418985,14.599507669003428,33.73035409960315,26.919083453520226,-0.06519738187768344,0.2613927291346539,0.5009999999999764,0.26499999999998636,0.25499999999999545,0.0,5603.0,5603.0,2021-11-11,2021-11-11 12:15:00,1.1090785821191407,228.0,1.0,best_within_2.0d,5830.0,395.2,0.5832424107187206,4.3760036431226785,32.22527881040892,0.012230020343504162,2.285057100371749,15.890706319702602,0.006381710269403211,0.36307053941908335,4.82000000000005,76.0,0.012437746755090058,1.7699999999999818,9.0,0.004511048245278645,3.0,0.00402220134195386,1.9444468750000041,16.553125,0.005470102952261012,1.0,0
5624.0,2021-11-11 14:05:00,391.61,391.76,391.405,391.739,224840.0,2s,2s,0.0,sell,False,0.4293478260869426,4.163492493946733,28.239017640954685,0.011578080659927173,0.1770173419247281,-0.09661359071912491,-0.008104919756760864,-2.070941428754403e-05,60.72002925466248,88.38669186768192,75.7648288092486,113.63041798454856,224840.0,1.1599999999999682,1.0,1.839999999999975,23.0,0.004684198467452394,1.1599999999999682,23.0,0.0029697900665641786,1.0,2.5,0.1770173419247281,-0.008104919756760864,-0.09661359071912491,60.72002925466248,88.38669186768192,75.7648288092486,113.63041798454856,21.895190236898813,22.383345297918066,21.960361709642676,0.03294093613543123,0.09069889245155739,0.021000000000015007,0.20500000000004093,0.12899999999996226,1.0,5625.0,5625.0,2021-11-11,2021-11-11 14:05:00,0.35202009501223064,135.0,1.0,best_within_2.0d,5759.0,390.36,0.5832424107187206,4.3760036431226785,32.22527881040892,0.012230020343504162,2.285057100371749,15.890706319702602,0.006381710269403211,0.4293478260869426,1.839999999999975,23.0,0.004684198467452394,1.1599999999999682,23.0,0.0029697900665641786,1.0,0.00402220134195386,1.9444468750000041,16.553125,0.005470102952261012,0.0,1
5625.0,2021-11-11 14:10:00,391.745,391.76,391.63,391.67,144071.0,2s,2s,0.0,sell,False,0.4293478260869426,4.163492493946733,28.239017640954685,0.011578080659927173,0.18266199110456988,-0.07378084183105368,0.017550153721231254,4.4840956849655794e-05,58.38429559197449,89.06630521675336,80.19865427841685,106.80160709342641,144071.0,1.1599999999999682,1.0,1.839999999999975,23.0,0.004684198467452394,1.1599999999999682,24.0,0.0029697900665641786,1.0,2.5,0.18266199110456988,0.017550153721231254,-0.07378084183105368,58.38429559197449,89.06630521675336,80.19865427841685,106.80160709342641,22.96686746987982,16.32530120481889,21.599123586101825,-0.019145107148780108,0.03319459694098906,0.014999999999986358,0.040000000000020464,0.07499999999998863,0.0,5626.0,5626.0,2021-11-11,2021-11-11 14:10:00,0.33446523859371463,134.0,1.0,best_within_2.0d,5759.0,390.36,0.5832424107187206,4.3760036431226785,32.22527881040892,0.012230020343504162,2.285057100371749,15.890706319702602,0.006381710269403211,0.4293478260869426,1.839999999999975,23.0,0.004684198467452394,1.1599999999999682,24.0,0.0029697900665641786,1.0,0.00402220134195386,1.9444468750000041,16.553125,0.005470102952261012,0.0,1
5629.0,2021-11-11 14:30:00,391.47,391.76,391.4694,391.66,140622.0,2s,2s,0.0,sell,False,0.4293478260869426,4.163492493946733,28.239017640954685,0.011578080659927173,0.10898671723856512,-0.009690119370333091,0.04480323924894947,0.00011446120695117834,56.98179517323858,74.84653369200782,76.99099219873698,70.55761667854952,140622.0,1.1599999999999682,1.0,1.839999999999975,23.0,0.004684198467452394,1.1599999999999682,28.0,0.0029697900665641786,1.0,2.5,0.10898671723856512,0.04480323924894947,-0.009690119370333091,56.98179517323858,74.84653369200782,76.99099219873698,70.55761667854952,27.080800265281223,20.18072289156739,19.457686973302238,0.048535009068382685,0.07423313290897922,0.0999999999999659,0.0006000000000199179,0.18999999999999773,1.0,5630.0,5630.0,2021-11-11,2021-11-11 14:30:00,0.3319205433284,130.0,1.0,best_within_2.0d,5759.0,390.36,0.5832424107187206,4.3760036431226785,32.22527881040892,0.012230020343504162,2.285057100371749,15.890706319702602,0.006381710269403211,0.4293478260869426,1.839999999999975,23.0,0.004684198467452394,1.1599999999999682,28.0,0.0029697900665641786,1.0,0.00402220134195386,1.9444468750000041,16.553125,0.005470102952261012,0.0,1
5630.0,2021-11-11 14:35:00,391.655,391.91,391.63,391.815,172686.0,2s,2s,0.0,sell,False,0.510869565217397,4.163492493946733,28.239017640954685,0.011578080659927173,0.12564726694295122,0.006015788997535812,0.06883942246901142,0.00017585481376207327,60.666304024648376,78.70721293752801,77.56306577833399,80.99550725591604,172686.0,1.3100000000000023,1.0,1.839999999999975,23.0,0.004684198467452394,1.3100000000000023,29.0,0.00335381464413723,1.0,2.5,0.12564726694295122,0.06883942246901142,0.006015788997535812,60.666304024648376,78.70721293752801,77.56306577833399,80.99550725591604,33.33530001770023,14.750132751195782,20.82858838581375,0.04085228070624019,0.07149605494983263,0.09500000000002728,0.024999999999977263,0.160000000000025,1.0,5631.0,5631.0,2021-11-11,2021-11-11 14:35:00,0.3713487232494887,129.0,1.0,best_within_2.0d,5759.0,390.36,0.5832424107187206,4.3760036431226785,32.22527881040892,0.012230020343504162,2.285057100371749,15.890706319702602,0.006381710269403211,0.510869565217397,1.839999999999975,23.0,0.004684198467452394,1.3100000000000023,29.0,0.00335381464413723,1.0,0.00402220134195386,1.9444468750000041,16.553125,0.005470102952261012,0.0,1
5631.0,2021-11-11 14:40:00,391.81,391.96,391.62,391.67,146625.0,2s,2s,0.0,sell,False,0.538043478260851,4.163492493946733,28.239017640954685,0.011578080659927173,0.11088632726654388,0.019876579905853797,0.07531974353912574,0.00019240142728890728,55.84736944927449,72.18978515084157,75.77197223583651,65.02541098085169,146625.0,1.3599999999999568,1.0,1.839999999999975,23.0,0.004684198467452394,1.3599999999999568,30.0,0.0034818228366614357,1.0,2.5,0.11088632726654388,0.07531974353912574,0.019876579905853797,55.84736944927449,72.18978515084157,75.77197223583651,65.02541098085169,31.966861876872983,14.28367376089251,22.071794747913717,-0.035731604604268996,0.08681885501250573,0.14999999999997726,0.05000000000001137,0.13999999999998636,0.0,5632.0,5632.0,2021-11-11,2021-11-11 14:40:00,0.33446523859371463,128.0,1.0,best_within_2.0d,5759.0,390.36,0.5832424107187206,4.3760036431226785,32.22527881040892,0.012230020343504162,2.285057100371749,15.890706319702602,0.006381710269403211,0.538043478260851,1.839999999999975,23.0,0.004684198467452394,1.3599999999999568,30.0,0.0034818228366614357,1.0,0.00402220134195386,1.9444468750000041,16.553125,0.005470102952261012,1.0,1
5637.0,2021-11-11 15:10:00,390.77,390.82,390.24,390.446,567702.0,1,1,1.0,buy,False,0.863394795576847,1.7199999999999704,7.0,0.0043882028778446025,-0.2175899120393899,-0.044648786692986844,-0.1534437427126818,-0.0003921811839650015,29.868053394728364,14.91774524389361,26.285639865989673,-7.818044000298514,567702.0,1.7199999999999704,1.0,1.7199999999999704,7.0,0.0043882028778446025,1.7199999999999704,7.0,0.0043882028778446025,1.0,1.0,-0.2175899120393899,-0.1534437427126818,-0.044648786692986844,29.868053394728364,14.91774524389361,26.285639865989673,-7.818044000298514,13.86734358106467,37.95891505664628,21.78731985006877,-0.08291322261175511,0.14862648626485858,0.05000000000001137,0.20600000000001728,0.32399999999995543,0.0,5638.0,5638.0,2021-11-11,2021-11-11 15:10:00,1.2175819447503526,193.0,1.0,best_within_2.0d,5830.0,395.2,0.5832424107187206,4.3760036431226785,32.22527881040892,0.012230020343504162,2.285057100371749,15.890706319702602,0.006381710269403211,0.4929364202292669,5.6011759621451125,36.843533123028394,0.015614239272951093,2.82998018927445,22.52492113564669,0.007835530045022196,1.8630914826498424,0.00402220134195386,1.9444468750000041,16.553125,0.005470102952261012,1.0,0
5669.0,2021-11-11 18:05:00,391.18,391.18,391.05,391.05,1895.0,2s,2s,0.0,sell,False,0.11413043478259913,4.163492493946733,28.239017640954685,0.011578080659927173,0.04340626882438479,0.01058727407824701,0.032290408490439404,8.258604442000073e-05,52.82788227241009,68.75109197664024,78.519519269047,49.21423739182674,1895.0,0.9399999999999977,1.0,1.839999999999975,23.0,0.004684198467452394,0.9399999999999977,33.0,0.0024087740877408717,2.0,2.5,0.04340626882438479,0.032290408490439404,0.01058727407824701,52.82788227241009,68.75109197664024,78.519519269047,49.21423739182674,27.878787878793513,29.696969696966562,21.926308528646935,-0.03323278286210835,0.03324383071218398,0.0,0.0,0.12999999999999545,0.0,5670.0,5670.0,2021-11-11,2021-11-11 18:05:00,0.1764480245492898,90.0,1.0,best_within_2.0d,5759.0,390.36,0.5832424107187206,4.3760036431226785,32.22527881040892,0.012230020343504162,2.285057100371749,15.890706319702602,0.006381710269403211,0.11413043478259913,1.839999999999975,23.0,0.004684198467452394,0.9399999999999977,33.0,0.0024087740877408717,2.0,0.00402220134195386,1.9444468750000041,16.553125,0.005470102952261012,0.0,1
5672.0,2021-11-11 18:20:00,391.11,391.2,391.11,391.18,3876.0,2s,2s,0.0,sell,False,0.1249999999999807,4.163492493946733,28.239017640954685,0.011578080659927173,0.042734946395736516,0.024715216797121065,0.04608268999498932,0.00011785299254321763,58.474565203558456,71.97191920444138,69.2831886286304,77.34938035606334,3876.0,0.9599999999999795,1.0,1.839999999999975,23.0,0.004684198467452394,0.9599999999999795,36.0,0.00246002460024595,2.0,2.5,0.042734946395736516,0.04608268999498932,0.024715216797121065,58.474565203558456,71.97191920444138,69.2831886286304,77.34938035606334,34.75177304964945,13.47517730496414,24.16241716687733,0.017897778118686092,0.02301142900973511,0.01999999999998181,0.0,0.06999999999999318,1.0,5673.0,5673.0,2021-11-11,2021-11-11 18:20:00,0.20962216882253518,87.0,1.0,best_within_2.0d,5759.0,390.36,0.5832424107187206,4.3760036431226785,32.22527881040892,0.012230020343504162,2.285057100371749,15.890706319702602,0.006381710269403211,0.1249999999999807,1.839999999999975,23.0,0.004684198467452394,0.9599999999999795,36.0,0.00246002460024595,2.0,0.00402220134195386,1.9444468750000041,16.553125,0.005470102952261012,0.0,1
5673.0,2021-11-11 18:25:00,391.18,391.29,391.17,391.29,8405.0,2s,2s,0.0,sell,False,0.17391304347825953,4.163492493946733,28.239017640954685,0.011578080659927173,0.05750874769509855,0.03190381025900838,0.060658184106557655,0.00015512073493738468,62.760763920368085,81.31461280296091,73.29366335340723,97.35651170206827,8405.0,1.0500000000000114,1.0,1.839999999999975,23.0,0.004684198467452394,1.0500000000000114,37.0,0.0026906519065190942,2.0,2.5,0.05750874769509855,0.060658184106557655,0.03190381025900838,62.760763920368085,81.31461280296091,73.29366335340723,97.35651170206827,42.64705882353617,7.352941176468007,27.478547033109688,0.028120047037173076,0.030677199171716782,0.0,0.009999999999990905,0.11000000000001364,1.0,5674.0,5674.0,2021-11-11,2021-11-11 18:25:00,0.2376753814306542,86.0,1.0,best_within_2.0d,5759.0,390.36,0.5832424107187206,4.3760036431226785,32.22527881040892,0.012230020343504162,2.285057100371749,15.890706319702602,0.006381710269403211,0.17391304347825953,1.839999999999975,23.0,0.004684198467452394,1.0500000000000114,37.0,0.0026906519065190942,2.0,0.00402220134195386,1.9444468750000041,16.553125,0.005470102952261012,0.0,1
5674.0,2021-11-11 18:30:00,391.31,391.31,391.25,391.3,1700.0,2s,2s,0.0,sell,False,0.1847826086956411,4.163492493946733,28.239017640954685,0.011578080659927173,0.06444860793060586,0.039959886250334115,0.07218419021563705,0.00018458696428081512,63.13331361878563,86.43196409086389,77.67309693255945,103.9496984074728,1700.0,1.0699999999999932,1.0,1.839999999999975,23.0,0.004684198467452394,1.0699999999999932,38.0,0.0027419024190241726,2.0,2.5,0.06444860793060586,0.07218419021563705,0.039959886250334115,63.13331361878563,86.43196409086389,77.67309693255945,103.9496984074728,43.478260869571024,8.695652173910249,30.277698435507517,-0.002555518642506173,0.015335463258786522,0.0,0.05000000000001137,0.009999999999990905,0.0,5675.0,5675.0,2021-11-11,2021-11-11 18:30:00,0.2402248913876815,85.0,1.0,best_within_2.0d,5759.0,390.36,0.5832424107187206,4.3760036431226785,32.22527881040892,0.012230020343504162,2.285057100371749,15.890706319702602,0.006381710269403211,0.1847826086956411,1.839999999999975,23.0,0.004684198467452394,1.0699999999999932,38.0,0.0027419024190241726,2.0,0.00402220134195386,1.9444468750000041,16.553125,0.005470102952261012,0.0,1
5675.0,2021-11-11 18:35:00,391.31,391.31,391.29,391.3,1598.0,2s,2s,0.0,sell,False,0.1847826086956411,4.163492493946733,28.239017640954685,0.011578080659927173,0.0646912620442364,0.04804629400586367,0.08039192502798187,0.00020556607847313258,63.13331361878563,89.84353161613254,81.72990849375047,106.0707778608967,1598.0,1.0699999999999932,1.0,1.839999999999975,23.0,0.004684198467452394,1.0699999999999932,39.0,0.0027419024190241726,2.0,2.5,0.0646912620442364,0.08039192502798187,0.04804629400586367,63.13331361878563,89.84353161613254,81.72990849375047,106.0707778608967,45.04504504505192,9.009009009006288,32.87691045201979,-0.002555518642506173,0.0051112985253857265,0.0,0.009999999999990905,0.009999999999990905,0.0,5676.0,5676.0,2021-11-11,2021-11-11 18:35:00,0.2402248913876815,84.0,1.0,best_within_2.0d,5759.0,390.36,0.5832424107187206,4.3760036431226785,32.22527881040892,0.012230020343504162,2.285057100371749,15.890706319702602,0.006381710269403211,0.1847826086956411,1.839999999999975,23.0,0.004684198467452394,1.0699999999999932,39.0,0.0027419024190241726,2.0,0.00402220134195386,1.9444468750000041,16.553125,0.005470102952261012,0.0,1
5678.0,2021-11-11 18:50:00,391.48,391.52,391.45,391.52,5410.0,2s,2s,0.0,sell,False,0.2989130434782402,4.163492493946733,28.239017640954685,0.011578080659927173,0.08175896823436485,0.07397696299470782,0.11485644711189025,0.00029364138046403346,70.59558278912355,95.50919455292674,90.09583410663058,106.3359154455191,5410.0,1.2799999999999727,1.0,1.839999999999975,23.0,0.004684198467452394,1.2799999999999727,42.0,0.0032800328003279333,2.0,2.5,0.08175896823436485,0.11485644711189025,0.07397696299470782,70.59558278912355,95.50919455292674,90.09583410663058,106.3359154455191,52.212389380534,2.6548672566397946,39.8772384591232,0.010217635639103816,0.017882232724484144,0.0,0.03000000000002956,0.03999999999996362,1.0,5679.0,5679.0,2021-11-11,2021-11-11 18:50:00,0.2962811606048141,81.0,1.0,best_within_2.0d,5759.0,390.36,0.5832424107187206,4.3760036431226785,32.22527881040892,0.012230020343504162,2.285057100371749,15.890706319702602,0.006381710269403211,0.2989130434782402,1.839999999999975,23.0,0.004684198467452394,1.2799999999999727,42.0,0.0032800328003279333,2.0,0.00402220134195386,1.9444468750000041,16.553125,0.005470102952261012,0.0,1
5679.0,2021-11-11 18:55:00,391.48,391.6,391.48,391.6,4850.0,2s,2s,0.0,sell,False,0.3423913043478283,4.163492493946733,28.239017640954685,0.011578080659927173,0.09517005509944484,0.08587321988213843,0.13345824743186085,0.00034116926623515084,72.94874913549306,97.00612970195115,92.39926597173744,106.21985716237856,4850.0,1.3600000000000136,1.0,1.839999999999975,23.0,0.004684198467452394,1.3600000000000136,43.0,0.0034850348503485382,2.0,2.5,0.09517005509944484,0.13345824743186085,0.08587321988213843,72.94874913549306,97.00612970195115,92.39926597173744,106.21985716237856,57.89473684210815,2.6315789473710454,43.55060341390576,0.03065290691734049,0.03065290691734049,0.0,0.0,0.12000000000000455,1.0,5680.0,5680.0,2021-11-11,2021-11-11 18:55:00,0.3166496424923414,80.0,1.0,best_within_2.0d,5759.0,390.36,0.5832424107187206,4.3760036431226785,32.22527881040892,0.012230020343504162,2.285057100371749,15.890706319702602,0.006381710269403211,0.3423913043478283,1.839999999999975,23.0,0.004684198467452394,1.3600000000000136,43.0,0.0034850348503485382,2.0,0.00402220134195386,1.9444468750000041,16.553125,0.005470102952261012,0.0,1
5680.0,2021-11-11 19:00:00,391.63,391.93,391.62,391.83,11835.0,2s,2s,0.0,sell,False,0.5217391304347786,4.163492493946733,28.239017640954685,0.011578080659927173,0.12637723882966184,0.10167037473584614,0.16485899415067706,0.00042138938822339206,78.32046019318226,93.93904581755996,92.91252592034493,95.99208561198998,11835.0,1.6899999999999977,1.0,1.839999999999975,23.0,0.004684198467452394,1.6899999999999977,44.0,0.004330668306683061,2.0,2.5,0.12637723882966184,0.16485899415067706,0.10167037473584614,78.32046019318226,93.93904581755996,92.91252592034493,95.99208561198998,67.80821917808376,2.0547945205499984,47.162535102828066,0.051068610678443586,0.07915836780552635,0.10000000000002274,0.009999999999990905,0.19999999999998863,1.0,5681.0,5681.0,2021-11-11,2021-11-11 19:00:00,0.3751626981088662,79.0,1.0,best_within_2.0d,5759.0,390.36,0.5832424107187206,4.3760036431226785,32.22527881040892,0.012230020343504162,2.285057100371749,15.890706319702602,0.006381710269403211,0.5217391304347786,1.839999999999975,23.0,0.004684198467452394,1.6899999999999977,44.0,0.004330668306683061,2.0,0.00402220134195386,1.9444468750000041,16.553125,0.005470102952261012,0.0,1
5681.0,2021-11-11 19:05:00,391.87,392.08,391.87,391.89,22500.0,2s,2s,0.0,sell,False,0.6032608695652021,4.163492493946733,28.239017640954685,0.011578080659927173,0.14511669417966028,0.11980996150830367,0.1923683085981338,0.0004916431341144657,79.46599191127669,88.99965691866618,91.60823625311868,83.78249824976118,22500.0,1.839999999999975,1.0,1.839999999999975,23.0,0.004684198467452394,1.839999999999975,45.0,0.004715047150471441,2.0,2.5,0.14511669417966028,0.1923683085981338,0.11980996150830367,79.46599191127669,88.99965691866618,91.60823625311868,83.78249824976118,65.66265060240939,1.8072289156644656,50.55398667711547,0.005103733380963536,0.05358920050016065,0.18999999999999773,0.0,0.01999999999998181,1.0,5682.0,5682.0,2021-11-11,2021-11-11 19:05:00,0.39041567786878273,78.0,1.0,best_within_2.0d,5759.0,390.36,0.5832424107187206,4.3760036431226785,32.22527881040892,0.012230020343504162,2.285057100371749,15.890706319702602,0.006381710269403211,0.6032608695652021,1.839999999999975,23.0,0.004684198467452394,1.839999999999975,45.0,0.004715047150471441,2.0,0.00402220134195386,1.9444468750000041,16.553125,0.005470102952261012,1.0,1
5687.0,2021-11-11 19:35:00,392.0,392.17,392.0,392.17,5854.0,2s,2s,0.0,sell,False,0.6521739130434809,4.163492493946733,28.239017640954685,0.011578080659927173,0.10768354821052084,0.21174201035579693,0.26558378446105735,0.0006783094314876515,84.47642587963408,89.54576400468326,86.10042782659534,96.43643636085909,5854.0,1.9300000000000068,1.0,1.839999999999975,23.0,0.004684198467452394,1.9300000000000068,51.0,0.004945674456744585,2.0,2.5,0.10768354821052084,0.26558378446105735,0.21174201035579693,84.47642587963408,89.54576400468326,86.10042782659534,96.43643636085909,73.33333333333384,3.333333333334217,65.08799100835641,0.04336734693877957,0.04336734693877957,0.0,0.0,0.17000000000001592,1.0,5688.0,5688.0,2021-11-11,2021-11-11 19:35:00,0.46153453859295773,72.0,1.0,best_within_2.0d,5759.0,390.36,0.5832424107187206,4.3760036431226785,32.22527881040892,0.012230020343504162,2.285057100371749,15.890706319702602,0.006381710269403211,0.6521739130434809,1.839999999999975,23.0,0.004684198467452394,1.9300000000000068,51.0,0.004945674456744585,2.0,0.00402220134195386,1.9444468750000041,16.553125,0.005470102952261012,0.0,1
5688.0,2021-11-11 19:40:00,392.12,392.28,392.09,392.27,10625.0,2s,2s,0.0,sell,False,0.7119565217391105,4.163492493946733,28.239017640954685,0.011578080659927173,0.11422659093797494,0.2260203342230438,0.28313362969203126,0.0007230321380446063,85.97572353247193,92.52545883140544,88.2421048281987,101.09216683781892,10625.0,2.0399999999999636,1.0,1.839999999999975,23.0,0.004684198467452394,2.0399999999999636,52.0,0.005227552275522662,2.0,2.5,0.11422659093797494,0.28313362969203126,0.2260203342230438,85.97572353247193,92.52545883140544,88.2421048281987,101.09216683781892,73.00613496932428,3.0674846625775,67.00566906997135,0.038253595838002974,0.04845826213369322,0.009999999999990905,0.03000000000002956,0.14999999999997726,1.0,5689.0,5689.0,2021-11-11,2021-11-11 19:40:00,0.48690952660156733,71.0,1.0,best_within_2.0d,5759.0,390.36,0.5832424107187206,4.3760036431226785,32.22527881040892,0.012230020343504162,2.285057100371749,15.890706319702602,0.006381710269403211,0.7119565217391105,1.839999999999975,23.0,0.004684198467452394,2.0399999999999636,52.0,0.005227552275522662,2.0,0.00402220134195386,1.9444468750000041,16.553125,0.005470102952261012,0.0,1
5689.0,2021-11-11 19:45:00,392.3,392.31,392.19,392.19,15944.0,2s,2s,0.0,sell,False,0.7282608695652137,4.163492493946733,28.239017640954685,0.011578080659927173,0.09800770201419517,0.2382712969748182,0.2872751479819158,0.0007335252726765098,79.37130857504917,86.32132038035652,87.60184334558464,83.76027444990032,15944.0,2.069999999999993,1.0,1.839999999999975,23.0,0.004684198467452394,2.069999999999993,53.0,0.005304428044280426,2.0,2.5,0.09800770201419517,0.2872751479819158,0.2382712969748182,79.37130857504917,86.32132038035652,87.60184334558464,83.76027444990032,70.52023121387269,2.890173410405346,68.79997729725672,-0.028039765485601234,0.03059741451847435,0.009999999999990905,0.0,0.11000000000001364,0.0,5690.0,5690.0,2021-11-11,2021-11-11 19:45:00,0.4666105714067121,70.0,1.0,best_within_2.0d,5759.0,390.36,0.5832424107187206,4.3760036431226785,32.22527881040892,0.012230020343504162,2.285057100371749,15.890706319702602,0.006381710269403211,0.7282608695652137,1.839999999999975,23.0,0.004684198467452394,2.069999999999993,53.0,0.005304428044280426,2.0,0.00402220134195386,1.9444468750000041,16.553125,0.005470102952261012,1.0,1
5693.0,2021-11-12 04:05:00,391.68,391.68,391.55,391.57,3340.0,2,2,1.0,buy,False,0.3671497584541031,4.163492493946733,28.239017640954685,0.011578080659927173,-0.10815208913095564,0.22853183294921658,0.17445578838373876,0.0004454039520849262,46.04644954956262,26.599571594650623,50.09723516935949,-20.39575555476712,3340.0,0.7599999999999909,1.0,2.069999999999993,53.0,0.005304428044280426,0.7599999999999909,5.0,0.0019372435064107234,2.0,2.0,-0.10815208913095564,0.17445578838373876,0.22853183294921658,46.04644954956262,26.599571594650623,50.09723516935949,-20.39575555476712,43.749999999998806,32.21153846153674,61.7061248188926,-0.02808415032680087,0.03320137913420902,0.0,0.01999999999998181,0.11000000000001364,0.0,5694.0,5694.0,2021-11-12,2021-11-12 04:05:00,0.9270373113364138,137.0,1.0,best_within_2.0d,5830.0,395.2,0.3671497584541031,2.069999999999993,53.0,0.005304428044280426,0.7599999999999909,5.0,0.0019372435064107234,0.4929364202292669,5.6011759621451125,36.843533123028394,0.015614239272951093,2.82998018927445,22.52492113564669,0.007835530045022196,1.8630914826498424,0.00402220134195386,1.9444468750000041,16.553125,0.005470102952261012,0.0,0
5694.0,2021-11-12 04:10:00,394.56,394.86,394.56,394.76,12458.0,3a,3a,0.0,sell,False,0.00204980261160037,4.163492493946733,28.239017640954685,0.011578080659927173,0.03725820828741644,-0.0791389931599108,-0.06050988901620258,-0.00015331269124002964,53.4938560321137,55.85200193194278,44.85746925186966,77.84106729208904,12458.0,0.44999999999998863,2.0,0.44999999999998863,10.0,0.0011409447022134038,0.44999999999998863,10.0,0.0011409447022134038,3.0,3.0,0.03725820828741644,-0.06050988901620258,-0.0791389931599108,53.4938560321137,55.85200193194278,44.85746925186966,77.84106729208904,33.49573690621271,21.98538367844037,27.8142174562145,0.05068937550689088,0.07603406326034351,0.10000000000002274,0.0,0.19999999999998863,1.0,5695.0,5695.0,2021-11-12,2021-11-12 04:10:00,0.9373483513396206,136.0,1.0,best_within_2.0d,5830.0,395.2,0.5832424107187206,4.3760036431226785,32.22527881040892,0.012230020343504162,2.285057100371749,15.890706319702602,0.006381710269403211,0.4929364202292669,5.6011759621451125,36.843533123028394,0.015614239272951093,2.82998018927445,22.52492113564669,0.007835530045022196,1.8630914826498424,0.00204980261160037,0.44999999999998863,10.0,0.0011409447022134038,0.0,1
5694.0,2021-11-12 04:10:00,391.56,391.56,391.45,391.53,4848.0,2,2,1.0,buy,False,0.4154589371980756,4.163492493946733,28.239017640954685,0.011578080659927173,-0.14860088733858146,0.20995672203189392,0.1356562783626032,0.0003463545482961193,44.60670742846439,20.833822923564863,40.342764420761284,-18.184060070827982,4848.0,0.8600000000000136,1.0,2.069999999999993,53.0,0.005304428044280426,0.8600000000000136,6.0,0.0021921439677806166,2.0,2.0,-0.14860088733858146,0.1356562783626032,0.20995672203189392,44.60670742846439,20.833822923564863,40.342764420761284,-18.184060070827982,31.01604278074774,41.176470588234224,58.303835479977,-0.00766166104812278,0.028100651424195593,0.0,0.07999999999998408,0.03000000000002956,0.0,5695.0,5695.0,2021-11-12,2021-11-12 04:10:00,0.9373483513396206,136.0,1.0,best_within_2.0d,5830.0,395.2,0.4154589371980756,2.069999999999993,53.0,0.005304428044280426,0.8600000000000136,6.0,0.0021921439677806166,0.4929364202292669,5.6011759621451125,36.843533123028394,0.015614239272951093,2.82998018927445,22.52492113564669,0.007835530045022196,1.8630914826498424,0.00402220134195386,1.9444468750000041,16.553125,0.005470102952261012,0.0,0
5695.0,2021-11-12 04:15:00,391.48,391.52,391.13,391.24,4425.0,2,2,1.0,buy,False,0.5700483091787492,4.163492493946733,28.239017640954685,0.011578080659927173,-0.20700602209543045,0.18408096926996512,0.08057795822224989,0.0002057465105964099,35.85389545493541,16.996559915145305,32.56069625222262,-14.131712759009325,4425.0,1.1800000000000068,1.0,2.069999999999993,53.0,0.005304428044280426,1.1800000000000068,7.0,0.0030078254441640714,2.0,2.0,-0.20700602209543045,0.08057795822224989,0.18408096926996512,35.85389545493541,16.996559915145305,32.56069625222262,-14.131712759009325,21.287128712871816,53.96039603960321,57.240779562234174,-0.06130581383468098,0.09971109349832187,0.03999999999996362,0.11000000000001364,0.2400000000000091,0.0,5696.0,5696.0,2021-11-12,2021-11-12 04:15:00,1.0121664451487524,135.0,1.0,best_within_2.0d,5830.0,395.2,0.5700483091787492,2.069999999999993,53.0,0.005304428044280426,1.1800000000000068,7.0,0.0030078254441640714,0.4929364202292669,5.6011759621451125,36.843533123028394,0.015614239272951093,2.82998018927445,22.52492113564669,0.007835530045022196,1.8630914826498424,0.00402220134195386,1.9444468750000041,16.553125,0.005470102952261012,0.0,0
5697.0,2021-11-12 04:25:00,391.29,391.29,391.13,391.13,1231.0,2,2,1.0,buy,False,0.5700483091787492,4.163492493946733,28.239017640954685,0.011578080659927173,-0.2500833517089923,0.125220318540406,0.00017864268590983556,4.5620935597765863e-07,35.173912322747,11.885476723115744,22.395071705287215,-9.133713241227198,1231.0,1.1800000000000068,1.0,2.069999999999993,53.0,0.005304428044280426,1.1800000000000068,9.0,0.0030078254441640714,2.0,2.0,-0.2500833517089923,0.00017864268590983556,0.125220318540406,35.173912322747,11.885476723115744,22.395071705287215,-9.133713241227198,16.0173160173162,50.21645021645125,55.87364402896786,-0.040890388203129395,0.04090711528137064,0.0,0.0,0.160000000000025,0.0,5698.0,5698.0,2021-11-12,2021-11-12 04:25:00,1.0405747449697014,133.0,1.0,best_within_2.0d,5830.0,395.2,0.5700483091787492,2.069999999999993,53.0,0.005304428044280426,1.1800000000000068,9.0,0.0030078254441640714,0.4929364202292669,5.6011759621451125,36.843533123028394,0.015614239272951093,2.82998018927445,22.52492113564669,0.007835530045022196,1.8630914826498424,0.00402220134195386,1.9444468750000041,16.553125,0.005470102952261012,0.0,0
5698.0,2021-11-12 04:30:00,391.06,391.26,391.0,391.22,5483.0,2,2,1.0,buy,False,0.6328502415458969,4.163492493946733,28.239017640954685,0.011578080659927173,-0.24612268457266112,0.09445498296882335,-0.028606359317507213,-7.305856782968329e-05,38.84251676269882,14.300462742947644,19.69686871784069,3.5076507931615524,5483.0,1.3100000000000023,1.0,2.069999999999993,53.0,0.005304428044280426,1.3100000000000023,10.0,0.003339196043944845,2.0,2.0,-0.24612268457266112,-0.028606359317507213,0.09445498296882335,38.84251676269882,14.300462742947644,19.69686871784069,3.5076507931615524,14.800000000000182,51.200000000001175,55.82206339486412,0.0409144376822035,0.06649616368286212,0.03999999999996362,0.060000000000002274,0.160000000000025,1.0,5699.0,5699.0,2021-11-12,2021-11-12 04:30:00,1.0173304023311591,132.0,1.0,best_within_2.0d,5830.0,395.2,0.6328502415458969,2.069999999999993,53.0,0.005304428044280426,1.3100000000000023,10.0,0.003339196043944845,0.4929364202292669,5.6011759621451125,36.843533123028394,0.015614239272951093,2.82998018927445,22.52492113564669,0.007835530045022196,1.8630914826498424,0.00402220134195386,1.9444468750000041,16.553125,0.005470102952261012,1.0,0
5704.0,2021-11-12 05:00:00,391.26,391.36,391.26,391.33,1020.0,2s,2s,0.0,sell,False,0.2119565217391259,4.163492493946733,28.239017640954685,0.011578080659927173,-0.10062366865010701,-0.029683352825988087,-0.07999518715104159,-0.00020435446665779706,44.780577790870204,55.81433665229511,39.674965752153554,88.09307845257823,1020.0,0.36000000000001364,1.0,1.839999999999975,23.0,0.004684198467452394,0.36000000000001364,7.0,0.0009207161125320042,3.0,2.5,-0.10062366865010701,-0.07999518715104159,-0.029683352825988087,44.780577790870204,55.81433665229511,39.674965752153554,88.09307845257823,7.964601769911638,50.884955752212825,60.96302070930512,0.01789091652609344,0.025558452180141782,0.03000000000002956,0.0,0.06999999999999318,1.0,5705.0,5705.0,2021-11-12,2021-11-12 05:00:00,0.2478726394602945,55.0,1.0,best_within_2.0d,5759.0,390.36,0.5832424107187206,4.3760036431226785,32.22527881040892,0.012230020343504162,2.285057100371749,15.890706319702602,0.006381710269403211,0.2119565217391259,1.839999999999975,23.0,0.004684198467452394,0.36000000000001364,7.0,0.0009207161125320042,3.0,0.00402220134195386,1.9444468750000041,16.553125,0.005470102952261012,1.0,1
5714.0,2021-11-12 05:50:00,391.35,391.67,391.35,391.67,4550.0,2s,2s,0.0,sell,False,0.3804347826086946,4.163492493946733,28.239017640954685,0.011578080659927173,0.07164204040620242,-0.06801864617328537,-0.03219762597018416,-8.22681946425489e-05,63.37421171547545,79.70815373030248,63.47828559142931,112.16789000804883,4550.0,0.6700000000000159,1.0,1.839999999999975,23.0,0.004684198467452394,0.6700000000000159,17.0,0.0017135549872123168,3.0,2.5,0.07164204040620242,-0.03219762597018416,-0.06801864617328537,63.37421171547545,79.70815373030248,63.47828559142931,112.16789000804883,41.843971631203814,24.11347517730485,48.56015600225317,0.08176823814999186,0.08176823814999186,0.0,0.0,0.3199999999999932,1.0,5715.0,5715.0,2021-11-12,2021-11-12 05:50:00,0.33446523859371463,45.0,1.0,best_within_2.0d,5759.0,390.36,0.5832424107187206,4.3760036431226785,32.22527881040892,0.012230020343504162,2.285057100371749,15.890706319702602,0.006381710269403211,0.3804347826086946,1.839999999999975,23.0,0.004684198467452394,0.6700000000000159,17.0,0.0017135549872123168,3.0,0.00402220134195386,1.9444468750000041,16.553125,0.005470102952261012,1.0,1
5723.0,2021-11-12 06:35:00,391.63,391.81,391.63,391.81,2432.0,2s,2s,0.0,sell,False,0.4565217391304274,4.163492493946733,28.239017640954685,0.011578080659927173,0.09435823609341909,0.0030828469170854356,0.05026196496379498,0.00012840177704876303,64.74186614629008,73.27931499084346,62.09026588068907,95.65741321115225,2432.0,0.8100000000000023,1.0,1.839999999999975,23.0,0.004684198467452394,0.8100000000000023,26.0,0.0020716112531969366,3.0,2.5,0.09435823609341909,0.05026196496379498,0.0030828469170854356,64.74186614629008,73.27931499084346,62.09026588068907,95.65741321115225,45.94594594594354,18.918918918916845,35.07261160096766,0.045961749610603585,0.045961749610603585,0.0,0.0,0.18000000000000682,1.0,5724.0,5724.0,2021-11-12,2021-11-12 06:35:00,0.37007733340139065,36.0,1.0,best_within_2.0d,5759.0,390.36,0.5832424107187206,4.3760036431226785,32.22527881040892,0.012230020343504162,2.285057100371749,15.890706319702602,0.006381710269403211,0.4565217391304274,1.839999999999975,23.0,0.004684198467452394,0.8100000000000023,26.0,0.0020716112531969366,3.0,0.00402220134195386,1.9444468750000041,16.553125,0.005470102952261012,1.0,1
5734.0,2021-11-12 07:30:00,391.6,391.6,391.5,391.59,7623.0,2s,2s,1.0,buy,False,0.39130434782608936,4.163492493946733,28.239017640954685,0.011578080659927173,-0.01235802627415701,0.060967741295733936,0.05478872815865543,0.00013992594306090912,51.858641719826714,43.12455994184316,49.961407138020746,29.450865549487986,7623.0,0.3100000000000023,1.0,2.069999999999993,53.0,0.005304428044280426,0.3100000000000023,12.0,0.0007911998162374678,1.0,2.5,-0.01235802627415701,0.05478872815865543,0.060967741295733936,51.858641719826714,43.12455994184316,49.961407138020746,29.450865549487986,23.5294117647047,22.35294117647047,23.502922892503115,-0.00255362614914396,0.025542784163479628,0.0,0.08999999999997499,0.010000000000047748,0.0,5735.0,5735.0,2021-11-12,2021-11-12 07:30:00,0.921882581271231,96.0,1.0,best_within_2.0d,5830.0,395.2,0.5832424107187206,4.3760036431226785,32.22527881040892,0.012230020343504162,2.285057100371749,15.890706319702602,0.006381710269403211,0.39130434782608936,2.069999999999993,53.0,0.005304428044280426,0.3100000000000023,12.0,0.0007911998162374678,1.0,0.00402220134195386,1.9444468750000041,16.553125,0.005470102952261012,0.0,0
5738.0,2021-11-12 07:50:00,391.66,391.67,391.45,391.48,13248.0,2s,2s,1.0,buy,False,0.4154589371980756,4.163492493946733,28.239017640954685,0.011578080659927173,-0.03205760544792577,0.052086228729774406,0.03605742600581152,9.208484819649124e-05,45.760225747082025,41.654234062593495,47.975799913185284,29.01110236140991,13248.0,0.36000000000001364,1.0,2.069999999999993,53.0,0.005304428044280426,0.36000000000001364,16.0,0.0009188126898241843,1.0,2.5,-0.03205760544792577,0.03605742600581152,0.052086228729774406,45.760225747082025,41.654234062593495,47.975799913185284,29.01110236140991,15.032679738558159,28.104575163400224,21.93639589605525,-0.045958229076241336,0.056201302848391185,0.009999999999990905,0.03000000000002956,0.18000000000000682,0.0,5739.0,5739.0,2021-11-12,2021-11-12 07:50:00,0.9502401144375114,92.0,1.0,best_within_2.0d,5830.0,395.2,0.5832424107187206,4.3760036431226785,32.22527881040892,0.012230020343504162,2.285057100371749,15.890706319702602,0.006381710269403211,0.4154589371980756,2.069999999999993,53.0,0.005304428044280426,0.36000000000001364,16.0,0.0009188126898241843,1.0,0.00402220134195386,1.9444468750000041,16.553125,0.005470102952261012,0.0,0
5739.0,2021-11-12 07:55:00,391.49,391.49,391.37,391.42,10102.0,2s,2s,1.0,buy,False,0.4541062801932371,4.163492493946733,28.239017640954685,0.011578080659927173,-0.05333717134364606,0.04541908231181865,0.018750496639995617,4.7887078477701785e-05,43.16797461539052,33.14583346108502,43.03247776248519,13.37254485828467,10102.0,0.4399999999999977,1.0,2.069999999999993,53.0,0.005304428044280426,0.4399999999999977,17.0,0.0011229932875628436,1.0,2.5,-0.05333717134364606,0.018750496639995617,0.04541908231181865,43.16797461539052,33.14583346108502,43.03247776248519,13.37254485828467,15.333333333329593,28.66666666666495,22.534012639411205,-0.017880405629771685,0.030661522344585572,0.0,0.05000000000001137,0.06999999999999318,0.0,5740.0,5740.0,2021-11-12,2021-11-12 07:55:00,0.9657145776914754,91.0,1.0,best_within_2.0d,5830.0,395.2,0.5832424107187206,4.3760036431226785,32.22527881040892,0.012230020343504162,2.285057100371749,15.890706319702602,0.006381710269403211,0.4541062801932371,2.069999999999993,53.0,0.005304428044280426,0.4399999999999977,17.0,0.0011229932875628436,1.0,0.00402220134195386,1.9444468750000041,16.553125,0.005470102952261012,0.0,0
5740.0,2021-11-12 08:00:00,391.4,391.7704,391.2,391.29,40548.0,2s,2s,1.0,buy,False,0.5362318840579794,4.163492493946733,28.239017640954685,0.011578080659927173,-0.08129951513593893,0.03525664291982628,-0.005393114648143182,-1.377422317298439e-05,38.1281908969705,27.356689348065025,37.80721495767847,6.455638128838132,40548.0,0.6100000000000136,1.0,2.069999999999993,53.0,0.005304428044280426,0.6100000000000136,18.0,0.0015568770577576213,1.0,2.5,-0.08129951513593893,-0.005393114648143182,0.03525664291982628,38.1281908969705,27.356689348065025,37.80721495767847,6.455638128838132,25.38798249104245,21.388778352565737,21.535122692419968,-0.028104241185476955,0.14580777096114683,0.3704000000000178,0.09000000000003183,0.1099999999999568,0.0,5741.0,5741.0,2021-11-12,2021-11-12 08:00:00,0.9992588617138103,90.0,1.0,best_within_2.0d,5830.0,395.2,0.5832424107187206,4.3760036431226785,32.22527881040892,0.012230020343504162,2.285057100371749,15.890706319702602,0.006381710269403211,0.5362318840579794,2.069999999999993,53.0,0.005304428044280426,0.6100000000000136,18.0,0.0015568770577576213,1.0,0.00402220134195386,1.9444468750000041,16.553125,0.005470102952261012,1.0,0
5745.0,2021-11-12 08:25:00,391.51,391.73,391.51,391.73,44572.0,2s,2s,0.0,sell,False,0.41304347826087023,4.163492493946733,28.239017640954685,0.011578080659927173,-0.0018083075107040748,0.009171245967133384,0.008267092211781346,2.11140866620488e-05,58.13701431450587,63.491190784696286,50.281042389814715,89.91148757445941,44572.0,0.5300000000000296,1.0,1.839999999999975,23.0,0.004684198467452394,0.5300000000000296,6.0,0.0013548057259714457,4.0,2.5,-0.0018083075107040748,0.008267092211781346,0.009171245967133384,58.13701431450587,63.491190784696286,50.281042389814715,89.91148757445941,30.105536011846056,14.812071838547839,19.4479928064461,0.05619268984190117,0.05619268984190117,0.0,0.0,0.22000000000002728,1.0,5746.0,5746.0,2021-11-12,2021-11-12 08:25:00,0.3497306818471918,14.0,1.0,best_within_2.0d,5759.0,390.36,0.5832424107187206,4.3760036431226785,32.22527881040892,0.012230020343504162,2.285057100371749,15.890706319702602,0.006381710269403211,0.41304347826087023,1.839999999999975,23.0,0.004684198467452394,0.5300000000000296,6.0,0.0013548057259714457,4.0,0.00402220134195386,1.9444468750000041,16.553125,0.005470102952261012,0.0,1
5749.0,2021-11-12 08:45:00,391.69,391.79,391.68,391.77,17270.0,2s,2s,0.0,sell,False,0.44565217391304585,4.163492493946733,28.239017640954685,0.011578080659927173,0.034023784248925756,0.016738010704836694,0.03374990282929957,8.619004980161422e-05,58.37323955789964,79.53192915470582,68.76669271227627,101.06240203956492,17270.0,0.5900000000000318,1.0,1.839999999999975,23.0,0.004684198467452394,0.5900000000000318,10.0,0.0015081799591002859,4.0,2.5,0.034023784248925756,0.03374990282929957,0.016738010704836694,58.37323955789964,79.53192915470582,68.76669271227627,101.06240203956492,29.449445983380173,13.850415512464986,22.621475922095218,0.02042431514717866,0.02808415032680087,0.020000000000038654,0.009999999999990905,0.07999999999998408,1.0,5750.0,5750.0,2021-11-12,2021-11-12 08:45:00,0.35990504632819464,10.0,1.0,best_within_2.0d,5759.0,390.36,0.5832424107187206,4.3760036431226785,32.22527881040892,0.012230020343504162,2.285057100371749,15.890706319702602,0.006381710269403211,0.44565217391304585,1.839999999999975,23.0,0.004684198467452394,0.5900000000000318,10.0,0.0015081799591002859,4.0,0.00402220134195386,1.9444468750000041,16.553125,0.005470102952261012,0.0,1
5751.0,2021-11-12 08:55:00,391.79,391.79,391.66,391.6795,5542.0,2s,2s,0.0,sell,False,0.44565217391304585,4.163492493946733,28.239017640954685,0.011578080659927173,0.03413615638052479,0.026154664787740374,0.04322274297800277,0.0001103761127595217,53.962449012834306,77.66734388857759,74.84120379784089,83.31962407005099,5542.0,0.5900000000000318,1.0,1.839999999999975,23.0,0.004684198467452394,0.5900000000000318,12.0,0.0015081799591002859,4.0,2.5,0.03413615638052479,0.04322274297800277,0.026154664787740374,53.962449012834306,77.66734388857759,74.84120379784089,83.31962407005099,26.594667566658618,13.499831252109281,23.85874329496627,-0.028203884734169276,0.03319205433283855,0.0,0.019499999999993634,0.11050000000000182,0.0,5752.0,5752.0,2021-11-12,2021-11-12 08:55:00,0.3368825787410383,8.0,1.0,best_within_2.0d,5759.0,390.36,0.5832424107187206,4.3760036431226785,32.22527881040892,0.012230020343504162,2.285057100371749,15.890706319702602,0.006381710269403211,0.44565217391304585,1.839999999999975,23.0,0.004684198467452394,0.5900000000000318,12.0,0.0015081799591002859,4.0,0.00402220134195386,1.9444468750000041,16.553125,0.005470102952261012,0.0,1
5752.0,2021-11-12 09:00:00,391.66,391.9,391.66,391.88,37447.0,1,"1,2s",0.0,sell,False,0.36376674226741224,0.6999999999999886,13.0,0.001789366053169705,0.05303502387184701,0.03278404277172125,0.059301554707644755,0.00015142774125710036,61.08978055655184,83.52426100508475,77.7355562002555,95.10167061474326,37447.0,0.6999999999999886,1.0,0.6999999999999886,13.0,0.001789366053169705,0.6999999999999886,13.0,0.001789366053169705,1.0,1.0,0.05303502387184701,0.059301554707644755,0.03278404277172125,61.08978055655184,83.52426100508475,77.7355562002555,95.10167061474326,30.97389558233173,6.275100401605774,26.89078146161421,0.05617116887095196,0.06127763876830727,0.01999999999998181,0.0,0.21999999999997044,1.0,5753.0,5753.0,2021-11-12,2021-11-12 09:00:00,0.38787383893028016,7.0,1.0,best_within_2.0d,5759.0,390.36,0.5832424107187206,4.3760036431226785,32.22527881040892,0.012230020343504162,2.285057100371749,15.890706319702602,0.006381710269403211,0.5054347826086754,1.839999999999975,23.0,0.004684198467452394,0.6999999999999886,13.0,0.001789366053169705,4.0,0.00402220134195386,1.9444468750000041,16.553125,0.005470102952261012,0.0,1
5752.0,2021-11-12 09:00:00,391.66,391.9,391.66,391.88,37447.0,2s,"1,2s",0.0,sell,False,0.36376674226741224,0.6999999999999886,13.0,0.001789366053169705,0.05303502387184701,0.03278404277172125,0.059301554707644755,0.00015142774125710036,61.08978055655184,83.52426100508475,77.7355562002555,95.10167061474326,37447.0,0.6999999999999886,1.0,0.6999999999999886,13.0,0.001789366053169705,0.6999999999999886,13.0,0.001789366053169705,1.0,1.0,0.05303502387184701,0.059301554707644755,0.03278404277172125,61.08978055655184,83.52426100508475,77.7355562002555,95.10167061474326,30.97389558233173,6.275100401605774,26.89078146161421,0.05617116887095196,0.06127763876830727,0.01999999999998181,0.0,0.21999999999997044,1.0,5753.0,5753.0,2021-11-12,2021-11-12 09:00:00,0.38787383893028016,7.0,1.0,best_within_2.0d,5759.0,390.36,0.5832424107187206,4.3760036431226785,32.22527881040892,0.012230020343504162,2.285057100371749,15.890706319702602,0.006381710269403211,0.5054347826086754,1.839999999999975,23.0,0.004684198467452394,0.6999999999999886,13.0,0.001789366053169705,4.0,0.00402220134195386,1.9444468750000041,16.553125,0.005470102952261012,0.0,1
5753.0,2021-11-12 09:05:00,391.92,392.11,391.89,392.1,17080.0,2s,"1,2s",0.0,sell,False,0.6144440687494511,0.910000000000025,14.0,0.0023261758691207183,0.08958228465560644,0.04398182835367205,0.08877297068147527,0.00022666286631287577,67.10718003219456,88.4606184478348,81.3105769494486,102.76070144460721,17080.0,0.910000000000025,1.0,0.910000000000025,14.0,0.0023261758691207183,0.910000000000025,14.0,0.0023261758691207183,1.0,1.0,0.08958228465560644,0.08877297068147527,0.04398182835367205,67.10718003219456,88.4606184478348,81.3105769494486,102.76070144460721,38.00991841305779,2.7995520716683724,31.13286066000776,0.045927740355176265,0.05613820204649961,0.009999999999990905,0.03000000000002956,0.18000000000000682,1.0,5754.0,5754.0,2021-11-12,2021-11-12 09:05:00,0.4437643458301476,6.0,1.0,best_within_2.0d,5759.0,390.36,0.5832424107187206,4.3760036431226785,32.22527881040892,0.012230020343504162,2.285057100371749,15.890706319702602,0.006381710269403211,0.6195652173913053,1.839999999999975,23.0,0.004684198467452394,0.910000000000025,14.0,0.0023261758691207183,4.0,0.00402220134195386,1.9444468750000041,16.553125,0.005470102952261012,0.0,1
5753.0,2021-11-12 09:05:00,391.92,392.11,391.89,392.1,17080.0,1,"1,2s",0.0,sell,False,0.6144440687494511,0.910000000000025,14.0,0.0023261758691207183,0.08958228465560644,0.04398182835367205,0.08877297068147527,0.00022666286631287577,67.10718003219456,88.4606184478348,81.3105769494486,102.76070144460721,17080.0,0.910000000000025,1.0,0.910000000000025,14.0,0.0023261758691207183,0.910000000000025,14.0,0.0023261758691207183,1.0,1.0,0.08958228465560644,0.08877297068147527,0.04398182835367205,67.10718003219456,88.4606184478348,81.3105769494486,102.76070144460721,38.00991841305779,2.7995520716683724,31.13286066000776,0.045927740355176265,0.05613820204649961,0.009999999999990905,0.03000000000002956,0.18000000000000682,1.0,5754.0,5754.0,2021-11-12,2021-11-12 09:05:00,0.4437643458301476,6.0,1.0,best_within_2.0d,5759.0,390.36,0.5832424107187206,4.3760036431226785,32.22527881040892,0.012230020343504162,2.285057100371749,15.890706319702602,0.006381710269403211,0.6195652173913053,1.839999999999975,23.0,0.004684198467452394,0.910000000000025,14.0,0.0023261758691207183,4.0,0.00402220134195386,1.9444468750000041,16.553125,0.005470102952261012,0.0,1
5754.0,2021-11-12 09:10:00,392.1,392.23,392.08,392.22,21562.0,1,"1,2s",0.0,sell,False,0.8389069790701584,1.0300000000000296,15.0,0.0026329243353783987,0.12230763973617564,0.059270283320694006,0.12042410318878183,0.00030744426306152816,69.84640389089961,91.82398717778403,84.8150470255604,105.8418674822313,21562.0,1.0300000000000296,1.0,1.0300000000000296,15.0,0.0026329243353783987,1.0300000000000296,15.0,0.0026329243353783987,1.0,1.0,0.12230763973617564,0.12042410318878183,0.059270283320694006,69.84640389089961,91.82398717778403,84.8150470255604,105.8418674822313,37.98076923077428,3.365384615384405,34.88915134376157,0.03060443764345946,0.03825749846970876,0.009999999999990905,0.020000000000038654,0.12000000000000455,1.0,5755.0,5755.0,2021-11-12,2021-11-12 09:10:00,0.47422364999235467,5.0,1.0,best_within_2.0d,5759.0,390.36,0.5832424107187206,4.3760036431226785,32.22527881040892,0.012230020343504162,2.285057100371749,15.890706319702602,0.006381710269403211,0.6847826086956565,1.839999999999975,23.0,0.004684198467452394,1.0300000000000296,15.0,0.0026329243353783987,4.0,0.00402220134195386,1.9444468750000041,16.553125,0.005470102952261012,0.0,1
5754.0,2021-11-12 09:10:00,392.1,392.23,392.08,392.22,21562.0,2s,"1,2s",0.0,sell,False,0.8389069790701584,1.0300000000000296,15.0,0.0026329243353783987,0.12230763973617564,0.059270283320694006,0.12042410318878183,0.00030744426306152816,69.84640389089961,91.82398717778403,84.8150470255604,105.8418674822313,21562.0,1.0300000000000296,1.0,1.0300000000000296,15.0,0.0026329243353783987,1.0300000000000296,15.0,0.0026329243353783987,1.0,1.0,0.12230763973617564,0.12042410318878183,0.059270283320694006,69.84640389089961,91.82398717778403,84.8150470255604,105.8418674822313,37.98076923077428,3.365384615384405,34.88915134376157,0.03060443764345946,0.03825749846970876,0.009999999999990905,0.020000000000038654,0.12000000000000455,1.0,5755.0,5755.0,2021-11-12,2021-11-12 09:10:00,0.47422364999235467,5.0,1.0,best_within_2.0d,5759.0,390.36,0.5832424107187206,4.3760036431226785,32.22527881040892,0.012230020343504162,2.285057100371749,15.890706319702602,0.006381710269403211,0.6847826086956565,1.839999999999975,23.0,0.004684198467452394,1.0300000000000296,15.0,0.0026329243353783987,4.0,0.00402220134195386,1.9444468750000041,16.553125,0.005470102952261012,0.0,1
5755.0,2021-11-12 09:15:00,392.18,392.23,392.16,392.2,21905.0,1,"1,2s",0.0,sell,False,0.9106975100241862,1.0300000000000296,16.0,0.0026329243353783987,0.13277427145513726,0.07586706725258616,0.1422542029801548,0.0003631420421398557,68.81777089374336,93.10004942286908,87.57671449132997,104.14671928594731,21905.0,1.0300000000000296,1.0,1.0300000000000296,16.0,0.0026329243353783987,1.0300000000000296,16.0,0.0026329243353783987,1.0,1.0,0.13277427145513726,0.1422542029801548,0.07586706725258616,68.81777089374336,93.10004942286908,87.57671449132997,104.14671928594731,40.7216494845413,3.6082474226801704,38.37713555010439,0.005099699117747414,0.01784985720114065,0.03000000000002956,0.01999999999998181,0.01999999999998181,1.0,5756.0,5756.0,2021-11-12,2021-11-12 09:15:00,0.4691483936766892,4.0,1.0,best_within_2.0d,5759.0,390.36,0.5832424107187206,4.3760036431226785,32.22527881040892,0.012230020343504162,2.285057100371749,15.890706319702602,0.006381710269403211,0.6847826086956565,1.839999999999975,23.0,0.004684198467452394,1.0300000000000296,16.0,0.0026329243353783987,4.0,0.00402220134195386,1.9444468750000041,16.553125,0.005470102952261012,1.0,1
5755.0,2021-11-12 09:15:00,392.18,392.23,392.16,392.2,21905.0,2s,"1,2s",0.0,sell,False,0.9106975100241862,1.0300000000000296,16.0,0.0026329243353783987,0.13277427145513726,0.07586706725258616,0.1422542029801548,0.0003631420421398557,68.81777089374336,93.10004942286908,87.57671449132997,104.14671928594731,21905.0,1.0300000000000296,1.0,1.0300000000000296,16.0,0.0026329243353783987,1.0300000000000296,16.0,0.0026329243353783987,1.0,1.0,0.13277427145513726,0.1422542029801548,0.07586706725258616,68.81777089374336,93.10004942286908,87.57671449132997,104.14671928594731,40.7216494845413,3.6082474226801704,38.37713555010439,0.005099699117747414,0.01784985720114065,0.03000000000002956,0.01999999999998181,0.01999999999998181,1.0,5756.0,5756.0,2021-11-12,2021-11-12 09:15:00,0.4691483936766892,4.0,1.0,best_within_2.0d,5759.0,390.36,0.5832424107187206,4.3760036431226785,32.22527881040892,0.012230020343504162,2.285057100371749,15.890706319702602,0.006381710269403211,0.6847826086956565,1.839999999999975,23.0,0.004684198467452394,1.0300000000000296,16.0,0.0026329243353783987,4.0,0.00402220134195386,1.9444468750000041,16.553125,0.005470102952261012,1.0,1
5759.0,2021-11-12 09:35:00,391.48,391.49,390.31,390.36,658346.0,2s,2s,1.0,buy,False,0.9661835748792302,4.163492493946733,28.239017640954685,0.011578080659927173,-0.21589699273122887,0.06395677493502794,-0.043991721430586495,-0.00011233076366620505,25.239637804020788,32.531317558425805,55.90946929304099,-14.224985910804563,658346.0,1.920000000000016,1.0,2.069999999999993,53.0,0.005304428044280426,1.920000000000016,5.0,0.004895087066262183,2.0,2.5,-0.21589699273122887,-0.043991721430586495,0.06395677493502794,25.239637804020788,32.531317558425805,55.90946929304099,-14.224985910804563,14.454664914588053,50.45992115637428,37.50964171848225,-0.2860937978951682,0.3023237939074087,0.009999999999990905,0.05000000000001137,1.1200000000000045,0.0,5760.0,5760.0,2021-11-12,2021-11-12 09:35:00,1.2398811353622232,71.0,1.0,best_within_2.0d,5830.0,395.2,0.5832424107187206,4.3760036431226785,32.22527881040892,0.012230020343504162,2.285057100371749,15.890706319702602,0.006381710269403211,0.9661835748792302,2.069999999999993,53.0,0.005304428044280426,1.920000000000016,5.0,0.004895087066262183,2.0,0.00402220134195386,1.9444468750000041,16.553125,0.005470102952261012,0.0,0
5760.0,2021-11-12 09:40:00,390.36,390.795,390.26,390.695,728709.0,2s,2s,1.0,buy,False,0.9903381642512165,4.163492493946733,28.239017640954685,0.011578080659927173,-0.2808011838945143,0.02885662694821365,-0.11154396499904351,-0.0002848723971302372,33.90180824761377,29.04795113032103,46.955629905467674,-6.767406419972247,728709.0,1.9700000000000273,1.0,2.069999999999993,53.0,0.005304428044280426,1.9700000000000273,6.0,0.005022563291946122,2.0,2.5,-0.2808011838945143,-0.11154396499904351,0.02885662694821365,33.90180824761377,29.04795113032103,46.955629905467674,-6.767406419972247,13.033175355451945,46.68246445497728,38.85532490639084,0.0858182190798185,0.1370880951160829,0.10000000000002274,0.10000000000002274,0.33499999999997954,1.0,5761.0,5761.0,2021-11-12,2021-11-12 09:40:00,1.1530733692522288,70.0,1.0,best_within_2.0d,5830.0,395.2,0.5832424107187206,4.3760036431226785,32.22527881040892,0.012230020343504162,2.285057100371749,15.890706319702602,0.006381710269403211,0.9903381642512165,2.069999999999993,53.0,0.005304428044280426,1.9700000000000273,6.0,0.005022563291946122,2.0,0.00402220134195386,1.9444468750000041,16.553125,0.005470102952261012,0.0,0
5765.0,2021-11-12 10:05:00,393.12,393.2,392.78,392.9,15060.0,1p,1p,1.0,buy,False,4.274888814575352,2.080000000000041,44.0,0.005267689814111434,-0.10920480681671418,-0.26195222834973764,-0.31655463175809473,-0.0008036873489631459,28.876405615732267,30.9747360889467,39.655683076157175,13.612842114525748,15060.0,2.080000000000041,0.0,2.080000000000041,44.0,0.005267689814111434,2.080000000000041,0.0,0.0,1.0,1.0,-0.10920480681671418,-0.31655463175809473,-0.26195222834973764,28.876405615732267,30.9747360889467,39.655683076157175,13.612842114525748,19.45205479452011,54.7945205479471,41.49192840765075,-0.0559625559625629,0.106930088090029,0.07999999999998408,0.12000000000000455,0.22000000000002728,0.0,5766.0,5766.0,2021-11-12,2021-11-12 10:05:00,0.08747686300361837,36.0,1.0,best_within_2.0d,5801.0,394.045,0.5832424107187206,4.3760036431226785,32.22527881040892,0.012230020343504162,2.285057100371749,15.890706319702602,0.006381710269403211,0.4929364202292669,5.6011759621451125,36.843533123028394,0.015614239272951093,2.82998018927445,22.52492113564669,0.007835530045022196,1.8630914826498424,0.00402220134195386,1.9444468750000041,16.553125,0.005470102952261012,0.0,0
5765.0,2021-11-12 10:05:00,395.02,395.36,394.772,394.94,601052.0,1p,1p,0.0,sell,False,3.1574733005629563,3.340000000000032,19.0,0.00851997347074137,0.5905041729940477,0.11246333204680647,0.4077154185438303,0.0010361092174083124,67.64792615147363,91.96391652633761,88.33114008644695,99.22946940611897,601052.0,3.340000000000032,0.0,3.340000000000032,19.0,0.00851997347074137,3.340000000000032,0.0,0.0,1.0,1.0,0.5905041729940477,0.4077154185438303,0.11246333204680647,67.64792615147363,91.96391652633761,88.33114008644695,99.22946940611897,26.978585164578874,17.45673157708057,26.873916791899568,-0.02025213913219181,0.14894673381091422,0.34000000000003183,0.16800000000000637,0.07999999999998408,0.0,5766.0,5766.0,2021-11-12,2021-11-12 10:05:00,0.08747686300361837,36.0,1.0,best_within_2.0d,5801.0,394.045,0.5832424107187206,4.3760036431226785,32.22527881040892,0.012230020343504162,2.285057100371749,15.890706319702602,0.006381710269403211,0.4929364202292669,5.6011759621451125,36.843533123028394,0.015614239272951093,2.82998018927445,22.52492113564669,0.007835530045022196,1.8630914826498424,0.00402220134195386,1.9444468750000041,16.553125,0.005470102952261012,0.0,1
5765.0,2021-11-12 10:05:00,394.53,394.77,394.35,394.39,259031.0,2,2,0.0,sell,False,0.5661764705882162,4.163492493946733,28.239017640954685,0.011578080659927173,-0.026446748106699558,0.3108371548458099,0.29761378079246015,0.0007554002308416005,56.01789439287213,39.19540911690981,37.872283222039016,41.841660906651384,259031.0,0.7699999999999818,1.0,1.3600000000000136,7.0,0.00343990287333067,0.7699999999999818,6.0,0.0019543147208121365,2.0,2.0,-0.026446748106699558,0.29761378079246015,0.3108371548458099,56.01789439287213,39.19540911690981,37.872283222039016,41.841660906651384,17.755681818182165,8.81163328197195,33.59272972387905,-0.03548526094339755,0.10650437428679069,0.2400000000000091,0.03999999999996362,0.13999999999998636,0.0,5766.0,5766.0,2021-11-12,2021-11-12 10:05:00,0.08747686300361837,36.0,1.0,best_within_2.0d,5801.0,394.045,0.5661764705882162,1.3600000000000136,7.0,0.00343990287333067,0.7699999999999818,6.0,0.0019543147208121365,0.4929364202292669,5.6011759621451125,36.843533123028394,0.015614239272951093,2.82998018927445,22.52492113564669,0.007835530045022196,1.8630914826498424,0.00402220134195386,1.9444468750000041,16.553125,0.005470102952261012,0.0,1
5768.0,2021-11-12 10:20:00,391.73,391.86,391.41,391.72,311743.0,2,2,0.0,sell,False,0.8238095238095235,4.163492493946733,28.239017640954685,0.011578080659927173,0.10716402424682386,-0.12184959522256897,-0.06826758309915704,-0.00017442385617439459,55.26370971546377,74.41529685395011,57.29759246854336,108.65070562476362,311743.0,1.7300000000000182,1.0,2.1000000000000227,7.0,0.005354001478724275,1.7300000000000182,8.0,0.004434419296132105,2.0,2.0,0.10716402424682386,-0.06826758309915704,-0.12184959522256897,55.26370971546377,74.41529685395011,57.29759246854336,108.65070562476362,13.964110929852946,26.492659053833716,38.93836952706501,-0.0025527786996122083,0.11496895838123415,0.12999999999999545,0.3100000000000023,0.009999999999990905,0.0,5769.0,5769.0,2021-11-12,2021-11-12 10:20:00,-0.5935361993260463,33.0,1.0,best_within_2.0d,5801.0,394.045,0.8238095238095235,2.1000000000000227,7.0,0.005354001478724275,1.7300000000000182,8.0,0.004434419296132105,0.4929364202292669,5.6011759621451125,36.843533123028394,0.015614239272951093,2.82998018927445,22.52492113564669,0.007835530045022196,1.8630914826498424,0.00402220134195386,1.9444468750000041,16.553125,0.005470102952261012,1.0,1
5773.0,2021-11-12 10:45:00,391.75,392.3004,391.69,392.17,386063.0,1,1,0.0,sell,False,1.3818812383955934,2.170400000000029,13.0,0.005563273780534768,0.2014700519611885,-0.0408447983428285,0.05989022763776575,0.00015298405808812009,60.251793186006545,82.71392180222247,75.55280371520658,97.03615797625426,386063.0,2.170400000000029,1.0,2.170400000000029,13.0,0.005563273780534768,2.170400000000029,13.0,0.005563273780534768,1.0,1.0,0.2014700519611885,0.05989022763776575,-0.0408447983428285,60.251793186006545,82.71392180222247,75.55280371520658,97.03615797625426,21.900454847580306,5.73446806292336,36.60309284527222,0.1072112316528439,0.15583752457301103,0.13040000000000873,0.060000000000002274,0.4200000000000159,1.0,5774.0,5774.0,2021-11-12,2021-11-12 10:45:00,-0.4781089833490578,28.0,1.0,best_within_2.0d,5801.0,394.045,0.5832424107187206,4.3760036431226785,32.22527881040892,0.012230020343504162,2.285057100371749,15.890706319702602,0.006381710269403211,0.4929364202292669,5.6011759621451125,36.843533123028394,0.015614239272951093,2.82998018927445,22.52492113564669,0.007835530045022196,1.8630914826498424,0.00402220134195386,1.9444468750000041,16.553125,0.005470102952261012,0.0,1
5774.0,2021-11-12 10:50:00,392.17,392.4679,392.08,392.33,326642.0,1,1,0.0,sell,False,1.748356884638421,2.3378999999999905,14.0,0.005992617845333582,0.2549000178942782,-0.00898229610604373,0.11846771284109536,0.0003025661848494156,62.05591352434293,85.2340643314625,78.77989058729187,98.14241181980378,326642.0,2.3378999999999905,1.0,2.3378999999999905,14.0,0.005992617845333582,2.3378999999999905,14.0,0.005992617845333582,1.0,1.0,0.2549000178942782,0.11846771284109536,-0.00898229610604373,62.05591352434293,85.2340643314625,78.77989058729187,98.14241181980378,24.554200217916403,5.182173323766738,38.641864478166504,0.04079863324577815,0.09893389104264484,0.1379000000000019,0.09000000000003183,0.15999999999996817,1.0,5775.0,5775.0,2021-11-12,2021-11-12 10:50:00,-0.4371320062192623,27.0,1.0,best_within_2.0d,5801.0,394.045,0.5832424107187206,4.3760036431226785,32.22527881040892,0.012230020343504162,2.285057100371749,15.890706319702602,0.006381710269403211,0.4929364202292669,5.6011759621451125,36.843533123028394,0.015614239272951093,2.82998018927445,22.52492113564669,0.007835530045022196,1.8630914826498424,0.00402220134195386,1.9444468750000041,16.553125,0.005470102952261012,0.0,1
5775.0,2021-11-12 10:55:00,392.33,392.79,392.24,392.69,191514.0,1,1,0.0,sell,False,2.202690161774569,2.660000000000025,15.0,0.006818240073821611,0.3211391029972724,0.031160091768615318,0.1917296432672515,0.0004895707145133015,65.8155336649173,88.2403340753807,81.93337174998814,100.85425872616582,191514.0,2.660000000000025,1.0,2.660000000000025,15.0,0.006818240073821611,2.660000000000025,15.0,0.006818240073821611,1.0,1.0,0.3211391029972724,0.1917296432672515,0.031160091768615318,65.8155336649173,88.2403340753807,81.93337174998814,100.85425872616582,29.580959131928086,3.544262384471271,41.496075804387765,0.09175948818596938,0.14022027330206285,0.10000000000002274,0.08999999999997499,0.36000000000001364,1.0,5776.0,5776.0,2021-11-12,2021-11-12 10:55:00,-0.34505589650870105,26.0,1.0,best_within_2.0d,5801.0,394.045,0.5832424107187206,4.3760036431226785,32.22527881040892,0.012230020343504162,2.285057100371749,15.890706319702602,0.006381710269403211,0.4929364202292669,5.6011759621451125,36.843533123028394,0.015614239272951093,2.82998018927445,22.52492113564669,0.007835530045022196,1.8630914826498424,0.00402220134195386,1.9444468750000041,16.553125,0.005470102952261012,0.0,1
5776.0,2021-11-12 11:00:00,392.71,393.32,392.59,393.24,580339.0,1,1,0.0,sell,False,2.849589035178052,3.1899999999999977,16.0,0.008176761592289744,0.4154531048210123,0.08309172987124185,0.290818282281748,0.0007423615721002247,70.60719173837529,90.93134406868722,84.93269585622116,102.92864049361935,580339.0,3.1899999999999977,1.0,3.1899999999999977,16.0,0.008176761592289744,3.1899999999999977,16.0,0.008176761592289744,1.0,1.0,0.4154531048210123,0.290818282281748,0.08309172987124185,70.60719173837529,90.93134406868722,84.93269585622116,102.92864049361935,36.20370618681032,3.486282817989797,44.42010127781931,0.13495963942859351,0.18594462416261703,0.07999999999998408,0.12000000000000455,0.5300000000000296,1.0,5777.0,5777.0,2021-11-12,2021-11-12 11:00:00,-0.2047095921066033,25.0,1.0,best_within_2.0d,5801.0,394.045,0.5832424107187206,4.3760036431226785,32.22527881040892,0.012230020343504162,2.285057100371749,15.890706319702602,0.006381710269403211,0.4929364202292669,5.6011759621451125,36.843533123028394,0.015614239272951093,2.82998018927445,22.52492113564669,0.007835530045022196,1.8630914826498424,0.00402220134195386,1.9444468750000041,16.553125,0.005470102952261012,0.0,1
5777.0,2021-11-12 11:05:00,393.23,393.6399,393.09,393.6399,643558.0,1,1,0.0,sell,False,3.4453730198124375,3.509900000000016,17.0,0.008996744674852014,0.5023148603806253,0.14588108741882003,0.39703851760913267,0.001013143688444864,73.51418336893869,93.95422937912481,87.93987369718904,105.98294074299636,643558.0,3.509900000000016,1.0,3.509900000000016,17.0,0.008996744674852014,3.509900000000016,17.0,0.008996744674852014,1.0,1.0,0.5023148603806253,0.39703851760913267,0.14588108741882003,73.51418336893869,93.95422937912481,87.93987369718904,105.98294074299636,36.511148033015,3.483760317290717,47.14573553443067,0.1042392492943044,0.1398916278714891,0.0,0.1400000000000432,0.40989999999999327,1.0,5778.0,5778.0,2021-11-12,2021-11-12 11:05:00,-0.10291131564661114,24.0,1.0,best_within_2.0d,5801.0,394.045,0.5832424107187206,4.3760036431226785,32.22527881040892,0.012230020343504162,2.285057100371749,15.890706319702602,0.006381710269403211,0.4929364202292669,5.6011759621451125,36.843533123028394,0.015614239272951093,2.82998018927445,22.52492113564669,0.007835530045022196,1.8630914826498424,0.00402220134195386,1.9444468750000041,16.553125,0.005470102952261012,0.0,1
5778.0,2021-11-12 11:10:00,393.63,393.65,393.19,393.51,270704.0,1,1,0.0,sell,False,3.5062213323354547,3.519999999999982,18.0,0.009022633481147263,0.5111861818407674,0.2097793601489159,0.4653724510692996,0.001187150874272716,71.05582705955723,94.10281958608338,89.99418899348714,102.32008077127585,270704.0,3.519999999999982,1.0,3.519999999999982,18.0,0.009022633481147263,3.519999999999982,18.0,0.009022633481147263,1.0,1.0,0.5111861818407674,0.4653724510692996,0.2097793601489159,71.05582705955723,94.10281958608338,89.99418899348714,102.32008077127585,35.3277631357585,3.6449279425789545,49.58496614116946,-0.03048548128953701,0.11699178514203808,0.01999999999998181,0.3199999999999932,0.12000000000000455,0.0,5779.0,5779.0,2021-11-12,2021-11-12 11:10:00,-0.1359558842215001,23.0,1.0,best_within_2.0d,5801.0,394.045,0.5832424107187206,4.3760036431226785,32.22527881040892,0.012230020343504162,2.285057100371749,15.890706319702602,0.006381710269403211,0.4929364202292669,5.6011759621451125,36.843533123028394,0.015614239272951093,2.82998018927445,22.52492113564669,0.007835530045022196,1.8630914826498424,0.00402220134195386,1.9444468750000041,16.553125,0.005470102952261012,0.0,1
5779.0,2021-11-12 11:15:00,393.51,394.43,393.49,394.41,842725.0,1,1,0.0,sell,False,4.122226655056407,4.300000000000011,19.0,0.011021967036628845,0.6009960880243601,0.2849038711519609,0.585401915164141,0.0014926648212752322,76.83562142609173,95.86404741321732,91.95080846673054,103.69052530619086,842725.0,4.300000000000011,1.0,4.300000000000011,19.0,0.011021967036628845,4.300000000000011,19.0,0.011021967036628845,1.0,1.0,0.6009960880243601,0.585401915164141,0.2849038711519609,76.83562142609173,95.86404741321732,91.95080846673054,103.69052530619086,42.213136515689875,3.451388520151371,52.1063057689595,0.2287108332698112,0.238887900581971,0.01999999999998181,0.01999999999998181,0.9000000000000341,1.0,5780.0,5780.0,2021-11-12,2021-11-12 11:15:00,0.09254329251286962,22.0,1.0,best_within_2.0d,5801.0,394.045,0.5832424107187206,4.3760036431226785,32.22527881040892,0.012230020343504162,2.285057100371749,15.890706319702602,0.006381710269403211,0.4929364202292669,5.6011759621451125,36.843533123028394,0.015614239272951093,2.82998018927445,22.52492113564669,0.007835530045022196,1.8630914826498424,0.00402220134195386,1.9444468750000041,16.553125,0.005470102952261012,0.0,1
5780.0,2021-11-12 11:20:00,394.42,394.5499,394.22,394.47,410397.0,1,1,0.0,sell,False,4.309128616425331,4.419899999999984,20.0,0.011329300489580356,0.6282452805181837,0.36343453121673386,0.6775571714758257,0.0017268983590050223,77.1630248721003,96.36077061783003,93.42079585043035,102.24072015262936,410397.0,4.419899999999984,1.0,4.419899999999984,20.0,0.011329300489580356,4.419899999999984,20.0,0.011329300489580356,1.0,1.0,0.6282452805181837,0.6775571714758257,0.36343453121673386,77.1630248721003,96.36077061783003,93.42079585043035,102.24072015262936,43.98048806493245,3.4652343697944206,54.483915936441576,0.012676841945137511,0.0836842372279317,0.07989999999995234,0.19999999999998863,0.05000000000001137,1.0,5781.0,5781.0,2021-11-12,2021-11-12 11:20:00,0.1077394985677013,21.0,1.0,best_within_2.0d,5801.0,394.045,0.5832424107187206,4.3760036431226785,32.22527881040892,0.012230020343504162,2.285057100371749,15.890706319702602,0.006381710269403211,0.4929364202292669,5.6011759621451125,36.843533123028394,0.015614239272951093,2.82998018927445,22.52492113564669,0.007835530045022196,1.8630914826498424,0.00402220134195386,1.9444468750000041,16.553125,0.005470102952261012,0.0,1
5781.0,2021-11-12 11:25:00,394.46,394.63,394.275,394.48,397424.0,1,1,0.0,sell,False,4.309128616425329,4.5,21.0,0.011534616666239459,0.6070405175191903,0.43931459590663263,0.7428348546662278,0.0018925131418074414,77.22081241862743,95.87316680644476,94.23825283576849,99.14299474779727,397424.0,4.5,1.0,4.5,21.0,0.011534616666239459,4.5,21.0,0.011534616666239459,1.0,1.0,0.6070405175191903,0.7428348546662278,0.43931459590663263,77.22081241862743,95.87316680644476,94.23825283576849,99.14299474779727,42.84859698668565,3.617089356019602,56.62300320702062,0.005070222582781183,0.09003867858728506,0.14999999999997726,0.18500000000000227,0.020000000000038654,1.0,5782.0,5782.0,2021-11-12,2021-11-12 11:25:00,0.11027175015209953,20.0,1.0,best_within_2.0d,5801.0,394.045,0.5832424107187206,4.3760036431226785,32.22527881040892,0.012230020343504162,2.285057100371749,15.890706319702602,0.006381710269403211,0.4929364202292669,5.6011759621451125,36.843533123028394,0.015614239272951093,2.82998018927445,22.52492113564669,0.007835530045022196,1.8630914826498424,0.00402220134195386,1.9444468750000041,16.553125,0.005470102952261012,0.0,1
5783.0,2021-11-12 11:35:00,394.59,394.65,394.29,394.315,343670.0,1,1,0.0,sell,False,4.309128616425329,4.519999999999982,23.0,0.011585881629200476,0.46928294839323526,0.5689696278651051,0.8036111020617227,0.002045913461753098,72.2245608729425,93.18379639006005,94.43957829124366,90.67223258769286,343670.0,4.519999999999982,1.0,4.519999999999982,23.0,0.011585881629200476,4.519999999999982,23.0,0.011585881629200476,1.0,1.0,0.46928294839323526,0.8036111020617227,0.5689696278651051,72.2245608729425,93.18379639006005,94.43957829124366,90.67223258769286,42.1988889046753,3.12584362256896,60.53537802913552,-0.0696925923110006,0.09130335539829992,0.060000000000002274,0.024999999999977263,0.27499999999997726,0.0,5784.0,5784.0,2021-11-12,2021-11-12 11:35:00,0.06847317499967838,18.0,1.0,best_within_2.0d,5801.0,394.045,0.5832424107187206,4.3760036431226785,32.22527881040892,0.012230020343504162,2.285057100371749,15.890706319702602,0.006381710269403211,0.4929364202292669,5.6011759621451125,36.843533123028394,0.015614239272951093,2.82998018927445,22.52492113564669,0.007835530045022196,1.8630914826498424,0.00402220134195386,1.9444468750000041,16.553125,0.005470102952261012,0.0,1
5786.0,2021-11-12 11:50:00,394.335,394.87,394.24,394.86,370750.0,1,1,0.0,sell,False,4.3091286164266505,4.740000000000009,26.0,0.012149796221772253,0.2720901239879492,0.688041296174327,0.8240863581683016,0.0020960985685723054,74.96649697583135,91.71331874656667,91.71752970682647,91.7048968260471,370750.0,4.740000000000009,1.0,4.740000000000009,26.0,0.012149796221772253,4.740000000000009,26.0,0.012149796221772253,1.0,1.0,0.2720901239879492,0.8240863581683016,0.688041296174327,74.96649697583135,91.71331874656667,91.71752970682647,91.7048968260471,48.04593660280039,3.6766860022261776,66.32179059711437,0.1331355319715557,0.15980113636363522,0.009999999999990905,0.09499999999997044,0.5250000000000341,1.0,5787.0,5787.0,2021-11-12,2021-11-12 11:50:00,0.2064022691586886,15.0,1.0,best_within_2.0d,5801.0,394.045,0.5832424107187206,4.3760036431226785,32.22527881040892,0.012230020343504162,2.285057100371749,15.890706319702602,0.006381710269403211,0.4929364202292669,5.6011759621451125,36.843533123028394,0.015614239272951093,2.82998018927445,22.52492113564669,0.007835530045022196,1.8630914826498424,0.00402220134195386,1.9444468750000041,16.553125,0.005470102952261012,0.0,1
5787.0,2021-11-12 11:55:00,394.84,394.89,394.68,394.68,285201.0,1,1,0.0,sell,False,4.309128616425331,4.759999999999991,27.0,0.012201061184733271,0.2097851248680045,0.7142644367828275,0.8191569992168297,0.002082961058627183,71.30047511163629,89.47554583104485,90.9702017482326,86.48623399666934,285201.0,4.759999999999991,1.0,4.759999999999991,27.0,0.012201061184733271,4.759999999999991,27.0,0.012201061184733271,1.0,1.0,0.2097851248680045,0.8191569992168297,0.7142644367828275,71.30047511163629,89.47554583104485,90.9702017482326,86.48623399666934,43.719656417278046,3.905763724635543,67.55580464894535,-0.04052274338971942,0.05320766190330889,0.05000000000001137,0.0,0.15999999999996817,0.0,5788.0,5788.0,2021-11-12,2021-11-12 11:55:00,0.16088983480287597,14.0,1.0,best_within_2.0d,5801.0,394.045,0.5832424107187206,4.3760036431226785,32.22527881040892,0.012230020343504162,2.285057100371749,15.890706319702602,0.006381710269403211,0.4929364202292669,5.6011759621451125,36.843533123028394,0.015614239272951093,2.82998018927445,22.52492113564669,0.007835530045022196,1.8630914826498424,0.00402220134195386,1.9444468750000041,16.553125,0.005470102952261012,0.0,1
5788.0,2021-11-12 12:00:00,394.69,394.9,394.475,394.5599,233977.0,1,1,0.0,sell,False,4.3091286164266505,4.769999999999982,28.0,0.012226693666213779,0.1313836476620498,0.7306873927405837,0.7963792165716086,0.002024547921480334,68.88013171530504,79.17533343669484,87.03857897772001,63.44884235464451,233977.0,4.769999999999982,1.0,4.769999999999982,28.0,0.012226693666213779,4.769999999999982,28.0,0.012226693666213779,1.0,1.0,0.1313836476620498,0.7963792165716086,0.7306873927405837,68.88013171530504,79.17533343669484,87.03857897772001,63.44884235464451,40.87723369691364,7.055001160361534,67.7705759515665,-0.032962578225941966,0.10773813296151961,0.20999999999997954,0.08490000000000464,0.13009999999997035,0.0,5789.0,5789.0,2021-11-12,2021-11-12 12:00:00,0.13049983031727538,13.0,1.0,best_within_2.0d,5801.0,394.045,0.5832424107187206,4.3760036431226785,32.22527881040892,0.012230020343504162,2.285057100371749,15.890706319702602,0.006381710269403211,0.4929364202292669,5.6011759621451125,36.843533123028394,0.015614239272951093,2.82998018927445,22.52492113564669,0.007835530045022196,1.8630914826498424,0.00402220134195386,1.9444468750000041,16.553125,0.005470102952261012,1.0,1
5798.0,2021-11-12 12:50:00,394.41,394.49,394.17,394.46,170546.0,3a,3a,1.0,buy,False,0.0015593047034765176,4.163492493946733,28.239017640954685,0.011578080659927173,-0.24836453305239936,0.5985273204586951,0.4743450539324954,0.001203853940118235,60.87717304902755,41.138868599224914,51.912916307651315,19.590773182372118,170546.0,0.7299999999999613,2.0,0.7299999999999613,11.0,0.0018485692580399123,0.7299999999999613,11.0,0.0018485692580399123,3.0,3.0,-0.24836453305239936,0.4743450539324954,0.5985273204586951,60.87717304902755,41.138868599224914,51.912916307651315,19.590773182372118,17.210857592446793,26.824350904798454,45.362230836704505,0.012677163357915498,0.08118324580764472,0.03000000000002956,0.2400000000000091,0.049999999999954525,1.0,5799.0,5799.0,2021-11-12,2021-11-12 12:50:00,0.1875982355625435,32.0,1.0,best_within_2.0d,5830.0,395.2,0.5832424107187206,4.3760036431226785,32.22527881040892,0.012230020343504162,2.285057100371749,15.890706319702602,0.006381710269403211,0.4929364202292669,5.6011759621451125,36.843533123028394,0.015614239272951093,2.82998018927445,22.52492113564669,0.007835530045022196,1.8630914826498424,0.0015593047034765176,0.7299999999999613,11.0,0.0018485692580399123,0.0,0
5800.0,2021-11-12 13:00:00,394.3011,394.355,393.925,394.06,396708.0,3a,3a,1.0,buy,False,0.0015593047034765176,4.163492493946733,28.239017640954685,0.011578080659927173,-0.3267180758090331,0.5225396842542444,0.3591806463497278,0.0009115257833600897,51.087146852945615,26.98083379526757,39.455351703157206,2.031797979488303,396708.0,0.9749999999999659,2.0,0.9749999999999659,13.0,0.0024689794884780094,0.9749999999999659,13.0,0.0024689794884780094,3.0,3.0,-0.3267180758090331,0.3591806463497278,0.5225396842542444,51.087146852945615,26.98083379526757,39.455351703157206,2.031797979488303,9.417406387102861,27.803285379042514,42.80679222645259,-0.06114616469495448,0.10915783461318952,0.05389999999999873,0.1349999999999909,0.2411000000000172,0.0,5801.0,5801.0,2021-11-12,2021-11-12 13:00:00,0.28929604628736394,30.0,1.0,best_within_2.0d,5830.0,395.2,0.5832424107187206,4.3760036431226785,32.22527881040892,0.012230020343504162,2.285057100371749,15.890706319702602,0.006381710269403211,0.4929364202292669,5.6011759621451125,36.843533123028394,0.015614239272951093,2.82998018927445,22.52492113564669,0.007835530045022196,1.8630914826498424,0.0015593047034765176,0.9749999999999659,13.0,0.0024689794884780094,0.0,0
5801.0,2021-11-12 13:05:00,394.07,394.14,393.85,394.045,191881.0,3a,3a,1.0,buy,False,0.0015593047034765176,4.163492493946733,28.239017640954685,0.011578080659927173,-0.34957378811805584,0.4788429607394874,0.3040560666804595,0.0007716308205269734,50.74728816288766,24.829327793336116,34.580010399883506,5.3279625802413335,191881.0,1.0499999999999545,2.0,1.0499999999999545,14.0,0.0026589009875916804,1.0499999999999545,14.0,0.0026589009875916804,3.0,3.0,-0.34957378811805584,0.3040560666804595,0.4788429607394874,50.74728816288766,24.829327793336116,34.580010399883506,5.3279625802413335,8.729127087291271,29.122087791220284,43.59749524788326,-0.006344050549389008,0.0736320934365783,0.06999999999999318,0.19499999999999318,0.024999999999977263,0.0,5802.0,5802.0,2021-11-12,2021-11-12 13:05:00,0.2931137306652724,29.0,1.0,best_within_2.0d,5830.0,395.2,0.5832424107187206,4.3760036431226785,32.22527881040892,0.012230020343504162,2.285057100371749,15.890706319702602,0.006381710269403211,0.4929364202292669,5.6011759621451125,36.843533123028394,0.015614239272951093,2.82998018927445,22.52492113564669,0.007835530045022196,1.8630914826498424,0.0015593047034765176,1.0499999999999545,14.0,0.0026589009875916804,1.0,0
5806.0,2021-11-12 13:30:00,394.39,394.78,394.39,394.7128,279205.0,2,2,0.0,sell,False,0.8857142857142765,4.163492493946733,28.239017640954685,0.011578080659927173,-0.16472188439681745,0.314647772784599,0.23228683058619026,0.0005893250733140176,64.46601761005117,63.075396237142456,47.51306909316224,94.2000505251029,279205.0,0.92999999999995,1.0,1.0499999999999545,14.0,0.0026589009875916804,0.92999999999995,6.0,0.002361305065380094,2.0,2.0,-0.16472188439681745,0.23228683058619026,0.314647772784599,64.46601761005117,63.075396237142456,47.51306909316224,94.2000505251029,21.548337398896678,23.23789960200284,36.40064701656567,0.08184791703644345,0.09888688861279099,0.06719999999995707,0.0,0.3228000000000293,1.0,5807.0,5807.0,2021-11-12,2021-11-12 13:30:00,2.0540172048918044,173.78554736652885,0.0,,14281.267661333814,366.3529484630595,0.8857142857142765,1.0499999999999545,14.0,0.0026589009875916804,0.92999999999995,6.0,0.002361305065380094,0.4929364202292669,5.6011759621451125,36.843533123028394,0.015614239272951093,2.82998018927445,22.52492113564669,0.007835530045022196,1.8630914826498424,0.00402220134195386,1.9444468750000041,16.553125,0.005470102952261012,1.0,1
5826.0,2021-11-12 15:10:00,394.4,394.53,394.29,394.52,178528.0,2s,2s,0.0,sell,False,0.647619047619028,4.163492493946733,28.239017640954685,0.011578080659927173,-0.028156542636206636,0.050330020972628474,0.036251749654525156,9.1932049659191e-05,56.54467039635285,71.87775204212477,55.861631434182314,103.90999325800968,178528.0,0.6299999999999955,1.0,1.0499999999999545,14.0,0.0026589009875916804,0.6299999999999955,8.0,0.001599390708301588,1.0,2.5,-0.028156542636206636,0.036251749654525156,0.050330020972628474,56.54467039635285,71.87775204212477,55.861631434182314,103.90999325800968,17.67428768022974,25.959403246491096,24.935114994099198,0.03042596348884497,0.060868903598861816,0.009999999999990905,0.1099999999999568,0.12000000000000455,1.0,5827.0,5827.0,2021-11-12,2021-11-12 15:10:00,2.0540172048918044,173.78554736652885,0.0,,14281.267661333814,366.3529484630595,0.5832424107187206,4.3760036431226785,32.22527881040892,0.012230020343504162,2.285057100371749,15.890706319702602,0.006381710269403211,0.647619047619028,1.0499999999999545,14.0,0.0026589009875916804,0.6299999999999955,8.0,0.001599390708301588,1.0,0.00402220134195386,1.9444468750000041,16.553125,0.005470102952261012,0.0,1
5827.0,2021-11-12 15:15:00,394.53,394.535,394.39,394.47,146404.0,2s,2s,0.0,sell,False,0.6523809523809828,4.163492493946733,28.239017640954685,0.011578080659927173,-0.013835966603877675,0.04860052514714376,0.04168254184520492,0.0001057014410481042,54.7149228792931,77.83976120393658,63.18767469076707,107.14393423027559,146404.0,0.6350000000000477,1.0,1.0499999999999545,14.0,0.0026589009875916804,0.6350000000000477,9.0,0.0016120842853517333,1.0,2.5,-0.013835966603877675,0.04168254184520492,0.04860052514714376,54.7149228792931,77.83976120393658,63.18767469076707,107.14393423027559,18.17167628215434,22.949670098495147,23.983982088904547,-0.015207968975729458,0.036765638073997485,0.005000000000052296,0.08000000000004093,0.05999999999994543,0.0,5828.0,5828.0,2021-11-12,2021-11-12 15:15:00,2.0540172048918044,173.78554736652885,0.0,,14281.267661333814,366.3529484630595,0.5832424107187206,4.3760036431226785,32.22527881040892,0.012230020343504162,2.285057100371749,15.890706319702602,0.006381710269403211,0.6523809523809828,1.0499999999999545,14.0,0.0026589009875916804,0.6350000000000477,9.0,0.0016120842853517333,1.0,0.00402220134195386,1.9444468750000041,16.553125,0.005470102952261012,0.0,1
5828.0,2021-11-12 15:20:00,394.49,394.749,394.49,394.729,372703.0,2s,2s,0.0,sell,False,0.8561904761905141,4.163492493946733,28.239017640954685,0.011578080659927173,0.028036583685764407,0.05210509810786431,0.06612338995074651,0.00016766803422859055,61.63956666092777,84.11354141475366,70.16296359876259,112.01469704673579,372703.0,0.8490000000000464,1.0,1.0499999999999545,14.0,0.0026589009875916804,0.8490000000000464,10.0,0.002155369383092273,1.0,2.5,0.028036583685764407,0.06612338995074651,0.05210509810786431,61.63956666092777,84.11354141475366,70.16296359876259,112.01469704673579,24.22828538763497,22.247628464607434,22.575246563154558,0.06058455220664045,0.06565438921139054,0.020000000000038654,0.0,0.2389999999999759,1.0,5829.0,5829.0,2021-11-12,2021-11-12 15:20:00,2.0540172048918044,173.78554736652885,0.0,,14281.267661333814,366.3529484630595,0.5832424107187206,4.3760036431226785,32.22527881040892,0.012230020343504162,2.285057100371749,15.890706319702602,0.006381710269403211,0.8561904761905141,1.0499999999999545,14.0,0.0026589009875916804,0.8490000000000464,10.0,0.002155369383092273,1.0,0.00402220134195386,1.9444468750000041,16.553125,0.005470102952261012,0.0,1
5829.0,2021-11-12 15:25:00,394.72,394.908,394.71,394.878,297340.0,1,1,0.0,sell,False,0.11282116158269138,1.0080000000000382,11.0,0.002559025133282656,0.07087936230690528,0.06096501839622748,0.09640469954968012,0.00024442858983618053,64.95918190568099,88.08976639611421,76.13856453121312,111.9921701259164,297340.0,1.0080000000000382,2.0,1.0080000000000382,11.0,0.002559025133282656,1.0080000000000382,11.0,0.002559025133282656,1.0,1.0,0.07087936230690528,0.09640469954968012,0.06096501839622748,64.95918190568099,88.08976639611421,76.13856453121312,111.9921701259164,23.338782575248743,23.07914222521649,21.002682782628913,0.040028374543970055,0.05016341111196471,0.03000000000002956,0.010000000000047748,0.15799999999995862,1.0,5830.0,5830.0,2021-11-12,2021-11-12 15:25:00,2.0540172048918044,173.78554736652885,0.0,,14281.267661333814,366.3529484630595,0.5832424107187206,4.3760036431226785,32.22527881040892,0.012230020343504162,2.285057100371749,15.890706319702602,0.006381710269403211,0.4929364202292669,5.6011759621451125,36.843533123028394,0.015614239272951093,2.82998018927445,22.52492113564669,0.007835530045022196,1.8630914826498424,0.00402220134195386,1.9444468750000041,16.553125,0.005470102952261012,0.0,1
5830.0,2021-11-12 15:30:00,394.87,395.21,394.865,395.2,637737.0,1,1,0.0,sell,False,0.21329843523286027,1.3100000000000023,12.0,0.0033257171871033317,0.13400373527695794,0.07771548530584722,0.1447173529443262,0.0003668680136465912,70.83333550513794,91.74537885527138,81.34083597256587,112.55446462068241,637737.0,1.3100000000000023,2.0,1.3100000000000023,12.0,0.0033257171871033317,1.3100000000000023,12.0,0.0033257171871033317,1.0,1.0,0.13400373527695794,0.1447173529443262,0.07771548530584722,70.83333550513794,91.74537885527138,81.34083597256587,112.55446462068241,30.936721025918363,21.62356969096566,20.768133118614266,0.0835718084432811,0.0873716333430338,0.009999999999990905,0.0049999999999954525,0.3299999999999841,1.0,5831.0,5831.0,2021-11-12,2021-11-12 15:30:00,2.0540172048918044,173.78554736652885,0.0,,14281.267661333814,366.3529484630595,0.5832424107187206,4.3760036431226785,32.22527881040892,0.012230020343504162,2.285057100371749,15.890706319702602,0.006381710269403211,0.4929364202292669,5.6011759621451125,36.843533123028394,0.015614239272951093,2.82998018927445,22.52492113564669,0.007835530045022196,1.8630914826498424,0.00402220134195386,1.9444468750000041,16.553125,0.005470102952261012,0.0,1
5831.0,2021-11-12 15:35:00,395.19,395.25,394.92,394.97,402920.0,1,1,0.0,sell,False,0.21611147184478094,1.3500000000000227,13.0,0.003427265803503485,0.13577101225232197,0.09468686183738748,0.16257236796354846,0.000412092733633614,62.742563419778385,86.0120707520001,82.89791423237727,92.24038379124573,402920.0,1.3500000000000227,2.0,1.3500000000000227,13.0,0.003427265803503485,1.3500000000000227,13.0,0.003427265803503485,1.0,1.0,0.13577101225232197,0.16257236796354846,0.09468686183738748,62.742563419778385,86.0120707520001,82.89791423237727,92.24038379124573,32.87860632316405,10.753679294561037,22.90667337021853,-0.05566942483361685,0.08356122759039403,0.060000000000002274,0.05000000000001137,0.21999999999997044,0.0,5832.0,5832.0,2021-11-12,2021-11-12 15:35:00,2.0540172048918044,173.78554736652885,0.0,,14281.267661333814,366.3529484630595,0.5832424107187206,4.3760036431226785,32.22527881040892,0.012230020343504162,2.285057100371749,15.890706319702602,0.006381710269403211,0.4929364202292669,5.6011759621451125,36.843533123028394,0.015614239272951093,2.82998018927445,22.52492113564669,0.007835530045022196,1.8630914826498424,0.00402220134195386,1.9444468750000041,16.553125,0.005470102952261012,1.0,1
5883.0,2021-11-15 04:00:00,395.44,396.0,395.44,395.77,8434.0,1,1,0.0,sell,False,0.21611147184477808,2.1000000000000227,65.0,0.005331302361005389,0.06096490380093457,0.03153512370426014,0.062017575604727426,0.00015697067511344966,75.73522244914383,41.55624202601618,32.74835881796528,59.17200844211797,8434.0,2.1000000000000227,2.0,2.1000000000000227,65.0,0.005331302361005389,2.1000000000000227,65.0,0.005331302361005389,1.0,1.0,0.06096490380093457,0.062017575604727426,0.03153512370426014,75.73522244914383,41.55624202601618,32.74835881796528,59.17200844211797,60.6936416185044,13.294797687863058,28.96834844868403,0.08345134533683594,0.14161440420797144,0.2300000000000182,0.0,0.3299999999999841,1.0,5884.0,5884.0,2021-11-15,2021-11-15 04:00:00,1.382115875382159,11.0,1.0,best_within_2.0d,5894.0,390.3,0.5832424107187206,4.3760036431226785,32.22527881040892,0.012230020343504162,2.285057100371749,15.890706319702602,0.006381710269403211,0.4929364202292669,5.6011759621451125,36.843533123028394,0.015614239272951093,2.82998018927445,22.52492113564669,0.007835530045022196,1.8630914826498424,0.00402220134195386,1.9444468750000041,16.553125,0.005470102952261012,1.0,1
5894.0,2021-11-15 04:55:00,392.09,392.29,390.0,392.1,54450.0,1,1,1.0,buy,False,0.20533731232373736,2.2799999999999727,12.0,0.005812174977057135,-0.01704963676693569,0.09620798209941904,0.0876831637159512,0.00022370749700615874,56.91826694544488,66.91009667281075,50.46688820707911,99.79651360427403,54450.0,2.2799999999999727,1.0,2.2799999999999727,12.0,0.005812174977057135,2.2799999999999727,12.0,0.005812174977057135,1.0,1.0,-0.01704963676693569,0.0876831637159512,0.09620798209941904,56.91826694544488,66.91009667281075,50.46688820707911,99.79651360427403,11.55555555555515,57.77777777777955,23.899889866314286,0.002550434849153957,0.5871794871794924,0.18999999999999773,2.089999999999975,0.010000000000047748,1.0,5895.0,5895.0,2021-11-15,2021-11-15 04:55:00,0.9358831287410101,372.0,1.0,best_within_2.0d,6266.0,397.97,0.5832424107187206,4.3760036431226785,32.22527881040892,0.012230020343504162,2.285057100371749,15.890706319702602,0.006381710269403211,0.4929364202292669,5.6011759621451125,36.843533123028394,0.015614239272951093,2.82998018927445,22.52492113564669,0.007835530045022196,1.8630914826498424,0.00402220134195386,1.9444468750000041,16.553125,0.005470102952261012,0.0,0
5894.0,2021-11-15 04:55:00,391.24,391.47,390.97,391.21,557123.0,2,2,1.0,buy,False,0.654804270462624,4.163492493946733,28.239017640954685,0.011578080659927173,-0.2167555651020284,-0.12232632092885161,-0.2307041034798658,-0.0005886247001428866,36.25896942397038,21.919788815070568,29.160914556807235,7.437537331597227,557123.0,1.839999999999975,1.0,2.8100000000000023,9.0,0.007205128205128211,1.839999999999975,23.0,0.004684198467452394,2.0,2.0,-0.2167555651020284,-0.2307041034798658,-0.12232632092885161,36.25896942397038,21.919788815070568,29.160914556807235,7.437537331597227,9.455744914788466,26.388125343594425,39.28900414438702,-0.007667927614770872,0.12788705015730106,0.2300000000000182,0.23999999999995225,0.03000000000002956,0.0,5895.0,5895.0,2021-11-15,2021-11-15 04:55:00,0.9358831287410101,372.0,1.0,best_within_2.0d,6266.0,397.97,0.654804270462624,2.8100000000000023,9.0,0.007205128205128211,1.839999999999975,23.0,0.004684198467452394,0.4929364202292669,5.6011759621451125,36.843533123028394,0.015614239272951093,2.82998018927445,22.52492113564669,0.007835530045022196,1.8630914826498424,0.00402220134195386,1.9444468750000041,16.553125,0.005470102952261012,0.0,0
5894.0,2021-11-15 04:55:00,390.77,390.82,390.24,390.446,567702.0,2s,2s,1.0,buy,False,0.9145907473309577,4.163492493946733,28.239017640954685,0.011578080659927173,-0.21758990872821854,-0.04464879186689594,-0.1534437462310052,-0.0003921811929538275,29.86805286903389,14.91774524389361,26.285639865989673,-7.818044000298514,567702.0,1.7199999999999704,1.0,2.8100000000000023,9.0,0.007205128205128211,1.7199999999999704,7.0,0.0043882028778446025,2.0,2.5,-0.21758990872821854,-0.1534437462310052,-0.04464879186689594,29.86805286903389,14.91774524389361,26.285639865989673,-7.818044000298514,13.86734358106467,37.95891505664628,21.787318359872508,-0.08291322261175511,0.14862648626485858,0.05000000000001137,0.20600000000001728,0.32399999999995543,0.0,5895.0,5895.0,2021-11-15,2021-11-15 04:55:00,0.9358831287410101,372.0,1.0,best_within_2.0d,6266.0,397.97,0.5832424107187206,4.3760036431226785,32.22527881040892,0.012230020343504162,2.285057100371749,15.890706319702602,0.006381710269403211,0.9145907473309577,2.8100000000000023,9.0,0.007205128205128211,1.7199999999999704,7.0,0.0043882028778446025,2.0,0.00402220134195386,1.9444468750000041,16.553125,0.005470102952261012,0.0,0
5894.0,2021-11-15 04:55:00,390.69,390.87,390.13,390.3,598756.0,1,1,1.0,buy,False,1.4303388217892032,2.1000000000000227,7.0,0.005354001478724275,-0.35770392658567185,-0.01585636387536448,-0.1947083271682004,-0.0004973843962614067,29.55366671886722,22.063713451960275,38.65832442096521,-11.125508486049583,598756.0,2.1000000000000227,1.0,2.1000000000000227,7.0,0.005354001478724275,2.1000000000000227,7.0,0.005354001478724275,1.0,1.0,-0.35770392658567185,-0.1947083271682004,-0.01585636387536448,29.55366671886722,22.063713451960275,38.65832442096521,-11.125508486049583,11.41078838174417,42.531120331950504,40.20082367666102,-0.09982338938800235,0.1896803629559401,0.18000000000000682,0.17000000000001592,0.38999999999998636,0.0,5895.0,5895.0,2021-11-15,2021-11-15 04:55:00,0.9358831287410101,372.0,1.0,best_within_2.0d,6266.0,397.97,0.5832424107187206,4.3760036431226785,32.22527881040892,0.012230020343504162,2.285057100371749,15.890706319702602,0.006381710269403211,0.4929364202292669,5.6011759621451125,36.843533123028394,0.015614239272951093,2.82998018927445,22.52492113564669,0.007835530045022196,1.8630914826498424,0.00402220134195386,1.9444468750000041,16.553125,0.005470102952261012,0.0,0
5894.0,2021-11-15 04:55:00,394.07,394.14,393.85,394.045,191881.0,2,2,1.0,buy,False,0.22012578616351333,4.163492493946733,28.239017640954685,0.011578080659927173,-0.3495737881180556,0.4788429607394873,0.3040560666804595,0.0007716308205269734,50.74728816288547,24.829327793336116,34.580010399883506,5.3279625802413335,191881.0,1.0499999999999545,1.0,4.769999999999982,28.0,0.012226693666213779,1.0499999999999545,14.0,0.0026589009875916804,2.0,2.0,-0.3495737881180556,0.3040560666804595,0.4788429607394873,50.74728816288547,24.829327793336116,34.580010399883506,5.3279625802413335,8.729127087291271,29.122087791220284,43.59749524787541,-0.006344050549389008,0.0736320934365783,0.06999999999999318,0.19499999999999318,0.024999999999977263,0.0,5895.0,5895.0,2021-11-15,2021-11-15 04:55:00,0.9358831287410101,372.0,1.0,best_within_2.0d,6266.0,397.97,0.22012578616351333,4.769999999999982,28.0,0.012226693666213779,1.0499999999999545,14.0,0.0026589009875916804,0.4929364202292669,5.6011759621451125,36.843533123028394,0.015614239272951093,2.82998018927445,22.52492113564669,0.007835530045022196,1.8630914826498424,0.00402220134195386,1.9444468750000041,16.553125,0.005470102952261012,0.0,0
5894.0,2021-11-15 04:55:00,394.0901,394.2999,393.9,394.28,220536.0,2s,2s,1.0,buy,False,0.20964360587002176,4.163492493946733,28.239017640954685,0.011578080659927173,-0.14662764194859557,0.12875071577155123,0.055436894797253444,0.00014058989692376943,49.340663307534115,30.969694552260904,36.359482080634066,20.19011949551458,220536.0,0.8799999999999955,1.0,4.769999999999982,28.0,0.012226693666213779,0.8799999999999955,14.0,0.0022290896195349195,1.0,2.5,-0.14662764194859557,0.055436894797253444,0.12875071577155123,49.340663307534115,30.969694552260904,36.359482080634066,20.19011949551458,21.39885673240886,29.778828599647074,24.019554447568165,0.04818695014159604,0.10152322924600213,0.019900000000006912,0.19010000000002947,0.18989999999996598,1.0,5895.0,5895.0,2021-11-15,2021-11-15 04:55:00,0.9358831287410101,372.0,1.0,best_within_2.0d,6266.0,397.97,0.5832424107187206,4.3760036431226785,32.22527881040892,0.012230020343504162,2.285057100371749,15.890706319702602,0.006381710269403211,0.20964360587002176,4.769999999999982,28.0,0.012226693666213779,0.8799999999999955,14.0,0.0022290896195349195,1.0,0.00402220134195386,1.9444468750000041,16.553125,0.005470102952261012,0.0,0
5920.0,2021-11-15 07:05:00,392.09,392.29,390.0,392.1,54450.0,1p,1p,1.0,buy,False,0.3609815321855556,2.2799999999999727,12.0,0.005812174977057135,-0.017063054718808646,0.0962289476722541,0.08769742031284977,0.0002237438782344484,56.90808703133605,66.91009667281075,50.46688820707911,99.79651360427403,54450.0,2.2799999999999727,0.0,2.2799999999999727,12.0,0.005812174977057135,2.2799999999999727,0.0,0.0,1.0,1.0,-0.017063054718808646,0.08769742031284977,0.0962289476722541,56.90808703133605,66.91009667281075,50.46688820707911,99.79651360427403,11.55555555555515,57.77777777777955,23.89150823980986,0.002550434849153957,0.5871794871794924,0.18999999999999773,2.089999999999975,0.010000000000047748,1.0,5921.0,5921.0,2021-11-15,2021-11-15 07:05:00,1.522570772762043,379.0,1.0,best_within_2.0d,6299.0,398.07,0.5832424107187206,4.3760036431226785,32.22527881040892,0.012230020343504162,2.285057100371749,15.890706319702602,0.006381710269403211,0.4929364202292669,5.6011759621451125,36.843533123028394,0.015614239272951093,2.82998018927445,22.52492113564669,0.007835530045022196,1.8630914826498424,0.00402220134195386,1.9444468750000041,16.553125,0.005470102952261012,0.0,0
5933.0,2021-11-15 08:10:00,395.88,396.36,395.88,396.25,104854.0,1,1,0.0,sell,False,0.21611147184597773,2.4600000000000364,115.0,0.006245239908606338,0.09384952621042024,0.054861142959225374,0.1017859060644355,0.0002572268632853151,72.20195279630894,87.27380219844837,76.88365323198994,108.0541001313652,104854.0,2.4600000000000364,1.0,2.4600000000000364,115.0,0.006245239908606338,2.4600000000000364,115.0,0.006245239908606338,1.0,1.0,0.09384952621042024,0.1017859060644355,0.054861142959225374,72.20195279630894,87.27380219844837,76.88365323198994,108.0541001313652,28.42183994016596,35.30291697831194,23.24552573623947,0.09346266545417918,0.12124886329191123,0.11000000000001364,0.0,0.37000000000000455,1.0,5934.0,5934.0,2021-11-15,2021-11-15 08:10:00,1.5015772870662432,255.0,1.0,best_within_2.0d,6188.0,390.3,0.5832424107187206,4.3760036431226785,32.22527881040892,0.012230020343504162,2.285057100371749,15.890706319702602,0.006381710269403211,0.4929364202292669,5.6011759621451125,36.843533123028394,0.015614239272951093,2.82998018927445,22.52492113564669,0.007835530045022196,1.8630914826498424,0.00402220134195386,1.9444468750000041,16.553125,0.005470102952261012,0.0,1
5934.0,2021-11-15 08:15:00,396.26,396.59,396.26,396.46,61939.0,1,1,0.0,sell,False,0.2330523633276188,2.6899999999999977,116.0,0.006829144452906824,0.1464140473734919,0.07316289888091185,0.1463699225676578,0.0003698444676419729,76.22757525145049,88.7973403196683,80.85488226121606,104.68225643657274,61939.0,2.6899999999999977,1.0,2.6899999999999977,116.0,0.006829144452906824,2.6899999999999977,116.0,0.006829144452906824,1.0,1.0,0.1464140473734919,0.1463699225676578,0.07316289888091185,76.22757525145049,88.7973403196683,80.85488226121606,104.68225643657274,33.627717391304465,31.046195652175236,21.8702450864119,0.05047191238075724,0.08327865542825016,0.12999999999999545,0.0,0.19999999999998863,1.0,5935.0,5935.0,2021-11-15,2021-11-15 08:15:00,1.5537506936386944,254.0,1.0,best_within_2.0d,6188.0,390.3,0.5832424107187206,4.3760036431226785,32.22527881040892,0.012230020343504162,2.285057100371749,15.890706319702602,0.006381710269403211,0.4929364202292669,5.6011759621451125,36.843533123028394,0.015614239272951093,2.82998018927445,22.52492113564669,0.007835530045022196,1.8630914826498424,0.00402220134195386,1.9444468750000041,16.553125,0.005470102952261012,0.0,1
5935.0,2021-11-15 08:20:00,396.46,396.77,396.46,396.63,16920.0,1,1,0.0,sell,False,0.30569141047494514,2.8700000000000045,117.0,0.007286113226707298,0.19204918592442516,0.09716904712146499,0.19319364008367756,0.0004880782515500751,78.89241779558593,89.90097020935445,83.87024491059552,101.96242080687233,16920.0,2.8700000000000045,1.0,2.8700000000000045,117.0,0.007286113226707298,2.8700000000000045,117.0,0.007286113226707298,1.0,1.0,0.19204918592442516,0.19319364008367756,0.09716904712146499,78.89241779558593,89.90097020935445,83.87024491059552,101.96242080687233,36.97850821744626,26.359039190899125,21.505689513515723,0.042879483428344835,0.07819199919285737,0.13999999999998636,0.0,0.17000000000001592,1.0,5936.0,5936.0,2021-11-15,2021-11-15 08:20:00,1.5959458437334504,253.0,1.0,best_within_2.0d,6188.0,390.3,0.5832424107187206,4.3760036431226785,32.22527881040892,0.012230020343504162,2.285057100371749,15.890706319702602,0.006381710269403211,0.4929364202292669,5.6011759621451125,36.843533123028394,0.015614239272951093,2.82998018927445,22.52492113564669,0.007835530045022196,1.8630914826498424,0.00402220134195386,1.9444468750000041,16.553125,0.005470102952261012,1.0,1
5970.0,2021-11-15 11:15:00,394.34,394.54,394.13,394.26,250081.0,2,2,0.0,sell,False,0.28701601816032285,4.163492493946733,28.239017640954685,0.011578080659927173,0.08323027155926765,-0.43231498114095934,-0.3906998453613255,-0.0009897252952008949,38.69490677930844,66.51609933029403,55.82157931508893,87.90513936070421,250081.0,0.897700000000043,1.0,3.1277000000000044,29.0,0.007882904453461714,0.897700000000043,8.0,0.00228049678604165,2.0,2.0,0.08323027155926765,-0.3906998453613255,-0.43231498114095934,38.69490677930844,66.51609933029403,55.82157931508893,87.90513936070421,13.383368869936207,24.182515991471593,47.085872380735786,-0.020287061926252497,0.10402659021135792,0.20000000000004547,0.12999999999999545,0.07999999999998408,0.0,5971.0,5971.0,2021-11-15,2021-11-15 11:15:00,1.0044133313042103,218.0,1.0,best_within_2.0d,6188.0,390.3,0.28701601816032285,3.1277000000000044,29.0,0.007882904453461714,0.897700000000043,8.0,0.00228049678604165,0.4929364202292669,5.6011759621451125,36.843533123028394,0.015614239272951093,2.82998018927445,22.52492113564669,0.007835530045022196,1.8630914826498424,0.00402220134195386,1.9444468750000041,16.553125,0.005470102952261012,0.0,1
5970.0,2021-11-15 11:15:00,393.9528,394.15,393.6423,394.06,462340.0,2s,2s,1.0,buy,False,0.26366876310272636,4.163492493946733,28.239017640954685,0.011578080659927173,-0.2731516388827133,-0.4000417817249562,-0.5366176011663129,-0.0013581781087340773,29.124189062399537,13.363700693316625,13.28679203544336,13.517518009063156,462340.0,3.1277000000000044,1.0,4.769999999999982,28.0,0.012226693666213779,3.1277000000000044,29.0,0.007882904453461714,2.0,2.5,-0.2731516388827133,-0.5366176011663129,-0.4000417817249562,29.124189062399537,13.363700693316625,13.28679203544336,13.517518009063156,9.859277926096109,33.49260211083108,53.555555947986456,0.027211381668051992,0.12897496026214658,0.08999999999997499,0.3105000000000473,0.10719999999997754,1.0,5971.0,5971.0,2021-11-15,2021-11-15 11:15:00,1.0044133313042103,218.0,1.0,best_within_2.0d,6188.0,390.3,0.5832424107187206,4.3760036431226785,32.22527881040892,0.012230020343504162,2.285057100371749,15.890706319702602,0.006381710269403211,0.26366876310272636,4.769999999999982,28.0,0.012226693666213779,3.1277000000000044,29.0,0.007882904453461714,2.0,0.00402220134195386,1.9444468750000041,16.553125,0.005470102952261012,0.0,0
5974.0,2021-11-15 11:35:00,394.36,394.78,394.31,394.335,315194.0,2,2,0.0,sell,False,0.36374972024170915,4.163492493946733,28.239017640954685,0.011578080659927173,0.13654375788337325,-0.3779396752559022,-0.3096677963142156,-0.0007847207953197491,42.704103175582254,52.49460767857345,55.270694576805425,46.9424338821095,315194.0,1.1376999999999953,1.0,3.1277000000000044,29.0,0.007882904453461714,1.1376999999999953,12.0,0.0028901873604538822,2.0,2.0,0.13654375788337325,-0.3096677963142156,-0.3779396752559022,42.704103175582254,52.49460767857345,55.270694576805425,46.9424338821095,21.571044374720643,15.084790079187584,37.76196030100295,-0.006339385333206741,0.11919555679540729,0.4199999999999591,0.024999999999977263,0.025000000000034106,0.0,5975.0,5975.0,2021-11-15,2021-11-15 11:35:00,1.0232416600098821,214.0,1.0,best_within_2.0d,6188.0,390.3,0.36374972024170915,3.1277000000000044,29.0,0.007882904453461714,1.1376999999999953,12.0,0.0028901873604538822,0.4929364202292669,5.6011759621451125,36.843533123028394,0.015614239272951093,2.82998018927445,22.52492113564669,0.007835530045022196,1.8630914826498424,0.00402220134195386,1.9444468750000041,16.553125,0.005470102952261012,1.0,1
5983.0,2021-11-15 12:20:00,392.89,392.95,392.095,392.54,492995.0,1p,"1p,2s",1.0,buy,False,0.4726881973324911,2.6849999999999454,10.0,0.006801256395967237,-0.08656091386463793,-0.4896529919108338,-0.5329334488431527,-0.001353297457501079,31.576632571421754,26.79894391258031,31.385315153973526,17.626201429793873,492995.0,2.6849999999999454,0.0,2.6849999999999454,10.0,0.006801256395967237,2.6849999999999454,0.0,0.0,1.0,1.0,-0.08656091386463793,-0.5329334488431527,-0.4896529919108338,31.576632571421754,26.79894391258031,31.385315153973526,17.626201429793873,14.598910794307631,42.984271260456794,38.79606631214114,-0.08908345847437346,0.2180593988701619,0.060000000000002274,0.4449999999999932,0.3499999999999659,0.0,5984.0,5984.0,2021-11-15,2021-11-15 12:20:00,1.7858052682529144,375.0,1.0,best_within_2.0d,6358.0,399.55,0.5832424107187206,4.3760036431226785,32.22527881040892,0.012230020343504162,2.285057100371749,15.890706319702602,0.006381710269403211,0.5880503144654006,4.769999999999982,28.0,0.012226693666213779,2.6849999999999454,10.0,0.006801256395967237,3.0,0.00402220134195386,1.9444468750000041,16.553125,0.005470102952261012,1.0,0
5983.0,2021-11-15 12:20:00,392.89,392.95,392.095,392.54,492995.0,2s,"1p,2s",1.0,buy,False,0.4726881973324911,2.6849999999999454,10.0,0.006801256395967237,-0.08656091386463793,-0.4896529919108338,-0.5329334488431527,-0.001353297457501079,31.576632571421754,26.79894391258031,31.385315153973526,17.626201429793873,492995.0,2.6849999999999454,0.0,2.6849999999999454,10.0,0.006801256395967237,2.6849999999999454,0.0,0.0,1.0,1.0,-0.08656091386463793,-0.5329334488431527,-0.4896529919108338,31.576632571421754,26.79894391258031,31.385315153973526,17.626201429793873,14.598910794307631,42.984271260456794,38.79606631214114,-0.08908345847437346,0.2180593988701619,0.060000000000002274,0.4449999999999932,0.3499999999999659,0.0,5984.0,5984.0,2021-11-15,2021-11-15 12:20:00,1.7858052682529144,375.0,1.0,best_within_2.0d,6358.0,399.55,0.5832424107187206,4.3760036431226785,32.22527881040892,0.012230020343504162,2.285057100371749,15.890706319702602,0.006381710269403211,0.5880503144654006,4.769999999999982,28.0,0.012226693666213779,2.6849999999999454,10.0,0.006801256395967237,3.0,0.00402220134195386,1.9444468750000041,16.553125,0.005470102952261012,0.0,0
5992.0,2021-11-15 13:05:00,393.7778,393.7778,393.5005,393.71,178991.0,2s,2s,0.0,sell,False,0.043322569300136116,4.163492493946733,28.239017640954685,0.011578080659927173,0.2915291274368571,-0.3287078267497194,-0.18294326303129083,-0.0004647892142762063,51.44562634518627,87.50062566360099,77.64733589502478,107.20720520075338,178991.0,1.682799999999986,1.0,3.1277000000000044,29.0,0.007882904453461714,1.682799999999986,10.0,0.004291817034137099,1.0,2.5,0.2915291274368571,-0.18294326303129083,-0.3287078267497194,51.44562634518627,87.50062566360099,77.64733589502478,107.20720520075338,27.727204646439773,19.720747557788425,31.858843788375545,-0.017217831985458253,0.07047005022865922,0.0,0.20949999999999136,0.06780000000003383,0.0,5993.0,5993.0,2021-11-15,2021-11-15 13:05:00,0.8661197327982444,196.0,1.0,best_within_2.0d,6188.0,390.3,0.5832424107187206,4.3760036431226785,32.22527881040892,0.012230020343504162,2.285057100371749,15.890706319702602,0.006381710269403211,0.043322569300136116,3.1277000000000044,29.0,0.007882904453461714,1.682799999999986,10.0,0.004291817034137099,1.0,0.00402220134195386,1.9444468750000041,16.553125,0.005470102952261012,0.0,1
5994.0,2021-11-15 13:15:00,393.6137,394.0,393.56,393.76,161715.0,2s,2s,0.0,sell,False,0.11436518847716279,4.163492493946733,28.239017640954685,0.011578080659927173,0.2816285848550779,-0.2584797177536907,-0.11766542532615176,-0.00029893354587839384,52.297604436178176,83.9136063253504,81.81035597271388,88.12010703062344,161715.0,1.9049999999999727,1.0,3.1277000000000044,29.0,0.007882904453461714,1.9049999999999727,12.0,0.004858516430966915,1.0,2.5,0.2816285848550779,-0.11766542532615176,-0.2584797177536907,52.297604436178176,83.9136063253504,81.81035597271388,88.12010703062344,26.787891275604416,20.347190027300424,28.79129978377662,0.03716842172922247,0.11179997967273039,0.2400000000000091,0.05369999999999209,0.14629999999999654,1.0,5995.0,5995.0,2021-11-15,2021-11-15 13:15:00,0.8787078423405068,194.0,1.0,best_within_2.0d,6188.0,390.3,0.5832424107187206,4.3760036431226785,32.22527881040892,0.012230020343504162,2.285057100371749,15.890706319702602,0.006381710269403211,0.11436518847716279,3.1277000000000044,29.0,0.007882904453461714,1.9049999999999727,12.0,0.004858516430966915,1.0,0.00402220134195386,1.9444468750000041,16.553125,0.005470102952261012,1.0,1
6000.0,2021-11-15 13:45:00,392.5904,392.81,392.58,392.81,31668.0,1p,1p,0.0,sell,False,558737.450726039,2.8100000000000023,9.0,0.007205128205128211,0.1117474901452078,0.1252104774025884,0.1810842224751923,0.0004617428016252468,76.6188359813498,96.84698473003802,91.95072959191012,106.63949500629383,31668.0,2.8100000000000023,0.0,2.8100000000000023,9.0,0.007205128205128211,2.8100000000000023,0.0,0.0,1.0,1.0,0.1117474901452078,0.1810842224751923,0.1252104774025884,76.6188359813498,96.84698473003802,91.95072959191012,106.63949500629383,21.304347826086982,46.521739130434916,35.528250619624814,0.05593616145479206,0.05858678485914162,0.0,0.010400000000004184,0.219600000000014,1.0,6001.0,6001.0,2021-11-15,2021-11-15 13:45:00,0.6389857692013927,188.0,1.0,best_within_2.0d,6188.0,390.3,0.5832424107187206,4.3760036431226785,32.22527881040892,0.012230020343504162,2.285057100371749,15.890706319702602,0.006381710269403211,0.4929364202292669,5.6011759621451125,36.843533123028394,0.015614239272951093,2.82998018927445,22.52492113564669,0.007835530045022196,1.8630914826498424,0.00402220134195386,1.9444468750000041,16.553125,0.005470102952261012,0.0,1
6003.0,2021-11-15 14:00:00,393.25,393.29,393.01,393.13,201137.0,2,2,1.0,buy,False,0.5196850393700909,4.163492493946733,28.239017640954685,0.011578080659927173,0.00034928541727125006,-0.10492621377480979,-0.10475157106617417,-0.00026618694158576326,40.771512835370686,24.497654055474783,37.237465255122856,-0.9819683438213644,201137.0,0.9900000000000091,1.0,1.9049999999999727,12.0,0.004858516430966915,0.9900000000000091,10.0,0.002512690355329972,2.0,2.0,0.00034928541727125006,-0.10475157106617417,-0.10492621377480979,40.771512835370686,24.497654055474783,37.237465255122856,-0.9819683438213644,17.459133147934462,24.759772999615535,27.187457503902262,-0.030514939605849854,0.07124500648839203,0.040000000000020464,0.12000000000000455,0.12000000000000455,0.0,6004.0,6004.0,2021-11-15,2021-11-15 14:00:00,1.633047592399465,355.0,1.0,best_within_2.0d,6358.0,399.55,0.5196850393700909,1.9049999999999727,12.0,0.004858516430966915,0.9900000000000091,10.0,0.002512690355329972,0.4929364202292669,5.6011759621451125,36.843533123028394,0.015614239272951093,2.82998018927445,22.52492113564669,0.007835530045022196,1.8630914826498424,0.00402220134195386,1.9444468750000041,16.553125,0.005470102952261012,0.0,0
6004.0,2021-11-15 14:05:00,393.14,393.335,393.0,393.2913,285980.0,2,2,1.0,buy,False,0.5249343832021073,4.163492493946733,28.239017640954685,0.011578080659927173,-0.0039341081846379355,-0.10541797729788953,-0.1073850313902085,-0.0002728909689830531,44.796948851188006,29.280162489397668,34.58503099988113,18.67042546843075,285980.0,1.0,1.0,1.9049999999999727,12.0,0.004858516430966915,1.0,11.0,0.0025380710659898475,2.0,2.0,-0.0039341081846379355,-0.1073850313902085,-0.10541797729788953,44.796948851188006,29.280162489397668,34.58503099988113,18.67042546843075,17.89005888920413,23.75489831213488,26.251421411890814,0.03848501805972224,0.08524173027989301,0.04370000000000118,0.13999999999998636,0.151299999999992,1.0,6005.0,6005.0,2021-11-15,2021-11-15 14:05:00,1.5913649755283255,354.0,1.0,best_within_2.0d,6358.0,399.55,0.5249343832021073,1.9049999999999727,12.0,0.004858516430966915,1.0,11.0,0.0025380710659898475,0.4929364202292669,5.6011759621451125,36.843533123028394,0.015614239272951093,2.82998018927445,22.52492113564669,0.007835530045022196,1.8630914826498424,0.00402220134195386,1.9444468750000041,16.553125,0.005470102952261012,1.0,0
6011.0,2021-11-15 14:40:00,393.52,394.13,393.51,394.0506,254072.0,1p,"1p,2s",0.0,sell,False,0.48978011462597637,1.1299999999999955,8.0,0.0028753180661577494,0.1427852184308462,-0.07852016689832973,-0.007127557682906627,-1.8113180489978528e-05,62.421420583775145,74.13157391445053,56.576651143928174,109.24141945549522,254072.0,1.1299999999999955,0.0,1.1299999999999955,8.0,0.0028753180661577494,1.1299999999999955,0.0,0.0,1.0,1.0,0.1427852184308462,-0.007127557682906627,-0.07852016689832973,62.421420583775145,74.13157391445053,56.576651143928174,109.24141945549522,28.525815378066106,22.494737588988272,25.674131735400856,0.13483431591786763,0.15755635180808736,0.07940000000002101,0.009999999999990905,0.5305999999999926,1.0,6012.0,6012.0,2021-11-15,2021-11-15 14:40:00,0.9518066969064286,177.0,1.0,best_within_2.0d,6188.0,390.3,0.5832424107187206,4.3760036431226785,32.22527881040892,0.012230020343504162,2.285057100371749,15.890706319702602,0.006381710269403211,0.15592927710458718,3.1277000000000044,29.0,0.007882904453461714,1.1299999999999955,8.0,0.0028753180661577494,2.0,0.00402220134195386,1.9444468750000041,16.553125,0.005470102952261012,0.0,1
6011.0,2021-11-15 14:40:00,393.52,394.13,393.51,394.0506,254072.0,2s,"1p,2s",0.0,sell,False,0.48978011462597637,1.1299999999999955,8.0,0.0028753180661577494,0.1427852184308462,-0.07852016689832973,-0.007127557682906627,-1.8113180489978528e-05,62.421420583775145,74.13157391445053,56.576651143928174,109.24141945549522,254072.0,1.1299999999999955,0.0,1.1299999999999955,8.0,0.0028753180661577494,1.1299999999999955,0.0,0.0,1.0,1.0,0.1427852184308462,-0.007127557682906627,-0.07852016689832973,62.421420583775145,74.13157391445053,56.576651143928174,109.24141945549522,28.525815378066106,22.494737588988272,25.674131735400856,0.13483431591786763,0.15755635180808736,0.07940000000002101,0.009999999999990905,0.5305999999999926,1.0,6012.0,6012.0,2021-11-15,2021-11-15 14:40:00,0.9518066969064286,177.0,1.0,best_within_2.0d,6188.0,390.3,0.5832424107187206,4.3760036431226785,32.22527881040892,0.012230020343504162,2.285057100371749,15.890706319702602,0.006381710269403211,0.15592927710458718,3.1277000000000044,29.0,0.007882904453461714,1.1299999999999955,8.0,0.0028753180661577494,2.0,0.00402220134195386,1.9444468750000041,16.553125,0.005470102952261012,0.0,1
6012.0,2021-11-15 14:45:00,394.05,394.32,394.0,394.24,246311.0,2s,"1p,2s",0.0,sell,False,0.7213125393968322,1.3199999999999932,9.0,0.003358778625954181,0.21028368735087602,-0.05223470597947023,0.052907137695967776,0.00013443360439274992,65.41895505225328,80.73418058943206,64.62916095909613,112.9442198501039,246311.0,1.3199999999999932,0.0,1.3199999999999932,9.0,0.003358778625954181,1.3199999999999932,0.0,0.0,1.0,1.0,0.21028368735087602,0.052907137695967776,-0.05223470597947023,65.41895505225328,80.73418058943206,64.62916095909613,112.9442198501039,32.19565066992621,17.85623688397928,25.886629250061993,0.04821723131582229,0.0812182741116734,0.07999999999998408,0.05000000000001137,0.18999999999999773,1.0,6013.0,6013.0,2021-11-15,2021-11-15 14:45:00,0.9993912337662331,176.0,1.0,best_within_2.0d,6188.0,390.3,0.5832424107187206,4.3760036431226785,32.22527881040892,0.012230020343504162,2.285057100371749,15.890706319702602,0.006381710269403211,0.2166767912523627,3.1277000000000044,29.0,0.007882904453461714,1.3199999999999932,9.0,0.003358778625954181,2.0,0.00402220134195386,1.9444468750000041,16.553125,0.005470102952261012,0.0,1
6012.0,2021-11-15 14:45:00,394.05,394.32,394.0,394.24,246311.0,1p,"1p,2s",0.0,sell,False,0.7213125393968322,1.3199999999999932,9.0,0.003358778625954181,0.21028368735087602,-0.05223470597947023,0.052907137695967776,0.00013443360439274992,65.41895505225328,80.73418058943206,64.62916095909613,112.9442198501039,246311.0,1.3199999999999932,0.0,1.3199999999999932,9.0,0.003358778625954181,1.3199999999999932,0.0,0.0,1.0,1.0,0.21028368735087602,0.052907137695967776,-0.05223470597947023,65.41895505225328,80.73418058943206,64.62916095909613,112.9442198501039,32.19565066992621,17.85623688397928,25.886629250061993,0.04821723131582229,0.0812182741116734,0.07999999999998408,0.05000000000001137,0.18999999999999773,1.0,6013.0,6013.0,2021-11-15,2021-11-15 14:45:00,0.9993912337662331,176.0,1.0,best_within_2.0d,6188.0,390.3,0.5832424107187206,4.3760036431226785,32.22527881040892,0.012230020343504162,2.285057100371749,15.890706319702602,0.006381710269403211,0.2166767912523627,3.1277000000000044,29.0,0.007882904453461714,1.3199999999999932,9.0,0.003358778625954181,2.0,0.00402220134195386,1.9444468750000041,16.553125,0.005470102952261012,0.0,1
6013.0,2021-11-15 14:50:00,394.2419,394.4,393.95,393.99,178655.0,1p,"1p,2s",0.0,sell,False,0.7224339023199434,1.3999999999999773,10.0,0.0035623409669210617,0.210610597417527,-0.02590838130227936,0.07939691740648414,0.00020172593385466434,58.756635435350645,77.12038337821978,68.79290176547067,93.77534660371799,178655.0,1.3999999999999773,0.0,1.3999999999999773,10.0,0.0035623409669210617,1.3999999999999773,0.0,0.0,1.0,1.0,0.210610597417527,0.07939691740648414,-0.02590838130227936,58.756635435350645,77.12038337821978,68.79290176547067,93.77534660371799,32.8146188560119,13.027143587577894,27.12077965926494,-0.06389478135124091,0.11422769386977756,0.15809999999999036,0.040000000000020464,0.2518999999999778,0.0,6014.0,6014.0,2021-11-15,2021-11-15 14:50:00,0.9365719942130505,175.0,1.0,best_within_2.0d,6188.0,390.3,0.5832424107187206,4.3760036431226785,32.22527881040892,0.012230020343504162,2.285057100371749,15.890706319702602,0.006381710269403211,0.24225469194615812,3.1277000000000044,29.0,0.007882904453461714,1.3999999999999773,10.0,0.0035623409669210617,2.0,0.00402220134195386,1.9444468750000041,16.553125,0.005470102952261012,0.0,1
6013.0,2021-11-15 14:50:00,394.2419,394.4,393.95,393.99,178655.0,2s,"1p,2s",0.0,sell,False,0.7224339023199434,1.3999999999999773,10.0,0.0035623409669210617,0.210610597417527,-0.02590838130227936,0.07939691740648414,0.00020172593385466434,58.756635435350645,77.12038337821978,68.79290176547067,93.77534660371799,178655.0,1.3999999999999773,0.0,1.3999999999999773,10.0,0.0035623409669210617,1.3999999999999773,0.0,0.0,1.0,1.0,0.210610597417527,0.07939691740648414,-0.02590838130227936,58.756635435350645,77.12038337821978,68.79290176547067,93.77534660371799,32.8146188560119,13.027143587577894,27.12077965926494,-0.06389478135124091,0.11422769386977756,0.15809999999999036,0.040000000000020464,0.2518999999999778,0.0,6014.0,6014.0,2021-11-15,2021-11-15 14:50:00,0.9365719942130505,175.0,1.0,best_within_2.0d,6188.0,390.3,0.5832424107187206,4.3760036431226785,32.22527881040892,0.012230020343504162,2.285057100371749,15.890706319702602,0.006381710269403211,0.24225469194615812,3.1277000000000044,29.0,0.007882904453461714,1.3999999999999773,10.0,0.0035623409669210617,2.0,0.00402220134195386,1.9444468750000041,16.553125,0.005470102952261012,0.0,1
6014.0,2021-11-15 14:55:00,393.99,394.45,393.98,394.32,182627.0,1p,"1p,2s",0.0,sell,False,0.8313643423140926,1.4499999999999886,11.0,0.0036895674300254163,0.24236700443337825,0.004387494251892924,0.12557099646858205,0.0003189977444712982,63.97237721623136,81.67755454189488,73.08778602427874,98.85709157712714,182627.0,1.4499999999999886,0.0,1.4499999999999886,11.0,0.0036895674300254163,1.4499999999999886,0.0,0.0,1.0,1.0,0.24236700443337825,0.12557099646858205,0.004387494251892924,63.97237721623136,81.67755454189488,73.08778602427874,98.85709157712714,28.075123389525963,12.520564921052523,27.920423217437595,0.08375847102717938,0.11929539570535826,0.12999999999999545,0.009999999999990905,0.3299999999999841,1.0,6015.0,6015.0,2021-11-15,2021-11-15 14:55:00,1.0194765672550166,174.0,1.0,best_within_2.0d,6188.0,390.3,0.5832424107187206,4.3760036431226785,32.22527881040892,0.012230020343504162,2.285057100371749,15.890706319702602,0.006381710269403211,0.25824087987978706,3.1277000000000044,29.0,0.007882904453461714,1.4499999999999886,11.0,0.0036895674300254163,2.0,0.00402220134195386,1.9444468750000041,16.553125,0.005470102952261012,0.0,1
6014.0,2021-11-15 14:55:00,393.99,394.45,393.98,394.32,182627.0,2s,"1p,2s",0.0,sell,False,0.8313643423140926,1.4499999999999886,11.0,0.0036895674300254163,0.24236700443337825,0.004387494251892924,0.12557099646858205,0.0003189977444712982,63.97237721623136,81.67755454189488,73.08778602427874,98.85709157712714,182627.0,1.4499999999999886,0.0,1.4499999999999886,11.0,0.0036895674300254163,1.4499999999999886,0.0,0.0,1.0,1.0,0.24236700443337825,0.12557099646858205,0.004387494251892924,63.97237721623136,81.67755454189488,73.08778602427874,98.85709157712714,28.075123389525963,12.520564921052523,27.920423217437595,0.08375847102717938,0.11929539570535826,0.12999999999999545,0.009999999999990905,0.3299999999999841,1.0,6015.0,6015.0,2021-11-15,2021-11-15 14:55:00,1.0194765672550166,174.0,1.0,best_within_2.0d,6188.0,390.3,0.5832424107187206,4.3760036431226785,32.22527881040892,0.012230020343504162,2.285057100371749,15.890706319702602,0.006381710269403211,0.25824087987978706,3.1277000000000044,29.0,0.007882904453461714,1.4499999999999886,11.0,0.0036895674300254163,2.0,0.00402220134195386,1.9444468750000041,16.553125,0.005470102952261012,0.0,1
6015.0,2021-11-15 15:00:00,394.29,394.62,394.22,394.29,467050.0,1p,"1p,2s",0.0,sell,False,0.8426495301950676,1.6200000000000045,12.0,0.004122137404580164,0.24565696653779867,0.035094615069117756,0.1579230983380171,0.00040113540554657424,63.190024637858066,80.83093344054029,75.66883516303258,91.15512999555571,467050.0,1.6200000000000045,0.0,1.6200000000000045,12.0,0.004122137404580164,1.6200000000000045,0.0,0.0,1.0,1.0,0.24565696653779867,0.1579230983380171,0.035094615069117756,63.190024637858066,80.83093344054029,75.66883516303258,91.15512999555571,30.57041183693037,12.194868166400038,28.995276546883673,0.0,0.10146618639337864,0.3299999999999841,0.06999999999999318,0.0,0.0,6016.0,6016.0,2021-11-15,2021-11-15 15:00:00,1.0119455223312812,173.0,1.0,best_within_2.0d,6188.0,390.3,0.5832424107187206,4.3760036431226785,32.22527881040892,0.012230020343504162,2.285057100371749,15.890706319702602,0.006381710269403211,0.3125939188541183,3.1277000000000044,29.0,0.007882904453461714,1.6200000000000045,12.0,0.004122137404580164,2.0,0.00402220134195386,1.9444468750000041,16.553125,0.005470102952261012,0.0,1
6015.0,2021-11-15 15:00:00,394.29,394.62,394.22,394.29,467050.0,2s,"1p,2s",0.0,sell,False,0.8426495301950676,1.6200000000000045,12.0,0.004122137404580164,0.24565696653779867,0.035094615069117756,0.1579230983380171,0.00040113540554657424,63.190024637858066,80.83093344054029,75.66883516303258,91.15512999555571,467050.0,1.6200000000000045,0.0,1.6200000000000045,12.0,0.004122137404580164,1.6200000000000045,0.0,0.0,1.0,1.0,0.24565696653779867,0.1579230983380171,0.035094615069117756,63.190024637858066,80.83093344054029,75.66883516303258,91.15512999555571,30.57041183693037,12.194868166400038,28.995276546883673,0.0,0.10146618639337864,0.3299999999999841,0.06999999999999318,0.0,0.0,6016.0,6016.0,2021-11-15,2021-11-15 15:00:00,1.0119455223312812,173.0,1.0,best_within_2.0d,6188.0,390.3,0.5832424107187206,4.3760036431226785,32.22527881040892,0.012230020343504162,2.285057100371749,15.890706319702602,0.006381710269403211,0.3125939188541183,3.1277000000000044,29.0,0.007882904453461714,1.6200000000000045,12.0,0.004122137404580164,2.0,0.00402220134195386,1.9444468750000041,16.553125,0.005470102952261012,0.0,1
6018.0,2021-11-15 15:15:00,394.38,394.645,394.29,394.51,135662.0,1p,1p,0.0,sell,False,0.8426495301950676,1.6449999999999818,15.0,0.0041857506361322695,0.21975484960150293,0.11728063420115697,0.22715805900190844,0.000576791991387431,65.43685525050857,82.85008544214872,79.29637948919367,89.95749734805884,135662.0,1.6449999999999818,0.0,1.6449999999999818,15.0,0.0041857506361322695,1.6449999999999818,0.0,0.0,1.0,1.0,0.21975484960150293,0.22715805900190844,0.11728063420115697,65.43685525050857,82.85008544214872,79.29637948919367,89.95749734805884,35.40460939591858,6.3023912013685495,35.68165303610947,0.03296313200466439,0.0900352532399912,0.1349999999999909,0.08999999999997499,0.12999999999999545,1.0,6019.0,6019.0,2021-11-15,2021-11-15 15:15:00,1.0671465869052699,170.0,1.0,best_within_2.0d,6188.0,390.3,0.5832424107187206,4.3760036431226785,32.22527881040892,0.012230020343504162,2.285057100371749,15.890706319702602,0.006381710269403211,0.4929364202292669,5.6011759621451125,36.843533123028394,0.015614239272951093,2.82998018927445,22.52492113564669,0.007835530045022196,1.8630914826498424,0.00402220134195386,1.9444468750000041,16.553125,0.005470102952261012,0.0,1
6019.0,2021-11-15 15:20:00,394.51,394.74,394.51,394.6,229462.0,1p,"1p,2s",0.0,sell,False,0.8426495301950676,1.740000000000009,16.0,0.004427480916030557,0.21815197591914953,0.14454963119105066,0.2536256191506254,0.0006439042769747227,66.78328587788846,84.77268568772016,81.12181488870249,92.07442728575549,229462.0,1.740000000000009,0.0,1.740000000000009,16.0,0.004427480916030557,1.740000000000009,0.0,0.0,1.0,1.0,0.21815197591914953,0.2536256191506254,0.14454963119105066,66.78328587788846,84.77268568772016,81.12181488870249,92.07442728575549,34.715726016007466,6.3610851262871675,38.0635592535994,0.02281310993385005,0.05830016983093412,0.13999999999998636,0.0,0.09000000000003183,1.0,6020.0,6020.0,2021-11-15,2021-11-15 15:20:00,1.08971109984795,169.0,1.0,best_within_2.0d,6188.0,390.3,0.5832424107187206,4.3760036431226785,32.22527881040892,0.012230020343504162,2.285057100371749,15.890706319702602,0.006381710269403211,0.3509607698948205,3.1277000000000044,29.0,0.007882904453461714,1.740000000000009,16.0,0.004427480916030557,2.0,0.00402220134195386,1.9444468750000041,16.553125,0.005470102952261012,0.0,1
6019.0,2021-11-15 15:20:00,394.51,394.74,394.51,394.6,229462.0,2s,"1p,2s",0.0,sell,False,0.8426495301950676,1.740000000000009,16.0,0.004427480916030557,0.21815197591914953,0.14454963119105066,0.2536256191506254,0.0006439042769747227,66.78328587788846,84.77268568772016,81.12181488870249,92.07442728575549,229462.0,1.740000000000009,0.0,1.740000000000009,16.0,0.004427480916030557,1.740000000000009,0.0,0.0,1.0,1.0,0.21815197591914953,0.2536256191506254,0.14454963119105066,66.78328587788846,84.77268568772016,81.12181488870249,92.07442728575549,34.715726016007466,6.3610851262871675,38.0635592535994,0.02281310993385005,0.05830016983093412,0.13999999999998636,0.0,0.09000000000003183,1.0,6020.0,6020.0,2021-11-15,2021-11-15 15:20:00,1.08971109984795,169.0,1.0,best_within_2.0d,6188.0,390.3,0.5832424107187206,4.3760036431226785,32.22527881040892,0.012230020343504162,2.285057100371749,15.890706319702602,0.006381710269403211,0.3509607698948205,3.1277000000000044,29.0,0.007882904453461714,1.740000000000009,16.0,0.004427480916030557,2.0,0.00402220134195386,1.9444468750000041,16.553125,0.005470102952261012,0.0,1
6020.0,2021-11-15 15:25:00,394.59,394.79,394.5104,394.77,201311.0,2s,"1p,2s",0.0,sell,False,0.8426495301950676,1.7900000000000205,17.0,0.0045547073791349126,0.22477378159822536,0.17264635389082883,0.2850332446899415,0.0007235217764301139,69.22221504821081,89.05480633149446,83.76614536963314,99.63212825521714,201311.0,1.7900000000000205,0.0,1.7900000000000205,17.0,0.0045547073791349126,1.7900000000000205,0.0,0.0,1.0,1.0,0.22477378159822536,0.2850332446899415,0.17264635389082883,69.22221504821081,89.05480633149446,83.76614536963314,99.63212825521714,35.39021830826632,4.563692105101404,40.855820507566854,0.04561696951266044,0.0708726563355532,0.020000000000038654,0.0795999999999708,0.18000000000000682,1.0,6021.0,6021.0,2021-11-15,2021-11-15 15:25:00,1.1323048863895357,168.0,1.0,best_within_2.0d,6188.0,390.3,0.5832424107187206,4.3760036431226785,32.22527881040892,0.012230020343504162,2.285057100371749,15.890706319702602,0.006381710269403211,0.3669469578284495,3.1277000000000044,29.0,0.007882904453461714,1.7900000000000205,17.0,0.0045547073791349126,2.0,0.00402220134195386,1.9444468750000041,16.553125,0.005470102952261012,0.0,1
6020.0,2021-11-15 15:25:00,394.59,394.79,394.5104,394.77,201311.0,1p,"1p,2s",0.0,sell,False,0.8426495301950676,1.7900000000000205,17.0,0.0045547073791349126,0.22477378159822536,0.17264635389082883,0.2850332446899415,0.0007235217764301139,69.22221504821081,89.05480633149446,83.76614536963314,99.63212825521714,201311.0,1.7900000000000205,0.0,1.7900000000000205,17.0,0.0045547073791349126,1.7900000000000205,0.0,0.0,1.0,1.0,0.22477378159822536,0.2850332446899415,0.17264635389082883,69.22221504821081,89.05480633149446,83.76614536963314,99.63212825521714,35.39021830826632,4.563692105101404,40.855820507566854,0.04561696951266044,0.0708726563355532,0.020000000000038654,0.0795999999999708,0.18000000000000682,1.0,6021.0,6021.0,2021-11-15,2021-11-15 15:25:00,1.1323048863895357,168.0,1.0,best_within_2.0d,6188.0,390.3,0.5832424107187206,4.3760036431226785,32.22527881040892,0.012230020343504162,2.285057100371749,15.890706319702602,0.006381710269403211,0.3669469578284495,3.1277000000000044,29.0,0.007882904453461714,1.7900000000000205,17.0,0.0045547073791349126,2.0,0.00402220134195386,1.9444468750000041,16.553125,0.005470102952261012,0.0,1
6021.0,2021-11-15 15:30:00,394.75,394.8122,394.41,394.48,351840.0,1p,"1p,2s",0.0,sell,False,0.8426495301950676,1.8122000000000185,18.0,0.004611195928753227,0.17697897533903006,0.1947687258082076,0.2832582134777226,0.0007189447760278299,60.99470511757971,79.86008970773608,82.46412681566744,74.65201549187336,351840.0,1.8122000000000185,0.0,1.8122000000000185,18.0,0.004611195928753227,1.8122000000000185,0.0,0.0,1.0,1.0,0.17697897533903006,0.2832582134777226,0.1947687258082076,60.99470511757971,79.86008970773608,82.46412681566744,74.65201549187336,34.67392399959759,4.846285656688316,43.32857568424227,-0.06839772007599286,0.10197510205116336,0.06220000000001846,0.06999999999999318,0.2699999999999818,0.0,6022.0,6022.0,2021-11-15,2021-11-15 15:30:00,1.0596227945649987,167.0,1.0,best_within_2.0d,6188.0,390.3,0.5832424107187206,4.3760036431226785,32.22527881040892,0.012230020343504162,2.285057100371749,15.890706319702602,0.006381710269403211,0.3740448252709785,3.1277000000000044,29.0,0.007882904453461714,1.8122000000000185,18.0,0.004611195928753227,2.0,0.00402220134195386,1.9444468750000041,16.553125,0.005470102952261012,1.0,1
6021.0,2021-11-15 15:30:00,394.75,394.8122,394.41,394.48,351840.0,2s,"1p,2s",0.0,sell,False,0.8426495301950676,1.8122000000000185,18.0,0.004611195928753227,0.17697897533903006,0.1947687258082076,0.2832582134777226,0.0007189447760278299,60.99470511757971,79.86008970773608,82.46412681566744,74.65201549187336,351840.0,1.8122000000000185,0.0,1.8122000000000185,18.0,0.004611195928753227,1.8122000000000185,0.0,0.0,1.0,1.0,0.17697897533903006,0.2832582134777226,0.1947687258082076,60.99470511757971,79.86008970773608,82.46412681566744,74.65201549187336,34.67392399959759,4.846285656688316,43.32857568424227,-0.06839772007599286,0.10197510205116336,0.06220000000001846,0.06999999999999318,0.2699999999999818,0.0,6022.0,6022.0,2021-11-15,2021-11-15 15:30:00,1.0596227945649987,167.0,1.0,best_within_2.0d,6188.0,390.3,0.5832424107187206,4.3760036431226785,32.22527881040892,0.012230020343504162,2.285057100371749,15.890706319702602,0.006381710269403211,0.3740448252709785,3.1277000000000044,29.0,0.007882904453461714,1.8122000000000185,18.0,0.004611195928753227,2.0,0.00402220134195386,1.9444468750000041,16.553125,0.005470102952261012,1.0,1
6025.0,2021-11-15 15:50:00,394.14,394.23,393.91,394.09,499031.0,2s,2s,1.0,buy,False,0.04724409448817652,4.163492493946733,28.239017640954685,0.011578080659927173,-0.047407997959463266,0.20938471248240864,0.185680713502677,0.0004712176120312795,51.35712750493482,35.401755957586914,52.07009172122849,2.065084430303756,499031.0,0.9021999999999935,1.0,1.9049999999999727,12.0,0.004858516430966915,0.9021999999999935,5.0,0.002285137085429461,1.0,2.5,-0.047407997959463266,0.185680713502677,0.20938471248240864,51.35712750493482,35.401755957586914,52.07009172122849,2.065084430303756,19.438986664437486,15.47594164123639,41.219749498167616,-0.012685847668344083,0.0812368307481387,0.09000000000003183,0.17999999999994998,0.05000000000001137,0.0,6026.0,6026.0,2021-11-15,2021-11-15 15:50:00,1.3854703240376658,333.0,1.0,best_within_2.0d,6358.0,399.55,0.5832424107187206,4.3760036431226785,32.22527881040892,0.012230020343504162,2.285057100371749,15.890706319702602,0.006381710269403211,0.04724409448817652,1.9049999999999727,12.0,0.004858516430966915,0.9021999999999935,5.0,0.002285137085429461,1.0,0.00402220134195386,1.9444468750000041,16.553125,0.005470102952261012,1.0,0
6029.0,2021-11-15 16:10:00,394.66,394.88,394.56,394.84,80614.0,1,1,0.0,sell,False,0.185722290703292,0.9699999999999704,5.0,0.002462491432052932,0.054143457354305036,0.22189274806723808,0.2489644767443906,0.0006315309510712645,64.75641780170943,78.9362668152499,66.55218264095961,103.70443516383045,80614.0,0.9699999999999704,1.0,0.9699999999999704,5.0,0.002462491432052932,0.9699999999999704,5.0,0.002462491432052932,1.0,1.0,0.054143457354305036,0.2489644767443906,0.22189274806723808,64.75641780170943,78.9362668152499,66.55218264095961,103.70443516383045,25.35344420093692,16.982510420696002,36.32065591920828,0.04560887852834084,0.08110300081102828,0.040000000000020464,0.10000000000002274,0.17999999999994998,1.0,6030.0,6030.0,2021-11-15,2021-11-15 16:10:00,1.1498328436835081,159.0,1.0,best_within_2.0d,6188.0,390.3,0.5832424107187206,4.3760036431226785,32.22527881040892,0.012230020343504162,2.285057100371749,15.890706319702602,0.006381710269403211,0.4929364202292669,5.6011759621451125,36.843533123028394,0.015614239272951093,2.82998018927445,22.52492113564669,0.007835530045022196,1.8630914826498424,0.00402220134195386,1.9444468750000041,16.553125,0.005470102952261012,1.0,1
6052.0,2021-11-15 18:05:00,394.78,394.88,394.78,394.86,14355.0,1,1,0.0,sell,False,0.19066950352093906,0.9699999999999704,28.0,0.002462491432052932,-0.03606069356841196,0.10035272086077437,0.0823223740765684,0.0002085994782161574,61.555832236434874,66.08312428806241,52.89312612970853,92.46312060477017,14355.0,0.9699999999999704,1.0,0.9699999999999704,28.0,0.002462491432052932,0.9699999999999704,28.0,0.002462491432052932,1.0,1.0,-0.03606069356841196,0.0823223740765684,0.10035272086077437,61.555832236434874,66.08312428806241,52.89312612970853,92.46312060477017,26.865671641793703,26.86567164178946,27.648647503602508,0.02026445108669156,0.025330563858357247,0.01999999999998181,0.0,0.08000000000004093,1.0,6053.0,6053.0,2021-11-15,2021-11-15 18:05:00,1.1548396900167153,136.0,1.0,best_within_2.0d,6188.0,390.3,0.5832424107187206,4.3760036431226785,32.22527881040892,0.012230020343504162,2.285057100371749,15.890706319702602,0.006381710269403211,0.4929364202292669,5.6011759621451125,36.843533123028394,0.015614239272951093,2.82998018927445,22.52492113564669,0.007835530045022196,1.8630914826498424,0.00402220134195386,1.9444468750000041,16.553125,0.005470102952261012,1.0,1
6067.0,2021-11-15 19:20:00,394.6,394.72,394.46,394.55,4584.0,3a,3a,1.0,buy,False,0.00022847858647908148,4.163492493946733,28.239017640954685,0.011578080659927173,-0.036413450826851365,0.026549930406848797,0.008343204993423115,2.1140220150654164e-05,44.26497766141343,34.88250270461758,42.73768680110631,19.172134511640124,4584.0,0.4200000000000159,2.0,0.4200000000000159,16.0,0.0010636142625608182,0.4200000000000159,16.0,0.0010636142625608182,3.0,3.0,-0.036413450826851365,0.008343204993423115,0.026549930406848797,44.26497766141343,34.88250270461758,42.73768680110631,19.172134511640124,25.17897452434789,27.732989358276654,16.400975519684884,-0.012671059300560408,0.06591289357604009,0.12000000000000455,0.09000000000003183,0.05000000000001137,0.0,6068.0,6068.0,2021-11-15,2021-11-15 19:20:00,1.2672665061462425,291.0,1.0,best_within_2.0d,6358.0,399.55,0.5832424107187206,4.3760036431226785,32.22527881040892,0.012230020343504162,2.285057100371749,15.890706319702602,0.006381710269403211,0.4929364202292669,5.6011759621451125,36.843533123028394,0.015614239272951093,2.82998018927445,22.52492113564669,0.007835530045022196,1.8630914826498424,0.00022847858647908148,0.4200000000000159,16.0,0.0010636142625608182,0.0,0
6069.0,2021-11-15 19:30:00,394.42,394.5,394.39,394.5,10653.0,3a,3a,1.0,buy,False,0.00022847858647908148,4.163492493946733,28.239017640954685,0.011578080659927173,-0.05665345833617404,0.01349180658182673,-0.01483492258626029,-3.759107733576881e-05,41.92224994950867,26.936261364653937,34.405738747297804,11.997306599366198,10653.0,0.4900000000000091,2.0,0.4900000000000091,18.0,0.0012408833063209306,0.4900000000000091,18.0,0.0012408833063209306,3.0,3.0,-0.05665345833617404,-0.01483492258626029,0.01349180658182673,41.92224994950867,26.936261364653937,34.405738747297804,11.997306599366198,26.548792927576375,31.281876912621975,14.994956538268493,0.02028294711221137,0.027891173711304455,0.0,0.03000000000002956,0.07999999999998408,1.0,6070.0,6070.0,2021-11-15,2021-11-15 19:30:00,1.280101394169838,289.0,1.0,best_within_2.0d,6358.0,399.55,0.5832424107187206,4.3760036431226785,32.22527881040892,0.012230020343504162,2.285057100371749,15.890706319702602,0.006381710269403211,0.4929364202292669,5.6011759621451125,36.843533123028394,0.015614239272951093,2.82998018927445,22.52492113564669,0.007835530045022196,1.8630914826498424,0.00022847858647908148,0.4900000000000091,18.0,0.0012408833063209306,1.0,0
6073.0,2021-11-15 19:50:00,390.77,390.82,390.24,390.446,567702.0,1p,1p,1.0,buy,False,1.0742380588285017,1.7199999999999704,7.0,0.0043882028778446025,-0.2168143462129921,-0.045874511699555046,-0.1542816848060511,-0.0003943220015383306,29.678152837451833,14.917745243812295,26.285639864317275,-7.8180439971976625,567702.0,1.7199999999999704,0.0,1.7199999999999704,7.0,0.0043882028778446025,1.7199999999999704,0.0,0.0,1.0,1.0,-0.2168143462129921,-0.1542816848060511,-0.045874511699555046,29.678152837451833,14.917745243812295,26.285639864317275,-7.8180439971976625,13.86734358106467,37.95891505664628,21.032374146323345,-0.08291322261175511,0.14862648626485858,0.05000000000001137,0.20600000000001728,0.32399999999995543,0.0,6074.0,6074.0,2021-11-15,2021-11-15 19:50:00,2.33169247475963,285.0,1.0,best_within_2.0d,6358.0,399.55,0.5832424107187206,4.3760036431226785,32.22527881040892,0.012230020343504162,2.285057100371749,15.890706319702602,0.006381710269403211,0.4929364202292669,5.6011759621451125,36.843533123028394,0.015614239272951093,2.82998018927445,22.52492113564669,0.007835530045022196,1.8630914826498424,0.00402220134195386,1.9444468750000041,16.553125,0.005470102952261012,0.0,0
6074.0,2021-11-15 19:55:00,394.78,394.8,394.72,394.75,14999.0,2,2,0.0,sell,False,0.8367346938775865,4.163492493946733,28.239017640954685,0.011578080659927173,0.008603711000397937,-0.005563813936970206,-0.0012619584367712378,-3.19776462578534e-06,56.20176036906614,66.6047889355919,49.028376217714566,101.75761437134656,14999.0,0.410000000000025,1.0,0.4900000000000091,18.0,0.0012408833063209306,0.410000000000025,6.0,0.001039580111057646,2.0,2.0,0.008603711000397937,-0.0012619584367712378,-0.005563813936970206,56.20176036906614,66.6047889355919,49.028376217714566,101.75761437134656,33.53828954723342,23.60101857028125,13.667787747958963,-0.007599169157498534,0.020267531414669658,0.020000000000038654,0.029999999999972715,0.029999999999972715,0.0,6075.0,6075.0,2021-11-15,2021-11-15 19:55:00,1.1272957568081035,114.0,1.0,best_within_2.0d,6188.0,390.3,0.8367346938775865,0.4900000000000091,18.0,0.0012408833063209306,0.410000000000025,6.0,0.001039580111057646,0.4929364202292669,5.6011759621451125,36.843533123028394,0.015614239272951093,2.82998018927445,22.52492113564669,0.007835530045022196,1.8630914826498424,0.00402220134195386,1.9444468750000041,16.553125,0.005470102952261012,0.0,1
6075.0,2021-11-16 04:00:00,394.2,394.42,394.2,394.37,4983.0,3a,3a,1.0,buy,False,0.00022847858647908148,4.163492493946733,28.239017640954685,0.011578080659927173,-0.026972764350767238,-0.008935409480816111,-0.02242179165619973,-5.68189988406116e-05,39.721878171676096,53.8476370681729,50.63479650120067,60.273318202117366,4983.0,0.6800000000000068,2.0,0.6800000000000068,24.0,0.001722042139384134,0.6800000000000068,24.0,0.001722042139384134,3.0,3.0,-0.026972764350767238,-0.02242179165619973,-0.008935409480816111,39.721878171676096,53.8476370681729,50.63479650120067,60.273318202117366,25.59120420833178,41.70418463580353,14.40177876395011,0.04312531709792388,0.055809233891432594,0.05000000000001137,0.0,0.17000000000001592,1.0,6076.0,6076.0,2021-11-16,2021-11-16 04:00:00,1.3134873342292788,283.0,1.0,best_within_2.0d,6358.0,399.55,0.5832424107187206,4.3760036431226785,32.22527881040892,0.012230020343504162,2.285057100371749,15.890706319702602,0.006381710269403211,0.4929364202292669,5.6011759621451125,36.843533123028394,0.015614239272951093,2.82998018927445,22.52492113564669,0.007835530045022196,1.8630914826498424,0.00022847858647908148,0.6800000000000068,24.0,0.001722042139384134,1.0,0
6088.0,2021-11-16 05:05:00,394.34,394.35,394.17,394.22,35419.0,3a,3a,1.0,buy,False,0.00022847858647908148,4.163492493946733,28.239017640954685,0.011578080659927173,-0.003542233721259197,-0.0793519016738402,-0.08112301853446979,-0.00020567327862661917,38.032041840790804,44.15032428230064,41.27825797519937,49.894456896503186,35419.0,0.7099999999999795,2.0,0.7099999999999795,37.0,0.0017980145867098347,0.7099999999999795,37.0,0.0017980145867098347,3.0,3.0,-0.003542233721259197,-0.08112301853446979,-0.0793519016738402,38.032041840790804,44.15032428230064,41.27825797519937,49.894456896503186,19.04761904761792,54.16666666666611,23.942465560938768,-0.030430592889371534,0.04566557576680286,0.010000000000047748,0.05000000000001137,0.1199999999999477,0.0,6089.0,6089.0,2021-11-16,2021-11-16 05:05:00,1.352036933691843,270.0,1.0,best_within_2.0d,6358.0,399.55,0.5832424107187206,4.3760036431226785,32.22527881040892,0.012230020343504162,2.285057100371749,15.890706319702602,0.006381710269403211,0.4929364202292669,5.6011759621451125,36.843533123028394,0.015614239272951093,2.82998018927445,22.52492113564669,0.007835530045022196,1.8630914826498424,0.00022847858647908148,0.7099999999999795,37.0,0.0017980145867098347,0.0,0
6089.0,2021-11-16 05:10:00,394.19,394.19,393.91,393.93,17449.0,2s,2s,1.0,buy,False,0.04724409448817652,4.163492493946733,28.239017640954685,0.011578080659927173,-0.046252803053048214,-0.08513350205547122,-0.10825990358199533,-0.0002744997244848268,28.607408706283834,30.715600803583918,37.75737225132755,16.63205790809664,17449.0,0.9699999999999704,1.0,1.9049999999999727,12.0,0.004858516430966915,0.9699999999999704,38.0,0.0024564424635331503,2.0,2.5,-0.046252803053048214,-0.10825990358199533,-0.08513350205547122,28.607408706283834,30.715600803583918,37.75737225132755,16.63205790809664,22.222222222220907,45.138888888885596,24.6623336320646,-0.06595804053882415,0.07108222690461595,0.0,0.01999999999998181,0.2599999999999909,0.0,6090.0,6090.0,2021-11-16,2021-11-16 05:10:00,1.4266494047165752,269.0,1.0,best_within_2.0d,6358.0,399.55,0.5832424107187206,4.3760036431226785,32.22527881040892,0.012230020343504162,2.285057100371749,15.890706319702602,0.006381710269403211,0.04724409448817652,1.9049999999999727,12.0,0.004858516430966915,0.9699999999999704,38.0,0.0024564424635331503,2.0,0.00402220134195386,1.9444468750000041,16.553125,0.005470102952261012,0.0,0
6090.0,2021-11-16 05:15:00,393.95,393.96,393.75,393.76,11083.0,2s,2s,1.0,buy,False,0.13123359580052682,4.163492493946733,28.239017640954685,0.011578080659927173,-0.09074402602641188,-0.0964765053087727,-0.14184851832197864,-0.00035970830038560434,24.737457575508998,20.9672632808202,32.16066926115843,-1.4195486798562627,11083.0,1.1299999999999955,1.0,1.9049999999999727,12.0,0.004858516430966915,1.1299999999999955,39.0,0.002861628849270653,2.0,2.5,-0.09074402602641188,-0.14184851832197864,-0.0964765053087727,24.737457575508998,20.9672632808202,32.16066926115843,-1.4195486798562627,20.779220779220058,52.597402597402045,25.998083505374844,-0.04822947074501783,0.05333333333332813,0.009999999999990905,0.009999999999990905,0.18999999999999773,0.0,6091.0,6091.0,2021-11-16,2021-11-16 05:15:00,1.4704388459975672,268.0,1.0,best_within_2.0d,6358.0,399.55,0.5832424107187206,4.3760036431226785,32.22527881040892,0.012230020343504162,2.285057100371749,15.890706319702602,0.006381710269403211,0.13123359580052682,1.9049999999999727,12.0,0.004858516430966915,1.1299999999999955,39.0,0.002861628849270653,2.0,0.00402220134195386,1.9444468750000041,16.553125,0.005470102952261012,0.0,0
6092.0,2021-11-16 05:25:00,393.78,393.83,393.72,393.83,2650.0,2s,2s,1.0,buy,False,0.1469816272965757,4.163492493946733,28.239017640954685,0.011578080659927173,-0.10357104081365706,-0.12232035067990928,-0.1741058710867378,-0.0004415904868962576,28.99676417699648,17.09748201415572,23.97051237589942,3.35142129066832,2650.0,1.1599999999999682,1.0,1.9049999999999727,12.0,0.004858516430966915,1.1599999999999682,41.0,0.0029376012965963536,2.0,2.5,-0.10357104081365706,-0.1741058710867378,-0.12232035067990928,28.99676417699648,17.09748201415572,23.97051237589942,3.35142129066832,13.924050632913259,52.531645569619776,30.365661428144495,0.012697445274013756,0.027938636594523215,0.0,0.05999999999994543,0.05000000000001137,1.0,6093.0,6093.0,2021-11-16,2021-11-16 05:25:00,1.4524033212299792,266.0,1.0,best_within_2.0d,6358.0,399.55,0.5832424107187206,4.3760036431226785,32.22527881040892,0.012230020343504162,2.285057100371749,15.890706319702602,0.006381710269403211,0.1469816272965757,1.9049999999999727,12.0,0.004858516430966915,1.1599999999999682,41.0,0.0029376012965963536,2.0,0.00402220134195386,1.9444468750000041,16.553125,0.005470102952261012,1.0,0
6093.0,2021-11-16 05:30:00,392.3,392.31,392.19,392.19,15944.0,1p,1p,0.0,sell,False,0.7019010533602654,2.069999999999993,53.0,0.005304428044280426,0.09828076269472852,0.23784436519949953,0.2869847465468638,0.0007327832213009527,79.29014888814211,86.32132038035652,87.60184334558457,83.76027444990046,15944.0,2.069999999999993,0.0,2.069999999999993,53.0,0.005304428044280426,2.069999999999993,0.0,0.0,1.0,1.0,0.09828076269472852,0.2869847465468638,0.23784436519949953,79.29014888814211,86.32132038035652,87.60184334558457,83.76027444990046,70.52023121387269,2.890173410405346,68.73703674155512,-0.028039765485601234,0.03059741451847435,0.009999999999990905,0.0,0.11000000000001364,0.0,6094.0,6094.0,2021-11-16,2021-11-16 05:30:00,0.3853908782317937,95.0,1.0,best_within_2.0d,6188.0,390.3,0.5832424107187206,4.3760036431226785,32.22527881040892,0.012230020343504162,2.285057100371749,15.890706319702602,0.006381710269403211,0.4929364202292669,5.6011759621451125,36.843533123028394,0.015614239272951093,2.82998018927445,22.52492113564669,0.007835530045022196,1.8630914826498424,0.00402220134195386,1.9444468750000041,16.553125,0.005470102952261012,0.0,1
6093.0,2021-11-16 05:30:00,391.63,391.81,391.63,391.81,2432.0,2,2,0.0,sell,False,0.6183206106870236,4.163492493946733,28.239017640954685,0.011578080659927173,0.09437820375007648,0.003051646512825949,0.05024074838786419,0.0001283475691460666,64.73658527728344,73.27931499084346,62.09026588068907,95.65741321115225,2432.0,0.8100000000000023,1.0,1.3100000000000023,10.0,0.003339196043944845,0.8100000000000023,26.0,0.0020716112531969366,2.0,2.0,0.09437820375007648,0.05024074838786419,0.003051646512825949,64.73658527728344,73.27931499084346,62.09026588068907,95.65741321115225,45.94594594594354,18.918918918916845,35.067545762490155,0.045961749610603585,0.045961749610603585,0.0,0.0,0.18000000000000682,1.0,6094.0,6094.0,2021-11-16,2021-11-16 05:30:00,0.3853908782317937,95.0,1.0,best_within_2.0d,6188.0,390.3,0.6183206106870236,1.3100000000000023,10.0,0.003339196043944845,0.8100000000000023,26.0,0.0020716112531969366,0.4929364202292669,5.6011759621451125,36.843533123028394,0.015614239272951093,2.82998018927445,22.52492113564669,0.007835530045022196,1.8630914826498424,0.00402220134195386,1.9444468750000041,16.553125,0.005470102952261012,0.0,1
6101.0,2021-11-16 06:15:00,394.09,394.26,394.09,394.23,7425.0,2,2,0.0,sell,False,0.46551724137929174,4.163492493946733,28.239017640954685,0.011578080659927173,0.06389676864525062,-0.12959579013767825,-0.09764740581505293,-0.00024774501033772846,53.53779076587686,73.93120087985105,61.00649865792874,99.78060532369567,7425.0,0.5399999999999636,1.0,1.1599999999999682,41.0,0.0029376012965963536,0.5399999999999636,10.0,0.0013715330691861313,2.0,2.0,0.06389676864525062,-0.09764740581505293,-0.12959579013767825,53.53779076587686,73.93120087985105,61.00649865792874,99.78060532369567,25.12820512820574,36.923076923072706,34.202061940423704,0.035524880103540615,0.043137354411432904,0.029999999999972715,0.0,0.1400000000000432,1.0,6102.0,6102.0,2021-11-16,2021-11-16 06:15:00,0.9968799939121851,87.0,1.0,best_within_2.0d,6188.0,390.3,0.46551724137929174,1.1599999999999682,41.0,0.0029376012965963536,0.5399999999999636,10.0,0.0013715330691861313,0.4929364202292669,5.6011759621451125,36.843533123028394,0.015614239272951093,2.82998018927445,22.52492113564669,0.007835530045022196,1.8630914826498424,0.00402220134195386,1.9444468750000041,16.553125,0.005470102952261012,0.0,1
6102.0,2021-11-16 06:20:00,394.25,394.29,394.25,394.27,3593.0,2,2,0.0,sell,False,0.4913793103448352,4.163492493946733,28.239017640954685,0.011578080659927173,0.09113453655828635,-0.11820397306789246,-0.07263670478874928,-0.00018428505694052498,55.163874707629304,81.03349899926276,67.6821654383734,107.73616612104149,3593.0,0.5699999999999932,1.0,1.1599999999999682,41.0,0.0029376012965963536,0.5699999999999932,11.0,0.0014477293508076631,2.0,2.0,0.09113453655828635,-0.07263670478874928,-0.11820397306789246,55.163874707629304,81.03349899926276,67.6821654383734,107.73616612104149,28.88888888889085,34.44444444444132,32.38562393214726,0.005072923272030897,0.010145846544076211,0.020000000000038654,0.0,0.01999999999998181,1.0,6103.0,6103.0,2021-11-16,2021-11-16 06:20:00,1.0069241890075253,86.0,1.0,best_within_2.0d,6188.0,390.3,0.4913793103448352,1.1599999999999682,41.0,0.0029376012965963536,0.5699999999999932,11.0,0.0014477293508076631,0.4929364202292669,5.6011759621451125,36.843533123028394,0.015614239272951093,2.82998018927445,22.52492113564669,0.007835530045022196,1.8630914826498424,0.00402220134195386,1.9444468750000041,16.553125,0.005470102952261012,0.0,1
6103.0,2021-11-16 06:25:00,394.3,394.51,394.3,394.51,7527.0,2,2,0.0,sell,False,0.681034482758608,4.163492493946733,28.239017640954685,0.011578080659927173,0.13621698355486864,-0.10117685012353388,-0.03306835834609956,-8.389142530105666e-05,63.433136621858196,87.3556659995085,74.23999895875177,113.58700008102196,7527.0,0.7899999999999636,1.0,1.1599999999999682,41.0,0.0029376012965963536,0.7899999999999636,12.0,0.0020065020826982717,2.0,2.0,0.13621698355486864,-0.03306835834609956,-0.10117685012353388,63.433136621858196,87.3556659995085,74.23999895875177,113.58700008102196,42.774566473988514,20.809248554910578,32.53989754738391,0.05325893989347693,0.05325893989347693,0.0,0.0,0.20999999999997954,1.0,6104.0,6104.0,2021-11-16,2021-11-16 06:25:00,1.0671465869052699,85.0,1.0,best_within_2.0d,6188.0,390.3,0.681034482758608,1.1599999999999682,41.0,0.0029376012965963536,0.7899999999999636,12.0,0.0020065020826982717,0.4929364202292669,5.6011759621451125,36.843533123028394,0.015614239272951093,2.82998018927445,22.52492113564669,0.007835530045022196,1.8630914826498424,0.00402220134195386,1.9444468750000041,16.553125,0.005470102952261012,0.0,1
6104.0,2021-11-16 06:30:00,394.49,394.78,394.49,394.78,23261.0,2,2,0.0,sell,False,0.9137931034482539,4.163492493946733,28.239017640954685,0.011578080659927173,0.19363942709534984,-0.07697192173661514,0.01984779181105978,5.034637478180249e-05,70.1116251049853,91.57044399967234,80.01681397239196,114.67770405423312,23261.0,1.0599999999999454,1.0,1.1599999999999682,41.0,0.0029376012965963536,1.0599999999999454,13.0,0.0026922686172913372,2.0,2.0,0.19363942709534984,0.01984779181105978,-0.07697192173661514,70.1116251049853,91.57044399967234,80.01681397239196,114.67770405423312,55.801104972375114,11.049723756902296,34.997201205452185,0.07351263656872509,0.07351263656872509,0.0,0.0,0.2899999999999636,1.0,6105.0,6105.0,2021-11-16,2021-11-16 06:30:00,1.134809260854137,84.0,1.0,best_within_2.0d,6188.0,390.3,0.9137931034482539,1.1599999999999682,41.0,0.0029376012965963536,1.0599999999999454,13.0,0.0026922686172913372,0.4929364202292669,5.6011759621451125,36.843533123028394,0.015614239272951093,2.82998018927445,22.52492113564669,0.007835530045022196,1.8630914826498424,0.00402220134195386,1.9444468750000041,16.553125,0.005470102952261012,0.0,1
6105.0,2021-11-16 06:35:00,394.79,394.79,394.68,394.71,16979.0,2,2,0.0,sell,False,0.9224137931034677,4.163492493946733,28.239017640954685,0.011578080659927173,0.21194880720775122,-0.05047832083564624,0.05549608276822937,0.00014075983511961093,66.70989622936952,91.34999296947696,83.79454030475362,106.46089829892364,16979.0,1.0699999999999932,1.0,1.1599999999999682,41.0,0.0029376012965963536,1.0699999999999932,14.0,0.002717667377831944,2.0,2.0,0.21194880720775122,0.05549608276822937,-0.05047832083564624,66.70989622936952,91.34999296947696,83.79454030475362,106.46089829892364,58.285714285716494,11.428571428567531,37.29833788749909,-0.02026393778972135,0.027870680044596547,0.0,0.029999999999972715,0.08000000000004093,0.0,6106.0,6106.0,2021-11-16,2021-11-16 06:35:00,1.1172759747662762,83.0,1.0,best_within_2.0d,6188.0,390.3,0.9224137931034677,1.1599999999999682,41.0,0.0029376012965963536,1.0699999999999932,14.0,0.002717667377831944,0.4929364202292669,5.6011759621451125,36.843533123028394,0.015614239272951093,2.82998018927445,22.52492113564669,0.007835530045022196,1.8630914826498424,0.00402220134195386,1.9444468750000041,16.553125,0.005470102952261012,0.0,1
6107.0,2021-11-16 06:45:00,394.8,394.91,394.8,394.83,9177.0,1,1,0.0,sell,False,0.7473786749646759,1.1899999999999977,16.0,0.0030224525043177834,0.2178826529773621,0.003251775086861136,0.11219310157554219,0.0002845135487156334,69.39066921444197,91.21615849148253,87.83056801865708,97.98733943713344,9177.0,1.1899999999999977,1.0,1.1899999999999977,16.0,0.0030224525043177834,1.1899999999999977,16.0,0.0030224525043177834,1.0,1.0,0.2178826529773621,0.11219310157554219,0.003251775086861136,69.39066921444197,91.21615849148253,87.83056801865708,97.98733943713344,62.08791208791325,8.241758241756767,42.56102433497002,0.007598784194521964,0.027862208713275997,0.08000000000004093,0.0,0.029999999999972715,1.0,6108.0,6108.0,2021-11-16,2021-11-16 06:45:00,1.1473292303016418,81.0,1.0,best_within_2.0d,6188.0,390.3,0.5832424107187206,4.3760036431226785,32.22527881040892,0.012230020343504162,2.285057100371749,15.890706319702602,0.006381710269403211,0.4929364202292669,5.6011759621451125,36.843533123028394,0.015614239272951093,2.82998018927445,22.52492113564669,0.007835530045022196,1.8630914826498424,0.00402220134195386,1.9444468750000041,16.553125,0.005470102952261012,0.0,1
6109.0,2021-11-16 06:55:00,394.85,394.98,394.84,394.91,27851.0,1,1,0.0,sell,False,0.7473786749646768,1.259999999999991,18.0,0.0032002438281011655,0.2009837129683068,0.054000934900956345,0.15449279138510974,0.0003917089048301915,70.20241520178622,90.75325915884312,89.30077728522352,93.65822290608236,27851.0,1.259999999999991,1.0,1.259999999999991,18.0,0.0032002438281011655,1.259999999999991,18.0,0.0032002438281011655,1.0,1.0,0.2009837129683068,0.15449279138510974,0.054000934900956345,70.20241520178622,90.75325915884312,89.30077728522352,93.65822290608236,64.83516483516858,8.791208791207076,47.04221108309849,0.01519564391541149,0.03545740046602249,0.06999999999999318,0.010000000000047748,0.060000000000002274,1.0,6110.0,6110.0,2021-11-16,2021-11-16 06:55:00,1.1673545871211195,79.0,1.0,best_within_2.0d,6188.0,390.3,0.5832424107187206,4.3760036431226785,32.22527881040892,0.012230020343504162,2.285057100371749,15.890706319702602,0.006381710269403211,0.4929364202292669,5.6011759621451125,36.843533123028394,0.015614239272951093,2.82998018927445,22.52492113564669,0.007835530045022196,1.8630914826498424,0.00402220134195386,1.9444468750000041,16.553125,0.005470102952261012,0.0,1
6110.0,2021-11-16 07:00:00,394.9,395.0,394.78,394.8,66456.0,1,1,0.0,sell,False,0.7473786749646403,1.2799999999999727,19.0,0.0032510413491820904,0.17289996975259592,0.07561343112003083,0.16206341599632879,0.00041087353749731485,64.5386513121178,84.94661721700703,87.84939059581802,79.14107045938505,66456.0,1.2799999999999727,1.0,1.2799999999999727,19.0,0.0032510413491820904,1.2799999999999727,19.0,0.0032510413491820904,1.0,1.0,0.17289996975259592,0.16206341599632879,0.07561343112003083,64.5386513121178,84.94661721700703,87.84939059581802,79.14107045938505,58.79396984924961,11.055276381908012,48.5638619872352,-0.025322866548484653,0.05572724048838019,0.10000000000002274,0.020000000000038654,0.0999999999999659,0.0,6111.0,6111.0,2021-11-16,2021-11-16 07:00:00,1.1398176291793314,78.0,1.0,best_within_2.0d,6188.0,390.3,0.5832424107187206,4.3760036431226785,32.22527881040892,0.012230020343504162,2.285057100371749,15.890706319702602,0.006381710269403211,0.4929364202292669,5.6011759621451125,36.843533123028394,0.015614239272951093,2.82998018927445,22.52492113564669,0.007835530045022196,1.8630914826498424,0.00402220134195386,1.9444468750000041,16.553125,0.005470102952261012,1.0,1
6115.0,2021-11-16 07:25:00,394.72,394.72,394.61,394.63,6200.0,3a,3a,1.0,buy,False,0.00022847858647908148,4.163492493946733,28.239017640954685,0.011578080659927173,0.02133277842331771,0.13307308819533692,0.14373947740699577,0.00036432237799040063,54.23986551402673,35.130459162191826,57.4500097890422,-9.508642091508918,6200.0,0.38999999999998636,2.0,0.38999999999998636,6.0,0.0009873417721518642,0.38999999999998636,6.0,0.0009873417721518642,3.0,3.0,0.02133277842331771,0.14373947740699577,0.13307308819533692,54.23986551402673,35.130459162191826,57.4500097890422,-9.508642091508918,46.889952153115644,12.918660287080272,54.863894474944026,-0.022800972841515967,0.02787562403385967,0.0,0.01999999999998181,0.09000000000003183,0.0,6116.0,6116.0,2021-11-16,2021-11-16 07:25:00,1.2467374502698771,243.0,1.0,best_within_2.0d,6358.0,399.55,0.5832424107187206,4.3760036431226785,32.22527881040892,0.012230020343504162,2.285057100371749,15.890706319702602,0.006381710269403211,0.4929364202292669,5.6011759621451125,36.843533123028394,0.015614239272951093,2.82998018927445,22.52492113564669,0.007835530045022196,1.8630914826498424,0.00022847858647908148,0.38999999999998636,6.0,0.0009873417721518642,0.0,0
6116.0,2021-11-16 07:30:00,394.64,394.74,394.58,394.69,16178.0,3a,3a,1.0,buy,False,0.00022847858647908148,4.163492493946733,28.239017640954685,0.011578080659927173,0.0009253505378777893,0.13318875701257166,0.13365143228151055,0.000338743610318918,56.52440326812717,32.15046483828736,49.01682813879058,-1.582261762719071,16178.0,0.4200000000000159,2.0,0.4200000000000159,7.0,0.0010632911392405467,0.4200000000000159,7.0,0.0010632911392405467,3.0,3.0,0.0009253505378777893,0.13365143228151055,0.13318875701257166,56.52440326812717,32.15046483828736,49.01682813879058,-1.582261762719071,43.37899543379354,13.698630136986479,54.65933058387677,0.01266977498479915,0.04054944497947818,0.05000000000001137,0.060000000000002274,0.05000000000001137,1.0,6117.0,6117.0,2021-11-16,2021-11-16 07:30:00,1.2313461197395459,242.0,1.0,best_within_2.0d,6358.0,399.55,0.5832424107187206,4.3760036431226785,32.22527881040892,0.012230020343504162,2.285057100371749,15.890706319702602,0.006381710269403211,0.4929364202292669,5.6011759621451125,36.843533123028394,0.015614239272951093,2.82998018927445,22.52492113564669,0.007835530045022196,1.8630914826498424,0.00022847858647908148,0.4200000000000159,7.0,0.0010632911392405467,0.0,0
6119.0,2021-11-16 07:45:00,394.65,394.65,394.51,394.52,5631.0,3a,3a,1.0,buy,False,0.00022847858647908148,4.163492493946733,28.239017640954685,0.011578080659927173,-0.05574623671988527,0.12200855718482093,0.09413543882487829,0.00023857866312400005,48.13011675203528,20.127244546826766,32.75672264883461,-5.131711657188923,5631.0,0.4900000000000091,2.0,0.4900000000000091,10.0,0.001240506329113947,0.4900000000000091,10.0,0.001240506329113947,3.0,3.0,-0.05574623671988527,0.09413543882487829,0.12200855718482093,48.13011675203528,20.127244546826766,32.75672264883461,-5.131711657188923,24.479166666669396,22.395833333332178,48.18258025135504,-0.0329405802609896,0.03548705989708407,0.0,0.009999999999990905,0.12999999999999545,0.0,6120.0,6120.0,2021-11-16,2021-11-16 07:45:00,1.2749670485653528,239.0,1.0,best_within_2.0d,6358.0,399.55,0.5832424107187206,4.3760036431226785,32.22527881040892,0.012230020343504162,2.285057100371749,15.890706319702602,0.006381710269403211,0.4929364202292669,5.6011759621451125,36.843533123028394,0.015614239272951093,2.82998018927445,22.52492113564669,0.007835530045022196,1.8630914826498424,0.00022847858647908148,0.4900000000000091,10.0,0.001240506329113947,0.0,0
6120.0,2021-11-16 07:50:00,394.52,394.52,394.35,394.44,27669.0,3a,3a,1.0,buy,False,0.00022847858647908148,4.163492493946733,28.239017640954685,0.011578080659927173,-0.08407020008882121,0.11149978217371828,0.06946468212930768,0.00017605684514504066,44.95459111798734,18.256872708635818,27.92343933543501,-1.0762605449625653,27669.0,0.6499999999999773,2.0,0.6499999999999773,11.0,0.001645569620253107,0.6499999999999773,11.0,0.001645569620253107,3.0,3.0,-0.08407020008882121,0.06946468212930768,0.11149978217371828,44.95459111798734,18.256872708635818,27.92343933543501,-1.0762605449625653,23.15270935960907,27.58620689654786,45.365100524662274,-0.02027780594139311,0.04310891340179005,0.0,0.08999999999997499,0.07999999999998408,0.0,6121.0,6121.0,2021-11-16,2021-11-16 07:50:00,1.295507555014708,238.0,1.0,best_within_2.0d,6358.0,399.55,0.5832424107187206,4.3760036431226785,32.22527881040892,0.012230020343504162,2.285057100371749,15.890706319702602,0.006381710269403211,0.4929364202292669,5.6011759621451125,36.843533123028394,0.015614239272951093,2.82998018927445,22.52492113564669,0.007835530045022196,1.8630914826498424,0.00022847858647908148,0.6499999999999773,11.0,0.001645569620253107,1.0,0
6128.0,2021-11-16 08:30:00,394.8,394.8,394.3,394.51,55707.0,3a,3a,1.0,buy,False,0.00022847858647908148,4.163492493946733,28.239017640954685,0.011578080659927173,-0.06409353656998609,0.06292913172085764,0.03088236343586459,7.826347350390189e-05,45.982671034671846,70.42520658441009,67.9299876184244,75.41564451638146,55707.0,0.6999999999999886,2.0,0.6999999999999886,19.0,0.0017721518987341485,0.6999999999999886,19.0,0.0017721518987341485,3.0,3.0,-0.06409353656998609,0.03088236343586459,0.06292913172085764,45.982671034671846,70.42520658441009,67.9299876184244,75.41564451638146,4.972795881356948,42.1108055929313,55.122347732790004,-0.07345491388045099,0.12680699974638598,0.0,0.20999999999997954,0.29000000000002046,0.0,6129.0,6129.0,2021-11-16,2021-11-16 08:30:00,1.277534156295156,230.0,1.0,best_within_2.0d,6358.0,399.55,0.5832424107187206,4.3760036431226785,32.22527881040892,0.012230020343504162,2.285057100371749,15.890706319702602,0.006381710269403211,0.4929364202292669,5.6011759621451125,36.843533123028394,0.015614239272951093,2.82998018927445,22.52492113564669,0.007835530045022196,1.8630914826498424,0.00022847858647908148,0.6999999999999886,19.0,0.0017721518987341485,0.0,0
6131.0,2021-11-16 08:45:00,394.48,394.53,394.04,394.42,81714.0,3a,3a,1.0,buy,False,0.00022847858647908148,4.163492493946733,28.239017640954685,0.011578080659927173,-0.06326626012495473,0.05020311344715711,0.018569983384679745,4.705999714057305e-05,44.89787016594444,55.85722636802426,65.11458639363568,37.342506316801405,81714.0,0.9599999999999795,2.0,0.9599999999999795,22.0,0.002430379746835391,0.9599999999999795,22.0,0.002430379746835391,3.0,3.0,-0.06326626012495473,0.018569983384679745,0.05020311344715711,44.89787016594444,55.85722636802426,65.11458639363568,37.342506316801405,12.026217153396114,35.65973822933974,52.657456276875635,-0.015209896572703881,0.12435285757789874,0.049999999999954525,0.37999999999999545,0.060000000000002274,0.0,6132.0,6132.0,2021-11-16,2021-11-16 08:45:00,1.3006439835708117,227.0,1.0,best_within_2.0d,6358.0,399.55,0.5832424107187206,4.3760036431226785,32.22527881040892,0.012230020343504162,2.285057100371749,15.890706319702602,0.006381710269403211,0.4929364202292669,5.6011759621451125,36.843533123028394,0.015614239272951093,2.82998018927445,22.52492113564669,0.007835530045022196,1.8630914826498424,0.00022847858647908148,0.9599999999999795,22.0,0.002430379746835391,0.0,0
6134.0,2021-11-16 09:00:00,394.16,394.24,394.02,394.13,44672.0,3a,3a,1.0,buy,False,0.00022847858647908148,4.163492493946733,28.239017640954685,0.011578080659927173,-0.13770727012443593,0.009415734440089123,-0.059437900622128836,-0.0001506554658423339,38.22453493147572,27.3490330341495,43.688334981187126,-5.329570859925752,44672.0,0.9800000000000182,2.0,0.9800000000000182,25.0,0.002481012658227894,0.9800000000000182,25.0,0.002481012658227894,3.0,3.0,-0.13770727012443593,-0.059437900622128836,0.009415734440089123,38.22453493147572,27.3490330341495,43.688334981187126,-5.329570859925752,11.091774875219366,34.40553823793777,52.336197805138504,-0.007611122386855479,0.0558347292015703,0.07999999999998408,0.11000000000001364,0.03000000000002956,0.0,6135.0,6135.0,2021-11-16,2021-11-16 09:00:00,1.3751807779159202,224.0,1.0,best_within_2.0d,6358.0,399.55,0.5832424107187206,4.3760036431226785,32.22527881040892,0.012230020343504162,2.285057100371749,15.890706319702602,0.006381710269403211,0.4929364202292669,5.6011759621451125,36.843533123028394,0.015614239272951093,2.82998018927445,22.52492113564669,0.007835530045022196,1.8630914826498424,0.00022847858647908148,0.9800000000000182,25.0,0.002481012658227894,0.0,0
6136.0,2021-11-16 09:10:00,394.12,394.23,393.74,393.75,26883.0,2s,2s,1.0,buy,False,0.1364829396325431,4.163492493946733,28.239017640954685,0.011578080659927173,-0.1925364879935742,-0.03295215249530018,-0.12922039649208727,-0.00032760166144417977,30.787806667116413,14.400878006981449,28.943051891893386,-14.683469762842428,26883.0,1.259999999999991,1.0,1.9049999999999727,12.0,0.004858516430966915,1.259999999999991,27.0,0.003189873417721496,3.0,2.5,-0.1925364879935742,-0.12922039649208727,-0.03295215249530018,30.787806667116413,14.400878006981449,28.943051891893386,-14.683469762842428,12.081888354402718,33.99709139724844,52.094019360428646,-0.09388003653709645,0.12444760501854246,0.11000000000001364,0.009999999999990905,0.37000000000000455,0.0,6137.0,6137.0,2021-11-16,2021-11-16 09:10:00,1.4730158730158758,222.0,1.0,best_within_2.0d,6358.0,399.55,0.5832424107187206,4.3760036431226785,32.22527881040892,0.012230020343504162,2.285057100371749,15.890706319702602,0.006381710269403211,0.1364829396325431,1.9049999999999727,12.0,0.004858516430966915,1.259999999999991,27.0,0.003189873417721496,3.0,0.00402220134195386,1.9444468750000041,16.553125,0.005470102952261012,0.0,0
6137.0,2021-11-16 09:15:00,393.7,393.84,393.55,393.8,42511.0,2s,2s,1.0,buy,False,0.2362204724409423,4.163492493946733,28.239017640954685,0.011578080659927173,-0.20437411920681484,-0.058498917396152025,-0.16068597699955944,-0.000407422962448487,32.64491986669772,14.560902798305072,24.14900219403061,-4.615295993146006,42511.0,1.4499999999999886,1.0,1.9049999999999727,12.0,0.004858516430966915,1.4499999999999886,28.0,0.0036708860759493383,3.0,2.5,-0.20437411920681484,-0.16068597699955944,-0.058498917396152025,32.64491986669772,14.560902798305072,24.14900219403061,-4.615295993146006,11.636677082211616,36.83870272599982,52.08654161771478,0.025400050800107377,0.07368822258924243,0.03999999999996362,0.14999999999997726,0.10000000000002274,1.0,6138.0,6138.0,2021-11-16,2021-11-16 09:15:00,1.4601320467242254,221.0,1.0,best_within_2.0d,6358.0,399.55,0.5832424107187206,4.3760036431226785,32.22527881040892,0.012230020343504162,2.285057100371749,15.890706319702602,0.006381710269403211,0.2362204724409423,1.9049999999999727,12.0,0.004858516430966915,1.4499999999999886,28.0,0.0036708860759493383,3.0,0.00402220134195386,1.9444468750000041,16.553125,0.005470102952261012,1.0,0
6142.0,2021-11-16 09:40:00,395.86,396.19,395.5,395.9,634491.0,1,1,0.0,sell,False,1.1601580755720273,2.6399999999999864,6.0,0.006708169228814601,0.3382198714598547,-0.0365390149760921,0.13257092075383525,0.00033597862735645917,72.213558196796,70.26984182715233,50.43460395324596,109.94031757496508,634491.0,2.6399999999999864,1.0,2.6399999999999864,6.0,0.006708169228814601,2.6399999999999864,6.0,0.006708169228814601,1.0,1.0,0.3382198714598547,0.13257092075383525,-0.0365390149760921,72.213558196796,70.26984182715233,50.43460395324596,109.94031757496508,40.196825836856725,19.398433709889996,45.191600200731706,0.010104582428121968,0.1744627054361562,0.29000000000002046,0.36000000000001364,0.03999999999996362,1.0,6143.0,6143.0,2021-11-16,2021-11-16 09:40:00,1.4144986107602846,46.0,1.0,best_within_2.0d,6188.0,390.3,0.5832424107187206,4.3760036431226785,32.22527881040892,0.012230020343504162,2.285057100371749,15.890706319702602,0.006381710269403211,0.4929364202292669,5.6011759621451125,36.843533123028394,0.015614239272951093,2.82998018927445,22.52492113564669,0.007835530045022196,1.8630914826498424,0.00402220134195386,1.9444468750000041,16.553125,0.005470102952261012,1.0,1
6149.0,2021-11-16 10:15:00,396.07,396.38,395.77,395.77,453934.0,1,1,0.0,sell,False,1.284032238499313,2.829999999999984,13.0,0.00719095413543383,0.264670486041379,0.2506407377039765,0.382975980724666,0.0009693747763045544,60.67662984710066,77.62136399134361,78.02907739111316,76.8059371918045,453934.0,2.829999999999984,1.0,2.829999999999984,13.0,0.00719095413543383,2.829999999999984,13.0,0.00719095413543383,1.0,1.0,0.264670486041379,0.382975980724666,0.2506407377039765,60.67662984710066,77.62136399134361,78.02907739111316,76.8059371918045,40.66634002939831,13.106320431161222,41.90416929564566,-0.07574418663367874,0.1541299239457295,0.3100000000000023,0.0,0.30000000000001137,0.0,6150.0,6150.0,2021-11-16,2021-11-16 10:15:00,1.382115875382159,39.0,1.0,best_within_2.0d,6188.0,390.3,0.5832424107187206,4.3760036431226785,32.22527881040892,0.012230020343504162,2.285057100371749,15.890706319702602,0.006381710269403211,0.4929364202292669,5.6011759621451125,36.843533123028394,0.015614239272951093,2.82998018927445,22.52492113564669,0.007835530045022196,1.8630914826498424,0.00402220134195386,1.9444468750000041,16.553125,0.005470102952261012,1.0,1
6160.0,2021-11-16 11:10:00,396.22,396.935,396.22,396.915,378395.0,1,1,0.0,sell,False,1.2840322384958842,3.384999999999991,24.0,0.00860119425740056,0.1904693611553513,0.2850045985014162,0.38023927907909183,0.0009614056251280444,70.06877228244844,83.41323664374467,67.86305740914369,114.51359511294663,378395.0,3.384999999999991,1.0,3.384999999999991,24.0,0.00860119425740056,3.384999999999991,24.0,0.00860119425740056,1.0,1.0,0.1904693611553513,0.38023927907909183,0.2850045985014162,70.06877228244844,83.41323664374467,67.86305740914369,114.51359511294663,30.558513353852383,14.997739107603673,32.901341333408006,0.17540760183736134,0.18045530260965498,0.01999999999998181,0.0,0.6949999999999932,1.0,6161.0,6161.0,2021-11-16,2021-11-16 11:10:00,1.6666036808888576,28.0,1.0,best_within_2.0d,6188.0,390.3,0.5832424107187206,4.3760036431226785,32.22527881040892,0.012230020343504162,2.285057100371749,15.890706319702602,0.006381710269403211,0.4929364202292669,5.6011759621451125,36.843533123028394,0.015614239272951093,2.82998018927445,22.52492113564669,0.007835530045022196,1.8630914826498424,0.00402220134195386,1.9444468750000041,16.553125,0.005470102952261012,0.0,1
6161.0,2021-11-16 11:15:00,396.94,397.37,396.92,397.26,470403.0,1,1,0.0,sell,False,1.284032238490656,3.819999999999993,25.0,0.009706517596239342,0.2829709853350324,0.32037597166829523,0.46186146433581143,0.0011673969633988906,72.70875597774206,87.27412634284984,74.33341372037907,113.15555158779136,470403.0,3.819999999999993,1.0,3.819999999999993,25.0,0.009706517596239342,3.819999999999993,25.0,0.009706517596239342,1.0,1.0,0.2829709853350324,0.46186146433581143,0.32037597166829523,72.70875597774206,87.27412634284984,74.33341372037907,113.15555158779136,36.49472606702681,15.253608675656633,33.48317111792259,0.08061671789187111,0.11337297188350011,0.11000000000001364,0.01999999999998181,0.3199999999999932,1.0,6162.0,6162.0,2021-11-16,2021-11-16 11:15:00,1.7520012082766903,27.0,1.0,best_within_2.0d,6188.0,390.3,0.5832424107187206,4.3760036431226785,32.22527881040892,0.012230020343504162,2.285057100371749,15.890706319702602,0.006381710269403211,0.4929364202292669,5.6011759621451125,36.843533123028394,0.015614239272951093,2.82998018927445,22.52492113564669,0.007835530045022196,1.8630914826498424,0.00402220134195386,1.9444468750000041,16.553125,0.005470102952261012,0.0,1
6162.0,2021-11-16 11:20:00,397.25,397.53,397.205,397.24,307219.0,1,1,0.0,sell,False,1.2840322384922027,3.9799999999999613,26.0,0.010113073307076512,0.31772108496668816,0.36009110728913124,0.5189516497724753,0.0013113032191460826,72.31058083214421,87.41691254394878,78.69457999490231,104.86157764204171,307219.0,3.9799999999999613,1.0,3.9799999999999613,26.0,0.010113073307076512,3.9799999999999613,26.0,0.010113073307076512,1.0,1.0,0.31772108496668816,0.5189516497724753,0.36009110728913124,72.31058083214421,87.41691254394878,78.69457999490231,104.86157764204171,38.667591540358,15.174815886181245,34.20812148733371,-0.0025173064820619017,0.08182172933371651,0.2799999999999727,0.03500000000002501,0.009999999999990905,0.0,6163.0,6163.0,2021-11-16,2021-11-16 11:20:00,1.7470546772731843,26.0,1.0,best_within_2.0d,6188.0,390.3,0.5832424107187206,4.3760036431226785,32.22527881040892,0.012230020343504162,2.285057100371749,15.890706319702602,0.006381710269403211,0.4929364202292669,5.6011759621451125,36.843533123028394,0.015614239272951093,2.82998018927445,22.52492113564669,0.007835530045022196,1.8630914826498424,0.00402220134195386,1.9444468750000041,16.553125,0.005470102952261012,0.0,1
6165.0,2021-11-16 11:35:00,397.38,397.58,397.24,397.2885,217666.0,1,1,0.0,sell,False,1.2840322384944174,4.029999999999973,29.0,0.010240121966713181,0.2699483707159068,0.47335343979838135,0.6083276251563348,0.0015358892089779373,71.60016898896218,88.47604242454574,85.84040895127058,93.74730937109604,217666.0,4.029999999999973,1.0,4.029999999999973,29.0,0.010240121966713181,4.029999999999973,29.0,0.010240121966713181,1.0,1.0,0.2699483707159068,0.6083276251563348,0.47335343979838135,71.60016898896218,88.47604242454574,85.84040895127058,93.74730937109604,43.91774137330223,2.9714186127572475,40.00724566457655,-0.023025819115203676,0.0855905749672679,0.19999999999998863,0.048499999999989996,0.09149999999999636,0.0,6166.0,6166.0,2021-11-16,2021-11-16 11:35:00,1.7590491544557638,23.0,1.0,best_within_2.0d,6188.0,390.3,0.5832424107187206,4.3760036431226785,32.22527881040892,0.012230020343504162,2.285057100371749,15.890706319702602,0.006381710269403211,0.4929364202292669,5.6011759621451125,36.843533123028394,0.015614239272951093,2.82998018927445,22.52492113564669,0.007835530045022196,1.8630914826498424,0.00402220134195386,1.9444468750000041,16.553125,0.005470102952261012,1.0,1
6170.0,2021-11-16 12:00:00,397.08,397.16,396.83,396.88,142253.0,3a,3a,1.0,buy,False,0.00022847858647908148,4.163492493946733,28.239017640954685,0.011578080659927173,-0.04252556584059586,0.5174990903149655,0.4962363073946676,0.0012519238217390922,59.704360251540095,40.38629294460485,61.34432225893968,-1.529765684064813,142253.0,0.75,2.0,0.75,6.0,0.0018864127974244178,0.75,6.0,0.0018864127974244178,3.0,3.0,-0.04252556584059586,0.4962363073946676,0.5174990903149655,59.704360251540095,40.38629294460485,61.34432225893968,-1.529765684064813,44.94239777186974,11.49934590876666,49.312072309767665,-0.050367684093882495,0.0831590353552002,0.08000000000004093,0.05000000000001137,0.19999999999998863,0.0,6171.0,6171.0,2021-11-16,2021-11-16 12:00:00,1.143922596250761,373.0,1.0,best_within_2.0d,6543.0,401.42,0.5832424107187206,4.3760036431226785,32.22527881040892,0.012230020343504162,2.285057100371749,15.890706319702602,0.006381710269403211,0.4929364202292669,5.6011759621451125,36.843533123028394,0.015614239272951093,2.82998018927445,22.52492113564669,0.007835530045022196,1.8630914826498424,0.00022847858647908148,0.75,6.0,0.0018864127974244178,1.0,0
6184.0,2021-11-16 13:10:00,397.42,397.535,397.23,397.28,181981.0,2,2,0.0,sell,False,0.9400000000000546,4.163492493946733,28.239017640954685,0.011578080659927173,-0.1185982984981,0.3378541086905147,0.2785549594414647,0.0007017089687851358,58.34224108088599,67.13805084871937,66.59877420854076,68.21660412907659,181981.0,0.7050000000000409,1.0,0.75,6.0,0.0018864127974244178,0.7050000000000409,15.0,0.0017765793916791597,2.0,2.0,-0.1185982984981,0.2785549594414647,0.3378541086905147,58.34224108088599,67.13805084871937,66.59877420854076,68.21660412907659,21.95451474893361,6.335847782031228,34.633863961005325,-0.03522721554024538,0.07678171336505471,0.1150000000000091,0.049999999999954525,0.1400000000000432,0.0,6185.0,6185.0,2021-11-16,2021-11-16 13:10:00,1.7569472412404252,4.0,1.0,best_within_2.0d,6188.0,390.3,0.9400000000000546,0.75,6.0,0.0018864127974244178,0.7050000000000409,15.0,0.0017765793916791597,0.4929364202292669,5.6011759621451125,36.843533123028394,0.015614239272951093,2.82998018927445,22.52492113564669,0.007835530045022196,1.8630914826498424,0.00402220134195386,1.9444468750000041,16.553125,0.005470102952261012,0.0,1
6185.0,2021-11-16 13:15:00,397.28,397.59,397.13,397.13,183688.0,1p,1p,0.0,sell,False,2.671418956501914e-07,0.7599999999999909,16.0,0.0019151777839376835,-0.14257874403336968,0.3200317656863435,0.24874239366965867,0.0006265888933990648,54.31060951971004,50.2132460203573,61.13693147914627,28.36587510277937,183688.0,0.7599999999999909,0.0,0.7599999999999909,16.0,0.0019151777839376835,0.7599999999999909,0.0,0.0,1.0,1.0,-0.14257874403336968,0.24874239366965867,0.3200317656863435,54.31060951971004,50.2132460203573,61.13693147914627,28.36587510277937,20.613107822413095,8.591437632136122,35.1002805061593,-0.037756745871923396,0.11583108805680244,0.3100000000000023,0.0,0.14999999999997726,0.0,6186.0,6186.0,2021-11-16,2021-11-16 13:15:00,1.7198398509304218,3.0,1.0,best_within_2.0d,6188.0,390.3,0.5832424107187206,4.3760036431226785,32.22527881040892,0.012230020343504162,2.285057100371749,15.890706319702602,0.006381710269403211,0.4929364202292669,5.6011759621451125,36.843533123028394,0.015614239272951093,2.82998018927445,22.52492113564669,0.007835530045022196,1.8630914826498424,0.00402220134195386,1.9444468750000041,16.553125,0.005470102952261012,1.0,1
6188.0,2021-11-16 13:30:00,390.69,390.87,390.13,390.3,598756.0,1p,1p,1.0,buy,False,4.989290248784444,2.1000000000000227,7.0,0.005354001478724275,-0.35566866848828405,-0.019043793084517473,-0.1968781273286595,-0.0005029243831325317,29.425776595248465,22.063713451943602,38.658324420556895,-11.125508485282978,598756.0,2.1000000000000227,0.0,2.1000000000000227,7.0,0.005354001478724275,2.1000000000000227,0.0,0.0,1.0,1.0,-0.35566866848828405,-0.1968781273286595,-0.019043793084517473,29.425776595248465,22.063713451943602,38.658324420556895,-11.125508485282978,11.41078838174417,42.531120331950504,39.46463429150161,-0.09982338938800235,0.1896803629559401,0.18000000000000682,0.17000000000001592,0.38999999999998636,0.0,6189.0,6189.0,2021-11-16,2021-11-16 13:30:00,2.9618242377658217,363.0,1.0,best_within_2.0d,6551.0,401.86,0.5832424107187206,4.3760036431226785,32.22527881040892,0.012230020343504162,2.285057100371749,15.890706319702602,0.006381710269403211,0.4929364202292669,5.6011759621451125,36.843533123028394,0.015614239272951093,2.82998018927445,22.52492113564669,0.007835530045022196,1.8630914826498424,0.00402220134195386,1.9444468750000041,16.553125,0.005470102952261012,0.0,0
6192.0,2021-11-16 13:50:00,397.42,397.6157,397.36,397.565,159321.0,1p,1p,0.0,sell,False,2.671418956501914e-07,0.7857000000000198,23.0,0.001979941032684071,-0.05506658420701538,0.22341730717472258,0.1958840150712149,0.0004932367990215439,62.40001946664758,65.74023233829236,54.48151501067838,88.25766699352033,159321.0,0.7857000000000198,0.0,0.7857000000000198,23.0,0.001979941032684071,0.7857000000000198,0.0,0.0,1.0,1.0,-0.05506658420701538,0.1958840150712149,0.22341730717472258,62.40001946664758,65.74023233829236,54.48151501067838,88.25766699352033,18.238276299115498,6.498732572877783,33.476262502960495,0.03648533038095259,0.06434970807328122,0.050700000000006185,0.060000000000002274,0.1449999999999818,1.0,6193.0,6193.0,2021-11-16,2021-11-16 13:50:00,0.9470149535296081,314.0,1.0,best_within_2.0d,6506.0,393.8,0.5832424107187206,4.3760036431226785,32.22527881040892,0.012230020343504162,2.285057100371749,15.890706319702602,0.006381710269403211,0.4929364202292669,5.6011759621451125,36.843533123028394,0.015614239272951093,2.82998018927445,22.52492113564669,0.007835530045022196,1.8630914826498424,0.00402220134195386,1.9444468750000041,16.553125,0.005470102952261012,0.0,1
6193.0,2021-11-16 13:55:00,397.57,397.7,397.53,397.67,123309.0,1p,1p,0.0,sell,False,2.671418956501914e-07,0.8700000000000045,24.0,0.0021923745684550174,-0.024611909583578118,0.2203408184767753,0.20803486368498625,0.0005237809007794675,64.48650702709456,75.42102445741384,61.46135149292353,103.34037038639445,123309.0,0.8700000000000045,0.0,0.8700000000000045,24.0,0.0021923745684550174,0.8700000000000045,0.0,0.0,1.0,1.0,-0.024611909583578118,0.20803486368498625,0.2203408184767753,64.48650702709456,75.42102445741384,61.46135149292353,103.34037038639445,19.76721938775661,6.540178571429263,34.67644288694807,0.025152803279931267,0.042764068120648986,0.029999999999972715,0.040000000000020464,0.10000000000002274,1.0,6194.0,6194.0,2021-11-16,2021-11-16 13:55:00,0.9731687077224845,313.0,1.0,best_within_2.0d,6506.0,393.8,0.5832424107187206,4.3760036431226785,32.22527881040892,0.012230020343504162,2.285057100371749,15.890706319702602,0.006381710269403211,0.4929364202292669,5.6011759621451125,36.843533123028394,0.015614239272951093,2.82998018927445,22.52492113564669,0.007835530045022196,1.8630914826498424,0.00402220134195386,1.9444468750000041,16.553125,0.005470102952261012,0.0,1
6194.0,2021-11-16 14:00:00,397.655,397.92,397.5914,397.84,227303.0,1p,1p,0.0,sell,False,0.03592279181483442,1.0900000000000318,25.0,0.0027467681374896856,0.013447082767531704,0.2220217038227168,0.22874524520648265,0.000575853604566404,67.61947773632448,80.25971861102057,67.72747386562253,105.32420810181668,227303.0,1.0900000000000318,0.0,1.0900000000000318,25.0,0.0027467681374896856,1.0900000000000318,0.0,0.0,1.0,1.0,0.013447082767531704,0.22874524520648265,0.2220217038227168,67.61947773632448,80.25971861102057,67.72747386562253,105.32420810181668,25.112121030917955,4.637325838665583,37.115562723810065,0.04652273956067503,0.08264766290216399,0.08000000000004093,0.06359999999995125,0.18500000000000227,1.0,6195.0,6195.0,2021-11-16,2021-11-16 14:00:00,1.0154836115021022,312.0,1.0,best_within_2.0d,6506.0,393.8,0.5832424107187206,4.3760036431226785,32.22527881040892,0.012230020343504162,2.285057100371749,15.890706319702602,0.006381710269403211,0.4929364202292669,5.6011759621451125,36.843533123028394,0.015614239272951093,2.82998018927445,22.52492113564669,0.007835530045022196,1.8630914826498424,0.00402220134195386,1.9444468750000041,16.553125,0.005470102952261012,0.0,1
6196.0,2021-11-16 14:10:00,397.8399,397.93,397.73,397.8,90155.0,1p,1p,0.0,sell,False,0.08636954724090097,1.1000000000000227,27.0,0.0027719678451730533,0.032330962925410045,0.2298572263042351,0.24602270776694013,0.0006192190522037242,66.07760167792523,82.90175528011098,76.10967708998015,96.48591166037261,90155.0,1.1000000000000227,0.0,1.1000000000000227,27.0,0.0027719678451730533,1.1000000000000227,0.0,0.0,1.0,1.0,0.032330962925410045,0.24602270776694013,0.2298572263042351,66.07760167792523,82.90175528011098,76.10967708998015,96.48591166037261,24.32257667200594,3.233156792709101,42.62797097326262,-0.010029159971131282,0.05028536947174933,0.09010000000000673,0.06999999999999318,0.03989999999998872,0.0,6197.0,6197.0,2021-11-16,2021-11-16 14:10:00,1.0055304172951232,310.0,1.0,best_within_2.0d,6506.0,393.8,0.5832424107187206,4.3760036431226785,32.22527881040892,0.012230020343504162,2.285057100371749,15.890706319702602,0.006381710269403211,0.4929364202292669,5.6011759621451125,36.843533123028394,0.015614239272951093,2.82998018927445,22.52492113564669,0.007835530045022196,1.8630914826498424,0.00402220134195386,1.9444468750000041,16.553125,0.005470102952261012,1.0,1
6213.0,2021-11-16 15:35:00,397.76,397.92,397.66,397.705,297383.0,2,2,0.0,sell,False,0.9895833333333426,4.163492493946733,28.239017640954685,0.011578080659927173,-0.009291672245195115,0.06791554512157089,0.06326970899897333,0.00015918961901749632,58.293618691899276,65.70276340599908,51.425793394614814,94.25670342876762,297383.0,0.9499999999999886,1.0,0.9599999999999795,13.0,0.0024124846078455494,0.9499999999999886,6.0,0.002393127944177113,2.0,2.0,-0.009291672245195115,0.06326970899897333,0.06791554512157089,58.293618691899276,65.70276340599908,51.425793394614814,94.25670342876762,25.5856966707761,20.961775585694948,30.438285174561493,-0.0138274336283203,0.06538248755217796,0.160000000000025,0.04499999999995907,0.05500000000000682,0.0,6214.0,6214.0,2021-11-16,2021-11-16 15:35:00,0.9818835569077514,293.0,1.0,best_within_2.0d,6506.0,393.8,0.9895833333333426,0.9599999999999795,13.0,0.0024124846078455494,0.9499999999999886,6.0,0.002393127944177113,0.4929364202292669,5.6011759621451125,36.843533123028394,0.015614239272951093,2.82998018927445,22.52492113564669,0.007835530045022196,1.8630914826498424,0.00402220134195386,1.9444468750000041,16.553125,0.005470102952261012,1.0,1
6241.0,2021-11-16 17:55:00,397.32,397.42,397.32,397.4,13190.0,2s,2s,0.0,sell,False,0.46874999999999817,4.163492493946733,28.239017640954685,0.011578080659927173,0.030667712388416903,-0.026731673184305905,-0.011397816990097454,-2.8685868042647687e-05,54.71920740849662,58.51467741866428,56.76693320482926,62.0101658463343,13190.0,0.37000000000000455,1.0,0.9599999999999795,13.0,0.0024124846078455494,0.37000000000000455,12.0,0.0009318725601309773,1.0,2.5,0.030667712388416903,-0.011397816990097454,-0.026731673184305905,54.71920740849662,58.51467741866428,56.76693320482926,62.0101658463343,34.04255319149682,21.276595744674935,31.014659350544683,0.020134903855830083,0.02516862981979833,0.020000000000038654,0.0,0.07999999999998408,1.0,6242.0,6242.0,2021-11-16,2021-11-16 17:55:00,0.9058882737795586,265.0,1.0,best_within_2.0d,6506.0,393.8,0.5832424107187206,4.3760036431226785,32.22527881040892,0.012230020343504162,2.285057100371749,15.890706319702602,0.006381710269403211,0.46874999999999817,0.9599999999999795,13.0,0.0024124846078455494,0.37000000000000455,12.0,0.0009318725601309773,1.0,0.00402220134195386,1.9444468750000041,16.553125,0.005470102952261012,0.0,1
6242.0,2021-11-16 18:00:00,397.35,397.43,397.25,397.3,15252.0,2s,2s,0.0,sell,False,0.4791666666666556,4.163492493946733,28.239017640954685,0.011578080659927173,0.02323913111921099,-0.02382678179440453,-0.012207216234799034,-3.072313687682655e-05,47.99301262224056,48.2690442050372,53.9343035382319,36.93852553864778,15252.0,0.37999999999999545,1.0,0.9599999999999795,13.0,0.0024124846078455494,0.37999999999999545,13.0,0.0009570583049993589,1.0,2.5,0.02323913111921099,-0.012207216234799034,-0.02382678179440453,47.99301262224056,48.2690442050372,53.9343035382319,36.93852553864778,29.09090909091454,24.545454545448486,29.40465341630635,-0.012583364791748174,0.04531151667715716,0.07999999999998408,0.05000000000001137,0.05000000000001137,0.0,6243.0,6243.0,2021-11-16,2021-11-16 18:00:00,0.8809463881198086,264.0,1.0,best_within_2.0d,6506.0,393.8,0.5832424107187206,4.3760036431226785,32.22527881040892,0.012230020343504162,2.285057100371749,15.890706319702602,0.006381710269403211,0.4791666666666556,0.9599999999999795,13.0,0.0024124846078455494,0.37999999999999545,13.0,0.0009570583049993589,1.0,0.00402220134195386,1.9444468750000041,16.553125,0.005470102952261012,1.0,1
6249.0,2021-11-16 18:35:00,397.37,397.464,397.37,397.42,2498.0,2s,2s,0.0,sell,False,0.5145833333333144,4.163492493946733,28.239017640954685,0.011578080659927173,0.02571793416610519,-0.016067150624796942,-0.003208183541744347,-8.074537321901356e-06,56.44728003569287,55.02144919221759,43.096900234263465,78.87054710812585,2498.0,0.41399999999998727,1.0,0.9599999999999795,13.0,0.0024124846078455494,0.41399999999998727,20.0,0.0010426898375519135,1.0,2.5,0.02571793416610519,-0.003208183541744347,-0.016067150624796942,56.44728003569287,55.02144919221759,43.096900234263465,78.87054710812585,31.542461005203798,22.53032928942847,21.463418300780802,0.012582731459348056,0.02365553514356748,0.04399999999998272,0.0,0.05000000000001137,1.0,6250.0,6250.0,2021-11-16,2021-11-16 18:35:00,0.9108751446832078,257.0,1.0,best_within_2.0d,6506.0,393.8,0.5832424107187206,4.3760036431226785,32.22527881040892,0.012230020343504162,2.285057100371749,15.890706319702602,0.006381710269403211,0.5145833333333144,0.9599999999999795,13.0,0.0024124846078455494,0.41399999999998727,20.0,0.0010426898375519135,1.0,0.00402220134195386,1.9444468750000041,16.553125,0.005470102952261012,0.0,1
6250.0,2021-11-16 18:40:00,397.4,397.49,397.4,397.49,2550.0,2s,2s,0.0,sell,False,0.5416666666666593,4.163492493946733,28.239017640954685,0.011578080659927173,0.042929706477760426,-0.010700937315076889,0.010763915923803324,2.709037746610911e-05,60.10363292284476,70.01429946147839,52.0693666433351,105.90416509776495,2550.0,0.4399999999999977,1.0,0.9599999999999795,13.0,0.0024124846078455494,0.4399999999999977,21.0,0.0011081727742097915,1.0,2.5,0.042929706477760426,0.010763915923803324,-0.010700937315076889,60.10363292284476,70.01429946147839,52.0693666433351,105.90416509776495,27.72963604853265,22.53032928942847,20.669233249740483,0.02264720684449719,0.02264720684449719,0.0,0.0,0.09000000000003183,1.0,6251.0,6251.0,2021-11-16,2021-11-16 18:40:00,0.9283252408865625,256.0,1.0,best_within_2.0d,6506.0,393.8,0.5832424107187206,4.3760036431226785,32.22527881040892,0.012230020343504162,2.285057100371749,15.890706319702602,0.006381710269403211,0.5416666666666593,0.9599999999999795,13.0,0.0024124846078455494,0.4399999999999977,21.0,0.0011081727742097915,1.0,0.00402220134195386,1.9444468750000041,16.553125,0.005470102952261012,0.0,1
6251.0,2021-11-16 18:45:00,397.51,397.57,397.51,397.55,1447.0,2s,2s,0.0,sell,False,0.6249999999999778,4.163492493946733,28.239017640954685,0.011578080659927173,0.059320502227498406,-0.003285874536639588,0.026374376577109615,6.637574950292453e-05,62.97301919480152,78.15768112246882,60.765471469713006,112.94210042798042,1447.0,0.5199999999999818,1.0,0.9599999999999795,13.0,0.0024124846078455494,0.5199999999999818,22.0,0.0013096587331569872,1.0,2.5,0.059320502227498406,0.026374376577109615,-0.003285874536639588,62.97301919480152,78.15768112246882,60.765471469713006,112.94210042798042,33.500837520942,21.77554438860968,20.708010961339514,0.010062639933591725,0.015093959900380437,0.01999999999998181,0.0,0.040000000000020464,1.0,6252.0,6252.0,2021-11-16,2021-11-16 18:45:00,0.9432775751477801,255.0,1.0,best_within_2.0d,6506.0,393.8,0.5832424107187206,4.3760036431226785,32.22527881040892,0.012230020343504162,2.285057100371749,15.890706319702602,0.006381710269403211,0.6249999999999778,0.9599999999999795,13.0,0.0024124846078455494,0.5199999999999818,22.0,0.0013096587331569872,1.0,0.00402220134195386,1.9444468750000041,16.553125,0.005470102952261012,0.0,1
6252.0,2021-11-16 18:50:00,397.56,397.59,397.5,397.5,2419.0,2s,2s,0.0,sell,False,0.6458333333332926,4.163492493946733,28.239017640954685,0.011578080659927173,0.060162403711835656,0.004234425927339869,0.034315627783257696,8.635888097242492e-05,59.15489715247673,77.54371723954272,66.35822005965625,99.91471159931564,2419.0,0.5399999999999636,1.0,0.9599999999999795,13.0,0.0024124846078455494,0.5399999999999636,23.0,0.0013600302228937505,1.0,2.5,0.060162403711835656,0.034315627783257696,0.004234425927339869,59.15489715247673,77.54371723954272,66.35822005965625,99.91471159931564,34.035656401946724,20.259319286872284,21.041234058983832,-0.0150920615756118,0.022641509433955972,0.029999999999972715,0.0,0.060000000000002274,0.0,6253.0,6253.0,2021-11-16,2021-11-16 18:50:00,0.9308176100628902,254.0,1.0,best_within_2.0d,6506.0,393.8,0.5832424107187206,4.3760036431226785,32.22527881040892,0.012230020343504162,2.285057100371749,15.890706319702602,0.006381710269403211,0.6458333333332926,0.9599999999999795,13.0,0.0024124846078455494,0.5399999999999636,23.0,0.0013600302228937505,1.0,0.00402220134195386,1.9444468750000041,16.553125,0.005470102952261012,1.0,1
6266.0,2021-11-17 04:00:00,397.82,397.98,397.82,397.97,2639.0,1,1,0.0,sell,False,0.16071902867925833,0.9300000000000068,37.0,0.002342274272761634,0.05298941166449732,0.048973966771427964,0.07546867260367662,0.0001898633633031367,73.8479423413666,68.37432587051308,58.17341633463576,88.7761449422677,2639.0,0.9300000000000068,2.0,0.9300000000000068,37.0,0.002342274272761634,0.9300000000000068,37.0,0.002342274272761634,1.0,1.0,0.05298941166449732,0.07546867260367662,0.048973966771427964,73.8479423413666,68.37432587051308,58.17341633463576,88.7761449422677,48.96551724138604,19.31034482758599,25.028684486168608,0.03770549494747225,0.04021919461063421,0.009999999999990905,0.0,0.1500000000000341,1.0,6267.0,6267.0,2021-11-17,2021-11-17 04:00:00,1.047817674699102,240.0,1.0,best_within_2.0d,6506.0,393.8,0.5832424107187206,4.3760036431226785,32.22527881040892,0.012230020343504162,2.285057100371749,15.890706319702602,0.006381710269403211,0.4929364202292669,5.6011759621451125,36.843533123028394,0.015614239272951093,2.82998018927445,22.52492113564669,0.007835530045022196,1.8630914826498424,0.00402220134195386,1.9444468750000041,16.553125,0.005470102952261012,0.0,1
6267.0,2021-11-17 04:05:00,397.95,398.0,397.91,397.93,4263.0,1,1,0.0,sell,False,0.2138523064523926,0.9499999999999886,38.0,0.002392645762498397,0.08005193225235345,0.05898045830297214,0.09900642442914886,0.0002490589636287485,71.04827604412306,74.89322874126188,63.74668713684446,97.18631195009672,4263.0,0.9499999999999886,2.0,0.9499999999999886,38.0,0.002392645762498397,0.9499999999999886,38.0,0.002392645762498397,1.0,1.0,0.08005193225235345,0.09900642442914886,0.05898045830297214,71.04827604412306,74.89322874126188,63.74668713684446,97.18631195009672,48.993288590610554,18.12080536912826,26.52663559429968,-0.005025757004644254,0.022618179990443816,0.05000000000001137,0.01999999999998181,0.01999999999998181,0.0,6268.0,6268.0,2021-11-17,2021-11-17 04:05:00,1.037870982333575,239.0,1.0,best_within_2.0d,6506.0,393.8,0.5832424107187206,4.3760036431226785,32.22527881040892,0.012230020343504162,2.285057100371749,15.890706319702602,0.006381710269403211,0.4929364202292669,5.6011759621451125,36.843533123028394,0.015614239272951093,2.82998018927445,22.52492113564669,0.007835530045022196,1.8630914826498424,0.00402220134195386,1.9444468750000041,16.553125,0.005470102952261012,0.0,1
6269.0,2021-11-17 04:15:00,396.46,396.77,396.46,396.63,16920.0,1p,1p,0.0,sell,False,986627.236406735,2.8700000000000045,117.0,0.007286113226707298,0.192048644932744,0.09716989242142453,0.19319421488779653,0.00048807970442564486,78.89301674932972,89.90097020935445,83.87024491059552,101.96242080687233,16920.0,2.8700000000000045,0.0,2.8700000000000045,117.0,0.007286113226707298,2.8700000000000045,0.0,0.0,1.0,1.0,0.192048644932744,0.19319421488779653,0.09716989242142453,78.89301674932972,89.90097020935445,83.87024491059552,101.96242080687233,36.97850821744626,26.359039190899125,21.50491337830508,0.042879483428344835,0.07819199919285737,0.13999999999998636,0.0,0.17000000000001592,1.0,6270.0,6270.0,2021-11-17,2021-11-17 04:15:00,0.7135113329803555,237.0,1.0,best_within_2.0d,6506.0,393.8,0.5832424107187206,4.3760036431226785,32.22527881040892,0.012230020343504162,2.285057100371749,15.890706319702602,0.006381710269403211,0.4929364202292669,5.6011759621451125,36.843533123028394,0.015614239272951093,2.82998018927445,22.52492113564669,0.007835530045022196,1.8630914826498424,0.00402220134195386,1.9444468750000041,16.553125,0.005470102952261012,0.0,1
6271.0,2021-11-17 04:25:00,398.0,398.02,397.97,397.97,5831.0,1,1,0.0,sell,False,0.234853196834869,0.9699999999999704,42.0,0.0024430172522351603,0.08296499473823166,0.10136381073581999,0.14284630810493582,0.0003592446309014523,69.77877035965379,85.83459265046957,78.68769987771782,100.12837819597308,5831.0,0.9699999999999704,2.0,0.9699999999999704,42.0,0.0024430172522351603,0.9699999999999704,42.0,0.0024430172522351603,1.0,1.0,0.08296499473823166,0.14284630810493582,0.10136381073581999,69.77877035965379,85.83459265046957,78.68769987771782,100.12837819597308,50.33112582781995,17.218543046359063,30.5875284261452,-0.007537688442204199,0.012563761087507733,0.01999999999998181,0.0,0.029999999999972715,0.0,6272.0,6272.0,2021-11-17,2021-11-17 04:25:00,1.047817674699102,235.0,1.0,best_within_2.0d,6506.0,393.8,0.5832424107187206,4.3760036431226785,32.22527881040892,0.012230020343504162,2.285057100371749,15.890706319702602,0.006381710269403211,0.4929364202292669,5.6011759621451125,36.843533123028394,0.015614239272951093,2.82998018927445,22.52492113564669,0.007835530045022196,1.8630914826498424,0.00402220134195386,1.9444468750000041,16.553125,0.005470102952261012,1.0,1
6292.0,2021-11-17 06:25:00,397.78,397.85,397.78,397.85,998.0,2,2,0.0,sell,False,0.6730769230769903,4.163492493946733,28.239017640954685,0.011578080659927173,0.008702979750809317,0.019671607105834064,0.024023096981238723,6.0405463164954654e-05,59.73268289774838,79.46432352116167,65.71898754978771,106.9549954639096,998.0,0.35000000000002274,1.0,0.5199999999999818,12.0,0.0013064670117079087,0.35000000000002274,11.0,0.0008805031446541453,2.0,2.0,0.008702979750809317,0.024023096981238723,0.019671607105834064,59.73268289774838,79.46432352116167,65.71898754978771,106.9549954639096,37.2093023255855,40.31007751938135,22.1183076223602,0.01759766705215195,0.01759766705215195,0.0,0.0,0.07000000000005002,1.0,6293.0,6293.0,2021-11-17,2021-11-17 06:25:00,1.0179715973356822,214.0,1.0,best_within_2.0d,6506.0,393.8,0.6730769230769903,0.5199999999999818,12.0,0.0013064670117079087,0.35000000000002274,11.0,0.0008805031446541453,0.4929364202292669,5.6011759621451125,36.843533123028394,0.015614239272951093,2.82998018927445,22.52492113564669,0.007835530045022196,1.8630914826498424,0.00402220134195386,1.9444468750000041,16.553125,0.005470102952261012,0.0,1
6293.0,2021-11-17 06:30:00,397.87,397.91,397.87,397.91,2712.0,2,2,0.0,sell,False,0.7884615384616142,4.163492493946733,28.239017640954685,0.011578080659927173,0.02818145646201732,0.023194289163586228,0.03728501739459489,9.374851108178705e-05,62.554216818696325,86.30954901410777,72.5825080378944,113.76363096653449,2712.0,0.410000000000025,1.0,0.5199999999999818,12.0,0.0013064670117079087,0.410000000000025,12.0,0.0010314465408805661,2.0,2.0,0.02818145646201732,0.03728501739459489,0.023194289163586228,62.554216818696325,86.30954901410777,72.5825080378944,113.76363096653449,44.26229508197203,36.88524590164102,21.187779155828203,0.010053535074275633,0.010053535074275633,0.0,0.0,0.040000000000020464,1.0,6294.0,6294.0,2021-11-17,2021-11-17 06:30:00,1.032896886230558,213.0,1.0,best_within_2.0d,6506.0,393.8,0.7884615384616142,0.5199999999999818,12.0,0.0013064670117079087,0.410000000000025,12.0,0.0010314465408805661,0.4929364202292669,5.6011759621451125,36.843533123028394,0.015614239272951093,2.82998018927445,22.52492113564669,0.007835530045022196,1.8630914826498424,0.00402220134195386,1.9444468750000041,16.553125,0.005470102952261012,0.0,1
6294.0,2021-11-17 06:35:00,397.92,397.94,397.86,397.86,3547.0,2,2,0.0,sell,False,0.8461538461538713,4.163492493946733,28.239017640954685,0.011578080659927173,0.03210818759300392,0.02720781261271172,0.04326190640921368,0.00010877367600049082,58.853319933362414,82.79222459526498,75.98574689035127,96.4051800050924,3547.0,0.4399999999999977,1.0,0.5199999999999818,12.0,0.0013064670117079087,0.4399999999999977,13.0,0.001106918238993705,2.0,2.0,0.03210818759300392,0.04326190640921368,0.02720781261271172,58.853319933362414,82.79222459526498,75.98574689035127,96.4051800050924,47.500000000004384,29.166666666666863,21.382440893145112,-0.015078407720145324,0.02010757552907658,0.01999999999998181,0.0,0.060000000000002274,0.0,6295.0,6295.0,2021-11-17,2021-11-17 06:35:00,1.02045945810084,212.0,1.0,best_within_2.0d,6506.0,393.8,0.8461538461538713,0.5199999999999818,12.0,0.0013064670117079087,0.4399999999999977,13.0,0.001106918238993705,0.4929364202292669,5.6011759621451125,36.843533123028394,0.015614239272951093,2.82998018927445,22.52492113564669,0.007835530045022196,1.8630914826498424,0.00402220134195386,1.9444468750000041,16.553125,0.005470102952261012,1.0,1
6299.0,2021-11-17 07:00:00,397.89,398.1,397.89,398.07,24969.0,1,1,0.0,sell,False,0.10797751855758274,0.6000000000000227,18.0,0.0015094339622642081,0.040419526652481316,0.03840744420649337,0.05861720753273403,0.00014736595971354737,66.05148169775487,71.27276237439585,66.797302867712,80.22368138776355,24969.0,0.6000000000000227,2.0,0.6000000000000227,18.0,0.0015094339622642081,0.6000000000000227,18.0,0.0015094339622642081,1.0,1.0,0.040419526652481316,0.05861720753273403,0.03840744420649337,66.05148169775487,71.27276237439585,66.797302867712,80.22368138776355,55.46218487395921,26.050420168063937,23.464044075042207,0.04523863379326116,0.05277840609214516,0.03000000000002956,0.0,0.18000000000000682,1.0,6300.0,6300.0,2021-11-17,2021-11-17 07:00:00,1.072675660059784,207.0,1.0,best_within_2.0d,6506.0,393.8,0.5832424107187206,4.3760036431226785,32.22527881040892,0.012230020343504162,2.285057100371749,15.890706319702602,0.006381710269403211,0.4929364202292669,5.6011759621451125,36.843533123028394,0.015614239272951093,2.82998018927445,22.52492113564669,0.007835530045022196,1.8630914826498424,0.00402220134195386,1.9444468750000041,16.553125,0.005470102952261012,1.0,1
6342.0,2021-11-17 10:35:00,397.78,398.5,397.7199,398.46,344839.0,1,1,0.0,sell,False,0.4824310415609011,1.8600000000000136,10.0,0.004689390883420769,0.18058976168470148,-0.01801834409508321,0.07227653674726753,0.00018176541199782276,65.60371190211066,80.92779008671188,71.2659554268129,100.25145940650987,344839.0,1.8600000000000136,2.0,1.8600000000000136,10.0,0.004689390883420769,1.8600000000000136,10.0,0.004689390883420769,1.0,1.0,0.18058976168470148,0.07227653674726753,-0.01801834409508321,65.60371190211066,80.92779008671188,71.2659554268129,100.25145940650987,24.433134132044795,22.29720069768094,30.4121676934,0.17094876564935563,0.19614306450343685,0.040000000000020464,0.06009999999997717,0.6800000000000068,1.0,6343.0,6343.0,2021-11-17,2021-11-17 10:35:00,1.1695025849520575,164.0,1.0,best_within_2.0d,6506.0,393.8,0.5832424107187206,4.3760036431226785,32.22527881040892,0.012230020343504162,2.285057100371749,15.890706319702602,0.006381710269403211,0.4929364202292669,5.6011759621451125,36.843533123028394,0.015614239272951093,2.82998018927445,22.52492113564669,0.007835530045022196,1.8630914826498424,0.00402220134195386,1.9444468750000041,16.553125,0.005470102952261012,0.0,1
6343.0,2021-11-17 10:40:00,394.78,394.88,394.78,394.86,14355.0,2s,2s,0.0,sell,False,0.3957220961089671,4.163492493946733,28.239017640954685,0.011578080659927173,-0.03606067360238621,0.10035268966396811,0.082322352862775,0.00020859942445058792,61.555833520043635,66.08312428806241,52.89312612970853,92.46312060477017,14355.0,0.9699999999999704,1.0,3.1277000000000044,29.0,0.007882904453461714,0.9699999999999704,28.0,0.002462491432052932,3.0,2.5,-0.03606067360238621,0.082322352862775,0.10035268966396811,61.555833520043635,66.08312428806241,52.89312612970853,92.46312060477017,26.865671641793703,26.86567164178946,27.64863408104816,0.02026445108669156,0.025330563858357247,0.01999999999998181,0.0,0.08000000000004093,1.0,6344.0,6344.0,2021-11-17,2021-11-17 10:40:00,1.1459340052464442,163.0,1.0,best_within_2.0d,6506.0,393.8,0.5832424107187206,4.3760036431226785,32.22527881040892,0.012230020343504162,2.285057100371749,15.890706319702602,0.006381710269403211,0.3957220961089671,3.1277000000000044,29.0,0.007882904453461714,0.9699999999999704,28.0,0.002462491432052932,3.0,0.00402220134195386,1.9444468750000041,16.553125,0.005470102952261012,0.0,1
6343.0,2021-11-17 10:40:00,394.9,395.0,394.78,394.8,66456.0,2s,2s,0.0,sell,False,0.4340889471496693,4.163492493946733,28.239017640954685,0.011578080659927173,0.17289996998251386,0.07561343076098621,0.16206341575224315,0.0004108735368782391,64.53865133215226,84.94661721700703,87.84939059581802,79.14107045938505,66456.0,1.2799999999999727,1.0,3.1277000000000044,29.0,0.007882904453461714,1.2799999999999727,19.0,0.0032510413491820904,4.0,2.5,0.17289996998251386,0.16206341575224315,0.07561343076098621,64.53865133215226,84.94661721700703,87.84939059581802,79.14107045938505,58.79396984924961,11.055276381908012,48.563861804793746,-0.025322866548484653,0.05572724048838019,0.10000000000002274,0.020000000000038654,0.0999999999999659,0.0,6344.0,6344.0,2021-11-17,2021-11-17 10:40:00,1.1459340052464442,163.0,1.0,best_within_2.0d,6506.0,393.8,0.5832424107187206,4.3760036431226785,32.22527881040892,0.012230020343504162,2.285057100371749,15.890706319702602,0.006381710269403211,0.4340889471496693,3.1277000000000044,29.0,0.007882904453461714,1.2799999999999727,19.0,0.0032510413491820904,4.0,0.00402220134195386,1.9444468750000041,16.553125,0.005470102952261012,0.0,1
6343.0,2021-11-17 10:40:00,398.47,398.66,398.34,398.365,491982.0,1,1,0.0,sell,False,0.5868598894076451,2.0200000000000387,11.0,0.0050927793465107875,0.219680904499365,0.009441768967337416,0.11928222121701992,0.00029993744202653935,63.32628548018118,81.46665295721587,74.66618793694721,95.06758299775319,491982.0,2.0200000000000387,2.0,2.0200000000000387,11.0,0.0050927793465107875,2.0200000000000387,11.0,0.0050927793465107875,1.0,1.0,0.219680904499365,0.11928222121701992,0.009441768967337416,63.32628548018118,81.46665295721587,74.66618793694721,95.06758299775319,28.384412113112745,17.458919296539804,29.942172866108006,-0.02635079177855753,0.08033338354171062,0.18999999999999773,0.025000000000034106,0.10500000000001819,0.0,6344.0,6344.0,2021-11-17,2021-11-17 10:40:00,1.1459340052464442,163.0,1.0,best_within_2.0d,6506.0,393.8,0.5832424107187206,4.3760036431226785,32.22527881040892,0.012230020343504162,2.285057100371749,15.890706319702602,0.006381710269403211,0.4929364202292669,5.6011759621451125,36.843533123028394,0.015614239272951093,2.82998018927445,22.52492113564669,0.007835530045022196,1.8630914826498424,0.00402220134195386,1.9444468750000041,16.553125,0.005470102952261012,1.0,1
6351.0,2021-11-17 11:20:00,398.4999,398.78,398.35,398.36,291978.0,1,1,0.0,sell,False,0.5886978828755496,2.1399999999999864,19.0,0.005395320693828122,0.10323109119489737,0.16601548970008057,0.21763103529752925,0.0005468393161546898,59.84570904954362,66.63618587573758,70.63264783606999,58.643261955072774,291978.0,2.1399999999999864,2.0,2.1399999999999864,19.0,0.005395320693828122,2.1399999999999864,19.0,0.005395320693828122,1.0,1.0,0.10323109119489737,0.21763103529752925,0.16601548970008057,59.84570904954362,66.63618587573758,70.63264783606999,58.643261955072774,27.539252997762038,12.029298705271744,32.5131572335686,-0.03510665874696868,0.1079452742562947,0.2800999999999476,0.009999999999990905,0.13990000000001146,0.0,6352.0,6352.0,2021-11-17,2021-11-17 11:20:00,1.1446932422934035,155.0,1.0,best_within_2.0d,6506.0,393.8,0.5832424107187206,4.3760036431226785,32.22527881040892,0.012230020343504162,2.285057100371749,15.890706319702602,0.006381710269403211,0.4929364202292669,5.6011759621451125,36.843533123028394,0.015614239272951093,2.82998018927445,22.52492113564669,0.007835530045022196,1.8630914826498424,0.00402220134195386,1.9444468750000041,16.553125,0.005470102952261012,0.0,1
6354.0,2021-11-17 11:35:00,398.7,398.83,398.65,398.82,215023.0,1,1,0.0,sell,False,0.5886978828762753,2.1899999999999977,22.0,0.005521379588543762,0.12826379710338615,0.21221132608104668,0.27634322463273975,0.0006940915135307882,67.6836107551387,85.98235849173054,78.24856157087459,101.44995233344241,215023.0,2.1899999999999977,2.0,2.1899999999999977,22.0,0.005521379588543762,2.1899999999999977,22.0,0.005521379588543762,1.0,1.0,0.12826379710338615,0.27634322463273975,0.21221132608104668,67.6836107551387,85.98235849173054,78.24856157087459,101.44995233344241,29.34345319563569,9.103728588610146,36.06144714203772,0.0300978179082028,0.045152389313936246,0.009999999999990905,0.05000000000001137,0.12000000000000455,1.0,6355.0,6355.0,2021-11-17,2021-11-17 11:35:00,1.2587132039516529,152.0,1.0,best_within_2.0d,6506.0,393.8,0.5832424107187206,4.3760036431226785,32.22527881040892,0.012230020343504162,2.285057100371749,15.890706319702602,0.006381710269403211,0.4929364202292669,5.6011759621451125,36.843533123028394,0.015614239272951093,2.82998018927445,22.52492113564669,0.007835530045022196,1.8630914826498424,0.00402220134195386,1.9444468750000041,16.553125,0.005470102952261012,0.0,1
6355.0,2021-11-17 11:40:00,398.81,399.165,398.8,399.03,268778.0,1,1,0.0,sell,False,0.5886978828445301,2.525000000000034,23.0,0.006365974183138449,0.1486194508006518,0.23078875743112812,0.305098482831454,0.0007661887629786077,70.79860402536839,86.61903122169042,81.03871812114653,97.7796574227782,268778.0,2.525000000000034,2.0,2.525000000000034,23.0,0.006365974183138449,2.525000000000034,23.0,0.006365974183138449,1.0,1.0,0.1486194508006518,0.305098482831454,0.23078875743112812,70.79860402536839,86.61903122169042,81.03871812114653,97.7796574227782,35.815442715815784,9.010303353720241,37.75695340321628,0.0551641132368723,0.09152457372116576,0.13500000000004775,0.009999999999990905,0.21999999999997044,1.0,6356.0,6356.0,2021-11-17,2021-11-17 11:40:00,1.3106783951081276,151.0,1.0,best_within_2.0d,6506.0,393.8,0.5832424107187206,4.3760036431226785,32.22527881040892,0.012230020343504162,2.285057100371749,15.890706319702602,0.006381710269403211,0.4929364202292669,5.6011759621451125,36.843533123028394,0.015614239272951093,2.82998018927445,22.52492113564669,0.007835530045022196,1.8630914826498424,0.00402220134195386,1.9444468750000041,16.553125,0.005470102952261012,0.0,1
6356.0,2021-11-17 11:45:00,399.03,399.21,398.95,399.19,160012.0,1,1,0.0,sell,False,0.5886978828370257,2.569999999999993,24.0,0.006479427188382395,0.16980064131676031,0.25201383759572316,0.3369141582541033,0.0008459315887806454,72.93886010755654,90.37759976182933,84.1516786680408,102.82944194940637,160012.0,2.569999999999993,2.0,2.569999999999993,24.0,0.006479427188382395,2.569999999999993,24.0,0.006479427188382395,1.0,1.0,0.16980064131676031,0.3369141582541033,0.25201383759572316,72.93886010755654,90.37759976182933,84.1516786680408,102.82944194940637,26.768686381285967,10.087084396037731,38.293017116310516,0.04009723579681353,0.06517107406942999,0.01999999999998181,0.07999999999998408,0.160000000000025,1.0,6357.0,6357.0,2021-11-17,2021-11-17 11:45:00,1.3502342243042127,150.0,1.0,best_within_2.0d,6506.0,393.8,0.5832424107187206,4.3760036431226785,32.22527881040892,0.012230020343504162,2.285057100371749,15.890706319702602,0.006381710269403211,0.4929364202292669,5.6011759621451125,36.843533123028394,0.015614239272951093,2.82998018927445,22.52492113564669,0.007835530045022196,1.8630914826498424,0.00402220134195386,1.9444468750000041,16.553125,0.005470102952261012,0.0,1
6357.0,2021-11-17 11:50:00,399.18,399.34,399.055,399.25,170324.0,1,1,0.0,sell,False,0.5886978828778823,2.6999999999999886,25.0,0.006807180314642973,0.17723836653811298,0.27416863341298725,0.36278781668204374,0.0009107307496737486,73.71681787620108,90.80728873010916,86.37021535539692,99.68143547953363,170324.0,2.6999999999999886,2.0,2.6999999999999886,25.0,0.006807180314642973,2.6999999999999886,25.0,0.006807180314642973,1.0,1.0,0.17723836653811298,0.36278781668204374,0.27416863341298725,73.71681787620108,90.80728873010916,86.37021535539692,99.68143547953363,26.29079706284169,10.168863357345586,38.7162695695202,0.01753594869482268,0.07141872674191982,0.08999999999997499,0.125,0.06999999999999318,1.0,6358.0,6358.0,2021-11-17,2021-11-17 11:50:00,1.3650594865372545,149.0,1.0,best_within_2.0d,6506.0,393.8,0.5832424107187206,4.3760036431226785,32.22527881040892,0.012230020343504162,2.285057100371749,15.890706319702602,0.006381710269403211,0.4929364202292669,5.6011759621451125,36.843533123028394,0.015614239272951093,2.82998018927445,22.52492113564669,0.007835530045022196,1.8630914826498424,0.00402220134195386,1.9444468750000041,16.553125,0.005470102952261012,0.0,1
6358.0,2021-11-17 11:55:00,399.25,399.575,399.187,399.55,198281.0,1,1,0.0,sell,False,0.5886978828778823,2.9350000000000023,26.0,0.00739965711980638,0.2059005726650357,0.2999062049961167,0.40285649132863455,0.0010110918630527978,77.24001255590959,93.23781225860313,88.65941432313232,102.39460812954474,198281.0,2.9350000000000023,2.0,2.9350000000000023,26.0,0.00739965711980638,2.9350000000000023,26.0,0.00739965711980638,1.0,1.0,0.2059005726650357,0.40285649132863455,0.2999062049961167,77.24001255590959,93.23781225860313,88.65941432313232,102.39460812954474,31.971249212386315,5.8108328860463025,40.89655544117602,0.07514088916719132,0.09719755402855725,0.024999999999977263,0.06299999999998818,0.30000000000001137,1.0,6359.0,6359.0,2021-11-17,2021-11-17 11:55:00,1.4391190088849954,148.0,1.0,best_within_2.0d,6506.0,393.8,0.5832424107187206,4.3760036431226785,32.22527881040892,0.012230020343504162,2.285057100371749,15.890706319702602,0.006381710269403211,0.4929364202292669,5.6011759621451125,36.843533123028394,0.015614239272951093,2.82998018927445,22.52492113564669,0.007835530045022196,1.8630914826498424,0.00402220134195386,1.9444468750000041,16.553125,0.005470102952261012,0.0,1
6359.0,2021-11-17 12:00:00,399.5419,399.7196,399.29,399.405,394521.0,1,1,0.0,sell,False,0.5886978828397372,3.0796000000000276,27.0,0.0077642194433239905,0.1890963421776679,0.3235432477683252,0.41809141885715917,0.0010491397942528691,72.20221567754973,88.1048174520104,88.47454869942501,87.36535495718118,394521.0,3.0796000000000276,2.0,3.0796000000000276,27.0,0.0077642194433239905,3.0796000000000276,27.0,0.0077642194433239905,1.0,1.0,0.1890963421776679,0.41809141885715917,0.3235432477683252,72.20221567754973,88.1048174520104,88.47454869942501,87.36535495718118,34.34700773295229,3.265528267229239,43.87794134087043,-0.03426424112215153,0.10759097397881076,0.17770000000001573,0.11499999999995225,0.13690000000002556,0.0,6360.0,6360.0,2021-11-17,2021-11-17 12:00:00,1.403337464478402,147.0,1.0,best_within_2.0d,6506.0,393.8,0.5832424107187206,4.3760036431226785,32.22527881040892,0.012230020343504162,2.285057100371749,15.890706319702602,0.006381710269403211,0.4929364202292669,5.6011759621451125,36.843533123028394,0.015614239272951093,2.82998018927445,22.52492113564669,0.007835530045022196,1.8630914826498424,0.00402220134195386,1.9444468750000041,16.553125,0.005470102952261012,1.0,1
6379.0,2021-11-17 13:40:00,397.99,398.38,397.9018,398.35,161675.0,2,2,0.0,sell,False,0.49249886346415994,4.163492493946733,28.239017640954685,0.011578080659927173,0.09950845159349458,-0.13202698265156756,-0.08227275685482027,-0.00020670346734945954,56.5129189948347,83.50050780581907,67.04013174500132,116.42125992745457,161675.0,1.3000000000000114,1.0,2.63960000000003,15.0,0.006603629144030039,1.3000000000000114,7.0,0.0032738994661025774,2.0,2.0,0.09950845159349458,-0.08227275685482027,-0.13202698265156756,56.5129189948347,83.50050780581907,67.04013174500132,116.42125992745457,28.97108996229008,16.699586999461204,31.882835959130286,0.09045453403352186,0.12018040632136254,0.029999999999972715,0.08820000000002892,0.36000000000001364,1.0,6380.0,6380.0,2021-11-17,2021-11-17 13:40:00,1.1422116229446495,127.0,1.0,best_within_2.0d,6506.0,393.8,0.49249886346415994,2.63960000000003,15.0,0.006603629144030039,1.3000000000000114,7.0,0.0032738994661025774,0.4929364202292669,5.6011759621451125,36.843533123028394,0.015614239272951093,2.82998018927445,22.52492113564669,0.007835530045022196,1.8630914826498424,0.00402220134195386,1.9444468750000041,16.553125,0.005470102952261012,0.0,1
6380.0,2021-11-17 13:45:00,398.36,398.41,398.11,398.12,129044.0,2,2,0.0,sell,False,0.5038642218518056,4.163492493946733,28.239017640954685,0.011578080659927173,0.11222514531803066,-0.11799883948681374,-0.06188626682779841,-0.00015548130102214795,51.720499148122016,81.73216811114726,71.93747720038328,101.32154993267523,129044.0,1.330000000000041,1.0,2.63960000000003,15.0,0.006603629144030039,1.330000000000041,8.0,0.00334945099224348,2.0,2.0,0.11222514531803066,-0.06188626682779841,-0.11799883948681374,51.720499148122016,81.73216811114726,71.93747720038328,101.32154993267523,22.679461155194005,17.161837977486442,30.59470511694924,-0.060247012752286645,0.0753560573710812,0.05000000000001137,0.009999999999990905,0.2400000000000091,0.0,6381.0,6381.0,2021-11-17,2021-11-17 13:45:00,1.0850999698583326,126.0,1.0,best_within_2.0d,6506.0,393.8,0.5038642218518056,2.63960000000003,15.0,0.006603629144030039,1.330000000000041,8.0,0.00334945099224348,0.4929364202292669,5.6011759621451125,36.843533123028394,0.015614239272951093,2.82998018927445,22.52492113564669,0.007835530045022196,1.8630914826498424,0.00402220134195386,1.9444468750000041,16.553125,0.005470102952261012,0.0,1
6381.0,2021-11-17 13:50:00,398.12,398.5,398.1,398.44,142500.0,2,2,0.0,sell,False,0.5379602970146992,4.163492493946733,28.239017640954685,0.011578080659927173,0.15730754565504032,-0.09833539627993369,-0.019681623452413533,-4.944378237652551e-05,57.16338346974455,86.41299470320611,76.76264970132422,105.7136847069699,142500.0,1.420000000000016,1.0,2.63960000000003,15.0,0.006603629144030039,1.420000000000016,9.0,0.003576105570665901,2.0,2.0,0.15730754565504032,-0.019681623452413533,-0.09833539627993369,57.16338346974455,86.41299470320611,76.76264970132422,105.7136847069699,25.15255530129555,15.636918382913423,30.07570176941846,0.08037777554506007,0.10047726701833139,0.060000000000002274,0.01999999999998181,0.3199999999999932,1.0,6382.0,6382.0,2021-11-17,2021-11-17 13:50:00,1.1645417126794464,125.0,1.0,best_within_2.0d,6506.0,393.8,0.5379602970146992,2.63960000000003,15.0,0.006603629144030039,1.420000000000016,9.0,0.003576105570665901,0.4929364202292669,5.6011759621451125,36.843533123028394,0.015614239272951093,2.82998018927445,22.52492113564669,0.007835530045022196,1.8630914826498424,0.00402220134195386,1.9444468750000041,16.553125,0.005470102952261012,0.0,1
6382.0,2021-11-17 13:55:00,398.41,398.58,398.38,398.55,181062.0,2,2,0.0,sell,False,0.5682679193817181,4.163492493946733,28.239017640954685,0.011578080659927173,0.1931508954278767,-0.07419153435144911,0.02238391336248924,5.622730094725509e-05,58.879520237832686,90.20670235115765,81.24400058460202,108.13210588426887,181062.0,1.5,1.0,2.63960000000003,15.0,0.006603629144030039,1.5,10.0,0.0037775763070414022,2.0,2.0,0.1931508954278767,0.02238391336248924,-0.07419153435144911,58.879520237832686,90.20670235115765,81.24400058460202,108.13210588426887,27.356276886975355,16.034415330464974,29.791211258044516,0.03513968022890649,0.0502033234600102,0.029999999999972715,0.03000000000002956,0.13999999999998636,1.0,6383.0,6383.0,2021-11-17,2021-11-17 13:55:00,1.1918203487642705,124.0,1.0,best_within_2.0d,6506.0,393.8,0.5682679193817181,2.63960000000003,15.0,0.006603629144030039,1.5,10.0,0.0037775763070414022,0.4929364202292669,5.6011759621451125,36.843533123028394,0.015614239272951093,2.82998018927445,22.52492113564669,0.007835530045022196,1.8630914826498424,0.00402220134195386,1.9444468750000041,16.553125,0.005470102952261012,1.0,1
6407.0,2021-11-17 16:00:00,397.64,397.67,396.9792,397.45,734936.0,1p,1p,1.0,buy,False,0.24261217438822652,1.6007999999999925,26.0,0.0040162577148878335,-0.0704483499096023,-0.07019891601180914,-0.10542309096661029,-0.00026494474249487236,40.673740450424866,36.783060195548586,40.56602009066672,29.21714040531232,734936.0,1.6007999999999925,0.0,1.6007999999999925,26.0,0.0040162577148878335,1.6007999999999925,0.0,0.0,1.0,1.0,-0.0704483499096023,-0.10542309096661029,-0.07019891601180914,40.673740450424866,36.783060195548586,40.56602009066672,29.21714040531232,14.62268196867532,30.549122536154588,18.03028197332917,-0.047781913288401,0.17401415489779423,0.03000000000002956,0.470799999999997,0.18999999999999773,0.0,6408.0,6408.0,2021-11-17,2021-11-17 16:00:00,1.9147062523587908,326.0,1.0,best_within_2.0d,6733.0,405.06,0.5832424107187206,4.3760036431226785,32.22527881040892,0.012230020343504162,2.285057100371749,15.890706319702602,0.006381710269403211,0.4929364202292669,5.6011759621451125,36.843533123028394,0.015614239272951093,2.82998018927445,22.52492113564669,0.007835530045022196,1.8630914826498424,0.00402220134195386,1.9444468750000041,16.553125,0.005470102952261012,0.0,0
6408.0,2021-11-17 16:05:00,397.5,397.85,396.95,397.05,191955.0,1p,1p,1.0,buy,False,0.38072143637525313,1.6299999999999955,27.0,0.004089517788147914,-0.1396585651364076,-0.08765623665386009,-0.15748551922206389,-0.0003958488567997907,35.007318935170474,26.99594048166015,36.04266022099786,8.902501002984735,191955.0,1.6299999999999955,0.0,1.6299999999999955,27.0,0.004089517788147914,1.6299999999999955,0.0,0.0,1.0,1.0,-0.1396585651364076,-0.15748551922206389,-0.08765623665386009,35.007318935170474,26.99594048166015,36.04266022099786,8.902501002984735,12.87386011056274,28.047186304002775,19.390941588692133,-0.11320754716980846,0.22672880715456206,0.35000000000002274,0.10000000000002274,0.44999999999998863,0.0,6409.0,6409.0,2021-11-17,2021-11-17 16:05:00,2.017378163959197,325.0,1.0,best_within_2.0d,6733.0,405.06,0.5832424107187206,4.3760036431226785,32.22527881040892,0.012230020343504162,2.285057100371749,15.890706319702602,0.006381710269403211,0.4929364202292669,5.6011759621451125,36.843533123028394,0.015614239272951093,2.82998018927445,22.52492113564669,0.007835530045022196,1.8630914826498424,0.00402220134195386,1.9444468750000041,16.553125,0.005470102952261012,1.0,0
6418.0,2021-11-17 16:55:00,397.81,397.87,397.63,397.86,18383.0,2s,2s,0.0,sell,False,0.29928777087437924,4.163492493946733,28.239017640954685,0.011578080659927173,0.10350056592554518,-0.1048741873110127,-0.0531239043482401,-0.00013356617386812235,53.19430386307282,86.58390516112182,71.69624601998888,116.35922344338769,18383.0,0.9200000000000159,1.0,2.63960000000003,15.0,0.006603629144030039,0.9200000000000159,11.0,0.0023176722509132535,1.0,2.5,0.10350056592554518,-0.0531239043482401,-0.1048741873110127,53.19430386307282,86.58390516112182,71.69624601998888,116.35922344338769,17.591209214902246,25.58677526627785,16.119161289751567,0.012568814258065754,0.060357618891937005,0.009999999999990905,0.18000000000000682,0.05000000000001137,1.0,6419.0,6419.0,2021-11-17,2021-11-17 16:55:00,1.02045945810084,88.0,1.0,best_within_2.0d,6506.0,393.8,0.5832424107187206,4.3760036431226785,32.22527881040892,0.012230020343504162,2.285057100371749,15.890706319702602,0.006381710269403211,0.29928777087437924,2.63960000000003,15.0,0.006603629144030039,0.9200000000000159,11.0,0.0023176722509132535,1.0,0.00402220134195386,1.9444468750000041,16.553125,0.005470102952261012,0.0,1
6419.0,2021-11-17 17:00:00,397.71,397.97,397.71,397.95,5766.0,2s,2s,0.0,sell,False,0.33717229883316907,4.163492493946733,28.239017640954685,0.011578080659927173,0.12335483761892346,-0.08945483260864726,-0.027777413799185524,-6.983624750071266e-05,55.33472092356456,89.98066795687484,77.79105333228419,114.3598972060561,5766.0,1.0200000000000387,1.0,2.63960000000003,15.0,0.006603629144030039,1.0200000000000387,12.0,0.0025695931477517035,1.0,2.5,0.12335483761892346,-0.027777413799185524,-0.08945483260864726,55.33472092356456,89.98066795687484,77.79105333228419,114.3598972060561,21.174549721925278,20.455125261492952,15.09123212333525,0.060345477860755094,0.06537426768249423,0.020000000000038654,0.0,0.2400000000000091,1.0,6420.0,6420.0,2021-11-17,2021-11-17 17:00:00,1.0428445784646256,87.0,1.0,best_within_2.0d,6506.0,393.8,0.5832424107187206,4.3760036431226785,32.22527881040892,0.012230020343504162,2.285057100371749,15.890706319702602,0.006381710269403211,0.33717229883316907,2.63960000000003,15.0,0.006603629144030039,1.0200000000000387,12.0,0.0025695931477517035,1.0,0.00402220134195386,1.9444468750000041,16.553125,0.005470102952261012,0.0,1
6420.0,2021-11-17 17:05:00,397.92,397.98,397.84,397.96,22691.0,2s,2s,0.0,sell,False,0.34096075162904377,4.163492493946733,28.239017640954685,0.011578080659927173,0.1322400845963251,-0.07292482203410662,-0.0068047797359440665,-1.7107487379134566e-05,55.57779685736542,92.013255762097,82.53178747555512,110.97619233518077,22691.0,1.0300000000000296,1.0,2.63960000000003,15.0,0.006603629144030039,1.0300000000000296,13.0,0.0025947852374355197,1.0,2.5,0.1322400845963251,-0.0068047797359440665,-0.07292482203410662,55.57779685736542,92.013255762097,82.53178747555512,110.97619233518077,22.95207388381883,16.170282529100316,15.251488635907194,0.010052271813420692,0.03519002614117314,0.020000000000038654,0.08000000000004093,0.03999999999996362,1.0,6421.0,6421.0,2021-11-17,2021-11-17 17:05:00,1.0453311890642196,86.0,1.0,best_within_2.0d,6506.0,393.8,0.5832424107187206,4.3760036431226785,32.22527881040892,0.012230020343504162,2.285057100371749,15.890706319702602,0.006381710269403211,0.34096075162904377,2.63960000000003,15.0,0.006603629144030039,1.0300000000000296,13.0,0.0025947852374355197,1.0,0.00402220134195386,1.9444468750000041,16.553125,0.005470102952261012,1.0,1
6428.0,2021-11-17 18:00:00,397.86,398.03,397.86,398.01,8348.0,2s,2s,0.0,sell,False,0.35990301560841714,4.163492493946733,28.239017640954685,0.011578080659927173,0.05097187517852393,0.002260653707783631,0.027746591297045597,6.974810984107302e-05,57.528319703245096,69.50244522299732,67.05623789206703,74.39485988485791,8348.0,1.079999999999984,1.0,2.63960000000003,15.0,0.006603629144030039,1.079999999999984,21.0,0.0027207456858546015,1.0,2.5,0.05097187517852393,0.027746591297045597,0.002260653707783631,57.528319703245096,69.50244522299732,67.05623789206703,74.39485988485791,34.755134281200895,23.749341758820858,15.66652619961438,0.037701704117020375,0.042728597999285946,0.01999999999998181,0.0,0.14999999999997726,1.0,6429.0,6429.0,2021-11-17,2021-11-17 18:00:00,1.057762367779699,78.0,1.0,best_within_2.0d,6506.0,393.8,0.5832424107187206,4.3760036431226785,32.22527881040892,0.012230020343504162,2.285057100371749,15.890706319702602,0.006381710269403211,0.35990301560841714,2.63960000000003,15.0,0.006603629144030039,1.079999999999984,21.0,0.0027207456858546015,1.0,0.00402220134195386,1.9444468750000041,16.553125,0.005470102952261012,0.0,1
6429.0,2021-11-17 18:05:00,398.04,398.08,397.98,397.98,7297.0,2s,2s,0.0,sell,False,0.37884527958781206,4.163492493946733,28.239017640954685,0.011578080659927173,0.055470411033427036,0.009194455086962011,0.03692966060367553,9.282917393553733e-05,56.244894765815374,72.26088940792647,68.79112173068684,79.20042476240573,7297.0,1.1299999999999955,1.0,2.63960000000003,15.0,0.006603629144030039,1.1299999999999955,22.0,0.0028467061342738265,1.0,2.5,0.055470411033427036,0.03692966060367553,0.009194455086962011,56.244894765815374,72.26088940792647,68.79112173068684,79.20042476240573,31.164570803719517,24.658283214871837,15.380005753986543,-0.015073861923425351,0.025126890798524017,0.03999999999996362,0.0,0.060000000000002274,0.0,6430.0,6430.0,2021-11-17,2021-11-17 18:05:00,1.050304035378664,77.0,1.0,best_within_2.0d,6506.0,393.8,0.5832424107187206,4.3760036431226785,32.22527881040892,0.012230020343504162,2.285057100371749,15.890706319702602,0.006381710269403211,0.37884527958781206,2.63960000000003,15.0,0.006603629144030039,1.1299999999999955,22.0,0.0028467061342738265,1.0,0.00402220134195386,1.9444468750000041,16.553125,0.005470102952261012,1.0,1
6440.0,2021-11-17 19:00:00,398.0,398.1,397.97,398.05,5400.0,2s,2s,0.0,sell,False,0.38642218517958293,4.163492493946733,28.239017640954685,0.011578080659927173,0.023317003240597045,0.054107263913043824,0.06576576553334235,0.00016527178801131374,57.536165163181195,81.71019367750104,77.72135390801611,89.6878732164709,5400.0,1.150000000000034,1.0,2.63960000000003,15.0,0.006603629144030039,1.150000000000034,33.0,0.0028970903136416024,1.0,2.5,0.023317003240597045,0.06576576553334235,0.054107263913043824,57.536165163181195,81.71019367750104,77.72135390801611,89.6878732164709,49.99999999999746,19.642857142858503,22.227077080638704,0.012562814070354615,0.032665778827548675,0.05000000000001137,0.029999999999972715,0.05000000000001137,1.0,6441.0,6441.0,2021-11-17,2021-11-17 19:00:00,1.0677050621781183,66.0,1.0,best_within_2.0d,6506.0,393.8,0.5832424107187206,4.3760036431226785,32.22527881040892,0.012230020343504162,2.285057100371749,15.890706319702602,0.006381710269403211,0.38642218517958293,2.63960000000003,15.0,0.006603629144030039,1.150000000000034,33.0,0.0028970903136416024,1.0,0.00402220134195386,1.9444468750000041,16.553125,0.005470102952261012,0.0,1
6441.0,2021-11-17 19:05:00,398.1,398.11,398.05,398.05,4438.0,2s,2s,0.0,sell,False,0.3902106379754576,4.163492493946733,28.239017640954685,0.011578080659927173,0.018427794302935313,0.056410738200910734,0.06562463535237839,0.00016491328334150226,57.53616516318119,73.52108149928446,76.32126310510556,67.92071828764227,4438.0,1.160000000000025,1.0,2.63960000000003,15.0,0.006603629144030039,1.160000000000025,34.0,0.002922282403325419,1.0,2.5,0.018427794302935313,0.06562463535237839,0.056410738200910734,57.53616516318119,73.52108149928446,76.32126310510556,67.92071828764227,48.30508474575953,18.644067796611477,23.80398567976085,-0.012559658377294993,0.015073483230750476,0.009999999999990905,0.0,0.05000000000001137,0.0,6442.0,6442.0,2021-11-17,2021-11-17 19:05:00,1.0677050621781183,65.0,1.0,best_within_2.0d,6506.0,393.8,0.5832424107187206,4.3760036431226785,32.22527881040892,0.012230020343504162,2.285057100371749,15.890706319702602,0.006381710269403211,0.3902106379754576,2.63960000000003,15.0,0.006603629144030039,1.160000000000025,34.0,0.002922282403325419,1.0,0.00402220134195386,1.9444468750000041,16.553125,0.005470102952261012,0.0,1
6444.0,2021-11-17 19:20:00,398.11,398.11,398.07,398.11,2050.0,2s,2s,0.0,sell,False,0.3902106379754576,4.163492493946733,28.239017640954685,0.011578080659927173,0.006574708236416843,0.057131167417344406,0.06041852153555283,0.00015182257430232837,59.267174316742754,66.22846859237663,62.916250253149954,72.85290527082998,2050.0,1.160000000000025,1.0,2.63960000000003,15.0,0.006603629144030039,1.160000000000025,37.0,0.002922282403325419,1.0,2.5,0.006574708236416843,0.06041852153555283,0.057131167417344406,59.267174316742754,66.22846859237663,62.916250253149954,72.85290527082998,37.37373737373894,18.181818181816617,22.03916501774029,0.0,0.01004848393499145,0.0,0.040000000000020464,0.0,0.0,6445.0,6445.0,2021-11-17,2021-11-17 19:20:00,1.0826153575644928,62.0,1.0,best_within_2.0d,6506.0,393.8,0.5832424107187206,4.3760036431226785,32.22527881040892,0.012230020343504162,2.285057100371749,15.890706319702602,0.006381710269403211,0.3902106379754576,2.63960000000003,15.0,0.006603629144030039,1.160000000000025,37.0,0.002922282403325419,1.0,0.00402220134195386,1.9444468750000041,16.553125,0.005470102952261012,0.0,1
6445.0,2021-11-17 19:25:00,398.11,398.12,398.07,398.1,2460.0,2s,2s,0.0,sell,False,0.39399909077133227,4.163492493946733,28.239017640954685,0.011578080659927173,0.008920716547017912,0.058246256985721646,0.0627066152592306,0.00015756794781519566,58.58058962131118,73.56407710080404,66.46552586903465,87.76117956434283,2460.0,1.170000000000016,1.0,2.63960000000003,15.0,0.006603629144030039,1.170000000000016,38.0,0.0029474744930092353,1.0,2.5,0.008920716547017912,0.0627066152592306,0.058246256985721646,58.58058962131118,73.56407710080404,66.46552586903465,87.76117956434283,38.00000000000091,17.999999999998636,23.01595935320813,-0.0025118685790336604,0.012560604918735743,0.009999999999990905,0.03000000000002956,0.009999999999990905,0.0,6446.0,6446.0,2021-11-17,2021-11-17 19:25:00,1.0801306204471266,61.0,1.0,best_within_2.0d,6506.0,393.8,0.5832424107187206,4.3760036431226785,32.22527881040892,0.012230020343504162,2.285057100371749,15.890706319702602,0.006381710269403211,0.39399909077133227,2.63960000000003,15.0,0.006603629144030039,1.170000000000016,38.0,0.0029474744930092353,1.0,0.00402220134195386,1.9444468750000041,16.553125,0.005470102952261012,0.0,1
6448.0,2021-11-17 19:40:00,398.1299,398.1299,398.1,398.1,2297.0,2s,2s,0.0,sell,False,0.3977496590392577,4.163492493946733,28.239017640954685,0.011578080659927173,0.004459487108048471,0.06057025628088401,0.06279999983490825,0.0001577918640840644,58.41064442701848,81.39826090722454,76.0269900380537,92.14080264556623,2297.0,1.179900000000032,1.0,2.63960000000003,15.0,0.006603629144030039,1.179900000000032,41.0,0.0029724146617962767,1.0,2.5,0.004459487108048471,0.06279999983490825,0.06057025628088401,58.41064442701848,81.39826090722454,76.0269900380537,92.14080264556623,30.11206169417859,25.304253524514813,21.6772818327239,-0.0075101116494887266,0.00751067570962015,0.0,0.0,0.029899999999997817,0.0,6449.0,6449.0,2021-11-17,2021-11-17 19:40:00,1.0801306204471266,58.0,1.0,best_within_2.0d,6506.0,393.8,0.5832424107187206,4.3760036431226785,32.22527881040892,0.012230020343504162,2.285057100371749,15.890706319702602,0.006381710269403211,0.3977496590392577,2.63960000000003,15.0,0.006603629144030039,1.179900000000032,41.0,0.0029724146617962767,1.0,0.00402220134195386,1.9444468750000041,16.553125,0.005470102952261012,0.0,1
6449.0,2021-11-17 19:45:00,398.1,398.23,398.1,398.2,3139.0,2s,2s,0.0,sell,False,0.4356720715259968,4.163492493946733,28.239017640954685,0.011578080659927173,0.014576174088936716,0.062392278042001106,0.06968036508646946,0.00017507277700107456,63.89445920161861,84.02741203338465,78.69379736983068,94.6946413604926,3139.0,1.2800000000000296,1.0,2.63960000000003,15.0,0.006603629144030039,1.2800000000000296,42.0,0.003224587479531502,1.0,2.5,0.014576174088936716,0.06968036508646946,0.062392278042001106,63.89445920161861,84.02741203338465,78.69379736983068,94.6946413604926,35.487686848049194,22.583073448753574,21.716206146260244,0.02511931675457571,0.03265511178095842,0.03000000000002956,0.0,0.0999999999999659,1.0,6450.0,6450.0,2021-11-17,2021-11-17 19:45:00,1.1049723756906022,57.0,1.0,best_within_2.0d,6506.0,393.8,0.5832424107187206,4.3760036431226785,32.22527881040892,0.012230020343504162,2.285057100371749,15.890706319702602,0.006381710269403211,0.4356720715259968,2.63960000000003,15.0,0.006603629144030039,1.2800000000000296,42.0,0.003224587479531502,1.0,0.00402220134195386,1.9444468750000041,16.553125,0.005470102952261012,0.0,1
6506.0,2021-11-18 08:40:00,397.46,397.5,396.64,396.94,520889.0,2s,2s,1.0,buy,False,0.23325062034739555,4.163492493946733,28.239017640954685,0.011578080659927173,-0.0687299686717199,-0.05756400410383038,-0.09192898843969033,-0.000231232204913895,32.5124580045337,41.584588375419756,51.18889935183307,22.375966422593123,520889.0,1.4600000000000364,1.0,4.029999999999973,29.0,0.010240121966713181,1.4600000000000364,35.0,0.0036674202461693954,4.0,2.5,-0.0687299686717199,-0.09192898843969033,-0.05756400410383038,32.5124580045337,41.584588375419756,51.18889935183307,22.375966422593123,9.507696706859333,35.733689176952545,41.44994981828789,-0.13083077542393745,0.2168212989108546,0.040000000000020464,0.30000000000001137,0.5199999999999818,0.0,6507.0,6507.0,2021-11-18,2021-11-18 08:40:00,2.0456492165062743,227.0,1.0,best_within_2.0d,6733.0,405.06,0.5832424107187206,4.3760036431226785,32.22527881040892,0.012230020343504162,2.285057100371749,15.890706319702602,0.006381710269403211,0.23325062034739555,4.029999999999973,29.0,0.010240121966713181,1.4600000000000364,35.0,0.0036674202461693954,4.0,0.00402220134195386,1.9444468750000041,16.553125,0.005470102952261012,0.0,0
6506.0,2021-11-18 08:40:00,397.56,397.56,397.5,397.5,1300.0,2s,2s,1.0,buy,False,0.019851116625306357,4.163492493946733,28.239017640954685,0.011578080659927173,-0.08877870445292846,0.07254298812313609,0.028153635896671858,7.079385910855586e-05,39.71764310809715,16.051838715081196,24.34417065239169,-0.5328251595397901,1300.0,0.5199999999999818,1.0,4.029999999999973,29.0,0.010240121966713181,0.5199999999999818,12.0,0.0013064670117079087,3.0,2.5,-0.08877870445292846,0.028153635896671858,0.07254298812313609,39.71764310809715,16.051838715081196,24.34417065239169,-0.5328251595397901,23.622047244092304,53.54330708661787,29.908978450521634,-0.0150920615756118,0.015094339622642082,0.0,0.0,0.060000000000002274,0.0,6507.0,6507.0,2021-11-18,2021-11-18 08:40:00,2.0456492165062743,227.0,1.0,best_within_2.0d,6733.0,405.06,0.5832424107187206,4.3760036431226785,32.22527881040892,0.012230020343504162,2.285057100371749,15.890706319702602,0.006381710269403211,0.019851116625306357,4.029999999999973,29.0,0.010240121966713181,0.5199999999999818,12.0,0.0013064670117079087,3.0,0.00402220134195386,1.9444468750000041,16.553125,0.005470102952261012,0.0,0
6506.0,2021-11-18 08:40:00,397.22,397.34,397.05,397.32,8409.0,2s,2s,1.0,buy,False,0.131513647642674,4.163492493946733,28.239017640954685,0.011578080659927173,-0.035210615622303626,-0.0379916631022756,-0.05559697091342741,-0.0001399195029984791,48.698055526502955,31.88832162739834,19.141109309090723,57.382746264013576,8409.0,0.8700000000000045,1.0,4.029999999999973,29.0,0.010240121966713181,0.8700000000000045,18.0,0.0021863691194210005,2.0,2.5,-0.035210615622303626,-0.05559697091342741,-0.0379916631022756,48.698055526502955,31.88832162739834,19.141109309090723,57.382746264013576,4.672897196263023,25.700934579438655,35.720659812481536,0.02517496601378729,0.07303866011836384,0.01999999999998181,0.17000000000001592,0.0999999999999659,1.0,6507.0,6507.0,2021-11-18,2021-11-18 08:40:00,2.0456492165062743,227.0,1.0,best_within_2.0d,6733.0,405.06,0.5832424107187206,4.3760036431226785,32.22527881040892,0.012230020343504162,2.285057100371749,15.890706319702602,0.006381710269403211,0.131513647642674,4.029999999999973,29.0,0.010240121966713181,0.8700000000000045,18.0,0.0021863691194210005,2.0,0.00402220134195386,1.9444468750000041,16.553125,0.005470102952261012,0.0,0
6506.0,2021-11-18 08:40:00,393.7,393.84,393.55,393.8,42511.0,1p,1p,1.0,buy,False,1.9693583856074148,1.4499999999999886,28.0,0.0036708860759493383,-0.20438067730169834,-0.05848867030416536,-0.16067900895501452,-0.0004074053020103966,32.64831625851177,14.560902798305072,24.14900219403061,-4.615295993146006,42511.0,1.4499999999999886,0.0,1.4499999999999886,28.0,0.0036708860759493383,1.4499999999999886,0.0,0.0,1.0,1.0,-0.20438067730169834,-0.16067900895501452,-0.05848867030416536,32.64831625851177,14.560902798305072,24.14900219403061,-4.615295993146006,11.636677082211616,36.83870272599982,52.07953278035309,0.025400050800107377,0.07368822258924243,0.03999999999996362,0.14999999999997726,0.10000000000002274,1.0,6507.0,6507.0,2021-11-18,2021-11-18 08:40:00,2.0456492165062743,227.0,1.0,best_within_2.0d,6733.0,405.06,0.5832424107187206,4.3760036431226785,32.22527881040892,0.012230020343504162,2.285057100371749,15.890706319702602,0.006381710269403211,0.4929364202292669,5.6011759621451125,36.843533123028394,0.015614239272951093,2.82998018927445,22.52492113564669,0.007835530045022196,1.8630914826498424,0.00402220134195386,1.9444468750000041,16.553125,0.005470102952261012,0.0,0
6506.0,2021-11-18 08:40:00,397.08,397.16,396.83,396.88,142253.0,2,2,1.0,buy,False,0.18610421836228414,4.163492493946733,28.239017640954685,0.011578080659927173,-0.04252608320756757,0.517499898701085,0.49623685709730125,0.0012519252102859775,59.704528497905905,40.38629294460485,61.34432225893968,-1.529765684064813,142253.0,0.75,1.0,4.029999999999973,29.0,0.010240121966713181,0.75,6.0,0.0018864127974244178,2.0,2.0,-0.04252608320756757,0.49623685709730125,0.517499898701085,59.704528497905905,40.38629294460485,61.34432225893968,-1.529765684064813,44.94239777186974,11.49934590876666,49.3114648025653,-0.050367684093882495,0.0831590353552002,0.08000000000004093,0.05000000000001137,0.19999999999998863,0.0,6507.0,6507.0,2021-11-18,2021-11-18 08:40:00,2.0456492165062743,227.0,1.0,best_within_2.0d,6733.0,405.06,0.18610421836228414,4.029999999999973,29.0,0.010240121966713181,0.75,6.0,0.0018864127974244178,0.4929364202292669,5.6011759621451125,36.843533123028394,0.015614239272951093,2.82998018927445,22.52492113564669,0.007835530045022196,1.8630914826498424,0.00402220134195386,1.9444468750000041,16.553125,0.005470102952261012,0.0,0
6506.0,2021-11-18 08:40:00,397.32,397.33,396.97,397.23,385124.0,2s,2s,1.0,buy,False,0.15136476426798037,4.163492493946733,28.239017640954685,0.011578080659927173,-0.13358657683371478,0.12091140470043293,0.054118116283575546,0.00013617546867678097,44.122698087477445,27.914383196299532,31.52384142067286,20.695466747552885,385124.0,0.9599999999999795,1.0,4.029999999999973,29.0,0.010240121966713181,0.9599999999999795,13.0,0.0024124846078455494,1.0,2.5,-0.13358657683371478,0.054118116283575546,0.12091140470043293,44.122698087477445,27.914383196299532,31.52384142067286,20.695466747552885,9.275603663613758,33.97169025811701,31.660168628667712,-0.022651766837807057,0.09068695367407029,0.009999999999990905,0.2599999999999909,0.08999999999997499,0.0,6507.0,6507.0,2021-11-18,2021-11-18 08:40:00,2.0456492165062743,227.0,1.0,best_within_2.0d,6733.0,405.06,0.5832424107187206,4.3760036431226785,32.22527881040892,0.012230020343504162,2.285057100371749,15.890706319702602,0.006381710269403211,0.15136476426798037,4.029999999999973,29.0,0.010240121966713181,0.9599999999999795,13.0,0.0024124846078455494,1.0,0.00402220134195386,1.9444468750000041,16.553125,0.005470102952261012,0.0,0
6506.0,2021-11-18 08:40:00,394.78,394.88,394.78,394.86,14355.0,1p,1p,0.0,sell,False,0.18224466417520346,0.9699999999999704,28.0,0.002462491432052932,-0.04049621477967405,0.10738101189936784,0.08713290450953082,0.00022079174914198393,64.47717631680658,66.08312500093048,52.89313703217604,92.46310093843937,14355.0,0.9699999999999704,0.0,0.9699999999999704,28.0,0.002462491432052932,0.9699999999999704,0.0,0.0,1.0,1.0,-0.04049621477967405,0.08713290450953082,0.10738101189936784,64.47717631680658,66.08312500093048,52.89313703217604,92.46310093843937,26.865671641793703,26.86567164178946,23.834969086737825,0.02026445108669156,0.025330563858357247,0.01999999999998181,0.0,0.08000000000004093,1.0,6507.0,6507.0,2021-11-18,2021-11-18 08:40:00,2.0456492165062743,227.0,1.0,best_within_2.0d,6733.0,405.06,0.5832424107187206,4.3760036431226785,32.22527881040892,0.012230020343504162,2.285057100371749,15.890706319702602,0.006381710269403211,0.4929364202292669,5.6011759621451125,36.843533123028394,0.015614239272951093,2.82998018927445,22.52492113564669,0.007835530045022196,1.8630914826498424,0.00402220134195386,1.9444468750000041,16.553125,0.005470102952261012,0.0,1
6515.0,2021-11-18 09:25:00,397.5,397.54,397.08,397.54,238800.0,2s,2s,1.0,buy,False,0.12406947890818942,4.163492493946733,28.239017640954685,0.011578080659927173,-0.24637008308381986,-0.09633654070532924,-0.21952158224723917,-0.000551486076904763,40.30568333767088,28.35042035768152,24.12737437195946,36.796512329125655,238800.0,2.63960000000003,1.0,4.029999999999973,29.0,0.010240121966713181,2.63960000000003,15.0,0.006603629144030039,5.0,2.5,-0.24637008308381986,-0.21952158224723917,-0.09633654070532924,40.30568333767088,28.35042035768152,24.12737437195946,36.796512329125655,11.261247614142656,41.96079619474744,37.287764415022274,0.010062893081766154,0.1158456734159455,0.0,0.4200000000000159,0.040000000000020464,1.0,6516.0,6516.0,2021-11-18,2021-11-18 09:25:00,2.017378163959197,218.0,1.0,best_within_2.0d,6733.0,405.06,0.5832424107187206,4.3760036431226785,32.22527881040892,0.012230020343504162,2.285057100371749,15.890706319702602,0.006381710269403211,0.12406947890818942,4.029999999999973,29.0,0.010240121966713181,2.63960000000003,15.0,0.006603629144030039,5.0,0.00402220134195386,1.9444468750000041,16.553125,0.005470102952261012,0.0,0
6515.0,2021-11-18 09:25:00,397.5,397.85,396.95,397.05,191955.0,2s,"1p,2s",1.0,buy,False,0.38072143637608286,1.6299999999999955,27.0,0.004089517788147914,-0.13965856513632763,-0.08765623665395691,-0.15748551922212073,-0.00039584885679993354,35.007318935170844,26.99594048166015,36.04266022099786,8.902501002984735,191955.0,1.6299999999999955,0.0,1.6299999999999955,27.0,0.004089517788147914,1.6299999999999955,0.0,0.0,1.0,1.0,-0.13965856513632763,-0.15748551922212073,-0.08765623665395691,35.007318935170844,26.99594048166015,36.04266022099786,8.902501002984735,12.87386011056274,28.047186304002775,19.39094158866912,-0.11320754716980846,0.22672880715456206,0.35000000000002274,0.10000000000002274,0.44999999999998863,0.0,6516.0,6516.0,2021-11-18,2021-11-18 09:25:00,2.017378163959197,218.0,1.0,best_within_2.0d,6733.0,405.06,0.5832424107187206,4.3760036431226785,32.22527881040892,0.012230020343504162,2.285057100371749,15.890706319702602,0.006381710269403211,0.15632754342431754,4.029999999999973,29.0,0.010240121966713181,1.6299999999999955,27.0,0.004089517788147914,6.0,0.00402220134195386,1.9444468750000041,16.553125,0.005470102952261012,0.0,0
6525.0,2021-11-18 10:15:00,398.24,398.63,397.82,397.82,934477.0,2,2,1.0,buy,False,0.7410714285714283,4.163492493946733,28.239017640954685,0.011578080659927173,-0.33623959277710386,-0.07796992506958175,-0.24608972145813368,-0.000616154579753404,30.791973167612582,26.983827884334488,43.39643242007132,-5.841381187139177,934477.0,2.490000000000009,1.0,3.3600000000000136,112.0,0.00846454213377003,2.490000000000009,7.0,0.006220179360995251,2.0,2.0,-0.33623959277710386,-0.24608972145813368,-0.07796992506958175,30.791973167612582,26.983827884334488,43.39643242007132,-5.841381187139177,16.155005334770035,29.36873714430282,34.06859653994524,-0.10546404178385294,0.20360967271630445,0.38999999999998636,0.0,0.4200000000000159,0.0,6526.0,6526.0,2021-11-18,2021-11-18 10:15:00,1.819918556130916,208.0,1.0,best_within_2.0d,6733.0,405.06,0.7410714285714283,3.3600000000000136,112.0,0.00846454213377003,2.490000000000009,7.0,0.006220179360995251,0.4929364202292669,5.6011759621451125,36.843533123028394,0.015614239272951093,2.82998018927445,22.52492113564669,0.007835530045022196,1.8630914826498424,0.00402220134195386,1.9444468750000041,16.553125,0.005470102952261012,0.0,0
6526.0,2021-11-18 10:20:00,397.82,398.41,397.45,398.19,937137.0,2,2,1.0,buy,False,0.8511904761904768,4.163492493946733,28.239017640954685,0.011578080659927173,-0.36235366791840923,-0.1232641335593829,-0.3044409675185875,-0.0007624238190133054,36.49116833623029,26.61392721426501,37.80226401813589,4.237253606523268,937137.0,2.8600000000000136,1.0,3.3600000000000136,112.0,0.00846454213377003,2.8600000000000136,8.0,0.007144463041143148,2.0,2.0,-0.36235366791840923,-0.3044409675185875,-0.1232641335593829,36.49116833623029,26.61392721426501,37.80226401813589,4.237253606523268,13.257625642012474,30.796349011781597,34.478832344844946,0.09300688753707823,0.24153981632910718,0.22000000000002728,0.37000000000000455,0.37000000000000455,1.0,6527.0,6527.0,2021-11-18,2021-11-18 10:20:00,1.7253070142394344,207.0,1.0,best_within_2.0d,6733.0,405.06,0.8511904761904768,3.3600000000000136,112.0,0.00846454213377003,2.8600000000000136,8.0,0.007144463041143148,0.4929364202292669,5.6011759621451125,36.843533123028394,0.015614239272951093,2.82998018927445,22.52492113564669,0.007835530045022196,1.8630914826498424,0.00402220134195386,1.9444468750000041,16.553125,0.005470102952261012,1.0,0
6540.0,2021-11-18 11:30:00,399.44,400.6701,399.44,400.535,617669.0,1p,1p,0.0,sell,False,1.0002717113912347,3.220100000000002,15.0,0.008101899610013844,0.4128178191958546,-0.1106206630635586,0.09578824653436868,0.00023996098056904347,65.04209942782254,84.50995048555762,75.8095789576224,101.91069354142806,617669.0,3.220100000000002,0.0,3.220100000000002,15.0,0.008101899610013844,3.220100000000002,0.0,0.0,1.0,1.0,0.4128178191958546,0.09578824653436868,-0.1106206630635586,65.04209942782254,84.50995048555762,75.8095789576224,101.91069354142806,35.60855062936722,8.764882039295568,27.3746131324149,0.2741337873022299,0.3079561385940299,0.1350999999999658,0.0,1.0950000000000273,1.0,6541.0,6541.0,2021-11-18,2021-11-18 11:30:00,0.00499332143259357,36.0,1.0,best_within_2.0d,6576.0,400.515,0.5832424107187206,4.3760036431226785,32.22527881040892,0.012230020343504162,2.285057100371749,15.890706319702602,0.006381710269403211,0.4929364202292669,5.6011759621451125,36.843533123028394,0.015614239272951093,2.82998018927445,22.52492113564669,0.007835530045022196,1.8630914826498424,0.00402220134195386,1.9444468750000041,16.553125,0.005470102952261012,0.0,1
6541.0,2021-11-18 11:35:00,400.51,400.94,400.31,400.74,483375.0,1p,1p,0.0,sell,False,1.2247365021457586,3.490000000000009,16.0,0.008780978739464106,0.5054557138301589,-0.04743869883478874,0.2052891580802907,0.0005141252404764272,66.56932571353325,87.25784138650714,79.62566643391732,102.52219129168677,483375.0,3.490000000000009,0.0,3.490000000000009,16.0,0.008780978739464106,3.490000000000009,0.0,0.0,1.0,1.0,0.5054557138301589,0.2052891580802907,-0.04743869883478874,66.56932571353325,87.25784138650714,79.62566643391732,102.52219129168677,37.74777568399242,8.587171719580807,29.914595261125577,0.057426780854415174,0.15737803202517936,0.19999999999998863,0.19999999999998863,0.2300000000000182,1.0,6542.0,6542.0,2021-11-18,2021-11-18 11:35:00,0.056146129660134436,35.0,1.0,best_within_2.0d,6576.0,400.515,0.5832424107187206,4.3760036431226785,32.22527881040892,0.012230020343504162,2.285057100371749,15.890706319702602,0.006381710269403211,0.4929364202292669,5.6011759621451125,36.843533123028394,0.015614239272951093,2.82998018927445,22.52492113564669,0.007835530045022196,1.8630914826498424,0.00402220134195386,1.9444468750000041,16.553125,0.005470102952261012,0.0,1
6542.0,2021-11-18 11:40:00,400.75,401.23,400.6142,401.17,559862.0,1p,1p,0.0,sell,False,1.4363036979869692,3.7800000000000296,17.0,0.00951063026795831,0.5927706977549518,0.02665763838458024,0.32304298726205616,0.0008087465336631138,69.57214164440454,90.8494898860867,83.36694091797378,105.81458782231255,559862.0,3.7800000000000296,0.0,3.7800000000000296,17.0,0.00951063026795831,3.7800000000000296,0.0,0.0,1.0,1.0,0.5927706977549518,0.32304298726205616,0.02665763838458024,69.57214164440454,90.8494898860867,83.36694091797378,105.81458782231255,37.09109331274767,8.684743800057507,32.210362454500974,0.10480349344978562,0.15371397219570243,0.060000000000002274,0.13580000000001746,0.4200000000000159,1.0,6543.0,6543.0,2021-11-18,2021-11-18 11:40:00,0.16327242814767542,34.0,1.0,best_within_2.0d,6576.0,400.515,0.5832424107187206,4.3760036431226785,32.22527881040892,0.012230020343504162,2.285057100371749,15.890706319702602,0.006381710269403211,0.4929364202292669,5.6011759621451125,36.843533123028394,0.015614239272951093,2.82998018927445,22.52492113564669,0.007835530045022196,1.8630914826498424,0.00402220134195386,1.9444468750000041,16.553125,0.005470102952261012,0.0,1
6543.0,2021-11-18 11:45:00,401.17,401.68,401.17,401.42,663455.0,1p,1p,0.0,sell,False,1.569754944068107,4.230000000000018,18.0,0.010642848157000926,0.6478467853307575,0.10763848655092492,0.4315618792163036,0.0010800291616511126,71.19226797375337,91.4234694478674,86.05245042793831,102.16550748772556,663455.0,4.230000000000018,0.0,4.230000000000018,18.0,0.010642848157000926,4.230000000000018,0.0,0.0,1.0,1.0,0.6478467853307575,0.4315618792163036,0.10763848655092492,71.19226797375337,91.4234694478674,86.05245042793831,102.16550748772556,39.03585696190224,8.76936568254855,34.431915272810166,0.06231772066704888,0.12712815016077744,0.2599999999999909,0.0,0.25,1.0,6544.0,6544.0,2021-11-18,2021-11-18 11:45:00,0.22544965372926848,33.0,1.0,best_within_2.0d,6576.0,400.515,0.5832424107187206,4.3760036431226785,32.22527881040892,0.012230020343504162,2.285057100371749,15.890706319702602,0.006381710269403211,0.4929364202292669,5.6011759621451125,36.843533123028394,0.015614239272951093,2.82998018927445,22.52492113564669,0.007835530045022196,1.8630914826498424,0.00402220134195386,1.9444468750000041,16.553125,0.005470102952261012,1.0,1
6551.0,2021-11-18 12:25:00,401.62,401.87,401.6,401.86,342470.0,1p,1p,0.0,sell,False,1.5697549440681025,4.420000000000016,26.0,0.01112089571015226,0.26169052371633184,0.5371619886644121,0.668007250522578,0.0016681199368019073,71.35240682366639,92.32924049814171,89.05754965835753,98.8726221777101,342470.0,4.420000000000016,0.0,4.420000000000016,26.0,0.01112089571015226,4.420000000000016,0.0,0.0,1.0,1.0,0.26169052371633184,0.668007250522578,0.5371619886644121,71.35240682366639,92.32924049814171,89.05754965835753,98.8726221777101,44.39855446566801,3.785923249010944,53.96357627741156,0.059757980180272174,0.06723107569720663,0.009999999999990905,0.01999999999998181,0.2400000000000091,1.0,6552.0,6552.0,2021-11-18,2021-11-18 12:25:00,0.3346936744139818,25.0,1.0,best_within_2.0d,6576.0,400.515,0.5832424107187206,4.3760036431226785,32.22527881040892,0.012230020343504162,2.285057100371749,15.890706319702602,0.006381710269403211,0.4929364202292669,5.6011759621451125,36.843533123028394,0.015614239272951093,2.82998018927445,22.52492113564669,0.007835530045022196,1.8630914826498424,0.00402220134195386,1.9444468750000041,16.553125,0.005470102952261012,0.0,1
6552.0,2021-11-18 12:30:00,401.86,401.94,401.61,401.7,375062.0,1p,1p,0.0,sell,False,1.5697549440681025,4.490000000000009,27.0,0.01129701849289221,0.20380432969379259,0.5626375298761361,0.6645396947230324,0.0016590788772640884,68.11016396707855,86.09495154088559,88.07001695253355,82.14482071758968,375062.0,4.490000000000009,0.0,4.490000000000009,27.0,0.01129701849289221,4.490000000000009,0.0,0.0,1.0,1.0,0.20380432969379259,0.6645396947230324,0.5626375298761361,68.11016396707855,86.09495154088559,88.07001695253355,82.14482071758968,44.37971213159646,3.769705277587848,56.1334377583589,-0.03981486089683597,0.08216926869350466,0.07999999999998408,0.08999999999997499,0.160000000000025,0.0,6553.0,6553.0,2021-11-18,2021-11-18 12:30:00,0.29499626587005284,24.0,1.0,best_within_2.0d,6576.0,400.515,0.5832424107187206,4.3760036431226785,32.22527881040892,0.012230020343504162,2.285057100371749,15.890706319702602,0.006381710269403211,0.4929364202292669,5.6011759621451125,36.843533123028394,0.015614239272951093,2.82998018927445,22.52492113564669,0.007835530045022196,1.8630914826498424,0.00402220134195386,1.9444468750000041,16.553125,0.005470102952261012,1.0,1
6570.0,2021-11-18 14:00:00,400.64,400.78,400.17,400.6211,310319.0,2s,2s,1.0,buy,False,0.04166666666666244,4.163492493946733,28.239017640954685,0.011578080659927173,-0.18062247225868208,0.11182102507112583,0.02150978894178479,5.3678666735024995e-05,48.10652863447098,37.31398812084426,32.746856095143315,46.44825217224614,310319.0,1.7699999999999818,1.0,3.3600000000000136,112.0,0.00846454213377003,1.7699999999999818,19.0,0.0044036423346767726,1.0,2.5,-0.18062247225868208,0.02150978894178479,0.11182102507112583,48.10652863447098,37.31398812084426,32.746856095143315,46.44825217224614,12.167263946646614,22.579099672294866,41.26947322794291,-0.004717452076670756,0.1524352150335999,0.13999999999998636,0.4510999999999967,0.018899999999973716,0.0,6571.0,6571.0,2021-11-18,2021-11-18 14:00:00,1.108004545941287,163.0,1.0,best_within_2.0d,6733.0,405.06,0.5832424107187206,4.3760036431226785,32.22527881040892,0.012230020343504162,2.285057100371749,15.890706319702602,0.006381710269403211,0.04166666666666244,3.3600000000000136,112.0,0.00846454213377003,1.7699999999999818,19.0,0.0044036423346767726,1.0,0.00402220134195386,1.9444468750000041,16.553125,0.005470102952261012,1.0,0
6576.0,2021-11-18 14:30:00,400.47,400.535,399.93,400.515,384384.0,2s,2s,1.0,buy,False,0.11309523809523628,4.163492493946733,28.239017640954685,0.011578080659927173,-0.12048244873959504,0.03387824695322962,-0.0263629774165679,-6.579390984884691e-05,45.95430804960655,46.64670139190174,48.86436276264075,42.21137865042374,384384.0,2.009999999999991,1.0,3.3600000000000136,112.0,0.00846454213377003,2.009999999999991,25.0,0.005000746380056703,1.0,2.5,-0.12048244873959504,-0.0263629774165679,0.03387824695322962,45.95430804960655,46.64670139190174,48.86436276264075,42.21137865042374,11.337232434152346,31.568791278746684,36.857153495884994,0.011236796763792313,0.15127647338284655,0.020000000000038654,0.5400000000000205,0.04499999999995907,1.0,6577.0,6577.0,2021-11-18,2021-11-18 14:30:00,1.1347889592150147,157.0,1.0,best_within_2.0d,6733.0,405.06,0.5832424107187206,4.3760036431226785,32.22527881040892,0.012230020343504162,2.285057100371749,15.890706319702602,0.006381710269403211,0.11309523809523628,3.3600000000000136,112.0,0.00846454213377003,2.009999999999991,25.0,0.005000746380056703,1.0,0.00402220134195386,1.9444468750000041,16.553125,0.005470102952261012,1.0,0
6580.0,2021-11-18 14:50:00,400.89,401.17,400.84,401.07,182191.0,2,2,0.0,sell,False,0.6169154228855794,4.163492493946733,28.239017640954685,0.011578080659927173,0.03229821633006821,0.018444028251754077,0.034593136416788184,8.632322465024346e-05,58.29129203460345,75.95979281260614,64.23739954873561,99.4045793403472,182191.0,1.240000000000009,1.0,2.009999999999991,25.0,0.005000746380056703,1.240000000000009,5.0,0.0031005425949541397,2.0,2.0,0.03229821633006821,0.034593136416788184,0.018444028251754077,58.29129203460345,75.95979281260614,64.23739954873561,99.4045793403472,20.384661283264137,28.380206054337915,34.87979331293957,0.04490009728354581,0.08232711306257881,0.10000000000002274,0.05000000000001137,0.18000000000000682,1.0,6581.0,6581.0,2021-11-18,2021-11-18 14:50:00,0.13837983394420098,193.0,1.0,best_within_2.0d,6773.0,400.515,0.6169154228855794,2.009999999999991,25.0,0.005000746380056703,1.240000000000009,5.0,0.0031005425949541397,0.4929364202292669,5.6011759621451125,36.843533123028394,0.015614239272951093,2.82998018927445,22.52492113564669,0.007835530045022196,1.8630914826498424,0.00402220134195386,1.9444468750000041,16.553125,0.005470102952261012,0.0,1
6583.0,2021-11-18 15:05:00,401.08,401.5,401.045,401.44,307915.0,2,2,0.0,sell,False,0.7810945273631842,4.163492493946733,28.239017640954685,0.011578080659927173,0.12008071177242469,0.04631465028812756,0.1063550061743399,0.00026533935524360565,63.92419369290124,87.06306640299786,77.79389449566736,105.6014102176589,307915.0,1.5699999999999932,1.0,2.009999999999991,25.0,0.005000746380056703,1.5699999999999932,8.0,0.003925686995224147,2.0,2.0,0.12008071177242469,0.1063550061743399,0.04631465028812756,63.92419369290124,87.06306640299786,77.79389449566736,105.6014102176589,25.962990936556206,22.847432024169077,30.336315959597346,0.08975765433330349,0.11345360246355995,0.060000000000002274,0.03499999999996817,0.36000000000001364,1.0,6584.0,6584.0,2021-11-18,2021-11-18 15:05:00,0.23042048624950462,190.0,1.0,best_within_2.0d,6773.0,400.515,0.7810945273631842,2.009999999999991,25.0,0.005000746380056703,1.5699999999999932,8.0,0.003925686995224147,0.4929364202292669,5.6011759621451125,36.843533123028394,0.015614239272951093,2.82998018927445,22.52492113564669,0.007835530045022196,1.8630914826498424,0.00402220134195386,1.9444468750000041,16.553125,0.005470102952261012,0.0,1
6584.0,2021-11-18 15:10:00,401.43,401.54,401.28,401.37,185012.0,2,2,0.0,sell,False,0.8009950248756323,4.163492493946733,28.239017640954685,0.011578080659927173,0.1392733882024181,0.06372382381342982,0.13336051791463888,0.0003326805228776425,61.97866239402434,87.85570886493822,81.14783261875763,101.27146135729942,185012.0,1.6100000000000136,1.0,2.009999999999991,25.0,0.005000746380056703,1.6100000000000136,9.0,0.004025704498287234,2.0,2.0,0.1392733882024181,0.13336051791463888,0.06372382381342982,61.97866239402434,87.85570886493822,81.14783261875763,101.27146135729942,28.608976951071835,18.600889607764074,29.68366078169401,-0.014946566026455986,0.0647926634768859,0.11000000000001364,0.09000000000003183,0.060000000000002274,0.0,6585.0,6585.0,2021-11-18,2021-11-18 15:10:00,0.21302040511249426,189.0,1.0,best_within_2.0d,6773.0,400.515,0.8009950248756323,2.009999999999991,25.0,0.005000746380056703,1.6100000000000136,9.0,0.004025704498287234,0.4929364202292669,5.6011759621451125,36.843533123028394,0.015614239272951093,2.82998018927445,22.52492113564669,0.007835530045022196,1.8630914826498424,0.00402220134195386,1.9444468750000041,16.553125,0.005470102952261012,0.0,1
6586.0,2021-11-18 15:20:00,401.36,401.54,401.32,401.41,186632.0,2,2,0.0,sell,False,0.8009950248756323,4.163492493946733,28.239017640954685,0.011578080659927173,0.13974536124480844,0.09872792176756799,0.1686006023899722,0.0004205132713839495,62.526868167163535,86.07309115528757,83.96126719933336,90.296739067196,186632.0,1.6100000000000136,1.0,2.009999999999991,25.0,0.005000746380056703,1.6100000000000136,11.0,0.004025704498287234,2.0,2.0,0.13974536124480844,0.1686006023899722,0.09872792176756799,62.526868167163535,86.07309115528757,83.96126719933336,90.296739067196,26.480760916558232,21.400778210116247,26.71648870073901,0.01245764401036759,0.054819096979972906,0.12999999999999545,0.040000000000020464,0.05000000000001137,1.0,6587.0,6587.0,2021-11-18,2021-11-18 15:20:00,0.22296405171770475,187.0,1.0,best_within_2.0d,6773.0,400.515,0.8009950248756323,2.009999999999991,25.0,0.005000746380056703,1.6100000000000136,11.0,0.004025704498287234,0.4929364202292669,5.6011759621451125,36.843533123028394,0.015614239272951093,2.82998018927445,22.52492113564669,0.007835530045022196,1.8630914826498424,0.00402220134195386,1.9444468750000041,16.553125,0.005470102952261012,0.0,1
6587.0,2021-11-18 15:25:00,401.43,401.63,401.37,401.6039,226898.0,2,2,0.0,sell,False,0.8457711442786051,4.163492493946733,28.239017640954685,0.011578080659927173,0.15502824786084562,0.1181064527501737,0.19562057668059651,0.0004878449976146164,65.97317394663223,89.73786601363794,85.88680013743489,97.43999776604406,226898.0,1.6999999999999886,1.0,2.009999999999991,25.0,0.005000746380056703,1.6999999999999886,12.0,0.004250743880179003,2.0,2.0,0.15502824786084562,0.19562057668059651,0.1181064527501737,65.97317394663223,89.73786601363794,85.88680013743489,97.43999776604406,28.48786828422776,19.064124783361475,26.22372291166899,0.04332013053334411,0.06477813488800631,0.026099999999985357,0.060000000000002274,0.17390000000000327,1.0,6588.0,6588.0,2021-11-18,2021-11-18 15:25:00,0.2711378051856627,186.0,1.0,best_within_2.0d,6773.0,400.515,0.8457711442786051,2.009999999999991,25.0,0.005000746380056703,1.6999999999999886,12.0,0.004250743880179003,0.4929364202292669,5.6011759621451125,36.843533123028394,0.015614239272951093,2.82998018927445,22.52492113564669,0.007835530045022196,1.8630914826498424,0.00402220134195386,1.9444468750000041,16.553125,0.005470102952261012,0.0,1
6588.0,2021-11-18 15:30:00,401.59,401.7367,401.41,401.59,383997.0,2,2,0.0,sell,False,0.8988557213930279,4.163492493946733,28.239017640954685,0.011578080659927173,0.15255278916364812,0.1371755513956297,0.21345194597745376,0.0005322543781959174,65.50806971113124,88.25238691401108,86.67532906296029,91.40650261611268,383997.0,1.806699999999978,1.0,2.009999999999991,25.0,0.005000746380056703,1.806699999999978,13.0,0.004517540569599625,2.0,2.0,0.15255278916364812,0.21345194597745376,0.1371755513956297,65.50806971113124,88.25238691401108,86.67532906296029,91.40650261611268,31.365411344231003,13.237143424447986,27.25374359403259,0.0,0.08138810692308607,0.14670000000000982,0.17999999999994998,0.0,0.0,6589.0,6589.0,2021-11-18,2021-11-18 15:30:00,0.2676859483552849,185.0,1.0,best_within_2.0d,6773.0,400.515,0.8988557213930279,2.009999999999991,25.0,0.005000746380056703,1.806699999999978,13.0,0.004517540569599625,0.4929364202292669,5.6011759621451125,36.843533123028394,0.015614239272951093,2.82998018927445,22.52492113564669,0.007835530045022196,1.8630914826498424,0.00402220134195386,1.9444468750000041,16.553125,0.005470102952261012,0.0,1
6589.0,2021-11-18 15:35:00,401.6,401.99,401.575,401.77,387789.0,1,1,0.0,sell,False,0.3961111980227692,2.0600000000000023,14.0,0.005150901407746361,0.163477302659497,0.15761021422806681,0.23934886555781532,0.0005967486397501647,68.59562963284013,86.30159127600666,86.55074980064241,85.80327422673517,387789.0,2.0600000000000023,1.0,2.0600000000000023,14.0,0.005150901407746361,2.0600000000000023,14.0,0.005150901407746361,1.0,1.0,0.163477302659497,0.23934886555781532,0.15761021422806681,68.59562963284013,86.30159127600666,86.55074980064241,85.80327422673517,35.76996177418939,9.930168492535559,29.34576591408515,0.04233067729082646,0.10334308659653128,0.22000000000002728,0.025000000000034106,0.16999999999995907,1.0,6590.0,6590.0,2021-11-18,2021-11-18 15:35:00,0.31236777260621634,184.0,1.0,best_within_2.0d,6773.0,400.515,0.5832424107187206,4.3760036431226785,32.22527881040892,0.012230020343504162,2.285057100371749,15.890706319702602,0.006381710269403211,0.4929364202292669,5.6011759621451125,36.843533123028394,0.015614239272951093,2.82998018927445,22.52492113564669,0.007835530045022196,1.8630914826498424,0.00402220134195386,1.9444468750000041,16.553125,0.005470102952261012,0.0,1
6590.0,2021-11-18 15:40:00,401.75,402.06,401.6375,401.84,530363.0,1,1,0.0,sell,False,0.4066227872074401,2.1299999999999955,15.0,0.005325932038106657,0.16781549419552783,0.1785871510025078,0.2624948981002717,0.0006543658700958828,69.73041714893168,85.3121719617815,86.1378905210221,83.6607348433003,530363.0,2.1299999999999955,1.0,2.1299999999999955,15.0,0.005325932038106657,2.1299999999999955,15.0,0.005325932038106657,1.0,1.0,0.16781549419552783,0.2624948981002717,0.1785871510025078,69.73041714893168,85.3121719617815,86.1378905210221,83.6607348433003,38.7760543975814,2.8887604995331757,33.402020729745765,0.022401991288108273,0.10519436058635304,0.22000000000002728,0.11250000000001137,0.08999999999997499,1.0,6591.0,6591.0,2021-11-18,2021-11-18 15:40:00,0.3297332271550838,183.0,1.0,best_within_2.0d,6773.0,400.515,0.5832424107187206,4.3760036431226785,32.22527881040892,0.012230020343504162,2.285057100371749,15.890706319702602,0.006381710269403211,0.4929364202292669,5.6011759621451125,36.843533123028394,0.015614239272951093,2.82998018927445,22.52492113564669,0.007835530045022196,1.8630914826498424,0.00402220134195386,1.9444468750000041,16.553125,0.005470102952261012,0.0,1
6591.0,2021-11-18 15:45:00,401.84,402.27,401.84,402.02,629350.0,1,1,0.0,sell,False,0.4396729772870787,2.339999999999975,16.0,0.005851023929187545,0.18145549213947287,0.20126908751994188,0.2919968335896783,0.0007277926474131932,72.48383147649454,83.4053935527521,85.22705819826544,79.76206426172541,629350.0,2.339999999999975,1.0,2.339999999999975,16.0,0.005851023929187545,2.339999999999975,16.0,0.005851023929187545,1.0,1.0,0.18145549213947287,0.2919968335896783,0.20126908751994188,72.48383147649454,83.4053935527521,85.22705819826544,79.76206426172541,37.15073856558039,2.8919736607935542,37.127273217303646,0.04479394783993799,0.10700776428429397,0.25,0.0,0.18000000000000682,1.0,6592.0,6592.0,2021-11-18,2021-11-18 15:45:00,0.3743594846027549,182.0,1.0,best_within_2.0d,6773.0,400.515,0.5832424107187206,4.3760036431226785,32.22527881040892,0.012230020343504162,2.285057100371749,15.890706319702602,0.006381710269403211,0.4929364202292669,5.6011759621451125,36.843533123028394,0.015614239272951093,2.82998018927445,22.52492113564669,0.007835530045022196,1.8630914826498424,0.00402220134195386,1.9444468750000041,16.553125,0.005470102952261012,1.0,1
6604.0,2021-11-18 16:50:00,402.16,402.36,402.16,402.29,36274.0,1,1,0.0,sell,False,0.43967297728593757,2.430000000000007,29.0,0.006076063311079456,0.006016222323446563,0.26620688076881605,0.2692149919305393,0.0006701695429875443,68.03885847787576,81.71494321933875,72.8753026733084,99.39422431139946,36274.0,2.430000000000007,1.0,2.430000000000007,29.0,0.006076063311079456,2.430000000000007,29.0,0.006076063311079456,1.0,1.0,0.006016222323446563,0.2692149919305393,0.26620688076881605,68.03885847787576,81.71494321933875,72.8753026733084,99.39422431139946,17.297631771388282,24.469820554647264,33.96808932582524,0.03232544260990537,0.0497314501690841,0.06999999999999318,0.0,0.12999999999999545,1.0,6605.0,6605.0,2021-11-18,2021-11-18 16:50:00,0.44122399264213225,169.0,1.0,best_within_2.0d,6773.0,400.515,0.5832424107187206,4.3760036431226785,32.22527881040892,0.012230020343504162,2.285057100371749,15.890706319702602,0.006381710269403211,0.4929364202292669,5.6011759621451125,36.843533123028394,0.015614239272951093,2.82998018927445,22.52492113564669,0.007835530045022196,1.8630914826498424,0.00402220134195386,1.9444468750000041,16.553125,0.005470102952261012,0.0,1
6605.0,2021-11-18 16:55:00,402.31,402.36,401.75,402.33,13118.0,1,1,0.0,sell,False,0.43967297728587246,2.430000000000007,30.0,0.006076063311079456,0.017452924167202566,0.2683884962897164,0.2771149583733177,0.0006897566690974629,68.79469098791536,86.33937391093028,77.36332641918236,104.29146889442615,13118.0,2.430000000000007,1.0,2.430000000000007,30.0,0.006076063311079456,2.430000000000007,30.0,0.006076063311079456,1.0,1.0,0.017452924167202566,0.2771149583733177,0.2683884962897164,68.79469098791536,86.33937391093028,77.36332641918236,104.29146889442615,10.842212346735653,34.26674519462291,35.250996044179935,0.00497129079565057,0.15183571873055723,0.03000000000002956,0.5600000000000023,0.01999999999998181,1.0,6606.0,6606.0,2021-11-18,2021-11-18 16:55:00,0.45112221310864165,168.0,1.0,best_within_2.0d,6773.0,400.515,0.5832424107187206,4.3760036431226785,32.22527881040892,0.012230020343504162,2.285057100371749,15.890706319702602,0.006381710269403211,0.4929364202292669,5.6011759621451125,36.843533123028394,0.015614239272951093,2.82998018927445,22.52492113564669,0.007835530045022196,1.8630914826498424,0.00402220134195386,1.9444468750000041,16.553125,0.005470102952261012,0.0,1
6606.0,2021-11-18 17:00:00,402.33,402.5,401.75,401.75,2243.0,1,1,0.0,sell,False,0.43967297728560245,2.569999999999993,31.0,0.0064261245718000475,-0.055215867215405945,0.2614865128877907,0.2338785792800877,0.0005821393969858056,50.24150145760907,57.55958260728685,70.76207848188385,31.15459085809286,2243.0,2.569999999999993,1.0,2.569999999999993,31.0,0.0064261245718000475,2.569999999999993,31.0,0.0064261245718000475,1.0,1.0,-0.055215867215405945,0.2338785792800877,0.2614865128877907,50.24150145760907,57.55958260728685,70.76207848188385,31.15459085809286,13.021455535909343,30.582501075164874,35.60978008407722,-0.1441602664479368,0.18668326073428748,0.17000000000001592,0.0,0.5799999999999841,0.0,6607.0,6607.0,2021-11-18,2021-11-18 17:00:00,0.3074051026757968,167.0,1.0,best_within_2.0d,6773.0,400.515,0.5832424107187206,4.3760036431226785,32.22527881040892,0.012230020343504162,2.285057100371749,15.890706319702602,0.006381710269403211,0.4929364202292669,5.6011759621451125,36.843533123028394,0.015614239272951093,2.82998018927445,22.52492113564669,0.007835530045022196,1.8630914826498424,0.00402220134195386,1.9444468750000041,16.553125,0.005470102952261012,1.0,1
6630.0,2021-11-18 19:00:00,402.06,402.06,402.02,402.02,500.0,3a,3a,1.0,buy,False,0.0009501662790988309,4.163492493946733,28.239017640954685,0.011578080659927173,-0.06048220363992679,0.07547770715302268,0.04523660533305929,0.0001125069866543168,47.89193725151223,30.368831486164773,41.21447084692585,8.677552764642627,500.0,0.4800000000000182,2.0,0.4800000000000182,25.0,0.001192546583850977,0.4800000000000182,25.0,0.001192546583850977,3.0,3.0,-0.06048220363992679,0.04523660533305929,0.07547770715302268,47.89193725151223,30.368831486164773,41.21447084692585,8.677552764642627,18.95424836601334,27.45098039216007,23.904844032638398,-0.009948763866094728,0.009949753743599936,0.0,0.0,0.040000000000020464,0.0,6631.0,6631.0,2021-11-18,2021-11-18 19:00:00,0.7561812845132134,103.0,1.0,best_within_2.0d,6733.0,405.06,0.5832424107187206,4.3760036431226785,32.22527881040892,0.012230020343504162,2.285057100371749,15.890706319702602,0.006381710269403211,0.4929364202292669,5.6011759621451125,36.843533123028394,0.015614239272951093,2.82998018927445,22.52492113564669,0.007835530045022196,1.8630914826498424,0.0009501662790988309,0.4800000000000182,25.0,0.001192546583850977,1.0,0
6640.0,2021-11-18 19:50:00,402.21,402.25,402.18,402.25,3859.0,2,2,0.0,sell,False,0.4791666666666864,4.163492493946733,28.239017640954685,0.011578080659927173,-0.002692237683951146,0.04195391287879193,0.04060779403681636,0.00010098178857140604,56.98311286570279,83.47621362593478,72.87544895318594,104.67774297143245,3859.0,0.2300000000000182,1.0,0.4800000000000182,25.0,0.001192546583850977,0.2300000000000182,11.0,0.000572110840256749,2.0,2.0,-0.002692237683951146,0.04060779403681636,0.04195391287879193,56.98311286570279,83.47621362593478,72.87544895318594,104.67774297143245,37.83783783783369,25.225225225227575,15.75437903706201,0.009945053578981245,0.017405141976227854,0.0,0.029999999999972715,0.040000000000020464,1.0,6641.0,6641.0,2021-11-18,2021-11-18 19:50:00,0.43132380360472683,133.0,1.0,best_within_2.0d,6773.0,400.515,0.4791666666666864,0.4800000000000182,25.0,0.001192546583850977,0.2300000000000182,11.0,0.000572110840256749,0.4929364202292669,5.6011759621451125,36.843533123028394,0.015614239272951093,2.82998018927445,22.52492113564669,0.007835530045022196,1.8630914826498424,0.00402220134195386,1.9444468750000041,16.553125,0.005470102952261012,0.0,1
6641.0,2021-11-18 19:55:00,402.27,402.3,402.22,402.27,13036.0,2,2,0.0,sell,False,0.5833333333333728,4.163492493946733,28.239017640954685,0.011578080659927173,0.005735318503963929,0.04267082769178742,0.045538486943769385,0.00011324030956207722,57.925477863556935,84.81747575061924,76.85612455233037,100.74017814719699,13036.0,0.28000000000002956,1.0,0.4800000000000182,25.0,0.001192546583850977,0.28000000000002956,12.0,0.0006964827620517128,2.0,2.0,0.005735318503963929,0.045538486943769385,0.04267082769178742,57.925477863556935,84.81747575061924,76.85612455233037,100.74017814719699,38.532110091743455,25.688073394497373,16.057637677271636,0.0,0.01988961264978969,0.03000000000002956,0.049999999999954525,0.0,0.0,6642.0,6642.0,2021-11-18,2021-11-18 19:55:00,0.4362741442314852,132.0,1.0,best_within_2.0d,6773.0,400.515,0.5833333333333728,0.4800000000000182,25.0,0.001192546583850977,0.28000000000002956,12.0,0.0006964827620517128,0.4929364202292669,5.6011759621451125,36.843533123028394,0.015614239272951093,2.82998018927445,22.52492113564669,0.007835530045022196,1.8630914826498424,0.00402220134195386,1.9444468750000041,16.553125,0.005470102952261012,0.0,1
6642.0,2021-11-19 04:00:00,403.12,403.82,403.12,403.75,4969.0,1p,1p,0.0,sell,False,1.0958005292341628,1.8000000000000114,13.0,0.004477389184617709,0.1988391338989329,0.06752571942915404,0.1669452863786205,0.00041501888300265354,84.67681769687384,88.55255959132204,80.75493623199426,104.14780630997757,4969.0,1.8000000000000114,0.0,1.8000000000000114,13.0,0.004477389184617709,1.8000000000000114,0.0,0.0,1.0,1.0,0.1988391338989329,0.1669452863786205,0.06752571942915404,84.67681769687384,88.55255959132204,80.75493623199426,104.14780630997757,72.65624999999825,10.937500000001146,20.18436182181878,0.1562810081365339,0.17364556459614722,0.06999999999999318,0.0,0.6299999999999955,1.0,6643.0,6643.0,2021-11-19,2021-11-19 04:00:00,0.8012383900928826,131.0,1.0,best_within_2.0d,6773.0,400.515,0.5832424107187206,4.3760036431226785,32.22527881040892,0.012230020343504162,2.285057100371749,15.890706319702602,0.006381710269403211,0.4929364202292669,5.6011759621451125,36.843533123028394,0.015614239272951093,2.82998018927445,22.52492113564669,0.007835530045022196,1.8630914826498424,0.00402220134195386,1.9444468750000041,16.553125,0.005470102952261012,0.0,1
6644.0,2021-11-19 04:10:00,403.76,403.82,403.74,403.75,4649.0,1p,1p,0.0,sell,False,1.984750713263403,1.8000000000000114,15.0,0.004477389184617709,0.36014411592445217,0.1513900910127664,0.3314621489749925,0.0008235626583610655,83.98805970517988,92.90026496450125,87.17370517214485,104.35338454921401,4649.0,1.8000000000000114,0.0,1.8000000000000114,15.0,0.004477389184617709,1.8000000000000114,0.0,0.0,1.0,1.0,0.36014411592445217,0.3314621489749925,0.1513900910127664,83.98805970517988,92.90026496450125,87.17370517214485,104.35338454921401,77.01612903225798,5.241935483870866,28.923253364266746,-0.002476718842874704,0.019814732253426483,0.060000000000002274,0.009999999999990905,0.009999999999990905,0.0,6645.0,6645.0,2021-11-19,2021-11-19 04:10:00,0.8012383900928826,129.0,1.0,best_within_2.0d,6773.0,400.515,0.5832424107187206,4.3760036431226785,32.22527881040892,0.012230020343504162,2.285057100371749,15.890706319702602,0.006381710269403211,0.4929364202292669,5.6011759621451125,36.843533123028394,0.015614239272951093,2.82998018927445,22.52492113564669,0.007835530045022196,1.8630914826498424,0.00402220134195386,1.9444468750000041,16.553125,0.005470102952261012,0.0,1
6645.0,2021-11-19 04:15:00,403.83,403.89,403.83,403.88,2301.0,1p,1p,0.0,sell,False,2.127480159249379,1.8700000000000045,16.0,0.004651509875130602,0.38604317206157635,0.19964548752046346,0.39266707355125163,0.0009753821045682024,85.01368774438072,95.07744937027373,89.80828657152114,105.61577496777892,2301.0,1.8700000000000045,0.0,1.8700000000000045,16.0,0.004651509875130602,1.8700000000000045,0.0,0.0,1.0,1.0,0.38604317206157635,0.39266707355125163,0.19964548752046346,85.01368774438072,95.07744937027373,89.80828657152114,105.61577496777892,75.40983606557458,5.327868852458959,33.05745172802291,0.012381447638860753,0.014857737166630088,0.009999999999990905,0.0,0.05000000000001137,1.0,6646.0,6646.0,2021-11-19,2021-11-19 04:15:00,0.8331682678023198,128.0,1.0,best_within_2.0d,6773.0,400.515,0.5832424107187206,4.3760036431226785,32.22527881040892,0.012230020343504162,2.285057100371749,15.890706319702602,0.006381710269403211,0.4929364202292669,5.6011759621451125,36.843533123028394,0.015614239272951093,2.82998018927445,22.52492113564669,0.007835530045022196,1.8630914826498424,0.00402220134195386,1.9444468750000041,16.553125,0.005470102952261012,0.0,1
6646.0,2021-11-19 04:20:00,403.88,403.92,403.86,403.89,2985.0,1p,1p,0.0,sell,False,2.127480159249379,1.900000000000034,17.0,0.004726133028207637,0.37967527138952156,0.24710489644415365,0.43694253213891443,0.001085100002882687,85.09278904993235,96.15964036230484,91.92540450178237,104.62811208334978,2985.0,1.900000000000034,0.0,1.900000000000034,17.0,0.004726133028207637,1.900000000000034,0.0,0.0,1.0,1.0,0.37967527138952156,0.43694253213891443,0.24710489644415365,85.09278904993235,96.15964036230484,91.92540450178237,104.62811208334978,76.63934426229713,5.327868852458959,36.910490890307024,0.0024759829652349474,0.014856633486852441,0.03000000000002956,0.01999999999998181,0.009999999999990905,1.0,6647.0,6647.0,2021-11-19,2021-11-19 04:20:00,0.8356235608705341,127.0,1.0,best_within_2.0d,6773.0,400.515,0.5832424107187206,4.3760036431226785,32.22527881040892,0.012230020343504162,2.285057100371749,15.890706319702602,0.006381710269403211,0.4929364202292669,5.6011759621451125,36.843533123028394,0.015614239272951093,2.82998018927445,22.52492113564669,0.007835530045022196,1.8630914826498424,0.00402220134195386,1.9444468750000041,16.553125,0.005470102952261012,0.0,1
6647.0,2021-11-19 04:25:00,403.96,403.96,403.67,403.67,7964.0,1p,1p,0.0,sell,False,2.127480159249379,1.9399999999999977,18.0,0.004825630565643495,0.32319540107994715,0.28750432157914707,0.44910202211912065,0.0011150926721906784,75.63443038034512,92.09906042569929,91.98328980975467,92.33060165758855,7964.0,1.9399999999999977,0.0,1.9399999999999977,18.0,0.004825630565643495,1.9399999999999977,0.0,0.0,1.0,1.0,0.32319540107994715,0.44910202211912065,0.28750432157914707,75.63443038034512,92.09906042569929,91.98328980975467,92.33060165758855,70.30075187970176,9.398496240601817,39.73224827954386,-0.07178928606791851,0.07184086010849546,0.0,0.0,0.2899999999999636,0.0,6648.0,6648.0,2021-11-19,2021-11-19 04:25:00,0.7815790125597714,126.0,1.0,best_within_2.0d,6773.0,400.515,0.5832424107187206,4.3760036431226785,32.22527881040892,0.012230020343504162,2.285057100371749,15.890706319702602,0.006381710269403211,0.4929364202292669,5.6011759621451125,36.843533123028394,0.015614239272951093,2.82998018927445,22.52492113564669,0.007835530045022196,1.8630914826498424,0.00402220134195386,1.9444468750000041,16.553125,0.005470102952261012,1.0,1
6661.0,2021-11-19 05:35:00,403.22,403.3,403.21,403.21,2264.0,2,2,0.0,sell,False,0.5686274509804052,4.163492493946733,28.239017640954685,0.011578080659927173,-0.10442441985007661,0.15630732361827185,0.10409511369323354,0.0002583213904945063,55.94157516336753,56.42103251907936,40.1198916967033,89.0233141638315,2264.0,0.8700000000000045,1.0,1.5299999999999727,10.0,0.003787503713238867,0.8700000000000045,6.0,0.0021618666600402665,2.0,2.0,-0.10442441985007661,0.10409511369323354,0.15630732361827185,55.94157516336753,56.42103251907936,40.1198916967033,89.0233141638315,11.238532110093074,31.42201834862345,46.6513719337456,-0.0024800357125261017,0.022320874978307044,0.07999999999998408,0.0,0.010000000000047748,0.0,6662.0,6662.0,2021-11-19,2021-11-19 05:35:00,0.6683862007390673,112.0,1.0,best_within_2.0d,6773.0,400.515,0.5686274509804052,1.5299999999999727,10.0,0.003787503713238867,0.8700000000000045,6.0,0.0021618666600402665,0.4929364202292669,5.6011759621451125,36.843533123028394,0.015614239272951093,2.82998018927445,22.52492113564669,0.007835530045022196,1.8630914826498424,0.00402220134195386,1.9444468750000041,16.553125,0.005470102952261012,0.0,1
6662.0,2021-11-19 05:40:00,403.32,403.44,403.21,403.21,12673.0,2,2,0.0,sell,False,0.6601307189542542,4.163492493946733,28.239017640954685,0.011578080659927173,-0.07820583241649526,0.14653159456620996,0.10742867835796233,0.00026658204566381877,55.94157516336753,63.35659593681132,47.8654597767393,94.33886825695535,12673.0,1.009999999999991,1.0,1.5299999999999727,10.0,0.003787503713238867,1.009999999999991,7.0,0.002509753249012228,2.0,2.0,-0.07820583241649526,0.10742867835796233,0.14653159456620996,55.94157516336753,63.35659593681132,47.8654597767393,94.33886825695535,14.449541284404447,26.834862385320683,45.46198822419212,-0.027273628880296948,0.0570422360556579,0.12000000000000455,0.0,0.11000000000001364,0.0,6663.0,6663.0,2021-11-19,2021-11-19 05:40:00,0.6683862007390673,111.0,1.0,best_within_2.0d,6773.0,400.515,0.6601307189542542,1.5299999999999727,10.0,0.003787503713238867,1.009999999999991,7.0,0.002509753249012228,0.4929364202292669,5.6011759621451125,36.843533123028394,0.015614239272951093,2.82998018927445,22.52492113564669,0.007835530045022196,1.8630914826498424,0.00402220134195386,1.9444468750000041,16.553125,0.005470102952261012,1.0,1
6679.0,2021-11-19 07:05:00,403.06,403.5,403.06,403.5,23706.0,2s,2s,0.0,sell,False,0.6993464052287662,4.163492493946733,28.239017640954685,0.011578080659927173,0.007029789905007119,0.022036373774197877,0.025551268726701437,6.339199488936396e-05,60.777630808829336,61.62085893376769,46.29438862620377,92.27379954889554,23706.0,0.8799999999999955,1.0,1.5299999999999727,10.0,0.003787503713238867,0.8799999999999955,6.0,0.0021856837712979867,1.0,2.5,0.007029789905007119,0.025551268726701437,0.022036373774197877,60.777630808829336,61.62085893376769,46.29438862620377,92.27379954889554,27.405247813412615,28.86297376093315,28.765883974701996,0.10916488860219266,0.10916488860219266,0.0,0.0,0.4399999999999977,1.0,6680.0,6680.0,2021-11-19,2021-11-19 07:05:00,0.7397769516728658,94.0,1.0,best_within_2.0d,6773.0,400.515,0.5832424107187206,4.3760036431226785,32.22527881040892,0.012230020343504162,2.285057100371749,15.890706319702602,0.006381710269403211,0.6993464052287662,1.5299999999999727,10.0,0.003787503713238867,0.8799999999999955,6.0,0.0021856837712979867,1.0,0.00402220134195386,1.9444468750000041,16.553125,0.005470102952261012,0.0,1
6680.0,2021-11-19 07:10:00,403.5,403.5,403.06,403.17,21179.0,2s,2s,0.0,sell,False,0.6993464052287662,4.163492493946733,28.239017640954685,0.011578080659927173,0.012385044122495067,0.023584504289509763,0.029777026350757296,7.387459513234761e-05,52.261837430587775,61.913905955845664,51.500894402751065,82.73992906203485,21179.0,0.8799999999999955,1.0,1.5299999999999727,10.0,0.003787503713238867,0.8799999999999955,7.0,0.0021856837712979867,1.0,2.5,0.012385044122495067,0.029777026350757296,0.023584504289509763,52.261837430587775,61.913905955845664,51.500894402751065,82.73992906203485,24.456521739131315,26.902173913043676,27.05131403093065,-0.08178438661709642,0.10916488860219266,0.0,0.11000000000001364,0.3299999999999841,0.0,6681.0,6681.0,2021-11-19,2021-11-19 07:10:00,0.6585311407098815,93.0,1.0,best_within_2.0d,6773.0,400.515,0.5832424107187206,4.3760036431226785,32.22527881040892,0.012230020343504162,2.285057100371749,15.890706319702602,0.006381710269403211,0.6993464052287662,1.5299999999999727,10.0,0.003787503713238867,0.8799999999999955,7.0,0.0021856837712979867,1.0,0.00402220134195386,1.9444468750000041,16.553125,0.005470102952261012,1.0,1
6685.0,2021-11-19 07:35:00,403.5,403.58,403.37,403.37,13120.0,2s,2s,0.0,sell,False,0.7516339869281031,4.163492493946733,28.239017640954685,0.011578080659927173,0.06520238244825871,0.048659100802952604,0.08126029202708196,0.00020156110156848052,55.65213903112547,77.40083302118904,70.68994601029529,90.82260704297656,13120.0,0.9599999999999795,1.0,1.5299999999999727,10.0,0.003787503713238867,0.9599999999999795,12.0,0.0023843822959614016,1.0,2.5,0.06520238244825871,0.08126029202708196,0.048659100802952604,55.65213903112547,77.40083302118904,70.68994601029529,90.82260704297656,27.176781002638062,22.95514511873385,20.317299078290098,-0.032218091697644474,0.05206138284948794,0.07999999999998408,0.0,0.12999999999999545,0.0,6686.0,6686.0,2021-11-19,2021-11-19 07:35:00,0.7077868954062072,88.0,1.0,best_within_2.0d,6773.0,400.515,0.5832424107187206,4.3760036431226785,32.22527881040892,0.012230020343504162,2.285057100371749,15.890706319702602,0.006381710269403211,0.7516339869281031,1.5299999999999727,10.0,0.003787503713238867,0.9599999999999795,12.0,0.0023843822959614016,1.0,0.00402220134195386,1.9444468750000041,16.553125,0.005470102952261012,1.0,1
6690.0,2021-11-19 08:00:00,403.0,403.85,402.051,403.67,56385.0,2s,2s,0.0,sell,False,0.9281045751634256,4.163492493946733,28.239017640954685,0.011578080659927173,0.06304620998247121,0.07147410063439137,0.10299720562562698,0.000255431383876763,62.093875467463945,69.82441705489178,64.7627859537574,79.94767925716053,56385.0,1.2300000000000182,1.0,1.5299999999999727,10.0,0.003787503713238867,1.2300000000000182,17.0,0.003054989816700656,1.0,2.5,0.06304620998247121,0.10299720562562698,0.07147410063439137,62.093875467463945,69.82441705489178,64.7627859537574,79.94767925716053,21.826658190294264,33.46047891502618,22.989153170771914,0.16625310173697666,0.4474556710467167,0.18000000000000682,0.9490000000000123,0.6700000000000159,1.0,6691.0,6691.0,2021-11-19,2021-11-19 08:00:00,0.7815790125597714,83.0,1.0,best_within_2.0d,6773.0,400.515,0.5832424107187206,4.3760036431226785,32.22527881040892,0.012230020343504162,2.285057100371749,15.890706319702602,0.006381710269403211,0.9281045751634256,1.5299999999999727,10.0,0.003787503713238867,1.2300000000000182,17.0,0.003054989816700656,1.0,0.00402220134195386,1.9444468750000041,16.553125,0.005470102952261012,1.0,1
6708.0,2021-11-19 09:30:00,403.43,403.64,402.58,402.92,1235242.0,1,1,1.0,buy,False,0.497729390875853,1.2700000000000387,19.0,0.003144731954933858,-0.13625950307609708,0.05569636957853772,-0.012433381959510825,-3.082452526214004e-05,39.59807959544582,36.89008674709283,46.05878623263227,18.552687776013954,1235242.0,1.2700000000000387,1.0,1.2700000000000387,19.0,0.003144731954933858,1.2700000000000387,19.0,0.003144731954933858,1.0,1.0,-0.13625950307609708,-0.012433381959510825,0.05569636957853772,39.59807959544582,36.89008674709283,46.05878623263227,18.552687776013954,19.959677419355792,30.241935483871547,36.101977979520804,-0.12641598294623377,0.2633017040091416,0.20999999999997954,0.34000000000003183,0.5099999999999909,0.0,6709.0,6709.0,2021-11-19,2021-11-19 09:30:00,0.5311228035341969,25.0,1.0,best_within_2.0d,6733.0,405.06,0.5832424107187206,4.3760036431226785,32.22527881040892,0.012230020343504162,2.285057100371749,15.890706319702602,0.006381710269403211,0.4929364202292669,5.6011759621451125,36.843533123028394,0.015614239272951093,2.82998018927445,22.52492113564669,0.007835530045022196,1.8630914826498424,0.00402220134195386,1.9444468750000041,16.553125,0.005470102952261012,1.0,0
6719.0,2021-11-19 10:25:00,404.32,404.39,403.36,403.3601,608988.0,2,2,1.0,buy,False,0.6829268292682854,4.163492493946733,28.239017640954685,0.011578080659927173,-0.03571782969656301,0.2146991252451671,0.1968402103968856,0.00048744428619507845,43.40373668371245,46.25895886414704,64.65930470120894,9.458267190023236,608988.0,1.6800000000000068,1.0,2.4600000000000364,7.0,0.00611058671568393,1.6800000000000068,6.0,0.004147738494963477,2.0,2.0,-0.03571782969656301,0.1968402103968856,0.2146991252451671,43.40373668371245,46.25895886414704,64.65930470120894,9.458267190023236,24.108243865465635,22.230267102599175,21.51059144206309,-0.23741096161456385,0.2553550178500527,0.06999999999999318,9.999999997489795e-05,0.9599000000000046,0.0,6720.0,6720.0,2021-11-19,2021-11-19 10:25:00,0.4214348419687554,14.0,1.0,best_within_2.0d,6733.0,405.06,0.6829268292682854,2.4600000000000364,7.0,0.00611058671568393,1.6800000000000068,6.0,0.004147738494963477,0.4929364202292669,5.6011759621451125,36.843533123028394,0.015614239272951093,2.82998018927445,22.52492113564669,0.007835530045022196,1.8630914826498424,0.00402220134195386,1.9444468750000041,16.553125,0.005470102952261012,0.0,0
6720.0,2021-11-19 10:30:00,403.37,403.99,403.34,403.965,398651.0,2,2,1.0,buy,False,0.691056910569114,4.163492493946733,28.239017640954685,0.011578080659927173,-0.05864023680609093,0.20736909564440573,0.17804897724136026,0.0004408990576358052,51.948471336843554,43.09420787021534,57.470939090877735,14.340745428890557,398651.0,1.7000000000000455,1.0,2.4600000000000364,7.0,0.00611058671568393,1.7000000000000455,7.0,0.004197116334189328,2.0,2.0,-0.05864023680609093,0.17804897724136026,0.20736909564440573,51.948471336843554,43.09420787021534,57.470939090877735,14.340745428890557,22.52335133614109,21.484311582047123,20.142766538622915,0.14750725140688956,0.1611543610849492,0.025000000000034106,0.03000000000002956,0.5949999999999704,1.0,6721.0,6721.0,2021-11-19,2021-11-19 10:30:00,0.2710630871486459,13.0,1.0,best_within_2.0d,6733.0,405.06,0.691056910569114,2.4600000000000364,7.0,0.00611058671568393,1.7000000000000455,7.0,0.004197116334189328,0.4929364202292669,5.6011759621451125,36.843533123028394,0.015614239272951093,2.82998018927445,22.52492113564669,0.007835530045022196,1.8630914826498424,0.00402220134195386,1.9444468750000041,16.553125,0.005470102952261012,1.0,0
6733.0,2021-11-19 11:35:00,404.7,405.25,404.69,405.06,391426.0,1p,1p,0.0,sell,False,0.4868683020880299,1.910000000000025,14.0,0.004735458918034475,0.1264695047078651,0.19462163491198486,0.2578563872659174,0.0006379181675547539,63.39455412827007,82.74438468644759,77.4667072189929,93.29973962135699,391426.0,1.910000000000025,0.0,1.910000000000025,14.0,0.004735458918034475,1.910000000000025,0.0,0.0,1.0,1.0,0.1264695047078651,0.2578563872659174,0.19462163491198486,63.39455412827007,82.74438468644759,77.4667072189929,93.29973962135699,26.9845506034452,6.968537793197817,16.677767144870547,0.0889547813194993,0.1383775235365347,0.18999999999999773,0.009999999999990905,0.36000000000001364,1.0,6734.0,6734.0,2021-11-19,2021-11-19 11:35:00,1.1220559917049364,40.0,1.0,best_within_2.0d,6773.0,400.515,0.5832424107187206,4.3760036431226785,32.22527881040892,0.012230020343504162,2.285057100371749,15.890706319702602,0.006381710269403211,0.4929364202292669,5.6011759621451125,36.843533123028394,0.015614239272951093,2.82998018927445,22.52492113564669,0.007835530045022196,1.8630914826498424,0.00402220134195386,1.9444468750000041,16.553125,0.005470102952261012,1.0,1
6745.0,2021-11-19 12:35:00,404.97,405.3,404.832,404.9197,214723.0,1p,1p,0.0,sell,False,0.4868683020880299,1.9600000000000364,26.0,0.004859423811176765,-0.025073744164898326,0.21986547411788085,0.20732860203543169,0.0005124533744335228,57.98286270379011,56.303122435991476,54.43479587849828,60.03977555097788,214723.0,1.9600000000000364,0.0,1.9600000000000364,26.0,0.004859423811176765,1.9600000000000364,0.0,0.0,1.0,1.0,-0.025073744164898326,0.20732860203543169,0.21986547411788085,57.98286270379011,56.303122435991476,54.43479587849828,60.03977555097788,26.496327894805958,9.191257311227556,37.15968466747002,-0.012420673136293983,0.11560350960398826,0.3299999999999841,0.0876999999999839,0.05030000000004975,0.0,6746.0,6746.0,2021-11-19,2021-11-19 12:35:00,1.087795925957663,28.0,1.0,best_within_2.0d,6773.0,400.515,0.5832424107187206,4.3760036431226785,32.22527881040892,0.012230020343504162,2.285057100371749,15.890706319702602,0.006381710269403211,0.4929364202292669,5.6011759621451125,36.843533123028394,0.015614239272951093,2.82998018927445,22.52492113564669,0.007835530045022196,1.8630914826498424,0.00402220134195386,1.9444468750000041,16.553125,0.005470102952261012,1.0,1
6750.0,2021-11-19 13:00:00,404.41,404.57,404.2499,404.56,136305.0,2s,2s,1.0,buy,False,0.32117886178861127,4.163492493946733,28.239017640954685,0.011578080659927173,-0.13981598093294445,0.14824340894685062,0.0783354184803784,0.00019362741908370625,50.04001075780621,28.59309090809728,35.32847336787013,15.12232598855158,136305.0,1.0500999999999863,1.0,2.4600000000000364,7.0,0.00611058671568393,1.0500999999999863,6.0,0.0025909203059461786,1.0,2.5,-0.13981598093294445,0.0783354184803784,0.14824340894685062,50.04001075780621,28.59309090809728,35.32847336787013,15.12232598855158,17.939801997739632,20.37828619521008,27.932748633696747,0.0370910709428494,0.07918369305718272,0.009999999999990905,0.1600999999999999,0.14999999999997726,1.0,6751.0,6751.0,2021-11-19,2021-11-19 13:00:00,-0.0395491398062154,49.0,1.0,best_within_2.0d,6799.0,404.4,0.5832424107187206,4.3760036431226785,32.22527881040892,0.012230020343504162,2.285057100371749,15.890706319702602,0.006381710269403211,0.32117886178861127,2.4600000000000364,7.0,0.00611058671568393,1.0500999999999863,6.0,0.0025909203059461786,1.0,0.00402220134195386,1.9444468750000041,16.553125,0.005470102952261012,0.0,0
6753.0,2021-11-19 13:15:00,404.63,404.75,404.03,404.29,197816.0,2s,2s,1.0,buy,False,0.41056910569107025,4.163492493946733,28.239017640954685,0.011578080659927173,-0.1364895264037224,0.10478923838458383,0.036544475182722636,9.033102218988022e-05,44.701958282326295,30.04256491363236,33.350143297753235,23.427408145390615,197816.0,1.2700000000000387,1.0,2.4600000000000364,7.0,0.00611058671568393,1.2700000000000387,9.0,0.003133481371823436,1.0,2.5,-0.1364895264037224,0.036544475182722636,0.10478923838458383,44.701958282326295,30.04256491363236,33.350143297753235,23.427408145390615,17.32687484443947,25.59973961823375,24.41708738977938,-0.0840273830412908,0.17820458876816755,0.12000000000000455,0.26000000000004775,0.339999999999975,0.0,6754.0,6754.0,2021-11-19,2021-11-19 13:15:00,0.02720819213929526,46.0,1.0,best_within_2.0d,6799.0,404.4,0.5832424107187206,4.3760036431226785,32.22527881040892,0.012230020343504162,2.285057100371749,15.890706319702602,0.006381710269403211,0.41056910569107025,2.4600000000000364,7.0,0.00611058671568393,1.2700000000000387,9.0,0.003133481371823436,1.0,0.00402220134195386,1.9444468750000041,16.553125,0.005470102952261012,0.0,0
6755.0,2021-11-19 13:25:00,404.31,404.325,403.63,403.66,338965.0,2s,2s,1.0,buy,False,0.5731707317073188,4.163492493946733,28.239017640954685,0.011578080659927173,-0.23571629140442435,0.05651744775321984,-0.06134069794899233,-0.0001516541286530695,35.29990976872588,20.97600401355273,28.535285875787,5.857440289084188,338965.0,1.670000000000016,1.0,2.4600000000000364,7.0,0.00611058671568393,1.670000000000016,11.0,0.004120404638539393,1.0,2.5,-0.23571629140442435,-0.06134069794899233,0.05651744775321984,35.29990976872588,20.97600401355273,28.535285875787,5.857440289084188,13.94095815828543,32.72545731994373,25.835379147790736,-0.1607677277336641,0.17218739935088898,0.014999999999986358,0.03000000000002956,0.6499999999999773,0.0,6756.0,6756.0,2021-11-19,2021-11-19 13:25:00,0.18332259822621816,44.0,1.0,best_within_2.0d,6799.0,404.4,0.5832424107187206,4.3760036431226785,32.22527881040892,0.012230020343504162,2.285057100371749,15.890706319702602,0.006381710269403211,0.5731707317073188,2.4600000000000364,7.0,0.00611058671568393,1.670000000000016,11.0,0.004120404638539393,1.0,0.00402220134195386,1.9444468750000041,16.553125,0.005470102952261012,0.0,0
6756.0,2021-11-19 13:30:00,403.6683,403.942,403.57,403.74,210803.0,2s,2s,1.0,buy,False,0.5975609756097584,4.163492493946733,28.239017640954685,0.011578080659927173,-0.26761756949692467,0.023065251566104256,-0.11074353318235808,-0.00027383097249398527,37.11670829354553,18.376767533583298,25.14911309505243,4.83207641064503,210803.0,1.7300000000000182,1.0,2.4600000000000364,7.0,0.00611058671568393,1.7300000000000182,12.0,0.0042684431285468,1.0,2.5,-0.26761756949692467,-0.11074353318235808,0.023065251566104256,37.11670829354553,18.376767533583298,25.14911309505243,4.83207641064503,13.615204872034509,32.69673051093725,26.933007573561333,0.017762108146718778,0.09217731744183515,0.20199999999999818,0.09829999999999472,0.07170000000002119,1.0,6757.0,6757.0,2021-11-19,2021-11-19 13:30:00,0.16347154109079312,43.0,1.0,best_within_2.0d,6799.0,404.4,0.5832424107187206,4.3760036431226785,32.22527881040892,0.012230020343504162,2.285057100371749,15.890706319702602,0.006381710269403211,0.5975609756097584,2.4600000000000364,7.0,0.00611058671568393,1.7300000000000182,12.0,0.0042684431285468,1.0,0.00402220134195386,1.9444468750000041,16.553125,0.005470102952261012,0.0,0
6757.0,2021-11-19 13:35:00,403.735,403.8089,403.21,403.39,253751.0,2s,2s,1.0,buy,False,0.7439024390243959,4.163492493946733,28.239017640954685,0.011578080659927173,-0.3186766450288054,-0.016769329062496417,-0.17610765157689912,-0.0004355365377807258,32.779882163135966,15.887541992085897,22.06192272739692,3.538780521463849,253751.0,2.090000000000032,1.0,2.4600000000000364,7.0,0.00611058671568393,2.090000000000032,13.0,0.0051566740685912455,1.0,2.5,-0.3186766450288054,-0.17610765157689912,-0.016769329062496417,32.779882163135966,15.887541992085897,22.06192272739692,3.538780521463849,11.661559414367426,36.3823629553961,28.684549214959578,-0.08545209109936648,0.1485330224944854,0.07389999999998054,0.18000000000000682,0.3450000000000273,0.0,6758.0,6758.0,2021-11-19,2021-11-19 13:35:00,0.25037804605964226,42.0,1.0,best_within_2.0d,6799.0,404.4,0.5832424107187206,4.3760036431226785,32.22527881040892,0.012230020343504162,2.285057100371749,15.890706319702602,0.006381710269403211,0.7439024390243959,2.4600000000000364,7.0,0.00611058671568393,2.090000000000032,13.0,0.0051566740685912455,1.0,0.00402220134195386,1.9444468750000041,16.553125,0.005470102952261012,0.0,0
6758.0,2021-11-19 13:40:00,403.39,403.62,403.02,403.5599,300029.0,2s,2s,1.0,buy,False,0.8211382113821174,4.163492493946733,28.239017640954685,0.011578080659927173,-0.3119829203633827,-0.05576719410791926,-0.2117586542896106,-0.0005237814572605897,36.649454200874374,20.37249176284053,21.49877907254479,18.119917143432012,300029.0,2.2800000000000296,1.0,2.4600000000000364,7.0,0.00611058671568393,2.2800000000000296,14.0,0.005625462620281346,1.0,2.5,-0.3119829203633827,-0.2117586542896106,-0.05576719410791926,36.649454200874374,20.37249176284053,21.49877907254479,18.119917143432012,9.005419190308189,37.09116990755422,30.987656082816944,0.04211804953024146,0.1488759863034149,0.06009999999997717,0.37000000000000455,0.16990000000004102,1.0,6759.0,6759.0,2021-11-19,2021-11-19 13:40:00,0.20817231840922495,41.0,1.0,best_within_2.0d,6799.0,404.4,0.5832424107187206,4.3760036431226785,32.22527881040892,0.012230020343504162,2.285057100371749,15.890706319702602,0.006381710269403211,0.8211382113821174,2.4600000000000364,7.0,0.00611058671568393,2.2800000000000296,14.0,0.005625462620281346,1.0,0.00402220134195386,1.9444468750000041,16.553125,0.005470102952261012,1.0,0
6762.0,2021-11-19 14:00:00,399.5419,399.7196,399.29,399.405,394521.0,1p,1p,0.0,sell,False,4.537789863845757,3.0796000000000276,27.0,0.0077642194433239905,0.18908551912438543,0.323560187963461,0.4181029475256537,0.001049168754143345,72.20981581095431,88.1048174520104,88.47454869942501,87.36535495718118,394521.0,3.0796000000000276,0.0,3.0796000000000276,27.0,0.0077642194433239905,3.0796000000000276,0.0,0.0,1.0,1.0,0.18908551912438543,0.4181029475256537,0.323560187963461,72.20981581095431,88.1048174520104,88.47454869942501,87.36535495718118,34.34700773295229,3.265528267229239,43.81620703968654,-0.03426424112215153,0.10759097397881076,0.17770000000001573,0.11499999999995225,0.13690000000002556,0.0,6763.0,6763.0,2021-11-19,2021-11-19 14:00:00,0.8675313103311707,11.0,1.0,best_within_2.0d,6773.0,400.515,0.5832424107187206,4.3760036431226785,32.22527881040892,0.012230020343504162,2.285057100371749,15.890706319702602,0.006381710269403211,0.4929364202292669,5.6011759621451125,36.843533123028394,0.015614239272951093,2.82998018927445,22.52492113564669,0.007835530045022196,1.8630914826498424,0.00402220134195386,1.9444468750000041,16.553125,0.005470102952261012,0.0,1
6762.0,2021-11-19 14:00:00,404.17,404.24,403.97,404.02,287836.0,2,2,0.0,sell,False,0.5350877192982506,4.163492493946733,28.239017640954685,0.011578080659927173,-0.0671772589022942,-0.1367996981426512,-0.1703883275937983,-0.0004215372317485801,46.39941384078836,55.34653342173223,40.50039470045196,85.03881086429277,287836.0,1.2200000000000273,1.0,2.2800000000000296,14.0,0.005625462620281346,1.2200000000000273,5.0,0.003027145054836056,2.0,2.0,-0.0671772589022942,-0.1703883275937983,-0.1367996981426512,46.39941384078836,55.34653342173223,40.50039470045196,85.03881086429277,14.05534608133531,30.216469162401804,35.03256054742727,-0.037113095974474625,0.06683664628561076,0.06999999999999318,0.049999999999954525,0.1500000000000341,0.0,6763.0,6763.0,2021-11-19,2021-11-19 14:00:00,0.8675313103311707,11.0,1.0,best_within_2.0d,6773.0,400.515,0.5350877192982506,2.2800000000000296,14.0,0.005625462620281346,1.2200000000000273,5.0,0.003027145054836056,0.4929364202292669,5.6011759621451125,36.843533123028394,0.015614239272951093,2.82998018927445,22.52492113564669,0.007835530045022196,1.8630914826498424,0.00402220134195386,1.9444468750000041,16.553125,0.005470102952261012,0.0,1
6764.0,2021-11-19 14:10:00,404.07,404.309,404.02,404.15,131447.0,2,2,0.0,sell,False,0.5653508771929945,4.163492493946733,28.239017640954685,0.011578080659927173,0.009122365030305057,-0.13924144421850432,-0.1346802617033518,-0.0003332071598350002,48.99493293099219,71.78516965281975,56.11641558231554,103.12267779382816,131447.0,1.289000000000044,1.0,2.2800000000000296,14.0,0.005625462620281346,1.289000000000044,7.0,0.0031983524390850186,2.0,2.0,0.009122365030305057,-0.1346802617033518,-0.13924144421850432,48.99493293099219,71.78516965281975,56.11641558231554,103.12267779382816,16.86564335796886,28.8559270935626,34.60014280692719,0.019798549756226417,0.07153111232118314,0.15900000000004866,0.05000000000001137,0.07999999999998408,1.0,6765.0,6765.0,2021-11-19,2021-11-19 14:10:00,0.8994185327229967,9.0,1.0,best_within_2.0d,6773.0,400.515,0.5653508771929945,2.2800000000000296,14.0,0.005625462620281346,1.289000000000044,7.0,0.0031983524390850186,0.4929364202292669,5.6011759621451125,36.843533123028394,0.015614239272951093,2.82998018927445,22.52492113564669,0.007835530045022196,1.8630914826498424,0.00402220134195386,1.9444468750000041,16.553125,0.005470102952261012,0.0,1
6765.0,2021-11-19 14:15:00,404.15,404.39,404.06,404.2105,188566.0,2,2,0.0,sell,False,0.6008771929824503,4.163492493946733,28.239017640954685,0.011578080659927173,0.042583924669279516,-0.1339184536348444,-0.11262649130020463,-0.00027864393658804466,50.24018376216394,76.82271650820681,63.018515890945956,104.43111774272852,188566.0,1.3700000000000045,1.0,2.2800000000000296,14.0,0.005625462620281346,1.3700000000000045,8.0,0.003399335020594523,2.0,2.0,0.042583924669279516,-0.11262649130020463,-0.1339184536348444,50.24018376216394,76.82271650820681,63.018515890945956,104.43111774272852,14.527763231244695,28.29535280504124,34.42512556219464,0.014969689471742495,0.08167103895460676,0.1794999999999618,0.08999999999997499,0.060500000000047294,1.0,6766.0,6766.0,2021-11-19,2021-11-19 14:15:00,0.9142513616049157,8.0,1.0,best_within_2.0d,6773.0,400.515,0.6008771929824503,2.2800000000000296,14.0,0.005625462620281346,1.3700000000000045,8.0,0.003399335020594523,0.4929364202292669,5.6011759621451125,36.843533123028394,0.015614239272951093,2.82998018927445,22.52492113564669,0.007835530045022196,1.8630914826498424,0.00402220134195386,1.9444468750000041,16.553125,0.005470102952261012,0.0,1
6766.0,2021-11-19 14:20:00,404.23,404.4269,404.22,404.36,157995.0,2,2,0.0,sell,False,0.6170614035087671,4.163492493946733,28.239017640954685,0.011578080659927173,0.08284796173463116,-0.1235624584180155,-0.08213847755069992,-0.0002032088231522031,53.275859239202,82.96343253744516,69.66682143977903,109.55665473277742,157995.0,1.4069000000000074,1.0,2.2800000000000296,14.0,0.005625462620281346,1.4069000000000074,9.0,0.0034908937521711267,2.0,2.0,0.08284796173463116,-0.08213847755069992,-0.1235624584180155,53.275859239202,82.96343253744516,69.66682143977903,109.55665473277742,15.857216102968502,26.520040310461834,33.76344996156698,0.032159908962718115,0.051184998268260326,0.06689999999997553,0.009999999999990905,0.12999999999999545,1.0,6767.0,6767.0,2021-11-19,2021-11-19 14:20:00,0.9508853496884031,7.0,1.0,best_within_2.0d,6773.0,400.515,0.6170614035087671,2.2800000000000296,14.0,0.005625462620281346,1.4069000000000074,9.0,0.0034908937521711267,0.4929364202292669,5.6011759621451125,36.843533123028394,0.015614239272951093,2.82998018927445,22.52492113564669,0.007835530045022196,1.8630914826498424,0.00402220134195386,1.9444468750000041,16.553125,0.005470102952261012,1.0,1
6773.0,2021-11-19 14:55:00,400.47,400.535,399.93,400.515,384384.0,3a,3a,1.0,buy,False,0.0037775763070414022,4.163492493946733,28.239017640954685,0.011578080659927173,-0.1204824487342956,0.03387824694489556,-0.026362977422252243,-6.579390986303235e-05,45.9543080487276,46.64670139190174,48.86436276264075,42.21137865042374,384384.0,2.009999999999991,2.0,2.009999999999991,25.0,0.005000746380056703,2.009999999999991,25.0,0.005000746380056703,3.0,3.0,-0.1204824487342956,-0.026362977422252243,0.03387824694489556,45.9543080487276,46.64670139190174,48.86436276264075,42.21137865042374,11.337232434152346,31.568791278746684,36.85715348135765,0.011236796763792313,0.15127647338284655,0.020000000000038654,0.5400000000000205,0.04499999999995907,1.0,6774.0,6774.0,2021-11-19,2021-11-19 14:55:00,0.9700011235534227,26.0,1.0,best_within_2.0d,6799.0,404.4,0.5832424107187206,4.3760036431226785,32.22527881040892,0.012230020343504162,2.285057100371749,15.890706319702602,0.006381710269403211,0.4929364202292669,5.6011759621451125,36.843533123028394,0.015614239272951093,2.82998018927445,22.52492113564669,0.007835530045022196,1.8630914826498424,0.0037775763070414022,2.009999999999991,25.0,0.005000746380056703,0.0,0
6777.0,2021-11-19 15:15:00,403.87,403.94,403.68,403.9,352708.0,2s,2s,1.0,buy,False,0.5528455284552819,4.163492493946733,28.239017640954685,0.011578080659927173,-0.011308362434001795,-0.05280916529765578,-0.05846334651465668,-0.00014466095341791164,44.186857714089186,40.73077776949664,52.30312085873345,17.58609159102302,352708.0,0.7468999999999824,1.0,2.4600000000000364,7.0,0.00611058671568393,0.7468999999999824,12.0,0.0018468108822632281,2.0,2.5,-0.011308362434001795,-0.05846334651465668,-0.05280916529765578,44.186857714089186,40.73077776949664,52.30312085873345,17.58609159102302,11.832621462894037,18.909058551344355,26.043471584038695,0.007428132815007977,0.06440745144668819,0.040000000000020464,0.18999999999999773,0.029999999999972715,1.0,6778.0,6778.0,2021-11-19,2021-11-19 15:15:00,0.12379301807378064,22.0,1.0,best_within_2.0d,6799.0,404.4,0.5832424107187206,4.3760036431226785,32.22527881040892,0.012230020343504162,2.285057100371749,15.890706319702602,0.006381710269403211,0.5528455284552819,2.4600000000000364,7.0,0.00611058671568393,0.7468999999999824,12.0,0.0018468108822632281,2.0,0.00402220134195386,1.9444468750000041,16.553125,0.005470102952261012,1.0,0
6783.0,2021-11-19 15:45:00,403.87,404.0401,403.6425,403.96,460716.0,2s,2s,1.0,buy,False,0.5680894308943153,4.163492493946733,28.239017640954685,0.011578080659927173,-0.019721934570042274,-0.06241311364027572,-0.07227408092529686,-0.00017886285839031403,46.535510966905335,41.737294670030494,41.76308922641128,41.68570555726892,460716.0,0.7844000000000051,1.0,2.4600000000000364,7.0,0.00611058671568393,0.7844000000000051,18.0,0.0019395346847601016,2.0,2.5,-0.019721934570042274,-0.07227408092529686,-0.06241311364027572,46.535510966905335,41.737294670030494,41.76308922641128,41.68570555726892,13.405951872418592,15.840808771181084,23.399422998479253,0.022284398445038003,0.09850300699257668,0.08010000000001583,0.22750000000002046,0.08999999999997499,1.0,6784.0,6784.0,2021-11-19,2021-11-19 15:45:00,0.10892167541340671,16.0,1.0,best_within_2.0d,6799.0,404.4,0.5832424107187206,4.3760036431226785,32.22527881040892,0.012230020343504162,2.285057100371749,15.890706319702602,0.006381710269403211,0.5680894308943153,2.4600000000000364,7.0,0.00611058671568393,0.7844000000000051,18.0,0.0019395346847601016,2.0,0.00402220134195386,1.9444468750000041,16.553125,0.005470102952261012,0.0,0
6784.0,2021-11-19 15:50:00,403.95,404.15,403.62,403.87,587542.0,2s,2s,1.0,buy,False,0.5772357723577215,4.163492493946733,28.239017640954685,0.011578080659927173,-0.02420321253211949,-0.06543851520679064,-0.07754012147285039,-0.00019190240572802594,44.229662327903796,42.444746154289504,41.990308202370684,43.353622058127144,587542.0,0.8068999999999846,1.0,2.4600000000000364,7.0,0.00611058671568393,0.8068999999999846,19.0,0.001995168966258141,2.0,2.5,-0.02420321253211949,-0.07754012147285039,-0.06543851520679064,44.229662327903796,42.444746154289504,41.990308202370684,43.353622058127144,13.01269754270559,15.243902439024959,22.292051759490253,-0.019804431241486342,0.1313116297507489,0.19999999999998863,0.25,0.07999999999998408,0.0,6785.0,6785.0,2021-11-19,2021-11-19 15:50:00,0.13123034639858686,15.0,1.0,best_within_2.0d,6799.0,404.4,0.5832424107187206,4.3760036431226785,32.22527881040892,0.012230020343504162,2.285057100371749,15.890706319702602,0.006381710269403211,0.5772357723577215,2.4600000000000364,7.0,0.00611058671568393,0.8068999999999846,19.0,0.001995168966258141,2.0,0.00402220134195386,1.9444468750000041,16.553125,0.005470102952261012,1.0,0
6795.0,2021-11-19 16:45:00,404.25,404.38,404.23,404.36,13148.0,2s,2s,0.0,sell,False,0.5964912280701737,4.163492493946733,28.239017640954685,0.011578080659927173,0.08050633154084433,-0.016972820720410745,0.02328034505001142,5.761188749004167e-05,59.23871273865024,84.52808228245883,78.42495909163328,96.73432866410991,13148.0,0.7599999999999909,1.0,2.2800000000000296,14.0,0.005625462620281346,0.7599999999999909,12.0,0.0018829592190674172,1.0,2.5,0.08050633154084433,0.02328034505001142,-0.016972820720410745,59.23871273865024,84.52808228245883,78.42495909163328,96.73432866410991,16.525423728814847,10.442961894459343,19.90584905607593,0.02721088435374487,0.03710758726467042,0.01999999999998181,0.01999999999998181,0.11000000000001364,1.0,6796.0,6796.0,2021-11-19,2021-11-19 16:45:00,2.0540172048918044,173.78554736652885,0.0,,14281.267661333814,366.3529484630595,0.5832424107187206,4.3760036431226785,32.22527881040892,0.012230020343504162,2.285057100371749,15.890706319702602,0.006381710269403211,0.5964912280701737,2.2800000000000296,14.0,0.005625462620281346,0.7599999999999909,12.0,0.0018829592190674172,1.0,0.00402220134195386,1.9444468750000041,16.553125,0.005470102952261012,0.0,1
6799.0,2021-11-19 17:05:00,404.34,404.41,404.34,404.4,18021.0,2s,2s,0.0,sell,False,0.6096491228070285,4.163492493946733,28.239017640954685,0.011578080659927173,0.0864865705106473,0.02579794484845451,0.06904123010377816,0.00017082851157556922,59.33304710092189,89.2711477366766,84.91400947104734,97.98542426793512,18021.0,0.7900000000000205,1.0,2.2800000000000296,14.0,0.005625462620281346,0.7900000000000205,16.0,0.001957286556662258,1.0,2.5,0.0864865705106473,0.06904123010377816,0.02579794484845451,59.33304710092189,89.2711477366766,84.91400947104734,97.98542426793512,20.524017467253863,21.397379912660416,19.222605446584545,0.014838996883811219,0.017312163031124803,0.010000000000047748,0.0,0.060000000000002274,1.0,6800.0,6800.0,2021-11-19,2021-11-19 17:05:00,2.0540172048918044,173.78554736652885,0.0,,14281.267661333814,366.3529484630595,0.5832424107187206,4.3760036431226785,32.22527881040892,0.012230020343504162,2.285057100371749,15.890706319702602,0.006381710269403211,0.6096491228070285,2.2800000000000296,14.0,0.005625462620281346,0.7900000000000205,16.0,0.001957286556662258,1.0,0.00402220134195386,1.9444468750000041,16.553125,0.005470102952261012,1.0,1
6828.0,2021-11-22 04:00:00,404.75,405.54,404.75,405.54,14748.0,1,1,0.0,sell,False,0.6564998777045169,1.920000000000016,45.0,0.00475694960606515,0.17053314429197322,0.021095319989296073,0.10636189213528269,0.0002630649474622539,86.2760891996537,84.58984988170194,71.01547234665637,111.73860495179309,14748.0,1.920000000000016,1.0,1.920000000000016,45.0,0.00475694960606515,1.920000000000016,45.0,0.00475694960606515,1.0,1.0,0.17053314429197322,0.10636189213528269,0.021095319989296073,86.2760891996537,84.58984988170194,71.01547234665637,111.73860495179309,72.39583333333417,14.062499999999353,49.63181305099819,0.19518221124151217,0.19518221124151217,0.0,0.0,0.7900000000000205,1.0,6829.0,6829.0,2021-11-22,2021-11-22 04:00:00,3.0403905903240225,307.0,1.0,best_within_2.0d,7135.0,393.21,0.5832424107187206,4.3760036431226785,32.22527881040892,0.012230020343504162,2.285057100371749,15.890706319702602,0.006381710269403211,0.4929364202292669,5.6011759621451125,36.843533123028394,0.015614239272951093,2.82998018927445,22.52492113564669,0.007835530045022196,1.8630914826498424,0.00402220134195386,1.9444468750000041,16.553125,0.005470102952261012,0.0,1
6829.0,2021-11-22 04:05:00,405.53,405.82,405.53,405.74,9499.0,1,1,0.0,sell,False,1.1231210752133969,2.1999999999999886,46.0,0.005450671423616244,0.29174318972671387,0.05756321870513531,0.20343481356849225,0.0005030244278454734,87.72854685747144,88.13926500050002,76.72340323127091,110.97098853895824,9499.0,2.1999999999999886,1.0,2.1999999999999886,46.0,0.005450671423616244,2.1999999999999886,46.0,0.005450671423616244,1.0,1.0,0.29174318972671387,0.20343481356849225,0.05756321870513531,87.72854685747144,88.13926500050002,76.72340323127091,110.97098853895824,78.77358490566039,8.490566037733698,51.839579300251536,0.05178408502454477,0.07151135551007828,0.07999999999998408,0.0,0.21000000000003638,1.0,6830.0,6830.0,2021-11-22,2021-11-22 04:05:00,3.088184551683351,306.0,1.0,best_within_2.0d,7135.0,393.21,0.5832424107187206,4.3760036431226785,32.22527881040892,0.012230020343504162,2.285057100371749,15.890706319702602,0.006381710269403211,0.4929364202292669,5.6011759621451125,36.843533123028394,0.015614239272951093,2.82998018927445,22.52492113564669,0.007835530045022196,1.8630914826498424,0.00402220134195386,1.9444468750000041,16.553125,0.005470102952261012,1.0,1
6876.0,2021-11-22 08:00:00,405.48,405.79,404.292,405.5,56385.0,2s,2s,1.0,buy,False,0.3040650406504212,4.163492493946733,28.239017640954685,0.011578080659927173,-0.043505217526497234,0.044668577546273326,0.02291596878302471,5.650677362391001e-05,47.5719391545861,63.18382761512265,57.84949576293974,73.85249131948848,56385.0,1.52800000000002,1.0,2.4600000000000364,7.0,0.00611058671568393,1.52800000000002,48.0,0.0037652161056626584,3.0,2.5,-0.043505217526497234,0.02291596878302471,0.044668577546273326,47.5719391545861,63.18382761512265,57.84949576293974,73.85249131948848,9.271099744246051,56.20204603580608,26.925720280168797,0.0049324257669877206,0.37052427453425923,0.29000000000002046,1.188000000000045,0.01999999999998181,1.0,6877.0,6877.0,2021-11-22,2021-11-22 08:00:00,0.7176325524044451,26.0,1.0,best_within_2.0d,6902.0,408.41,0.5832424107187206,4.3760036431226785,32.22527881040892,0.012230020343504162,2.285057100371749,15.890706319702602,0.006381710269403211,0.3040650406504212,2.4600000000000364,7.0,0.00611058671568393,1.52800000000002,48.0,0.0037652161056626584,3.0,0.00402220134195386,1.9444468750000041,16.553125,0.005470102952261012,1.0,0
6882.0,2021-11-22 08:30:00,405.61,405.79,405.6,405.75,13323.0,2,2,0.0,sell,False,0.980366492146615,4.163492493946733,28.239017640954685,0.011578080659927173,0.008741290899383178,0.020433786818037182,0.02480443226772877,6.116177444896888e-05,60.97137299502121,86.65285760173701,78.60857613536662,102.74142053447778,13323.0,1.4980000000000473,1.0,1.52800000000002,48.0,0.0037652161056626584,1.4980000000000473,7.0,0.0037052427453425924,2.0,2.0,0.008741290899383178,0.02480443226772877,0.020433786818037182,60.97137299502121,86.65285760173701,78.60857613536662,102.74142053447778,19.335142469472288,48.43962008141237,39.475822994268924,0.03451591430191227,0.046844181459565516,0.040000000000020464,0.009999999999990905,0.13999999999998636,1.0,6883.0,6883.0,2021-11-22,2021-11-22 08:30:00,3.0905730129390068,253.0,1.0,best_within_2.0d,7135.0,393.21,0.980366492146615,1.52800000000002,48.0,0.0037652161056626584,1.4980000000000473,7.0,0.0037052427453425924,0.4929364202292669,5.6011759621451125,36.843533123028394,0.015614239272951093,2.82998018927445,22.52492113564669,0.007835530045022196,1.8630914826498424,0.00402220134195386,1.9444468750000041,16.553125,0.005470102952261012,0.0,1
6883.0,2021-11-22 08:35:00,405.72,405.8,405.7,405.77,10056.0,2,2,0.0,sell,False,0.98691099476441,4.163492493946733,28.239017640954685,0.011578080659927173,0.02839396656137566,0.02398303263820914,0.03818001591889697,9.413904670970308e-05,61.814338474484785,90.43877509434924,82.55197578836082,106.21237370632608,10056.0,1.5080000000000382,1.0,1.52800000000002,48.0,0.0037652161056626584,1.5080000000000382,8.0,0.003729977343108541,2.0,2.0,0.02839396656137566,0.03818001591889697,0.02398303263820914,61.814338474484785,90.43877509434924,82.55197578836082,106.21237370632608,19.41097724230355,47.79116465863545,39.6726267587647,0.012323770087734035,0.024648755237866093,0.03000000000002956,0.020000000000038654,0.049999999999954525,1.0,6884.0,6884.0,2021-11-22,2021-11-22 08:35:00,3.095349582275674,252.0,1.0,best_within_2.0d,7135.0,393.21,0.98691099476441,1.52800000000002,48.0,0.0037652161056626584,1.5080000000000382,8.0,0.003729977343108541,0.4929364202292669,5.6011759621451125,36.843533123028394,0.015614239272951093,2.82998018927445,22.52492113564669,0.007835530045022196,1.8630914826498424,0.00402220134195386,1.9444468750000041,16.553125,0.005470102952261012,0.0,1
6887.0,2021-11-22 08:55:00,405.76,405.96,405.76,405.89,28124.0,1,1,0.0,sell,False,0.1795655144011493,1.6680000000000064,12.0,0.004125730907364,0.04664413934756209,0.04125061495335623,0.06457268462713728,0.00015919477896230103,65.74096294822527,84.22697682709791,84.62771740667122,83.42549566795128,28124.0,1.6680000000000064,1.0,1.6680000000000064,12.0,0.004125730907364,1.6680000000000064,12.0,0.004125730907364,1.0,1.0,0.04664413934756209,0.06457268462713728,0.04125061495335623,65.74096294822527,84.22697682709791,84.62771740667122,83.42549566795128,19.25505050505055,50.12626262626233,43.357138021020255,0.032038643533121906,0.04929022082018648,0.06999999999999318,0.0,0.12999999999999545,1.0,6888.0,6888.0,2021-11-22,2021-11-22 08:55:00,3.1239991130601905,248.0,1.0,best_within_2.0d,7135.0,393.21,0.5832424107187206,4.3760036431226785,32.22527881040892,0.012230020343504162,2.285057100371749,15.890706319702602,0.006381710269403211,0.4929364202292669,5.6011759621451125,36.843533123028394,0.015614239272951093,2.82998018927445,22.52492113564669,0.007835530045022196,1.8630914826498424,0.00402220134195386,1.9444468750000041,16.553125,0.005470102952261012,0.0,1
6888.0,2021-11-22 09:00:00,405.91,406.84,405.62,405.97,195188.0,1,1,0.0,sell,False,0.2541334164094779,2.548000000000002,13.0,0.006302375510769449,0.06601398117672838,0.04950236260044728,0.08250935318881147,0.00020340210888797715,68.6276037947616,69.34576232917756,79.53373238084001,48.96982222585268,195188.0,2.548000000000002,1.0,2.548000000000002,13.0,0.006302375510769449,2.548000000000002,13.0,0.006302375510769449,1.0,1.0,0.06601398117672838,0.08250935318881147,0.04950236260044728,68.6276037947616,69.34576232917756,79.53373238084001,48.96982222585268,34.829359513791545,35.0163627863497,40.279323706457134,0.014781601832919187,0.3007741235639195,0.8699999999999477,0.29000000000002046,0.060000000000002274,1.0,6889.0,6889.0,2021-11-22,2021-11-22 09:00:00,3.1430893908416997,247.0,1.0,best_within_2.0d,7135.0,393.21,0.5832424107187206,4.3760036431226785,32.22527881040892,0.012230020343504162,2.285057100371749,15.890706319702602,0.006381710269403211,0.4929364202292669,5.6011759621451125,36.843533123028394,0.015614239272951093,2.82998018927445,22.52492113564669,0.007835530045022196,1.8630914826498424,0.00402220134195386,1.9444468750000041,16.553125,0.005470102952261012,1.0,1
6893.0,2021-11-22 09:25:00,405.64,405.68,405.46,405.57,56299.0,3a,3a,1.0,buy,False,0.004214806366837025,4.163492493946733,28.239017640954685,0.011578080659927173,-0.03804422552516211,0.05986698141510862,0.040844868652527566,0.00010068646054080576,45.875015899078484,17.45830306032529,33.648362553181755,-14.921815925387648,56299.0,1.3799999999999955,2.0,1.3799999999999955,6.0,0.0033919968538000085,1.3799999999999955,6.0,0.0033919968538000085,3.0,3.0,-0.03804422552516211,0.040844868652527566,0.05986698141510862,45.875015899078484,17.45830306032529,33.648362553181755,-14.921815925387648,42.690058479530656,14.035087719296815,42.66698515578731,-0.01725668080070831,0.05425935973956181,0.040000000000020464,0.11000000000001364,0.06999999999999318,0.0,6894.0,6894.0,2021-11-22,2021-11-22 09:25:00,0.7002490322262573,9.0,1.0,best_within_2.0d,6902.0,408.41,0.5832424107187206,4.3760036431226785,32.22527881040892,0.012230020343504162,2.285057100371749,15.890706319702602,0.006381710269403211,0.4929364202292669,5.6011759621451125,36.843533123028394,0.015614239272951093,2.82998018927445,22.52492113564669,0.007835530045022196,1.8630914826498424,0.004214806366837025,1.3799999999999955,6.0,0.0033919968538000085,1.0,0
6897.0,2021-11-22 09:45:00,407.35,407.84,406.985,407.84,715869.0,1p,1p,0.0,sell,False,6.250604189286367,2.3799999999999955,5.0,0.005869876190006402,0.41262789235514874,0.17611630663318933,0.3824302528107637,0.0009417987157631214,83.54110237433278,79.47725253369074,59.78664971289243,118.85845817528738,715869.0,2.3799999999999955,0.0,2.3799999999999955,5.0,0.005869876190006402,2.3799999999999955,0.0,0.0,1.0,1.0,0.41262789235514874,0.3824302528107637,0.17611630663318933,83.54110237433278,79.47725253369074,59.78664971289243,118.85845817528738,55.058043117744326,7.960199004974594,49.837292889090534,0.12028967718177297,0.21008145263337993,0.0,0.3650000000000091,0.48999999999995225,1.0,6898.0,6898.0,2021-11-22,2021-11-22 09:45:00,3.5871910553158095,238.0,1.0,best_within_2.0d,7135.0,393.21,0.5832424107187206,4.3760036431226785,32.22527881040892,0.012230020343504162,2.285057100371749,15.890706319702602,0.006381710269403211,0.4929364202292669,5.6011759621451125,36.843533123028394,0.015614239272951093,2.82998018927445,22.52492113564669,0.007835530045022196,1.8630914826498424,0.00402220134195386,1.9444468750000041,16.553125,0.005470102952261012,0.0,1
6898.0,2021-11-22 09:50:00,407.81,407.93,407.45,407.79,686312.0,1p,1p,0.0,sell,False,6.9122372593376955,2.4700000000000273,6.0,0.006091846298031933,0.4563049915507252,0.23315443057702998,0.46130692635239257,0.0011356881242843917,82.00644538397968,84.42882962435004,68.00070968337829,117.28506950629355,686312.0,2.4700000000000273,0.0,2.4700000000000273,6.0,0.006091846298031933,2.4700000000000273,0.0,0.0,1.0,1.0,0.4563049915507252,0.46130692635239257,0.23315443057702998,82.00644538397968,84.42882962435004,68.00070968337829,117.28506950629355,53.532182103610616,6.436420722134562,51.88705992655649,-0.004904244623717371,0.11780586575040328,0.12000000000000455,0.34000000000003183,0.01999999999998181,0.0,6899.0,6899.0,2021-11-22,2021-11-22 09:50:00,3.575369675568317,237.0,1.0,best_within_2.0d,7135.0,393.21,0.5832424107187206,4.3760036431226785,32.22527881040892,0.012230020343504162,2.285057100371749,15.890706319702602,0.006381710269403211,0.4929364202292669,5.6011759621451125,36.843533123028394,0.015614239272951093,2.82998018927445,22.52492113564669,0.007835530045022196,1.8630914826498424,0.00402220134195386,1.9444468750000041,16.553125,0.005470102952261012,0.0,1
6899.0,2021-11-22 09:55:00,407.8,408.0,407.54,407.59,545003.0,1p,1p,0.0,sell,False,6.9122372593376955,2.5400000000000205,7.0,0.006264489715385045,0.42998237509145965,0.28690222746346244,0.5018934150091923,0.0012352926729575842,75.99292283827816,84.23864232174489,73.41335389616715,105.88921917290037,545003.0,2.5400000000000205,0.0,2.5400000000000205,7.0,0.006264489715385045,2.5400000000000205,0.0,0.0,1.0,1.0,0.42998237509145965,0.5018934150091923,0.28690222746346244,75.99292283827816,84.23864232174489,73.41335389616715,105.88921917290037,51.259259259259395,6.074074074073653,53.81022489673426,-0.05149583128985689,0.11287235608774097,0.19999999999998863,0.049999999999954525,0.21000000000003638,0.0,6900.0,6900.0,2021-11-22,2021-11-22 09:55:00,3.528055153463038,236.0,1.0,best_within_2.0d,7135.0,393.21,0.5832424107187206,4.3760036431226785,32.22527881040892,0.012230020343504162,2.285057100371749,15.890706319702602,0.006381710269403211,0.4929364202292669,5.6011759621451125,36.843533123028394,0.015614239272951093,2.82998018927445,22.52492113564669,0.007835530045022196,1.8630914826498424,0.00402220134195386,1.9444468750000041,16.553125,0.005470102952261012,0.0,1
6900.0,2021-11-22 10:00:00,407.6,408.43,407.6,408.15,803777.0,1p,1p,0.0,sell,False,6.92561332483057,2.9700000000000273,8.0,0.007325013564840003,0.45718800022399697,0.34405072749146204,0.5726447276034605,0.0014089539335610218,80.34008061934738,86.34989173862647,77.72553317698691,103.59860886190557,803777.0,2.9700000000000273,0.0,2.9700000000000273,8.0,0.007325013564840003,2.9700000000000273,0.0,0.0,1.0,1.0,0.45718800022399697,0.5726447276034605,0.34405072749146204,80.34008061934738,86.34989173862647,77.72553317698691,103.59860886190557,51.86666666666648,4.266666666666576,56.02364453000114,0.1349362119725109,0.20363101079489304,0.28000000000002956,0.0,0.5499999999999545,1.0,6901.0,6901.0,2021-11-22,2021-11-22 10:00:00,3.6604189636163174,235.0,1.0,best_within_2.0d,7135.0,393.21,0.5832424107187206,4.3760036431226785,32.22527881040892,0.012230020343504162,2.285057100371749,15.890706319702602,0.006381710269403211,0.4929364202292669,5.6011759621451125,36.843533123028394,0.015614239272951093,2.82998018927445,22.52492113564669,0.007835530045022196,1.8630914826498424,0.00402220134195386,1.9444468750000041,16.553125,0.005470102952261012,0.0,1
6902.0,2021-11-22 10:10:00,408.12,408.46,408.05,408.41,418282.0,1p,1p,0.0,sell,False,6.92561332483057,3.0,10.0,0.007399003600848419,0.43489058453138774,0.4531542306674795,0.6705995229331734,0.0016489061874546114,81.16901011398434,90.90615372021716,84.22990653727527,104.25864808610095,418282.0,3.0,0.0,3.0,10.0,0.007399003600848419,3.0,0.0,0.0,1.0,1.0,0.43489058453138774,0.6705995229331734,0.4531542306674795,81.16901011398434,90.90615372021716,84.22990653727527,104.25864808610095,43.16860465116239,4.651162790697579,59.61746218696877,0.07105753209840744,0.10047788261241715,0.049999999999954525,0.06999999999999318,0.29000000000002046,1.0,6903.0,6903.0,2021-11-22,2021-11-22 10:10:00,3.7217502020029,233.0,1.0,best_within_2.0d,7135.0,393.21,0.5832424107187206,4.3760036431226785,32.22527881040892,0.012230020343504162,2.285057100371749,15.890706319702602,0.006381710269403211,0.4929364202292669,5.6011759621451125,36.843533123028394,0.015614239272951093,2.82998018927445,22.52492113564669,0.007835530045022196,1.8630914826498424,0.00402220134195386,1.9444468750000041,16.553125,0.005470102952261012,0.0,1
6903.0,2021-11-22 10:15:00,408.41,408.71,408.3,408.31,638237.0,1p,1p,0.0,sell,False,6.92561332483057,3.25,11.0,0.008015587234252454,0.38915701693126703,0.5017988577838879,0.6963773662495214,0.0017117861607816392,78.37257674866301,88.29966273384477,85.58649193613176,93.72600432927075,638237.0,3.25,0.0,3.25,11.0,0.008015587234252454,3.25,0.0,0.0,1.0,1.0,0.38915701693126703,0.6963773662495214,0.5017988577838879,78.37257674866301,88.29966273384477,85.58649193613176,93.72600432927075,45.416078984485296,4.513399153737615,61.210565170385465,-0.024485198697392997,0.10041636051921826,0.2999999999999545,0.009999999999990905,0.10000000000002274,0.0,6904.0,6904.0,2021-11-22,2021-11-22 10:15:00,3.6981705077024865,232.0,1.0,best_within_2.0d,7135.0,393.21,0.5832424107187206,4.3760036431226785,32.22527881040892,0.012230020343504162,2.285057100371749,15.890706319702602,0.006381710269403211,0.4929364202292669,5.6011759621451125,36.843533123028394,0.015614239272951093,2.82998018927445,22.52492113564669,0.007835530045022196,1.8630914826498424,0.00402220134195386,1.9444468750000041,16.553125,0.005470102952261012,1.0,1
6945.0,2021-11-22 13:45:00,400.47,400.535,399.93,400.515,384384.0,2,2,1.0,buy,False,0.4476614699331819,4.163492493946733,28.239017640954685,0.011578080659927173,-0.12047754937856929,0.033870591611477784,-0.02636818307780686,-6.580690072851304e-05,45.95761401978361,46.64670139190174,48.86436276264075,42.21137865042374,384384.0,2.009999999999991,1.0,4.490000000000009,27.0,0.01129701849289221,2.009999999999991,25.0,0.005000746380056703,2.0,2.0,-0.12047754937856929,-0.02636818307780686,0.033870591611477784,45.95761401978361,46.64670139190174,48.86436276264075,42.21137865042374,11.337232434152346,31.568791278746684,36.84841187189833,0.011236796763792313,0.15127647338284655,0.020000000000038654,0.5400000000000205,0.04499999999995907,1.0,6946.0,6946.0,2021-11-22,2021-11-22 13:45:00,1.9462442105788835,312.0,1.0,best_within_2.0d,7257.0,408.31,0.4476614699331819,4.490000000000009,27.0,0.01129701849289221,2.009999999999991,25.0,0.005000746380056703,0.4929364202292669,5.6011759621451125,36.843533123028394,0.015614239272951093,2.82998018927445,22.52492113564669,0.007835530045022196,1.8630914826498424,0.00402220134195386,1.9444468750000041,16.553125,0.005470102952261012,0.0,0
6945.0,2021-11-22 13:45:00,397.82,398.41,397.45,398.19,937137.0,1,1,1.0,buy,False,3.7103441041871794,2.8600000000000136,8.0,0.007144463041143148,-0.36212430977687843,-0.12362288541252789,-0.3046850403009671,-0.0007630345937914458,36.5699700906783,26.61392721426419,37.80226401811461,4.237253606563343,937137.0,2.8600000000000136,1.0,2.8600000000000136,8.0,0.007144463041143148,2.8600000000000136,8.0,0.007144463041143148,1.0,1.0,-0.36212430977687843,-0.3046850403009671,-0.12362288541252789,36.5699700906783,26.61392721426419,37.80226401811461,4.237253606563343,13.257625642012474,30.796349011781597,34.1233432437097,0.09300688753707823,0.24153981632910718,0.22000000000002728,0.37000000000000455,0.37000000000000455,1.0,6946.0,6946.0,2021-11-22,2021-11-22 13:45:00,1.9462442105788835,312.0,1.0,best_within_2.0d,7257.0,408.31,0.5832424107187206,4.3760036431226785,32.22527881040892,0.012230020343504162,2.285057100371749,15.890706319702602,0.006381710269403211,0.4929364202292669,5.6011759621451125,36.843533123028394,0.015614239272951093,2.82998018927445,22.52492113564669,0.007835530045022196,1.8630914826498424,0.00402220134195386,1.9444468750000041,16.553125,0.005470102952261012,0.0,0
6953.0,2021-11-22 14:25:00,397.82,398.41,397.45,398.19,937137.0,1p,1p,1.0,buy,False,7.672434511090844,2.8600000000000136,8.0,0.007144463041143148,-0.35710176514206926,-0.13149887203551797,-0.3100497546065526,-0.0007764592126982163,36.37105890332125,26.61392721411314,37.80226401466758,4.237253613004256,937137.0,2.8600000000000136,0.0,2.8600000000000136,8.0,0.007144463041143148,2.8600000000000136,0.0,0.0,1.0,1.0,-0.35710176514206926,-0.3100497546065526,-0.13149887203551797,36.37105890332125,26.61392721411314,37.80226401466758,4.237253613004256,13.257625642012474,30.796349011781597,33.799956418521866,0.09300688753707823,0.24153981632910718,0.22000000000002728,0.37000000000000455,0.37000000000000455,1.0,6954.0,6954.0,2021-11-22,2021-11-22 14:25:00,2.541500288806852,304.0,1.0,best_within_2.0d,7257.0,408.31,0.5832424107187206,4.3760036431226785,32.22527881040892,0.012230020343504162,2.285057100371749,15.890706319702602,0.006381710269403211,0.4929364202292669,5.6011759621451125,36.843533123028394,0.015614239272951093,2.82998018927445,22.52492113564669,0.007835530045022196,1.8630914826498424,0.00402220134195386,1.9444468750000041,16.553125,0.005470102952261012,0.0,0
6957.0,2021-11-22 14:45:00,403.56,404.07,403.4,403.8297,309000.0,2,2,0.0,sell,False,0.38866930171277975,4.163492493946733,28.239017640954685,0.011578080659927173,0.29730214723884807,-0.150726435506845,-0.002075361887420968,-5.145947129318371e-06,57.207824477252196,81.53029805219558,77.00120515584703,90.58848384489266,309000.0,2.9499999999999886,1.0,7.589999999999975,21.0,0.018570624648283563,2.9499999999999886,35.0,0.007354407658556015,2.0,2.0,0.29730214723884807,-0.002075361887420968,-0.150726435506845,57.207824477252196,81.53029805219558,77.00120515584703,90.58848384489266,19.149089338421042,16.917428550858705,25.004004987118794,0.06683021112102297,0.1660882498760575,0.24029999999999063,0.160000000000025,0.2697000000000003,1.0,6958.0,6958.0,2021-11-22,2021-11-22 14:45:00,2.6297471434121915,178.0,1.0,best_within_2.0d,7135.0,393.21,0.38866930171277975,7.589999999999975,21.0,0.018570624648283563,2.9499999999999886,35.0,0.007354407658556015,0.4929364202292669,5.6011759621451125,36.843533123028394,0.015614239272951093,2.82998018927445,22.52492113564669,0.007835530045022196,1.8630914826498424,0.00402220134195386,1.9444468750000041,16.553125,0.005470102952261012,0.0,1
6958.0,2021-11-22 14:50:00,403.82,404.09,403.81,404.02,315715.0,2,2,0.0,sell,False,0.39130434782608436,4.163492493946733,28.239017640954685,0.011578080659927173,0.3302150355205492,-0.10944955606677635,0.05565796169349824,0.00013798801715871214,59.372150630756195,85.87807983841475,79.9601633833696,97.71391274850504,315715.0,2.9699999999999704,1.0,7.589999999999975,21.0,0.018570624648283563,2.9699999999999704,36.0,0.007404268049461434,2.0,2.0,0.3302150355205492,0.05565796169349824,-0.10944955606677635,59.372150630756195,85.87807983841475,79.9601633833696,97.71391274850504,20.562028786840514,12.565684258623508,24.94214256193084,0.04952701698776401,0.06933954087317618,0.06999999999999318,0.009999999999990905,0.19999999999998863,1.0,6959.0,6959.0,2021-11-22,2021-11-22 14:50:00,2.6756101183109755,177.0,1.0,best_within_2.0d,7135.0,393.21,0.39130434782608436,7.589999999999975,21.0,0.018570624648283563,2.9699999999999704,36.0,0.007404268049461434,0.4929364202292669,5.6011759621451125,36.843533123028394,0.015614239272951093,2.82998018927445,22.52492113564669,0.007835530045022196,1.8630914826498424,0.00402220134195386,1.9444468750000041,16.553125,0.005470102952261012,0.0,1
6959.0,2021-11-22 14:55:00,404.04,404.12,403.765,403.9301,415707.0,2,2,0.0,sell,False,0.39525691699604876,4.163492493946733,28.239017640954685,0.011578080659927173,0.3240550239172507,-0.06894267807712001,0.09308483388150535,0.00023075282492604393,57.88274481506411,85.78993201348801,81.90341959340907,93.56295685364591,415707.0,3.0,1.0,7.589999999999975,21.0,0.018570624648283563,3.0,37.0,0.007479058635819704,2.0,2.0,0.3240550239172507,0.09308483388150535,-0.06894267807712001,57.88274481506411,85.78993201348801,81.90341959340907,93.56295685364591,20.60911380810642,13.281428898556449,24.70496249476616,-0.027200277200286786,0.08792243012643944,0.07999999999998408,0.16509999999999536,0.10990000000003874,0.0,6960.0,6960.0,2021-11-22,2021-11-22 14:55:00,2.653949284789621,176.0,1.0,best_within_2.0d,7135.0,393.21,0.39525691699604876,7.589999999999975,21.0,0.018570624648283563,3.0,37.0,0.007479058635819704,0.4929364202292669,5.6011759621451125,36.843533123028394,0.015614239272951093,2.82998018927445,22.52492113564669,0.007835530045022196,1.8630914826498424,0.00402220134195386,1.9444468750000041,16.553125,0.005470102952261012,0.0,1
6960.0,2021-11-22 15:00:00,403.96,404.58,403.68,404.42,425823.0,2,2,0.0,sell,False,0.45586297760210687,4.163492493946733,28.239017640954685,0.011578080659927173,0.36699216963479336,-0.02306865687277084,0.16042742794462583,0.0003976171319105006,63.28750681777118,87.53036666067794,83.77906861583202,95.03296275036979,425823.0,3.4599999999999795,1.0,7.589999999999975,21.0,0.018570624648283563,3.4599999999999795,38.0,0.008625847626645342,2.0,2.0,0.36699216963479336,0.16042742794462583,-0.02306865687277084,63.28750681777118,87.53036666067794,83.77906861583202,95.03296275036979,25.71022727272723,9.659090909090171,26.181859895455766,0.11387266065948025,0.22294887039238437,0.15999999999996817,0.2799999999999727,0.4600000000000364,1.0,6961.0,6961.0,2021-11-22,2021-11-22 15:00:00,2.771870827357706,175.0,1.0,best_within_2.0d,7135.0,393.21,0.45586297760210687,7.589999999999975,21.0,0.018570624648283563,3.4599999999999795,38.0,0.008625847626645342,0.4929364202292669,5.6011759621451125,36.843533123028394,0.015614239272951093,2.82998018927445,22.52492113564669,0.007835530045022196,1.8630914826498424,0.00402220134195386,1.9444468750000041,16.553125,0.005470102952261012,0.0,1
6962.0,2021-11-22 15:10:00,404.47,404.625,404.075,404.13,390013.0,2,2,0.0,sell,False,0.46179183135704965,4.163492493946733,28.239017640954685,0.011578080659927173,0.32560451716841854,0.06507614106473446,0.22787839964894374,0.0005646308839958225,57.97806065374527,83.04664515606402,84.77204268952025,79.59585008915155,390013.0,3.5049999999999955,1.0,7.589999999999975,21.0,0.018570624648283563,3.5049999999999955,40.0,0.008738033506182677,2.0,2.0,0.32560451716841854,0.22787839964894374,0.06507614106473446,57.97806065374527,83.04664515606402,84.77204268952025,79.59585008915155,22.092115534738898,6.713505074160059,30.474758437396616,-0.08406062254308894,0.13611334529481195,0.15499999999997272,0.05500000000000682,0.34000000000003183,0.0,6963.0,6963.0,2021-11-22,2021-11-22 15:10:00,2.702100809145576,173.0,1.0,best_within_2.0d,7135.0,393.21,0.46179183135704965,7.589999999999975,21.0,0.018570624648283563,3.5049999999999955,40.0,0.008738033506182677,0.4929364202292669,5.6011759621451125,36.843533123028394,0.015614239272951093,2.82998018927445,22.52492113564669,0.007835530045022196,1.8630914826498424,0.00402220134195386,1.9444468750000041,16.553125,0.005470102952261012,1.0,1
6970.0,2021-11-22 15:50:00,401.715,401.72,399.944,400.05,1709002.0,1p,1p,1.0,buy,False,0.7506310062207578,4.680999999999983,9.0,0.011568736484399093,-0.7175589876913765,-0.07402465219634265,-0.4328041460420309,-0.0010737606371648877,20.830687167250346,8.759610245549919,20.49079463848891,-14.702758540328066,1709002.0,4.680999999999983,0.0,4.680999999999983,9.0,0.011568736484399093,4.680999999999983,0.0,0.0,1.0,1.0,-0.7175589876913765,-0.4328041460420309,-0.07402465219634265,20.830687167250346,8.759610245549919,20.49079463848891,-14.702758540328066,10.688050000542166,45.31299167742732,31.023679390243114,-0.41447294723870504,0.44406216870362114,0.005000000000052296,0.10599999999999454,1.6649999999999636,0.0,6971.0,6971.0,2021-11-22,2021-11-22 15:50:00,2.06474190726159,287.0,1.0,best_within_2.0d,7257.0,408.31,0.5832424107187206,4.3760036431226785,32.22527881040892,0.012230020343504162,2.285057100371749,15.890706319702602,0.006381710269403211,0.4929364202292669,5.6011759621451125,36.843533123028394,0.015614239272951093,2.82998018927445,22.52492113564669,0.007835530045022196,1.8630914826498424,0.00402220134195386,1.9444468750000041,16.553125,0.005470102952261012,0.0,0
6971.0,2021-11-22 15:55:00,400.06,400.24,399.19,399.34,2633293.0,1p,1p,1.0,buy,False,0.9875087832064184,5.435000000000002,10.0,0.013432190299660186,-0.9440001771063865,-0.19202467433464093,-0.6640247628878342,-0.001648535858519574,18.33372341254463,6.825933457585398,15.935840911521073,-11.393881450285953,2633293.0,5.435000000000002,0.0,5.435000000000002,10.0,0.013432190299660186,5.435000000000002,0.0,0.0,1.0,1.0,-0.9440001771063865,-0.6640247628878342,-0.19202467433464093,18.33372341254463,6.825933457585398,15.935840911521073,-11.393881450285953,6.200564824560236,51.376108546358864,34.412097895335705,-0.1799730040493994,0.2630326410982267,0.18000000000000682,0.14999999999997726,0.7200000000000273,0.0,6972.0,6972.0,2021-11-22,2021-11-22 15:55:00,2.246206240296496,286.0,1.0,best_within_2.0d,7257.0,408.31,0.5832424107187206,4.3760036431226785,32.22527881040892,0.012230020343504162,2.285057100371749,15.890706319702602,0.006381710269403211,0.4929364202292669,5.6011759621451125,36.843533123028394,0.015614239272951093,2.82998018927445,22.52492113564669,0.007835530045022196,1.8630914826498424,0.00402220134195386,1.9444468750000041,16.553125,0.005470102952261012,0.0,0
6972.0,2021-11-22 16:00:00,399.34,399.53,398.91,399.36,544330.0,1p,1p,1.0,buy,False,1.0778793043309138,5.714999999999975,11.0,0.014124189063948038,-1.0303890674104517,-0.32082330776094736,-0.8360178414661732,-0.0020768456950739397,18.629614134355094,7.396922115303548,13.08953464611523,-3.9883029463198127,544330.0,5.714999999999975,0.0,5.714999999999975,11.0,0.014124189063948038,5.714999999999975,0.0,0.0,1.0,1.0,-1.0303890674104517,-0.8360178414661732,-0.32082330776094736,18.629614134355094,7.396922115303548,13.08953464611523,-3.9883029463198127,5.787095280749554,52.43611550035766,37.67701965944837,0.005008263635007426,0.15542352911683027,0.16999999999995907,0.42999999999995,0.020000000000038654,1.0,6973.0,6973.0,2021-11-22,2021-11-22 16:00:00,2.2410857371794846,285.0,1.0,best_within_2.0d,7257.0,408.31,0.5832424107187206,4.3760036431226785,32.22527881040892,0.012230020343504162,2.285057100371749,15.890706319702602,0.006381710269403211,0.4929364202292669,5.6011759621451125,36.843533123028394,0.015614239272951093,2.82998018927445,22.52492113564669,0.007835530045022196,1.8630914826498424,0.00402220134195386,1.9444468750000041,16.553125,0.005470102952261012,1.0,0
7020.0,2021-11-23 04:00:00,398.19,398.19,397.42,397.43,16560.0,1p,1p,1.0,buy,False,1.0778793043309138,7.204999999999984,59.0,0.017806611059623067,-0.23872638142217437,-0.09360386534083583,-0.212967056051923,-0.0005328556852184957,18.764061881735458,43.94468312715992,62.473455802753904,6.887137775971951,16560.0,7.204999999999984,0.0,7.204999999999984,59.0,0.017806611059623067,7.204999999999984,0.0,0.0,1.0,1.0,-0.23872638142217437,-0.212967056051923,-0.09360386534083583,18.764061881735458,43.94468312715992,62.473455802753904,6.887137775971951,12.358110582204493,63.383376052725694,21.71561110456335,-0.19086365805268615,0.19374968547128524,0.0,0.009999999999990905,0.7599999999999909,0.0,7021.0,7021.0,2021-11-23,2021-11-23 04:00:00,2.7375890093852995,237.0,1.0,best_within_2.0d,7257.0,408.31,0.5832424107187206,4.3760036431226785,32.22527881040892,0.012230020343504162,2.285057100371749,15.890706319702602,0.006381710269403211,0.4929364202292669,5.6011759621451125,36.843533123028394,0.015614239272951093,2.82998018927445,22.52492113564669,0.007835530045022196,1.8630914826498424,0.00402220134195386,1.9444468750000041,16.553125,0.005470102952261012,0.0,0
7021.0,2021-11-23 04:05:00,397.35,397.45,397.35,397.45,14096.0,1p,1p,1.0,buy,False,1.0778793043309216,7.274999999999977,60.0,0.01797961075069503,-0.4220584213270334,-0.146361168006715,-0.3573903786702317,-0.0008945793197979398,19.211480830597196,30.5495882501864,51.832166618564735,-12.015568486570274,14096.0,7.274999999999977,0.0,7.274999999999977,60.0,0.01797961075069503,7.274999999999977,0.0,0.0,1.0,1.0,-0.4220584213270334,-0.3573903786702317,-0.146361168006715,19.211480830597196,30.5495882501864,51.832166618564735,-12.015568486570274,11.765770657978813,64.25015838537252,25.09620558292602,0.025166729583482043,0.025166729583482043,0.0,0.0,0.0999999999999659,1.0,7022.0,7022.0,2021-11-23,2021-11-23 04:05:00,2.7324191722229245,236.0,1.0,best_within_2.0d,7257.0,408.31,0.5832424107187206,4.3760036431226785,32.22527881040892,0.012230020343504162,2.285057100371749,15.890706319702602,0.006381710269403211,0.4929364202292669,5.6011759621451125,36.843533123028394,0.015614239272951093,2.82998018927445,22.52492113564669,0.007835530045022196,1.8630914826498424,0.00402220134195386,1.9444468750000041,16.553125,0.005470102952261012,0.0,0
7023.0,2021-11-23 04:15:00,397.31,397.83,397.31,397.75,81232.0,1p,1p,1.0,buy,False,1.077879304330737,7.314999999999998,62.0,0.01807846771702193,-0.5055219848102819,-0.2748494817195445,-0.5276104741246854,-0.0013215702974969977,27.375914773651544,19.217315971391518,34.0238502060941,-10.39575249801365,81232.0,7.314999999999998,0.0,7.314999999999998,62.0,0.01807846771702193,7.314999999999998,0.0,0.0,1.0,1.0,-0.5055219848102819,-0.5276104741246854,-0.2748494817195445,27.375914773651544,19.217315971391518,34.0238502060941,-10.39575249801365,19.827435942130496,56.20533379815148,29.49214791363451,0.1107447585009181,0.13088016913744477,0.07999999999998408,0.0,0.4399999999999977,1.0,7024.0,7024.0,2021-11-23,2021-11-23 04:15:00,2.6549340037712135,234.0,1.0,best_within_2.0d,7257.0,408.31,0.5832424107187206,4.3760036431226785,32.22527881040892,0.012230020343504162,2.285057100371749,15.890706319702602,0.006381710269403211,0.4929364202292669,5.6011759621451125,36.843533123028394,0.015614239272951093,2.82998018927445,22.52492113564669,0.007835530045022196,1.8630914826498424,0.00402220134195386,1.9444468750000041,16.553125,0.005470102952261012,0.0,0
7026.0,2021-11-23 04:30:00,397.43,397.51,397.31,397.47,4911.0,1p,1p,1.0,buy,False,1.077879304330737,7.314999999999998,65.0,0.01807846771702193,-0.3935699284613815,-0.43258378996619856,-0.6293687541968893,-0.0015777756204881572,27.73487372901492,12.50329516617176,20.806640655539738,-4.1033958125641945,4911.0,7.314999999999998,0.0,7.314999999999998,65.0,0.01807846771702193,7.314999999999998,0.0,0.0,1.0,1.0,-0.3935699284613815,-0.6293687541968893,-0.43258378996619856,27.73487372901492,12.50329516617176,20.806640655539738,-4.1033958125641945,14.54299147342463,60.35540680532271,34.79652195244309,0.010064665475686402,0.05033852659132381,0.03999999999996362,0.12000000000000455,0.040000000000020464,1.0,7027.0,7027.0,2021-11-23,2021-11-23 04:30:00,2.7272498553349873,231.0,1.0,best_within_2.0d,7257.0,408.31,0.5832424107187206,4.3760036431226785,32.22527881040892,0.012230020343504162,2.285057100371749,15.890706319702602,0.006381710269403211,0.4929364202292669,5.6011759621451125,36.843533123028394,0.015614239272951093,2.82998018927445,22.52492113564669,0.007835530045022196,1.8630914826498424,0.00402220134195386,1.9444468750000041,16.553125,0.005470102952261012,1.0,0
7041.0,2021-11-23 05:45:00,398.41,398.41,398.08,398.14,2679.0,2,2,1.0,buy,False,0.3984375000000014,4.163492493946733,28.239017640954685,0.011578080659927173,0.16276954222922058,-0.26345751246210725,-0.18207274134749696,-0.0004569687568876242,43.300209227164004,42.50793268724417,59.68404340900773,8.155711243717064,2679.0,0.5099999999999909,1.0,1.2799999999999727,10.0,0.003221665701844838,0.5099999999999909,7.0,0.001279510273714822,2.0,2.0,0.16276954222922058,-0.18207274134749696,-0.26345751246210725,43.300209227164004,42.50793268724417,59.68404340900773,8.155711243717064,42.657342657343406,18.881118881121495,41.1002621605238,-0.06776938329862169,0.08289790996785594,0.0,0.060000000000002274,0.27000000000003865,0.0,7042.0,7042.0,2021-11-23,2021-11-23 05:45:00,2.554377857035218,216.0,1.0,best_within_2.0d,7257.0,408.31,0.3984375000000014,1.2799999999999727,10.0,0.003221665701844838,0.5099999999999909,7.0,0.001279510273714822,0.4929364202292669,5.6011759621451125,36.843533123028394,0.015614239272951093,2.82998018927445,22.52492113564669,0.007835530045022196,1.8630914826498424,0.00402220134195386,1.9444468750000041,16.553125,0.005470102952261012,0.0,0
7043.0,2021-11-23 05:55:00,398.2,398.2,397.96,397.96,1997.0,2,2,1.0,buy,False,0.49218750000000694,4.163492493946733,28.239017640954685,0.011578080659927173,0.10291115447601895,-0.23183931713054334,-0.18038373989253387,-0.0004527850005450335,40.61554181317196,25.864092087578143,43.768969573499966,-9.945662884265502,1997.0,0.6299999999999955,1.0,1.2799999999999727,10.0,0.003221665701844838,0.6299999999999955,9.0,0.0015805715145889147,2.0,2.0,0.10291115447601895,-0.18038373989253387,-0.23183931713054334,40.61554181317196,25.864092087578143,43.768969573499966,-9.945662884265502,33.95522388059714,26.119402985077823,38.93278432680243,-0.060271220492217246,0.06030756859986157,0.0,0.0,0.2400000000000091,0.0,7044.0,7044.0,2021-11-23,2021-11-23 05:55:00,2.6007638958689374,214.0,1.0,best_within_2.0d,7257.0,408.31,0.49218750000000694,1.2799999999999727,10.0,0.003221665701844838,0.6299999999999955,9.0,0.0015805715145889147,0.4929364202292669,5.6011759621451125,36.843533123028394,0.015614239272951093,2.82998018927445,22.52492113564669,0.007835530045022196,1.8630914826498424,0.00402220134195386,1.9444468750000041,16.553125,0.005470102952261012,0.0,0
7044.0,2021-11-23 06:00:00,398.09,398.09,397.93,397.93,875.0,2,2,1.0,buy,False,0.5156249999999861,4.163492493946733,28.239017640954685,0.011578080659927173,0.0683786489864251,-0.2232919860072402,-0.18910266151402766,-0.0004747109013864266,40.108357786213865,17.242728058385428,34.92688906846178,-18.12559396176728,875.0,0.6599999999999682,1.0,1.2799999999999727,10.0,0.003221665701844838,0.6599999999999682,10.0,0.0016558368248073664,2.0,2.0,0.0683786489864251,-0.18910266151402766,-0.2232919860072402,40.108357786213865,17.242728058385428,34.92688906846178,-18.12559396176728,33.5793357933584,26.937269372696132,36.93584328603753,-0.04019191640080589,0.04020807679741868,0.0,0.0,0.15999999999996817,0.0,7045.0,7045.0,2021-11-23,2021-11-23 06:00:00,2.608498982233055,213.0,1.0,best_within_2.0d,7257.0,408.31,0.5156249999999861,1.2799999999999727,10.0,0.003221665701844838,0.6599999999999682,10.0,0.0016558368248073664,0.4929364202292669,5.6011759621451125,36.843533123028394,0.015614239272951093,2.82998018927445,22.52492113564669,0.007835530045022196,1.8630914826498424,0.00402220134195386,1.9444468750000041,16.553125,0.005470102952261012,0.0,0
7045.0,2021-11-23 06:05:00,397.94,398.03,397.76,397.76,2923.0,2,2,1.0,buy,False,0.6484375000000014,4.163492493946733,28.239017640954685,0.011578080659927173,0.02552323691056735,-0.2201015813934193,-0.2073399629381356,-0.0005205500560302942,37.26831171141246,11.495152038923617,27.116310058615728,-19.747164000460607,2923.0,0.8299999999999841,1.0,1.2799999999999727,10.0,0.003221665701844838,0.8299999999999841,11.0,0.0020823402493790216,2.0,2.0,0.02552323691056735,-0.2073399629381356,-0.2201015813934193,37.26831171141246,11.495152038923617,27.116310058615728,-19.747164000460607,28.72727272727288,32.727272727275356,34.76248846129547,-0.045232949690909886,0.06788012872083211,0.08999999999997499,0.0,0.18000000000000682,0.0,7046.0,7046.0,2021-11-23,2021-11-23 06:05:00,2.652353177795659,212.0,1.0,best_within_2.0d,7257.0,408.31,0.6484375000000014,1.2799999999999727,10.0,0.003221665701844838,0.8299999999999841,11.0,0.0020823402493790216,0.4929364202292669,5.6011759621451125,36.843533123028394,0.015614239272951093,2.82998018927445,22.52492113564669,0.007835530045022196,1.8630914826498424,0.00402220134195386,1.9444468750000041,16.553125,0.005470102952261012,0.0,0
7046.0,2021-11-23 06:10:00,397.47,397.47,397.36,397.45,8449.0,2,2,1.0,buy,False,0.9609374999999902,4.163492493946733,28.239017640954685,0.011578080659927173,-0.038229378744544795,-0.2248802537364874,-0.2439949431087598,-0.0006126743798438635,32.718611085480035,10.467173010371994,21.566597709201147,-11.731676387286313,8449.0,1.2299999999999613,1.0,1.2799999999999727,10.0,0.003221665701844838,1.2299999999999613,12.0,0.003085877718959235,2.0,2.0,-0.038229378744544795,-0.2439949431087598,-0.2248802537364874,32.718611085480035,10.467173010371994,21.566597709201147,-11.731676387286313,20.27027027027079,43.91891891892069,34.9110325185714,-0.005031826301365802,0.027682705858670633,0.0,0.08999999999997499,0.020000000000038654,0.0,7047.0,7047.0,2021-11-23,2021-11-23 06:10:00,2.7324191722229245,211.0,1.0,best_within_2.0d,7257.0,408.31,0.9609374999999902,1.2799999999999727,10.0,0.003221665701844838,1.2299999999999613,12.0,0.003085877718959235,0.4929364202292669,5.6011759621451125,36.843533123028394,0.015614239272951093,2.82998018927445,22.52492113564669,0.007835530045022196,1.8630914826498424,0.00402220134195386,1.9444468750000041,16.553125,0.005470102952261012,1.0,0
7057.0,2021-11-23 07:05:00,398.54,399.15,398.52,399.0,17392.0,1p,1p,0.0,sell,False,1.137877080242284,1.7899999999999636,12.0,0.004504731226092117,0.2870688828775555,-0.09589170322574954,0.047642738213028224,0.00011963465696989185,64.86269403008366,86.41478320676958,77.89157125234988,103.461207115609,17392.0,1.7899999999999636,0.0,1.7899999999999636,12.0,0.004504731226092117,1.7899999999999636,0.0,0.0,1.0,1.0,0.2870688828775555,0.047642738213028224,-0.09589170322574954,64.86269403008366,86.41478320676958,77.89157125234988,103.461207115609,48.83720930232658,17.441860465116164,28.612434699515426,0.11542128770010024,0.15808491418247403,0.14999999999997726,0.020000000000038654,0.45999999999997954,1.0,7058.0,7058.0,2021-11-23,2021-11-23 07:05:00,1.4511278195488773,78.0,1.0,best_within_2.0d,7135.0,393.21,0.5832424107187206,4.3760036431226785,32.22527881040892,0.012230020343504162,2.285057100371749,15.890706319702602,0.006381710269403211,0.4929364202292669,5.6011759621451125,36.843533123028394,0.015614239272951093,2.82998018927445,22.52492113564669,0.007835530045022196,1.8630914826498424,0.00402220134195386,1.9444468750000041,16.553125,0.005470102952261012,1.0,1
7062.0,2021-11-23 07:30:00,398.23,398.23,397.96,398.19,39113.0,2s,2s,1.0,buy,False,0.49218750000000694,4.163492493946733,28.239017640954685,0.011578080659927173,0.0749256293800521,0.02060109454814557,0.05806390923817162,0.0001457792416643346,47.81438230960722,38.10465848109102,55.47597007489007,3.362035293492923,39113.0,1.1899999999999977,1.0,1.2799999999999727,10.0,0.003221665701844838,1.1899999999999977,6.0,0.0029813353375923784,1.0,2.5,0.0749256293800521,0.05806390923817162,0.02060109454814557,47.81438230960722,38.10465848109102,55.47597007489007,3.362035293492923,40.979381443298976,17.268041237114083,37.85984545586127,-0.010044446676548845,0.06784601467485142,0.0,0.2300000000000182,0.040000000000020464,0.0,7063.0,7063.0,2021-11-23,2021-11-23 07:30:00,2.541500288806852,195.0,1.0,best_within_2.0d,7257.0,408.31,0.5832424107187206,4.3760036431226785,32.22527881040892,0.012230020343504162,2.285057100371749,15.890706319702602,0.006381710269403211,0.49218750000000694,1.2799999999999727,10.0,0.003221665701844838,1.1899999999999977,6.0,0.0029813353375923784,1.0,0.00402220134195386,1.9444468750000041,16.553125,0.005470102952261012,1.0,0
7074.0,2021-11-23 08:30:00,398.84,399.05,398.68,398.72,50091.0,2,2,0.0,sell,False,0.9534883720930386,4.163492493946733,28.239017640954685,0.011578080659927173,0.08154210888428845,0.05589512290213096,0.09666617734427518,0.0002426270934390262,56.223616028952,74.47580143874835,65.55954040436401,92.308323507517,50091.0,2.0500000000000114,1.0,2.1499999999999773,12.0,0.005386446198171057,2.0500000000000114,7.0,0.005163727959697761,2.0,2.0,0.08154210888428845,0.09666617734427518,0.05589512290213096,56.223616028952,74.47580143874835,65.55954040436401,92.308323507517,14.803625377643897,29.607250755286934,36.0949932310273,-0.030087253033784903,0.09280626066017973,0.21000000000003638,0.040000000000020464,0.1199999999999477,0.0,7075.0,7075.0,2021-11-23,2021-11-23 08:30:00,1.381922150882837,61.0,1.0,best_within_2.0d,7135.0,393.21,0.9534883720930386,2.1499999999999773,12.0,0.005386446198171057,2.0500000000000114,7.0,0.005163727959697761,0.4929364202292669,5.6011759621451125,36.843533123028394,0.015614239272951093,2.82998018927445,22.52492113564669,0.007835530045022196,1.8630914826498424,0.00402220134195386,1.9444468750000041,16.553125,0.005470102952261012,0.0,1
7075.0,2021-11-23 08:35:00,398.78,399.07,396.85,396.85,46749.0,2,2,0.0,sell,False,0.9627906976744256,4.163492493946733,28.239017640954685,0.011578080659927173,-0.1582598042397681,0.036112647372159946,-0.04301725474772411,-0.00010800249649562993,32.007196682334225,49.6505342924989,60.25653836707564,28.438526143345413,46749.0,2.069999999999993,1.0,2.1499999999999773,12.0,0.005386446198171057,2.069999999999993,8.0,0.005214105793450864,2.0,2.0,-0.1582598042397681,-0.04301725474772411,0.036112647372159946,32.007196682334225,49.6505342924989,60.25653836707564,28.438526143345413,11.65279429250918,41.49821640903713,37.52764552021403,-0.48397612718791067,0.5594053168703466,0.29000000000002046,0.0,1.92999999999995,0.0,7076.0,7076.0,2021-11-23,2021-11-23 08:35:00,0.9172231321658165,60.0,1.0,best_within_2.0d,7135.0,393.21,0.9627906976744256,2.1499999999999773,12.0,0.005386446198171057,2.069999999999993,8.0,0.005214105793450864,0.4929364202292669,5.6011759621451125,36.843533123028394,0.015614239272951093,2.82998018927445,22.52492113564669,0.007835530045022196,1.8630914826498424,0.00402220134195386,1.9444468750000041,16.553125,0.005470102952261012,0.0,1
7076.0,2021-11-23 08:40:00,399.0005,399.24,398.85,399.03,60156.0,1,1,0.0,sell,False,0.3232148765894228,2.240000000000009,9.0,0.005642317380352668,-0.02268020718105876,0.033277621474527605,0.021937517883998225,5.507056466651544e-05,55.870113792162066,63.50481923544504,61.33929865653211,67.8358603932709,60156.0,2.240000000000009,1.0,2.240000000000009,9.0,0.005642317380352668,2.240000000000009,9.0,0.005642317380352668,1.0,1.0,-0.02268020718105876,0.021937517883998225,0.033277621474527605,55.870113792162066,63.50481923544504,61.33929865653211,67.8358603932709,10.941960038059385,30.73263558515682,38.23914115983332,0.007393474444263739,0.09778112072207255,0.21000000000003638,0.15049999999996544,0.02949999999998454,1.0,7077.0,7077.0,2021-11-23,2021-11-23 08:40:00,1.4585369521088625,59.0,1.0,best_within_2.0d,7135.0,393.21,0.5832424107187206,4.3760036431226785,32.22527881040892,0.012230020343504162,2.285057100371749,15.890706319702602,0.006381710269403211,0.4929364202292669,5.6011759621451125,36.843533123028394,0.015614239272951093,2.82998018927445,22.52492113564669,0.007835530045022196,1.8630914826498424,0.00402220134195386,1.9444468750000041,16.553125,0.005470102952261012,1.0,1
7096.0,2021-11-23 10:20:00,403.95,404.15,403.62,403.87,587542.0,3a,3a,1.0,buy,False,0.0020366598778003902,4.163492493946733,28.239017640954685,0.011578080659927173,-0.02420296063426841,-0.0654389087972127,-0.07754038911434691,-0.00019190306798118903,44.22965592582974,42.444746154289504,41.990308202370684,43.353622058127144,587542.0,0.8068999999999846,2.0,0.8068999999999846,19.0,0.001995168966258141,0.8068999999999846,19.0,0.001995168966258141,3.0,3.0,-0.02420296063426841,-0.07754038911434691,-0.0654389087972127,44.22965592582974,42.444746154289504,41.990308202370684,43.353622058127144,13.01269754270559,15.243902439024959,22.291962911456817,-0.019804431241486342,0.1313116297507489,0.19999999999998863,0.25,0.07999999999998408,0.0,7097.0,7097.0,2021-11-23,2021-11-23 10:20:00,1.0993636566221798,161.0,1.0,best_within_2.0d,7257.0,408.31,0.5832424107187206,4.3760036431226785,32.22527881040892,0.012230020343504162,2.285057100371749,15.890706319702602,0.006381710269403211,0.4929364202292669,5.6011759621451125,36.843533123028394,0.015614239272951093,2.82998018927445,22.52492113564669,0.007835530045022196,1.8630914826498424,0.0020366598778003902,0.8068999999999846,19.0,0.001995168966258141,0.0,0
7109.0,2021-11-23 11:25:00,395.69,396.593,395.64,396.04,724640.0,2,2,0.0,sell,False,0.5436206896551748,4.163492493946733,28.239017640954685,0.011578080659927173,0.1447105261640782,-0.8028903526090913,-0.7305350895270522,-0.0018428700878785633,46.32485847546182,68.28572777315723,49.4825420699233,105.89209917962509,724640.0,3.15300000000002,1.0,5.800000000000011,29.0,0.014527602444644853,3.15300000000002,6.0,0.00801392842618956,2.0,2.0,0.1447105261640782,-0.7305350895270522,-0.8028903526090913,46.32485847546182,68.28572777315723,49.4825420699233,105.89209917962509,19.303361684893115,28.667476711219216,50.94930834221175,0.08845308195810427,0.24087554342332207,0.5529999999999973,0.05000000000001137,0.35000000000002274,1.0,7110.0,7110.0,2021-11-23,2021-11-23 11:25:00,0.7145742854257249,26.0,1.0,best_within_2.0d,7135.0,393.21,0.5436206896551748,5.800000000000011,29.0,0.014527602444644853,3.15300000000002,6.0,0.00801392842618956,0.4929364202292669,5.6011759621451125,36.843533123028394,0.015614239272951093,2.82998018927445,22.52492113564669,0.007835530045022196,1.8630914826498424,0.00402220134195386,1.9444468750000041,16.553125,0.005470102952261012,1.0,1
7121.0,2021-11-23 12:25:00,395.65,395.929,395.23,395.36,350782.0,2s,2s,0.0,sell,False,0.4291379310344778,4.163492493946733,28.239017640954685,0.011578080659927173,0.24537682561374652,-0.56494795188636,-0.4422595390794868,-0.001117841921453877,47.58745433682539,44.58350420614092,37.28516311622222,59.18018638597832,350782.0,1.683999999999969,1.0,5.800000000000011,29.0,0.014527602444644853,1.683999999999969,5.0,0.004271455566969699,1.0,2.5,0.24537682561374652,-0.4422595390794868,-0.56494795188636,47.58745433682539,44.58350420614092,37.28516311622222,59.18018638597832,17.04312907834326,11.699293409011876,30.482734317403636,-0.07329710602804591,0.17685904410089198,0.27899999999999636,0.12999999999999545,0.2899999999999636,0.0,7122.0,7122.0,2021-11-23,2021-11-23 12:25:00,0.5438081748280135,14.0,1.0,best_within_2.0d,7135.0,393.21,0.5832424107187206,4.3760036431226785,32.22527881040892,0.012230020343504162,2.285057100371749,15.890706319702602,0.006381710269403211,0.4291379310344778,5.800000000000011,29.0,0.014527602444644853,1.683999999999969,5.0,0.004271455566969699,1.0,0.00402220134195386,1.9444468750000041,16.553125,0.005470102952261012,0.0,1
7122.0,2021-11-23 12:30:00,395.39,395.93,395.26,395.37,376395.0,2s,2s,0.0,sell,False,0.42931034482758695,4.163492493946733,28.239017640954685,0.011578080659927173,0.27109644255994003,-0.5310608965663676,-0.39551267528639755,-0.0009997359154831275,47.66821989983451,48.80630560307638,41.125543945173604,64.16782891888192,376395.0,1.6850000000000023,1.0,5.800000000000011,29.0,0.014527602444644853,1.6850000000000023,6.0,0.0042739920607743976,1.0,2.5,0.27109644255994003,-0.39551267528639755,-0.5310608965663676,47.66821989983451,48.80630560307638,41.125543945173604,64.16782891888192,16.841462949544894,11.555623355325778,29.6349690769354,-0.005058296871438784,0.16950867783231693,0.5400000000000205,0.11000000000001364,0.01999999999998181,0.0,7123.0,7123.0,2021-11-23,2021-11-23 12:30:00,0.5463236967903546,13.0,1.0,best_within_2.0d,7135.0,393.21,0.5832424107187206,4.3760036431226785,32.22527881040892,0.012230020343504162,2.285057100371749,15.890706319702602,0.006381710269403211,0.42931034482758695,5.800000000000011,29.0,0.014527602444644853,1.6850000000000023,6.0,0.0042739920607743976,1.0,0.00402220134195386,1.9444468750000041,16.553125,0.005470102952261012,1.0,1
7127.0,2021-11-23 12:55:00,394.54,394.71,394.01,394.25,438722.0,1,1,1.0,buy,False,1.3509362403210633e-07,1.920000000000016,6.0,0.004849342055413876,0.02491502198891138,-0.43700550412016936,-0.4245479931257137,-0.0010739349436343314,39.78440573559691,25.54296823605342,35.19141753559507,6.24606963697012,438722.0,1.920000000000016,1.0,1.920000000000016,6.0,0.004849342055413876,1.920000000000016,6.0,0.004849342055413876,1.0,1.0,0.02491502198891138,-0.4245479931257137,-0.43700550412016936,39.78440573559691,25.54296823605342,35.19141753559507,6.24606963697012,9.786834696340357,19.52093667605155,24.719280464522438,-0.07350332032240595,0.17766046547041664,0.16999999999995907,0.2400000000000091,0.29000000000002046,0.0,7128.0,7128.0,2021-11-23,2021-11-23 12:55:00,3.5662650602409647,130.0,1.0,best_within_2.0d,7257.0,408.31,0.5832424107187206,4.3760036431226785,32.22527881040892,0.012230020343504162,2.285057100371749,15.890706319702602,0.006381710269403211,0.4929364202292669,5.6011759621451125,36.843533123028394,0.015614239272951093,2.82998018927445,22.52492113564669,0.007835530045022196,1.8630914826498424,0.00402220134195386,1.9444468750000041,16.553125,0.005470102952261012,0.0,0
7128.0,2021-11-23 13:00:00,394.24,394.97,393.92,394.59,454735.0,1,1,1.0,buy,False,1.3509362403210633e-07,2.009999999999991,7.0,0.0050766549642613365,0.03125864076217311,-0.4330981740248977,-0.41746885364381114,-0.0010561720549206203,43.35228726398451,28.13975660181276,32.840863891000964,18.737542023436347,454735.0,2.009999999999991,1.0,2.009999999999991,7.0,0.0050766549642613365,2.009999999999991,7.0,0.0050766549642613365,1.0,1.0,0.03125864076217311,-0.41746885364381114,-0.4330981740248977,43.35228726398451,28.13975660181276,32.840863891000964,18.737542023436347,12.219867430221289,19.69698336114011,24.626964712495074,0.08877840909090044,0.26655158407798824,0.3800000000000523,0.3199999999999932,0.3499999999999659,1.0,7129.0,7129.0,2021-11-23,2021-11-23 13:00:00,3.4770267872982155,129.0,1.0,best_within_2.0d,7257.0,408.31,0.5832424107187206,4.3760036431226785,32.22527881040892,0.012230020343504162,2.285057100371749,15.890706319702602,0.006381710269403211,0.4929364202292669,5.6011759621451125,36.843533123028394,0.015614239272951093,2.82998018927445,22.52492113564669,0.007835530045022196,1.8630914826498424,0.00402220134195386,1.9444468750000041,16.553125,0.005470102952261012,0.0,0
7130.0,2021-11-23 13:10:00,394.34,394.49,393.89,394.24,427571.0,1,1,1.0,buy,False,0.010714874956149872,2.0400000000000205,9.0,0.005152425933877252,-0.007931443865628607,-0.4325724932682823,-0.4365382152010966,-0.001104802530973796,40.61413289577303,23.090078796656794,28.083007288760623,13.104221812449133,427571.0,2.0400000000000205,1.0,2.0400000000000205,9.0,0.005152425933877252,2.0400000000000205,9.0,0.005152425933877252,1.0,1.0,-0.007931443865628607,-0.4365382152010966,-0.4325724932682823,40.61413289577303,23.090078796656794,28.083007288760623,13.104221812449133,12.85578747628173,15.598671726755795,23.329157848746,-0.025358827407812014,0.15232679174389366,0.1500000000000341,0.35000000000002274,0.0999999999999659,0.0,7131.0,7131.0,2021-11-23,2021-11-23 13:10:00,3.5688920454545436,127.0,1.0,best_within_2.0d,7257.0,408.31,0.5832424107187206,4.3760036431226785,32.22527881040892,0.012230020343504162,2.285057100371749,15.890706319702602,0.006381710269403211,0.4929364202292669,5.6011759621451125,36.843533123028394,0.015614239272951093,2.82998018927445,22.52492113564669,0.007835530045022196,1.8630914826498424,0.00402220134195386,1.9444468750000041,16.553125,0.005470102952261012,0.0,0
7131.0,2021-11-23 13:15:00,394.27,394.53,393.49,393.55,422517.0,1,1,1.0,buy,False,0.13546529586332756,2.4399999999999977,10.0,0.006162705528755077,-0.10027512166757246,-0.44510688347672883,-0.49524444431051506,-0.0012537486661795016,35.60460282840994,16.230205948119906,24.132073508547048,0.426470827265625,422517.0,2.4399999999999977,1.0,2.4399999999999977,10.0,0.006162705528755077,2.4399999999999977,10.0,0.006162705528755077,1.0,1.0,-0.10027512166757246,-0.49524444431051506,-0.44510688347672883,35.60460282840994,16.230205948119906,24.132073508547048,0.426470827265625,12.391403749429317,18.647462277092366,23.102472578625235,-0.18261597382503628,0.2643015070268529,0.2599999999999909,0.060000000000002274,0.7199999999999704,0.0,7132.0,7132.0,2021-11-23,2021-11-23 13:15:00,3.750476432473635,126.0,1.0,best_within_2.0d,7257.0,408.31,0.5832424107187206,4.3760036431226785,32.22527881040892,0.012230020343504162,2.285057100371749,15.890706319702602,0.006381710269403211,0.4929364202292669,5.6011759621451125,36.843533123028394,0.015614239272951093,2.82998018927445,22.52492113564669,0.007835530045022196,1.8630914826498424,0.00402220134195386,1.9444468750000041,16.553125,0.005470102952261012,0.0,0
7134.0,2021-11-23 13:30:00,393.7301,393.7301,393.09,393.22,576955.0,1,1,1.0,buy,False,0.21865350873806275,2.840000000000032,13.0,0.007172985123633045,-0.16185331491743649,-0.49020338709109995,-0.5711300445498182,-0.0014469131542831912,34.97570842433673,13.359418784910321,18.03164897339604,4.0149584079388845,576955.0,2.840000000000032,1.0,2.840000000000032,13.0,0.007172985123633045,2.840000000000032,13.0,0.007172985123633045,1.0,1.0,-0.16185331491743649,-0.5711300445498182,-0.49020338709109995,34.97570842433673,13.359418784910321,18.03164897339604,4.0149584079388845,5.449022213785196,23.913992785267386,26.733722407660412,-0.12955575405587885,0.16283802691496047,0.0,0.1300000000000523,0.5100999999999658,0.0,7135.0,7135.0,2021-11-23,2021-11-23 13:30:00,3.837546411677935,123.0,1.0,best_within_2.0d,7257.0,408.31,0.5832424107187206,4.3760036431226785,32.22527881040892,0.012230020343504162,2.285057100371749,15.890706319702602,0.006381710269403211,0.4929364202292669,5.6011759621451125,36.843533123028394,0.015614239272951093,2.82998018927445,22.52492113564669,0.007835530045022196,1.8630914826498424,0.00402220134195386,1.9444468750000041,16.553125,0.005470102952261012,0.0,0
7135.0,2021-11-23 13:35:00,393.2001,393.49,392.92,393.21,639087.0,1,1,1.0,buy,False,0.24589972257902365,3.009999999999991,14.0,0.0076023539514560425,-0.18202170853051003,-0.5129561006574137,-0.6039669549226687,-0.0015305374855124983,34.907616961335776,13.62172634441114,16.56167476373441,7.741829505764599,639087.0,3.009999999999991,1.0,3.009999999999991,14.0,0.0076023539514560425,3.009999999999991,14.0,0.0076023539514560425,1.0,1.0,-0.18202170853051003,-0.6039669549226687,-0.5129561006574137,34.907616961335776,13.62172634441114,16.56167476373441,7.741829505764599,4.084574723691768,25.84430562229715,30.017370401583975,0.0025178020046177922,0.14506769825918586,0.28000000000002956,0.28010000000000446,0.009899999999959164,1.0,7136.0,7136.0,2021-11-23,2021-11-23 13:35:00,3.840187177335272,122.0,1.0,best_within_2.0d,7257.0,408.31,0.5832424107187206,4.3760036431226785,32.22527881040892,0.012230020343504162,2.285057100371749,15.890706319702602,0.006381710269403211,0.4929364202292669,5.6011759621451125,36.843533123028394,0.015614239272951093,2.82998018927445,22.52492113564669,0.007835530045022196,1.8630914826498424,0.00402220134195386,1.9444468750000041,16.553125,0.005470102952261012,1.0,0
7139.0,2021-11-23 13:55:00,395.11,395.24,394.34,394.58,524036.0,2s,2s,0.0,sell,False,0.31034482758620824,4.163492493946733,28.239017640954685,0.011578080659927173,0.2570178180210865,-0.49200890897318483,-0.3634999999626416,-0.0009213917117268378,50.3087756800196,58.26660272175075,39.28775209197917,96.2243039812939,524036.0,2.319999999999993,1.0,5.800000000000011,29.0,0.014527602444644853,2.319999999999993,5.0,0.0059045098238827065,2.0,2.5,0.2570178180210865,-0.3634999999626416,-0.49200890897318483,50.3087756800196,58.26660272175075,39.28775209197917,96.2243039812939,19.426845505643914,16.263504517143648,29.60815469814766,-0.13413985978588988,0.2282294466703946,0.12999999999999545,0.2400000000000091,0.5300000000000296,0.0,7140.0,7140.0,2021-11-23,2021-11-23 13:55:00,0.34467028232549973,138.0,1.0,best_within_2.0d,7277.0,393.22,0.5832424107187206,4.3760036431226785,32.22527881040892,0.012230020343504162,2.285057100371749,15.890706319702602,0.006381710269403211,0.31034482758620824,5.800000000000011,29.0,0.014527602444644853,2.319999999999993,5.0,0.0059045098238827065,2.0,0.00402220134195386,1.9444468750000041,16.553125,0.005470102952261012,1.0,1
7143.0,2021-11-23 14:15:00,394.39,394.42,393.39,393.45,690987.0,2,2,1.0,buy,False,0.7974137931034604,4.163492493946733,28.239017640954685,0.011578080659927173,0.15687388752567566,-0.36697837168243486,-0.288541427919597,-0.0007315796752481619,41.315250748116036,48.87631062702918,52.66118427183248,41.306563337422574,690987.0,1.8500000000000227,1.0,2.319999999999993,5.0,0.0059045098238827065,1.8500000000000227,5.0,0.004680700333974351,2.0,2.0,0.15687388752567566,-0.288541427919597,-0.36697837168243486,41.315250748116036,48.87631062702918,52.66118427183248,41.306563337422574,16.363572346531274,19.981339013784265,24.773104819472927,-0.23834275716929887,0.26182668598592485,0.03000000000002956,0.060000000000002274,0.9399999999999977,0.0,7144.0,7144.0,2021-11-23,2021-11-23 14:15:00,3.7768458508069673,114.0,1.0,best_within_2.0d,7257.0,408.31,0.7974137931034604,2.319999999999993,5.0,0.0059045098238827065,1.8500000000000227,5.0,0.004680700333974351,0.4929364202292669,5.6011759621451125,36.843533123028394,0.015614239272951093,2.82998018927445,22.52492113564669,0.007835530045022196,1.8630914826498424,0.00402220134195386,1.9444468750000041,16.553125,0.005470102952261012,1.0,0
7153.0,2021-11-23 15:05:00,395.88,396.62,395.88,396.405,716028.0,1p,"1p,2s",0.0,sell,False,2.3260681043363727,3.230000000000018,11.0,0.008210681511985608,0.5978411813517899,0.06468540275340805,0.363605993429303,0.000920788470640057,64.7364151955151,84.93328143458905,76.23647479631447,102.32689471113821,716028.0,3.230000000000018,0.0,3.230000000000018,11.0,0.008210681511985608,3.230000000000018,0.0,0.0,1.0,1.0,0.5978411813517899,0.363605993429303,0.06468540275340805,64.7364151955151,84.93328143458905,76.23647479631447,102.32689471113821,20.558177136881834,11.517675902248541,25.156428828542058,0.13261594422551715,0.18692533090835836,0.21500000000003183,0.0,0.5249999999999773,1.0,7154.0,7154.0,2021-11-23,2021-11-23 15:05:00,0.8034711973864976,124.0,1.0,best_within_2.0d,7277.0,393.22,0.5832424107187206,4.3760036431226785,32.22527881040892,0.012230020343504162,2.285057100371749,15.890706319702602,0.006381710269403211,0.5482758620689656,5.800000000000011,29.0,0.014527602444644853,3.230000000000018,11.0,0.008210681511985608,3.0,0.00402220134195386,1.9444468750000041,16.553125,0.005470102952261012,0.0,1
7153.0,2021-11-23 15:05:00,395.88,396.62,395.88,396.405,716028.0,2s,"1p,2s",0.0,sell,False,2.3260681043363727,3.230000000000018,11.0,0.008210681511985608,0.5978411813517899,0.06468540275340805,0.363605993429303,0.000920788470640057,64.7364151955151,84.93328143458905,76.23647479631447,102.32689471113821,716028.0,3.230000000000018,0.0,3.230000000000018,11.0,0.008210681511985608,3.230000000000018,0.0,0.0,1.0,1.0,0.5978411813517899,0.363605993429303,0.06468540275340805,64.7364151955151,84.93328143458905,76.23647479631447,102.32689471113821,20.558177136881834,11.517675902248541,25.156428828542058,0.13261594422551715,0.18692533090835836,0.21500000000003183,0.0,0.5249999999999773,1.0,7154.0,7154.0,2021-11-23,2021-11-23 15:05:00,0.8034711973864976,124.0,1.0,best_within_2.0d,7277.0,393.22,0.5832424107187206,4.3760036431226785,32.22527881040892,0.012230020343504162,2.285057100371749,15.890706319702602,0.006381710269403211,0.5482758620689656,5.800000000000011,29.0,0.014527602444644853,3.230000000000018,11.0,0.008210681511985608,3.0,0.00402220134195386,1.9444468750000041,16.553125,0.005470102952261012,0.0,1
7154.0,2021-11-23 15:10:00,396.4,396.77,396.05,396.72,524128.0,1p,"1p,2s",0.0,sell,False,2.423644316447277,3.3799999999999955,12.0,0.008591982510994167,0.6229200162369185,0.1425504047830229,0.45401041290148214,0.001149331280082504,66.76330941469703,89.41597201930459,80.62964053731118,106.9886349832914,524128.0,3.3799999999999955,0.0,3.3799999999999955,12.0,0.008591982510994167,3.3799999999999955,0.0,0.0,1.0,1.0,0.6229200162369185,0.45401041290148214,0.1425504047830229,66.76330941469703,89.41597201930459,80.62964053731118,106.9886349832914,22.2875764330925,10.74942479341829,25.85417936349003,0.08072653884965944,0.1817952278752608,0.049999999999954525,0.3499999999999659,0.32000000000005,1.0,7155.0,7155.0,2021-11-23,2021-11-23 15:10:00,0.8822343214357733,123.0,1.0,best_within_2.0d,7277.0,393.22,0.5832424107187206,4.3760036431226785,32.22527881040892,0.012230020343504162,2.285057100371749,15.890706319702602,0.006381710269403211,0.5741379310344789,5.800000000000011,29.0,0.014527602444644853,3.3799999999999955,12.0,0.008591982510994167,3.0,0.00402220134195386,1.9444468750000041,16.553125,0.005470102952261012,0.0,1
7154.0,2021-11-23 15:10:00,396.4,396.77,396.05,396.72,524128.0,2s,"1p,2s",0.0,sell,False,2.423644316447277,3.3799999999999955,12.0,0.008591982510994167,0.6229200162369185,0.1425504047830229,0.45401041290148214,0.001149331280082504,66.76330941469703,89.41597201930459,80.62964053731118,106.9886349832914,524128.0,3.3799999999999955,0.0,3.3799999999999955,12.0,0.008591982510994167,3.3799999999999955,0.0,0.0,1.0,1.0,0.6229200162369185,0.45401041290148214,0.1425504047830229,66.76330941469703,89.41597201930459,80.62964053731118,106.9886349832914,22.2875764330925,10.74942479341829,25.85417936349003,0.08072653884965944,0.1817952278752608,0.049999999999954525,0.3499999999999659,0.32000000000005,1.0,7155.0,7155.0,2021-11-23,2021-11-23 15:10:00,0.8822343214357733,123.0,1.0,best_within_2.0d,7277.0,393.22,0.5832424107187206,4.3760036431226785,32.22527881040892,0.012230020343504162,2.285057100371749,15.890706319702602,0.006381710269403211,0.5741379310344789,5.800000000000011,29.0,0.014527602444644853,3.3799999999999955,12.0,0.008591982510994167,3.0,0.00402220134195386,1.9444468750000041,16.553125,0.005470102952261012,0.0,1
7155.0,2021-11-23 15:15:00,403.43,403.64,402.58,402.92,1235242.0,1p,1p,1.0,buy,False,1.267733117089135,1.2700000000000387,19.0,0.003144731954933858,-0.1441629950984103,0.06851335753547874,-0.0035681400137264063,-8.846238983355852e-06,40.39982842434725,36.89008686359546,46.05878820227245,18.552684186241464,1235242.0,1.2700000000000387,0.0,1.2700000000000387,19.0,0.003144731954933858,1.2700000000000387,0.0,0.0,1.0,1.0,-0.1441629950984103,-0.0035681400137264063,0.06851335753547874,40.39982842434725,36.89008686359546,46.05878820227245,18.552684186241464,19.959677419355792,30.241935483871547,34.322783739688575,-0.12641598294623377,0.2633017040091416,0.20999999999997954,0.34000000000003183,0.5099999999999909,0.0,7156.0,7156.0,2021-11-23,2021-11-23 15:15:00,0.7396188312507762,122.0,1.0,best_within_2.0d,7277.0,393.22,0.5832424107187206,4.3760036431226785,32.22527881040892,0.012230020343504162,2.285057100371749,15.890706319702602,0.006381710269403211,0.4929364202292669,5.6011759621451125,36.843533123028394,0.015614239272951093,2.82998018927445,22.52492113564669,0.007835530045022196,1.8630914826498424,0.00402220134195386,1.9444468750000041,16.553125,0.005470102952261012,0.0,0
7155.0,2021-11-23 15:15:00,396.74,397.0,396.08,396.15,749544.0,1p,"1p,2s",0.0,sell,False,2.423644316447277,3.6100000000000136,13.0,0.009176644042807427,0.5306331010956685,0.20887954241998147,0.47419609296781573,0.0012001774974150284,60.038451785568114,84.06205867117669,81.77377991526635,88.63861618299737,749544.0,3.6100000000000136,0.0,3.6100000000000136,13.0,0.009176644042807427,3.6100000000000136,0.0,0.0,1.0,1.0,0.5306331010956685,0.47419609296781573,0.20887954241998147,60.038451785568114,84.06205867117669,81.77377991526635,88.63861618299737,23.771853146853257,9.972027972027988,26.928579787645074,-0.14871200282301553,0.23227630781660671,0.2599999999999909,0.06999999999999318,0.5900000000000318,0.0,7156.0,7156.0,2021-11-23,2021-11-23 15:15:00,0.7396188312507762,122.0,1.0,best_within_2.0d,7277.0,393.22,0.5832424107187206,4.3760036431226785,32.22527881040892,0.012230020343504162,2.285057100371749,15.890706319702602,0.006381710269403211,0.6137931034482751,5.800000000000011,29.0,0.014527602444644853,3.6100000000000136,13.0,0.009176644042807427,3.0,0.00402220134195386,1.9444468750000041,16.553125,0.005470102952261012,0.0,1
7155.0,2021-11-23 15:15:00,396.74,397.0,396.08,396.15,749544.0,2s,"1p,2s",0.0,sell,False,2.423644316447277,3.6100000000000136,13.0,0.009176644042807427,0.5306331010956685,0.20887954241998147,0.47419609296781573,0.0012001774974150284,60.038451785568114,84.06205867117669,81.77377991526635,88.63861618299737,749544.0,3.6100000000000136,0.0,3.6100000000000136,13.0,0.009176644042807427,3.6100000000000136,0.0,0.0,1.0,1.0,0.5306331010956685,0.47419609296781573,0.20887954241998147,60.038451785568114,84.06205867117669,81.77377991526635,88.63861618299737,23.771853146853257,9.972027972027988,26.928579787645074,-0.14871200282301553,0.23227630781660671,0.2599999999999909,0.06999999999999318,0.5900000000000318,0.0,7156.0,7156.0,2021-11-23,2021-11-23 15:15:00,0.7396188312507762,122.0,1.0,best_within_2.0d,7277.0,393.22,0.5832424107187206,4.3760036431226785,32.22527881040892,0.012230020343504162,2.285057100371749,15.890706319702602,0.006381710269403211,0.6137931034482751,5.800000000000011,29.0,0.014527602444644853,3.6100000000000136,13.0,0.009176644042807427,3.0,0.00402220134195386,1.9444468750000041,16.553125,0.005470102952261012,0.0,1
7159.0,2021-11-23 15:35:00,396.24,397.11,396.0,396.835,778952.0,1p,"1p,2s",0.0,sell,False,2.423644316447277,3.7200000000000273,17.0,0.00945626477541378,0.29781516873069047,0.37806396961515676,0.526971553980502,0.0013326637366187525,64.94053859707533,72.00337168172985,73.59142165530054,68.82727173458846,778952.0,3.7200000000000273,0.0,3.7200000000000273,17.0,0.00945626477541378,3.7200000000000273,0.0,0.0,1.0,1.0,0.29781516873069047,0.526971553980502,0.37806396961515676,64.94053859707533,72.00337168172985,73.59142165530054,68.82727173458846,30.693129295272414,4.680007616805548,36.26395935467297,0.15016151827174704,0.2803030303030338,0.2750000000000341,0.2400000000000091,0.5949999999999704,1.0,7160.0,7160.0,2021-11-23,2021-11-23 15:35:00,0.9109579548174814,118.0,1.0,best_within_2.0d,7277.0,393.22,0.5832424107187206,4.3760036431226785,32.22527881040892,0.012230020343504162,2.285057100371749,15.890706319702602,0.006381710269403211,0.6327586206896567,5.800000000000011,29.0,0.014527602444644853,3.7200000000000273,17.0,0.00945626477541378,3.0,0.00402220134195386,1.9444468750000041,16.553125,0.005470102952261012,0.0,1
7159.0,2021-11-23 15:35:00,396.24,397.11,396.0,396.835,778952.0,2s,"1p,2s",0.0,sell,False,2.423644316447277,3.7200000000000273,17.0,0.00945626477541378,0.29781516873069047,0.37806396961515676,0.526971553980502,0.0013326637366187525,64.94053859707533,72.00337168172985,73.59142165530054,68.82727173458846,778952.0,3.7200000000000273,0.0,3.7200000000000273,17.0,0.00945626477541378,3.7200000000000273,0.0,0.0,1.0,1.0,0.29781516873069047,0.526971553980502,0.37806396961515676,64.94053859707533,72.00337168172985,73.59142165530054,68.82727173458846,30.693129295272414,4.680007616805548,36.26395935467297,0.15016151827174704,0.2803030303030338,0.2750000000000341,0.2400000000000091,0.5949999999999704,1.0,7160.0,7160.0,2021-11-23,2021-11-23 15:35:00,0.9109579548174814,118.0,1.0,best_within_2.0d,7277.0,393.22,0.5832424107187206,4.3760036431226785,32.22527881040892,0.012230020343504162,2.285057100371749,15.890706319702602,0.006381710269403211,0.6327586206896567,5.800000000000011,29.0,0.014527602444644853,3.7200000000000273,17.0,0.00945626477541378,3.0,0.00402220134195386,1.9444468750000041,16.553125,0.005470102952261012,0.0,1
7160.0,2021-11-23 15:40:00,396.86,397.23,396.7539,397.03,512102.0,2s,"1p,2s",0.0,sell,False,2.423644316447277,3.840000000000032,18.0,0.009761305574620687,0.3131038272240152,0.4172019480181587,0.5737538616301663,0.0014505364850315547,66.31722142417885,77.6318774174487,74.93824024268326,83.01915176697958,512102.0,3.840000000000032,0.0,3.840000000000032,18.0,0.009761305574620687,3.840000000000032,0.0,0.0,1.0,1.0,0.3131038272240152,0.5737538616301663,0.4172019480181587,66.31722142417885,77.6318774174487,74.93824024268326,83.01915176697958,32.64413872935317,3.1316504162770307,39.566027012609375,0.04283626467770979,0.11999882042748183,0.20000000000004547,0.10610000000002628,0.16999999999995907,1.0,7161.0,7161.0,2021-11-23,2021-11-23 15:40:00,0.9596252172379783,117.0,1.0,best_within_2.0d,7277.0,393.22,0.5832424107187206,4.3760036431226785,32.22527881040892,0.012230020343504162,2.285057100371749,15.890706319702602,0.006381710269403211,0.6534482758620712,5.800000000000011,29.0,0.014527602444644853,3.840000000000032,18.0,0.009761305574620687,3.0,0.00402220134195386,1.9444468750000041,16.553125,0.005470102952261012,0.0,1
7160.0,2021-11-23 15:40:00,396.86,397.23,396.7539,397.03,512102.0,1p,"1p,2s",0.0,sell,False,2.423644316447277,3.840000000000032,18.0,0.009761305574620687,0.3131038272240152,0.4172019480181587,0.5737538616301663,0.0014505364850315547,66.31722142417885,77.6318774174487,74.93824024268326,83.01915176697958,512102.0,3.840000000000032,0.0,3.840000000000032,18.0,0.009761305574620687,3.840000000000032,0.0,0.0,1.0,1.0,0.3131038272240152,0.5737538616301663,0.4172019480181587,66.31722142417885,77.6318774174487,74.93824024268326,83.01915176697958,32.64413872935317,3.1316504162770307,39.566027012609375,0.04283626467770979,0.11999882042748183,0.20000000000004547,0.10610000000002628,0.16999999999995907,1.0,7161.0,7161.0,2021-11-23,2021-11-23 15:40:00,0.9596252172379783,117.0,1.0,best_within_2.0d,7277.0,393.22,0.5832424107187206,4.3760036431226785,32.22527881040892,0.012230020343504162,2.285057100371749,15.890706319702602,0.006381710269403211,0.6534482758620712,5.800000000000011,29.0,0.014527602444644853,3.840000000000032,18.0,0.009761305574620687,3.0,0.00402220134195386,1.9444468750000041,16.553125,0.005470102952261012,0.0,1
7162.0,2021-11-23 15:50:00,394.39,394.42,393.39,393.45,690987.0,1,1,1.0,buy,False,1.3509362403210633e-07,1.8500000000000227,5.0,0.004680700333974351,0.15687388752567566,-0.36697837168243486,-0.288541427919597,-0.0007315796752481619,41.31525074811605,48.87631062702918,52.66118427183248,41.306563337422574,690987.0,1.8500000000000227,1.0,1.8500000000000227,5.0,0.004680700333974351,1.8500000000000227,5.0,0.004680700333974351,1.0,1.0,0.15687388752567566,-0.288541427919597,-0.36697837168243486,41.31525074811605,48.87631062702918,52.66118427183248,41.306563337422574,16.363572346531274,19.981339013784265,24.773104819472902,-0.23834275716929887,0.26182668598592485,0.03000000000002956,0.060000000000002274,0.9399999999999977,0.0,7163.0,7163.0,2021-11-23,2021-11-23 15:50:00,1.0331592525010913,115.0,1.0,best_within_2.0d,7277.0,393.22,0.5832424107187206,4.3760036431226785,32.22527881040892,0.012230020343504162,2.285057100371749,15.890706319702602,0.006381710269403211,0.4929364202292669,5.6011759621451125,36.843533123028394,0.015614239272951093,2.82998018927445,22.52492113564669,0.007835530045022196,1.8630914826498424,0.00402220134195386,1.9444468750000041,16.553125,0.005470102952261012,0.0,0
7162.0,2021-11-23 15:50:00,396.68,397.8,396.67,397.325,1365050.0,2s,2s,0.0,sell,False,0.7517241379310353,4.163492493946733,28.239017640954685,0.011578080659927173,0.2770382600959259,0.4834213834275591,0.621940513475522,0.0015715297547665443,66.29698314041237,72.50717185631451,73.31066578984677,70.90018398925,1365050.0,4.410000000000025,1.0,5.800000000000011,29.0,0.014527602444644853,4.410000000000025,20.0,0.011210249370853416,3.0,2.5,0.2770382600959259,0.621940513475522,0.4834213834275591,66.29698314041237,72.50717185631451,73.31066578984677,70.90018398925,34.94003591886765,5.574233745010047,43.82203816547188,0.16259957648481943,0.2848715557012114,0.47500000000002274,0.009999999999990905,0.6449999999999818,1.0,7163.0,7163.0,2021-11-23,2021-11-23 15:50:00,1.0331592525010913,115.0,1.0,best_within_2.0d,7277.0,393.22,0.5832424107187206,4.3760036431226785,32.22527881040892,0.012230020343504162,2.285057100371749,15.890706319702602,0.006381710269403211,0.7517241379310353,5.800000000000011,29.0,0.014527602444644853,4.410000000000025,20.0,0.011210249370853416,3.0,0.00402220134195386,1.9444468750000041,16.553125,0.005470102952261012,1.0,1
7180.0,2021-11-23 17:20:00,403.39,403.62,403.02,403.5599,300029.0,1p,1p,1.0,buy,False,5.466879817541492,2.2800000000000296,14.0,0.005625462620281346,-0.311971753797104,-0.05578438940024747,-0.21177026629879947,-0.0005238101643957163,36.67227879278519,20.3724917628398,21.4987790725273,18.119917143464804,300029.0,2.2800000000000296,0.0,2.2800000000000296,14.0,0.005625462620281346,2.2800000000000296,0.0,0.0,1.0,1.0,-0.311971753797104,-0.21177026629879947,-0.05578438940024747,36.67227879278519,20.3724917628398,21.4987790725273,18.119917143464804,9.005419190308189,37.09116990755422,30.7416913542438,0.04211804953024146,0.1488759863034149,0.06009999999997717,0.37000000000000455,0.16990000000004102,1.0,7181.0,7181.0,2021-11-23,2021-11-23 17:20:00,1.0993636566221798,77.0,1.0,best_within_2.0d,7257.0,408.31,0.5832424107187206,4.3760036431226785,32.22527881040892,0.012230020343504162,2.285057100371749,15.890706319702602,0.006381710269403211,0.4929364202292669,5.6011759621451125,36.843533123028394,0.015614239272951093,2.82998018927445,22.52492113564669,0.007835530045022196,1.8630914826498424,0.00402220134195386,1.9444468750000041,16.553125,0.005470102952261012,0.0,0
7180.0,2021-11-23 17:20:00,403.95,404.15,403.62,403.87,587542.0,2,2,1.0,buy,False,0.5735304570331796,4.163492493946733,28.239017640954685,0.011578080659927173,-0.02420173812190851,-0.06544081564866105,-0.07754168470961531,-0.00019190627380750273,44.236210985829736,42.444746154289504,41.990308202370684,43.353622058127144,587542.0,0.8068999999999846,1.0,1.4069000000000074,9.0,0.0034908937521711267,0.8068999999999846,19.0,0.001995168966258141,2.0,2.0,-0.02420173812190851,-0.07754168470961531,-0.06544081564866105,44.236210985829736,42.444746154289504,41.990308202370684,43.353622058127144,13.01269754270559,15.243902439024959,22.25623625557663,-0.019804431241486342,0.1313116297507489,0.19999999999998863,0.25,0.07999999999998408,0.0,7181.0,7181.0,2021-11-23,2021-11-23 17:20:00,1.0993636566221798,77.0,1.0,best_within_2.0d,7257.0,408.31,0.5735304570331796,1.4069000000000074,9.0,0.0034908937521711267,0.8068999999999846,19.0,0.001995168966258141,0.4929364202292669,5.6011759621451125,36.843533123028394,0.015614239272951093,2.82998018927445,22.52492113564669,0.007835530045022196,1.8630914826498424,0.00402220134195386,1.9444468750000041,16.553125,0.005470102952261012,0.0,0
7220.0,2021-11-24 04:50:00,396.68,397.8,396.67,397.325,1365050.0,1p,"1p,2s",0.0,sell,False,2.4236443164472754,4.410000000000025,20.0,0.011210249370853416,0.2770382600959259,0.4834213834275591,0.621940513475522,0.0015715297547665443,66.29698314041238,72.50717185631451,73.31066578984677,70.90018398925,1365050.0,4.410000000000025,0.0,4.410000000000025,20.0,0.011210249370853416,4.410000000000025,0.0,0.0,1.0,1.0,0.2770382600959259,0.621940513475522,0.4834213834275591,66.29698314041238,72.50717185631451,73.31066578984677,70.90018398925,34.94003591886765,5.574233745010047,43.82203816547156,0.16259957648481943,0.2848715557012114,0.47500000000002274,0.009999999999990905,0.6449999999999818,1.0,7221.0,7221.0,2021-11-24,2021-11-24 04:50:00,1.0331592525010913,57.0,1.0,best_within_2.0d,7277.0,393.22,0.5832424107187206,4.3760036431226785,32.22527881040892,0.012230020343504162,2.285057100371749,15.890706319702602,0.006381710269403211,0.7517241379310353,5.800000000000011,29.0,0.014527602444644853,4.410000000000025,20.0,0.011210249370853416,3.0,0.00402220134195386,1.9444468750000041,16.553125,0.005470102952261012,0.0,1
7237.0,2021-11-24 06:20:00,396.34,396.5,396.32,396.37,4930.0,2s,2s,0.0,sell,False,0.5275862068965511,4.163492493946733,28.239017640954685,0.011578080659927173,-0.001425061726868293,-0.26528915534794795,-0.2660016862113821,-0.0006708847480048688,47.14256289246822,51.09223706787522,34.43869850568609,84.39931419225348,4930.0,0.8899999999999864,1.0,5.800000000000011,29.0,0.014527602444644853,0.8899999999999864,5.0,0.002249690351608873,4.0,2.5,-0.001425061726868293,-0.2660016862113821,-0.26528915534794795,47.14256289246822,51.09223706787522,34.43869850568609,84.39931419225348,25.925925925926286,36.752136752135215,35.87842207629176,0.007569258717270414,0.04541784416633196,0.12999999999999545,0.01999999999998181,0.03000000000002956,1.0,7238.0,7238.0,2021-11-24,2021-11-24 06:20:00,0.7947120115043967,40.0,1.0,best_within_2.0d,7277.0,393.22,0.5832424107187206,4.3760036431226785,32.22527881040892,0.012230020343504162,2.285057100371749,15.890706319702602,0.006381710269403211,0.5275862068965511,5.800000000000011,29.0,0.014527602444644853,0.8899999999999864,5.0,0.002249690351608873,4.0,0.00402220134195386,1.9444468750000041,16.553125,0.005470102952261012,0.0,1
7239.0,2021-11-24 06:30:00,396.38,396.53,396.38,396.53,9053.0,2s,2s,0.0,sell,False,0.5327586206896499,4.163492493946733,28.239017640954685,0.011578080659927173,0.10244165933607857,-0.24641796880516095,-0.19519713913712167,-0.0004923153203636611,50.66954914971319,73.2745543430924,53.04468000903319,113.73430301121083,9053.0,0.9199999999999591,1.0,5.800000000000011,29.0,0.014527602444644853,0.9199999999999591,7.0,0.0023255226106518013,4.0,2.5,0.10244165933607857,-0.19519713913712167,-0.24641796880516095,50.66954914971319,73.2745543430924,53.04468000903319,113.73430301121083,24.046920821114394,37.82991202345969,34.4505187353343,0.03784247439325326,0.03784247439325326,0.0,0.0,0.14999999999997726,1.0,7240.0,7240.0,2021-11-24,2021-11-24 06:30:00,0.8347413814843633,38.0,1.0,best_within_2.0d,7277.0,393.22,0.5832424107187206,4.3760036431226785,32.22527881040892,0.012230020343504162,2.285057100371749,15.890706319702602,0.006381710269403211,0.5327586206896499,5.800000000000011,29.0,0.014527602444644853,0.9199999999999591,7.0,0.0023255226106518013,4.0,0.00402220134195386,1.9444468750000041,16.553125,0.005470102952261012,0.0,1
7240.0,2021-11-24 06:35:00,396.53,396.75,396.53,396.75,9535.0,2s,2s,0.0,sell,False,0.5706896551724131,4.163492493946733,28.239017640954685,0.011578080659927173,0.1634365033848999,-0.2259884058820485,-0.14427015418959854,-0.00036385231692492414,55.105420622963265,82.18303622872827,62.75746541559822,121.03417785498837,9535.0,1.1399999999999864,1.0,5.800000000000011,29.0,0.014527602444644853,1.1399999999999864,8.0,0.0028816258436338473,4.0,2.5,0.1634365033848999,-0.14427015418959854,-0.2259884058820485,55.105420622963265,82.18303622872827,62.75746541559822,121.03417785498837,29.46175637393801,33.711048158639876,32.470228639889136,0.05548130027993527,0.05548130027993527,0.0,0.0,0.22000000000002728,1.0,7241.0,7241.0,2021-11-24,2021-11-24 06:35:00,0.8897290485192118,37.0,1.0,best_within_2.0d,7277.0,393.22,0.5832424107187206,4.3760036431226785,32.22527881040892,0.012230020343504162,2.285057100371749,15.890706319702602,0.006381710269403211,0.5706896551724131,5.800000000000011,29.0,0.014527602444644853,1.1399999999999864,8.0,0.0028816258436338473,4.0,0.00402220134195386,1.9444468750000041,16.553125,0.005470102952261012,0.0,1
7241.0,2021-11-24 06:40:00,396.8,397.1,396.8,397.1,15710.0,2s,2s,0.0,sell,False,0.6310344827586237,4.163492493946733,28.239017640954685,0.011578080659927173,0.24189222938521127,-0.19575187720889708,-0.07480576251629145,-0.00018864080022844176,61.0986223755377,88.12202415248551,71.21231832789397,121.9414358016686,15710.0,1.490000000000009,1.0,5.800000000000011,29.0,0.014527602444644853,1.490000000000009,9.0,0.0037663355324688685,4.0,2.5,0.24189222938521127,-0.07480576251629145,-0.19575187720889708,61.0986223755377,88.12202415248551,71.21231832789397,121.9414358016686,38.7186629526471,25.069637883007502,31.679310873658945,0.07560483870968028,0.07560483870968028,0.0,0.0,0.30000000000001137,1.0,7242.0,7242.0,2021-11-24,2021-11-24 06:40:00,0.9770838579702833,36.0,1.0,best_within_2.0d,7277.0,393.22,0.5832424107187206,4.3760036431226785,32.22527881040892,0.012230020343504162,2.285057100371749,15.890706319702602,0.006381710269403211,0.6310344827586237,5.800000000000011,29.0,0.014527602444644853,1.490000000000009,9.0,0.0037663355324688685,4.0,0.00402220134195386,1.9444468750000041,16.553125,0.005470102952261012,0.0,1
7242.0,2021-11-24 06:45:00,397.11,397.13,397.0,397.02,7640.0,2s,2s,0.0,sell,False,0.6362068965517225,4.163492493946733,28.239017640954685,0.011578080659927173,0.27174480691661246,-0.16178377634432053,-0.025911372886014306,-6.533606613874358e-05,59.15477820172114,89.4991898105769,77.30794215545494,113.88168512082078,7640.0,1.5199999999999818,1.0,5.800000000000011,29.0,0.014527602444644853,1.5199999999999818,10.0,0.0038421677915117963,4.0,2.5,0.27174480691661246,-0.025911372886014306,-0.16178377634432053,59.15477820172114,89.4991898105769,77.30794215545494,113.88168512082078,40.45584045584036,25.0712250712246,31.093521587652305,-0.022663745561691175,0.03274559193954545,0.01999999999998181,0.01999999999998181,0.09000000000003183,0.0,7243.0,7243.0,2021-11-24,2021-11-24 06:45:00,0.9571306231423996,35.0,1.0,best_within_2.0d,7277.0,393.22,0.5832424107187206,4.3760036431226785,32.22527881040892,0.012230020343504162,2.285057100371749,15.890706319702602,0.006381710269403211,0.6362068965517225,5.800000000000011,29.0,0.014527602444644853,1.5199999999999818,10.0,0.0038421677915117963,4.0,0.00402220134195386,1.9444468750000041,16.553125,0.005470102952261012,1.0,1
7257.0,2021-11-24 08:00:00,408.41,408.71,408.3,408.31,638237.0,1,1,0.0,sell,False,1.3125530349354892,3.25,11.0,0.008015587234252454,0.3891472552704487,0.5018141104518583,0.6963877380870827,0.0017118116997509418,78.37340939669697,88.29966273384477,85.58649193613176,93.72600432927075,638237.0,3.25,1.0,3.25,11.0,0.008015587234252454,3.25,11.0,0.008015587234252454,1.0,1.0,0.3891472552704487,0.6963877380870827,0.5018141104518583,78.37340939669697,88.29966273384477,85.58649193613176,93.72600432927075,45.416078984485296,4.513399153737615,61.20897315616087,-0.024485198697392997,0.10041636051921826,0.2999999999999545,0.009999999999990905,0.10000000000002274,0.0,7258.0,7258.0,2021-11-24,2021-11-24 08:00:00,3.6957213881609503,20.0,1.0,best_within_2.0d,7277.0,393.22,0.5832424107187206,4.3760036431226785,32.22527881040892,0.012230020343504162,2.285057100371749,15.890706319702602,0.006381710269403211,0.4929364202292669,5.6011759621451125,36.843533123028394,0.015614239272951093,2.82998018927445,22.52492113564669,0.007835530045022196,1.8630914826498424,0.00402220134195386,1.9444468750000041,16.553125,0.005470102952261012,0.0,1
7264.0,2021-11-24 08:35:00,396.57,396.57,395.25,395.27,125645.0,1p,1p,1.0,buy,False,0.3662741968091925,1.8799999999999955,23.0,0.0047339662075390814,-0.007433185183198909,-0.1250721838135453,-0.12878877640514474,-0.00032509823556695007,37.819695168326156,13.847439973210198,16.235828157563336,9.07066360450392,125645.0,1.8799999999999955,0.0,1.8799999999999955,23.0,0.0047339662075390814,1.8799999999999955,0.0,0.0,1.0,1.0,-0.007433185183198909,-0.12878877640514474,-0.1250721838135453,37.819695168326156,13.847439973210198,16.235828157563336,9.07066360450392,54.9193280917737,14.339504848118112,45.140929673852774,-0.32781097914618135,0.33396584440227534,0.0,0.01999999999998181,1.3000000000000114,0.0,7265.0,7265.0,2021-11-24,2021-11-24 08:35:00,0.9866673413110113,135.0,1.0,best_within_2.0d,7399.0,399.17,0.5832424107187206,4.3760036431226785,32.22527881040892,0.012230020343504162,2.285057100371749,15.890706319702602,0.006381710269403211,0.4929364202292669,5.6011759621451125,36.843533123028394,0.015614239272951093,2.82998018927445,22.52492113564669,0.007835530045022196,1.8630914826498424,0.00402220134195386,1.9444468750000041,16.553125,0.005470102952261012,0.0,0
7264.0,2021-11-24 08:35:00,397.11,397.13,397.0,397.02,7640.0,2,2,0.0,sell,False,0.6940639269406317,4.163492493946733,28.239017640954685,0.011578080659927173,0.27174480691661246,-0.16178377634432053,-0.025911372886014306,-6.533606613874358e-05,59.15477820172114,89.4991898105769,77.30794215545494,113.88168512082078,7640.0,1.5199999999999818,1.0,2.1899999999999977,72.0,0.005505279034690794,1.5199999999999818,10.0,0.0038421677915117963,2.0,2.0,0.27174480691661246,-0.025911372886014306,-0.16178377634432053,59.15477820172114,89.4991898105769,77.30794215545494,113.88168512082078,40.45584045584036,25.0712250712246,31.09352158765228,-0.022663745561691175,0.03274559193954545,0.01999999999998181,0.01999999999998181,0.09000000000003183,0.0,7265.0,7265.0,2021-11-24,2021-11-24 08:35:00,0.9866673413110113,135.0,1.0,best_within_2.0d,7399.0,399.17,0.6940639269406317,2.1899999999999977,72.0,0.005505279034690794,1.5199999999999818,10.0,0.0038421677915117963,0.4929364202292669,5.6011759621451125,36.843533123028394,0.015614239272951093,2.82998018927445,22.52492113564669,0.007835530045022196,1.8630914826498424,0.00402220134195386,1.9444468750000041,16.553125,0.005470102952261012,0.0,1
7265.0,2021-11-24 08:40:00,395.29,395.62,395.12,395.53,56100.0,1p,1p,1.0,buy,False,0.3662741968091925,2.009999999999991,24.0,0.005061314934656135,-0.05381454190716939,-0.13179900155194146,-0.15870627250552616,-0.00040066491555208164,41.94000299346955,13.216077572032916,15.229244629053195,9.189743457992357,56100.0,2.009999999999991,0.0,2.009999999999991,24.0,0.005061314934656135,2.009999999999991,0.0,0.0,1.0,1.0,-0.05381454190716939,-0.15870627250552616,-0.13179900155194146,41.94000299346955,13.216077572032916,15.229244629053195,9.189743457992357,54.127329013402715,15.094121945122755,45.94435533206968,0.06071491816133782,0.1265438347843693,0.09000000000003183,0.17000000000001592,0.23999999999995225,1.0,7266.0,7266.0,2021-11-24,2021-11-24 08:40:00,0.9202841756630454,134.0,1.0,best_within_2.0d,7399.0,399.17,0.5832424107187206,4.3760036431226785,32.22527881040892,0.012230020343504162,2.285057100371749,15.890706319702602,0.006381710269403211,0.4929364202292669,5.6011759621451125,36.843533123028394,0.015614239272951093,2.82998018927445,22.52492113564669,0.007835530045022196,1.8630914826498424,0.00402220134195386,1.9444468750000041,16.553125,0.005470102952261012,0.0,0
7266.0,2021-11-24 08:45:00,395.5,395.62,394.86,394.88,114786.0,1p,1p,1.0,buy,False,0.6912284764090013,2.269999999999982,25.0,0.005716012388890242,-0.1606242208196793,-0.15187702915440138,-0.23218913956424103,-0.0005863120327658243,35.5905512976815,8.993868564505293,13.15078594087056,0.6800338117747629,114786.0,2.269999999999982,0.0,2.269999999999982,25.0,0.005716012388890242,2.269999999999982,0.0,0.0,1.0,1.0,-0.1606242208196793,-0.23218913956424103,-0.15187702915440138,35.5905512976815,8.993868564505293,13.15078594087056,0.6800338117747629,51.036133219718906,16.589009554544212,46.30106836560822,-0.15676359039191012,0.19247328166945016,0.12000000000000455,0.01999999999998181,0.6200000000000045,0.0,7267.0,7267.0,2021-11-24,2021-11-24 08:45:00,1.086405996758514,133.0,1.0,best_within_2.0d,7399.0,399.17,0.5832424107187206,4.3760036431226785,32.22527881040892,0.012230020343504162,2.285057100371749,15.890706319702602,0.006381710269403211,0.4929364202292669,5.6011759621451125,36.843533123028394,0.015614239272951093,2.82998018927445,22.52492113564669,0.007835530045022196,1.8630914826498424,0.00402220134195386,1.9444468750000041,16.553125,0.005470102952261012,0.0,0
7267.0,2021-11-24 08:50:00,394.88,394.88,394.551,394.65,48104.0,1p,1p,1.0,buy,False,1.057502413336332,2.5790000000000077,26.0,0.006494095132576254,-0.24573712882825732,-0.18259417025793354,-0.3054627346720622,-0.0007715359146880785,33.64929491064001,6.83156697243705,11.04437961805939,-1.5940583188076296,48104.0,2.5790000000000077,0.0,2.5790000000000077,26.0,0.006494095132576254,2.5790000000000077,0.0,0.0,1.0,1.0,-0.24573712882825732,-0.3054627346720622,-0.18259417025793354,33.64929491064001,6.83156697243705,11.04437961805939,-1.5940583188076296,49.228987185984856,19.35676536595975,46.10488910012895,-0.058245542949761496,0.08338592476004565,0.0,0.09899999999998954,0.2300000000000182,0.0,7268.0,7268.0,2021-11-24,2021-11-24 08:50:00,1.1453186367667652,132.0,1.0,best_within_2.0d,7399.0,399.17,0.5832424107187206,4.3760036431226785,32.22527881040892,0.012230020343504162,2.285057100371749,15.890706319702602,0.006381710269403211,0.4929364202292669,5.6011759621451125,36.843533123028394,0.015614239272951093,2.82998018927445,22.52492113564669,0.007835530045022196,1.8630914826498424,0.00402220134195386,1.9444468750000041,16.553125,0.005470102952261012,0.0,0
7270.0,2021-11-24 09:05:00,394.95,394.95,394.3,394.7,112658.0,1p,1p,1.0,buy,False,1.134922632947335,2.829999999999984,29.0,0.007126129982625296,-0.2355355420869586,-0.27444585443066244,-0.39221362547414174,-0.0009912157238803814,36.18406702907638,13.477175909410475,11.667235042189823,17.097057643851777,112658.0,2.829999999999984,0.0,2.829999999999984,29.0,0.007126129982625296,2.829999999999984,0.0,0.0,1.0,1.0,-0.2355355420869586,-0.39221362547414174,-0.27444585443066244,36.18406702907638,13.477175909410475,11.667235042189823,17.097057643851777,50.17677940073699,20.258205064104494,46.5225475856617,-0.063299151791366,0.164849099670296,0.0,0.39999999999997726,0.25,0.0,7271.0,7271.0,2021-11-24,2021-11-24 09:05:00,1.1325057005320567,129.0,1.0,best_within_2.0d,7399.0,399.17,0.5832424107187206,4.3760036431226785,32.22527881040892,0.012230020343504162,2.285057100371749,15.890706319702602,0.006381710269403211,0.4929364202292669,5.6011759621451125,36.843533123028394,0.015614239272951093,2.82998018927445,22.52492113564669,0.007835530045022196,1.8630914826498424,0.00402220134195386,1.9444468750000041,16.553125,0.005470102952261012,1.0,0
7276.0,2021-11-24 09:35:00,393.67,394.78,393.12,393.27,1114402.0,1p,1p,1.0,buy,False,1.2720934442150689,4.009999999999991,35.0,0.010097449197995595,-0.29560272075070837,-0.42612299369790174,-0.5739243540732559,-0.0014524218108983515,27.46461489828998,19.487600120978083,20.760774165888375,16.941252031157497,1114402.0,4.009999999999991,0.0,4.009999999999991,35.0,0.010097449197995595,4.009999999999991,0.0,0.0,1.0,1.0,-0.29560272075070837,-0.5739243540732559,-0.42612299369790174,27.46461489828998,19.487600120978083,20.760774165888375,16.941252031157497,12.84070888175018,38.43921649911866,41.72876324006024,-0.10160794574136563,0.4222629222629142,1.1099999999999568,0.14999999999997726,0.4000000000000341,0.0,7277.0,7277.0,2021-11-24,2021-11-24 09:35:00,1.5002415643196874,123.0,1.0,best_within_2.0d,7399.0,399.17,0.5832424107187206,4.3760036431226785,32.22527881040892,0.012230020343504162,2.285057100371749,15.890706319702602,0.006381710269403211,0.4929364202292669,5.6011759621451125,36.843533123028394,0.015614239272951093,2.82998018927445,22.52492113564669,0.007835530045022196,1.8630914826498424,0.00402220134195386,1.9444468750000041,16.553125,0.005470102952261012,0.0,0
7277.0,2021-11-24 09:40:00,393.27,393.83,392.85,393.22,1251056.0,1p,1p,1.0,buy,False,1.4697524391701307,4.279999999999973,36.0,0.010777327323546377,-0.3415337307368651,-0.46881471004000985,-0.6395815754084424,-0.0016191653412592462,27.14422515764464,18.424919904440713,19.982156078739152,15.310447555843837,1251056.0,4.279999999999973,0.0,4.279999999999973,36.0,0.010777327323546377,4.279999999999973,0.0,0.0,1.0,1.0,-0.3415337307368651,-0.6395815754084424,-0.46881471004000985,27.14422515764464,18.424919904440713,19.982156078739152,15.310447555843837,6.852716257821527,39.51733042010086,43.77980513389111,-0.012713911562019611,0.2494590810741915,0.5600000000000023,0.37000000000000455,0.049999999999954525,0.0,7278.0,7278.0,2021-11-24,2021-11-24 09:40:00,1.513147856161942,122.0,1.0,best_within_2.0d,7399.0,399.17,0.5832424107187206,4.3760036431226785,32.22527881040892,0.012230020343504162,2.285057100371749,15.890706319702602,0.006381710269403211,0.4929364202292669,5.6011759621451125,36.843533123028394,0.015614239272951093,2.82998018927445,22.52492113564669,0.007835530045022196,1.8630914826498424,0.00402220134195386,1.9444468750000041,16.553125,0.005470102952261012,0.0,0
7278.0,2021-11-24 09:45:00,393.21,393.87,392.54,393.2733,1347169.0,1p,1p,1.0,buy,False,1.4697524391701307,4.589999999999975,37.0,0.011557928134364,-0.33706748403339626,-0.5109481455441844,-0.6794818875608826,-0.001720736432031883,28.10701935618664,21.757440143012026,20.573917433496774,24.124485562042537,1347169.0,4.589999999999975,0.0,4.589999999999975,37.0,0.011557928134364,4.589999999999975,0.0,0.0,1.0,1.0,-0.33706748403339626,-0.6794818875608826,-0.5109481455441844,28.10701935618664,21.757440143012026,20.573917433496774,24.124485562042537,6.88004786120302,33.592581513610064,45.367067495513005,0.01609826810102148,0.33881897386253224,0.5966999999999985,0.6699999999999591,0.06330000000002656,1.0,7279.0,7279.0,2021-11-24,2021-11-24 09:45:00,1.4993898645038983,121.0,1.0,best_within_2.0d,7399.0,399.17,0.5832424107187206,4.3760036431226785,32.22527881040892,0.012230020343504162,2.285057100371749,15.890706319702602,0.006381710269403211,0.4929364202292669,5.6011759621451125,36.843533123028394,0.015614239272951093,2.82998018927445,22.52492113564669,0.007835530045022196,1.8630914826498424,0.00402220134195386,1.9444468750000041,16.553125,0.005470102952261012,1.0,0
7282.0,2021-11-24 10:05:00,395.54,395.91,394.74,394.79,1006549.0,2s,2s,0.0,sell,False,0.13698630136986834,4.163492493946733,28.239017640954685,0.011578080659927173,0.24865086085774435,-0.4964292381190954,-0.3721038076902232,-0.0009424498239273966,49.40561041368919,62.39561167183482,47.96654837754207,91.25373826042033,1006549.0,3.3700000000000045,1.0,2.1899999999999977,72.0,0.005505279034690794,3.3700000000000045,5.0,0.008585112345238713,1.0,2.5,0.24865086085774435,-0.3721038076902232,-0.4964292381190954,49.40561041368919,62.39561167183482,47.96654837754207,91.25373826042033,20.464767616192418,20.014992503747774,38.87991378076747,-0.18961419831116955,0.29639762881897347,0.37000000000000455,0.05000000000001137,0.75,0.0,7283.0,7283.0,2021-11-24,2021-11-24 10:05:00,0.25836520681882486,125.0,1.0,best_within_2.0d,7407.0,393.77,0.5832424107187206,4.3760036431226785,32.22527881040892,0.012230020343504162,2.285057100371749,15.890706319702602,0.006381710269403211,0.13698630136986834,2.1899999999999977,72.0,0.005505279034690794,3.3700000000000045,5.0,0.008585112345238713,1.0,0.00402220134195386,1.9444468750000041,16.553125,0.005470102952261012,0.0,1
7286.0,2021-11-24 10:25:00,395.79,396.32,395.67,396.13,600460.0,2s,2s,0.0,sell,False,0.3242009132420001,4.163492493946733,28.239017640954685,0.011578080659927173,0.5332237187167754,-0.31145203236590246,-0.04484017300751475,-0.0001135300980943609,60.65983207625142,80.56568208406809,67.97596469462465,105.74511686295494,600460.0,3.7799999999999727,1.0,2.1899999999999977,72.0,0.005505279034690794,3.7799999999999727,9.0,0.009629591888724646,1.0,2.5,0.5332237187167754,-0.04484017300751475,-0.31145203236590246,60.65983207625142,80.56568208406809,67.97596469462465,105.74511686295494,24.379059992357952,19.169532543625028,31.7226258900544,0.08590414108491244,0.1642783127353545,0.18999999999999773,0.12000000000000455,0.339999999999975,1.0,7287.0,7287.0,2021-11-24,2021-11-24 10:25:00,0.66644788327064,189.0,1.0,best_within_2.0d,7475.0,393.49,0.5832424107187206,4.3760036431226785,32.22527881040892,0.012230020343504162,2.285057100371749,15.890706319702602,0.006381710269403211,0.3242009132420001,2.1899999999999977,72.0,0.005505279034690794,3.7799999999999727,9.0,0.009629591888724646,1.0,0.00402220134195386,1.9444468750000041,16.553125,0.005470102952261012,0.0,1
7287.0,2021-11-24 10:30:00,396.14,396.37,395.76,395.8814,772157.0,2s,2s,0.0,sell,False,0.34703196347031584,4.163492493946733,28.239017640954685,0.011578080659927173,0.5548538463536197,-0.2420953015717,0.03533162160510983,8.944014517554724e-05,57.99152949805561,81.87341768567478,72.60844902497469,100.40335500707496,772157.0,3.829999999999984,1.0,2.1899999999999977,72.0,0.005505279034690794,3.829999999999984,10.0,0.009756967442808335,1.0,2.5,0.5548538463536197,0.03533162160510983,-0.2420953015717,57.99152949805561,81.87341768567478,72.60844902497469,100.40335500707496,23.65862896099018,19.00012624668605,30.236751944202048,-0.0652799515322869,0.1541338184758474,0.2300000000000182,0.12139999999999418,0.2586000000000013,0.0,7288.0,7288.0,2021-11-24,2021-11-24 10:30:00,0.6040698047445462,188.0,1.0,best_within_2.0d,7475.0,393.49,0.5832424107187206,4.3760036431226785,32.22527881040892,0.012230020343504162,2.285057100371749,15.890706319702602,0.006381710269403211,0.34703196347031584,2.1899999999999977,72.0,0.005505279034690794,3.829999999999984,10.0,0.009756967442808335,1.0,0.00402220134195386,1.9444468750000041,16.553125,0.005470102952261012,0.0,1
7288.0,2021-11-24 10:35:00,395.9,396.56,395.88,396.4819,554209.0,2s,2s,0.0,sell,False,0.4337899543378948,4.163492493946733,28.239017640954685,0.011578080659927173,0.6203841233827319,-0.16454728614885852,0.14564477554250743,0.0003685918155014447,62.3048873334113,87.01480440867353,77.41056748620763,106.22327825360534,554209.0,4.019999999999982,1.0,2.1899999999999977,72.0,0.005505279034690794,4.019999999999982,11.0,0.010240994548326238,1.0,2.5,0.6203841233827319,0.14564477554250743,-0.16454728614885852,62.3048873334113,87.01480440867353,77.41056748620763,106.22327825360534,22.55145053310227,18.658566823704508,28.751730381056834,0.14698156100025733,0.17176922299686945,0.07810000000000628,0.01999999999998181,0.5819000000000187,1.0,7289.0,7289.0,2021-11-24,2021-11-24 10:35:00,0.7546120012035825,187.0,1.0,best_within_2.0d,7475.0,393.49,0.5832424107187206,4.3760036431226785,32.22527881040892,0.012230020343504162,2.285057100371749,15.890706319702602,0.006381710269403211,0.4337899543378948,2.1899999999999977,72.0,0.005505279034690794,4.019999999999982,11.0,0.010240994548326238,1.0,0.00402220134195386,1.9444468750000041,16.553125,0.005470102952261012,0.0,1
7289.0,2021-11-24 10:40:00,396.48,396.63,395.57,395.61,532134.0,2s,2s,0.0,sell,False,0.46575342465752645,4.163492493946733,28.239017640954685,0.011578080659927173,0.5206507208401012,-0.09946594604384587,0.16085941437620477,0.0004070604102076667,53.685541496501145,79.28646535046339,78.03586677429287,81.78766250280441,532134.0,4.089999999999975,1.0,2.1899999999999977,72.0,0.005505279034690794,4.089999999999975,12.0,0.010419320324043345,1.0,2.5,0.5206507208401012,0.16085941437620477,-0.09946594604384587,53.685541496501145,79.28646535046339,78.03586677429287,81.78766250280441,23.55912446574316,12.822173293615021,28.806055493186502,-0.2194309927360786,0.2679677427509675,0.14999999999997726,0.040000000000020464,0.8700000000000045,0.0,7290.0,7290.0,2021-11-24,2021-11-24 10:40:00,0.5358812972371791,186.0,1.0,best_within_2.0d,7475.0,393.49,0.5832424107187206,4.3760036431226785,32.22527881040892,0.012230020343504162,2.285057100371749,15.890706319702602,0.006381710269403211,0.46575342465752645,2.1899999999999977,72.0,0.005505279034690794,4.089999999999975,12.0,0.010419320324043345,1.0,0.00402220134195386,1.9444468750000041,16.553125,0.005470102952261012,1.0,1
7293.0,2021-11-24 11:00:00,396.07,396.1,395.13,395.435,755909.0,2,2,1.0,buy,False,0.36674816625917095,4.163492493946733,28.239017640954685,0.011578080659927173,0.26531168596864263,0.09461552264610772,0.22727136563042905,0.0005748551502342162,50.74126300251032,67.30978522366163,74.12311190722875,53.68313185652741,755909.0,1.5,1.0,4.089999999999975,12.0,0.010419320324043345,1.5,5.0,0.003781862188941835,2.0,2.0,0.26531168596864263,0.22727136563042905,0.09461552264610772,50.74126300251032,67.30978522366163,74.12311190722875,53.68313185652741,29.96932515337461,16.564417177914205,31.13419851778999,-0.1603251950412783,0.24548882646218392,0.03000000000002956,0.3050000000000068,0.6349999999999909,0.0,7294.0,7294.0,2021-11-24,2021-11-24 11:00:00,0.9445294422597932,106.0,1.0,best_within_2.0d,7399.0,399.17,0.36674816625917095,4.089999999999975,12.0,0.010419320324043345,1.5,5.0,0.003781862188941835,0.4929364202292669,5.6011759621451125,36.843533123028394,0.015614239272951093,2.82998018927445,22.52492113564669,0.007835530045022196,1.8630914826498424,0.00402220134195386,1.9444468750000041,16.553125,0.005470102952261012,0.0,0
7295.0,2021-11-24 11:10:00,395.96,396.73,395.96,396.62,363880.0,2s,2s,0.0,sell,False,0.5114155251141579,4.163492493946733,28.239017640954685,0.011578080659927173,0.28424384842357664,0.15950983594233487,0.3016317601541232,0.000762678311249921,59.68173253415836,73.4015712105165,71.53076387689052,77.14318587776845,363880.0,4.189999999999998,1.0,2.1899999999999977,72.0,0.005505279034690794,4.189999999999998,18.0,0.010674071432210724,1.0,2.5,0.28424384842357664,0.3016317601541232,0.15950983594233487,59.68173253415836,73.4015712105165,71.53076387689052,77.14318587776845,25.71923743500914,18.717504332755723,29.644437532637948,0.16668350338418655,0.19446408728155337,0.11000000000001364,0.0,0.660000000000025,1.0,7296.0,7296.0,2021-11-24,2021-11-24 11:10:00,1.2404820735212585,191.0,1.0,best_within_2.0d,7486.0,391.7,0.5832424107187206,4.3760036431226785,32.22527881040892,0.012230020343504162,2.285057100371749,15.890706319702602,0.006381710269403211,0.5114155251141579,2.1899999999999977,72.0,0.005505279034690794,4.189999999999998,18.0,0.010674071432210724,1.0,0.00402220134195386,1.9444468750000041,16.553125,0.005470102952261012,0.0,1
7296.0,2021-11-24 11:15:00,396.66,397.34,396.53,397.34,411116.0,2s,2s,0.0,sell,False,0.7899543378995265,4.163492493946733,28.239017640954685,0.011578080659927173,0.3892533986914869,0.20816651077877074,0.4027932101245142,0.0010181130976220883,64.08872931506869,82.26771414034432,75.10974729804178,96.58364782494942,411116.0,4.7999999999999545,1.0,2.1899999999999977,72.0,0.005505279034690794,4.7999999999999545,19.0,0.012228053192031269,1.0,2.5,0.3892533986914869,0.4027932101245142,0.20816651077877074,64.08872931506869,82.26771414034432,75.10974729804178,96.58364782494942,31.556350626118068,19.320214669051992,29.244880059691816,0.17143145262944334,0.20427206012155508,0.0,0.1300000000000523,0.67999999999995,1.0,7297.0,7297.0,2021-11-24,2021-11-24 11:15:00,1.555343031157183,191.0,1.0,best_within_2.0d,7487.0,391.16,0.5832424107187206,4.3760036431226785,32.22527881040892,0.012230020343504162,2.285057100371749,15.890706319702602,0.006381710269403211,0.7899543378995265,2.1899999999999977,72.0,0.005505279034690794,4.7999999999999545,19.0,0.012228053192031269,1.0,0.00402220134195386,1.9444468750000041,16.553125,0.005470102952261012,0.0,1
7309.0,2021-11-24 12:20:00,397.5183,397.5183,396.75,396.96,322464.0,2,2,1.0,buy,False,0.2665505226480811,4.163492493946733,28.239017640954685,0.011578080659927173,-0.16853701917640973,0.580999830696007,0.49673132110780216,0.0012516661433279346,51.36704498996282,37.08499998538584,51.700081869332806,7.854836217491908,322464.0,1.5299999999999727,1.0,5.739999999999952,26.0,0.014622713608804076,1.5299999999999727,7.0,0.0038415185296775457,2.0,2.0,-0.16853701917640973,0.49673132110780216,0.580999830696007,51.36704498996282,37.08499998538584,51.700081869332806,7.854836217491908,27.416046051894583,18.40086533799158,35.91743182522854,-0.1404463643560639,0.19364839319470967,0.0,0.20999999999997954,0.5583000000000311,0.0,7310.0,7310.0,2021-11-24,2021-11-24 12:20:00,0.5567311567916255,90.0,1.0,best_within_2.0d,7399.0,399.17,0.2665505226480811,5.739999999999952,26.0,0.014622713608804076,1.5299999999999727,7.0,0.0038415185296775457,0.4929364202292669,5.6011759621451125,36.843533123028394,0.015614239272951093,2.82998018927445,22.52492113564669,0.007835530045022196,1.8630914826498424,0.00402220134195386,1.9444468750000041,16.553125,0.005470102952261012,0.0,0
7310.0,2021-11-24 12:25:00,396.949,397.01,396.68,396.94,195461.0,2,2,1.0,buy,False,0.2787456445992995,4.163492493946733,28.239017640954685,0.011578080659927173,-0.24639098757837496,0.5502009572487101,0.4270054634595226,0.0010759537145611376,51.15846908587381,30.139999990257152,44.51338790964091,1.3932241514896333,195461.0,1.599999999999966,1.0,5.739999999999952,26.0,0.014622713608804076,1.599999999999966,8.0,0.004017274279401341,2.0,2.0,-0.24639098757837496,0.4270054634595226,0.5502009572487101,51.15846908587381,30.139999990257152,44.51338790964091,1.3932241514896333,21.09055810448078,20.49424177916457,33.45432788500572,-0.0022672937833360333,0.08319048099223153,0.06099999999997863,0.2599999999999909,0.009000000000014552,0.0,7311.0,7311.0,2021-11-24,2021-11-24 12:25:00,0.5617977528089934,89.0,1.0,best_within_2.0d,7399.0,399.17,0.2787456445992995,5.739999999999952,26.0,0.014622713608804076,1.599999999999966,8.0,0.004017274279401341,0.4929364202292669,5.6011759621451125,36.843533123028394,0.015614239272951093,2.82998018927445,22.52492113564669,0.007835530045022196,1.8630914826498424,0.00402220134195386,1.9444468750000041,16.553125,0.005470102952261012,1.0,0
7324.0,2021-11-24 13:35:00,405.48,405.79,404.292,405.5,56385.0,1p,1p,1.0,buy,False,0.4562779400778268,1.5080000000000382,12.0,0.003716116313454998,-0.0444116978621136,0.0461200248574498,0.023914175926393,5.896832425635663e-05,50.69780993948716,63.183827634649305,57.84949609632432,73.85249071129927,56385.0,1.5080000000000382,0.0,1.5080000000000382,12.0,0.003716116313454998,1.5080000000000382,0.0,0.0,1.0,1.0,-0.0444116978621136,0.023914175926393,0.0461200248574498,50.69780993948716,63.183827634649305,57.84949609632432,73.85249071129927,9.271099744246051,56.20204603580608,22.911265467734257,0.0049324257669877206,0.37052427453425923,0.29000000000002046,1.188000000000045,0.01999999999998181,1.0,7325.0,7325.0,2021-11-24,2021-11-24 13:35:00,-1.5780259881154861,75.0,1.0,best_within_2.0d,7399.0,399.17,0.5832424107187206,4.3760036431226785,32.22527881040892,0.012230020343504162,2.285057100371749,15.890706319702602,0.006381710269403211,0.4929364202292669,5.6011759621451125,36.843533123028394,0.015614239272951093,2.82998018927445,22.52492113564669,0.007835530045022196,1.8630914826498424,0.00402220134195386,1.9444468750000041,16.553125,0.005470102952261012,0.0,0
7324.0,2021-11-24 13:35:00,405.64,405.68,405.46,405.57,56299.0,2,2,1.0,buy,False,0.541601255886968,4.163492493946733,28.239017640954685,0.011578080659927173,-0.03829772484887914,0.06026518337169294,0.04111632094725337,0.00010135568403370184,46.58640209750949,17.458303060345106,33.648362553632424,-14.921815926229527,56299.0,1.3799999999999955,1.0,2.548000000000002,13.0,0.006302375510769449,1.3799999999999955,6.0,0.0033919968538000085,2.0,2.0,-0.03829772484887914,0.04111632094725337,0.06026518337169294,46.58640209750949,17.458303060345106,33.648362553632424,-14.921815926229527,42.690058479530656,14.035087719296815,41.5280815801143,-0.01725668080070831,0.05425935973956181,0.040000000000020464,0.11000000000001364,0.06999999999999318,0.0,7325.0,7325.0,2021-11-24,2021-11-24 13:35:00,-1.5780259881154861,75.0,1.0,best_within_2.0d,7399.0,399.17,0.541601255886968,2.548000000000002,13.0,0.006302375510769449,1.3799999999999955,6.0,0.0033919968538000085,0.4929364202292669,5.6011759621451125,36.843533123028394,0.015614239272951093,2.82998018927445,22.52492113564669,0.007835530045022196,1.8630914826498424,0.00402220134195386,1.9444468750000041,16.553125,0.005470102952261012,0.0,0
7342.0,2021-11-24 15:05:00,398.02,398.57,397.925,398.51,237860.0,1p,1p,0.0,sell,False,0.3259495894405994,1.8899999999999864,33.0,0.004764545729555275,0.20221398290702652,0.08073369970859495,0.18184069116210821,0.00045737130720219715,65.6099183286392,86.75916268669536,75.85118260921446,108.57512284165713,237860.0,1.8899999999999864,0.0,1.8899999999999864,33.0,0.004764545729555275,1.8899999999999864,0.0,0.0,1.0,1.0,0.20221398290702652,0.18184069116210821,0.08073369970859495,65.6099183286392,86.75916268669536,75.85118260921446,108.57512284165713,28.75424422057572,15.239973554163589,21.158352233291158,0.12310939148786722,0.1620908462649951,0.060000000000002274,0.09499999999997044,0.4900000000000091,1.0,7343.0,7343.0,2021-11-24,2021-11-24 15:05:00,1.8669544051592175,146.0,1.0,best_within_2.0d,7488.0,391.07,0.5832424107187206,4.3760036431226785,32.22527881040892,0.012230020343504162,2.285057100371749,15.890706319702602,0.006381710269403211,0.4929364202292669,5.6011759621451125,36.843533123028394,0.015614239272951093,2.82998018927445,22.52492113564669,0.007835530045022196,1.8630914826498424,0.00402220134195386,1.9444468750000041,16.553125,0.005470102952261012,0.0,1
7343.0,2021-11-24 15:10:00,398.49,398.63,398.31,398.62,276890.0,1p,1p,0.0,sell,False,0.40302168375332714,1.9499999999999886,34.0,0.004915801149541163,0.2500282942817088,0.11198723649380855,0.23700138363466294,0.0005959974547661564,66.81756081419056,90.97897667485134,80.89378063109342,111.1493687623672,276890.0,1.9499999999999886,0.0,1.9499999999999886,34.0,0.004915801149541163,1.9499999999999886,0.0,0.0,1.0,1.0,0.2500282942817088,0.23700138363466294,0.11198723649380855,66.81756081419056,90.97897667485134,80.89378063109342,111.1493687623672,24.953547244634162,16.959932160271464,21.009305991609363,0.03262315240031003,0.08033943410910928,0.009999999999990905,0.18000000000000682,0.12999999999999545,1.0,7344.0,7344.0,2021-11-24,2021-11-24 15:10:00,1.8940344187446718,145.0,1.0,best_within_2.0d,7488.0,391.07,0.5832424107187206,4.3760036431226785,32.22527881040892,0.012230020343504162,2.285057100371749,15.890706319702602,0.006381710269403211,0.4929364202292669,5.6011759621451125,36.843533123028394,0.015614239272951093,2.82998018927445,22.52492113564669,0.007835530045022196,1.8630914826498424,0.00402220134195386,1.9444468750000041,16.553125,0.005470102952261012,0.0,1
7344.0,2021-11-24 15:15:00,398.62,398.81,398.4299,398.76,260710.0,1p,1p,0.0,sell,False,0.4557135476556254,2.1299999999999955,35.0,0.0053695674094988285,0.2827174953473247,0.14732692341222414,0.2886856710858865,0.0007258207329066122,68.34132561175694,93.10415023473313,84.96390383230666,109.38464303958605,260710.0,2.1299999999999955,0.0,2.1299999999999955,35.0,0.0053695674094988285,2.1299999999999955,0.0,0.0,1.0,1.0,0.2827174953473247,0.2886856710858865,0.14732692341222414,68.34132561175694,93.10415023473313,84.96390383230666,109.38464303958605,29.505668443409856,14.746069969425918,21.891049453666408,0.03512116802969905,0.0953994667568943,0.05000000000001137,0.19010000000002947,0.13999999999998636,1.0,7345.0,7345.0,2021-11-24,2021-11-24 15:15:00,1.928478282676296,144.0,1.0,best_within_2.0d,7488.0,391.07,0.5832424107187206,4.3760036431226785,32.22527881040892,0.012230020343504162,2.285057100371749,15.890706319702602,0.006381710269403211,0.4929364202292669,5.6011759621451125,36.843533123028394,0.015614239272951093,2.82998018927445,22.52492113564669,0.007835530045022196,1.8630914826498424,0.00402220134195386,1.9444468750000041,16.553125,0.005470102952261012,0.0,1
7345.0,2021-11-24 15:20:00,398.8,398.9,398.62,398.64,242063.0,1p,1p,0.0,sell,False,0.4557135476556254,2.2199999999999704,36.0,0.00559645053947759,0.2703833928123209,0.18112484751376426,0.3163165439199247,0.0007951572214444142,65.56224380427027,91.02566244605111,86.98449003688813,99.10800726437708,242063.0,2.2199999999999704,0.0,2.2199999999999704,36.0,0.00559645053947759,2.2199999999999704,0.0,0.0,1.0,1.0,0.2703833928123209,0.3163165439199247,0.18112484751376426,65.56224380427027,91.02566244605111,86.98449003688813,99.10800726437708,33.1881685859583,7.453089378617626,24.850442053176977,-0.04012036108325602,0.0702423360593981,0.0999999999999659,0.01999999999998181,0.160000000000025,0.0,7346.0,7346.0,2021-11-24,2021-11-24 15:20:00,1.898956451936583,143.0,1.0,best_within_2.0d,7488.0,391.07,0.5832424107187206,4.3760036431226785,32.22527881040892,0.012230020343504162,2.285057100371749,15.890706319702602,0.006381710269403211,0.4929364202292669,5.6011759621451125,36.843533123028394,0.015614239272951093,2.82998018927445,22.52492113564669,0.007835530045022196,1.8630914826498424,0.00402220134195386,1.9444468750000041,16.553125,0.005470102952261012,0.0,1
7348.0,2021-11-24 15:35:00,398.42,398.99,398.36,398.8701,404408.0,1p,1p,0.0,sell,False,0.4557135476556254,2.3100000000000023,39.0,0.0058233336694564946,0.19087695284634576,0.26001557189880103,0.3554540483219739,0.0008931435113909214,65.42073367051663,83.10626258786044,84.2703592175715,80.77806932843833,404408.0,2.3100000000000023,0.0,2.3100000000000023,39.0,0.0058233336694564946,2.3100000000000023,0.0,0.0,1.0,1.0,0.19087695284634576,0.3554540483219739,0.26001557189880103,65.42073367051663,83.10626258786044,84.2703592175715,80.77806932843833,30.348538889930825,9.699017583380321,28.862651470580442,0.11297123638370653,0.15814840847474532,0.11990000000002965,0.060000000000002274,0.45009999999996353,1.0,7349.0,7349.0,2021-11-24,2021-11-24 15:35:00,1.9555489368593901,140.0,1.0,best_within_2.0d,7488.0,391.07,0.5832424107187206,4.3760036431226785,32.22527881040892,0.012230020343504162,2.285057100371749,15.890706319702602,0.006381710269403211,0.4929364202292669,5.6011759621451125,36.843533123028394,0.015614239272951093,2.82998018927445,22.52492113564669,0.007835530045022196,1.8630914826498424,0.00402220134195386,1.9444468750000041,16.553125,0.005470102952261012,0.0,1
7351.0,2021-11-24 15:50:00,398.55,399.0,398.52,398.87,710810.0,1p,1p,0.0,sell,False,0.4557135476556254,2.319999999999993,42.0,0.005848542906120785,0.10081896290551629,0.30521926973605906,0.3556287511888172,0.0008932429038511865,63.14316187231267,77.48825498197994,79.31538125877576,73.83400242838829,710810.0,2.319999999999993,0.0,2.319999999999993,42.0,0.005848542906120785,2.319999999999993,0.0,0.0,1.0,1.0,0.10081896290551629,0.3556287511888172,0.30521926973605906,63.14316187231267,77.48825498197994,79.31538125877576,73.83400242838829,27.579631931084553,13.279082040893028,31.535566504426566,0.08029105507464387,0.12044564890093803,0.12999999999999545,0.03000000000002956,0.3199999999999932,1.0,7352.0,7352.0,2021-11-24,2021-11-24 15:50:00,1.9555243563065687,137.0,1.0,best_within_2.0d,7488.0,391.07,0.5832424107187206,4.3760036431226785,32.22527881040892,0.012230020343504162,2.285057100371749,15.890706319702602,0.006381710269403211,0.4929364202292669,5.6011759621451125,36.843533123028394,0.015614239272951093,2.82998018927445,22.52492113564669,0.007835530045022196,1.8630914826498424,0.00402220134195386,1.9444468750000041,16.553125,0.005470102952261012,0.0,1
7352.0,2021-11-24 15:55:00,398.89,399.05,398.69,398.89,1169203.0,1p,1p,0.0,sell,False,0.4557135476556254,2.3700000000000045,43.0,0.005974589089442383,0.08983944504402275,0.3164492003665619,0.36136892288857325,0.0009075327005496897,63.39694777816735,78.79061960038885,79.14046070598012,78.09093738920632,1169203.0,2.3700000000000045,0.0,2.3700000000000045,43.0,0.005974589089442383,2.3700000000000045,0.0,0.0,1.0,1.0,0.08983944504402275,0.36136892288857325,0.3164492003665619,63.39694777816735,78.79061960038885,79.14046070598012,78.09093738920632,25.750240351599086,13.391017717346806,31.538450776498394,0.0,0.09029571847801893,0.160000000000025,0.19999999999998863,0.0,0.0,7353.0,7353.0,2021-11-24,2021-11-24 15:55:00,1.9604402216149799,136.0,1.0,best_within_2.0d,7488.0,391.07,0.5832424107187206,4.3760036431226785,32.22527881040892,0.012230020343504162,2.285057100371749,15.890706319702602,0.006381710269403211,0.4929364202292669,5.6011759621451125,36.843533123028394,0.015614239272951093,2.82998018927445,22.52492113564669,0.007835530045022196,1.8630914826498424,0.00402220134195386,1.9444468750000041,16.553125,0.005470102952261012,1.0,1
7399.0,2021-11-24 19:55:00,398.91,399.22,398.91,399.17,7375.0,1p,1p,0.0,sell,False,0.4557135476555921,2.5400000000000205,90.0,0.0064031461127357575,0.026356302616277333,0.058785233509397614,0.07196338481753628,0.0001804238711382916,68.06890466319231,81.51249725705689,77.59330193897966,89.35088789321134,7375.0,2.5400000000000205,0.0,2.5400000000000205,90.0,0.0064031461127357575,2.5400000000000205,0.0,0.0,1.0,1.0,0.026356302616277333,0.07196338481753628,0.058785233509397614,68.06890466319231,81.51249725705689,77.59330193897966,89.35088789321134,44.26229508196996,11.475409836069392,17.905293530221854,0.06517760898448043,0.07771176455842226,0.05000000000001137,0.0,0.2599999999999909,1.0,7400.0,7400.0,2021-11-24,2021-11-24 19:55:00,2.029210612019947,89.0,1.0,best_within_2.0d,7488.0,391.07,0.5832424107187206,4.3760036431226785,32.22527881040892,0.012230020343504162,2.285057100371749,15.890706319702602,0.006381710269403211,0.4929364202292669,5.6011759621451125,36.843533123028394,0.015614239272951093,2.82998018927445,22.52492113564669,0.007835530045022196,1.8630914826498424,0.00402220134195386,1.9444468750000041,16.553125,0.005470102952261012,1.0,1
7407.0,2021-11-26 04:35:00,393.59,393.77,393.19,393.77,35177.0,2s,2s,1.0,buy,False,0.8867595818815361,4.163492493946733,28.239017640954685,0.011578080659927173,-0.8714557913144041,-0.9290330634979466,-1.3647609591551486,-0.0034410131884116597,23.30239767043851,8.780849098244472,15.98578494834516,-5.629022601956905,35177.0,6.03000000000003,1.0,5.739999999999952,26.0,0.014622713608804076,6.03000000000003,9.0,0.015104453684685208,1.0,2.5,-0.8714557913144041,-1.3647609591551486,-0.9290330634979466,23.30239767043851,8.780849098244472,15.98578494834516,-5.629022601956905,3.604531410916844,62.409886714727605,48.54038445100415,0.045732869229402895,0.14751138126605054,0.0,0.39999999999997726,0.18000000000000682,1.0,7408.0,7408.0,2021-11-26,2021-11-26 04:35:00,1.3358051654519114,118.0,1.0,best_within_2.0d,7525.0,399.03,0.5832424107187206,4.3760036431226785,32.22527881040892,0.012230020343504162,2.285057100371749,15.890706319702602,0.006381710269403211,0.8867595818815361,5.739999999999952,26.0,0.014622713608804076,6.03000000000003,9.0,0.015104453684685208,1.0,0.00402220134195386,1.9444468750000041,16.553125,0.005470102952261012,1.0,0
7428.0,2021-11-26 06:20:00,394.49,394.69,394.45,394.45,15203.0,2,2,0.0,sell,False,0.24875621890547142,4.163492493946733,28.239017640954685,0.011578080659927173,0.16198430145560172,-1.1514424727613946,-1.0704503220335937,-0.002705958822338846,36.131786592701296,74.01551570075623,58.592623711845135,104.8612996785784,15203.0,1.5,1.0,6.03000000000003,9.0,0.015104453684685208,1.5,8.0,0.0038149495155014117,2.0,2.0,0.16198430145560172,-1.0704503220335937,-1.1514424727613946,36.131786592701296,74.01551570075623,58.592623711845135,104.8612996785784,15.855354659248896,22.25312934631482,55.35077808246892,-0.010139674009485783,0.060844213461784535,0.19999999999998863,0.0,0.040000000000020464,0.0,7429.0,7429.0,2021-11-26,2021-11-26 06:20:00,1.0300146783418518,60.0,1.0,best_within_2.0d,7488.0,391.07,0.24875621890547142,6.03000000000003,9.0,0.015104453684685208,1.5,8.0,0.0038149495155014117,0.4929364202292669,5.6011759621451125,36.843533123028394,0.015614239272951093,2.82998018927445,22.52492113564669,0.007835530045022196,1.8630914826498424,0.00402220134195386,1.9444468750000041,16.553125,0.005470102952261012,0.0,1
7428.0,2021-11-26 06:20:00,395.14,395.48,395.14,395.14,15516.0,2s,2s,0.0,sell,False,0.3797678275290231,4.163492493946733,28.239017640954685,0.011578080659927173,0.49311297123930875,-0.478430669921314,-0.23187418430165962,-0.0005870637813054024,51.97599960647264,78.02903777231117,73.37628777209254,87.33453777274843,15516.0,1.5699999999999932,1.0,6.03000000000003,9.0,0.015104453684685208,1.5699999999999932,7.0,0.003985682008580622,1.0,2.5,0.49311297123930875,-0.23187418430165962,-0.478430669921314,51.97599960647264,78.02903777231117,73.37628777209254,87.33453777274843,29.447852760736232,22.29038854805681,27.53033035547774,0.0,0.08604545224478206,0.34000000000003183,0.0,0.0,0.0,7429.0,7429.0,2021-11-26,2021-11-26 06:20:00,1.0300146783418518,60.0,1.0,best_within_2.0d,7488.0,391.07,0.5832424107187206,4.3760036431226785,32.22527881040892,0.012230020343504162,2.285057100371749,15.890706319702602,0.006381710269403211,0.3797678275290231,6.03000000000003,9.0,0.015104453684685208,1.5699999999999932,7.0,0.003985682008580622,1.0,0.00402220134195386,1.9444468750000041,16.553125,0.005470102952261012,1.0,1
7437.0,2021-11-26 07:05:00,395.39,395.74,395.279,395.64,24962.0,2s,2s,0.0,sell,False,0.4228855721393033,4.163492493946733,28.239017640954685,0.011578080659927173,0.27874979667691957,-0.1288687051791016,0.01050619315935819,2.6595783519394095e-05,58.38875963434445,72.23882578221468,62.64704191118959,91.42239352426483,24962.0,1.829999999999984,1.0,6.03000000000003,9.0,0.015104453684685208,1.829999999999984,16.0,0.00464573125840924,1.0,2.5,0.27874979667691957,0.01050619315935819,-0.1288687051791016,58.38875963434445,72.23882578221468,62.64704191118959,91.42239352426483,36.20661019764161,20.096329513370424,22.5613847414187,0.06322871089304231,0.11662648407833776,0.10000000000002274,0.11099999999999,0.25,1.0,7438.0,7438.0,2021-11-26,2021-11-26 07:05:00,1.1550904863006757,51.0,1.0,best_within_2.0d,7488.0,391.07,0.5832424107187206,4.3760036431226785,32.22527881040892,0.012230020343504162,2.285057100371749,15.890706319702602,0.006381710269403211,0.4228855721393033,6.03000000000003,9.0,0.015104453684685208,1.829999999999984,16.0,0.00464573125840924,1.0,0.00402220134195386,1.9444468750000041,16.553125,0.005470102952261012,0.0,1
7438.0,2021-11-26 07:10:00,395.63,396.23,395.5,395.93,120366.0,2s,2s,0.0,sell,False,0.5041459369817588,4.163492493946733,28.239017640954685,0.011578080659927173,0.33499372888961726,-0.08699448906789944,0.08050237537690919,0.0002037525266816333,61.544998801727864,76.0871451160709,67.12707631281668,94.00728272257933,120366.0,2.319999999999993,1.0,6.03000000000003,9.0,0.015104453684685208,2.319999999999993,17.0,0.005889670229240164,1.0,2.5,0.33499372888961726,0.08050237537690919,-0.08699448906789944,61.544998801727864,76.0871451160709,67.12707631281668,94.00728272257933,37.919299951385725,19.607843137255333,23.22349911099538,0.07582842554912705,0.1845764854614458,0.30000000000001137,0.12999999999999545,0.30000000000001137,1.0,7439.0,7439.0,2021-11-26,2021-11-26 07:10:00,1.2274897077766305,50.0,1.0,best_within_2.0d,7488.0,391.07,0.5832424107187206,4.3760036431226785,32.22527881040892,0.012230020343504162,2.285057100371749,15.890706319702602,0.006381710269403211,0.5041459369817588,6.03000000000003,9.0,0.015104453684685208,2.319999999999993,17.0,0.005889670229240164,1.0,0.00402220134195386,1.9444468750000041,16.553125,0.005470102952261012,1.0,1
7448.0,2021-11-26 08:00:00,394.9,397.0,393.34,394.59,189061.0,1,1,1.0,buy,False,0.12659819094798708,2.890000000000043,11.0,0.007293743532796717,-0.1522308365900534,0.05579709719624219,-0.02031832109878451,-5.141680938104047e-05,40.39021801072559,26.201371817111408,34.078715278106,10.446684895122218,189061.0,2.890000000000043,1.0,2.890000000000043,11.0,0.007293743532796717,2.890000000000043,11.0,0.007293743532796717,1.0,1.0,-0.1522308365900534,-0.02031832109878451,0.05579709719624219,40.39021801072559,26.201371817111408,34.078715278106,10.446684895122218,37.41533168476509,13.546930437587804,22.05998799622177,-0.07850088630032978,0.9304927035135062,2.1000000000000227,1.25,0.3100000000000023,0.0,7449.0,7449.0,2021-11-26,2021-11-26 08:00:00,1.1252185813122477,77.0,1.0,best_within_2.0d,7525.0,399.03,0.5832424107187206,4.3760036431226785,32.22527881040892,0.012230020343504162,2.285057100371749,15.890706319702602,0.006381710269403211,0.4929364202292669,5.6011759621451125,36.843533123028394,0.015614239272951093,2.82998018927445,22.52492113564669,0.007835530045022196,1.8630914826498424,0.00402220134195386,1.9444468750000041,16.553125,0.005470102952261012,1.0,0
7461.0,2021-11-26 09:05:00,395.11,395.6,395.09,395.6,76370.0,2s,2s,0.0,sell,False,0.39966832504146155,4.163492493946733,28.239017640954685,0.011578080659927173,0.0614605808522658,-0.056838948553289914,-0.026108658127157014,-6.608674283181703e-05,58.59337290054111,58.632531797599654,42.36534255306712,91.16691028666472,76370.0,2.2600000000000477,1.0,6.03000000000003,9.0,0.015104453684685208,2.2600000000000477,14.0,0.005745665327706432,2.0,2.5,0.0614605808522658,-0.026108658127157014,-0.056838948553289914,58.59337290054111,58.632531797599654,42.36534255306712,91.16691028666472,39.95327102803769,9.813084112150436,32.94262845360048,0.1240160967831766,0.12908451238959423,0.0,0.020000000000038654,0.4900000000000091,1.0,7462.0,7462.0,2021-11-26,2021-11-26 09:05:00,1.1450960566228587,27.0,1.0,best_within_2.0d,7488.0,391.07,0.5832424107187206,4.3760036431226785,32.22527881040892,0.012230020343504162,2.285057100371749,15.890706319702602,0.006381710269403211,0.39966832504146155,6.03000000000003,9.0,0.015104453684685208,2.2600000000000477,14.0,0.005745665327706432,2.0,0.00402220134195386,1.9444468750000041,16.553125,0.005470102952261012,0.0,1
7462.0,2021-11-26 09:10:00,395.63,395.94,395.63,395.86,88624.0,2s,2s,0.0,sell,False,0.45605306799336426,4.163492493946733,28.239017640954685,0.011578080659927173,0.15687395928748318,-0.03722970364235452,0.04120727600138707,0.0001042891417135647,61.81578488519478,70.55688600026495,51.762523702133066,108.14561059652871,88624.0,2.6000000000000227,1.0,6.03000000000003,9.0,0.015104453684685208,2.6000000000000227,15.0,0.006610057456653336,2.0,2.5,0.15687395928748318,0.04120727600138707,-0.03722970364235452,61.81578488519478,70.55688600026495,51.762523702133066,108.14561059652871,35.687022900764084,16.030534351146528,33.30439642647168,0.05813512625433314,0.07835603973409556,0.07999999999998408,0.0,0.2300000000000182,1.0,7463.0,7463.0,2021-11-26,2021-11-26 09:10:00,1.2100237457687113,26.0,1.0,best_within_2.0d,7488.0,391.07,0.5832424107187206,4.3760036431226785,32.22527881040892,0.012230020343504162,2.285057100371749,15.890706319702602,0.006381710269403211,0.45605306799336426,6.03000000000003,9.0,0.015104453684685208,2.6000000000000227,15.0,0.006610057456653336,2.0,0.00402220134195386,1.9444468750000041,16.553125,0.005470102952261012,0.0,1
7463.0,2021-11-26 09:15:00,395.9,396.2,395.8,395.81,104320.0,2s,2s,0.0,sell,False,0.4991708126036445,4.163492493946733,28.239017640954685,0.011578080659927173,0.20275069007982643,-0.011885867382376214,0.08948947765753701,0.0002264547399113285,60.83528378141443,72.67894964120254,58.73466568182289,100.56751755996183,104320.0,2.8600000000000136,1.0,6.03000000000003,9.0,0.015104453684685208,2.8600000000000136,16.0,0.00727106320231864,2.0,2.5,0.20275069007982643,0.08948947765753701,-0.011885867382376214,60.83528378141443,72.67894964120254,58.73466568182289,100.56751755996183,41.8467583497056,16.502946954814814,34.027964069890864,-0.02273301338721268,0.10106114199089876,0.30000000000001137,0.009999999999990905,0.08999999999997499,0.0,7464.0,7464.0,2021-11-26,2021-11-26 09:15:00,1.197544276294184,25.0,1.0,best_within_2.0d,7488.0,391.07,0.5832424107187206,4.3760036431226785,32.22527881040892,0.012230020343504162,2.285057100371749,15.890706319702602,0.006381710269403211,0.4991708126036445,6.03000000000003,9.0,0.015104453684685208,2.8600000000000136,16.0,0.00727106320231864,2.0,0.00402220134195386,1.9444468750000041,16.553125,0.005470102952261012,0.0,1
7464.0,2021-11-26 09:20:00,395.86,398.76,395.77,395.88,42044.0,2s,2s,0.0,sell,False,0.9237147595356494,4.163492493946733,28.239017640954685,0.011578080659927173,0.23002800525964795,0.01686763327507978,0.13188163590490376,0.0003336848283663536,61.7500133254849,59.19773113335074,58.88902083233217,59.815151735387886,42044.0,5.420000000000016,1.0,6.03000000000003,9.0,0.015104453684685208,5.420000000000016,17.0,0.013779427467331103,2.0,2.5,0.23002800525964795,0.13188163590490376,0.01686763327507978,61.7500133254849,59.19773113335074,58.88902083233217,59.815151735387886,59.76562499999948,10.937500000000982,36.53030759923155,0.005052291214060984,0.7554892993405284,2.8799999999999955,0.09000000000003183,0.01999999999998181,1.0,7465.0,7465.0,2021-11-26,2021-11-26 09:20:00,1.215014650904315,24.0,1.0,best_within_2.0d,7488.0,391.07,0.5832424107187206,4.3760036431226785,32.22527881040892,0.012230020343504162,2.285057100371749,15.890706319702602,0.006381710269403211,0.9237147595356494,6.03000000000003,9.0,0.015104453684685208,5.420000000000016,17.0,0.013779427467331103,2.0,0.00402220134195386,1.9444468750000041,16.553125,0.005470102952261012,1.0,1
7468.0,2021-11-26 09:40:00,396.43,396.72,394.975,395.04,1464102.0,2,2,1.0,buy,False,0.698339483394826,4.163492493946733,28.239017640954685,0.011578080659927173,0.16189204513468586,0.17048472474356272,0.25143074731090564,0.0006357650983537604,45.88107497510329,37.566123528715245,49.314776495530964,14.0688175950838,1464102.0,3.784999999999968,1.0,5.420000000000016,17.0,0.013779427467331103,3.784999999999968,5.0,0.009491924967398858,2.0,2.0,0.16189204513468586,0.25143074731090564,0.17048472474356272,45.88107497510329,37.566123528715245,49.314776495530964,14.0688175950838,47.6769431176725,13.504125054277038,44.10731674385313,-0.3506293671013764,0.4418001139312626,0.29000000000002046,0.06499999999999773,1.3899999999999864,0.0,7469.0,7469.0,2021-11-26,2021-11-26 09:40:00,1.0100243013365615,57.0,1.0,best_within_2.0d,7525.0,399.03,0.698339483394826,5.420000000000016,17.0,0.013779427467331103,3.784999999999968,5.0,0.009491924967398858,0.4929364202292669,5.6011759621451125,36.843533123028394,0.015614239272951093,2.82998018927445,22.52492113564669,0.007835530045022196,1.8630914826498424,0.00402220134195386,1.9444468750000041,16.553125,0.005470102952261012,0.0,0
7469.0,2021-11-26 09:45:00,395.03,395.15,394.28,394.4199,1186993.0,2,2,1.0,buy,False,0.8265682656826577,4.163492493946733,28.239017640954685,0.011578080659927173,-0.06735522356992141,0.16206532179732253,0.12838771001236182,0.0003247041072037653,40.991972566869585,26.085004971524526,41.57151932086215,-4.888023727150724,1186993.0,4.480000000000018,1.0,5.420000000000016,17.0,0.013779427467331103,4.480000000000018,6.0,0.011234827966696805,2.0,2.0,-0.06735522356992141,0.12838771001236182,0.16206532179732253,40.991972566869585,26.085004971524526,41.57151932086215,-4.888023727150724,44.206185567010216,18.556701030928217,43.87588554035464,-0.15444396628103907,0.22065537181698405,0.12000000000000455,0.13990000000001146,0.6100999999999885,0.0,7470.0,7470.0,2021-11-26,2021-11-26 09:45:00,1.1688304773668845,56.0,1.0,best_within_2.0d,7525.0,399.03,0.8265682656826577,5.420000000000016,17.0,0.013779427467331103,4.480000000000018,6.0,0.011234827966696805,0.4929364202292669,5.6011759621451125,36.843533123028394,0.015614239272951093,2.82998018927445,22.52492113564669,0.007835530045022196,1.8630914826498424,0.00402220134195386,1.9444468750000041,16.553125,0.005470102952261012,0.0,0
7470.0,2021-11-26 09:50:00,394.44,395.58,394.15,395.18,1090691.0,2,2,1.0,buy,False,0.8505535055350554,4.163492493946733,28.239017640954685,0.011578080659927173,-0.11345152288855803,0.14788388143625278,0.09115811999197376,0.0002305565768493537,48.26879575334503,24.837581043923265,35.993539895215854,2.5256633413380882,1090691.0,4.610000000000014,1.0,5.420000000000016,17.0,0.013779427467331103,4.610000000000014,7.0,0.011560838599658977,2.0,2.0,-0.11345152288855803,0.09115811999197376,0.14788388143625278,48.26879575334503,24.837581043923265,35.993539895215854,2.5256633413380882,43.71460928652317,15.251038127595539,44.189854206257564,0.18760774769293406,0.36280603831028974,0.39999999999997726,0.29000000000002046,0.7400000000000091,1.0,7471.0,7471.0,2021-11-26,2021-11-26 09:50:00,0.9742395870236261,55.0,1.0,best_within_2.0d,7525.0,399.03,0.8505535055350554,5.420000000000016,17.0,0.013779427467331103,4.610000000000014,7.0,0.011560838599658977,0.4929364202292669,5.6011759621451125,36.843533123028394,0.015614239272951093,2.82998018927445,22.52492113564669,0.007835530045022196,1.8630914826498424,0.00402220134195386,1.9444468750000041,16.553125,0.005470102952261012,0.0,0
7472.0,2021-11-26 10:00:00,395.64,395.85,394.07,394.12,1053965.0,2,2,1.0,buy,False,0.8653136531365284,4.163492493946733,28.239017640954685,0.011578080659927173,-0.2512276071669415,0.10659238951331795,-0.019021414070152787,-4.811800243292308e-05,41.2266208030605,18.624948925295296,28.29530611684572,-0.7157654578055528,1053965.0,4.689999999999998,1.0,5.420000000000016,17.0,0.013779427467331103,4.689999999999998,9.0,0.011761460527635666,2.0,2.0,-0.2512276071669415,-0.019021414070152787,0.10659238951331795,41.2266208030605,18.624948925295296,28.29530611684572,-0.7157654578055528,39.92359121298978,16.10951926138193,44.648643578292514,-0.3841876453341375,0.45169639911691567,0.21000000000003638,0.05000000000001137,1.5199999999999818,0.0,7473.0,7473.0,2021-11-26,2021-11-26 10:00:00,1.2458134578300943,53.0,1.0,best_within_2.0d,7525.0,399.03,0.8653136531365284,5.420000000000016,17.0,0.013779427467331103,4.689999999999998,9.0,0.011761460527635666,0.4929364202292669,5.6011759621451125,36.843533123028394,0.015614239272951093,2.82998018927445,22.52492113564669,0.007835530045022196,1.8630914826498424,0.00402220134195386,1.9444468750000041,16.553125,0.005470102952261012,0.0,0
7474.0,2021-11-26 10:10:00,394.36,394.4099,393.6,393.8,934588.0,2,2,1.0,buy,False,0.9520295202951943,4.163492493946733,28.239017640954685,0.011578080659927173,-0.41469363060484443,0.015100723150076979,-0.19224609215234523,-0.00048653763961794335,39.8121764206951,11.827631465802208,19.896763458912968,-4.310632520419311,934588.0,5.159999999999968,1.0,5.420000000000016,17.0,0.013779427467331103,5.159999999999968,11.0,0.012940114354498867,2.0,2.0,-0.41469363060484443,-0.19224609215234523,0.015100723150076979,39.8121764206951,11.827631465802208,19.896763458912968,-4.310632520419311,35.2487957653814,18.04119107586257,43.64493684492461,-0.14200223146363786,0.20576727642275675,0.04989999999997963,0.19999999999998863,0.5600000000000023,0.0,7475.0,7475.0,2021-11-26,2021-11-26 10:10:00,1.3280853224987204,51.0,1.0,best_within_2.0d,7525.0,399.03,0.9520295202951943,5.420000000000016,17.0,0.013779427467331103,5.159999999999968,11.0,0.012940114354498867,0.4929364202292669,5.6011759621451125,36.843533123028394,0.015614239272951093,2.82998018927445,22.52492113564669,0.007835530045022196,1.8630914826498424,0.00402220134195386,1.9444468750000041,16.553125,0.005470102952261012,0.0,0
7475.0,2021-11-26 10:15:00,393.78,393.91,392.87,393.49,1173478.0,1,1,1.0,buy,False,0.41071979149280174,5.889999999999986,12.0,0.014770789447286554,-0.49387923314583293,-0.04663418099315214,-0.2935737975660686,-0.00074320707660335,38.01484388655853,12.31049806499592,17.368008327607285,2.1954775397731936,1173478.0,5.889999999999986,1.0,5.889999999999986,12.0,0.014770789447286554,5.889999999999986,12.0,0.014770789447286554,1.0,1.0,-0.49387923314583293,-0.2935737975660686,-0.04663418099315214,38.01484388655853,12.31049806499592,17.368008327607285,2.1954775397731936,31.342172249190693,21.702866971815535,41.82543607075344,-0.07364518258925382,0.26471860920915835,0.1300000000000523,0.6200000000000045,0.2899999999999636,0.0,7476.0,7476.0,2021-11-26,2021-11-26 10:15:00,1.4079137970469298,50.0,1.0,best_within_2.0d,7525.0,399.03,0.5832424107187206,4.3760036431226785,32.22527881040892,0.012230020343504162,2.285057100371749,15.890706319702602,0.006381710269403211,0.4929364202292669,5.6011759621451125,36.843533123028394,0.015614239272951093,2.82998018927445,22.52492113564669,0.007835530045022196,1.8630914826498424,0.00402220134195386,1.9444468750000041,16.553125,0.005470102952261012,1.0,0
7483.0,2021-11-26 10:55:00,393.08,393.2,392.51,393.0288,528457.0,1,1,1.0,buy,False,0.41277395400084965,6.25,20.0,0.015673588123181863,-0.30601261178455963,-0.38487374460636314,-0.537880050498643,-0.0013640066965039887,37.480357706619515,22.703181051702508,23.850100300663705,20.40934255378012,528457.0,6.25,1.0,6.25,20.0,0.015673588123181863,6.25,20.0,0.015673588123181863,1.0,1.0,-0.30601261178455963,-0.537880050498643,-0.38487374460636314,37.480357706619515,22.703181051702508,23.850100300663705,20.40934255378012,13.176389962234463,23.25717035330532,34.97334423905043,-0.01302533835351439,0.17579169957453256,0.12000000000000455,0.5187999999999988,0.05119999999999436,0.0,7484.0,7484.0,2021-11-26,2021-11-26 10:55:00,1.5269110049950496,42.0,1.0,best_within_2.0d,7525.0,399.03,0.5832424107187206,4.3760036431226785,32.22527881040892,0.012230020343504162,2.285057100371749,15.890706319702602,0.006381710269403211,0.4929364202292669,5.6011759621451125,36.843533123028394,0.015614239272951093,2.82998018927445,22.52492113564669,0.007835530045022196,1.8630914826498424,0.00402220134195386,1.9444468750000041,16.553125,0.005470102952261012,0.0,0
7484.0,2021-11-26 11:00:00,393.02,393.02,392.08,392.32,529069.0,1,1,1.0,buy,False,0.41277395400084965,6.680000000000007,21.0,0.016751930986056793,-0.37001229077221165,-0.4311252809528896,-0.6161314263389954,-0.001563036457233586,33.07861048849543,18.30088750101375,22.000362700780386,10.901937101480485,529069.0,6.680000000000007,1.0,6.680000000000007,21.0,0.016751930986056793,6.680000000000007,21.0,0.016751930986056793,1.0,1.0,-0.37001229077221165,-0.6161314263389954,-0.4311252809528896,33.07861048849543,18.30088750101375,22.000362700780386,10.901937101480485,10.406497922176015,27.35171892708782,35.68083638243926,-0.1781079843264945,0.23974699041011982,0.0,0.2400000000000091,0.6999999999999886,0.0,7485.0,7485.0,2021-11-26,2021-11-26 11:00:00,1.7103384991843342,41.0,1.0,best_within_2.0d,7525.0,399.03,0.5832424107187206,4.3760036431226785,32.22527881040892,0.012230020343504162,2.285057100371749,15.890706319702602,0.006381710269403211,0.4929364202292669,5.6011759621451125,36.843533123028394,0.015614239272951093,2.82998018927445,22.52492113564669,0.007835530045022196,1.8630914826498424,0.00402220134195386,1.9444468750000041,16.553125,0.005470102952261012,0.0,0
7486.0,2021-11-26 11:10:00,392.82,392.94,391.62,391.7,641669.0,1,1,1.0,buy,False,0.41277395400084965,7.139999999999986,23.0,0.017905507071922927,-0.404017122124289,-0.521349221606612,-0.7233577826687565,-0.0018363472106855997,32.243244294780425,15.621048682982417,19.894415483629096,7.074315081689058,641669.0,7.139999999999986,1.0,7.139999999999986,23.0,0.017905507071922927,7.139999999999986,23.0,0.017905507071922927,1.0,1.0,-0.404017122124289,-0.7233577826687565,-0.521349221606612,32.243244294780425,15.621048682982417,19.894415483629096,7.074315081689058,7.370807560560695,29.325513196481495,39.036734726666374,-0.2851178656891209,0.3370614371073983,0.12000000000000455,0.07999999999998408,1.1200000000000045,0.0,7487.0,7487.0,2021-11-26,2021-11-26 11:10:00,1.8713300995659905,39.0,1.0,best_within_2.0d,7525.0,399.03,0.5832424107187206,4.3760036431226785,32.22527881040892,0.012230020343504162,2.285057100371749,15.890706319702602,0.006381710269403211,0.4929364202292669,5.6011759621451125,36.843533123028394,0.015614239272951093,2.82998018927445,22.52492113564669,0.007835530045022196,1.8630914826498424,0.00402220134195386,1.9444468750000041,16.553125,0.005470102952261012,0.0,0
7487.0,2021-11-26 11:15:00,391.68,391.95,391.01,391.16,637725.0,1,1,1.0,buy,False,0.41277395400084965,7.75,24.0,0.019435249272745512,-0.49631013670759927,-0.5833879886950619,-0.8315430570488616,-0.0021120837172758397,29.705615509561483,11.803963792713851,17.197598253324013,1.0166948714935273,637725.0,7.75,1.0,7.75,24.0,0.019435249272745512,7.75,24.0,0.019435249272745512,1.0,1.0,-0.49631013670759927,-0.8315430570488616,-0.5833879886950619,29.705615509561483,11.803963792713851,17.197598253324013,1.0166948714935273,7.352688119176768,34.25190720847017,40.86657098345502,-0.13276143790849207,0.24040305874530005,0.2699999999999818,0.1500000000000341,0.5199999999999818,0.0,7488.0,7488.0,2021-11-26,2021-11-26 11:15:00,2.011964413539203,38.0,1.0,best_within_2.0d,7525.0,399.03,0.5832424107187206,4.3760036431226785,32.22527881040892,0.012230020343504162,2.285057100371749,15.890706319702602,0.006381710269403211,0.4929364202292669,5.6011759621451125,36.843533123028394,0.015614239272951093,2.82998018927445,22.52492113564669,0.007835530045022196,1.8630914826498424,0.00402220134195386,1.9444468750000041,16.553125,0.005470102952261012,0.0,0
7488.0,2021-11-26 11:20:00,391.17,391.34,390.76,391.07,834177.0,1,1,1.0,buy,False,0.4399187018591755,8.0,25.0,0.020062192797672785,-0.5289901183749692,-0.649511753491933,-0.9140068126794176,-0.0023226906861090225,29.291835619830465,10.953886309570429,15.116360938739485,2.6289370512323167,834177.0,8.0,1.0,8.0,25.0,0.020062192797672785,8.0,25.0,0.020062192797672785,1.0,1.0,-0.5289901183749692,-0.9140068126794176,-0.649511753491933,29.291835619830465,10.953886309570429,15.116360938739485,2.6289370512323167,7.493861597821695,32.65462927391544,42.42390689983285,-0.025564332643102164,0.14842870304022523,0.16999999999995907,0.3100000000000023,0.10000000000002274,0.0,7489.0,7489.0,2021-11-26,2021-11-26 11:20:00,2.0354412253560694,37.0,1.0,best_within_2.0d,7525.0,399.03,0.5832424107187206,4.3760036431226785,32.22527881040892,0.012230020343504162,2.285057100371749,15.890706319702602,0.006381710269403211,0.4929364202292669,5.6011759621451125,36.843533123028394,0.015614239272951093,2.82998018927445,22.52492113564669,0.007835530045022196,1.8630914826498424,0.00402220134195386,1.9444468750000041,16.553125,0.005470102952261012,1.0,0
7498.0,2021-11-26 12:10:00,392.38,392.68,391.64,391.9322,564577.0,3a,3a,0.0,sell,False,0.001980147749485854,4.163492493946733,28.239017640954685,0.011578080659927173,0.19654905464978367,-0.6740193044379647,-0.5757447771130728,-0.001466020231969673,42.59542905583777,57.95371746696722,56.11691446556122,61.62732346977921,564577.0,1.920000000000016,2.0,1.920000000000016,11.0,0.004913501893745563,1.920000000000016,11.0,0.004913501893745563,3.0,3.0,0.19654905464978367,-0.5757447771130728,-0.6740193044379647,42.59542905583777,57.95371746696722,56.11691446556122,61.62732346977921,15.258417523795927,23.249356011473857,37.52299485428774,-0.11412406340791388,0.2655499948932746,0.30000000000001137,0.29220000000003665,0.44779999999997244,0.0,7499.0,7499.0,2021-11-26,2021-11-26 12:10:00,2.0540172048918044,173.78554736652885,0.0,,14281.267661333814,366.3529484630595,0.5832424107187206,4.3760036431226785,32.22527881040892,0.012230020343504162,2.285057100371749,15.890706319702602,0.006381710269403211,0.4929364202292669,5.6011759621451125,36.843533123028394,0.015614239272951093,2.82998018927445,22.52492113564669,0.007835530045022196,1.8630914826498424,0.001980147749485854,1.920000000000016,11.0,0.004913501893745563,0.0,1
7501.0,2021-11-26 12:25:00,392.21,393.0587,392.17,393.01,885152.0,3a,3a,0.0,sell,False,0.001980147749485854,4.163492493946733,28.239017640954685,0.011578080659927173,0.35946175502955025,-0.575635324848012,-0.39590444733323693,-0.0010082623424725976,52.847494800895326,69.68703076715283,59.97457825621508,89.11193578902834,885152.0,2.2986999999999966,2.0,2.2986999999999966,14.0,0.005882638959975424,2.2986999999999966,14.0,0.005882638959975424,3.0,3.0,0.35946175502955025,-0.39590444733323693,-0.575635324848012,52.847494800895326,69.68703076715283,59.97457825621508,89.11193578902834,23.792355434149762,13.911261976018533,33.78072442369586,0.20397236174498645,0.22661090853455684,0.048699999999996635,0.03999999999996362,0.8000000000000114,1.0,7502.0,7502.0,2021-11-26,2021-11-26 12:25:00,2.0540172048918044,173.78554736652885,0.0,,14281.267661333814,366.3529484630595,0.5832424107187206,4.3760036431226785,32.22527881040892,0.012230020343504162,2.285057100371749,15.890706319702602,0.006381710269403211,0.4929364202292669,5.6011759621451125,36.843533123028394,0.015614239272951093,2.82998018927445,22.52492113564669,0.007835530045022196,1.8630914826498424,0.001980147749485854,2.2986999999999966,14.0,0.005882638959975424,0.0,1
7502.0,2021-11-26 12:30:00,392.99,393.3199,392.77,393.11,702622.0,3a,3a,0.0,sell,False,0.001980147749485854,4.163492493946733,28.239017640954685,0.011578080659927173,0.4424389637885786,-0.5203304543744397,-0.2991109724801504,-0.0007616907087884225,53.68274159182013,76.16595011055087,65.37170220766035,97.75444591633192,702622.0,2.5599000000000274,2.0,2.5599000000000274,15.0,0.006551079946770466,2.5599000000000274,15.0,0.006551079946770466,3.0,3.0,0.4424389637885786,-0.2991109724801504,-0.5203304543744397,53.68274159182013,76.16595011055087,65.37170220766035,97.75444591633192,26.49562318052288,11.435133419963742,34.203902567038,0.030535128120309563,0.14000560124246672,0.20990000000000464,0.22000000000002728,0.12000000000000455,1.0,7503.0,7503.0,2021-11-26,2021-11-26 12:30:00,2.0540172048918044,173.78554736652885,0.0,,14281.267661333814,366.3529484630595,0.5832424107187206,4.3760036431226785,32.22527881040892,0.012230020343504162,2.285057100371749,15.890706319702602,0.006381710269403211,0.4929364202292669,5.6011759621451125,36.843533123028394,0.015614239272951093,2.82998018927445,22.52492113564669,0.007835530045022196,1.8630914826498424,0.001980147749485854,2.5599000000000274,15.0,0.006551079946770466,0.0,1
7503.0,2021-11-26 12:35:00,393.11,393.41,393.01,393.07,586376.0,3a,3a,0.0,sell,False,0.001980147749485854,4.163492493946733,28.239017640954685,0.011578080659927173,0.47563618288055787,-0.46087593151436995,-0.22305784007409102,-0.0005679798929324392,53.27621581504898,78.50007235092788,69.74782558874952,96.00456587528458,586376.0,2.650000000000034,2.0,2.650000000000034,16.0,0.006781656259596771,2.650000000000034,16.0,0.006781656259596771,3.0,3.0,0.47563618288055787,-0.22305784007409102,-0.46087593151436995,53.27621581504898,78.50007235092788,69.74782558874952,96.00456587528458,22.936146491791018,11.939796165214101,34.01290248255224,-0.010175269008679622,0.10177858069770085,0.30000000000001137,0.060000000000002274,0.040000000000020464,0.0,7504.0,7504.0,2021-11-26,2021-11-26 12:35:00,2.0540172048918044,173.78554736652885,0.0,,14281.267661333814,366.3529484630595,0.5832424107187206,4.3760036431226785,32.22527881040892,0.012230020343504162,2.285057100371749,15.890706319702602,0.006381710269403211,0.4929364202292669,5.6011759621451125,36.843533123028394,0.015614239272951093,2.82998018927445,22.52492113564669,0.007835530045022196,1.8630914826498424,0.001980147749485854,2.650000000000034,16.0,0.006781656259596771,1.0,1
7525.0,2021-11-26 14:25:00,399.0005,399.24,398.85,399.03,60156.0,1p,1p,0.0,sell,False,0.2675637256182407,2.240000000000009,9.0,0.005642317380352668,-0.050334434847387394,0.07732594347873416,0.05215872605504046,0.0001309459802770252,56.47936122065389,63.504819428265364,61.339301903335446,67.8358544781252,60156.0,2.240000000000009,0.0,2.240000000000009,9.0,0.005642317380352668,2.240000000000009,0.0,0.0,1.0,1.0,-0.050334434847387394,0.05215872605504046,0.07732594347873416,56.47936122065389,63.504819428265364,61.339301903335446,67.8358544781252,10.941960038059385,30.73263558515682,35.65732152775524,0.007393474444263739,0.09778112072207255,0.21000000000003638,0.15049999999996544,0.02949999999998454,1.0,7526.0,7526.0,2021-11-26,2021-11-26 14:25:00,2.0540172048918044,173.78554736652885,0.0,,14281.267661333814,366.3529484630595,0.5832424107187206,4.3760036431226785,32.22527881040892,0.012230020343504162,2.285057100371749,15.890706319702602,0.006381710269403211,0.4929364202292669,5.6011759621451125,36.843533123028394,0.015614239272951093,2.82998018927445,22.52492113564669,0.007835530045022196,1.8630914826498424,0.00402220134195386,1.9444468750000041,16.553125,0.005470102952261012,0.0,1
7556.0,2021-11-29 04:00:00,392.83,395.0,392.83,394.81,14510.0,2s,2s,0.0,sell,False,0.3001658374792692,4.163492493946733,28.239017640954685,0.011578080659927173,0.5985725101005543,-0.006321833442087465,0.2929644216081897,0.0007489340147599819,84.92116312624188,76.79068000531699,73.77662908391818,82.81878184811461,14510.0,4.240000000000009,1.0,6.03000000000003,9.0,0.015104453684685208,4.240000000000009,69.0,0.010850650015354717,3.0,2.5,0.5985725101005543,0.2929644216081897,-0.006321833442087465,84.92116312624188,76.79068000531699,73.77662908391818,82.81878184811461,80.29688500632133,7.225077587480672,32.439628847997156,0.5040348242242237,0.5524018023063453,0.18999999999999773,0.0,1.9800000000000182,1.0,7557.0,7557.0,2021-11-29,2021-11-29 04:00:00,0.9472911020490893,342.0,1.0,best_within_2.0d,7898.0,391.07,0.5832424107187206,4.3760036431226785,32.22527881040892,0.012230020343504162,2.285057100371749,15.890706319702602,0.006381710269403211,0.3001658374792692,6.03000000000003,9.0,0.015104453684685208,4.240000000000009,69.0,0.010850650015354717,3.0,0.00402220134195386,1.9444468750000041,16.553125,0.005470102952261012,0.0,1
7557.0,2021-11-29 04:05:00,394.78,395.23,394.78,395.23,10601.0,2s,2s,0.0,sell,False,0.3383084577114445,4.163492493946733,28.239017640954685,0.011578080659927173,0.9242779501765666,0.10921291032998334,0.5713518854182666,0.001459482876507786,86.04626221739954,84.52712000354465,77.360126057127,98.86110789637993,10601.0,4.470000000000027,1.0,6.03000000000003,9.0,0.015104453684685208,4.470000000000027,70.0,0.011439246596376362,3.0,2.5,0.9242779501765666,0.5713518854182666,0.10921291032998334,86.04626221739954,84.52712000354465,77.360126057127,98.86110789637993,77.56836600894079,6.951136668825499,36.09046977808016,0.1139875373625932,0.1139875373625932,0.0,0.0,0.4500000000000455,1.0,7558.0,7558.0,2021-11-29,2021-11-29 04:05:00,1.0525516787693305,341.0,1.0,best_within_2.0d,7898.0,391.07,0.5832424107187206,4.3760036431226785,32.22527881040892,0.012230020343504162,2.285057100371749,15.890706319702602,0.006381710269403211,0.3383084577114445,6.03000000000003,9.0,0.015104453684685208,4.470000000000027,70.0,0.011439246596376362,3.0,0.00402220134195386,1.9444468750000041,16.553125,0.005470102952261012,0.0,1
7558.0,2021-11-29 04:10:00,395.23,395.53,395.17,395.39,6083.0,2s,2s,0.0,sell,False,0.3880597014925313,4.163492493946733,28.239017640954685,0.011578080659927173,1.0984019385165822,0.24651315264455614,0.7957141219028472,0.002031097870174986,86.46071405267222,88.71049475532074,81.14358228985824,103.84431968624574,6083.0,4.769999999999982,1.0,6.03000000000003,9.0,0.015104453684685208,4.769999999999982,71.0,0.012206981267273985,3.0,2.5,1.0984019385165822,0.7957141219028472,0.24651315264455614,86.46071405267222,88.71049475532074,81.14358228985824,103.84431968624574,78.94059000893883,6.666767678298016,39.54292041972173,0.04048275687573518,0.09110003289722317,0.13999999999998636,0.060000000000002274,0.15999999999996817,1.0,7559.0,7559.0,2021-11-29,2021-11-29 04:10:00,1.0925921242317695,340.0,1.0,best_within_2.0d,7898.0,391.07,0.5832424107187206,4.3760036431226785,32.22527881040892,0.012230020343504162,2.285057100371749,15.890706319702602,0.006381710269403211,0.3880597014925313,6.03000000000003,9.0,0.015104453684685208,4.769999999999982,71.0,0.012206981267273985,3.0,0.00402220134195386,1.9444468750000041,16.553125,0.005470102952261012,1.0,1
7563.0,2021-11-29 04:35:00,394.63,394.64,394.45,394.59,1927.0,2,2,1.0,buy,False,0.22641509433962018,4.163492493946733,28.239017640954685,0.011578080659927173,0.5866757547110122,0.8018638326516824,1.0952017100071885,0.0027885058821338635,70.92621896783125,84.74663834643151,86.37501770109975,81.48987963709504,1927.0,1.079999999999984,1.0,4.769999999999982,71.0,0.012206981267273985,1.079999999999984,6.0,0.0027305134882309413,2.0,2.0,0.5866757547110122,1.0952017100071885,0.8018638326516824,70.92621896783125,84.74663834643151,86.37501770109975,81.48987963709504,61.7056196643723,13.867860914261332,48.918423198514446,-0.010136076831467567,0.04816833565724369,0.009999999999990905,0.13999999999998636,0.040000000000020464,0.0,7564.0,7564.0,2021-11-29,2021-11-29 04:35:00,1.6092653133632437,257.0,1.0,best_within_2.0d,7820.0,400.94,0.22641509433962018,4.769999999999982,71.0,0.012206981267273985,1.079999999999984,6.0,0.0027305134882309413,0.4929364202292669,5.6011759621451125,36.843533123028394,0.015614239272951093,2.82998018927445,22.52492113564669,0.007835530045022196,1.8630914826498424,0.00402220134195386,1.9444468750000041,16.553125,0.005470102952261012,0.0,0
7567.0,2021-11-29 04:55:00,394.39,394.42,394.23,394.23,2400.0,2,2,1.0,buy,False,0.27253668763101874,4.163492493946733,28.239017640954685,0.011578080659927173,0.016899196478873835,0.9095986637483552,0.9180482619877921,0.0023348899058514678,64.95548431657772,24.558640953662376,48.73991982979138,-23.803916798595637,2400.0,1.2999999999999545,1.0,4.769999999999982,71.0,0.012206981267273985,1.2999999999999545,10.0,0.0032867291987964367,2.0,2.0,0.016899196478873835,0.9180482619877921,0.9095986637483552,64.95548431657772,24.558640953662376,48.73991982979138,-23.803916798595637,54.28970963231091,12.573590758998323,52.6899947187179,-0.04056897994370247,0.048195215990664765,0.03000000000002956,0.0,0.15999999999996817,0.0,7568.0,7568.0,2021-11-29,2021-11-29 04:55:00,1.702052101565071,253.0,1.0,best_within_2.0d,7820.0,400.94,0.27253668763101874,4.769999999999982,71.0,0.012206981267273985,1.2999999999999545,10.0,0.0032867291987964367,0.4929364202292669,5.6011759621451125,36.843533123028394,0.015614239272951093,2.82998018927445,22.52492113564669,0.007835530045022196,1.8630914826498424,0.00402220134195386,1.9444468750000041,16.553125,0.005470102952261012,1.0,0
7573.0,2021-11-29 05:25:00,394.98,395.2,394.93,395.15,16294.0,2s,2s,0.0,sell,False,0.3333333333333302,4.163492493946733,28.239017640954685,0.011578080659927173,-0.10050840029190344,0.8289036636634762,0.7786494635175245,0.0019774044112814823,73.25520652830949,75.28664581633801,56.927358931476746,112.00521958606052,16294.0,0.9699999999999704,1.0,6.03000000000003,9.0,0.015104453684685208,0.9699999999999704,7.0,0.0024604926058391556,4.0,2.5,-0.10050840029190344,0.7786494635175245,0.8289036636634762,73.25520652830949,75.28664581633801,56.927358931476746,112.00521958606052,21.55844155844018,17.662337662338256,43.497597000487566,0.04304015393183429,0.06836654597016732,0.05000000000001137,0.05000000000001137,0.16999999999995907,1.0,7574.0,7574.0,2021-11-29,2021-11-29 05:25:00,1.0325192964696912,325.0,1.0,best_within_2.0d,7898.0,391.07,0.5832424107187206,4.3760036431226785,32.22527881040892,0.012230020343504162,2.285057100371749,15.890706319702602,0.006381710269403211,0.3333333333333302,6.03000000000003,9.0,0.015104453684685208,0.9699999999999704,7.0,0.0024604926058391556,4.0,0.00402220134195386,1.9444468750000041,16.553125,0.005470102952261012,1.0,1
7578.0,2021-11-29 05:50:00,395.1,395.25,395.1,395.25,14016.0,2s,2s,0.0,sell,False,0.3416252072968478,4.163492493946733,28.239017640954685,0.011578080659927173,-0.14846464591179798,0.7415874140694056,0.6673550911135067,0.0016929664891290866,72.26691898631395,87.45008489862914,79.16576463313454,104.01872542961834,14016.0,1.0199999999999818,1.0,6.03000000000003,9.0,0.015104453684685208,1.0199999999999818,12.0,0.0025873221216040935,4.0,2.5,-0.14846464591179798,0.6673550911135067,0.7415874140694056,72.26691898631395,87.45008489862914,79.16576463313454,104.01872542961834,29.87804878048566,7.0121951219519545,42.690483127862365,0.037965072133631296,0.037965072133631296,0.0,0.0,0.14999999999997726,1.0,7579.0,7579.0,2021-11-29,2021-11-29 05:50:00,1.0575585072738791,320.0,1.0,best_within_2.0d,7898.0,391.07,0.5832424107187206,4.3760036431226785,32.22527881040892,0.012230020343504162,2.285057100371749,15.890706319702602,0.006381710269403211,0.3416252072968478,6.03000000000003,9.0,0.015104453684685208,1.0199999999999818,12.0,0.0025873221216040935,4.0,0.00402220134195386,1.9444468750000041,16.553125,0.005470102952261012,0.0,1
7579.0,2021-11-29 05:55:00,395.28,395.35,395.23,395.35,2223.0,2s,2s,0.0,sell,False,0.35820895522388296,4.163492493946733,28.239017640954685,0.011578080659927173,-0.13533587944478742,0.7246704291388072,0.6570024894164135,0.0016663413257159293,73.34264224931184,91.63338993241942,83.32163973289616,108.25689033146597,2223.0,1.1200000000000045,1.0,6.03000000000003,9.0,0.015104453684685208,1.1200000000000045,13.0,0.002840981153133969,4.0,2.5,-0.13533587944478742,0.6570024894164135,0.7246704291388072,73.34264224931184,91.63338993241942,83.32163973289616,108.25689033146597,33.8557993730391,6.269592476488787,44.55187719015789,0.017708965796410146,0.03036206765680858,0.0,0.049999999999954525,0.07000000000005002,1.0,7580.0,7580.0,2021-11-29,2021-11-29 05:55:00,1.0825850512204451,319.0,1.0,best_within_2.0d,7898.0,391.07,0.5832424107187206,4.3760036431226785,32.22527881040892,0.012230020343504162,2.285057100371749,15.890706319702602,0.006381710269403211,0.35820895522388296,6.03000000000003,9.0,0.015104453684685208,1.1200000000000045,13.0,0.002840981153133969,4.0,0.00402220134195386,1.9444468750000041,16.553125,0.005470102952261012,0.0,1
7580.0,2021-11-29 06:00:00,395.2,395.51,395.2,395.51,20677.0,2s,2s,0.0,sell,False,0.384742951907128,4.163492493946733,28.239017640954685,0.011578080659927173,-0.11280420406580349,0.7105699036305817,0.65416780159768,0.001658767974090127,75.01268178974777,94.42225995494627,87.02184647357953,109.22308691767972,20677.0,1.2799999999999727,1.0,6.03000000000003,9.0,0.015104453684685208,1.2799999999999727,14.0,0.003246835603581596,4.0,2.5,-0.11280420406580349,0.65416780159768,0.7105699036305817,75.01268178974777,94.42225995494627,87.02184647357953,109.22308691767972,41.75084175083945,6.734006734006546,46.528330406733865,0.07844129554655928,0.07844129554655928,0.0,0.0,0.3100000000000023,1.0,7581.0,7581.0,2021-11-29,2021-11-29 06:00:00,1.1226011984526303,318.0,1.0,best_within_2.0d,7898.0,391.07,0.5832424107187206,4.3760036431226785,32.22527881040892,0.012230020343504162,2.285057100371749,15.890706319702602,0.006381710269403211,0.384742951907128,6.03000000000003,9.0,0.015104453684685208,1.2799999999999727,14.0,0.003246835603581596,4.0,0.00402220134195386,1.9444468750000041,16.553125,0.005470102952261012,0.0,1
7581.0,2021-11-29 06:05:00,395.53,395.53,395.23,395.28,2105.0,1p,"1p,2s",0.0,sell,False,0.01538525593205981,1.2999999999999545,15.0,0.0032975674098875136,-0.13508078937911172,0.6936848049581927,0.6261444102686369,0.0015874378624749935,68.3808056936621,85.17039552551972,86.40469615755958,82.70179426144,2105.0,1.2999999999999545,0.0,1.2999999999999545,15.0,0.0032975674098875136,1.2999999999999545,0.0,0.0,1.0,1.0,-0.13508078937911172,0.6261444102686369,0.6936848049581927,68.3808056936621,85.17039552551972,86.40469615755958,82.70179426144,40.90909090908865,4.870129870131183,48.827978538775234,-0.06320633074608753,0.07590516914200707,0.0,0.049999999999954525,0.25,0.0,7582.0,7582.0,2021-11-29,2021-11-29 06:05:00,1.0650678000404725,317.0,1.0,best_within_2.0d,7898.0,391.07,0.5832424107187206,4.3760036431226785,32.22527881040892,0.012230020343504162,2.285057100371749,15.890706319702602,0.006381710269403211,0.3880597014925313,6.03000000000003,9.0,0.015104453684685208,1.2999999999999545,15.0,0.0032975674098875136,4.0,0.00402220134195386,1.9444468750000041,16.553125,0.005470102952261012,0.0,1
7581.0,2021-11-29 06:05:00,395.53,395.53,395.23,395.28,2105.0,2s,"1p,2s",0.0,sell,False,0.01538525593205981,1.2999999999999545,15.0,0.0032975674098875136,-0.13508078937911172,0.6936848049581927,0.6261444102686369,0.0015874378624749935,68.3808056936621,85.17039552551972,86.40469615755958,82.70179426144,2105.0,1.2999999999999545,0.0,1.2999999999999545,15.0,0.0032975674098875136,1.2999999999999545,0.0,0.0,1.0,1.0,-0.13508078937911172,0.6261444102686369,0.6936848049581927,68.3808056936621,85.17039552551972,86.40469615755958,82.70179426144,40.90909090908865,4.870129870131183,48.827978538775234,-0.06320633074608753,0.07590516914200707,0.0,0.049999999999954525,0.25,0.0,7582.0,7582.0,2021-11-29,2021-11-29 06:05:00,1.0650678000404725,317.0,1.0,best_within_2.0d,7898.0,391.07,0.5832424107187206,4.3760036431226785,32.22527881040892,0.012230020343504162,2.285057100371749,15.890706319702602,0.006381710269403211,0.3880597014925313,6.03000000000003,9.0,0.015104453684685208,1.2999999999999545,15.0,0.0032975674098875136,4.0,0.00402220134195386,1.9444468750000041,16.553125,0.005470102952261012,0.0,1
7585.0,2021-11-29 06:25:00,395.41,395.53,395.41,395.42,3000.0,1p,"1p,2s",0.0,sell,False,0.01538525593205981,1.2999999999999545,19.0,0.0032975674098875136,-0.17483562510618356,0.6092894432549016,0.5218716307018099,0.0013222854384746425,69.96950630134477,75.52002668817218,77.37387474292157,71.8123305786734,3000.0,1.2999999999999545,0.0,1.2999999999999545,19.0,0.0032975674098875136,1.2999999999999545,0.0,0.0,1.0,1.0,-0.17483562510618356,0.5218716307018099,0.6092894432549016,69.96950630134477,75.52002668817218,77.37387474292157,71.8123305786734,37.82894736841843,8.22368421052859,53.58523503707078,0.002529020510354039,0.03034824612426284,0.1099999999999568,0.0,0.009999999999990905,1.0,7586.0,7586.0,2021-11-29,2021-11-29 06:25:00,1.1000961003490017,313.0,1.0,best_within_2.0d,7898.0,391.07,0.5832424107187206,4.3760036431226785,32.22527881040892,0.012230020343504162,2.285057100371749,15.890706319702602,0.006381710269403211,0.3880597014925313,6.03000000000003,9.0,0.015104453684685208,1.2999999999999545,19.0,0.0032975674098875136,4.0,0.00402220134195386,1.9444468750000041,16.553125,0.005470102952261012,1.0,1
7585.0,2021-11-29 06:25:00,395.41,395.53,395.41,395.42,3000.0,2s,"1p,2s",0.0,sell,False,0.01538525593205981,1.2999999999999545,19.0,0.0032975674098875136,-0.17483562510618356,0.6092894432549016,0.5218716307018099,0.0013222854384746425,69.96950630134477,75.52002668817218,77.37387474292157,71.8123305786734,3000.0,1.2999999999999545,0.0,1.2999999999999545,19.0,0.0032975674098875136,1.2999999999999545,0.0,0.0,1.0,1.0,-0.17483562510618356,0.5218716307018099,0.6092894432549016,69.96950630134477,75.52002668817218,77.37387474292157,71.8123305786734,37.82894736841843,8.22368421052859,53.58523503707078,0.002529020510354039,0.03034824612426284,0.1099999999999568,0.0,0.009999999999990905,1.0,7586.0,7586.0,2021-11-29,2021-11-29 06:25:00,1.1000961003490017,313.0,1.0,best_within_2.0d,7898.0,391.07,0.5832424107187206,4.3760036431226785,32.22527881040892,0.012230020343504162,2.285057100371749,15.890706319702602,0.006381710269403211,0.3880597014925313,6.03000000000003,9.0,0.015104453684685208,1.2999999999999545,19.0,0.0032975674098875136,4.0,0.00402220134195386,1.9444468750000041,16.553125,0.005470102952261012,1.0,1
7589.0,2021-11-29 06:45:00,393.2001,393.49,392.92,393.21,639087.0,1p,1p,1.0,buy,False,726586.7340454569,3.009999999999991,14.0,0.0076023539514560425,-0.14531734680909136,-0.573039552818828,-0.6456982262233737,-0.0016361147725540105,32.23923812888832,13.621725307262242,16.561659179322543,7.741857563141643,639087.0,3.009999999999991,0.0,3.009999999999991,14.0,0.0076023539514560425,3.009999999999991,0.0,0.0,1.0,1.0,-0.14531734680909136,-0.6456982262233737,-0.573039552818828,32.23923812888832,13.621725307262242,16.561659179322543,7.741857563141643,4.084574723691768,25.84430562229715,25.449741153039287,0.0025178020046177922,0.14506769825918586,0.28000000000002956,0.28010000000000446,0.009899999999959164,1.0,7590.0,7590.0,2021-11-29,2021-11-29 06:45:00,1.9658706543577271,231.0,1.0,best_within_2.0d,7820.0,400.94,0.5832424107187206,4.3760036431226785,32.22527881040892,0.012230020343504162,2.285057100371749,15.890706319702602,0.006381710269403211,0.4929364202292669,5.6011759621451125,36.843533123028394,0.015614239272951093,2.82998018927445,22.52492113564669,0.007835530045022196,1.8630914826498424,0.00402220134195386,1.9444468750000041,16.553125,0.005470102952261012,0.0,0
7590.0,2021-11-29 06:50:00,395.0,395.0,394.91,394.91,2200.0,2s,2s,1.0,buy,False,0.12997903563940252,4.163492493946733,28.239017640954685,0.011578080659927173,-0.27030017025985165,0.4678393156043123,0.3326892304743865,0.0008426305208777178,53.35337457326113,18.755436570285887,37.62105268617078,-18.975795661483893,2200.0,0.6199999999999477,1.0,4.769999999999982,71.0,0.012206981267273985,0.6199999999999477,6.0,0.0015675170025028387,1.0,2.5,-0.27030017025985165,0.3326892304743865,0.4678393156043123,53.35337457326113,18.755436570285887,37.62105268617078,-18.975795661483893,22.307692307690775,23.07692307692526,42.66929376857198,-0.022784810126575947,0.02279000278543845,0.0,0.0,0.08999999999997499,0.0,7591.0,7591.0,2021-11-29,2021-11-29 06:50:00,1.5269301866247935,230.0,1.0,best_within_2.0d,7820.0,400.94,0.5832424107187206,4.3760036431226785,32.22527881040892,0.012230020343504162,2.285057100371749,15.890706319702602,0.006381710269403211,0.12997903563940252,4.769999999999982,71.0,0.012206981267273985,0.6199999999999477,6.0,0.0015675170025028387,1.0,0.00402220134195386,1.9444468750000041,16.553125,0.005470102952261012,0.0,0
7591.0,2021-11-29 06:55:00,394.88,395.08,394.87,395.01,4900.0,2s,2s,1.0,buy,False,0.1383647798742077,4.163492493946733,28.239017640954685,0.011578080659927173,-0.2741621122830399,0.4335690515689324,0.29648799542741244,0.0007509140923953556,55.81053942984002,19.57433145089731,31.605478941079618,-4.487963529467301,4900.0,0.6599999999999682,1.0,4.769999999999982,71.0,0.012206981267273985,0.6599999999999682,7.0,0.0016686471316966305,1.0,2.5,-0.2741621122830399,0.29648799542741244,0.4335690515689324,55.81053942984002,19.57433145089731,31.605478941079618,-4.487963529467301,26.190476190474634,23.809523809526496,39.961623125238,0.03292139384116578,0.05318205991844899,0.06999999999999318,0.009999999999990905,0.12999999999999545,1.0,7592.0,7592.0,2021-11-29,2021-11-29 06:55:00,1.5012278170172926,229.0,1.0,best_within_2.0d,7820.0,400.94,0.5832424107187206,4.3760036431226785,32.22527881040892,0.012230020343504162,2.285057100371749,15.890706319702602,0.006381710269403211,0.1383647798742077,4.769999999999982,71.0,0.012206981267273985,0.6599999999999682,7.0,0.0016686471316966305,1.0,0.00402220134195386,1.9444468750000041,16.553125,0.005470102952261012,0.0,0
7592.0,2021-11-29 07:00:00,394.84,394.93,394.64,394.68,15092.0,2s,2s,1.0,buy,False,0.1865828092243165,4.163492493946733,28.239017640954685,0.011578080659927173,-0.3122358624514757,0.3945395687624979,0.23842163753676004,0.0006038673192223059,47.01010845908583,14.547681641422965,25.919546507860733,-8.196048091452575,15092.0,0.8899999999999864,1.0,4.769999999999982,71.0,0.012206981267273985,0.8899999999999864,8.0,0.002250145374560682,1.0,2.5,-0.3122358624514757,0.23842163753676004,0.3945395687624979,47.01010845908583,14.547681641422965,25.919546507860733,-8.196048091452575,21.532846715326748,30.291970802922986,38.31446493420053,-0.04052274338971942,0.07348469491182355,0.09000000000003183,0.040000000000020464,0.15999999999996817,0.0,7593.0,7593.0,2021-11-29,2021-11-29 07:00:00,1.5860950643559315,228.0,1.0,best_within_2.0d,7820.0,400.94,0.5832424107187206,4.3760036431226785,32.22527881040892,0.012230020343504162,2.285057100371749,15.890706319702602,0.006381710269403211,0.1865828092243165,4.769999999999982,71.0,0.012206981267273985,0.8899999999999864,8.0,0.002250145374560682,1.0,0.00402220134195386,1.9444468750000041,16.553125,0.005470102952261012,0.0,0
7593.0,2021-11-29 07:05:00,394.67,394.76,394.47,394.76,19259.0,2s,2s,1.0,buy,False,0.22222222222221164,4.163492493946733,28.239017640954685,0.011578080659927173,-0.31671488925499236,0.35495020760562385,0.19659276297812767,0.0004979304039407477,49.10528738650888,18.817951282960546,23.552348099560668,9.3491576497603,19259.0,1.0599999999999454,1.0,4.769999999999982,71.0,0.012206981267273985,1.0599999999999454,9.0,0.0026799484236339735,1.0,2.5,-0.31671488925499236,0.19659276297812767,0.35495020760562385,49.10528738650888,18.817951282960546,23.552348099560668,9.3491576497603,16.838487972506165,34.364261168387266,38.022588004577095,0.022803861453866515,0.07351636372853794,0.0,0.19999999999998863,0.08999999999997499,1.0,7594.0,7594.0,2021-11-29,2021-11-29 07:05:00,1.5655081568547995,227.0,1.0,best_within_2.0d,7820.0,400.94,0.5832424107187206,4.3760036431226785,32.22527881040892,0.012230020343504162,2.285057100371749,15.890706319702602,0.006381710269403211,0.22222222222221164,4.769999999999982,71.0,0.012206981267273985,1.0599999999999454,9.0,0.0026799484236339735,1.0,0.00402220134195386,1.9444468750000041,16.553125,0.005470102952261012,0.0,0
7597.0,2021-11-29 07:25:00,394.5,394.61,394.4,394.4,4870.0,2s,2s,1.0,buy,False,0.23689727463312363,4.163492493946733,28.239017640954685,0.011578080659927173,-0.3205047808198156,0.19204642142150785,0.031794031011600055,8.054393084717444e-05,40.895588957573516,9.644993489824463,14.953121302038472,-0.9712621346035561,4870.0,1.1299999999999955,1.0,4.769999999999982,71.0,0.012206981267273985,1.1299999999999955,13.0,0.002856926149723145,1.0,2.5,-0.3205047808198156,0.031794031011600055,0.19204642142150785,40.895588957573516,9.644993489824463,14.953121302038472,-0.9712621346035561,21.708185053378084,43.416370106764255,37.82824716671195,-0.02534854245881438,0.0532454361054859,0.11000000000001364,0.0,0.10000000000002274,0.0,7598.0,7598.0,2021-11-29,2021-11-29 07:25:00,1.6582150101419932,223.0,1.0,best_within_2.0d,7820.0,400.94,0.5832424107187206,4.3760036431226785,32.22527881040892,0.012230020343504162,2.285057100371749,15.890706319702602,0.006381710269403211,0.23689727463312363,4.769999999999982,71.0,0.012206981267273985,1.1299999999999955,13.0,0.002856926149723145,1.0,0.00402220134195386,1.9444468750000041,16.553125,0.005470102952261012,0.0,0
7598.0,2021-11-29 07:30:00,394.36,394.7,394.35,394.7,8397.0,2s,2s,1.0,buy,False,0.2473794549266152,4.163492493946733,28.239017640954685,0.011578080659927173,-0.2695252230738774,0.15835576853727318,0.023593157000334486,5.9769093110372355e-05,49.40945261182624,22.411730819699613,17.439324474592183,32.356543509914474,8397.0,1.17999999999995,1.0,4.769999999999982,71.0,0.012206981267273985,1.17999999999995,14.0,0.002983338811215205,1.0,2.5,-0.2695252230738774,0.023593157000334486,0.15835576853727318,49.40945261182624,22.411730819699613,17.439324474592183,32.356543509914474,23.411371237455274,39.13043478261134,36.92149307191689,0.08621564053148772,0.08875364523899223,0.0,0.009999999999990905,0.339999999999975,1.0,7599.0,7599.0,2021-11-29,2021-11-29 07:30:00,1.5809475551051455,222.0,1.0,best_within_2.0d,7820.0,400.94,0.5832424107187206,4.3760036431226785,32.22527881040892,0.012230020343504162,2.285057100371749,15.890706319702602,0.006381710269403211,0.2473794549266152,4.769999999999982,71.0,0.012206981267273985,1.17999999999995,14.0,0.002983338811215205,1.0,0.00402220134195386,1.9444468750000041,16.553125,0.005470102952261012,1.0,0
7616.0,2021-11-29 09:00:00,395.84,396.25,395.83,396.23,117554.0,1,"1,2s",0.0,sell,False,0.23661500565254595,1.8999999999999773,19.0,0.00481805502725999,0.25989838089086853,0.15626473744002137,0.28621392788545563,0.0007243024167874137,72.84114049225082,85.42614507844922,71.41305564499501,113.45232394535765,117554.0,1.8999999999999773,1.0,1.8999999999999773,19.0,0.00481805502725999,1.8999999999999773,19.0,0.00481805502725999,1.0,1.0,0.25989838089086853,0.28621392788545563,0.15626473744002137,72.84114049225082,85.42614507844922,71.41305564499501,113.45232394535765,46.06396524604821,2.0597708036853555,57.3118815328682,0.09852465642685004,0.10610615668342872,0.01999999999998181,0.009999999999990905,0.3900000000000432,1.0,7617.0,7617.0,2021-11-29,2021-11-29 09:00:00,1.30227393180729,282.0,1.0,best_within_2.0d,7898.0,391.07,0.5832424107187206,4.3760036431226785,32.22527881040892,0.012230020343504162,2.285057100371749,15.890706319702602,0.006381710269403211,0.5074626865671621,6.03000000000003,9.0,0.015104453684685208,1.8999999999999773,19.0,0.00481805502725999,5.0,0.00402220134195386,1.9444468750000041,16.553125,0.005470102952261012,0.0,1
7616.0,2021-11-29 09:00:00,395.84,396.25,395.83,396.23,117554.0,2s,"1,2s",0.0,sell,False,0.23661500565254595,1.8999999999999773,19.0,0.00481805502725999,0.25989838089086853,0.15626473744002137,0.28621392788545563,0.0007243024167874137,72.84114049225082,85.42614507844922,71.41305564499501,113.45232394535765,117554.0,1.8999999999999773,1.0,1.8999999999999773,19.0,0.00481805502725999,1.8999999999999773,19.0,0.00481805502725999,1.0,1.0,0.25989838089086853,0.28621392788545563,0.15626473744002137,72.84114049225082,85.42614507844922,71.41305564499501,113.45232394535765,46.06396524604821,2.0597708036853555,57.3118815328682,0.09852465642685004,0.10610615668342872,0.01999999999998181,0.009999999999990905,0.3900000000000432,1.0,7617.0,7617.0,2021-11-29,2021-11-29 09:00:00,1.30227393180729,282.0,1.0,best_within_2.0d,7898.0,391.07,0.5832424107187206,4.3760036431226785,32.22527881040892,0.012230020343504162,2.285057100371749,15.890706319702602,0.006381710269403211,0.5074626865671621,6.03000000000003,9.0,0.015104453684685208,1.8999999999999773,19.0,0.00481805502725999,5.0,0.00402220134195386,1.9444468750000041,16.553125,0.005470102952261012,0.0,1
7617.0,2021-11-29 09:05:00,396.26,396.3,395.9,396.05,121843.0,1,"1,2s",0.0,sell,False,0.23661500565254595,1.9499999999999886,20.0,0.00494484594903002,0.25131085931191827,0.18767859485401114,0.3133340245099703,0.0007928008720618808,67.72175090284482,84.83747362528433,75.88786163842478,102.73669759900343,121843.0,1.9499999999999886,1.0,1.9499999999999886,20.0,0.00494484594903002,1.9499999999999886,20.0,0.00494484594903002,1.0,1.0,0.25131085931191827,0.3133340245099703,0.18767859485401114,67.72175090284482,84.83747362528433,75.88786163842478,102.73669759900343,43.84999266108837,2.0182004990461704,59.732461423377536,-0.052995507999792954,0.10103561505431526,0.040000000000020464,0.1500000000000341,0.20999999999997954,0.0,7618.0,7618.0,2021-11-29,2021-11-29 09:05:00,1.2574169928039436,281.0,1.0,best_within_2.0d,7898.0,391.07,0.5832424107187206,4.3760036431226785,32.22527881040892,0.012230020343504162,2.285057100371749,15.890706319702602,0.006381710269403211,0.5157545605306797,6.03000000000003,9.0,0.015104453684685208,1.9499999999999886,20.0,0.00494484594903002,5.0,0.00402220134195386,1.9444468750000041,16.553125,0.005470102952261012,1.0,1
7617.0,2021-11-29 09:05:00,396.26,396.3,395.9,396.05,121843.0,2s,"1,2s",0.0,sell,False,0.23661500565254595,1.9499999999999886,20.0,0.00494484594903002,0.25131085931191827,0.18767859485401114,0.3133340245099703,0.0007928008720618808,67.72175090284482,84.83747362528433,75.88786163842478,102.73669759900343,121843.0,1.9499999999999886,1.0,1.9499999999999886,20.0,0.00494484594903002,1.9499999999999886,20.0,0.00494484594903002,1.0,1.0,0.25131085931191827,0.3133340245099703,0.18767859485401114,67.72175090284482,84.83747362528433,75.88786163842478,102.73669759900343,43.84999266108837,2.0182004990461704,59.732461423377536,-0.052995507999792954,0.10103561505431526,0.040000000000020464,0.1500000000000341,0.20999999999997954,0.0,7618.0,7618.0,2021-11-29,2021-11-29 09:05:00,1.2574169928039436,281.0,1.0,best_within_2.0d,7898.0,391.07,0.5832424107187206,4.3760036431226785,32.22527881040892,0.012230020343504162,2.285057100371749,15.890706319702602,0.006381710269403211,0.5157545605306797,6.03000000000003,9.0,0.015104453684685208,1.9499999999999886,20.0,0.00494484594903002,5.0,0.00402220134195386,1.9444468750000041,16.553125,0.005470102952261012,0.0,1
7624.0,2021-11-29 09:40:00,396.42,396.75,396.2,396.3,1029204.0,1,1,0.0,sell,False,0.23661500565254595,2.3999999999999773,27.0,0.006085964244960003,0.09241163514311312,0.28742673165179616,0.3336325492233527,0.0008434584944825918,65.12072016378272,61.45052333021702,62.96608806314727,58.41939386435652,1029204.0,2.3999999999999773,1.0,2.3999999999999773,27.0,0.006085964244960003,2.3999999999999773,27.0,0.006085964244960003,1.0,1.0,0.09241163514311312,0.3336325492233527,0.28742673165179616,65.12072016378272,61.45052333021702,62.96608806314727,58.41939386435652,36.77430251662048,5.031707279622699,66.38919520598503,-0.030270924776753073,0.138818778394753,0.3299999999999841,0.10000000000002274,0.12000000000000455,0.0,7625.0,7625.0,2021-11-29,2021-11-29 09:40:00,1.3197072924552153,274.0,1.0,best_within_2.0d,7898.0,391.07,0.5832424107187206,4.3760036431226785,32.22527881040892,0.012230020343504162,2.285057100371749,15.890706319702602,0.006381710269403211,0.4929364202292669,5.6011759621451125,36.843533123028394,0.015614239272951093,2.82998018927445,22.52492113564669,0.007835530045022196,1.8630914826498424,0.00402220134195386,1.9444468750000041,16.553125,0.005470102952261012,0.0,1
7626.0,2021-11-29 09:50:00,395.95,397.0,395.75,396.8,865976.0,1,1,0.0,sell,False,0.23661500565253576,2.6499999999999773,29.0,0.006719918853810009,0.11282987955809731,0.306999245714647,0.36341418549369564,0.0009184703349292281,67.61036103349664,67.53298915199535,63.09055281517816,76.41786182562973,865976.0,2.6499999999999773,1.0,2.6499999999999773,29.0,0.006719918853810009,2.6499999999999773,29.0,0.006719918853810009,1.0,1.0,0.11282987955809731,0.36341418549369564,0.306999245714647,67.61036103349664,67.53298915199535,63.09055281517816,76.41786182562973,26.76750030993847,15.64010954951679,60.88418653229689,0.21467356989519454,0.3158559696778269,0.19999999999998863,0.19999999999998863,0.8500000000000227,1.0,7627.0,7627.0,2021-11-29,2021-11-29 09:50:00,1.4440524193548432,272.0,1.0,best_within_2.0d,7898.0,391.07,0.5832424107187206,4.3760036431226785,32.22527881040892,0.012230020343504162,2.285057100371749,15.890706319702602,0.006381710269403211,0.4929364202292669,5.6011759621451125,36.843533123028394,0.015614239272951093,2.82998018927445,22.52492113564669,0.007835530045022196,1.8630914826498424,0.00402220134195386,1.9444468750000041,16.553125,0.005470102952261012,0.0,1
7627.0,2021-11-29 09:55:00,396.82,397.52,396.6329,397.33,758292.0,2s,"1,2s",0.0,sell,False,0.23661500565254595,3.169999999999959,30.0,0.008038544440217977,0.21226195163340422,0.3335319896688225,0.43966296548552464,0.001110832216949044,72.14045206395737,75.69426167555994,67.29178910197209,92.49920682273566,758292.0,3.169999999999959,1.0,3.169999999999959,30.0,0.008038544440217977,3.169999999999959,30.0,0.008038544440217977,1.0,1.0,0.21226195163340422,0.43966296548552464,0.3335319896688225,72.14045206395737,75.69426167555994,67.29178910197209,92.49920682273566,26.41055120501448,15.051302631293343,58.49223507209085,0.1285217478957691,0.22365769455836249,0.18999999999999773,0.18709999999998672,0.5099999999999909,1.0,7628.0,7628.0,2021-11-29,2021-11-29 09:55:00,1.5755165731256113,271.0,1.0,best_within_2.0d,7898.0,391.07,0.5832424107187206,4.3760036431226785,32.22527881040892,0.012230020343504162,2.285057100371749,15.890706319702602,0.006381710269403211,0.7180762852404582,6.03000000000003,9.0,0.015104453684685208,3.169999999999959,30.0,0.008038544440217977,5.0,0.00402220134195386,1.9444468750000041,16.553125,0.005470102952261012,0.0,1
7627.0,2021-11-29 09:55:00,396.82,397.52,396.6329,397.33,758292.0,1,"1,2s",0.0,sell,False,0.23661500565254595,3.169999999999959,30.0,0.008038544440217977,0.21226195163340422,0.3335319896688225,0.43966296548552464,0.001110832216949044,72.14045206395737,75.69426167555994,67.29178910197209,92.49920682273566,758292.0,3.169999999999959,1.0,3.169999999999959,30.0,0.008038544440217977,3.169999999999959,30.0,0.008038544440217977,1.0,1.0,0.21226195163340422,0.43966296548552464,0.3335319896688225,72.14045206395737,75.69426167555994,67.29178910197209,92.49920682273566,26.41055120501448,15.051302631293343,58.49223507209085,0.1285217478957691,0.22365769455836249,0.18999999999999773,0.18709999999998672,0.5099999999999909,1.0,7628.0,7628.0,2021-11-29,2021-11-29 09:55:00,1.5755165731256113,271.0,1.0,best_within_2.0d,7898.0,391.07,0.5832424107187206,4.3760036431226785,32.22527881040892,0.012230020343504162,2.285057100371749,15.890706319702602,0.006381710269403211,0.7180762852404582,6.03000000000003,9.0,0.015104453684685208,3.169999999999959,30.0,0.008038544440217977,5.0,0.00402220134195386,1.9444468750000041,16.553125,0.005470102952261012,0.0,1
7628.0,2021-11-29 10:00:00,397.33,397.68,396.98,397.11,884976.0,1,"1,2s",0.0,sell,False,0.23661500565253576,3.329999999999984,31.0,0.008444275389882044,0.22929565879201974,0.362193947017825,0.47684177641383485,0.0012044702925002144,67.89549524296743,76.31585948974352,70.29981256456256,88.34795334010545,884976.0,3.329999999999984,1.0,3.329999999999984,31.0,0.008444275389882044,3.329999999999984,31.0,0.008444275389882044,1.0,1.0,0.22929565879201974,0.47684177641383485,0.362193947017825,67.89549524296743,76.31585948974352,70.29981256456256,88.34795334010545,25.49173716105771,14.35086558150102,56.31151887561555,-0.055369592026771317,0.1763313013250009,0.35000000000002274,0.12999999999999545,0.21999999999997044,0.0,7629.0,7629.0,2021-11-29,2021-11-29 10:00:00,1.520989146584075,270.0,1.0,best_within_2.0d,7898.0,391.07,0.5832424107187206,4.3760036431226785,32.22527881040892,0.012230020343504162,2.285057100371749,15.890706319702602,0.006381710269403211,0.7446102819237126,6.03000000000003,9.0,0.015104453684685208,3.329999999999984,31.0,0.008444275389882044,5.0,0.00402220134195386,1.9444468750000041,16.553125,0.005470102952261012,0.0,1
7628.0,2021-11-29 10:00:00,397.33,397.68,396.98,397.11,884976.0,2s,"1,2s",0.0,sell,False,0.23661500565253576,3.329999999999984,31.0,0.008444275389882044,0.22929565879201974,0.362193947017825,0.47684177641383485,0.0012044702925002144,67.89549524296743,76.31585948974352,70.29981256456256,88.34795334010545,884976.0,3.329999999999984,1.0,3.329999999999984,31.0,0.008444275389882044,3.329999999999984,31.0,0.008444275389882044,1.0,1.0,0.22929565879201974,0.47684177641383485,0.362193947017825,67.89549524296743,76.31585948974352,70.29981256456256,88.34795334010545,25.49173716105771,14.35086558150102,56.31151887561555,-0.055369592026771317,0.1763313013250009,0.35000000000002274,0.12999999999999545,0.21999999999997044,0.0,7629.0,7629.0,2021-11-29,2021-11-29 10:00:00,1.520989146584075,270.0,1.0,best_within_2.0d,7898.0,391.07,0.5832424107187206,4.3760036431226785,32.22527881040892,0.012230020343504162,2.285057100371749,15.890706319702602,0.006381710269403211,0.7446102819237126,6.03000000000003,9.0,0.015104453684685208,3.329999999999984,31.0,0.008444275389882044,5.0,0.00402220134195386,1.9444468750000041,16.553125,0.005470102952261012,0.0,1
7630.0,2021-11-29 10:10:00,397.09,397.72,396.98,397.23,681319.0,1,1,0.0,sell,False,0.23661500565253576,3.3700000000000045,33.0,0.008545708127298096,0.21436523748815106,0.4169628176682928,0.5241454364123683,0.001323341883666445,69.0350290897338,78.3231934463357,74.45896211091998,86.05165611716711,681319.0,3.3700000000000045,1.0,3.3700000000000045,33.0,0.008545708127298096,3.3700000000000045,33.0,0.008545708127298096,1.0,1.0,0.21436523748815106,0.5241454364123683,0.4169628176682928,69.0350290897338,78.3231934463357,74.45896211091998,86.05165611716711,22.82142120752017,17.504545539747717,50.4104556407849,0.03525649097183087,0.18640737568643484,0.4900000000000091,0.1099999999999568,0.1400000000000432,1.0,7631.0,7631.0,2021-11-29,2021-11-29 10:10:00,1.5507388666515682,268.0,1.0,best_within_2.0d,7898.0,391.07,0.5832424107187206,4.3760036431226785,32.22527881040892,0.012230020343504162,2.285057100371749,15.890706319702602,0.006381710269403211,0.4929364202292669,5.6011759621451125,36.843533123028394,0.015614239272951093,2.82998018927445,22.52492113564669,0.007835530045022196,1.8630914826498424,0.00402220134195386,1.9444468750000041,16.553125,0.005470102952261012,1.0,1
7631.0,2021-11-29 10:15:00,397.09,397.72,396.98,397.23,681319.0,2s,"1,2s",0.0,sell,False,0.23661500565253576,3.3700000000000045,33.0,0.008545708127298096,0.21436523748815106,0.4169628176682928,0.5241454364123683,0.001323341883666445,69.0350290897338,78.3231934463357,74.45896211091998,86.05165611716711,681319.0,3.3700000000000045,1.0,3.3700000000000045,33.0,0.008545708127298096,3.3700000000000045,33.0,0.008545708127298096,1.0,1.0,0.21436523748815106,0.5241454364123683,0.4169628176682928,69.0350290897338,78.3231934463357,74.45896211091998,86.05165611716711,22.82142120752017,17.504545539747717,50.4104556407849,0.03525649097183087,0.18640737568643484,0.4900000000000091,0.1099999999999568,0.1400000000000432,1.0,7632.0,7632.0,2021-11-29,2021-11-29 10:15:00,1.5507388666515682,267.0,1.0,best_within_2.0d,7898.0,391.07,0.5832424107187206,4.3760036431226785,32.22527881040892,0.012230020343504162,2.285057100371749,15.890706319702602,0.006381710269403211,0.7512437810945286,6.03000000000003,9.0,0.015104453684685208,3.3700000000000045,33.0,0.008545708127298096,5.0,0.00402220134195386,1.9444468750000041,16.553125,0.005470102952261012,0.0,1
7645.0,2021-11-29 11:25:00,397.35,397.809,397.039,397.14,446486.0,1,1,0.0,sell,False,0.23661500565253576,3.459000000000003,48.0,0.008771395968048695,0.017015402226200016,0.2891694114663926,0.2976771125794926,0.0007505603899740932,58.57071540062977,74.02495694950517,70.69873771371795,80.67739542107961,446486.0,3.459000000000003,1.0,3.459000000000003,48.0,0.008771395968048695,3.459000000000003,48.0,0.008771395968048695,1.0,1.0,0.017015402226200016,0.2976771125794926,0.2891694114663926,58.57071540062977,74.02495694950517,70.69873771371795,80.67739542107961,16.545497547482498,16.967104383682482,25.16121681415106,-0.05285013212533947,0.19393560834075207,0.4590000000000032,0.10099999999999909,0.21000000000003638,0.0,7646.0,7646.0,2021-11-29,2021-11-29 11:25:00,1.5284282620738263,253.0,1.0,best_within_2.0d,7898.0,391.07,0.5832424107187206,4.3760036431226785,32.22527881040892,0.012230020343504162,2.285057100371749,15.890706319702602,0.006381710269403211,0.4929364202292669,5.6011759621451125,36.843533123028394,0.015614239272951093,2.82998018927445,22.52492113564669,0.007835530045022196,1.8630914826498424,0.00402220134195386,1.9444468750000041,16.553125,0.005470102952261012,0.0,1
7646.0,2021-11-29 11:30:00,397.12,398.13,397.12,397.78,495443.0,1,"1,2s",0.0,sell,False,0.23661500565254595,3.7799999999999727,49.0,0.009585393685812026,0.09012085703097372,0.30043451859526427,0.3454949471107511,0.0008709369566083323,65.40588495344645,77.01987421229111,72.80578321324234,85.44805621038867,495443.0,3.7799999999999727,1.0,3.7799999999999727,49.0,0.009585393685812026,3.7799999999999727,49.0,0.009585393685812026,1.0,1.0,0.09012085703097372,0.3454949471107511,0.30043451859526427,65.40588495344645,77.01987421229111,72.80578321324234,85.44805621038867,19.31023442424476,13.60721182226583,24.601503324820644,0.1661966156325464,0.2543311845286037,0.35000000000002274,0.0,0.6599999999999682,1.0,7647.0,7647.0,2021-11-29,2021-11-29 11:30:00,1.6868620845693552,252.0,1.0,best_within_2.0d,7898.0,391.07,0.5832424107187206,4.3760036431226785,32.22527881040892,0.012230020343504162,2.285057100371749,15.890706319702602,0.006381710269403211,0.8192371475953522,6.03000000000003,9.0,0.015104453684685208,3.7799999999999727,49.0,0.009585393685812026,5.0,0.00402220134195386,1.9444468750000041,16.553125,0.005470102952261012,0.0,1
7646.0,2021-11-29 11:30:00,397.12,398.13,397.12,397.78,495443.0,2s,"1,2s",0.0,sell,False,0.23661500565254595,3.7799999999999727,49.0,0.009585393685812026,0.09012085703097372,0.30043451859526427,0.3454949471107511,0.0008709369566083323,65.40588495344645,77.01987421229111,72.80578321324234,85.44805621038867,495443.0,3.7799999999999727,1.0,3.7799999999999727,49.0,0.009585393685812026,3.7799999999999727,49.0,0.009585393685812026,1.0,1.0,0.09012085703097372,0.3454949471107511,0.30043451859526427,65.40588495344645,77.01987421229111,72.80578321324234,85.44805621038867,19.31023442424476,13.60721182226583,24.601503324820644,0.1661966156325464,0.2543311845286037,0.35000000000002274,0.0,0.6599999999999682,1.0,7647.0,7647.0,2021-11-29,2021-11-29 11:30:00,1.6868620845693552,252.0,1.0,best_within_2.0d,7898.0,391.07,0.5832424107187206,4.3760036431226785,32.22527881040892,0.012230020343504162,2.285057100371749,15.890706319702602,0.006381710269403211,0.8192371475953522,6.03000000000003,9.0,0.015104453684685208,3.7799999999999727,49.0,0.009585393685812026,5.0,0.00402220134195386,1.9444468750000041,16.553125,0.005470102952261012,0.0,1
7647.0,2021-11-29 11:35:00,397.785,398.37,397.68,398.22,451523.0,1,"1,2s",0.0,sell,False,0.23661500565254595,4.019999999999982,50.0,0.010193990110308056,0.18189919141464572,0.32317191752209495,0.4141215132294178,0.0010436359471005297,69.17162144804954,82.28757164392015,75.9663793568016,94.92995621815723,451523.0,4.019999999999982,1.0,4.019999999999982,50.0,0.010193990110308056,4.019999999999982,50.0,0.010193990110308056,1.0,1.0,0.18189919141464572,0.4141215132294178,0.32317191752209495,69.17162144804954,82.28757164392015,75.9663793568016,94.92995621815723,22.20016982618397,11.253542308203421,25.181518268635454,0.10935555639352973,0.17350633675316782,0.14999999999997726,0.10500000000001819,0.4350000000000023,1.0,7648.0,7648.0,2021-11-29,2021-11-29 11:35:00,1.795489930189351,251.0,1.0,best_within_2.0d,7898.0,391.07,0.5832424107187206,4.3760036431226785,32.22527881040892,0.012230020343504162,2.285057100371749,15.890706319702602,0.006381710269403211,0.859038142620229,6.03000000000003,9.0,0.015104453684685208,4.019999999999982,50.0,0.010193990110308056,5.0,0.00402220134195386,1.9444468750000041,16.553125,0.005470102952261012,0.0,1
7647.0,2021-11-29 11:35:00,397.785,398.37,397.68,398.22,451523.0,2s,"1,2s",0.0,sell,False,0.23661500565254595,4.019999999999982,50.0,0.010193990110308056,0.18189919141464572,0.32317191752209495,0.4141215132294178,0.0010436359471005297,69.17162144804954,82.28757164392015,75.9663793568016,94.92995621815723,451523.0,4.019999999999982,1.0,4.019999999999982,50.0,0.010193990110308056,4.019999999999982,50.0,0.010193990110308056,1.0,1.0,0.18189919141464572,0.4141215132294178,0.32317191752209495,69.17162144804954,82.28757164392015,75.9663793568016,94.92995621815723,22.20016982618397,11.253542308203421,25.181518268635454,0.10935555639352973,0.17350633675316782,0.14999999999997726,0.10500000000001819,0.4350000000000023,1.0,7648.0,7648.0,2021-11-29,2021-11-29 11:35:00,1.795489930189351,251.0,1.0,best_within_2.0d,7898.0,391.07,0.5832424107187206,4.3760036431226785,32.22527881040892,0.012230020343504162,2.285057100371749,15.890706319702602,0.006381710269403211,0.859038142620229,6.03000000000003,9.0,0.015104453684685208,4.019999999999982,50.0,0.010193990110308056,5.0,0.00402220134195386,1.9444468750000041,16.553125,0.005470102952261012,0.0,1
7648.0,2021-11-29 11:40:00,398.23,398.53,398.21,398.4302,437877.0,2s,"1,2s",0.0,sell,False,0.2366150056525449,4.17999999999995,51.0,0.010599721059971978,0.25082496967749124,0.3545250387317814,0.479937523570527,0.0012091336996300603,70.80654666269407,86.59993172835406,79.51089681398575,100.77800155709068,437877.0,4.17999999999995,1.0,4.17999999999995,51.0,0.010599721059971978,4.17999999999995,51.0,0.010599721059971978,1.0,1.0,0.25082496967749124,0.479937523570527,0.3545250387317814,70.80654666269407,86.59993172835406,79.51089681398575,100.77800155709068,25.534526405768588,4.493199925478274,28.388052156642328,0.05027245561610006,0.0803596092513983,0.09979999999995925,0.020000000000038654,0.20019999999999527,1.0,7649.0,7649.0,2021-11-29,2021-11-29 11:40:00,1.8472997277816843,250.0,1.0,best_within_2.0d,7898.0,391.07,0.5832424107187206,4.3760036431226785,32.22527881040892,0.012230020343504162,2.285057100371749,15.890706319702602,0.006381710269403211,0.8855721393034741,6.03000000000003,9.0,0.015104453684685208,4.17999999999995,51.0,0.010599721059971978,5.0,0.00402220134195386,1.9444468750000041,16.553125,0.005470102952261012,0.0,1
7648.0,2021-11-29 11:40:00,398.23,398.53,398.21,398.4302,437877.0,1,"1,2s",0.0,sell,False,0.2366150056525449,4.17999999999995,51.0,0.010599721059971978,0.25082496967749124,0.3545250387317814,0.479937523570527,0.0012091336996300603,70.80654666269407,86.59993172835406,79.51089681398575,100.77800155709068,437877.0,4.17999999999995,1.0,4.17999999999995,51.0,0.010599721059971978,4.17999999999995,51.0,0.010599721059971978,1.0,1.0,0.25082496967749124,0.479937523570527,0.3545250387317814,70.80654666269407,86.59993172835406,79.51089681398575,100.77800155709068,25.534526405768588,4.493199925478274,28.388052156642328,0.05027245561610006,0.0803596092513983,0.09979999999995925,0.020000000000038654,0.20019999999999527,1.0,7649.0,7649.0,2021-11-29,2021-11-29 11:40:00,1.8472997277816843,250.0,1.0,best_within_2.0d,7898.0,391.07,0.5832424107187206,4.3760036431226785,32.22527881040892,0.012230020343504162,2.285057100371749,15.890706319702602,0.006381710269403211,0.8855721393034741,6.03000000000003,9.0,0.015104453684685208,4.17999999999995,51.0,0.010599721059971978,5.0,0.00402220134195386,1.9444468750000041,16.553125,0.005470102952261012,0.0,1
7649.0,2021-11-29 11:45:00,398.44,398.6,398.21,398.34,396871.0,1,"1,2s",0.0,sell,False,0.23934833216975224,4.25,52.0,0.010777228350450108,0.2629006720359679,0.38738762273627736,0.5188379587542613,0.0013067931123426383,69.11274003031937,86.77619210933105,81.93266191243418,96.46325250312475,396871.0,4.25,1.0,4.25,52.0,0.010777228350450108,4.25,52.0,0.010777228350450108,1.0,1.0,0.2629006720359679,0.5188379587542613,0.38738762273627736,69.11274003031937,86.77619210933105,81.93266191243418,96.46325250312475,29.14425190348403,3.0358595732795433,32.155482393432045,-0.025097881738786954,0.09793827377515463,0.160000000000025,0.12999999999999545,0.10000000000002274,0.0,7650.0,7650.0,2021-11-29,2021-11-29 11:45:00,1.825074057337948,249.0,1.0,best_within_2.0d,7898.0,391.07,0.5832424107187206,4.3760036431226785,32.22527881040892,0.012230020343504162,2.285057100371749,15.890706319702602,0.006381710269403211,0.8971807628524044,6.03000000000003,9.0,0.015104453684685208,4.25,52.0,0.010777228350450108,5.0,0.00402220134195386,1.9444468750000041,16.553125,0.005470102952261012,0.0,1
7649.0,2021-11-29 11:45:00,398.44,398.6,398.21,398.34,396871.0,2s,"1,2s",0.0,sell,False,0.23934833216975224,4.25,52.0,0.010777228350450108,0.2629006720359679,0.38738762273627736,0.5188379587542613,0.0013067931123426383,69.11274003031937,86.77619210933105,81.93266191243418,96.46325250312475,396871.0,4.25,1.0,4.25,52.0,0.010777228350450108,4.25,52.0,0.010777228350450108,1.0,1.0,0.2629006720359679,0.5188379587542613,0.38738762273627736,69.11274003031937,86.77619210933105,81.93266191243418,96.46325250312475,29.14425190348403,3.0358595732795433,32.155482393432045,-0.025097881738786954,0.09793827377515463,0.160000000000025,0.12999999999999545,0.10000000000002274,0.0,7650.0,7650.0,2021-11-29,2021-11-29 11:45:00,1.825074057337948,249.0,1.0,best_within_2.0d,7898.0,391.07,0.5832424107187206,4.3760036431226785,32.22527881040892,0.012230020343504162,2.285057100371749,15.890706319702602,0.006381710269403211,0.8971807628524044,6.03000000000003,9.0,0.015104453684685208,4.25,52.0,0.010777228350450108,5.0,0.00402220134195386,1.9444468750000041,16.553125,0.005470102952261012,0.0,1
7650.0,2021-11-29 11:50:00,398.35,398.705,398.31,398.57,345875.0,1,"1,2s",0.0,sell,False,0.2539875779805664,4.354999999999961,53.0,0.011043489286167012,0.27898044801298705,0.4222601787379007,0.5617504027443943,0.001414470329182275,71.0166441196211,88.62002550878496,84.16178311121777,97.53651030391933,345875.0,4.354999999999961,1.0,4.354999999999961,53.0,0.011043489286167012,4.354999999999961,53.0,0.011043489286167012,1.0,1.0,0.27898044801298705,0.5617504027443943,0.4222601787379007,71.0166441196211,88.62002550878496,84.16178311121777,97.53651030391933,32.1983573053633,3.2134089127109142,35.70517505628127,0.055227814735777696,0.09916898897842931,0.1349999999999909,0.040000000000020464,0.21999999999997044,1.0,7651.0,7651.0,2021-11-29,2021-11-29 11:50:00,1.8817271746493713,248.0,1.0,best_within_2.0d,7898.0,391.07,0.5832424107187206,4.3760036431226785,32.22527881040892,0.012230020343504162,2.285057100371749,15.890706319702602,0.006381710269403211,0.914593698175781,6.03000000000003,9.0,0.015104453684685208,4.354999999999961,53.0,0.011043489286167012,5.0,0.00402220134195386,1.9444468750000041,16.553125,0.005470102952261012,0.0,1
7650.0,2021-11-29 11:50:00,398.35,398.705,398.31,398.57,345875.0,2s,"1,2s",0.0,sell,False,0.2539875779805664,4.354999999999961,53.0,0.011043489286167012,0.27898044801298705,0.4222601787379007,0.5617504027443943,0.001414470329182275,71.0166441196211,88.62002550878496,84.16178311121777,97.53651030391933,345875.0,4.354999999999961,1.0,4.354999999999961,53.0,0.011043489286167012,4.354999999999961,53.0,0.011043489286167012,1.0,1.0,0.27898044801298705,0.5617504027443943,0.4222601787379007,71.0166441196211,88.62002550878496,84.16178311121777,97.53651030391933,32.1983573053633,3.2134089127109142,35.70517505628127,0.055227814735777696,0.09916898897842931,0.1349999999999909,0.040000000000020464,0.21999999999997044,1.0,7651.0,7651.0,2021-11-29,2021-11-29 11:50:00,1.8817271746493713,248.0,1.0,best_within_2.0d,7898.0,391.07,0.5832424107187206,4.3760036431226785,32.22527881040892,0.012230020343504162,2.285057100371749,15.890706319702602,0.006381710269403211,0.914593698175781,6.03000000000003,9.0,0.015104453684685208,4.354999999999961,53.0,0.011043489286167012,5.0,0.00402220134195386,1.9444468750000041,16.553125,0.005470102952261012,0.0,1
7651.0,2021-11-29 11:55:00,398.56,398.76,398.53,398.66,263988.0,1,"1,2s",0.0,sell,False,0.2539875779805665,4.409999999999968,54.0,0.01118295930011403,0.2782221725929499,0.45703795031201955,0.5961490366084945,0.001500661107478815,71.75044240216663,90.54069116316062,86.28808579519871,99.04590189908444,263988.0,4.409999999999968,1.0,4.409999999999968,54.0,0.01118295930011403,4.409999999999968,54.0,0.01118295930011403,1.0,1.0,0.2782221725929499,0.5961490366084945,0.45703795031201955,71.75044240216663,90.54069116316062,86.28808579519871,99.04590189908444,28.610744015585137,3.4060409542363805,38.77790571335538,0.025090325170619914,0.05771209193787624,0.0999999999999659,0.03000000000002956,0.10000000000002274,1.0,7652.0,7652.0,2021-11-29,2021-11-29 11:55:00,1.9038779912707648,247.0,1.0,best_within_2.0d,7898.0,391.07,0.5832424107187206,4.3760036431226785,32.22527881040892,0.012230020343504162,2.285057100371749,15.890706319702602,0.006381710269403211,0.9237147595356494,6.03000000000003,9.0,0.015104453684685208,4.409999999999968,54.0,0.01118295930011403,5.0,0.00402220134195386,1.9444468750000041,16.553125,0.005470102952261012,0.0,1
7651.0,2021-11-29 11:55:00,398.56,398.76,398.53,398.66,263988.0,2s,"1,2s",0.0,sell,False,0.2539875779805665,4.409999999999968,54.0,0.01118295930011403,0.2782221725929499,0.45703795031201955,0.5961490366084945,0.001500661107478815,71.75044240216663,90.54069116316062,86.28808579519871,99.04590189908444,263988.0,4.409999999999968,1.0,4.409999999999968,54.0,0.01118295930011403,4.409999999999968,54.0,0.01118295930011403,1.0,1.0,0.2782221725929499,0.5961490366084945,0.45703795031201955,71.75044240216663,90.54069116316062,86.28808579519871,99.04590189908444,28.610744015585137,3.4060409542363805,38.77790571335538,0.025090325170619914,0.05771209193787624,0.0999999999999659,0.03000000000002956,0.10000000000002274,1.0,7652.0,7652.0,2021-11-29,2021-11-29 11:55:00,1.9038779912707648,247.0,1.0,best_within_2.0d,7898.0,391.07,0.5832424107187206,4.3760036431226785,32.22527881040892,0.012230020343504162,2.285057100371749,15.890706319702602,0.006381710269403211,0.9237147595356494,6.03000000000003,9.0,0.015104453684685208,4.409999999999968,54.0,0.01118295930011403,5.0,0.00402220134195386,1.9444468750000041,16.553125,0.005470102952261012,0.0,1
7652.0,2021-11-29 12:00:00,398.7,399.03,398.54,398.9641,386715.0,1,"1,2s",0.0,sell,False,0.2673360921489676,4.67999999999995,55.0,0.011867630277671992,0.293642481851875,0.4937432605435039,0.6405645014694414,0.001611953382438169,74.13344847397795,92.59049593365236,88.38888917468326,100.99370945159055,386715.0,4.67999999999995,1.0,4.67999999999995,55.0,0.011867630277671992,4.67999999999995,55.0,0.011867630277671992,1.0,1.0,0.293642481851875,0.6405645014694414,0.4937432605435039,74.13344847397795,92.59049593365236,88.38888917468326,100.99370945159055,32.73525877429159,0.0,43.15091244811571,0.06624028091296336,0.12294876298488287,0.06589999999999918,0.15999999999996817,0.2640999999999849,1.0,7653.0,7653.0,2021-11-29,2021-11-29 12:00:00,1.9786492067832622,246.0,1.0,best_within_2.0d,7898.0,391.07,0.5832424107187206,4.3760036431226785,32.22527881040892,0.012230020343504162,2.285057100371749,15.890706319702602,0.006381710269403211,0.9684908789386313,6.03000000000003,9.0,0.015104453684685208,4.67999999999995,55.0,0.011867630277671992,5.0,0.00402220134195386,1.9444468750000041,16.553125,0.005470102952261012,0.0,1
7652.0,2021-11-29 12:00:00,398.7,399.03,398.54,398.9641,386715.0,2s,"1,2s",0.0,sell,False,0.2673360921489676,4.67999999999995,55.0,0.011867630277671992,0.293642481851875,0.4937432605435039,0.6405645014694414,0.001611953382438169,74.13344847397795,92.59049593365236,88.38888917468326,100.99370945159055,386715.0,4.67999999999995,1.0,4.67999999999995,55.0,0.011867630277671992,4.67999999999995,55.0,0.011867630277671992,1.0,1.0,0.293642481851875,0.6405645014694414,0.4937432605435039,74.13344847397795,92.59049593365236,88.38888917468326,100.99370945159055,32.73525877429159,0.0,43.15091244811571,0.06624028091296336,0.12294876298488287,0.06589999999999918,0.15999999999996817,0.2640999999999849,1.0,7653.0,7653.0,2021-11-29,2021-11-29 12:00:00,1.9786492067832622,246.0,1.0,best_within_2.0d,7898.0,391.07,0.5832424107187206,4.3760036431226785,32.22527881040892,0.012230020343504162,2.285057100371749,15.890706319702602,0.006381710269403211,0.9684908789386313,6.03000000000003,9.0,0.015104453684685208,4.67999999999995,55.0,0.011867630277671992,5.0,0.00402220134195386,1.9444468750000041,16.553125,0.005470102952261012,0.0,1
7653.0,2021-11-29 12:05:00,398.95,399.32,398.95,399.08,436983.0,1,1,0.0,sell,False,0.26739266100152925,4.96999999999997,56.0,0.01260301762393805,0.2937046171891886,0.5304563376921525,0.6773086462867468,0.0017038797997663366,74.99905711875098,91.55309695299155,89.44362510078602,95.77204065740261,436983.0,4.96999999999997,1.0,4.96999999999997,56.0,0.01260301762393805,4.96999999999997,56.0,0.01260301762393805,1.0,1.0,0.2937046171891886,0.6773086462867468,0.5304563376921525,74.99905711875098,91.55309695299155,89.44362510078602,95.77204065740261,35.039588338142366,0.0,47.21156155896459,0.03258553703471499,0.09274345156034705,0.2400000000000091,0.0,0.12999999999999545,1.0,7654.0,7654.0,2021-11-29,2021-11-29 12:05:00,2.0071163676455823,245.0,1.0,best_within_2.0d,7898.0,391.07,0.5832424107187206,4.3760036431226785,32.22527881040892,0.012230020343504162,2.285057100371749,15.890706319702602,0.006381710269403211,0.4929364202292669,5.6011759621451125,36.843533123028394,0.015614239272951093,2.82998018927445,22.52492113564669,0.007835530045022196,1.8630914826498424,0.00402220134195386,1.9444468750000041,16.553125,0.005470102952261012,0.0,1
7655.0,2021-11-29 12:15:00,399.05,399.4,398.93,399.34,344968.0,1,1,0.0,sell,False,0.2673926610015294,5.0499999999999545,58.0,0.012805883098770012,0.25961259780383217,0.5960136477773642,0.7258199466792803,0.0018248104506034578,76.56104092314104,92.35575744304919,90.59971301716251,95.86784629482253,344968.0,5.0499999999999545,1.0,5.0499999999999545,58.0,0.012805883098770012,5.0499999999999545,58.0,0.012805883098770012,1.0,1.0,0.25961259780383217,0.7258199466792803,0.5960136477773642,76.56104092314104,92.35575744304919,90.59971301716251,95.86784629482253,33.66488140780412,0.0,54.48343828298477,0.0726725974188607,0.11781515554106496,0.060000000000002274,0.12000000000000455,0.2899999999999636,1.0,7656.0,7656.0,2021-11-29,2021-11-29 12:15:00,2.0709170130715635,243.0,1.0,best_within_2.0d,7898.0,391.07,0.5832424107187206,4.3760036431226785,32.22527881040892,0.012230020343504162,2.285057100371749,15.890706319702602,0.006381710269403211,0.4929364202292669,5.6011759621451125,36.843533123028394,0.015614239272951093,2.82998018927445,22.52492113564669,0.007835530045022196,1.8630914826498424,0.00402220134195386,1.9444468750000041,16.553125,0.005470102952261012,0.0,1
7656.0,2021-11-29 12:20:00,399.34,399.53,399.26,399.41,302202.0,1,1,0.0,sell,False,0.2673926610015295,5.17999999999995,59.0,0.013135539495372004,0.24079014235736218,0.6261124155720345,0.7465074867507155,0.0018762420233865036,77.08387677779598,91.87353526506439,91.0243204331298,93.57196492893357,302202.0,5.17999999999995,1.0,5.17999999999995,59.0,0.013135539495372004,5.17999999999995,59.0,0.013135539495372004,1.0,1.0,0.24079014235736218,0.7465074867507155,0.6261124155720345,77.08387677779598,91.87353526506439,91.0243204331298,93.57196492893357,35.78621223857431,0.0,57.73462126277157,0.01752892272250464,0.06762510644692227,0.1199999999999477,0.07999999999998408,0.07000000000005002,1.0,7657.0,7657.0,2021-11-29,2021-11-29 12:20:00,2.088079917878879,242.0,1.0,best_within_2.0d,7898.0,391.07,0.5832424107187206,4.3760036431226785,32.22527881040892,0.012230020343504162,2.285057100371749,15.890706319702602,0.006381710269403211,0.4929364202292669,5.6011759621451125,36.843533123028394,0.015614239272951093,2.82998018927445,22.52492113564669,0.007835530045022196,1.8630914826498424,0.00402220134195386,1.9444468750000041,16.553125,0.005470102952261012,0.0,1
7658.0,2021-11-29 12:30:00,399.43,399.8,399.32,399.76,258687.0,1,1,0.0,sell,False,0.26739266100152514,5.449999999999989,61.0,0.013820210472930108,0.20526718404473754,0.6775495677408002,0.780183159763169,0.0019596705953203184,79.70382864618377,93.64153145760282,92.07011491516963,96.78436454246923,258687.0,5.449999999999989,1.0,5.449999999999989,61.0,0.013820210472930108,5.449999999999989,61.0,0.013820210472930108,1.0,1.0,0.20526718404473754,0.780183159763169,0.6775495677408002,79.70382864618377,93.64153145760282,92.07011491516963,96.78436454246923,37.354085603112416,0.778210116731693,62.980684412495926,0.08261773026562454,0.12020434739056851,0.040000000000020464,0.11000000000001364,0.3299999999999841,1.0,7659.0,7659.0,2021-11-29,2021-11-29 12:30:00,2.173804282569541,240.0,1.0,best_within_2.0d,7898.0,391.07,0.5832424107187206,4.3760036431226785,32.22527881040892,0.012230020343504162,2.285057100371749,15.890706319702602,0.006381710269403211,0.4929364202292669,5.6011759621451125,36.843533123028394,0.015614239272951093,2.82998018927445,22.52492113564669,0.007835530045022196,1.8630914826498424,0.00402220134195386,1.9444468750000041,16.553125,0.005470102952261012,0.0,1
7659.0,2021-11-29 12:35:00,399.76,399.92,399.66,399.755,361474.0,1,1,0.0,sell,False,0.267392661001522,5.569999999999993,62.0,0.014124508685178123,0.18091088701514324,0.7001634286176931,0.7906188721252647,0.0019852789982785753,79.56359880339961,91.80418643936073,91.9814720899,91.44961513828224,361474.0,5.569999999999993,1.0,5.569999999999993,62.0,0.014124508685178123,5.569999999999993,62.0,0.014124508685178123,1.0,1.0,0.18091088701514324,0.7906188721252647,0.7001634286176931,79.56359880339961,91.80418643936073,91.9814720899,91.44961513828224,37.37954353338917,0.8453085376164272,65.30900540015449,-0.0012507504502690244,0.0650552970024498,0.160000000000025,0.09499999999997044,0.0049999999999954525,0.0,7660.0,7660.0,2021-11-29,2021-11-29 12:35:00,2.172580705682231,239.0,1.0,best_within_2.0d,7898.0,391.07,0.5832424107187206,4.3760036431226785,32.22527881040892,0.012230020343504162,2.285057100371749,15.890706319702602,0.006381710269403211,0.4929364202292669,5.6011759621451125,36.843533123028394,0.015614239272951093,2.82998018927445,22.52492113564669,0.007835530045022196,1.8630914826498424,0.00402220134195386,1.9444468750000041,16.553125,0.005470102952261012,0.0,1
7660.0,2021-11-29 12:40:00,399.74,399.92,399.7,399.85,290203.0,1,1,0.0,sell,False,0.2673926610015292,5.569999999999993,63.0,0.014124508685178123,0.1555200277253208,0.7196034320833582,0.7973634459460186,0.0020016157631484537,80.27373935797476,92.84530303686866,92.26941573888955,93.99707763282689,290203.0,5.569999999999993,1.0,5.569999999999993,63.0,0.014124508685178123,5.569999999999993,63.0,0.014124508685178123,1.0,1.0,0.1555200277253208,0.7973634459460186,0.7196034320833582,80.27373935797476,92.84530303686866,92.26941573888955,93.99707763282689,36.87804878048754,0.9756097560977829,67.41874507333925,0.027517886626310516,0.05504128096072737,0.06999999999999318,0.040000000000020464,0.11000000000001364,1.0,7661.0,7661.0,2021-11-29,2021-11-29 12:40:00,2.1958234337876776,238.0,1.0,best_within_2.0d,7898.0,391.07,0.5832424107187206,4.3760036431226785,32.22527881040892,0.012230020343504162,2.285057100371749,15.890706319702602,0.006381710269403211,0.4929364202292669,5.6011759621451125,36.843533123028394,0.015614239272951093,2.82998018927445,22.52492113564669,0.007835530045022196,1.8630914826498424,0.00402220134195386,1.9444468750000041,16.553125,0.005470102952261012,0.0,1
7661.0,2021-11-29 12:45:00,399.85,399.98,399.77,399.825,276508.0,1,1,0.0,sell,False,0.2673926610015218,5.6299999999999955,64.0,0.01427665779130213,0.11514105473600367,0.7339960639253587,0.7915665912933605,0.0019865227665162486,79.49092544653922,90.3095671039433,91.61613286057413,87.6964355906816,276508.0,5.6299999999999955,1.0,5.6299999999999955,64.0,0.01427665779130213,5.6299999999999955,64.0,0.01427665779130213,1.0,1.0,0.11514105473600367,0.7915665912933605,0.7339960639253587,79.49092544653922,90.3095671039433,91.61613286057413,87.6964355906816,36.813778256188705,1.076426264801097,69.34013341225649,-0.006252344629244493,0.052530204867808086,0.12999999999999545,0.05500000000000682,0.025000000000034106,0.0,7662.0,7662.0,2021-11-29,2021-11-29 12:45:00,2.189707997248795,237.0,1.0,best_within_2.0d,7898.0,391.07,0.5832424107187206,4.3760036431226785,32.22527881040892,0.012230020343504162,2.285057100371749,15.890706319702602,0.006381710269403211,0.4929364202292669,5.6011759621451125,36.843533123028394,0.015614239272951093,2.82998018927445,22.52492113564669,0.007835530045022196,1.8630914826498424,0.00402220134195386,1.9444468750000041,16.553125,0.005470102952261012,0.0,1
7664.0,2021-11-29 13:00:00,399.77,400.04,399.77,399.96,240631.0,1,1,0.0,sell,False,0.26739266100152925,5.689999999999998,67.0,0.014428806897426137,-0.015802609321215577,0.7351870722912976,0.7272857676306899,0.0018239858409470845,74.86688287141612,82.84007147526117,83.97934511177343,80.56152420223665,240631.0,5.689999999999998,1.0,5.689999999999998,67.0,0.014428806897426137,5.689999999999998,67.0,0.014428806897426137,1.0,1.0,-0.015802609321215577,0.7272857676306899,0.7351870722912976,74.86688287141612,82.84007147526117,83.97934511177343,80.56152420223665,34.977303129317676,7.675270279159739,68.07515455814145,0.047527328213722325,0.06753883483003695,0.08000000000004093,0.0,0.18999999999999773,1.0,7665.0,7665.0,2021-11-29,2021-11-29 13:00:00,2.2227222722272195,234.0,1.0,best_within_2.0d,7898.0,391.07,0.5832424107187206,4.3760036431226785,32.22527881040892,0.012230020343504162,2.285057100371749,15.890706319702602,0.006381710269403211,0.4929364202292669,5.6011759621451125,36.843533123028394,0.015614239272951093,2.82998018927445,22.52492113564669,0.007835530045022196,1.8630914826498424,0.00402220134195386,1.9444468750000041,16.553125,0.005470102952261012,0.0,1
7665.0,2021-11-29 13:05:00,399.96,400.22,399.93,400.19,282232.0,1,1,0.0,sell,False,0.26739266100152925,5.8700000000000045,68.0,0.01488525421579816,-0.005871037924773503,0.734453192550701,0.7315176735883142,0.0018341032016672553,76.93968781046888,87.56994864027219,85.17621295460634,92.35742001160389,282232.0,5.8700000000000045,1.0,5.8700000000000045,68.0,0.01488525421579816,5.8700000000000045,68.0,0.01488525421579816,1.0,1.0,-0.005871037924773503,0.7315176735883142,0.734453192550701,76.93968781046888,87.56994864027219,85.17621295460634,92.35742001160389,37.22863141490474,7.575593601869292,67.9400417239335,0.057505750575062055,0.07251268972070624,0.03000000000002956,0.029999999999972715,0.2300000000000182,1.0,7666.0,7666.0,2021-11-29,2021-11-29 13:05:00,2.2789175141807654,233.0,1.0,best_within_2.0d,7898.0,391.07,0.5832424107187206,4.3760036431226785,32.22527881040892,0.012230020343504162,2.285057100371749,15.890706319702602,0.006381710269403211,0.4929364202292669,5.6011759621451125,36.843533123028394,0.015614239272951093,2.82998018927445,22.52492113564669,0.007835530045022196,1.8630914826498424,0.00402220134195386,1.9444468750000041,16.553125,0.005470102952261012,0.0,1
7666.0,2021-11-29 13:10:00,400.19,400.29,399.8311,399.8901,246969.0,1,1,0.0,sell,False,0.26739266100152514,5.939999999999998,69.0,0.015062761506276143,-0.051007925751875405,0.7280772018317165,0.7025732389557788,0.0017611892743203766,68.95412311201127,77.97103105227798,82.77448565383023,68.3641218491735,246969.0,5.939999999999998,1.0,5.939999999999998,69.0,0.015062761506276143,5.939999999999998,69.0,0.015062761506276143,1.0,1.0,-0.051007925751875405,0.7025732389557788,0.7280772018317165,68.95412311201127,77.97103105227798,82.77448565383023,68.3641218491735,31.597297886249947,9.782087600783822,66.85289558558377,-0.07493940378319788,0.11477346309479886,0.10000000000002274,0.05900000000002592,0.2998999999999796,0.0,7667.0,7667.0,2021-11-29,2021-11-29 13:10:00,2.205630997116464,232.0,1.0,best_within_2.0d,7898.0,391.07,0.5832424107187206,4.3760036431226785,32.22527881040892,0.012230020343504162,2.285057100371749,15.890706319702602,0.006381710269403211,0.4929364202292669,5.6011759621451125,36.843533123028394,0.015614239272951093,2.82998018927445,22.52492113564669,0.007835530045022196,1.8630914826498424,0.00402220134195386,1.9444468750000041,16.553125,0.005470102952261012,1.0,1
7671.0,2021-11-29 13:35:00,399.899,399.9,399.372,399.44,274163.0,3a,3a,1.0,buy,False,0.002992265753771903,4.163492493946733,28.239017640954685,0.011578080659927173,-0.24625035823537056,0.6186734106545579,0.49554823153687266,0.0012414373744184088,55.967739541820634,35.68864726895153,50.21560906140603,6.634723684042527,274163.0,0.9180000000000064,2.0,0.9180000000000064,6.0,0.00229333733043545,0.9180000000000064,6.0,0.00229333733043545,3.0,3.0,-0.24625035823537056,0.49554823153687266,0.6186734106545579,55.967739541820634,35.68864726895153,50.21560906140603,6.634723684042527,24.094909439896046,24.25826475812992,50.77323573643016,-0.11477898169287824,0.13220756587841992,0.0009999999999763531,0.06799999999998363,0.4590000000000032,0.0,7672.0,7672.0,2021-11-29,2021-11-29 13:35:00,0.3755257360304426,149.0,1.0,best_within_2.0d,7820.0,400.94,0.5832424107187206,4.3760036431226785,32.22527881040892,0.012230020343504162,2.285057100371749,15.890706319702602,0.006381710269403211,0.4929364202292669,5.6011759621451125,36.843533123028394,0.015614239272951093,2.82998018927445,22.52492113564669,0.007835530045022196,1.8630914826498424,0.002992265753771903,0.9180000000000064,6.0,0.00229333733043545,1.0,0
7683.0,2021-11-29 14:35:00,399.74,399.7503,399.25,399.55,388572.0,3a,3a,1.0,buy,False,0.002992265753771903,4.163492493946733,28.239017640954685,0.011578080659927173,-0.23823689622287403,0.3294315882148745,0.2103131401034375,0.0005263364631499239,49.893425135496884,37.26330061015617,46.78848294737945,18.212935935709623,388572.0,1.0400000000000205,2.0,1.0400000000000205,18.0,0.0025981163656349656,1.0400000000000205,18.0,0.0025981163656349656,3.0,3.0,-0.23823689622287403,0.2103131401034375,0.3294315882148745,49.893425135496884,37.26330061015617,46.78848294737945,18.212935935709623,14.214278114693357,28.471113948293187,30.009475757009575,-0.0475308950818026,0.12530995616781002,0.010299999999972442,0.30000000000001137,0.18999999999999773,0.0,7684.0,7684.0,2021-11-29,2021-11-29 14:35:00,0.3478913778000216,137.0,1.0,best_within_2.0d,7820.0,400.94,0.5832424107187206,4.3760036431226785,32.22527881040892,0.012230020343504162,2.285057100371749,15.890706319702602,0.006381710269403211,0.4929364202292669,5.6011759621451125,36.843533123028394,0.015614239272951093,2.82998018927445,22.52492113564669,0.007835530045022196,1.8630914826498424,0.002992265753771903,1.0400000000000205,18.0,0.0025981163656349656,1.0,0
7690.0,2021-11-29 15:10:00,400.0992,400.49,399.99,400.4601,547973.0,1p,1p,0.0,sell,False,3.4047801804826113e-07,1.240000000000009,8.0,0.00310582341891048,-0.02285411348583849,0.20996118386082877,0.19853412711790952,0.0004966453375677145,64.89353329759169,78.87530251217689,66.94621289899223,102.7334817385462,547973.0,1.240000000000009,0.0,1.240000000000009,8.0,0.00310582341891048,1.240000000000009,0.0,0.0,1.0,1.0,-0.02285411348583849,0.19853412711790952,0.20996118386082877,64.89353329759169,78.87530251217689,66.94621289899223,102.7334817385462,18.260244428468518,16.709736335905898,24.794817568023458,0.09020262974782632,0.12500312507812694,0.029899999999997817,0.10919999999998709,0.3609000000000151,1.0,7691.0,7691.0,2021-11-29,2021-11-29 15:10:00,2.3448278617520244,208.0,1.0,best_within_2.0d,7898.0,391.07,0.5832424107187206,4.3760036431226785,32.22527881040892,0.012230020343504162,2.285057100371749,15.890706319702602,0.006381710269403211,0.4929364202292669,5.6011759621451125,36.843533123028394,0.015614239272951093,2.82998018927445,22.52492113564669,0.007835530045022196,1.8630914826498424,0.00402220134195386,1.9444468750000041,16.553125,0.005470102952261012,0.0,1
7691.0,2021-11-29 15:15:00,400.46,400.73,400.29,400.46,493420.0,1p,1p,0.0,sell,False,0.07976863147820533,1.4800000000000182,9.0,0.0037069505322480105,0.023428423348874905,0.2128897367794381,0.22460394845387555,0.0005617867215516822,64.89088515245564,79.83578726036937,71.24273768611793,97.02188640887223,493420.0,1.4800000000000182,0.0,1.4800000000000182,9.0,0.0037069505322480105,1.4800000000000182,0.0,0.0,1.0,1.0,0.023428423348874905,0.22460394845387555,0.2128897367794381,64.89088515245564,79.83578726036937,71.24273768611793,97.02188640887223,22.024754046334312,16.05466051860405,24.1436168594364,0.0,0.10992030777686121,0.27000000000003865,0.16999999999995907,0.0,0.0,7692.0,7692.0,2021-11-29,2021-11-29 15:15:00,2.5320880986865073,383.0,1.0,best_within_2.0d,8074.0,390.32,0.5832424107187206,4.3760036431226785,32.22527881040892,0.012230020343504162,2.285057100371749,15.890706319702602,0.006381710269403211,0.4929364202292669,5.6011759621451125,36.843533123028394,0.015614239272951093,2.82998018927445,22.52492113564669,0.007835530045022196,1.8630914826498424,0.00402220134195386,1.9444468750000041,16.553125,0.005470102952261012,1.0,1
7710.0,2021-11-29 16:50:00,400.11,400.17,400.1,400.11,32370.0,2,2,0.0,sell,False,0.7455355114281855,4.163492493946733,28.239017640954685,0.011578080659927173,-0.005703647734443457,0.06382567467034451,0.06097385080312279,0.00015244816586801227,55.230908674533595,90.84329391086445,86.4595585561788,99.61076462023576,32370.0,1.640700000000038,1.0,2.2007000000000403,11.0,0.005491727597135328,1.640700000000038,10.0,0.004116886763407454,2.0,2.0,-0.005703647734443457,0.06097385080312279,0.06382567467034451,55.230908674533595,90.84329391086445,86.4595585561788,99.61076462023576,5.9557920589451285,32.96561604584489,41.71304577250131,0.0,0.017495626093474922,0.060000000000002274,0.009999999999990905,0.0,0.0,7711.0,7711.0,2021-11-29,2021-11-29 16:50:00,3.3540776286521243,373.0,1.0,best_within_2.0d,8083.0,386.69,0.7455355114281855,2.2007000000000403,11.0,0.005491727597135328,1.640700000000038,10.0,0.004116886763407454,0.4929364202292669,5.6011759621451125,36.843533123028394,0.015614239272951093,2.82998018927445,22.52492113564669,0.007835530045022196,1.8630914826498424,0.00402220134195386,1.9444468750000041,16.553125,0.005470102952261012,1.0,1
7719.0,2021-11-29 17:40:00,400.1,400.18,400.1,400.18,1295.0,2,2,0.0,sell,False,0.7500795201526781,4.163492493946733,28.239017640954685,0.011578080659927173,-0.001022278983130634,0.05406222253874746,0.053551083047182146,0.00013386788502296507,56.62755872125897,83.22544072629091,78.70743416964217,92.2614538395884,1295.0,1.650700000000029,1.0,2.2007000000000403,11.0,0.005491727597135328,1.650700000000029,19.0,0.004141979021366884,2.0,2.0,-0.001022278983130634,0.053551083047182146,0.05406222253874746,56.62755872125897,83.22544072629091,78.70743416964217,92.2614538395884,15.923566878981537,35.66878980891879,46.34665407056748,0.0199950012496836,0.0199950012496836,0.0,0.0,0.07999999999998408,1.0,7720.0,7720.0,2021-11-29,2021-11-29 17:40:00,3.370983057624071,364.0,1.0,best_within_2.0d,8083.0,386.69,0.7500795201526781,2.2007000000000403,11.0,0.005491727597135328,1.650700000000029,19.0,0.004141979021366884,0.4929364202292669,5.6011759621451125,36.843533123028394,0.015614239272951093,2.82998018927445,22.52492113564669,0.007835530045022196,1.8630914826498424,0.00402220134195386,1.9444468750000041,16.553125,0.005470102952261012,0.0,1
7722.0,2021-11-29 17:55:00,400.06,400.19,400.06,400.19,6213.0,2,2,0.0,sell,False,0.7546235288771707,4.163492493946733,28.239017640954685,0.011578080659927173,-0.0034001377606263927,0.049324544748730645,0.04762447586841745,0.00011904822949084136,56.0179498239297,75.83784102327391,73.23263633279868,81.04825040422438,6213.0,1.6607000000000198,1.0,2.2007000000000403,11.0,0.005491727597135328,1.6607000000000198,22.0,0.004167071279326313,2.0,2.0,-0.0034001377606263927,0.04762447586841745,0.049324544748730645,56.0179498239297,75.83784102327391,73.23263633279868,81.04825040422438,24.822695035463166,29.078014184399592,40.77261600699025,0.0324951257311392,0.0324951257311392,0.0,0.0,0.12999999999999545,1.0,7723.0,7723.0,2021-11-29,2021-11-29 17:55:00,3.3733976361228413,361.0,1.0,best_within_2.0d,8083.0,386.69,0.7546235288771707,2.2007000000000403,11.0,0.005491727597135328,1.6607000000000198,22.0,0.004167071279326313,0.4929364202292669,5.6011759621451125,36.843533123028394,0.015614239272951093,2.82998018927445,22.52492113564669,0.007835530045022196,1.8630914826498424,0.00402220134195386,1.9444468750000041,16.553125,0.005470102952261012,0.0,1
7723.0,2021-11-29 18:00:00,400.18,400.39,399.69,400.35,61896.0,2,2,0.0,sell,False,0.8455037033670988,4.163492493946733,28.239017640954685,0.011578080659927173,0.02467130085398897,0.05240845735547926,0.06474410778247375,0.00016183346729329464,60.975296436857484,81.98713211075574,76.15080159211769,93.65979314803184,61896.0,1.8607000000000085,1.0,2.2007000000000403,11.0,0.005491727597135328,1.8607000000000085,23.0,0.004668916438515333,2.0,2.0,0.02467130085398897,0.06474410778247375,0.05240845735547926,60.975296436857484,81.98713211075574,76.15080159211769,93.65979314803184,15.942028985506967,37.681159420292445,40.756039187958386,0.042480883602382905,0.1751357301908951,0.03999999999996362,0.4900000000000091,0.17000000000001592,1.0,7724.0,7724.0,2021-11-29,2021-11-29 18:00:00,3.412014487323598,360.0,1.0,best_within_2.0d,8083.0,386.69,0.8455037033670988,2.2007000000000403,11.0,0.005491727597135328,1.8607000000000085,23.0,0.004668916438515333,0.4929364202292669,5.6011759621451125,36.843533123028394,0.015614239272951093,2.82998018927445,22.52492113564669,0.007835530045022196,1.8630914826498424,0.00402220134195386,1.9444468750000041,16.553125,0.005470102952261012,0.0,1
7725.0,2021-11-29 18:10:00,400.38,400.54,400.33,400.54,8020.0,2,2,0.0,sell,False,0.9136638342345643,4.163492493946733,28.239017640954685,0.011578080659927173,0.06782088064059766,0.0652500193700824,0.09916045969038123,0.00024782800433312935,65.47583348013049,89.45459839843159,82.37008852878446,103.62361813772583,8020.0,2.0107000000000426,1.0,2.2007000000000403,11.0,0.005491727597135328,2.0107000000000426,25.0,0.005045300307907205,2.0,2.0,0.06782088064059766,0.09916045969038123,0.0652500193700824,65.47583348013049,89.45459839843159,82.37008852878446,103.62361813772583,21.49122807017663,33.33333333333417,39.90611833772228,0.03996203606574379,0.05245672320336632,0.0,0.05000000000001137,0.160000000000025,1.0,7726.0,7726.0,2021-11-29,2021-11-29 18:10:00,3.457831926898692,358.0,1.0,best_within_2.0d,8083.0,386.69,0.9136638342345643,2.2007000000000403,11.0,0.005491727597135328,2.0107000000000426,25.0,0.005045300307907205,0.4929364202292669,5.6011759621451125,36.843533123028394,0.015614239272951093,2.82998018927445,22.52492113564669,0.007835530045022196,1.8630914826498424,0.00402220134195386,1.9444468750000041,16.553125,0.005470102952261012,0.0,1
7726.0,2021-11-29 18:15:00,400.51,400.65,400.51,400.65,13103.0,2,2,0.0,sell,False,0.9636479302040081,4.163492493946733,28.239017640954685,0.011578080659927173,0.09774262995249616,0.07746784811414442,0.1263391630903925,0.00031572362260295857,68.01671803453583,92.96973226562105,85.90330310772998,107.1025905814032,13103.0,2.1206999999999994,1.0,2.2007000000000403,11.0,0.005491727597135328,2.1206999999999994,26.0,0.005321315145461073,2.0,2.0,0.09774262995249616,0.1263391630903925,0.07746784811414442,68.01671803453583,92.96973226562105,85.90330310772998,107.1025905814032,28.30188679245192,25.00000000000201,37.498159189705056,0.03495543182442046,0.03495543182442046,0.0,0.0,0.13999999999998636,1.0,7727.0,7727.0,2021-11-29,2021-11-29 18:15:00,3.4843379508298966,357.0,1.0,best_within_2.0d,8083.0,386.69,0.9636479302040081,2.2007000000000403,11.0,0.005491727597135328,2.1206999999999994,26.0,0.005321315145461073,0.4929364202292669,5.6011759621451125,36.843533123028394,0.015614239272951093,2.82998018927445,22.52492113564669,0.007835530045022196,1.8630914826498424,0.00402220134195386,1.9444468750000041,16.553125,0.005470102952261012,0.0,1
7727.0,2021-11-29 18:20:00,400.64,400.8,400.64,400.79,11485.0,1,1,0.0,sell,False,0.43523183425151407,2.2707000000000335,27.0,0.005697699014852945,0.12782959926738932,0.09344654802256809,0.15736134765626275,0.00039320252578908647,70.9473882146765,95.01285454344733,88.9398202529691,107.15892312440377,11485.0,2.2707000000000335,2.0,2.2707000000000335,27.0,0.005697699014852945,2.2707000000000335,27.0,0.005697699014852945,1.0,1.0,0.12782959926738932,0.15736134765626275,0.09344654802256809,70.9473882146765,95.01285454344733,88.9398202529691,107.15892312440377,33.03964757709277,23.348017621146862,36.04739781901164,0.037440095846653886,0.03993610223642797,0.009999999999990905,0.0,0.1500000000000341,1.0,7728.0,7728.0,2021-11-29,2021-11-29 18:20:00,3.518051847600993,356.0,1.0,best_within_2.0d,8083.0,386.69,0.5832424107187206,4.3760036431226785,32.22527881040892,0.012230020343504162,2.285057100371749,15.890706319702602,0.006381710269403211,0.4929364202292669,5.6011759621451125,36.843533123028394,0.015614239272951093,2.82998018927445,22.52492113564669,0.007835530045022196,1.8630914826498424,0.00402220134195386,1.9444468750000041,16.553125,0.005470102952261012,1.0,1
7745.0,2021-11-29 19:50:00,400.69,400.74,400.66,400.68,7106.0,2,2,0.0,sell,False,0.8799999999999955,4.163492493946733,28.239017640954685,0.011578080659927173,-0.011744396869062868,0.08370031561224808,0.07782811717771665,0.0001943425990923708,58.97016685774658,72.78784746183563,55.95417432095397,106.45519374359895,7106.0,0.4399999999999977,1.0,0.5,13.0,0.00124750499001996,0.4399999999999977,7.0,0.0010991756182862796,2.0,2.0,-0.011744396869062868,0.07782811717771665,0.08370031561224808,58.97016685774658,72.78784746183563,55.95417432095397,106.45519374359895,22.209234365864898,31.5604909409722,25.326226377084442,-0.002495694926249945,0.019967054360301523,0.05000000000001137,0.01999999999998181,0.009999999999990905,0.0,7746.0,7746.0,2021-11-29,2021-11-29 19:50:00,3.4915643406209464,338.0,1.0,best_within_2.0d,8083.0,386.69,0.8799999999999955,0.5,13.0,0.00124750499001996,0.4399999999999977,7.0,0.0010991756182862796,0.4929364202292669,5.6011759621451125,36.843533123028394,0.015614239272951093,2.82998018927445,22.52492113564669,0.007835530045022196,1.8630914826498424,0.00402220134195386,1.9444468750000041,16.553125,0.005470102952261012,1.0,1
7749.0,2021-11-30 04:10:00,397.13,397.23,397.0,397.22,7388.0,1p,1p,1.0,buy,False,8.111394128055514,3.740000000000009,5.0,0.009332734441283647,-0.8129021011214851,-0.1608908448540139,-0.5673418954147564,-0.0014190420712043377,15.399128579885073,24.344680065322656,41.016835647818624,-8.999631099669273,7388.0,3.740000000000009,0.0,3.740000000000009,5.0,0.009332734441283647,3.740000000000009,0.0,0.0,1.0,1.0,-0.8129021011214851,-0.5673418954147564,-0.1608908448540139,15.399128579885073,24.344680065322656,41.016835647818624,-8.999631099669273,6.036596868515325,73.75966798717366,36.56651460233569,0.02266260418503559,0.05793450881612549,0.009999999999990905,0.12999999999999545,0.09000000000003183,1.0,7750.0,7750.0,2021-11-30,2021-11-30 04:10:00,0.9365087357131994,71.0,1.0,best_within_2.0d,7820.0,400.94,0.5832424107187206,4.3760036431226785,32.22527881040892,0.012230020343504162,2.285057100371749,15.890706319702602,0.006381710269403211,0.4929364202292669,5.6011759621451125,36.843533123028394,0.015614239272951093,2.82998018927445,22.52492113564669,0.007835530045022196,1.8630914826498424,0.00402220134195386,1.9444468750000041,16.553125,0.005470102952261012,0.0,0
7752.0,2021-11-30 04:25:00,396.85,397.07,396.7,396.92,5355.0,1p,1p,1.0,buy,False,8.231838018535079,4.0400000000000205,8.0,0.010081349503418727,-0.7889574405172413,-0.4650155730741523,-0.8594942933327729,-0.002152790854455972,16.8583682351193,10.573280424415131,21.516295900556326,-11.312750527867259,5355.0,4.0400000000000205,0.0,4.0400000000000205,8.0,0.010081349503418727,4.0400000000000205,0.0,0.0,1.0,1.0,-0.7889574405172413,-0.8594942933327729,-0.4650155730741523,16.8583682351193,10.573280424415131,21.516295900556326,-11.312750527867259,9.516129032257853,65.48387096774421,44.01456686806416,0.017638906387802238,0.09326947315351766,0.14999999999997726,0.1500000000000341,0.06999999999999318,1.0,7753.0,7753.0,2021-11-30,2021-11-30 04:25:00,1.0127985488259554,68.0,1.0,best_within_2.0d,7820.0,400.94,0.5832424107187206,4.3760036431226785,32.22527881040892,0.012230020343504162,2.285057100371749,15.890706319702602,0.006381710269403211,0.4929364202292669,5.6011759621451125,36.843533123028394,0.015614239272951093,2.82998018927445,22.52492113564669,0.007835530045022196,1.8630914826498424,0.00402220134195386,1.9444468750000041,16.553125,0.005470102952261012,0.0,0
7753.0,2021-11-30 04:30:00,396.97,396.97,396.57,396.91,5480.0,1p,1p,1.0,buy,False,8.231838018535079,4.170000000000016,9.0,0.010405749363677236,-0.7178227803851578,-0.554743420622297,-0.9136548108148759,-0.002289440171195502,16.81112754846542,9.76667935568547,17.599757052266042,-5.899476037475672,5480.0,4.170000000000016,0.0,4.170000000000016,9.0,0.010405749363677236,4.170000000000016,0.0,0.0,1.0,1.0,-0.7178227803851578,-0.9136548108148759,-0.554743420622297,16.81112754846542,9.76667935568547,17.599757052266042,-5.899476037475672,8.682170542635786,64.96124031007905,46.32931585117236,-0.015114492279014098,0.1008649166603712,0.0,0.34000000000003183,0.060000000000002274,0.0,7754.0,7754.0,2021-11-30,2021-11-30 04:30:00,1.0153435287596615,67.0,1.0,best_within_2.0d,7820.0,400.94,0.5832424107187206,4.3760036431226785,32.22527881040892,0.012230020343504162,2.285057100371749,15.890706319702602,0.006381710269403211,0.4929364202292669,5.6011759621451125,36.843533123028394,0.015614239272951093,2.82998018927445,22.52492113564669,0.007835530045022196,1.8630914826498424,0.00402220134195386,1.9444468750000041,16.553125,0.005470102952261012,1.0,0
7781.0,2021-11-30 06:50:00,397.66,397.79,397.15,397.32,14265.0,2,2,1.0,buy,False,0.5797101449275464,4.163492493946733,28.239017640954685,0.011578080659927173,0.1515988091495689,-0.22753739254133992,-0.15173798796655547,-0.0003815330944512304,41.06546593923753,51.27153758789056,53.99444960092592,45.82571356181984,14265.0,0.8000000000000114,1.0,1.3799999999999955,7.0,0.0034798396247824985,0.8000000000000114,23.0,0.0020103028018595586,2.0,2.0,0.1515988091495689,-0.15173798796655547,-0.22753739254133992,41.06546593923753,51.27153758789056,53.99444960092592,45.82571356181984,24.647887323945316,31.690140845069692,23.635475996821615,-0.08550017602978217,0.1611481807881262,0.12999999999999545,0.17000000000001592,0.34000000000003183,0.0,7782.0,7782.0,2021-11-30,2021-11-30 06:50:00,0.9111043994764936,39.0,1.0,best_within_2.0d,7820.0,400.94,0.5797101449275464,1.3799999999999955,7.0,0.0034798396247824985,0.8000000000000114,23.0,0.0020103028018595586,0.4929364202292669,5.6011759621451125,36.843533123028394,0.015614239272951093,2.82998018927445,22.52492113564669,0.007835530045022196,1.8630914826498424,0.00402220134195386,1.9444468750000041,16.553125,0.005470102952261012,0.0,0
7782.0,2021-11-30 06:55:00,397.2,397.25,396.93,397.19,2471.0,2,2,1.0,buy,False,0.739130434782598,4.163492493946733,28.239017640954685,0.011578080659927173,0.0927744214945565,-0.21594058985452036,-0.1695533791072421,-0.0004263694519026466,38.83570363179848,42.93523381280207,50.30804433821796,28.18961276197028,2471.0,1.0199999999999818,1.0,1.3799999999999955,7.0,0.0034798396247824985,1.0199999999999818,24.0,0.002563136072370855,2.0,2.0,0.0927744214945565,-0.1695533791072421,-0.21594058985452036,38.83570363179848,42.93523381280207,50.30804433821796,28.18961276197028,24.137931034484517,29.19540229884908,22.62456761281175,-0.002517623363542524,0.08061874889778882,0.05000000000001137,0.2599999999999909,0.009999999999990905,0.0,7783.0,7783.0,2021-11-30,2021-11-30 06:55:00,0.9441325310304891,38.0,1.0,best_within_2.0d,7820.0,400.94,0.739130434782598,1.3799999999999955,7.0,0.0034798396247824985,1.0199999999999818,24.0,0.002563136072370855,0.4929364202292669,5.6011759621451125,36.843533123028394,0.015614239272951093,2.82998018927445,22.52492113564669,0.007835530045022196,1.8630914826498424,0.00402220134195386,1.9444468750000041,16.553125,0.005470102952261012,1.0,0
7788.0,2021-11-30 07:25:00,398.01,398.21,398.0,398.13,42304.0,1p,1p,0.0,sell,False,3.1510900426886965,1.2799999999999727,7.0,0.003224749955911553,0.19922620634977636,-0.11768686802902488,-0.018073764854136698,-4.544557905857856e-05,59.10322839463062,79.41533247766084,67.58591882715069,103.07415977868112,42304.0,1.2799999999999727,0.0,1.2799999999999727,7.0,0.003224749955911553,1.2799999999999727,0.0,0.0,1.0,1.0,0.19922620634977636,-0.018073764854136698,-0.11768686802902488,59.10322839463062,79.41533247766084,67.58591882715069,103.07415977868112,37.50919342976233,22.554547683254338,19.284493200374445,0.030149996231251613,0.05276381909547225,0.07999999999998408,0.009999999999990905,0.12000000000000455,1.0,7789.0,7789.0,2021-11-30,2021-11-30 07:25:00,3.0015321628613743,384.0,1.0,best_within_2.0d,8172.0,386.18,0.5832424107187206,4.3760036431226785,32.22527881040892,0.012230020343504162,2.285057100371749,15.890706319702602,0.006381710269403211,0.4929364202292669,5.6011759621451125,36.843533123028394,0.015614239272951093,2.82998018927445,22.52492113564669,0.007835530045022196,1.8630914826498424,0.00402220134195386,1.9444468750000041,16.553125,0.005470102952261012,1.0,1
7795.0,2021-11-30 08:00:00,397.8,399.989,396.0,397.73,73422.0,1p,1p,0.0,sell,False,3.1510900426886965,3.058999999999969,14.0,0.007706648527448087,0.05816201544456609,-0.035799006292592236,-0.0067179985703091916,-1.6892310938154158e-05,50.693191695691056,41.210624051534026,46.36738700446782,30.897098145666433,73422.0,3.058999999999969,0.0,3.058999999999969,14.0,0.007706648527448087,3.058999999999969,0.0,0.0,1.0,1.0,0.05816201544456609,-0.0067179985703091916,-0.035799006292592236,50.693191695691056,41.210624051534026,46.36738700446782,30.897098145666433,43.387262455058426,9.758602978941244,18.12100294223394,-0.017596782302662938,1.0073232323232262,2.1889999999999645,1.7300000000000182,0.06999999999999318,0.0,7796.0,7796.0,2021-11-30,2021-11-30 08:00:00,3.0472933899881838,380.0,1.0,best_within_2.0d,8175.0,385.61,0.5832424107187206,4.3760036431226785,32.22527881040892,0.012230020343504162,2.285057100371749,15.890706319702602,0.006381710269403211,0.4929364202292669,5.6011759621451125,36.843533123028394,0.015614239272951093,2.82998018927445,22.52492113564669,0.007835530045022196,1.8630914826498424,0.00402220134195386,1.9444468750000041,16.553125,0.005470102952261012,1.0,1
7801.0,2021-11-30 08:30:00,397.62,397.62,397.29,397.4,28422.0,2s,2s,1.0,buy,False,0.4782608695651959,4.163492493946733,28.239017640954685,0.011578080659927173,-0.03039184361173225,-0.04037388439188619,-0.055569806197752314,-0.00013975443449433688,44.44008242300054,37.61541340120875,39.20494094989398,34.43635830383829,28422.0,2.6989999999999554,1.0,1.3799999999999955,7.0,0.0034798396247824985,2.6989999999999554,7.0,0.006747685561352826,1.0,2.5,-0.03039184361173225,-0.055569806197752314,-0.04037388439188619,44.44008242300054,37.61541340120875,39.20494094989398,34.43635830383829,34.91664461497771,12.437152685894498,33.23269380778656,-0.05532920879232113,0.08306275013214127,0.0,0.1099999999999568,0.22000000000002728,0.0,7802.0,7802.0,2021-11-30,2021-11-30 08:30:00,0.8907901358832463,19.0,1.0,best_within_2.0d,7820.0,400.94,0.5832424107187206,4.3760036431226785,32.22527881040892,0.012230020343504162,2.285057100371749,15.890706319702602,0.006381710269403211,0.4782608695651959,1.3799999999999955,7.0,0.0034798396247824985,2.6989999999999554,7.0,0.006747685561352826,1.0,0.00402220134195386,1.9444468750000041,16.553125,0.005470102952261012,0.0,0
7802.0,2021-11-30 08:35:00,397.44,397.53,397.15,397.53,51186.0,2s,2s,1.0,buy,False,0.5797101449275464,4.163492493946733,28.239017640954685,0.011578080659927173,-0.022713698228125828,-0.04321309667040192,-0.054569945784464835,-0.00013724227040891521,47.71358976302568,37.8621014552387,38.75732778500888,36.07164879569834,51186.0,2.8389999999999986,1.0,1.3799999999999955,7.0,0.0034798396247824985,2.8389999999999986,8.0,0.007097695186617629,1.0,2.5,-0.022713698228125828,-0.054569945784464835,-0.04321309667040192,47.71358976302568,37.8621014552387,38.75732778500888,36.07164879569834,31.809325886478838,14.027795817637998,33.62984847629501,0.02264492753622559,0.09568173234294233,0.0,0.29000000000002046,0.08999999999997499,1.0,7803.0,7803.0,2021-11-30,2021-11-30 08:35:00,0.8577968958317675,18.0,1.0,best_within_2.0d,7820.0,400.94,0.5832424107187206,4.3760036431226785,32.22527881040892,0.012230020343504162,2.285057100371749,15.890706319702602,0.006381710269403211,0.5797101449275464,1.3799999999999955,7.0,0.0034798396247824985,2.8389999999999986,8.0,0.007097695186617629,1.0,0.00402220134195386,1.9444468750000041,16.553125,0.005470102952261012,1.0,0
7806.0,2021-11-30 08:55:00,397.89,398.82,397.82,398.81,123440.0,2,2,0.0,sell,False,0.588235294117653,4.163492493946733,28.239017640954685,0.011578080659927173,0.19156669788282804,-0.01371705423551769,0.08206629470589633,0.00020634091201076336,70.28404624668116,79.50338839769081,61.4430635100861,115.62403817290026,123440.0,1.670000000000016,1.0,2.8389999999999986,8.0,0.007097695186617629,1.670000000000016,5.0,0.004204960342439924,2.0,2.0,0.19156669788282804,0.08206629470589633,-0.01371705423551769,70.28404624668116,79.50338839769081,61.4430635100861,115.62403817290026,45.49215232996752,6.57014235308397,41.02703579923223,0.23121968383221894,0.2513699663164245,0.009999999999990905,0.06999999999999318,0.9200000000000159,1.0,7807.0,7807.0,2021-11-30,2021-11-30 08:55:00,3.4126526416087897,381.0,1.0,best_within_2.0d,8187.0,385.2,0.588235294117653,2.8389999999999986,8.0,0.007097695186617629,1.670000000000016,5.0,0.004204960342439924,0.4929364202292669,5.6011759621451125,36.843533123028394,0.015614239272951093,2.82998018927445,22.52492113564669,0.007835530045022196,1.8630914826498424,0.00402220134195386,1.9444468750000041,16.553125,0.005470102952261012,0.0,1
7808.0,2021-11-30 09:05:00,398.72,399.13,398.71,398.81,78549.0,2,2,0.0,sell,False,0.6974286720676361,4.163492493946733,28.239017640954685,0.011578080659927173,0.2960011983947022,0.0547223183401203,0.2027229175374714,0.0005095254394979176,68.25080397170589,83.24104707430985,73.48668362753546,102.74977396785863,78549.0,1.9800000000000182,1.0,2.8389999999999986,8.0,0.007097695186617629,1.9800000000000182,7.0,0.004985521843132364,2.0,2.0,0.2960011983947022,0.2027229175374714,0.0547223183401203,68.25080397170589,83.24104707430985,73.48668362753546,102.74977396785863,45.480460862335384,6.414063427960147,45.61165121786756,0.022572231139640596,0.10533972059893555,0.3199999999999932,0.010000000000047748,0.08999999999997499,1.0,7809.0,7809.0,2021-11-30,2021-11-30 09:05:00,3.4126526416087897,379.0,1.0,best_within_2.0d,8187.0,385.2,0.6974286720676361,2.8389999999999986,8.0,0.007097695186617629,1.9800000000000182,7.0,0.004985521843132364,0.4929364202292669,5.6011759621451125,36.843533123028394,0.015614239272951093,2.82998018927445,22.52492113564669,0.007835530045022196,1.8630914826498424,0.00402220134195386,1.9444468750000041,16.553125,0.005470102952261012,0.0,1
7811.0,2021-11-30 09:20:00,398.93,399.19,398.93,399.19,107563.0,2,2,0.0,sell,False,0.7185628742515046,4.163492493946733,28.239017640954685,0.011578080659927173,0.3283293562092205,0.17209042661153437,0.3362551047161446,0.0008446612655035724,72.0662416534405,90.13352386189804,82.98853824012775,104.42349510543863,107563.0,2.0400000000000205,1.0,2.8389999999999986,8.0,0.007097695186617629,2.0400000000000205,10.0,0.005136598262621228,2.0,2.0,0.3283293562092205,0.3362551047161446,0.17209042661153437,72.0662416534405,90.13352386189804,82.98853824012775,104.42349510543863,40.8248281608007,9.997917100604445,46.94739018409068,0.06517434136314414,0.06517434136314414,0.0,0.0,0.2599999999999909,1.0,7812.0,7812.0,2021-11-30,2021-11-30 09:20:00,3.50459680853729,376.0,1.0,best_within_2.0d,8187.0,385.2,0.7185628742515046,2.8389999999999986,8.0,0.007097695186617629,2.0400000000000205,10.0,0.005136598262621228,0.4929364202292669,5.6011759621451125,36.843533123028394,0.015614239272951093,2.82998018927445,22.52492113564669,0.007835530045022196,1.8630914826498424,0.00402220134195386,1.9444468750000041,16.553125,0.005470102952261012,0.0,1
7812.0,2021-11-30 09:25:00,399.17,399.25,398.71,398.78,144253.0,2,2,0.0,sell,False,0.739697076435373,4.163492493946733,28.239017640954685,0.011578080659927173,0.26737181988046077,0.20551190409659198,0.33919781403682236,0.0008519446017786665,61.93729141401272,84.20666296675495,83.39457981567014,85.83082926892456,144253.0,2.1000000000000227,1.0,2.8389999999999986,8.0,0.007097695186617629,2.1000000000000227,11.0,0.0052876746821100915,2.0,2.0,0.26737181988046077,0.33919781403682236,0.20551190409659198,61.93729141401272,84.20666296675495,83.39457981567014,85.83082926892456,38.26888399118431,14.025245441796026,46.90544468927727,-0.09770273317134133,0.13543678362720285,0.07999999999998408,0.06999999999999318,0.3900000000000432,0.0,7813.0,7813.0,2021-11-30,2021-11-30 09:25:00,3.405386428607248,375.0,1.0,best_within_2.0d,8187.0,385.2,0.739697076435373,2.8389999999999986,8.0,0.007097695186617629,2.1000000000000227,11.0,0.0052876746821100915,0.4929364202292669,5.6011759621451125,36.843533123028394,0.015614239272951093,2.82998018927445,22.52492113564669,0.007835530045022196,1.8630914826498424,0.00402220134195386,1.9444468750000041,16.553125,0.005470102952261012,0.0,1
7816.0,2021-11-30 09:45:00,398.73,399.365,398.51,398.89,964519.0,2,2,0.0,sell,False,0.780204297287789,4.163492493946733,28.239017640954685,0.011578080659927173,0.08125840143787044,0.2746167110685503,0.3152459117874855,0.0007914536907779714,61.152272143957966,68.98964840688265,73.74602790318188,59.47688941428419,964519.0,2.215000000000032,1.0,2.8389999999999986,8.0,0.007097695186617629,2.215000000000032,15.0,0.0055772378194637595,2.0,2.0,0.08125840143787044,0.3152459117874855,0.2746167110685503,61.152272143957966,68.98964840688265,73.74602790318188,59.47688941428419,27.457063157499405,15.010695120272926,39.44317100093526,0.04012740450930909,0.2145491957541889,0.47500000000002274,0.22000000000002728,0.15999999999996817,1.0,7817.0,7817.0,2021-11-30,2021-11-30 09:45:00,3.4320238662287847,371.0,1.0,best_within_2.0d,8187.0,385.2,0.780204297287789,2.8389999999999986,8.0,0.007097695186617629,2.215000000000032,15.0,0.0055772378194637595,0.4929364202292669,5.6011759621451125,36.843533123028394,0.015614239272951093,2.82998018927445,22.52492113564669,0.007835530045022196,1.8630914826498424,0.00402220134195386,1.9444468750000041,16.553125,0.005470102952261012,0.0,1
7817.0,2021-11-30 09:50:00,398.9,399.62,398.67,399.55,755514.0,2,2,0.0,sell,False,0.8700246565692246,4.163492493946733,28.239017640954685,0.011578080659927173,0.14535425550606562,0.2927859930068085,0.36546312075984133,0.0009173174799962747,68.89064841840818,78.00816485129288,75.16674021921888,83.69101411544088,755514.0,2.4700000000000273,1.0,2.8389999999999986,8.0,0.007097695186617629,2.4700000000000273,16.0,0.006219312602291395,2.0,2.0,0.14535425550606562,0.36546312075984133,0.2927859930068085,68.89064841840818,78.00816485129288,75.16674021921888,83.69101411544088,27.041520714716917,13.691909222641648,38.96673801827537,0.16294810729506998,0.23829232197054925,0.06999999999999318,0.22999999999996135,0.6500000000000341,1.0,7818.0,7818.0,2021-11-30,2021-11-30 09:50:00,3.5915404830434294,370.0,1.0,best_within_2.0d,8187.0,385.2,0.8700246565692246,2.8389999999999986,8.0,0.007097695186617629,2.4700000000000273,16.0,0.006219312602291395,0.4929364202292669,5.6011759621451125,36.843533123028394,0.015614239272951093,2.82998018927445,22.52492113564669,0.007835530045022196,1.8630914826498424,0.00402220134195386,1.9444468750000041,16.553125,0.005470102952261012,0.0,1
7818.0,2021-11-30 09:55:00,399.565,400.25,399.49,399.98,758101.0,1,1,0.0,sell,False,5.193076856777035,3.1000000000000227,17.0,0.0078056150069243935,0.22745322769552723,0.3212176464687494,0.434944260316513,0.001091396334926909,72.70543002823331,81.5887765675288,77.30741900198885,90.15149169860871,758101.0,3.1000000000000227,1.0,3.1000000000000227,17.0,0.0078056150069243935,3.1000000000000227,17.0,0.0078056150069243935,1.0,1.0,0.22745322769552723,0.434944260316513,0.3212176464687494,72.70543002823331,81.5887765675288,77.30741900198885,90.15149169860871,31.262294907647885,12.76012037046866,39.185469981773274,0.10386295095917322,0.19024255926305814,0.2699999999999818,0.07499999999998863,0.41500000000002046,1.0,7819.0,7819.0,2021-11-30,2021-11-30 09:55:00,3.695184759237969,369.0,1.0,best_within_2.0d,8187.0,385.2,0.5832424107187206,4.3760036431226785,32.22527881040892,0.012230020343504162,2.285057100371749,15.890706319702602,0.006381710269403211,0.4929364202292669,5.6011759621451125,36.843533123028394,0.015614239272951093,2.82998018927445,22.52492113564669,0.007835530045022196,1.8630914826498424,0.00402220134195386,1.9444468750000041,16.553125,0.005470102952261012,0.0,1
7819.0,2021-11-30 10:00:00,399.99,400.69,399.84,400.35,832948.0,1,1,0.0,sell,False,5.193076856777035,3.5400000000000205,18.0,0.008913508749842682,0.3083559101872483,0.35976213524215545,0.5139400903357796,0.0012891805900914486,75.49047128758883,83.73524071638096,79.45002624011954,92.30566966890379,832948.0,3.5400000000000205,1.0,3.5400000000000205,18.0,0.008913508749842682,3.5400000000000205,18.0,0.008913508749842682,1.0,1.0,0.3083559101872483,0.5139400903357796,0.35976213524215545,75.49047128758883,83.73524071638096,79.45002624011954,92.30566966890379,31.790957017429527,11.958980696211844,39.62438613504391,0.09000225005625481,0.21258503401361115,0.339999999999975,0.1500000000000341,0.36000000000001364,1.0,7820.0,7820.0,2021-11-30,2021-11-30 10:00:00,3.784188834769585,368.0,1.0,best_within_2.0d,8187.0,385.2,0.5832424107187206,4.3760036431226785,32.22527881040892,0.012230020343504162,2.285057100371749,15.890706319702602,0.006381710269403211,0.4929364202292669,5.6011759621451125,36.843533123028394,0.015614239272951093,2.82998018927445,22.52492113564669,0.007835530045022196,1.8630914826498424,0.00402220134195386,1.9444468750000041,16.553125,0.005470102952261012,0.0,1
7820.0,2021-11-30 10:05:00,400.38,400.98,400.1901,400.94,731411.0,1,1,0.0,sell,False,6.510848032095994,3.830000000000041,19.0,0.00964371144403888,0.4116446957576638,0.41121772221186337,0.6170400700906953,0.0015471427656808894,79.14477921436337,88.73084205373192,82.54363151132367,101.10526313854842,731411.0,3.830000000000041,1.0,3.830000000000041,19.0,0.00964371144403888,3.830000000000041,19.0,0.00964371144403888,1.0,1.0,0.4116446957576638,0.6170400700906953,0.41121772221186337,79.14477921436337,88.73084205373192,82.54363151132367,101.10526313854842,25.650943588281617,12.214735042038836,39.32863505166521,0.139867126230082,0.19738119458728381,0.040000000000020464,0.18990000000002283,0.5600000000000023,1.0,7821.0,7821.0,2021-11-30,2021-11-30 10:05:00,3.9257744300892927,367.0,1.0,best_within_2.0d,8187.0,385.2,0.5832424107187206,4.3760036431226785,32.22527881040892,0.012230020343504162,2.285057100371749,15.890706319702602,0.006381710269403211,0.4929364202292669,5.6011759621451125,36.843533123028394,0.015614239272951093,2.82998018927445,22.52492113564669,0.007835530045022196,1.8630914826498424,0.00402220134195386,1.9444468750000041,16.553125,0.005470102952261012,0.0,1
7821.0,2021-11-30 10:10:00,400.91,401.19,400.01,400.3,882272.0,1,1,0.0,sell,False,6.510848032095994,4.0400000000000205,20.0,0.010172478912249832,0.36562041371025056,0.4569202739256447,0.63973048078077,0.0016035966926226514,67.40465445790502,83.60499250687923,82.89741850984218,85.02014050095332,882272.0,4.0400000000000205,1.0,4.0400000000000205,20.0,0.010172478912249832,4.0400000000000205,20.0,0.010172478912249832,1.0,1.0,0.36562041371025056,0.63973048078077,0.4569202739256447,67.40465445790502,83.60499250687923,82.89741850984218,85.02014050095332,25.768816899812602,11.326952483434164,39.300253812969366,-0.15215384999127327,0.2949926251843721,0.2799999999999727,0.29000000000002046,0.6100000000000136,0.0,7822.0,7822.0,2021-11-30,2021-11-30 10:10:00,3.7721708718461207,366.0,1.0,best_within_2.0d,8187.0,385.2,0.5832424107187206,4.3760036431226785,32.22527881040892,0.012230020343504162,2.285057100371749,15.890706319702602,0.006381710269403211,0.4929364202292669,5.6011759621451125,36.843533123028394,0.015614239272951093,2.82998018927445,22.52492113564669,0.007835530045022196,1.8630914826498424,0.00402220134195386,1.9444468750000041,16.553125,0.005470102952261012,1.0,1
7827.0,2021-11-30 10:40:00,398.69,399.15,398.35,398.57,817161.0,3a,3a,1.0,buy,False,0.0020143522598514703,4.163492493946733,28.239017640954685,0.011578080659927173,-0.2963796462642636,0.48666852649362025,0.33847870336148844,0.0008479875433190234,44.65634976014445,40.884989253938336,57.02637084668271,8.602226068449596,817161.0,2.839999999999975,2.0,2.839999999999975,7.0,0.00707894015304463,2.839999999999975,7.0,0.00707894015304463,3.0,3.0,-0.2963796462642636,0.33847870336148844,0.48666852649362025,44.65634976014445,40.884989253938336,57.02637084668271,8.602226068449596,18.697099792174335,22.297729740613864,30.88923214956401,-0.03009857282600631,0.20082841722102535,0.45999999999997954,0.21999999999997044,0.12000000000000455,0.0,7828.0,7828.0,2021-11-30,2021-11-30 10:40:00,0.5569912436962209,329.0,1.0,best_within_2.0d,8156.0,400.79,0.5832424107187206,4.3760036431226785,32.22527881040892,0.012230020343504162,2.285057100371749,15.890706319702602,0.006381710269403211,0.4929364202292669,5.6011759621451125,36.843533123028394,0.015614239272951093,2.82998018927445,22.52492113564669,0.007835530045022196,1.8630914826498424,0.0020143522598514703,2.839999999999975,7.0,0.00707894015304463,0.0,0
7852.0,2021-11-30 12:45:00,393.75,393.94,393.29,393.38,657904.0,2,2,0.0,sell,False,0.23199152542372864,4.163492493946733,28.239017640954685,0.011578080659927173,0.5604592052950284,-1.0811667514891974,-0.8009371488416832,-0.002031734951579767,42.023586639169366,79.55026954804126,71.36993776721545,95.91093310969288,657904.0,2.1899999999999977,1.0,9.439999999999998,25.0,0.023529998255190802,2.1899999999999977,8.0,0.005590299936183785,2.0,2.0,0.5604592052950284,-0.8009371488416832,-1.0811667514891974,42.023586639169366,79.55026954804126,71.36993776721545,95.91093310969288,11.478567988441192,12.682613581634591,41.54621223381338,-0.09396825396825512,0.1652724452693883,0.18999999999999773,0.08999999999997499,0.37000000000000455,0.0,7853.0,7853.0,2021-11-30,2021-11-30 12:45:00,2.2319385835578758,359.0,1.0,best_within_2.0d,8211.0,384.6,0.23199152542372864,9.439999999999998,25.0,0.023529998255190802,2.1899999999999977,8.0,0.005590299936183785,0.4929364202292669,5.6011759621451125,36.843533123028394,0.015614239272951093,2.82998018927445,22.52492113564669,0.007835530045022196,1.8630914826498424,0.00402220134195386,1.9444468750000041,16.553125,0.005470102952261012,1.0,1
7863.0,2021-11-30 13:40:00,393.59,393.77,393.19,393.77,35177.0,1p,1p,1.0,buy,False,56.23449959741691,6.03000000000003,9.0,0.015104453684685208,-0.8650268118906035,-0.9390726093388497,-1.3715860152841515,-0.003458161924461704,23.098200757876498,8.780850275746594,15.985800419332614,-5.629050011425445,35177.0,6.03000000000003,0.0,6.03000000000003,9.0,0.015104453684685208,6.03000000000003,0.0,0.0,1.0,1.0,-0.8650268118906035,-1.3715860152841515,-0.9390726093388497,23.098200757876498,8.780850275746594,15.985800419332614,-5.629050011425445,3.604531410916844,62.409886714727605,46.193592372367775,0.045732869229402895,0.14751138126605054,0.0,0.39999999999997726,0.18000000000000682,1.0,7864.0,7864.0,2021-11-30,2021-11-30 13:40:00,1.5712511721027005,293.0,1.0,best_within_2.0d,8156.0,400.79,0.5832424107187206,4.3760036431226785,32.22527881040892,0.012230020343504162,2.285057100371749,15.890706319702602,0.006381710269403211,0.4929364202292669,5.6011759621451125,36.843533123028394,0.015614239272951093,2.82998018927445,22.52492113564669,0.007835530045022196,1.8630914826498424,0.00402220134195386,1.9444468750000041,16.553125,0.005470102952261012,0.0,0
7863.0,2021-11-30 13:40:00,393.98,394.36,393.91,394.36,7209.0,2,2,1.0,buy,False,0.5199999999999818,4.163492493946733,28.239017640954685,0.011578080659927173,0.3556896058561716,-0.8293269035948688,-0.651482100666783,-0.0016493638322016444,40.803709674025306,47.570519319489,54.42926812962746,33.85302169921209,7209.0,0.7799999999999727,1.0,1.5,8.0,0.0038149495155014117,0.7799999999999727,9.0,0.0019762345131621594,2.0,2.0,0.3556896058561716,-0.651482100666783,-0.8293269035948688,40.803709674025306,47.570519319489,54.42926812962746,33.85302169921209,22.306238185255243,21.361058601134047,33.714885680406745,0.09645159652774137,0.11423929323956959,0.0,0.06999999999999318,0.37999999999999545,1.0,7864.0,7864.0,2021-11-30,2021-11-30 13:40:00,1.5712511721027005,293.0,1.0,best_within_2.0d,8156.0,400.79,0.5199999999999818,1.5,8.0,0.0038149495155014117,0.7799999999999727,9.0,0.0019762345131621594,0.4929364202292669,5.6011759621451125,36.843533123028394,0.015614239272951093,2.82998018927445,22.52492113564669,0.007835530045022196,1.8630914826498424,0.00402220134195386,1.9444468750000041,16.553125,0.005470102952261012,0.0,0
7863.0,2021-11-30 13:40:00,394.9,397.0,393.34,394.59,189061.0,2s,2s,1.0,buy,False,0.9000000000000151,4.163492493946733,28.239017640954685,0.011578080659927173,-0.15195715073963556,0.05536947586605934,-0.020609099503758443,-5.215260433316852e-05,40.38243198023966,26.20137181711148,34.07871527810791,10.446684895118622,189061.0,2.890000000000043,1.0,1.5,8.0,0.0038149495155014117,2.890000000000043,11.0,0.007293743532796717,1.0,2.5,-0.15195715073963556,-0.020609099503758443,0.05536947586605934,40.38243198023966,26.20137181711148,34.07871527810791,10.446684895118622,37.41533168476509,13.546930437587804,21.947552718904408,-0.07850088630032978,0.9304927035135062,2.1000000000000227,1.25,0.3100000000000023,0.0,7864.0,7864.0,2021-11-30,2021-11-30 13:40:00,1.5712511721027005,293.0,1.0,best_within_2.0d,8156.0,400.79,0.5832424107187206,4.3760036431226785,32.22527881040892,0.012230020343504162,2.285057100371749,15.890706319702602,0.006381710269403211,0.9000000000000151,1.5,8.0,0.0038149495155014117,2.890000000000043,11.0,0.007293743532796717,1.0,0.00402220134195386,1.9444468750000041,16.553125,0.005470102952261012,0.0,0
7865.0,2021-11-30 13:50:00,393.98,394.8139,393.9601,394.8139,329279.0,2s,2s,0.0,sell,False,0.3245656779661007,4.163492493946733,28.239017640954685,0.011578080659927173,0.5960022808073435,-0.39375805515689577,-0.09575691475322401,-0.000243151455538043,59.47276178116294,80.05138617233548,66.53075770980763,107.0926430973912,329279.0,2.248899999999992,1.0,9.439999999999998,25.0,0.023529998255190802,2.248899999999992,7.0,0.005728732821316194,1.0,2.5,0.5960022808073435,-0.09575691475322401,-0.39375805515689577,59.47276178116294,80.05138617233548,66.53075770980763,107.0926430973912,21.532058539857825,9.173061601040633,31.90952599311237,0.2116604903802151,0.21672245488819258,0.0,0.019900000000006912,0.8338999999999714,1.0,7866.0,7866.0,2021-11-30,2021-11-30 13:50:00,2.5870163132554267,346.0,1.0,best_within_2.0d,8211.0,384.6,0.5832424107187206,4.3760036431226785,32.22527881040892,0.012230020343504162,2.285057100371749,15.890706319702602,0.006381710269403211,0.3245656779661007,9.439999999999998,25.0,0.023529998255190802,2.248899999999992,7.0,0.005728732821316194,1.0,0.00402220134195386,1.9444468750000041,16.553125,0.005470102952261012,0.0,1
7866.0,2021-11-30 13:55:00,394.82,395.21,394.67,395.1984,427964.0,2s,2s,0.0,sell,False,0.3665254237288115,4.163492493946733,28.239017640954685,0.011578080659927173,0.6768257349394414,-0.3091548382894656,0.029258029180255107,7.427435355863903e-05,62.307259866617514,86.5547363392131,73.20541725294278,113.25337451175372,427964.0,2.644999999999982,1.0,9.439999999999998,25.0,0.023529998255190802,2.644999999999982,8.0,0.00673773769948921,1.0,2.5,0.6768257349394414,0.029258029180255107,-0.3091548382894656,62.307259866617514,86.5547363392131,73.20541725294278,113.25337451175372,25.87816052944133,9.28007805871442,33.00239221446167,0.09584114279925009,0.13682316872322792,0.011599999999987176,0.14999999999997726,0.3783999999999992,1.0,7867.0,7867.0,2021-11-30,2021-11-30 13:55:00,2.681792233976648,345.0,1.0,best_within_2.0d,8211.0,384.6,0.5832424107187206,4.3760036431226785,32.22527881040892,0.012230020343504162,2.285057100371749,15.890706319702602,0.006381710269403211,0.3665254237288115,9.439999999999998,25.0,0.023529998255190802,2.644999999999982,8.0,0.00673773769948921,1.0,0.00402220134195386,1.9444468750000041,16.553125,0.005470102952261012,0.0,1
7867.0,2021-11-30 14:00:00,395.18,395.27,394.77,395.01,399020.0,2s,2s,0.0,sell,False,0.37288135593220156,4.163492493946733,28.239017640954685,0.011578080659927173,0.6735945023220322,-0.22495552549921158,0.1118417256618045,0.00028386282946244487,60.08958634656384,87.83254757795977,78.08112736128177,107.33538801131579,399020.0,2.704999999999984,1.0,9.439999999999998,25.0,0.023529998255190802,2.704999999999984,9.0,0.006890578630290484,1.0,2.5,0.6735945023220322,0.1118417256618045,-0.22495552549921158,60.08958634656384,87.83254757795977,78.08112736128177,107.33538801131579,26.914133149599127,9.096977004565005,34.179137848512894,-0.04301837137507361,0.1266560275603516,0.08999999999997499,0.2400000000000091,0.17000000000001592,0.0,7868.0,7868.0,2021-11-30,2021-11-30 14:00:00,2.635376319586838,344.0,1.0,best_within_2.0d,8211.0,384.6,0.5832424107187206,4.3760036431226785,32.22527881040892,0.012230020343504162,2.285057100371749,15.890706319702602,0.006381710269403211,0.37288135593220156,9.439999999999998,25.0,0.023529998255190802,2.704999999999984,9.0,0.006890578630290484,1.0,0.00402220134195386,1.9444468750000041,16.553125,0.005470102952261012,0.0,1
7868.0,2021-11-30 14:05:00,395.02,395.28,394.51,395.06,403322.0,2s,2s,0.0,sell,False,0.3739406779660989,4.163492493946733,28.239017640954685,0.011578080659927173,0.646741810996127,-0.1441127991246957,0.1792581063733678,0.00045488002504234044,60.49149132367663,88.90733524167545,81.689863321413,103.34227908220035,403322.0,2.714999999999975,1.0,9.439999999999998,25.0,0.023529998255190802,2.714999999999975,10.0,0.00691605211875734,1.0,2.5,0.646741810996127,0.1792581063733678,-0.1441127991246957,60.49149132367663,88.90733524167545,81.689863321413,103.34227908220035,28.188706476636856,6.821666967346478,36.097099131705036,0.0101260695661031,0.1951788294339768,0.21999999999997044,0.5099999999999909,0.040000000000020464,1.0,7869.0,7869.0,2021-11-30,2021-11-30 14:05:00,2.647699083683486,343.0,1.0,best_within_2.0d,8211.0,384.6,0.5832424107187206,4.3760036431226785,32.22527881040892,0.012230020343504162,2.285057100371749,15.890706319702602,0.006381710269403211,0.3739406779660989,9.439999999999998,25.0,0.023529998255190802,2.714999999999975,10.0,0.00691605211875734,1.0,0.00402220134195386,1.9444468750000041,16.553125,0.005470102952261012,0.0,1
7869.0,2021-11-30 14:10:00,395.1,395.37,394.99,395.14,429175.0,2s,2s,0.0,sell,False,0.38347457627118703,4.163492493946733,28.239017640954685,0.011578080659927173,0.60884631384617,-0.06800700989392446,0.23641614702916058,0.0005998028047312459,61.16533839713589,89.13581022144848,84.17184562142482,99.0637394214958,429175.0,2.805000000000007,1.0,9.439999999999998,25.0,0.023529998255190802,2.805000000000007,11.0,0.007145313514959324,1.0,2.5,0.60884631384617,0.23641614702916058,-0.06800700989392446,61.16533839713589,89.13581022144848,84.17184562142482,99.0637394214958,30.546775487097218,5.4842666415062995,38.48717072751133,0.010124019235627339,0.09620496721435871,0.2300000000000182,0.11000000000001364,0.03999999999996362,1.0,7870.0,7870.0,2021-11-30,2021-11-30 14:10:00,2.667409019587985,342.0,1.0,best_within_2.0d,8211.0,384.6,0.5832424107187206,4.3760036431226785,32.22527881040892,0.012230020343504162,2.285057100371749,15.890706319702602,0.006381710269403211,0.38347457627118703,9.439999999999998,25.0,0.023529998255190802,2.805000000000007,11.0,0.007145313514959324,1.0,0.00402220134195386,1.9444468750000041,16.553125,0.005470102952261012,0.0,1
7872.0,2021-11-30 14:25:00,395.13,395.55,394.75,394.79,439813.0,2s,2s,0.0,sell,False,0.40254237288135725,4.163492493946733,28.239017640954685,0.011578080659927173,0.37934568083374953,0.10961366891425044,0.2992865093311252,0.0007589708254708308,55.9154234239349,77.31428707020149,83.23102350040368,65.4808142097971,439813.0,2.9850000000000136,1.0,9.439999999999998,25.0,0.023529998255190802,2.9850000000000136,14.0,0.007603836307363146,1.0,2.5,0.37934568083374953,0.2992865093311252,0.10961366891425044,55.9154234239349,77.31428707020149,83.23102350040368,65.4808142097971,32.168633827364694,8.59779849567781,41.80112043632504,-0.08604762989395262,0.2026599113362917,0.4200000000000159,0.040000000000020464,0.339999999999975,0.0,7873.0,7873.0,2021-11-30,2021-11-30 14:25:00,2.5811190759644362,339.0,1.0,best_within_2.0d,8211.0,384.6,0.5832424107187206,4.3760036431226785,32.22527881040892,0.012230020343504162,2.285057100371749,15.890706319702602,0.006381710269403211,0.40254237288135725,9.439999999999998,25.0,0.023529998255190802,2.9850000000000136,14.0,0.007603836307363146,1.0,0.00402220134195386,1.9444468750000041,16.553125,0.005470102952261012,1.0,1
7895.0,2021-11-30 16:20:00,395.35,395.7,395.29,395.35,84429.0,2s,2s,0.0,sell,False,0.4184322033898294,4.163492493946733,28.239017640954685,0.011578080659927173,0.47795705195903143,0.05015303417207275,0.2891315601515885,0.0007333835079247273,61.06568988537521,81.6504564846093,70.93473079412585,103.08190786557617,84429.0,2.9699999999999704,1.0,9.439999999999998,25.0,0.023529998255190802,2.9699999999999704,7.0,0.007562447483003515,2.0,2.5,0.47795705195903143,0.2891315601515885,0.05015303417207275,61.06568988537521,81.6504564846093,70.93473079412585,103.08190786557617,34.080978735800315,9.903874162539951,40.26918520510667,0.0,0.10372131852563135,0.3499999999999659,0.060000000000002274,0.0,0.0,7896.0,7896.0,2021-11-30,2021-11-30 16:20:00,2.7191096496775007,316.0,1.0,best_within_2.0d,8211.0,384.6,0.5832424107187206,4.3760036431226785,32.22527881040892,0.012230020343504162,2.285057100371749,15.890706319702602,0.006381710269403211,0.4184322033898294,9.439999999999998,25.0,0.023529998255190802,2.9699999999999704,7.0,0.007562447483003515,2.0,0.00402220134195386,1.9444468750000041,16.553125,0.005470102952261012,1.0,1
7898.0,2021-11-30 16:35:00,395.63,396.23,395.5,395.93,120366.0,1p,1p,0.0,sell,False,2.86518759241623,2.319999999999993,17.0,0.005889670229240164,0.34788188950946314,-0.1086256502443759,0.06531529451035567,0.0001653073302649965,54.02985897534138,76.08714237279963,67.12703741761254,94.00735228317382,120366.0,2.319999999999993,0.0,2.319999999999993,17.0,0.005889670229240164,2.319999999999993,0.0,0.0,1.0,1.0,0.34788188950946314,0.06531529451035567,-0.1086256502443759,54.02985897534138,76.08714237279963,67.12703741761254,94.00735228317382,37.919299951385725,19.607843137255333,14.91053630220389,0.07582842554912705,0.1845764854614458,0.30000000000001137,0.12999999999999545,0.30000000000001137,1.0,7899.0,7899.0,2021-11-30,2021-11-30 16:35:00,2.4854885314649624,258.0,1.0,best_within_2.0d,8156.0,400.79,0.5832424107187206,4.3760036431226785,32.22527881040892,0.012230020343504162,2.285057100371749,15.890706319702602,0.006381710269403211,0.4929364202292669,5.6011759621451125,36.843533123028394,0.015614239272951093,2.82998018927445,22.52492113564669,0.007835530045022196,1.8630914826498424,0.00402220134195386,1.9444468750000041,16.553125,0.005470102952261012,0.0,1
7898.0,2021-11-30 16:35:00,391.17,391.34,390.76,391.07,834177.0,1p,1p,1.0,buy,False,3.6261712824856533,8.0,25.0,0.020062192797672785,-0.5286786516435515,-0.64999881000124,-0.9143381358230158,-0.002323530693663152,29.247291134438186,10.953886309570423,15.11636093873935,2.6289370512325725,834177.0,8.0,0.0,8.0,25.0,0.020062192797672785,8.0,0.0,0.0,1.0,1.0,-0.5286786516435515,-0.9143381358230158,-0.64999881000124,29.247291134438186,10.953886309570423,15.11636093873935,2.6289370512325725,7.493861597821695,32.65462927391544,42.21948770707098,-0.025564332643102164,0.14842870304022523,0.16999999999995907,0.3100000000000023,0.10000000000002274,0.0,7899.0,7899.0,2021-11-30,2021-11-30 16:35:00,2.4854885314649624,258.0,1.0,best_within_2.0d,8156.0,400.79,0.5832424107187206,4.3760036431226785,32.22527881040892,0.012230020343504162,2.285057100371749,15.890706319702602,0.006381710269403211,0.4929364202292669,5.6011759621451125,36.843533123028394,0.015614239272951093,2.82998018927445,22.52492113564669,0.007835530045022196,1.8630914826498424,0.00402220134195386,1.9444468750000041,16.553125,0.005470102952261012,0.0,0
7901.0,2021-11-30 16:50:00,395.65,395.73,395.59,395.63,11642.0,2s,2s,0.0,sell,False,0.42161016949152746,4.163492493946733,28.239017640954685,0.011578080659927173,0.26169903477453926,0.3129506707082957,0.4438001880955653,0.0011243944668018581,62.50324613603214,92.4250111060226,87.86851323014503,101.53800685777776,11642.0,3.0,1.0,9.439999999999998,25.0,0.023529998255190802,3.0,13.0,0.007638835841417768,2.0,2.5,0.26169903477453926,0.4438001880955653,0.3129506707082957,62.50324613603214,92.4250111060226,87.86851323014503,101.53800685777776,28.37996191592293,22.36707192031692,33.081040101526916,-0.005054972829516445,0.035390176698107435,0.08000000000004093,0.040000000000020464,0.01999999999998181,0.0,7902.0,7902.0,2021-11-30,2021-11-30 16:50:00,2.787958446022792,310.0,1.0,best_within_2.0d,8211.0,384.6,0.5832424107187206,4.3760036431226785,32.22527881040892,0.012230020343504162,2.285057100371749,15.890706319702602,0.006381710269403211,0.42161016949152746,9.439999999999998,25.0,0.023529998255190802,3.0,13.0,0.007638835841417768,2.0,0.00402220134195386,1.9444468750000041,16.553125,0.005470102952261012,0.0,1
7902.0,2021-11-30 16:55:00,395.66,395.83,395.62,395.82,25165.0,2s,2s,0.0,sell,False,0.4322033898305069,4.163492493946733,28.239017640954685,0.011578080659927173,0.24287559908697343,0.3433101205941674,0.4647479201376541,0.0011772196964425987,64.29675136476664,94.80895572267914,90.18199406098972,104.06287904605801,25165.0,3.099999999999966,1.0,9.439999999999998,25.0,0.023529998255190802,3.099999999999966,14.0,0.007893463702798273,2.0,2.5,0.24287559908697343,0.4647479201376541,0.3433101205941674,64.29675136476664,94.80895572267914,90.18199406098972,104.06287904605801,28.618472636036124,23.94542888505631,31.353124008356087,0.040438760551981034,0.05308123957332276,0.009999999999990905,0.040000000000020464,0.15999999999996817,1.0,7903.0,7903.0,2021-11-30,2021-11-30 16:55:00,2.8346217977868653,309.0,1.0,best_within_2.0d,8211.0,384.6,0.5832424107187206,4.3760036431226785,32.22527881040892,0.012230020343504162,2.285057100371749,15.890706319702602,0.006381710269403211,0.4322033898305069,9.439999999999998,25.0,0.023529998255190802,3.099999999999966,14.0,0.007893463702798273,2.0,0.00402220134195386,1.9444468750000041,16.553125,0.005470102952261012,0.0,1
7903.0,2021-11-30 17:00:00,395.8,395.8896,395.72,395.72,4897.0,2s,2s,0.0,sell,False,0.43851694915253964,4.163492493946733,28.239017640954685,0.011578080659927173,0.19932217559312582,0.3682253925433081,0.467886480339871,0.0011849617310106708,62.599634097184875,94.20591544904235,91.52330119034059,99.5711439664459,4897.0,3.159599999999955,1.0,9.439999999999998,25.0,0.023529998255190802,3.159599999999955,15.0,0.008045221908181077,2.0,2.5,0.19932217559312582,0.467886480339871,0.3682253925433081,62.599634097184875,94.20591544904235,91.52330119034059,99.5711439664459,31.12568945345177,19.672405147919747,30.724092359514163,-0.020212228398176876,0.04285858687959814,0.08959999999996171,0.0,0.07999999999998408,0.0,7904.0,7904.0,2021-11-30,2021-11-30 17:00:00,2.8100677246537966,308.0,1.0,best_within_2.0d,8211.0,384.6,0.5832424107187206,4.3760036431226785,32.22527881040892,0.012230020343504162,2.285057100371749,15.890706319702602,0.006381710269403211,0.43851694915253964,9.439999999999998,25.0,0.023529998255190802,3.159599999999955,15.0,0.008045221908181077,2.0,0.00402220134195386,1.9444468750000041,16.553125,0.005470102952261012,1.0,1
7915.0,2021-11-30 18:00:00,395.86,396.45,395.86,396.31,41390.0,2s,2s,0.0,sell,False,0.4978813559322023,4.163492493946733,28.239017640954685,0.011578080659927173,-0.03245767215017492,0.35992899085995694,0.3437001547848695,0.0008691879114492129,68.51400980046563,65.33453073124203,61.296158851370734,73.41127449098462,41390.0,3.7199999999999704,1.0,9.439999999999998,25.0,0.023529998255190802,3.7199999999999704,27.0,0.009472156443357957,2.0,2.5,-0.03245767215017492,0.3437001547848695,0.35992899085995694,68.51400980046563,65.33453073124203,61.296158851370734,73.41127449098462,43.33791208791061,7.297390109890707,39.71232858404046,0.11367655231647264,0.14904259081492824,0.13999999999998636,0.0,0.44999999999998863,1.0,7916.0,7916.0,2021-11-30,2021-11-30 18:00:00,2.954757639221816,296.0,1.0,best_within_2.0d,8211.0,384.6,0.5832424107187206,4.3760036431226785,32.22527881040892,0.012230020343504162,2.285057100371749,15.890706319702602,0.006381710269403211,0.4978813559322023,9.439999999999998,25.0,0.023529998255190802,3.7199999999999704,27.0,0.009472156443357957,2.0,0.00402220134195386,1.9444468750000041,16.553125,0.005470102952261012,1.0,1
7939.0,2021-12-01 04:00:00,397.4,398.58,397.4,398.43,11608.0,2s,2s,0.0,sell,False,0.7235169491525408,4.163492493946733,28.239017640954685,0.011578080659927173,0.3555818797503943,-0.06246364751268899,0.11532729236250816,0.00029159278957253357,76.07086457732905,55.65929656752409,39.286607451989155,88.40467479859396,11608.0,5.849999999999966,1.0,9.439999999999998,25.0,0.023529998255190802,5.849999999999966,51.0,0.01489572989076456,2.0,2.5,0.3555818797503943,0.11532729236250816,-0.06246364751268899,76.07086457732905,55.65929656752409,39.286607451989155,88.40467479859396,57.24907063197148,20.44609665427638,44.07480607613994,0.2591847005536059,0.2969300452944154,0.14999999999997726,0.0,1.0300000000000296,1.0,7940.0,7940.0,2021-12-01,2021-12-01 04:00:00,3.471124162337169,272.0,1.0,best_within_2.0d,8211.0,384.6,0.5832424107187206,4.3760036431226785,32.22527881040892,0.012230020343504162,2.285057100371749,15.890706319702602,0.006381710269403211,0.7235169491525408,9.439999999999998,25.0,0.023529998255190802,5.849999999999966,51.0,0.01489572989076456,2.0,0.00402220134195386,1.9444468750000041,16.553125,0.005470102952261012,0.0,1
7940.0,2021-12-01 04:05:00,398.43,398.75,398.41,398.68,13581.0,2s,2s,0.0,sell,False,0.7415254237288137,4.163492493946733,28.239017640954685,0.011578080659927173,0.6609315408968585,0.020152795099418315,0.35061856554784754,0.0008859754094111241,77.0909469760697,69.88660845417883,49.486607786052375,110.68660979043173,13581.0,6.019999999999982,1.0,9.439999999999998,25.0,0.023529998255190802,6.019999999999982,52.0,0.015328597255111607,2.0,2.5,0.6609315408968585,0.35061856554784754,0.020152795099418315,77.0909469760697,69.88660845417883,49.486607786052375,110.68660979043173,58.0606060606074,19.515151515152503,44.47571278498702,0.06274627914564666,0.08533922341306066,0.06999999999999318,0.01999999999998181,0.25,1.0,7941.0,7941.0,2021-12-01,2021-12-01 04:05:00,3.5316544597170623,271.0,1.0,best_within_2.0d,8211.0,384.6,0.5832424107187206,4.3760036431226785,32.22527881040892,0.012230020343504162,2.285057100371749,15.890706319702602,0.006381710269403211,0.7415254237288137,9.439999999999998,25.0,0.023529998255190802,6.019999999999982,52.0,0.015328597255111607,2.0,0.00402220134195386,1.9444468750000041,16.553125,0.005470102952261012,0.0,1
7941.0,2021-12-01 04:10:00,398.64,398.82,398.64,398.68,50237.0,2s,2s,0.0,sell,False,0.7489406779661012,4.163492493946733,28.239017640954685,0.011578080659927173,0.8173042110137465,0.12231582147613662,0.5309679269830099,0.001340961671037029,77.0909469760697,78.83660454831823,59.269940040140995,117.96993356467271,50237.0,6.089999999999975,1.0,9.439999999999998,25.0,0.023529998255190802,6.089999999999975,53.0,0.015506836758078004,2.0,2.5,0.8173042110137465,0.5309679269830099,0.12231582147613662,77.0909469760697,78.83660454831823,59.269940040140995,117.96993356467271,55.08905852417385,20.483460559797447,44.569679428291124,0.010034115994386028,0.04515352197471574,0.13999999999998636,0.0,0.040000000000020464,1.0,7942.0,7942.0,2021-12-01,2021-12-01 04:10:00,3.5316544597170623,270.0,1.0,best_within_2.0d,8211.0,384.6,0.5832424107187206,4.3760036431226785,32.22527881040892,0.012230020343504162,2.285057100371749,15.890706319702602,0.006381710269403211,0.7489406779661012,9.439999999999998,25.0,0.023529998255190802,6.089999999999975,53.0,0.015506836758078004,2.0,0.00402220134195386,1.9444468750000041,16.553125,0.005470102952261012,0.0,1
7942.0,2021-12-01 04:15:00,398.77,399.04,398.77,398.99,2704.0,2s,2s,0.0,sell,False,0.7722457627118667,4.163492493946733,28.239017640954685,0.011578080659927173,0.9098078255029787,0.23604179966400896,0.6909457124154983,0.0017439978436884131,78.41427048865356,85.52152054884178,68.02046687637458,120.5236278937762,2704.0,6.310000000000002,1.0,9.439999999999998,25.0,0.023529998255190802,6.310000000000002,54.0,0.016067018053115376,2.0,2.5,0.9098078255029787,0.6909457124154983,0.23604179966400896,78.41427048865356,85.52152054884178,68.02046687637458,120.5236278937762,56.433121019109336,20.509554140128376,44.72104102068841,0.05516964666349707,0.06770820272338407,0.05000000000001137,0.0,0.22000000000002728,1.0,7943.0,7943.0,2021-12-01,2021-12-01 04:15:00,3.606606681871723,269.0,1.0,best_within_2.0d,8211.0,384.6,0.5832424107187206,4.3760036431226785,32.22527881040892,0.012230020343504162,2.285057100371749,15.890706319702602,0.006381710269403211,0.7722457627118667,9.439999999999998,25.0,0.023529998255190802,6.310000000000002,54.0,0.016067018053115376,2.0,0.00402220134195386,1.9444468750000041,16.553125,0.005470102952261012,0.0,1
7945.0,2021-12-01 04:30:00,398.79,399.08,398.79,399.08,1914.0,2s,2s,0.0,sell,False,0.7764830508474562,4.163492493946733,28.239017640954685,0.011578080659927173,0.7606369374357338,0.5426810054364568,0.9229994741543237,0.0023264975560044563,75.96413275072503,92.8173748108979,83.95924153970029,110.53364135329315,1914.0,6.349999999999966,1.0,9.439999999999998,25.0,0.023529998255190802,6.349999999999966,57.0,0.01616886919766752,2.0,2.5,0.7606369374357338,0.9229994741543237,0.5426810054364568,75.96413275072503,92.8173748108979,83.95924153970029,110.53364135329315,65.74202496532754,7.9056865464640245,49.804609932205736,0.07271997793323895,0.07271997793323895,0.0,0.0,0.2899999999999636,1.0,7946.0,7946.0,2021-12-01,2021-12-01 04:30:00,3.6283451939460662,266.0,1.0,best_within_2.0d,8211.0,384.6,0.5832424107187206,4.3760036431226785,32.22527881040892,0.012230020343504162,2.285057100371749,15.890706319702602,0.006381710269403211,0.7764830508474562,9.439999999999998,25.0,0.023529998255190802,6.349999999999966,57.0,0.01616886919766752,2.0,0.00402220134195386,1.9444468750000041,16.553125,0.005470102952261012,0.0,1
7946.0,2021-12-01 04:35:00,398.98,399.29,398.98,399.29,1700.0,2s,2s,0.0,sell,False,0.7987288135593243,4.163492493946733,28.239017640954685,0.011578080659927173,0.7076118073416293,0.6311324813541604,0.9849383850249751,0.0024814353164907977,77.01453380914029,95.21158320726526,87.71002209555527,110.21470543068523,1700.0,6.560000000000002,1.0,9.439999999999998,25.0,0.023529998255190802,6.560000000000002,58.0,0.016703587706566856,2.0,2.5,0.7076118073416293,0.9849383850249751,0.6311324813541604,77.01453380914029,95.21158320726526,87.71002209555527,110.21470543068523,68.84561891516194,7.510431154381431,51.9848427122238,0.0776981302320924,0.0776981302320924,0.0,0.0,0.3100000000000023,1.0,7947.0,7947.0,2021-12-01,2021-12-01 04:35:00,3.6790302787447713,265.0,1.0,best_within_2.0d,8211.0,384.6,0.5832424107187206,4.3760036431226785,32.22527881040892,0.012230020343504162,2.285057100371749,15.890706319702602,0.006381710269403211,0.7987288135593243,9.439999999999998,25.0,0.023529998255190802,6.560000000000002,58.0,0.016703587706566856,2.0,0.00402220134195386,1.9444468750000041,16.553125,0.005470102952261012,1.0,1
7987.0,2021-12-01 08:00:00,399.39,399.6501,394.115,398.96,90838.0,1p,1p,1.0,buy,False,0.6379830990614109,5.634999999999991,8.0,0.014096310193871147,-0.18320022334516628,0.21472084993953128,0.12312073826694814,0.00030842576630472944,43.65845410503489,49.0987328509337,46.530023343457,54.23615186588711,90838.0,5.634999999999991,0.0,5.634999999999991,8.0,0.014096310193871147,5.634999999999991,0.0,0.0,1.0,1.0,-0.18320022334516628,0.12312073826694814,0.21472084993953128,43.65845410503489,49.0987328509337,46.530023343457,54.23615186588711,5.668445244051012,69.56168131015131,30.30158904393793,-0.10766418788652866,1.4044377910000887,0.26010000000002265,4.84499999999997,0.4300000000000068,0.0,7988.0,7988.0,2021-12-01,2021-12-01 08:00:00,0.4586926007619914,169.0,1.0,best_within_2.0d,8156.0,400.79,0.5832424107187206,4.3760036431226785,32.22527881040892,0.012230020343504162,2.285057100371749,15.890706319702602,0.006381710269403211,0.4929364202292669,5.6011759621451125,36.843533123028394,0.015614239272951093,2.82998018927445,22.52492113564669,0.007835530045022196,1.8630914826498424,0.00402220134195386,1.9444468750000041,16.553125,0.005470102952261012,1.0,0
8034.0,2021-12-01 11:55:00,399.17,399.2,397.98,398.29,722658.0,2,2,1.0,buy,False,0.39277297721916676,4.163492493946733,28.239017640954685,0.011578080659927173,-0.15097192710664387,0.298853971727456,0.22336800817413405,0.0005597511023311537,42.452939461453525,35.446715839707544,53.74492033827435,-1.1496931574260572,722658.0,2.5,1.0,6.365000000000009,40.0,0.016150108470877812,2.5,9.0,0.006242508989212944,2.0,2.0,-0.15097192710664387,0.22336800817413405,0.298853971727456,42.452939461453525,35.446715839707544,53.74492033827435,-1.1496931574260572,18.67527523948806,24.18427112798171,23.6365732293487,-0.22045744920710358,0.30654806774209015,0.029999999999972715,0.3100000000000023,0.8799999999999955,0.0,8035.0,8035.0,2021-12-01,2021-12-01 11:55:00,0.6276833463054559,122.0,1.0,best_within_2.0d,8156.0,400.79,0.39277297721916676,6.365000000000009,40.0,0.016150108470877812,2.5,9.0,0.006242508989212944,0.4929364202292669,5.6011759621451125,36.843533123028394,0.015614239272951093,2.82998018927445,22.52492113564669,0.007835530045022196,1.8630914826498424,0.00402220134195386,1.9444468750000041,16.553125,0.005470102952261012,1.0,0
8040.0,2021-12-01 12:25:00,398.5,398.75,397.95,398.12,375799.0,2,2,1.0,buy,False,0.3974862529458014,4.163492493946733,28.239017640954685,0.011578080659927173,-0.3211105514736189,0.10110614353018614,-0.05944913220662329,-0.00014904150110595747,42.4005426287431,24.474347439720724,32.23368458743859,8.955673144284987,375799.0,2.5300000000000296,1.0,6.365000000000009,40.0,0.016150108470877812,2.5300000000000296,15.0,0.006317419097083573,2.0,2.0,-0.3211105514736189,-0.05944913220662329,0.10110614353018614,42.4005426287431,24.474347439720724,32.23368458743859,8.955673144284987,7.043259557344271,28.268611670019833,25.168976263074132,-0.09535759096612183,0.20103028018595587,0.25,0.17000000000001592,0.37999999999999545,0.0,8041.0,8041.0,2021-12-01,2021-12-01 12:25:00,0.6706520647041133,116.0,1.0,best_within_2.0d,8156.0,400.79,0.3974862529458014,6.365000000000009,40.0,0.016150108470877812,2.5300000000000296,15.0,0.006317419097083573,0.4929364202292669,5.6011759621451125,36.843533123028394,0.015614239272951093,2.82998018927445,22.52492113564669,0.007835530045022196,1.8630914826498424,0.00402220134195386,1.9444468750000041,16.553125,0.005470102952261012,0.0,0
8041.0,2021-12-01 12:30:00,398.12,398.48,397.8,398.33,474681.0,2,2,1.0,buy,False,0.42105263157894784,4.163492493946733,28.239017640954685,0.011578080659927173,-0.31199029412668655,0.06210735676435032,-0.09388779029899297,-0.00023540456565766924,44.7399070502505,24.76918218469386,29.745517119857013,14.816512314367557,474681.0,2.680000000000007,1.0,6.365000000000009,40.0,0.016150108470877812,2.680000000000007,16.0,0.006691969636436293,2.0,2.0,-0.31199029412668655,-0.09388779029899297,0.06210735676435032,44.7399070502505,24.76918218469386,29.745517119857013,14.816512314367557,6.836914062500194,28.905273437499464,27.78141862991924,0.052747915201441654,0.17094017094017266,0.1500000000000341,0.3199999999999932,0.20999999999997954,1.0,8042.0,8042.0,2021-12-01,2021-12-01 12:30:00,0.6175783897773295,115.0,1.0,best_within_2.0d,8156.0,400.79,0.42105263157894784,6.365000000000009,40.0,0.016150108470877812,2.680000000000007,16.0,0.006691969636436293,0.4929364202292669,5.6011759621451125,36.843533123028394,0.015614239272951093,2.82998018927445,22.52492113564669,0.007835530045022196,1.8630914826498424,0.00402220134195386,1.9444468750000041,16.553125,0.005470102952261012,0.0,0
8045.0,2021-12-01 12:50:00,398.06,398.06,396.97,396.99,518492.0,2,2,1.0,buy,False,0.5514532600157087,4.163492493946733,28.239017640954685,0.011578080659927173,-0.38737839357443926,-0.08593732754273618,-0.27962652432995583,-0.0007015377986051018,33.559406848753255,19.463709087429105,26.732155926024628,4.926815410238056,518492.0,3.509999999999991,1.0,6.365000000000009,40.0,0.016150108470877812,3.509999999999991,20.0,0.008764482620854951,2.0,2.0,-0.38737839357443926,-0.27962652432995583,-0.08593732754273618,33.559406848753255,19.463709087429105,26.732155926024628,4.926815410238056,7.101249070200845,32.19857607929046,34.6767361384452,-0.26880369793498293,0.27457994306873945,0.0,0.01999999999998181,1.0699999999999932,0.0,8046.0,8046.0,2021-12-01,2021-12-01 12:50:00,0.957202952215424,111.0,1.0,best_within_2.0d,8156.0,400.79,0.5514532600157087,6.365000000000009,40.0,0.016150108470877812,3.509999999999991,20.0,0.008764482620854951,0.4929364202292669,5.6011759621451125,36.843533123028394,0.015614239272951093,2.82998018927445,22.52492113564669,0.007835530045022196,1.8630914826498424,0.00402220134195386,1.9444468750000041,16.553125,0.005470102952261012,0.0,0
8046.0,2021-12-01 12:55:00,397.01,397.05,395.79,395.99,780541.0,2,2,1.0,buy,False,0.7368421052631565,4.163492493946733,28.239017640954685,0.011578080659927173,-0.5730277053390882,-0.15756579071012222,-0.4440796433796663,-0.0011146628764658706,27.86337760207853,14.919440654981777,22.794584169010342,-0.830846373075353,780541.0,4.689999999999998,1.0,6.365000000000009,40.0,0.016150108470877812,4.689999999999998,21.0,0.011710946863763477,2.0,2.0,-0.5730277053390882,-0.4440796433796663,-0.15756579071012222,27.86337760207853,14.919440654981777,22.794584169010342,-0.830846373075353,6.837058325659967,39.83742105899468,37.25005685656602,-0.25692048059242384,0.31835064049116724,0.040000000000020464,0.19999999999998863,1.0199999999999818,0.0,8047.0,8047.0,2021-12-01,2021-12-01 12:55:00,1.2121518220157104,110.0,1.0,best_within_2.0d,8156.0,400.79,0.7368421052631565,6.365000000000009,40.0,0.016150108470877812,4.689999999999998,21.0,0.011710946863763477,0.4929364202292669,5.6011759621451125,36.843533123028394,0.015614239272951093,2.82998018927445,22.52492113564669,0.007835530045022196,1.8630914826498424,0.00402220134195386,1.9444468750000041,16.553125,0.005470102952261012,0.0,0
8048.0,2021-12-01 13:05:00,396.44,396.67,395.18,395.5,1076694.0,2,2,1.0,buy,False,0.8326787117046354,4.163492493946733,28.239017640954685,0.011578080659927173,-0.7011423695875248,-0.3204078185052475,-0.67097900329901,-0.0016856744060372855,28.358552141181534,13.736371383539923,18.29255328256749,4.62400758548479,1076694.0,5.300000000000011,1.0,6.365000000000009,40.0,0.016150108470877812,5.300000000000011,23.0,0.01323411905713147,2.0,2.0,-0.7011423695875248,-0.67097900329901,-0.3204078185052475,28.358552141181534,13.736371383539923,18.29255328256749,4.62400758548479,6.475682056431914,32.974796726481195,41.590456619623424,-0.23711028150539748,0.3770433726403181,0.2300000000000182,0.3199999999999932,0.9399999999999977,0.0,8049.0,8049.0,2021-12-01,2021-12-01 13:05:00,1.3375474083438736,108.0,1.0,best_within_2.0d,8156.0,400.79,0.8326787117046354,6.365000000000009,40.0,0.016150108470877812,5.300000000000011,23.0,0.01323411905713147,0.4929364202292669,5.6011759621451125,36.843533123028394,0.015614239272951093,2.82998018927445,22.52492113564669,0.007835530045022196,1.8630914826498424,0.00402220134195386,1.9444468750000041,16.553125,0.005470102952261012,0.0,0
8049.0,2021-12-01 13:10:00,395.48,395.5,394.73,395.35,916891.0,2,2,1.0,buy,False,0.9033778476040836,4.163492493946733,28.239017640954685,0.011578080659927173,-0.7400855150583275,-0.4129185078875384,-0.7829612654167022,-0.0019679910987977205,27.660328356332315,14.560631031292464,17.048579198809147,9.584734696259098,916891.0,5.75,1.0,6.365000000000009,40.0,0.016150108470877812,5.75,24.0,0.014357770675189771,2.0,2.0,-0.7400855150583275,-0.7829612654167022,-0.4129185078875384,27.660328356332315,14.560631031292464,17.048579198809147,9.584734696259098,6.492783832959292,37.0365136285747,43.63172487267956,-0.03287144735511162,0.19507004788082533,0.01999999999998181,0.6200000000000045,0.12999999999999545,0.0,8050.0,8050.0,2021-12-01,2021-12-01 13:10:00,1.375995952953079,107.0,1.0,best_within_2.0d,8156.0,400.79,0.9033778476040836,6.365000000000009,40.0,0.016150108470877812,5.75,24.0,0.014357770675189771,0.4929364202292669,5.6011759621451125,36.843533123028394,0.015614239272951093,2.82998018927445,22.52492113564669,0.007835530045022196,1.8630914826498424,0.00402220134195386,1.9444468750000041,16.553125,0.005470102952261012,0.0,0
8050.0,2021-12-01 13:15:00,395.34,395.815,394.73,394.77,945142.0,2,2,1.0,buy,False,0.9033778476040836,4.163492493946733,28.239017640954685,0.011578080659927173,-0.7921973101466182,-0.5119431716558657,-0.9080418267291748,-0.00228369269214435,25.088152358888962,10.055671232190301,14.717609876602864,0.7317939433651759,945142.0,5.75,1.0,6.365000000000009,40.0,0.016150108470877812,5.75,25.0,0.014357770675189771,2.0,2.0,-0.7921973101466182,-0.9080418267291748,-0.5119431716558657,25.088152358888962,10.055671232190301,14.717609876602864,0.7317939433651759,7.3106959782572885,36.06495338356185,45.25026192854684,-0.14417969342843964,0.2748714311048006,0.47500000000002274,0.03999999999996362,0.5699999999999932,0.0,8051.0,8051.0,2021-12-01,2021-12-01 13:15:00,1.524938571826643,106.0,1.0,best_within_2.0d,8156.0,400.79,0.9033778476040836,6.365000000000009,40.0,0.016150108470877812,5.75,25.0,0.014357770675189771,0.4929364202292669,5.6011759621451125,36.843533123028394,0.015614239272951093,2.82998018927445,22.52492113564669,0.007835530045022196,1.8630914826498424,0.00402220134195386,1.9444468750000041,16.553125,0.005470102952261012,1.0,0
8055.0,2021-12-01 13:40:00,395.89,395.98,394.51,395.03,796814.0,2,2,1.0,buy,False,0.9379418695993745,4.163492493946733,28.239017640954685,0.011578080659927173,-0.2667115991800455,-0.7638927635754535,-0.8972485631654763,-0.002260110342603785,33.63524532725279,28.71819165502232,25.601043125093877,34.9524887148792,796814.0,5.970000000000027,1.0,6.365000000000009,40.0,0.016150108470877812,5.970000000000027,30.0,0.014907111466240578,2.0,2.0,-0.2667115991800455,-0.8972485631654763,-0.7638927635754535,33.63524532725279,28.71819165502232,25.601043125093877,34.9524887148792,7.307586532039028,36.720229442501356,51.147020822291815,-0.21723205941044577,0.3726141289194259,0.09000000000003183,0.5199999999999818,0.8600000000000136,0.0,8056.0,8056.0,2021-12-01,2021-12-01 13:40:00,1.45811710503001,101.0,1.0,best_within_2.0d,8156.0,400.79,0.9379418695993745,6.365000000000009,40.0,0.016150108470877812,5.970000000000027,30.0,0.014907111466240578,0.4929364202292669,5.6011759621451125,36.843533123028394,0.015614239272951093,2.82998018927445,22.52492113564669,0.007835530045022196,1.8630914826498424,0.00402220134195386,1.9444468750000041,16.553125,0.005470102952261012,0.0,0
8056.0,2021-12-01 13:45:00,395.03,395.08,393.45,393.6382,1123564.0,1,1,1.0,buy,False,2.7587775919284576,7.03000000000003,31.0,0.017553935277666872,-0.4207317288573482,-0.816484229682622,-1.0268500941112961,-0.0025881883451562,27.414148374683037,21.09370126897961,24.098595839722453,15.083912127493925,1123564.0,7.03000000000003,2.0,7.03000000000003,31.0,0.017553935277666872,7.03000000000003,31.0,0.017553935277666872,1.0,1.0,-0.4207317288573482,-1.0268500941112961,-0.816484229682622,27.414148374683037,21.09370126897961,24.098595839722453,15.083912127493925,6.697151910128175,41.28614121628883,52.642625367264976,-0.3523276713160999,0.4142838988435622,0.05000000000001137,0.18819999999999482,1.3917999999999893,0.0,8057.0,8057.0,2021-12-01,2021-12-01 13:45:00,1.8168460276467167,100.0,1.0,best_within_2.0d,8156.0,400.79,0.5832424107187206,4.3760036431226785,32.22527881040892,0.012230020343504162,2.285057100371749,15.890706319702602,0.006381710269403211,0.4929364202292669,5.6011759621451125,36.843533123028394,0.015614239272951093,2.82998018927445,22.52492113564669,0.007835530045022196,1.8630914826498424,0.00402220134195386,1.9444468750000041,16.553125,0.005470102952261012,1.0,0
8061.0,2021-12-01 14:10:00,394.23,394.38,393.06,393.65,827319.0,1,1,1.0,buy,False,2.7587775919284385,7.420000000000016,36.0,0.01852776667998406,-0.2028958372569032,-0.9454556934079223,-1.046903612036374,-0.0026436199218671835,33.7283365521198,30.521998989381935,33.49497707320617,24.576042821733466,827319.0,7.420000000000016,2.0,7.420000000000016,36.0,0.01852776667998406,7.420000000000016,36.0,0.01852776667998406,1.0,1.0,-0.2028958372569032,-1.046903612036374,-0.9454556934079223,33.7283365521198,30.521998989381935,33.49497707320617,24.576042821733466,8.447888196248758,33.592287910815685,55.33235806785234,-0.14712223828730459,0.33582659136009596,0.14999999999997726,0.589999999999975,0.5800000000000409,0.0,8062.0,8062.0,2021-12-01,2021-12-01 14:10:00,1.8137939794233566,95.0,1.0,best_within_2.0d,8156.0,400.79,0.5832424107187206,4.3760036431226785,32.22527881040892,0.012230020343504162,2.285057100371749,15.890706319702602,0.006381710269403211,0.4929364202292669,5.6011759621451125,36.843533123028394,0.015614239272951093,2.82998018927445,22.52492113564669,0.007835530045022196,1.8630914826498424,0.00402220134195386,1.9444468750000041,16.553125,0.005470102952261012,0.0,0
8062.0,2021-12-01 14:15:00,393.7195,393.99,392.79,393.02,757269.0,1,1,1.0,buy,False,2.7587775919284385,7.689999999999998,37.0,0.019201957650819012,-0.2864249483034196,-0.9812588119458499,-1.1244712860975596,-0.002841081953671841,31.092875312781686,22.65050906186605,29.880154402759462,8.191218380079228,757269.0,7.689999999999998,2.0,7.689999999999998,37.0,0.019201957650819012,7.689999999999998,37.0,0.019201957650819012,1.0,1.0,-0.2864249483034196,-1.1244712860975596,-0.9812588119458499,31.092875312781686,22.65050906186605,29.880154402759462,8.191218380079228,8.616096562898878,31.51476868571741,55.45576113632979,-0.17766455560367228,0.3055067593370474,0.27050000000002683,0.22999999999996135,0.6995000000000005,0.0,8063.0,8063.0,2021-12-01,2021-12-01 14:15:00,1.9769986260241308,94.0,1.0,best_within_2.0d,8156.0,400.79,0.5832424107187206,4.3760036431226785,32.22527881040892,0.012230020343504162,2.285057100371749,15.890706319702602,0.006381710269403211,0.4929364202292669,5.6011759621451125,36.843533123028394,0.015614239272951093,2.82998018927445,22.52492113564669,0.007835530045022196,1.8630914826498424,0.00402220134195386,1.9444468750000041,16.553125,0.005470102952261012,1.0,0
8071.0,2021-12-01 15:00:00,393.29,393.6,392.06,392.09,830812.0,1,1,1.0,buy,False,2.758777591928522,8.420000000000016,46.0,0.021024770275669236,-0.08682847583030373,-0.8912359900014115,-0.9346502279165634,-0.0023675425536572744,32.20460956436166,26.67960202677268,39.69094791989923,0.6569102405195792,830812.0,8.420000000000016,2.0,8.420000000000016,46.0,0.021024770275669236,8.420000000000016,46.0,0.021024770275669236,1.0,1.0,-0.08682847583030373,-0.9346502279165634,-0.8912359900014115,32.20460956436166,26.67960202677268,39.69094791989923,0.6569102405195792,13.199089765360533,27.91202898451099,47.19267687191727,-0.30511836049735447,0.3927970208641587,0.3100000000000023,0.029999999999972715,1.2000000000000455,0.0,8072.0,8072.0,2021-12-01,2021-12-01 15:00:00,2.2188783187533594,85.0,1.0,best_within_2.0d,8156.0,400.79,0.5832424107187206,4.3760036431226785,32.22527881040892,0.012230020343504162,2.285057100371749,15.890706319702602,0.006381710269403211,0.4929364202292669,5.6011759621451125,36.843533123028394,0.015614239272951093,2.82998018927445,22.52492113564669,0.007835530045022196,1.8630914826498424,0.00402220134195386,1.9444468750000041,16.553125,0.005470102952261012,0.0,0
8072.0,2021-12-01 15:05:00,392.11,392.4869,391.38,391.4899,927690.0,1,1,1.0,buy,False,2.758777591928541,9.100000000000023,47.0,0.022722732720735172,-0.25888480330712715,-0.9235965904148025,-1.053038992068366,-0.002669076593655994,29.881067770020564,18.765902242447222,32.71593269408189,-9.134158660822123,927690.0,9.100000000000023,2.0,9.100000000000023,47.0,0.022722732720735172,9.100000000000023,47.0,0.022722732720735172,1.0,1.0,-0.25888480330712715,-1.053038992068366,-0.9235965904148025,29.881067770020564,18.765902242447222,32.71593269408189,-9.134158660822123,9.80346075594108,31.827673961068253,47.60057322438395,-0.1581443982556008,0.28281976595635855,0.3768999999999778,0.1098999999999819,0.6201000000000363,0.0,8073.0,8073.0,2021-12-01,2021-12-01 15:05:00,2.3755657553362277,84.0,1.0,best_within_2.0d,8156.0,400.79,0.5832424107187206,4.3760036431226785,32.22527881040892,0.012230020343504162,2.285057100371749,15.890706319702602,0.006381710269403211,0.4929364202292669,5.6011759621451125,36.843533123028394,0.015614239272951093,2.82998018927445,22.52492113564669,0.007835530045022196,1.8630914826498424,0.00402220134195386,1.9444468750000041,16.553125,0.005470102952261012,0.0,0
8073.0,2021-12-01 15:10:00,391.46,391.9,391.152,391.7,957560.0,1,1,1.0,buy,False,2.758777591928522,9.328000000000031,48.0,0.023292049540551415,-0.30949851694072206,-0.9622839050323927,-1.1170331635027537,-0.002832785688079354,31.738010463348843,17.114096118620722,27.515320502261503,-3.688352648660839,957560.0,9.328000000000031,2.0,9.328000000000031,48.0,0.023292049540551415,9.328000000000031,48.0,0.023292049540551415,1.0,1.0,-0.30949851694072206,-1.1170331635027537,-0.9622839050323927,31.738010463348843,17.114096118620722,27.515320502261503,-3.688352648660839,10.082385520037297,32.028838384884644,47.92306425748262,0.06130894599703906,0.19123000777191232,0.19999999999998863,0.3079999999999927,0.2400000000000091,1.0,8074.0,8074.0,2021-12-01,2021-12-01 15:10:00,2.320653561399038,83.0,1.0,best_within_2.0d,8156.0,400.79,0.5832424107187206,4.3760036431226785,32.22527881040892,0.012230020343504162,2.285057100371749,15.890706319702602,0.006381710269403211,0.4929364202292669,5.6011759621451125,36.843533123028394,0.015614239272951093,2.82998018927445,22.52492113564669,0.007835530045022196,1.8630914826498424,0.00402220134195386,1.9444468750000041,16.553125,0.005470102952261012,0.0,0
8074.0,2021-12-01 15:15:00,391.6843,391.69,390.2,390.32,1132701.0,1,1,1.0,buy,False,2.758777591928522,10.28000000000003,49.0,0.0256691969636437,-0.4835886231955562,-1.0227324829318374,-1.2645267945296155,-0.003209241539172897,26.730634577943874,12.258654312626152,22.429765105716385,-8.083567273554308,1132701.0,10.28000000000003,2.0,10.28000000000003,49.0,0.0256691969636437,10.28000000000003,49.0,0.0256691969636437,1.0,1.0,-0.4835886231955562,-1.2645267945296155,-1.0227324829318374,26.730634577943874,12.258654312626152,22.429765105716385,-8.083567273554308,9.604820830619893,35.393106896392936,48.59355549055293,-0.3483162332521406,0.3818554587391105,0.005699999999990268,0.12000000000000455,1.3643000000000143,0.0,8075.0,8075.0,2021-12-01,2021-12-01 15:15:00,2.6824144291863155,82.0,1.0,best_within_2.0d,8156.0,400.79,0.5832424107187206,4.3760036431226785,32.22527881040892,0.012230020343504162,2.285057100371749,15.890706319702602,0.006381710269403211,0.4929364202292669,5.6011759621451125,36.843533123028394,0.015614239272951093,2.82998018927445,22.52492113564669,0.007835530045022196,1.8630914826498424,0.00402220134195386,1.9444468750000041,16.553125,0.005470102952261012,0.0,0
8075.0,2021-12-01 15:20:00,390.32,390.57,389.04,389.36,1651785.0,1,1,1.0,buy,False,2.758777591928522,11.439999999999998,50.0,0.028565721134638428,-0.6712362152710378,-1.1066370098407172,-1.4422551174762361,-0.0036635121116583595,23.905115925212797,9.989585555379348,18.283038588937373,-6.597320511736704,1651785.0,11.439999999999998,2.0,11.439999999999998,50.0,0.028565721134638428,11.439999999999998,50.0,0.028565721134638428,1.0,1.0,-0.6712362152710378,-1.4422551174762361,-1.1066370098407172,23.905115925212797,9.989585555379348,18.283038588937373,-6.597320511736704,9.473936939918627,35.55970851421398,49.26009238737832,-0.24595203935232107,0.39327575570634704,0.25,0.3199999999999932,0.9599999999999795,0.0,8076.0,8076.0,2021-12-01,2021-12-01 15:20:00,2.9355866036572853,81.0,1.0,best_within_2.0d,8156.0,400.79,0.5832424107187206,4.3760036431226785,32.22527881040892,0.012230020343504162,2.285057100371749,15.890706319702602,0.006381710269403211,0.4929364202292669,5.6011759621451125,36.843533123028394,0.015614239272951093,2.82998018927445,22.52492113564669,0.007835530045022196,1.8630914826498424,0.00402220134195386,1.9444468750000041,16.553125,0.005470102952261012,0.0,0
8076.0,2021-12-01 15:25:00,389.38,390.35,388.67,389.63,1676129.0,1,1,1.0,buy,False,2.758777591928541,11.810000000000002,51.0,0.029489612465041955,-0.6990232438541062,-1.1940149153224806,-1.5435265372495337,-0.003923745229432546,26.265785392193905,11.787928831791243,16.118002003221996,3.127782488929739,1676129.0,11.810000000000002,2.0,11.810000000000002,51.0,0.029489612465041955,11.810000000000002,51.0,0.029489612465041955,1.0,1.0,-0.6990232438541062,-1.5435265372495337,-1.1940149153224806,26.265785392193905,11.787928831791243,16.118002003221996,3.127782488929739,9.18776391222563,35.114878513847664,49.92170916490318,0.06420463300631774,0.43224329122391925,0.7200000000000273,0.7099999999999795,0.25,1.0,8077.0,8077.0,2021-12-01,2021-12-01 15:25:00,2.8642558324564393,80.0,1.0,best_within_2.0d,8156.0,400.79,0.5832424107187206,4.3760036431226785,32.22527881040892,0.012230020343504162,2.285057100371749,15.890706319702602,0.006381710269403211,0.4929364202292669,5.6011759621451125,36.843533123028394,0.015614239272951093,2.82998018927445,22.52492113564669,0.007835530045022196,1.8630914826498424,0.00402220134195386,1.9444468750000041,16.553125,0.005470102952261012,1.0,0
8082.0,2021-12-01 15:55:00,389.13,389.23,386.64,387.05,2604811.0,1,1,1.0,buy,False,2.758777591930527,13.840000000000032,57.0,0.03455852976428294,-0.47773625610951687,-1.4582025149940878,-1.6970706430488463,-0.004329906021005476,24.65258583426393,19.928346633029555,23.57677137406234,12.631497150963988,2604811.0,13.840000000000032,2.0,13.840000000000032,57.0,0.03455852976428294,13.840000000000032,57.0,0.03455852976428294,1.0,1.0,-0.47773625610951687,-1.6970706430488463,-1.4582025149940878,24.65258583426393,19.928346633029555,23.57677137406234,12.631497150963988,7.817111497535651,44.669208557344206,54.42360713713125,-0.5345257369002606,0.6698737843989323,0.10000000000002274,0.410000000000025,2.079999999999984,0.0,8083.0,8083.0,2021-12-01,2021-12-01 15:55:00,3.549928949748097,74.0,1.0,best_within_2.0d,8156.0,400.79,0.5832424107187206,4.3760036431226785,32.22527881040892,0.012230020343504162,2.285057100371749,15.890706319702602,0.006381710269403211,0.4929364202292669,5.6011759621451125,36.843533123028394,0.015614239272951093,2.82998018927445,22.52492113564669,0.007835530045022196,1.8630914826498424,0.00402220134195386,1.9444468750000041,16.553125,0.005470102952261012,0.0,0
8083.0,2021-12-01 16:00:00,387.08,389.41,385.93,386.69,1525736.0,1,1,1.0,buy,False,2.758777591930527,14.550000000000011,58.0,0.03633140231721936,-0.6347485228248564,-1.537546080347195,-1.8549203417596232,-0.0047373456924163755,23.782861667905138,18.003131150759557,21.718891299628076,10.57161085302252,1525736.0,14.550000000000011,2.0,14.550000000000011,58.0,0.03633140231721936,14.550000000000011,58.0,0.03633140231721936,1.0,1.0,-0.6347485228248564,-1.8549203417596232,-1.537546080347195,23.782861667905138,18.003131150759557,21.718891299628076,10.57161085302252,5.81873440122354,43.80881850838424,56.004091455686066,-0.10075436602252413,0.9017179281216848,2.330000000000041,0.7599999999999909,0.38999999999998636,0.0,8084.0,8084.0,2021-12-01,2021-12-01 16:00:00,3.64633168688097,73.0,1.0,best_within_2.0d,8156.0,400.79,0.5832424107187206,4.3760036431226785,32.22527881040892,0.012230020343504162,2.285057100371749,15.890706319702602,0.006381710269403211,0.4929364202292669,5.6011759621451125,36.843533123028394,0.015614239272951093,2.82998018927445,22.52492113564669,0.007835530045022196,1.8630914826498424,0.00402220134195386,1.9444468750000041,16.553125,0.005470102952261012,1.0,0
8156.0,2021-12-02 06:05:00,400.64,400.8,400.64,400.79,11485.0,1p,1p,0.0,sell,False,1.2115079925072074,2.2707000000000335,27.0,0.005697699014852945,0.13396376118830686,0.08383592521623741,0.15081780581039084,0.0003768458558872691,70.8215548773515,95.01285454338651,88.93982025158627,107.15892312698696,11485.0,2.2707000000000335,0.0,2.2707000000000335,27.0,0.005697699014852945,2.2707000000000335,0.0,0.0,1.0,1.0,0.13396376118830686,0.15081780581039084,0.08383592521623741,70.8215548773515,95.01285454338651,88.93982025158627,107.15892312698696,33.03964757709277,23.348017621146862,35.24740495305271,0.037440095846653886,0.03993610223642797,0.009999999999990905,0.0,0.1500000000000341,1.0,8157.0,8157.0,2021-12-02,2021-12-02 06:05:00,5.297038349260216,261.0,1.0,best_within_2.0d,8417.0,379.56,0.5832424107187206,4.3760036431226785,32.22527881040892,0.012230020343504162,2.285057100371749,15.890706319702602,0.006381710269403211,0.4929364202292669,5.6011759621451125,36.843533123028394,0.015614239272951093,2.82998018927445,22.52492113564669,0.007835530045022196,1.8630914826498424,0.00402220134195386,1.9444468750000041,16.553125,0.005470102952261012,0.0,1
8172.0,2021-12-02 07:25:00,386.66,386.66,385.75,386.18,61573.0,1,1,1.0,buy,False,2.758777593416549,14.730000000000018,147.0,0.03678086296444271,-0.3566195440622939,-0.30127678038864236,-0.4795865524197893,-0.0012368485215672627,21.899036164118783,12.043182740964996,14.445009278382289,7.239529666130412,61573.0,14.730000000000018,2.0,14.730000000000018,147.0,0.03678086296444271,14.730000000000018,147.0,0.03678086296444271,1.0,1.0,-0.3566195440622939,-0.4795865524197893,-0.30127678038864236,21.899036164118783,12.043182740964996,14.445009278382289,7.239529666130412,6.607142857143994,50.00000000000051,48.926566144797974,-0.12414007138054574,0.2359040829552884,0.0,0.4300000000000068,0.4800000000000182,0.0,8173.0,8173.0,2021-12-02,2021-12-02 07:25:00,3.6731575949039317,80.0,1.0,best_within_2.0d,8252.0,400.365,0.5832424107187206,4.3760036431226785,32.22527881040892,0.012230020343504162,2.285057100371749,15.890706319702602,0.006381710269403211,0.4929364202292669,5.6011759621451125,36.843533123028394,0.015614239272951093,2.82998018927445,22.52492113564669,0.007835530045022196,1.8630914826498424,0.00402220134195386,1.9444468750000041,16.553125,0.005470102952261012,0.0,0
8175.0,2021-12-02 07:40:00,386.12,386.12,385.33,385.61,25514.0,1,1,1.0,buy,False,2.7587775931246394,15.150000000000034,150.0,0.037829604474630525,-0.39623516130266745,-0.4468029877221594,-0.6449205683734931,-0.0016648908720780318,20.768002572959972,11.386271608805469,12.403644652055066,9.351525522306272,25514.0,15.150000000000034,2.0,15.150000000000034,150.0,0.037829604474630525,15.150000000000034,150.0,0.037829604474630525,1.0,1.0,-0.39623516130266745,-0.6449205683734931,-0.4468029877221594,20.768002572959972,11.386271608805469,12.403644652055066,9.351525522306272,5.509775407982067,51.54306026821899,54.394954608012554,-0.13208329016885706,0.20501907455947382,0.0,0.28000000000002956,0.5099999999999909,0.0,8176.0,8176.0,2021-12-02,2021-12-02 07:40:00,3.8264049168849343,77.0,1.0,best_within_2.0d,8252.0,400.365,0.5832424107187206,4.3760036431226785,32.22527881040892,0.012230020343504162,2.285057100371749,15.890706319702602,0.006381710269403211,0.4929364202292669,5.6011759621451125,36.843533123028394,0.015614239272951093,2.82998018927445,22.52492113564669,0.007835530045022196,1.8630914826498424,0.00402220134195386,1.9444468750000041,16.553125,0.005470102952261012,1.0,0
8187.0,2021-12-02 08:40:00,385.83,385.84,385.2,385.2,53546.0,1,1,1.0,buy,False,2.758777592212229,15.28000000000003,162.0,0.03815421494206959,-0.0818953882896144,-0.4292211287861794,-0.4701688229309866,-0.0012158455279345267,32.84468880025494,13.28292770437151,21.7643673234774,-3.679951533840274,53546.0,15.28000000000003,2.0,15.28000000000003,162.0,0.03815421494206959,15.28000000000003,162.0,0.03815421494206959,1.0,1.0,-0.0818953882896144,-0.4701688229309866,-0.4292211287861794,32.84468880025494,13.28292770437151,21.7643673234774,-3.679951533840274,35.25295109612141,21.163575042158516,39.69588843165252,-0.16328434802892347,0.1661474558670785,0.009999999999990905,0.0,0.6299999999999955,0.0,8188.0,8188.0,2021-12-02,2021-12-02 08:40:00,3.936915887850473,65.0,1.0,best_within_2.0d,8252.0,400.365,0.5832424107187206,4.3760036431226785,32.22527881040892,0.012230020343504162,2.285057100371749,15.890706319702602,0.006381710269403211,0.4929364202292669,5.6011759621451125,36.843533123028394,0.015614239272951093,2.82998018927445,22.52492113564669,0.007835530045022196,1.8630914826498424,0.00402220134195386,1.9444468750000041,16.553125,0.005470102952261012,0.0,0
8188.0,2021-12-02 08:45:00,385.21,385.48,385.07,385.429,73192.0,1,1,1.0,buy,False,2.758777594478816,15.410000000000025,163.0,0.03847882540950865,-0.1121494304515448,-0.44323980759262244,-0.49931452281839483,-0.0012915303414490938,36.123774665128884,13.759656720946865,19.09613045596722,3.0867092509061536,73192.0,15.410000000000025,2.0,15.410000000000025,163.0,0.03847882540950865,15.410000000000025,163.0,0.03847882540950865,1.0,1.0,-0.1121494304515448,-0.49931452281839483,-0.44323980759262244,36.123774665128884,13.759656720946865,19.09613045596722,3.0867092509061536,34.793597304128006,22.240943555181005,38.432529445766406,0.05685210664312819,0.10647414755759342,0.051000000000044565,0.13999999999998636,0.2189999999999941,1.0,8189.0,8189.0,2021-12-02,2021-12-02 08:45:00,3.875162481287095,64.0,1.0,best_within_2.0d,8252.0,400.365,0.5832424107187206,4.3760036431226785,32.22527881040892,0.012230020343504162,2.285057100371749,15.890706319702602,0.006381710269403211,0.4929364202292669,5.6011759621451125,36.843533123028394,0.015614239272951093,2.82998018927445,22.52492113564669,0.007835530045022196,1.8630914826498424,0.00402220134195386,1.9444468750000041,16.553125,0.005470102952261012,1.0,0
8207.0,2021-12-02 10:20:00,386.73,387.55,386.15,387.4,1667399.0,2,2,1.0,buy,False,0.8101933216168744,4.163492493946733,28.239017640954685,0.011578080659927173,-0.07852615952823361,0.44985530173363986,0.41059222196952305,0.0010594713369652432,49.21366072754271,44.19438396474618,60.89172961925904,10.799692655720463,1667399.0,4.610000000000014,1.0,5.689999999999998,16.0,0.014776534136650473,4.610000000000014,5.0,0.011797522776128605,2.0,2.0,-0.07852615952823361,0.41059222196952305,0.44985530173363986,49.21366072754271,44.19438396474618,60.89172961925904,10.799692655720463,19.658086221735545,17.75291448243488,29.93694525929906,0.17324748532566883,0.36255341188658147,0.1500000000000341,0.5800000000000409,0.6699999999999591,1.0,8208.0,8208.0,2021-12-02,2021-12-02 10:20:00,3.346670108415083,45.0,1.0,best_within_2.0d,8252.0,400.365,0.8101933216168744,5.689999999999998,16.0,0.014776534136650473,4.610000000000014,5.0,0.011797522776128605,0.4929364202292669,5.6011759621451125,36.843533123028394,0.015614239272951093,2.82998018927445,22.52492113564669,0.007835530045022196,1.8630914826498424,0.00402220134195386,1.9444468750000041,16.553125,0.005470102952261012,0.0,0
8210.0,2021-12-02 10:35:00,386.21,386.419,385.14,385.62,1296450.0,2,2,1.0,buy,False,0.9876977152899836,4.163492493946733,28.239017640954685,0.011578080659927173,-0.5739695697628391,0.3192434296572422,0.03225864477582263,8.328331637890316e-05,40.475675099188614,22.0474963440486,38.06296188173394,-9.983434731322077,1296450.0,5.6200000000000045,1.0,5.689999999999998,16.0,0.014776534136650473,5.6200000000000045,8.0,0.014382229501484298,2.0,2.0,-0.5739695697628391,0.03225864477582263,0.3192434296572422,40.475675099188614,22.0474963440486,38.06296188173394,-9.983434731322077,19.058660639069878,20.686779044648425,25.318654363425672,-0.1527666295538632,0.33208703328659617,0.20900000000000318,0.4800000000000182,0.589999999999975,0.0,8211.0,8211.0,2021-12-02,2021-12-02 10:35:00,3.8237124630465233,42.0,1.0,best_within_2.0d,8252.0,400.365,0.9876977152899836,5.689999999999998,16.0,0.014776534136650473,5.6200000000000045,8.0,0.014382229501484298,0.4929364202292669,5.6011759621451125,36.843533123028394,0.015614239272951093,2.82998018927445,22.52492113564669,0.007835530045022196,1.8630914826498424,0.00402220134195386,1.9444468750000041,16.553125,0.005470102952261012,0.0,0
8211.0,2021-12-02 10:40:00,385.65,386.35,384.55,384.6,1338049.0,1p,1p,1.0,buy,False,1.0304935310462784,6.2099999999999795,9.0,0.015892107687583118,-0.8163543064673501,0.2171991413488234,-0.19097801188485164,-0.0004933130163062051,36.34696890959496,14.966715222387801,30.364212995285225,-15.82828032340705,1338049.0,6.2099999999999795,0.0,6.2099999999999795,9.0,0.015892107687583118,6.2099999999999795,0.0,0.0,1.0,1.0,-0.8163543064673501,-0.19097801188485164,0.2171991413488234,36.34696890959496,14.966715222387801,30.364212995285225,-15.82828032340705,19.243239601492306,20.466048524965835,23.73013639335891,-0.2722676001555697,0.4680795735275026,0.7000000000000455,0.05000000000001137,1.0499999999999545,0.0,8212.0,8212.0,2021-12-02,2021-12-02 10:40:00,4.099063962558499,41.0,1.0,best_within_2.0d,8252.0,400.365,0.5832424107187206,4.3760036431226785,32.22527881040892,0.012230020343504162,2.285057100371749,15.890706319702602,0.006381710269403211,0.4929364202292669,5.6011759621451125,36.843533123028394,0.015614239272951093,2.82998018927445,22.52492113564669,0.007835530045022196,1.8630914826498424,0.00402220134195386,1.9444468750000041,16.553125,0.005470102952261012,0.0,0
8212.0,2021-12-02 10:45:00,384.58,386.64,384.34,386.17,1427775.0,1p,1p,1.0,buy,False,1.0304935310460832,6.420000000000016,10.0,0.01642952195721163,-0.7290545837909039,0.1260673183749604,-0.23845997352049153,-0.0006160766845345034,45.55310080178182,19.72221909394558,26.816881694838678,5.532893892159379,1427775.0,6.420000000000016,0.0,6.420000000000016,10.0,0.01642952195721163,6.420000000000016,0.0,0.0,1.0,1.0,-0.7290545837909039,-0.23845997352049153,0.1260673183749604,45.55310080178182,19.72221909394558,26.816881694838678,5.532893892159379,13.09914442133088,21.151854334032677,23.71447495057254,0.41343803629934783,0.5984284747879512,0.46999999999997044,0.2400000000000091,1.5900000000000318,1.0,8213.0,8213.0,2021-12-02,2021-12-02 10:45:00,3.675842245643109,40.0,1.0,best_within_2.0d,8252.0,400.365,0.5832424107187206,4.3760036431226785,32.22527881040892,0.012230020343504162,2.285057100371749,15.890706319702602,0.006381710269403211,0.4929364202292669,5.6011759621451125,36.843533123028394,0.015614239272951093,2.82998018927445,22.52492113564669,0.007835530045022196,1.8630914826498424,0.00402220134195386,1.9444468750000041,16.553125,0.005470102952261012,1.0,0
8224.0,2021-12-02 11:45:00,387.56,388.42,387.01,388.35,605888.0,2,2,1.0,buy,False,0.5082872928176773,4.163492493946733,28.239017640954685,0.011578080659927173,0.09391561996539693,0.22906235336177097,0.27602016334446944,0.0007120085296491553,53.58954066432414,53.41945492528717,62.061271525013254,36.135821725835,605888.0,2.759999999999991,1.0,5.430000000000007,8.0,0.014128115730863316,2.759999999999991,6.0,0.007081099109731357,2.0,2.0,0.09391561996539693,0.27602016334446944,0.22906235336177097,53.58954066432414,53.41945492528717,62.061271525013254,36.135821725835,17.26465429366418,10.42307586346225,18.592856734821545,0.20383940551140997,0.3643316710162593,0.06999999999999318,0.5500000000000114,0.7900000000000205,1.0,8225.0,8225.0,2021-12-02,2021-12-02 11:45:00,3.0938586326767057,28.0,1.0,best_within_2.0d,8252.0,400.365,0.5082872928176773,5.430000000000007,8.0,0.014128115730863316,2.759999999999991,6.0,0.007081099109731357,0.4929364202292669,5.6011759621451125,36.843533123028394,0.015614239272951093,2.82998018927445,22.52492113564669,0.007835530045022196,1.8630914826498424,0.00402220134195386,1.9444468750000041,16.553125,0.005470102952261012,1.0,0
8229.0,2021-12-02 12:10:00,390.38,390.44,389.84,390.405,531449.0,1p,1p,0.0,sell,False,1.1467192496548344,3.430000000000007,6.0,0.008862820082168437,0.5028688182971495,0.4157313748899276,0.6671657840385024,0.0017181641204036106,62.38698888363231,86.44748408624639,74.34987775328784,110.64269675216349,531449.0,3.430000000000007,0.0,3.430000000000007,6.0,0.008862820082168437,3.430000000000007,0.0,0.0,1.0,1.0,0.5028688182971495,0.6671657840385024,0.4157313748899276,62.38698888363231,86.44748408624639,74.34987775328784,110.64269675216349,23.299994412471147,9.3870481086216,26.53244263490439,0.0064040165992052004,0.15390929612149157,0.03500000000002501,0.5400000000000205,0.024999999999977263,1.0,8230.0,8230.0,2021-12-02,2021-12-02 12:10:00,2.777884504552957,188.0,1.0,best_within_2.0d,8417.0,379.56,0.5832424107187206,4.3760036431226785,32.22527881040892,0.012230020343504162,2.285057100371749,15.890706319702602,0.006381710269403211,0.4929364202292669,5.6011759621451125,36.843533123028394,0.015614239272951093,2.82998018927445,22.52492113564669,0.007835530045022196,1.8630914826498424,0.00402220134195386,1.9444468750000041,16.553125,0.005470102952261012,0.0,1
8230.0,2021-12-02 12:15:00,390.385,390.57,390.01,390.34,343731.0,1p,1p,0.0,sell,False,1.1467192496548344,3.5600000000000023,7.0,0.00919872871502029,0.4982483895903478,0.4780124235887211,0.727136618383895,0.0018718801883198894,61.91959271308623,88.81143133839629,79.17039561499065,108.09350278520756,343731.0,3.5600000000000023,0.0,3.5600000000000023,7.0,0.00919872871502029,3.5600000000000023,0.0,0.0,1.0,1.0,0.4982483895903478,0.727136618383895,0.4780124235887211,61.91959271308623,88.81143133839629,79.17039561499065,108.09350278520756,20.722285440497824,10.061687728334471,27.1108646034506,-0.01152708223933192,0.1435860618958494,0.18500000000000227,0.3299999999999841,0.045000000000015916,0.0,8231.0,8231.0,2021-12-02,2021-12-02 12:15:00,2.761694932622835,187.0,1.0,best_within_2.0d,8417.0,379.56,0.5832424107187206,4.3760036431226785,32.22527881040892,0.012230020343504162,2.285057100371749,15.890706319702602,0.006381710269403211,0.4929364202292669,5.6011759621451125,36.843533123028394,0.015614239272951093,2.82998018927445,22.52492113564669,0.007835530045022196,1.8630914826498424,0.00402220134195386,1.9444468750000041,16.553125,0.005470102952261012,0.0,1
8231.0,2021-12-02 12:20:00,390.37,391.41,390.37,391.23,678037.0,1p,1p,0.0,sell,False,1.3091811050568416,4.400000000000034,8.0,0.011369215265755496,0.5741129360434598,0.5497765405941536,0.8368330086158835,0.0021531331030499277,65.70791052970566,91.17731786196111,83.17270303064747,107.1865475245884,678037.0,4.400000000000034,0.0,4.400000000000034,8.0,0.011369215265755496,4.400000000000034,0.0,0.0,1.0,1.0,0.5741129360434598,0.8368330086158835,0.5497765405941536,65.70791052970566,91.17731786196111,83.17270303064747,107.1865475245884,24.765209068612563,10.04965005682836,28.193520077283637,0.22030381432999813,0.26641391500371964,0.18000000000000682,0.0,0.8600000000000136,1.0,8232.0,8232.0,2021-12-02,2021-12-02 12:20:00,2.982900084349364,186.0,1.0,best_within_2.0d,8417.0,379.56,0.5832424107187206,4.3760036431226785,32.22527881040892,0.012230020343504162,2.285057100371749,15.890706319702602,0.006381710269403211,0.4929364202292669,5.6011759621451125,36.843533123028394,0.015614239272951093,2.82998018927445,22.52492113564669,0.007835530045022196,1.8630914826498424,0.00402220134195386,1.9444468750000041,16.553125,0.005470102952261012,0.0,1
8232.0,2021-12-02 12:25:00,391.25,391.62,391.05,391.35,493442.0,1p,1p,0.0,sell,False,1.361050742835364,4.610000000000014,9.0,0.011911836903439223,0.5968592389968967,0.6243839454687656,0.922813564967214,0.002373139695818992,66.19620987416738,92.16593425070741,86.17044677066744,104.15690921078732,493442.0,4.610000000000014,0.0,4.610000000000014,9.0,0.011911836903439223,4.610000000000014,0.0,0.0,1.0,1.0,0.5968592389968967,0.922813564967214,0.6243839454687656,66.19620987416738,92.16593425070741,86.17044677066744,104.15690921078732,22.226338210779403,10.372291165030529,28.777099812023078,0.025559105431315718,0.14576141158419464,0.2699999999999818,0.19999999999998863,0.10000000000002274,1.0,8233.0,8233.0,2021-12-02,2021-12-02 12:25:00,3.0126485243388323,185.0,1.0,best_within_2.0d,8417.0,379.56,0.5832424107187206,4.3760036431226785,32.22527881040892,0.012230020343504162,2.285057100371749,15.890706319702602,0.006381710269403211,0.4929364202292669,5.6011759621451125,36.843533123028394,0.015614239272951093,2.82998018927445,22.52492113564669,0.007835530045022196,1.8630914826498424,0.00402220134195386,1.9444468750000041,16.553125,0.005470102952261012,1.0,1
8239.0,2021-12-02 13:00:00,390.07,390.37,389.12,390.28,1102543.0,2s,2s,1.0,buy,False,0.1197053406998115,4.163492493946733,28.239017640954685,0.011578080659927173,-0.13612782738548423,0.7640737158774751,0.696009802184733,0.0017868661715208052,55.77835458258058,43.857981531335554,56.18586917115515,19.202206251696367,1102543.0,2.5,1.0,5.430000000000007,8.0,0.014128115730863316,2.5,8.0,0.006383739339155304,1.0,2.5,-0.13612782738548423,0.696009802184733,0.7640737158774751,55.77835458258058,43.857981531335554,56.18586917115515,19.202206251696367,25.34614236083246,17.552931922301017,29.422763855905107,0.05383649088624594,0.3212376644736842,0.09000000000003183,0.9499999999999886,0.20999999999997954,1.0,8240.0,8240.0,2021-12-02,2021-12-02 13:00:00,2.5840422260940956,13.0,1.0,best_within_2.0d,8252.0,400.365,0.5832424107187206,4.3760036431226785,32.22527881040892,0.012230020343504162,2.285057100371749,15.890706319702602,0.006381710269403211,0.1197053406998115,5.430000000000007,8.0,0.014128115730863316,2.5,8.0,0.006383739339155304,1.0,0.00402220134195386,1.9444468750000041,16.553125,0.005470102952261012,0.0,0
8243.0,2021-12-02 13:20:00,389.84,389.96,388.55,388.82,650901.0,2s,2s,1.0,buy,False,0.22467771639041784,4.163492493946733,28.239017640954685,0.011578080659927173,-0.4699488499559008,0.6064499070177916,0.37147548203984115,0.0009535870431465409,45.377398729539685,29.975921243047495,40.11112902350396,9.705505682134557,650901.0,3.069999999999993,1.0,5.430000000000007,8.0,0.014128115730863316,3.069999999999993,12.0,0.007839231908482696,1.0,2.5,-0.4699488499559008,0.37147548203984115,0.6064499070177916,45.377398729539685,29.975921243047495,40.11112902350396,9.705505682134557,13.918410880566116,26.55088162542804,25.521133208174728,-0.2616458034065211,0.3628876592459061,0.12000000000000455,0.2699999999999818,1.0199999999999818,0.0,8244.0,8244.0,2021-12-02,2021-12-02 13:20:00,2.96924026541845,9.0,1.0,best_within_2.0d,8252.0,400.365,0.5832424107187206,4.3760036431226785,32.22527881040892,0.012230020343504162,2.285057100371749,15.890706319702602,0.006381710269403211,0.22467771639041784,5.430000000000007,8.0,0.014128115730863316,3.069999999999993,12.0,0.007839231908482696,1.0,0.00402220134195386,1.9444468750000041,16.553125,0.005470102952261012,0.0,0
8244.0,2021-12-02 13:25:00,400.91,401.19,400.01,400.3,882272.0,1p,1p,0.0,sell,False,2.001364085894138,4.0400000000000205,20.0,0.010172478912249832,0.3661916841258541,0.4560257793077641,0.6391216213706912,0.0016020680329457244,67.07530455138613,83.60499250687658,82.89741850977506,85.02014050107962,882272.0,4.0400000000000205,0.0,4.0400000000000205,20.0,0.010172478912249832,4.0400000000000205,0.0,0.0,1.0,1.0,0.3661916841258541,0.6391216213706912,0.4560257793077641,67.07530455138613,83.60499250687658,82.89741850977506,85.02014050107962,25.768816899812602,11.326952483434164,38.82236512855105,-0.15215384999127327,0.2949926251843721,0.2799999999999727,0.29000000000002046,0.6100000000000136,0.0,8245.0,8245.0,2021-12-02,2021-12-02 13:25:00,2.977185627202343,8.0,1.0,best_within_2.0d,8252.0,400.365,0.5832424107187206,4.3760036431226785,32.22527881040892,0.012230020343504162,2.285057100371749,15.890706319702602,0.006381710269403211,0.4929364202292669,5.6011759621451125,36.843533123028394,0.015614239272951093,2.82998018927445,22.52492113564669,0.007835530045022196,1.8630914826498424,0.00402220134195386,1.9444468750000041,16.553125,0.005470102952261012,0.0,1
8244.0,2021-12-02 13:25:00,388.81,389.23,388.55,388.79,460772.0,2s,2s,1.0,buy,False,0.22467771639041784,4.163492493946733,28.239017640954685,0.011578080659927173,-0.5651582038038008,0.5358051315423165,0.2532260296404161,0.000650132366521508,45.19897547875004,22.914350425768077,34.37886949092533,-0.014687704546432201,460772.0,3.069999999999993,1.0,5.430000000000007,8.0,0.014128115730863316,3.069999999999993,13.0,0.007839231908482696,1.0,2.5,-0.5651582038038008,0.2532260296404161,0.5358051315423165,45.19897547875004,22.914350425768077,34.37886949092533,-0.014687704546432201,12.818686796752338,26.312041319649783,26.161249309068676,-0.005143900619835346,0.17500965126753487,0.4200000000000159,0.2400000000000091,0.01999999999998181,0.0,8245.0,8245.0,2021-12-02,2021-12-02 13:25:00,2.977185627202343,8.0,1.0,best_within_2.0d,8252.0,400.365,0.5832424107187206,4.3760036431226785,32.22527881040892,0.012230020343504162,2.285057100371749,15.890706319702602,0.006381710269403211,0.22467771639041784,5.430000000000007,8.0,0.014128115730863316,3.069999999999993,13.0,0.007839231908482696,1.0,0.00402220134195386,1.9444468750000041,16.553125,0.005470102952261012,0.0,0
8245.0,2021-12-02 13:30:00,388.81,389.64,388.22,389.5,598009.0,2s,2s,1.0,buy,False,0.2854511970533983,4.163492493946733,28.239017640954685,0.011578080659927173,-0.5143556389559507,0.47151067667282265,0.2143328571948473,0.0005502779725416554,50.190631650272024,29.265304655429993,32.674347879093546,22.447218208102896,598009.0,3.3999999999999773,1.0,5.430000000000007,8.0,0.014128115730863316,3.3999999999999773,14.0,0.008681885501251155,1.0,2.5,-0.5143556389559507,0.2143328571948473,0.47151067667282265,50.190631650272024,29.265304655429993,32.674347879093546,22.447218208102896,9.34995872869717,25.639339951350888,27.617968900622106,0.17746457138448027,0.3657719849569726,0.13999999999998636,0.589999999999975,0.6899999999999977,1.0,8246.0,8246.0,2021-12-02,2021-12-02 13:30:00,2.7894736842105288,7.0,1.0,best_within_2.0d,8252.0,400.365,0.5832424107187206,4.3760036431226785,32.22527881040892,0.012230020343504162,2.285057100371749,15.890706319702602,0.006381710269403211,0.2854511970533983,5.430000000000007,8.0,0.014128115730863316,3.3999999999999773,14.0,0.008681885501251155,1.0,0.00402220134195386,1.9444468750000041,16.553125,0.005470102952261012,1.0,0
8252.0,2021-12-02 14:05:00,389.93,390.76,388.8804,390.57,1219910.0,2,2,0.0,sell,False,0.36924075275794865,4.163492493946733,28.239017640954685,0.011578080659927173,1.0727657064772975,0.29642524826221045,0.8328081015008593,0.002148970564165471,75.20572957767169,90.45041476468971,81.75582985593607,107.839584582197,1219910.0,5.689999999999998,1.0,15.410000000000025,163.0,0.03847882540950865,5.689999999999998,16.0,0.014776534136650473,2.0,2.0,1.0727657064772975,0.8328081015008593,0.29642524826221045,75.20572957767169,90.45041476468971,81.75582985593607,107.839584582197,30.564924114671022,9.361670469199373,34.51140393380218,0.16413202369655744,0.4833362648258905,0.18999999999999773,1.049599999999998,0.6399999999999864,1.0,8253.0,8253.0,2021-12-02,2021-12-02 14:05:00,2.8189569091328037,165.0,1.0,best_within_2.0d,8417.0,379.56,0.36924075275794865,15.410000000000025,163.0,0.03847882540950865,5.689999999999998,16.0,0.014776534136650473,0.4929364202292669,5.6011759621451125,36.843533123028394,0.015614239272951093,2.82998018927445,22.52492113564669,0.007835530045022196,1.8630914826498424,0.00402220134195386,1.9444468750000041,16.553125,0.005470102952261012,0.0,1
8252.0,2021-12-02 14:05:00,400.09,400.48,399.87,400.365,495466.0,1,1,0.0,sell,False,0.5879498749696886,6.365000000000009,40.0,0.016150108470877812,0.518294336037377,0.05810771227650664,0.3172548802951951,0.0007957318095266003,66.9164117316513,90.645868236026,81.40513396471741,109.12733677864321,495466.0,6.365000000000009,2.0,6.365000000000009,40.0,0.016150108470877812,6.365000000000009,40.0,0.016150108470877812,1.0,1.0,0.518294336037377,0.3172548802951951,0.05810771227650664,66.9164117316513,90.645868236026,81.40513396471741,109.12733677864321,21.07035499255136,16.57278361057419,27.085355518711562,0.06873453472969435,0.15254957861305266,0.1150000000000091,0.21999999999997044,0.2750000000000341,1.0,8253.0,8253.0,2021-12-02,2021-12-02 14:05:00,2.8189569091328037,165.0,1.0,best_within_2.0d,8417.0,379.56,0.5832424107187206,4.3760036431226785,32.22527881040892,0.012230020343504162,2.285057100371749,15.890706319702602,0.006381710269403211,0.4929364202292669,5.6011759621451125,36.843533123028394,0.015614239272951093,2.82998018927445,22.52492113564669,0.007835530045022196,1.8630914826498424,0.00402220134195386,1.9444468750000041,16.553125,0.005470102952261012,0.0,1
8252.0,2021-12-02 14:05:00,398.84,398.85,398.65,398.85,4421.0,3a,3a,1.0,buy,False,0.003080997122705114,4.163492493946733,28.239017640954685,0.011578080659927173,-0.28129294665390736,0.5247285344040484,0.38408206107709475,0.0009636719637923461,57.67442930551158,46.86291377642566,48.13760655089429,44.313528227488376,4421.0,0.6400000000000432,2.0,0.6400000000000432,21.0,0.0016028450499637936,0.6400000000000432,21.0,0.0016028450499637936,3.0,3.0,-0.28129294665390736,0.38408206107709475,0.5247285344040484,57.67442930551158,46.86291377642566,48.13760655089429,44.313528227488376,19.067796610168898,34.32203389830739,37.09251234881326,0.0025072710861618066,0.050169321459938666,0.0,0.18999999999999773,0.010000000000047748,1.0,8253.0,8253.0,2021-12-02,2021-12-02 14:05:00,2.8189569091328037,165.0,1.0,best_within_2.0d,8417.0,379.56,0.5832424107187206,4.3760036431226785,32.22527881040892,0.012230020343504162,2.285057100371749,15.890706319702602,0.006381710269403211,0.4929364202292669,5.6011759621451125,36.843533123028394,0.015614239272951093,2.82998018927445,22.52492113564669,0.007835530045022196,1.8630914826498424,0.003080997122705114,0.6400000000000432,21.0,0.0016028450499637936,0.0,0
8252.0,2021-12-02 14:05:00,392.07,392.97,391.75,392.29,937291.0,1p,1p,1.0,buy,False,19.441400310670332,9.439999999999998,25.0,0.023529998255190802,-0.1942121392496241,-1.4097933066436947,-1.5068993762685068,-0.003817493410529506,32.61192235878566,16.660249697491096,17.68250737142525,14.615734349622791,937291.0,9.439999999999998,0.0,9.439999999999998,25.0,0.023529998255190802,9.439999999999998,0.0,0.0,1.0,1.0,-0.1942121392496241,-1.5068993762685068,-1.4097933066436947,32.61192235878566,16.660249697491096,17.68250737142525,14.615734349622791,8.724608724609158,16.450216450216708,55.43365040099941,0.05611242890300898,0.3114231014677798,0.6800000000000068,0.3199999999999932,0.22000000000002728,1.0,8253.0,8253.0,2021-12-02,2021-12-02 14:05:00,2.8189569091328037,165.0,1.0,best_within_2.0d,8417.0,379.56,0.5832424107187206,4.3760036431226785,32.22527881040892,0.012230020343504162,2.285057100371749,15.890706319702602,0.006381710269403211,0.4929364202292669,5.6011759621451125,36.843533123028394,0.015614239272951093,2.82998018927445,22.52492113564669,0.007835530045022196,1.8630914826498424,0.00402220134195386,1.9444468750000041,16.553125,0.005470102952261012,0.0,0
8252.0,2021-12-02 14:05:00,392.81,393.23,392.565,393.14,370358.0,2,2,1.0,buy,False,0.6278538812785395,4.163492493946733,28.239017640954685,0.011578080659927173,0.29996573130315296,-0.7458511909736207,-0.5958683253220443,-0.001513512798562314,43.711228985862306,31.14759189663824,37.34344317007455,18.755889349765624,370358.0,1.375,1.0,2.1899999999999977,8.0,0.005590299936183785,1.375,8.0,0.0034903792455703913,2.0,2.0,0.29996573130315296,-0.5958683253220443,-0.7458511909736207,43.711228985862306,31.14759189663824,37.34344317007455,18.755889349765624,12.52145814399698,8.83570635161128,33.56523725254882,0.08401008120974113,0.16939869830474455,0.09000000000003183,0.24500000000000455,0.3299999999999841,1.0,8253.0,8253.0,2021-12-02,2021-12-02 14:05:00,2.8189569091328037,165.0,1.0,best_within_2.0d,8417.0,379.56,0.6278538812785395,2.1899999999999977,8.0,0.005590299936183785,1.375,8.0,0.0034903792455703913,0.4929364202292669,5.6011759621451125,36.843533123028394,0.015614239272951093,2.82998018927445,22.52492113564669,0.007835530045022196,1.8630914826498424,0.00402220134195386,1.9444468750000041,16.553125,0.005470102952261012,0.0,0
8252.0,2021-12-02 14:05:00,393.35,393.53,392.73,392.96,2118432.0,2s,2s,1.0,buy,False,0.5525114155251054,4.163492493946733,28.239017640954685,0.011578080659927173,-0.13709725304306197,-0.19154584013569081,-0.2600944666572218,-0.0006605609439366476,40.96978079884972,32.36097382142226,32.52801638018653,32.02688870389373,2118432.0,2.819999999999993,1.0,2.1899999999999977,8.0,0.005590299936183785,2.819999999999993,18.0,0.007129313613955235,1.0,2.5,-0.13709725304306197,-0.2600944666572218,-0.19154584013569081,40.96978079884972,32.36097382142226,32.52801638018653,32.02688870389373,14.08350568769427,23.62224233023114,39.211062499299956,-0.09914834117199522,0.2037022891044622,0.17999999999994998,0.22999999999996135,0.3900000000000432,0.0,8253.0,8253.0,2021-12-02,2021-12-02 14:05:00,2.8189569091328037,165.0,1.0,best_within_2.0d,8417.0,379.56,0.5832424107187206,4.3760036431226785,32.22527881040892,0.012230020343504162,2.285057100371749,15.890706319702602,0.006381710269403211,0.5525114155251054,2.1899999999999977,8.0,0.005590299936183785,2.819999999999993,18.0,0.007129313613955235,1.0,0.00402220134195386,1.9444468750000041,16.553125,0.005470102952261012,0.0,0
8254.0,2021-12-02 14:15:00,389.65,390.74,389.63,390.51,628616.0,2,2,0.0,sell,False,0.7411764705882349,4.163492493946733,28.239017640954685,0.011578080659927173,0.003967403740558317,0.20546344779946782,0.20744714966974698,0.0005323409529616353,56.18477569426852,77.39064230203039,69.10906387307341,93.95379915994434,628616.0,2.519999999999982,1.0,3.3999999999999773,14.0,0.008681885501251155,2.519999999999982,10.0,0.006491164803461907,2.0,2.0,0.003967403740558317,0.20744714966974698,0.20546344779946782,56.18477569426852,77.39064230203039,69.10906387307341,93.95379915994434,18.011621859950154,16.80722936969099,23.814830910885767,0.22071089439240696,0.2848856607550788,0.2300000000000182,0.01999999999998181,0.8600000000000136,1.0,8255.0,8255.0,2021-12-02,2021-12-02 14:15:00,2.8040255051087013,163.0,1.0,best_within_2.0d,8417.0,379.56,0.7411764705882349,3.3999999999999773,14.0,0.008681885501251155,2.519999999999982,10.0,0.006491164803461907,0.4929364202292669,5.6011759621451125,36.843533123028394,0.015614239272951093,2.82998018927445,22.52492113564669,0.007835530045022196,1.8630914826498424,0.00402220134195386,1.9444468750000041,16.553125,0.005470102952261012,0.0,1
8257.0,2021-12-02 14:30:00,390.59,390.82,390.31,390.4593,313988.0,2,2,0.0,sell,False,0.7647058823529362,4.163492493946733,28.239017640954685,0.011578080659927173,0.07774098407286772,0.22377692331770418,0.26264741535413805,0.0006737411638862736,55.068589181405926,83.39922665484708,77.82178965745672,94.5541006496278,313988.0,2.599999999999966,1.0,3.3999999999999773,14.0,0.008681885501251155,2.599999999999966,13.0,0.0066972335273812935,2.0,2.0,0.07774098407286772,0.26264741535413805,0.22377692331770418,55.068589181405926,83.39922665484708,77.82178965745672,94.5541006496278,21.041071084246937,11.653155154635298,21.50960851046552,-0.03346219821295739,0.13066536855319896,0.2300000000000182,0.14929999999998245,0.13069999999999027,0.0,8258.0,8258.0,2021-12-02,2021-12-02 14:30:00,2.7914048916237832,160.0,1.0,best_within_2.0d,8417.0,379.56,0.7647058823529362,3.3999999999999773,14.0,0.008681885501251155,2.599999999999966,13.0,0.0066972335273812935,0.4929364202292669,5.6011759621451125,36.843533123028394,0.015614239272951093,2.82998018927445,22.52492113564669,0.007835530045022196,1.8630914826498424,0.00402220134195386,1.9444468750000041,16.553125,0.005470102952261012,1.0,1
8261.0,2021-12-02 14:50:00,389.5,390.0,389.02,389.47,757476.0,2s,2s,1.0,buy,False,0.13812154696132578,4.163492493946733,28.239017640954685,0.011578080659927173,-0.16650725866232696,0.20352482202558103,0.12027119269441755,0.00030851528317123563,46.82740467756367,40.75609557513041,57.93420081463994,6.399885096111348,757476.0,1.8000000000000114,1.0,5.430000000000007,8.0,0.014128115730863316,1.8000000000000114,5.0,0.004605700834143625,2.0,2.5,-0.16650725866232696,0.12027119269441755,0.20352482202558103,46.82740467756367,40.75609557513041,57.93420081463994,6.399885096111348,16.31858685122371,23.38956720573286,19.465175598641242,-0.00770218228497374,0.2519150686340081,0.5,0.4500000000000455,0.029999999999972715,0.0,8262.0,8262.0,2021-12-02,2021-12-02 14:50:00,2.797391326674707,176.0,1.0,best_within_2.0d,8437.0,400.365,0.5832424107187206,4.3760036431226785,32.22527881040892,0.012230020343504162,2.285057100371749,15.890706319702602,0.006381710269403211,0.13812154696132578,5.430000000000007,8.0,0.014128115730863316,1.8000000000000114,5.0,0.004605700834143625,2.0,0.00402220134195386,1.9444468750000041,16.553125,0.005470102952261012,1.0,0
8270.0,2021-12-02 15:35:00,390.88,391.28,390.62,391.21,599986.0,2s,2s,0.0,sell,False,0.8999999999999899,4.163492493946733,28.239017640954685,0.011578080659927173,0.11232645517304929,0.1687540008018676,0.22491722838839223,0.0005765258116241915,59.84783395725389,73.28451635708974,62.141995934280374,95.5695572027085,599986.0,2.259999999999991,1.0,3.3999999999999773,14.0,0.008681885501251155,2.259999999999991,10.0,0.005809469950131076,1.0,2.5,0.11232645517304929,0.22491722838839223,0.1687540008018676,59.84783395725389,73.28451635708974,62.141995934280374,95.5695572027085,20.373665480426705,21.17437722419923,17.11537115856307,0.08442488743347935,0.1689621627156746,0.06999999999999318,0.2599999999999909,0.3299999999999841,1.0,8271.0,8271.0,2021-12-02,2021-12-02 15:35:00,2.97794023670151,147.0,1.0,best_within_2.0d,8417.0,379.56,0.5832424107187206,4.3760036431226785,32.22527881040892,0.012230020343504162,2.285057100371749,15.890706319702602,0.006381710269403211,0.8999999999999899,3.3999999999999773,14.0,0.008681885501251155,2.259999999999991,10.0,0.005809469950131076,1.0,0.00402220134195386,1.9444468750000041,16.553125,0.005470102952261012,0.0,1
8271.0,2021-12-02 15:40:00,391.2,391.74,391.09,391.2,593957.0,1,1,0.0,sell,False,0.3914996285014599,2.7200000000000273,11.0,0.006991928435556083,0.17168361890981199,0.1902144531655941,0.2760562626205001,0.000707465089943644,59.74094633517359,74.18967757139285,66.15788981331787,90.25325308754282,593957.0,2.7200000000000273,1.0,2.7200000000000273,11.0,0.006991928435556083,2.7200000000000273,11.0,0.006991928435556083,1.0,1.0,0.17168361890981199,0.2760562626205001,0.1902144531655941,59.74094633517359,74.18967757139285,66.15788981331787,90.25325308754282,22.84710017574702,20.91388400702974,16.208392553146528,0.0,0.1662021529571286,0.5400000000000205,0.11000000000001364,0.0,0.0,8272.0,8272.0,2021-12-02,2021-12-02 15:40:00,2.975460122699383,146.0,1.0,best_within_2.0d,8417.0,379.56,0.5832424107187206,4.3760036431226785,32.22527881040892,0.012230020343504162,2.285057100371749,15.890706319702602,0.006381710269403211,0.4929364202292669,5.6011759621451125,36.843533123028394,0.015614239272951093,2.82998018927445,22.52492113564669,0.007835530045022196,1.8630914826498424,0.00402220134195386,1.9444468750000041,16.553125,0.005470102952261012,1.0,1
8309.0,2021-12-02 18:55:00,388.75,388.78,388.47,388.56,6611.0,2s,2s,1.0,buy,False,0.239410681399623,4.163492493946733,28.239017640954685,0.011578080659927173,-0.3126898936959498,-0.21727189042599632,-0.3736168372739712,-0.0009586203826699349,24.10689720446325,6.147419566444808,9.840110032635899,-1.2379613659373732,6611.0,3.269999999999982,1.0,5.430000000000007,8.0,0.014128115730863316,3.269999999999982,39.0,0.008347373257772966,3.0,2.5,-0.3126898936959498,-0.3736168372739712,-0.21727189042599632,24.10689720446325,6.147419566444808,9.840110032635899,-1.2379613659373732,19.229973090457797,41.813289174083025,31.713140754844023,-0.04887459807073896,0.07980024197491323,0.029999999999972715,0.08999999999997499,0.18999999999999773,0.0,8310.0,8310.0,2021-12-02,2021-12-02 18:55:00,3.0381408276714037,128.0,1.0,best_within_2.0d,8437.0,400.365,0.5832424107187206,4.3760036431226785,32.22527881040892,0.012230020343504162,2.285057100371749,15.890706319702602,0.006381710269403211,0.239410681399623,5.430000000000007,8.0,0.014128115730863316,3.269999999999982,39.0,0.008347373257772966,3.0,0.00402220134195386,1.9444468750000041,16.553125,0.005470102952261012,0.0,0
8310.0,2021-12-02 19:00:00,388.57,388.71,387.98,388.16,24629.0,2s,2s,1.0,buy,False,0.3296500920810242,4.163492493946733,28.239017640954685,0.011578080659927173,-0.36039831028309943,-0.2623216792113837,-0.44252083435293343,-0.001135755195304989,20.553354412735075,7.207088001118752,8.962436022130182,3.696391959095891,24629.0,3.759999999999991,1.0,5.430000000000007,8.0,0.014128115730863316,3.759999999999991,40.0,0.009598202889671698,3.0,2.5,-0.36039831028309943,-0.44252083435293343,-0.2623216792113837,20.553354412735075,7.207088001118752,8.962436022130182,3.696391959095891,16.826661836624307,44.73827205216381,32.686263828316875,-0.10551509380548375,0.18815402855816313,0.13999999999998636,0.18000000000000682,0.40999999999996817,0.0,8311.0,8311.0,2021-12-02,2021-12-02 19:00:00,3.1443219291013973,127.0,1.0,best_within_2.0d,8437.0,400.365,0.5832424107187206,4.3760036431226785,32.22527881040892,0.012230020343504162,2.285057100371749,15.890706319702602,0.006381710269403211,0.3296500920810242,5.430000000000007,8.0,0.014128115730863316,3.759999999999991,40.0,0.009598202889671698,3.0,0.00402220134195386,1.9444468750000041,16.553125,0.005470102952261012,1.0,0
8316.0,2021-12-02 19:30:00,388.89,389.16,388.88,389.04,20000.0,2,2,0.0,sell,False,0.31382978723404514,4.163492493946733,28.239017640954685,0.011578080659927173,0.026617690920285653,-0.3855393600043279,-0.3722305145441851,-0.0009561476833868366,43.85858406216205,59.372922371108906,38.574674498963006,100.96941811540071,20000.0,1.1800000000000068,1.0,3.759999999999991,40.0,0.009598202889671698,1.1800000000000068,7.0,0.0030413938862828157,2.0,2.0,0.026617690920285653,-0.3722305145441851,-0.3855393600043279,43.85858406216205,59.372922371108906,38.574674498963006,100.96941811540071,27.095839370731138,27.530531980955896,32.114844963792855,0.038571318367670575,0.07200164575191051,0.12000000000000455,0.009999999999990905,0.1500000000000341,1.0,8317.0,8317.0,2021-12-02,2021-12-02 19:30:00,2.436767427513885,101.0,1.0,best_within_2.0d,8417.0,379.56,0.31382978723404514,3.759999999999991,40.0,0.009598202889671698,1.1800000000000068,7.0,0.0030413938862828157,0.4929364202292669,5.6011759621451125,36.843533123028394,0.015614239272951093,2.82998018927445,22.52492113564669,0.007835530045022196,1.8630914826498424,0.00402220134195386,1.9444468750000041,16.553125,0.005470102952261012,1.0,1
8322.0,2021-12-03 04:00:00,389.21,389.27,389.14,389.21,4111.0,2,2,0.0,sell,False,0.34308510638296985,4.163492493946733,28.239017640954685,0.011578080659927173,0.13895062282538972,-0.32048262449705284,-0.251007313084358,-0.0006450392068537717,51.142592260621974,62.02420241490553,56.34633742686701,73.37993239098259,4111.0,1.2899999999999636,1.0,3.759999999999991,40.0,0.009598202889671698,1.2899999999999636,13.0,0.003324913655342965,2.0,2.0,0.13895062282538972,-0.251007313084358,-0.32048262449705284,51.142592260621974,62.02420241490553,56.34633742686701,73.37993239098259,27.51091703056792,29.91266375545909,26.075628295623876,0.0,0.03340700005139422,0.060000000000002274,0.06999999999999318,0.0,0.0,8323.0,8323.0,2021-12-03,2021-12-03 04:00:00,2.479381310860455,95.0,1.0,best_within_2.0d,8417.0,379.56,0.34308510638296985,3.759999999999991,40.0,0.009598202889671698,1.2899999999999636,13.0,0.003324913655342965,0.4929364202292669,5.6011759621451125,36.843533123028394,0.015614239272951093,2.82998018927445,22.52492113564669,0.007835530045022196,1.8630914826498424,0.00402220134195386,1.9444468750000041,16.553125,0.005470102952261012,0.0,1
8325.0,2021-12-03 04:15:00,389.42,389.77,389.42,389.77,6533.0,2,2,0.0,sell,False,0.4760638297872255,4.163492493946733,28.239017640954685,0.011578080659927173,0.28981623988837546,-0.24065505239745444,-0.09574693245326671,-0.00024601883966406145,59.343077655798695,81.6148528417281,68.68043430154054,107.4836899221032,6533.0,1.7899999999999636,1.0,3.759999999999991,40.0,0.009598202889671698,1.7899999999999636,16.0,0.004613639878344151,2.0,2.0,0.28981623988837546,-0.09574693245326671,-0.24065505239745444,59.343077655798695,81.6148528417281,68.68043430154054,107.4836899221032,43.89140271493248,16.289592760181765,26.776341023104496,0.08987725335112882,0.08987725335112882,0.0,0.0,0.3499999999999659,1.0,8326.0,8326.0,2021-12-03,2021-12-03 04:15:00,2.6194935474767123,92.0,1.0,best_within_2.0d,8417.0,379.56,0.4760638297872255,3.759999999999991,40.0,0.009598202889671698,1.7899999999999636,16.0,0.004613639878344151,0.4929364202292669,5.6011759621451125,36.843533123028394,0.015614239272951093,2.82998018927445,22.52492113564669,0.007835530045022196,1.8630914826498424,0.00402220134195386,1.9444468750000041,16.553125,0.005470102952261012,1.0,1
8337.0,2021-12-03 05:15:00,388.84,388.84,388.63,388.67,2067.0,2s,2s,1.0,buy,False,0.20994475138121269,4.163492493946733,28.239017640954685,0.011578080659927173,-0.019292541056400603,-0.08418827542841048,-0.09383454595661078,-0.0002411707039514977,40.969277570547725,26.167480298235404,33.27677471451265,11.948891465680916,2067.0,1.1399999999999864,1.0,5.430000000000007,8.0,0.014128115730863316,1.1399999999999864,13.0,0.002924801806193361,4.0,2.5,-0.019292541056400603,-0.09383454595661078,-0.08418827542841048,40.969277570547725,26.167480298235404,33.27677471451265,11.948891465680916,35.422343324250285,34.8773841961854,17.9756019929065,-0.04371978191543028,0.054035972518843,0.0,0.040000000000020464,0.16999999999995907,0.0,8338.0,8338.0,2021-12-03,2021-12-03 05:15:00,3.0089793397998283,100.0,1.0,best_within_2.0d,8437.0,400.365,0.5832424107187206,4.3760036431226785,32.22527881040892,0.012230020343504162,2.285057100371749,15.890706319702602,0.006381710269403211,0.20994475138121269,5.430000000000007,8.0,0.014128115730863316,1.1399999999999864,13.0,0.002924801806193361,4.0,0.00402220134195386,1.9444468750000041,16.553125,0.005470102952261012,0.0,0
8338.0,2021-12-03 05:20:00,388.68,388.68,388.35,388.58,2975.0,2s,2s,1.0,buy,False,0.26151012891343595,4.163492493946733,28.239017640954685,0.011578080659927173,-0.05607376408332737,-0.0911974959388264,-0.11923437798049008,-0.0003064817196072621,39.43465989833243,26.257247401887206,30.93693227697083,16.897877651719952,2975.0,1.419999999999959,1.0,5.430000000000007,8.0,0.014128115730863316,1.419999999999959,14.0,0.0036431741796443006,4.0,2.5,-0.05607376408332737,-0.11923437798049008,-0.0911974959388264,39.43465989833243,26.257247401887206,30.93693227697083,16.897877651719952,28.698224852069686,46.15384615384551,18.357356000753775,-0.0257281053823255,0.08497489378137867,0.0,0.22999999999996135,0.10000000000002274,0.0,8339.0,8339.0,2021-12-03,2021-12-03 05:20:00,3.0328375109372656,99.0,1.0,best_within_2.0d,8437.0,400.365,0.5832424107187206,4.3760036431226785,32.22527881040892,0.012230020343504162,2.285057100371749,15.890706319702602,0.006381710269403211,0.26151012891343595,5.430000000000007,8.0,0.014128115730863316,1.419999999999959,14.0,0.0036431741796443006,4.0,0.00402220134195386,1.9444468750000041,16.553125,0.005470102952261012,0.0,0
8341.0,2021-12-03 05:35:00,388.51,388.51,388.19,388.23,400.0,2s,2s,1.0,buy,False,0.29097605893185674,4.163492493946733,28.239017640954685,0.011578080659927173,-0.10812427424303567,-0.11848701820972166,-0.1725491553312395,-0.00044364073655527063,34.70500733550638,25.75532855582715,30.55739711191796,16.151191443645523,400.0,1.579999999999984,1.0,5.430000000000007,8.0,0.014128115730863316,1.579999999999984,17.0,0.004053672678759228,4.0,2.5,-0.10812427424303567,-0.1725491553312395,-0.11848701820972166,34.70500733550638,25.75532855582715,30.55739711191796,16.151191443645523,22.054380664652346,58.00604229606924,22.541710870536793,-0.07207021698282481,0.08243385970787326,0.0,0.040000000000020464,0.2799999999999727,0.0,8342.0,8342.0,2021-12-03,2021-12-03 05:35:00,3.1257244416969296,96.0,1.0,best_within_2.0d,8437.0,400.365,0.5832424107187206,4.3760036431226785,32.22527881040892,0.012230020343504162,2.285057100371749,15.890706319702602,0.006381710269403211,0.29097605893185674,5.430000000000007,8.0,0.014128115730863316,1.579999999999984,17.0,0.004053672678759228,4.0,0.00402220134195386,1.9444468750000041,16.553125,0.005470102952261012,0.0,0
8342.0,2021-12-03 05:40:00,388.18,388.46,388.1,388.46,2299.0,2s,2s,1.0,buy,False,0.3075506445672112,4.163492493946733,28.239017640954685,0.011578080659927173,-0.1051547299315162,-0.13163135945116117,-0.18420872441691927,-0.0004736618323490573,40.5196598620636,28.820704474110208,29.97849956598204,26.505114290366535,2299.0,1.669999999999959,1.0,5.430000000000007,8.0,0.014128115730863316,1.669999999999959,18.0,0.004284578084511274,4.0,2.5,-0.1051547299315162,-0.18420872441691927,-0.13163135945116117,40.5196598620636,28.820704474110208,29.97849956598204,26.505114290366535,21.726190476190563,54.76190476190287,24.01663591396971,0.07213148539336717,0.09275959804173069,0.0,0.07999999999998408,0.2799999999999727,1.0,8343.0,8343.0,2021-12-03,2021-12-03 05:40:00,3.0646656026360577,95.0,1.0,best_within_2.0d,8437.0,400.365,0.5832424107187206,4.3760036431226785,32.22527881040892,0.012230020343504162,2.285057100371749,15.890706319702602,0.006381710269403211,0.3075506445672112,5.430000000000007,8.0,0.014128115730863316,1.669999999999959,18.0,0.004284578084511274,4.0,0.00402220134195386,1.9444468750000041,16.553125,0.005470102952261012,1.0,0
8350.0,2021-12-03 06:25:00,388.94,388.99,388.92,388.92,1726.0,2s,2s,0.0,sell,False,0.268617021276594,4.163492493946733,28.239017640954685,0.011578080659927173,0.08792552568192771,-0.11752230368300472,-0.07355954084204086,-0.00018917874467500766,51.65375338795348,78.82009255224793,68.67635069797421,99.10757626079535,1726.0,0.8899999999999864,1.0,3.759999999999991,40.0,0.009598202889671698,0.8899999999999864,9.0,0.002293223396031915,1.0,2.5,0.08792552568192771,-0.07355954084204086,-0.11752230368300472,51.65375338795348,78.82009255224793,68.67635069797421,99.10757626079535,31.00558659217929,43.57541899441049,22.650683953259435,-0.00514218131330843,0.01799856011518903,0.05000000000001137,0.0,0.01999999999998181,0.0,8351.0,8351.0,2021-12-03,2021-12-03 06:25:00,2.4066646096883715,67.0,1.0,best_within_2.0d,8417.0,379.56,0.5832424107187206,4.3760036431226785,32.22527881040892,0.012230020343504162,2.285057100371749,15.890706319702602,0.006381710269403211,0.268617021276594,3.759999999999991,40.0,0.009598202889671698,0.8899999999999864,9.0,0.002293223396031915,1.0,0.00402220134195386,1.9444468750000041,16.553125,0.005470102952261012,0.0,1
8351.0,2021-12-03 06:30:00,389.02,389.02,389.02,389.02,200.0,2s,2s,0.0,sell,False,0.2765957446808421,4.163492493946733,28.239017640954685,0.011578080659927173,0.11190902335127015,-0.10353367576409593,-0.04757916408846086,-0.0001223587212514164,53.66782517524994,85.88006170149862,74.41092103248235,108.81834303953116,200.0,0.9199999999999591,1.0,3.759999999999991,40.0,0.009598202889671698,0.9199999999999591,10.0,0.00237052306106663,1.0,2.5,0.11190902335127015,-0.04757916408846086,-0.10353367576409593,53.66782517524994,85.88006170149862,74.41092103248235,108.81834303953116,34.545454545454604,35.757575757573015,21.155930665957374,0.0,0.0,0.0,0.0,0.0,0.0,8352.0,8352.0,2021-12-03,2021-12-03 06:30:00,2.4317515808955785,66.0,1.0,best_within_2.0d,8417.0,379.56,0.5832424107187206,4.3760036431226785,32.22527881040892,0.012230020343504162,2.285057100371749,15.890706319702602,0.006381710269403211,0.2765957446808421,3.759999999999991,40.0,0.009598202889671698,0.9199999999999591,10.0,0.00237052306106663,1.0,0.00402220134195386,1.9444468750000041,16.553125,0.005470102952261012,0.0,1
8352.0,2021-12-03 06:35:00,389.08,389.08,389.08,389.08,400.0,2s,2s,0.0,sell,False,0.2925531914893533,4.163492493946733,28.239017640954685,0.011578080659927173,0.13062087230420907,-0.0872060667260698,-0.021895630573965263,-5.630624095171266e-05,54.882317842868545,90.58670780099908,79.80284995532125,112.15442349235474,400.0,0.9799999999999613,1.0,3.759999999999991,40.0,0.009598202889671698,0.9799999999999613,11.0,0.0025251223911362053,1.0,2.5,0.13062087230420907,-0.021895630573965263,-0.0872060667260698,54.882317842868545,90.58670780099908,79.80284995532125,112.15442349235474,39.60396039603958,29.702970297027342,20.665200924511716,0.0,0.0,0.0,0.0,0.0,0.0,8353.0,8353.0,2021-12-03,2021-12-03 06:35:00,2.446797573763746,65.0,1.0,best_within_2.0d,8417.0,379.56,0.5832424107187206,4.3760036431226785,32.22527881040892,0.012230020343504162,2.285057100371749,15.890706319702602,0.006381710269403211,0.2925531914893533,3.759999999999991,40.0,0.009598202889671698,0.9799999999999613,11.0,0.0025251223911362053,1.0,0.00402220134195386,1.9444468750000041,16.553125,0.005470102952261012,0.0,1
8353.0,2021-12-03 06:40:00,389.08,389.42,389.08,389.42,869.0,2s,2s,0.0,sell,False,0.38297872340425565,4.163492493946733,28.239017640954685,0.011578080659927173,0.1804878282766163,-0.06464508819149276,0.025598825946815396,6.582234745830609e-05,61.10426777973066,93.72447186733271,84.4433905926584,112.28663441668135,869.0,1.3199999999999932,1.0,3.759999999999991,40.0,0.009598202889671698,1.3199999999999932,12.0,0.0034011852615305157,1.0,2.5,0.1804878282766163,0.025598825946815396,-0.06464508819149276,61.10426777973066,93.72447186733271,84.4433905926584,112.28663441668135,45.2531645569627,28.48101265822562,20.813885223895465,0.08738562763442784,0.08738562763442784,0.0,0.0,0.34000000000003183,1.0,8354.0,8354.0,2021-12-03,2021-12-03 06:40:00,2.531970622977765,64.0,1.0,best_within_2.0d,8417.0,379.56,0.5832424107187206,4.3760036431226785,32.22527881040892,0.012230020343504162,2.285057100371749,15.890706319702602,0.006381710269403211,0.38297872340425565,3.759999999999991,40.0,0.009598202889671698,1.3199999999999932,12.0,0.0034011852615305157,1.0,0.00402220134195386,1.9444468750000041,16.553125,0.005470102952261012,0.0,1
8354.0,2021-12-03 06:45:00,389.47,389.48,389.31,389.4,2200.0,2s,2s,0.0,sell,False,0.39893617021276695,4.163492493946733,28.239017640954685,0.011578080659927173,0.2009080073024434,-0.03953158727868733,0.06092241637253437,0.00015663533111395523,60.575080382169965,92.94893106567555,87.27857075033077,104.28965169636513,2200.0,1.3799999999999955,1.0,3.759999999999991,40.0,0.009598202889671698,1.3799999999999955,13.0,0.003555784591600091,1.0,2.5,0.2009080073024434,0.06092241637253437,-0.03953158727868733,60.575080382169965,92.94893106567555,87.27857075033077,104.28965169636513,45.28875379939287,27.355623100301834,21.0904785985189,-0.01797314298920328,0.04366700059079292,0.009999999999990905,0.08999999999997499,0.07000000000005002,0.0,8355.0,8355.0,2021-12-03,2021-12-03 06:45:00,2.5269645608628597,63.0,1.0,best_within_2.0d,8417.0,379.56,0.5832424107187206,4.3760036431226785,32.22527881040892,0.012230020343504162,2.285057100371749,15.890706319702602,0.006381710269403211,0.39893617021276695,3.759999999999991,40.0,0.009598202889671698,1.3799999999999955,13.0,0.003555784591600091,1.0,0.00402220134195386,1.9444468750000041,16.553125,0.005470102952261012,0.0,1
8355.0,2021-12-03 06:50:00,389.45,389.54,389.36,389.54,1180.0,2s,2s,0.0,sell,False,0.4148936170212782,4.163492493946733,28.239017640954685,0.011578080659927173,0.2217647999231973,-0.011810987288287667,0.09907141267331099,0.00025468988368374055,62.99123783107944,95.29928737711703,89.95214295925952,105.99357621283204,1180.0,1.4399999999999977,1.0,3.759999999999991,40.0,0.009598202889671698,1.4399999999999977,14.0,0.0037103839216696666,1.0,2.5,0.2217647999231973,0.09907141267331099,-0.011810987288287667,62.99123783107944,95.29928737711703,89.95214295925952,105.99357621283204,52.54237288135653,12.881355932201357,23.914141674198724,0.023109513416364576,0.04622971029381724,0.0,0.08999999999997499,0.09000000000003183,1.0,8356.0,8356.0,2021-12-03,2021-12-03 06:50:00,2.5619962006469215,62.0,1.0,best_within_2.0d,8417.0,379.56,0.5832424107187206,4.3760036431226785,32.22527881040892,0.012230020343504162,2.285057100371749,15.890706319702602,0.006381710269403211,0.4148936170212782,3.759999999999991,40.0,0.009598202889671698,1.4399999999999977,14.0,0.0037103839216696666,1.0,0.00402220134195386,1.9444468750000041,16.553125,0.005470102952261012,0.0,1
8356.0,2021-12-03 06:55:00,389.61,389.63,389.61,389.61,1100.0,2s,2s,0.0,sell,False,0.4388297872340376,4.163492493946733,28.239017640954685,0.011578080659927173,0.23236198618140308,0.01723426098438772,0.13341525407508925,0.00034293943141566876,64.17349919008996,96.24890763412795,92.051064517549,104.64459386728586,1100.0,1.5299999999999727,1.0,3.759999999999991,40.0,0.009598202889671698,1.5299999999999727,15.0,0.003942282916773957,1.0,2.5,0.23236198618140308,0.13341525407508925,0.01723426098438772,64.17349919008996,96.24890763412795,92.051064517549,104.64459386728586,61.1940298507456,10.820895522386675,27.20228773522027,0.0,0.005133338466667131,0.01999999999998181,0.0,0.0,0.0,8357.0,8357.0,2021-12-03,2021-12-03 06:55:00,2.579502579502582,61.0,1.0,best_within_2.0d,8417.0,379.56,0.5832424107187206,4.3760036431226785,32.22527881040892,0.012230020343504162,2.285057100371749,15.890706319702602,0.006381710269403211,0.4388297872340376,3.759999999999991,40.0,0.009598202889671698,1.5299999999999727,15.0,0.003942282916773957,1.0,0.00402220134195386,1.9444468750000041,16.553125,0.005470102952261012,0.0,1
8357.0,2021-12-03 07:00:00,389.72,389.83,389.65,389.77,14481.0,2s,2s,0.0,sell,False,0.4920212765957368,4.163492493946733,28.239017640954685,0.011578080659927173,0.24693070743720738,0.048100599414038644,0.17156595313264233,0.00044094276767647165,66.78533258231468,95.61247930325504,93.238202779451,100.36103235086313,14481.0,1.7299999999999613,1.0,3.759999999999991,40.0,0.009598202889671698,1.7299999999999613,16.0,0.004457614017005827,1.0,2.5,0.24693070743720738,0.17156595313264233,0.048100599414038644,66.78533258231468,95.61247930325504,93.238202779451,100.36103235086313,69.4339622641506,10.943396226413816,30.45712097210781,0.012829723904329907,0.04619530347748154,0.060000000000002274,0.07000000000005002,0.049999999999954525,1.0,8358.0,8358.0,2021-12-03,2021-12-03 07:00:00,2.6194935474767123,60.0,1.0,best_within_2.0d,8417.0,379.56,0.5832424107187206,4.3760036431226785,32.22527881040892,0.012230020343504162,2.285057100371749,15.890706319702602,0.006381710269403211,0.4920212765957368,3.759999999999991,40.0,0.009598202889671698,1.7299999999999613,16.0,0.004457614017005827,1.0,0.00402220134195386,1.9444468750000041,16.553125,0.005470102952261012,0.0,1
8360.0,2021-12-03 07:15:00,389.83,389.83,389.59,389.7,4683.0,2s,2s,0.0,sell,False,0.4920212765957368,4.163492493946733,28.239017640954685,0.011578080659927173,0.18832124954401253,0.1245717668246823,0.21873239159668856,0.0005619870591726839,60.7930640811272,83.93488093178807,87.7723150804496,76.260012634465,4683.0,1.7299999999999613,1.0,3.759999999999991,40.0,0.009598202889671698,1.7299999999999613,19.0,0.004457614017005827,1.0,2.5,0.18832124954401253,0.21873239159668856,0.1245717668246823,60.7930640811272,83.93488093178807,87.7723150804496,76.260012634465,47.97047970479674,16.236162361621897,34.70933646139616,-0.03334786958417655,0.06160322390205321,0.0,0.11000000000001364,0.12999999999999545,0.0,8361.0,8361.0,2021-12-03,2021-12-03 07:15:00,2.6020015396458778,57.0,1.0,best_within_2.0d,8417.0,379.56,0.5832424107187206,4.3760036431226785,32.22527881040892,0.012230020343504162,2.285057100371749,15.890706319702602,0.006381710269403211,0.4920212765957368,3.759999999999991,40.0,0.009598202889671698,1.7299999999999613,19.0,0.004457614017005827,1.0,0.00402220134195386,1.9444468750000041,16.553125,0.005470102952261012,0.0,1
8361.0,2021-12-03 07:20:00,389.67,390.25,389.67,390.05,72773.0,2s,2s,0.0,sell,False,0.6037234042553158,4.163492493946733,28.239017640954685,0.011578080659927173,0.20370901112333561,0.15003539321509923,0.25188989877676704,0.0006470751905468094,65.99302540045448,83.59191492318675,86.37884836136197,78.0180480468363,72773.0,2.1499999999999773,1.0,3.759999999999991,40.0,0.009598202889671698,2.1499999999999773,20.0,0.0055398093274928555,1.0,2.5,0.20370901112333561,0.25188989877676704,0.15003539321509923,65.99302540045448,83.59191492318675,86.37884836136197,78.0180480468363,52.27963525835925,13.373860182369402,36.46290237552951,0.0975184130161407,0.14884389355094926,0.19999999999998863,0.0,0.37999999999999545,1.0,8362.0,8362.0,2021-12-03,2021-12-03 07:20:00,2.689398795026281,56.0,1.0,best_within_2.0d,8417.0,379.56,0.5832424107187206,4.3760036431226785,32.22527881040892,0.012230020343504162,2.285057100371749,15.890706319702602,0.006381710269403211,0.6037234042553158,3.759999999999991,40.0,0.009598202889671698,2.1499999999999773,20.0,0.0055398093274928555,1.0,0.00402220134195386,1.9444468750000041,16.553125,0.005470102952261012,0.0,1
8363.0,2021-12-03 07:30:00,390.15,390.32,390.04,390.32,13553.0,2s,2s,0.0,sell,False,0.6223404255319097,4.163492493946733,28.239017640954685,0.011578080659927173,0.22274659038594946,0.20382839583473505,0.3152016910277098,0.0008094354778490832,69.54897320966025,89.39782507224407,86.87803820876803,94.43739879919616,13553.0,2.2199999999999704,1.0,3.759999999999991,40.0,0.009598202889671698,2.2199999999999704,22.0,0.005720175212574003,1.0,2.5,0.22274659038594946,0.3152016910277098,0.20382839583473505,69.54897320966025,89.39782507224407,86.87803820876803,94.43739879919616,50.60240963855368,4.518072289156028,42.98043956638064,0.04357298474945942,0.07178750897343163,0.0,0.1099999999999568,0.17000000000001592,1.0,8364.0,8364.0,2021-12-03,2021-12-03 07:30:00,2.7567124410739883,54.0,1.0,best_within_2.0d,8417.0,379.56,0.5832424107187206,4.3760036431226785,32.22527881040892,0.012230020343504162,2.285057100371749,15.890706319702602,0.006381710269403211,0.6223404255319097,3.759999999999991,40.0,0.009598202889671698,2.2199999999999704,22.0,0.005720175212574003,1.0,0.00402220134195386,1.9444468750000041,16.553125,0.005470102952261012,0.0,1
8366.0,2021-12-03 07:45:00,390.23,390.61,390.21,390.55,26270.0,2s,2s,0.0,sell,False,0.6994680851063835,4.163492493946733,28.239017640954685,0.011578080659927173,0.18558824148618291,0.272559988002259,0.36535410874535046,0.0009377789979417133,70.14184910673725,88.82375070379477,87.13063982954529,92.20997245229375,26270.0,2.509999999999991,1.0,3.759999999999991,40.0,0.009598202889671698,2.509999999999991,25.0,0.006467405307910308,1.0,2.5,0.18558824148618291,0.36535410874535046,0.272559988002259,70.14184910673725,88.82375070379477,87.13063982954529,92.20997245229375,46.505376344086876,4.03225806451555,50.844605827409325,0.08200292135407149,0.1025089054611707,0.060000000000002274,0.020000000000038654,0.3199999999999932,1.0,8367.0,8367.0,2021-12-03,2021-12-03 07:45:00,2.8139802842145714,51.0,1.0,best_within_2.0d,8417.0,379.56,0.5832424107187206,4.3760036431226785,32.22527881040892,0.012230020343504162,2.285057100371749,15.890706319702602,0.006381710269403211,0.6994680851063835,3.759999999999991,40.0,0.009598202889671698,2.509999999999991,25.0,0.006467405307910308,1.0,0.00402220134195386,1.9444468750000041,16.553125,0.005470102952261012,0.0,1
8367.0,2021-12-03 07:50:00,390.57,390.7,390.57,390.7,14531.0,2s,2s,0.0,sell,False,0.7234042553191429,4.163492493946733,28.239017640954685,0.011578080659927173,0.19956069501544937,0.2975050748791902,0.3972854223869149,0.0010195250751808816,71.89173516903115,92.54916713586317,88.9368155983179,99.7738702109537,14531.0,2.599999999999966,1.0,3.759999999999991,40.0,0.009598202889671698,2.599999999999966,26.0,0.006699304303014598,1.0,2.5,0.19956069501544937,0.3972854223869149,0.2975050748791902,71.89173516903115,92.54916713586317,88.9368155983179,99.7738702109537,41.92634560906506,4.249291784702007,53.041069127204516,0.03328468648385576,0.03328468648385576,0.0,0.0,0.12999999999999545,1.0,8368.0,8368.0,2021-12-03,2021-12-03 07:50:00,2.851292551830045,50.0,1.0,best_within_2.0d,8417.0,379.56,0.5832424107187206,4.3760036431226785,32.22527881040892,0.012230020343504162,2.285057100371749,15.890706319702602,0.006381710269403211,0.7234042553191429,3.759999999999991,40.0,0.009598202889671698,2.599999999999966,26.0,0.006699304303014598,1.0,0.00402220134195386,1.9444468750000041,16.553125,0.005470102952261012,0.0,1
8370.0,2021-12-03 08:05:00,390.6996,391.23,390.6996,391.1,48425.0,2s,2s,0.0,sell,False,0.8643617021276616,4.163492493946733,28.239017640954685,0.011578080659927173,0.19373804342680523,0.3652485855414652,0.46211760725486783,0.001185180699053417,74.7835157330577,95.00840245438054,92.69660546579837,99.6319964315449,48425.0,3.1299999999999955,1.0,3.759999999999991,40.0,0.009598202889671698,3.1299999999999955,29.0,0.008064931718629207,1.0,2.5,0.19373804342680523,0.46211760725486783,0.3652485855414652,74.7835157330577,95.00840245438054,92.69660546579837,99.6319964315449,27.960318463288235,39.17603942878783,49.97345778390202,0.1024828282394063,0.13575647377167596,0.12999999999999545,0.0,0.4004000000000474,1.0,8371.0,8371.0,2021-12-03,2021-12-03 08:05:00,2.950652007159299,47.0,1.0,best_within_2.0d,8417.0,379.56,0.5832424107187206,4.3760036431226785,32.22527881040892,0.012230020343504162,2.285057100371749,15.890706319702602,0.006381710269403211,0.8643617021276616,3.759999999999991,40.0,0.009598202889671698,3.1299999999999955,29.0,0.008064931718629207,1.0,0.00402220134195386,1.9444468750000041,16.553125,0.005470102952261012,0.0,1
8371.0,2021-12-03 08:10:00,391.1,391.23,391.02,391.16,19903.0,2s,2s,0.0,sell,False,0.8643617021276616,4.163492493946733,28.239017640954685,0.011578080659927173,0.20037324004813417,0.390295240547482,0.4904818605715491,0.0012576278604784093,75.38905440155489,95.89188926167184,93.76170006442285,100.15226765616978,19903.0,3.1299999999999955,1.0,3.759999999999991,40.0,0.009598202889671698,3.1299999999999955,30.0,0.008064931718629207,1.0,2.5,0.20037324004813417,0.4904818605715491,0.390295240547482,75.38905440155489,95.89188926167184,93.76170006442285,100.15226765616978,24.84019998734244,39.238022909941755,48.008863356656775,0.0153413449245723,0.05370569280344647,0.06999999999999318,0.08000000000004093,0.060000000000002274,1.0,8372.0,8372.0,2021-12-03,2021-12-03 08:10:00,2.9655383986092705,46.0,1.0,best_within_2.0d,8417.0,379.56,0.5832424107187206,4.3760036431226785,32.22527881040892,0.012230020343504162,2.285057100371749,15.890706319702602,0.006381710269403211,0.8643617021276616,3.759999999999991,40.0,0.009598202889671698,3.1299999999999955,30.0,0.008064931718629207,1.0,0.00402220134195386,1.9444468750000041,16.553125,0.005470102952261012,0.0,1
8372.0,2021-12-03 08:15:00,391.12,391.24,390.87,391.01,15116.0,2s,2s,0.0,sell,False,0.8670212765957444,4.163492493946733,28.239017640954685,0.011578080659927173,0.16776636284108482,0.41126603590261757,0.49514921732316,0.0012693531120042643,70.81098202146995,94.70570395222546,94.07636802702372,95.96437580262895,15116.0,3.1399999999999864,1.0,3.759999999999991,40.0,0.009598202889671698,3.1399999999999864,31.0,0.008090698273640779,1.0,2.5,0.16776636284108482,0.49514921732316,0.41126603590261757,70.81098202146995,94.70570395222546,94.07636802702372,95.96437580262895,24.453305090025328,38.62687683010327,46.18459710278619,-0.028124360809985077,0.0946606288535842,0.12000000000000455,0.13999999999998636,0.11000000000001364,0.0,8373.0,8373.0,2021-12-03,2021-12-03 08:15:00,2.9283138538656273,45.0,1.0,best_within_2.0d,8417.0,379.56,0.5832424107187206,4.3760036431226785,32.22527881040892,0.012230020343504162,2.285057100371749,15.890706319702602,0.006381710269403211,0.8670212765957444,3.759999999999991,40.0,0.009598202889671698,3.1399999999999864,31.0,0.008090698273640779,1.0,0.00402220134195386,1.9444468750000041,16.553125,0.005470102952261012,0.0,1
8375.0,2021-12-03 08:30:00,391.28,393.08,391.28,391.79,432424.0,1,1,0.0,sell,False,0.5630897160817768,4.979999999999961,34.0,0.012831744395774185,0.1433299873424545,0.45034449178228186,0.5220094854535091,0.0013374225122383039,75.56885734815206,85.05319500839323,89.96165054869277,75.23628392779415,432424.0,4.979999999999961,1.0,4.979999999999961,34.0,0.012831744395774185,4.979999999999961,34.0,0.012831744395774185,1.0,1.0,0.1433299873424545,0.5220094854535091,0.45034449178228186,75.56885734815206,85.05319500839323,89.96165054869277,75.23628392779415,39.15016707396097,32.91606403670602,40.91893468548221,0.13034144346760573,0.4600286240032742,1.2899999999999636,0.0,0.5100000000000477,1.0,8376.0,8376.0,2021-12-03,2021-12-03 08:30:00,3.1215702289491865,42.0,1.0,best_within_2.0d,8417.0,379.56,0.5832424107187206,4.3760036431226785,32.22527881040892,0.012230020343504162,2.285057100371749,15.890706319702602,0.006381710269403211,0.4929364202292669,5.6011759621451125,36.843533123028394,0.015614239272951093,2.82998018927445,22.52492113564669,0.007835530045022196,1.8630914826498424,0.00402220134195386,1.9444468750000041,16.553125,0.005470102952261012,1.0,1
8387.0,2021-12-03 09:30:00,391.29,392.34,390.43,391.3929,1283105.0,3a,3a,1.0,buy,False,0.003992581525938783,4.163492493946733,28.239017640954685,0.011578080659927173,-0.1786186988741585,0.42488126757364497,0.33557191813656573,0.0008582672385255462,56.65416034191636,39.11261938729332,38.07019412104432,41.19746991979133,1283105.0,2.6499999999999773,2.0,2.6499999999999773,13.0,0.00674163020250325,2.6499999999999773,13.0,0.00674163020250325,3.0,3.0,-0.1786186988741585,0.33557191813656573,0.42488126757364497,56.65416034191636,39.11261938729332,38.07019412104432,41.19746991979133,36.21621621621705,16.126126126126525,27.096246130464433,0.026297630913127576,0.48920421074199427,0.9470999999999776,0.8600000000000136,0.1028999999999769,1.0,8388.0,8388.0,2021-12-03,2021-12-03 09:30:00,2.292351240914184,50.0,1.0,best_within_2.0d,8437.0,400.365,0.5832424107187206,4.3760036431226785,32.22527881040892,0.012230020343504162,2.285057100371749,15.890706319702602,0.006381710269403211,0.4929364202292669,5.6011759621451125,36.843533123028394,0.015614239272951093,2.82998018927445,22.52492113564669,0.007835530045022196,1.8630914826498424,0.003992581525938783,2.6499999999999773,13.0,0.00674163020250325,0.0,0
8388.0,2021-12-03 09:35:00,391.43,391.44,389.42,389.48,1259946.0,2s,2s,1.0,buy,False,0.06445672191527908,4.163492493946733,28.239017640954685,0.011578080659927173,-0.4179307647765069,0.3726399219765816,0.16367453958832812,0.0004187377552186822,35.627898084902185,26.76001109837823,34.300133113488954,11.679767068156778,1259946.0,3.659999999999968,1.0,5.430000000000007,8.0,0.014128115730863316,3.659999999999968,14.0,0.009311081713645997,5.0,2.5,-0.4179307647765069,0.16367453958832812,0.3726399219765816,35.627898084902185,26.76001109837823,34.300133113488954,11.679767068156778,29.874213836478546,22.012578616352638,26.24305106053948,-0.49817336433078424,0.518720147912275,0.009999999999990905,0.060000000000002274,1.9499999999999886,0.0,8389.0,8389.0,2021-12-03,2021-12-03 09:35:00,2.794751976994965,49.0,1.0,best_within_2.0d,8437.0,400.365,0.5832424107187206,4.3760036431226785,32.22527881040892,0.012230020343504162,2.285057100371749,15.890706319702602,0.006381710269403211,0.06445672191527908,5.430000000000007,8.0,0.014128115730863316,3.659999999999968,14.0,0.009311081713645997,5.0,0.00402220134195386,1.9444468750000041,16.553125,0.005470102952261012,0.0,0
8389.0,2021-12-03 09:40:00,389.49,390.13,388.48,388.8791,1350742.0,2s,2s,1.0,buy,False,0.23756906077347367,4.163492493946733,28.239017640954685,0.011578080659927173,-0.6295089526033448,0.29395130290116345,-0.020803173400508967,-5.324207369448429e-05,31.653701121036306,21.286466811699306,29.962244346225738,3.9349117426464417,1350742.0,4.599999999999966,1.0,5.430000000000007,8.0,0.014128115730863316,4.599999999999966,15.0,0.011702452426986787,5.0,2.5,-0.6295089526033448,-0.020803173400508967,0.29395130290116345,31.653701121036306,21.286466811699306,29.962244346225738,3.9349117426464417,15.535568274734803,30.580539656582772,26.69884123301356,-0.1568461321214961,0.4247322899505707,0.6399999999999864,0.3990999999999758,0.6109000000000151,0.0,8390.0,8390.0,2021-12-03,2021-12-03 09:40:00,2.953591488974341,48.0,1.0,best_within_2.0d,8437.0,400.365,0.5832424107187206,4.3760036431226785,32.22527881040892,0.012230020343504162,2.285057100371749,15.890706319702602,0.006381710269403211,0.23756906077347367,5.430000000000007,8.0,0.014128115730863316,4.599999999999966,15.0,0.011702452426986787,5.0,0.00402220134195386,1.9444468750000041,16.553125,0.005470102952261012,0.0,0
8390.0,2021-12-03 09:45:00,388.8601,389.49,388.05,388.08,906602.0,1,"1,2s",1.0,buy,False,2.3209746676274516,5.029999999999973,16.0,0.012796377327770359,-0.836475348422732,0.18939188434832194,-0.22884578986304405,-0.0005859848399883385,27.293538912359224,14.424078107566226,24.7828556000059,-6.293476877313118,906602.0,5.029999999999973,1.0,5.029999999999973,16.0,0.012796377327770359,5.029999999999973,16.0,0.012796377327770359,1.0,1.0,-0.836475348422732,-0.22884578986304405,0.18939188434832194,27.293538912359224,14.424078107566226,24.7828556000059,-6.293476877313118,14.683153013910816,32.225656877898544,27.462997901825094,-0.20061199387646214,0.3710862002319283,0.6299000000000206,0.029999999999972715,0.7801000000000045,0.0,8391.0,8391.0,2021-12-03,2021-12-03 09:45:00,3.1655844155844224,47.0,1.0,best_within_2.0d,8437.0,400.365,0.5832424107187206,4.3760036431226785,32.22527881040892,0.012230020343504162,2.285057100371749,15.890706319702602,0.006381710269403211,0.31675874769796836,5.430000000000007,8.0,0.014128115730863316,5.029999999999973,16.0,0.012796377327770359,5.0,0.00402220134195386,1.9444468750000041,16.553125,0.005470102952261012,0.0,0
8390.0,2021-12-03 09:45:00,388.8601,389.49,388.05,388.08,906602.0,2s,"1,2s",1.0,buy,False,2.3209746676274516,5.029999999999973,16.0,0.012796377327770359,-0.836475348422732,0.18939188434832194,-0.22884578986304405,-0.0005859848399883385,27.293538912359224,14.424078107566226,24.7828556000059,-6.293476877313118,906602.0,5.029999999999973,1.0,5.029999999999973,16.0,0.012796377327770359,5.029999999999973,16.0,0.012796377327770359,1.0,1.0,-0.836475348422732,-0.22884578986304405,0.18939188434832194,27.293538912359224,14.424078107566226,24.7828556000059,-6.293476877313118,14.683153013910816,32.225656877898544,27.462997901825094,-0.20061199387646214,0.3710862002319283,0.6299000000000206,0.029999999999972715,0.7801000000000045,0.0,8391.0,8391.0,2021-12-03,2021-12-03 09:45:00,3.1655844155844224,47.0,1.0,best_within_2.0d,8437.0,400.365,0.5832424107187206,4.3760036431226785,32.22527881040892,0.012230020343504162,2.285057100371749,15.890706319702602,0.006381710269403211,0.31675874769796836,5.430000000000007,8.0,0.014128115730863316,5.029999999999973,16.0,0.012796377327770359,5.0,0.00402220134195386,1.9444468750000041,16.553125,0.005470102952261012,0.0,0
8391.0,2021-12-03 09:50:00,388.1,388.74,386.06,386.06,1531098.0,1,"1,2s",1.0,buy,False,3.284213835387044,7.019999999999982,17.0,0.01785896000814079,-1.1836251168817578,0.041438744738102204,-0.5503738137027767,-0.0014104891382921282,19.85007330446861,9.616052071710817,19.72725442390754,-10.60635263268263,1531098.0,7.019999999999982,1.0,7.019999999999982,17.0,0.01785896000814079,7.019999999999982,17.0,0.01785896000814079,1.0,1.0,-1.1836251168817578,-0.5503738137027767,0.041438744738102204,19.85007330446861,9.616052071710817,19.72725442390754,-10.60635263268263,12.751677852349339,40.26845637583929,29.20840763578148,-0.5256377222365423,0.6941926125472742,0.6399999999999864,0.0,2.0400000000000205,0.0,8392.0,8392.0,2021-12-03,2021-12-03 09:50:00,3.705382583018185,46.0,1.0,best_within_2.0d,8437.0,400.365,0.5832424107187206,4.3760036431226785,32.22527881040892,0.012230020343504162,2.285057100371749,15.890706319702602,0.006381710269403211,0.6832412523020212,5.430000000000007,8.0,0.014128115730863316,7.019999999999982,17.0,0.01785896000814079,5.0,0.00402220134195386,1.9444468750000041,16.553125,0.005470102952261012,0.0,0
8391.0,2021-12-03 09:50:00,388.1,388.74,386.06,386.06,1531098.0,2s,"1,2s",1.0,buy,False,3.284213835387044,7.019999999999982,17.0,0.01785896000814079,-1.1836251168817578,0.041438744738102204,-0.5503738137027767,-0.0014104891382921282,19.85007330446861,9.616052071710817,19.72725442390754,-10.60635263268263,1531098.0,7.019999999999982,1.0,7.019999999999982,17.0,0.01785896000814079,7.019999999999982,17.0,0.01785896000814079,1.0,1.0,-1.1836251168817578,-0.5503738137027767,0.041438744738102204,19.85007330446861,9.616052071710817,19.72725442390754,-10.60635263268263,12.751677852349339,40.26845637583929,29.20840763578148,-0.5256377222365423,0.6941926125472742,0.6399999999999864,0.0,2.0400000000000205,0.0,8392.0,8392.0,2021-12-03,2021-12-03 09:50:00,3.705382583018185,46.0,1.0,best_within_2.0d,8437.0,400.365,0.5832424107187206,4.3760036431226785,32.22527881040892,0.012230020343504162,2.285057100371749,15.890706319702602,0.006381710269403211,0.6832412523020212,5.430000000000007,8.0,0.014128115730863316,7.019999999999982,17.0,0.01785896000814079,5.0,0.00402220134195386,1.9444468750000041,16.553125,0.005470102952261012,0.0,0
8392.0,2021-12-03 09:55:00,386.0872,387.24,386.0,386.29,1155321.0,1,"1,2s",1.0,buy,False,3.636431407613061,7.079999999999984,18.0,0.01801160069197106,-1.3105637347640149,-0.12238172210739964,-0.7776635894894071,-0.001994464374959933,22.443619675114604,7.935412211845179,15.796640353220084,-7.787044070904631,1155321.0,7.079999999999984,1.0,7.079999999999984,18.0,0.01801160069197106,7.079999999999984,18.0,0.01801160069197106,1.0,1.0,-1.3105637347640149,-0.7776635894894071,-0.12238172210739964,22.443619675114604,7.935412211845179,15.796640353220084,-7.787044070904631,12.768817204301405,35.34946236559161,30.474048111916748,0.052526993901902144,0.32124352331606454,0.9499999999999886,0.08719999999999573,0.20280000000002474,1.0,8393.0,8393.0,2021-12-03,2021-12-03 09:55:00,3.643635610551655,45.0,1.0,best_within_2.0d,8437.0,400.365,0.5832424107187206,4.3760036431226785,32.22527881040892,0.012230020343504162,2.285057100371749,15.890706319702602,0.006381710269403211,0.6942909760589276,5.430000000000007,8.0,0.014128115730863316,7.079999999999984,18.0,0.01801160069197106,5.0,0.00402220134195386,1.9444468750000041,16.553125,0.005470102952261012,0.0,0
8392.0,2021-12-03 09:55:00,386.0872,387.24,386.0,386.29,1155321.0,2s,"1,2s",1.0,buy,False,3.636431407613061,7.079999999999984,18.0,0.01801160069197106,-1.3105637347640149,-0.12238172210739964,-0.7776635894894071,-0.001994464374959933,22.443619675114604,7.935412211845179,15.796640353220084,-7.787044070904631,1155321.0,7.079999999999984,1.0,7.079999999999984,18.0,0.01801160069197106,7.079999999999984,18.0,0.01801160069197106,1.0,1.0,-1.3105637347640149,-0.7776635894894071,-0.12238172210739964,22.443619675114604,7.935412211845179,15.796640353220084,-7.787044070904631,12.768817204301405,35.34946236559161,30.474048111916748,0.052526993901902144,0.32124352331606454,0.9499999999999886,0.08719999999999573,0.20280000000002474,1.0,8393.0,8393.0,2021-12-03,2021-12-03 09:55:00,3.643635610551655,45.0,1.0,best_within_2.0d,8437.0,400.365,0.5832424107187206,4.3760036431226785,32.22527881040892,0.012230020343504162,2.285057100371749,15.890706319702602,0.006381710269403211,0.6942909760589276,5.430000000000007,8.0,0.014128115730863316,7.079999999999984,18.0,0.01801160069197106,5.0,0.00402220134195386,1.9444468750000041,16.553125,0.005470102952261012,0.0,0
8393.0,2021-12-03 10:00:00,386.38,386.96,384.63,385.04,2360438.0,2s,"1,2s",1.0,buy,False,4.103063583860527,8.449999999999989,19.0,0.021496896306095425,-1.478737182607311,-0.3072238699333135,-1.046592461236969,-0.002686669170708587,18.869852513720886,7.0628645182298,12.885381741556657,-4.582169928423916,2360438.0,8.449999999999989,1.0,8.449999999999989,19.0,0.021496896306095425,8.449999999999989,19.0,0.021496896306095425,1.0,1.0,-1.478737182607311,-1.046592461236969,-0.3072238699333135,18.869852513720886,7.0628645182298,12.885381741556657,-4.582169928423916,11.255924170616396,39.27725118483437,32.258140974128644,-0.3468088410373143,0.6057769804747378,0.5799999999999841,0.410000000000025,1.339999999999975,0.0,8394.0,8394.0,2021-12-03,2021-12-03 10:00:00,3.9801059630168263,44.0,1.0,best_within_2.0d,8437.0,400.365,0.5832424107187206,4.3760036431226785,32.22527881040892,0.012230020343504162,2.285057100371749,15.890706319702602,0.006381710269403211,0.9465930018416169,5.430000000000007,8.0,0.014128115730863316,8.449999999999989,19.0,0.021496896306095425,5.0,0.00402220134195386,1.9444468750000041,16.553125,0.005470102952261012,0.0,0
8393.0,2021-12-03 10:00:00,386.38,386.96,384.63,385.04,2360438.0,1,"1,2s",1.0,buy,False,4.103063583860527,8.449999999999989,19.0,0.021496896306095425,-1.478737182607311,-0.3072238699333135,-1.046592461236969,-0.002686669170708587,18.869852513720886,7.0628645182298,12.885381741556657,-4.582169928423916,2360438.0,8.449999999999989,1.0,8.449999999999989,19.0,0.021496896306095425,8.449999999999989,19.0,0.021496896306095425,1.0,1.0,-1.478737182607311,-1.046592461236969,-0.3072238699333135,18.869852513720886,7.0628645182298,12.885381741556657,-4.582169928423916,11.255924170616396,39.27725118483437,32.258140974128644,-0.3468088410373143,0.6057769804747378,0.5799999999999841,0.410000000000025,1.339999999999975,0.0,8394.0,8394.0,2021-12-03,2021-12-03 10:00:00,3.9801059630168263,44.0,1.0,best_within_2.0d,8437.0,400.365,0.5832424107187206,4.3760036431226785,32.22527881040892,0.012230020343504162,2.285057100371749,15.890706319702602,0.006381710269403211,0.9465930018416169,5.430000000000007,8.0,0.014128115730863316,8.449999999999989,19.0,0.021496896306095425,5.0,0.00402220134195386,1.9444468750000041,16.553125,0.005470102952261012,0.0,0
8394.0,2021-12-03 10:05:00,385.04,385.52,383.76,383.8102,1629862.0,1,1,1.0,buy,False,4.600441430792783,9.319999999999993,20.0,0.023710186221634257,-1.657991318213925,-0.5144727847100541,-1.3434684438170166,-0.003452536984264578,16.14587188714482,4.903603540513798,10.224789007875703,-5.738767394210013,1629862.0,9.319999999999993,1.0,9.319999999999993,20.0,0.023710186221634257,9.319999999999993,20.0,0.023710186221634257,1.0,1.0,-1.657991318213925,-1.3434684438170166,-0.5144727847100541,16.14587188714482,4.903603540513798,10.224789007875703,-5.738767394210013,7.293986636971114,41.75946547884218,34.97263568807323,-0.3193953874922116,0.4586199708150904,0.47999999999996135,0.05020000000001801,1.2298000000000116,0.0,8395.0,8395.0,2021-12-03,2021-12-03 10:05:00,4.313277760726526,43.0,1.0,best_within_2.0d,8437.0,400.365,0.5832424107187206,4.3760036431226785,32.22527881040892,0.012230020343504162,2.285057100371749,15.890706319702602,0.006381710269403211,0.4929364202292669,5.6011759621451125,36.843533123028394,0.015614239272951093,2.82998018927445,22.52492113564669,0.007835530045022196,1.8630914826498424,0.00402220134195386,1.9444468750000041,16.553125,0.005470102952261012,0.0,0
8395.0,2021-12-03 10:10:00,383.81,385.0,383.6,384.45,1489962.0,1,1,1.0,buy,False,4.600441430792783,9.479999999999961,21.0,0.024117228045181544,-1.5923879101118428,-0.7135212734740344,-1.5097152285299558,-0.0038832251477628516,22.420351956791293,6.510869179564387,8.98681573177193,1.5589760751492996,1489962.0,9.479999999999961,1.0,9.479999999999961,21.0,0.024117228045181544,9.479999999999961,21.0,0.024117228045181544,1.0,1.0,-1.5923879101118428,-1.5097152285299558,-0.7135212734740344,22.420351956791293,6.510869179564387,8.98681573177193,1.5589760751492996,7.050592034445701,40.419806243272575,37.49564632324648,0.16674917276777215,0.3649635036496291,0.5500000000000114,0.20999999999997954,0.6399999999999864,1.0,8396.0,8396.0,2021-12-03,2021-12-03 10:10:00,4.139680062426849,42.0,1.0,best_within_2.0d,8437.0,400.365,0.5832424107187206,4.3760036431226785,32.22527881040892,0.012230020343504162,2.285057100371749,15.890706319702602,0.006381710269403211,0.4929364202292669,5.6011759621451125,36.843533123028394,0.015614239272951093,2.82998018927445,22.52492113564669,0.007835530045022196,1.8630914826498424,0.00402220134195386,1.9444468750000041,16.553125,0.005470102952261012,1.0,0
8400.0,2021-12-03 10:35:00,383.82,384.7,383.41,384.02,1085262.0,1,1,1.0,buy,False,4.600441430792783,9.669999999999959,26.0,0.02460059021064404,-0.7440231173497067,-1.3388009851395168,-1.7108125438143702,-0.0044154840378885975,27.873634375371793,15.353628214529486,14.840288854170291,16.380306935247877,1085262.0,9.669999999999959,1.0,9.669999999999959,26.0,0.02460059021064404,9.669999999999959,26.0,0.02460059021064404,1.0,1.0,-0.7440231173497067,-1.7108125438143702,-1.3388009851395168,27.873634375371793,15.353628214529486,14.840288854170291,16.380306935247877,10.170195101701939,31.880448318804383,42.59393292262551,0.0521077588452891,0.3364544482407771,0.6800000000000068,0.40999999999996817,0.19999999999998863,1.0,8401.0,8401.0,2021-12-03,2021-12-03 10:35:00,4.256288734961728,37.0,1.0,best_within_2.0d,8437.0,400.365,0.5832424107187206,4.3760036431226785,32.22527881040892,0.012230020343504162,2.285057100371749,15.890706319702602,0.006381710269403211,0.4929364202292669,5.6011759621451125,36.843533123028394,0.015614239272951093,2.82998018927445,22.52492113564669,0.007835530045022196,1.8630914826498424,0.00402220134195386,1.9444468750000041,16.553125,0.005470102952261012,0.0,0
8401.0,2021-12-03 10:40:00,384.03,384.36,382.44,382.465,1326354.0,1,1,1.0,buy,False,4.600441430792785,10.639999999999986,27.0,0.027068281265900038,-0.8113187454559192,-1.4402158283215067,-1.8458752010494663,-0.004768622548570934,23.308738916596923,10.420117924730404,13.366898544356996,4.5265566854772175,1326354.0,10.639999999999986,1.0,10.639999999999986,27.0,0.027068281265900038,10.639999999999986,27.0,0.027068281265900038,1.0,1.0,-0.8113187454559192,-1.8458752010494663,-1.4402158283215067,23.308738916596923,10.420117924730404,13.366898544356996,4.5265566854772175,6.141078838174359,35.89211618257257,44.60721355648392,-0.40752024581412855,0.5020395356134337,0.3300000000000409,0.024999999999977263,1.5649999999999977,0.0,8402.0,8402.0,2021-12-03,2021-12-03 10:40:00,4.680166812649532,36.0,1.0,best_within_2.0d,8437.0,400.365,0.5832424107187206,4.3760036431226785,32.22527881040892,0.012230020343504162,2.285057100371749,15.890706319702602,0.006381710269403211,0.4929364202292669,5.6011759621451125,36.843533123028394,0.015614239272951093,2.82998018927445,22.52492113564669,0.007835530045022196,1.8630914826498424,0.00402220134195386,1.9444468750000041,16.553125,0.005470102952261012,0.0,0
8402.0,2021-12-03 10:45:00,382.47,383.0,381.74,382.18,1697663.0,1,1,1.0,buy,False,4.600441430792783,11.339999999999975,28.0,0.02884908924391975,-0.8210833949310072,-1.5428512526878826,-1.9533929501533862,-0.00505112701312323,22.57888022061229,10.455517212978139,12.396438100564044,6.57367543780633,1697663.0,11.339999999999975,1.0,11.339999999999975,28.0,0.02884908924391975,11.339999999999975,28.0,0.02884908924391975,1.0,1.0,-0.8210833949310072,-1.9533929501533862,-1.5428512526878826,22.57888022061229,10.455517212978139,12.396438100564044,6.57367543780633,6.341045415595629,35.73264781490996,46.41080071734602,-0.07582294036134088,0.33006758526745716,0.5299999999999727,0.4399999999999977,0.29000000000002046,0.0,8403.0,8403.0,2021-12-03,2021-12-03 10:45:00,4.758229106703648,35.0,1.0,best_within_2.0d,8437.0,400.365,0.5832424107187206,4.3760036431226785,32.22527881040892,0.012230020343504162,2.285057100371749,15.890706319702602,0.006381710269403211,0.4929364202292669,5.6011759621451125,36.843533123028394,0.015614239272951093,2.82998018927445,22.52492113564669,0.007835530045022196,1.8630914826498424,0.00402220134195386,1.9444468750000041,16.553125,0.005470102952261012,0.0,0
8406.0,2021-12-03 11:05:00,382.7,382.7,381.16,382.17,1468899.0,1,1,1.0,buy,False,4.600441430792783,11.919999999999959,32.0,0.030324615854278925,-0.3125281922408236,-1.783940638510399,-1.940204734630811,-0.005031416086357767,26.778102334876323,19.95824553090036,17.427901148166434,25.018934296368215,1468899.0,11.919999999999959,1.0,11.919999999999959,32.0,0.030324615854278925,11.919999999999959,32.0,0.030324615854278925,1.0,1.0,-0.3125281922408236,-1.940204734630811,-1.783940638510399,26.778102334876323,19.95824553090036,17.427901148166434,25.018934296368215,9.111785035503834,27.289335990170095,47.865731627767055,-0.13848967859941802,0.40402980375694286,0.0,1.009999999999991,0.5299999999999727,0.0,8407.0,8407.0,2021-12-03,2021-12-03 11:05:00,4.760970248842137,31.0,1.0,best_within_2.0d,8437.0,400.365,0.5832424107187206,4.3760036431226785,32.22527881040892,0.012230020343504162,2.285057100371749,15.890706319702602,0.006381710269403211,0.4929364202292669,5.6011759621451125,36.843533123028394,0.015614239272951093,2.82998018927445,22.52492113564669,0.007835530045022196,1.8630914826498424,0.00402220134195386,1.9444468750000041,16.553125,0.005470102952261012,0.0,0
8408.0,2021-12-03 11:15:00,382.13,382.44,381.07,381.41,1688312.0,1,1,1.0,buy,False,4.600441430792785,12.009999999999991,34.0,0.0305535768800244,-0.20488297620886708,-1.8365950815379493,-1.9390365696423828,-0.005035572206693995,24.19534815267623,16.964557124978885,18.01472846199613,14.864214450944402,1688312.0,12.009999999999991,1.0,12.009999999999991,34.0,0.0305535768800244,12.009999999999991,34.0,0.0305535768800244,1.0,1.0,-0.20488297620886708,-1.9390365696423828,-1.8365950815379493,24.19534815267623,16.964557124978885,18.01472846199613,14.864214450944402,9.944701432941134,21.74775616395656,46.54871068121056,-0.1884175542354619,0.35951400005248496,0.3100000000000023,0.34000000000003183,0.7199999999999704,0.0,8409.0,8409.0,2021-12-03,2021-12-03 11:15:00,4.969717626700921,29.0,1.0,best_within_2.0d,8437.0,400.365,0.5832424107187206,4.3760036431226785,32.22527881040892,0.012230020343504162,2.285057100371749,15.890706319702602,0.006381710269403211,0.4929364202292669,5.6011759621451125,36.843533123028394,0.015614239272951093,2.82998018927445,22.52492113564669,0.007835530045022196,1.8630914826498424,0.00402220134195386,1.9444468750000041,16.553125,0.005470102952261012,1.0,0
8413.0,2021-12-03 11:40:00,382.07,382.36,380.7101,380.96,1452486.0,1,1,1.0,buy,False,4.600441430792785,12.369899999999973,39.0,0.03146916658186622,0.22584912841444416,-1.6878517568814602,-1.574927192674238,-0.004099450380120634,29.494488664991778,38.034700958875725,41.44749677149556,31.20910933363605,1452486.0,12.369899999999973,1.0,12.369899999999973,39.0,0.03146916658186622,12.369899999999973,39.0,0.03146916658186622,1.0,1.0,0.22584912841444416,-1.574927192674238,-1.6878517568814602,29.494488664991778,38.034700958875725,41.44749677149556,31.20910933363605,7.0760944183343195,28.673496329935865,45.69396722887614,-0.29052267909022267,0.43337437068257506,0.29000000000002046,0.24989999999996826,1.1100000000000136,0.0,8414.0,8414.0,2021-12-03,2021-12-03 11:40:00,5.093710625787493,24.0,1.0,best_within_2.0d,8437.0,400.365,0.5832424107187206,4.3760036431226785,32.22527881040892,0.012230020343504162,2.285057100371749,15.890706319702602,0.006381710269403211,0.4929364202292669,5.6011759621451125,36.843533123028394,0.015614239272951093,2.82998018927445,22.52492113564669,0.007835530045022196,1.8630914826498424,0.00402220134195386,1.9444468750000041,16.553125,0.005470102952261012,0.0,0
8414.0,2021-12-03 11:45:00,380.92,381.5176,380.6,380.88,1058172.0,1,1,1.0,buy,False,4.6004414307928485,12.479999999999961,40.0,0.03174926223669473,0.14714634602769783,-1.6694584636279977,-1.5958852906141487,-0.004156648018188931,29.20608326762006,28.78783985493646,37.22761113264252,11.908297299524335,1058172.0,12.479999999999961,1.0,12.479999999999961,40.0,0.03174926223669473,12.479999999999961,40.0,0.03174926223669473,1.0,1.0,0.14714634602769783,-1.5958852906141487,-1.6694584636279977,29.20608326762006,28.78783985493646,37.22761113264252,11.908297299524335,7.2180386326663,28.11803109143177,46.65485110277178,-0.01050089257587432,0.24109301103520572,0.5975999999999999,0.2799999999999727,0.040000000000020464,0.0,8415.0,8415.0,2021-12-03,2021-12-03 11:45:00,5.115784499054824,23.0,1.0,best_within_2.0d,8437.0,400.365,0.5832424107187206,4.3760036431226785,32.22527881040892,0.012230020343504162,2.285057100371749,15.890706319702602,0.006381710269403211,0.4929364202292669,5.6011759621451125,36.843533123028394,0.015614239272951093,2.82998018927445,22.52492113564669,0.007835530045022196,1.8630914826498424,0.00402220134195386,1.9444468750000041,16.553125,0.005470102952261012,0.0,0
8415.0,2021-12-03 11:50:00,380.875,381.31,380.25,380.84,1283871.0,1,1,1.0,buy,False,4.6004414307928325,12.829999999999984,41.0,0.032639666225704654,0.11543816732461343,-1.6550286927124211,-1.5973096090501144,-0.00416284406814775,29.053112002508257,25.597973584072474,33.35106528311917,10.091790185979079,1283871.0,12.829999999999984,1.0,12.829999999999984,41.0,0.032639666225704654,12.829999999999984,41.0,0.032639666225704654,1.0,1.0,0.11543816732461343,-1.5973096090501144,-1.6550286927124211,29.053112002508257,25.597973584072474,33.35106528311917,10.091790185979079,7.568654473978337,25.981948194254283,47.242515658442024,-0.009189366590095178,0.27876397107166395,0.4350000000000023,0.589999999999975,0.03500000000002501,0.0,8416.0,8416.0,2021-12-03,2021-12-03 11:50:00,5.126824913349448,22.0,1.0,best_within_2.0d,8437.0,400.365,0.5832424107187206,4.3760036431226785,32.22527881040892,0.012230020343504162,2.285057100371749,15.890706319702602,0.006381710269403211,0.4929364202292669,5.6011759621451125,36.843533123028394,0.015614239272951093,2.82998018927445,22.52492113564669,0.007835530045022196,1.8630914826498424,0.00402220134195386,1.9444468750000041,16.553125,0.005470102952261012,0.0,0
8416.0,2021-12-03 11:55:00,380.86,381.03,379.89,380.05,1111124.0,1,1,1.0,buy,False,4.600441430792785,13.189999999999998,42.0,0.03355551032868627,0.018857888236154086,-1.6526714566829022,-1.6432425125648251,-0.0042855775285456955,26.140985245767183,18.62022340007188,28.440784655436737,-1.0208991106578367,1111124.0,13.189999999999998,1.0,13.189999999999998,42.0,0.03355551032868627,13.189999999999998,42.0,0.03355551032868627,1.0,1.0,0.018857888236154086,-1.6432425125648251,-1.6526714566829022,26.140985245767183,18.62022340007188,28.440784655436737,-1.0208991106578367,7.620304129749718,24.22574297965249,47.59254005018601,-0.21267657406921237,0.3000868672510428,0.16999999999995907,0.160000000000025,0.8100000000000023,0.0,8417.0,8417.0,2021-12-03,2021-12-03 11:55:00,5.345349296145243,21.0,1.0,best_within_2.0d,8437.0,400.365,0.5832424107187206,4.3760036431226785,32.22527881040892,0.012230020343504162,2.285057100371749,15.890706319702602,0.006381710269403211,0.4929364202292669,5.6011759621451125,36.843533123028394,0.015614239272951093,2.82998018927445,22.52492113564669,0.007835530045022196,1.8630914826498424,0.00402220134195386,1.9444468750000041,16.553125,0.005470102952261012,0.0,0
8417.0,2021-12-03 12:00:00,380.05,380.2388,379.43,379.56,1049425.0,1,1,1.0,buy,False,4.600441430792785,13.649999999999977,43.0,0.0347257555713849,-0.0750724514228196,-1.6620555131107544,-1.6995917388221642,-0.004435857416147289,24.500592374493237,13.527449704589444,23.469673005154302,-6.356996896540274,1049425.0,13.649999999999977,1.0,13.649999999999977,43.0,0.0347257555713849,13.649999999999977,43.0,0.0347257555713849,1.0,1.0,-0.0750724514228196,-1.6995917388221642,-1.6620555131107544,24.500592374493237,13.527449704589444,23.469673005154302,-6.356996896540274,6.141708103511166,27.873906008243782,48.75656496723627,-0.12893040389422683,0.2131618480352158,0.18880000000001473,0.12999999999999545,0.4900000000000091,0.0,8418.0,8418.0,2021-12-03,2021-12-03 12:00:00,5.481346822636739,20.0,1.0,best_within_2.0d,8437.0,400.365,0.5832424107187206,4.3760036431226785,32.22527881040892,0.012230020343504162,2.285057100371749,15.890706319702602,0.006381710269403211,0.4929364202292669,5.6011759621451125,36.843533123028394,0.015614239272951093,2.82998018927445,22.52492113564669,0.007835530045022196,1.8630914826498424,0.00402220134195386,1.9444468750000041,16.553125,0.005470102952261012,1.0,0
8421.0,2021-12-03 12:20:00,381.13,381.61,380.69,381.47,776282.0,3a,3a,0.0,sell,False,0.004303014686936251,4.163492493946733,28.239017640954685,0.011578080659927173,0.4138809477548202,-1.57426529236318,-1.3673248184857698,-0.0035744391297304807,41.966114370975745,40.568208370437354,28.186569860095346,65.33148539112136,776282.0,2.180000000000007,2.0,2.180000000000007,5.0,0.005745460295706736,2.180000000000007,5.0,0.005745460295706736,3.0,3.0,0.4138809477548202,-1.3673248184857698,-1.57426529236318,41.966114370975745,40.568208370437354,28.186569860095346,65.33148539112136,14.081116707952857,23.625607356415383,47.67308533826604,0.08920840658044023,0.24166644776590293,0.13999999999998636,0.4399999999999977,0.34000000000003183,1.0,8422.0,8422.0,2021-12-03,2021-12-03 12:20:00,0.3905942800220224,17.0,1.0,best_within_2.0d,8438.0,379.98,0.5832424107187206,4.3760036431226785,32.22527881040892,0.012230020343504162,2.285057100371749,15.890706319702602,0.006381710269403211,0.4929364202292669,5.6011759621451125,36.843533123028394,0.015614239272951093,2.82998018927445,22.52492113564669,0.007835530045022196,1.8630914826498424,0.004303014686936251,2.180000000000007,5.0,0.005745460295706736,0.0,1
8422.0,2021-12-03 12:25:00,381.5,381.69,381.07,381.4201,613816.0,3a,3a,0.0,sell,False,0.004303014686936251,4.163492493946733,28.239017640954685,0.011578080659927173,0.5262067436244258,-1.5084894494101266,-1.2453860775979138,-0.0032563677071004997,41.67783351735926,56.397979621589386,37.59037311392669,94.01319263691477,613816.0,2.259999999999991,2.0,2.259999999999991,6.0,0.005956302875365656,2.259999999999991,6.0,0.005956302875365656,3.0,3.0,0.5262067436244258,-1.2453860775979138,-1.5084894494101266,41.67783351735926,56.397979621589386,37.59037311392669,94.01319263691477,15.322370312907148,20.530585221991068,45.3054791371556,-0.02094364351245326,0.16269976644711065,0.18999999999999773,0.35009999999999764,0.07990000000000919,0.0,8423.0,8423.0,2021-12-03,2021-12-03 12:25:00,0.37756269268451575,16.0,1.0,best_within_2.0d,8438.0,379.98,0.5832424107187206,4.3760036431226785,32.22527881040892,0.012230020343504162,2.285057100371749,15.890706319702602,0.006381710269403211,0.4929364202292669,5.6011759621451125,36.843533123028394,0.015614239272951093,2.82998018927445,22.52492113564669,0.007835530045022196,1.8630914826498424,0.004303014686936251,2.259999999999991,6.0,0.005956302875365656,0.0,1
8424.0,2021-12-03 12:35:00,380.77,382.36,380.54,382.12,822823.0,3a,3a,0.0,sell,False,0.004303014686936251,4.163492493946733,28.239017640954685,0.011578080659927173,0.6780767066235862,-1.3593759114749848,-1.0203375581631917,-0.002668889400575973,48.189221529177985,68.94306291060403,52.46788846657718,101.89341179865772,822823.0,2.930000000000007,2.0,2.930000000000007,8.0,0.007722109480009506,2.930000000000007,8.0,0.007722109480009506,3.0,3.0,0.6780767066235862,-1.0203375581631917,-1.3593759114749848,48.189221529177985,68.94306291060403,52.46788846657718,101.89341179865772,15.227673797668295,25.060190378723668,43.30340728772196,0.354544738293464,0.47826772481210733,0.2400000000000091,0.22999999999996135,1.3500000000000227,1.0,8425.0,8425.0,2021-12-03,2021-12-03 12:35:00,0.5600334973306779,14.0,1.0,best_within_2.0d,8438.0,379.98,0.5832424107187206,4.3760036431226785,32.22527881040892,0.012230020343504162,2.285057100371749,15.890706319702602,0.006381710269403211,0.4929364202292669,5.6011759621451125,36.843533123028394,0.015614239272951093,2.82998018927445,22.52492113564669,0.007835530045022196,1.8630914826498424,0.004303014686936251,2.930000000000007,8.0,0.007722109480009506,0.0,1
8425.0,2021-12-03 12:40:00,382.11,382.43,381.73,381.82,955266.0,3a,3a,0.0,sell,False,0.004303014686936251,4.163492493946733,28.239017640954685,0.011578080659927173,0.7313454205271688,-1.2679577339090886,-0.9022850236455042,-0.0023603233978301873,46.36209040969401,72.51759749595809,59.15112480970414,99.25054286846597,955266.0,3.0,2.0,3.0,9.0,0.00790659673721108,3.0,9.0,0.00790659673721108,3.0,3.0,0.7313454205271688,-0.9022850236455042,-1.2679577339090886,46.36209040969401,72.51759749595809,59.15112480970414,99.25054286846597,16.120485664012513,23.797806287204942,41.58406305209335,-0.0758943759650416,0.18337568438424764,0.3199999999999932,0.08999999999997499,0.29000000000002046,0.0,8426.0,8426.0,2021-12-03,2021-12-03 12:40:00,0.4819024671311024,13.0,1.0,best_within_2.0d,8438.0,379.98,0.5832424107187206,4.3760036431226785,32.22527881040892,0.012230020343504162,2.285057100371749,15.890706319702602,0.006381710269403211,0.4929364202292669,5.6011759621451125,36.843533123028394,0.015614239272951093,2.82998018927445,22.52492113564669,0.007835530045022196,1.8630914826498424,0.004303014686936251,3.0,9.0,0.00790659673721108,1.0,1
8433.0,2021-12-03 13:20:00,382.11,382.439,381.89,382.33,429011.0,3a,3a,0.0,sell,False,0.004303014686936251,4.163492493946733,28.239017640954685,0.011578080659927173,0.6225668132839761,-0.6785354202495144,-0.36725201360752635,-0.0009614653484681261,52.50040559063167,73.50401308733109,63.2438841415168,94.02427097895966,429011.0,3.0090000000000146,2.0,3.0090000000000146,17.0,0.007930316527422751,3.0090000000000146,17.0,0.007930316527422751,3.0,3.0,0.6225668132839761,-0.36725201360752635,-0.6785354202495144,52.50040559063167,73.50401308733109,63.2438841415168,94.02427097895966,27.012570411185926,13.967123539975029,31.45644693086357,0.057575043835537,0.143758673963716,0.10900000000003729,0.22000000000002728,0.21999999999997044,1.0,8434.0,8434.0,2021-12-03,2021-12-03 13:20:00,0.6146522637512009,5.0,1.0,best_within_2.0d,8438.0,379.98,0.5832424107187206,4.3760036431226785,32.22527881040892,0.012230020343504162,2.285057100371749,15.890706319702602,0.006381710269403211,0.4929364202292669,5.6011759621451125,36.843533123028394,0.015614239272951093,2.82998018927445,22.52492113564669,0.007835530045022196,1.8630914826498424,0.004303014686936251,3.0090000000000146,17.0,0.007930316527422751,1.0,1
8437.0,2021-12-03 13:40:00,400.09,400.48,399.87,400.365,495466.0,1p,1p,0.0,sell,False,2672490.227081257,6.365000000000009,40.0,0.016150108470877812,0.5178377885788595,0.058821571406092045,0.31774046569552183,0.0007969507151463521,66.99583517977423,90.645868236026,81.40513396471741,109.12733677864321,495466.0,6.365000000000009,0.0,6.365000000000009,40.0,0.016150108470877812,6.365000000000009,0.0,0.0,1.0,1.0,0.5178377885788595,0.31774046569552183,0.058821571406092045,66.99583517977423,90.645868236026,81.40513396471741,109.12733677864321,21.07035499255136,16.57278361057419,26.850832662737055,0.06873453472969435,0.15254957861305266,0.1150000000000091,0.21999999999997044,0.2750000000000341,1.0,8438.0,8438.0,2021-12-03,2021-12-03 13:40:00,5.091603911430817,1.0,1.0,best_within_2.0d,8438.0,379.98,0.5832424107187206,4.3760036431226785,32.22527881040892,0.012230020343504162,2.285057100371749,15.890706319702602,0.006381710269403211,0.4929364202292669,5.6011759621451125,36.843533123028394,0.015614239272951093,2.82998018927445,22.52492113564669,0.007835530045022196,1.8630914826498424,0.00402220134195386,1.9444468750000041,16.553125,0.005470102952261012,0.0,1
8438.0,2021-12-03 13:45:00,380.26,380.57,379.5598,379.98,645563.0,2,2,1.0,buy,False,0.9568627450980431,4.163492493946733,28.239017640954685,0.011578080659927173,-0.028384614142485498,-0.5510918087534956,-0.5652841158247384,-0.0014818109679558343,37.02417979791339,22.50542547619407,35.03168916392649,-2.547101899270757,645563.0,2.8792000000000257,1.0,3.0090000000000146,17.0,0.007930316527422751,2.8792000000000257,6.0,0.007528520888298593,2.0,2.0,-0.028384614142485498,-0.5652841158247384,-0.5510918087534956,37.02417979791339,22.50542547619407,35.03168916392649,-2.547101899270757,13.382095481785713,29.12430139384488,27.647497836531556,-0.07363382948508197,0.266150419512287,0.3100000000000023,0.42020000000002256,0.2799999999999727,0.0,8439.0,8439.0,2021-12-03,2021-12-03 13:45:00,2.0540172048918044,173.78554736652885,0.0,,14281.267661333814,366.3529484630595,0.9568627450980431,3.0090000000000146,17.0,0.007930316527422751,2.8792000000000257,6.0,0.007528520888298593,0.4929364202292669,5.6011759621451125,36.843533123028394,0.015614239272951093,2.82998018927445,22.52492113564669,0.007835530045022196,1.8630914826498424,0.00402220134195386,1.9444468750000041,16.553125,0.005470102952261012,1.0,0
8445.0,2021-12-03 14:20:00,379.63,381.3,379.15,381.17,1175876.0,1p,1p,1.0,buy,False,0.05292214093180154,3.289000000000044,13.0,0.00860006432398381,0.15403983281710465,-0.5428711999514702,-0.4658512835429178,-0.001222697082675534,50.891796543820654,47.29022275081469,33.532076995501356,74.80651426144138,1175876.0,3.289000000000044,0.0,3.289000000000044,13.0,0.00860006432398381,3.289000000000044,0.0,0.0,1.0,1.0,0.15403983281710465,-0.4658512835429178,-0.5428711999514702,50.891796543820654,47.29022275081469,33.532076995501356,74.80651426144138,12.702120938296899,23.95110160962089,30.9479576106255,0.4056581408213314,0.5670578926546311,0.12999999999999545,0.4800000000000182,1.5400000000000205,1.0,8446.0,8446.0,2021-12-03,2021-12-03 14:20:00,2.0540172048918044,173.78554736652885,0.0,,14281.267661333814,366.3529484630595,0.5832424107187206,4.3760036431226785,32.22527881040892,0.012230020343504162,2.285057100371749,15.890706319702602,0.006381710269403211,0.4929364202292669,5.6011759621451125,36.843533123028394,0.015614239272951093,2.82998018927445,22.52492113564669,0.007835530045022196,1.8630914826498424,0.00402220134195386,1.9444468750000041,16.553125,0.005470102952261012,1.0,0
8453.0,2021-12-03 15:00:00,379.66,380.06,378.9,379.99,1010365.0,1p,1p,1.0,buy,False,0.052922140931801503,3.539000000000044,21.0,0.009253763345265634,0.041665805438178105,-0.4414406042185666,-0.42060770149947757,-0.0011052347055781136,45.18661819996722,36.94693344879545,39.27390191161038,32.292996523165584,1010365.0,3.539000000000044,0.0,3.539000000000044,21.0,0.009253763345265634,3.539000000000044,0.0,0.0,1.0,1.0,0.041665805438178105,-0.42060770149947757,-0.4414406042185666,45.18661819996722,36.94693344879545,39.27390191161038,32.292996523165584,10.156380513811406,23.97350319951847,33.60367779448529,0.08691987567823423,0.3061493797835907,0.06999999999999318,0.7600000000000477,0.3299999999999841,1.0,8454.0,8454.0,2021-12-03,2021-12-03 15:00:00,2.0540172048918044,173.78554736652885,0.0,,14281.267661333814,366.3529484630595,0.5832424107187206,4.3760036431226785,32.22527881040892,0.012230020343504162,2.285057100371749,15.890706319702602,0.006381710269403211,0.4929364202292669,5.6011759621451125,36.843533123028394,0.015614239272951093,2.82998018927445,22.52492113564669,0.007835530045022196,1.8630914826498424,0.00402220134195386,1.9444468750000041,16.553125,0.005470102952261012,1.0,0
8519.0,2021-12-06 04:40:00,384.0,384.0,383.7,383.78,4413.0,2,2,1.0,buy,False,0.2615384615384598,4.163492493946733,28.239017640954685,0.011578080659927173,0.007138009238059295,0.4612211628167785,0.46479016743580814,0.0012112386768977374,51.05088341436218,50.10206865453915,66.52085949549607,17.26448697262532,4413.0,1.6999999999999886,1.0,6.5,61.0,0.017154922143045658,1.6999999999999886,7.0,0.00441100155682405,2.0,2.0,0.007138009238059295,0.46479016743580814,0.4612211628167785,51.05088341436218,50.10206865453915,66.52085949549607,17.26448697262532,45.65537555228411,30.78055964653934,38.59502798947074,-0.05729166666667377,0.07818608287725082,0.0,0.07999999999998408,0.22000000000002728,0.0,8520.0,8520.0,2021-12-06,2021-12-06 04:40:00,4.132575954974207,375.0,1.0,best_within_2.0d,8894.0,399.64,0.2615384615384598,6.5,61.0,0.017154922143045658,1.6999999999999886,7.0,0.00441100155682405,0.4929364202292669,5.6011759621451125,36.843533123028394,0.015614239272951093,2.82998018927445,22.52492113564669,0.007835530045022196,1.8630914826498424,0.00402220134195386,1.9444468750000041,16.553125,0.005470102952261012,0.0,0
8520.0,2021-12-06 04:45:00,383.58,383.58,383.07,383.16,4730.0,2,2,1.0,buy,False,0.358461538461536,4.163492493946733,28.239017640954685,0.011578080659927173,-0.18161494404108913,0.43851929481164237,0.3477118227910978,0.0009062335815129439,43.6170756670878,34.68893275109524,55.91021724736245,-7.753636241439196,4730.0,2.329999999999984,1.0,6.5,61.0,0.017154922143045658,2.329999999999984,8.0,0.006045666839647079,2.0,2.0,-0.18161494404108913,0.3477118227910978,0.43851929481164237,43.6170756670878,34.68893275109524,55.91021724736245,-7.753636241439196,41.1605937921737,36.707152496626506,36.24675723558065,-0.109494759893623,0.13313493617354294,0.0,0.09000000000003183,0.4199999999999591,0.0,8521.0,8521.0,2021-12-06,2021-12-06 04:45:00,4.301075268817194,374.0,1.0,best_within_2.0d,8894.0,399.64,0.358461538461536,6.5,61.0,0.017154922143045658,2.329999999999984,8.0,0.006045666839647079,0.4929364202292669,5.6011759621451125,36.843533123028394,0.015614239272951093,2.82998018927445,22.52492113564669,0.007835530045022196,1.8630914826498424,0.00402220134195386,1.9444468750000041,16.553125,0.005470102952261012,0.0,0
8521.0,2021-12-06 04:50:00,383.26,383.26,382.88,383.09,14297.0,2,2,1.0,buy,False,0.3876923076923049,4.163492493946733,28.239017640954685,0.011578080659927173,-0.30733134927709393,0.40010287615200557,0.2464372015134586,0.0006423580697016294,42.85826456094253,25.90373294517435,45.90805581329975,-14.104912791076444,14297.0,2.519999999999982,1.0,6.5,61.0,0.017154922143045658,2.519999999999982,9.0,0.006538661131292117,2.0,2.0,-0.30733134927709393,0.2464372015134586,0.40010287615200557,42.85826456094253,25.90373294517435,45.90805581329975,-14.104912791076444,39.869281045752494,36.86274509803978,33.93757659585254,-0.04435631164223136,0.09924780610112711,0.0,0.20999999999997954,0.17000000000001592,0.0,8522.0,8522.0,2021-12-06,2021-12-06 04:50:00,4.320133650056126,373.0,1.0,best_within_2.0d,8894.0,399.64,0.3876923076923049,6.5,61.0,0.017154922143045658,2.519999999999982,9.0,0.006538661131292117,0.4929364202292669,5.6011759621451125,36.843533123028394,0.015614239272951093,2.82998018927445,22.52492113564669,0.007835530045022196,1.8630914826498424,0.00402220134195386,1.9444468750000041,16.553125,0.005470102952261012,0.0,0
8522.0,2021-12-06 04:55:00,382.99,382.99,382.28,382.3,6770.0,2,2,1.0,buy,False,0.4800000000000007,4.163492493946733,28.239017640954685,0.011578080659927173,-0.4781443713071909,0.34033482973860674,0.10126264408501129,0.0002640176388703878,35.37789780128037,17.483517569023398,36.43320973187429,-20.41586675667839,6770.0,3.1200000000000045,1.0,6.5,61.0,0.017154922143045658,3.1200000000000045,10.0,0.008095485210171264,2.0,2.0,-0.4781443713071909,0.10126264408501129,0.34033482973860674,35.37789780128037,17.483517569023398,36.43320973187429,-20.41586675667839,36.43966547192439,40.38231780167338,31.880049185151215,-0.18016136191545412,0.18572773883018637,0.0,0.020000000000038654,0.6899999999999977,0.0,8523.0,8523.0,2021-12-06,2021-12-06 04:55:00,4.535704943761437,372.0,1.0,best_within_2.0d,8894.0,399.64,0.4800000000000007,6.5,61.0,0.017154922143045658,3.1200000000000045,10.0,0.008095485210171264,0.4929364202292669,5.6011759621451125,36.843533123028394,0.015614239272951093,2.82998018927445,22.52492113564669,0.007835530045022196,1.8630914826498424,0.00402220134195386,1.9444468750000041,16.553125,0.005470102952261012,0.0,0
8523.0,2021-12-06 05:00:00,382.48,382.57,382.26,382.3,9530.0,2,2,1.0,buy,False,0.48307692307692096,4.163492493946733,28.239017640954685,0.011578080659927173,-0.5663470816346683,0.2695414445342732,-0.013632096283060946,-3.555091324051556e-05,35.377897801280355,12.094274870577223,28.320231444775267,-20.357638277818864,9530.0,3.1399999999999864,1.0,6.5,61.0,0.017154922143045658,3.1399999999999864,11.0,0.008147379346133852,2.0,2.0,-0.5663470816346683,-0.013632096283060946,0.2695414445342732,35.377897801280355,12.094274870577223,28.320231444775267,-20.357638277818864,36.92493946731303,36.198547215497015,29.673858349314965,-0.04706128425015865,0.08109663579762524,0.08999999999997499,0.040000000000020464,0.18000000000000682,0.0,8524.0,8524.0,2021-12-06,2021-12-06 05:00:00,4.535704943761437,371.0,1.0,best_within_2.0d,8894.0,399.64,0.48307692307692096,6.5,61.0,0.017154922143045658,3.1399999999999864,11.0,0.008147379346133852,0.4929364202292669,5.6011759621451125,36.843533123028394,0.015614239272951093,2.82998018927445,22.52492113564669,0.007835530045022196,1.8630914826498424,0.00402220134195386,1.9444468750000041,16.553125,0.005470102952261012,1.0,0
8528.0,2021-12-06 05:25:00,382.24,382.24,381.27,381.48,15534.0,2,2,1.0,buy,False,0.6353846153846147,4.163492493946733,28.239017640954685,0.011578080659927173,-0.5288941126951181,-0.04945205896266204,-0.3138991153102211,-0.000819394179534085,31.401416262323664,10.678578105588468,13.830058954374527,4.375616408016345,15534.0,4.1299999999999955,1.0,6.5,61.0,0.017154922143045658,4.1299999999999955,16.0,0.010716139076284369,2.0,2.0,-0.5288941126951181,-0.3138991153102211,-0.04945205896266204,31.401416262323664,10.678578105588468,13.830058954374527,4.375616408016345,4.148148148147779,62.074074074075405,41.12391057314947,-0.19882796149016088,0.2544128832585903,0.0,0.21000000000003638,0.7599999999999909,0.0,8529.0,8529.0,2021-12-06,2021-12-06 05:25:00,4.760406836531395,366.0,1.0,best_within_2.0d,8894.0,399.64,0.6353846153846147,6.5,61.0,0.017154922143045658,4.1299999999999955,16.0,0.010716139076284369,0.4929364202292669,5.6011759621451125,36.843533123028394,0.015614239272951093,2.82998018927445,22.52492113564669,0.007835530045022196,1.8630914826498424,0.00402220134195386,1.9444468750000041,16.553125,0.005470102952261012,0.0,0
8529.0,2021-12-06 05:30:00,381.36,381.53,380.98,381.52,13670.0,2,2,1.0,buy,False,0.6799999999999937,4.163492493946733,28.239017640954685,0.011578080659927173,-0.5458301389382013,-0.11768082632993719,-0.39059589579903786,-0.0010199104785041718,32.029357487971936,15.013788912497137,14.224635607082064,16.592095523327288,13670.0,4.419999999999959,1.0,6.5,61.0,0.017154922143045658,4.419999999999959,17.0,0.0114686040477425,2.0,2.0,-0.5458301389382013,-0.39059589579903786,-0.11768082632993719,32.029357487971936,15.013788912497137,14.224635607082064,16.592095523327288,4.040404040403709,61.03896103896225,44.442427572121616,0.04195510803439484,0.14436453357130413,0.009999999999990905,0.37999999999999545,0.15999999999996817,1.0,8530.0,8530.0,2021-12-06,2021-12-06 05:30:00,4.749423359194801,365.0,1.0,best_within_2.0d,8894.0,399.64,0.6799999999999937,6.5,61.0,0.017154922143045658,4.419999999999959,17.0,0.0114686040477425,0.4929364202292669,5.6011759621451125,36.843533123028394,0.015614239272951093,2.82998018927445,22.52492113564669,0.007835530045022196,1.8630914826498424,0.00402220134195386,1.9444468750000041,16.553125,0.005470102952261012,0.0,0
8531.0,2021-12-06 05:40:00,381.19,381.4,380.7,380.85,8057.0,2,2,1.0,buy,False,0.7230769230769213,4.163492493946733,28.239017640954685,0.011578080659927173,-0.5851991024138178,-0.26037055483530097,-0.5529701060422099,-0.0014449266273265568,27.299147067547423,12.32599325575815,13.76057290760922,9.456833952056009,8057.0,4.699999999999989,1.0,6.5,61.0,0.017154922143045658,4.699999999999989,19.0,0.012195121951219483,2.0,2.0,-0.5851991024138178,-0.5529701060422099,-0.26037055483530097,27.299147067547423,12.32599325575815,13.76057290760922,9.456833952056009,3.8251366120215478,61.06557377049319,50.430094690681095,-0.08919436501481545,0.18387181507748585,0.20999999999997954,0.1500000000000341,0.339999999999975,0.0,8532.0,8532.0,2021-12-06,2021-12-06 05:40:00,4.9337009321254985,363.0,1.0,best_within_2.0d,8894.0,399.64,0.7230769230769213,6.5,61.0,0.017154922143045658,4.699999999999989,19.0,0.012195121951219483,0.4929364202292669,5.6011759621451125,36.843533123028394,0.015614239272951093,2.82998018927445,22.52492113564669,0.007835530045022196,1.8630914826498424,0.00402220134195386,1.9444468750000041,16.553125,0.005470102952261012,0.0,0
8533.0,2021-12-06 05:50:00,380.91,380.91,380.56,380.68,4393.0,2,2,1.0,buy,False,0.7446153846153808,4.163492493946733,28.239017640954685,0.011578080659927173,-0.5407151475943696,-0.3984658360354841,-0.6688234098326689,-0.0017489073711280945,26.448903511326606,9.101764068198523,11.598857571654545,4.107577061286481,4393.0,4.839999999999975,1.0,6.5,61.0,0.017154922143045658,4.839999999999975,21.0,0.012558380902957902,2.0,2.0,-0.5407151475943696,-0.6688234098326689,-0.3984658360354841,26.448903511326606,9.101764068198523,11.598857571654545,4.107577061286481,4.087591240875568,54.744525547445974,55.36012287850685,-0.06038171746607287,0.09196972882069128,0.0,0.12000000000000455,0.2300000000000182,0.0,8534.0,8534.0,2021-12-06,2021-12-06 05:50:00,4.980561101187344,361.0,1.0,best_within_2.0d,8894.0,399.64,0.7446153846153808,6.5,61.0,0.017154922143045658,4.839999999999975,21.0,0.012558380902957902,0.4929364202292669,5.6011759621451125,36.843533123028394,0.015614239272951093,2.82998018927445,22.52492113564669,0.007835530045022196,1.8630914826498424,0.00402220134195386,1.9444468750000041,16.553125,0.005470102952261012,0.0,0
8534.0,2021-12-06 05:55:00,380.66,380.66,380.23,380.33,8701.0,2,2,1.0,buy,False,0.7953846153846091,4.163492493946733,28.239017640954685,0.011578080659927173,-0.5351528397959558,-0.4653599410099785,-0.7329363609079564,-0.001917333939765116,24.191620733599535,7.344981920305624,10.180899021204905,1.6731477185070638,8701.0,5.169999999999959,1.0,6.5,61.0,0.017154922143045658,5.169999999999959,22.0,0.013414634146341357,2.0,2.0,-0.5351528397959558,-0.7329363609079564,-0.4653599410099785,24.191620733599535,7.344981920305624,10.180899021204905,1.6731477185070638,4.248861911987499,52.352048558422325,57.47629947106093,-0.0866915357537017,0.11308944586171707,0.0,0.0999999999999659,0.3300000000000409,0.0,8535.0,8535.0,2021-12-06,2021-12-06 05:55:00,5.07716982620356,360.0,1.0,best_within_2.0d,8894.0,399.64,0.7953846153846091,6.5,61.0,0.017154922143045658,5.169999999999959,22.0,0.013414634146341357,0.4929364202292669,5.6011759621451125,36.843533123028394,0.015614239272951093,2.82998018927445,22.52492113564669,0.007835530045022196,1.8630914826498424,0.00402220134195386,1.9444468750000041,16.553125,0.005470102952261012,1.0,0
8551.0,2021-12-06 07:20:00,381.31,381.49,381.25,381.49,19222.0,2s,2s,1.0,buy,False,0.638461538461535,4.163492493946733,28.239017640954685,0.011578080659927173,0.15369982832401463,-0.19770824900441725,-0.12085833484240993,-0.0003165238057316421,44.82779745431587,38.393737355814075,55.23757151164486,4.706069044152514,19222.0,1.3500000000000227,1.0,6.5,61.0,0.017154922143045658,1.3500000000000227,5.0,0.003528489283847419,1.0,2.5,0.15369982832401463,-0.12085833484240993,-0.19770824900441725,44.82779745431587,38.393737355814075,55.23757151164486,4.706069044152514,33.63636363636336,23.090909090907967,42.32229147399585,0.04720568566258604,0.06295081967213353,0.0,0.060000000000002274,0.18000000000000682,1.0,8552.0,8552.0,2021-12-06,2021-12-06 07:20:00,4.757660751264772,343.0,1.0,best_within_2.0d,8894.0,399.64,0.5832424107187206,4.3760036431226785,32.22527881040892,0.012230020343504162,2.285057100371749,15.890706319702602,0.006381710269403211,0.638461538461535,6.5,61.0,0.017154922143045658,1.3500000000000227,5.0,0.003528489283847419,1.0,0.00402220134195386,1.9444468750000041,16.553125,0.005470102952261012,1.0,0
8564.0,2021-12-06 08:25:00,389.62,389.93,389.58,389.9,7053.0,1p,1p,0.0,sell,False,0.37680193663550493,2.0600000000000023,7.0,0.005311057828653936,0.2374724544794371,0.24158273690527587,0.3603189641449944,0.0009267919159456213,66.65414633206063,89.96905626555963,78.17838622553403,113.55039634561084,7053.0,2.0600000000000023,0.0,2.0600000000000023,7.0,0.005311057828653936,2.0600000000000023,0.0,0.0,1.0,1.0,0.2374724544794371,0.3603189641449944,0.24158273690527587,66.65414633206063,89.96905626555963,78.17838622553403,113.55039634561084,38.8316151202754,21.3058419243986,23.971417752433524,0.07186489399927434,0.0898403408799278,0.03000000000002956,0.040000000000020464,0.2799999999999727,1.0,8565.0,8565.0,2021-12-06,2021-12-06 08:25:00,0.969479353680424,92.0,1.0,best_within_2.0d,8656.0,386.12,0.5832424107187206,4.3760036431226785,32.22527881040892,0.012230020343504162,2.285057100371749,15.890706319702602,0.006381710269403211,0.4929364202292669,5.6011759621451125,36.843533123028394,0.015614239272951093,2.82998018927445,22.52492113564669,0.007835530045022196,1.8630914826498424,0.00402220134195386,1.9444468750000041,16.553125,0.005470102952261012,0.0,1
8566.0,2021-12-06 08:35:00,382.11,382.94,382.1004,382.8,53647.0,1,1,0.0,sell,False,0.2452113040111117,1.6899999999999977,16.0,0.004432786885245896,0.20189455702615228,0.04943812186669941,0.15038540037977555,0.00039367071992773596,62.7042961476602,31.818979006404223,30.833108068809715,33.790720881593245,53647.0,1.6899999999999977,1.0,1.6899999999999977,16.0,0.004432786885245896,1.6899999999999977,16.0,0.004432786885245896,1.0,1.0,0.20189455702615228,0.15038540037977555,0.04943812186669941,62.7042961476602,31.818979006404223,30.833108068809715,33.790720881593245,55.070460221191254,9.030503032465747,46.82091460140778,0.18057627384784425,0.21973282414779427,0.13999999999998636,0.00960000000003447,0.6899999999999977,1.0,8567.0,8567.0,2021-12-06,2021-12-06 08:35:00,-0.8672936259143138,90.0,1.0,best_within_2.0d,8656.0,386.12,0.5832424107187206,4.3760036431226785,32.22527881040892,0.012230020343504162,2.285057100371749,15.890706319702602,0.006381710269403211,0.4929364202292669,5.6011759621451125,36.843533123028394,0.015614239272951093,2.82998018927445,22.52492113564669,0.007835530045022196,1.8630914826498424,0.00402220134195386,1.9444468750000041,16.553125,0.005470102952261012,0.0,1
8567.0,2021-12-06 08:40:00,382.93,383.2,382.89,382.9,54821.0,1,1,0.0,sell,False,0.28947220697379283,1.9499999999999886,17.0,0.005114754098360626,0.23833674077154804,0.0792302144631429,0.19839858484891693,0.0005192672163369313,63.86166650518495,35.59669257118534,32.42096956960159,41.94813857435285,54821.0,1.9499999999999886,1.0,1.9499999999999886,17.0,0.005114754098360626,1.9499999999999886,17.0,0.005114754098360626,1.0,1.0,0.23833674077154804,0.19839858484891693,0.0792302144631429,63.86166650518495,35.59669257118534,32.42096956960159,41.94813857435285,56.766671033669525,7.096379754574755,49.0320105731421,-0.007834330034217626,0.08096320091932468,0.2699999999999818,0.009999999999990905,0.03000000000002956,0.0,8568.0,8568.0,2021-12-06,2021-12-06 08:40:00,-0.840950639853755,89.0,1.0,best_within_2.0d,8656.0,386.12,0.5832424107187206,4.3760036431226785,32.22527881040892,0.012230020343504162,2.285057100371749,15.890706319702602,0.006381710269403211,0.4929364202292669,5.6011759621451125,36.843533123028394,0.015614239272951093,2.82998018927445,22.52492113564669,0.007835530045022196,1.8630914826498424,0.00402220134195386,1.9444468750000041,16.553125,0.005470102952261012,1.0,1
8572.0,2021-12-06 09:05:00,382.99,383.32,382.9,383.27,37362.0,1,1,0.0,sell,False,0.28947220697387827,2.069999999999993,22.0,0.005429508196721293,0.21997177526756173,0.20520842639833142,0.3151943140321123,0.0008243662199862003,65.21474648349773,78.1892447090755,62.259309498596906,110.04911513003267,37362.0,2.069999999999993,1.0,2.069999999999993,22.0,0.005429508196721293,2.069999999999993,22.0,0.005429508196721293,1.0,1.0,0.21997177526756173,0.3151943140321123,0.20520842639833142,65.21474648349773,78.1892447090755,62.259309498596906,110.04911513003267,52.010402906208874,8.462681638045444,54.16729371579738,0.07310895845843826,0.10968921389397125,0.05000000000001137,0.09000000000003183,0.2799999999999727,1.0,8573.0,8573.0,2021-12-06,2021-12-06 09:05:00,-0.7436011167062444,84.0,1.0,best_within_2.0d,8656.0,386.12,0.5832424107187206,4.3760036431226785,32.22527881040892,0.012230020343504162,2.285057100371749,15.890706319702602,0.006381710269403211,0.4929364202292669,5.6011759621451125,36.843533123028394,0.015614239272951093,2.82998018927445,22.52492113564669,0.007835530045022196,1.8630914826498424,0.00402220134195386,1.9444468750000041,16.553125,0.005470102952261012,0.0,1
8573.0,2021-12-06 09:10:00,383.29,383.76,383.28,383.5,47859.0,1,1,0.0,sell,False,0.29817049490702807,2.509999999999991,23.0,0.006583606557377025,0.2454984701062773,0.23589573516161608,0.3586449702147547,0.0009377986305384231,67.64008436209195,80.79999826483188,68.4395390873419,105.52091661981186,47859.0,2.509999999999991,1.0,2.509999999999991,23.0,0.006583606557377025,2.509999999999991,23.0,0.006583606557377025,1.0,1.0,0.2454984701062773,0.3586449702147547,0.23589573516161608,67.64008436209195,80.79999826483188,68.4395390873419,105.52091661981186,35.65871369294586,13.290975103735244,53.56215589598384,0.054788802212418664,0.12523481527865224,0.2599999999999909,0.010000000000047748,0.20999999999997954,1.0,8574.0,8574.0,2021-12-06,2021-12-06 09:10:00,-0.6831812255541081,83.0,1.0,best_within_2.0d,8656.0,386.12,0.5832424107187206,4.3760036431226785,32.22527881040892,0.012230020343504162,2.285057100371749,15.890706319702602,0.006381710269403211,0.4929364202292669,5.6011759621451125,36.843533123028394,0.015614239272951093,2.82998018927445,22.52492113564669,0.007835530045022196,1.8630914826498424,0.00402220134195386,1.9444468750000041,16.553125,0.005470102952261012,0.0,1
8574.0,2021-12-06 09:15:00,383.52,383.8896,383.48,383.8896,40501.0,1,1,0.0,sell,False,0.3571438769512492,2.639599999999973,24.0,0.006923540983606487,0.29405416329569234,0.2726525055735777,0.41967958722142384,0.0010970847278645376,71.29151568317103,87.19999884322125,74.69302567263502,112.21394518439374,40501.0,2.639599999999973,1.0,2.639599999999973,24.0,0.006923540983606487,2.639599999999973,24.0,0.006923540983606487,1.0,1.0,0.29405416329569234,0.41967958722142384,0.2726525055735777,71.29151568317103,87.19999884322125,74.69302567263502,112.21394518439374,37.45819397993264,13.184975559558302,53.159851607684196,0.0963704630788463,0.10681130697818787,0.0,0.03999999999996362,0.36959999999999127,1.0,8575.0,8575.0,2021-12-06,2021-12-06 09:15:00,-0.5810003709399868,82.0,1.0,best_within_2.0d,8656.0,386.12,0.5832424107187206,4.3760036431226785,32.22527881040892,0.012230020343504162,2.285057100371749,15.890706319702602,0.006381710269403211,0.4929364202292669,5.6011759621451125,36.843533123028394,0.015614239272951093,2.82998018927445,22.52492113564669,0.007835530045022196,1.8630914826498424,0.00402220134195386,1.9444468750000041,16.553125,0.005470102952261012,0.0,1
8575.0,2021-12-06 09:20:00,383.88,383.95,383.77,383.9,35443.0,1,1,0.0,sell,False,0.3709593114147379,2.6999999999999886,25.0,0.007081967213114724,0.3054290916758374,0.31083114203305734,0.46354568787097605,0.0012114362775442781,71.38433932586774,90.3913970782763,79.92581614118211,111.32255895246465,35443.0,2.6999999999999886,1.0,2.6999999999999886,25.0,0.007081967213114724,2.6999999999999886,25.0,0.007081967213114724,1.0,1.0,0.3054290916758374,0.46354568787097605,0.31083114203305734,71.38433932586774,90.3913970782763,79.92581614118211,111.32255895246465,34.510487167458706,13.73718421229059,52.43811617538904,0.005209961446280559,0.046903092998412284,0.05000000000001137,0.11000000000001364,0.01999999999998181,1.0,8576.0,8576.0,2021-12-06,2021-12-06 09:20:00,-0.5782755926022473,81.0,1.0,best_within_2.0d,8656.0,386.12,0.5832424107187206,4.3760036431226785,32.22527881040892,0.012230020343504162,2.285057100371749,15.890706319702602,0.006381710269403211,0.4929364202292669,5.6011759621451125,36.843533123028394,0.015614239272951093,2.82998018927445,22.52492113564669,0.007835530045022196,1.8630914826498424,0.00402220134195386,1.9444468750000041,16.553125,0.005470102952261012,1.0,1
8585.0,2021-12-06 10:10:00,381.66,383.95,381.46,383.8,1559074.0,1,1,0.0,sell,False,0.3709593114148722,2.6999999999999886,35.0,0.007081967213114724,0.008551273982804267,-0.03993090573693129,-0.035655268745529156,-9.328011573384707e-05,58.879665588943105,61.08941416472024,52.32276527757915,78.62271193900241,1559074.0,2.6999999999999886,1.0,2.6999999999999886,35.0,0.007081967213114724,2.6999999999999886,35.0,0.007081967213114724,1.0,1.0,0.008551273982804267,-0.035655268745529156,-0.03993090573693129,58.879665588943105,61.08941416472024,52.32276527757915,78.62271193900241,22.824919441460732,26.653936428372376,38.45963883749689,0.560708483990983,0.6527552036910841,0.14999999999997726,0.20000000000004547,2.1399999999999864,1.0,8586.0,8586.0,2021-12-06,2021-12-06 10:10:00,-0.6044815007816553,71.0,1.0,best_within_2.0d,8656.0,386.12,0.5832424107187206,4.3760036431226785,32.22527881040892,0.012230020343504162,2.285057100371749,15.890706319702602,0.006381710269403211,0.4929364202292669,5.6011759621451125,36.843533123028394,0.015614239272951093,2.82998018927445,22.52492113564669,0.007835530045022196,1.8630914826498424,0.00402220134195386,1.9444468750000041,16.553125,0.005470102952261012,0.0,1
8586.0,2021-12-06 10:15:00,383.84,384.92,383.73,384.34,1476463.0,1,1,0.0,sell,False,0.3709593114148402,3.670000000000016,36.0,0.009626229508196762,0.2838197692013758,-0.004453434586759314,0.1374564500139286,0.0003594625664450041,61.25867718469856,70.61951454397695,58.42168169971175,95.01518023250735,1476463.0,3.670000000000016,1.0,3.670000000000016,36.0,0.009626229508196762,3.670000000000016,36.0,0.009626229508196762,1.0,1.0,0.2838197692013758,0.1374564500139286,-0.004453434586759314,61.25867718469856,70.61951454397695,58.42168169971175,95.01518023250735,25.623096227897285,25.670989865706122,35.71919111207607,0.13026260942059192,0.31011388215672414,0.5800000000000409,0.1099999999999568,0.5,1.0,8587.0,8587.0,2021-12-06,2021-12-06 10:15:00,-0.46313160222720234,70.0,1.0,best_within_2.0d,8656.0,386.12,0.5832424107187206,4.3760036431226785,32.22527881040892,0.012230020343504162,2.285057100371749,15.890706319702602,0.006381710269403211,0.4929364202292669,5.6011759621451125,36.843533123028394,0.015614239272951093,2.82998018927445,22.52492113564669,0.007835530045022196,1.8630914826498424,0.00402220134195386,1.9444468750000041,16.553125,0.005470102952261012,1.0,1
8611.0,2021-12-06 12:20:00,384.72,384.99,384.27,384.52,303168.0,1,1,0.0,sell,False,0.6391740454929143,3.740000000000009,61.0,0.009809836065573794,0.23603926108235362,0.2614174382038287,0.3794370687450055,0.0009896700585370992,59.34695780698556,75.99015551466928,69.55499333802155,88.86047986796476,303168.0,3.740000000000009,1.0,3.740000000000009,61.0,0.009809836065573794,3.740000000000009,61.0,0.009809836065573794,1.0,1.0,0.23603926108235362,0.3794370687450055,0.2614174382038287,59.34695780698556,75.99015551466928,69.55499333802155,88.86047986796476,25.453799032432165,9.337594281528979,18.993032565619195,-0.05198585984613367,0.1873682566945188,0.2699999999999818,0.25,0.20000000000004547,0.0,8612.0,8612.0,2021-12-06,2021-12-06 12:20:00,-0.41610319359201675,45.0,1.0,best_within_2.0d,8656.0,386.12,0.5832424107187206,4.3760036431226785,32.22527881040892,0.012230020343504162,2.285057100371749,15.890706319702602,0.006381710269403211,0.4929364202292669,5.6011759621451125,36.843533123028394,0.015614239272951093,2.82998018927445,22.52492113564669,0.007835530045022196,1.8630914826498424,0.00402220134195386,1.9444468750000041,16.553125,0.005470102952261012,0.0,1
8613.0,2021-12-06 12:30:00,384.75,385.27,384.65,385.1419,340293.0,1,1,0.0,sell,False,0.6391740454924536,4.019999999999982,63.0,0.01054426229508192,0.31812513463736636,0.3345620468920334,0.4936246142107166,0.0012867575816240982,63.27050046960535,85.12038313387743,77.12076116317802,101.11962707527624,340293.0,4.019999999999982,1.0,4.019999999999982,63.0,0.01054426229508192,4.019999999999982,63.0,0.01054426229508192,1.0,1.0,0.31812513463736636,0.4936246142107166,0.3345620468920334,63.27050046960535,85.12038313387743,77.12076116317802,101.11962707527624,29.69210977701512,7.718696397941844,24.26562441030677,0.10185834957765329,0.1611854933056037,0.1280999999999608,0.10000000000002274,0.391900000000021,1.0,8614.0,8614.0,2021-12-06,2021-12-06 12:30:00,-0.2539583462614646,43.0,1.0,best_within_2.0d,8656.0,386.12,0.5832424107187206,4.3760036431226785,32.22527881040892,0.012230020343504162,2.285057100371749,15.890706319702602,0.006381710269403211,0.4929364202292669,5.6011759621451125,36.843533123028394,0.015614239272951093,2.82998018927445,22.52492113564669,0.007835530045022196,1.8630914826498424,0.00402220134195386,1.9444468750000041,16.553125,0.005470102952261012,0.0,1
8614.0,2021-12-06 12:35:00,385.14,385.37,384.97,385.0,355673.0,1,1,0.0,sell,False,0.6391740454924074,4.1200000000000045,64.0,0.010806557377049192,0.30926111290443425,0.3732196860050877,0.5278502424573048,0.0013756085200786461,61.76733113633237,85.31835066068018,79.85329099567873,96.24846999068308,355673.0,4.1200000000000045,1.0,4.1200000000000045,64.0,0.010806557377049192,4.1200000000000045,64.0,0.010806557377049192,1.0,1.0,0.30926111290443425,0.5278502424573048,0.3732196860050877,61.76733113633237,85.31835066068018,79.85329099567873,96.24846999068308,27.352682497800927,7.915567282322078,26.4689526275256,-0.0363504180298038,0.10390420032729232,0.2300000000000182,0.029999999999972715,0.13999999999998636,0.0,8615.0,8615.0,2021-12-06,2021-12-06 12:35:00,-0.2909090909090921,42.0,1.0,best_within_2.0d,8656.0,386.12,0.5832424107187206,4.3760036431226785,32.22527881040892,0.012230020343504162,2.285057100371749,15.890706319702602,0.006381710269403211,0.4929364202292669,5.6011759621451125,36.843533123028394,0.015614239272951093,2.82998018927445,22.52492113564669,0.007835530045022196,1.8630914826498424,0.00402220134195386,1.9444468750000041,16.553125,0.005470102952261012,0.0,1
8617.0,2021-12-06 12:50:00,385.23,385.54,385.03,385.52,347821.0,1,1,0.0,sell,False,0.6391740454913197,4.2900000000000205,67.0,0.011252459016393497,0.26698382734247406,0.4677417017239508,0.6012336153951878,0.0015656332179069354,64.16327078520655,89.98010139445478,84.66165477248018,100.61699463840398,347821.0,4.2900000000000205,1.0,4.2900000000000205,67.0,0.011252459016393497,4.2900000000000205,67.0,0.011252459016393497,1.0,1.0,0.26698382734247406,0.6012336153951878,0.4677417017239508,64.16327078520655,89.98010139445478,84.66165477248018,100.61699463840398,23.14453124999951,13.86718750000039,26.474647890632497,0.07527970303454135,0.13245721112641815,0.020000000000038654,0.20000000000004547,0.2899999999999636,1.0,8618.0,8618.0,2021-12-06,2021-12-06 12:50:00,-0.15563394895207064,39.0,1.0,best_within_2.0d,8656.0,386.12,0.5832424107187206,4.3760036431226785,32.22527881040892,0.012230020343504162,2.285057100371749,15.890706319702602,0.006381710269403211,0.4929364202292669,5.6011759621451125,36.843533123028394,0.015614239272951093,2.82998018927445,22.52492113564669,0.007835530045022196,1.8630914826498424,0.00402220134195386,1.9444468750000041,16.553125,0.005470102952261012,0.0,1
8618.0,2021-12-06 12:55:00,385.54,385.93,385.23,385.92,495671.0,1,1,0.0,sell,False,0.6391740454914473,4.680000000000007,68.0,0.012275409836065591,0.3081677522999162,0.5062626707614404,0.6603465469113985,0.0017189351851354786,66.63149757706435,93.16283489190081,87.49538147895372,104.49774171779498,495671.0,4.680000000000007,1.0,4.680000000000007,68.0,0.012275409836065591,4.680000000000007,68.0,0.012275409836065591,1.0,1.0,0.3081677522999162,0.6603465469113985,0.5062626707614404,66.63149757706435,93.16283489190081,87.49538147895372,104.49774171779498,28.900523560208608,10.89005235602148,27.81668431949687,0.09856305441717991,0.18170962801442997,0.009999999999990905,0.3100000000000023,0.37999999999999545,1.0,8619.0,8619.0,2021-12-06,2021-12-06 12:55:00,-0.05182421227197052,38.0,1.0,best_within_2.0d,8656.0,386.12,0.5832424107187206,4.3760036431226785,32.22527881040892,0.012230020343504162,2.285057100371749,15.890706319702602,0.006381710269403211,0.4929364202292669,5.6011759621451125,36.843533123028394,0.015614239272951093,2.82998018927445,22.52492113564669,0.007835530045022196,1.8630914826498424,0.00402220134195386,1.9444468750000041,16.553125,0.005470102952261012,0.0,1
8619.0,2021-12-06 13:00:00,385.9301,386.25,385.5099,386.215,414757.0,1,1,0.0,sell,False,0.6391740454915611,5.0,69.0,0.013114754098360656,0.34624779718731746,0.549543645409855,0.7226675440035137,0.0018804167309359966,68.36215193808485,94.85266433870787,89.94780909887177,104.66237481838004,414757.0,5.0,1.0,5.0,69.0,0.013114754098360656,5.0,69.0,0.013114754098360656,1.0,1.0,0.34624779718731746,0.7226675440035137,0.549543645409855,68.36215193808485,94.85266433870787,89.94780909887177,104.66237481838004,31.983053135480638,8.41112761030563,29.997975138394168,0.07382165837803097,0.1919795055846773,0.03500000000002501,0.4201999999999657,0.28489999999999327,1.0,8620.0,8620.0,2021-12-06,2021-12-06 13:00:00,0.024597698173289606,37.0,1.0,best_within_2.0d,8656.0,386.12,0.5832424107187206,4.3760036431226785,32.22527881040892,0.012230020343504162,2.285057100371749,15.890706319702602,0.006381710269403211,0.4929364202292669,5.6011759621451125,36.843533123028394,0.015614239272951093,2.82998018927445,22.52492113564669,0.007835530045022196,1.8630914826498424,0.00402220134195386,1.9444468750000041,16.553125,0.005470102952261012,0.0,1
8620.0,2021-12-06 13:05:00,386.2101,386.25,385.84,385.9558,366275.0,1,1,0.0,sell,False,0.639174045491845,5.0,70.0,0.013114754098360656,0.3088615039577465,0.5881513334045734,0.7425820853834466,0.001931623515259314,65.164140862462,91.12029474432399,90.33863764735584,92.68360893826028,366275.0,5.0,1.0,5.0,70.0,0.013114754098360656,5.0,70.0,0.013114754098360656,1.0,1.0,0.3088615039577465,0.7425820853834466,0.5881513334045734,65.164140862462,91.12029474432399,90.33863764735584,92.68360893826028,33.08235142479583,8.163177624300824,32.17073881898491,-0.0658449895536136,0.10626166286544295,0.03989999999998872,0.11580000000003565,0.25430000000000064,0.0,8621.0,8621.0,2021-12-06,2021-12-06 13:05:00,-0.04254373169155481,36.0,1.0,best_within_2.0d,8656.0,386.12,0.5832424107187206,4.3760036431226785,32.22527881040892,0.012230020343504162,2.285057100371749,15.890706319702602,0.006381710269403211,0.4929364202292669,5.6011759621451125,36.843533123028394,0.015614239272951093,2.82998018927445,22.52492113564669,0.007835530045022196,1.8630914826498424,0.00402220134195386,1.9444468750000041,16.553125,0.005470102952261012,0.0,1
8621.0,2021-12-06 13:10:00,385.97,386.25,385.78,385.8,261608.0,1,1,0.0,sell,False,0.6391740454915611,5.0,71.0,0.013114754098360656,0.23862775832489236,0.6179798031951849,0.737293682357631,0.0019173625889629148,63.2488531050938,85.74686316288292,88.80804615253152,79.62449718358573,261608.0,5.0,1.0,5.0,71.0,0.013114754098360656,5.0,71.0,0.013114754098360656,1.0,1.0,0.23862775832489236,0.737293682357631,0.6179798031951849,63.2488531050938,85.74686316288292,88.80804615253152,79.62449718358573,31.19531309442167,8.912946598406899,33.8410828715969,-0.044044873953938364,0.12183109544300569,0.2799999999999727,0.020000000000038654,0.17000000000001592,0.0,8622.0,8622.0,2021-12-06,2021-12-06 13:10:00,-0.08294453084499565,35.0,1.0,best_within_2.0d,8656.0,386.12,0.5832424107187206,4.3760036431226785,32.22527881040892,0.012230020343504162,2.285057100371749,15.890706319702602,0.006381710269403211,0.4929364202292669,5.6011759621451125,36.843533123028394,0.015614239272951093,2.82998018927445,22.52492113564669,0.007835530045022196,1.8630914826498424,0.00402220134195386,1.9444468750000041,16.553125,0.005470102952261012,0.0,1
8624.0,2021-12-06 13:25:00,386.04,387.109,386.02,386.91,606091.0,1,1,0.0,sell,False,0.6391740454906134,5.8589999999999804,74.0,0.015367868852458964,0.21817745609888717,0.6892353839023989,0.7983241119518425,0.0020740602630374633,70.69372332755793,88.65386229988326,87.93275007307763,90.09608675349452,606091.0,5.8589999999999804,1.0,5.8589999999999804,74.0,0.015367868852458964,5.8589999999999804,74.0,0.015367868852458964,1.0,1.0,0.21817745609888717,0.7983241119518425,0.6892353839023989,70.69372332755793,88.65386229988326,87.93275007307763,90.09608675349452,31.5015875658501,10.702691132226034,37.40867202495516,0.22536524712465145,0.28210973524687805,0.19899999999995543,0.020000000000038654,0.8700000000000045,1.0,8625.0,8625.0,2021-12-06,2021-12-06 13:25:00,0.204181851076483,32.0,1.0,best_within_2.0d,8656.0,386.12,0.5832424107187206,4.3760036431226785,32.22527881040892,0.012230020343504162,2.285057100371749,15.890706319702602,0.006381710269403211,0.4929364202292669,5.6011759621451125,36.843533123028394,0.015614239272951093,2.82998018927445,22.52492113564669,0.007835530045022196,1.8630914826498424,0.00402220134195386,1.9444468750000041,16.553125,0.005470102952261012,0.0,1
8627.0,2021-12-06 13:40:00,386.88,387.21,386.56,386.67,395687.0,1,1,0.0,sell,False,0.6391740454936271,5.9599999999999795,77.0,0.015632786885245848,0.15066673750344917,0.7644840430488709,0.8398174118005954,0.002179629421590169,66.80782952356535,82.12802724129163,86.47285509949162,73.43837152489164,395687.0,5.9599999999999795,1.0,5.9599999999999795,77.0,0.015632786885245848,5.9599999999999795,77.0,0.015632786885245848,1.0,1.0,0.15066673750344917,0.8398174118005954,0.7644840430488709,66.80782952356535,82.12802724129163,86.47285509949162,73.43837152489164,29.783613236609096,11.17956871708277,39.30173633230205,-0.05428039702232722,0.1681498344370802,0.3299999999999841,0.11000000000001364,0.20999999999997954,0.0,8628.0,8628.0,2021-12-06,2021-12-06 13:40:00,0.14224015310213137,29.0,1.0,best_within_2.0d,8656.0,386.12,0.5832424107187206,4.3760036431226785,32.22527881040892,0.012230020343504162,2.285057100371749,15.890706319702602,0.006381710269403211,0.4929364202292669,5.6011759621451125,36.843533123028394,0.015614239272951093,2.82998018927445,22.52492113564669,0.007835530045022196,1.8630914826498424,0.00402220134195386,1.9444468750000041,16.553125,0.005470102952261012,0.0,1
8630.0,2021-12-06 13:55:00,387.02,387.25,386.75,386.98,339459.0,1,1,0.0,sell,False,0.639174045488607,6.0,80.0,0.015737704918032787,0.05323035618258998,0.7979020635001844,0.8245172415914794,0.0021380031919679644,68.51859037217233,84.75082734189314,84.90863112396312,84.43521977775319,339459.0,6.0,1.0,6.0,80.0,0.015737704918032787,6.0,80.0,0.015737704918032787,1.0,1.0,0.05323035618258998,0.8245172415914794,0.7979020635001844,68.51859037217233,84.75082734189314,84.90863112396312,84.43521977775319,30.334799225171487,5.366211193131577,43.732941571994125,-0.01033538318432216,0.12928248222365868,0.2300000000000182,0.2300000000000182,0.03999999999996362,0.0,8631.0,8631.0,2021-12-06,2021-12-06 13:55:00,0.22223370716833263,26.0,1.0,best_within_2.0d,8656.0,386.12,0.5832424107187206,4.3760036431226785,32.22527881040892,0.012230020343504162,2.285057100371749,15.890706319702602,0.006381710269403211,0.4929364202292669,5.6011759621451125,36.843533123028394,0.015614239272951093,2.82998018927445,22.52492113564669,0.007835530045022196,1.8630914826498424,0.00402220134195386,1.9444468750000041,16.553125,0.005470102952261012,0.0,1
8631.0,2021-12-06 14:00:00,387.0101,387.54,386.9401,387.37,339000.0,1,1,0.0,sell,False,0.6391740454887065,6.2900000000000205,81.0,0.01649836065573776,0.05937920890595061,0.8053244646134281,0.8350140690664034,0.0021645060376321527,71.49774399788573,87.05610711681742,85.62445645491455,89.91940844062313,339000.0,6.2900000000000205,1.0,6.2900000000000205,81.0,0.01649836065573776,6.2900000000000205,81.0,0.01649836065573776,1.0,1.0,0.05937920890595061,0.8350140690664034,0.8053244646134281,71.49774399788573,87.05610711681742,85.62445645491455,89.91940844062313,31.404990750682583,5.303804509527767,45.68797134210847,0.09299498901966173,0.15503691656668508,0.17000000000001592,0.07000000000005002,0.3598999999999819,1.0,8632.0,8632.0,2021-12-06,2021-12-06 14:00:00,0.32268890208327955,25.0,1.0,best_within_2.0d,8656.0,386.12,0.5832424107187206,4.3760036431226785,32.22527881040892,0.012230020343504162,2.285057100371749,15.890706319702602,0.006381710269403211,0.4929364202292669,5.6011759621451125,36.843533123028394,0.015614239272951093,2.82998018927445,22.52492113564669,0.007835530045022196,1.8630914826498424,0.00402220134195386,1.9444468750000041,16.553125,0.005470102952261012,0.0,1
8633.0,2021-12-06 14:10:00,387.05,387.54,387.02,387.31,294067.0,1,1,0.0,sell,False,0.6391740454861787,6.2900000000000205,83.0,0.01649836065573776,-0.012956083856070943,0.8039600096541066,0.7974819677260712,0.0020661467376739237,67.98088008785365,79.20025929179998,82.27462875535352,73.05152036469292,294067.0,6.2900000000000205,1.0,6.2900000000000205,83.0,0.01649836065573776,6.2900000000000205,83.0,0.01649836065573776,1.0,1.0,-0.012956083856070943,0.7974819677260712,0.8039600096541066,67.98088008785365,79.20025929179998,82.27462875535352,73.05152036469292,25.069125661056844,8.054817320340305,46.677984219137095,0.06717478361968503,0.13435998139632027,0.2300000000000182,0.03000000000002956,0.2599999999999909,1.0,8634.0,8634.0,2021-12-06,2021-12-06 14:10:00,0.3072474245436466,23.0,1.0,best_within_2.0d,8656.0,386.12,0.5832424107187206,4.3760036431226785,32.22527881040892,0.012230020343504162,2.285057100371749,15.890706319702602,0.006381710269403211,0.4929364202292669,5.6011759621451125,36.843533123028394,0.015614239272951093,2.82998018927445,22.52492113564669,0.007835530045022196,1.8630914826498424,0.00402220134195386,1.9444468750000041,16.553125,0.005470102952261012,0.0,1
8634.0,2021-12-06 14:15:00,387.31,387.6,387.11,387.33,343205.0,1,1,0.0,sell,False,0.6391740454855767,6.350000000000023,84.0,0.016655737704918093,-0.03378283111274216,0.7997371557650139,0.7828457402086428,0.0020276995353073414,68.14623209143829,77.72229124126147,80.75718291732284,71.65250788913875,343205.0,6.350000000000023,1.0,6.350000000000023,84.0,0.016655737704918093,6.350000000000023,84.0,0.016655737704918093,1.0,1.0,-0.03378283111274216,0.7828457402086428,0.7997371557650139,68.14623209143829,77.72229124126147,80.75718291732284,71.65250788913875,25.599585668376186,7.969243844784929,47.095269478223734,0.005163822261233072,0.12657900855054355,0.27000000000003865,0.19999999999998863,0.01999999999998181,1.0,8635.0,8635.0,2021-12-06,2021-12-06 14:15:00,0.31239511527637404,22.0,1.0,best_within_2.0d,8656.0,386.12,0.5832424107187206,4.3760036431226785,32.22527881040892,0.012230020343504162,2.285057100371749,15.890706319702602,0.006381710269403211,0.4929364202292669,5.6011759621451125,36.843533123028394,0.015614239272951093,2.82998018927445,22.52492113564669,0.007835530045022196,1.8630914826498424,0.00402220134195386,1.9444468750000041,16.553125,0.005470102952261012,0.0,1
8637.0,2021-12-06 14:30:00,387.31,387.6,387.25,387.31,206548.0,1,1,0.0,sell,False,0.6391740454920138,6.350000000000023,87.0,0.016655737704918093,-0.12166574173096723,0.7640250233070857,0.703192152441602,0.0018202025066630222,67.42383864081681,71.76506414451642,75.29136709936918,64.71245823481087,206548.0,6.350000000000023,1.0,6.350000000000023,87.0,0.016655737704918093,6.350000000000023,87.0,0.016655737704918093,1.0,1.0,-0.12166574173096723,0.703192152441602,0.7640250233070857,67.42383864081681,71.76506414451642,75.29136709936918,64.71245823481087,27.228355449207726,3.1283989558406855,50.52839798202086,0.0,0.09038089089735901,0.29000000000002046,0.060000000000002274,0.0,0.0,8638.0,8638.0,2021-12-06,2021-12-06 14:30:00,0.3072474245436466,19.0,1.0,best_within_2.0d,8656.0,386.12,0.5832424107187206,4.3760036431226785,32.22527881040892,0.012230020343504162,2.285057100371749,15.890706319702602,0.006381710269403211,0.4929364202292669,5.6011759621451125,36.843533123028394,0.015614239272951093,2.82998018927445,22.52492113564669,0.007835530045022196,1.8630914826498424,0.00402220134195386,1.9444468750000041,16.553125,0.005470102952261012,1.0,1
8644.0,2021-12-06 15:05:00,385.96,386.43,385.8401,386.3007,445360.0,3a,3a,1.0,buy,False,0.003540983606557437,4.163492493946733,28.239017640954685,0.011578080659927173,-0.4514044319735028,0.40817684719279973,0.18247463120604834,0.00047237169243896264,50.51040987211477,19.31970301430311,25.652159844359065,6.654789354191195,445360.0,1.759900000000016,2.0,1.759900000000016,8.0,0.004540505675954634,1.759900000000016,8.0,0.004540505675954634,3.0,3.0,-0.4514044319735028,0.18247463120604834,0.40817684719279973,50.51040987211477,19.31970301430311,25.652159844359065,6.654789354191195,10.637078179341788,20.508541510082722,41.05769926190653,0.08827339620686772,0.15288716750799103,0.12930000000000064,0.1198999999999728,0.34070000000002665,1.0,8645.0,8645.0,2021-12-06,2021-12-06 15:05:00,3.4530871934738867,250.0,1.0,best_within_2.0d,8894.0,399.64,0.5832424107187206,4.3760036431226785,32.22527881040892,0.012230020343504162,2.285057100371749,15.890706319702602,0.006381710269403211,0.4929364202292669,5.6011759621451125,36.843533123028394,0.015614239272951093,2.82998018927445,22.52492113564669,0.007835530045022196,1.8630914826498424,0.003540983606557437,1.759900000000016,8.0,0.004540505675954634,1.0,0
8652.0,2021-12-06 15:45:00,386.72,386.76,385.82,386.34,761299.0,3a,3a,1.0,buy,False,0.003540983606557437,4.163492493946733,28.239017640954685,0.011578080659927173,-0.16414712912884682,0.20674098705073476,0.12466742248631135,0.0003225936004485568,48.568085666865876,48.696555061674246,50.02606958092227,46.0375260231782,761299.0,1.7800000000000296,2.0,1.7800000000000296,16.0,0.004592363261093987,1.7800000000000296,16.0,0.004592363261093987,3.0,3.0,-0.16414712912884682,0.12466742248631135,0.20674098705073476,48.568085666865876,48.696555061674246,50.02606958092227,46.0375260231782,16.202078833693655,23.39587832973393,31.20764129193999,-0.09826230864709669,0.2436369291379394,0.03999999999996362,0.5199999999999818,0.3800000000000523,0.0,8653.0,8653.0,2021-12-06,2021-12-06 15:45:00,3.442563545063936,242.0,1.0,best_within_2.0d,8894.0,399.64,0.5832424107187206,4.3760036431226785,32.22527881040892,0.012230020343504162,2.285057100371749,15.890706319702602,0.006381710269403211,0.4929364202292669,5.6011759621451125,36.843533123028394,0.015614239272951093,2.82998018927445,22.52492113564669,0.007835530045022196,1.8630914826498424,0.003540983606557437,1.7800000000000296,16.0,0.004592363261093987,0.0,0
8656.0,2021-12-06 16:05:00,386.0,386.17,384.442,386.12,1078223.0,3a,3a,1.0,buy,False,0.003540983606557437,4.163492493946733,28.239017640954685,0.011578080659927173,-0.2140191751494068,0.12328062275715916,0.016271035182455762,4.21079607280891e-05,46.219730993319764,45.713654405916,46.09667485483087,44.94761350808626,1078223.0,3.1580000000000155,2.0,3.1580000000000155,20.0,0.008147574819401484,3.1580000000000155,20.0,0.008147574819401484,3.0,3.0,-0.2140191751494068,0.016271035182455762,0.12328062275715916,46.219730993319764,45.713654405916,46.09667485483087,44.94761350808626,16.486021168783292,26.684013851662026,28.277087008167957,0.031088082901555583,0.44948262676814926,0.05000000000001137,1.5579999999999927,0.12000000000000455,1.0,8657.0,8657.0,2021-12-06,2021-12-06 16:05:00,3.517041334300213,380.0,1.0,best_within_2.0d,9036.0,399.7,0.5832424107187206,4.3760036431226785,32.22527881040892,0.012230020343504162,2.285057100371749,15.890706319702602,0.006381710269403211,0.4929364202292669,5.6011759621451125,36.843533123028394,0.015614239272951093,2.82998018927445,22.52492113564669,0.007835530045022196,1.8630914826498424,0.003540983606557437,3.1580000000000155,20.0,0.008147574819401484,1.0,0
8664.0,2021-12-06 16:45:00,386.2,386.34,386.171,386.32,26925.0,2,2,0.0,sell,False,0.6010132995566683,4.163492493946733,28.239017640954685,0.011578080659927173,-0.05395549857036923,-0.017936598834263663,-0.04491434811944828,-0.00011626352508164144,50.182999238352735,83.33419393078327,71.85364243585977,106.29529692063028,26925.0,1.8979999999999677,1.0,3.1580000000000155,20.0,0.008147574819401484,1.8979999999999677,9.0,0.00493702561114542,2.0,2.0,-0.05395549857036923,-0.04491434811944828,-0.017936598834263663,50.182999238352735,83.33419393078327,71.85364243585977,106.29529692063028,13.733021761355907,32.831897181247214,34.15603040613722,0.031071983428276682,0.04376299618562313,0.01999999999998181,0.028999999999996362,0.12000000000000455,1.0,8665.0,8665.0,2021-12-06,2021-12-06 16:45:00,-0.4762890867674549,59.0,1.0,best_within_2.0d,8723.0,388.16,0.6010132995566683,3.1580000000000155,20.0,0.008147574819401484,1.8979999999999677,9.0,0.00493702561114542,0.4929364202292669,5.6011759621451125,36.843533123028394,0.015614239272951093,2.82998018927445,22.52492113564669,0.007835530045022196,1.8630914826498424,0.00402220134195386,1.9444468750000041,16.553125,0.005470102952261012,0.0,1
8665.0,2021-12-06 16:50:00,386.29,386.36,386.29,386.3,2956.0,2,2,0.0,sell,False,0.6073464217859396,4.163492493946733,28.239017640954685,0.011578080659927173,-0.03402794982735745,-0.022190092562683346,-0.03920406747636207,-0.00010148240854282719,49.80512677432413,83.33390706496662,75.68039731222872,98.64092657044242,2956.0,1.9180000000000064,1.0,3.1580000000000155,20.0,0.008147574819401484,1.9180000000000064,10.0,0.0049890490633177605,2.0,2.0,-0.03402794982735745,-0.03920406747636207,-0.022190092562683346,49.80512677432413,83.33390706496662,75.68039731222872,98.64092657044242,10.514577027243735,35.81328660188013,35.61688380510902,0.0025887286753451823,0.01812110072743099,0.060000000000002274,0.0,0.009999999999990905,1.0,8666.0,8666.0,2021-12-06,2021-12-06 16:50:00,-0.4814910691172699,58.0,1.0,best_within_2.0d,8723.0,388.16,0.6073464217859396,3.1580000000000155,20.0,0.008147574819401484,1.9180000000000064,10.0,0.0049890490633177605,0.4929364202292669,5.6011759621451125,36.843533123028394,0.015614239272951093,2.82998018927445,22.52492113564669,0.007835530045022196,1.8630914826498424,0.00402220134195386,1.9444468750000041,16.553125,0.005470102952261012,0.0,1
8666.0,2021-12-06 16:55:00,386.38,386.39,386.351,386.38,4135.0,2,2,0.0,sell,False,0.6168461051298194,4.163492493946733,28.239017640954685,0.011578080659927173,-0.009138515090350005,-0.0233324069489771,-0.0279016644941521,-7.222445075579634e-05,51.3821182276966,88.0345705219443,79.79845504880058,104.50680146823174,4135.0,1.947999999999979,1.0,3.1580000000000155,20.0,0.008147574819401484,1.947999999999979,11.0,0.005067084241576048,2.0,2.0,-0.009138515090350005,-0.0279016644941521,-0.0233324069489771,51.3821182276966,88.0345705219443,79.79845504880058,104.50680146823174,12.714206744058712,32.9463792150367,36.23781548765637,0.0,0.010094447794877526,0.009999999999990905,0.028999999999996362,0.0,0.0,8667.0,8667.0,2021-12-06,2021-12-06 16:55:00,-0.46068637093018006,57.0,1.0,best_within_2.0d,8723.0,388.16,0.6168461051298194,3.1580000000000155,20.0,0.008147574819401484,1.947999999999979,11.0,0.005067084241576048,0.4929364202292669,5.6011759621451125,36.843533123028394,0.015614239272951093,2.82998018927445,22.52492113564669,0.007835530045022196,1.8630914826498424,0.00402220134195386,1.9444468750000041,16.553125,0.005470102952261012,0.0,1
8667.0,2021-12-06 17:00:00,386.32,386.5,386.32,386.43,8477.0,2,2,0.0,sell,False,0.6516782773907481,4.163492493946733,28.239017640954685,0.011578080659927173,0.013747957058551932,-0.02161391231665811,-0.014739933787382142,-3.8154029397759496e-05,52.38891714022046,87.35638034796332,82.31776348185483,97.43361408018035,8477.0,2.0579999999999927,1.0,3.1580000000000155,20.0,0.008147574819401484,2.0579999999999927,12.0,0.0053532132285234,2.0,2.0,0.013747957058551932,-0.014739933787382142,-0.02161391231665811,52.38891714022046,87.35638034796332,82.31776348185483,97.43361408018035,10.713520462825494,38.311549175059845,37.670379116659674,0.028473804100231325,0.04659349761855633,0.06999999999999318,0.0,0.11000000000001364,1.0,8668.0,8668.0,2021-12-06,2021-12-06 17:00:00,-0.44768780891753185,56.0,1.0,best_within_2.0d,8723.0,388.16,0.6516782773907481,3.1580000000000155,20.0,0.008147574819401484,2.0579999999999927,12.0,0.0053532132285234,0.4929364202292669,5.6011759621451125,36.843533123028394,0.015614239272951093,2.82998018927445,22.52492113564669,0.007835530045022196,1.8630914826498424,0.00402220134195386,1.9444468750000041,16.553125,0.005470102952261012,1.0,1
8678.0,2021-12-06 18:00:00,386.35,386.66,386.35,386.66,12991.0,2,2,0.0,sell,False,0.702343255224828,4.163492493946733,28.239017640954685,0.011578080659927173,0.05725215896666508,-0.00655995894425279,0.022066120539079748,5.711617618496462e-05,58.94808612057882,65.46627106524807,51.84180091294323,92.71521136985774,12991.0,2.2180000000000177,1.0,3.1580000000000155,20.0,0.008147574819401484,2.2180000000000177,23.0,0.0057694008459013785,2.0,2.0,0.05725215896666508,0.022066120539079748,-0.00655995894425279,58.94808612057882,65.46627106524807,51.84180091294323,92.71521136985774,34.632724873547055,14.295139652517562,36.57547845463715,0.08023812605150828,0.08023812605150828,0.0,0.0,0.3100000000000023,1.0,8679.0,8679.0,2021-12-06,2021-12-06 18:00:00,-0.3879377230641907,45.0,1.0,best_within_2.0d,8723.0,388.16,0.702343255224828,3.1580000000000155,20.0,0.008147574819401484,2.2180000000000177,23.0,0.0057694008459013785,0.4929364202292669,5.6011759621451125,36.843533123028394,0.015614239272951093,2.82998018927445,22.52492113564669,0.007835530045022196,1.8630914826498424,0.00402220134195386,1.9444468750000041,16.553125,0.005470102952261012,1.0,1
8690.0,2021-12-06 19:00:00,386.27,386.2996,386.11,386.11,800.0,2s,2s,0.0,sell,False,0.5882203926535724,4.163492493946733,28.239017640954685,0.011578080659927173,-0.005101234269235547,-0.04938302006813324,-0.051933637202751015,-0.0001344703843477094,47.396098659648025,49.390833672301184,37.546865102983745,73.07877081093605,800.0,0.34960000000000946,1.0,3.1580000000000155,20.0,0.008147574819401484,0.34960000000000946,6.0,0.0009058168156497201,1.0,2.5,-0.005101234269235547,-0.051933637202751015,-0.04938302006813324,47.396098659648025,49.390833672301184,37.546865102983745,73.07877081093605,27.930578026179354,19.48816002353177,20.428573727441492,-0.041421803401757364,0.04910517728108167,0.02960000000001628,0.0,0.15999999999996817,0.0,8691.0,8691.0,2021-12-06,2021-12-06 19:00:00,-0.5309367796741891,33.0,1.0,best_within_2.0d,8723.0,388.16,0.5832424107187206,4.3760036431226785,32.22527881040892,0.012230020343504162,2.285057100371749,15.890706319702602,0.006381710269403211,0.5882203926535724,3.1580000000000155,20.0,0.008147574819401484,0.34960000000000946,6.0,0.0009058168156497201,1.0,0.00402220134195386,1.9444468750000041,16.553125,0.005470102952261012,1.0,1
8702.0,2021-12-07 04:00:00,390.0,392.83,390.0,392.74,41413.0,1,1,0.0,sell,False,1.6645473663531238,6.8799999999999955,18.0,0.017826143282808644,0.8759905343979334,0.06579065028387736,0.5037859174828441,0.0013029792057795279,90.80559527828314,76.37080089246203,61.72417490263632,105.66405287211344,41413.0,6.8799999999999955,2.0,6.8799999999999955,18.0,0.017826143282808644,6.8799999999999955,18.0,0.017826143282808644,1.0,1.0,0.8759905343979334,0.5037859174828441,0.06579065028387736,90.80559527828314,76.37080089246203,61.72417490263632,105.66405287211344,78.88085634155367,4.9163659117065395,19.734057082497,0.702564102564105,0.7256410256410215,0.08999999999997499,0.0,2.740000000000009,1.0,8703.0,8703.0,2021-12-07,2021-12-07 04:00:00,1.1661659112899079,21.0,1.0,best_within_2.0d,8723.0,388.16,0.5832424107187206,4.3760036431226785,32.22527881040892,0.012230020343504162,2.285057100371749,15.890706319702602,0.006381710269403211,0.4929364202292669,5.6011759621451125,36.843533123028394,0.015614239272951093,2.82998018927445,22.52492113564669,0.007835530045022196,1.8630914826498424,0.00402220134195386,1.9444468750000041,16.553125,0.005470102952261012,0.0,1
8704.0,2021-12-07 04:10:00,392.72,392.95,392.71,392.91,12128.0,1,1,0.0,sell,False,3.0369053990287846,7.0,20.0,0.018137064386578573,1.5982124853782929,0.43416442917318204,1.2332706718623285,0.0031824636830125263,90.5019502674848,88.85731453843951,75.62337637899803,115.3251908573225,12128.0,7.0,2.0,7.0,20.0,0.018137064386578573,7.0,20.0,0.018137064386578573,1.0,1.0,1.5982124853782929,1.2332706718623285,0.43416442917318204,90.5019502674848,88.85731453843951,75.62337637899803,115.3251908573225,78.03703414677749,4.905185003511702,29.14774355667496,0.048380525565287665,0.06111379898653182,0.03999999999996362,0.010000000000047748,0.18999999999999773,1.0,8705.0,8705.0,2021-12-07,2021-12-07 04:10:00,1.2089282532895573,19.0,1.0,best_within_2.0d,8723.0,388.16,0.5832424107187206,4.3760036431226785,32.22527881040892,0.012230020343504162,2.285057100371749,15.890706319702602,0.006381710269403211,0.4929364202292669,5.6011759621451125,36.843533123028394,0.015614239272951093,2.82998018927445,22.52492113564669,0.007835530045022196,1.8630914826498424,0.00402220134195386,1.9444468750000041,16.553125,0.005470102952261012,0.0,1
8705.0,2021-12-07 04:15:00,392.91,393.06,392.89,392.97,11159.0,1,1,0.0,sell,False,3.17429218969427,7.110000000000014,21.0,0.0184220753983677,1.6705141396335155,0.6429786966273715,1.4782357664441292,0.0038106286158588153,90.58616526118762,92.14358296856511,81.13011190885372,114.1705250879879,11159.0,7.110000000000014,2.0,7.110000000000014,21.0,0.0184220753983677,7.110000000000014,21.0,0.0184220753983677,1.0,1.0,1.6705141396335155,1.4782357664441292,0.6429786966273715,90.58616526118762,92.14358296856511,81.13011190885372,114.1705250879879,80.33807527598678,3.7287714263114364,33.5749784639171,0.015270672673131829,0.043269108401846806,0.08999999999997499,0.020000000000038654,0.060000000000002274,1.0,8706.0,8706.0,2021-12-07,2021-12-07 04:15:00,1.224012011094995,18.0,1.0,best_within_2.0d,8723.0,388.16,0.5832424107187206,4.3760036431226785,32.22527881040892,0.012230020343504162,2.285057100371749,15.890706319702602,0.006381710269403211,0.4929364202292669,5.6011759621451125,36.843533123028394,0.015614239272951093,2.82998018927445,22.52492113564669,0.007835530045022196,1.8630914826498424,0.00402220134195386,1.9444468750000041,16.553125,0.005470102952261012,0.0,1
8706.0,2021-12-07 04:20:00,393.01,393.23,392.96,393.17,10086.0,1,1,0.0,sell,False,3.1742921896935505,7.28000000000003,22.0,0.01886254696204179,1.642063541652093,0.8482366393338833,1.6692684101599298,0.004298770900585961,90.87655240927923,94.48383711367663,85.58135364379469,112.28880405344054,10086.0,7.28000000000003,2.0,7.28000000000003,22.0,0.01886254696204179,7.28000000000003,22.0,0.01886254696204179,1.0,1.0,1.642063541652093,1.6692684101599298,0.8482366393338833,90.87655240927923,94.48383711367663,85.58135364379469,112.28880405344054,81.33987329750572,3.687109641232896,37.70013722015508,0.040711432279083234,0.06870928338763199,0.060000000000002274,0.05000000000001137,0.160000000000025,1.0,8707.0,8707.0,2021-12-07,2021-12-07 04:20:00,1.2742579545743549,17.0,1.0,best_within_2.0d,8723.0,388.16,0.5832424107187206,4.3760036431226785,32.22527881040892,0.012230020343504162,2.285057100371749,15.890706319702602,0.006381710269403211,0.4929364202292669,5.6011759621451125,36.843533123028394,0.015614239272951093,2.82998018927445,22.52492113564669,0.007835530045022196,1.8630914826498424,0.00402220134195386,1.9444468750000041,16.553125,0.005470102952261012,0.0,1
8707.0,2021-12-07 04:25:00,393.2,393.33,393.1,393.1,9412.0,1,1,0.0,sell,False,3.1742921896925287,7.3799999999999955,23.0,0.01912164788184997,1.5137506777943721,1.0374554740581796,1.7943308129553657,0.004616621144926692,89.83208467689775,95.26944452267104,88.8107172700868,108.1868990278395,9412.0,7.3799999999999955,2.0,7.3799999999999955,23.0,0.01912164788184997,7.3799999999999955,23.0,0.01912164788184997,1.0,1.0,1.5137506777943721,1.7943308129553657,1.0374554740581796,89.83208467689775,95.26944452267104,88.8107172700868,108.1868990278395,82.27333028617393,1.3377777282298882,41.9215559901441,-0.025432349949126624,0.05850928516915831,0.12999999999999545,0.0,0.0999999999999659,0.0,8708.0,8708.0,2021-12-07,2021-12-07 04:25:00,1.2566776901551762,16.0,1.0,best_within_2.0d,8723.0,388.16,0.5832424107187206,4.3760036431226785,32.22527881040892,0.012230020343504162,2.285057100371749,15.890706319702602,0.006381710269403211,0.4929364202292669,5.6011759621451125,36.843533123028394,0.015614239272951093,2.82998018927445,22.52492113564669,0.007835530045022196,1.8630914826498424,0.00402220134195386,1.9444468750000041,16.553125,0.005470102952261012,1.0,1
8717.0,2021-12-07 05:15:00,382.11,382.439,381.89,382.33,429011.0,2,2,0.0,sell,False,0.22043956043956187,4.163492493946733,28.239017640954685,0.011578080659927173,0.6225669250036265,-0.6785355948113585,-0.36725213230954523,-0.0009614656589310881,52.5004042597062,73.50401308733109,63.2438841415168,94.02427097895966,429011.0,3.0090000000000146,1.0,13.649999999999977,43.0,0.0347257555713849,3.0090000000000146,17.0,0.007930316527422751,2.0,2.0,0.6225669250036265,-0.36725213230954523,-0.6785355948113585,52.5004042597062,73.50401308733109,63.2438841415168,94.02427097895966,27.012570411185926,13.967123539975029,31.456438042060988,0.057575043835537,0.143758673963716,0.10900000000003729,0.22000000000002728,0.21999999999997044,1.0,8718.0,8718.0,2021-12-07,2021-12-07 05:15:00,-1.5248607224125863,6.0,1.0,best_within_2.0d,8723.0,388.16,0.22043956043956187,13.649999999999977,43.0,0.0347257555713849,3.0090000000000146,17.0,0.007930316527422751,0.4929364202292669,5.6011759621451125,36.843533123028394,0.015614239272951093,2.82998018927445,22.52492113564669,0.007835530045022196,1.8630914826498424,0.00402220134195386,1.9444468750000041,16.553125,0.005470102952261012,0.0,1
8723.0,2021-12-07 05:45:00,388.57,388.71,387.98,388.16,24629.0,1,1,1.0,buy,False,0.737721571769226,3.759999999999991,40.0,0.009598202889671698,-0.35953763066229216,-0.2636675862501201,-0.4434364015812662,-0.001138102376234977,20.56633266836843,7.207088001118777,8.962436022130905,3.6963919590945196,24629.0,3.759999999999991,1.0,3.759999999999991,40.0,0.009598202889671698,3.759999999999991,40.0,0.009598202889671698,1.0,1.0,-0.35953763066229216,-0.4434364015812662,-0.2636675862501201,20.56633266836843,7.207088001118777,8.962436022130905,3.6963919590945196,16.826661836624307,44.73827205216381,32.55261983108818,-0.10551509380548375,0.18815402855816313,0.13999999999998636,0.18000000000000682,0.40999999999996817,0.0,8724.0,8724.0,2021-12-07,2021-12-07 05:45:00,0.9265167564256349,12.0,1.0,best_within_2.0d,8735.0,388.16,0.5832424107187206,4.3760036431226785,32.22527881040892,0.012230020343504162,2.285057100371749,15.890706319702602,0.006381710269403211,0.4929364202292669,5.6011759621451125,36.843533123028394,0.015614239272951093,2.82998018927445,22.52492113564669,0.007835530045022196,1.8630914826498424,0.00402220134195386,1.9444468750000041,16.553125,0.005470102952261012,0.0,0
8723.0,2021-12-07 05:45:00,388.18,388.46,388.1,388.46,2299.0,2,2,1.0,buy,False,0.9329608938547447,4.163492493946733,28.239017640954685,0.011578080659927173,-0.10508129923383785,-0.1317461001667475,-0.18428674978366644,-0.0004738623664182954,40.526025546819056,28.820704474110208,29.97849956598204,26.505114290366535,2299.0,1.669999999999959,1.0,1.7899999999999636,16.0,0.004613639878344151,1.669999999999959,18.0,0.004284578084511274,2.0,2.0,-0.10508129923383785,-0.18428674978366644,-0.1317461001667475,40.526025546819056,28.820704474110208,29.97849956598204,26.505114290366535,21.726190476190563,54.76190476190287,24.004160941702786,0.07213148539336717,0.09275959804173069,0.0,0.07999999999998408,0.2799999999999727,1.0,8724.0,8724.0,2021-12-07,2021-12-07 05:45:00,0.9265167564256349,12.0,1.0,best_within_2.0d,8735.0,388.16,0.9329608938547447,1.7899999999999636,16.0,0.004613639878344151,1.669999999999959,18.0,0.004284578084511274,0.4929364202292669,5.6011759621451125,36.843533123028394,0.015614239272951093,2.82998018927445,22.52492113564669,0.007835530045022196,1.8630914826498424,0.00402220134195386,1.9444468750000041,16.553125,0.005470102952261012,0.0,0
8723.0,2021-12-07 05:45:00,391.28,393.08,391.28,391.79,432424.0,1p,1p,0.0,sell,False,0.8137147988072481,4.979999999999961,34.0,0.012831744395774185,0.14333578066087926,0.45033543970095613,0.5220033300313958,0.0013374067205517315,75.56993679851199,85.05319500839323,89.96165054869277,75.23628392779415,432424.0,4.979999999999961,0.0,4.979999999999961,34.0,0.012831744395774185,4.979999999999961,0.0,0.0,1.0,1.0,0.14333578066087926,0.5220033300313958,0.45033543970095613,75.56993679851199,85.05319500839323,89.96165054869277,75.23628392779415,39.15016707396097,32.91606403670602,40.91785338838387,0.13034144346760573,0.4600286240032742,1.2899999999999636,0.0,0.5100000000000477,1.0,8724.0,8724.0,2021-12-07,2021-12-07 05:45:00,0.9265167564256349,12.0,1.0,best_within_2.0d,8735.0,388.16,0.5832424107187206,4.3760036431226785,32.22527881040892,0.012230020343504162,2.285057100371749,15.890706319702602,0.006381710269403211,0.4929364202292669,5.6011759621451125,36.843533123028394,0.015614239272951093,2.82998018927445,22.52492113564669,0.007835530045022196,1.8630914826498424,0.00402220134195386,1.9444468750000041,16.553125,0.005470102952261012,0.0,1
8724.0,2021-12-07 05:50:00,393.14,394.13,393.14,393.62,8351.0,1,1,0.0,sell,False,3.174292189691061,8.180000000000007,40.0,0.021194455240316122,-0.3624669490444208,1.2746813839083673,1.0934479093861569,0.0027906365260734096,79.09993842490718,75.90128323805381,75.57602402863682,76.55180165688779,8351.0,8.180000000000007,2.0,8.180000000000007,40.0,0.021194455240316122,8.180000000000007,40.0,0.021194455240316122,1.0,1.0,-0.3624669490444208,1.0934479093861569,1.2746813839083673,79.09993842490718,75.90128323805381,75.57602402863682,76.55180165688779,43.804034582133134,6.051873198848461,44.34340051467659,0.12209391056621514,0.2518186905428115,0.5099999999999909,0.0,0.4800000000000182,1.0,8725.0,8725.0,2021-12-07,2021-12-07 05:50:00,1.3871246379757074,11.0,1.0,best_within_2.0d,8735.0,388.16,0.5832424107187206,4.3760036431226785,32.22527881040892,0.012230020343504162,2.285057100371749,15.890706319702602,0.006381710269403211,0.4929364202292669,5.6011759621451125,36.843533123028394,0.015614239272951093,2.82998018927445,22.52492113564669,0.007835530045022196,1.8630914826498424,0.00402220134195386,1.9444468750000041,16.553125,0.005470102952261012,1.0,1
8735.0,2021-12-07 06:45:00,388.57,388.71,387.98,388.16,24629.0,1p,1p,1.0,buy,False,1772489.9496871983,3.759999999999991,40.0,0.009598202889671698,-0.35449798993743964,-0.2715602069646096,-0.4488092019333294,-0.001151876049680126,20.158568765483153,7.207088001120022,8.96243602215636,3.6963919590473466,24629.0,3.759999999999991,0.0,3.759999999999991,40.0,0.009598202889671698,3.759999999999991,0.0,0.0,1.0,1.0,-0.35449798993743964,-0.4488092019333294,-0.2715602069646096,20.158568765483153,7.207088001120022,8.96243602215636,3.6963919590473466,16.826661836624307,44.73827205216381,32.36145901871546,-0.10551509380548375,0.18815402855816313,0.13999999999998636,0.18000000000000682,0.40999999999996817,0.0,8736.0,8736.0,2021-12-07,2021-12-07 06:45:00,2.9730008244022987,301.0,1.0,best_within_2.0d,9036.0,399.7,0.5832424107187206,4.3760036431226785,32.22527881040892,0.012230020343504162,2.285057100371749,15.890706319702602,0.006381710269403211,0.4929364202292669,5.6011759621451125,36.843533123028394,0.015614239272951093,2.82998018927445,22.52492113564669,0.007835530045022196,1.8630914826498424,0.00402220134195386,1.9444468750000041,16.553125,0.005470102952261012,0.0,0
8756.0,2021-12-07 08:30:00,393.36,393.56,393.29,393.52,32154.0,2,2,0.0,sell,False,0.9254024342363576,4.163492493946733,28.239017640954685,0.011578080659927173,-0.06737287734404063,0.1490627479342374,0.11537630926221709,0.00029347729187561737,61.61753163662249,90.57028998381469,83.54570869309062,104.61945256526283,32154.0,7.071000000000026,1.0,7.6410000000000196,27.0,0.019387004287925353,7.071000000000026,7.0,0.018295475421034043,2.0,2.0,-0.06737287734404063,0.11537630926221709,0.1490627479342374,61.61753163662249,90.57028998381469,83.54570869309062,104.61945256526283,5.024919498738041,72.30756609307267,53.74940242400727,0.04067520846043527,0.06865163111189752,0.040000000000020464,0.06999999999999318,0.15999999999996817,1.0,8757.0,8757.0,2021-12-07,2021-12-07 08:30:00,0.19312868469200825,196.0,1.0,best_within_2.0d,8952.0,392.76,0.9254024342363576,7.6410000000000196,27.0,0.019387004287925353,7.071000000000026,7.0,0.018295475421034043,0.4929364202292669,5.6011759621451125,36.843533123028394,0.015614239272951093,2.82998018927445,22.52492113564669,0.007835530045022196,1.8630914826498424,0.00402220134195386,1.9444468750000041,16.553125,0.005470102952261012,0.0,1
8757.0,2021-12-07 08:35:00,393.5,393.8,393.43,393.71,58243.0,2,2,0.0,sell,False,0.9568119356105244,4.163492493946733,28.239017640954685,0.011578080659927173,-0.008957942654159612,0.14794300510246744,0.14346403377538763,0.0003648832107958747,65.40574678296198,93.3013848864021,86.79760075752777,106.30895314415076,58243.0,7.3110000000000355,1.0,7.6410000000000196,27.0,0.019387004287925353,7.3110000000000355,8.0,0.01891645040350446,2.0,2.0,-0.008957942654159612,0.14346403377538763,0.14794300510246744,65.40574678296198,93.3013848864021,86.79760075752777,106.30895314415076,7.350423908008429,70.29220452302674,55.70058865062682,0.05336721728080801,0.09404468393361068,0.09000000000003183,0.06999999999999318,0.20999999999997954,1.0,8758.0,8758.0,2021-12-07,2021-12-07 08:35:00,0.24129435371212024,195.0,1.0,best_within_2.0d,8952.0,392.76,0.9568119356105244,7.6410000000000196,27.0,0.019387004287925353,7.3110000000000355,8.0,0.01891645040350446,0.4929364202292669,5.6011759621451125,36.843533123028394,0.015614239272951093,2.82998018927445,22.52492113564669,0.007835530045022196,1.8630914826498424,0.00402220134195386,1.9444468750000041,16.553125,0.005470102952261012,1.0,1
8771.0,2021-12-07 09:45:00,394.11,394.87,394.02,394.805,1213259.0,1p,1p,0.0,sell,False,7.049146546765101,2.3899999999999864,6.0,0.006089482266612277,0.27790797947889295,0.07186504696868415,0.21081903670813062,0.0005359397753000545,69.90771500475775,73.66984702912117,56.23749413736855,108.53455281262642,1213259.0,2.3899999999999864,0.0,2.3899999999999864,6.0,0.006089482266612277,2.3899999999999864,0.0,0.0,1.0,1.0,0.27790797947889295,0.21081903670813062,0.07186504696868415,69.90771500475775,73.66984702912117,56.23749413736855,108.53455281262642,32.5143834551401,17.952813785499135,48.07294410383561,0.17634670523457743,0.21572509009695517,0.06499999999999773,0.09000000000003183,0.6949999999999932,1.0,8772.0,8772.0,2021-12-07,2021-12-07 09:45:00,0.5179772292650843,181.0,1.0,best_within_2.0d,8952.0,392.76,0.5832424107187206,4.3760036431226785,32.22527881040892,0.012230020343504162,2.285057100371749,15.890706319702602,0.006381710269403211,0.4929364202292669,5.6011759621451125,36.843533123028394,0.015614239272951093,2.82998018927445,22.52492113564669,0.007835530045022196,1.8630914826498424,0.00402220134195386,1.9444468750000041,16.553125,0.005470102952261012,0.0,1
8772.0,2021-12-07 09:50:00,394.81,395.57,394.6327,395.34,994847.0,1p,1p,0.0,sell,False,10.722554344005543,3.089999999999975,7.0,0.007873012637586564,0.42272967270948486,0.12470625605736976,0.3360710924121122,0.0008540350498211202,73.75109524838271,79.96544278748294,64.14681035407334,111.60270765430215,994847.0,3.089999999999975,0.0,3.089999999999975,7.0,0.007873012637586564,3.089999999999975,0.0,0.0,1.0,1.0,0.42272967270948486,0.3360710924121122,0.12470625605736976,73.75109524838271,79.96544278748294,64.14681035407334,111.60270765430215,38.259749534522754,16.19608743336645,47.5332063489857,0.13424178718876742,0.23751199533135328,0.2300000000000182,0.17730000000000246,0.5299999999999727,1.0,8773.0,8773.0,2021-12-07,2021-12-07 09:50:00,0.6526028228866252,180.0,1.0,best_within_2.0d,8952.0,392.76,0.5832424107187206,4.3760036431226785,32.22527881040892,0.012230020343504162,2.285057100371749,15.890706319702602,0.006381710269403211,0.4929364202292669,5.6011759621451125,36.843533123028394,0.015614239272951093,2.82998018927445,22.52492113564669,0.007835530045022196,1.8630914826498424,0.00402220134195386,1.9444468750000041,16.553125,0.005470102952261012,0.0,1
8773.0,2021-12-07 09:55:00,395.33,395.67,395.04,395.65,684615.0,1p,1p,0.0,sell,False,13.408822213473726,3.1899999999999977,8.0,0.008127802690582954,0.5286340216956134,0.19078550876932143,0.4551025196171281,0.0011560559177872815,75.68867427336617,86.43464210910525,71.57608760575064,116.15175111581448,684615.0,3.1899999999999977,0.0,3.1899999999999977,8.0,0.008127802690582954,3.1899999999999977,0.0,0.0,1.0,1.0,0.5286340216956134,0.4551025196171281,0.19078550876932143,75.68867427336617,86.43464210910525,71.57608760575064,116.15175111581448,37.20983268118306,15.243536500468041,47.129245912223936,0.08094503326334788,0.15947752126366832,0.020000000000038654,0.2899999999999636,0.3199999999999932,1.0,8774.0,8774.0,2021-12-07,2021-12-07 09:55:00,0.7304435738657871,179.0,1.0,best_within_2.0d,8952.0,392.76,0.5832424107187206,4.3760036431226785,32.22527881040892,0.012230020343504162,2.285057100371749,15.890706319702602,0.006381710269403211,0.4929364202292669,5.6011759621451125,36.843533123028394,0.015614239272951093,2.82998018927445,22.52492113564669,0.007835530045022196,1.8630914826498424,0.00402220134195386,1.9444468750000041,16.553125,0.005470102952261012,0.0,1
8774.0,2021-12-07 10:00:00,395.66,395.9469,395.48,395.63,625642.0,1p,1p,0.0,sell,False,14.236623139668609,3.4669000000000096,9.0,0.008833316347329824,0.5612695303041197,0.26094420005733643,0.5415789652093963,0.0013752166077226986,75.30247586620905,87.90951776862238,77.02056432670788,109.68742465245137,625642.0,3.4669000000000096,0.0,3.4669000000000096,9.0,0.008833316347329824,3.4669000000000096,0.0,0.0,1.0,1.0,0.5612695303041197,0.5415789652093963,0.26094420005733643,75.30247586620905,87.90951776862238,77.02056432670788,109.68742465245137,40.18181169163521,11.613102816414829,47.70268282837537,-0.007582267603505422,0.1180590674623267,0.2869000000000028,0.14999999999997726,0.03000000000002956,0.0,8775.0,8775.0,2021-12-07,2021-12-07 10:00:00,0.7254252710866226,178.0,1.0,best_within_2.0d,8952.0,392.76,0.5832424107187206,4.3760036431226785,32.22527881040892,0.012230020343504162,2.285057100371749,15.890706319702602,0.006381710269403211,0.4929364202292669,5.6011759621451125,36.843533123028394,0.015614239272951093,2.82998018927445,22.52492113564669,0.007835530045022196,1.8630914826498424,0.00402220134195386,1.9444468750000041,16.553125,0.005470102952261012,0.0,1
8775.0,2021-12-07 10:05:00,395.62,396.08,395.27,396.04,854744.0,1p,1p,0.0,sell,False,15.215844393428155,3.599999999999966,10.0,0.00917244190786783,0.5998746860190322,0.33592853580971543,0.6358658788192315,0.0016139608889061267,77.80290352297887,91.55653674996316,81.86588846779297,110.93783331430356,854744.0,3.599999999999966,0.0,3.599999999999966,10.0,0.00917244190786783,3.599999999999966,0.0,0.0,1.0,1.0,0.5998746860190322,0.6358658788192315,0.33592853580971543,77.80290352297887,91.55653674996316,81.86588846779297,110.93783331430356,38.22600545600777,9.734783740647483,48.53857973751213,0.1061624791466599,0.20492321704151653,0.03999999999996362,0.35000000000002274,0.4200000000000159,1.0,8776.0,8776.0,2021-12-07,2021-12-07 10:05:00,0.8281991718008357,177.0,1.0,best_within_2.0d,8952.0,392.76,0.5832424107187206,4.3760036431226785,32.22527881040892,0.012230020343504162,2.285057100371749,15.890706319702602,0.006381710269403211,0.4929364202292669,5.6011759621451125,36.843533123028394,0.015614239272951093,2.82998018927445,22.52492113564669,0.007835530045022196,1.8630914826498424,0.00402220134195386,1.9444468750000041,16.553125,0.005470102952261012,0.0,1
8776.0,2021-12-07 10:10:00,396.04,396.57,395.97,396.4901,956912.0,1p,1p,0.0,sell,False,16.333783338088757,4.089999999999975,11.0,0.010420913167549875,0.6439486957208121,0.416422122774817,0.7383964706352231,0.0018733204016796508,80.1757394628765,93.62914891965966,85.78697528508187,109.31349618881524,956912.0,4.089999999999975,0.0,4.089999999999975,11.0,0.010420913167549875,4.089999999999975,0.0,0.0,1.0,1.0,0.6439486957208121,0.7383964706352231,0.416422122774817,80.1757394628765,93.62914891965966,85.78697528508187,109.31349618881524,42.33493535355858,7.991854876673889,49.94583522939591,0.11365013634985442,0.15152663080535542,0.07990000000000919,0.06999999999999318,0.45009999999996353,1.0,8777.0,8777.0,2021-12-07,2021-12-07 10:10:00,0.940780110272613,176.0,1.0,best_within_2.0d,8952.0,392.76,0.5832424107187206,4.3760036431226785,32.22527881040892,0.012230020343504162,2.285057100371749,15.890706319702602,0.006381710269403211,0.4929364202292669,5.6011759621451125,36.843533123028394,0.015614239272951093,2.82998018927445,22.52492113564669,0.007835530045022196,1.8630914826498424,0.00402220134195386,1.9444468750000041,16.553125,0.005470102952261012,0.0,1
8777.0,2021-12-07 10:15:00,396.49,396.58,396.031,396.26,768342.0,1p,1p,0.0,sell,False,16.333783338088757,4.099999999999966,12.0,0.010446392172849485,0.6008548055423286,0.49152897346760815,0.7919563762387725,0.0020084116034774393,75.71947045903488,92.72246291613679,88.09880449543351,101.96977975754334,768342.0,4.099999999999966,0.0,4.099999999999966,12.0,0.010446392172849485,4.099999999999966,0.0,0.0,1.0,1.0,0.6008548055423286,0.7919563762387725,0.49152897346760815,75.71947045903488,92.72246291613679,88.09880449543351,101.96977975754334,40.5828352506474,7.64133859504071,51.25749663127151,-0.058009029231511064,0.13862551163923487,0.08999999999997499,0.228999999999985,0.2300000000000182,0.0,8778.0,8778.0,2021-12-07,2021-12-07 10:15:00,0.8832584666633019,175.0,1.0,best_within_2.0d,8952.0,392.76,0.5832424107187206,4.3760036431226785,32.22527881040892,0.012230020343504162,2.285057100371749,15.890706319702602,0.006381710269403211,0.4929364202292669,5.6011759621451125,36.843533123028394,0.015614239272951093,2.82998018927445,22.52492113564669,0.007835530045022196,1.8630914826498424,0.00402220134195386,1.9444468750000041,16.553125,0.005470102952261012,0.0,1
8778.0,2021-12-07 10:20:00,396.275,396.62,395.81,395.82,713059.0,1p,1p,0.0,sell,False,16.333783338088757,4.139999999999986,13.0,0.010548308194048069,0.47722469246146115,0.5511820600252908,0.7897944062560214,0.002002364503715423,67.94281749531582,87.21180067424984,87.80313655503895,86.02912891267164,713059.0,4.139999999999986,0.0,4.139999999999986,13.0,0.010548308194048069,4.139999999999986,0.0,0.0,1.0,1.0,0.47722469246146115,0.7897944062560214,0.5511820600252908,67.94281749531582,87.21180067424984,87.80313655503895,86.02912891267164,38.83485420652584,6.2203880480406495,52.76679886325614,-0.11481925430571803,0.20464364215153794,0.3450000000000273,0.009999999999990905,0.4549999999999841,0.0,8779.0,8779.0,2021-12-07,2021-12-07 10:20:00,0.7730786721236932,174.0,1.0,best_within_2.0d,8952.0,392.76,0.5832424107187206,4.3760036431226785,32.22527881040892,0.012230020343504162,2.285057100371749,15.890706319702602,0.006381710269403211,0.4929364202292669,5.6011759621451125,36.843533123028394,0.015614239272951093,2.82998018927445,22.52492113564669,0.007835530045022196,1.8630914826498424,0.00402220134195386,1.9444468750000041,16.553125,0.005470102952261012,0.0,1
8781.0,2021-12-07 10:35:00,396.37,396.95,396.34,396.81,609956.0,1p,1p,0.0,sell,False,16.333783338088757,4.46999999999997,16.0,0.011389115368935922,0.34228757266323706,0.68078114359323,0.8519249299248486,0.002157715163197699,74.59689886433952,86.39965435996163,85.29055542167498,88.61785223653493,609956.0,4.46999999999997,0.0,4.46999999999997,16.0,0.011389115368935922,4.46999999999997,0.0,0.0,1.0,1.0,0.34228757266323706,0.8519249299248486,0.68078114359323,74.59689886433952,86.39965435996163,85.29055542167498,88.61785223653493,40.81098023071969,4.874488927144763,57.658121083192654,0.11100739208315406,0.15390826058435023,0.13999999999998636,0.03000000000002956,0.4399999999999977,1.0,8782.0,8782.0,2021-12-07,2021-12-07 10:35:00,1.0206396008165146,171.0,1.0,best_within_2.0d,8952.0,392.76,0.5832424107187206,4.3760036431226785,32.22527881040892,0.012230020343504162,2.285057100371749,15.890706319702602,0.006381710269403211,0.4929364202292669,5.6011759621451125,36.843533123028394,0.015614239272951093,2.82998018927445,22.52492113564669,0.007835530045022196,1.8630914826498424,0.00402220134195386,1.9444468750000041,16.553125,0.005470102952261012,0.0,1
8782.0,2021-12-07 10:40:00,396.8,397.28,396.691,397.23,603252.0,1p,1p,0.0,sell,False,16.333783338088757,4.7999999999999545,17.0,0.012229922543823773,0.37079025543422306,0.7271299255225079,0.9125250532396194,0.0023101589456651817,76.94696563711506,90.10391551029026,86.89500878454675,96.52172896177728,603252.0,4.7999999999999545,0.0,4.7999999999999545,17.0,0.012229922543823773,4.7999999999999545,0.0,0.0,1.0,1.0,0.37079025543422306,0.9125250532396194,0.7271299255225079,76.94696563711506,90.10391551029026,86.89500878454675,96.52172896177728,36.481335244167596,5.079309369912285,58.936620962927705,0.10836693548387268,0.1484782866261142,0.049999999999954525,0.10900000000003729,0.4300000000000068,1.0,8783.0,8783.0,2021-12-07,2021-12-07 10:40:00,1.1252926516124229,170.0,1.0,best_within_2.0d,8952.0,392.76,0.5832424107187206,4.3760036431226785,32.22527881040892,0.012230020343504162,2.285057100371749,15.890706319702602,0.006381710269403211,0.4929364202292669,5.6011759621451125,36.843533123028394,0.015614239272951093,2.82998018927445,22.52492113564669,0.007835530045022196,1.8630914826498424,0.00402220134195386,1.9444468750000041,16.553125,0.005470102952261012,0.0,1
8783.0,2021-12-07 10:45:00,397.22,397.48,397.11,397.2187,588995.0,1p,1p,0.0,sell,False,16.333783338088757,5.0,18.0,0.012739502649816551,0.35451725824411295,0.771444582803022,0.9487032119250784,0.0024007515101558802,76.74126470792488,89.46143386960526,87.75048381289957,92.88333398301666,588995.0,5.0,0.0,5.0,18.0,0.012739502649816551,5.0,0.0,0.0,1.0,1.0,0.35451725824411295,0.9487032119250784,0.771444582803022,76.74126470792488,89.46143386960526,87.75048381289957,92.88333398301666,38.16292762592441,5.597816744026278,60.04230972243024,-0.00032727455818305567,0.0931731761980319,0.2599999999999909,0.10869999999999891,0.0013000000000147338,0.0,8784.0,8784.0,2021-12-07,2021-12-07 10:45:00,1.122479883248201,169.0,1.0,best_within_2.0d,8952.0,392.76,0.5832424107187206,4.3760036431226785,32.22527881040892,0.012230020343504162,2.285057100371749,15.890706319702602,0.006381710269403211,0.4929364202292669,5.6011759621451125,36.843533123028394,0.015614239272951093,2.82998018927445,22.52492113564669,0.007835530045022196,1.8630914826498424,0.00402220134195386,1.9444468750000041,16.553125,0.005470102952261012,1.0,1
8801.0,2021-12-07 12:15:00,397.67,397.87,397.33,397.44,350497.0,1p,1p,0.0,sell,False,1.552918503218315e-07,1.3550000000000182,12.0,0.0034172729909335542,-0.1556316062459726,0.6216458748516074,0.5438300717286211,0.0013707636858629108,62.15209000860515,67.20167350963453,68.67351615423289,64.25798822043782,350497.0,1.3550000000000182,0.0,1.3550000000000182,12.0,0.0034172729909335542,1.3550000000000182,0.0,0.0,1.0,1.0,-0.1556316062459726,0.5438300717286211,0.6216458748516074,62.15209000860515,67.20167350963453,68.67351615423289,64.25798822043782,24.516800725429405,15.952712800792519,31.327171625669077,-0.057836899942167674,0.1359071804293712,0.19999999999998863,0.11000000000001364,0.2300000000000182,0.0,8802.0,8802.0,2021-12-07,2021-12-07 12:15:00,1.1775362318840596,151.0,1.0,best_within_2.0d,8952.0,392.76,0.5832424107187206,4.3760036431226785,32.22527881040892,0.012230020343504162,2.285057100371749,15.890706319702602,0.006381710269403211,0.4929364202292669,5.6011759621451125,36.843533123028394,0.015614239272951093,2.82998018927445,22.52492113564669,0.007835530045022196,1.8630914826498424,0.00402220134195386,1.9444468750000041,16.553125,0.005470102952261012,0.0,1
8805.0,2021-12-07 12:35:00,397.78,397.98,397.72,397.93,208724.0,1p,1p,0.0,sell,False,1.552918503218315e-07,1.4650000000000318,16.0,0.0036946899865075264,-0.09776259451395175,0.5543876261763854,0.5055063289194095,0.00127332891465552,68.00592156040727,80.17769382829033,72.47604696457078,95.58098755572942,208724.0,1.4650000000000318,0.0,1.4650000000000318,16.0,0.0036946899865075264,1.4650000000000318,0.0,0.0,1.0,1.0,-0.09776259451395175,0.5055063289194095,0.5543876261763854,68.00592156040727,80.17769382829033,72.47604696457078,95.58098755572942,36.230241453987176,8.09569106842837,37.9434776417768,0.03770928654030723,0.06537262395655005,0.05000000000001137,0.05999999999994543,0.1500000000000341,1.0,8806.0,8806.0,2021-12-07,2021-12-07 12:35:00,1.2992234815168537,147.0,1.0,best_within_2.0d,8952.0,392.76,0.5832424107187206,4.3760036431226785,32.22527881040892,0.012230020343504162,2.285057100371749,15.890706319702602,0.006381710269403211,0.4929364202292669,5.6011759621451125,36.843533123028394,0.015614239272951093,2.82998018927445,22.52492113564669,0.007835530045022196,1.8630914826498424,0.00402220134195386,1.9444468750000041,16.553125,0.005470102952261012,0.0,1
8808.0,2021-12-07 12:50:00,397.8,398.02,397.76,397.9198,212355.0,1p,1p,0.0,sell,False,1.552918503218315e-07,1.5049999999999955,19.0,0.003795568893988867,-0.10066061343596067,0.5142004368464785,0.4638701301284982,0.0011679498397188716,65.74284354234655,79.47032097170032,76.26714145188208,85.87668001133679,212355.0,1.5049999999999955,0.0,1.5049999999999955,19.0,0.003795568893988867,1.5049999999999955,0.0,0.0,1.0,1.0,-0.10066061343596067,0.4638701301284982,0.5142004368464785,65.74284354234655,79.47032097170032,76.26714145188208,85.87668001133679,26.96556825502977,11.93061156314889,38.84691000059911,0.030115635997988412,0.06536604987932193,0.10019999999997253,0.040000000000020464,0.11979999999999791,1.0,8809.0,8809.0,2021-12-07,2021-12-07 12:50:00,1.2966934543091393,144.0,1.0,best_within_2.0d,8952.0,392.76,0.5832424107187206,4.3760036431226785,32.22527881040892,0.012230020343504162,2.285057100371749,15.890706319702602,0.006381710269403211,0.4929364202292669,5.6011759621451125,36.843533123028394,0.015614239272951093,2.82998018927445,22.52492113564669,0.007835530045022196,1.8630914826498424,0.00402220134195386,1.9444468750000041,16.553125,0.005470102952261012,0.0,1
8809.0,2021-12-07 12:55:00,397.91,398.28,397.91,398.1481,446072.0,1p,1p,0.0,sell,False,1.552918503218315e-07,1.7649999999999864,20.0,0.004451281792618151,-0.06937918376981811,0.5055280388752512,0.47083844699034216,0.0011852778587160828,68.59472497358732,81.68547713902916,78.07325334759777,88.90992472189194,446072.0,1.7649999999999864,0.0,1.7649999999999864,20.0,0.004451281792618151,1.7649999999999864,0.0,0.0,1.0,1.0,-0.06937918376981811,0.47083844699034216,0.5055280388752512,68.59472497358732,81.68547713902916,78.07325334759777,88.90992472189194,34.31583104989145,4.443457009553711,41.577239579609476,0.059837651730284346,0.09298585107183728,0.13189999999997326,0.0,0.23809999999997444,1.0,8810.0,8810.0,2021-12-07,2021-12-07 12:55:00,1.353290396211864,143.0,1.0,best_within_2.0d,8952.0,392.76,0.5832424107187206,4.3760036431226785,32.22527881040892,0.012230020343504162,2.285057100371749,15.890706319702602,0.006381710269403211,0.4929364202292669,5.6011759621451125,36.843533123028394,0.015614239272951093,2.82998018927445,22.52492113564669,0.007835530045022196,1.8630914826498424,0.00402220134195386,1.9444468750000041,16.553125,0.005470102952261012,1.0,1
8820.0,2021-12-07 13:50:00,398.185,398.46,398.1,398.27,392892.0,1p,1p,0.0,sell,False,1.552918503218315e-07,1.9449999999999932,31.0,0.004905236876284613,-0.04702162314122271,0.3292551163661644,0.30574430479555303,0.0007688989589713187,64.66738245202124,80.21917290663723,70.71031301284964,99.2368926942124,392892.0,1.9449999999999932,0.0,1.9449999999999932,31.0,0.004905236876284613,1.9449999999999932,0.0,0.0,1.0,1.0,-0.04702162314122271,0.30574430479555303,0.3292551163661644,64.66738245202124,80.21917290663723,70.71031301284964,99.2368926942124,32.21803255214507,21.120710228631463,32.56722069974091,0.021346861383522618,0.09042954031649253,0.18999999999999773,0.08499999999997954,0.08499999999997954,1.0,8821.0,8821.0,2021-12-07,2021-12-07 13:50:00,1.3834835664247849,132.0,1.0,best_within_2.0d,8952.0,392.76,0.5832424107187206,4.3760036431226785,32.22527881040892,0.012230020343504162,2.285057100371749,15.890706319702602,0.006381710269403211,0.4929364202292669,5.6011759621451125,36.843533123028394,0.015614239272951093,2.82998018927445,22.52492113564669,0.007835530045022196,1.8630914826498424,0.00402220134195386,1.9444468750000041,16.553125,0.005470102952261012,1.0,1
8849.0,2021-12-07 16:15:00,398.21,399.0,398.17,398.88,99434.0,1,1,0.0,sell,False,0.6932231256848361,2.6100000000000136,8.0,0.006584424430485163,0.4464001276282549,-0.020213865503515848,0.2029861983106116,0.0005105974836648306,69.25844676530888,85.28577905233666,70.96168253110065,113.9339720948087,99434.0,2.6100000000000136,3.0,2.6100000000000136,8.0,0.006584424430485163,2.6100000000000136,8.0,0.006584424430485163,1.0,1.0,0.4464001276282549,0.2029861983106116,-0.020213865503515848,69.25844676530888,85.28577905233666,70.96168253110065,113.9339720948087,23.768158412526393,13.752250177921269,29.274718594511494,0.16825293187012277,0.20845367556570912,0.12000000000000455,0.03999999999996362,0.6700000000000159,1.0,8850.0,8850.0,2021-12-07,2021-12-07 16:15:00,1.5342960288808676,103.0,1.0,best_within_2.0d,8952.0,392.76,0.5832424107187206,4.3760036431226785,32.22527881040892,0.012230020343504162,2.285057100371749,15.890706319702602,0.006381710269403211,0.4929364202292669,5.6011759621451125,36.843533123028394,0.015614239272951093,2.82998018927445,22.52492113564669,0.007835530045022196,1.8630914826498424,0.00402220134195386,1.9444468750000041,16.553125,0.005470102952261012,1.0,1
8854.0,2021-12-07 16:40:00,398.91,399.18,397.83,399.16,300284.0,1,1,0.0,sell,False,0.7155452672148861,2.7900000000000205,13.0,0.007038522667070362,0.3799547469633192,0.24489275182259812,0.4348701253042577,0.0010926846395127266,70.33872557553401,94.980426400433,89.86773396532764,105.20581127064375,300284.0,2.7900000000000205,3.0,2.7900000000000205,13.0,0.007038522667070362,2.7900000000000205,13.0,0.007038522667070362,1.0,1.0,0.3799547469633192,0.4348701253042577,0.24489275182259812,70.33872557553401,94.980426400433,89.86773396532764,105.20581127064375,24.235572782085352,16.742032730404876,34.539492460388445,0.06267077786969491,0.3393409245155023,0.01999999999998181,1.080000000000041,0.25,1.0,8855.0,8855.0,2021-12-07,2021-12-07 16:40:00,1.603367070848791,98.0,1.0,best_within_2.0d,8952.0,392.76,0.5832424107187206,4.3760036431226785,32.22527881040892,0.012230020343504162,2.285057100371749,15.890706319702602,0.006381710269403211,0.4929364202292669,5.6011759621451125,36.843533123028394,0.015614239272951093,2.82998018927445,22.52492113564669,0.007835530045022196,1.8630914826498424,0.00402220134195386,1.9444468750000041,16.553125,0.005470102952261012,0.0,1
8855.0,2021-12-07 16:45:00,399.18,399.21,399.04,399.04,28229.0,1,1,0.0,sell,False,0.7155452672148861,2.819999999999993,14.0,0.007114205706501156,0.331804339131473,0.28636829421403226,0.45227046377976876,0.0011361824461464593,67.57783099596688,92.54733740705294,90.7609351125694,96.12014199601998,28229.0,2.819999999999993,3.0,2.819999999999993,14.0,0.007114205706501156,2.819999999999993,14.0,0.007114205706501156,1.0,1.0,0.331804339131473,0.45227046377976876,0.28636829421403226,67.57783099596688,92.54733740705294,90.7609351125694,96.12014199601998,25.193284736029042,16.34636624696292,33.593637802745754,-0.03507189738964536,0.04260224538892318,0.029999999999972715,0.0,0.13999999999998636,0.0,8856.0,8856.0,2021-12-07,2021-12-07 16:45:00,1.5737770649559015,97.0,1.0,best_within_2.0d,8952.0,392.76,0.5832424107187206,4.3760036431226785,32.22527881040892,0.012230020343504162,2.285057100371749,15.890706319702602,0.006381710269403211,0.4929364202292669,5.6011759621451125,36.843533123028394,0.015614239272951093,2.82998018927445,22.52492113564669,0.007835530045022196,1.8630914826498424,0.00402220134195386,1.9444468750000041,16.553125,0.005470102952261012,1.0,1
8893.0,2021-12-07 19:55:00,398.96,399.51,398.96,399.51,71821.0,1,1,0.0,sell,False,0.7155452672159274,3.1200000000000045,52.0,0.00787103610080982,0.20404996015655313,0.00835565923501477,0.11038063931329134,0.00027690027497307584,72.87345978685171,91.26320651188948,78.69850543734117,116.39260866098607,71821.0,3.1200000000000045,3.0,3.1200000000000045,52.0,0.00787103610080982,3.1200000000000045,52.0,0.00787103610080982,1.0,1.0,0.20404996015655313,0.11038063931329134,0.00835565923501477,72.87345978685171,91.26320651188948,78.69850543734117,116.39260866098607,47.71929824561699,12.631578947369555,40.033137728453816,0.13785843192300265,0.13785843192300265,0.0,0.0,0.5500000000000114,1.0,8894.0,8894.0,2021-12-07,2021-12-07 19:55:00,1.6895697229105655,59.0,1.0,best_within_2.0d,8952.0,392.76,0.5832424107187206,4.3760036431226785,32.22527881040892,0.012230020343504162,2.285057100371749,15.890706319702602,0.006381710269403211,0.4929364202292669,5.6011759621451125,36.843533123028394,0.015614239272951093,2.82998018927445,22.52492113564669,0.007835530045022196,1.8630914826498424,0.00402220134195386,1.9444468750000041,16.553125,0.005470102952261012,0.0,1
8894.0,2021-12-08 04:00:00,399.84,400.0,399.64,399.64,12391.0,1,1,0.0,sell,False,0.7155452672156286,3.6100000000000136,53.0,0.009107192411513948,0.2650350984217655,0.04148504653773546,0.1740025957486182,0.00043642002921209,74.58029453934904,87.95785442761522,81.78495510076584,100.303653081314,12391.0,3.6100000000000136,3.0,3.6100000000000136,53.0,0.009107192411513948,3.6100000000000136,53.0,0.009107192411513948,1.0,1.0,0.2650350984217655,0.1740025957486182,0.04148504653773546,74.58029453934904,87.95785442761522,81.78495510076584,100.303653081314,58.54430379747178,11.392405063292095,41.98940035353836,-0.05002000800319844,0.09008107296567251,0.160000000000025,0.0,0.19999999999998863,0.0,8895.0,8895.0,2021-12-08,2021-12-08 04:00:00,1.7215493944550087,58.0,1.0,best_within_2.0d,8952.0,392.76,0.5832424107187206,4.3760036431226785,32.22527881040892,0.012230020343504162,2.285057100371749,15.890706319702602,0.006381710269403211,0.4929364202292669,5.6011759621451125,36.843533123028394,0.015614239272951093,2.82998018927445,22.52492113564669,0.007835530045022196,1.8630914826498424,0.00402220134195386,1.9444468750000041,16.553125,0.005470102952261012,1.0,1
8926.0,2021-12-08 06:40:00,399.38,399.63,399.31,399.63,16340.0,2,2,0.0,sell,False,0.7448275862068914,4.163492493946733,28.239017640954685,0.011578080659927173,0.1115173282385675,0.04374575747905608,0.09950442159833983,0.0002493231897387413,62.82982667621494,82.46744379069025,72.70288053420498,101.9965703036608,16340.0,1.079999999999984,1.0,1.4499999999999886,26.0,0.0036249999999999716,1.079999999999984,8.0,0.0027098231087692485,2.0,2.0,0.1115173282385675,0.09950442159833983,0.04374575747905608,62.82982667621494,82.46744379069025,72.70288053420498,101.9965703036608,34.92537313432572,25.373134328357853,30.422316600701702,0.0625970253893535,0.08013823846134412,0.0,0.06999999999999318,0.25,1.0,8927.0,8927.0,2021-12-08,2021-12-08 06:40:00,1.719090158396518,26.0,1.0,best_within_2.0d,8952.0,392.76,0.7448275862068914,1.4499999999999886,26.0,0.0036249999999999716,1.079999999999984,8.0,0.0027098231087692485,0.4929364202292669,5.6011759621451125,36.843533123028394,0.015614239272951093,2.82998018927445,22.52492113564669,0.007835530045022196,1.8630914826498424,0.00402220134195386,1.9444468750000041,16.553125,0.005470102952261012,0.0,1
8927.0,2021-12-08 06:45:00,399.58,400.6,399.1,399.28,47593.0,1p,1p,0.0,sell,False,0.24202146208619868,2.0500000000000114,9.0,0.005143645715719511,0.08793206606438095,0.054737265737103705,0.09870329876929418,0.0002473075093090807,53.82947434869129,66.84821455964646,70.75132520935213,59.04199326023513,47593.0,2.0500000000000114,0.0,2.0500000000000114,9.0,0.005143645715719511,2.0500000000000114,0.0,0.0,1.0,1.0,0.08793206606438095,0.09870329876929418,0.054737265737103705,53.82947434869129,66.84821455964646,70.75132520935213,59.04199326023513,47.76785714285543,10.937499999999881,32.73055417104805,-0.07507883277441597,0.37584565271861686,1.0200000000000387,0.17999999999994998,0.30000000000001137,0.0,8928.0,8928.0,2021-12-08,2021-12-08 06:45:00,1.6329392907232974,25.0,1.0,best_within_2.0d,8952.0,392.76,0.5832424107187206,4.3760036431226785,32.22527881040892,0.012230020343504162,2.285057100371749,15.890706319702602,0.006381710269403211,0.4929364202292669,5.6011759621451125,36.843533123028394,0.015614239272951093,2.82998018927445,22.52492113564669,0.007835530045022196,1.8630914826498424,0.00402220134195386,1.9444468750000041,16.553125,0.005470102952261012,1.0,1
8942.0,2021-12-08 08:00:00,399.24,399.9904,398.128,398.77,52878.0,2,2,0.0,sell,False,0.7229090909090965,4.163492493946733,28.239017640954685,0.011578080659927173,-0.0832581468485961,-0.03547295560179548,-0.07710202902609353,-0.0001932345014086648,45.32511605375986,41.15713156667026,38.547910979690336,46.375572740630105,52878.0,1.590400000000045,1.0,2.2000000000000455,7.0,0.005491762356465415,1.590400000000045,10.0,0.003991967871486057,2.0,2.0,-0.0832581468485961,-0.07710202902609353,-0.03547295560179548,45.32511605375986,41.15713156667026,38.547910979690336,46.375572740630105,20.71289843482214,16.42294070604313,32.46019998895488,-0.11772367498247352,0.4677892537073596,0.7504000000000133,0.6419999999999959,0.4700000000000273,0.0,8943.0,8943.0,2021-12-08,2021-12-08 08:00:00,1.5071344383980718,10.0,1.0,best_within_2.0d,8952.0,392.76,0.7229090909090965,2.2000000000000455,7.0,0.005491762356465415,1.590400000000045,10.0,0.003991967871486057,0.4929364202292669,5.6011759621451125,36.843533123028394,0.015614239272951093,2.82998018927445,22.52492113564669,0.007835530045022196,1.8630914826498424,0.00402220134195386,1.9444468750000041,16.553125,0.005470102952261012,1.0,1
8948.0,2021-12-08 08:30:00,398.5,398.5,398.2,398.27,29765.0,1p,1p,1.0,buy,False,1.0493353460203396,1.7904000000000337,7.0,0.004476107426578322,-0.11848020403170426,-0.10011924403863452,-0.15935934605448665,-0.00039955088195617853,39.178253860090535,21.03328085970814,28.4950239262043,6.109794726715812,29765.0,1.7904000000000337,0.0,1.7904000000000337,7.0,0.004476107426578322,1.7904000000000337,0.0,0.0,1.0,1.0,-0.11848020403170426,-0.15935934605448665,-0.10011924403863452,39.178253860090535,21.03328085970814,28.4950239262043,6.109794726715812,25.267032332564426,16.418879907620713,28.66630190440663,-0.05771643663739478,0.07533902561527156,0.0,0.06999999999999318,0.2300000000000182,0.0,8949.0,8949.0,2021-12-08,2021-12-08 08:30:00,0.41178095262009273,202.0,1.0,best_within_2.0d,9150.0,399.91,0.5832424107187206,4.3760036431226785,32.22527881040892,0.012230020343504162,2.285057100371749,15.890706319702602,0.006381710269403211,0.4929364202292669,5.6011759621451125,36.843533123028394,0.015614239272951093,2.82998018927445,22.52492113564669,0.007835530045022196,1.8630914826498424,0.00402220134195386,1.9444468750000041,16.553125,0.005470102952261012,0.0,0
8949.0,2021-12-08 08:35:00,398.28,398.33,398.0,398.09,37771.0,1p,1p,1.0,buy,False,1.3468588341935879,1.9904000000000224,8.0,0.0049761194268663,-0.15207351022946147,-0.11912843281731722,-0.19516518793204796,-0.0004893931715540199,36.7215599163578,15.529421966493093,24.173156606300562,-1.7580473131218426,37771.0,1.9904000000000224,0.0,1.9904000000000224,8.0,0.0049761194268663,1.9904000000000224,0.0,0.0,1.0,1.0,-0.15207351022946147,-0.19516518793204796,-0.11912843281731722,36.7215599163578,15.529421966493093,24.173156606300562,-1.7580473131218426,21.728885943598154,20.432957808702643,26.83825883389348,-0.04770513206789137,0.08291457286431761,0.05000000000001137,0.08999999999997499,0.18999999999999773,0.0,8950.0,8950.0,2021-12-08,2021-12-08 08:35:00,0.45718304905927054,201.0,1.0,best_within_2.0d,9150.0,399.91,0.5832424107187206,4.3760036431226785,32.22527881040892,0.012230020343504162,2.285057100371749,15.890706319702602,0.006381710269403211,0.4929364202292669,5.6011759621451125,36.843533123028394,0.015614239272951093,2.82998018927445,22.52492113564669,0.007835530045022196,1.8630914826498424,0.00402220134195386,1.9444468750000041,16.553125,0.005470102952261012,0.0,0
8950.0,2021-12-08 08:40:00,398.01,398.31,397.94,398.23,32418.0,1p,1p,1.0,buy,False,1.3468588341935879,2.0504000000000246,9.0,0.005126123026952708,-0.14511611081416442,-0.13726794666908776,-0.20982600207616997,-0.0005262111522901713,39.87925745822714,15.067475224378425,21.137929478993183,2.9265667151489083,32418.0,2.0504000000000246,0.0,2.0504000000000246,9.0,0.005126123026952708,2.0504000000000246,0.0,0.0,1.0,1.0,-0.14511611081416442,-0.20982600207616997,-0.13726794666908776,39.87925745822714,15.067475224378425,21.137929478993183,2.9265667151489083,20.957318372275196,20.772672395425875,24.95284590833743,0.055274993090632725,0.09297884103131239,0.07999999999998408,0.06999999999999318,0.22000000000002728,1.0,8951.0,8951.0,2021-12-08,2021-12-08 08:40:00,0.42186676041483734,200.0,1.0,best_within_2.0d,9150.0,399.91,0.5832424107187206,4.3760036431226785,32.22527881040892,0.012230020343504162,2.285057100371749,15.890706319702602,0.006381710269403211,0.4929364202292669,5.6011759621451125,36.843533123028394,0.015614239272951093,2.82998018927445,22.52492113564669,0.007835530045022196,1.8630914826498424,0.00402220134195386,1.9444468750000041,16.553125,0.005470102952261012,0.0,0
8952.0,2021-12-08 08:50:00,392.6,392.81,392.48,392.76,48032.0,3a,3a,1.0,buy,False,0.001839616530638778,4.163492493946733,28.239017640954685,0.011578080659927173,-0.2154989131968429,0.04085763135140935,-0.0668918252470121,-0.0001701633069541806,41.81285302178564,19.150394548886116,29.779262617027097,-2.107341587395844,48032.0,1.3199999999999932,2.0,1.3199999999999932,10.0,0.0033519553072625524,1.3199999999999932,10.0,0.0033519553072625524,3.0,3.0,-0.2154989131968429,-0.0668918252470121,0.04085763135140935,41.81285302178564,19.150394548886116,29.779262617027097,-2.107341587395844,15.247108307045131,34.96319663512127,59.76999987865513,0.04075394803870814,0.08408071748878518,0.05000000000001137,0.12000000000000455,0.15999999999996817,1.0,8953.0,8953.0,2021-12-08,2021-12-08 08:50:00,0.43699927166788277,198.0,1.0,best_within_2.0d,9150.0,399.91,0.5832424107187206,4.3760036431226785,32.22527881040892,0.012230020343504162,2.285057100371749,15.890706319702602,0.006381710269403211,0.4929364202292669,5.6011759621451125,36.843533123028394,0.015614239272951093,2.82998018927445,22.52492113564669,0.007835530045022196,1.8630914826498424,0.001839616530638778,1.3199999999999932,10.0,0.0033519553072625524,0.0,0
8952.0,2021-12-08 08:50:00,398.26,398.26,397.86,398.17,42322.0,1p,1p,1.0,buy,False,1.3468588341935879,2.1304000000000087,11.0,0.005326127827067871,-0.11812363303520651,-0.16804496622826046,-0.2271067827458637,-0.0005696587775622932,39.055536777772964,22.629896588520104,21.37812994657395,25.13342987241242,42322.0,2.1304000000000087,0.0,2.1304000000000087,11.0,0.005326127827067871,2.1304000000000087,0.0,0.0,1.0,1.0,-0.11812363303520651,-0.2271067827458637,-0.16804496622826046,39.055536777772964,22.629896588520104,21.37812994657395,25.13342987241242,19.463087248323188,22.311866342995117,22.23612921552395,-0.02259830261637498,0.10053787764539718,0.0,0.3100000000000023,0.08999999999997499,0.0,8953.0,8953.0,2021-12-08,2021-12-08 08:50:00,0.43699927166788277,198.0,1.0,best_within_2.0d,9150.0,399.91,0.5832424107187206,4.3760036431226785,32.22527881040892,0.012230020343504162,2.285057100371749,15.890706319702602,0.006381710269403211,0.4929364202292669,5.6011759621451125,36.843533123028394,0.015614239272951093,2.82998018927445,22.52492113564669,0.007835530045022196,1.8630914826498424,0.00402220134195386,1.9444468750000041,16.553125,0.005470102952261012,0.0,0
8955.0,2021-12-08 09:05:00,398.0,398.16,397.81,398.01,23309.0,1p,1p,1.0,buy,False,1.3468588341935879,2.18040000000002,14.0,0.005451130827139901,-0.0918622894499655,-0.20363480331321324,-0.24956594803819598,-0.0006261826860959416,36.69311394934923,25.376546386869144,24.43890105938648,27.251837041834477,23309.0,2.18040000000002,0.0,2.18040000000002,14.0,0.005451130827139901,2.18040000000002,0.0,0.0,1.0,1.0,-0.0918622894499655,-0.24956594803819598,-0.20363480331321324,36.69311394934923,25.376546386869144,24.43890105938648,27.251837041834477,19.998609276127983,22.42542243237533,18.587567619736706,0.0025125628140680667,0.08798169980644598,0.1500000000000341,0.18999999999999773,0.009999999999990905,1.0,8956.0,8956.0,2021-12-08,2021-12-08 09:05:00,0.4773749403281411,195.0,1.0,best_within_2.0d,9150.0,399.91,0.5832424107187206,4.3760036431226785,32.22527881040892,0.012230020343504162,2.285057100371749,15.890706319702602,0.006381710269403211,0.4929364202292669,5.6011759621451125,36.843533123028394,0.015614239272951093,2.82998018927445,22.52492113564669,0.007835530045022196,1.8630914826498424,0.00402220134195386,1.9444468750000041,16.553125,0.005470102952261012,1.0,0
8961.0,2021-12-08 09:35:00,397.3,397.82,396.22,396.32,1286008.0,1p,1p,1.0,buy,False,2.3314653061856667,3.770399999999995,20.0,0.009426226229429494,-0.26324519250909073,-0.2745680724489708,-0.40619066870351617,-0.0010201015053977703,20.660902352717287,30.624144053830495,34.359756831454675,23.15291849858214,1286008.0,3.770399999999995,0.0,3.770399999999995,20.0,0.009426226229429494,3.770399999999995,0.0,0.0,1.0,1.0,-0.26324519250909073,-0.40619066870351617,-0.2745680724489708,20.660902352717287,30.624144053830495,34.359756831454675,23.15291849858214,3.725782414307016,42.026825633382195,40.64961426541431,-0.24666498867355102,0.4038160617838489,0.5199999999999818,0.0999999999999659,0.9800000000000182,0.0,8962.0,8962.0,2021-12-08,2021-12-08 09:35:00,0.9058336697618167,189.0,1.0,best_within_2.0d,9150.0,399.91,0.5832424107187206,4.3760036431226785,32.22527881040892,0.012230020343504162,2.285057100371749,15.890706319702602,0.006381710269403211,0.4929364202292669,5.6011759621451125,36.843533123028394,0.015614239272951093,2.82998018927445,22.52492113564669,0.007835530045022196,1.8630914826498424,0.00402220134195386,1.9444468750000041,16.553125,0.005470102952261012,1.0,0
9010.0,2021-12-08 13:40:00,398.68,399.12,398.6,399.11,290061.0,2s,2s,0.0,sell,False,0.32727272727273293,4.163492493946733,28.239017640954685,0.011578080659927173,0.1712496208887826,0.19744056411982536,0.28306537456421665,0.0007109899600124731,68.36467095398476,91.71956430451675,85.38239878013204,104.39389535328615,290061.0,2.8999999999999773,1.0,2.2000000000000455,7.0,0.005491762356465415,2.8999999999999773,50.0,0.007319166119832359,1.0,2.5,0.1712496208887826,0.28306537456421665,0.19744056411982536,68.36467095398476,91.71956430451675,85.38239878013204,104.39389535328615,39.09948578470947,7.747227062171967,31.417255825614067,0.10785592455102007,0.13045659809332205,0.009999999999990905,0.07999999999998408,0.4300000000000068,1.0,9011.0,9011.0,2021-12-08,2021-12-08 13:40:00,1.4807947683596063,218.0,1.0,best_within_2.0d,9228.0,393.2,0.5832424107187206,4.3760036431226785,32.22527881040892,0.012230020343504162,2.285057100371749,15.890706319702602,0.006381710269403211,0.32727272727273293,2.2000000000000455,7.0,0.005491762356465415,2.8999999999999773,50.0,0.007319166119832359,1.0,0.00402220134195386,1.9444468750000041,16.553125,0.005470102952261012,0.0,1
9011.0,2021-12-08 13:45:00,399.1,399.35,399.05,399.22,312559.0,2s,2s,0.0,sell,False,0.43181818181819354,4.163492493946733,28.239017640954685,0.011578080659927173,0.20663454166056783,0.22326988182739632,0.32658715265768024,0.0008201393119136994,69.60080038864136,91.73709350258939,87.50063035428448,100.21001979919919,312559.0,3.1299999999999955,1.0,2.2000000000000455,7.0,0.005491762356465415,3.1299999999999955,51.0,0.0078996517086467,1.0,2.5,0.20663454166056783,0.32658715265768024,0.22326988182739632,69.60080038864136,91.73709350258939,87.50063035428448,100.21001979919919,40.214914436351904,8.145301818505397,33.90988318784515,0.030067652217490488,0.0751785490540061,0.12999999999999545,0.05000000000001137,0.12000000000000455,1.0,9012.0,9012.0,2021-12-08,2021-12-08 13:45:00,1.5079404839436998,217.0,1.0,best_within_2.0d,9228.0,393.2,0.5832424107187206,4.3760036431226785,32.22527881040892,0.012230020343504162,2.285057100371749,15.890706319702602,0.006381710269403211,0.43181818181819354,2.2000000000000455,7.0,0.005491762356465415,3.1299999999999955,51.0,0.0078996517086467,1.0,0.00402220134195386,1.9444468750000041,16.553125,0.005470102952261012,1.0,1
9015.0,2021-12-08 14:05:00,398.85,398.8799,398.4216,398.63,375275.0,2,2,1.0,buy,False,0.2966134185303552,4.163492493946733,28.239017640954685,0.011578080659927173,0.03292971173671455,0.2836095452256793,0.3000744010940366,0.000753241912051159,55.3583628492433,56.354925168008606,71.71103123537165,25.64271303328252,375275.0,0.9284000000000106,1.0,3.1299999999999955,51.0,0.0078996517086467,0.9284000000000106,5.0,0.002324777763866309,2.0,2.0,0.03292971173671455,0.3000744010940366,0.2836095452256793,55.3583628492433,56.354925168008606,71.71103123537165,25.64271303328252,28.125859042947095,16.88270495443013,33.579988202384655,-0.05515858092015226,0.11502890405540472,0.029899999999997817,0.20839999999998327,0.22000000000002728,0.0,9016.0,9016.0,2021-12-08,2021-12-08 14:05:00,0.3210997667009582,135.0,1.0,best_within_2.0d,9150.0,399.91,0.2966134185303552,3.1299999999999955,51.0,0.0078996517086467,0.9284000000000106,5.0,0.002324777763866309,0.4929364202292669,5.6011759621451125,36.843533123028394,0.015614239272951093,2.82998018927445,22.52492113564669,0.007835530045022196,1.8630914826498424,0.00402220134195386,1.9444468750000041,16.553125,0.005470102952261012,0.0,0
9016.0,2021-12-08 14:10:00,398.62,398.68,398.22,398.2464,372483.0,2,2,1.0,buy,False,0.3610223642172515,4.163492493946733,28.239017640954685,0.011578080659927173,-0.06421493318233518,0.27558267857788743,0.24347521198671984,0.0006111824063535311,48.00808627745193,38.34871117395166,60.59025788156498,-6.134382241274977,372483.0,1.1299999999999955,1.0,3.1299999999999955,51.0,0.0078996517086467,1.1299999999999955,6.0,0.002829598096907463,2.0,2.0,-0.06421493318233518,0.24347521198671984,0.27558267857788743,48.00808627745193,38.34871117395166,60.59025788156498,-6.134382241274977,27.37281857095858,17.904181758313097,32.67518088700097,-0.09372334554212292,0.11551403746672179,0.060000000000002274,0.026399999999966894,0.37360000000001037,0.0,9017.0,9017.0,2021-12-08,2021-12-08 14:10:00,0.41773133416900465,134.0,1.0,best_within_2.0d,9150.0,399.91,0.3610223642172515,3.1299999999999955,51.0,0.0078996517086467,1.1299999999999955,6.0,0.002829598096907463,0.4929364202292669,5.6011759621451125,36.843533123028394,0.015614239272951093,2.82998018927445,22.52492113564669,0.007835530045022196,1.8630914826498424,0.00402220134195386,1.9444468750000041,16.553125,0.005470102952261012,0.0,0
9017.0,2021-12-08 14:15:00,398.25,398.41,397.88,398.1671,341068.0,2,2,1.0,buy,False,0.46964856230032886,4.163492493946733,28.239017640954685,0.011578080659927173,-0.1368834125398909,0.2584722520104011,0.19003054574045564,0.00047704098284874193,46.62972652498731,32.076011530933854,51.08550909802126,-5.942983603240961,341068.0,1.4700000000000273,1.0,3.1299999999999955,51.0,0.0078996517086467,1.4700000000000273,7.0,0.0036809815950920926,2.0,2.0,-0.1368834125398909,0.19003054574045564,0.2584722520104011,46.62972652498731,32.076011530933854,51.08550909802126,-5.942983603240961,25.377174475539032,24.083436168941876,30.528074692571767,-0.020816070307594498,0.13320599175631587,0.160000000000025,0.28710000000000946,0.08289999999999509,0.0,9018.0,9018.0,2021-12-08,2021-12-08 14:15:00,0.43773079192128633,133.0,1.0,best_within_2.0d,9150.0,399.91,0.46964856230032886,3.1299999999999955,51.0,0.0078996517086467,1.4700000000000273,7.0,0.0036809815950920926,0.4929364202292669,5.6011759621451125,36.843533123028394,0.015614239272951093,2.82998018927445,22.52492113564669,0.007835530045022196,1.8630914826498424,0.00402220134195386,1.9444468750000041,16.553125,0.005470102952261012,1.0,0
9023.0,2021-12-08 14:45:00,398.57,398.81,398.5,398.5865,602983.0,2s,2s,0.0,sell,False,0.1863636363636439,4.163492493946733,28.239017640954685,0.011578080659927173,-0.10095159637668721,0.1756304029956787,0.1251546048073351,0.00031411652443044197,53.39565147512762,57.21347735915319,50.558681948638586,70.52306818018239,602983.0,0.9300000000000068,1.0,2.2000000000000455,7.0,0.005491762356465415,0.9300000000000068,7.0,0.0023373881572333536,2.0,2.5,-0.10095159637668721,0.1251546048073351,0.1756304029956787,53.39565147512762,57.21347735915319,50.558681948638586,70.52306818018239,21.732830557592163,24.615062323243762,21.322896482571537,0.004139799784230558,0.07779171894604825,0.22350000000000136,0.06999999999999318,0.01650000000000773,1.0,9024.0,9024.0,2021-12-08,2021-12-08 14:45:00,1.3514005115577201,205.0,1.0,best_within_2.0d,9228.0,393.2,0.5832424107187206,4.3760036431226785,32.22527881040892,0.012230020343504162,2.285057100371749,15.890706319702602,0.006381710269403211,0.1863636363636439,2.2000000000000455,7.0,0.005491762356465415,0.9300000000000068,7.0,0.0023373881572333536,2.0,0.00402220134195386,1.9444468750000041,16.553125,0.005470102952261012,0.0,1
9024.0,2021-12-08 14:50:00,398.59,398.82,398.45,398.705,219832.0,2s,2s,0.0,sell,False,0.1909090909090942,4.163492493946733,28.239017640954685,0.011578080659927173,-0.07693937207657081,0.16601298148610735,0.12754329544782195,0.0003200955810835,55.584702179258734,67.3976373883713,56.17166709521615,89.84957797468158,219832.0,0.9399999999999977,1.0,2.2000000000000455,7.0,0.005491762356465415,0.9399999999999977,8.0,0.0023625213632250874,2.0,2.5,-0.07693937207657081,0.12754329544782195,0.16601298148610735,55.584702179258734,67.3976373883713,56.17166709521615,89.84957797468158,14.787924420063248,26.17331755763609,21.78522724499879,0.02885170225043506,0.09285983184841373,0.1150000000000091,0.13999999999998636,0.1150000000000091,1.0,9025.0,9025.0,2021-12-08,2021-12-08 14:50:00,1.3807200812630882,204.0,1.0,best_within_2.0d,9228.0,393.2,0.5832424107187206,4.3760036431226785,32.22527881040892,0.012230020343504162,2.285057100371749,15.890706319702602,0.006381710269403211,0.1909090909090942,2.2000000000000455,7.0,0.005491762356465415,0.9399999999999977,8.0,0.0023625213632250874,2.0,0.00402220134195386,1.9444468750000041,16.553125,0.005470102952261012,0.0,1
9025.0,2021-12-08 14:55:00,398.73,399.14,398.72,399.085,292830.0,2s,2s,0.0,sell,False,0.33636363636363353,4.163492493946733,28.239017640954685,0.011578080659927173,-0.012381278883530245,0.16446532162566607,0.15827468218390095,0.00039717557717155425,61.78377937797103,76.81006513722087,63.051133109217716,104.32792919322719,292830.0,1.259999999999991,1.0,2.2000000000000455,7.0,0.005491762356465415,1.259999999999991,9.0,0.0031667839549612722,2.0,2.5,-0.012381278883530245,0.15827468218390095,0.16446532162566607,61.78377937797103,76.81006513722087,63.051133109217716,104.32792919322719,16.01379262059696,25.554855422531297,21.868607111094313,0.08903267875503758,0.10533707865167512,0.05500000000000682,0.009999999999990905,0.35499999999996135,1.0,9026.0,9026.0,2021-12-08,2021-12-08 14:55:00,1.4746232005713047,203.0,1.0,best_within_2.0d,9228.0,393.2,0.5832424107187206,4.3760036431226785,32.22527881040892,0.012230020343504162,2.285057100371749,15.890706319702602,0.006381710269403211,0.33636363636363353,2.2000000000000455,7.0,0.005491762356465415,1.259999999999991,9.0,0.0031667839549612722,2.0,0.00402220134195386,1.9444468750000041,16.553125,0.005470102952261012,0.0,1
9026.0,2021-12-08 15:00:00,399.085,399.19,398.69,398.81,277481.0,2s,2s,0.0,sell,False,0.35909090909091096,4.163492493946733,28.239017640954685,0.011578080659927173,-0.009366982657177836,0.16329444879351884,0.15861095746492992,0.0003979965347443717,55.72256875701992,74.15752976361159,66.753265327349,88.96605863613678,277481.0,1.3100000000000023,1.0,2.2000000000000455,7.0,0.005491762356465415,1.3100000000000023,10.0,0.0032924499849200824,2.0,2.5,-0.009366982657177836,0.15861095746492992,0.16329444879351884,55.72256875701992,74.15752976361159,66.753265327349,88.96605863613678,16.127091307181157,23.89898213300882,21.693497340232465,-0.0689076261949152,0.12541072010835486,0.10500000000001819,0.12000000000000455,0.27499999999997726,0.0,9027.0,9027.0,2021-12-08,2021-12-08 15:00:00,1.406684887540436,202.0,1.0,best_within_2.0d,9228.0,393.2,0.5832424107187206,4.3760036431226785,32.22527881040892,0.012230020343504162,2.285057100371749,15.890706319702602,0.006381710269403211,0.35909090909091096,2.2000000000000455,7.0,0.005491762356465415,1.3100000000000023,10.0,0.0032924499849200824,2.0,0.00402220134195386,1.9444468750000041,16.553125,0.005470102952261012,1.0,1
9032.0,2021-12-08 15:30:00,399.08,399.23,399.0,399.1116,271381.0,2s,2s,0.0,sell,False,0.3772727272727381,4.163492493946733,28.239017640954685,0.011578080659927173,0.04276601434484484,0.1628078879865406,0.18419089515896303,0.0004620044995508259,60.24937921652274,78.65439300423189,71.93671932598342,92.08974036072883,271381.0,1.3500000000000227,1.0,2.2000000000000455,7.0,0.005491762356465415,1.3500000000000227,16.0,0.0033929828088871588,2.0,2.5,0.04276601434484484,0.18419089515896303,0.1628078879865406,60.24937921652274,78.65439300423189,71.93671932598342,92.08974036072883,25.429315195028696,8.187429147248688,23.90174918017703,0.007918211887347357,0.057644110275693786,0.11840000000000828,0.07999999999998408,0.03160000000002583,1.0,9033.0,9033.0,2021-12-08,2021-12-08 15:30:00,1.4811897223733967,196.0,1.0,best_within_2.0d,9228.0,393.2,0.5832424107187206,4.3760036431226785,32.22527881040892,0.012230020343504162,2.285057100371749,15.890706319702602,0.006381710269403211,0.3772727272727381,2.2000000000000455,7.0,0.005491762356465415,1.3500000000000227,16.0,0.0033929828088871588,2.0,0.00402220134195386,1.9444468750000041,16.553125,0.005470102952261012,0.0,1
9033.0,2021-12-08 15:35:00,399.11,399.24,398.96,399.1,263052.0,2s,2s,0.0,sell,False,0.3818181818181884,4.163492493946733,28.239017640954685,0.011578080659927173,0.04277283884360594,0.16815449284199135,0.18954091226379433,0.00047538660366985564,59.92987673343191,78.59010815666849,74.15451560287843,87.46129326424861,263052.0,1.3600000000000136,1.0,2.2000000000000455,7.0,0.005491762356465415,1.3600000000000136,17.0,0.003418116014878892,2.0,2.5,0.04277283884360594,0.18954091226379433,0.16815449284199135,59.92987673343191,78.59010815666849,74.15451560287843,87.46129326424861,21.214740481511075,9.065227473965042,25.060476348819844,-0.002505574904159481,0.07018247443353458,0.12999999999999545,0.1400000000000432,0.009999999999990905,0.0,9034.0,9034.0,2021-12-08,2021-12-08 15:35:00,1.4783262340265682,195.0,1.0,best_within_2.0d,9228.0,393.2,0.5832424107187206,4.3760036431226785,32.22527881040892,0.012230020343504162,2.285057100371749,15.890706319702602,0.006381710269403211,0.3818181818181884,2.2000000000000455,7.0,0.005491762356465415,1.3600000000000136,17.0,0.003418116014878892,2.0,0.00402220134195386,1.9444468750000041,16.553125,0.005470102952261012,0.0,1
9036.0,2021-12-08 15:50:00,399.0,399.725,398.99,399.7,751962.0,1p,"1p,2s",0.0,sell,False,0.25866333723879725,1.8450000000000273,20.0,0.004637076505479108,0.06998590108240865,0.1702051324220455,0.20519808296324982,0.0005145474541597379,64.91657171283555,70.45409265588027,65.85365309632337,79.65497177499407,751962.0,1.8450000000000273,0.0,1.8450000000000273,20.0,0.004637076505479108,1.8450000000000273,0.0,0.0,1.0,1.0,0.06998590108240865,0.20519808296324982,0.1702051324220455,64.91657171283555,70.45409265588027,65.85365309632337,79.65497177499407,31.48699916720638,10.91884889423556,25.727475250549872,0.1754385964912252,0.184215143236676,0.025000000000034106,0.009999999999990905,0.6999999999999886,1.0,9037.0,9037.0,2021-12-08,2021-12-08 15:50:00,1.6262196647485614,192.0,1.0,best_within_2.0d,9228.0,393.2,0.5832424107187206,4.3760036431226785,32.22527881040892,0.012230020343504162,2.285057100371749,15.890706319702602,0.006381710269403211,0.6022727272727355,2.2000000000000455,7.0,0.005491762356465415,1.8450000000000273,20.0,0.004637076505479108,2.0,0.00402220134195386,1.9444468750000041,16.553125,0.005470102952261012,0.0,1
9036.0,2021-12-08 15:50:00,399.0,399.725,398.99,399.7,751962.0,2s,"1p,2s",0.0,sell,False,0.25866333723879725,1.8450000000000273,20.0,0.004637076505479108,0.06998590108240865,0.1702051324220455,0.20519808296324982,0.0005145474541597379,64.91657171283555,70.45409265588027,65.85365309632337,79.65497177499407,751962.0,1.8450000000000273,0.0,1.8450000000000273,20.0,0.004637076505479108,1.8450000000000273,0.0,0.0,1.0,1.0,0.06998590108240865,0.20519808296324982,0.1702051324220455,64.91657171283555,70.45409265588027,65.85365309632337,79.65497177499407,31.48699916720638,10.91884889423556,25.727475250549872,0.1754385964912252,0.184215143236676,0.025000000000034106,0.009999999999990905,0.6999999999999886,1.0,9037.0,9037.0,2021-12-08,2021-12-08 15:50:00,1.6262196647485614,192.0,1.0,best_within_2.0d,9228.0,393.2,0.5832424107187206,4.3760036431226785,32.22527881040892,0.012230020343504162,2.285057100371749,15.890706319702602,0.006381710269403211,0.6022727272727355,2.2000000000000455,7.0,0.005491762356465415,1.8450000000000273,20.0,0.004637076505479108,2.0,0.00402220134195386,1.9444468750000041,16.553125,0.005470102952261012,0.0,1
9037.0,2021-12-08 15:55:00,399.7,399.82,399.46,399.62,1124752.0,1p,"1p,2s",0.0,sell,False,0.4102233945679878,1.9399999999999977,21.0,0.004875841962400718,0.11099313192352511,0.18407927391248613,0.23957583987424869,0.0006006596677567121,63.27441524668229,75.01172314624847,68.90634311296506,87.22248321281529,1124752.0,1.9399999999999977,0.0,1.9399999999999977,21.0,0.004875841962400718,1.9399999999999977,0.0,0.0,1.0,1.0,0.11099313192352511,0.23957583987424869,0.18407927391248613,63.27441524668229,75.01172314624847,68.90634311296506,87.22248321281529,29.181259741450127,10.818740258549875,27.168819783171358,-0.020015011258439852,0.09012166424673651,0.12000000000000455,0.160000000000025,0.07999999999998408,0.0,9038.0,9038.0,2021-12-08,2021-12-08 15:55:00,1.6065261998898992,191.0,1.0,best_within_2.0d,9228.0,393.2,0.5832424107187206,4.3760036431226785,32.22527881040892,0.012230020343504162,2.285057100371749,15.890706319702602,0.006381710269403211,0.6454545454545394,2.2000000000000455,7.0,0.005491762356465415,1.9399999999999977,21.0,0.004875841962400718,2.0,0.00402220134195386,1.9444468750000041,16.553125,0.005470102952261012,1.0,1
9037.0,2021-12-08 15:55:00,399.7,399.82,399.46,399.62,1124752.0,2s,"1p,2s",0.0,sell,False,0.4102233945679878,1.9399999999999977,21.0,0.004875841962400718,0.11099313192352511,0.18407927391248613,0.23957583987424869,0.0006006596677567121,63.27441524668229,75.01172314624847,68.90634311296506,87.22248321281529,1124752.0,1.9399999999999977,0.0,1.9399999999999977,21.0,0.004875841962400718,1.9399999999999977,0.0,0.0,1.0,1.0,0.11099313192352511,0.23957583987424869,0.18407927391248613,63.27441524668229,75.01172314624847,68.90634311296506,87.22248321281529,29.181259741450127,10.818740258549875,27.168819783171358,-0.020015011258439852,0.09012166424673651,0.12000000000000455,0.160000000000025,0.07999999999998408,0.0,9038.0,9038.0,2021-12-08,2021-12-08 15:55:00,1.6065261998898992,191.0,1.0,best_within_2.0d,9228.0,393.2,0.5832424107187206,4.3760036431226785,32.22527881040892,0.012230020343504162,2.285057100371749,15.890706319702602,0.006381710269403211,0.6454545454545394,2.2000000000000455,7.0,0.005491762356465415,1.9399999999999977,21.0,0.004875841962400718,2.0,0.00402220134195386,1.9444468750000041,16.553125,0.005470102952261012,0.0,1
9085.0,2021-12-09 04:10:00,398.91,398.91,398.69,398.69,762.0,2s,2s,1.0,buy,False,0.210862619808315,4.163492493946733,28.239017640954685,0.011578080659927173,-0.11824343337879194,-0.0306821652559331,-0.08980388194532907,-0.00022490614592570108,28.12994536416022,21.339118514598987,37.010199644288846,-10.00304374478074,762.0,1.1299999999999955,1.0,3.1299999999999955,51.0,0.0078996517086467,1.1299999999999955,49.0,0.002826271822320033,1.0,2.5,-0.11824343337879194,-0.08980388194532907,-0.0306821652559331,28.12994536416022,21.339118514598987,37.010199644288846,-10.00304374478074,24.07228915662727,55.42168674699567,23.195532421367968,-0.055150284525338364,0.05518071684768298,0.0,0.0,0.22000000000002728,0.0,9086.0,9086.0,2021-12-09,2021-12-09 04:10:00,0.3060021570643927,65.0,1.0,best_within_2.0d,9150.0,399.91,0.5832424107187206,4.3760036431226785,32.22527881040892,0.012230020343504162,2.285057100371749,15.890706319702602,0.006381710269403211,0.210862619808315,3.1299999999999955,51.0,0.0078996517086467,1.1299999999999955,49.0,0.002826271822320033,1.0,0.00402220134195386,1.9444468750000041,16.553125,0.005470102952261012,0.0,0
9086.0,2021-12-09 04:15:00,398.79,398.83,398.61,398.65,6000.0,2s,2s,1.0,buy,False,0.23642172523961985,4.163492493946733,28.239017640954685,0.011578080659927173,-0.15480397850025004,-0.05003266256846435,-0.12743465181858937,-0.00031918738025680924,27.34138120404633,15.813380597032848,29.94459329520351,-12.449044799308474,6000.0,1.2099999999999795,1.0,3.1299999999999955,51.0,0.0078996517086467,1.2099999999999795,50.0,0.003026361862838226,1.0,2.5,-0.15480397850025004,-0.12743465181858937,-0.05003266256846435,27.34138120404633,15.813380597032848,29.94459329520351,-12.449044799308474,19.53072625698285,55.865921787715955,24.980998455967047,-0.03510619624364783,0.05519179147536952,0.03999999999996362,0.03999999999996362,0.1400000000000432,0.0,9087.0,9087.0,2021-12-09,2021-12-09 04:15:00,0.3160667251975537,64.0,1.0,best_within_2.0d,9150.0,399.91,0.5832424107187206,4.3760036431226785,32.22527881040892,0.012230020343504162,2.285057100371749,15.890706319702602,0.006381710269403211,0.23642172523961985,3.1299999999999955,51.0,0.0078996517086467,1.2099999999999795,50.0,0.003026361862838226,1.0,0.00402220134195386,1.9444468750000041,16.553125,0.005470102952261012,1.0,0
9095.0,2021-12-09 05:00:00,398.7,398.7,398.52,398.52,900.0,2s,2s,1.0,buy,False,0.2651757188498537,4.163492493946733,28.239017640954685,0.011578080659927173,-0.0609849210754988,-0.1289672020118871,-0.1594596625496365,-0.0003996073556247211,30.89526911139974,31.56330842450805,39.202289329485176,16.285346614553802,900.0,1.3000000000000114,1.0,3.1299999999999955,51.0,0.0078996517086467,1.3000000000000114,59.0,0.003251463158421318,1.0,2.5,-0.0609849210754988,-0.1594596625496365,-0.1289672020118871,30.89526911139974,31.56330842450805,39.202289329485176,16.285346614553802,19.905213270143342,60.663507109007384,27.73782180884885,-0.04514672686230419,0.04516711833785176,0.0,0.0,0.18000000000000682,0.0,9096.0,9096.0,2021-12-09,2021-12-09 05:00:00,0.3487905249422973,55.0,1.0,best_within_2.0d,9150.0,399.91,0.5832424107187206,4.3760036431226785,32.22527881040892,0.012230020343504162,2.285057100371749,15.890706319702602,0.006381710269403211,0.2651757188498537,3.1299999999999955,51.0,0.0078996517086467,1.3000000000000114,59.0,0.003251463158421318,1.0,0.00402220134195386,1.9444468750000041,16.553125,0.005470102952261012,0.0,0
9096.0,2021-12-09 05:05:00,398.48,398.48,398.37,398.37,1386.0,2s,2s,1.0,buy,False,0.3130990415335526,4.163492493946733,28.239017640954685,0.011578080659927173,-0.09516166731801612,-0.1408624104266391,-0.18844324408564717,-0.0004722992892037566,27.871095119760085,21.0422056163387,33.14892809176968,-3.1712393345232712,1386.0,1.4499999999999886,1.0,3.1299999999999955,51.0,0.0078996517086467,1.4499999999999886,60.0,0.0036266319843929486,1.0,2.5,-0.09516166731801612,-0.18844324408564717,-0.1408624104266391,27.871095119760085,21.0422056163387,33.14892809176968,-3.1712393345232712,17.12962962963009,66.203703703705,29.962898028851694,-0.02760489861473942,0.02761252102317284,0.0,0.0,0.11000000000001364,0.0,9097.0,9097.0,2021-12-09,2021-12-09 05:05:00,0.386575294324377,54.0,1.0,best_within_2.0d,9150.0,399.91,0.5832424107187206,4.3760036431226785,32.22527881040892,0.012230020343504162,2.285057100371749,15.890706319702602,0.006381710269403211,0.3130990415335526,3.1299999999999955,51.0,0.0078996517086467,1.4499999999999886,60.0,0.0036266319843929486,1.0,0.00402220134195386,1.9444468750000041,16.553125,0.005470102952261012,0.0,0
9097.0,2021-12-09 05:10:00,398.44,398.47,398.37,398.37,2657.0,2s,2s,1.0,buy,False,0.3130990415335526,4.163492493946733,28.239017640954685,0.011578080659927173,-0.10902602648599719,-0.15449066373738876,-0.20900367698038735,-0.000523890753040063,27.871095119760085,14.028137077559132,26.775331087032832,-11.466250941388267,2657.0,1.4499999999999886,1.0,3.1299999999999955,51.0,0.0078996517086467,1.4499999999999886,61.0,0.0036266319843929486,1.0,2.5,-0.10902602648599719,-0.20900367698038735,-0.15449066373738876,27.871095119760085,14.028137077559132,26.775331087032832,-11.466250941388267,17.535545023696784,63.033175355449075,31.85630447216895,-0.01756851721714516,0.02510229183925063,0.03000000000002956,0.0,0.06999999999999318,0.0,9098.0,9098.0,2021-12-09,2021-12-09 05:10:00,0.386575294324377,53.0,1.0,best_within_2.0d,9150.0,399.91,0.5832424107187206,4.3760036431226785,32.22527881040892,0.012230020343504162,2.285057100371749,15.890706319702602,0.006381710269403211,0.3130990415335526,3.1299999999999955,51.0,0.0078996517086467,1.4499999999999886,61.0,0.0036266319843929486,1.0,0.00402220134195386,1.9444468750000041,16.553125,0.005470102952261012,0.0,0
9098.0,2021-12-09 05:15:00,398.38,398.43,398.02,398.02,3600.0,2s,2s,1.0,buy,False,0.42492012779554084,4.163492493946733,28.239017640954685,0.011578080659927173,-0.15385605463903124,-0.17372267056726767,-0.2506506978867833,-0.0006283915450243014,22.034451379699803,9.35209138503942,20.967584519701695,-13.878894884285131,3600.0,1.8000000000000114,1.0,3.1299999999999955,51.0,0.0078996517086467,1.8000000000000114,62.0,0.004502025911660276,1.0,2.5,-0.15385605463903124,-0.2506506978867833,-0.17372267056726767,22.034451379699803,9.35209138503942,20.967584519701695,-13.878894884285131,16.37168141592906,63.27433628318481,33.787203359077495,-0.09036598222802691,0.10300989900005654,0.05000000000001137,0.0,0.36000000000001364,0.0,9099.0,9099.0,2021-12-09,2021-12-09 05:15:00,0.4748505100246328,52.0,1.0,best_within_2.0d,9150.0,399.91,0.5832424107187206,4.3760036431226785,32.22527881040892,0.012230020343504162,2.285057100371749,15.890706319702602,0.006381710269403211,0.42492012779554084,3.1299999999999955,51.0,0.0078996517086467,1.8000000000000114,62.0,0.004502025911660276,1.0,0.00402220134195386,1.9444468750000041,16.553125,0.005470102952261012,0.0,0
9099.0,2021-12-09 05:20:00,398.14,398.18,397.9,397.9,3856.0,2s,2s,1.0,buy,False,0.4632587859425072,4.163492493946733,28.239017640954685,0.011578080659927173,-0.18603790562663886,-0.19697740877059752,-0.28999636158391695,-0.0007271646148318294,20.452972246274825,6.23472759002628,16.05663220980989,-13.409081649540944,3856.0,1.920000000000016,1.0,3.1299999999999955,51.0,0.0078996517086467,1.920000000000016,63.0,0.004802160972437637,1.0,2.5,-0.18603790562663886,-0.28999636158391695,-0.19697740877059752,20.452972246274825,6.23472759002628,16.05663220980989,-13.409081649540944,16.66666666666624,55.85585585585415,35.233636482053754,-0.06028030341086279,0.07036943955768525,0.040000000000020464,0.0,0.2400000000000091,0.0,9100.0,9100.0,2021-12-09,2021-12-09 05:20:00,0.505152048253342,51.0,1.0,best_within_2.0d,9150.0,399.91,0.5832424107187206,4.3760036431226785,32.22527881040892,0.012230020343504162,2.285057100371749,15.890706319702602,0.006381710269403211,0.4632587859425072,3.1299999999999955,51.0,0.0078996517086467,1.920000000000016,63.0,0.004802160972437637,1.0,0.00402220134195386,1.9444468750000041,16.553125,0.005470102952261012,1.0,0
9109.0,2021-12-09 06:10:00,397.9,397.9,397.61,397.61,1700.0,2s,2s,1.0,buy,False,0.5559105431309941,4.163492493946733,28.239017640954685,0.011578080659927173,-0.023389909045050894,-0.26174370765907884,-0.2734386621816043,-0.0006863072884069642,29.11920339420992,36.11705529233008,39.843946885166034,28.66327210665817,1700.0,2.2099999999999795,1.0,3.1299999999999955,51.0,0.0078996517086467,2.2099999999999795,73.0,0.005527487369316141,1.0,2.5,-0.023389909045050894,-0.2734386621816043,-0.26174370765907884,29.11920339420992,36.11705529233008,39.843946885166034,28.66327210665817,15.517241379310379,53.10344827586228,48.84243439531715,-0.07288263382758574,0.07293579135332703,0.0,0.0,0.2899999999999636,0.0,9110.0,9110.0,2021-12-09,2021-12-09 06:10:00,0.5784562762506001,41.0,1.0,best_within_2.0d,9150.0,399.91,0.5832424107187206,4.3760036431226785,32.22527881040892,0.012230020343504162,2.285057100371749,15.890706319702602,0.006381710269403211,0.5559105431309941,3.1299999999999955,51.0,0.0078996517086467,2.2099999999999795,73.0,0.005527487369316141,1.0,0.00402220134195386,1.9444468750000041,16.553125,0.005470102952261012,1.0,0
9116.0,2021-12-09 06:45:00,397.92,397.92,397.61,397.71,4978.0,2s,2s,1.0,buy,False,0.5559105431309941,4.163492493946733,28.239017640954685,0.011578080659927173,0.024674945291138006,-0.24097736685517607,-0.22863989420960706,-0.0005741679012126947,37.02737160903933,36.29054756372078,43.9562670716253,20.95910854791174,4978.0,2.2099999999999795,1.0,3.1299999999999955,51.0,0.0078996517086467,2.2099999999999795,80.0,0.005527487369316141,1.0,2.5,0.024674945291138006,-0.22863989420960706,-0.24097736685517607,37.02737160903933,36.29054756372078,43.9562670716253,20.95910854791174,23.076923076924686,45.150501672241056,41.066327409875825,-0.052774427020515775,0.0779658459294289,0.0,0.0999999999999659,0.21000000000003638,0.0,9117.0,9117.0,2021-12-09,2021-12-09 06:45:00,0.5531668803902456,34.0,1.0,best_within_2.0d,9150.0,399.91,0.5832424107187206,4.3760036431226785,32.22527881040892,0.012230020343504162,2.285057100371749,15.890706319702602,0.006381710269403211,0.5559105431309941,3.1299999999999955,51.0,0.0078996517086467,2.2099999999999795,80.0,0.005527487369316141,1.0,0.00402220134195386,1.9444468750000041,16.553125,0.005470102952261012,0.0,0
9117.0,2021-12-09 06:50:00,397.76,397.76,397.59,397.74,5696.0,2s,2s,1.0,buy,False,0.562300319488834,4.163492493946733,28.239017640954685,0.011578080659927173,0.015922067769656045,-0.23898710838396905,-0.23102607449914103,-0.000580210974020469,37.962145997675485,32.390419687290944,40.10098461018051,16.96928984151181,5696.0,2.230000000000018,1.0,3.1299999999999955,51.0,0.0078996517086467,2.230000000000018,81.0,0.005577509879445796,1.0,2.5,0.015922067769656045,-0.23102607449914103,-0.23898710838396905,37.962145997675485,32.390419687290944,40.10098461018051,16.96928984151181,22.84768211920665,45.36423841059713,40.49085464758916,-0.005028157683020367,0.04275761462813851,0.0,0.1500000000000341,0.01999999999998181,0.0,9118.0,9118.0,2021-12-09,2021-12-09 06:50:00,0.5455825413586806,33.0,1.0,best_within_2.0d,9150.0,399.91,0.5832424107187206,4.3760036431226785,32.22527881040892,0.012230020343504162,2.285057100371749,15.890706319702602,0.006381710269403211,0.562300319488834,3.1299999999999955,51.0,0.0078996517086467,2.230000000000018,81.0,0.005577509879445796,1.0,0.00402220134195386,1.9444468750000041,16.553125,0.005470102952261012,1.0,0
9122.0,2021-12-09 07:15:00,398.19,398.49,398.19,398.44,32430.0,2,2,0.0,sell,False,0.40358744394620033,4.163492493946733,28.239017640954685,0.011578080659927173,0.1641555866604823,-0.1783141004562895,-0.09623630712604836,-0.00024169858263814058,57.01554680450167,77.76161871615767,63.76533342385124,105.75418930077053,32430.0,0.9000000000000341,1.0,2.230000000000018,81.0,0.005577509879445796,0.9000000000000341,6.0,0.00226363842148956,2.0,2.0,0.1641555866604823,-0.09623630712604836,-0.1783141004562895,57.01554680450167,77.76161871615767,63.76533342385124,105.75418930077053,28.6111111111122,35.27777777777761,32.52111067231808,0.0627840980436475,0.07534091765237987,0.05000000000001137,0.0,0.25,1.0,9123.0,9123.0,2021-12-09,2021-12-09 07:15:00,1.3151290031121396,106.0,1.0,best_within_2.0d,9228.0,393.2,0.40358744394620033,2.230000000000018,81.0,0.005577509879445796,0.9000000000000341,6.0,0.00226363842148956,0.4929364202292669,5.6011759621451125,36.843533123028394,0.015614239272951093,2.82998018927445,22.52492113564669,0.007835530045022196,1.8630914826498424,0.00402220134195386,1.9444468750000041,16.553125,0.005470102952261012,1.0,1
9131.0,2021-12-09 08:00:00,398.0501,399.909,397.9,398.36,32616.0,1,1,0.0,sell,False,0.6782963160462822,2.319000000000017,15.0,0.0058326416660379205,0.09002469873969329,-0.02409340991463259,0.02091893945521406,5.252837164861775e-05,54.000446280610724,47.411136757361206,60.76798752563201,20.697435220819614,32616.0,2.319000000000017,1.0,2.319000000000017,15.0,0.0058326416660379205,2.319000000000017,15.0,0.0058326416660379205,1.0,1.0,0.09002469873969329,0.02091893945521406,-0.02409340991463259,54.000446280610724,47.411136757361206,60.76798752563201,20.697435220819614,56.797370274712534,6.8091101197483015,31.808619874196065,0.07785452132784978,0.504900728826342,1.5489999999999782,0.150100000000009,0.3099000000000274,1.0,9132.0,9132.0,2021-12-09,2021-12-09 08:00:00,1.29531077417412,97.0,1.0,best_within_2.0d,9228.0,393.2,0.5832424107187206,4.3760036431226785,32.22527881040892,0.012230020343504162,2.285057100371749,15.890706319702602,0.006381710269403211,0.4929364202292669,5.6011759621451125,36.843533123028394,0.015614239272951093,2.82998018927445,22.52492113564669,0.007835530045022196,1.8630914826498424,0.00402220134195386,1.9444468750000041,16.553125,0.005470102952261012,1.0,1
9150.0,2021-12-09 09:35:00,399.63,400.12,399.32,399.91,1113002.0,1,1,0.0,sell,False,1.2933124658890498,2.5300000000000296,34.0,0.006363339118187152,0.3499282342058544,0.07463461768266584,0.24959873478559302,0.0006264485878840052,77.23569070034733,87.15960126907432,81.93030331579507,97.61819717563282,1113002.0,2.5300000000000296,1.0,2.5300000000000296,34.0,0.006363339118187152,2.5300000000000296,34.0,0.006363339118187152,1.0,1.0,0.3499282342058544,0.24959873478559302,0.07463461768266584,77.23569070034733,87.15960126907432,81.93030331579507,97.61819717563282,54.75625706621877,8.889578576337676,42.43034545812399,0.07006480994921041,0.20034057898427612,0.20999999999997954,0.3100000000000023,0.28000000000002956,1.0,9151.0,9151.0,2021-12-09,2021-12-09 09:35:00,1.6778775224425586,78.0,1.0,best_within_2.0d,9228.0,393.2,0.5832424107187206,4.3760036431226785,32.22527881040892,0.012230020343504162,2.285057100371749,15.890706319702602,0.006381710269403211,0.4929364202292669,5.6011759621451125,36.843533123028394,0.015614239272951093,2.82998018927445,22.52492113564669,0.007835530045022196,1.8630914826498424,0.00402220134195386,1.9444468750000041,16.553125,0.005470102952261012,0.0,1
9151.0,2021-12-09 09:40:00,399.91,400.19,399.5,399.79,812434.0,1,1,0.0,sell,False,1.4470018922990882,2.6000000000000227,35.0,0.006539399884302983,0.3915115878137551,0.12357356615938522,0.3193293600662628,0.0008012581792266636,73.97468432628162,85.09052783017695,82.9837114872557,89.30416051601946,812434.0,2.6000000000000227,1.0,2.6000000000000227,35.0,0.006539399884302983,2.6000000000000227,35.0,0.006539399884302983,1.0,1.0,0.3915115878137551,0.3193293600662628,0.12357356615938522,73.97468432628162,85.09052783017695,82.9837114872557,89.30416051601946,52.90674665167102,4.395009269095736,45.44675818193088,-0.03000675151909293,0.17271589486858516,0.2799999999999727,0.29000000000002046,0.12000000000000455,0.0,9152.0,9152.0,2021-12-09,2021-12-09 09:40:00,1.648365391830719,77.0,1.0,best_within_2.0d,9228.0,393.2,0.5832424107187206,4.3760036431226785,32.22527881040892,0.012230020343504162,2.285057100371749,15.890706319702602,0.006381710269403211,0.4929364202292669,5.6011759621451125,36.843533123028394,0.015614239272951093,2.82998018927445,22.52492113564669,0.007835530045022196,1.8630914826498424,0.00402220134195386,1.9444468750000041,16.553125,0.005470102952261012,0.0,1
9152.0,2021-12-09 09:45:00,399.81,400.2,399.24,399.3,1017661.0,1,1,0.0,sell,False,1.4470018922778227,2.6100000000000136,36.0,0.006564551422319509,0.3322570401059371,0.16510569617262735,0.3312342162255959,0.0008310115579507833,62.39081186450898,75.35446953384357,80.44063083611832,65.18214692929408,1017661.0,2.6100000000000136,1.0,2.6100000000000136,36.0,0.006564551422319509,2.6100000000000136,36.0,0.006564551422319509,1.0,1.0,0.3322570401059371,0.3312342162255959,0.16510569617262735,62.39081186450898,75.35446953384357,80.44063083611832,65.18214692929408,45.51237255639866,8.439499005536915,47.108754934652,-0.12756059128085614,0.24045686804928854,0.38999999999998636,0.060000000000002274,0.5099999999999909,0.0,9153.0,9153.0,2021-12-09,2021-12-09 09:45:00,1.5276734284998805,76.0,1.0,best_within_2.0d,9228.0,393.2,0.5832424107187206,4.3760036431226785,32.22527881040892,0.012230020343504162,2.285057100371749,15.890706319702602,0.006381710269403211,0.4929364202292669,5.6011759621451125,36.843533123028394,0.015614239272951093,2.82998018927445,22.52492113564669,0.007835530045022196,1.8630914826498424,0.00402220134195386,1.9444468750000041,16.553125,0.005470102952261012,1.0,1
9155.0,2021-12-09 10:00:00,396.87,397.08,396.515,396.61,445802.0,3a,3a,1.0,buy,False,0.003363228699551552,4.163492493946733,28.239017640954685,0.011578080659927173,-0.15634837963244985,0.8312309117898462,0.7530567219736213,0.0019021874631695577,60.386310116870945,46.16319223938712,64.50193892827835,9.485698861604675,445802.0,0.9650000000000318,2.0,0.9650000000000318,8.0,0.0024277951091879637,0.9650000000000318,8.0,0.0024277951091879637,3.0,3.0,-0.15634837963244985,0.7530567219736213,0.8312309117898462,60.386310116870945,46.16319223938712,64.50193892827835,9.485698861604675,22.227594450488464,18.547618088292843,48.37443700012019,-0.06551263637966864,0.1424914568175221,0.20999999999997954,0.09500000000002728,0.2599999999999909,0.0,9156.0,9156.0,2021-12-09,2021-12-09 10:00:00,0.4135044502155735,17.0,1.0,best_within_2.0d,9172.0,398.25,0.5832424107187206,4.3760036431226785,32.22527881040892,0.012230020343504162,2.285057100371749,15.890706319702602,0.006381710269403211,0.4929364202292669,5.6011759621451125,36.843533123028394,0.015614239272951093,2.82998018927445,22.52492113564669,0.007835530045022196,1.8630914826498424,0.003363228699551552,0.9650000000000318,8.0,0.0024277951091879637,0.0,0
9156.0,2021-12-09 10:05:00,398.8,398.89,397.83,398.26,563109.0,2s,2s,1.0,buy,False,0.48562300319490126,4.163492493946733,28.239017640954685,0.011578080659927173,-0.07064612169604273,0.20254101927046228,0.16721795842244092,0.00041951281302306964,45.21072367521309,36.847556458273885,52.031727358112065,6.479214658597527,563109.0,2.3700000000000045,1.0,3.1299999999999955,51.0,0.0078996517086467,2.3700000000000045,5.0,0.005922038980509757,2.0,2.5,-0.07064612169604273,0.16721795842244092,0.20254101927046228,45.21072367521309,36.847556458273885,52.031727358112065,6.479214658597527,25.37864235904983,22.81749496501829,39.0085997069753,-0.13540621865597305,0.26644546665661273,0.08999999999997499,0.4300000000000068,0.5400000000000205,0.0,9157.0,9157.0,2021-12-09,2021-12-09 10:05:00,-0.0025109225129289676,16.0,1.0,best_within_2.0d,9172.0,398.25,0.5832424107187206,4.3760036431226785,32.22527881040892,0.012230020343504162,2.285057100371749,15.890706319702602,0.006381710269403211,0.48562300319490126,3.1299999999999955,51.0,0.0078996517086467,2.3700000000000045,5.0,0.005922038980509757,2.0,0.00402220134195386,1.9444468750000041,16.553125,0.005470102952261012,0.0,0
9157.0,2021-12-09 10:10:00,398.25,398.34,397.7699,398.05,574173.0,2s,2s,1.0,buy,False,0.5048242811501655,4.163492493946733,28.239017640954685,0.011578080659927173,-0.1679236584742847,0.1815505619611767,0.09758873272403434,0.0002448535538203584,42.624958930718435,28.407129185150595,44.15686130045823,-3.0923350454646794,574173.0,2.4300999999999817,1.0,3.1299999999999955,51.0,0.0078996517086467,2.4300999999999817,6.0,0.006072213893053428,2.0,2.5,-0.1679236584742847,0.09758873272403434,0.1815505619611767,42.624958930718435,28.407129185150595,44.15686130045823,-3.0923350454646794,22.523395006813562,22.748617695747683,36.25780599127569,-0.050219711236657534,0.14332406750736243,0.08999999999997499,0.28010000000000446,0.19999999999998863,0.0,9158.0,9158.0,2021-12-09,2021-12-09 10:10:00,0.05024494410249682,15.0,1.0,best_within_2.0d,9172.0,398.25,0.5832424107187206,4.3760036431226785,32.22527881040892,0.012230020343504162,2.285057100371749,15.890706319702602,0.006381710269403211,0.5048242811501655,3.1299999999999955,51.0,0.0078996517086467,2.4300999999999817,6.0,0.006072213893053428,2.0,0.00402220134195386,1.9444468750000041,16.553125,0.005470102952261012,0.0,0
9158.0,2021-12-09 10:15:00,398.06,398.32,397.72,398.255,505472.0,2s,2s,1.0,buy,False,0.5207667731629386,4.163492493946733,28.239017640954685,0.011578080659927173,-0.19723757976164913,0.15689586449097054,0.058277074610145974,0.00014622750248870795,45.87906773380823,26.128946338487175,38.147556313134544,2.091726389192445,505472.0,2.4799999999999613,1.0,3.1299999999999955,51.0,0.0078996517086467,2.4799999999999613,7.0,0.0061969015492252906,2.0,2.5,-0.19723757976164913,0.058277074610145974,0.15689586449097054,45.87906773380823,26.128946338487175,38.147556313134544,2.091726389192445,21.328817483199856,22.186257382022397,33.80870865973848,0.04898758981057961,0.15085990143818914,0.06499999999999773,0.339999999999975,0.19499999999999318,1.0,9159.0,9159.0,2021-12-09,2021-12-09 10:15:00,-0.0012554770184920348,14.0,1.0,best_within_2.0d,9172.0,398.25,0.5832424107187206,4.3760036431226785,32.22527881040892,0.012230020343504162,2.285057100371749,15.890706319702602,0.006381710269403211,0.5207667731629386,3.1299999999999955,51.0,0.0078996517086467,2.4799999999999613,7.0,0.0061969015492252906,2.0,0.00402220134195386,1.9444468750000041,16.553125,0.005470102952261012,0.0,0
9159.0,2021-12-09 10:20:00,398.2786,398.58,397.51,397.522,423373.0,2s,2s,1.0,buy,False,0.5878594249201389,4.163492493946733,28.239017640954685,0.011578080659927173,-0.30168893232090666,0.1191847479508572,-0.03165971820959612,-7.945483053386858e-05,37.655313469375464,17.56799644374982,31.287703023339635,-9.87141671542981,423373.0,2.6899999999999977,1.0,3.1299999999999955,51.0,0.0078996517086467,2.6899999999999977,8.0,0.006721639180409789,2.0,2.5,-0.30168893232090666,-0.03165971820959612,0.1191847479508572,37.655313469375464,17.56799644374982,31.287703023339635,-9.87141671542981,21.324037740625887,20.15559731648251,31.59500814178926,-0.1899675252448893,0.2691756182234392,0.301400000000001,0.012000000000000455,0.7565999999999917,0.0,9160.0,9160.0,2021-12-09,2021-12-09 10:20:00,0.18313451834112543,13.0,1.0,best_within_2.0d,9172.0,398.25,0.5832424107187206,4.3760036431226785,32.22527881040892,0.012230020343504162,2.285057100371749,15.890706319702602,0.006381710269403211,0.5878594249201389,3.1299999999999955,51.0,0.0078996517086467,2.6899999999999977,8.0,0.006721639180409789,2.0,0.00402220134195386,1.9444468750000041,16.553125,0.005470102952261012,0.0,0
9160.0,2021-12-09 10:25:00,397.55,397.71,396.681,396.73,1192193.0,2s,2s,1.0,buy,False,0.8527156549520906,4.163492493946733,28.239017640954685,0.011578080659927173,-0.4546023328771579,0.06235945634121247,-0.16494171009736647,-0.0004140793730469914,31.156796860377895,12.176144640628467,24.917183562435913,-13.305933202986424,1192193.0,3.5190000000000055,1.0,3.1299999999999955,51.0,0.0078996517086467,3.5190000000000055,9.0,0.008793103448275877,2.0,2.5,-0.4546023328771579,-0.16494171009736647,0.06235945634121247,31.156796860377895,12.176144640628467,24.917183562435913,-13.305933202986424,18.963959531626205,25.932320133106295,30.44686614048513,-0.20626336309897955,0.2594023913421607,0.15999999999996817,0.049000000000035016,0.8199999999999932,0.0,9161.0,9161.0,2021-12-09,2021-12-09 10:25:00,0.3831321049580273,12.0,1.0,best_within_2.0d,9172.0,398.25,0.5832424107187206,4.3760036431226785,32.22527881040892,0.012230020343504162,2.285057100371749,15.890706319702602,0.006381710269403211,0.8527156549520906,3.1299999999999955,51.0,0.0078996517086467,3.5190000000000055,9.0,0.008793103448275877,2.0,0.00402220134195386,1.9444468750000041,16.553125,0.005470102952261012,0.0,0
9161.0,2021-12-09 10:30:00,396.735,397.25,396.56,396.83,742562.0,2s,2s,1.0,buy,False,0.8913738019169407,4.163492493946733,28.239017640954685,0.011578080659927173,-0.5149879901934807,-0.002014042432972618,-0.25950803752971296,-0.0006516664520234367,32.73526174321621,11.039507682496717,20.291291602456177,-7.464060157422203,742562.0,3.6399999999999864,1.0,3.1299999999999955,51.0,0.0078996517086467,3.6399999999999864,10.0,0.009095452273863035,2.0,2.5,-0.5149879901934807,-0.25950803752971296,-0.002014042432972618,32.73526174321621,11.039507682496717,20.291291602456177,-7.464060157422203,17.718564455537503,25.7259926229444,29.58861659823766,0.023945454774590202,0.17399636877143376,0.4200000000000159,0.17500000000001137,0.09499999999997044,1.0,9162.0,9162.0,2021-12-09,2021-12-09 10:30:00,0.3578358491041544,11.0,1.0,best_within_2.0d,9172.0,398.25,0.5832424107187206,4.3760036431226785,32.22527881040892,0.012230020343504162,2.285057100371749,15.890706319702602,0.006381710269403211,0.8913738019169407,3.1299999999999955,51.0,0.0078996517086467,3.6399999999999864,10.0,0.009095452273863035,2.0,0.00402220134195386,1.9444468750000041,16.553125,0.005470102952261012,0.0,0
9162.0,2021-12-09 10:35:00,396.83,397.1352,396.32,396.62,757760.0,2s,2s,1.0,buy,False,0.9680511182108734,4.163492493946733,28.239017640954685,0.011578080659927173,-0.5526067244340809,-0.07108988298723273,-0.34739324520427317,-0.0008726204172111231,31.12150374876171,11.063375492035004,17.215319565649118,-1.2405126551932284,757760.0,3.8799999999999955,1.0,3.1299999999999955,51.0,0.0078996517086467,3.8799999999999955,11.0,0.009695152423788095,2.0,2.5,-0.5526067244340809,-0.34739324520427317,-0.07108988298723273,31.12150374876171,11.063375492035004,17.215319565649118,-1.2405126551932284,16.768378707383786,25.716888498343582,28.979616740922523,-0.05291938613511568,0.20569236980218117,0.30520000000001346,0.30000000000001137,0.20999999999997954,0.0,9163.0,9163.0,2021-12-09,2021-12-09 10:35:00,0.4109727194796015,10.0,1.0,best_within_2.0d,9172.0,398.25,0.5832424107187206,4.3760036431226785,32.22527881040892,0.012230020343504162,2.285057100371749,15.890706319702602,0.006381710269403211,0.9680511182108734,3.1299999999999955,51.0,0.0078996517086467,3.8799999999999955,11.0,0.009695152423788095,2.0,0.00402220134195386,1.9444468750000041,16.553125,0.005470102952261012,1.0,0
9166.0,2021-12-09 10:55:00,397.44,397.68,397.34,397.51,346157.0,2,2,0.0,sell,False,0.3505154639175297,4.163492493946733,28.239017640954685,0.011578080659927173,-0.1879555867171283,-0.2319850696128729,-0.32596286297143706,-0.0008191628178529112,44.19372059213121,40.732890222842364,30.542314991850617,61.11404068482585,346157.0,1.3600000000000136,1.0,3.8799999999999955,11.0,0.009695152423788095,1.3600000000000136,5.0,0.0034315704481227634,2.0,2.0,-0.1879555867171283,-0.32596286297143706,-0.2319850696128729,44.19372059213121,40.732890222842364,30.542314991850617,61.11404068482585,8.606684093656325,28.66083893151935,36.05863434343707,0.017612721417067528,0.08556903407661746,0.17000000000001592,0.10000000000002274,0.06999999999999318,1.0,9167.0,9167.0,2021-12-09,2021-12-09 10:55:00,1.0842494528439541,62.0,1.0,best_within_2.0d,9228.0,393.2,0.3505154639175297,3.8799999999999955,11.0,0.009695152423788095,1.3600000000000136,5.0,0.0034315704481227634,0.4929364202292669,5.6011759621451125,36.843533123028394,0.015614239272951093,2.82998018927445,22.52492113564669,0.007835530045022196,1.8630914826498424,0.00402220134195386,1.9444468750000041,16.553125,0.005470102952261012,0.0,1
9169.0,2021-12-09 11:10:00,397.63,397.7653,397.33,397.53,472648.0,2,2,0.0,sell,False,0.37250000000000855,4.163492493946733,28.239017640954685,0.011578080659927173,-0.03277925181014396,-0.26899021573027504,-0.285379841635347,-0.0007173590199643626,46.063392965319096,66.06064280026405,49.47148000384517,99.2389683931018,472648.0,1.4453000000000316,1.0,3.8799999999999955,11.0,0.009695152423788095,1.4453000000000316,8.0,0.003646800565199918,2.0,2.0,-0.03277925181014396,-0.285379841635347,-0.26899021573027504,46.063392965319096,66.06064280026405,49.47148000384517,99.2389683931018,10.979954992499364,22.38914819136412,36.874675111767225,-0.02514900787164518,0.10955628822390473,0.13530000000002929,0.19999999999998863,0.10000000000002274,0.0,9170.0,9170.0,2021-12-09,2021-12-09 11:10:00,1.0892259703670124,59.0,1.0,best_within_2.0d,9228.0,393.2,0.37250000000000855,3.8799999999999955,11.0,0.009695152423788095,1.4453000000000316,8.0,0.003646800565199918,0.4929364202292669,5.6011759621451125,36.843533123028394,0.015614239272951093,2.82998018927445,22.52492113564669,0.007835530045022196,1.8630914826498424,0.00402220134195386,1.9444468750000041,16.553125,0.005470102952261012,0.0,1
9171.0,2021-12-09 11:20:00,397.25,398.03,397.04,398.0,319055.0,2,2,0.0,sell,False,0.44072164948453135,4.163492493946733,28.239017640954685,0.011578080659927173,0.07745255639449855,-0.2625822791740018,-0.2238560009767525,-0.000562741125808453,52.26475551262365,76.6381003018182,62.18903075479727,105.53623939586004,319055.0,1.7099999999999795,1.0,3.8799999999999955,11.0,0.009695152423788095,1.7099999999999795,10.0,0.004314695195801321,2.0,2.0,0.07745255639449855,-0.2238560009767525,-0.2625822791740018,52.26475551262365,76.6381003018182,62.18903075479727,105.53623939586004,15.70439522571403,22.00119043889492,35.280006768029885,0.18879798615481436,0.2493451541406287,0.029999999999972715,0.20999999999997954,0.75,1.0,9172.0,9172.0,2021-12-09,2021-12-09 11:20:00,1.2060301507537718,57.0,1.0,best_within_2.0d,9228.0,393.2,0.44072164948453135,3.8799999999999955,11.0,0.009695152423788095,1.7099999999999795,10.0,0.004314695195801321,0.4929364202292669,5.6011759621451125,36.843533123028394,0.015614239272951093,2.82998018927445,22.52492113564669,0.007835530045022196,1.8630914826498424,0.00402220134195386,1.9444468750000041,16.553125,0.005470102952261012,0.0,1
9172.0,2021-12-09 11:25:00,398.02,398.36,398.01,398.25,362776.0,2,2,0.0,sell,False,0.5257731958762946,4.163492493946733,28.239017640954685,0.011578080659927173,0.17504958210263977,-0.2407010814111718,-0.15317629035985192,-0.0003850301368310268,54.92827555730744,81.80260573292382,68.72688908083946,107.95403903709254,362776.0,2.0400000000000205,1.0,3.8799999999999955,11.0,0.009695152423788095,2.0400000000000205,11.0,0.005147355672184145,2.0,2.0,0.17504958210263977,-0.15317629035985192,-0.2407010814111718,54.92827555730744,81.80260573292382,68.72688908083946,107.95403903709254,19.64268500369618,22.032282595888137,33.16956999185717,0.05778604090247179,0.08793748900781959,0.11000000000001364,0.009999999999990905,0.2300000000000182,1.0,9173.0,9173.0,2021-12-09,2021-12-09 11:25:00,1.2680477087256776,56.0,1.0,best_within_2.0d,9228.0,393.2,0.5257731958762946,3.8799999999999955,11.0,0.009695152423788095,2.0400000000000205,11.0,0.005147355672184145,0.4929364202292669,5.6011759621451125,36.843533123028394,0.015614239272951093,2.82998018927445,22.52492113564669,0.007835530045022196,1.8630914826498424,0.00402220134195386,1.9444468750000041,16.553125,0.005470102952261012,0.0,1
9173.0,2021-12-09 11:30:00,398.25,398.5086,398.09,398.12,273686.0,2,2,0.0,sell,False,0.5640721649484564,4.163492493946733,28.239017640954685,0.011578080659927173,0.21484137773272377,-0.21384590919458132,-0.10642522032821944,-0.00026750027446189966,53.263950248515,79.4930428150094,72.31560699222943,93.84791446056934,273686.0,2.188600000000008,1.0,3.8799999999999955,11.0,0.009695152423788095,2.188600000000008,12.0,0.005522305207912818,2.0,2.0,0.21484137773272377,-0.10642522032821944,-0.21384590919458132,53.263950248515,79.4930428150094,72.31560699222943,93.84791446056934,19.833273843107882,23.68478623818232,31.43248478058127,-0.03264281230382811,0.10515210128363593,0.2586000000000013,0.03000000000002956,0.12999999999999545,0.0,9174.0,9174.0,2021-12-09,2021-12-09 11:30:00,1.235808299005329,55.0,1.0,best_within_2.0d,9228.0,393.2,0.5640721649484564,3.8799999999999955,11.0,0.009695152423788095,2.188600000000008,12.0,0.005522305207912818,0.4929364202292669,5.6011759621451125,36.843533123028394,0.015614239272951093,2.82998018927445,22.52492113564669,0.007835530045022196,1.8630914826498424,0.00402220134195386,1.9444468750000041,16.553125,0.005470102952261012,1.0,1
9180.0,2021-12-09 12:05:00,396.82,397.1,396.555,397.07,375617.0,2s,2s,1.0,buy,False,0.8929712460063962,4.163492493946733,28.239017640954685,0.011578080659927173,-0.09116558231665367,-0.18784706281792032,-0.23342985397624716,-0.0005871073348712363,42.90388295937045,22.969571958992788,32.297328819224965,4.314058238528432,375617.0,1.9535999999999945,1.0,3.1299999999999955,51.0,0.0078996517086467,1.9535999999999945,8.0,0.004902278144060114,3.0,2.5,-0.09116558231665367,-0.23342985397624716,-0.18784706281792032,42.90388295937045,22.969571958992788,32.297328819224965,4.314058238528432,14.776492242966732,30.147252169338607,25.374728034240945,0.06300085681165264,0.13743364728726556,0.03000000000002956,0.26499999999998636,0.25,1.0,9181.0,9181.0,2021-12-09,2021-12-09 12:05:00,0.24932631525927648,234.0,1.0,best_within_2.0d,9414.0,398.06,0.5832424107187206,4.3760036431226785,32.22527881040892,0.012230020343504162,2.285057100371749,15.890706319702602,0.006381710269403211,0.8929712460063962,3.1299999999999955,51.0,0.0078996517086467,1.9535999999999945,8.0,0.004902278144060114,3.0,0.00402220134195386,1.9444468750000041,16.553125,0.005470102952261012,1.0,0
9188.0,2021-12-09 12:45:00,397.21,397.66,397.14,397.5795,156971.0,2s,2s,0.0,sell,False,0.34536082474227664,4.163492493946733,28.239017640954685,0.011578080659927173,0.0966910420468407,-0.2197780254568463,-0.17143250443342595,-0.0004314155742840917,52.580805248783804,64.07395248198819,46.90893408859103,98.4039892687825,156971.0,1.1050000000000182,1.0,3.8799999999999955,11.0,0.009695152423788095,1.1050000000000182,9.0,0.0027864987202280093,1.0,2.5,0.0966910420468407,-0.17143250443342595,-0.2197780254568463,52.580805248783804,64.07395248198819,46.90893408859103,98.4039892687825,14.800347884466028,23.419643265840545,28.535523381165735,0.09302384129302294,0.13093619378557655,0.0805000000000291,0.06999999999999318,0.36950000000001637,1.0,9189.0,9189.0,2021-12-09,2021-12-09 12:45:00,1.10154069814968,40.0,1.0,best_within_2.0d,9228.0,393.2,0.5832424107187206,4.3760036431226785,32.22527881040892,0.012230020343504162,2.285057100371749,15.890706319702602,0.006381710269403211,0.34536082474227664,3.8799999999999955,11.0,0.009695152423788095,1.1050000000000182,9.0,0.0027864987202280093,1.0,0.00402220134195386,1.9444468750000041,16.553125,0.005470102952261012,0.0,1
9189.0,2021-12-09 12:50:00,397.579,397.663,397.49,397.54,172982.0,2s,2s,0.0,sell,False,0.3461340206185617,4.163492493946733,28.239017640954685,0.011578080659927173,0.14098402884012434,-0.2021550218518308,-0.13166300743176862,-0.0003313239471025625,52.03533093505492,72.11833329416055,55.3120671571142,105.73086556825325,172982.0,1.108000000000004,1.0,3.8799999999999955,11.0,0.009695152423788095,1.108000000000004,10.0,0.00279406387512452,1.0,2.5,0.14098402884012434,-0.13166300743176862,-0.2021550218518308,52.03533093505492,72.11833329416055,55.3120671571142,105.73086556825325,15.352330461674429,21.37808072201575,27.66908198766506,-0.009809371219301638,0.04352310749956019,0.08400000000000318,0.05000000000001137,0.03899999999998727,0.0,9190.0,9190.0,2021-12-09,2021-12-09 12:50:00,1.091714041354337,39.0,1.0,best_within_2.0d,9228.0,393.2,0.5832424107187206,4.3760036431226785,32.22527881040892,0.012230020343504162,2.285057100371749,15.890706319702602,0.006381710269403211,0.3461340206185617,3.8799999999999955,11.0,0.009695152423788095,1.108000000000004,10.0,0.00279406387512452,1.0,0.00402220134195386,1.9444468750000041,16.553125,0.005470102952261012,1.0,1
9196.0,2021-12-09 13:25:00,396.64,396.81,396.53,396.64,278489.0,1,1,1.0,buy,False,0.09149354558634355,1.1330000000000382,8.0,0.0028491461363014366,-0.05055994853332957,-0.15575198129686124,-0.18103195556352603,-0.0004557557266198407,41.26021464302962,26.500563311613863,40.800115059207286,-2.098540183572979,278489.0,1.1330000000000382,1.0,1.1330000000000382,8.0,0.0028491461363014366,1.1330000000000382,8.0,0.0028491461363014366,1.0,1.0,-0.05055994853332957,-0.18103195556352603,-0.15575198129686124,41.26021464302962,26.500563311613863,40.800115059207286,-2.098540183572979,19.16706495047564,23.5674143415143,21.262967378011815,0.0,0.07061256399264358,0.17000000000001592,0.11000000000001364,0.0,0.0,9197.0,9197.0,2021-12-09,2021-12-09 13:25:00,0.35800726099233965,218.0,1.0,best_within_2.0d,9414.0,398.06,0.5832424107187206,4.3760036431226785,32.22527881040892,0.012230020343504162,2.285057100371749,15.890706319702602,0.006381710269403211,0.4929364202292669,5.6011759621451125,36.843533123028394,0.015614239272951093,2.82998018927445,22.52492113564669,0.007835530045022196,1.8630914826498424,0.00402220134195386,1.9444468750000041,16.553125,0.005470102952261012,0.0,0
9198.0,2021-12-09 13:35:00,398.63,398.86,398.55,398.81,16389.0,3a,3a,1.0,buy,False,0.002433703642989627,4.163492493946733,28.239017640954685,0.011578080659927173,-0.1002763078409499,-0.0065519169043818225,-0.056690070824856775,-0.00014210439840315882,46.553156956275906,31.478605406542574,31.079016847000872,32.27778252562598,16389.0,1.4499999999999886,2.0,1.4499999999999886,26.0,0.0036249999999999716,1.4499999999999886,26.0,0.0036249999999999716,3.0,3.0,-0.1002763078409499,-0.056690070824856775,-0.0065519169043818225,46.553156956275906,31.478605406542574,31.079016847000872,32.27778252562598,13.793103448275712,45.593869731798456,41.75854724259505,0.04515465469232292,0.07778195960356349,0.05000000000001137,0.07999999999998408,0.18000000000000682,1.0,9199.0,9199.0,2021-12-09,2021-12-09 13:35:00,-0.18805947694390812,216.0,1.0,best_within_2.0d,9414.0,398.06,0.5832424107187206,4.3760036431226785,32.22527881040892,0.012230020343504162,2.285057100371749,15.890706319702602,0.006381710269403211,0.4929364202292669,5.6011759621451125,36.843533123028394,0.015614239272951093,2.82998018927445,22.52492113564669,0.007835530045022196,1.8630914826498424,0.002433703642989627,1.4499999999999886,26.0,0.0036249999999999716,0.0,0
9199.0,2021-12-09 13:40:00,397.07,397.07,396.05,396.085,321085.0,1,1,1.0,buy,False,0.18986432018559407,1.6129999999999995,11.0,0.004056198338794405,-0.10492030006466468,-0.17660784866718776,-0.2290679986995201,-0.0005768648824977273,37.10781750716989,23.00150942491456,30.82120831545746,7.362111643828754,321085.0,1.6129999999999995,1.0,1.6129999999999995,11.0,0.004056198338794405,1.6129999999999995,11.0,0.004056198338794405,1.0,1.0,-0.10492030006466468,-0.2290679986995201,-0.17660784866718776,37.10781750716989,23.00150942491456,30.82120831545746,7.362111643828754,20.931863278977627,26.556462321155706,18.50285628585266,-0.24806709144483685,0.2575432394899588,0.0,0.03499999999996817,0.9850000000000136,0.0,9200.0,9200.0,2021-12-09,2021-12-09 13:40:00,0.4986303444967678,215.0,1.0,best_within_2.0d,9414.0,398.06,0.5832424107187206,4.3760036431226785,32.22527881040892,0.012230020343504162,2.285057100371749,15.890706319702602,0.006381710269403211,0.4929364202292669,5.6011759621451125,36.843533123028394,0.015614239272951093,2.82998018927445,22.52492113564669,0.007835530045022196,1.8630914826498424,0.00402220134195386,1.9444468750000041,16.553125,0.005470102952261012,0.0,0
9200.0,2021-12-09 13:45:00,396.09,396.3279,395.33,395.38,811421.0,1,1,1.0,buy,False,0.4451023313728552,2.333000000000027,12.0,0.005866776642534073,-0.24596654137792634,-0.20735366633942856,-0.33033693702839173,-0.0008321573914720025,31.495971807375767,16.14340110528303,25.928605912065983,-3.4270085082828814,811421.0,2.333000000000027,1.0,2.333000000000027,12.0,0.005866776642534073,2.333000000000027,12.0,0.005866776642534073,1.0,1.0,-0.24596654137792634,-0.33033693702839173,-0.20735366633942856,31.495971807375767,16.14340110528303,25.928605912065983,-3.4270085082828814,15.712978115552758,34.671178542702876,19.868888355246295,-0.17925219015879715,0.2524220271671807,0.23790000000002465,0.05000000000001137,0.7099999999999795,0.0,9201.0,9201.0,2021-12-09,2021-12-09 13:45:00,0.6778289240730454,214.0,1.0,best_within_2.0d,9414.0,398.06,0.5832424107187206,4.3760036431226785,32.22527881040892,0.012230020343504162,2.285057100371749,15.890706319702602,0.006381710269403211,0.4929364202292669,5.6011759621451125,36.843533123028394,0.015614239272951093,2.82998018927445,22.52492113564669,0.007835530045022196,1.8630914826498424,0.00402220134195386,1.9444468750000041,16.553125,0.005470102952261012,0.0,0
9201.0,2021-12-09 13:50:00,395.375,395.7,395.14,395.695,503830.0,1,1,1.0,buy,False,0.5021503943177575,2.5230000000000246,13.0,0.006344568139354238,-0.27749168457721807,-0.24204012691158078,-0.3807859692001898,-0.0009594716939824939,36.14279686439154,18.98448962574434,23.613900483292102,9.725667910648816,503830.0,2.5230000000000246,1.0,2.5230000000000246,13.0,0.006344568139354238,2.5230000000000246,13.0,0.006344568139354238,1.0,1.0,-0.27749168457721807,-0.3807859692001898,-0.24204012691158078,36.14279686439154,18.98448962574434,23.613900483292102,9.725667910648816,12.577476876132943,36.6440082278756,21.9421365080229,0.0809358204236467,0.14172192134433423,0.0049999999999954525,0.23500000000001364,0.3199999999999932,1.0,9202.0,9202.0,2021-12-09,2021-12-09 13:50:00,0.5976825585362486,213.0,1.0,best_within_2.0d,9414.0,398.06,0.5832424107187206,4.3760036431226785,32.22527881040892,0.012230020343504162,2.285057100371749,15.890706319702602,0.006381710269403211,0.4929364202292669,5.6011759621451125,36.843533123028394,0.015614239272951093,2.82998018927445,22.52492113564669,0.007835530045022196,1.8630914826498424,0.00402220134195386,1.9444468750000041,16.553125,0.005470102952261012,1.0,0
9207.0,2021-12-09 14:20:00,396.009,396.4767,395.99,396.4,338573.0,3a,3a,0.0,sell,False,0.00279406387512452,4.163492493946733,28.239017640954685,0.011578080659927173,-0.01189668003385358,-0.35309249485702476,-0.35904083487395155,-0.0009054128580201458,47.94565750505667,44.13719607715372,35.1520118385149,62.10756455443136,338573.0,1.3367000000000075,2.0,1.3367000000000075,7.0,0.003382851647517355,1.3367000000000075,7.0,0.003382851647517355,3.0,3.0,-0.01189668003385358,-0.35904083487395155,-0.35309249485702476,47.94565750505667,44.13719607715372,35.1520118385149,62.10756455443136,21.29214688766357,31.622000328214035,25.335248339086554,0.09873512975714256,0.12290714411979715,0.07670000000001664,0.019000000000005457,0.3909999999999627,1.0,9208.0,9208.0,2021-12-09,2021-12-09 14:20:00,0.8072653884964655,21.0,1.0,best_within_2.0d,9228.0,393.2,0.5832424107187206,4.3760036431226785,32.22527881040892,0.012230020343504162,2.285057100371749,15.890706319702602,0.006381710269403211,0.4929364202292669,5.6011759621451125,36.843533123028394,0.015614239272951093,2.82998018927445,22.52492113564669,0.007835530045022196,1.8630914826498424,0.00279406387512452,1.3367000000000075,7.0,0.003382851647517355,1.0,1
9214.0,2021-12-09 14:55:00,395.17,395.36,394.82,395.12,487537.0,1p,1p,1.0,buy,False,0.358159835302753,1.6567000000000007,8.0,0.004178555763806551,-0.09938641186204344,-0.3683083520382973,-0.41800155796931904,-0.00105518246975074,34.89256392482818,23.099877931640364,32.00470705884427,5.290219677232557,487537.0,1.6567000000000007,0.0,1.6567000000000007,8.0,0.004178555763806551,1.6567000000000007,0.0,0.0,1.0,1.0,-0.09938641186204344,-0.41800155796931904,-0.3683083520382973,34.89256392482818,23.099877931640364,32.00470705884427,5.290219677232557,14.085229004461208,27.222853342939246,29.168316152162078,-0.012652782346840946,0.13677118686997125,0.18999999999999773,0.30000000000001137,0.05000000000001137,0.0,9215.0,9215.0,2021-12-09,2021-12-09 14:55:00,0.744077748532091,200.0,1.0,best_within_2.0d,9414.0,398.06,0.5832424107187206,4.3760036431226785,32.22527881040892,0.012230020343504162,2.285057100371749,15.890706319702602,0.006381710269403211,0.4929364202292669,5.6011759621451125,36.843533123028394,0.015614239272951093,2.82998018927445,22.52492113564669,0.007835530045022196,1.8630914826498424,0.00402220134195386,1.9444468750000041,16.553125,0.005470102952261012,0.0,0
9216.0,2021-12-09 15:05:00,395.36,395.42,394.2,394.21,702589.0,1p,1p,1.0,buy,False,0.7155151269497755,2.2767000000000053,10.0,0.005742329877140334,-0.19854956946928792,-0.4028318966603475,-0.5021066813949915,-0.0012681250718717435,29.231864500496457,17.525942124650875,25.858225614759142,0.8613751444343407,702589.0,2.2767000000000053,0.0,2.2767000000000053,10.0,0.005742329877140334,2.2767000000000053,0.0,0.0,1.0,1.0,-0.19854956946928792,-0.5021066813949915,-0.4028318966603475,29.231864500496457,17.525942124650875,25.858225614759142,0.8613751444343407,11.220007177240664,32.235710484958766,29.125067575393768,-0.2908741400242903,0.3094875697615493,0.060000000000002274,0.009999999999990905,1.150000000000034,0.0,9217.0,9217.0,2021-12-09,2021-12-09 15:05:00,0.9766368179396826,198.0,1.0,best_within_2.0d,9414.0,398.06,0.5832424107187206,4.3760036431226785,32.22527881040892,0.012230020343504162,2.285057100371749,15.890706319702602,0.006381710269403211,0.4929364202292669,5.6011759621451125,36.843533123028394,0.015614239272951093,2.82998018927445,22.52492113564669,0.007835530045022196,1.8630914826498424,0.00402220134195386,1.9444468750000041,16.553125,0.005470102952261012,0.0,0
9217.0,2021-12-09 15:10:00,394.23,394.57,393.81,394.11,775004.0,1p,1p,1.0,buy,False,0.9706386760626334,2.6666999999999916,11.0,0.0067259942387534796,-0.2693442584002884,-0.43649992896038353,-0.5711720581605277,-0.0014430523572726576,28.558950261284295,16.069926328714836,22.595459186077704,3.018860613989098,775004.0,2.6666999999999916,0.0,2.6666999999999916,11.0,0.0067259942387534796,2.6666999999999916,0.0,0.0,1.0,1.0,-0.2693442584002884,-0.5711720581605277,-0.43649992896038353,28.558950261284295,16.069926328714836,22.595459186077704,3.018860613989098,10.659409129918462,35.21002574622898,30.867764418914103,-0.030439083783579263,0.1929864655544529,0.339999999999975,0.30000000000001137,0.12000000000000455,0.0,9218.0,9218.0,2021-12-09,2021-12-09 15:10:00,1.0022582527720658,197.0,1.0,best_within_2.0d,9414.0,398.06,0.5832424107187206,4.3760036431226785,32.22527881040892,0.012230020343504162,2.285057100371749,15.890706319702602,0.006381710269403211,0.4929364202292669,5.6011759621451125,36.843533123028394,0.015614239272951093,2.82998018927445,22.52492113564669,0.007835530045022196,1.8630914826498424,0.00402220134195386,1.9444468750000041,16.553125,0.005470102952261012,0.0,0
9219.0,2021-12-09 15:20:00,394.36,394.47,393.73,393.76,520912.0,1p,1p,1.0,buy,False,1.113000439567871,2.7466999999999757,13.0,0.006927771543699733,-0.30884847821091665,-0.5077317481254452,-0.6621559872309035,-0.001673985738139406,28.35523619895602,12.855797824615964,18.462808037850714,1.6417773981464663,520912.0,2.7466999999999757,0.0,2.7466999999999757,13.0,0.006927771543699733,2.7466999999999757,0.0,0.0,1.0,1.0,-0.30884847821091665,-0.6621559872309035,-0.5077317481254452,28.35523619895602,12.855797824615964,18.462808037850714,1.6417773981464663,10.288794326241076,29.828085106382208,33.62066289043712,-0.15214524799676,0.18794605440276563,0.11000000000001364,0.029999999999972715,0.6000000000000227,0.0,9220.0,9220.0,2021-12-09,2021-12-09 15:20:00,1.0920357578220266,195.0,1.0,best_within_2.0d,9414.0,398.06,0.5832424107187206,4.3760036431226785,32.22527881040892,0.012230020343504162,2.285057100371749,15.890706319702602,0.006381710269403211,0.4929364202292669,5.6011759621451125,36.843533123028394,0.015614239272951093,2.82998018927445,22.52492113564669,0.007835530045022196,1.8630914826498424,0.00402220134195386,1.9444468750000041,16.553125,0.005470102952261012,0.0,0
9220.0,2021-12-09 15:25:00,393.77,394.4994,393.67,394.24,560954.0,1p,1p,1.0,buy,False,1.113000439567871,2.806699999999978,14.0,0.007079104522409458,-0.25212207791242713,-0.5392470078644986,-0.6653080468207122,-0.0016823691803158135,35.65211846454358,17.052674740220027,17.99276360530715,15.172497010045781,560954.0,2.806699999999978,0.0,2.806699999999978,14.0,0.007079104522409458,2.806699999999978,0.0,0.0,1.0,1.0,-0.25212207791242713,-0.6653080468207122,-0.5392470078644986,35.65211846454358,17.052674740220027,17.99276360530715,15.172497010045781,10.10036872416982,29.95020552752009,34.759324689174534,0.11935901668487373,0.21068407549469456,0.259399999999971,0.0999999999999659,0.4700000000000273,1.0,9221.0,9221.0,2021-12-09,2021-12-09 15:25:00,0.9689529220779203,194.0,1.0,best_within_2.0d,9414.0,398.06,0.5832424107187206,4.3760036431226785,32.22527881040892,0.012230020343504162,2.285057100371749,15.890706319702602,0.006381710269403211,0.4929364202292669,5.6011759621451125,36.843533123028394,0.015614239272951093,2.82998018927445,22.52492113564669,0.007835530045022196,1.8630914826498424,0.00402220134195386,1.9444468750000041,16.553125,0.005470102952261012,1.0,0
9226.0,2021-12-09 15:55:00,394.27,394.35,393.5299,393.74,1793556.0,1p,1p,1.0,buy,False,1.113000439567871,2.946799999999996,20.0,0.0074324670276967,0.014958275747399163,-0.5331560130322237,-0.5256768751585241,-0.0013304938820297904,35.354850027748256,35.489039075673745,38.63006003238203,29.206997162257167,1793556.0,2.946799999999996,0.0,2.946799999999996,20.0,0.0074324670276967,2.946799999999996,0.0,0.0,1.0,1.0,0.014958275747399163,-0.5256768751585241,-0.5331560130322237,35.354850027748256,35.489039075673745,38.63006003238203,29.206997162257167,16.058545797922427,32.471199244569206,33.86460554461051,-0.1344256473989836,0.20839585505447616,0.08000000000004093,0.21010000000001128,0.5299999999999727,0.0,9227.0,9227.0,2021-12-09,2021-12-09 15:55:00,1.0971707217961073,188.0,1.0,best_within_2.0d,9414.0,398.06,0.5832424107187206,4.3760036431226785,32.22527881040892,0.012230020343504162,2.285057100371749,15.890706319702602,0.006381710269403211,0.4929364202292669,5.6011759621451125,36.843533123028394,0.015614239272951093,2.82998018927445,22.52492113564669,0.007835530045022196,1.8630914826498424,0.00402220134195386,1.9444468750000041,16.553125,0.005470102952261012,0.0,0
9227.0,2021-12-09 16:00:00,393.73,393.92,393.35,393.38,532135.0,1p,1p,1.0,buy,False,1.113000439567871,3.126699999999971,21.0,0.007886213742194614,-0.07804811270380374,-0.5429120271201991,-0.581936083472101,-0.0014733614025373473,32.86802463855771,24.149555462213428,33.803225175659165,4.842216035321954,532135.0,3.126699999999971,0.0,3.126699999999971,21.0,0.007886213742194614,3.126699999999971,0.0,0.0,1.0,1.0,-0.07804811270380374,-0.581936083472101,-0.5429120271201991,32.86802463855771,24.149555462213428,33.803225175659165,4.842216035321954,16.15004748338068,29.996201329533513,33.588915083182734,-0.08889340410942086,0.14490911402059062,0.18999999999999773,0.029999999999972715,0.35000000000002274,0.0,9228.0,9228.0,2021-12-09,2021-12-09 16:00:00,1.189689358889625,187.0,1.0,best_within_2.0d,9414.0,398.06,0.5832424107187206,4.3760036431226785,32.22527881040892,0.012230020343504162,2.285057100371749,15.890706319702602,0.006381710269403211,0.4929364202292669,5.6011759621451125,36.843533123028394,0.015614239272951093,2.82998018927445,22.52492113564669,0.007835530045022196,1.8630914826498424,0.00402220134195386,1.9444468750000041,16.553125,0.005470102952261012,0.0,0
9228.0,2021-12-09 16:05:00,393.46,393.73,393.07,393.2,155686.0,1p,1p,1.0,buy,False,1.113000439567871,3.4067000000000007,22.0,0.008592434309506715,-0.14532641245281708,-0.5610778286768012,-0.6337410349032098,-0.0016050558859331213,31.668581692968118,17.96751973342958,28.52465669491597,-3.146754189543202,155686.0,3.4067000000000007,0.0,3.4067000000000007,22.0,0.008592434309506715,3.4067000000000007,0.0,0.0,1.0,1.0,-0.14532641245281708,-0.6337410349032098,-0.5610778286768012,31.668581692968118,17.96751973342958,28.52465669491597,-3.146754189543202,15.96807511737075,30.22159624413032,33.393898020634836,-0.06608041478167817,0.1679090238379996,0.27000000000003865,0.12999999999999545,0.2599999999999909,0.0,9229.0,9229.0,2021-12-09,2021-12-09 16:05:00,1.2360122075279791,186.0,1.0,best_within_2.0d,9414.0,398.06,0.5832424107187206,4.3760036431226785,32.22527881040892,0.012230020343504162,2.285057100371749,15.890706319702602,0.006381710269403211,0.4929364202292669,5.6011759621451125,36.843533123028394,0.015614239272951093,2.82998018927445,22.52492113564669,0.007835530045022196,1.8630914826498424,0.00402220134195386,1.9444468750000041,16.553125,0.005470102952261012,1.0,0
9264.0,2021-12-09 19:05:00,394.3,394.3,394.1,394.17,720.0,2,2,1.0,buy,False,0.33548387096772775,4.163492493946733,28.239017640954685,0.011578080659927173,0.011537699721642952,0.05093537112242787,0.05670422098324934,0.000143821317549307,45.96477905818157,40.8167924057906,61.20144796828254,0.047481280806721315,720.0,0.5199999999999818,1.0,1.5500000000000114,32.0,0.003943317984074112,0.5199999999999818,6.0,0.0013177233794536055,2.0,2.0,0.011537699721642952,0.05670422098324934,0.05093537112242787,45.96477905818157,40.8167924057906,61.20144796828254,0.047481280806721315,35.92233009708976,28.640776699029463,43.75742303775162,-0.03296981993405921,0.05074854097944395,0.0,0.06999999999999318,0.12999999999999545,0.0,9265.0,9265.0,2021-12-09,2021-12-09 19:05:00,0.9868838318491986,150.0,1.0,best_within_2.0d,9414.0,398.06,0.33548387096772775,1.5500000000000114,32.0,0.003943317984074112,0.5199999999999818,6.0,0.0013177233794536055,0.4929364202292669,5.6011759621451125,36.843533123028394,0.015614239272951093,2.82998018927445,22.52492113564669,0.007835530045022196,1.8630914826498424,0.00402220134195386,1.9444468750000041,16.553125,0.005470102952261012,1.0,0
9273.0,2021-12-09 19:50:00,394.11,394.21,394.1,394.12,5541.0,2,2,1.0,buy,False,0.33548387096772775,4.163492493946733,28.239017640954685,0.011578080659927173,-0.07315000986747114,0.02910175746346279,-0.007473247470272781,-1.8954683406976248e-05,42.81906014694358,21.93272923289,35.97535257129357,-6.152517443917134,5541.0,0.5199999999999818,1.0,1.5500000000000114,32.0,0.003943317984074112,0.5199999999999818,15.0,0.0013177233794536055,2.0,2.0,-0.07315000986747114,-0.007473247470272781,0.02910175746346279,42.81906014694358,21.93272923289,35.97535257129357,-6.152517443917134,10.75949367088758,53.16455696202258,36.927615206018096,0.0025373626652434355,0.0279116975386848,0.08999999999997499,0.009999999999990905,0.009999999999990905,1.0,9274.0,9274.0,2021-12-09,2021-12-09 19:50:00,0.999695524205825,141.0,1.0,best_within_2.0d,9414.0,398.06,0.33548387096772775,1.5500000000000114,32.0,0.003943317984074112,0.5199999999999818,15.0,0.0013177233794536055,0.4929364202292669,5.6011759621451125,36.843533123028394,0.015614239272951093,2.82998018927445,22.52492113564669,0.007835530045022196,1.8630914826498424,0.00402220134195386,1.9444468750000041,16.553125,0.005470102952261012,0.0,0
9274.0,2021-12-09 19:55:00,394.07,394.13,394.0,394.0,23185.0,2,2,1.0,buy,False,0.4,4.163492493946733,28.239017640954685,0.011578080659927173,-0.0910372241541799,0.017722104444190305,-0.027796507632899647,-7.050491112690275e-05,38.4220031008587,14.621819488593333,28.85750821039349,-13.84955795500698,23185.0,0.6200000000000045,1.0,1.5500000000000114,32.0,0.003943317984074112,0.6200000000000045,16.0,0.0015711317216562885,2.0,2.0,-0.0910372241541799,-0.027796507632899647,0.017722104444190305,38.4220031008587,14.621819488593333,28.85750821039349,-13.84955795500698,10.82802547770846,53.503184713372754,39.02825938154257,-0.017763341538303647,0.03299492385786686,0.060000000000002274,0.0,0.06999999999999318,0.0,9275.0,9275.0,2021-12-09,2021-12-09 19:55:00,1.0304568527918787,140.0,1.0,best_within_2.0d,9414.0,398.06,0.4,1.5500000000000114,32.0,0.003943317984074112,0.6200000000000045,16.0,0.0015711317216562885,0.4929364202292669,5.6011759621451125,36.843533123028394,0.015614239272951093,2.82998018927445,22.52492113564669,0.007835530045022196,1.8630914826498424,0.00402220134195386,1.9444468750000041,16.553125,0.005470102952261012,1.0,0
9278.0,2021-12-10 04:15:00,396.51,396.93,396.39,396.8415,481933.0,1p,1p,1.0,buy,False,1312321.7334720064,2.069999999999993,23.0,0.005195000752898643,-0.1698678821918404,-0.1854626844127041,-0.2703966255086243,-0.0006806828389425871,42.62830246051643,19.074235129686585,16.895818607130327,23.4310681747991,481933.0,2.069999999999993,0.0,2.069999999999993,23.0,0.005195000752898643,2.069999999999993,0.0,0.0,1.0,1.0,-0.1698678821918404,-0.2703966255086243,-0.1854626844127041,42.62830246051643,19.074235129686585,16.895818607130327,23.4310681747991,9.748081494599136,28.815073629126818,34.14324891314043,0.08360444881592027,0.13622947097555954,0.08850000000001046,0.12000000000000455,0.33150000000000546,1.0,9279.0,9279.0,2021-12-10,2021-12-10 04:15:00,-0.18805947694390812,136.0,1.0,best_within_2.0d,9414.0,398.06,0.5832424107187206,4.3760036431226785,32.22527881040892,0.012230020343504162,2.285057100371749,15.890706319702602,0.006381710269403211,0.4929364202292669,5.6011759621451125,36.843533123028394,0.015614239272951093,2.82998018927445,22.52492113564669,0.007835530045022196,1.8630914826498424,0.00402220134195386,1.9444468750000041,16.553125,0.005470102952261012,0.0,0
9278.0,2021-12-10 04:15:00,398.63,398.86,398.55,398.81,16389.0,2,2,1.0,buy,False,0.4016620498614912,4.163492493946733,28.239017640954685,0.011578080659927173,-0.10025155420682377,-0.006590594614229439,-0.05671637171764132,-0.00014217031719870643,46.55366374382724,31.478605406542574,31.079016847000872,32.27778252562598,16389.0,1.4499999999999886,1.0,3.6100000000000136,53.0,0.009107192411513948,1.4499999999999886,26.0,0.0036249999999999716,2.0,2.0,-0.10025155420682377,-0.05671637171764132,-0.006590594614229439,46.55366374382724,31.478605406542574,31.079016847000872,32.27778252562598,13.793103448275712,45.593869731798456,41.75494262261181,0.04515465469232292,0.07778195960356349,0.05000000000001137,0.07999999999998408,0.18000000000000682,1.0,9279.0,9279.0,2021-12-10,2021-12-10 04:15:00,-0.18805947694390812,136.0,1.0,best_within_2.0d,9414.0,398.06,0.4016620498614912,3.6100000000000136,53.0,0.009107192411513948,1.4499999999999886,26.0,0.0036249999999999716,0.4929364202292669,5.6011759621451125,36.843533123028394,0.015614239272951093,2.82998018927445,22.52492113564669,0.007835530045022196,1.8630914826498424,0.00402220134195386,1.9444468750000041,16.553125,0.005470102952261012,0.0,0
9282.0,2021-12-10 04:35:00,394.83,394.99,394.83,394.96,6931.0,1p,1p,0.0,sell,False,0.497563879505021,0.9900000000000091,9.0,0.002512690355329972,0.10613043715463705,0.0629795051181766,0.11604472369549512,0.00029421057041436656,64.08159838080246,71.31133135506171,57.60684983243152,98.72029440032208,6931.0,0.9900000000000091,0.0,0.9900000000000091,9.0,0.002512690355329972,0.9900000000000091,0.0,0.0,1.0,1.0,0.10613043715463705,0.11604472369549512,0.0629795051181766,64.08159838080246,71.31133135506171,57.60684983243152,98.72029440032208,51.811594202898966,27.17391304347629,26.789129900190584,0.03292556290048767,0.04052376972368488,0.03000000000002956,0.0,0.12999999999999545,1.0,9283.0,9283.0,2021-12-10,2021-12-10 04:35:00,0.32661535345350506,74.0,1.0,best_within_2.0d,9356.0,393.67,0.5832424107187206,4.3760036431226785,32.22527881040892,0.012230020343504162,2.285057100371749,15.890706319702602,0.006381710269403211,0.4929364202292669,5.6011759621451125,36.843533123028394,0.015614239272951093,2.82998018927445,22.52492113564669,0.007835530045022196,1.8630914826498424,0.00402220134195386,1.9444468750000041,16.553125,0.005470102952261012,0.0,1
9283.0,2021-12-10 04:40:00,394.96,395.01,394.78,394.81,1225.0,1p,1p,0.0,sell,False,0.497563879505021,1.009999999999991,10.0,0.0025634517766497233,0.1051669775497237,0.07612537731189206,0.12870886608675391,0.0003262947881843003,59.40444791476843,71.07029933474767,62.09466633320356,89.02156533783588,1225.0,1.009999999999991,0.0,1.009999999999991,10.0,0.0025634517766497233,1.009999999999991,0.0,0.0,1.0,1.0,0.1051669775497237,0.12870886608675391,0.07612537731189206,59.40444791476843,71.07029933474767,62.09466633320356,89.02156533783588,48.80546075085336,25.255972696244044,27.146851694680155,-0.037978529471333115,0.05826029687421303,0.05000000000001137,0.03000000000002956,0.14999999999997726,0.0,9284.0,9284.0,2021-12-10,2021-12-10 04:40:00,0.2887464856513225,73.0,1.0,best_within_2.0d,9356.0,393.67,0.5832424107187206,4.3760036431226785,32.22527881040892,0.012230020343504162,2.285057100371749,15.890706319702602,0.006381710269403211,0.4929364202292669,5.6011759621451125,36.843533123028394,0.015614239272951093,2.82998018927445,22.52492113564669,0.007835530045022196,1.8630914826498424,0.00402220134195386,1.9444468750000041,16.553125,0.005470102952261012,0.0,1
9286.0,2021-12-10 05:00:00,395.06,395.06,395.06,395.06,200.0,1p,1p,0.0,sell,False,0.5669516607923651,1.0600000000000023,13.0,0.0026903553299492443,0.12093085950149646,0.11901502075746015,0.17948045050820838,0.0004548820562925514,64.41680904605599,88.26919544559014,77.14691793211658,110.51375047253728,200.0,1.0600000000000023,0.0,1.0600000000000023,13.0,0.0026903553299492443,1.0600000000000023,0.0,0.0,1.0,1.0,0.12093085950149646,0.17948045050820838,0.11901502075746015,64.41680904605599,88.26919544559014,77.14691793211658,110.51375047253728,53.846153846154145,19.3979933110362,29.766430494804894,0.0,0.0,0.0,0.0,0.0,0.0,9287.0,9287.0,2021-12-10,2021-12-10 05:00:00,0.35184528932313736,70.0,1.0,best_within_2.0d,9356.0,393.67,0.5832424107187206,4.3760036431226785,32.22527881040892,0.012230020343504162,2.285057100371749,15.890706319702602,0.006381710269403211,0.4929364202292669,5.6011759621451125,36.843533123028394,0.015614239272951093,2.82998018927445,22.52492113564669,0.007835530045022196,1.8630914826498424,0.00402220134195386,1.9444468750000041,16.553125,0.005470102952261012,1.0,1
9297.0,2021-12-10 06:05:00,395.08,395.15,395.08,395.15,350.0,1p,1p,0.0,sell,False,0.5669516607923651,1.1499999999999773,24.0,0.002918781725888267,0.029018044527846343,0.13940954344459952,0.1539185657085227,0.00038989783760093544,62.81801417133243,86.5747893354505,74.66721145583955,110.38994509467238,350.0,1.1499999999999773,0.0,1.1499999999999773,24.0,0.002918781725888267,1.1499999999999773,0.0,0.0,1.0,1.0,0.029018044527846343,0.1539185657085227,0.13940954344459952,62.81801417133243,86.5747893354505,74.66721145583955,110.38994509467238,47.36842105262913,38.011695906435996,24.639167810933518,0.017717930545710536,0.017717930545710536,0.0,0.0,0.06999999999999318,1.0,9298.0,9298.0,2021-12-10,2021-12-10 06:05:00,0.3745413134252718,59.0,1.0,best_within_2.0d,9356.0,393.67,0.5832424107187206,4.3760036431226785,32.22527881040892,0.012230020343504162,2.285057100371749,15.890706319702602,0.006381710269403211,0.4929364202292669,5.6011759621451125,36.843533123028394,0.015614239272951093,2.82998018927445,22.52492113564669,0.007835530045022196,1.8630914826498424,0.00402220134195386,1.9444468750000041,16.553125,0.005470102952261012,0.0,1
9298.0,2021-12-10 06:10:00,395.15,395.15,395.1,395.1,1759.0,1p,1p,0.0,sell,False,0.5669516607923651,1.1499999999999773,25.0,0.002918781725888267,0.027905936918387886,0.142897785559398,0.15685075401859194,0.0003973006220571242,60.83075676454624,87.8447313518416,79.05971808784022,105.41475787984439,1759.0,1.1499999999999773,0.0,1.1499999999999773,25.0,0.002918781725888267,1.1499999999999773,0.0,0.0,1.0,1.0,0.027905936918387886,0.15685075401859194,0.142897785559398,60.83075676454624,87.8447313518416,79.05971808784022,105.41475787984439,47.92899408283882,38.4615384615426,23.662006117979853,-0.012653422750842597,0.012655024044534174,0.0,0.0,0.049999999999954525,0.0,9299.0,9299.0,2021-12-10,2021-12-10 06:10:00,0.3619336876740083,58.0,1.0,best_within_2.0d,9356.0,393.67,0.5832424107187206,4.3760036431226785,32.22527881040892,0.012230020343504162,2.285057100371749,15.890706319702602,0.006381710269403211,0.4929364202292669,5.6011759621451125,36.843533123028394,0.015614239272951093,2.82998018927445,22.52492113564669,0.007835530045022196,1.8630914826498424,0.00402220134195386,1.9444468750000041,16.553125,0.005470102952261012,0.0,1
9299.0,2021-12-10 06:15:00,395.18,395.18,395.18,395.18,300.0,1p,1p,0.0,sell,False,0.5669516607923651,1.1800000000000068,26.0,0.0029949238578680375,0.03335129663064512,0.14706669763822863,0.1637423459535512,0.0004147266604924391,62.855496229647066,91.8964875678944,83.33864124785828,109.01218020796665,300.0,1.1800000000000068,0.0,1.1800000000000068,26.0,0.0029949238578680375,1.1800000000000068,0.0,0.0,1.0,1.0,0.03335129663064512,0.1637423459535512,0.14706669763822863,62.855496229647066,91.8964875678944,83.33864124785828,109.01218020796665,43.636363636364386,39.393939393944095,22.336826327487703,0.0,0.0,0.0,0.0,0.0,0.0,9300.0,9300.0,2021-12-10,2021-12-10 06:15:00,0.38210435750796873,57.0,1.0,best_within_2.0d,9356.0,393.67,0.5832424107187206,4.3760036431226785,32.22527881040892,0.012230020343504162,2.285057100371749,15.890706319702602,0.006381710269403211,0.4929364202292669,5.6011759621451125,36.843533123028394,0.015614239272951093,2.82998018927445,22.52492113564669,0.007835530045022196,1.8630914826498424,0.00402220134195386,1.9444468750000041,16.553125,0.005470102952261012,0.0,1
9300.0,2021-12-10 06:20:00,395.15,395.28,395.13,395.28,2300.0,1p,1p,0.0,sell,False,0.5669516607923651,1.2799999999999727,27.0,0.003248730964466936,0.04509798726843717,0.15270394604678328,0.17525293968100186,0.00044384238385884376,65.2720570127588,94.59765837859626,87.09164695810426,109.60968121958024,2300.0,1.2799999999999727,0.0,1.2799999999999727,27.0,0.003248730964466936,1.2799999999999727,0.0,0.0,1.0,1.0,0.04509798726843717,0.17525293968100186,0.15270394604678328,65.2720570127588,94.59765837859626,87.09164695810426,109.60968121958024,43.67816091953948,37.356321839085496,21.298582906932065,0.032898899152219524,0.03796218965909379,0.0,0.01999999999998181,0.12999999999999545,1.0,9301.0,9301.0,2021-12-10,2021-12-10 06:20:00,0.4073062133171314,56.0,1.0,best_within_2.0d,9356.0,393.67,0.5832424107187206,4.3760036431226785,32.22527881040892,0.012230020343504162,2.285057100371749,15.890706319702602,0.006381710269403211,0.4929364202292669,5.6011759621451125,36.843533123028394,0.015614239272951093,2.82998018927445,22.52492113564669,0.007835530045022196,1.8630914826498424,0.00402220134195386,1.9444468750000041,16.553125,0.005470102952261012,0.0,1
9301.0,2021-12-10 06:25:00,395.35,395.4,395.35,395.4,800.0,1p,1p,0.0,sell,False,0.5669516607923651,1.3999999999999773,28.0,0.003553299492385729,0.06262836823675799,0.16053249207637804,0.19184667619475704,0.00048581761496478427,67.96538132061471,96.39843891906418,90.19391094509089,108.80749486701075,800.0,1.3999999999999773,0.0,1.3999999999999773,28.0,0.003553299492385729,1.3999999999999773,0.0,0.0,1.0,1.0,0.06262836823675799,0.19184667619475704,0.16053249207637804,67.96538132061471,96.39843891906418,90.19391094509089,108.80749486701075,53.65853658536602,26.21951219512605,22.23090877344843,0.012647021626395477,0.012647021626395477,0.0,0.0,0.049999999999954525,1.0,9302.0,9302.0,2021-12-10,2021-12-10 06:25:00,0.43753161355588305,55.0,1.0,best_within_2.0d,9356.0,393.67,0.5832424107187206,4.3760036431226785,32.22527881040892,0.012230020343504162,2.285057100371749,15.890706319702602,0.006381710269403211,0.4929364202292669,5.6011759621451125,36.843533123028394,0.015614239272951093,2.82998018927445,22.52492113564669,0.007835530045022196,1.8630914826498424,0.00402220134195386,1.9444468750000041,16.553125,0.005470102952261012,0.0,1
9302.0,2021-12-10 06:30:00,395.44,395.44,395.43,395.43,818.0,1p,1p,0.0,sell,False,0.5669516607923651,1.4399999999999977,29.0,0.003654822335025375,0.07123496051068468,0.16943686214021364,0.20505434239555598,0.0005192115227524216,68.62058913516373,96.98167532875941,92.45649907298039,106.03202784031743,818.0,1.4399999999999977,0.0,1.4399999999999977,29.0,0.003654822335025375,1.4399999999999977,0.0,0.0,1.0,1.0,0.07123496051068468,0.20505434239555598,0.16943686214021364,68.62058913516373,96.98167532875941,92.45649907298039,106.03202784031743,62.162162162162474,22.29729729730363,24.014415289629913,-0.0025288286465686084,0.0025288925979290657,0.0,0.0,0.009999999999990905,0.0,9303.0,9303.0,2021-12-10,2021-12-10 06:30:00,0.4450850972359181,54.0,1.0,best_within_2.0d,9356.0,393.67,0.5832424107187206,4.3760036431226785,32.22527881040892,0.012230020343504162,2.285057100371749,15.890706319702602,0.006381710269403211,0.4929364202292669,5.6011759621451125,36.843533123028394,0.015614239272951093,2.82998018927445,22.52492113564669,0.007835530045022196,1.8630914826498424,0.00402220134195386,1.9444468750000041,16.553125,0.005470102952261012,0.0,1
9303.0,2021-12-10 06:40:00,395.43,395.49,395.43,395.48,1330.0,1p,1p,0.0,sell,False,0.5669516607923651,1.490000000000009,30.0,0.0037817258883248964,0.07618747079325622,0.17896029598937066,0.21705403138599877,0.000549539284748446,69.73175818862451,97.3588527348968,94.09061696028586,103.89532428411869,1330.0,1.490000000000009,0.0,1.490000000000009,30.0,0.0037817258883248964,1.490000000000009,0.0,0.0,1.0,1.0,0.07618747079325622,0.21705403138599877,0.17896029598937066,69.73175818862451,97.3588527348968,94.09061696028586,103.89532428411869,65.54054054054158,18.24324324324947,26.33135797631454,0.012644462989659704,0.01517335558758877,0.009999999999990905,0.0,0.05000000000001137,1.0,9304.0,9304.0,2021-12-10,2021-12-10 06:40:00,0.45767169009810915,53.0,1.0,best_within_2.0d,9356.0,393.67,0.5832424107187206,4.3760036431226785,32.22527881040892,0.012230020343504162,2.285057100371749,15.890706319702602,0.006381710269403211,0.4929364202292669,5.6011759621451125,36.843533123028394,0.015614239272951093,2.82998018927445,22.52492113564669,0.007835530045022196,1.8630914826498424,0.00402220134195386,1.9444468750000041,16.553125,0.005470102952261012,0.0,1
9304.0,2021-12-10 06:45:00,395.48,395.49,395.48,395.48,1500.0,1p,1p,0.0,sell,False,0.5669516607923645,1.490000000000009,31.0,0.0037817258883248964,0.07203464146361849,0.18796462617232296,0.2239819469041322,0.0005670256915110562,69.73175818862453,97.6103043389884,95.26384608652003,102.30322084392515,1500.0,1.490000000000009,0.0,1.490000000000009,31.0,0.0037817258883248964,1.490000000000009,0.0,0.0,1.0,1.0,0.07203464146361849,0.2239819469041322,0.18796462617232296,69.73175818862453,97.6103043389884,95.26384608652003,102.30322084392515,67.36111111111312,15.277777777783644,28.952347412579424,0.0,0.0025285728734679136,0.009999999999990905,0.0,0.0,0.0,9305.0,9305.0,2021-12-10,2021-12-10 06:45:00,0.45767169009810915,52.0,1.0,best_within_2.0d,9356.0,393.67,0.5832424107187206,4.3760036431226785,32.22527881040892,0.012230020343504162,2.285057100371749,15.890706319702602,0.006381710269403211,0.4929364202292669,5.6011759621451125,36.843533123028394,0.015614239272951093,2.82998018927445,22.52492113564669,0.007835530045022196,1.8630914826498424,0.00402220134195386,1.9444468750000041,16.553125,0.005470102952261012,0.0,1
9305.0,2021-12-10 06:50:00,395.57,395.59,395.52,395.59,2078.0,1p,1p,0.0,sell,False,0.5669516607923651,1.589999999999975,32.0,0.004035532994923794,0.07626816436117129,0.19749814671746937,0.23563222889805502,0.0005964545310379646,72.23988060234366,98.40686955932559,96.31152057745521,102.59756752306635,2078.0,1.589999999999975,0.0,1.589999999999975,32.0,0.004035532994923794,1.589999999999975,0.0,0.0,1.0,1.0,0.07626816436117129,0.23563222889805502,0.19749814671746937,72.23988060234366,98.40686955932559,96.31152057745521,102.59756752306635,64.7058823529429,16.176470588241994,31.170036883108583,0.0050559951462400615,0.017698220064723196,0.0,0.05000000000001137,0.01999999999998181,1.0,9306.0,9306.0,2021-12-10,2021-12-10 06:50:00,0.48535099471674187,51.0,1.0,best_within_2.0d,9356.0,393.67,0.5832424107187206,4.3760036431226785,32.22527881040892,0.012230020343504162,2.285057100371749,15.890706319702602,0.006381710269403211,0.4929364202292669,5.6011759621451125,36.843533123028394,0.015614239272951093,2.82998018927445,22.52492113564669,0.007835530045022196,1.8630914826498424,0.00402220134195386,1.9444468750000041,16.553125,0.005470102952261012,0.0,1
9306.0,2021-12-10 06:55:00,395.66,395.68,395.37,395.37,4981.0,1p,1p,0.0,sell,False,0.5669516607923651,1.6800000000000068,33.0,0.004263959390862961,0.04324267340452137,0.2029034808930345,0.2245248175952952,0.0005683048167100283,61.29948472195517,81.12182108552678,91.24828741347906,60.86888842962219,4981.0,1.6800000000000068,0.0,1.6800000000000068,33.0,0.004263959390862961,1.6800000000000068,0.0,0.0,1.0,1.0,0.04324267340452137,0.2245248175952952,0.2029034808930345,61.29948472195517,81.12182108552678,91.24828741347906,60.86888842962219,51.92307692307888,23.717948717953483,31.60704393383035,-0.07329525350048538,0.07840756759491167,0.01999999999998181,0.0,0.29000000000002046,0.0,9307.0,9307.0,2021-12-10,2021-12-10 06:55:00,0.4299769835849935,50.0,1.0,best_within_2.0d,9356.0,393.67,0.5832424107187206,4.3760036431226785,32.22527881040892,0.012230020343504162,2.285057100371749,15.890706319702602,0.006381710269403211,0.4929364202292669,5.6011759621451125,36.843533123028394,0.015614239272951093,2.82998018927445,22.52492113564669,0.007835530045022196,1.8630914826498424,0.00402220134195386,1.9444468750000041,16.553125,0.005470102952261012,1.0,1
9316.0,2021-12-10 07:45:00,394.65,394.65,394.4,394.529,15707.0,2s,2s,1.0,buy,False,0.1419354838709843,4.163492493946733,28.239017640954685,0.011578080659927173,-0.20563679962554143,0.045618838776215954,-0.05719956103655477,-0.00014482145760751772,33.44493494146721,11.119891542543895,15.329024423463302,2.701625780705079,15707.0,1.2800000000000296,1.0,1.5500000000000114,32.0,0.003943317984074112,1.2800000000000296,11.0,0.00323493732308944,1.0,2.5,-0.20563679962554143,-0.05719956103655477,0.045618838776215954,33.44493494146721,11.119891542543895,15.329024423463302,2.701625780705079,6.705783738473192,49.036043587593255,33.333690546129255,-0.030660078550609628,0.06338742393509128,0.0,0.1290000000000191,0.1209999999999809,0.0,9317.0,9317.0,2021-12-10,2021-12-10 07:45:00,0.8949912427223362,98.0,1.0,best_within_2.0d,9414.0,398.06,0.5832424107187206,4.3760036431226785,32.22527881040892,0.012230020343504162,2.285057100371749,15.890706319702602,0.006381710269403211,0.1419354838709843,1.5500000000000114,32.0,0.003943317984074112,1.2800000000000296,11.0,0.00323493732308944,1.0,0.00402220134195386,1.9444468750000041,16.553125,0.005470102952261012,1.0,0
9321.0,2021-12-10 08:10:00,394.58,394.58,394.39,394.48,17740.0,2s,2s,1.0,buy,False,0.1483870967742042,4.163492493946733,28.239017640954685,0.011578080659927173,-0.14073389761227137,-0.059432448332391044,-0.12979939713852673,-0.00032874438258112526,34.37734871602102,39.39085545645346,30.76508509505979,56.64239617924079,17740.0,1.2900000000000205,1.0,1.5500000000000114,32.0,0.003943317984074112,1.2900000000000205,16.0,0.0032602102709260524,1.0,2.5,-0.14073389761227137,-0.12979939713852673,-0.059432448332391044,34.37734871602102,39.39085545645346,30.76508509505979,56.64239617924079,2.659317280726134,47.86771105308965,49.217714178855964,-0.02534340311216126,0.04817566368315569,0.0,0.09000000000003183,0.0999999999999659,0.0,9322.0,9322.0,2021-12-10,2021-12-10 08:10:00,0.9075238288379599,93.0,1.0,best_within_2.0d,9414.0,398.06,0.5832424107187206,4.3760036431226785,32.22527881040892,0.012230020343504162,2.285057100371749,15.890706319702602,0.006381710269403211,0.1483870967742042,1.5500000000000114,32.0,0.003943317984074112,1.2900000000000205,16.0,0.0032602102709260524,1.0,0.00402220134195386,1.9444468750000041,16.553125,0.005470102952261012,0.0,0
9325.0,2021-12-10 08:30:00,394.58,396.93,394.32,396.93,444029.0,2s,2s,1.0,buy,False,0.1935483870967801,4.163492493946733,28.239017640954685,0.011578080659927173,0.2644993291021762,-0.042052165353615556,0.09019749919747255,0.0002283595858260313,76.39608654598692,68.96489736623607,53.955834856589306,98.98302238552961,444029.0,1.3600000000000136,1.0,1.5500000000000114,32.0,0.003943317984074112,1.3600000000000136,20.0,0.0034371209057824847,1.0,2.5,0.2644993291021762,0.09019749919747255,-0.042052165353615556,76.39608654598692,68.96489736623607,53.955834856589306,98.98302238552961,37.050812542915224,23.6037994964525,48.15161607148964,0.5955699731359985,0.661898965307368,0.0,0.2599999999999909,2.3500000000000227,1.0,9326.0,9326.0,2021-12-10,2021-12-10 08:30:00,0.2846849570453217,89.0,1.0,best_within_2.0d,9414.0,398.06,0.5832424107187206,4.3760036431226785,32.22527881040892,0.012230020343504162,2.285057100371749,15.890706319702602,0.006381710269403211,0.1935483870967801,1.5500000000000114,32.0,0.003943317984074112,1.3600000000000136,20.0,0.0034371209057824847,1.0,0.00402220134195386,1.9444468750000041,16.553125,0.005470102952261012,1.0,0
9338.0,2021-12-10 09:35:00,397.65,398.06,396.76,397.75,1731601.0,1,1,0.0,sell,False,2.815696022624749,3.740000000000009,14.0,0.009484682491377584,0.13866739486401447,0.5211206294417184,0.5904543268737257,0.0014897711331279028,70.70164228899564,60.90800949153035,55.23279294698614,72.25844258061878,1731601.0,3.740000000000009,1.0,3.740000000000009,14.0,0.009484682491377584,3.740000000000009,14.0,0.009484682491377584,1.0,1.0,0.13866739486401447,0.5904543268737257,0.5211206294417184,70.70164228899564,60.90800949153035,55.23279294698614,72.25844258061878,41.679594580618115,9.204674733684685,48.50357154778487,0.025147742990072358,0.32765399737877093,0.3100000000000023,0.8899999999999864,0.10000000000002274,1.0,9339.0,9339.0,2021-12-10,2021-12-10 09:35:00,1.0257699560025102,18.0,1.0,best_within_2.0d,9356.0,393.67,0.5832424107187206,4.3760036431226785,32.22527881040892,0.012230020343504162,2.285057100371749,15.890706319702602,0.006381710269403211,0.4929364202292669,5.6011759621451125,36.843533123028394,0.015614239272951093,2.82998018927445,22.52492113564669,0.007835530045022196,1.8630914826498424,0.00402220134195386,1.9444468750000041,16.553125,0.005470102952261012,1.0,1
9352.0,2021-12-10 10:45:00,395.36,395.49,394.14,394.16,742906.0,2s,2s,1.0,buy,False,0.30967741935484816,4.163492493946733,28.239017640954685,0.011578080659927173,-0.5230700656400453,0.0963358098844812,-0.16519922293554146,-0.00041709072047993646,35.608509835911775,22.134497396255245,36.91076361047814,-7.418035032190545,742906.0,3.920000000000016,1.0,1.5500000000000114,32.0,0.003943317984074112,3.920000000000016,15.0,0.00984776164397331,2.0,2.5,-0.5230700656400453,-0.16519922293554146,0.0963358098844812,35.608509835911775,22.134497396255245,36.91076361047814,-7.418035032190545,11.519935184540376,31.014577148752544,31.270772004929576,-0.303520841764465,0.34251788704521813,0.12999999999999545,0.020000000000038654,1.1999999999999886,0.0,9353.0,9353.0,2021-12-10,2021-12-10 10:45:00,0.9894459102902317,62.0,1.0,best_within_2.0d,9414.0,398.06,0.5832424107187206,4.3760036431226785,32.22527881040892,0.012230020343504162,2.285057100371749,15.890706319702602,0.006381710269403211,0.30967741935484816,1.5500000000000114,32.0,0.003943317984074112,3.920000000000016,15.0,0.00984776164397331,2.0,0.00402220134195386,1.9444468750000041,16.553125,0.005470102952261012,0.0,0
9353.0,2021-12-10 10:50:00,394.18,394.93,394.086,394.84,572180.0,2s,2s,1.0,buy,False,0.34451612903225026,4.163492493946733,28.239017640954685,0.011578080659927173,-0.5354260996096203,0.02940754743327867,-0.23830550237153147,-0.0006018065653990464,41.58929774492202,21.749468306833524,31.856998509263267,1.534407901974042,572180.0,3.9739999999999895,1.0,1.5500000000000114,32.0,0.003943317984074112,3.9739999999999895,16.0,0.009983419584987161,2.0,2.5,-0.5354260996096203,-0.23830550237153147,0.02940754743327867,41.58929774492202,21.749468306833524,31.856998509263267,1.534407901974042,12.42091901151311,28.55378189685155,31.849484079695312,0.16743619666141565,0.2141664509777039,0.09000000000003183,0.09399999999999409,0.6599999999999682,1.0,9354.0,9354.0,2021-12-10,2021-12-10 10:50:00,0.8155202107182726,61.0,1.0,best_within_2.0d,9414.0,398.06,0.5832424107187206,4.3760036431226785,32.22527881040892,0.012230020343504162,2.285057100371749,15.890706319702602,0.006381710269403211,0.34451612903225026,1.5500000000000114,32.0,0.003943317984074112,3.9739999999999895,16.0,0.009983419584987161,2.0,0.00402220134195386,1.9444468750000041,16.553125,0.005470102952261012,0.0,0
9356.0,2021-12-10 11:05:00,394.12,394.289,393.36,393.67,758146.0,2s,2s,1.0,buy,False,0.8129032258064398,4.163492493946733,28.239017640954685,0.011578080659927173,-0.6153539695782261,-0.1753751317690428,-0.48305211655815583,-0.0012209669366223712,35.86975085369363,13.576094641896054,21.227202267123708,-1.7261206085592562,758146.0,4.699999999999989,1.0,1.5500000000000114,32.0,0.003943317984074112,4.699999999999989,19.0,0.011807265236396495,2.0,2.5,-0.6153539695782261,-0.48305211655815583,-0.1753751317690428,35.86975085369363,13.576094641896054,21.227202267123708,-1.7261206085592562,16.069987316960464,32.096736999884875,30.713483392570087,-0.11417842281538329,0.23617042912344255,0.16899999999998272,0.3100000000000023,0.44999999999998863,0.0,9357.0,9357.0,2021-12-10,2021-12-10 11:05:00,1.1151472045113893,58.0,1.0,best_within_2.0d,9414.0,398.06,0.5832424107187206,4.3760036431226785,32.22527881040892,0.012230020343504162,2.285057100371749,15.890706319702602,0.006381710269403211,0.8129032258064398,1.5500000000000114,32.0,0.003943317984074112,4.699999999999989,19.0,0.011807265236396495,2.0,0.00402220134195386,1.9444468750000041,16.553125,0.005470102952261012,1.0,0
9363.0,2021-12-10 11:40:00,394.88,395.84,394.745,395.84,527606.0,2,2,0.0,sell,False,0.5276595744680782,4.163492493946733,28.239017640954685,0.011578080659927173,0.13661202343420953,-0.3666315522838412,-0.29832554056673644,-0.0007546301262713457,53.60933252673025,75.3642275865404,57.64405372187815,110.8045753158649,527606.0,2.4799999999999613,1.0,4.699999999999989,19.0,0.011807265236396495,2.4799999999999613,8.0,0.006304657311368623,2.0,2.0,0.13661202343420953,-0.29832554056673644,-0.3666315522838412,53.60933252673025,75.3642275865404,57.64405372187815,110.8045753158649,19.60293626960227,26.27794461127794,33.61429084147245,0.24311183144245835,0.2773942671851373,0.0,0.1349999999999909,0.9599999999999795,1.0,9364.0,9364.0,2021-12-10,2021-12-10 11:40:00,0.15410266774453235,51.0,1.0,best_within_2.0d,9414.0,395.23,0.5276595744680782,4.699999999999989,19.0,0.011807265236396495,2.4799999999999613,8.0,0.006304657311368623,0.4929364202292669,5.6011759621451125,36.843533123028394,0.015614239272951093,2.82998018927445,22.52492113564669,0.007835530045022196,1.8630914826498424,0.00402220134195386,1.9444468750000041,16.553125,0.005470102952261012,0.0,1
9364.0,2021-12-10 11:45:00,395.84,396.4,395.81,396.24,555684.0,2,2,0.0,sell,False,0.6468085106382917,4.163492493946733,28.239017640954685,0.011578080659927173,0.29927551703925626,-0.3292221126539342,-0.17958435413430607,-0.0004541903440888637,56.14974311642956,81.82176575944831,65.70329106773487,114.0587151428752,555684.0,3.0399999999999636,1.0,4.699999999999989,19.0,0.011807265236396495,3.0399999999999636,9.0,0.007728289607484146,2.0,2.0,0.29927551703925626,-0.17958435413430607,-0.3292221126539342,56.14974311642956,81.82176575944831,65.70329106773487,114.0587151428752,24.791276196966603,22.09916510478803,31.62336142920771,0.10105092966856156,0.1490614183572863,0.15999999999996817,0.029999999999972715,0.4000000000000341,1.0,9365.0,9365.0,2021-12-10,2021-12-10 11:45:00,0.25489602261255573,50.0,1.0,best_within_2.0d,9414.0,395.23,0.6468085106382917,4.699999999999989,19.0,0.011807265236396495,3.0399999999999636,9.0,0.007728289607484146,0.4929364202292669,5.6011759621451125,36.843533123028394,0.015614239272951093,2.82998018927445,22.52492113564669,0.007835530045022196,1.8630914826498424,0.00402220134195386,1.9444468750000041,16.553125,0.005470102952261012,0.0,1
9365.0,2021-12-10 11:50:00,396.17,396.5362,395.89,396.01,385993.0,2,2,0.0,sell,False,0.6757872340425536,4.163492493946733,28.239017640954685,0.011578080659927173,0.3621881113427383,-0.2839485987360919,-0.10285454306472275,-0.0002601014672659376,54.30816170050716,82.0659129331935,71.15749835622108,103.88274208713835,385993.0,3.1761999999999944,1.0,4.699999999999989,19.0,0.011807265236396495,3.1761999999999944,10.0,0.008074537319503748,2.0,2.0,0.3621881113427383,-0.10285454306472275,-0.2839485987360919,54.30816170050716,82.0659129331935,71.15749835622108,103.88274208713835,25.762419444867025,21.938059234451504,29.93722462639649,-0.04038670267814953,0.16322715905934015,0.3661999999999921,0.12000000000000455,0.160000000000025,0.0,9366.0,9366.0,2021-12-10,2021-12-10 11:50:00,0.19696472311304583,49.0,1.0,best_within_2.0d,9414.0,395.23,0.6757872340425536,4.699999999999989,19.0,0.011807265236396495,3.1761999999999944,10.0,0.008074537319503748,0.4929364202292669,5.6011759621451125,36.843533123028394,0.015614239272951093,2.82998018927445,22.52492113564669,0.007835530045022196,1.8630914826498424,0.00402220134195386,1.9444468750000041,16.553125,0.005470102952261012,1.0,1
9380.0,2021-12-10 13:05:00,396.43,396.88,396.29,396.76,209151.0,2s,2s,0.0,sell,False,0.7489361702127639,4.163492493946733,28.239017640954685,0.011578080659927173,0.22106626968457738,0.1016228702480326,0.2121560050903213,0.000535945628602218,60.092745834331126,79.00364913427985,65.5702816869994,105.87038402884079,209151.0,1.75,1.0,4.699999999999989,19.0,0.011807265236396495,1.75,7.0,0.004428922126894946,1.0,2.5,0.22106626968457738,0.2121560050903213,0.1016228702480326,60.092745834331126,79.00364913427985,65.5702816869994,105.87038402884079,21.21712158808861,17.43052109181126,22.714553846397074,0.08324294326866889,0.14888087006989198,0.12000000000000455,0.13999999999998636,0.3299999999999841,1.0,9381.0,9381.0,2021-12-10,2021-12-10 13:05:00,0.38562355076115856,34.0,1.0,best_within_2.0d,9414.0,395.23,0.5832424107187206,4.3760036431226785,32.22527881040892,0.012230020343504162,2.285057100371749,15.890706319702602,0.006381710269403211,0.7489361702127639,4.699999999999989,19.0,0.011807265236396495,1.75,7.0,0.004428922126894946,1.0,0.00402220134195386,1.9444468750000041,16.553125,0.005470102952261012,0.0,1
9381.0,2021-12-10 13:10:00,396.78,396.94,396.5618,396.6,252572.0,2s,2s,0.0,sell,False,0.7617021276595729,4.163492493946733,28.239017640954685,0.011578080659927173,0.21989734014487683,0.12911003776614222,0.23905870783858063,0.0006038225359524708,58.040563920376385,79.74092262727359,70.29382866709079,98.63511054763919,252572.0,1.8100000000000023,1.0,4.699999999999989,19.0,0.011807265236396495,1.8100000000000023,8.0,0.00458077088553135,1.0,2.5,0.21989734014487683,0.23905870783858063,0.12911003776614222,58.040563920376385,79.74092262727359,70.29382866709079,98.63511054763919,23.083644140736467,14.669674760699595,22.683992943724512,-0.04536518977769797,0.09536975069207183,0.160000000000025,0.03820000000001755,0.17999999999994998,0.0,9382.0,9382.0,2021-12-10,2021-12-10 13:10:00,0.3454362077660122,33.0,1.0,best_within_2.0d,9414.0,395.23,0.5832424107187206,4.3760036431226785,32.22527881040892,0.012230020343504162,2.285057100371749,15.890706319702602,0.006381710269403211,0.7617021276595729,4.699999999999989,19.0,0.011807265236396495,1.8100000000000023,8.0,0.00458077088553135,1.0,0.00402220134195386,1.9444468750000041,16.553125,0.005470102952261012,1.0,1
9409.0,2021-12-10 15:30:00,396.73,397.19,396.72,397.17,318141.0,2s,2s,0.0,sell,False,0.8148936170212752,4.163492493946733,28.239017640954685,0.011578080659927173,0.1693344496106515,0.04109644556543322,0.12576367037075897,0.0003173251307192445,64.11077171020627,81.77525514050188,64.30999944971632,116.70576652207302,318141.0,1.660000000000025,1.0,4.699999999999989,19.0,0.011807265236396495,1.660000000000025,6.0,0.004196900361540275,2.0,2.5,0.1693344496106515,0.12576367037075897,0.04109644556543322,64.11077171020627,81.77525514050188,64.30999944971632,116.70576652207302,22.96763166328418,19.584802193498234,20.13512906240519,0.11090666196153498,0.11847146602136781,0.01999999999998181,0.009999999999990905,0.4399999999999977,1.0,9410.0,9410.0,2021-12-10,2021-12-10 15:30:00,0.4884558249616027,5.0,1.0,best_within_2.0d,9414.0,395.23,0.5832424107187206,4.3760036431226785,32.22527881040892,0.012230020343504162,2.285057100371749,15.890706319702602,0.006381710269403211,0.8148936170212752,4.699999999999989,19.0,0.011807265236396495,1.660000000000025,6.0,0.004196900361540275,2.0,0.00402220134195386,1.9444468750000041,16.553125,0.005470102952261012,0.0,1
9410.0,2021-12-10 15:35:00,397.16,397.24,396.9301,397.09,290543.0,2s,2s,0.0,sell,False,0.8255319148936181,4.163492493946733,28.239017640954685,0.011578080659927173,0.20223667009992677,0.06637602932792407,0.16749436437788745,0.0004225589625673297,62.45656339986885,84.92619348548018,71.18206412830426,112.41445219983203,290543.0,1.7100000000000364,1.0,4.699999999999989,19.0,0.011807265236396495,1.7100000000000364,7.0,0.004323313023032479,2.0,2.5,0.20223667009992677,0.16749436437788745,0.06637602932792407,62.45656339986885,84.92619348548018,71.18206412830426,112.41445219983203,23.98768393541275,15.574093301349782,20.21597472407573,-0.017625138483243534,0.07807419996619742,0.07999999999998408,0.15989999999999327,0.07000000000005002,0.0,9411.0,9411.0,2021-12-10,2021-12-10 15:35:00,0.4684076657684547,4.0,1.0,best_within_2.0d,9414.0,395.23,0.5832424107187206,4.3760036431226785,32.22527881040892,0.012230020343504162,2.285057100371749,15.890706319702602,0.006381710269403211,0.8255319148936181,4.699999999999989,19.0,0.011807265236396495,1.7100000000000364,7.0,0.004323313023032479,2.0,0.00402220134195386,1.9444468750000041,16.553125,0.005470102952261012,0.0,1
9411.0,2021-12-10 15:40:00,397.08,397.28,397.055,397.2401,268247.0,2s,2s,0.0,sell,False,0.8340425531914827,4.163492493946733,28.239017640954685,0.011578080659927173,0.23020535155315403,0.09515169827206832,0.21025437404864533,0.0005303498417907855,64.31692291741352,89.190795656987,77.18497463786517,113.20243769523069,268247.0,1.75,1.0,4.699999999999989,19.0,0.011807265236396495,1.75,8.0,0.004424443152226128,2.0,2.5,0.23020535155315403,0.21025437404864533,0.09515169827206832,64.31692291741352,89.190795656987,77.18497463786517,113.20243769523069,26.894293732460266,10.32896788275709,21.95073494385923,0.04031933111715521,0.05666721235092516,0.03989999999998872,0.024999999999977263,0.1600999999999999,1.0,9412.0,9412.0,2021-12-10,2021-12-10 15:40:00,0.5060163865631808,3.0,1.0,best_within_2.0d,9414.0,395.23,0.5832424107187206,4.3760036431226785,32.22527881040892,0.012230020343504162,2.285057100371749,15.890706319702602,0.006381710269403211,0.8340425531914827,4.699999999999989,19.0,0.011807265236396495,1.75,8.0,0.004424443152226128,2.0,0.00402220134195386,1.9444468750000041,16.553125,0.005470102952261012,0.0,1
9412.0,2021-12-10 15:45:00,397.25,397.41,397.06,397.155,422550.0,2s,2s,0.0,sell,False,0.861702127659579,4.163492493946733,28.239017640954685,0.011578080659927173,0.22307110819780407,0.12303558679679383,0.23457114089569586,0.0005916084228844214,62.42816213199906,88.27258717557919,80.88084548376983,103.0560705591979,422550.0,1.8800000000000523,1.0,4.699999999999989,19.0,0.011807265236396495,1.8800000000000523,9.0,0.004753116072105915,2.0,2.5,0.22307110819780407,0.23457114089569586,0.12303558679679383,62.42816213199906,88.27258717557919,80.88084548376983,103.0560705591979,29.031761901100506,10.189956163962675,23.814197854031686,-0.023914411579616688,0.08814788696922951,0.160000000000025,0.09499999999997044,0.09500000000002728,0.0,9413.0,9413.0,2021-12-10,2021-12-10 15:45:00,0.48469741033096764,2.0,1.0,best_within_2.0d,9414.0,395.23,0.5832424107187206,4.3760036431226785,32.22527881040892,0.012230020343504162,2.285057100371749,15.890706319702602,0.006381710269403211,0.861702127659579,4.699999999999989,19.0,0.011807265236396495,1.8800000000000523,9.0,0.004753116072105915,2.0,0.00402220134195386,1.9444468750000041,16.553125,0.005470102952261012,0.0,1
9413.0,2021-12-10 15:50:00,397.16,397.7,397.16,397.67,529438.0,2s,2s,0.0,sell,False,0.9234042553191458,4.163492493946733,28.239017640954685,0.011578080659927173,0.27039455638986604,0.15683490634552708,0.2920321845404601,0.0007363687477720489,68.46380277246944,91.60697910868117,84.45622335874027,105.90849060856297,529438.0,2.170000000000016,1.0,4.699999999999989,19.0,0.011807265236396495,2.170000000000016,10.0,0.005486309508760438,2.0,2.5,0.27039455638986604,0.2920321845404601,0.15683490634552708,68.46380277246944,91.60697910868117,84.45622335874027,105.90849060856297,31.47629271132687,9.643026090754072,25.90585123108232,0.12841172323496597,0.13596535401348664,0.029999999999972715,0.0,0.5099999999999909,1.0,9414.0,9414.0,2021-12-10,2021-12-10 15:50:00,0.6135740689516427,1.0,1.0,best_within_2.0d,9414.0,395.23,0.5832424107187206,4.3760036431226785,32.22527881040892,0.012230020343504162,2.285057100371749,15.890706319702602,0.006381710269403211,0.9234042553191458,4.699999999999989,19.0,0.011807265236396495,2.170000000000016,10.0,0.005486309508760438,2.0,0.00402220134195386,1.9444468750000041,16.553125,0.005470102952261012,0.0,1
9414.0,2021-12-10 15:55:00,395.49,395.665,395.13,395.23,379251.0,3a,3a,1.0,buy,False,0.0007608034083992984,4.163492493946733,28.239017640954685,0.011578080659927173,0.03226153861650031,0.02723057048028225,0.043361339788532405,0.00010959978620842988,46.140616910019304,34.91620301395147,55.31218085968407,-5.875752677513745,379251.0,1.4062000000000126,2.0,1.4062000000000126,10.0,0.003546208391566804,1.4062000000000126,10.0,0.003546208391566804,3.0,3.0,0.03226153861650031,0.043361339788532405,0.02723057048028225,46.140616910019304,34.91620301395147,55.31218085968407,-5.875752677513745,19.33370032393915,17.62507675043915,31.566423814159112,-0.06574123239525421,0.1353984764507947,0.17500000000001137,0.10000000000002274,0.2599999999999909,0.0,9415.0,9415.0,2021-12-10,2021-12-10 15:55:00,2.0540172048918044,173.78554736652885,0.0,,14281.267661333814,366.3529484630595,0.5832424107187206,4.3760036431226785,32.22527881040892,0.012230020343504162,2.285057100371749,15.890706319702602,0.006381710269403211,0.4929364202292669,5.6011759621451125,36.843533123028394,0.015614239272951093,2.82998018927445,22.52492113564669,0.007835530045022196,1.8630914826498424,0.0007608034083992984,1.4062000000000126,10.0,0.003546208391566804,0.0,0
9414.0,2021-12-10 15:55:00,397.65,398.28,397.57,398.06,939858.0,1,1,0.0,sell,False,0.9188583142428263,2.75,11.0,0.006952696382069629,0.3327995574271816,0.19843485102392477,0.36483462973751557,0.0009196889865968476,72.1167722391517,91.18601978031968,86.69948883260008,100.1590816757589,939858.0,2.75,2.0,2.75,11.0,0.006952696382069629,2.75,11.0,0.006952696382069629,1.0,1.0,0.3327995574271816,0.36483462973751557,0.19843485102392477,72.1167722391517,91.18601978031968,86.69948883260008,100.1590816757589,38.961696098769146,7.465128438665233,28.90124140508188,0.10310574625927951,0.17858490328746623,0.21999999999997044,0.07999999999998408,0.410000000000025,1.0,9415.0,9415.0,2021-12-10,2021-12-10 15:55:00,2.0540172048918044,173.78554736652885,0.0,,14281.267661333814,366.3529484630595,0.5832424107187206,4.3760036431226785,32.22527881040892,0.012230020343504162,2.285057100371749,15.890706319702602,0.006381710269403211,0.4929364202292669,5.6011759621451125,36.843533123028394,0.015614239272951093,2.82998018927445,22.52492113564669,0.007835530045022196,1.8630914826498424,0.00402220134195386,1.9444468750000041,16.553125,0.005470102952261012,1.0,1
9417.0,2021-12-10 16:10:00,397.579,397.663,397.49,397.54,172982.0,3a,3a,0.0,sell,False,0.003694581280788246,4.163492493946733,28.239017640954685,0.011578080659927173,0.14098402864861298,-0.2021550215526325,-0.13166300722832602,-0.00033132394659077816,52.035330965885585,72.11833329416055,55.3120671571142,105.73086556825325,172982.0,1.108000000000004,2.0,1.108000000000004,10.0,0.00279406387512452,1.108000000000004,10.0,0.00279406387512452,3.0,3.0,0.14098402864861298,-0.13166300722832602,-0.2021550215526325,52.035330965885585,72.11833329416055,55.3120671571142,105.73086556825325,15.352330461674429,21.37808072201575,27.669081790747533,-0.009809371219301638,0.04352310749956019,0.08400000000000318,0.05000000000001137,0.03899999999998727,0.0,9418.0,9418.0,2021-12-10,2021-12-10 16:10:00,2.0540172048918044,173.78554736652885,0.0,,14281.267661333814,366.3529484630595,0.5832424107187206,4.3760036431226785,32.22527881040892,0.012230020343504162,2.285057100371749,15.890706319702602,0.006381710269403211,0.4929364202292669,5.6011759621451125,36.843533123028394,0.015614239272951093,2.82998018927445,22.52492113564669,0.007835530045022196,1.8630914826498424,0.003694581280788246,1.108000000000004,10.0,0.00279406387512452,0.0,1
9460.0,2021-12-13 04:00:00,398.71,399.3,398.71,399.25,3234.0,1,1,0.0,sell,False,0.9188583142428483,3.7700000000000387,57.0,0.009531514676510098,0.18450597475024907,0.08381868169707608,0.17607166907220062,0.00044259499038164343,82.81708759844744,82.47844890086314,80.95448820533687,85.52637029191567,3234.0,3.7700000000000387,2.0,3.7700000000000387,57.0,0.009531514676510098,3.7700000000000387,57.0,0.009531514676510098,1.0,1.0,0.18450597475024907,0.17607166907220062,0.08381868169707608,82.81708759844744,82.47844890086314,80.95448820533687,85.52637029191567,71.698113207546,18.490566037735555,19.329047007242167,0.13543678362720285,0.14797722655564993,0.05000000000001137,0.0,0.5400000000000205,1.0,9461.0,9461.0,2021-12-13,2021-12-13 04:00:00,3.8359423919849713,292.0,1.0,best_within_2.0d,9752.0,383.935,0.5832424107187206,4.3760036431226785,32.22527881040892,0.012230020343504162,2.285057100371749,15.890706319702602,0.006381710269403211,0.4929364202292669,5.6011759621451125,36.843533123028394,0.015614239272951093,2.82998018927445,22.52492113564669,0.007835530045022196,1.8630914826498424,0.00402220134195386,1.9444468750000041,16.553125,0.005470102952261012,0.0,1
9461.0,2021-12-13 04:05:00,399.35,399.35,399.27,399.28,815.0,1,1,0.0,sell,False,0.9188583142428265,3.82000000000005,58.0,0.009657927338002302,0.2910355579015551,0.12019812643477046,0.265715905385548,0.0006677536137237395,83.04843497172729,86.91334344394794,82.9407732848739,94.858483762096,815.0,3.82000000000005,2.0,3.82000000000005,58.0,0.009657927338002302,3.82000000000005,58.0,0.009657927338002302,1.0,1.0,0.2910355579015551,0.265715905385548,0.12019812643477046,83.04843497172729,86.91334344394794,82.9407732848739,94.858483762096,77.68924302788702,9.960159362549385,23.467881311919708,-0.017528483786165023,0.02003656673430033,0.0,0.009999999999990905,0.07000000000005002,0.0,9462.0,9462.0,2021-12-13,2021-12-13 04:05:00,3.8431677018633468,291.0,1.0,best_within_2.0d,9752.0,383.935,0.5832424107187206,4.3760036431226785,32.22527881040892,0.012230020343504162,2.285057100371749,15.890706319702602,0.006381710269403211,0.4929364202292669,5.6011759621451125,36.843533123028394,0.015614239272951093,2.82998018927445,22.52492113564669,0.007835530045022196,1.8630914826498424,0.00402220134195386,1.9444468750000041,16.553125,0.005470102952261012,0.0,1
9462.0,2021-12-13 04:10:00,399.3,399.67,399.3,399.67,1695.0,1,1,0.0,sell,False,1.077163470448081,4.140000000000043,59.0,0.010466968371552204,0.39013580296898737,0.16896510180589389,0.36403300329038757,0.0009145309543502789,85.73692796045741,91.27556229596529,85.71903628857103,102.38861431075378,1695.0,4.140000000000043,2.0,4.140000000000043,59.0,0.010466968371552204,4.140000000000043,59.0,0.010466968371552204,1.0,1.0,0.39013580296898737,0.36403300329038757,0.16896510180589389,85.73692796045741,91.27556229596529,85.71903628857103,102.38861431075378,79.37062937062719,8.741258741258353,27.517227658120476,0.0926621587778624,0.0926621587778624,0.0,0.0,0.37000000000000455,1.0,9463.0,9463.0,2021-12-13,2021-12-13 04:10:00,3.936998023369283,290.0,1.0,best_within_2.0d,9752.0,383.935,0.5832424107187206,4.3760036431226785,32.22527881040892,0.012230020343504162,2.285057100371749,15.890706319702602,0.006381710269403211,0.4929364202292669,5.6011759621451125,36.843533123028394,0.015614239272951093,2.82998018927445,22.52492113564669,0.007835530045022196,1.8630914826498424,0.00402220134195386,1.9444468750000041,16.553125,0.005470102952261012,0.0,1
9463.0,2021-12-13 04:15:00,399.7,399.7,399.67,399.69,532.0,1,1,0.0,sell,False,1.1907354248015987,4.170000000000016,60.0,0.01054281596844744,0.43127021461778214,0.22287387863311664,0.4385089859420077,0.0011012957841276317,85.86077193457342,94.01787071804002,88.48531443172736,105.08298329066534,532.0,4.170000000000016,2.0,4.170000000000016,60.0,0.01054281596844744,4.170000000000016,60.0,0.01054281596844744,1.0,1.0,0.43127021461778214,0.4385089859420077,0.22287387863311664,85.86077193457342,94.01787071804002,88.48531443172736,105.08298329066534,78.85304659497992,8.960573476702079,31.23684259216146,-0.002501876407303204,0.007506192608895517,0.0,0.01999999999998181,0.009999999999990905,0.0,9464.0,9464.0,2021-12-13,2021-12-13 04:15:00,3.9418048987965664,289.0,1.0,best_within_2.0d,9752.0,383.935,0.5832424107187206,4.3760036431226785,32.22527881040892,0.012230020343504162,2.285057100371749,15.890706319702602,0.006381710269403211,0.4929364202292669,5.6011759621451125,36.843533123028394,0.015614239272951093,2.82998018927445,22.52492113564669,0.007835530045022196,1.8630914826498424,0.00402220134195386,1.9444468750000041,16.553125,0.005470102952261012,0.0,1
9464.0,2021-12-13 04:20:00,399.67,399.72,399.67,399.72,4148.0,1,1,0.0,sell,False,1.198851697933266,4.190000000000055,61.0,0.010593381033044408,0.4342098322544753,0.27715010766492604,0.4942550237921637,0.00124094291303429,86.05634736810022,96.01191381202668,90.99418089182713,106.04737965242575,4148.0,4.190000000000055,2.0,4.190000000000055,61.0,0.010593381033044408,4.190000000000055,61.0,0.010593381033044408,1.0,1.0,0.4342098322544753,0.4942550237921637,0.27715010766492604,86.05634736810022,96.01191381202668,90.99418089182713,106.04737965242575,76.9516728624522,9.293680297397385,34.60908782572631,0.012510321014840085,0.012510321014840085,0.0,0.0,0.05000000000001137,1.0,9465.0,9465.0,2021-12-13,2021-12-13 04:20:00,3.9490143100170174,288.0,1.0,best_within_2.0d,9752.0,383.935,0.5832424107187206,4.3760036431226785,32.22527881040892,0.012230020343504162,2.285057100371749,15.890706319702602,0.006381710269403211,0.4929364202292669,5.6011759621451125,36.843533123028394,0.015614239272951093,2.82998018927445,22.52492113564669,0.007835530045022196,1.8630914826498424,0.00402220134195386,1.9444468750000041,16.553125,0.005470102952261012,0.0,1
9466.0,2021-12-13 04:30:00,399.73,399.73,399.73,399.73,221.0,1,1,0.0,sell,False,1.198851697933266,4.2000000000000455,63.0,0.01061866356534282,0.357817601988059,0.37115193234323185,0.5500607333372614,0.0013803727048862986,82.65481801273185,97.02335742494002,94.01298534632762,103.04410158216481,221.0,4.2000000000000455,2.0,4.2000000000000455,63.0,0.01061866356534282,4.2000000000000455,63.0,0.01061866356534282,1.0,1.0,0.357817601988059,0.5500607333372614,0.37115193234323185,82.65481801273185,97.02335742494002,94.01298534632762,103.04410158216481,75.8992805755382,6.474820143884803,40.76629104142008,0.0,0.0,0.0,0.0,0.0,0.0,9467.0,9467.0,2021-12-13,2021-12-13 04:30:00,3.951417206614469,286.0,1.0,best_within_2.0d,9752.0,383.935,0.5832424107187206,4.3760036431226785,32.22527881040892,0.012230020343504162,2.285057100371749,15.890706319702602,0.006381710269403211,0.4929364202292669,5.6011759621451125,36.843533123028394,0.015614239272951093,2.82998018927445,22.52492113564669,0.007835530045022196,1.8630914826498424,0.00402220134195386,1.9444468750000041,16.553125,0.005470102952261012,1.0,1
9481.0,2021-12-13 06:05:00,399.81,399.88,399.78,399.79,2423.0,1p,1p,0.0,sell,False,2.3030334539052756e-07,0.5299999999999727,6.0,0.0013271566295229064,-0.09009920737702792,0.3770283154328551,0.3319787117443411,0.0008314619093782987,71.38527301582054,77.96820586596095,65.33850049370491,103.22761661047304,2423.0,0.5299999999999727,0.0,0.5299999999999727,6.0,0.0013271566295229064,0.5299999999999727,0.0,0.0,1.0,1.0,-0.09009920737702792,0.3319787117443411,0.3770283154328551,71.38527301582054,77.96820586596095,65.33850049370491,103.22761661047304,44.44444444443643,31.746031746031818,35.163504612911126,-0.005002376128656565,0.025013757566667356,0.06999999999999318,0.010000000000047748,0.01999999999998181,0.0,9482.0,9482.0,2021-12-13,2021-12-13 06:05:00,3.9658320618324665,271.0,1.0,best_within_2.0d,9752.0,383.935,0.5832424107187206,4.3760036431226785,32.22527881040892,0.012230020343504162,2.285057100371749,15.890706319702602,0.006381710269403211,0.4929364202292669,5.6011759621451125,36.843533123028394,0.015614239272951093,2.82998018927445,22.52492113564669,0.007835530045022196,1.8630914826498424,0.00402220134195386,1.9444468750000041,16.553125,0.005470102952261012,0.0,1
9482.0,2021-12-13 06:10:00,399.93,399.93,399.93,399.93,156.0,1p,1p,0.0,sell,False,2.3030334539052756e-07,0.5799999999999841,7.0,0.0014523600851383098,-0.06969837410475033,0.36831601866976127,0.3334668316173861,0.0008350869187669456,74.2245903632173,85.31213724397396,71.99637941046126,111.94365291099939,156.0,0.5799999999999841,0.0,0.5799999999999841,7.0,0.0014523600851383098,0.5799999999999841,0.0,0.0,1.0,1.0,-0.06969837410475033,0.3334668316173861,0.36831601866976127,74.2245903632173,85.31213724397396,71.99637941046126,111.94365291099939,43.16546762589372,28.77697841726657,34.080397140559846,0.0,0.0,0.0,0.0,0.0,0.0,9483.0,9483.0,2021-12-13,2021-12-13 06:10:00,3.9994499037331543,270.0,1.0,best_within_2.0d,9752.0,383.935,0.5832424107187206,4.3760036431226785,32.22527881040892,0.012230020343504162,2.285057100371749,15.890706319702602,0.006381710269403211,0.4929364202292669,5.6011759621451125,36.843533123028394,0.015614239272951093,2.82998018927445,22.52492113564669,0.007835530045022196,1.8630914826498424,0.00402220134195386,1.9444468750000041,16.553125,0.005470102952261012,1.0,1
9488.0,2021-12-13 06:40:00,399.95,400.06,399.94,399.94,1900.0,1p,1p,0.0,sell,False,2.3030334539052756e-07,0.7099999999999795,13.0,0.0017778890697382735,-0.07925631386351639,0.304504855587925,0.2648766986561668,0.0006629982661443177,68.26020651656302,77.97796496087186,76.91755055482554,80.09879377296448,1900.0,0.7099999999999795,0.0,0.7099999999999795,13.0,0.0017778890697382735,0.7099999999999795,0.0,0.0,1.0,1.0,-0.07925631386351639,0.2648766986561668,0.304504855587925,68.26020651656302,77.97796496087186,76.91755055482554,80.09879377296448,42.702702702697586,27.567567567568112,26.848472682442075,-0.002500312539065109,0.030004500675102404,0.11000000000001364,0.0,0.009999999999990905,0.0,9489.0,9489.0,2021-12-13,2021-12-13 06:40:00,4.00185027754163,264.0,1.0,best_within_2.0d,9752.0,383.935,0.5832424107187206,4.3760036431226785,32.22527881040892,0.012230020343504162,2.285057100371749,15.890706319702602,0.006381710269403211,0.4929364202292669,5.6011759621451125,36.843533123028394,0.015614239272951093,2.82998018927445,22.52492113564669,0.007835530045022196,1.8630914826498424,0.00402220134195386,1.9444468750000041,16.553125,0.005470102952261012,1.0,1
9501.0,2021-12-13 07:50:00,399.81,400.2,399.24,399.3,1017661.0,1p,1p,0.0,sell,False,3.2363624991052076,2.6100000000000136,36.0,0.006564551422319509,0.33225857485221033,0.1651032981281843,0.33123258555428947,0.0008310074634679655,62.39109457830322,75.35446953384357,80.44063083611832,65.18214692929408,1017661.0,2.6100000000000136,0.0,2.6100000000000136,36.0,0.006564551422319509,2.6100000000000136,0.0,0.0,1.0,1.0,0.33225857485221033,0.33123258555428947,0.1651032981281843,62.39109457830322,75.35446953384357,80.44063083611832,65.18214692929408,45.51237255639866,8.439499005536915,47.107446419013684,-0.12756059128085614,0.24045686804928854,0.38999999999998636,0.060000000000002274,0.5099999999999909,0.0,9502.0,9502.0,2021-12-13,2021-12-13 07:50:00,3.8479839719509163,251.0,1.0,best_within_2.0d,9752.0,383.935,0.5832424107187206,4.3760036431226785,32.22527881040892,0.012230020343504162,2.285057100371749,15.890706319702602,0.006381710269403211,0.4929364202292669,5.6011759621451125,36.843533123028394,0.015614239272951093,2.82998018927445,22.52492113564669,0.007835530045022196,1.8630914826498424,0.00402220134195386,1.9444468750000041,16.553125,0.005470102952261012,0.0,1
9511.0,2021-12-13 08:40:00,399.71,399.75,399.6,399.6,5098.0,2,2,0.0,sell,False,0.8230593607305933,4.163492493946733,28.239017640954685,0.011578080659927173,0.010907769539699446,0.00901010338310452,0.014463988152954244,3.620150724073804e-05,51.27441031197252,75.1301843973666,70.26743801956212,84.85567715297557,5098.0,1.4420000000000073,1.0,1.7520000000000095,16.0,0.004379343098535243,1.4420000000000073,9.0,0.003620313927915099,2.0,2.0,0.010907769539699446,0.014463988152954244,0.00901010338310452,51.27441031197252,75.1301843973666,70.26743801956212,84.85567715297557,7.877952077228667,36.467850370626095,50.18744122524514,-0.027519951965163943,0.03753753753753185,0.040000000000020464,0.0,0.1099999999999568,0.0,9512.0,9512.0,2021-12-13,2021-12-13 08:40:00,3.920170170170175,241.0,1.0,best_within_2.0d,9752.0,383.935,0.8230593607305933,1.7520000000000095,16.0,0.004379343098535243,1.4420000000000073,9.0,0.003620313927915099,0.4929364202292669,5.6011759621451125,36.843533123028394,0.015614239272951093,2.82998018927445,22.52492113564669,0.007835530045022196,1.8630914826498424,0.00402220134195386,1.9444468750000041,16.553125,0.005470102952261012,0.0,1
9553.0,2021-12-13 12:10:00,393.92,394.19,393.6728,394.1,372520.0,2,2,0.0,sell,False,0.18922651933701695,4.163492493946733,28.239017640954685,0.011578080659927173,0.27357529066478814,-0.9502467830920448,-0.8134591377596507,-0.0020608144382889436,41.42883208734591,55.34659321542668,35.282634869912,95.47450990645603,372520.0,1.3700000000000045,1.0,7.240000000000009,62.0,0.018097285407188943,1.3700000000000045,5.0,0.003487602464232994,2.0,2.0,0.27357529066478814,-0.8134591377596507,-0.9502467830920448,41.42883208734591,55.34659321542668,35.282634869912,95.47450990645603,11.730082424775686,21.079586514594528,50.011474607863825,0.04569455727051351,0.13137813940917498,0.08999999999997499,0.24720000000002074,0.18000000000000682,1.0,9554.0,9554.0,2021-12-13,2021-12-13 12:10:00,2.5792945952803907,199.0,1.0,best_within_2.0d,9752.0,383.935,0.18922651933701695,7.240000000000009,62.0,0.018097285407188943,1.3700000000000045,5.0,0.003487602464232994,0.4929364202292669,5.6011759621451125,36.843533123028394,0.015614239272951093,2.82998018927445,22.52492113564669,0.007835530045022196,1.8630914826498424,0.00402220134195386,1.9444468750000041,16.553125,0.005470102952261012,0.0,1
9555.0,2021-12-13 12:20:00,393.66,394.2,393.61,394.17,341533.0,2,2,0.0,sell,False,0.19060773480662896,4.163492493946733,28.239017640954685,0.011578080659927173,0.3557013592655729,-0.8704207202795718,-0.6925700406467854,-0.001755063286970774,44.21869401624296,69.32839364690994,51.03053493384266,105.92411107304451,341533.0,1.3799999999999955,1.0,7.240000000000009,62.0,0.018097285407188943,1.3799999999999955,7.0,0.003513059416526642,2.0,2.0,0.3557013592655729,-0.6925700406467854,-0.8704207202795718,44.21869401624296,69.32839364690994,51.03053493384266,105.92411107304451,13.266741232101372,20.99090818484824,46.73042071058889,0.12955342173448936,0.14989456568684104,0.029999999999972715,0.05000000000001137,0.5099999999999909,1.0,9556.0,9556.0,2021-12-13,2021-12-13 12:20:00,2.596595377628945,197.0,1.0,best_within_2.0d,9752.0,383.935,0.19060773480662896,7.240000000000009,62.0,0.018097285407188943,1.3799999999999955,7.0,0.003513059416526642,0.4929364202292669,5.6011759621451125,36.843533123028394,0.015614239272951093,2.82998018927445,22.52492113564669,0.007835530045022196,1.8630914826498424,0.00402220134195386,1.9444468750000041,16.553125,0.005470102952261012,0.0,1
9556.0,2021-12-13 12:25:00,394.17,394.369,394.131,394.3,386870.0,2,2,0.0,sell,False,0.21395027624309848,4.163492493946733,28.239017640954685,0.011578080659927173,0.4151444223031653,-0.818527667491676,-0.6109554563400934,-0.001548332076978042,45.852492971604974,78.06743350938788,60.0428344590244,114.11663161011485,386870.0,1.549000000000035,1.0,7.240000000000009,62.0,0.018097285407188943,1.549000000000035,8.0,0.00394328191028979,2.0,2.0,0.4151444223031653,-0.6109554563400934,-0.818527667491676,45.852492971604974,78.06743350938788,60.0428344590244,114.11663161011485,16.007962995491802,18.098249312020044,43.83030175731858,0.03298069360935522,0.06038601378730838,0.06900000000001683,0.03900000000004411,0.12999999999999545,1.0,9557.0,9557.0,2021-12-13,2021-12-13 12:25:00,2.628709104742584,196.0,1.0,best_within_2.0d,9752.0,383.935,0.21395027624309848,7.240000000000009,62.0,0.018097285407188943,1.549000000000035,8.0,0.00394328191028979,0.4929364202292669,5.6011759621451125,36.843533123028394,0.015614239272951093,2.82998018927445,22.52492113564669,0.007835530045022196,1.8630914826498424,0.00402220134195386,1.9444468750000041,16.553125,0.005470102952261012,0.0,1
9557.0,2021-12-13 12:30:00,394.3,394.63,394.2201,394.37,267533.0,2,2,0.0,sell,False,0.25,4.163492493946733,28.239017640954685,0.011578080659927173,0.454498819937857,-0.7617153149994439,-0.5344659050305154,-0.0013545419457945546,46.75679498420214,80.59007537826612,66.8919147654383,107.98639660392175,267533.0,1.8100000000000023,1.0,7.240000000000009,62.0,0.018097285407188943,1.8100000000000023,9.0,0.004607708365154529,2.0,2.0,0.454498819937857,-0.5344659050305154,-0.7617153149994439,46.75679498420214,80.59007537826612,66.8919147654383,107.98639660392175,19.42234046360685,15.69415778862086,41.457895408640695,0.017752979964492308,0.10397744813113113,0.2599999999999909,0.07990000000000919,0.06999999999999318,1.0,9558.0,9558.0,2021-12-13,2021-12-13 12:30:00,2.6459923422167004,195.0,1.0,best_within_2.0d,9752.0,383.935,0.25,7.240000000000009,62.0,0.018097285407188943,1.8100000000000023,9.0,0.004607708365154529,0.4929364202292669,5.6011759621451125,36.843533123028394,0.015614239272951093,2.82998018927445,22.52492113564669,0.007835530045022196,1.8630914826498424,0.00402220134195386,1.9444468750000041,16.553125,0.005470102952261012,0.0,1
9558.0,2021-12-13 12:35:00,394.34,394.73,394.29,394.62,256086.0,2,2,0.0,sell,False,0.2638121546961357,4.163492493946733,28.239017640954685,0.011578080659927173,0.5011374729543745,-0.6990731308801471,-0.44850439440295986,-0.0011366724575989887,49.9703736977699,85.10969564224808,72.96450839104156,109.40007014466113,256086.0,1.910000000000025,1.0,7.240000000000009,62.0,0.018097285407188943,1.910000000000025,10.0,0.004862277888091302,2.0,2.0,0.5011374729543745,-0.44850439440295986,-0.6990731308801471,49.9703736977699,85.10969564224808,72.96450839104156,109.40007014466113,20.714208652497636,13.371932726771377,40.035213964885045,0.07100471674190535,0.11159298993126827,0.11000000000001364,0.049999999999954525,0.28000000000002956,1.0,9559.0,9559.0,2021-12-13,2021-12-13 12:35:00,2.707668136435052,194.0,1.0,best_within_2.0d,9752.0,383.935,0.2638121546961357,7.240000000000009,62.0,0.018097285407188943,1.910000000000025,10.0,0.004862277888091302,0.4929364202292669,5.6011759621451125,36.843533123028394,0.015614239272951093,2.82998018927445,22.52492113564669,0.007835530045022196,1.8630914826498424,0.00402220134195386,1.9444468750000041,16.553125,0.005470102952261012,1.0,1
9579.0,2021-12-13 14:20:00,394.0,394.625,393.98,394.43,191626.0,2s,2s,0.0,sell,False,0.249309392265194,4.163492493946733,28.239017640954685,0.011578080659927173,0.19794931076710992,-0.17559210996958305,-0.07661745458602809,-0.00019440883113736526,54.55917802251819,75.73790308501826,68.60089848577799,90.01191228349879,191626.0,1.6050000000000182,1.0,7.240000000000009,62.0,0.018097285407188943,1.6050000000000182,11.0,0.004083761640629022,1.0,2.5,0.19794931076710992,-0.07661745458602809,-0.17559210996958305,54.55917802251819,75.73790308501826,68.60089848577799,90.01191228349879,27.674352319947005,21.682843041659766,19.28955500850865,0.10913705583756518,0.1637138941062952,0.19499999999999318,0.01999999999998181,0.4300000000000068,1.0,9580.0,9580.0,2021-12-13,2021-12-13 14:20:00,2.6608016631594973,173.0,1.0,best_within_2.0d,9752.0,383.935,0.5832424107187206,4.3760036431226785,32.22527881040892,0.012230020343504162,2.285057100371749,15.890706319702602,0.006381710269403211,0.249309392265194,7.240000000000009,62.0,0.018097285407188943,1.6050000000000182,11.0,0.004083761640629022,1.0,0.00402220134195386,1.9444468750000041,16.553125,0.005470102952261012,1.0,1
9586.0,2021-12-13 14:55:00,394.47,394.84,394.43,394.815,222859.0,2s,2s,0.0,sell,False,0.2790055248618756,4.163492493946733,28.239017640954685,0.011578080659927173,0.18784956184980445,-0.013234685238381588,0.08069009568652064,0.0002046710730672003,59.639198053514036,79.26722719805083,74.27468658235718,89.25230842943816,222859.0,1.8199999999999932,1.0,7.240000000000009,62.0,0.018097285407188943,1.8199999999999932,18.0,0.0046308075924889145,1.0,2.5,0.18784956184980445,0.08069009568652064,-0.013234685238381588,59.639198053514036,79.26722719805083,74.27468658235718,89.25230842943816,29.555015175987215,13.507516995332299,24.38023496282224,0.08745912236671241,0.10394746849883836,0.024999999999977263,0.040000000000020464,0.34499999999997044,1.0,9587.0,9587.0,2021-12-13,2021-12-13 14:55:00,2.755721033901953,166.0,1.0,best_within_2.0d,9752.0,383.935,0.5832424107187206,4.3760036431226785,32.22527881040892,0.012230020343504162,2.285057100371749,15.890706319702602,0.006381710269403211,0.2790055248618756,7.240000000000009,62.0,0.018097285407188943,1.8199999999999932,18.0,0.0046308075924889145,1.0,0.00402220134195386,1.9444468750000041,16.553125,0.005470102952261012,0.0,1
9587.0,2021-12-13 15:00:00,394.81,395.175,394.7199,395.135,287326.0,2s,2s,0.0,sell,False,0.3252762430939248,4.163492493946733,28.239017640954685,0.011578080659927173,0.24429448373783952,0.01730212522884835,0.13944936709776812,0.00035365514957631626,63.602035553156995,85.06239135379063,77.870588172835,99.44599771570188,287326.0,2.1550000000000296,1.0,7.240000000000009,62.0,0.018097285407188943,2.1550000000000296,19.0,0.005483181517480102,1.0,2.5,0.24429448373783952,0.13944936709776812,0.01730212522884835,63.602035553156995,85.06239135379063,77.870588172835,99.44599771570188,29.933073061907102,14.147611080126815,25.196674134504104,0.08231807704971725,0.11529694854503557,0.040000000000020464,0.09010000000000673,0.32499999999998863,1.0,9588.0,9588.0,2021-12-13,2021-12-13 15:00:00,2.8344742935958567,165.0,1.0,best_within_2.0d,9752.0,383.935,0.5832424107187206,4.3760036431226785,32.22527881040892,0.012230020343504162,2.285057100371749,15.890706319702602,0.006381710269403211,0.3252762430939248,7.240000000000009,62.0,0.018097285407188943,2.1550000000000296,19.0,0.005483181517480102,1.0,0.00402220134195386,1.9444468750000041,16.553125,0.005470102952261012,0.0,1
9588.0,2021-12-13 15:05:00,395.13,395.18,394.52,394.61,286128.0,2s,2s,0.0,sell,False,0.3259668508287308,4.163492493946733,28.239017640954685,0.011578080659927173,0.1995427193878928,0.04224496515233495,0.14201632484628135,0.0003601447947461363,54.19967007630627,74.20826090252713,76.6498124160657,69.32515787545,286128.0,2.160000000000025,1.0,7.240000000000009,62.0,0.018097285407188943,2.160000000000025,20.0,0.005495903516360554,1.0,2.5,0.1995427193878928,0.14201632484628135,0.04224496515233495,54.19967007630627,74.20826090252713,76.6498124160657,69.32515787545,28.547872340425112,17.03723404255373,25.200545635314914,-0.13160225748487378,0.16729189901653277,0.05000000000001137,0.09000000000003183,0.5199999999999818,0.0,9589.0,9589.0,2021-12-13,2021-12-13 15:05:00,2.705202605103776,164.0,1.0,best_within_2.0d,9752.0,383.935,0.5832424107187206,4.3760036431226785,32.22527881040892,0.012230020343504162,2.285057100371749,15.890706319702602,0.006381710269403211,0.3259668508287308,7.240000000000009,62.0,0.018097285407188943,2.160000000000025,20.0,0.005495903516360554,1.0,0.00402220134195386,1.9444468750000041,16.553125,0.005470102952261012,1.0,1
9597.0,2021-12-13 15:50:00,393.49,393.49,392.28,392.31,1150185.0,1,1,1.0,buy,False,0.6877207730922804,2.900000000000034,10.0,0.007338428058100192,-0.37315060112623377,-0.033395919894747675,-0.21997122045786455,-0.0005582116789691279,29.53879622770998,11.604621506828295,22.40990852190759,-10.005952523330294,1150185.0,2.900000000000034,1.0,2.900000000000034,10.0,0.007338428058100192,2.900000000000034,10.0,0.007338428058100192,1.0,1.0,-0.37315060112623377,-0.21997122045786455,-0.033395919894747675,29.53879622770998,11.604621506828295,22.40990852190759,-10.005952523330294,15.970375272005018,37.538653398317855,22.243874715476448,-0.29988055604971076,0.3084531457122557,0.0,0.03000000000002956,1.1800000000000068,0.0,9598.0,9598.0,2021-12-13,2021-12-13 15:50:00,0.5862710611506236,370.0,1.0,best_within_2.0d,9967.0,394.61,0.5832424107187206,4.3760036431226785,32.22527881040892,0.012230020343504162,2.285057100371749,15.890706319702602,0.006381710269403211,0.4929364202292669,5.6011759621451125,36.843533123028394,0.015614239272951093,2.82998018927445,22.52492113564669,0.007835530045022196,1.8630914826498424,0.00402220134195386,1.9444468750000041,16.553125,0.005470102952261012,0.0,0
9598.0,2021-12-13 15:55:00,392.32,392.73,391.88,392.24,1817571.0,1,1,1.0,buy,False,0.8794885138984929,3.3000000000000114,11.0,0.008350625031631184,-0.477201911713672,-0.09304615885895667,-0.33164711471579267,-0.0008418955645130164,29.0668008499278,11.657982965336656,18.825933336383944,-2.6779177767579228,1817571.0,3.3000000000000114,1.0,3.3000000000000114,11.0,0.008350625031631184,3.3000000000000114,11.0,0.008350625031631184,1.0,1.0,-0.477201911713672,-0.33164711471579267,-0.09304615885895667,29.0668008499278,11.657982965336656,18.825933336383944,-2.6779177767579228,14.979172385805889,38.19271212537103,23.773422637508133,-0.020391517128870332,0.2169031336123361,0.410000000000025,0.36000000000001364,0.07999999999998408,0.0,9599.0,9599.0,2021-12-13,2021-12-13 15:55:00,0.6042219049561505,369.0,1.0,best_within_2.0d,9967.0,394.61,0.5832424107187206,4.3760036431226785,32.22527881040892,0.012230020343504162,2.285057100371749,15.890706319702602,0.006381710269403211,0.4929364202292669,5.6011759621451125,36.843533123028394,0.015614239272951093,2.82998018927445,22.52492113564669,0.007835530045022196,1.8630914826498424,0.00402220134195386,1.9444468750000041,16.553125,0.005470102952261012,0.0,0
9599.0,2021-12-13 16:00:00,392.27,392.34,391.68,391.97,567071.0,1,1,1.0,buy,False,1.0139667879203629,3.5,12.0,0.00885672351839668,-0.5501685149530157,-0.16181722322808362,-0.43690148070459145,-0.001109495456839894,27.25761487897732,10.88024159103922,16.177369421269034,0.2859859305795851,567071.0,3.5,1.0,3.5,12.0,0.00885672351839668,3.5,12.0,0.00885672351839668,1.0,1.0,-0.5501685149530157,-0.43690148070459145,-0.16181722322808362,27.25761487897732,10.88024159103922,16.177369421269034,0.2859859305795851,13.920236472165454,38.9526024540857,25.457068961219825,-0.07647793611541912,0.1685049019607762,0.06999999999999318,0.29000000000002046,0.2999999999999545,0.0,9600.0,9600.0,2021-12-13,2021-12-13 16:00:00,0.6735209327244396,368.0,1.0,best_within_2.0d,9967.0,394.61,0.5832424107187206,4.3760036431226785,32.22527881040892,0.012230020343504162,2.285057100371749,15.890706319702602,0.006381710269403211,0.4929364202292669,5.6011759621451125,36.843533123028394,0.015614239272951093,2.82998018927445,22.52492113564669,0.007835530045022196,1.8630914826498424,0.00402220134195386,1.9444468750000041,16.553125,0.005470102952261012,1.0,0
9647.0,2021-12-14 04:00:00,392.74,392.81,392.71,392.79,18657.0,3a,3a,0.0,sell,False,0.004350923617118815,4.163492493946733,28.239017640954685,0.011578080659927173,0.07999350201071852,0.014421402001433834,0.05441815300679309,0.00013863949091107467,63.37508113080505,84.23996220931122,75.0971922369538,102.52550215402604,18657.0,1.1299999999999955,2.0,1.1299999999999955,49.0,0.002885008169934629,1.1299999999999955,49.0,0.002885008169934629,3.0,3.0,0.07999350201071852,0.05441815300679309,0.014421402001433834,63.37508113080505,84.23996220931122,75.0971922369538,102.52550215402604,49.664429530201645,12.080536912748247,26.415362994820043,0.012731068900547784,0.02546408291105975,0.01999999999998181,0.03000000000002956,0.05000000000001137,1.0,9648.0,9648.0,2021-12-14,2021-12-14 04:00:00,2.2543852949413217,105.0,1.0,best_within_2.0d,9752.0,383.935,0.5832424107187206,4.3760036431226785,32.22527881040892,0.012230020343504162,2.285057100371749,15.890706319702602,0.006381710269403211,0.4929364202292669,5.6011759621451125,36.843533123028394,0.015614239272951093,2.82998018927445,22.52492113564669,0.007835530045022196,1.8630914826498424,0.004350923617118815,1.1299999999999955,49.0,0.002885008169934629,0.0,1
9648.0,2021-12-14 04:05:00,392.75,393.01,392.75,393.01,10312.0,3a,3a,0.0,sell,False,0.004350923617118815,4.163492493946733,28.239017640954685,0.011578080659927173,0.1137116318860956,0.02863535598719578,0.08549117193024358,0.00021778296380860332,69.8677677912404,89.4933081395408,79.89589753781613,108.68812934299018,10312.0,1.329999999999984,2.0,1.329999999999984,50.0,0.0033956290849672796,1.329999999999984,50.0,0.0033956290849672796,3.0,3.0,0.1137116318860956,0.08549117193024358,0.02863535598719578,69.8677677912404,89.4933081395408,79.89589753781613,108.68812934299018,56.969696969697615,9.696969696967901,29.59348641726831,0.0661998726925502,0.0661998726925502,0.0,0.0,0.2599999999999909,1.0,9649.0,9649.0,2021-12-14,2021-12-14 04:05:00,2.3091015495788882,104.0,1.0,best_within_2.0d,9752.0,383.935,0.5832424107187206,4.3760036431226785,32.22527881040892,0.012230020343504162,2.285057100371749,15.890706319702602,0.006381710269403211,0.4929364202292669,5.6011759621451125,36.843533123028394,0.015614239272951093,2.82998018927445,22.52492113564669,0.007835530045022196,1.8630914826498424,0.004350923617118815,1.329999999999984,50.0,0.0033956290849672796,1.0,1
9652.0,2021-12-14 04:25:00,392.52,392.57,392.33,392.37,2996.0,2,2,1.0,buy,False,0.5112781954887331,4.163492493946733,28.239017640954685,0.011578080659927173,-0.022445541875599245,0.04881082084407558,0.037588049906275955,9.575279963474935e-05,43.80010211351969,32.002398668602844,53.84548361872345,-11.68377123163836,2996.0,0.6800000000000068,1.0,1.329999999999984,50.0,0.0033956290849672796,0.6800000000000068,5.0,0.0017302358718607842,2.0,2.0,-0.022445541875599245,0.037588049906275955,0.04881082084407558,43.80010211351969,32.002398668602844,53.84548361872345,-11.68377123163836,27.96610169491548,24.576271186439268,28.742510612364384,-0.03821461326810794,0.06117299212397958,0.05000000000001137,0.040000000000020464,0.14999999999997726,0.0,9653.0,9653.0,2021-12-14,2021-12-14 04:25:00,1.8553915946682906,379.0,1.0,best_within_2.0d,10031.0,399.65,0.5112781954887331,1.329999999999984,50.0,0.0033956290849672796,0.6800000000000068,5.0,0.0017302358718607842,0.4929364202292669,5.6011759621451125,36.843533123028394,0.015614239272951093,2.82998018927445,22.52492113564669,0.007835530045022196,1.8630914826498424,0.00402220134195386,1.9444468750000041,16.553125,0.005470102952261012,0.0,0
9653.0,2021-12-14 04:30:00,392.29,392.38,392.12,392.28,2054.0,2,2,1.0,buy,False,0.6691729323308249,4.163492493946733,28.239017640954685,0.011578080659927173,-0.062054855585359836,0.0410539638959056,0.01002653610322568,2.5543181070447667e-05,41.28336245572032,27.327441809030006,45.006136348825635,-8.029947270561252,2054.0,0.8899999999999864,1.0,1.329999999999984,50.0,0.0033956290849672796,0.8899999999999864,6.0,0.002264573420523616,2.0,2.0,-0.062054855585359836,0.01002653610322568,0.0410539638959056,41.28336245572032,27.327441809030006,45.006136348825635,-8.029947270561252,25.98425196850471,28.346456692911993,27.000033146263544,-0.0025491345688260594,0.06630623278587955,0.08999999999997499,0.15999999999996817,0.010000000000047748,0.0,9654.0,9654.0,2021-12-14,2021-12-14 04:30:00,1.8787600693382291,378.0,1.0,best_within_2.0d,10031.0,399.65,0.6691729323308249,1.329999999999984,50.0,0.0033956290849672796,0.8899999999999864,6.0,0.002264573420523616,0.4929364202292669,5.6011759621451125,36.843533123028394,0.015614239272951093,2.82998018927445,22.52492113564669,0.007835530045022196,1.8630914826498424,0.00402220134195386,1.9444468750000041,16.553125,0.005470102952261012,0.0,0
9654.0,2021-12-14 04:35:00,392.25,392.25,391.45,391.47,10977.0,1p,1p,1.0,buy,False,0.3397631782808866,1.5600000000000023,7.0,0.00396936464721,-0.18776136567753463,0.01758379318621377,-0.07629688965255355,-0.0001944097327280749,26.516099627767176,18.64564496670459,36.21930588811862,-16.50167687612347,10977.0,1.5600000000000023,0.0,1.5600000000000023,7.0,0.00396936464721,1.5600000000000023,0.0,0.0,1.0,1.0,-0.18776136567753463,-0.07629688965255355,0.01758379318621377,26.516099627767176,18.64564496670459,36.21930588811862,-16.50167687612347,20.496894409938854,40.993788819875945,27.452411731054102,-0.19885277246653224,0.20436837399412733,0.0,0.020000000000038654,0.7799999999999727,0.0,9655.0,9655.0,2021-12-14,2021-12-14 04:35:00,2.089559864101962,377.0,1.0,best_within_2.0d,10031.0,399.65,0.5832424107187206,4.3760036431226785,32.22527881040892,0.012230020343504162,2.285057100371749,15.890706319702602,0.006381710269403211,0.4929364202292669,5.6011759621451125,36.843533123028394,0.015614239272951093,2.82998018927445,22.52492113564669,0.007835530045022196,1.8630914826498424,0.00402220134195386,1.9444468750000041,16.553125,0.005470102952261012,0.0,0
9655.0,2021-12-14 04:40:00,391.38,391.38,390.96,391.08,44234.0,1p,1p,1.0,buy,False,0.5551826822659155,2.0500000000000114,8.0,0.005216152260756753,-0.3068074037634148,-0.020767132284213084,-0.1741708341659205,-0.000443914416880787,22.367458618571987,14.381649489998246,28.94008708874516,-14.73522570749558,44234.0,2.0500000000000114,0.0,2.0500000000000114,8.0,0.005216152260756753,2.0500000000000114,0.0,0.0,1.0,1.0,-0.3068074037634148,-0.1741708341659205,-0.020767132284213084,22.367458618571987,14.381649489998246,28.94008708874516,-14.73522570749558,18.032786885246463,48.907103825136836,28.785985820235293,-0.07665184730952307,0.10742786985881317,0.0,0.12000000000000455,0.30000000000001137,0.0,9656.0,9656.0,2021-12-14,2021-12-14 04:40:00,2.1913674951416575,376.0,1.0,best_within_2.0d,10031.0,399.65,0.5832424107187206,4.3760036431226785,32.22527881040892,0.012230020343504162,2.285057100371749,15.890706319702602,0.006381710269403211,0.4929364202292669,5.6011759621451125,36.843533123028394,0.015614239272951093,2.82998018927445,22.52492113564669,0.007835530045022196,1.8630914826498424,0.00402220134195386,1.9444468750000041,16.553125,0.005470102952261012,0.0,0
9656.0,2021-12-14 04:45:00,391.02,391.17,390.79,391.08,1593.0,1p,1p,1.0,buy,False,0.6604146570688509,2.2199999999999704,9.0,0.005648711228721841,-0.36496114308830563,-0.0663872751702513,-0.2488678467144041,-0.0006344493227711198,22.367458618571987,13.942120681019363,23.94076495283656,-6.055167862615029,1593.0,2.2199999999999704,0.0,2.2199999999999704,9.0,0.005648711228721841,2.2199999999999704,0.0,0.0,1.0,1.0,-0.36496114308830563,-0.2488678467144041,-0.0663872751702513,22.367458618571987,13.942120681019363,23.94076495283656,-6.055167862615029,12.661498708010557,50.645994832040756,31.01555826164699,0.015344483658125487,0.0972389262775392,0.09000000000003183,0.22999999999996135,0.060000000000002274,1.0,9657.0,9657.0,2021-12-14,2021-12-14 04:45:00,2.1913674951416575,375.0,1.0,best_within_2.0d,10031.0,399.65,0.5832424107187206,4.3760036431226785,32.22527881040892,0.012230020343504162,2.285057100371749,15.890706319702602,0.006381710269403211,0.4929364202292669,5.6011759621451125,36.843533123028394,0.015614239272951093,2.82998018927445,22.52492113564669,0.007835530045022196,1.8630914826498424,0.00402220134195386,1.9444468750000041,16.553125,0.005470102952261012,0.0,0
9657.0,2021-12-14 04:50:00,390.78,390.78,389.82,389.82,30585.0,1p,1p,1.0,buy,False,0.9805739861969721,3.1899999999999977,10.0,0.008116841810640945,-0.5418889466709607,-0.13412339350412136,-0.4050678668396017,-0.0010331322912362716,14.100976776960877,9.294747120679574,19.05875900878423,-10.233276655529735,30585.0,3.1899999999999977,0.0,3.1899999999999977,10.0,0.008116841810640945,3.1899999999999977,0.0,0.0,1.0,1.0,-0.5418889466709607,-0.4050678668396017,-0.13412339350412136,14.100976776960877,9.294747120679574,19.05875900878423,-10.233276655529735,9.683794466403338,57.90513833992106,33.89623476008404,-0.2456625211116177,0.24626750808064735,0.0,0.0,0.9599999999999795,0.0,9658.0,9658.0,2021-12-14,2021-12-14 04:50:00,2.5216766712841783,374.0,1.0,best_within_2.0d,10031.0,399.65,0.5832424107187206,4.3760036431226785,32.22527881040892,0.012230020343504162,2.285057100371749,15.890706319702602,0.006381710269403211,0.4929364202292669,5.6011759621451125,36.843533123028394,0.015614239272951093,2.82998018927445,22.52492113564669,0.007835530045022196,1.8630914826498424,0.00402220134195386,1.9444468750000041,16.553125,0.005470102952261012,0.0,0
9658.0,2021-12-14 04:55:00,389.77,389.96,389.44,389.53,81190.0,1p,1p,1.0,buy,False,1.1923940421366475,3.569999999999993,11.0,0.00908373832726901,-0.658945842542842,-0.21649162382197665,-0.5459645450933976,-0.0013931621011299645,12.917662403062693,7.102842491328929,15.073453502965794,-8.838379531944799,81190.0,3.569999999999993,0.0,3.569999999999993,11.0,0.00908373832726901,3.569999999999993,0.0,0.0,1.0,1.0,-0.658945842542842,-0.5459645450933976,-0.21649162382197665,12.917662403062693,7.102842491328929,15.073453502965794,-8.838379531944799,7.129798903107651,60.51188299817222,37.11214077142944,-0.06157477486723173,0.13352506162694686,0.18999999999999773,0.08999999999997499,0.2400000000000091,0.0,9659.0,9659.0,2021-12-14,2021-12-14 04:55:00,2.598002721228148,373.0,1.0,best_within_2.0d,10031.0,399.65,0.5832424107187206,4.3760036431226785,32.22527881040892,0.012230020343504162,2.285057100371749,15.890706319702602,0.006381710269403211,0.4929364202292669,5.6011759621451125,36.843533123028394,0.015614239272951093,2.82998018927445,22.52492113564669,0.007835530045022196,1.8630914826498424,0.00402220134195386,1.9444468750000041,16.553125,0.005470102952261012,0.0,0
9659.0,2021-12-14 05:00:00,389.26,389.64,389.19,389.41,49709.0,1p,1p,1.0,buy,False,1.2832238960826976,3.819999999999993,12.0,0.009719854456629585,-0.709140620880777,-0.30513420143207376,-0.6597045118724623,-0.0016841865391795077,12.452013631466485,6.806791416065105,12.317899473998896,-4.215424699802476,49709.0,3.819999999999993,0.0,3.819999999999993,12.0,0.009719854456629585,3.819999999999993,0.0,0.0,1.0,1.0,-0.709140620880777,-0.6597045118724623,-0.30513420143207376,12.452013631466485,6.806791416065105,12.317899473998896,-4.215424699802476,6.174957118353595,61.06346483704995,40.292177363557606,0.03853465550018859,0.11562475911508226,0.22999999999996135,0.06999999999999318,0.1500000000000341,1.0,9660.0,9660.0,2021-12-14,2021-12-14 05:00:00,2.62961916745845,372.0,1.0,best_within_2.0d,10031.0,399.65,0.5832424107187206,4.3760036431226785,32.22527881040892,0.012230020343504162,2.285057100371749,15.890706319702602,0.006381710269403211,0.4929364202292669,5.6011759621451125,36.843533123028394,0.015614239272951093,2.82998018927445,22.52492113564669,0.007835530045022196,1.8630914826498424,0.00402220134195386,1.9444468750000041,16.553125,0.005470102952261012,1.0,0
9701.0,2021-12-14 08:30:00,390.0,390.11,388.34,388.34,278898.0,1p,1p,1.0,buy,False,0.35601671417029784,2.410000000000025,14.0,0.0061676263595650035,-0.2524659493323305,-0.03284593251753273,-0.159078907183698,-0.00040777344921058144,23.474469736486,16.427894334569856,26.568609156712647,-3.853535309715724,278898.0,2.410000000000025,0.0,2.410000000000025,14.0,0.0061676263595650035,2.410000000000025,0.0,0.0,1.0,1.0,-0.2524659493323305,-0.159078907183698,-0.03284593251753273,23.474469736486,16.427894334569856,26.568609156712647,-3.853535309715724,32.0724998287944,30.018033647590453,46.09153075934246,-0.42564102564103207,0.4557861667610956,0.11000000000001364,0.0,1.660000000000025,0.0,9702.0,9702.0,2021-12-14,2021-12-14 08:30:00,3.3089560694237066,363.0,1.0,best_within_2.0d,10064.0,401.19,0.5832424107187206,4.3760036431226785,32.22527881040892,0.012230020343504162,2.285057100371749,15.890706319702602,0.006381710269403211,0.4929364202292669,5.6011759621451125,36.843533123028394,0.015614239272951093,2.82998018927445,22.52492113564669,0.007835530045022196,1.8630914826498424,0.00402220134195386,1.9444468750000041,16.553125,0.005470102952261012,0.0,0
9702.0,2021-12-14 08:35:00,388.29,388.8,388.29,388.47,74153.0,1p,1p,1.0,buy,False,0.5258338404188783,2.4599999999999795,15.0,0.006295585412667894,-0.37289018865815077,-0.07945720609980159,-0.26590230042887697,-0.0006818112879461444,26.319653820818203,12.247825884673691,21.79501473269966,-6.846551811378241,74153.0,2.4599999999999795,0.0,2.4599999999999795,15.0,0.006295585412667894,2.4599999999999795,0.0,0.0,1.0,1.0,-0.37289018865815077,-0.26590230042887697,-0.07945720609980159,26.319653820818203,12.247825884673691,21.79501473269966,-6.846551811378241,30.17346961498188,29.83944596610722,42.83903472445176,0.046357104226224424,0.1313451286409619,0.3299999999999841,0.0,0.18000000000000682,1.0,9703.0,9703.0,2021-12-14,2021-12-14 08:35:00,3.2743841223260404,362.0,1.0,best_within_2.0d,10064.0,401.19,0.5832424107187206,4.3760036431226785,32.22527881040892,0.012230020343504162,2.285057100371749,15.890706319702602,0.006381710269403211,0.4929364202292669,5.6011759621451125,36.843533123028394,0.015614239272951093,2.82998018927445,22.52492113564669,0.007835530045022196,1.8630914826498424,0.00402220134195386,1.9444468750000041,16.553125,0.005470102952261012,0.0,0
9703.0,2021-12-14 08:40:00,388.46,388.65,388.12,388.2,64797.0,1p,1p,1.0,buy,False,0.6512600130016002,2.6299999999999955,16.0,0.006730646193218158,-0.46183499510077897,-0.13718658048739896,-0.36810407803778844,-0.0009441928975590935,24.298975932555507,8.72077281200457,17.436934092467965,-8.711549748922216,64797.0,2.6299999999999955,0.0,2.6299999999999955,16.0,0.006730646193218158,2.6299999999999955,0.0,0.0,1.0,1.0,-0.46183499510077897,-0.36810407803778844,-0.13718658048739896,24.298975932555507,8.72077281200457,17.436934092467965,-8.711549748922216,29.42006643941198,30.288555485593697,39.88299977660129,-0.06693095814240614,0.13655570442130596,0.18999999999999773,0.07999999999998408,0.2599999999999909,0.0,9704.0,9704.0,2021-12-14,2021-12-14 08:40:00,3.3462132921174677,361.0,1.0,best_within_2.0d,10064.0,401.19,0.5832424107187206,4.3760036431226785,32.22527881040892,0.012230020343504162,2.285057100371749,15.890706319702602,0.006381710269403211,0.4929364202292669,5.6011759621451125,36.843533123028394,0.015614239272951093,2.82998018927445,22.52492113564669,0.007835530045022196,1.8630914826498424,0.00402220134195386,1.9444468750000041,16.553125,0.005470102952261012,0.0,0
9704.0,2021-12-14 08:45:00,388.12,388.16,387.5699,387.68,415900.0,1p,1p,1.0,buy,False,0.7857998691505108,3.1800999999999817,17.0,0.008138451695457407,-0.5572426856774134,-0.20684191619707565,-0.48546325903578236,-0.0012457373368858866,20.961199057257858,7.025029690473245,13.966299291803058,-6.8575095121863825,415900.0,3.1800999999999817,0.0,3.1800999999999817,17.0,0.008138451695457407,3.1800999999999817,0.0,0.0,1.0,1.0,-0.5572426856774134,-0.48546325903578236,-0.20684191619707565,20.961199057257858,7.025029690473245,13.966299291803058,-6.8575095121863825,28.16901408450711,33.36728860246323,37.63760639548731,-0.11336699989693849,0.1522564058767223,0.040000000000020464,0.11009999999998854,0.4399999999999977,0.0,9705.0,9705.0,2021-12-14,2021-12-14 08:45:00,3.484832851836564,360.0,1.0,best_within_2.0d,10064.0,401.19,0.5832424107187206,4.3760036431226785,32.22527881040892,0.012230020343504162,2.285057100371749,15.890706319702602,0.006381710269403211,0.4929364202292669,5.6011759621451125,36.843533123028394,0.015614239272951093,2.82998018927445,22.52492113564669,0.007835530045022196,1.8630914826498424,0.00402220134195386,1.9444468750000041,16.553125,0.005470102952261012,0.0,0
9705.0,2021-12-14 08:50:00,387.65,387.95,387.5,387.89,126524.0,1p,1p,1.0,buy,False,0.7858185035030945,3.25,18.0,0.008317338451695458,-0.5572559000556377,-0.27649890370403035,-0.5551268537318492,-0.0014249897958650785,25.416845411859427,8.87690151407876,12.269833365894957,2.091037810446366,126524.0,3.25,0.0,3.25,18.0,0.008317338451695458,3.25,0.0,0.0,1.0,1.0,-0.5572559000556377,-0.5551268537318492,-0.27649890370403035,25.416845411859427,8.87690151407876,12.269833365894957,2.091037810446366,27.850572940753494,31.139201479882946,35.34741400238006,0.061911518122019636,0.11612903225806158,0.060000000000002274,0.14999999999997726,0.2400000000000091,1.0,9706.0,9706.0,2021-12-14,2021-12-14 08:50:00,3.4288071360437264,359.0,1.0,best_within_2.0d,10064.0,401.19,0.5832424107187206,4.3760036431226785,32.22527881040892,0.012230020343504162,2.285057100371749,15.890706319702602,0.006381710269403211,0.4929364202292669,5.6011759621451125,36.843533123028394,0.015614239272951093,2.82998018927445,22.52492113564669,0.007835530045022196,1.8630914826498424,0.00402220134195386,1.9444468750000041,16.553125,0.005470102952261012,0.0,0
9709.0,2021-12-14 09:10:00,387.64,387.86,387.33,387.77,310776.0,1p,1p,1.0,buy,False,0.7858185035030945,3.420000000000016,22.0,0.008752399232245722,-0.3522266529716933,-0.48701590429419694,-0.6631292307800436,-0.0017041640660962162,29.81745479332838,13.419791254274468,13.06749362790021,14.12438650702298,310776.0,3.420000000000016,0.0,3.420000000000016,22.0,0.008752399232245722,3.420000000000016,0.0,0.0,1.0,1.0,-0.3522266529716933,-0.6631292307800436,-0.48701590429419694,29.81745479332838,13.419791254274468,13.06749362790021,14.12438650702298,4.629568391952802,45.10522347588042,32.287525114993144,0.03353627076668957,0.1368342240466862,0.09000000000003183,0.3100000000000023,0.12999999999999545,1.0,9710.0,9710.0,2021-12-14,2021-12-14 09:10:00,3.460814400288835,355.0,1.0,best_within_2.0d,10064.0,401.19,0.5832424107187206,4.3760036431226785,32.22527881040892,0.012230020343504162,2.285057100371749,15.890706319702602,0.006381710269403211,0.4929364202292669,5.6011759621451125,36.843533123028394,0.015614239272951093,2.82998018927445,22.52492113564669,0.007835530045022196,1.8630914826498424,0.00402220134195386,1.9444468750000041,16.553125,0.005470102952261012,0.0,0
9712.0,2021-12-14 09:25:00,387.54,387.66,387.23,387.23,158627.0,1p,1p,1.0,buy,False,0.7858185035030932,3.519999999999982,25.0,0.009008317338451649,-0.2588473283873567,-0.5900870052405929,-0.7195106694342712,-0.0018506844679012572,25.39216342696163,10.364378929094539,13.450594773949124,4.191947239385367,158627.0,3.519999999999982,0.0,3.519999999999982,25.0,0.009008317338451649,3.519999999999982,0.0,0.0,1.0,1.0,-0.2588473283873567,-0.7195106694342712,-0.5900870052405929,25.39216342696163,10.364378929094539,13.450594773949124,4.191947239385367,5.432031703312316,44.567351020358274,41.570936825727564,-0.07999174278784184,0.11104511530615056,0.12000000000000455,0.0,0.3100000000000023,0.0,9713.0,9713.0,2021-12-14,2021-12-14 09:25:00,3.6050925806368253,352.0,1.0,best_within_2.0d,10064.0,401.19,0.5832424107187206,4.3760036431226785,32.22527881040892,0.012230020343504162,2.285057100371749,15.890706319702602,0.006381710269403211,0.4929364202292669,5.6011759621451125,36.843533123028394,0.015614239272951093,2.82998018927445,22.52492113564669,0.007835530045022196,1.8630914826498424,0.00402220134195386,1.9444468750000041,16.553125,0.005470102952261012,0.0,0
9713.0,2021-12-14 09:30:00,387.3,388.5,386.65,387.8,2011627.0,1p,1p,1.0,buy,False,0.7858185035030932,4.100000000000023,26.0,0.010492642354446635,-0.15515789116736523,-0.6094817416365135,-0.6870606872201961,-0.001767548785532944,36.58941882283041,27.63030667345077,18.17716540711634,46.53658920611963,2011627.0,4.100000000000023,0.0,4.100000000000023,26.0,0.010492642354446635,4.100000000000023,0.0,0.0,1.0,1.0,-0.15515789116736523,-0.6870606872201961,-0.6094817416365135,36.58941882283041,27.63030667345077,18.17716540711634,46.53658920611963,13.64590995831576,33.26190552339543,41.58859718233151,0.12909888974954814,0.478468899521537,0.6999999999999886,0.6500000000000341,0.5,1.0,9714.0,9714.0,2021-12-14,2021-12-14 09:30:00,3.4528107271789543,351.0,1.0,best_within_2.0d,10064.0,401.19,0.5832424107187206,4.3760036431226785,32.22527881040892,0.012230020343504162,2.285057100371749,15.890706319702602,0.006381710269403211,0.4929364202292669,5.6011759621451125,36.843533123028394,0.015614239272951093,2.82998018927445,22.52492113564669,0.007835530045022196,1.8630914826498424,0.00402220134195386,1.9444468750000041,16.553125,0.005470102952261012,1.0,0
9722.0,2021-12-14 10:15:00,386.88,387.14,386.55,386.98,818475.0,1p,1p,1.0,buy,False,0.7858185035030945,4.199999999999989,35.0,0.010748560460652562,-0.1439180889948698,-0.43033297570069157,-0.5022920201981265,-0.0012933797703950103,37.6243264998685,23.42211877851431,35.60627232907855,-0.9461883226141765,818475.0,4.199999999999989,0.0,4.199999999999989,35.0,0.010748560460652562,4.199999999999989,0.0,0.0,1.0,1.0,-0.1439180889948698,-0.5022920201981265,-0.43033297570069157,37.6243264998685,23.42211877851431,35.60627232907855,-0.9461883226141765,16.941852117731603,20.028715003589102,27.685740527885844,0.025847808105878497,0.1526322597335338,0.15999999999996817,0.3299999999999841,0.10000000000002274,1.0,9723.0,9723.0,2021-12-14,2021-12-14 10:15:00,3.6720243940255255,342.0,1.0,best_within_2.0d,10064.0,401.19,0.5832424107187206,4.3760036431226785,32.22527881040892,0.012230020343504162,2.285057100371749,15.890706319702602,0.006381710269403211,0.4929364202292669,5.6011759621451125,36.843533123028394,0.015614239272951093,2.82998018927445,22.52492113564669,0.007835530045022196,1.8630914826498424,0.00402220134195386,1.9444468750000041,16.553125,0.005470102952261012,1.0,0
9727.0,2021-12-14 10:40:00,395.62,396.16,395.53,396.03,252610.0,2s,2s,1.0,buy,False,0.316793652792657,4.163492493946733,28.239017640954685,0.011578080659927173,-0.18320595601443157,0.03198246038610292,-0.05962051762111287,-0.00015049578813366266,47.62538847414462,24.93431732635431,25.830838767094882,23.14127444487316,252610.0,1.410000000000025,1.0,3.1761999999999944,10.0,0.008074537319503748,1.410000000000025,24.0,0.0035521741321107095,1.0,2.5,-0.18320595601443157,-0.05962051762111287,0.03198246038610292,47.62538847414462,24.93431732635431,25.830838767094882,23.14127444487316,10.354899677364807,23.477978656383375,22.051705716700155,0.10363480107172746,0.1592799534801538,0.1300000000000523,0.09000000000003183,0.40999999999996817,1.0,9728.0,9728.0,2021-12-14,2021-12-14 10:40:00,0.4230287859824775,337.0,1.0,best_within_2.0d,10064.0,401.19,0.5832424107187206,4.3760036431226785,32.22527881040892,0.012230020343504162,2.285057100371749,15.890706319702602,0.006381710269403211,0.316793652792657,3.1761999999999944,10.0,0.008074537319503748,1.410000000000025,24.0,0.0035521741321107095,1.0,0.00402220134195386,1.9444468750000041,16.553125,0.005470102952261012,0.0,0
9727.0,2021-12-14 10:40:00,399.35,399.5,399.35,399.5,650.0,3a,3a,1.0,buy,False,0.0025439283998686204,4.163492493946733,28.239017640954685,0.011578080659927173,-0.13543495002927397,0.44805029664118967,0.3803328216265527,0.0009530656757866238,66.36033097408543,28.179553860683104,39.15114521162386,6.236371158801589,650.0,0.37999999999999545,2.0,0.37999999999999545,11.0,0.0009506416831361054,0.37999999999999545,11.0,0.0009506416831361054,3.0,3.0,-0.13543495002927397,0.3803328216265527,0.44805029664118967,66.36033097408543,28.179553860683104,39.15114521162386,6.236371158801589,23.684210526313297,47.36842105263656,45.281010239628976,0.037561036684606794,0.037561036684606794,0.0,0.0,0.14999999999997726,1.0,9728.0,9728.0,2021-12-14,2021-12-14 10:40:00,0.4230287859824775,337.0,1.0,best_within_2.0d,10064.0,401.19,0.5832424107187206,4.3760036431226785,32.22527881040892,0.012230020343504162,2.285057100371749,15.890706319702602,0.006381710269403211,0.4929364202292669,5.6011759621451125,36.843533123028394,0.015614239272951093,2.82998018927445,22.52492113564669,0.007835530045022196,1.8630914826498424,0.0025439283998686204,0.37999999999999545,11.0,0.0009506416831361054,0.0,0
9727.0,2021-12-14 10:40:00,394.12,394.289,393.36,393.67,758146.0,1p,1p,1.0,buy,False,2.967352506125429,4.699999999999989,19.0,0.011807265236396495,-0.6154353249502833,-0.17524801157256317,-0.48296567404770485,-0.0012207487104708586,35.87065489560001,13.576094641896054,21.227202267123708,-1.7261206085592562,758146.0,4.699999999999989,0.0,4.699999999999989,19.0,0.011807265236396495,4.699999999999989,0.0,0.0,1.0,1.0,-0.6154353249502833,-0.48296567404770485,-0.17524801157256317,35.87065489560001,13.576094641896054,21.227202267123708,-1.7261206085592562,16.069987316960464,32.096736999884875,30.70812889484841,-0.11417842281538329,0.23617042912344255,0.16899999999998272,0.3100000000000023,0.44999999999998863,0.0,9728.0,9728.0,2021-12-14,2021-12-14 10:40:00,0.4230287859824775,337.0,1.0,best_within_2.0d,10064.0,401.19,0.5832424107187206,4.3760036431226785,32.22527881040892,0.012230020343504162,2.285057100371749,15.890706319702602,0.006381710269403211,0.4929364202292669,5.6011759621451125,36.843533123028394,0.015614239272951093,2.82998018927445,22.52492113564669,0.007835530045022196,1.8630914826498424,0.00402220134195386,1.9444468750000041,16.553125,0.005470102952261012,0.0,0
9727.0,2021-12-14 10:40:00,395.49,395.665,395.13,395.23,379251.0,2,2,1.0,buy,False,0.4427303066557569,4.163492493946733,28.239017640954685,0.011578080659927173,0.032241178956657034,0.02726238256909651,0.04338297204742503,0.0001096544697339044,46.14107025612474,34.91620301395147,55.31218085968407,-5.875752677513745,379251.0,1.4062000000000126,1.0,3.1761999999999944,10.0,0.008074537319503748,1.4062000000000126,10.0,0.003546208391566804,2.0,2.0,0.032241178956657034,0.04338297204742503,0.02726238256909651,46.14107025612474,34.91620301395147,55.31218085968407,-5.875752677513745,19.33370032393915,17.62507675043915,31.565013244827064,-0.06574123239525421,0.1353984764507947,0.17500000000001137,0.10000000000002274,0.2599999999999909,0.0,9728.0,9728.0,2021-12-14,2021-12-14 10:40:00,0.4230287859824775,337.0,1.0,best_within_2.0d,10064.0,401.19,0.4427303066557569,3.1761999999999944,10.0,0.008074537319503748,1.4062000000000126,10.0,0.003546208391566804,0.4929364202292669,5.6011759621451125,36.843533123028394,0.015614239272951093,2.82998018927445,22.52492113564669,0.007835530045022196,1.8630914826498424,0.00402220134195386,1.9444468750000041,16.553125,0.005470102952261012,0.0,0
9728.0,2021-12-14 10:45:00,386.87,387.12,385.97,386.25,861813.0,1p,1p,1.0,buy,False,0.7858185035030932,4.779999999999973,41.0,0.012232885476647403,-0.16410673075330617,-0.4215840900830288,-0.5036374554596819,-0.0012980144549386838,35.457364339319696,24.335356921797427,32.117244210015954,8.771582345360372,861813.0,4.779999999999973,0.0,4.779999999999973,41.0,0.012232885476647403,4.779999999999973,0.0,0.0,1.0,1.0,-0.16410673075330617,-0.5036374554596819,-0.4215840900830288,35.457364339319696,24.335356921797427,32.117244210015954,8.771582345360372,15.815756531571129,30.016286864172866,24.431384301799017,-0.16026055264042302,0.2979506179236669,0.25,0.2799999999999727,0.6200000000000045,0.0,9729.0,9729.0,2021-12-14,2021-12-14 10:45:00,3.867961165048543,336.0,1.0,best_within_2.0d,10064.0,401.19,0.5832424107187206,4.3760036431226785,32.22527881040892,0.012230020343504162,2.285057100371749,15.890706319702602,0.006381710269403211,0.4929364202292669,5.6011759621451125,36.843533123028394,0.015614239272951093,2.82998018927445,22.52492113564669,0.007835530045022196,1.8630914826498424,0.00402220134195386,1.9444468750000041,16.553125,0.005470102952261012,0.0,0
9729.0,2021-12-14 10:50:00,386.25,386.3,385.48,385.56,880712.0,1p,1p,1.0,buy,False,0.7858185035030932,5.269999999999982,42.0,0.013486884197056894,-0.31951488672471196,-0.4615234509236178,-0.6212808942859738,-0.0016019625441565013,31.879043722121892,17.03906567467417,27.091184698235356,-3.0651723724482025,880712.0,5.269999999999982,0.0,5.269999999999982,42.0,0.013486884197056894,5.269999999999982,0.0,0.0,1.0,1.0,-0.31951488672471196,-0.6212808942859738,-0.4615234509236178,31.879043722121892,17.03906567467417,27.091184698235356,-3.0651723724482025,10.990811408598919,33.79162513823855,26.323045004980592,-0.17864077669902853,0.21272180139047242,0.05000000000001137,0.07999999999998408,0.6899999999999977,0.0,9730.0,9730.0,2021-12-14,2021-12-14 10:50:00,4.053843759726111,335.0,1.0,best_within_2.0d,10064.0,401.19,0.5832424107187206,4.3760036431226785,32.22527881040892,0.012230020343504162,2.285057100371749,15.890706319702602,0.006381710269403211,0.4929364202292669,5.6011759621451125,36.843533123028394,0.015614239272951093,2.82998018927445,22.52492113564669,0.007835530045022196,1.8630914826498424,0.00402220134195386,1.9444468750000041,16.553125,0.005470102952261012,0.0,0
9730.0,2021-12-14 10:55:00,385.54,385.67,384.95,385.5,1062267.0,1p,1p,1.0,buy,False,0.7858185035030932,5.800000000000011,43.0,0.014843250159948845,-0.3994150870438551,-0.5114503368040997,-0.7111578803260272,-0.0018345234816773016,31.580588036837128,16.183938519958303,23.455435972143004,1.6409436155889026,1062267.0,5.800000000000011,0.0,5.800000000000011,43.0,0.014843250159948845,5.800000000000011,0.0,0.0,1.0,1.0,-0.3994150870438551,-0.7111578803260272,-0.5114503368040997,31.580588036837128,16.183938519958303,23.455435972143004,1.6409436155889026,11.735891417491697,36.738442698234714,28.127038030940614,-0.01037505835970858,0.1870372775685225,0.12999999999999545,0.5500000000000114,0.040000000000020464,0.0,9731.0,9731.0,2021-12-14,2021-12-14 10:55:00,4.070038910505836,334.0,1.0,best_within_2.0d,10064.0,401.19,0.5832424107187206,4.3760036431226785,32.22527881040892,0.012230020343504162,2.285057100371749,15.890706319702602,0.006381710269403211,0.4929364202292669,5.6011759621451125,36.843533123028394,0.015614239272951093,2.82998018927445,22.52492113564669,0.007835530045022196,1.8630914826498424,0.00402220134195386,1.9444468750000041,16.553125,0.005470102952261012,0.0,0
9731.0,2021-12-14 11:00:00,385.49,385.5,384.51,385.06,1168894.0,1p,1p,1.0,buy,False,0.7858185035030932,6.240000000000009,44.0,0.0159692898272553,-0.4753909397876719,-0.5708742042775586,-0.8085696741713946,-0.0020868436161274144,29.40637464568084,15.11319171770813,20.67468788733138,3.990199378461625,1168894.0,6.240000000000009,0.0,6.240000000000009,44.0,0.0159692898272553,6.240000000000009,0.0,0.0,1.0,1.0,-0.4753909397876719,-0.8085696741713946,-0.5708742042775586,29.40637464568084,15.11319171770813,20.67468788733138,3.990199378461625,11.874382310858143,38.352042246249916,29.883434831961114,-0.11154634361462212,0.25747054692986115,0.009999999999990905,0.5500000000000114,0.4300000000000068,0.0,9732.0,9732.0,2021-12-14,2021-12-14 11:00:00,4.188957565054795,333.0,1.0,best_within_2.0d,10064.0,401.19,0.5832424107187206,4.3760036431226785,32.22527881040892,0.012230020343504162,2.285057100371749,15.890706319702602,0.006381710269403211,0.4929364202292669,5.6011759621451125,36.843533123028394,0.015614239272951093,2.82998018927445,22.52492113564669,0.007835530045022196,1.8630914826498424,0.00402220134195386,1.9444468750000041,16.553125,0.005470102952261012,1.0,0
9738.0,2021-12-14 11:35:00,385.05,385.37,384.28,384.34,605091.0,1p,1p,1.0,buy,False,0.7858185035030932,6.470000000000027,51.0,0.01655790147152918,-0.18712932731150578,-0.8442538980262263,-0.9378185616819792,-0.002426781566073838,32.07346284761357,55.10417401477525,44.32794938179454,76.65662328073668,605091.0,6.470000000000027,0.0,6.470000000000027,51.0,0.01655790147152918,6.470000000000027,0.0,0.0,1.0,1.0,-0.18712932731150578,-0.9378185616819792,-0.8442538980262263,32.07346284761357,55.10417401477525,44.32794938179454,76.65662328073668,0.7510940733453723,48.51239949791353,45.356333323451175,-0.1843916374496913,0.2836473404809076,0.3199999999999932,0.060000000000002274,0.7100000000000364,0.0,9739.0,9739.0,2021-12-14,2021-12-14 11:35:00,4.384139043555192,326.0,1.0,best_within_2.0d,10064.0,401.19,0.5832424107187206,4.3760036431226785,32.22527881040892,0.012230020343504162,2.285057100371749,15.890706319702602,0.006381710269403211,0.4929364202292669,5.6011759621451125,36.843533123028394,0.015614239272951093,2.82998018927445,22.52492113564669,0.007835530045022196,1.8630914826498424,0.00402220134195386,1.9444468750000041,16.553125,0.005470102952261012,0.0,0
9739.0,2021-12-14 11:40:00,384.31,384.99,384.27,384.53,530308.0,1p,1p,1.0,buy,False,0.7858185035030932,6.480000000000018,52.0,0.01658349328214976,-0.16332792644590977,-0.8646698888319652,-0.94633385205492,-0.0024497158769765538,34.149780809733414,57.93981971355373,48.86523949238094,76.08898015589932,530308.0,6.480000000000018,0.0,6.480000000000018,52.0,0.01658349328214976,6.480000000000018,0.0,0.0,1.0,1.0,-0.16332792644590977,-0.94633385205492,-0.8646698888319652,34.149780809733414,57.93981971355373,48.86523949238094,76.08898015589932,0.7557087756426084,46.830733522203325,49.032584399918356,0.05724545288958665,0.1873682566945188,0.4600000000000364,0.040000000000020464,0.21999999999997044,1.0,9740.0,9740.0,2021-12-14,2021-12-14 11:40:00,4.332561828725984,325.0,1.0,best_within_2.0d,10064.0,401.19,0.5832424107187206,4.3760036431226785,32.22527881040892,0.012230020343504162,2.285057100371749,15.890706319702602,0.006381710269403211,0.4929364202292669,5.6011759621451125,36.843533123028394,0.015614239272951093,2.82998018927445,22.52492113564669,0.007835530045022196,1.8630914826498424,0.00402220134195386,1.9444468750000041,16.553125,0.005470102952261012,1.0,0
9746.0,2021-12-14 12:15:00,384.39,384.44,383.9,384.09,482132.0,1p,1p,1.0,buy,False,0.7858185035030932,6.850000000000023,59.0,0.017530390275112023,0.08000972200295209,-0.8349121479031378,-0.7949072869016618,-0.0020616154047101106,35.30436796815761,27.063544427855334,39.847434199743375,1.4957648840792501,482132.0,6.850000000000023,0.0,6.850000000000023,59.0,0.017530390275112023,6.850000000000023,0.0,0.0,1.0,1.0,0.08000972200295209,-0.7949072869016618,-0.8349121479031378,35.30436796815761,27.063544427855334,39.847434199743375,1.4957648840792501,1.4953956177948091,31.643439035885113,66.51932473554372,-0.07804573480059611,0.14066163063298268,0.05000000000001137,0.18999999999999773,0.30000000000001137,0.0,9747.0,9747.0,2021-12-14,2021-12-14 12:15:00,4.4520815433882746,318.0,1.0,best_within_2.0d,10064.0,401.19,0.5832424107187206,4.3760036431226785,32.22527881040892,0.012230020343504162,2.285057100371749,15.890706319702602,0.006381710269403211,0.4929364202292669,5.6011759621451125,36.843533123028394,0.015614239272951093,2.82998018927445,22.52492113564669,0.007835530045022196,1.8630914826498424,0.00402220134195386,1.9444468750000041,16.553125,0.005470102952261012,1.0,0
9752.0,2021-12-14 12:45:00,383.93,384.195,383.78,383.935,382448.0,1p,1p,1.0,buy,False,0.7858185035030945,6.970000000000027,65.0,0.01783749200255925,0.11582357398339149,-0.7277736417680957,-0.6698618547763999,-0.0017395745643081705,35.976339000548066,20.15346326220341,28.76956805380386,2.921253679002511,382448.0,6.970000000000027,0.0,6.970000000000027,65.0,0.01783749200255925,6.970000000000027,0.0,0.0,1.0,1.0,0.11582357398339149,-0.6698618547763999,-0.7277736417680957,35.976339000548066,20.15346326220341,28.76956805380386,2.921253679002511,3.7707711972731732,12.66392084457765,65.73105178781852,0.0013023207355495668,0.10813486893533288,0.2599999999999909,0.1500000000000341,0.0049999999999954525,1.0,9753.0,9753.0,2021-12-14,2021-12-14 12:45:00,4.4942503288317015,312.0,1.0,best_within_2.0d,10064.0,401.19,0.5832424107187206,4.3760036431226785,32.22527881040892,0.012230020343504162,2.285057100371749,15.890706319702602,0.006381710269403211,0.4929364202292669,5.6011759621451125,36.843533123028394,0.015614239272951093,2.82998018927445,22.52492113564669,0.007835530045022196,1.8630914826498424,0.00402220134195386,1.9444468750000041,16.553125,0.005470102952261012,1.0,0
9765.0,2021-12-14 13:50:00,384.335,384.69,384.26,384.42,300580.0,2,2,1.0,buy,False,0.6981132075471644,4.163492493946733,28.239017640954685,0.011578080659927173,0.09752519341397448,-0.26567039784021895,-0.21690780113323171,-0.0005636321365362785,43.119440322383156,25.906560109825637,42.32527835553126,-6.930876381585605,300580.0,1.1100000000000136,1.0,1.5900000000000318,6.0,0.004142998592943957,1.1100000000000136,9.0,0.0028803487557412712,2.0,2.0,0.09752519341397448,-0.21690780113323171,-0.26567039784021895,43.119440322383156,25.906560109825637,42.32527835553126,-6.930876381585605,22.986125169348206,14.561564694707569,37.31573838148646,0.022116122653423807,0.11190339874043793,0.2699999999999818,0.07499999999998863,0.08500000000003638,1.0,9766.0,9766.0,2021-12-14,2021-12-14 13:50:00,4.362416107382545,299.0,1.0,best_within_2.0d,10064.0,401.19,0.6981132075471644,1.5900000000000318,6.0,0.004142998592943957,1.1100000000000136,9.0,0.0028803487557412712,0.4929364202292669,5.6011759621451125,36.843533123028394,0.015614239272951093,2.82998018927445,22.52492113564669,0.007835530045022196,1.8630914826498424,0.00402220134195386,1.9444468750000041,16.553125,0.005470102952261012,0.0,0
9766.0,2021-12-14 13:55:00,384.42,384.47,384.12,384.36,218668.0,2,2,1.0,buy,False,0.7861635220125629,4.163492493946733,28.239017640954685,0.011578080659927173,0.0702362690362085,-0.2568908642106929,-0.22177272969258865,-0.0005763267613320562,42.33305924091617,24.543767345944488,36.398108019002336,0.8350859998287916,218668.0,1.25,1.0,1.5900000000000318,6.0,0.004142998592943957,1.25,10.0,0.003243635986195085,2.0,2.0,0.0702362690362085,-0.22177272969258865,-0.2568908642106929,42.33305924091617,24.543767345944488,36.398108019002336,0.8350859998287916,23.22116821621334,14.553148646310001,36.289389918764805,-0.015607928827845136,0.09111735915860218,0.05000000000001137,0.2400000000000091,0.060000000000002274,0.0,9767.0,9767.0,2021-12-14,2021-12-14 13:55:00,4.378707461754601,298.0,1.0,best_within_2.0d,10064.0,401.19,0.7861635220125629,1.5900000000000318,6.0,0.004142998592943957,1.25,10.0,0.003243635986195085,0.4929364202292669,5.6011759621451125,36.843533123028394,0.015614239272951093,2.82998018927445,22.52492113564669,0.007835530045022196,1.8630914826498424,0.00402220134195386,1.9444468750000041,16.553125,0.005470102952261012,1.0,0
9772.0,2021-12-14 14:25:00,386.3,386.42,385.9041,386.025,441361.0,1p,1p,0.0,sell,False,1.0560349455015952,2.3000000000000114,7.0,0.005987712173279213,0.43845973901748697,-0.001657408500469615,0.21757246100827388,0.000564854327294003,60.82172593594714,81.34338468321711,71.04015896415518,101.94983612134098,441361.0,2.3000000000000114,0.0,2.3000000000000114,7.0,0.005987712173279213,2.3000000000000114,0.0,0.0,1.0,1.0,0.43845973901748697,0.21757246100827388,-0.001657408500469615,60.82172593594714,81.34338468321711,71.04015896415518,101.94983612134098,32.18675853563824,10.25616965374834,38.69649537425509,-0.07118819570283047,0.13368606345462197,0.12000000000000455,0.12089999999994916,0.2750000000000341,0.0,9773.0,9773.0,2021-12-14,2021-12-14 14:25:00,0.5323489411307429,166.0,1.0,best_within_2.0d,9938.0,383.97,0.5832424107187206,4.3760036431226785,32.22527881040892,0.012230020343504162,2.285057100371749,15.890706319702602,0.006381710269403211,0.4929364202292669,5.6011759621451125,36.843533123028394,0.015614239272951093,2.82998018927445,22.52492113564669,0.007835530045022196,1.8630914826498424,0.00402220134195386,1.9444468750000041,16.553125,0.005470102952261012,0.0,1
9773.0,2021-12-14 14:30:00,386.03,386.52,385.9,386.41,302007.0,1p,1p,0.0,sell,False,1.0560349455015952,2.3999999999999773,8.0,0.006248047485160828,0.45378012218005626,0.05506510677203742,0.28195516786206554,0.0007318299113118418,64.36663810958999,86.03447867770087,76.03826553533708,106.02690496242849,302007.0,2.3999999999999773,0.0,2.3999999999999773,8.0,0.006248047485160828,2.3999999999999773,0.0,0.0,1.0,1.0,0.45378012218005626,0.28195516786206554,0.05506510677203742,64.36663810958999,86.03447867770087,76.03826553533708,106.02690496242849,32.69027173273776,7.646159275379177,40.36732229925787,0.09843794523743035,0.16066338429645105,0.1099999999999568,0.12999999999999545,0.3800000000000523,1.0,9774.0,9774.0,2021-12-14,2021-12-14 14:30:00,0.6314536373282258,165.0,1.0,best_within_2.0d,9938.0,383.97,0.5832424107187206,4.3760036431226785,32.22527881040892,0.012230020343504162,2.285057100371749,15.890706319702602,0.006381710269403211,0.4929364202292669,5.6011759621451125,36.843533123028394,0.015614239272951093,2.82998018927445,22.52492113564669,0.007835530045022196,1.8630914826498424,0.00402220134195386,1.9444468750000041,16.553125,0.005470102952261012,0.0,1
9775.0,2021-12-14 14:40:00,386.32,386.7846,386.2,386.72,466839.0,1p,1p,0.0,sell,False,1.0560349455015952,2.664600000000007,10.0,0.006936894720399893,0.43634013727061294,0.16283602003111813,0.3810060886664246,0.000988464898348314,66.4359959345596,91.02507678263407,83.64158489550209,105.79206055689804,466839.0,2.664600000000007,0.0,2.664600000000007,10.0,0.006936894720399893,2.664600000000007,0.0,0.0,1.0,1.0,0.43634013727061294,0.3810060886664246,0.16283602003111813,66.4359959345596,91.02507678263407,83.64158489550209,105.79206055689804,32.903430346839635,7.4186798554306685,43.28233823794284,0.10354110581901899,0.15137234593475482,0.06459999999998445,0.12000000000000455,0.4000000000000341,1.0,9776.0,9776.0,2021-12-14,2021-12-14 14:40:00,0.7111088125775754,163.0,1.0,best_within_2.0d,9938.0,383.97,0.5832424107187206,4.3760036431226785,32.22527881040892,0.012230020343504162,2.285057100371749,15.890706319702602,0.006381710269403211,0.4929364202292669,5.6011759621451125,36.843533123028394,0.015614239272951093,2.82998018927445,22.52492113564669,0.007835530045022196,1.8630914826498424,0.00402220134195386,1.9444468750000041,16.553125,0.005470102952261012,0.0,1
9776.0,2021-12-14 14:45:00,386.72,387.07,386.53,386.5499,414500.0,1p,1p,0.0,sell,False,1.0560349455015952,2.9499999999999886,11.0,0.007679891700510227,0.39537593216849193,0.21225801155217963,0.4099459776364256,0.001063320949585172,63.64143201019024,86.27713452175587,84.52010143758667,89.79120069009423,414500.0,2.9499999999999886,0.0,2.9499999999999886,11.0,0.007679891700510227,2.9499999999999886,0.0,0.0,1.0,1.0,0.39537593216849193,0.4099459776364256,0.21225801155217963,63.64143201019024,86.27713452175587,84.52010143758667,89.79120069009423,35.53142927641741,5.983591388562825,45.27458896664863,-0.04398531237071981,0.1397045507463898,0.3499999999999659,0.019900000000006912,0.17010000000004766,0.0,9777.0,9777.0,2021-12-14,2021-12-14 14:45:00,0.667417065688014,162.0,1.0,best_within_2.0d,9938.0,383.97,0.5832424107187206,4.3760036431226785,32.22527881040892,0.012230020343504162,2.285057100371749,15.890706319702602,0.006381710269403211,0.4929364202292669,5.6011759621451125,36.843533123028394,0.015614239272951093,2.82998018927445,22.52492113564669,0.007835530045022196,1.8630914826498424,0.00402220134195386,1.9444468750000041,16.553125,0.005470102952261012,0.0,1
9779.0,2021-12-14 15:00:00,386.6,387.6,386.52,387.53,765402.0,1p,1p,0.0,sell,False,1.0560349455015952,3.480000000000018,14.0,0.009059668853483334,0.36576734971850633,0.33843570416448376,0.5213193790237369,0.001351198846991661,72.06158467892746,83.893703756688,82.10915673227645,87.46279780551109,765402.0,3.480000000000018,0.0,3.480000000000018,14.0,0.009059668853483334,3.480000000000018,0.0,0.0,1.0,1.0,0.36576734971850633,0.5213193790237369,0.33843570416448376,72.06158467892746,83.893703756688,82.10915673227645,87.46279780551109,41.479081655531495,5.71723241110192,50.383876910693225,0.24055871702016296,0.27941633033220553,0.07000000000005002,0.08000000000004093,0.92999999999995,1.0,9780.0,9780.0,2021-12-14,2021-12-14 15:00:00,0.9186385570149268,159.0,1.0,best_within_2.0d,9938.0,383.97,0.5832424107187206,4.3760036431226785,32.22527881040892,0.012230020343504162,2.285057100371749,15.890706319702602,0.006381710269403211,0.4929364202292669,5.6011759621451125,36.843533123028394,0.015614239272951093,2.82998018927445,22.52492113564669,0.007835530045022196,1.8630914826498424,0.00402220134195386,1.9444468750000041,16.553125,0.005470102952261012,0.0,1
9780.0,2021-12-14 15:05:00,387.55,388.0,387.46,387.95,554943.0,1p,1p,0.0,sell,False,1.0560349455015952,3.8799999999999955,15.0,0.01010101010101009,0.4361674827247468,0.3929566395050771,0.6110403808674505,0.0015830977578358018,74.7699509850608,88.46881837747436,84.2290439473424,96.9483672377383,554943.0,3.8799999999999955,0.0,3.8799999999999955,15.0,0.01010101010101009,3.8799999999999955,0.0,0.0,1.0,1.0,0.4361674827247468,0.6110403808674505,0.3929566395050771,74.7699509850608,88.46881837747436,84.2290439473424,96.9483672377383,45.00461011591161,4.061292588689288,52.74542573864402,0.10321248871112818,0.13936922521034958,0.05000000000001137,0.09000000000003183,0.39999999999997726,1.0,9781.0,9781.0,2021-12-14,2021-12-14 15:05:00,1.0259054001804258,158.0,1.0,best_within_2.0d,9938.0,383.97,0.5832424107187206,4.3760036431226785,32.22527881040892,0.012230020343504162,2.285057100371749,15.890706319702602,0.006381710269403211,0.4929364202292669,5.6011759621451125,36.843533123028394,0.015614239272951093,2.82998018927445,22.52492113564669,0.007835530045022196,1.8630914826498424,0.00402220134195386,1.9444468750000041,16.553125,0.005470102952261012,0.0,1
9781.0,2021-12-14 15:10:00,387.95,388.21,387.63,387.7999,667371.0,1p,1p,0.0,sell,False,1.0560349455015952,4.089999999999975,16.0,0.010647714255961614,0.43110521801374246,0.4468447917567949,0.6623974007636662,0.0017155547839688289,72.0806440200131,86.39479666723399,84.9509615206396,89.28246696042277,667371.0,4.089999999999975,0.0,4.089999999999975,16.0,0.010647714255961614,4.089999999999975,0.0,0.0,1.0,1.0,0.43110521801374246,0.6623974007636662,0.4468447917567949,72.0806440200131,86.39479666723399,84.9509615206396,89.28246696042277,42.07447778892675,4.218735747513772,54.81888446693962,-0.03869055290630468,0.14962722183525118,0.2599999999999909,0.16989999999998417,0.150100000000009,0.0,9782.0,9782.0,2021-12-14,2021-12-14 15:10:00,0.9875969539961079,157.0,1.0,best_within_2.0d,9938.0,383.97,0.5832424107187206,4.3760036431226785,32.22527881040892,0.012230020343504162,2.285057100371749,15.890706319702602,0.006381710269403211,0.4929364202292669,5.6011759621451125,36.843533123028394,0.015614239272951093,2.82998018927445,22.52492113564669,0.007835530045022196,1.8630914826498424,0.00402220134195386,1.9444468750000041,16.553125,0.005470102952261012,0.0,1
9782.0,2021-12-14 15:15:00,387.78,388.23,387.5,388.19,471612.0,1p,1p,0.0,sell,False,1.0560349455015952,4.110000000000014,17.0,0.010699781318338054,0.44697598463727806,0.5027167898364546,0.7262047821550937,0.0018800613904426553,74.63418078464109,90.33462634958425,86.74551646362114,97.51284612151048,471612.0,4.110000000000014,0.0,4.110000000000014,17.0,0.010699781318338054,4.110000000000014,0.0,0.0,1.0,1.0,0.44697598463727806,0.7262047821550937,0.5027167898364546,74.63418078464109,90.33462634958425,86.74551646362114,97.51284612151048,33.612028132625085,5.980575092100198,55.88820931526083,0.10573005312291119,0.18838709677419824,0.040000000000020464,0.2799999999999727,0.410000000000025,1.0,9783.0,9783.0,2021-12-14,2021-12-14 15:15:00,1.0870965248975941,156.0,1.0,best_within_2.0d,9938.0,383.97,0.5832424107187206,4.3760036431226785,32.22527881040892,0.012230020343504162,2.285057100371749,15.890706319702602,0.006381710269403211,0.4929364202292669,5.6011759621451125,36.843533123028394,0.015614239272951093,2.82998018927445,22.52492113564669,0.007835530045022196,1.8630914826498424,0.00402220134195386,1.9444468750000041,16.553125,0.005470102952261012,0.0,1
9783.0,2021-12-14 15:20:00,388.21,388.23,387.85,388.17,404242.0,1p,1p,0.0,sell,False,1.0560349455015952,4.110000000000014,18.0,0.010699781318338054,0.4217732014034037,0.5554384400118801,0.766325040713582,0.001983204241047082,74.25918565268559,92.58554377998169,88.69219223574132,100.37224686846247,404242.0,4.110000000000014,0.0,4.110000000000014,18.0,0.010699781318338054,4.110000000000014,0.0,0.0,1.0,1.0,0.4217732014034037,0.766325040713582,0.5554384400118801,74.25918565268559,92.58554377998169,88.69219223574132,100.37224686846247,31.591417185070053,6.075038880248162,56.734978366530356,-0.010303701604792154,0.09797602165785625,0.020000000000038654,0.3199999999999932,0.03999999999996362,0.0,9784.0,9784.0,2021-12-14,2021-12-14 15:20:00,1.0820001545714477,155.0,1.0,best_within_2.0d,9938.0,383.97,0.5832424107187206,4.3760036431226785,32.22527881040892,0.012230020343504162,2.285057100371749,15.890706319702602,0.006381710269403211,0.4929364202292669,5.6011759621451125,36.843533123028394,0.015614239272951093,2.82998018927445,22.52492113564669,0.007835530045022196,1.8630914826498424,0.00402220134195386,1.9444468750000041,16.553125,0.005470102952261012,0.0,1
9784.0,2021-12-14 15:25:00,388.18,388.77,388.08,388.7,468606.0,1p,1p,0.0,sell,False,1.0560349455015952,4.649999999999977,19.0,0.012105592002499159,0.4413856081459753,0.610611641030127,0.8313044451031146,0.002150422089223025,77.48728108947921,94.15959328921863,90.51465925356709,101.44946136052175,468606.0,4.649999999999977,0.0,4.649999999999977,19.0,0.012105592002499159,4.649999999999977,0.0,0.0,1.0,1.0,0.4413856081459753,0.8313044451031146,0.610611641030127,77.48728108947921,94.15959328921863,90.51465925356709,101.44946136052175,36.724597679640155,5.730726047903616,57.89701552079344,0.13395847287340457,0.17779839208410578,0.06999999999999318,0.10000000000002274,0.5199999999999818,1.0,9785.0,9785.0,2021-12-14,2021-12-14 15:25:00,1.2168767687162236,154.0,1.0,best_within_2.0d,9938.0,383.97,0.5832424107187206,4.3760036431226785,32.22527881040892,0.012230020343504162,2.285057100371749,15.890706319702602,0.006381710269403211,0.4929364202292669,5.6011759621451125,36.843533123028394,0.015614239272951093,2.82998018927445,22.52492113564669,0.007835530045022196,1.8630914826498424,0.00402220134195386,1.9444468750000041,16.553125,0.005470102952261012,0.0,1
9785.0,2021-12-14 15:30:00,388.6953,389.14,388.59,388.99,615863.0,1p,1p,0.0,sell,False,1.0574874323249763,5.019999999999982,20.0,0.013068832656461474,0.4564207072653379,0.6676642294382942,0.8958745830709631,0.0023163815439018504,79.03643987283976,94.4228938426443,91.81740411659283,99.63387329474727,615863.0,5.019999999999982,0.0,5.019999999999982,20.0,0.013068832656461474,5.019999999999982,0.0,0.0,1.0,1.0,0.4564207072653379,0.8958745830709631,0.6676642294382942,79.03643987283976,94.4228938426443,91.81740411659283,99.63387329474727,39.047514459330095,5.978963808965377,59.00740399316792,0.07581774207201229,0.14153735299416131,0.14999999999997726,0.10529999999999973,0.2947000000000344,1.0,9786.0,9786.0,2021-12-14,2021-12-14 15:30:00,1.290521607239256,153.0,1.0,best_within_2.0d,9938.0,383.97,0.5832424107187206,4.3760036431226785,32.22527881040892,0.012230020343504162,2.285057100371749,15.890706319702602,0.006381710269403211,0.4929364202292669,5.6011759621451125,36.843533123028394,0.015614239272951093,2.82998018927445,22.52492113564669,0.007835530045022196,1.8630914826498424,0.00402220134195386,1.9444468750000041,16.553125,0.005470102952261012,0.0,1
9786.0,2021-12-14 15:35:00,388.995,389.38,388.48,388.6338,506677.0,1p,1p,0.0,sell,False,1.0574874323249763,5.259999999999991,21.0,0.013693637404977588,0.38428045006929823,0.7156992856969564,0.9078395107316055,0.0023464742881368662,72.4425413008311,88.21926040076889,90.61802287798484,83.42173544633695,506677.0,5.259999999999991,0.0,5.259999999999991,21.0,0.013693637404977588,5.259999999999991,0.0,0.0,1.0,1.0,0.38428045006929823,0.9078395107316055,0.7156992856969564,72.4425413008311,88.21926040076889,90.61802287798484,83.42173544633695,39.1642869631087,5.711288536627417,60.11731197117797,-0.09285466394169505,0.2316721581548541,0.3849999999999909,0.15379999999998972,0.36119999999999663,0.0,9787.0,9787.0,2021-12-14,2021-12-14 15:35:00,1.2000500213825922,152.0,1.0,best_within_2.0d,9938.0,383.97,0.5832424107187206,4.3760036431226785,32.22527881040892,0.012230020343504162,2.285057100371749,15.890706319702602,0.006381710269403211,0.4929364202292669,5.6011759621451125,36.843533123028394,0.015614239272951093,2.82998018927445,22.52492113564669,0.007835530045022196,1.8630914826498424,0.00402220134195386,1.9444468750000041,16.553125,0.005470102952261012,1.0,1
9859.0,2021-12-15 05:40:00,387.4,387.62,387.4,387.62,3196.0,2,2,0.0,sell,False,0.38888888888889106,4.163492493946733,28.239017640954685,0.011578080659927173,0.14218464176601275,-0.2599355511886284,-0.188843230305622,-0.00048732286151421424,52.53370212102411,82.2134907625269,64.52053927587589,117.59939373582893,3196.0,1.1200000000000045,1.0,2.8799999999999955,59.0,0.007396373722327792,1.1200000000000045,16.0,0.002897800776196648,2.0,2.0,0.14218464176601275,-0.188843230305622,-0.2599355511886284,52.53370212102411,82.2134907625269,64.52053927587589,117.59939373582893,42.35807860262339,30.567685589521364,35.93533825455784,0.0567888487351645,0.0567888487351645,0.0,0.0,0.22000000000002728,1.0,9860.0,9860.0,2021-12-15,2021-12-15 05:40:00,1.18930911717662,366.0,1.0,best_within_2.0d,10225.0,383.01,0.38888888888889106,2.8799999999999955,59.0,0.007396373722327792,1.1200000000000045,16.0,0.002897800776196648,0.4929364202292669,5.6011759621451125,36.843533123028394,0.015614239272951093,2.82998018927445,22.52492113564669,0.007835530045022196,1.8630914826498424,0.00402220134195386,1.9444468750000041,16.553125,0.005470102952261012,0.0,1
9860.0,2021-12-15 05:45:00,387.59,387.63,387.53,387.55,2880.0,2,2,0.0,sell,False,0.39236111111111016,4.163492493946733,28.239017640954685,0.011578080659927173,0.16514164145793703,-0.23929284600638626,-0.15672202527741774,-0.0004044289231316501,50.65689746582936,84.48935913848906,71.1768125634136,111.11445228863997,2880.0,1.1299999999999955,1.0,2.8799999999999955,59.0,0.007396373722327792,1.1299999999999955,17.0,0.0029236739974126662,2.0,2.0,0.16514164145793703,-0.15672202527741774,-0.23929284600638626,50.65689746582936,84.48935913848906,71.1768125634136,111.11445228863997,34.1121495327131,32.71028037383324,33.51837852908257,-0.01032018369926046,0.02580445384874016,0.040000000000020464,0.020000000000038654,0.03999999999996362,0.0,9861.0,9861.0,2021-12-15,2021-12-15 05:45:00,1.1714617468713768,365.0,1.0,best_within_2.0d,10225.0,383.01,0.39236111111111016,2.8799999999999955,59.0,0.007396373722327792,1.1299999999999955,17.0,0.0029236739974126662,0.4929364202292669,5.6011759621451125,36.843533123028394,0.015614239272951093,2.82998018927445,22.52492113564669,0.007835530045022196,1.8630914826498424,0.00402220134195386,1.9444468750000041,16.553125,0.005470102952261012,0.0,1
9863.0,2021-12-15 06:00:00,387.68,387.68,387.41,387.41,2400.0,2,2,0.0,sell,False,0.40972222222222526,4.163492493946733,28.239017640954685,0.011578080659927173,0.1568293246896616,-0.17553702953525346,-0.09712236719042266,-0.00025062959197319924,46.760624486397234,79.23112371411563,79.74960523167628,78.19416067899431,2400.0,1.1800000000000068,1.0,2.8799999999999955,59.0,0.007396373722327792,1.1800000000000068,20.0,0.0030530401034929025,2.0,2.0,0.1568293246896616,-0.09712236719042266,-0.17553702953525346,46.760624486397234,79.23112371411563,79.74960523167628,78.19416067899431,38.83495145631288,24.27184466019348,30.297978517356615,-0.06964506809739524,0.0696936062569324,0.0,0.0,0.2699999999999818,0.0,9864.0,9864.0,2021-12-15,2021-12-15 06:00:00,1.135747657520465,362.0,1.0,best_within_2.0d,10225.0,383.01,0.40972222222222526,2.8799999999999955,59.0,0.007396373722327792,1.1800000000000068,20.0,0.0030530401034929025,0.4929364202292669,5.6011759621451125,36.843533123028394,0.015614239272951093,2.82998018927445,22.52492113564669,0.007835530045022196,1.8630914826498424,0.00402220134195386,1.9444468750000041,16.553125,0.005470102952261012,1.0,1
9877.0,2021-12-15 07:10:00,387.72,387.93,387.72,387.87,8813.0,2s,2s,0.0,sell,False,0.49652777777778095,4.163492493946733,28.239017640954685,0.011578080659927173,0.1771410571122562,-0.06897060610297476,0.01959992245315334,5.059142433642166e-05,62.12165660982215,81.83075320433488,68.0225572737582,109.44714506548826,8813.0,1.1200000000000045,1.0,2.8799999999999955,59.0,0.007396373722327792,1.1200000000000045,9.0,0.0028954784002481956,1.0,2.5,0.1771410571122562,0.01959992245315334,-0.06897060610297476,62.12165660982215,81.83075320433488,68.0225572737582,109.44714506548826,46.350364963501875,31.38686131387043,22.12948514398439,0.03868771278241444,0.05416279789538314,0.060000000000002274,0.0,0.14999999999997726,1.0,9878.0,9878.0,2021-12-15,2021-12-15 07:10:00,1.2529971382164162,348.0,1.0,best_within_2.0d,10225.0,383.01,0.5832424107187206,4.3760036431226785,32.22527881040892,0.012230020343504162,2.285057100371749,15.890706319702602,0.006381710269403211,0.49652777777778095,2.8799999999999955,59.0,0.007396373722327792,1.1200000000000045,9.0,0.0028954784002481956,1.0,0.00402220134195386,1.9444468750000041,16.553125,0.005470102952261012,0.0,1
9878.0,2021-12-15 07:15:00,387.88,388.06,387.87,388.0,30672.0,2s,2s,0.0,sell,False,0.5416666666666683,4.163492493946733,28.239017640954685,0.011578080659927173,0.21143938434276294,-0.04254068306012939,0.06317900911125207,0.00016305978478752954,64.60037886657467,86.26115254272727,74.10208903008122,110.57927956801942,30672.0,1.25,1.0,2.8799999999999955,59.0,0.007396373722327792,1.25,10.0,0.003231560714562705,1.0,2.5,0.21143938434276294,0.06317900911125207,-0.04254068306012939,64.60037886657467,86.26115254272727,74.10208903008122,110.57927956801942,48.95104895104792,27.62237762237821,22.53837058216671,0.030937403320615793,0.04898548482739003,0.060000000000002274,0.009999999999990905,0.12000000000000455,1.0,9879.0,9879.0,2021-12-15,2021-12-15 07:15:00,1.2860824742268064,347.0,1.0,best_within_2.0d,10225.0,383.01,0.5832424107187206,4.3760036431226785,32.22527881040892,0.012230020343504162,2.285057100371749,15.890706319702602,0.006381710269403211,0.5416666666666683,2.8799999999999955,59.0,0.007396373722327792,1.25,10.0,0.003231560714562705,1.0,0.00402220134195386,1.9444468750000041,16.553125,0.005470102952261012,0.0,1
9881.0,2021-12-15 07:30:00,388.0,388.22,388.0,388.17,13616.0,2s,2s,0.0,sell,False,0.5972222222222326,4.163492493946733,28.239017640954685,0.011578080659927173,0.21044098881862489,0.030140378577638204,0.13536087298695065,0.00034926478603510854,64.20911479488251,86.33961319355808,80.79026785778281,97.43830386510862,13616.0,1.410000000000025,1.0,2.8799999999999955,59.0,0.007396373722327792,1.410000000000025,13.0,0.003645200486026796,1.0,2.5,0.21044098881862489,0.13536087298695065,0.030140378577638204,64.20911479488251,86.33961319355808,80.79026785778281,97.43830386510862,48.0645161290322,18.387096774195026,22.95046741714619,0.043814432989694826,0.05670103092784209,0.05000000000001137,0.0,0.17000000000001592,1.0,9882.0,9882.0,2021-12-15,2021-12-15 07:30:00,1.32931447561636,344.0,1.0,best_within_2.0d,10225.0,383.01,0.5832424107187206,4.3760036431226785,32.22527881040892,0.012230020343504162,2.285057100371749,15.890706319702602,0.006381710269403211,0.5972222222222326,2.8799999999999955,59.0,0.007396373722327792,1.410000000000025,13.0,0.003645200486026796,1.0,0.00402220134195386,1.9444468750000041,16.553125,0.005470102952261012,1.0,1
9891.0,2021-12-15 08:20:00,388.17,388.54,388.17,388.4,38017.0,2s,2s,0.0,sell,False,0.7083333333333416,4.163492493946733,28.239017640954685,0.011578080659927173,0.06636700952359209,0.13488352243733287,0.16806702719912892,0.0004333850232246191,62.606106676002504,70.30125022228026,63.14697176482198,84.60980713719682,38017.0,1.7300000000000182,1.0,2.8799999999999955,59.0,0.007396373722327792,1.7300000000000182,23.0,0.004472480028954831,1.0,2.5,0.06636700952359209,0.16806702719912892,0.13488352243733287,62.606106676002504,70.30125022228026,63.14697176482198,84.60980713719682,17.08756025613439,25.001798690554107,28.9819847432971,0.05925238941699806,0.09531906123605753,0.1400000000000432,0.0,0.22999999999996135,1.0,9892.0,9892.0,2021-12-15,2021-12-15 08:20:00,1.4881565396498386,378.0,1.0,best_within_2.0d,10269.0,382.62,0.5832424107187206,4.3760036431226785,32.22527881040892,0.012230020343504162,2.285057100371749,15.890706319702602,0.006381710269403211,0.7083333333333416,2.8799999999999955,59.0,0.007396373722327792,1.7300000000000182,23.0,0.004472480028954831,1.0,0.00402220134195386,1.9444468750000041,16.553125,0.005470102952261012,0.0,1
9893.0,2021-12-15 08:30:00,388.78,389.31,388.54,388.61,55916.0,2s,2s,0.0,sell,False,0.9756944444444468,4.163492493946733,28.239017640954685,0.011578080659927173,0.11412041223400815,0.15857958641060693,0.215639792527611,0.0005559232231025748,64.79805445828694,73.4233447520091,69.03930689143941,82.1914204731485,55916.0,2.5,1.0,2.8799999999999955,59.0,0.007396373722327792,2.5,25.0,0.00646312142912541,1.0,2.5,0.11412041223400815,0.215639792527611,0.15857958641060693,64.79805445828694,73.4233447520091,69.03930689143941,82.1914204731485,28.116213683225276,19.55207963028869,27.98354572955648,-0.04372652914243507,0.19817779379214026,0.5300000000000296,0.06999999999999318,0.16999999999995907,0.0,9894.0,9894.0,2021-12-15,2021-12-15 08:30:00,1.5413911119116874,376.0,1.0,best_within_2.0d,10269.0,382.62,0.5832424107187206,4.3760036431226785,32.22527881040892,0.012230020343504162,2.285057100371749,15.890706319702602,0.006381710269403211,0.9756944444444468,2.8799999999999955,59.0,0.007396373722327792,2.5,25.0,0.00646312142912541,1.0,0.00402220134195386,1.9444468750000041,16.553125,0.005470102952261012,1.0,1
9903.0,2021-12-15 09:20:00,388.09,388.27,388.06,388.06,44740.0,2s,2s,0.0,sell,False,0.614583333333328,4.163492493946733,28.239017640954685,0.011578080659927173,-0.06929947711287276,0.11531742358961328,0.0806676850331769,0.00020791558202092126,51.83943916710949,41.246722256927896,37.32474063121851,49.09068550834667,44740.0,0.7299999999999613,1.0,2.8799999999999955,59.0,0.007396373722327792,0.7299999999999613,5.0,0.0018836765237135813,2.0,2.5,-0.06929947711287276,0.0806676850331769,0.11531742358961328,51.83943916710949,41.246722256927896,37.32474063121851,49.09068550834667,32.19367588932987,21.541501976285048,21.057283897038253,-0.00773016568321078,0.05411534298819243,0.18000000000000682,0.0,0.029999999999972715,0.0,9904.0,9904.0,2021-12-15,2021-12-15 09:20:00,1.4018450755037875,366.0,1.0,best_within_2.0d,10269.0,382.62,0.5832424107187206,4.3760036431226785,32.22527881040892,0.012230020343504162,2.285057100371749,15.890706319702602,0.006381710269403211,0.614583333333328,2.8799999999999955,59.0,0.007396373722327792,0.7299999999999613,5.0,0.0018836765237135813,2.0,0.00402220134195386,1.9444468750000041,16.553125,0.005470102952261012,1.0,1
9913.0,2021-12-15 10:10:00,386.32,386.78,385.88,386.41,516997.0,1,1,1.0,buy,False,1.1918851428456951,2.3899999999999864,11.0,0.0061555103407422325,-0.3199429421375648,-0.26173400216402276,-0.42170547323280516,-0.0010888632864269132,38.57340899914941,27.20026645982746,26.37026402093344,28.8602713376155,516997.0,2.3899999999999864,1.0,2.3899999999999864,11.0,0.0061555103407422325,2.3899999999999864,11.0,0.0061555103407422325,1.0,1.0,-0.3199429421375648,-0.42170547323280516,-0.26173400216402276,38.57340899914941,27.20026645982746,26.37026402093344,28.8602713376155,2.691293350975064,30.774354404629488,47.10590279184478,0.023296748809285523,0.23323312947029579,0.3699999999999477,0.4399999999999977,0.09000000000003183,1.0,9914.0,9914.0,2021-12-15,2021-12-15 10:10:00,3.8249527703734305,151.0,1.0,best_within_2.0d,10064.0,401.19,0.5832424107187206,4.3760036431226785,32.22527881040892,0.012230020343504162,2.285057100371749,15.890706319702602,0.006381710269403211,0.4929364202292669,5.6011759621451125,36.843533123028394,0.015614239272951093,2.82998018927445,22.52492113564669,0.007835530045022196,1.8630914826498424,0.00402220134195386,1.9444468750000041,16.553125,0.005470102952261012,1.0,0
9918.0,2021-12-15 10:35:00,387.02,387.8501,386.9779,387.825,600667.0,2s,2s,0.0,sell,False,0.4687847222222221,4.163492493946733,28.239017640954685,0.011578080659927173,0.16965661162482193,-0.3031075119419341,-0.21827920612952312,-0.0005637339814837604,56.740164488128386,71.86142202341634,52.518433905475945,110.54739825929713,600667.0,1.9701000000000022,1.0,2.8799999999999955,59.0,0.007396373722327792,1.9701000000000022,6.0,0.0051054732041049085,3.0,2.5,0.16965661162482193,-0.21827920612952312,-0.3031075119419341,56.740164488128386,71.86142202341634,52.518433905475945,110.54739825929713,10.250643384386306,23.36831083024214,52.29394094650872,0.2079995865846744,0.22538754797109106,0.025100000000009004,0.04210000000000491,0.8050000000000068,1.0,9919.0,9919.0,2021-12-15,2021-12-15 10:35:00,1.3421001740475689,351.0,1.0,best_within_2.0d,10269.0,382.62,0.5832424107187206,4.3760036431226785,32.22527881040892,0.012230020343504162,2.285057100371749,15.890706319702602,0.006381710269403211,0.4687847222222221,2.8799999999999955,59.0,0.007396373722327792,1.9701000000000022,6.0,0.0051054732041049085,3.0,0.00402220134195386,1.9444468750000041,16.553125,0.005470102952261012,0.0,1
9919.0,2021-12-15 10:40:00,387.81,388.0,387.44,387.45,438989.0,2s,2s,0.0,sell,False,0.5208333333333341,4.163492493946733,28.239017640954685,0.011578080659927173,0.22104548827997395,-0.27547682590693734,-0.16495408176695037,-0.0004259948539748474,52.39327643274509,73.87520541483391,59.6373577419286,102.35090076064455,438989.0,2.1200000000000045,1.0,2.8799999999999955,59.0,0.007396373722327792,2.1200000000000045,7.0,0.005493935938633784,3.0,2.5,0.22104548827997395,-0.16495408176695037,-0.27547682590693734,52.39327643274509,73.87520541483391,59.6373577419286,102.35090076064455,12.21146450349304,18.785038577126155,50.073478731840964,-0.09282896263634606,0.1445385091885201,0.18999999999999773,0.009999999999990905,0.36000000000001364,0.0,9920.0,9920.0,2021-12-15,2021-12-15 10:40:00,1.2466124661246571,350.0,1.0,best_within_2.0d,10269.0,382.62,0.5832424107187206,4.3760036431226785,32.22527881040892,0.012230020343504162,2.285057100371749,15.890706319702602,0.006381710269403211,0.5208333333333341,2.8799999999999955,59.0,0.007396373722327792,2.1200000000000045,7.0,0.005493935938633784,3.0,0.00402220134195386,1.9444468750000041,16.553125,0.005470102952261012,1.0,1
9924.0,2021-12-15 11:05:00,386.47,386.63,386.03,386.08,246256.0,2,2,1.0,buy,False,0.9292452830188788,4.163492493946733,28.239017640954685,0.011578080659927173,-0.06133164054074863,-0.23881759462568378,-0.2694834148960581,-0.0006963592490743152,39.02686179692617,24.269250766701035,40.00923523474553,-7.21071816938796,246256.0,1.9700000000000273,1.0,2.1200000000000045,7.0,0.005493935938633784,1.9700000000000273,6.0,0.005077319587628936,2.0,2.0,-0.06133164054074863,-0.2694834148960581,-0.23881759462568378,39.02686179692617,24.269250766701035,40.00923523474553,-7.21071816938796,14.212507006165515,24.8118344142843,42.66650346307831,-0.10091339560639719,0.1554283345854008,0.15999999999996817,0.05000000000001137,0.3900000000000432,0.0,9925.0,9925.0,2021-12-15,2021-12-15 11:05:00,3.913696643182764,140.0,1.0,best_within_2.0d,10064.0,401.19,0.9292452830188788,2.1200000000000045,7.0,0.005493935938633784,1.9700000000000273,6.0,0.005077319587628936,0.4929364202292669,5.6011759621451125,36.843533123028394,0.015614239272951093,2.82998018927445,22.52492113564669,0.007835530045022196,1.8630914826498424,0.00402220134195386,1.9444468750000041,16.553125,0.005470102952261012,0.0,0
9925.0,2021-12-15 11:10:00,386.08,386.23,385.71,385.92,477044.0,1,1,1.0,buy,False,0.31234424279948964,2.2900000000000205,7.0,0.0059020618556701555,-0.11918143023713568,-0.25371527340532574,-0.3133059885238936,-0.0008097647761417938,37.598800835767726,19.23626907008649,33.084913179859186,-8.461019149458906,477044.0,2.2900000000000205,1.0,2.2900000000000205,7.0,0.0059020618556701555,2.2900000000000205,7.0,0.0059020618556701555,1.0,1.0,-0.11918143023713568,-0.3133059885238936,-0.25371527340532574,37.598800835767726,19.23626907008649,33.084913179859186,-8.461019149458906,15.583503434955363,24.582427953732225,41.21920832890836,-0.04144218814752595,0.13481631277385567,0.1500000000000341,0.21000000000003638,0.15999999999996817,0.0,9926.0,9926.0,2021-12-15,2021-12-15 11:10:00,3.9567786069651696,139.0,1.0,best_within_2.0d,10064.0,401.19,0.5832424107187206,4.3760036431226785,32.22527881040892,0.012230020343504162,2.285057100371749,15.890706319702602,0.006381710269403211,0.4929364202292669,5.6011759621451125,36.843533123028394,0.015614239272951093,2.82998018927445,22.52492113564669,0.007835530045022196,1.8630914826498424,0.00402220134195386,1.9444468750000041,16.553125,0.005470102952261012,0.0,0
9926.0,2021-12-15 11:15:00,385.93,386.04,385.4,385.53,520877.0,1,1,1.0,buy,False,0.5093275498906933,2.6000000000000227,8.0,0.00670103092783511,-0.19434450051354712,-0.2780083359695191,-0.3751805862262927,-0.0009699409365894857,34.30380604410708,14.490846046724252,26.88689080214754,-10.301243464122322,520877.0,2.6000000000000227,1.0,2.6000000000000227,8.0,0.00670103092783511,2.6000000000000227,8.0,0.00670103092783511,1.0,1.0,-0.19434450051354712,-0.3751805862262927,-0.2780083359695191,34.30380604410708,14.490846046724252,26.88689080214754,-10.301243464122322,15.532366388834173,27.892629782765404,40.30808459616695,-0.10364573886456976,0.16606123508044712,0.11000000000001364,0.12999999999999545,0.4000000000000341,0.0,9927.0,9927.0,2021-12-15,2021-12-15 11:15:00,4.061940705003508,138.0,1.0,best_within_2.0d,10064.0,401.19,0.5832424107187206,4.3760036431226785,32.22527881040892,0.012230020343504162,2.285057100371749,15.890706319702602,0.006381710269403211,0.4929364202292669,5.6011759621451125,36.843533123028394,0.015614239272951093,2.82998018927445,22.52492113564669,0.007835530045022196,1.8630914826498424,0.00402220134195386,1.9444468750000041,16.553125,0.005470102952261012,0.0,0
9927.0,2021-12-15 11:20:00,385.51,385.95,385.39,385.85,404453.0,1,1,1.0,buy,False,0.5093275498906933,2.6100000000000136,9.0,0.006726804123711376,-0.18535499424912916,-0.30117771025066026,-0.39385520737522484,-0.0010184065349872525,39.02551217717202,15.535404388748914,23.10306199768133,0.4000891708840797,404453.0,2.6100000000000136,1.0,2.6100000000000136,9.0,0.006726804123711376,2.6100000000000136,9.0,0.006726804123711376,1.0,1.0,-0.18535499424912916,-0.39385520737522484,-0.30117771025066026,39.02551217717202,15.535404388748914,23.10306199768133,0.4000891708840797,16.132330553725126,24.539319715525554,38.9053922008302,0.08819485875853592,0.14530735099509648,0.0999999999999659,0.12000000000000455,0.34000000000003183,1.0,9928.0,9928.0,2021-12-15,2021-12-15 11:20:00,3.975638201373584,137.0,1.0,best_within_2.0d,10064.0,401.19,0.5832424107187206,4.3760036431226785,32.22527881040892,0.012230020343504162,2.285057100371749,15.890706319702602,0.006381710269403211,0.4929364202292669,5.6011759621451125,36.843533123028394,0.015614239272951093,2.82998018927445,22.52492113564669,0.007835530045022196,1.8630914826498424,0.00402220134195386,1.9444468750000041,16.553125,0.005470102952261012,0.0,0
9929.0,2021-12-15 11:30:00,385.625,385.65,384.83,384.86,591070.0,1,1,1.0,buy,False,0.7360136503334767,3.170000000000016,11.0,0.008170103092783546,-0.2808412882356548,-0.36067597753489344,-0.5010966216527208,-0.001296429849809345,31.135422084242066,9.503419139994001,16.452125163005736,-4.393992906029467,591070.0,3.170000000000016,1.0,3.170000000000016,11.0,0.008170103092783546,3.170000000000016,11.0,0.008170103092783546,1.0,1.0,-0.2808412882356548,-0.5010966216527208,-0.36067597753489344,31.135422084242066,9.503419139994001,16.452125163005736,-4.393992906029467,12.643113015382045,33.36377045725894,38.00205497929858,-0.1983792544570467,0.2130811007457821,0.024999999999977263,0.03000000000002956,0.7649999999999864,0.0,9930.0,9930.0,2021-12-15,2021-12-15 11:30:00,4.243101387517535,135.0,1.0,best_within_2.0d,10064.0,401.19,0.5832424107187206,4.3760036431226785,32.22527881040892,0.012230020343504162,2.285057100371749,15.890706319702602,0.006381710269403211,0.4929364202292669,5.6011759621451125,36.843533123028394,0.015614239272951093,2.82998018927445,22.52492113564669,0.007835530045022196,1.8630914826498424,0.00402220134195386,1.9444468750000041,16.553125,0.005470102952261012,0.0,0
9930.0,2021-12-15 11:35:00,384.87,385.07,384.68,384.82,318300.0,1,1,1.0,buy,False,0.8343432179151639,3.319999999999993,12.0,0.008556701030927817,-0.31836097610935654,-0.400471099548563,-0.5596515876032413,-0.0014483943980665435,30.859165188926738,8.623194459342159,13.842481595117876,-1.815379812209276,318300.0,3.319999999999993,1.0,3.319999999999993,12.0,0.008556701030927817,3.319999999999993,12.0,0.008556701030927817,1.0,1.0,-0.31836097610935654,-0.5596515876032413,-0.400471099548563,30.859165188926738,8.623194459342159,13.842481595117876,-1.815379812209276,12.884445610937082,35.790126697047974,38.648967018592415,-0.01299139969340592,0.10138296766142935,0.19999999999998863,0.13999999999998636,0.05000000000001137,0.0,9931.0,9931.0,2021-12-15,2021-12-15 11:35:00,4.25393690556624,134.0,1.0,best_within_2.0d,10064.0,401.19,0.5832424107187206,4.3760036431226785,32.22527881040892,0.012230020343504162,2.285057100371749,15.890706319702602,0.006381710269403211,0.4929364202292669,5.6011759621451125,36.843533123028394,0.015614239272951093,2.82998018927445,22.52492113564669,0.007835530045022196,1.8630914826498424,0.00402220134195386,1.9444468750000041,16.553125,0.005470102952261012,0.0,0
9931.0,2021-12-15 11:40:00,384.83,384.9,384.42,384.77,551255.0,1,1,1.0,buy,False,0.849824839935813,3.579999999999984,13.0,0.0092268041237113,-0.32426831039627724,-0.4410046383480976,-0.6031387935462362,-0.0015614267977480769,30.49493099001627,10.821260074343527,12.835407754859759,6.792964713311065,551255.0,3.579999999999984,1.0,3.579999999999984,13.0,0.0092268041237113,3.579999999999984,13.0,0.0092268041237113,1.0,1.0,-0.32426831039627724,-0.6031387935462362,-0.4410046383480976,30.49493099001627,10.821260074343527,12.835407754859759,6.792964713311065,13.183271892775746,38.45120968726288,39.383767246747695,-0.01559130005457014,0.12486343062274631,0.06999999999999318,0.3499999999999659,0.060000000000002274,0.0,9932.0,9932.0,2021-12-15,2021-12-15 11:40:00,4.267484471242565,133.0,1.0,best_within_2.0d,10064.0,401.19,0.5832424107187206,4.3760036431226785,32.22527881040892,0.012230020343504162,2.285057100371749,15.890706319702602,0.006381710269403211,0.4929364202292669,5.6011759621451125,36.843533123028394,0.015614239272951093,2.82998018927445,22.52492113564669,0.007835530045022196,1.8630914826498424,0.00402220134195386,1.9444468750000041,16.553125,0.005470102952261012,1.0,0
9935.0,2021-12-15 12:00:00,384.66,385.15,384.535,385.05,306464.0,3a,3a,0.0,sell,False,0.0022491662573356544,4.163492493946733,28.239017640954685,0.011578080659927173,-0.12626132608161633,-0.5457828538297784,-0.6089135168705866,-0.001577840539760389,38.382215074203955,25.619982401217584,19.98685681299208,36.88623357766859,306464.0,0.7299999999999613,2.0,0.7299999999999613,5.0,0.001898964674054319,0.7299999999999613,5.0,0.001898964674054319,3.0,3.0,-0.12626132608161633,-0.6089135168705866,-0.5457828538297784,38.382215074203955,25.619982401217584,19.98685681299208,36.88623357766859,5.111886413883547,29.904535521220854,48.84434694191761,0.1013882389642766,0.15993342608603955,0.0999999999999659,0.125,0.38999999999998636,1.0,9936.0,9936.0,2021-12-15,2021-12-15 12:00:00,0.6310868718348285,334.0,1.0,best_within_2.0d,10269.0,382.62,0.5832424107187206,4.3760036431226785,32.22527881040892,0.012230020343504162,2.285057100371749,15.890706319702602,0.006381710269403211,0.4929364202292669,5.6011759621451125,36.843533123028394,0.015614239272951093,2.82998018927445,22.52492113564669,0.007835530045022196,1.8630914826498424,0.0022491662573356544,0.7299999999999613,5.0,0.001898964674054319,0.0,1
9936.0,2021-12-15 12:05:00,385.05,385.11,384.25,384.3824,355912.0,1,1,1.0,buy,False,0.8498248399358123,3.75,18.0,0.009664948453608248,-0.14683241484392373,-0.5641369056852689,-0.6375531131072307,-0.001652538952839278,32.7378526581289,19.478538992116434,19.817417539366865,18.800781897615572,355912.0,3.75,1.0,3.75,18.0,0.009664948453608248,3.75,18.0,0.009664948453608248,1.0,1.0,-0.14683241484392373,-0.6375531131072307,-0.5641369056852689,32.7378526581289,19.478538992116434,19.817417539366865,18.800781897615572,4.810641138197374,27.72131955886402,50.385832062649506,-0.17338008050902298,0.2238126219908949,0.060000000000002274,0.13240000000001828,0.6675999999999931,0.0,9937.0,9937.0,2021-12-15,2021-12-15 12:05:00,4.372624761175324,128.0,1.0,best_within_2.0d,10064.0,401.19,0.5832424107187206,4.3760036431226785,32.22527881040892,0.012230020343504162,2.285057100371749,15.890706319702602,0.006381710269403211,0.4929364202292669,5.6011759621451125,36.843533123028394,0.015614239272951093,2.82998018927445,22.52492113564669,0.007835530045022196,1.8630914826498424,0.00402220134195386,1.9444468750000041,16.553125,0.005470102952261012,0.0,0
9937.0,2021-12-15 12:10:00,384.391,384.62,384.21,384.27,209671.0,1,1,1.0,buy,False,0.849824839935813,3.7900000000000205,19.0,0.009768041237113455,-0.1560887307933252,-0.5836479970344345,-0.6616923624310971,-0.0017156126290591733,31.887612664716656,14.374581550299899,18.003138876344543,7.117466898210608,209671.0,3.7900000000000205,1.0,3.7900000000000205,19.0,0.009768041237113455,3.7900000000000205,19.0,0.009768041237113455,1.0,1.0,-0.1560887307933252,-0.6616923624310971,-0.5836479970344345,31.887612664716656,14.374581550299899,18.003138876344543,7.117466898210608,4.923137515538324,26.892638678630348,51.71914579898708,-0.03147836447784619,0.10671247494860234,0.228999999999985,0.060000000000002274,0.12100000000003774,0.0,9938.0,9938.0,2021-12-15,2021-12-15 12:10:00,4.403154032321028,127.0,1.0,best_within_2.0d,10064.0,401.19,0.5832424107187206,4.3760036431226785,32.22527881040892,0.012230020343504162,2.285057100371749,15.890706319702602,0.006381710269403211,0.4929364202292669,5.6011759621451125,36.843533123028394,0.015614239272951093,2.82998018927445,22.52492113564669,0.007835530045022196,1.8630914826498424,0.00402220134195386,1.9444468750000041,16.553125,0.005470102952261012,0.0,0
9938.0,2021-12-15 12:15:00,384.28,384.32,383.95,383.97,292793.0,1,1,1.0,buy,False,0.849824839935813,4.050000000000011,20.0,0.010438144329896936,-0.18135656464296246,-0.6063175676148048,-0.696995849936286,-0.001807742972117173,29.672550855477454,10.138609922423232,15.38162922503744,-0.3474286828051838,292793.0,4.050000000000011,1.0,4.050000000000011,20.0,0.010438144329896936,4.050000000000011,20.0,0.010438144329896936,1.0,1.0,-0.18135656464296246,-0.696995849936286,-0.6063175676148048,29.672550855477454,10.138609922423232,15.38162922503744,-0.3474286828051838,5.066561957719212,29.829383526073784,53.09362734743912,-0.08067034454042507,0.09636671441594076,0.040000000000020464,0.020000000000038654,0.30999999999994543,0.0,9939.0,9939.0,2021-12-15,2021-12-15 12:15:00,4.484725369169458,126.0,1.0,best_within_2.0d,10064.0,401.19,0.5832424107187206,4.3760036431226785,32.22527881040892,0.012230020343504162,2.285057100371749,15.890706319702602,0.006381710269403211,0.4929364202292669,5.6011759621451125,36.843533123028394,0.015614239272951093,2.82998018927445,22.52492113564669,0.007835530045022196,1.8630914826498424,0.00402220134195386,1.9444468750000041,16.553125,0.005470102952261012,0.0,0
9939.0,2021-12-15 12:20:00,383.98,384.2055,383.88,384.0701,286846.0,1,1,1.0,buy,False,0.849824839935813,4.1200000000000045,21.0,0.01061855670103094,-0.16385528323194887,-0.6267994780187984,-0.7087271196347729,-0.0018386962282699953,31.385241357915916,11.74857459395229,14.170611014675721,6.904501752505425,286846.0,4.1200000000000045,1.0,4.1200000000000045,21.0,0.01061855670103094,4.1200000000000045,21.0,0.01061855670103094,1.0,1.0,-0.16385528323194887,-0.7087271196347729,-0.6267994780187984,31.385241357915916,11.74857459395229,14.170611014675721,6.904501752505425,5.194535348812752,27.336242273128896,54.1629305551571,0.023464763789782468,0.08479212253828718,0.13539999999994734,0.10000000000002274,0.09010000000000673,1.0,9940.0,9940.0,2021-12-15,2021-12-15 12:20:00,4.457493566929571,125.0,1.0,best_within_2.0d,10064.0,401.19,0.5832424107187206,4.3760036431226785,32.22527881040892,0.012230020343504162,2.285057100371749,15.890706319702602,0.006381710269403211,0.4929364202292669,5.6011759621451125,36.843533123028394,0.015614239272951093,2.82998018927445,22.52492113564669,0.007835530045022196,1.8630914826498424,0.00402220134195386,1.9444468750000041,16.553125,0.005470102952261012,1.0,0
9948.0,2021-12-15 13:05:00,385.06,385.5459,385.03,385.49,228337.0,3a,3a,0.0,sell,False,0.0022491662573356544,4.163492493946733,28.239017640954685,0.011578080659927173,0.31878325421972364,-0.3950477897386048,-0.235656162628743,-0.0006116456488857923,52.26679742181439,80.77287908248775,71.01948519007409,100.27966686731506,228337.0,1.665900000000022,2.0,1.665900000000022,10.0,0.004339637386683396,1.665900000000022,10.0,0.004339637386683396,3.0,3.0,0.31878325421972364,-0.235656162628743,-0.3950477897386048,52.26679742181439,80.77287908248775,71.01948519007409,100.27966686731506,26.891945434992675,15.424237278542488,35.08471344619299,0.11167090842985686,0.1339895592551346,0.055900000000008276,0.03000000000002956,0.4300000000000068,1.0,9949.0,9949.0,2021-12-15,2021-12-15 13:05:00,0.7445069911022346,321.0,1.0,best_within_2.0d,10269.0,382.62,0.5832424107187206,4.3760036431226785,32.22527881040892,0.012230020343504162,2.285057100371749,15.890706319702602,0.006381710269403211,0.4929364202292669,5.6011759621451125,36.843533123028394,0.015614239272951093,2.82998018927445,22.52492113564669,0.007835530045022196,1.8630914826498424,0.0022491662573356544,1.665900000000022,10.0,0.004339637386683396,0.0,1
9952.0,2021-12-15 13:25:00,385.35,385.66,385.27,385.37,230291.0,3a,3a,0.0,sell,False,0.0022491662573356544,4.163492493946733,28.239017640954685,0.011578080659927173,0.2788366388986875,-0.24472173471353226,-0.10530341526418852,-0.00027330272816529803,50.79446529860115,77.46140469313184,77.1586475651691,78.06691894905731,230291.0,1.7800000000000296,2.0,1.7800000000000296,14.0,0.004636865687193992,1.7800000000000296,14.0,0.004636865687193992,3.0,3.0,0.2788366388986875,-0.10530341526418852,-0.24472173471353226,50.79446529860115,77.46140469313184,77.1586475651691,78.06691894905731,33.48211439138051,8.209526238602049,37.13452971029489,0.005190086933951423,0.10122771043684772,0.29000000000002046,0.08000000000004093,0.01999999999998181,1.0,9953.0,9953.0,2021-12-15,2021-12-15 13:25:00,0.7135999169629187,317.0,1.0,best_within_2.0d,10269.0,382.62,0.5832424107187206,4.3760036431226785,32.22527881040892,0.012230020343504162,2.285057100371749,15.890706319702602,0.006381710269403211,0.4929364202292669,5.6011759621451125,36.843533123028394,0.015614239272951093,2.82998018927445,22.52492113564669,0.007835530045022196,1.8630914826498424,0.0022491662573356544,1.7800000000000296,14.0,0.004636865687193992,0.0,1
9953.0,2021-12-15 13:30:00,385.4,385.8,385.3,385.64,215745.0,3a,3a,0.0,sell,False,0.0022491662573356544,4.163492493946733,28.239017640954685,0.011578080659927173,0.292444958875483,-0.2081661148540969,-0.06194363541635539,-0.00016075695637293234,54.50279488943823,80.12578494693571,78.1476933590913,84.08196812262452,215745.0,1.920000000000016,2.0,1.920000000000016,15.0,0.005001562988433927,1.920000000000016,15.0,0.005001562988433927,3.0,3.0,0.292444958875483,-0.06194363541635539,-0.2081661148540969,54.50279488943823,80.12578494693571,78.1476933590913,84.08196812262452,34.74727422181647,6.901685872481496,39.257622144408934,0.06227296315516583,0.12976901116013495,0.160000000000025,0.0999999999999659,0.2400000000000091,1.0,9954.0,9954.0,2021-12-15,2021-12-15 13:30:00,0.7831137848770828,316.0,1.0,best_within_2.0d,10269.0,382.62,0.5832424107187206,4.3760036431226785,32.22527881040892,0.012230020343504162,2.285057100371749,15.890706319702602,0.006381710269403211,0.4929364202292669,5.6011759621451125,36.843533123028394,0.015614239272951093,2.82998018927445,22.52492113564669,0.007835530045022196,1.8630914826498424,0.0022491662573356544,1.920000000000016,15.0,0.005001562988433927,0.0,1
9954.0,2021-12-15 13:35:00,385.67,385.9,385.61,385.75,232350.0,3a,3a,0.0,sell,False,0.0022491662573356544,4.163492493946733,28.239017640954685,0.011578080659927173,0.30347944972086605,-0.17023118363898865,-0.018491458778555625,-4.798536002478151e-05,55.95904088416102,81.34745435479805,79.21428035766021,85.6138023490737,232350.0,2.019999999999982,2.0,2.019999999999982,16.0,0.005262061060748103,2.019999999999982,16.0,0.005262061060748103,3.0,3.0,0.30347944972086605,-0.018491458778555625,-0.17023118363898865,55.95904088416102,81.34745435479805,79.21428035766021,85.6138023490737,23.44374694719338,8.05036452774192,39.94472182227672,0.020743122358488887,0.07520551852907435,0.14999999999997726,0.060000000000002274,0.07999999999998408,1.0,9955.0,9955.0,2021-12-15,2021-12-15 13:35:00,0.8114063512637706,315.0,1.0,best_within_2.0d,10269.0,382.62,0.5832424107187206,4.3760036431226785,32.22527881040892,0.012230020343504162,2.285057100371749,15.890706319702602,0.006381710269403211,0.4929364202292669,5.6011759621451125,36.843533123028394,0.015614239272951093,2.82998018927445,22.52492113564669,0.007835530045022196,1.8630914826498424,0.0022491662573356544,2.019999999999982,16.0,0.005262061060748103,0.0,1
9958.0,2021-12-15 13:55:00,385.38,386.45,385.37,386.38,300685.0,3a,3a,0.0,sell,False,0.0022491662573356544,4.163492493946733,28.239017640954685,0.011578080659927173,0.2754433273775124,-0.042351036742507564,0.09537062694624865,0.00024741490592489294,62.38402493653932,72.91957351967723,72.9132277597636,72.9322650395045,300685.0,2.569999999999993,2.0,2.569999999999993,20.0,0.00669480045847659,2.569999999999993,20.0,0.00669480045847659,3.0,3.0,0.2754433273775124,0.09537062694624865,-0.042351036742507564,62.38402493653932,72.91957351967723,72.9132277597636,72.9322650395045,34.10921513136968,6.865716630105751,41.36782428842049,0.2594841455187088,0.2802501492072512,0.06999999999999318,0.009999999999990905,1.0,1.0,9959.0,9959.0,2021-12-15,2021-12-15 13:55:00,0.9731352554480022,311.0,1.0,best_within_2.0d,10269.0,382.62,0.5832424107187206,4.3760036431226785,32.22527881040892,0.012230020343504162,2.285057100371749,15.890706319702602,0.006381710269403211,0.4929364202292669,5.6011759621451125,36.843533123028394,0.015614239272951093,2.82998018927445,22.52492113564669,0.007835530045022196,1.8630914826498424,0.0022491662573356544,2.569999999999993,20.0,0.00669480045847659,0.0,1
9959.0,2021-12-15 14:00:00,386.34,388.08,384.11,388.08,3662407.0,2s,2s,0.0,sell,False,0.5486111111111065,4.163492493946733,28.239017640954685,0.011578080659927173,0.5302117408135101,0.023925430859181196,0.28903130126593624,0.0007494422967105551,74.32468067555332,81.94638234645149,75.92427928865956,93.99058846203533,3662407.0,4.199999999999989,1.0,2.8799999999999955,59.0,0.007396373722327792,4.199999999999989,21.0,0.010940919037199095,4.0,2.5,0.5302117408135101,0.28903130126593624,0.023925430859181196,74.32468067555332,81.94638234645149,75.92427928865956,93.99058846203533,35.97763114693358,4.342438332080307,44.017277156265855,0.4503804938655095,1.0335580953372654,0.0,2.2299999999999613,1.740000000000009,1.0,9960.0,9960.0,2021-12-15,2021-12-15 14:00:00,1.4069264069264018,310.0,1.0,best_within_2.0d,10269.0,382.62,0.5832424107187206,4.3760036431226785,32.22527881040892,0.012230020343504162,2.285057100371749,15.890706319702602,0.006381710269403211,0.5486111111111065,2.8799999999999955,59.0,0.007396373722327792,4.199999999999989,21.0,0.010940919037199095,4.0,0.00402220134195386,1.9444468750000041,16.553125,0.005470102952261012,0.0,1
9960.0,2021-12-15 14:05:00,388.08,389.06,387.58,388.74,1916302.0,2s,2s,0.0,sell,False,0.8888888888888911,4.163492493946733,28.239017640954685,0.011578080659927173,0.7459041401512397,0.11716344837808616,0.49011551845370604,0.001270091728151561,77.33303462613932,85.8093727427522,79.21931044002378,98.98949734820906,1916302.0,5.180000000000007,1.0,2.8799999999999955,59.0,0.007396373722327792,5.180000000000007,22.0,0.013493800145878938,4.0,2.5,0.7459041401512397,0.49011551845370604,0.11716344837808616,77.33303462613932,85.8093727427522,79.21931044002378,98.98949734820906,40.41843055542472,3.865627032990071,46.769019961166514,0.17006802721089082,0.38185664894989896,0.3199999999999932,0.5,0.660000000000025,1.0,9961.0,9961.0,2021-12-15,2021-12-15 14:05:00,1.5743170242321358,309.0,1.0,best_within_2.0d,10269.0,382.62,0.5832424107187206,4.3760036431226785,32.22527881040892,0.012230020343504162,2.285057100371749,15.890706319702602,0.006381710269403211,0.8888888888888911,2.8799999999999955,59.0,0.007396373722327792,5.180000000000007,22.0,0.013493800145878938,4.0,0.00402220134195386,1.9444468750000041,16.553125,0.005470102952261012,0.0,1
9967.0,2021-12-15 14:40:00,395.13,395.18,394.52,394.61,286128.0,1p,1p,0.0,sell,False,0.4685808367119757,2.160000000000025,20.0,0.005495903516360554,0.19963901812089058,0.04209449395019521,0.1419140030106405,0.00035988521938624875,54.19725500076999,74.20826090252713,76.6498124160657,69.32515787545,286128.0,2.160000000000025,0.0,2.160000000000025,20.0,0.005495903516360554,2.160000000000025,0.0,0.0,1.0,1.0,0.19963901812089058,0.1419140030106405,0.04209449395019521,54.19725500076999,74.20826090252713,76.6498124160657,69.32515787545,28.547872340425112,17.03723404255373,25.1878886279649,-0.13160225748487378,0.16729189901653277,0.05000000000001137,0.09000000000003183,0.5199999999999818,0.0,9968.0,9968.0,2021-12-15,2021-12-15 14:40:00,1.9739960289502299,302.0,1.0,best_within_2.0d,10269.0,382.62,0.5832424107187206,4.3760036431226785,32.22527881040892,0.012230020343504162,2.285057100371749,15.890706319702602,0.006381710269403211,0.4929364202292669,5.6011759621451125,36.843533123028394,0.015614239272951093,2.82998018927445,22.52492113564669,0.007835530045022196,1.8630914826498424,0.00402220134195386,1.9444468750000041,16.553125,0.005470102952261012,0.0,1
9967.0,2021-12-15 14:40:00,392.75,393.01,392.75,393.01,10312.0,2,2,0.0,sell,False,0.37999999999999545,4.163492493946733,28.239017640954685,0.011578080659927173,0.11371258296814053,0.028633869921275777,0.08549016140534604,0.00021778038900432516,69.86770118875283,89.4933081395408,79.89589753781613,108.68812934299018,10312.0,1.329999999999984,1.0,3.5,12.0,0.00885672351839668,1.329999999999984,50.0,0.0033956290849672796,2.0,2.0,0.11371258296814053,0.08549016140534604,0.028633869921275777,69.86770118875283,89.4933081395408,79.89589753781613,108.68812934299018,56.969696969697615,9.696969696967901,29.59333808008439,0.0661998726925502,0.0661998726925502,0.0,0.0,0.2599999999999909,1.0,9968.0,9968.0,2021-12-15,2021-12-15 14:40:00,1.9739960289502299,302.0,1.0,best_within_2.0d,10269.0,382.62,0.37999999999999545,3.5,12.0,0.00885672351839668,1.329999999999984,50.0,0.0033956290849672796,0.4929364202292669,5.6011759621451125,36.843533123028394,0.015614239272951093,2.82998018927445,22.52492113564669,0.007835530045022196,1.8630914826498424,0.00402220134195386,1.9444468750000041,16.553125,0.005470102952261012,0.0,1
9967.0,2021-12-15 14:40:00,389.79,390.35,389.08,390.325,1078647.0,1,1,0.0,sell,False,2.4733971243192343,6.470000000000027,24.0,0.01685422527873301,1.1289096648918078,0.3798520136116962,0.9443068460576001,0.0024433195411638947,82.71074232516935,93.13659328004235,86.23304916288785,106.94368151435134,1078647.0,6.470000000000027,1.0,6.470000000000027,24.0,0.01685422527873301,6.470000000000027,24.0,0.01685422527873301,1.0,1.0,1.1289096648918078,0.9443068460576001,0.3798520136116962,82.71074232516935,93.13659328004235,86.23304916288785,106.94368151435134,41.91659300416693,3.2358883697438445,52.0940066603402,0.13725339285255347,0.32641102086975393,0.025000000000034106,0.7100000000000364,0.5349999999999682,1.0,9968.0,9968.0,2021-12-15,2021-12-15 14:40:00,1.9739960289502299,302.0,1.0,best_within_2.0d,10269.0,382.62,0.5832424107187206,4.3760036431226785,32.22527881040892,0.012230020343504162,2.285057100371749,15.890706319702602,0.006381710269403211,0.4929364202292669,5.6011759621451125,36.843533123028394,0.015614239272951093,2.82998018927445,22.52492113564669,0.007835530045022196,1.8630914826498424,0.00402220134195386,1.9444468750000041,16.553125,0.005470102952261012,0.0,1
9969.0,2021-12-15 14:50:00,389.39,390.85,388.83,390.76,1097196.0,1,1,0.0,sell,False,2.4733971243310346,6.970000000000027,31.0,0.018156715640304334,0.48500051405354627,0.8665110888477618,1.109011345874535,0.0028612818634125253,69.08214704326532,82.25008080896642,78.79782931092483,89.15458380504961,1097196.0,6.970000000000027,1.0,6.970000000000027,31.0,0.018156715640304334,6.970000000000027,31.0,0.018156715640304334,1.0,1.0,0.48500051405354627,1.109011345874535,0.8665110888477618,69.08214704326532,82.25008080896642,78.79782931092483,89.15458380504961,31.945539101136887,9.494706470688532,51.79349924156804,0.3518323531677764,0.5195072396677312,0.09000000000003183,0.5600000000000023,1.3700000000000045,1.0,9970.0,9970.0,2021-12-15,2021-12-15 14:50:00,2.083120073702525,300.0,1.0,best_within_2.0d,10269.0,382.62,0.5832424107187206,4.3760036431226785,32.22527881040892,0.012230020343504162,2.285057100371749,15.890706319702602,0.006381710269403211,0.4929364202292669,5.6011759621451125,36.843533123028394,0.015614239272951093,2.82998018927445,22.52492113564669,0.007835530045022196,1.8630914826498424,0.00402220134195386,1.9444468750000041,16.553125,0.005470102952261012,0.0,1
9970.0,2021-12-15 14:55:00,390.74,391.14,389.7,390.05,747057.0,1,1,0.0,sell,False,2.4733971243200417,7.259999999999991,32.0,0.018912160050015607,0.42867881778826744,0.9200959410712952,1.134435349965429,0.0029255025381962406,63.715999541278464,78.65537673477363,78.75034511887442,78.46543996657203,747057.0,7.259999999999991,1.0,7.259999999999991,32.0,0.018912160050015607,7.259999999999991,32.0,0.018912160050015607,1.0,1.0,0.42867881778826744,1.134435349965429,0.9200959410712952,63.715999541278464,78.65537673477363,78.75034511887442,78.46543996657203,31.496339318222354,9.036554177651613,52.051910396545686,-0.17658801248912262,0.36951501154734356,0.39999999999997726,0.35000000000002274,0.6899999999999977,0.0,9971.0,9971.0,2021-12-15,2021-12-15 14:55:00,1.9048839892321514,299.0,1.0,best_within_2.0d,10269.0,382.62,0.5832424107187206,4.3760036431226785,32.22527881040892,0.012230020343504162,2.285057100371749,15.890706319702602,0.006381710269403211,0.4929364202292669,5.6011759621451125,36.843533123028394,0.015614239272951093,2.82998018927445,22.52492113564669,0.007835530045022196,1.8630914826498424,0.00402220134195386,1.9444468750000041,16.553125,0.005470102952261012,0.0,1
9971.0,2021-12-15 15:00:00,390.06,391.22,389.9301,391.1,503699.0,1,1,0.0,sell,False,2.473397124326406,7.340000000000032,33.0,0.019120558507867126,0.4881458336044264,0.9811141702718486,1.2251870870740618,0.0031575289672550817,67.71059214715929,84.74461013087469,80.74843345620783,92.7369634802084,503699.0,7.340000000000032,1.0,7.340000000000032,33.0,0.019120558507867126,7.340000000000032,33.0,0.019120558507867126,1.0,1.0,0.4881458336044264,1.2251870870740618,0.9811141702718486,67.71059214715929,84.74461013087469,80.74843345620783,92.7369634802084,30.611986743238596,7.421087695330539,52.68931749365654,0.2666256473363125,0.33080287979821144,0.12000000000000455,0.12990000000002055,1.0400000000000205,1.0,9972.0,9972.0,2021-12-15,2021-12-15 15:00:00,2.168243416006141,298.0,1.0,best_within_2.0d,10269.0,382.62,0.5832424107187206,4.3760036431226785,32.22527881040892,0.012230020343504162,2.285057100371749,15.890706319702602,0.006381710269403211,0.4929364202292669,5.6011759621451125,36.843533123028394,0.015614239272951093,2.82998018927445,22.52492113564669,0.007835530045022196,1.8630914826498424,0.00402220134195386,1.9444468750000041,16.553125,0.005470102952261012,0.0,1
10019.0,2021-12-15 19:00:00,398.0,398.0,397.64,397.64,14716.0,2,2,1.0,buy,False,0.05103448275862132,4.163492493946733,28.239017640954685,0.011578080659927173,-0.2813329583721542,0.609038820924095,0.4683723417380179,0.0011785339314907889,56.434593886103166,39.73801103660563,59.551284775058285,0.11146355970031152,14716.0,0.7400000000000091,1.0,14.5,73.0,0.03777222048556841,0.7400000000000091,9.0,0.0018575229680205059,2.0,2.0,-0.2813329583721542,0.4683723417380179,0.609038820924095,56.434593886103166,39.73801103660563,59.551284775058285,0.11146355970031152,36.57817109144523,17.109144542772174,66.90601398630369,-0.0904522613065361,0.09053415149381693,0.0,0.0,0.36000000000001364,0.0,10020.0,10020.0,2021-12-15,2021-12-15 19:00:00,0.8927673272306638,45.0,1.0,best_within_2.0d,10064.0,401.19,0.05103448275862132,14.5,73.0,0.03777222048556841,0.7400000000000091,9.0,0.0018575229680205059,0.4929364202292669,5.6011759621451125,36.843533123028394,0.015614239272951093,2.82998018927445,22.52492113564669,0.007835530045022196,1.8630914826498424,0.00402220134195386,1.9444468750000041,16.553125,0.005470102952261012,0.0,0
10020.0,2021-12-15 19:05:00,397.66,397.76,397.55,397.64,27618.0,2,2,1.0,buy,False,0.05724137931034373,4.163492493946733,28.239017640954685,0.011578080659927173,-0.31221182589528684,0.5700123426871841,0.4139064297395407,0.0010414422019893292,56.434593886103166,30.77772164345025,49.96009706452227,-7.5870291986937985,27618.0,0.8299999999999841,1.0,14.5,73.0,0.03777222048556841,0.8299999999999841,10.0,0.002083437923590502,2.0,2.0,-0.31221182589528684,0.4139064297395407,0.5700123426871841,56.434593886103166,30.77772164345025,49.96009706452227,-7.5870291986937985,34.92957746478888,18.02816901408246,64.40664824564104,-0.005029422119408201,0.05282354420827053,0.0999999999999659,0.08999999999997499,0.020000000000038654,0.0,10021.0,10021.0,2021-12-15,2021-12-15 19:05:00,0.8927673272306638,44.0,1.0,best_within_2.0d,10064.0,401.19,0.05724137931034373,14.5,73.0,0.03777222048556841,0.8299999999999841,10.0,0.002083437923590502,0.4929364202292669,5.6011759621451125,36.843533123028394,0.015614239272951093,2.82998018927445,22.52492113564669,0.007835530045022196,1.8630914826498424,0.00402220134195386,1.9444468750000041,16.553125,0.005470102952261012,0.0,0
10022.0,2021-12-15 19:15:00,397.59,397.74,397.53,397.56,11431.0,2,2,1.0,buy,False,0.05862068965517398,4.163492493946733,28.239017640954685,0.011578080659927173,-0.3367737908639976,0.48721651514644837,0.31882961971444956,0.0008021697970918028,54.06127593346701,18.028667567665373,33.72608685819761,-13.366171013399104,11431.0,0.8500000000000227,1.0,14.5,73.0,0.03777222048556841,0.8500000000000227,12.0,0.0021336412470506117,2.0,2.0,-0.3367737908639976,0.31882961971444956,0.48721651514644837,54.06127593346701,18.028667567665373,33.72608685819761,-13.366171013399104,28.57142857142783,21.27659574467828,58.128542942169375,-0.007545461404958051,0.052826201796100015,0.1500000000000341,0.03000000000002956,0.029999999999972715,0.0,10023.0,10023.0,2021-12-15,2021-12-15 19:15:00,0.9130697253244782,42.0,1.0,best_within_2.0d,10064.0,401.19,0.05862068965517398,14.5,73.0,0.03777222048556841,0.8500000000000227,12.0,0.0021336412470506117,0.4929364202292669,5.6011759621451125,36.843533123028394,0.015614239272951093,2.82998018927445,22.52492113564669,0.007835530045022196,1.8630914826498424,0.00402220134195386,1.9444468750000041,16.553125,0.005470102952261012,0.0,0
10025.0,2021-12-15 19:30:00,397.6,397.68,397.51,397.68,10763.0,2,2,1.0,buy,False,0.06000000000000032,4.163492493946733,28.239017640954685,0.011578080659927173,-0.28550443289150473,0.37299272575350056,0.2302405093077482,0.0005792218072653479,56.45542146006451,19.413978748150505,23.157944878556826,11.926046487337864,10763.0,0.8700000000000045,1.0,14.5,73.0,0.03777222048556841,0.8700000000000045,15.0,0.002183844570510579,2.0,2.0,-0.28550443289150473,0.2302405093077482,0.37299272575350056,56.45542146006451,19.413978748150505,23.157944878556826,11.926046487337864,11.02941176470596,28.67647058823131,51.231798962654146,0.020120724346072455,0.04276621971774695,0.0,0.09000000000003183,0.07999999999998408,1.0,10026.0,10026.0,2021-12-15,2021-12-15 19:30:00,0.8826191913095933,39.0,1.0,best_within_2.0d,10064.0,401.19,0.06000000000000032,14.5,73.0,0.03777222048556841,0.8700000000000045,15.0,0.002183844570510579,0.4929364202292669,5.6011759621451125,36.843533123028394,0.015614239272951093,2.82998018927445,22.52492113564669,0.007835530045022196,1.8630914826498424,0.00402220134195386,1.9444468750000041,16.553125,0.005470102952261012,1.0,0
10031.0,2021-12-16 04:00:00,399.23,400.01,399.23,399.65,24103.0,1p,1p,0.0,sell,False,0.07884493240329699,2.5,7.0,0.006289149958491611,0.0920336832065658,0.26267204753387574,0.30868888913715864,0.0007760961674692416,80.69508376595121,68.58574499225729,57.28869554299608,91.17984389077972,24103.0,2.5,0.0,2.5,7.0,0.006289149958491611,2.5,0.0,0.0,1.0,1.0,0.0920336832065658,0.30868888913715864,0.26267204753387574,80.69508376595121,68.58574499225729,57.28869554299608,91.17984389077972,55.55555555555498,15.419501133785626,44.21975209206005,0.10520251484105879,0.19537609899054997,0.36000000000001364,0.0,0.4199999999999591,1.0,10032.0,10032.0,2021-12-16,2021-12-16 04:00:00,4.261228575003121,238.0,1.0,best_within_2.0d,10269.0,382.62,0.5832424107187206,4.3760036431226785,32.22527881040892,0.012230020343504162,2.285057100371749,15.890706319702602,0.006381710269403211,0.4929364202292669,5.6011759621451125,36.843533123028394,0.015614239272951093,2.82998018927445,22.52492113564669,0.007835530045022196,1.8630914826498424,0.00402220134195386,1.9444468750000041,16.553125,0.005470102952261012,1.0,1
10054.0,2021-12-16 05:55:00,399.95,400.28,399.95,400.25,10679.0,1p,1p,0.0,sell,False,0.22682543534938987,2.769999999999982,30.0,0.006968378154008658,-0.03379530911999107,0.41370232911923016,0.3968046745592346,0.0009936541482925795,73.50027343539084,83.45084469274576,75.90144112170704,98.54965183482321,10679.0,2.769999999999982,0.0,2.769999999999982,30.0,0.006968378154008658,2.769999999999982,0.0,0.0,1.0,1.0,-0.03379530911999107,0.3968046745592346,0.41370232911923016,73.50027343539084,83.45084469274576,75.90144112170704,98.54965183482321,54.639175257729214,12.886597938141414,54.37456969371927,0.07500937617202434,0.08251031378921968,0.029999999999972715,0.0,0.30000000000001137,1.0,10055.0,10055.0,2021-12-16,2021-12-16 05:55:00,4.404747033104309,215.0,1.0,best_within_2.0d,10269.0,382.62,0.5832424107187206,4.3760036431226785,32.22527881040892,0.012230020343504162,2.285057100371749,15.890706319702602,0.006381710269403211,0.4929364202292669,5.6011759621451125,36.843533123028394,0.015614239272951093,2.82998018927445,22.52492113564669,0.007835530045022196,1.8630914826498424,0.00402220134195386,1.9444468750000041,16.553125,0.005470102952261012,0.0,1
10055.0,2021-12-16 06:00:00,400.29,400.31,400.18,400.18,1478.0,1p,1p,0.0,sell,False,0.22682543534938987,2.8000000000000114,31.0,0.007043847953510632,-0.01734689395368283,0.41153396737501974,0.4028605203981783,0.0010086614458232966,71.02012148823142,82.86394341018735,78.22227521786714,92.14727979482777,1478.0,2.8000000000000114,0.0,2.8000000000000114,31.0,0.007043847953510632,2.8000000000000114,0.0,0.0,1.0,1.0,-0.01734689395368283,0.4028605203981783,0.41153396737501974,71.02012148823142,82.86394341018735,78.22227521786714,92.14727979482777,57.978723404254126,9.042553191487206,55.70609135958774,-0.02748007694421885,0.03248538157828863,0.01999999999998181,0.0,0.11000000000001364,0.0,10056.0,10056.0,2021-12-16,2021-12-16 06:00:00,4.388025388575142,214.0,1.0,best_within_2.0d,10269.0,382.62,0.5832424107187206,4.3760036431226785,32.22527881040892,0.012230020343504162,2.285057100371749,15.890706319702602,0.006381710269403211,0.4929364202292669,5.6011759621451125,36.843533123028394,0.015614239272951093,2.82998018927445,22.52492113564669,0.007835530045022196,1.8630914826498424,0.00402220134195386,1.9444468750000041,16.553125,0.005470102952261012,0.0,1
10057.0,2021-12-16 06:10:00,400.28,400.51,400.24,400.45,5188.0,1p,1p,0.0,sell,False,0.22682543534938987,3.0,33.0,0.0075469799501899325,0.020781344862645823,0.4133849321411039,0.4237756045724268,0.0010606684348231927,74.76831360679262,87.85681923486013,82.98313312209015,97.60419146040005,5188.0,3.0,0.0,3.0,33.0,0.0075469799501899325,3.0,0.0,0.0,1.0,1.0,0.020781344862645823,0.4237756045724268,0.4133849321411039,74.76831360679262,87.85681923486013,82.98313312209015,97.60419146040005,62.303664921463906,12.041884816752104,57.16489675199768,0.042470270810436674,0.0674595242854242,0.060000000000002274,0.03999999999996362,0.17000000000001592,1.0,10058.0,10058.0,2021-12-16,2021-12-16 06:10:00,4.452490947683852,212.0,1.0,best_within_2.0d,10269.0,382.62,0.5832424107187206,4.3760036431226785,32.22527881040892,0.012230020343504162,2.285057100371749,15.890706319702602,0.006381710269403211,0.4929364202292669,5.6011759621451125,36.843533123028394,0.015614239272951093,2.82998018927445,22.52492113564669,0.007835530045022196,1.8630914826498424,0.00402220134195386,1.9444468750000041,16.553125,0.005470102952261012,0.0,1
10058.0,2021-12-16 06:15:00,400.49,400.6,400.47,400.5,6703.0,1p,1p,0.0,sell,False,0.22682543534938987,3.090000000000032,34.0,0.007773389348695711,0.03530571363793733,0.417798146345846,0.43545100316481467,0.0010896961188752155,75.41274271943797,88.46812003973425,84.81146209463817,95.7814359299264,6703.0,3.090000000000032,0.0,3.090000000000032,34.0,0.007773389348695711,3.090000000000032,0.0,0.0,1.0,1.0,0.03530571363793733,0.43545100316481467,0.417798146345846,75.41274271943797,88.46812003973425,84.81146209463817,95.7814359299264,62.74509803921546,11.274509803919875,58.048577258359515,0.0024969412469701877,0.03246185731765062,0.10000000000002274,0.01999999999998181,0.009999999999990905,1.0,10059.0,10059.0,2021-12-16,2021-12-16 06:15:00,4.46441947565543,211.0,1.0,best_within_2.0d,10269.0,382.62,0.5832424107187206,4.3760036431226785,32.22527881040892,0.012230020343504162,2.285057100371749,15.890706319702602,0.006381710269403211,0.4929364202292669,5.6011759621451125,36.843533123028394,0.015614239272951093,2.82998018927445,22.52492113564669,0.007835530045022196,1.8630914826498424,0.00402220134195386,1.9444468750000041,16.553125,0.005470102952261012,0.0,1
10060.0,2021-12-16 06:25:00,400.59,401.0,400.59,400.83,19687.0,1p,1p,0.0,sell,False,0.22682543534938995,3.490000000000009,36.0,0.00877965334205431,0.07022278568676366,0.4315817400516636,0.46669313289504544,0.0011674268130561023,79.40429899651988,88.76954660637463,87.2982518031315,91.71213621286086,19687.0,3.490000000000009,0.0,3.490000000000009,36.0,0.00877965334205431,3.490000000000009,0.0,0.0,1.0,1.0,0.07022278568676366,0.46669313289504544,0.4315817400516636,79.40429899651988,88.76954660637463,87.2982518031315,91.71213621286086,65.69037656903774,10.460251046025164,59.57815464274696,0.05991163034524304,0.10234903517312591,0.17000000000001592,0.0,0.2400000000000091,1.0,10061.0,10061.0,2021-12-16,2021-12-16 06:25:00,4.543073123269211,209.0,1.0,best_within_2.0d,10269.0,382.62,0.5832424107187206,4.3760036431226785,32.22527881040892,0.012230020343504162,2.285057100371749,15.890706319702602,0.006381710269403211,0.4929364202292669,5.6011759621451125,36.843533123028394,0.015614239272951093,2.82998018927445,22.52492113564669,0.007835530045022196,1.8630914826498424,0.00402220134195386,1.9444468750000041,16.553125,0.005470102952261012,0.0,1
10061.0,2021-12-16 06:30:00,400.94,401.09,400.92,401.09,7183.0,1p,1p,0.0,sell,False,0.22682543534938987,3.579999999999984,37.0,0.009006062740559945,0.11077172696016979,0.44542820592168486,0.5008140694017698,0.0012524717450095983,81.9169107444359,92.51303107091641,89.0365115590598,99.4660700946296,7183.0,3.579999999999984,0.0,3.579999999999984,37.0,0.009006062740559945,3.579999999999984,0.0,0.0,1.0,1.0,0.11077172696016979,0.5008140694017698,0.44542820592168486,81.9169107444359,92.51303107091641,89.0365115590598,99.4660700946296,68.8796680497905,6.224066390042844,61.28153033716769,0.03741208160821501,0.04240247430907888,0.0,0.01999999999998181,0.14999999999997726,1.0,10062.0,10062.0,2021-12-16,2021-12-16 06:30:00,4.604951507143029,208.0,1.0,best_within_2.0d,10269.0,382.62,0.5832424107187206,4.3760036431226785,32.22527881040892,0.012230020343504162,2.285057100371749,15.890706319702602,0.006381710269403211,0.4929364202292669,5.6011759621451125,36.843533123028394,0.015614239272951093,2.82998018927445,22.52492113564669,0.007835530045022196,1.8630914826498424,0.00402220134195386,1.9444468750000041,16.553125,0.005470102952261012,0.0,1
10062.0,2021-12-16 06:35:00,401.1,401.1,400.96,401.04,5336.0,1p,1p,0.0,sell,False,0.22682543534938987,3.590000000000032,38.0,0.009031219340394032,0.11587664657893393,0.4599127867440516,0.5178511100335186,0.001294796299952333,79.89823151711055,93.26955694582831,90.44752668798264,98.91361746151966,5336.0,3.590000000000032,0.0,3.590000000000032,38.0,0.009031219340394032,3.590000000000032,0.0,0.0,1.0,1.0,0.11587664657893393,0.5178511100335186,0.4599127867440516,79.89823151711055,93.26955694582831,90.44752668798264,98.91361746151966,65.74803149606161,5.905511811024785,62.86974127854715,-0.01495886312640296,0.03491620111732922,0.0,0.08000000000004093,0.060000000000002274,0.0,10063.0,10063.0,2021-12-16,2021-12-16 06:35:00,4.5930580490724155,207.0,1.0,best_within_2.0d,10269.0,382.62,0.5832424107187206,4.3760036431226785,32.22527881040892,0.012230020343504162,2.285057100371749,15.890706319702602,0.006381710269403211,0.4929364202292669,5.6011759621451125,36.843533123028394,0.015614239272951093,2.82998018927445,22.52492113564669,0.007835530045022196,1.8630914826498424,0.00402220134195386,1.9444468750000041,16.553125,0.005470102952261012,0.0,1
10063.0,2021-12-16 06:40:00,401.1,401.13,401.05,401.11,4370.0,1p,1p,0.0,sell,False,0.22682543534938987,3.6200000000000045,39.0,0.009106689139895863,0.11355046476690622,0.47410659483991485,0.530881827223368,0.0013270917105901998,80.61833921840552,94.85297195728548,91.91600844441692,100.72689898302258,4370.0,3.6200000000000045,0.0,3.6200000000000045,39.0,0.009106689139895863,3.6200000000000045,0.0,0.0,1.0,1.0,0.11355046476690622,0.530881827223368,0.47410659483991485,80.61833921840552,94.85297195728548,91.91600844441692,100.72689898302258,63.09523809523614,5.952380952382215,64.29037552219745,0.0024931438543981314,0.019947637451685346,0.01999999999998181,0.05000000000001137,0.009999999999990905,1.0,10064.0,10064.0,2021-12-16,2021-12-16 06:40:00,4.609708060133133,206.0,1.0,best_within_2.0d,10269.0,382.62,0.5832424107187206,4.3760036431226785,32.22527881040892,0.012230020343504162,2.285057100371749,15.890706319702602,0.006381710269403211,0.4929364202292669,5.6011759621451125,36.843533123028394,0.015614239272951093,2.82998018927445,22.52492113564669,0.007835530045022196,1.8630914826498424,0.00402220134195386,1.9444468750000041,16.553125,0.005470102952261012,0.0,1
10064.0,2021-12-16 06:45:00,401.0,401.24,400.98,401.19,14860.0,1p,1p,0.0,sell,False,0.22682543534938995,3.730000000000018,40.0,0.009383411738069529,0.10770610363476041,0.4875698577942599,0.5414229096116401,0.001353152529572145,81.43679059398914,95.08055273342808,92.97085654075397,99.2999451187763,14860.0,3.730000000000018,0.0,3.730000000000018,40.0,0.009383411738069529,3.730000000000018,0.0,0.0,1.0,1.0,0.10770610363476041,0.5414229096116401,0.4875698577942599,81.43679059398914,95.08055273342808,92.97085654075397,99.2999451187763,63.43283582089494,2.985074626867191,66.19900841025847,0.04738154613466278,0.06484113920893583,0.05000000000001137,0.01999999999998181,0.18999999999999773,1.0,10065.0,10065.0,2021-12-16,2021-12-16 06:45:00,4.628729529649292,205.0,1.0,best_within_2.0d,10269.0,382.62,0.5832424107187206,4.3760036431226785,32.22527881040892,0.012230020343504162,2.285057100371749,15.890706319702602,0.006381710269403211,0.4929364202292669,5.6011759621451125,36.843533123028394,0.015614239272951093,2.82998018927445,22.52492113564669,0.007835530045022196,1.8630914826498424,0.00402220134195386,1.9444468750000041,16.553125,0.005470102952261012,1.0,1
10088.0,2021-12-16 08:45:00,398.65,398.65,398.12,398.29,72136.0,2s,2s,1.0,buy,False,0.017931034482757992,4.163492493946733,28.239017640954685,0.011578080659927173,-0.24861229058048817,-0.24335929786268595,-0.36766544315293004,-0.0009204353862796031,24.525578035139148,15.952255841062563,20.01623708756297,7.824293348061744,72136.0,3.1200000000000045,1.0,14.5,73.0,0.03777222048556841,3.1200000000000045,25.0,0.0077758947263483315,1.0,2.5,-0.24861229058048817,-0.36766544315293004,-0.24335929786268595,24.525578035139148,15.952255841062563,20.01623708756297,7.824293348061744,24.275680421423004,20.988805970149187,42.12876546468227,-0.09030477862785823,0.1331256907465017,0.0,0.17000000000001592,0.3599999999999568,0.0,10089.0,10089.0,2021-12-16,2021-12-16 08:45:00,-2.1893595119134366,60.0,1.0,best_within_2.0d,10148.0,389.57,0.5832424107187206,4.3760036431226785,32.22527881040892,0.012230020343504162,2.285057100371749,15.890706319702602,0.006381710269403211,0.017931034482757992,14.5,73.0,0.03777222048556841,3.1200000000000045,25.0,0.0077758947263483315,1.0,0.00402220134195386,1.9444468750000041,16.553125,0.005470102952261012,0.0,0
10089.0,2021-12-16 08:50:00,398.23,398.45,398.06,398.17,30471.0,2s,2s,1.0,buy,False,0.02206896551724091,4.163492493946733,28.239017640954685,0.011578080659927173,-0.2714180149129042,-0.277286549726799,-0.4129955571832511,-0.0010341624300762877,23.3065164989098,13.272726915624794,17.768400363583577,4.281380019707228,30471.0,3.180000000000007,1.0,14.5,73.0,0.03777222048556841,3.180000000000007,26.0,0.007925431163393497,1.0,2.5,-0.2714180149129042,-0.4129955571832511,-0.277286549726799,23.3065164989098,13.272726915624794,17.768400363583577,4.281380019707228,23.267195063568064,21.144741741581914,39.46092617798741,-0.01506667001481613,0.09797517962115922,0.21999999999997044,0.11000000000001364,0.060000000000002274,0.0,10090.0,10090.0,2021-12-16,2021-12-16 08:50:00,-2.1598814576688405,59.0,1.0,best_within_2.0d,10148.0,389.57,0.5832424107187206,4.3760036431226785,32.22527881040892,0.012230020343504162,2.285057100371749,15.890706319702602,0.006381710269403211,0.02206896551724091,14.5,73.0,0.03777222048556841,3.180000000000007,26.0,0.007925431163393497,1.0,0.00402220134195386,1.9444468750000041,16.553125,0.005470102952261012,0.0,0
10091.0,2021-12-16 09:00:00,398.54,398.54,397.81,398.31,159057.0,2s,2s,1.0,buy,False,0.03931034482758573,4.163492493946733,28.239017640954685,0.011578080659927173,-0.20024560761100973,-0.3300367154911894,-0.43015951929669427,-0.0010775043785559576,30.961760685421595,23.415708072928467,20.12000500153956,30.00711421570628,159057.0,3.430000000000007,1.0,14.5,73.0,0.03777222048556841,3.430000000000007,28.0,0.008548499651081664,1.0,2.5,-0.20024560761100973,-0.43015951929669427,-0.3300367154911894,30.961760685421595,23.415708072928467,20.12000500153956,30.00711421570628,23.716540151818855,18.85237714742303,36.338198336215115,-0.05771064385005725,0.18350468816772283,0.0,0.5,0.2300000000000182,0.0,10092.0,10092.0,2021-12-16,2021-12-16 09:00:00,-2.1942707941050963,57.0,1.0,best_within_2.0d,10148.0,389.57,0.5832424107187206,4.3760036431226785,32.22527881040892,0.012230020343504162,2.285057100371749,15.890706319702602,0.006381710269403211,0.03931034482758573,14.5,73.0,0.03777222048556841,3.430000000000007,28.0,0.008548499651081664,1.0,0.00402220134195386,1.9444468750000041,16.553125,0.005470102952261012,0.0,0
10094.0,2021-12-16 09:15:00,398.12,398.38,397.57,398.37,55047.0,2s,2s,1.0,buy,False,0.055862068965517396,4.163492493946733,28.239017640954685,0.011578080659927173,-0.11433166155764796,-0.3909222684956334,-0.44808809927445736,-0.001123002055053743,36.04509331029131,31.536000223957643,24.24545066705138,46.11709933777017,55047.0,3.670000000000016,1.0,14.5,73.0,0.03777222048556841,3.670000000000016,31.0,0.009146645399262326,1.0,2.5,-0.11433166155764796,-0.44808809927445736,-0.3909222684956334,36.04509331029131,31.536000223957643,24.24545066705138,46.11709933777017,5.623901581723201,35.85237258348016,39.54552666313713,0.06279513714457952,0.20373770656739754,0.009999999999990905,0.5500000000000114,0.25,1.0,10095.0,10095.0,2021-12-16,2021-12-16 09:15:00,-2.209001681853556,54.0,1.0,best_within_2.0d,10148.0,389.57,0.5832424107187206,4.3760036431226785,32.22527881040892,0.012230020343504162,2.285057100371749,15.890706319702602,0.006381710269403211,0.055862068965517396,14.5,73.0,0.03777222048556841,3.670000000000016,31.0,0.009146645399262326,1.0,0.00402220134195386,1.9444468750000041,16.553125,0.005470102952261012,0.0,0
10097.0,2021-12-16 09:30:00,398.04,398.26,397.06,397.72,1753272.0,2s,2s,1.0,buy,False,0.09103448275862022,4.163492493946733,28.239017640954685,0.011578080659927173,-0.09055353196107452,-0.4177627773090025,-0.4630395432895398,-0.0011610607484319627,27.56079414384628,43.15048960761525,37.44974914290428,54.55197053703719,1753272.0,4.180000000000007,1.0,14.5,73.0,0.03777222048556841,4.180000000000007,34.0,0.010417705114146164,1.0,2.5,-0.09055353196107452,-0.4630395432895398,-0.4177627773090025,27.56079414384628,43.15048960761525,37.44974914290428,54.55197053703719,4.315476190476514,47.47023809523911,46.078285730139214,-0.08039393025826377,0.3022213267516216,0.21999999999997044,0.660000000000025,0.3199999999999932,0.0,10098.0,10098.0,2021-12-16,2021-12-16 09:30:00,-2.049180327868861,51.0,1.0,best_within_2.0d,10148.0,389.57,0.5832424107187206,4.3760036431226785,32.22527881040892,0.012230020343504162,2.285057100371749,15.890706319702602,0.006381710269403211,0.09103448275862022,14.5,73.0,0.03777222048556841,4.180000000000007,34.0,0.010417705114146164,1.0,0.00402220134195386,1.9444468750000041,16.553125,0.005470102952261012,0.0,0
10098.0,2021-12-16 09:35:00,397.71,398.475,396.47,396.595,1764816.0,2s,2s,1.0,buy,False,0.1317241379310323,4.163492493946733,28.239017640954685,0.011578080659927173,-0.2408360113716388,-0.4478672787304573,-0.5682852844162767,-0.0014255477470983084,18.946302114612024,30.723174605389826,35.207557630399464,21.754408555370546,1764816.0,4.769999999999982,1.0,14.5,73.0,0.03777222048556841,4.769999999999982,35.0,0.011888146745090174,1.0,2.5,-0.2408360113716388,-0.5682852844162767,-0.4478672787304573,18.946302114612024,30.723174605389826,35.207557630399464,21.754408555370546,3.25770796975021,43.97905759162353,48.94461507453805,-0.2803550325614021,0.5057129164880054,0.7650000000000432,0.125,1.1149999999999523,0.0,10099.0,10099.0,2021-12-16,2021-12-16 09:35:00,-1.7713284332883759,50.0,1.0,best_within_2.0d,10148.0,389.57,0.5832424107187206,4.3760036431226785,32.22527881040892,0.012230020343504162,2.285057100371749,15.890706319702602,0.006381710269403211,0.1317241379310323,14.5,73.0,0.03777222048556841,4.769999999999982,35.0,0.011888146745090174,1.0,0.00402220134195386,1.9444468750000041,16.553125,0.005470102952261012,0.0,0
10099.0,2021-12-16 09:40:00,396.615,396.79,395.32,395.82,1442218.0,2s,2s,1.0,buy,False,0.21103448275862086,4.163492493946733,28.239017640954685,0.011578080659927173,-0.4131562742696113,-0.4995118130141587,-0.7060899501489644,-0.0017721614982978168,15.379933246028855,25.658099840446177,32.024405033748366,12.925489453841806,1442218.0,5.920000000000016,1.0,14.5,73.0,0.03777222048556841,5.920000000000016,36.0,0.014754261788455826,1.0,2.5,-0.4131562742696113,-0.7060899501489644,-0.4995118130141587,15.379933246028855,25.658099840446177,32.024405033748366,12.925489453841806,2.9030585795752213,49.55935717988635,51.800914449507445,-0.20044627661586573,0.3718506526358462,0.17500000000001137,0.5,0.7950000000000159,0.0,10100.0,10100.0,2021-12-16,2021-12-16 09:40:00,-1.5790005558081959,49.0,1.0,best_within_2.0d,10148.0,389.57,0.5832424107187206,4.3760036431226785,32.22527881040892,0.012230020343504162,2.285057100371749,15.890706319702602,0.006381710269403211,0.21103448275862086,14.5,73.0,0.03777222048556841,5.920000000000016,36.0,0.014754261788455826,1.0,0.00402220134195386,1.9444468750000041,16.553125,0.005470102952261012,0.0,0
10102.0,2021-12-16 09:55:00,395.75,395.86,394.22,394.28,1058461.0,2s,2s,1.0,buy,False,0.28689655172413575,4.163492493946733,28.239017640954685,0.011578080659927173,-0.6352661162720765,-0.6759451886676409,-0.9935782468036791,-0.0024973798694010695,21.537475110699432,19.462648594582145,27.350381818417404,3.687182146911624,1058461.0,7.019999999999982,1.0,14.5,73.0,0.03777222048556841,7.019999999999982,39.0,0.017495763134283675,1.0,2.5,-0.6352661162720765,-0.9935782468036791,-0.6759451886676409,21.537475110699432,19.462648594582145,27.350381818417404,3.687182146911624,3.6103798420460147,39.7893945092141,57.82536652592915,-0.37144662034113135,0.4160113642128726,0.11000000000001364,0.05999999999994543,1.4700000000000273,0.0,10103.0,10103.0,2021-12-16,2021-12-16 09:55:00,-1.1945825301815918,46.0,1.0,best_within_2.0d,10148.0,389.57,0.5832424107187206,4.3760036431226785,32.22527881040892,0.012230020343504162,2.285057100371749,15.890706319702602,0.006381710269403211,0.28689655172413575,14.5,73.0,0.03777222048556841,7.019999999999982,39.0,0.017495763134283675,1.0,0.00402220134195386,1.9444468750000041,16.553125,0.005470102952261012,0.0,0
10103.0,2021-12-16 10:00:00,394.28,394.4,392.82,393.24,1497398.0,2s,2s,1.0,buy,False,0.38344827586206914,4.163492493946733,28.239017640954685,0.011578080659927173,-0.851817133622625,-0.7824223303704689,-1.2083308971817814,-0.003039773302144969,18.506266895283233,15.435556005058373,23.378773213964394,-0.45087841275366713,1497398.0,8.420000000000016,1.0,14.5,73.0,0.03777222048556841,8.420000000000016,40.0,0.020984946665337494,1.0,2.5,-0.851817133622625,-1.2083308971817814,-0.7824223303704689,18.506266895283233,15.435556005058373,23.378773213964394,-0.45087841275366713,3.3137728684847616,45.7714877459444,59.87340393803123,-0.26377193872374044,0.4022198462400041,0.12000000000000455,0.4200000000000159,1.0399999999999636,0.0,10104.0,10104.0,2021-12-16,2021-12-16 10:00:00,-0.9332723019021503,45.0,1.0,best_within_2.0d,10148.0,389.57,0.5832424107187206,4.3760036431226785,32.22527881040892,0.012230020343504162,2.285057100371749,15.890706319702602,0.006381710269403211,0.38344827586206914,14.5,73.0,0.03777222048556841,8.420000000000016,40.0,0.020984946665337494,1.0,0.00402220134195386,1.9444468750000041,16.553125,0.005470102952261012,0.0,0
10104.0,2021-12-16 10:05:00,393.2499,393.73,392.48,392.51,1174012.0,2s,2s,1.0,buy,False,0.40689655172413636,4.163492493946733,28.239017640954685,0.011578080659927173,-1.0218008534064384,-0.9101474370462738,-1.421047863749493,-0.0035782329192990746,16.726732833541845,10.45717634143159,19.07157425645346,-6.771619488612153,1174012.0,8.759999999999991,1.0,14.5,73.0,0.03777222048556841,8.759999999999991,41.0,0.021832319808593337,1.0,2.5,-1.0218008534064384,-1.421047863749493,-0.9101474370462738,16.726732833541845,10.45717634143159,19.07157425645346,-6.771619488612153,2.163225172074626,45.68993772533615,62.093796807428255,-0.18815007963130675,0.3184875662454138,0.4800999999999931,0.029999999999972715,0.7399000000000342,0.0,10105.0,10105.0,2021-12-16,2021-12-16 10:05:00,-0.7490255025349667,44.0,1.0,best_within_2.0d,10148.0,389.57,0.5832424107187206,4.3760036431226785,32.22527881040892,0.012230020343504162,2.285057100371749,15.890706319702602,0.006381710269403211,0.40689655172413636,14.5,73.0,0.03777222048556841,8.759999999999991,41.0,0.021832319808593337,1.0,0.00402220134195386,1.9444468750000041,16.553125,0.005470102952261012,0.0,0
10105.0,2021-12-16 10:10:00,392.49,393.4,392.43,393.37,885899.0,2s,2s,1.0,buy,False,0.4103448275862061,4.163492493946733,28.239017640954685,0.011578080659927173,-0.9484172039838592,-1.028699587544256,-1.5029081895361855,-0.0037870198822177958,25.781177487149947,12.15479801311869,16.76598217534187,2.932429688672329,885899.0,8.810000000000002,1.0,14.5,73.0,0.03777222048556841,8.810000000000002,42.0,0.021956933506131,1.0,2.5,-0.9484172039838592,-1.5029081895361855,-1.028699587544256,25.781177487149947,12.15479801311869,16.76598217534187,2.932429688672329,2.1297192642787044,43.30429170700264,64.13173989261199,0.2242095340008651,0.24717784063399087,0.029999999999972715,0.060000000000002274,0.8799999999999955,1.0,10106.0,10106.0,2021-12-16,2021-12-16 10:10:00,-0.9660116429824367,43.0,1.0,best_within_2.0d,10148.0,389.57,0.5832424107187206,4.3760036431226785,32.22527881040892,0.012230020343504162,2.285057100371749,15.890706319702602,0.006381710269403211,0.4103448275862061,14.5,73.0,0.03777222048556841,8.810000000000002,42.0,0.021956933506131,1.0,0.00402220134195386,1.9444468750000041,16.553125,0.005470102952261012,0.0,0
10106.0,2021-12-16 10:15:00,393.3799,393.7416,392.39,393.45,995009.0,2s,2s,1.0,buy,False,0.4131034482758627,4.163492493946733,28.239017640954685,0.011578080659927173,-0.8237364154182112,-1.1316666394715322,-1.5435348471806378,-0.0038918661793160407,26.580903948856346,13.90982699642038,15.813930449034704,10.101620091191734,995009.0,8.850000000000023,1.0,14.5,73.0,0.03777222048556841,8.850000000000023,43.0,0.022056624464161158,1.0,2.5,-0.8237364154182112,-1.5435348471806378,-1.1316666394715322,26.580903948856346,13.90982699642038,15.813930449034704,10.101620091191734,4.049051644098327,40.45434266214924,65.3940015471574,0.017819924200491197,0.3444532225591934,0.29160000000001673,0.9899000000000342,0.07009999999996808,1.0,10107.0,10107.0,2021-12-16,2021-12-16 10:15:00,-0.9861481763883583,42.0,1.0,best_within_2.0d,10148.0,389.57,0.5832424107187206,4.3760036431226785,32.22527881040892,0.012230020343504162,2.285057100371749,15.890706319702602,0.006381710269403211,0.4131034482758627,14.5,73.0,0.03777222048556841,8.850000000000023,43.0,0.022056624464161158,1.0,0.00402220134195386,1.9444468750000041,16.553125,0.005470102952261012,1.0,0
10115.0,2021-12-16 11:00:00,393.17,393.35,391.03,391.34,1351811.0,2s,2s,1.0,buy,False,0.5068965517241395,4.163492493946733,28.239017640954685,0.011578080659927173,-0.11860042606481436,-1.3390729385181652,-1.3983731515505724,-0.0035408909720714885,26.42204614837206,26.281536585697506,31.100853580666204,16.642902595760106,1351811.0,10.210000000000036,1.0,14.5,73.0,0.03777222048556841,10.210000000000036,52.0,0.02544611703718482,1.0,2.5,-0.11860042606481436,-1.3983731515505724,-1.3390729385181652,26.42204614837206,26.281536585697506,31.100853580666204,16.642902595760106,10.500738596967626,34.64471978535497,59.01741546737245,-0.465447516341542,0.5933048615195893,0.18000000000000682,0.3100000000000023,1.830000000000041,0.0,10116.0,10116.0,2021-12-16,2021-12-16 11:00:00,-0.45229212449531914,33.0,1.0,best_within_2.0d,10148.0,389.57,0.5832424107187206,4.3760036431226785,32.22527881040892,0.012230020343504162,2.285057100371749,15.890706319702602,0.006381710269403211,0.5068965517241395,14.5,73.0,0.03777222048556841,10.210000000000036,52.0,0.02544611703718482,1.0,0.00402220134195386,1.9444468750000041,16.553125,0.005470102952261012,0.0,0
10116.0,2021-12-16 11:05:00,391.35,391.66,390.835,391.3,885117.0,2s,2s,1.0,buy,False,0.520344827586208,4.163492493946733,28.239017640954685,0.011578080659927173,-0.2128671032016074,-1.365681326418366,-1.4721148780191697,-0.0037301497322379585,26.286768332981467,21.32470537206031,27.842137511130908,8.289841093919122,885117.0,10.40500000000003,1.0,14.5,73.0,0.03777222048556841,10.40500000000003,53.0,0.02593211045758157,1.0,2.5,-0.2128671032016074,-1.4721148780191697,-1.365681326418366,26.286768332981467,21.32470537206031,27.842137511130908,8.289841093919122,11.043403823595062,31.58428711835416,58.243793896413884,-0.012776287210939407,0.21108651988692045,0.3100000000000023,0.46500000000003183,0.05000000000001137,0.0,10117.0,10117.0,2021-12-16,2021-12-16 11:05:00,-0.442116023511377,32.0,1.0,best_within_2.0d,10148.0,389.57,0.5832424107187206,4.3760036431226785,32.22527881040892,0.012230020343504162,2.285057100371749,15.890706319702602,0.006381710269403211,0.520344827586208,14.5,73.0,0.03777222048556841,10.40500000000003,53.0,0.02593211045758157,1.0,0.00402220134195386,1.9444468750000041,16.553125,0.005470102952261012,0.0,0
10117.0,2021-12-16 11:10:00,391.33,391.35,390.36,390.67,724369.0,2s,2s,1.0,buy,False,0.5531034482758608,4.163492493946733,28.239017640954685,0.011578080659927173,-0.316301729361502,-1.4052190425885538,-1.5633699072693048,-0.003964341942805166,24.186394904309168,16.487532519102487,24.057269180454764,1.3480591963979336,724369.0,10.879999999999995,1.0,14.5,73.0,0.03777222048556841,10.879999999999995,54.0,0.027115940584189,1.0,2.5,-0.316301729361502,-1.5633699072693048,-1.4052190425885538,24.186394904309168,16.487532519102487,24.057269180454764,1.3480591963979336,11.472612891538859,26.7184875333485,56.934949109730496,-0.1686556103544242,0.2536120504150039,0.020000000000038654,0.3100000000000023,0.6599999999999682,0.0,10118.0,10118.0,2021-12-16,2021-12-16 11:10:00,-0.2815675634167002,31.0,1.0,best_within_2.0d,10148.0,389.57,0.5832424107187206,4.3760036431226785,32.22527881040892,0.012230020343504162,2.285057100371749,15.890706319702602,0.006381710269403211,0.5531034482758608,14.5,73.0,0.03777222048556841,10.879999999999995,54.0,0.027115940584189,1.0,0.00402220134195386,1.9444468750000041,16.553125,0.005470102952261012,1.0,0
10122.0,2021-12-16 11:35:00,390.4,390.71,390.125,390.46,572806.0,2s,2s,1.0,buy,False,0.5693103448275859,4.163492493946733,28.239017640954685,0.011578080659927173,-0.09230160906645812,-1.4948206928900707,-1.5409714974232998,-0.003918312871210698,28.716544468306935,15.800527166595753,19.493268374252057,8.41504475128314,572806.0,11.115000000000009,1.0,14.5,73.0,0.03777222048556841,11.115000000000009,59.0,0.02770162496261591,1.0,2.5,-0.09230160906645812,-1.5409714974232998,-1.4948206928900707,28.716544468306935,15.800527166595753,19.493268374252057,8.41504475128314,6.732070602590263,31.424043309653822,52.5816351350308,0.015368852459016978,0.14995193848125074,0.25,0.27499999999997726,0.060000000000002274,1.0,10123.0,10123.0,2021-12-16,2021-12-16 11:35:00,-0.2279362802847888,26.0,1.0,best_within_2.0d,10148.0,389.57,0.5832424107187206,4.3760036431226785,32.22527881040892,0.012230020343504162,2.285057100371749,15.890706319702602,0.006381710269403211,0.5693103448275859,14.5,73.0,0.03777222048556841,11.115000000000009,59.0,0.02770162496261591,1.0,0.00402220134195386,1.9444468750000041,16.553125,0.005470102952261012,0.0,0
10126.0,2021-12-16 11:55:00,390.33,390.42,389.51,389.72,886126.0,2s,2s,1.0,buy,False,0.6117241379310348,4.163492493946733,28.239017640954685,0.011578080659927173,0.026360176190403095,-1.4830953894614582,-1.4699153013662567,-0.003745149546106443,26.488751509713254,16.41420436939113,18.54712070265908,12.14837170285523,886126.0,11.730000000000018,1.0,14.5,73.0,0.03777222048556841,11.730000000000018,63.0,0.029234373442328824,1.0,2.5,0.026360176190403095,-1.4699153013662567,-1.4830953894614582,26.488751509713254,16.41420436939113,18.54712070265908,12.14837170285523,3.8993508727663593,34.71263313224872,58.11190435688777,-0.15627802116157016,0.23362686452209827,0.09000000000003183,0.21000000000003638,0.6099999999999568,0.0,10127.0,10127.0,2021-12-16,2021-12-16 11:55:00,-0.03848917171303348,22.0,1.0,best_within_2.0d,10148.0,389.57,0.5832424107187206,4.3760036431226785,32.22527881040892,0.012230020343504162,2.285057100371749,15.890706319702602,0.006381710269403211,0.6117241379310348,14.5,73.0,0.03777222048556841,11.730000000000018,63.0,0.029234373442328824,1.0,0.00402220134195386,1.9444468750000041,16.553125,0.005470102952261012,0.0,0
10128.0,2021-12-16 12:05:00,389.83,389.83,389.06,389.14,497956.0,2s,2s,1.0,buy,False,0.6427586206896547,4.163492493946733,28.239017640954685,0.011578080659927173,-0.00832633589717613,-1.4786321753844782,-1.4827953433330663,-0.0037821087155018667,24.817931877939927,11.515405542959837,15.58593303015594,3.3743505685676247,497956.0,12.180000000000007,1.0,14.5,73.0,0.03777222048556841,12.180000000000007,65.0,0.0303558967201675,1.0,2.5,-0.00832633589717613,-1.4827953433330663,-1.4786321753844782,24.817931877939927,11.515405542959837,15.58593303015594,3.3743505685676247,3.899790971203881,35.95685271269394,61.16843471795035,-0.17700023086986577,0.19791291831593633,0.0,0.07999999999998408,0.6899999999999977,0.0,10129.0,10129.0,2021-12-16,2021-12-16 12:05:00,0.1105000770930788,20.0,1.0,best_within_2.0d,10148.0,389.57,0.5832424107187206,4.3760036431226785,32.22527881040892,0.012230020343504162,2.285057100371749,15.890706319702602,0.006381710269403211,0.6427586206896547,14.5,73.0,0.03777222048556841,12.180000000000007,65.0,0.0303558967201675,1.0,0.00402220134195386,1.9444468750000041,16.553125,0.005470102952261012,0.0,0
10129.0,2021-12-16 12:10:00,389.15,389.47,388.97,389.1142,644697.0,2s,2s,1.0,buy,False,0.6489655172413771,4.163492493946733,28.239017640954685,0.011578080659927173,-0.017039253467620252,-1.4807620820679308,-1.489281708801741,-0.0038007651853997396,24.711401733852853,9.424815816518137,13.532227292276673,1.209992865001066,644697.0,12.269999999999982,1.0,14.5,73.0,0.03777222048556841,12.269999999999982,66.0,0.030580201375735173,1.0,2.5,-0.017039253467620252,-1.489281708801741,-1.4807620820679308,24.711401733852853,9.424815816518137,13.532227292276673,1.209992865001066,4.544958731774653,26.725266334580546,61.86576635130769,-0.009199537453422774,0.12854461783685114,0.32000000000005,0.14419999999995525,0.035799999999994725,0.0,10130.0,10130.0,2021-12-16,2021-12-16 12:10:00,0.1171378479634027,19.0,1.0,best_within_2.0d,10148.0,389.57,0.5832424107187206,4.3760036431226785,32.22527881040892,0.012230020343504162,2.285057100371749,15.890706319702602,0.006381710269403211,0.6489655172413771,14.5,73.0,0.03777222048556841,12.269999999999982,66.0,0.030580201375735173,1.0,0.00402220134195386,1.9444468750000041,16.553125,0.005470102952261012,0.0,0
10130.0,2021-12-16 12:15:00,389.1,389.4655,388.8,389.33,762024.0,2s,2s,1.0,buy,False,0.6606896551724127,4.163492493946733,28.239017640954685,0.011578080659927173,0.0329362386221721,-1.4766450522401593,-1.4601769329290732,-0.0037282546576273175,27.514103322524477,14.170115306249748,13.744856630267696,15.020632658213852,762024.0,12.439999999999998,1.0,14.5,73.0,0.03777222048556841,12.439999999999998,67.0,0.031003887947363168,1.0,2.5,0.0329362386221721,-1.4601769329290732,-1.4766450522401593,27.514103322524477,14.170115306249748,13.744856630267696,15.020632658213852,4.611822869107194,26.88784969146819,62.49808879603107,0.05911076843997978,0.17116769547325325,0.13550000000003593,0.30000000000001137,0.22999999999996135,1.0,10131.0,10131.0,2021-12-16,2021-12-16 12:15:00,0.06164436339352454,18.0,1.0,best_within_2.0d,10148.0,389.57,0.5832424107187206,4.3760036431226785,32.22527881040892,0.012230020343504162,2.285057100371749,15.890706319702602,0.006381710269403211,0.6606896551724127,14.5,73.0,0.03777222048556841,12.439999999999998,67.0,0.031003887947363168,1.0,0.00402220134195386,1.9444468750000041,16.553125,0.005470102952261012,0.0,0
10132.0,2021-12-16 12:25:00,389.07,389.22,388.61,388.899,732600.0,2s,2s,1.0,buy,False,0.6737931034482746,4.163492493946733,28.239017640954685,0.011578080659927173,0.06999966777915834,-1.4614991786823528,-1.4264993447927736,-0.003645837888194953,25.430344413678384,12.543909761820785,13.149986775196634,11.331755735069088,732600.0,12.629999999999995,1.0,14.5,73.0,0.03777222048556841,12.629999999999995,69.0,0.03147741999800617,1.0,2.5,0.06999966777915834,-1.4264993447927736,-1.4614991786823528,25.430344413678384,12.543909761820785,13.149986775196634,11.331755735069088,8.010392064241605,26.83230987246062,60.76359521733889,-0.043950959981492344,0.15696971256530032,0.1500000000000341,0.28899999999998727,0.17099999999999227,0.0,10133.0,10133.0,2021-12-16,2021-12-16 12:25:00,0.17253837114520537,16.0,1.0,best_within_2.0d,10148.0,389.57,0.5832424107187206,4.3760036431226785,32.22527881040892,0.012230020343504162,2.285057100371749,15.890706319702602,0.006381710269403211,0.6737931034482746,14.5,73.0,0.03777222048556841,12.629999999999995,69.0,0.03147741999800617,1.0,0.00402220134195386,1.9444468750000041,16.553125,0.005470102952261012,0.0,0
10135.0,2021-12-16 12:40:00,388.91,389.09,388.54,388.72,391482.0,2s,2s,1.0,buy,False,0.6786206896551706,4.163492493946733,28.239017640954685,0.011578080659927173,0.1800022429518764,-1.401175144165665,-1.3111740226897268,-0.003355247951226354,26.40286700289556,14.837850296386607,14.985521394271274,14.542508100617276,391482.0,12.699999999999989,1.0,14.5,73.0,0.03777222048556841,12.699999999999989,72.0,0.03165187917455884,1.0,2.5,0.1800022429518764,-1.3111740226897268,-1.401175144165665,26.40286700289556,14.837850296386607,14.985521394271274,14.542508100617276,9.576089948546871,25.09475511889384,58.90407142183242,-0.0488544907562155,0.14155556699437755,0.17999999999994998,0.18000000000000682,0.18999999999999773,0.0,10136.0,10136.0,2021-12-16,2021-12-16 12:40:00,0.21866639226177345,13.0,1.0,best_within_2.0d,10148.0,389.57,0.5832424107187206,4.3760036431226785,32.22527881040892,0.012230020343504162,2.285057100371749,15.890706319702602,0.006381710269403211,0.6786206896551706,14.5,73.0,0.03777222048556841,12.699999999999989,72.0,0.03165187917455884,1.0,0.00402220134195386,1.9444468750000041,16.553125,0.005470102952261012,0.0,0
10136.0,2021-12-16 12:45:00,388.73,389.13,388.355,388.44,602286.0,2s,2s,1.0,buy,False,0.691379310344826,4.163492493946733,28.239017640954685,0.011578080659927173,0.1676965662951071,-1.3802130733787767,-1.2963647902312232,-0.0033188256448465044,24.87954329949507,11.74982369485841,13.906955494466985,7.435560095641264,602286.0,12.884999999999991,1.0,14.5,73.0,0.03777222048556841,12.884999999999991,73.0,0.03211294985544809,1.0,2.5,0.1676965662951071,-1.2963647902312232,-1.3802130733787767,24.87954329949507,11.74982369485841,13.906955494466985,7.435560095641264,9.387259480665529,26.15459659173493,58.06637436041935,-0.07460190877987818,0.19955968121949688,0.39999999999997726,0.08499999999997954,0.29000000000002046,0.0,10137.0,10137.0,2021-12-16,2021-12-16 12:45:00,0.29090721861806085,12.0,1.0,best_within_2.0d,10148.0,389.57,0.5832424107187206,4.3760036431226785,32.22527881040892,0.012230020343504162,2.285057100371749,15.890706319702602,0.006381710269403211,0.691379310344826,14.5,73.0,0.03777222048556841,12.884999999999991,73.0,0.03211294985544809,1.0,0.00402220134195386,1.9444468750000041,16.553125,0.005470102952261012,0.0,0
10137.0,2021-12-16 12:50:00,388.45,388.85,388.0841,388.2101,565108.0,2s,2s,1.0,buy,False,0.7100620689655185,4.163492493946733,28.239017640954685,0.011578080659927173,0.14701559189403568,-1.3618361243920223,-1.2883283284450044,-0.0032997529174327586,23.671896887107025,10.171876078325749,12.661929022419905,5.1917701901374365,565108.0,13.155900000000031,1.0,14.5,73.0,0.03777222048556841,13.155900000000031,74.0,0.03278810686870708,1.0,2.5,0.14701559189403568,-1.2883283284450044,-1.3618361243920223,23.671896887107025,10.171876078325749,12.661929022419905,5.1917701901374365,7.7722314284842735,28.37449040797917,57.989933553651795,-0.06175827004761935,0.19735413020014084,0.4000000000000341,0.1260000000000332,0.23989999999997735,0.0,10138.0,10138.0,2021-12-16,2021-12-16 12:50:00,0.35030000507456704,11.0,1.0,best_within_2.0d,10148.0,389.57,0.5832424107187206,4.3760036431226785,32.22527881040892,0.012230020343504162,2.285057100371749,15.890706319702602,0.006381710269403211,0.7100620689655185,14.5,73.0,0.03777222048556841,13.155900000000031,74.0,0.03278810686870708,1.0,0.00402220134195386,1.9444468750000041,16.553125,0.005470102952261012,0.0,0
10138.0,2021-12-16 12:55:00,388.24,388.26,387.8,387.86,457550.0,2s,2s,1.0,buy,False,0.729655172413792,4.163492493946733,28.239017640954685,0.011578080659927173,0.10649242932157943,-1.3485245707268247,-1.295278356066035,-0.0033191732941453343,21.926461542803352,7.742789180422338,11.022215741754048,1.1839360577589169,457550.0,13.439999999999998,1.0,14.5,73.0,0.03777222048556841,13.439999999999998,75.0,0.033496161898115835,1.0,2.5,0.10649242932157943,-1.295278356066035,-1.3485245707268247,21.926461542803352,7.742789180422338,11.022215741754048,1.1839360577589169,8.214865198843805,30.518036169046965,57.960793912885386,-0.0978776014836172,0.11861784424960792,0.01999999999998181,0.060000000000002274,0.37999999999999545,0.0,10139.0,10139.0,2021-12-16,2021-12-16 12:55:00,0.4408807301603619,10.0,1.0,best_within_2.0d,10148.0,389.57,0.5832424107187206,4.3760036431226785,32.22527881040892,0.012230020343504162,2.285057100371749,15.890706319702602,0.006381710269403211,0.729655172413792,14.5,73.0,0.03777222048556841,13.439999999999998,75.0,0.033496161898115835,1.0,0.00402220134195386,1.9444468750000041,16.553125,0.005470102952261012,1.0,0
10142.0,2021-12-16 13:15:00,389.16,389.38,388.99,389.3288,400157.0,2,2,0.0,sell,False,0.11755952380952264,4.163492493946733,28.239017640954685,0.011578080659927173,0.49935906917134165,-1.1818465861705545,-0.9321670515848837,-0.002390782987525446,42.69922473209439,59.4617976037995,37.833361979643534,102.71866885211143,400157.0,1.579999999999984,1.0,13.439999999999998,75.0,0.033496161898115835,1.579999999999984,5.0,0.004074265085095369,2.0,2.0,0.49935906917134165,-0.9321670515848837,-1.1818465861705545,42.69922473209439,59.4617976037995,37.833361979643534,102.71866885211143,21.47627296348659,19.488763276656197,48.45003119804422,0.04337547538286979,0.10025964677754862,0.05119999999999436,0.17000000000001592,0.16879999999997608,1.0,10143.0,10143.0,2021-12-16,2021-12-16 13:15:00,1.7231707492484494,127.0,1.0,best_within_2.0d,10269.0,382.62,0.11755952380952264,13.439999999999998,75.0,0.033496161898115835,1.579999999999984,5.0,0.004074265085095369,0.4929364202292669,5.6011759621451125,36.843533123028394,0.015614239272951093,2.82998018927445,22.52492113564669,0.007835530045022196,1.8630914826498424,0.00402220134195386,1.9444468750000041,16.553125,0.005470102952261012,0.0,1
10143.0,2021-12-16 13:20:00,389.32,389.5395,388.83,389.14,326340.0,2,2,0.0,sell,False,0.1294270833333307,4.163492493946733,28.239017640954685,0.011578080659927173,0.5319000841492487,-1.1153590756518983,-0.8494090335772739,-0.0021788434189880645,40.96741874159305,65.31907518704968,46.99526638211225,101.96669279692452,326340.0,1.739499999999964,1.0,13.439999999999998,75.0,0.033496161898115835,1.739499999999964,6.0,0.004485559566786911,2.0,2.0,0.5319000841492487,-0.8494090335772739,-1.1153590756518983,40.96741874159305,65.31907518704968,46.99526638211225,101.96669279692452,20.975479447480858,19.813452355777077,45.192806002381495,-0.046234460084251215,0.18247048838823943,0.21949999999998226,0.3100000000000023,0.18000000000000682,0.0,10144.0,10144.0,2021-12-16,2021-12-16 13:20:00,1.67548954103921,126.0,1.0,best_within_2.0d,10269.0,382.62,0.1294270833333307,13.439999999999998,75.0,0.033496161898115835,1.739499999999964,6.0,0.004485559566786911,0.4929364202292669,5.6011759621451125,36.843533123028394,0.015614239272951093,2.82998018927445,22.52492113564669,0.007835530045022196,1.8630914826498424,0.00402220134195386,1.9444468750000041,16.553125,0.005470102952261012,1.0,1
10148.0,2021-12-16 13:45:00,389.07,389.67,388.8205,389.57,356943.0,2,2,0.0,sell,False,0.13913690476190513,4.163492493946733,28.239017640954685,0.011578080659927173,0.5219091341579609,-0.8081836330408384,-0.5472290659618579,-0.0014046156652288558,49.087447170198786,74.03244361979681,64.72797528815025,92.64138028308992,356943.0,1.8700000000000045,1.0,13.439999999999998,75.0,0.033496161898115835,1.8700000000000045,11.0,0.004822073233625592,2.0,2.0,0.5219091341579609,-0.5472290659618579,-0.8081836330408384,49.087447170198786,74.03244361979681,64.72797528815025,92.64138028308992,22.059502910468662,22.059502910468662,34.08507978170663,0.1285115788932583,0.21848127863629477,0.10000000000002274,0.24950000000001182,0.5,1.0,10149.0,10149.0,2021-12-16,2021-12-16 13:45:00,1.784018276561334,121.0,1.0,best_within_2.0d,10269.0,382.62,0.13913690476190513,13.439999999999998,75.0,0.033496161898115835,1.8700000000000045,11.0,0.004822073233625592,0.4929364202292669,5.6011759621451125,36.843533123028394,0.015614239272951093,2.82998018927445,22.52492113564669,0.007835530045022196,1.8630914826498424,0.00402220134195386,1.9444468750000041,16.553125,0.005470102952261012,0.0,1
10149.0,2021-12-16 13:50:00,389.55,389.7299,388.7331,388.77,410287.0,2,2,0.0,sell,False,0.14359374999999816,4.163492493946733,28.239017640954685,0.011578080659927173,0.4471282615575054,-0.7522926003461502,-0.5287284695673975,-0.00135734124804457,41.81495342407035,59.159604911420345,62.87185182924027,51.73511107578051,410287.0,1.929899999999975,1.0,13.439999999999998,75.0,0.033496161898115835,1.929899999999975,12.0,0.004976534296028816,2.0,2.0,0.4471282615575054,-0.5287284695673975,-0.7522926003461502,41.81495342407035,59.159604911420345,62.87185182924027,51.73511107578051,20.977024118086455,18.532267275842486,32.0924171045606,-0.20023103581055823,0.2564227229428128,0.17989999999997508,0.03690000000000282,0.7800000000000296,0.0,10150.0,10150.0,2021-12-16,2021-12-16 13:50:00,1.581912184582138,120.0,1.0,best_within_2.0d,10269.0,382.62,0.14359374999999816,13.439999999999998,75.0,0.033496161898115835,1.929899999999975,12.0,0.004976534296028816,0.4929364202292669,5.6011759621451125,36.843533123028394,0.015614239272951093,2.82998018927445,22.52492113564669,0.007835530045022196,1.8630914826498424,0.00402220134195386,1.9444468750000041,16.553125,0.005470102952261012,1.0,1
10154.0,2021-12-16 14:15:00,387.42,387.44,386.69,386.7699,713914.0,1p,1p,1.0,buy,False,0.11478379293543413,3.0398999999999887,6.0,0.0078000173966636605,-0.11728618905703381,-0.6606600517675961,-0.719303146296113,-0.0018493070799643872,29.34427367379972,12.624750030881353,25.92572505212248,-13.9772000116009,713914.0,3.0398999999999887,0.0,3.0398999999999887,6.0,0.0078000173966636605,3.0398999999999887,0.0,0.0,1.0,1.0,-0.11728618905703381,-0.719303146296113,-0.6606600517675961,29.34427367379972,12.624750030881353,25.92572505212248,-13.9772000116009,13.754848020203989,33.716289347884484,26.731775127266452,-0.16780238500852018,0.19395381313196616,0.01999999999998181,0.07990000000000919,0.650100000000009,0.0,10155.0,10155.0,2021-12-16,2021-12-16 14:15:00,0.5832925468088317,155.0,1.0,best_within_2.0d,10309.0,389.0259,0.5832424107187206,4.3760036431226785,32.22527881040892,0.012230020343504162,2.285057100371749,15.890706319702602,0.006381710269403211,0.4929364202292669,5.6011759621451125,36.843533123028394,0.015614239272951093,2.82998018927445,22.52492113564669,0.007835530045022196,1.8630914826498424,0.00402220134195386,1.9444468750000041,16.553125,0.005470102952261012,0.0,0
10155.0,2021-12-16 14:20:00,386.77,386.84,386.04,386.11,826062.0,1p,1p,1.0,buy,False,0.27431975565987776,3.689899999999966,7.0,0.009467839136796961,-0.28030018787148436,-0.6956975752515316,-0.8358476691872738,-0.002150105849507525,26.169270452680948,9.048856814357894,20.300102306200948,-13.453634169328215,826062.0,3.689899999999966,0.0,3.689899999999966,7.0,0.009467839136796961,3.689899999999966,0.0,0.0,1.0,1.0,-0.28030018787148436,-0.8358476691872738,-0.6956975752515316,26.169270452680948,9.048856814357894,20.300102306200948,-13.453634169328215,10.664229128580285,39.6154348393832,28.93524465011434,-0.17064405202057248,0.20723241114909194,0.06999999999999318,0.06999999999999318,0.6599999999999682,0.0,10156.0,10156.0,2021-12-16,2021-12-16 14:20:00,0.755199295537532,154.0,1.0,best_within_2.0d,10309.0,389.0259,0.5832424107187206,4.3760036431226785,32.22527881040892,0.012230020343504162,2.285057100371749,15.890706319702602,0.006381710269403211,0.4929364202292669,5.6011759621451125,36.843533123028394,0.015614239272951093,2.82998018927445,22.52492113564669,0.007835530045022196,1.8630914826498424,0.00402220134195386,1.9444468750000041,16.553125,0.005470102952261012,1.0,0
10160.0,2021-12-16 14:45:00,386.89,386.91,385.3003,385.36,1224389.0,1p,1p,1.0,buy,False,0.29620618658068615,4.4295999999999935,12.0,0.011365820277068795,-0.23614880151210182,-0.8307287521393857,-0.9488031528954366,-0.0024452362567185335,30.793596204852918,17.020404968976862,18.866364300642424,13.32848630564574,1224389.0,4.4295999999999935,0.0,4.4295999999999935,12.0,0.011365820277068795,4.4295999999999935,0.0,0.0,1.0,1.0,-0.23614880151210182,-0.9488031528954366,-0.8307287521393857,30.793596204852918,17.020404968976862,18.866364300642424,13.32848630564574,14.341836691120987,36.12745642278155,34.119241229121734,-0.395461242213542,0.4177780292410964,0.020000000000038654,0.059700000000020736,1.5299999999999727,0.0,10161.0,10161.0,2021-12-16,2021-12-16 14:45:00,0.9512922981108483,149.0,1.0,best_within_2.0d,10309.0,389.0259,0.5832424107187206,4.3760036431226785,32.22527881040892,0.012230020343504162,2.285057100371749,15.890706319702602,0.006381710269403211,0.4929364202292669,5.6011759621451125,36.843533123028394,0.015614239272951093,2.82998018927445,22.52492113564669,0.007835530045022196,1.8630914826498424,0.00402220134195386,1.9444468750000041,16.553125,0.005470102952261012,0.0,0
10161.0,2021-12-16 14:50:00,385.38,385.81,385.21,385.25,1016116.0,1p,1p,1.0,buy,False,0.3024581759090237,4.519900000000007,13.0,0.011597519204967356,-0.3090520525094127,-0.8693602587030622,-1.0238862849577686,-0.002640135616238088,30.323654129267055,11.844449083795773,16.525725895026874,2.481895461333572,1016116.0,4.519900000000007,0.0,4.519900000000007,13.0,0.011597519204967356,4.519900000000007,0.0,0.0,1.0,1.0,-0.3090520525094127,-1.0238862849577686,-0.8693602587030622,30.323654129267055,11.844449083795773,16.525725895026874,2.481895461333572,12.73767627921138,36.46268492965653,35.12652458952196,-0.03373293891743097,0.1557591962825531,0.4300000000000068,0.040000000000020464,0.12999999999999545,0.0,10162.0,10162.0,2021-12-16,2021-12-16 14:50:00,0.9801168072680022,148.0,1.0,best_within_2.0d,10309.0,389.0259,0.5832424107187206,4.3760036431226785,32.22527881040892,0.012230020343504162,2.285057100371749,15.890706319702602,0.006381710269403211,0.4929364202292669,5.6011759621451125,36.843533123028394,0.015614239272951093,2.82998018927445,22.52492113564669,0.007835530045022196,1.8630914826498424,0.00402220134195386,1.9444468750000041,16.553125,0.005470102952261012,1.0,0
10168.0,2021-12-16 15:25:00,387.04,387.8593,386.71,387.41,922527.0,2s,2s,0.0,sell,False,0.004412202380952936,4.163492493946733,28.239017640954685,0.011578080659927173,0.4093533900655537,-0.8071648868382116,-0.6024881918054348,-0.001555605796854422,50.39737038172317,60.89303831151914,44.89748379114931,92.8841473522588,922527.0,2.6493000000000393,1.0,13.439999999999998,75.0,0.033496161898115835,2.6493000000000393,8.0,0.006877547311855973,1.0,2.5,0.4093533900655537,-0.6024881918054348,-0.8071648868382116,50.39737038172317,60.89303831151914,44.89748379114931,92.8841473522588,28.36364687852463,17.132695254894013,31.207791361646226,0.0955973542786287,0.29719945178558593,0.4492999999999938,0.3300000000000409,0.37000000000000455,1.0,10169.0,10169.0,2021-12-16,2021-12-16 15:25:00,1.236416199891593,101.0,1.0,best_within_2.0d,10269.0,382.62,0.5832424107187206,4.3760036431226785,32.22527881040892,0.012230020343504162,2.285057100371749,15.890706319702602,0.006381710269403211,0.004412202380952936,13.439999999999998,75.0,0.033496161898115835,2.6493000000000393,8.0,0.006877547311855973,1.0,0.00402220134195386,1.9444468750000041,16.553125,0.005470102952261012,0.0,1
10169.0,2021-12-16 15:30:00,387.4,388.15,386.92,387.95,1297840.0,2s,2s,0.0,sell,False,0.026041666666664135,4.163492493946733,28.239017640954685,0.011578080659927173,0.5585808921186806,-0.7373422753233766,-0.4580518292640363,-0.0011825288872314257,54.01557200432538,71.66111851153443,53.81869536461102,107.34596480538124,1297840.0,2.9399999999999977,1.0,13.439999999999998,75.0,0.033496161898115835,2.9399999999999977,9.0,0.007632200617844806,1.0,2.5,0.5585808921186806,-0.4580518292640363,-0.7373422753233766,54.01557200432538,71.66111851153443,53.81869536461102,107.34596480538124,29.546665544898936,12.05900499186734,31.980943132135234,0.1419721218378966,0.3178951721285954,0.19999999999998863,0.47999999999996135,0.5500000000000114,1.0,10170.0,10170.0,2021-12-16,2021-12-16 15:30:00,1.3738883876788206,100.0,1.0,best_within_2.0d,10269.0,382.62,0.5832424107187206,4.3760036431226785,32.22527881040892,0.012230020343504162,2.285057100371749,15.890706319702602,0.006381710269403211,0.026041666666664135,13.439999999999998,75.0,0.033496161898115835,2.9399999999999977,9.0,0.007632200617844806,1.0,0.00402220134195386,1.9444468750000041,16.553125,0.005470102952261012,0.0,1
10170.0,2021-12-16 15:35:00,387.9311,388.514,387.59,388.47,1174017.0,2s,2s,0.0,sell,False,0.05312499999999991,4.163492493946733,28.239017640954685,0.011578080659927173,0.7026468539384809,-0.6495114185810664,-0.29818799161182596,-0.00076965168992366,57.249452808871965,80.65668503104567,62.764691920089234,116.44067125295854,1174017.0,3.3040000000000305,1.0,13.439999999999998,75.0,0.033496161898115835,3.3040000000000305,10.0,0.00857713974195901,1.0,2.5,0.7026468539384809,-0.29818799161182596,-0.6495114185810664,57.249452808871965,80.65668503104567,62.764691920089234,116.44067125295854,31.57329676114487,11.913667470146692,32.9257398893729,0.13891642098300763,0.2383962434531425,0.04399999999998272,0.3411000000000399,0.5389000000000124,1.0,10171.0,10171.0,2021-12-16,2021-12-16 15:35:00,1.5059077921075044,99.0,1.0,best_within_2.0d,10269.0,382.62,0.5832424107187206,4.3760036431226785,32.22527881040892,0.012230020343504162,2.285057100371749,15.890706319702602,0.006381710269403211,0.05312499999999991,13.439999999999998,75.0,0.033496161898115835,3.3040000000000305,10.0,0.00857713974195901,1.0,0.00402220134195386,1.9444468750000041,16.553125,0.005470102952261012,0.0,1
10171.0,2021-12-16 15:40:00,388.45,388.78,387.1913,387.4,1466383.0,2s,2s,0.0,sell,False,0.0729166666666638,4.163492493946733,28.239017640954685,0.011578080659927173,0.6313838413084956,-0.5705884384175045,-0.2548965177632567,-0.0006579163345730751,49.530612812113745,72.8629706192522,66.13078481981022,86.32734221813615,1466383.0,3.569999999999993,1.0,13.439999999999998,75.0,0.033496161898115835,3.569999999999993,11.0,0.00926767217881154,1.0,2.5,0.6313838413084956,-0.2548965177632567,-0.5705884384175045,49.530612812113745,72.8629706192522,66.13078481981022,86.32734221813615,28.885518341516615,13.851424237867583,33.08663106207307,-0.27030505856609893,0.4103139714141201,0.3299999999999841,0.2086999999999648,1.0500000000000114,0.0,10172.0,10172.0,2021-12-16,2021-12-16 15:40:00,1.2338668043365961,98.0,1.0,best_within_2.0d,10269.0,382.62,0.5832424107187206,4.3760036431226785,32.22527881040892,0.012230020343504162,2.285057100371749,15.890706319702602,0.006381710269403211,0.0729166666666638,13.439999999999998,75.0,0.033496161898115835,3.569999999999993,11.0,0.00926767217881154,1.0,0.00402220134195386,1.9444468750000041,16.553125,0.005470102952261012,1.0,1
10204.0,2021-12-16 18:25:00,386.17,386.17,385.68,385.72,40034.0,2,2,1.0,buy,False,0.8683473389355664,4.163492493946733,28.239017640954685,0.011578080659927173,-0.164842254276106,-0.126064236203769,-0.208485363341822,-0.0005389915175457907,28.856697920467383,14.804191993157541,22.183771523329668,0.04503293281328524,40034.0,3.099999999999966,1.0,3.569999999999993,11.0,0.00926767217881154,3.099999999999966,34.0,0.007973661196563522,2.0,2.0,-0.164842254276106,-0.208485363341822,-0.126064236203769,28.856697920467383,14.804191993157541,22.183771523329668,0.04503293281328524,12.956810631228821,51.495016611298105,33.47287168393227,-0.11652898982313194,0.127048330221948,0.0,0.040000000000020464,0.44999999999998863,0.0,10205.0,10205.0,2021-12-16,2021-12-16 18:25:00,0.8570724878149827,105.0,1.0,best_within_2.0d,10309.0,389.0259,0.8683473389355664,3.569999999999993,11.0,0.00926767217881154,3.099999999999966,34.0,0.007973661196563522,0.4929364202292669,5.6011759621451125,36.843533123028394,0.015614239272951093,2.82998018927445,22.52492113564669,0.007835530045022196,1.8630914826498424,0.00402220134195386,1.9444468750000041,16.553125,0.005470102952261012,1.0,0
10225.0,2021-12-17 04:10:00,387.0,387.08,386.99,387.0,12667.0,3a,3a,0.0,sell,False,0.0025270758122742684,4.163492493946733,28.239017640954685,0.011578080659927173,0.20069665262848316,-0.06840302277196904,0.03194530354227254,8.262139347279435e-05,59.29760198056502,91.22691388514936,85.9665897912066,101.74756207303486,12667.0,1.3999999999999773,2.0,1.3999999999999773,17.0,0.003629952292055531,1.3999999999999773,17.0,0.003629952292055531,3.0,3.0,0.20069665262848316,0.03194530354227254,-0.06840302277196904,59.29760198056502,91.22691388514936,85.9665897912066,101.74756207303486,49.56629491945294,7.523455478846593,41.49933699575987,0.0,0.023256414894435255,0.07999999999998408,0.009999999999990905,0.0,0.0,10226.0,10226.0,2021-12-17,2021-12-17 04:10:00,1.5706900603117382,84.0,1.0,best_within_2.0d,10309.0,389.0259,0.5832424107187206,4.3760036431226785,32.22527881040892,0.012230020343504162,2.285057100371749,15.890706319702602,0.006381710269403211,0.4929364202292669,5.6011759621451125,36.843533123028394,0.015614239272951093,2.82998018927445,22.52492113564669,0.007835530045022196,1.8630914826498424,0.0025270758122742684,1.3999999999999773,17.0,0.003629952292055531,0.0,1
10225.0,2021-12-17 04:10:00,384.6,384.6,383.01,383.01,18715.0,1p,1p,1.0,buy,False,3.731442354016202,4.069999999999993,6.0,0.010514622300299663,-0.6150997424816057,-0.14963395135337182,-0.45718382259417467,-0.0011838937021360963,16.273755224110175,27.748495492963826,52.595280106445706,-21.945073733999934,18715.0,4.069999999999993,0.0,4.069999999999993,6.0,0.010514622300299663,4.069999999999993,0.0,0.0,1.0,1.0,-0.6150997424816057,-0.45718382259417467,-0.14963395135337182,16.273755224110175,27.748495492963826,52.595280106445706,-21.945073733999934,11.337484770543202,70.39393529172968,46.13826547283251,-0.41341653666147465,0.41513276415760214,0.0,0.0,1.5900000000000318,0.0,10226.0,10226.0,2021-12-17,2021-12-17 04:10:00,1.5706900603117382,84.0,1.0,best_within_2.0d,10309.0,389.0259,0.5832424107187206,4.3760036431226785,32.22527881040892,0.012230020343504162,2.285057100371749,15.890706319702602,0.006381710269403211,0.4929364202292669,5.6011759621451125,36.843533123028394,0.015614239272951093,2.82998018927445,22.52492113564669,0.007835530045022196,1.8630914826498424,0.00402220134195386,1.9444468750000041,16.553125,0.005470102952261012,0.0,0
10226.0,2021-12-17 04:15:00,383.19,383.77,382.41,383.76,42808.0,1p,1p,1.0,buy,False,4.168220935077963,4.669999999999959,7.0,0.012064689469876922,-0.6870993520812034,-0.23552137036352225,-0.579071046404124,-0.0015002184072040068,27.76749745627656,28.13497129937758,44.441843837422994,-4.478773776713254,42808.0,4.669999999999959,0.0,4.669999999999959,7.0,0.012064689469876922,4.669999999999959,0.0,0.0,1.0,1.0,-0.6870993520812034,-0.579071046404124,-0.23552137036352225,27.76749745627656,28.13497129937758,44.441843837422994,-4.478773776713254,9.415121255349211,67.9029957204005,48.245943400313436,0.14875127221482637,0.35563923537563263,0.009999999999990905,0.7799999999999727,0.5699999999999932,1.0,10227.0,10227.0,2021-12-17,2021-12-17 04:15:00,1.372185741088177,83.0,1.0,best_within_2.0d,10309.0,389.0259,0.5832424107187206,4.3760036431226785,32.22527881040892,0.012230020343504162,2.285057100371749,15.890706319702602,0.006381710269403211,0.4929364202292669,5.6011759621451125,36.843533123028394,0.015614239272951093,2.82998018927445,22.52492113564669,0.007835530045022196,1.8630914826498424,0.00402220134195386,1.9444468750000041,16.553125,0.005470102952261012,1.0,0
10240.0,2021-12-17 05:25:00,383.9,383.93,383.32,383.4,10346.0,2,2,1.0,buy,False,0.5955555555555697,4.163492493946733,28.239017640954685,0.011578080659927173,0.05519168622082793,-0.5671758881484219,-0.5395800450380079,-0.0014024695827623865,33.227392517045075,56.80840117591578,67.18793794614248,36.04932763546239,10346.0,1.3400000000000318,1.0,2.25,9.0,0.005883737349964697,1.3400000000000318,7.0,0.003483595902875349,2.0,2.0,0.05519168622082793,-0.5395800450380079,-0.5671758881484219,33.227392517045075,56.80840117591578,67.18793794614248,36.04932763546239,29.30756843800294,37.842190016102286,45.43489080403013,-0.13024225058609012,0.1591359699467843,0.03000000000002956,0.07999999999998408,0.5,0.0,10241.0,10241.0,2021-12-17,2021-12-17 05:25:00,1.4673708920187798,69.0,1.0,best_within_2.0d,10309.0,389.0259,0.5955555555555697,2.25,9.0,0.005883737349964697,1.3400000000000318,7.0,0.003483595902875349,0.4929364202292669,5.6011759621451125,36.843533123028394,0.015614239272951093,2.82998018927445,22.52492113564669,0.007835530045022196,1.8630914826498424,0.00402220134195386,1.9444468750000041,16.553125,0.005470102952261012,0.0,0
10244.0,2021-12-17 05:45:00,383.39,383.6,383.24,383.24,7160.0,2,2,1.0,buy,False,0.6311111111111182,4.163492493946733,28.239017640954685,0.011578080659927173,-0.0029025657138068706,-0.5440185794559104,-0.5454698623128138,-0.0014189029182868963,34.62369232930206,23.527970954168083,41.16738635787078,-11.750859853237316,7160.0,1.420000000000016,1.0,2.25,9.0,0.005883737349964697,1.420000000000016,11.0,0.003691571777673831,2.0,2.0,-0.0029025657138068706,-0.5454698623128138,-0.5440185794559104,34.62369232930206,23.527970954168083,41.16738635787078,-11.750859853237316,16.300940438871805,41.536050156739485,42.96860391844111,-0.03912465113852141,0.09393591483144079,0.21000000000003638,0.0,0.14999999999997726,0.0,10245.0,10245.0,2021-12-17,2021-12-17 05:45:00,1.509732804508916,65.0,1.0,best_within_2.0d,10309.0,389.0259,0.6311111111111182,2.25,9.0,0.005883737349964697,1.420000000000016,11.0,0.003691571777673831,0.4929364202292669,5.6011759621451125,36.843533123028394,0.015614239272951093,2.82998018927445,22.52492113564669,0.007835530045022196,1.8630914826498424,0.00402220134195386,1.9444468750000041,16.553125,0.005470102952261012,0.0,0
10245.0,2021-12-17 05:50:00,383.25,383.31,383.04,383.15,4660.0,2,2,1.0,buy,False,0.720000000000002,4.163492493946733,28.239017640954685,0.011578080659927173,-0.031516929501932855,-0.547958195643652,-0.5637166603946184,-0.0014667293345192386,33.85988849567897,18.214049601628325,33.51627410578996,-12.390399406694947,4660.0,1.6200000000000045,1.0,2.25,9.0,0.005883737349964697,1.6200000000000045,12.0,0.00421151146467011,2.0,2.0,-0.031516929501932855,-0.5637166603946184,-0.547958195643652,33.85988849567897,18.214049601628325,33.51627410578996,-12.390399406694947,17.391304347826374,36.45484949832776,42.42825554627201,-0.02609262883236079,0.07048872180450652,0.060000000000002274,0.1099999999999568,0.10000000000002274,0.0,10246.0,10246.0,2021-12-17,2021-12-17 05:50:00,1.5335769280960465,64.0,1.0,best_within_2.0d,10309.0,389.0259,0.720000000000002,2.25,9.0,0.005883737349964697,1.6200000000000045,12.0,0.00421151146467011,0.4929364202292669,5.6011759621451125,36.843533123028394,0.015614239272951093,2.82998018927445,22.52492113564669,0.007835530045022196,1.8630914826498424,0.00402220134195386,1.9444468750000041,16.553125,0.005470102952261012,1.0,0
10259.0,2021-12-17 07:00:00,388.78,389.31,388.54,388.61,55916.0,1,1,0.0,sell,False,0.4727464850669253,2.5,25.0,0.00646312142912541,0.11412281522591372,0.15857583144245424,0.2156372390554111,0.0005559166365461649,64.79876253160552,73.4233447520091,69.03930689143941,82.1914204731485,55916.0,2.5,1.0,2.5,25.0,0.00646312142912541,2.5,25.0,0.00646312142912541,1.0,1.0,0.11412281522591372,0.2156372390554111,0.15857583144245424,64.79876253160552,73.4233447520091,69.03930689143941,82.1914204731485,28.116213683225276,19.55207963028869,27.9780011587039,-0.04372652914243507,0.19817779379214026,0.5300000000000296,0.06999999999999318,0.16999999999995907,0.0,10260.0,10260.0,2021-12-17,2021-12-17 07:00:00,1.4018450755037875,10.0,1.0,best_within_2.0d,10269.0,382.62,0.5832424107187206,4.3760036431226785,32.22527881040892,0.012230020343504162,2.285057100371749,15.890706319702602,0.006381710269403211,0.4929364202292669,5.6011759621451125,36.843533123028394,0.015614239272951093,2.82998018927445,22.52492113564669,0.007835530045022196,1.8630914826498424,0.00402220134195386,1.9444468750000041,16.553125,0.005470102952261012,0.0,1
10259.0,2021-12-17 07:00:00,388.09,388.27,388.06,388.06,44740.0,2,2,0.0,sell,False,0.4124293785310558,4.163492493946733,28.239017640954685,0.011578080659927173,-0.06929836397040096,0.11531568424933733,0.08066650226413685,0.0002079125328787176,51.83975490518485,41.246722256927896,37.32474063121851,49.09068550834667,44740.0,0.7299999999999613,1.0,1.7699999999999818,7.0,0.0045465053556291435,0.7299999999999613,5.0,0.0018836765237135813,2.0,2.0,-0.06929836397040096,0.08066650226413685,0.11531568424933733,51.83975490518485,41.246722256927896,37.32474063121851,49.09068550834667,32.19367588932987,21.541501976285048,21.05464135987408,-0.00773016568321078,0.05411534298819243,0.18000000000000682,0.0,0.029999999999972715,0.0,10260.0,10260.0,2021-12-17,2021-12-17 07:00:00,1.4018450755037875,10.0,1.0,best_within_2.0d,10269.0,382.62,0.4124293785310558,1.7699999999999818,7.0,0.0045465053556291435,0.7299999999999613,5.0,0.0018836765237135813,0.4929364202292669,5.6011759621451125,36.843533123028394,0.015614239272951093,2.82998018927445,22.52492113564669,0.007835530045022196,1.8630914826498424,0.00402220134195386,1.9444468750000041,16.553125,0.005470102952261012,0.0,1
10264.0,2021-12-17 07:25:00,383.59,383.69,383.16,383.25,13404.0,2s,2s,1.0,buy,False,0.6666666666666666,4.163492493946733,28.239017640954685,0.011578080659927173,-0.06347646719155656,-0.10793876184180444,-0.13967699543758272,-0.00036368889991551784,37.79430541297897,20.537449939686333,39.4362025484606,-17.2600552778622,13404.0,1.3899999999999864,1.0,2.25,9.0,0.005883737349964697,1.3899999999999864,6.0,0.003614614484462323,1.0,2.5,-0.06347646719155656,-0.13967699543758272,-0.10793876184180444,37.79430541297897,20.537449939686333,39.4362025484606,-17.2600552778622,36.01347084824053,32.83519259103248,29.695564094911223,-0.08863630438749055,0.13832341580540053,0.10000000000002274,0.08999999999997499,0.339999999999975,0.0,10265.0,10265.0,2021-12-17,2021-12-17 07:25:00,1.5070841487279787,45.0,1.0,best_within_2.0d,10309.0,389.0259,0.5832424107187206,4.3760036431226785,32.22527881040892,0.012230020343504162,2.285057100371749,15.890706319702602,0.006381710269403211,0.6666666666666666,2.25,9.0,0.005883737349964697,1.3899999999999864,6.0,0.003614614484462323,1.0,0.00402220134195386,1.9444468750000041,16.553125,0.005470102952261012,0.0,0
10266.0,2021-12-17 07:35:00,383.33,383.55,383.12,383.13,23999.0,2s,2s,1.0,buy,False,0.6844444444444535,4.163492493946733,28.239017640954685,0.011578080659927173,-0.15746880647934197,-0.1417377989357441,-0.22047220217541508,-0.0005742424097092486,36.734594627491354,11.599065194303341,25.182211184484707,-15.567226786059393,23999.0,1.4300000000000068,1.0,2.25,9.0,0.005883737349964697,1.4300000000000068,8.0,0.0037186321674684874,1.0,2.5,-0.15746880647934197,-0.22047220217541508,-0.1417377989357441,36.734594627491354,11.599065194303341,25.182211184484707,-15.567226786059393,21.843687374747905,34.736138944554234,28.205035928200562,-0.05217436673362081,0.11223637502610327,0.22000000000002728,0.009999999999990905,0.19999999999998863,0.0,10267.0,10267.0,2021-12-17,2021-12-17 07:35:00,1.538877143528302,43.0,1.0,best_within_2.0d,10309.0,389.0259,0.5832424107187206,4.3760036431226785,32.22527881040892,0.012230020343504162,2.285057100371749,15.890706319702602,0.006381710269403211,0.6844444444444535,2.25,9.0,0.005883737349964697,1.4300000000000068,8.0,0.0037186321674684874,1.0,0.00402220134195386,1.9444468750000041,16.553125,0.005470102952261012,0.0,0
10268.0,2021-12-17 07:45:00,383.28,383.38,382.75,382.87,29086.0,2s,2s,1.0,buy,False,0.8488888888889,4.163492493946733,28.239017640954685,0.011578080659927173,-0.19462575872809695,-0.18533203469109188,-0.28264491405514036,-0.0007364139770932275,34.98521263687154,10.08265701387429,17.15196044044905,-4.055949839275229,29086.0,1.8000000000000114,1.0,2.25,9.0,0.005883737349964697,1.8000000000000114,10.0,0.004680795735275026,1.0,2.5,-0.19462575872809695,-0.28264491405514036,-0.18533203469109188,34.98521263687154,10.08265701387429,17.15196044044905,-4.055949839275229,20.648284571667666,38.09724268574895,27.631313142292885,-0.10697140471716973,0.16459830176355203,0.10000000000002274,0.12000000000000455,0.40999999999996817,0.0,10269.0,10269.0,2021-12-17,2021-12-17 07:45:00,1.6078303340559392,41.0,1.0,best_within_2.0d,10309.0,389.0259,0.5832424107187206,4.3760036431226785,32.22527881040892,0.012230020343504162,2.285057100371749,15.890706319702602,0.006381710269403211,0.8488888888889,2.25,9.0,0.005883737349964697,1.8000000000000114,10.0,0.004680795735275026,1.0,0.00402220134195386,1.9444468750000041,16.553125,0.005470102952261012,0.0,0
10269.0,2021-12-17 07:50:00,382.9,382.94,382.06,382.62,83574.0,1,1,1.0,buy,False,0.3468724621442062,2.490000000000009,11.0,0.006475100767130436,-0.23833584399409585,-0.21512401519035387,-0.3342919371874018,-0.0008711776307585116,32.4502311688304,14.873154166454725,16.392358349117607,11.83474580112896,83574.0,2.490000000000009,2.0,2.490000000000009,11.0,0.006475100767130436,2.490000000000009,11.0,0.006475100767130436,1.0,1.0,-0.23833584399409585,-0.3342919371874018,-0.21512401519035387,32.4502311688304,14.873154166454725,16.392358349117607,11.83474580112896,13.956513659170644,46.45976584277885,29.500421569906514,-0.07312614259597094,0.23033031461026945,0.040000000000020464,0.5600000000000023,0.2799999999999727,0.0,10270.0,10270.0,2021-12-17,2021-12-17 07:50:00,1.6742198525952574,40.0,1.0,best_within_2.0d,10309.0,389.0259,0.5832424107187206,4.3760036431226785,32.22527881040892,0.012230020343504162,2.285057100371749,15.890706319702602,0.006381710269403211,0.4929364202292669,5.6011759621451125,36.843533123028394,0.015614239272951093,2.82998018927445,22.52492113564669,0.007835530045022196,1.8630914826498424,0.00402220134195386,1.9444468750000041,16.553125,0.005470102952261012,0.0,0
10271.0,2021-12-17 08:00:00,384.48,387.13,382.11,383.02,114942.0,1p,1p,0.0,sell,False,29.649904556421244,4.089999999999975,27.0,0.010677736006683309,-0.178821668109578,-0.2667266976263105,-0.3561375316810995,-0.0009283976140015706,40.304627603024265,20.21845660524748,18.6605846428169,23.33420053010863,114942.0,4.089999999999975,0.0,4.089999999999975,27.0,0.010677736006683309,4.089999999999975,0.0,0.0,1.0,1.0,-0.178821668109578,-0.3561375316810995,-0.2667266976263105,40.304627603024265,20.21845660524748,18.6605846428169,23.33420053010863,49.2631787162499,22.055187419641737,31.550270272193952,-0.3797336662505296,1.3137578184292433,2.6499999999999773,0.9099999999999682,1.4600000000000364,0.0,10272.0,10272.0,2021-12-17,2021-12-17 08:00:00,-0.27416322907421103,121.0,1.0,best_within_2.0d,10392.0,384.0701,0.5832424107187206,4.3760036431226785,32.22527881040892,0.012230020343504162,2.285057100371749,15.890706319702602,0.006381710269403211,0.4929364202292669,5.6011759621451125,36.843533123028394,0.015614239272951093,2.82998018927445,22.52492113564669,0.007835530045022196,1.8630914826498424,0.00402220134195386,1.9444468750000041,16.553125,0.005470102952261012,1.0,1
10276.0,2021-12-17 08:25:00,388.78,389.31,388.54,388.61,55916.0,1p,1p,0.0,sell,False,1.156905934405649,2.5,25.0,0.00646312142912541,0.11423793118381348,0.15839595386947738,0.21551491946138412,0.0005556011192506414,64.80204017549971,73.4233447520091,69.03930689143941,82.1914204731485,55916.0,2.5,0.0,2.5,25.0,0.00646312142912541,2.5,0.0,0.0,1.0,1.0,0.11423793118381348,0.21551491946138412,0.15839595386947738,64.80204017549971,73.4233447520091,69.03930689143941,82.1914204731485,28.116213683225276,19.55207963028869,27.957545949303636,-0.04372652914243507,0.19817779379214026,0.5300000000000296,0.06999999999999318,0.16999999999995907,0.0,10277.0,10277.0,2021-12-17,2021-12-17 08:25:00,1.1682406525822775,116.0,1.0,best_within_2.0d,10392.0,384.0701,0.5832424107187206,4.3760036431226785,32.22527881040892,0.012230020343504162,2.285057100371749,15.890706319702602,0.006381710269403211,0.4929364202292669,5.6011759621451125,36.843533123028394,0.015614239272951093,2.82998018927445,22.52492113564669,0.007835530045022196,1.8630914826498424,0.00402220134195386,1.9444468750000041,16.553125,0.005470102952261012,0.0,1
10276.0,2021-12-17 08:25:00,387.14,387.14,386.81,386.85,7020.0,2,2,1.0,buy,False,0.7372881355932199,4.163492493946733,28.239017640954685,0.011578080659927173,-0.022863064164954983,-0.12882570421080264,-0.14025723629328013,-0.0003620558654459489,35.370337141102254,22.567718993612765,36.197606203946926,-4.692055427055564,7020.0,0.8700000000000045,1.0,1.1800000000000068,20.0,0.0030530401034929025,0.8700000000000045,7.0,0.0022441188609162313,2.0,2.0,-0.022863064164954983,-0.14025723629328013,-0.12882570421080264,35.370337141102254,22.567718993612765,36.197606203946926,-4.692055427055564,31.395348837209713,39.14728682170493,27.108860160257315,-0.07490830190627774,0.0853132028644513,0.0,0.040000000000020464,0.2899999999999636,0.0,10277.0,10277.0,2021-12-17,2021-12-17 08:25:00,1.1682406525822775,116.0,1.0,best_within_2.0d,10392.0,384.0701,0.7372881355932199,1.1800000000000068,20.0,0.0030530401034929025,0.8700000000000045,7.0,0.0022441188609162313,0.4929364202292669,5.6011759621451125,36.843533123028394,0.015614239272951093,2.82998018927445,22.52492113564669,0.007835530045022196,1.8630914826498424,0.00402220134195386,1.9444468750000041,16.553125,0.005470102952261012,0.0,0
10276.0,2021-12-17 08:25:00,386.89,386.89,386.5,386.82,7428.0,1p,1p,1.0,buy,False,2.3387893699217175,2.3000000000000114,27.0,0.005915637860082334,-0.37650397544201464,-0.04164832265223157,-0.22990031037323888,-0.0005923582734582134,21.60977707842423,12.158995413446103,21.34765324062175,-6.218320240905193,7428.0,2.3000000000000114,0.0,2.3000000000000114,27.0,0.005915637860082334,2.3000000000000114,0.0,0.0,1.0,1.0,-0.37650397544201464,-0.22990031037323888,-0.04164832265223157,21.60977707842423,12.158995413446103,21.34765324062175,-6.218320240905193,10.876132930514373,67.06948640483692,30.74604575686735,-0.018092998009768456,0.10090556274255792,0.0,0.3199999999999932,0.06999999999999318,0.0,10277.0,10277.0,2021-12-17,2021-12-17 08:25:00,1.1682406525822775,116.0,1.0,best_within_2.0d,10392.0,384.0701,0.5832424107187206,4.3760036431226785,32.22527881040892,0.012230020343504162,2.285057100371749,15.890706319702602,0.006381710269403211,0.4929364202292669,5.6011759621451125,36.843533123028394,0.015614239272951093,2.82998018927445,22.52492113564669,0.007835530045022196,1.8630914826498424,0.00402220134195386,1.9444468750000041,16.553125,0.005470102952261012,0.0,0
10303.0,2021-12-17 10:40:00,385.95,386.45,385.36,385.65,982777.0,2,2,0.0,sell,False,0.873134328358208,4.163492493946733,28.239017640954685,0.011578080659927173,0.41397151988783293,0.17454869299176565,0.3815344529356821,0.0009937781475168684,59.56147469792746,69.65926142728526,55.186722873238374,98.60433853537903,982777.0,4.680000000000007,1.0,5.360000000000014,29.0,0.013845478263115784,4.680000000000007,5.0,0.012258689787044573,2.0,2.0,0.41397151988783293,0.3815344529356821,0.17454869299176565,59.56147469792746,69.65926142728526,55.186722873238374,98.60433853537903,29.06983825922003,14.268686323812247,35.410809503931894,-0.07773027594248254,0.28285239775793414,0.5,0.2899999999999636,0.30000000000001137,0.0,10304.0,10304.0,2021-12-17,2021-12-17 10:40:00,0.40967198236741925,89.0,1.0,best_within_2.0d,10392.0,384.0701,0.873134328358208,5.360000000000014,29.0,0.013845478263115784,4.680000000000007,5.0,0.012258689787044573,0.4929364202292669,5.6011759621451125,36.843533123028394,0.015614239272951093,2.82998018927445,22.52492113564669,0.007835530045022196,1.8630914826498424,0.00402220134195386,1.9444468750000041,16.553125,0.005470102952261012,0.0,1
10304.0,2021-12-17 10:45:00,385.69,387.37,385.57,387.37,962527.0,1,1,0.0,sell,False,57.441287551300455,5.600000000000023,6.0,0.014668517693899529,0.6771987990285385,0.259198542870333,0.5977979423846023,0.0015560422100884116,65.99058915181342,79.7728409515235,63.382095566000075,112.55433172257037,962527.0,5.600000000000023,1.0,5.600000000000023,6.0,0.014668517693899529,5.600000000000023,6.0,0.014668517693899529,1.0,1.0,0.6771987990285385,0.5977979423846023,0.259198542870333,65.99058915181342,79.7728409515235,63.382095566000075,112.55433172257037,34.52905429342232,11.808842097613773,36.38372313991867,0.4355829811506668,0.4668412998936669,0.0,0.12000000000000455,1.6800000000000068,1.0,10305.0,10305.0,2021-12-17,2021-12-17 10:45:00,0.851872886387686,88.0,1.0,best_within_2.0d,10392.0,384.0701,0.5832424107187206,4.3760036431226785,32.22527881040892,0.012230020343504162,2.285057100371749,15.890706319702602,0.006381710269403211,0.4929364202292669,5.6011759621451125,36.843533123028394,0.015614239272951093,2.82998018927445,22.52492113564669,0.007835530045022196,1.8630914826498424,0.00402220134195386,1.9444468750000041,16.553125,0.005470102952261012,0.0,1
10305.0,2021-12-17 10:50:00,387.3555,388.19,386.82,387.99,879672.0,1,1,0.0,sell,False,74.73593436992371,6.420000000000016,7.0,0.01681640778479193,0.881092453827529,0.36933509959877414,0.8098813265125386,0.002106537990723085,67.96753225875915,85.47680570184647,70.74699894461554,114.93641921630831,879672.0,6.420000000000016,1.0,6.420000000000016,7.0,0.01681640778479193,6.420000000000016,7.0,0.01681640778479193,1.0,1.0,0.881092453827529,0.8098813265125386,0.36933509959877414,67.96753225875915,85.47680570184647,70.74699894461554,114.93641921630831,38.853368023840254,11.302093424488339,37.70858247268224,0.1638030181577395,0.3541698981438407,0.19999999999998863,0.5355000000000132,0.6345000000000027,1.0,10306.0,10306.0,2021-12-17,2021-12-17 10:50:00,1.0103095440604097,87.0,1.0,best_within_2.0d,10392.0,384.0701,0.5832424107187206,4.3760036431226785,32.22527881040892,0.012230020343504162,2.285057100371749,15.890706319702602,0.006381710269403211,0.4929364202292669,5.6011759621451125,36.843533123028394,0.015614239272951093,2.82998018927445,22.52492113564669,0.007835530045022196,1.8630914826498424,0.00402220134195386,1.9444468750000041,16.553125,0.005470102952261012,0.0,1
10309.0,2021-12-17 11:10:00,387.26,389.19,387.17,389.0259,797416.0,1,1,0.0,sell,False,78.38031767951516,7.420000000000016,11.0,0.019435785944416837,0.8126199723146144,0.7696048157085649,1.175914801865872,0.003051669891148253,68.09971885400466,89.06410188893716,83.79579640490304,99.60071285700539,797416.0,7.420000000000016,1.0,7.420000000000016,11.0,0.019435785944416837,7.420000000000016,11.0,0.019435785944416837,1.0,1.0,0.8126199723146144,1.175914801865872,0.7696048157085649,68.09971885400466,89.06410188893716,83.79579640490304,99.60071285700539,37.02942865119077,12.588952272595716,39.0126545940285,0.4559985539430842,0.5217346385308732,0.164100000000019,0.08999999999997499,1.7658999999999878,1.0,10310.0,10310.0,2021-12-17,2021-12-17 11:10:00,1.2738997583451266,83.0,1.0,best_within_2.0d,10392.0,384.0701,0.5832424107187206,4.3760036431226785,32.22527881040892,0.012230020343504162,2.285057100371749,15.890706319702602,0.006381710269403211,0.4929364202292669,5.6011759621451125,36.843533123028394,0.015614239272951093,2.82998018927445,22.52492113564669,0.007835530045022196,1.8630914826498424,0.00402220134195386,1.9444468750000041,16.553125,0.005470102952261012,1.0,1
10325.0,2021-12-17 12:30:00,385.72,386.9,385.42,386.31,556255.0,2,2,0.0,sell,False,0.5596153846153797,4.163492493946733,28.239017640954685,0.011578080659927173,-0.23623605029416134,0.21400426489608723,0.09588623974900656,0.0002485932683740793,53.8578821327999,62.70217089956726,48.15401552156695,91.79848165556788,556255.0,2.909999999999968,1.0,5.199999999999989,12.0,0.013361083275520925,2.909999999999968,6.0,0.007578322352144504,2.0,2.0,-0.23623605029416134,0.09588623974900656,0.21400426489608723,53.8578821327999,62.70217089956726,48.15401552156695,91.79848165556788,18.719218182170497,32.726357304690744,34.42210904693439,0.1529606968785583,0.3839966789476315,0.589999999999975,0.30000000000001137,0.589999999999975,1.0,10326.0,10326.0,2021-12-17,2021-12-17 12:30:00,0.5798193160932871,67.0,1.0,best_within_2.0d,10392.0,384.0701,0.5596153846153797,5.199999999999989,12.0,0.013361083275520925,2.909999999999968,6.0,0.007578322352144504,0.4929364202292669,5.6011759621451125,36.843533123028394,0.015614239272951093,2.82998018927445,22.52492113564669,0.007835530045022196,1.8630914826498424,0.00402220134195386,1.9444468750000041,16.553125,0.005470102952261012,1.0,1
10336.0,2021-12-17 13:25:00,386.44,387.43,386.3,387.35,441592.0,2,2,0.0,sell,False,0.6615384615384625,4.163492493946733,28.239017640954685,0.011578080659927173,0.23585774797091283,0.07983328566799404,0.19776215965345045,0.0005125101472787055,60.75770244364785,74.74070770854203,59.563367977102,105.0953871714221,441592.0,3.4399999999999977,1.0,5.199999999999989,12.0,0.013361083275520925,3.4399999999999977,17.0,0.008958566629339299,2.0,2.0,0.23585774797091283,0.19776215965345045,0.07983328566799404,60.75770244364785,74.74070770854203,59.563367977102,105.0953871714221,24.617271875803503,14.50512652614671,23.670273680975814,0.2354828692681982,0.2925187677970478,0.07999999999998408,0.13999999999998636,0.910000000000025,1.0,10337.0,10337.0,2021-12-17,2021-12-17 13:25:00,0.8467535820317537,56.0,1.0,best_within_2.0d,10392.0,384.0701,0.6615384615384625,5.199999999999989,12.0,0.013361083275520925,3.4399999999999977,17.0,0.008958566629339299,0.4929364202292669,5.6011759621451125,36.843533123028394,0.015614239272951093,2.82998018927445,22.52492113564669,0.007835530045022196,1.8630914826498424,0.00402220134195386,1.9444468750000041,16.553125,0.005470102952261012,0.0,1
10337.0,2021-12-17 13:30:00,387.35,387.59,387.06,387.29,376552.0,2,2,0.0,sell,False,0.6923076923076873,4.163492493946733,28.239017640954685,0.011578080659927173,0.3212810409496014,0.1199934157866942,0.2806339362614949,0.0007270781100696234,60.23735654959347,79.4840012174599,66.2035790572213,106.0448455379371,376552.0,3.599999999999966,1.0,5.199999999999989,12.0,0.013361083275520925,3.599999999999966,18.0,0.009375244146982905,2.0,2.0,0.3212810409496014,0.2806339362614949,0.1199934157866942,60.23735654959347,79.4840012174599,66.2035790572213,106.0448455379371,26.008126500868684,14.541284784830754,23.999446169805406,-0.015489867045308449,0.13692967498578326,0.23999999999995225,0.2300000000000182,0.060000000000002274,0.0,10338.0,10338.0,2021-12-17,2021-12-17 13:30:00,0.83139249657879,55.0,1.0,best_within_2.0d,10392.0,384.0701,0.6923076923076873,5.199999999999989,12.0,0.013361083275520925,3.599999999999966,18.0,0.009375244146982905,0.4929364202292669,5.6011759621451125,36.843533123028394,0.015614239272951093,2.82998018927445,22.52492113564669,0.007835530045022196,1.8630914826498424,0.00402220134195386,1.9444468750000041,16.553125,0.005470102952261012,1.0,1
10342.0,2021-12-17 13:55:00,387.28,387.97,387.05,387.8401,347720.0,2,2,0.0,sell,False,0.7653846153846205,4.163492493946733,28.239017640954685,0.011578080659927173,0.31795330827730794,0.28595740012264187,0.44493405426129584,0.0011516224170704523,61.949069382204264,84.09098800906513,77.11975136476947,98.03346129765643,347720.0,3.980000000000018,1.0,5.199999999999989,12.0,0.013361083275520925,3.980000000000018,23.0,0.010364853251386802,2.0,2.0,0.31795330827730794,0.44493405426129584,0.28595740012264187,61.949069382204264,84.09098800906513,77.11975136476947,98.03346129765643,26.164562472791282,13.495864170657596,22.41614586291059,0.1446240446188892,0.23769538819274405,0.12990000000002055,0.22999999999996135,0.560100000000034,1.0,10343.0,10343.0,2021-12-17,2021-12-17 13:55:00,0.9720500794012743,50.0,1.0,best_within_2.0d,10392.0,384.0701,0.7653846153846205,5.199999999999989,12.0,0.013361083275520925,3.980000000000018,23.0,0.010364853251386802,0.4929364202292669,5.6011759621451125,36.843533123028394,0.015614239272951093,2.82998018927445,22.52492113564669,0.007835530045022196,1.8630914826498424,0.00402220134195386,1.9444468750000041,16.553125,0.005470102952261012,0.0,1
10345.0,2021-12-17 14:10:00,387.61,388.15,387.41,387.41,513115.0,2,2,0.0,sell,False,0.7999999999999956,4.163492493946733,28.239017640954685,0.011578080659927173,0.19442476752691662,0.3715205291711684,0.4687329129346267,0.0012125445128095967,57.015555859596525,72.12253167941947,74.98170929428186,66.40417644969469,513115.0,4.159999999999968,1.0,5.199999999999989,12.0,0.013361083275520925,4.159999999999968,26.0,0.010833615458735821,2.0,2.0,0.19442476752691662,0.4687329129346267,0.3715205291711684,57.015555859596525,72.12253167941947,74.98170929428186,66.40417644969469,29.249193919852967,11.976047904191827,26.23200145628321,-0.05159825597894497,0.19101210603751895,0.5399999999999636,0.0,0.19999999999998863,0.0,10346.0,10346.0,2021-12-17,2021-12-17 14:10:00,0.8621099093983118,47.0,1.0,best_within_2.0d,10392.0,384.0701,0.7999999999999956,5.199999999999989,12.0,0.013361083275520925,4.159999999999968,26.0,0.010833615458735821,0.4929364202292669,5.6011759621451125,36.843533123028394,0.015614239272951093,2.82998018927445,22.52492113564669,0.007835530045022196,1.8630914826498424,0.00402220134195386,1.9444468750000041,16.553125,0.005470102952261012,1.0,1
10352.0,2021-12-17 14:45:00,387.6,388.24,387.53,387.62,432743.0,2,2,0.0,sell,False,0.8173076923076941,4.163492493946733,28.239017640954685,0.011578080659927173,-0.03664853785939104,0.3807534798282356,0.3624292108985401,0.0009367750243339008,56.98623316238035,59.95314294244733,58.10975103297305,63.639926761395884,432743.0,4.25,1.0,5.199999999999989,12.0,0.013361083275520925,4.25,33.0,0.01106799656241048,2.0,2.0,-0.03664853785939104,0.3624292108985401,0.3807534798282356,56.98623316238035,59.95314294244733,58.10975103297305,63.639926761395884,23.516780053970134,17.293147352818757,23.720319312137324,0.005159958720325544,0.18321162232602287,0.6200000000000045,0.07000000000005002,0.01999999999998181,1.0,10353.0,10353.0,2021-12-17,2021-12-17 14:45:00,0.9158196171508126,40.0,1.0,best_within_2.0d,10392.0,384.0701,0.8173076923076941,5.199999999999989,12.0,0.013361083275520925,4.25,33.0,0.01106799656241048,0.4929364202292669,5.6011759621451125,36.843533123028394,0.015614239272951093,2.82998018927445,22.52492113564669,0.007835530045022196,1.8630914826498424,0.00402220134195386,1.9444468750000041,16.553125,0.005470102952261012,1.0,1
10392.0,2021-12-17 18:15:00,383.98,384.2055,383.88,384.0701,286846.0,1p,1p,1.0,buy,False,0.7537024869218844,4.1200000000000045,21.0,0.01061855670103094,-0.1454924777483455,-0.6564938057462101,-0.7292400446203828,-0.0018918124195438397,30.636727535988854,11.748573423793427,14.17059330139809,6.904533668584097,286846.0,4.1200000000000045,0.0,4.1200000000000045,21.0,0.01061855670103094,4.1200000000000045,0.0,0.0,1.0,1.0,-0.1454924777483455,-0.7292400446203828,-0.6564938057462101,30.636727535988854,11.748573423793427,14.17059330139809,6.904533668584097,5.194535348812752,27.336242273128896,52.269778901009715,0.023464763789782468,0.08479212253828718,0.13539999999994734,0.10000000000002274,0.09010000000000673,1.0,10393.0,10393.0,2021-12-17,2021-12-17 18:15:00,0.7394223085837716,20.0,1.0,best_within_2.0d,10412.0,386.91,0.5832424107187206,4.3760036431226785,32.22527881040892,0.012230020343504162,2.285057100371749,15.890706319702602,0.006381710269403211,0.4929364202292669,5.6011759621451125,36.843533123028394,0.015614239272951093,2.82998018927445,22.52492113564669,0.007835530045022196,1.8630914826498424,0.00402220134195386,1.9444468750000041,16.553125,0.005470102952261012,0.0,0
10400.0,2021-12-17 18:55:00,386.25,386.59,386.06,386.35,25177.0,2s,2s,0.0,sell,False,0.49999999999999456,4.163492493946733,28.239017640954685,0.011578080659927173,0.07189869362716717,-0.05310362886506231,-0.01715428205147873,-4.444245295189298e-05,55.90828842516509,66.5511884164435,46.20376377240176,107.24603770452697,25177.0,2.0499999999999545,1.0,5.199999999999989,12.0,0.013361083275520925,2.0499999999999545,37.0,0.0053310448847973015,1.0,2.5,0.07189869362716717,-0.01715428205147873,-0.05310362886506231,55.90828842516509,66.5511884164435,46.20376377240176,107.24603770452697,47.61904761904669,32.2751322751327,30.007991948991503,0.02588996763754634,0.1372843599440431,0.23999999999995225,0.18999999999999773,0.10000000000002274,1.0,10401.0,10401.0,2021-12-17,2021-12-17 18:55:00,2.0540172048918044,173.78554736652885,0.0,,14281.267661333814,366.3529484630595,0.5832424107187206,4.3760036431226785,32.22527881040892,0.012230020343504162,2.285057100371749,15.890706319702602,0.006381710269403211,0.49999999999999456,5.199999999999989,12.0,0.013361083275520925,2.0499999999999545,37.0,0.0053310448847973015,1.0,0.00402220134195386,1.9444468750000041,16.553125,0.005470102952261012,0.0,1
10402.0,2021-12-17 19:05:00,386.45,386.75,386.3,386.7,52473.0,2s,2s,0.0,sell,False,0.5307692307692302,4.163492493946733,28.239017640954685,0.011578080659927173,0.17379702937325753,-0.017098326334382213,0.06980018835224655,0.00018079692781448696,60.73897020375917,81.71483690374227,64.20238531293434,116.73974008535814,52473.0,2.2099999999999795,1.0,5.199999999999989,12.0,0.013361083275520925,2.2099999999999795,39.0,0.005747126436781555,1.0,2.5,0.17379702937325753,0.06980018835224655,-0.017098326334382213,60.73897020375917,81.71483690374227,64.20238531293434,116.73974008535814,49.257425742573496,28.712871287128994,28.92151993187139,0.06469142191745375,0.11648977478643248,0.05000000000001137,0.14999999999997726,0.25,1.0,10403.0,10403.0,2021-12-17,2021-12-17 19:05:00,2.0540172048918044,173.78554736652885,0.0,,14281.267661333814,366.3529484630595,0.5832424107187206,4.3760036431226785,32.22527881040892,0.012230020343504162,2.285057100371749,15.890706319702602,0.006381710269403211,0.5307692307692302,5.199999999999989,12.0,0.013361083275520925,2.2099999999999795,39.0,0.005747126436781555,1.0,0.00402220134195386,1.9444468750000041,16.553125,0.005470102952261012,0.0,1
10404.0,2021-12-17 19:15:00,386.7,386.8,386.7,386.7,5252.0,2s,2s,0.0,sell,False,0.540384615384617,4.163492493946733,28.239017640954685,0.011578080659927173,0.2094484318289025,0.034373212590218305,0.13909742850466955,0.0003602071998731976,60.73897020375917,89.50572768147248,77.6816569590643,113.15386912628884,5252.0,2.259999999999991,1.0,5.199999999999989,12.0,0.013361083275520925,2.259999999999991,41.0,0.005877151921776644,1.0,2.5,0.2094484318289025,0.13909742850466955,0.034373212590218305,60.73897020375917,89.50572768147248,77.6816569590643,113.15386912628884,49.87775061124775,28.36185819070923,28.570579809590907,0.0,0.025859839668999934,0.10000000000002274,0.0,0.0,0.0,10405.0,10405.0,2021-12-17,2021-12-17 19:15:00,2.0540172048918044,173.78554736652885,0.0,,14281.267661333814,366.3529484630595,0.5832424107187206,4.3760036431226785,32.22527881040892,0.012230020343504162,2.285057100371749,15.890706319702602,0.006381710269403211,0.540384615384617,5.199999999999989,12.0,0.013361083275520925,2.259999999999991,41.0,0.005877151921776644,1.0,0.00402220134195386,1.9444468750000041,16.553125,0.005470102952261012,1.0,1
10412.0,2021-12-17 19:55:00,386.67,386.91,386.64,386.91,18435.0,2s,2s,0.0,sell,False,0.5615384615384659,4.163492493946733,28.239017640954685,0.011578080659927173,0.08247467655746554,0.14735714281783974,0.1885944810965725,0.0004880962628214217,63.163839094979366,93.9919510980305,90.56753481734225,100.84078365940701,18435.0,2.3700000000000045,1.0,5.199999999999989,12.0,0.013361083275520925,2.3700000000000045,49.0,0.006163207988765809,1.0,2.5,0.08247467655746554,0.1885944810965725,0.14735714281783974,63.163839094979366,93.9919510980305,90.56753481734225,100.84078365940701,22.459016393443243,30.163934426229826,22.256868138702828,0.06206843044456749,0.06983240223464687,0.0,0.03000000000002956,0.2400000000000091,1.0,10413.0,10413.0,2021-12-17,2021-12-17 19:55:00,2.0540172048918044,173.78554736652885,0.0,,14281.267661333814,366.3529484630595,0.5832424107187206,4.3760036431226785,32.22527881040892,0.012230020343504162,2.285057100371749,15.890706319702602,0.006381710269403211,0.5615384615384659,5.199999999999989,12.0,0.013361083275520925,2.3700000000000045,49.0,0.006163207988765809,1.0,0.00402220134195386,1.9444468750000041,16.553125,0.005470102952261012,1.0,1
10503.0,2021-12-20 11:30:00,378.23,378.7,377.53,377.93,797736.0,1,1,1.0,buy,False,2.594986841725172,9.380000000000052,92.0,0.02424336408984015,-0.3304863633804631,-0.23380198221600557,-0.3990451639062371,-0.0010524251120164068,39.1587913036138,19.192378792469594,21.502907693965945,14.571320989476888,797736.0,9.380000000000052,1.0,9.380000000000052,92.0,0.02424336408984015,9.380000000000052,92.0,0.02424336408984015,1.0,1.0,-0.3304863633804631,-0.3990451639062371,-0.23380198221600557,39.1587913036138,19.192378792469594,21.502907693965945,14.571320989476888,11.350059737156379,29.569892473118557,22.60338864916114,-0.0793168178092725,0.3099091462930141,0.46999999999997044,0.4000000000000341,0.30000000000001137,0.0,10504.0,10504.0,2021-12-20,2021-12-20 11:30:00,3.9612626676897826,383.0,1.0,best_within_2.0d,10886.0,392.9008,0.5832424107187206,4.3760036431226785,32.22527881040892,0.012230020343504162,2.285057100371749,15.890706319702602,0.006381710269403211,0.4929364202292669,5.6011759621451125,36.843533123028394,0.015614239272951093,2.82998018927445,22.52492113564669,0.007835530045022196,1.8630914826498424,0.00402220134195386,1.9444468750000041,16.553125,0.005470102952261012,0.0,0
10504.0,2021-12-20 11:35:00,377.92,378.07,377.47,377.9,468030.0,1,1,1.0,buy,False,2.594986841721284,9.439999999999998,93.0,0.024398438913442396,-0.32791189622501304,-0.2747909692441322,-0.43874691735663873,-0.0011574194128704902,38.95656750607465,19.85219803955483,20.95267114249557,17.651251833673342,468030.0,9.439999999999998,1.0,9.439999999999998,93.0,0.024398438913442396,9.439999999999998,93.0,0.024398438913442396,1.0,1.0,-0.32791189622501304,-0.43874691735663873,-0.2747909692441322,38.95656750607465,19.85219803955483,20.95267114249557,17.651251833673342,11.66359729895629,28.391651319828064,23.97189318188392,-0.005292125317537747,0.1589530293798092,0.14999999999997726,0.42999999999995,0.020000000000038654,0.0,10505.0,10505.0,2021-12-20,2021-12-20 11:35:00,3.9695157449060674,382.0,1.0,best_within_2.0d,10886.0,392.9008,0.5832424107187206,4.3760036431226785,32.22527881040892,0.012230020343504162,2.285057100371749,15.890706319702602,0.006381710269403211,0.4929364202292669,5.6011759621451125,36.843533123028394,0.015614239272951093,2.82998018927445,22.52492113564669,0.007835530045022196,1.8630914826498424,0.00402220134195386,1.9444468750000041,16.553125,0.005470102952261012,1.0,0
10509.0,2021-12-20 12:00:00,379.37,379.57,378.91,379.45,329379.0,3a,3a,0.0,sell,False,0.006163207988765809,4.163492493946733,28.239017640954685,0.011578080659927173,0.21656771320854418,-0.29698693530361986,-0.18870307869934777,-0.0004978601737472586,53.97434912899956,76.41431853195988,56.14222572893145,116.95850413801674,329379.0,2.099999999999966,2.0,2.099999999999966,6.0,0.005563356028293548,2.099999999999966,6.0,0.005563356028293548,3.0,3.0,0.21656771320854418,-0.18870307869934777,-0.29698693530361986,53.97434912899956,76.41431853195988,56.14222572893145,116.95850413801674,18.728854519091538,18.211006007042414,23.754986349206458,0.02108759258770701,0.17418384312896681,0.12000000000000455,0.45999999999997954,0.07999999999998408,1.0,10510.0,10510.0,2021-12-20,2021-12-20 12:00:00,0.41112135986296017,12.0,1.0,best_within_2.0d,10521.0,377.89,0.5832424107187206,4.3760036431226785,32.22527881040892,0.012230020343504162,2.285057100371749,15.890706319702602,0.006381710269403211,0.4929364202292669,5.6011759621451125,36.843533123028394,0.015614239272951093,2.82998018927445,22.52492113564669,0.007835530045022196,1.8630914826498424,0.006163207988765809,2.099999999999966,6.0,0.005563356028293548,0.0,1
10512.0,2021-12-20 12:15:00,378.61,380.08,378.57,379.883,428391.0,3a,3a,0.0,sell,False,0.006163207988765809,4.163492493946733,28.239017640954685,0.011578080659927173,0.2833143655698823,-0.21504175849688228,-0.07338457571194112,-0.00019359591233242523,56.825865556753484,76.31579151539911,68.31390157751403,92.31957139116929,428391.0,2.609999999999957,2.0,2.609999999999957,9.0,0.0069144567780219796,2.609999999999957,9.0,0.0069144567780219796,3.0,3.0,0.2833143655698823,-0.07338457571194112,-0.21504175849688228,56.825865556753484,76.31579151539911,68.31390157751403,92.31957139116929,25.589503151459237,12.708880759784716,23.51379290726671,0.3362298935580063,0.39886942969595873,0.19700000000000273,0.040000000000020464,1.2729999999999677,1.0,10513.0,10513.0,2021-12-20,2021-12-20 12:15:00,0.5246352166324882,9.0,1.0,best_within_2.0d,10521.0,377.89,0.5832424107187206,4.3760036431226785,32.22527881040892,0.012230020343504162,2.285057100371749,15.890706319702602,0.006381710269403211,0.4929364202292669,5.6011759621451125,36.843533123028394,0.015614239272951093,2.82998018927445,22.52492113564669,0.007835530045022196,1.8630914826498424,0.006163207988765809,2.609999999999957,9.0,0.0069144567780219796,1.0,1
10520.0,2021-12-20 12:55:00,378.68,378.69,378.01,378.1,249805.0,2,2,1.0,buy,False,0.7931034482758725,4.163492493946733,28.239017640954685,0.011578080659927173,-0.08032140211562055,-0.15770741910050828,-0.19786812015831856,-0.0005223214111418407,42.62464313494523,19.10950003282418,29.581834315955604,-1.8351685334386687,249805.0,2.069999999999993,1.0,2.609999999999957,9.0,0.0069144567780219796,2.069999999999993,9.0,0.005446221848031976,2.0,2.0,-0.08032140211562055,-0.19786812015831856,-0.15770741910050828,42.62464313494523,19.10950003282418,29.581834315955604,-1.8351685334386687,22.740412410868885,14.671420312199091,23.757024263001114,-0.15316362099925637,0.1798894209147924,0.009999999999990905,0.09000000000003183,0.5799999999999841,0.0,10521.0,10521.0,2021-12-20,2021-12-20 12:55:00,3.980825178524193,372.0,1.0,best_within_2.0d,10892.0,393.1515,0.7931034482758725,2.609999999999957,9.0,0.0069144567780219796,2.069999999999993,9.0,0.005446221848031976,0.4929364202292669,5.6011759621451125,36.843533123028394,0.015614239272951093,2.82998018927445,22.52492113564669,0.007835530045022196,1.8630914826498424,0.00402220134195386,1.9444468750000041,16.553125,0.005470102952261012,0.0,0
10521.0,2021-12-20 13:00:00,378.12,378.21,377.81,377.89,352506.0,2,2,1.0,buy,False,0.869731800766291,4.163492493946733,28.239017640954685,0.011578080659927173,-0.13481967604667922,-0.1745598786063432,-0.2419697166296828,-0.0006388551175256274,40.90478052321451,14.009507958390454,24.391058863433884,-6.753593851696408,352506.0,2.269999999999982,1.0,2.609999999999957,9.0,0.0069144567780219796,2.269999999999982,10.0,0.005972426857503636,2.0,2.0,-0.13481967604667922,-0.2419697166296828,-0.1745598786063432,40.90478052321451,14.009507958390454,24.391058863433884,-6.753593851696408,12.758733405738129,18.163796830351135,23.308620375819707,-0.06082725060827731,0.10587332256953952,0.08999999999997499,0.07999999999998408,0.2300000000000182,0.0,10522.0,10522.0,2021-12-20,2021-12-20 13:00:00,4.038609119055813,371.0,1.0,best_within_2.0d,10892.0,393.1515,0.869731800766291,2.609999999999957,9.0,0.0069144567780219796,2.269999999999982,10.0,0.005972426857503636,0.4929364202292669,5.6011759621451125,36.843533123028394,0.015614239272951093,2.82998018927445,22.52492113564669,0.007835530045022196,1.8630914826498424,0.00402220134195386,1.9444468750000041,16.553125,0.005470102952261012,1.0,0
10534.0,2021-12-20 14:05:00,379.5,380.26,379.5,380.17,506922.0,1p,1p,0.0,sell,False,1.1337349962318515,2.4499999999999886,14.0,0.006484741007384634,0.32120352455529955,0.05694344201268185,0.21754520429033164,0.0005739223060411463,62.33715575963383,77.18757806063752,70.03653306199621,91.48966805792014,506922.0,2.4499999999999886,0.0,2.4499999999999886,14.0,0.006484741007384634,2.4499999999999886,0.0,0.0,1.0,1.0,0.32120352455529955,0.21754520429033164,0.05694344201268185,62.33715575963383,77.18757806063752,70.03653306199621,91.48966805792014,29.779448125803658,11.538588336135698,23.32948908952167,0.17654808959157206,0.2002635046113283,0.08999999999997499,0.0,0.6700000000000159,1.0,10535.0,10535.0,2021-12-20,2021-12-20 14:05:00,0.597101296788289,263.0,1.0,best_within_2.0d,10797.0,377.9,0.5832424107187206,4.3760036431226785,32.22527881040892,0.012230020343504162,2.285057100371749,15.890706319702602,0.006381710269403211,0.4929364202292669,5.6011759621451125,36.843533123028394,0.015614239272951093,2.82998018927445,22.52492113564669,0.007835530045022196,1.8630914826498424,0.00402220134195386,1.9444468750000041,16.553125,0.005470102952261012,0.0,1
10536.0,2021-12-20 14:15:00,379.92,380.55,379.92,380.46,599355.0,1p,1p,0.0,sell,False,1.2713658996763182,2.740000000000009,16.0,0.007252322596013893,0.36019635041056874,0.14111671099185563,0.32121488619714,0.0008470558247760698,63.46507157924879,84.78117769816609,76.9718046572493,100.39992377999968,599355.0,2.740000000000009,0.0,2.740000000000009,16.0,0.007252322596013893,2.740000000000009,0.0,0.0,1.0,1.0,0.36019635041056874,0.32121488619714,0.14111671099185563,63.46507157924879,84.78117769816609,76.9718046572493,100.39992377999968,30.12104231497576,9.41317179592269,27.322420202223295,0.14213518635501252,0.16582438408085792,0.09000000000003183,0.0,0.5399999999999636,1.0,10537.0,10537.0,2021-12-20,2021-12-20 14:15:00,0.6728696840666568,261.0,1.0,best_within_2.0d,10797.0,377.9,0.5832424107187206,4.3760036431226785,32.22527881040892,0.012230020343504162,2.285057100371749,15.890706319702602,0.006381710269403211,0.4929364202292669,5.6011759621451125,36.843533123028394,0.015614239272951093,2.82998018927445,22.52492113564669,0.007835530045022196,1.8630914826498424,0.00402220134195386,1.9444468750000041,16.553125,0.005470102952261012,1.0,1
10544.0,2021-12-20 14:55:00,380.3,380.58,379.8,379.93,564225.0,1p,1p,0.0,sell,False,1.2713658996763182,2.769999999999982,24.0,0.00733172758794098,0.06204061129131977,0.21603092408036578,0.24705122972602567,0.000651114322142521,55.54796921405853,55.121553267176374,49.862923197107236,65.63881340731464,564225.0,2.769999999999982,0.0,2.769999999999982,24.0,0.00733172758794098,2.769999999999982,0.0,0.0,1.0,1.0,0.06204061129131977,0.24705122972602567,0.21603092408036578,55.54796921405853,55.121553267176374,49.862923197107236,65.63881340731464,26.545710559422226,13.38250060593517,26.3197602400271,-0.09729161188535486,0.20537124802526927,0.2799999999999727,0.12999999999999545,0.37000000000000455,0.0,10545.0,10545.0,2021-12-20,2021-12-20 14:55:00,0.5343089516489957,253.0,1.0,best_within_2.0d,10797.0,377.9,0.5832424107187206,4.3760036431226785,32.22527881040892,0.012230020343504162,2.285057100371749,15.890706319702602,0.006381710269403211,0.4929364202292669,5.6011759621451125,36.843533123028394,0.015614239272951093,2.82998018927445,22.52492113564669,0.007835530045022196,1.8630914826498424,0.00402220134195386,1.9444468750000041,16.553125,0.005470102952261012,0.0,1
10545.0,2021-12-20 15:00:00,379.95,380.75,379.95,380.3899,309711.0,1p,1p,0.0,sell,False,1.2713658996763182,2.9399999999999977,25.0,0.007781689208861591,0.11154825244185274,0.22997445563559737,0.28574858185652374,0.0007529615403934162,59.56830659537585,63.22002760443012,54.31529133288153,81.0295001475273,309711.0,2.9399999999999977,0.0,2.9399999999999977,25.0,0.007781689208861591,2.9399999999999977,0.0,0.0,1.0,1.0,0.11154825244185274,0.28574858185652374,0.22997445563559737,59.56830659537585,63.22002760443012,54.31529133288153,81.0295001475273,27.959204464417635,10.408294941308709,27.707220941488032,0.11577839189367622,0.21055402026582745,0.36009999999998854,0.0,0.43990000000002283,1.0,10546.0,10546.0,2021-12-20,2021-12-20 15:00:00,0.6545652237349189,252.0,1.0,best_within_2.0d,10797.0,377.9,0.5832424107187206,4.3760036431226785,32.22527881040892,0.012230020343504162,2.285057100371749,15.890706319702602,0.006381710269403211,0.4929364202292669,5.6011759621451125,36.843533123028394,0.015614239272951093,2.82998018927445,22.52492113564669,0.007835530045022196,1.8630914826498424,0.00402220134195386,1.9444468750000041,16.553125,0.005470102952261012,0.0,1
10549.0,2021-12-20 15:20:00,380.67,381.27,380.25,380.35,724805.0,1p,1p,0.0,sell,False,1.2713658996763182,3.4599999999999795,29.0,0.009158042402265636,0.1085908151754198,0.2879800615446363,0.3422754691323462,0.0009013664870479787,56.78730403883112,67.35239876196265,65.70023861329989,70.65671905928815,724805.0,3.4599999999999795,0.0,3.4599999999999795,29.0,0.009158042402265636,3.4599999999999795,0.0,0.0,1.0,1.0,0.1085908151754198,0.3422754691323462,0.2879800615446363,56.78730403883112,67.35239876196265,65.70023861329989,70.65671905928815,23.939018500241925,9.65435417147931,30.854775522095316,-0.08406231118816644,0.2682445759368789,0.5999999999999659,0.10000000000002274,0.3199999999999932,0.0,10550.0,10550.0,2021-12-20,2021-12-20 15:20:00,0.6441435519915986,248.0,1.0,best_within_2.0d,10797.0,377.9,0.5832424107187206,4.3760036431226785,32.22527881040892,0.012230020343504162,2.285057100371749,15.890706319702602,0.006381710269403211,0.4929364202292669,5.6011759621451125,36.843533123028394,0.015614239272951093,2.82998018927445,22.52492113564669,0.007835530045022196,1.8630914826498424,0.00402220134195386,1.9444468750000041,16.553125,0.005470102952261012,1.0,1
10558.0,2021-12-20 16:05:00,381.01,381.66,380.98,381.49,151005.0,1p,1p,0.0,sell,False,1.2713658996763182,3.8500000000000227,38.0,0.010190307297318818,0.18106391633440455,0.2627795157790326,0.35331147394623486,0.0009296133078122001,65.41931993341942,68.66169879640466,52.7126667630962,100.55976286302159,151005.0,3.8500000000000227,0.0,3.8500000000000227,38.0,0.010190307297318818,3.8500000000000227,0.0,0.0,1.0,1.0,0.18106391633440455,0.35331147394623486,0.2627795157790326,65.41931993341942,68.66169879640466,52.7126667630962,100.55976286302159,21.89614469885126,11.364932819643862,33.16638021123289,0.12598094538201574,0.17848705968817438,0.17000000000001592,0.029999999999972715,0.4800000000000182,1.0,10559.0,10559.0,2021-12-20,2021-12-20 16:05:00,0.9410469474953556,239.0,1.0,best_within_2.0d,10797.0,377.9,0.5832424107187206,4.3760036431226785,32.22527881040892,0.012230020343504162,2.285057100371749,15.890706319702602,0.006381710269403211,0.4929364202292669,5.6011759621451125,36.843533123028394,0.015614239272951093,2.82998018927445,22.52492113564669,0.007835530045022196,1.8630914826498424,0.00402220134195386,1.9444468750000041,16.553125,0.005470102952261012,0.0,1
10559.0,2021-12-20 16:10:00,381.51,382.1,380.69,382.0301,1242255.0,1p,1p,0.0,sell,False,1.2713658996763182,4.2900000000000205,39.0,0.011354913845583813,0.3089740188910317,0.30140126814041157,0.4558882775859274,0.0011990478960832215,68.99014141675195,78.23839621252824,61.221243246240206,112.27270214510432,1242255.0,4.2900000000000205,0.0,4.2900000000000205,39.0,0.011354913845583813,4.2900000000000205,0.0,0.0,1.0,1.0,0.3089740188910317,0.4558882775859274,0.30140126814041157,68.99014141675195,78.23839621252824,61.221243246240206,112.27270214510432,23.07108229659465,10.80544360726556,33.38355994983949,0.13632670179025808,0.3703800992933949,0.06990000000001828,0.8199999999999932,0.5201000000000136,1.0,10560.0,10560.0,2021-12-20,2021-12-20 16:10:00,1.0810928248847478,238.0,1.0,best_within_2.0d,10797.0,377.9,0.5832424107187206,4.3760036431226785,32.22527881040892,0.012230020343504162,2.285057100371749,15.890706319702602,0.006381710269403211,0.4929364202292669,5.6011759621451125,36.843533123028394,0.015614239272951093,2.82998018927445,22.52492113564669,0.007835530045022196,1.8630914826498424,0.00402220134195386,1.9444468750000041,16.553125,0.005470102952261012,0.0,1
10560.0,2021-12-20 16:15:00,382.07,382.23,381.85,382.12,100910.0,1p,1p,0.0,sell,False,1.3374800473078818,4.420000000000016,40.0,0.011699002143934824,0.37892744481341345,0.3487671987420883,0.538230921148795,0.0014150932234051254,69.55370033200614,84.18740055924167,68.87662901724069,114.80894364324362,100910.0,4.420000000000016,0.0,4.420000000000016,40.0,0.011699002143934824,4.420000000000016,0.0,0.0,1.0,1.0,0.37892744481341345,0.538230921148795,0.3487671987420883,69.55370033200614,84.18740055924167,68.87662901724069,114.80894364324362,24.50316552121043,10.960828791007497,33.72660263327244,0.01308660716622906,0.09951551656409464,0.11000000000001364,0.21999999999997044,0.05000000000001137,1.0,10561.0,10561.0,2021-12-20,2021-12-20 16:15:00,1.1043651209044352,237.0,1.0,best_within_2.0d,10797.0,377.9,0.5832424107187206,4.3760036431226785,32.22527881040892,0.012230020343504162,2.285057100371749,15.890706319702602,0.006381710269403211,0.4929364202292669,5.6011759621451125,36.843533123028394,0.015614239272951093,2.82998018927445,22.52492113564669,0.007835530045022196,1.8630914826498424,0.00402220134195386,1.9444468750000041,16.553125,0.005470102952261012,0.0,1
10561.0,2021-12-20 16:20:00,382.08,382.25,382.03,382.04,18376.0,1p,1p,0.0,sell,False,1.3636394428755796,4.439999999999998,41.0,0.011751938805219549,0.3863387799883069,0.39705954624062667,0.5902289362347801,0.001551293599099994,68.3630723371099,86.84144460958817,74.8649008813565,110.79453206605149,18376.0,4.439999999999998,0.0,4.439999999999998,41.0,0.011751938805219549,4.439999999999998,0.0,0.0,1.0,1.0,0.3863387799883069,0.5902289362347801,0.39705954624062667,68.3630723371099,86.84144460958817,74.8649008813565,110.79453206605149,24.945252896297703,11.43508053122311,33.97012546875994,-0.010469011725283611,0.0575871004894975,0.17000000000001592,0.010000000000047748,0.03999999999996362,0.0,10562.0,10562.0,2021-12-20,2021-12-20 16:20:00,1.0836561616584763,236.0,1.0,best_within_2.0d,10797.0,377.9,0.5832424107187206,4.3760036431226785,32.22527881040892,0.012230020343504162,2.285057100371749,15.890706319702602,0.006381710269403211,0.4929364202292669,5.6011759621451125,36.843533123028394,0.015614239272951093,2.82998018927445,22.52492113564669,0.007835530045022196,1.8630914826498424,0.00402220134195386,1.9444468750000041,16.553125,0.005470102952261012,0.0,1
10563.0,2021-12-20 16:30:00,382.18,382.25,382.14,382.15,34519.0,1p,1p,0.0,sell,False,1.3636394428755796,4.439999999999998,43.0,0.011751938805219549,0.3426599417609213,0.4867644003805117,0.6580943712609724,0.001728584539433791,69.15584394484827,91.82684717627414,83.82275003645462,107.83504145591317,34519.0,4.439999999999998,0.0,4.439999999999998,43.0,0.011751938805219549,4.439999999999998,0.0,0.0,1.0,1.0,0.3426599417609213,0.6580943712609724,0.4867644003805117,69.15584394484827,91.82684717627414,83.82275003645462,107.83504145591317,24.235064557644886,13.440860215053283,33.553573639624084,-0.007849704327811386,0.028785261945887278,0.06999999999999318,0.009999999999990905,0.03000000000002956,0.0,10564.0,10564.0,2021-12-20,2021-12-20 16:30:00,1.112128745257098,234.0,1.0,best_within_2.0d,10797.0,377.9,0.5832424107187206,4.3760036431226785,32.22527881040892,0.012230020343504162,2.285057100371749,15.890706319702602,0.006381710269403211,0.4929364202292669,5.6011759621451125,36.843533123028394,0.015614239272951093,2.82998018927445,22.52492113564669,0.007835530045022196,1.8630914826498424,0.00402220134195386,1.9444468750000041,16.553125,0.005470102952261012,1.0,1
10581.0,2021-12-20 18:00:00,381.74,382.33,381.74,381.98,18327.0,1p,1p,0.0,sell,False,0.030270842899384823,1.6399999999999864,11.0,0.004307967112348594,-0.13078943130560006,0.3065325603223949,0.24113784466959487,0.000632063681888155,64.85995534865532,71.0125746461284,77.36994845273242,58.29782703292037,18327.0,1.6399999999999864,0.0,1.6399999999999864,11.0,0.004307967112348594,1.6399999999999864,0.0,0.0,1.0,1.0,-0.13078943130560006,0.24113784466959487,0.3065325603223949,64.85995534865532,71.0125746461284,77.36994845273242,58.29782703292037,18.300855758324623,58.76894525208716,58.413942325723156,0.06287001624142324,0.1545554565934864,0.3499999999999659,0.0,0.2400000000000091,1.0,10582.0,10582.0,2021-12-20,2021-12-20 18:00:00,1.0681187496727684,216.0,1.0,best_within_2.0d,10797.0,377.9,0.5832424107187206,4.3760036431226785,32.22527881040892,0.012230020343504162,2.285057100371749,15.890706319702602,0.006381710269403211,0.4929364202292669,5.6011759621451125,36.843533123028394,0.015614239272951093,2.82998018927445,22.52492113564669,0.007835530045022196,1.8630914826498424,0.00402220134195386,1.9444468750000041,16.553125,0.005470102952261012,0.0,1
10585.0,2021-12-20 18:20:00,382.25,382.5,382.25,382.5,5180.0,1p,1p,0.0,sell,False,0.05351680570388979,1.8100000000000023,15.0,0.004754524678872579,0.020675622776192615,0.28853980602875295,0.29887761741684926,0.0007829974629995534,74.19384882470467,84.57646849334952,78.2573387554579,97.21472796913278,5180.0,1.8100000000000023,0.0,1.8100000000000023,15.0,0.004754524678872579,1.8100000000000023,0.0,0.0,1.0,1.0,0.020675622776192615,0.29887761741684926,0.28853980602875295,74.19384882470467,84.57646849334952,78.2573387554579,97.21472796913278,51.499999999998636,7.500000000001705,52.41507686931868,0.06540222367560497,0.06540222367560497,0.0,0.0,0.25,1.0,10586.0,10586.0,2021-12-20,2021-12-20 18:20:00,1.2026143790849733,212.0,1.0,best_within_2.0d,10797.0,377.9,0.5832424107187206,4.3760036431226785,32.22527881040892,0.012230020343504162,2.285057100371749,15.890706319702602,0.006381710269403211,0.4929364202292669,5.6011759621451125,36.843533123028394,0.015614239272951093,2.82998018927445,22.52492113564669,0.007835530045022196,1.8630914826498424,0.00402220134195386,1.9444468750000041,16.553125,0.005470102952261012,0.0,1
10586.0,2021-12-20 18:25:00,382.51,382.66,382.48,382.6,2200.0,1p,1p,0.0,sell,False,0.1465608893227729,1.9700000000000273,16.0,0.0051748141532481215,0.056622169831050284,0.29561757725763427,0.3239286621731594,0.0008484793972512155,75.6425102269134,87.63431232889968,81.38299661327181,100.13694376015542,2200.0,1.9700000000000273,0.0,1.9700000000000273,16.0,0.0051748141532481215,1.9700000000000273,0.0,0.0,1.0,1.0,0.056622169831050284,0.3239286621731594,0.29561757725763427,75.6425102269134,87.63431232889968,81.38299661327181,100.13694376015542,56.66666666666595,7.14285714285869,54.21485282854611,0.023528796632776093,0.04706128425015865,0.060000000000002274,0.029999999999972715,0.09000000000003183,1.0,10587.0,10587.0,2021-12-20,2021-12-20 18:25:00,1.2284370099320558,211.0,1.0,best_within_2.0d,10797.0,377.9,0.5832424107187206,4.3760036431226785,32.22527881040892,0.012230020343504162,2.285057100371749,15.890706319702602,0.006381710269403211,0.4929364202292669,5.6011759621451125,36.843533123028394,0.015614239272951093,2.82998018927445,22.52492113564669,0.007835530045022196,1.8630914826498424,0.00402220134195386,1.9444468750000041,16.553125,0.005470102952261012,0.0,1
10587.0,2021-12-20 18:30:00,382.64,382.72,382.62,382.69,3120.0,1p,1p,0.0,sell,False,0.21297763989300442,2.0300000000000296,17.0,0.005332422706138931,0.08228154285881628,0.3059027701149863,0.34704354154439443,0.0009088638703006026,76.8993915251709,90.77581606240278,84.5139364296488,103.29957532791076,3120.0,2.0300000000000296,0.0,2.0300000000000296,17.0,0.005332422706138931,2.0300000000000296,0.0,0.0,1.0,1.0,0.08228154285881628,0.34704354154439443,0.3059027701149863,76.8993915251709,90.77581606240278,84.5139364296488,103.29957532791076,58.411214953269855,7.009345794393976,55.95460823875169,0.013067112690782817,0.026135591448440423,0.03000000000002956,0.01999999999998181,0.05000000000001137,1.0,10588.0,10588.0,2021-12-20,2021-12-20 18:30:00,1.2516658391909954,210.0,1.0,best_within_2.0d,10797.0,377.9,0.5832424107187206,4.3760036431226785,32.22527881040892,0.012230020343504162,2.285057100371749,15.890706319702602,0.006381710269403211,0.4929364202292669,5.6011759621451125,36.843533123028394,0.015614239272951093,2.82998018927445,22.52492113564669,0.007835530045022196,1.8630914826498424,0.00402220134195386,1.9444468750000041,16.553125,0.005470102952261012,0.0,1
10588.0,2021-12-20 18:35:00,382.68,382.92,382.68,382.87,11556.0,1p,1p,0.0,sell,False,0.28847122758715404,2.230000000000018,18.0,0.005857784549108246,0.11144765097487308,0.31983372648684544,0.375557551974282,0.0009833426564106853,79.21002174710836,92.47313357328201,87.16700214419319,103.08539643145969,11556.0,2.230000000000018,0.0,2.230000000000018,18.0,0.005857784549108246,2.230000000000018,0.0,0.0,1.0,1.0,0.11144765097487308,0.375557551974282,0.31983372648684544,79.21002174710836,92.47313357328201,87.16700214419319,103.08539643145969,61.40350877192803,6.5789473684224635,57.71821917100645,0.04964983798473861,0.06271558482283085,0.05000000000001137,0.0,0.18999999999999773,1.0,10589.0,10589.0,2021-12-20,2021-12-20 18:35:00,1.298090735758881,209.0,1.0,best_within_2.0d,10797.0,377.9,0.5832424107187206,4.3760036431226785,32.22527881040892,0.012230020343504162,2.285057100371749,15.890706319702602,0.006381710269403211,0.4929364202292669,5.6011759621451125,36.843533123028394,0.015614239272951093,2.82998018927445,22.52492113564669,0.007835530045022196,1.8630914826498424,0.00402220134195386,1.9444468750000041,16.553125,0.005470102952261012,0.0,1
10589.0,2021-12-20 18:40:00,382.9,383.07,382.9,383.07,13138.0,1p,1p,0.0,sell,False,0.3716464466182249,2.3799999999999955,19.0,0.006251805931335196,0.1435814719381191,0.3377814104791103,0.40957214644816986,0.0010721656253694875,81.43234057369482,94.98208904885468,89.77203111241369,105.40220492173665,13138.0,2.3799999999999955,0.0,2.3799999999999955,19.0,0.006251805931335196,2.3799999999999955,0.0,0.0,1.0,1.0,0.1435814719381191,0.40957214644816986,0.3377814104791103,81.43234057369482,94.98208904885468,89.77203111241369,105.40220492173665,64.85355648535412,5.8577405857758995,59.55491442041433,0.04439801514756227,0.04439801514756227,0.0,0.0,0.17000000000001592,1.0,10590.0,10590.0,2021-12-20,2021-12-20 18:40:00,1.3496227843475124,208.0,1.0,best_within_2.0d,10797.0,377.9,0.5832424107187206,4.3760036431226785,32.22527881040892,0.012230020343504162,2.285057100371749,15.890706319702602,0.006381710269403211,0.4929364202292669,5.6011759621451125,36.843533123028394,0.015614239272951093,2.82998018927445,22.52492113564669,0.007835530045022196,1.8630914826498424,0.00402220134195386,1.9444468750000041,16.553125,0.005470102952261012,0.0,1
10590.0,2021-12-20 18:45:00,383.07,383.08,382.9,382.91,10480.0,1p,1p,0.0,sell,False,0.3716464466182249,2.3899999999999864,20.0,0.0062780740234836385,0.1296149206594458,0.353983275561541,0.4187907358912639,0.001096105322450624,74.56538459981302,91.59520222304721,90.3797548159582,94.02609703722527,10480.0,2.3899999999999864,0.0,2.3899999999999864,20.0,0.0062780740234836385,2.3899999999999864,0.0,0.0,1.0,1.0,0.1296149206594458,0.4187907358912639,0.353983275561541,74.56538459981302,91.59520222304721,90.3797548159582,94.02609703722527,61.176470588234245,5.490196078433165,61.26737851643478,-0.041767823113260806,0.047009663097416256,0.009999999999990905,0.010000000000047748,0.15999999999996817,0.0,10591.0,10591.0,2021-12-20,2021-12-20 18:45:00,1.3084014520383502,207.0,1.0,best_within_2.0d,10797.0,377.9,0.5832424107187206,4.3760036431226785,32.22527881040892,0.012230020343504162,2.285057100371749,15.890706319702602,0.006381710269403211,0.4929364202292669,5.6011759621451125,36.843533123028394,0.015614239272951093,2.82998018927445,22.52492113564669,0.007835530045022196,1.8630914826498424,0.00402220134195386,1.9444468750000041,16.553125,0.005470102952261012,1.0,1
10605.0,2021-12-21 04:00:00,383.99,384.11,383.74,383.85,7802.0,1,1,0.0,sell,False,0.14072236455578654,1.8700000000000045,7.0,0.004892214315613239,0.05436650663955234,0.23274066789451858,0.25992392121429475,0.0006794444620087359,75.12724716090898,67.64123499421265,55.25337814957308,92.4169486834918,7802.0,1.8700000000000045,1.0,1.8700000000000045,7.0,0.004892214315613239,1.8700000000000045,7.0,0.004892214315613239,1.0,1.0,0.05436650663955234,0.25992392121429475,0.23274066789451858,75.12724716090898,67.64123499421265,55.25337814957308,92.4169486834918,43.255813953487255,16.04651162790688,39.619718913874166,-0.0364592827938192,0.09641945066972547,0.12000000000000455,0.11000000000001364,0.13999999999998636,0.0,10606.0,10606.0,2021-12-21,2021-12-21 04:00:00,1.5500846684903073,192.0,1.0,best_within_2.0d,10797.0,377.9,0.5832424107187206,4.3760036431226785,32.22527881040892,0.012230020343504162,2.285057100371749,15.890706319702602,0.006381710269403211,0.4929364202292669,5.6011759621451125,36.843533123028394,0.015614239272951093,2.82998018927445,22.52492113564669,0.007835530045022196,1.8630914826498424,0.00402220134195386,1.9444468750000041,16.553125,0.005470102952261012,0.0,1
10606.0,2021-12-21 04:05:00,383.94,384.27,383.94,384.25,15399.0,1,1,0.0,sell,False,0.5074126971400167,2.0299999999999727,8.0,0.00531079949769771,0.1960332023636503,0.25724481818997486,0.3552614193718,0.0009283529626739565,78.4226036853522,78.0990827711831,62.86861302344309,108.56002226666314,15399.0,2.0299999999999727,1.0,2.0299999999999727,8.0,0.00531079949769771,2.0299999999999727,8.0,0.00531079949769771,1.0,1.0,0.1960332023636503,0.3552614193718,0.25724481818997486,78.4226036853522,78.0990827711831,62.86861302344309,108.56002226666314,44.008714596948494,14.814814814815044,40.33471253642798,0.08074178257019385,0.08595092983278223,0.01999999999998181,0.0,0.3100000000000023,1.0,10607.0,10607.0,2021-12-21,2021-12-21 04:05:00,1.652569941444378,191.0,1.0,best_within_2.0d,10797.0,377.9,0.5832424107187206,4.3760036431226785,32.22527881040892,0.012230020343504162,2.285057100371749,15.890706319702602,0.006381710269403211,0.4929364202292669,5.6011759621451125,36.843533123028394,0.015614239272951093,2.82998018927445,22.52492113564669,0.007835530045022196,1.8630914826498424,0.00402220134195386,1.9444468750000041,16.553125,0.005470102952261012,0.0,1
10607.0,2021-12-21 04:10:00,384.27,384.38,384.2,384.33,13073.0,1,1,0.0,sell,False,0.7249364941259067,2.1399999999999864,9.0,0.005598576810380877,0.2800710807096032,0.2922537032786753,0.43228924363347687,0.0011292777272137104,79.02125338643029,84.62057231474495,70.1192661205437,113.62318470314744,13073.0,2.1399999999999864,1.0,2.1399999999999864,9.0,0.005598576810380877,2.1399999999999864,9.0,0.005598576810380877,1.0,1.0,0.2800710807096032,0.43228924363347687,0.2922537032786753,79.02125338643029,84.62057231474495,70.1192661205437,113.62318470314744,47.544642857141895,11.383928571428466,41.836778524085695,0.015614021391209898,0.04685059864654004,0.05000000000001137,0.06999999999999318,0.060000000000002274,1.0,10608.0,10608.0,2021-12-21,2021-12-21 04:10:00,1.6730413967163655,190.0,1.0,best_within_2.0d,10797.0,377.9,0.5832424107187206,4.3760036431226785,32.22527881040892,0.012230020343504162,2.285057100371749,15.890706319702602,0.006381710269403211,0.4929364202292669,5.6011759621451125,36.843533123028394,0.015614239272951093,2.82998018927445,22.52492113564669,0.007835530045022196,1.8630914826498424,0.00402220134195386,1.9444468750000041,16.553125,0.005470102952261012,0.0,1
10608.0,2021-12-21 04:15:00,384.32,384.42,384.22,384.42,2659.0,1,1,0.0,sell,False,0.839214077784681,2.180000000000007,10.0,0.005703223105902069,0.32422094296034576,0.3327813211487185,0.4948917926288914,0.0012924108423203442,79.70348586842478,89.74704820982996,76.66186015030578,115.91742432887833,2659.0,2.180000000000007,1.0,2.180000000000007,10.0,0.005703223105902069,2.180000000000007,10.0,0.005703223105902069,1.0,1.0,0.32422094296034576,0.4948917926288914,0.3327813211487185,79.70348586842478,89.74704820982996,76.66186015030578,115.91742432887833,48.22222222222192,11.333333333333275,43.27274423718405,0.026019983347216575,0.05205351100931461,0.0,0.0999999999999659,0.10000000000002274,1.0,10609.0,10609.0,2021-12-21,2021-12-21 04:15:00,1.6960615992924506,189.0,1.0,best_within_2.0d,10797.0,377.9,0.5832424107187206,4.3760036431226785,32.22527881040892,0.012230020343504162,2.285057100371749,15.890706319702602,0.006381710269403211,0.4929364202292669,5.6011759621451125,36.843533123028394,0.015614239272951093,2.82998018927445,22.52492113564669,0.007835530045022196,1.8630914826498424,0.00402220134195386,1.9444468750000041,16.553125,0.005470102952261012,1.0,1
10613.0,2021-12-21 04:40:00,383.94,383.94,383.67,383.67,1309.0,3a,3a,1.0,buy,False,2.6161573880260843e-05,4.163492493946733,28.239017640954685,0.011578080659927173,0.03901855617807681,0.44686123808306705,0.46637051617210545,0.0012168442690239705,58.00020668886803,54.82265655438,73.42350199542969,17.620965672280647,1309.0,0.75,2.0,0.75,6.0,0.001950991103480568,0.75,6.0,0.001950991103480568,3.0,3.0,0.03901855617807681,0.46637051617210545,0.44686123808306705,58.00020668886803,54.82265655438,73.42350199542969,17.620965672280647,41.63265306122394,12.040816326531317,47.26966126796335,-0.0703234880450023,0.07037297677691293,0.0,0.0,0.2699999999999818,0.0,10614.0,10614.0,2021-12-21,2021-12-21 04:40:00,2.817525477624,352.0,1.0,best_within_2.0d,10965.0,394.48,0.5832424107187206,4.3760036431226785,32.22527881040892,0.012230020343504162,2.285057100371749,15.890706319702602,0.006381710269403211,0.4929364202292669,5.6011759621451125,36.843533123028394,0.015614239272951093,2.82998018927445,22.52492113564669,0.007835530045022196,1.8630914826498424,2.6161573880260843e-05,0.75,6.0,0.001950991103480568,0.0,0
10614.0,2021-12-21 04:45:00,383.49,383.5,383.2,383.21,3750.0,3a,3a,1.0,buy,False,2.6161573880260843e-05,4.163492493946733,28.239017640954685,0.011578080659927173,-0.0902575836934727,0.43557904012138293,0.3904502482746466,0.0010187649771811029,49.645058893686446,36.82166174663559,61.22288857916499,-11.980791918423193,3750.0,1.2200000000000273,2.0,1.2200000000000273,7.0,0.0031736121949951283,1.2200000000000273,7.0,0.0031736121949951283,3.0,3.0,-0.0902575836934727,0.3904502482746466,0.43557904012138293,49.645058893686446,36.82166174663559,61.22288857916499,-11.980791918423193,36.34538152610433,21.285140562250106,45.75985719033611,-0.0730136379045163,0.07828810020877124,0.009999999999990905,0.009999999999990905,0.28000000000002956,0.0,10615.0,10615.0,2021-12-21,2021-12-21 04:45:00,2.940946217478677,351.0,1.0,best_within_2.0d,10965.0,394.48,0.5832424107187206,4.3760036431226785,32.22527881040892,0.012230020343504162,2.285057100371749,15.890706319702602,0.006381710269403211,0.4929364202292669,5.6011759621451125,36.843533123028394,0.015614239272951093,2.82998018927445,22.52492113564669,0.007835530045022196,1.8630914826498424,2.6161573880260843e-05,1.2200000000000273,7.0,0.0031736121949951283,0.0,0
10615.0,2021-12-21 04:50:00,383.17,383.45,383.17,383.45,6697.0,3a,3a,1.0,buy,False,2.6161573880260843e-05,4.163492493946733,28.239017640954685,0.011578080659927173,-0.1438636152848185,0.41759608821078065,0.3456642805683714,0.0009018757836453639,53.41559610591518,32.014441164423,51.48673944091765,-6.93015538856632,6697.0,1.25,2.0,1.25,8.0,0.0032516518391342802,1.25,8.0,0.0032516518391342802,3.0,3.0,-0.1438636152848185,0.3456642805683714,0.41759608821078065,53.41559610591518,32.014441164423,51.48673944091765,-6.93015538856632,34.25742574257454,21.584158415842168,44.1123699239544,0.07307461440091152,0.07307461440091152,0.0,0.0,0.2799999999999727,1.0,10616.0,10616.0,2021-12-21,2021-12-21 04:50:00,2.8765158430043107,350.0,1.0,best_within_2.0d,10965.0,394.48,0.5832424107187206,4.3760036431226785,32.22527881040892,0.012230020343504162,2.285057100371749,15.890706319702602,0.006381710269403211,0.4929364202292669,5.6011759621451125,36.843533123028394,0.015614239272951093,2.82998018927445,22.52492113564669,0.007835530045022196,1.8630914826498424,2.6161573880260843e-05,1.25,8.0,0.0032516518391342802,0.0,0
10617.0,2021-12-21 05:00:00,383.18,383.18,382.92,383.0,12271.0,3a,3a,1.0,buy,False,2.6161573880260843e-05,4.163492493946733,28.239017640954685,0.011578080659927173,-0.2663923055981765,0.3593928547267081,0.22619670192761987,0.0005902021636527649,46.110128268021185,17.98599787487761,34.273059956392416,-14.588126288151997,12271.0,1.5,2.0,1.5,10.0,0.003901982206961136,1.5,10.0,0.003901982206961136,3.0,3.0,-0.2663923055981765,0.22619670192761987,0.3593928547267081,46.110128268021185,17.98599787487761,34.273059956392416,-14.588126288151997,32.19047619047615,27.428571428570304,40.037689504993,-0.04697531186387776,0.06789930011490412,0.0,0.07999999999998408,0.18000000000000682,0.0,10618.0,10618.0,2021-12-21,2021-12-21 05:00:00,2.9973890339425635,348.0,1.0,best_within_2.0d,10965.0,394.48,0.5832424107187206,4.3760036431226785,32.22527881040892,0.012230020343504162,2.285057100371749,15.890706319702602,0.006381710269403211,0.4929364202292669,5.6011759621451125,36.843533123028394,0.015614239272951093,2.82998018927445,22.52492113564669,0.007835530045022196,1.8630914826498424,2.6161573880260843e-05,1.5,10.0,0.003901982206961136,1.0,0
10621.0,2021-12-21 05:20:00,383.78,383.84,383.78,383.84,2389.0,2,2,0.0,sell,False,0.6133333333333061,4.163492493946733,28.239017640954685,0.011578080659927173,-0.11733791704605046,0.2624419586590071,0.20377300013598187,0.000531563435626069,58.75841627166227,57.2380464503347,41.240460357387306,89.23321863622948,2389.0,0.9199999999999591,1.0,1.5,10.0,0.003901982206961136,0.9199999999999591,5.0,0.002402590619450431,2.0,2.0,-0.11733791704605046,0.20377300013598187,0.2624419586590071,58.75841627166227,57.2380464503347,41.240460357387306,89.23321863622948,16.826923076923162,33.894230769230724,37.534849864722176,0.015633956954505777,0.015633956954505777,0.0,0.0,0.060000000000002274,1.0,10622.0,10622.0,2021-12-21,2021-12-21 05:20:00,1.5475197999166315,176.0,1.0,best_within_2.0d,10797.0,377.9,0.6133333333333061,1.5,10.0,0.003901982206961136,0.9199999999999591,5.0,0.002402590619450431,0.4929364202292669,5.6011759621451125,36.843533123028394,0.015614239272951093,2.82998018927445,22.52492113564669,0.007835530045022196,1.8630914826498424,0.00402220134195386,1.9444468750000041,16.553125,0.005470102952261012,0.0,1
10624.0,2021-12-21 05:35:00,383.82,383.93,383.82,383.93,4328.0,2,2,0.0,sell,False,0.6733333333333272,4.163492493946733,28.239017640954685,0.011578080659927173,-0.048801243338671974,0.2329520935462237,0.20855147187688772,0.0005439008735629665,59.475662047220936,81.85475128319247,65.41070088988978,114.74285206979786,4328.0,1.009999999999991,1.0,1.5,10.0,0.003901982206961136,1.009999999999991,8.0,0.0026376266583098057,2.0,2.0,-0.048801243338671974,0.20855147187688772,0.2329520935462237,59.475662047220936,81.85475128319247,65.41070088988978,114.74285206979786,20.279720279719502,40.55944055944033,37.84575416328015,0.02865926736491419,0.02865926736491419,0.0,0.0,0.11000000000001364,1.0,10625.0,10625.0,2021-12-21,2021-12-21 05:35:00,1.5705988070742138,173.0,1.0,best_within_2.0d,10797.0,377.9,0.6733333333333272,1.5,10.0,0.003901982206961136,1.009999999999991,8.0,0.0026376266583098057,0.4929364202292669,5.6011759621451125,36.843533123028394,0.015614239272951093,2.82998018927445,22.52492113564669,0.007835530045022196,1.8630914826498424,0.00402220134195386,1.9444468750000041,16.553125,0.005470102952261012,0.0,1
10628.0,2021-12-21 05:55:00,383.7,383.95,383.69,383.87,6115.0,2,2,0.0,sell,False,0.6866666666666484,4.163492493946733,28.239017640954685,0.011578080659927173,-0.04791779762222176,0.2028242880967582,0.17886538928564732,0.0004663807411458766,57.37924433861369,77.2702382225346,74.19211574682751,83.42648317394878,6115.0,1.0299999999999727,1.0,1.5,10.0,0.003901982206961136,1.0299999999999727,12.0,0.0026898568891673786,2.0,2.0,-0.04791779762222176,0.17886538928564732,0.2028242880967582,57.37924433861369,77.2702382225346,74.19211574682751,83.42648317394878,31.11111111110936,29.16666666666502,33.53703414958842,0.04430544696377793,0.06776303786911071,0.07999999999998408,0.009999999999990905,0.17000000000001592,1.0,10629.0,10629.0,2021-12-21,2021-12-21 05:55:00,1.5552140047411955,169.0,1.0,best_within_2.0d,10797.0,377.9,0.6866666666666484,1.5,10.0,0.003901982206961136,1.0299999999999727,12.0,0.0026898568891673786,0.4929364202292669,5.6011759621451125,36.843533123028394,0.015614239272951093,2.82998018927445,22.52492113564669,0.007835530045022196,1.8630914826498424,0.00402220134195386,1.9444468750000041,16.553125,0.005470102952261012,0.0,1
10629.0,2021-12-21 06:00:00,383.89,384.01,383.78,383.94,5311.0,2,2,0.0,sell,False,0.72666666666665,4.163492493946733,28.239017640954685,0.011578080659927173,-0.02849511543103289,0.1992623986678791,0.18501484095236265,0.00048237574560574024,58.54187734870385,81.02168886966834,76.46864012110778,90.12778636678945,5311.0,1.089999999999975,1.0,1.5,10.0,0.003901982206961136,1.089999999999975,13.0,0.002846547581740246,2.0,2.0,-0.02849511543103289,0.18501484095236265,0.1992623986678791,58.54187734870385,81.02168886966834,76.46864012110778,90.12778636678945,33.23943661971626,28.732394366195894,31.661012229812567,0.013024564328326181,0.059930168325607956,0.06999999999999318,0.11000000000001364,0.05000000000001137,1.0,10630.0,10630.0,2021-12-21,2021-12-21 06:00:00,1.5731624733031258,168.0,1.0,best_within_2.0d,10797.0,377.9,0.72666666666665,1.5,10.0,0.003901982206961136,1.089999999999975,13.0,0.002846547581740246,0.4929364202292669,5.6011759621451125,36.843533123028394,0.015614239272951093,2.82998018927445,22.52492113564669,0.007835530045022196,1.8630914826498424,0.00402220134195386,1.9444468750000041,16.553125,0.005470102952261012,0.0,1
10630.0,2021-12-21 06:05:00,383.19,383.77,382.41,383.76,42808.0,1,1,1.0,buy,False,1.2303931234625813,4.669999999999959,7.0,0.012064689469876922,-0.688624695709244,-0.23313743525709535,-0.5774497831117174,-0.0014960244312442984,27.77938904178916,28.13497129937758,44.44184383742302,-4.478773776713311,42808.0,4.669999999999959,1.0,4.669999999999959,7.0,0.012064689469876922,4.669999999999959,7.0,0.012064689469876922,1.0,1.0,-0.688624695709244,-0.5774497831117174,-0.23313743525709535,27.77938904178916,28.13497129937758,44.44184383742302,-4.478773776713311,9.415121255349211,67.9029957204005,48.14833064899745,0.14875127221482637,0.35563923537563263,0.009999999999990905,0.7799999999999727,0.5699999999999932,1.0,10631.0,10631.0,2021-12-21,2021-12-21 06:05:00,2.858557431728171,378.0,1.0,best_within_2.0d,11008.0,394.73,0.5832424107187206,4.3760036431226785,32.22527881040892,0.012230020343504162,2.285057100371749,15.890706319702602,0.006381710269403211,0.4929364202292669,5.6011759621451125,36.843533123028394,0.015614239272951093,2.82998018927445,22.52492113564669,0.007835530045022196,1.8630914826498424,0.00402220134195386,1.9444468750000041,16.553125,0.005470102952261012,0.0,0
10631.0,2021-12-21 06:10:00,383.98,384.09,383.98,384.02,2111.0,2,2,0.0,sell,False,0.7799999999999727,4.163492493946733,28.239017640954685,0.011578080659927173,-0.0038540432232672117,0.1966325789267369,0.1947055573151033,0.0005075591223319667,59.97607003618012,85.99776019138213,81.33400546321721,95.32526964771199,2111.0,1.169999999999959,1.0,1.5,10.0,0.003901982206961136,1.169999999999959,15.0,0.0030554685051706857,2.0,2.0,-0.0038540432232672117,0.1947055573151033,0.1966325789267369,59.97607003618012,85.99776019138213,81.33400546321721,95.32526964771199,41.64037854889338,20.820189274447586,30.162873408420445,0.010417209229637903,0.028647325381519036,0.06999999999999318,0.0,0.03999999999996362,1.0,10632.0,10632.0,2021-12-21,2021-12-21 06:10:00,1.5936669965105996,166.0,1.0,best_within_2.0d,10797.0,377.9,0.7799999999999727,1.5,10.0,0.003901982206961136,1.169999999999959,15.0,0.0030554685051706857,0.4929364202292669,5.6011759621451125,36.843533123028394,0.015614239272951093,2.82998018927445,22.52492113564669,0.007835530045022196,1.8630914826498424,0.00402220134195386,1.9444468750000041,16.553125,0.005470102952261012,0.0,1
10632.0,2021-12-21 06:15:00,384.25,384.39,384.18,384.39,12450.0,2,2,0.0,sell,False,0.9799999999999803,4.163492493946733,28.239017640954685,0.011578080659927173,0.0483430212108516,0.20267545657809335,0.22684696718351915,0.000591256589284934,65.90388028575404,90.66517346092141,84.44439479578527,103.10673079119366,12450.0,1.4699999999999704,1.0,1.5,10.0,0.003901982206961136,1.4699999999999704,16.0,0.0038389219680350214,2.0,2.0,0.0483430212108516,0.22684696718351915,0.20267545657809335,65.90388028575404,90.66517346092141,84.44439479578527,103.10673079119366,44.585987261144965,21.019108280254233,30.57426317189663,0.036434612882234575,0.054661877245036065,0.0,0.06999999999999318,0.13999999999998636,1.0,10633.0,10633.0,2021-12-21,2021-12-21 06:15:00,1.6883893961861673,165.0,1.0,best_within_2.0d,10797.0,377.9,0.9799999999999803,1.5,10.0,0.003901982206961136,1.4699999999999704,16.0,0.0038389219680350214,0.4929364202292669,5.6011759621451125,36.843533123028394,0.015614239272951093,2.82998018927445,22.52492113564669,0.007835530045022196,1.8630914826498424,0.00402220134195386,1.9444468750000041,16.553125,0.005470102952261012,0.0,1
10633.0,2021-12-21 06:20:00,384.4,384.46,384.4,384.46,2291.0,1p,1p,0.0,sell,False,0.25835422089516996,1.5399999999999636,17.0,0.004021727776036675,0.08376387495183957,0.21314594094707334,0.2550278784229931,0.0006646061807655322,66.90261298899024,93.77678230728094,87.55519063295048,106.21996565594185,2291.0,1.5399999999999636,0.0,1.5399999999999636,17.0,0.004021727776036675,1.5399999999999636,0.0,0.0,1.0,1.0,0.08376387495183957,0.2550278784229931,0.21314594094707334,66.90261298899024,93.77678230728094,87.55519063295048,106.21996565594185,45.4849498327733,22.073578595317013,30.865634755799267,0.015608740894901737,0.015608740894901737,0.0,0.0,0.060000000000002274,1.0,10634.0,10634.0,2021-12-21,2021-12-21 06:20:00,1.7062893408937216,164.0,1.0,best_within_2.0d,10797.0,377.9,0.5832424107187206,4.3760036431226785,32.22527881040892,0.012230020343504162,2.285057100371749,15.890706319702602,0.006381710269403211,0.4929364202292669,5.6011759621451125,36.843533123028394,0.015614239272951093,2.82998018927445,22.52492113564669,0.007835530045022196,1.8630914826498424,0.00402220134195386,1.9444468750000041,16.553125,0.005470102952261012,0.0,1
10634.0,2021-12-21 06:25:00,384.48,385.0,384.48,384.95,12569.0,1p,1p,0.0,sell,False,0.4941962634059807,2.079999999999984,18.0,0.0054319440091924786,0.16022882794859283,0.23317454444064745,0.31328895841494386,0.0008162427870485813,72.88908789225371,94.68568703935253,89.93202276841782,104.19301558122197,12569.0,2.079999999999984,0.0,2.079999999999984,18.0,0.0054319440091924786,2.079999999999984,0.0,0.0,1.0,1.0,0.16022882794859283,0.31328895841494386,0.23317454444064745,72.88908789225371,94.68568703935253,89.93202276841782,104.19301558122197,52.68138801261589,20.820189274447216,31.757206522169184,0.12224302954639264,0.13524760715771478,0.05000000000001137,0.0,0.46999999999997044,1.0,10635.0,10635.0,2021-12-21,2021-12-21 06:25:00,1.8314066761917163,163.0,1.0,best_within_2.0d,10797.0,377.9,0.5832424107187206,4.3760036431226785,32.22527881040892,0.012230020343504162,2.285057100371749,15.890706319702602,0.006381710269403211,0.4929364202292669,5.6011759621451125,36.843533123028394,0.015614239272951093,2.82998018927445,22.52492113564669,0.007835530045022196,1.8630914826498424,0.00402220134195386,1.9444468750000041,16.553125,0.005470102952261012,0.0,1
10636.0,2021-12-21 06:35:00,384.94,385.07,384.88,384.96,7072.0,1p,1p,0.0,sell,False,0.624526817295312,2.1499999999999773,20.0,0.005614749817194132,0.20248473606019135,0.2826041110744383,0.38384647910453396,0.0009996544576984924,72.66248286641247,93.88561663884109,92.33475615549693,96.98733760552938,7072.0,2.1499999999999773,0.0,2.1499999999999773,20.0,0.005614749817194132,2.1499999999999773,0.0,0.0,1.0,1.0,0.20248473606019135,0.38384647910453396,0.2826041110744383,72.66248286641247,93.88561663884109,92.33475615549693,96.98733760552938,52.941176470585546,17.33746130030957,33.707715699544686,0.005195614901018811,0.049366036167116434,0.11000000000001364,0.060000000000002274,0.01999999999998181,1.0,10637.0,10637.0,2021-12-21,2021-12-21 06:35:00,1.8339567747298429,161.0,1.0,best_within_2.0d,10797.0,377.9,0.5832424107187206,4.3760036431226785,32.22527881040892,0.012230020343504162,2.285057100371749,15.890706319702602,0.006381710269403211,0.4929364202292669,5.6011759621451125,36.843533123028394,0.015614239272951093,2.82998018927445,22.52492113564669,0.007835530045022196,1.8630914826498424,0.00402220134195386,1.9444468750000041,16.553125,0.005470102952261012,1.0,1
10646.0,2021-12-21 07:25:00,384.86,385.18,384.86,385.06,29311.0,1p,1p,0.0,sell,False,4.938641428451148e-07,0.5699999999999932,5.0,0.0014820207482904584,-0.02768166452090548,0.3334715817062738,0.31963074944582104,0.0008314194525613566,68.30336164269208,63.290228183575415,59.483333721701,70.90401710732425,29311.0,0.5699999999999932,0.0,0.5699999999999932,5.0,0.0014820207482904584,0.5699999999999932,0.0,0.0,1.0,1.0,-0.02768166452090548,0.31963074944582104,0.3334715817062738,68.30336164269208,63.290228183575415,59.483333721701,70.90401710732425,44.87632508834174,17.667844522966643,43.76299503514374,0.05196694902042005,0.08314711843267504,0.12000000000000455,0.0,0.19999999999998863,1.0,10647.0,10647.0,2021-12-21,2021-12-21 07:25:00,1.8594504752506167,151.0,1.0,best_within_2.0d,10797.0,377.9,0.5832424107187206,4.3760036431226785,32.22527881040892,0.012230020343504162,2.285057100371749,15.890706319702602,0.006381710269403211,0.4929364202292669,5.6011759621451125,36.843533123028394,0.015614239272951093,2.82998018927445,22.52492113564669,0.007835530045022196,1.8630914826498424,0.00402220134195386,1.9444468750000041,16.553125,0.005470102952261012,0.0,1
10650.0,2021-12-21 07:45:00,385.02,385.3,385.02,385.19,8945.0,1p,1p,0.0,sell,False,4.938641428451148e-07,0.6899999999999977,9.0,0.0017940251163516229,-0.02600500244869619,0.31617993784985166,0.30317743662550356,0.0007882903027275463,69.42434804281721,72.48990805603619,66.60850269782355,84.25271877246144,8945.0,0.6899999999999977,0.0,0.6899999999999977,9.0,0.0017940251163516229,0.6899999999999977,0.0,0.0,1.0,1.0,-0.02600500244869619,0.30317743662550356,0.31617993784985166,69.42434804281721,72.48990805603619,66.60850269782355,84.25271877246144,28.571428571430708,20.676691729321846,37.248510499056486,0.04415355046491505,0.07272349488339036,0.11000000000001364,0.0,0.17000000000001592,1.0,10651.0,10651.0,2021-12-21,2021-12-21 07:45:00,1.8925724966899506,147.0,1.0,best_within_2.0d,10797.0,377.9,0.5832424107187206,4.3760036431226785,32.22527881040892,0.012230020343504162,2.285057100371749,15.890706319702602,0.006381710269403211,0.4929364202292669,5.6011759621451125,36.843533123028394,0.015614239272951093,2.82998018927445,22.52492113564669,0.007835530045022196,1.8630914826498424,0.00402220134195386,1.9444468750000041,16.553125,0.005470102952261012,0.0,1
10651.0,2021-12-21 07:50:00,385.33,385.39,385.25,385.3,20686.0,1p,1p,0.0,sell,False,4.938641428451148e-07,0.7799999999999727,10.0,0.0020280283923974226,-0.0062472438395596575,0.3153990323699067,0.31227541045012686,0.0008118366479351606,71.42393444002767,77.71257028297254,70.30985855953988,92.51799372983785,20686.0,0.7799999999999727,0.0,0.7799999999999727,10.0,0.0020280283923974226,0.7799999999999727,0.0,0.0,1.0,1.0,-0.0062472438395596575,0.31227541045012686,0.3153990323699067,71.42393444002767,77.71257028297254,70.30985855953988,92.51799372983785,32.81853281853401,13.899613899612365,37.48046458973825,-0.007785534476934761,0.03634003893575246,0.060000000000002274,0.05000000000001137,0.029999999999972715,0.0,10652.0,10652.0,2021-12-21,2021-12-21 07:50:00,1.920581365170006,146.0,1.0,best_within_2.0d,10797.0,377.9,0.5832424107187206,4.3760036431226785,32.22527881040892,0.012230020343504162,2.285057100371749,15.890706319702602,0.006381710269403211,0.4929364202292669,5.6011759621451125,36.843533123028394,0.015614239272951093,2.82998018927445,22.52492113564669,0.007835530045022196,1.8630914826498424,0.00402220134195386,1.9444468750000041,16.553125,0.005470102952261012,0.0,1
10652.0,2021-12-21 07:55:00,385.3,385.41,385.2,385.23,12457.0,1p,1p,0.0,sell,False,4.938641428451148e-07,0.8000000000000114,11.0,0.002080029120407715,-0.008221311151663246,0.31437136847594876,0.31026071290011714,0.0008065093329522712,68.36015481724786,77.44940582967399,72.68970764958458,86.96880218985282,12457.0,0.8000000000000114,0.0,0.8000000000000114,11.0,0.002080029120407715,0.8000000000000114,0.0,0.0,1.0,1.0,-0.008221311151663246,0.31026071290011714,0.31437136847594876,68.36015481724786,77.44940582967399,72.68970764958458,86.96880218985282,33.333333333334075,14.90196078431348,37.53267298431571,-0.018167661562417125,0.054517133956395736,0.11000000000001364,0.03000000000002956,0.06999999999999318,0.0,10653.0,10653.0,2021-12-21,2021-12-21 07:55:00,1.902759390494001,145.0,1.0,best_within_2.0d,10797.0,377.9,0.5832424107187206,4.3760036431226785,32.22527881040892,0.012230020343504162,2.285057100371749,15.890706319702602,0.006381710269403211,0.4929364202292669,5.6011759621451125,36.843533123028394,0.015614239272951093,2.82998018927445,22.52492113564669,0.007835530045022196,1.8630914826498424,0.00402220134195386,1.9444468750000041,16.553125,0.005470102952261012,0.0,1
10653.0,2021-12-21 08:00:00,384.7101,385.5,380.975,384.83,45744.0,1p,1p,0.0,sell,False,4.938641428451148e-07,0.8899999999999864,12.0,0.0023140323964535147,-0.06581390215365412,0.306144630706742,0.27323767962991496,0.0007102511957337142,54.08353334290062,80.03072727503114,75.1367141914001,89.8187534422932,45744.0,0.8899999999999864,0.0,0.8899999999999864,12.0,0.0023140323964535147,0.8899999999999864,0.0,0.0,1.0,1.0,-0.06581390215365412,0.27323767962991496,0.306144630706742,54.08353334290062,80.03072727503114,75.1367141914001,89.8187534422932,11.32616487455232,66.02150537634385,39.902740894412524,0.031166324980803156,1.1877419778200609,0.6700000000000159,3.7350999999999885,0.1198999999999728,1.0,10654.0,10654.0,2021-12-21,2021-12-21 08:00:00,1.8007951563027849,144.0,1.0,best_within_2.0d,10797.0,377.9,0.5832424107187206,4.3760036431226785,32.22527881040892,0.012230020343504162,2.285057100371749,15.890706319702602,0.006381710269403211,0.4929364202292669,5.6011759621451125,36.843533123028394,0.015614239272951093,2.82998018927445,22.52492113564669,0.007835530045022196,1.8630914826498424,0.00402220134195386,1.9444468750000041,16.553125,0.005470102952261012,1.0,1
10689.0,2021-12-21 11:00:00,381.805,382.27,381.52,382.22,333631.0,2,2,0.0,sell,False,0.3904510284959367,4.163492493946733,28.239017640954685,0.011578080659927173,0.26224772529323803,-0.7903654155943384,-0.6592415529477194,-0.0017242805215832004,48.39120688075039,57.46832961887757,40.13249660321108,92.13999565021055,333631.0,2.06899999999996,1.0,5.298999999999978,32.0,0.01374578469520098,2.06899999999996,6.0,0.005441858385432863,2.0,2.0,0.26224772529323803,-0.6592415529477194,-0.7903654155943384,48.39120688075039,57.46832961887757,40.13249660321108,92.13999565021055,17.604252908623433,18.46703560067915,43.27892555021243,0.10869422872933053,0.19658209268190396,0.049999999999954525,0.285000000000025,0.41500000000002046,1.0,10690.0,10690.0,2021-12-21,2021-12-21 11:00:00,1.1302391292972764,108.0,1.0,best_within_2.0d,10797.0,377.9,0.3904510284959367,5.298999999999978,32.0,0.01374578469520098,2.06899999999996,6.0,0.005441858385432863,0.4929364202292669,5.6011759621451125,36.843533123028394,0.015614239272951093,2.82998018927445,22.52492113564669,0.007835530045022196,1.8630914826498424,0.00402220134195386,1.9444468750000041,16.553125,0.005470102952261012,0.0,1
10690.0,2021-12-21 11:05:00,382.26,383.37,382.26,383.305,465676.0,2,2,0.0,sell,False,0.5980373655406672,4.163492493946733,28.239017640954685,0.011578080659927173,0.4967113233806022,-0.728276500171763,-0.47992083848146194,-0.0012550204354060395,58.11613013133403,70.96184633685138,50.408946514424514,112.06764598170511,465676.0,3.1689999999999827,1.0,5.298999999999978,32.0,0.01374578469520098,3.1689999999999827,7.0,0.008335064873579982,2.0,2.0,0.4967113233806022,-0.47992083848146194,-0.728276500171763,58.11613013133403,70.96184633685138,50.408946514424514,112.06764598170511,25.947024824317204,16.54122832550152,41.76881690949402,0.2733741432532873,0.2903782765656919,0.06499999999999773,0.0,1.045000000000016,1.0,10691.0,10691.0,2021-12-21,2021-12-21 11:05:00,1.4101042250949058,107.0,1.0,best_within_2.0d,10797.0,377.9,0.5980373655406672,5.298999999999978,32.0,0.01374578469520098,3.1689999999999827,7.0,0.008335064873579982,0.4929364202292669,5.6011759621451125,36.843533123028394,0.015614239272951093,2.82998018927445,22.52492113564669,0.007835530045022196,1.8630914826498424,0.00402220134195386,1.9444468750000041,16.553125,0.005470102952261012,0.0,1
10691.0,2021-12-21 11:10:00,383.31,383.4899,383.04,383.47,413685.0,2,2,0.0,sell,False,0.6206642762785373,4.163492493946733,28.239017640954685,0.011578080659927173,0.6519690807314706,-0.6467803650803292,-0.3207958247145939,-0.0008387257173182098,59.36998802707243,80.43954238342565,60.41914513742489,120.48033687542716,413685.0,3.2888999999999555,1.0,5.298999999999978,32.0,0.01374578469520098,3.2888999999999555,8.0,0.00865042438078794,2.0,2.0,0.6519690807314706,-0.3207958247145939,-0.6467803650803292,59.36998802707243,80.43954238342565,60.41914513742489,120.48033687542716,27.87154605829117,15.47606758198215,40.827867616064886,0.04174167123216848,0.11745509607350586,0.01989999999995007,0.2699999999999818,0.160000000000025,1.0,10692.0,10692.0,2021-12-21,2021-12-21 11:10:00,1.452525621300245,106.0,1.0,best_within_2.0d,10797.0,377.9,0.6206642762785373,5.298999999999978,32.0,0.01374578469520098,3.2888999999999555,8.0,0.00865042438078794,0.4929364202292669,5.6011759621451125,36.843533123028394,0.015614239272951093,2.82998018927445,22.52492113564669,0.007835530045022196,1.8630914826498424,0.00402220134195386,1.9444468750000041,16.553125,0.005470102952261012,0.0,1
10692.0,2021-12-21 11:15:00,383.46,383.52,382.9,382.98,395229.0,2,2,0.0,sell,False,0.6263445933194892,4.163492493946733,28.239017640954685,0.011578080659927173,0.6643561743730473,-0.5637358432836983,-0.23155775609717466,-0.000605352769733542,54.182497067378414,81.53637464509214,67.45822163998064,109.69268065531514,395229.0,3.31899999999996,1.0,5.298999999999978,32.0,0.01374578469520098,3.31899999999996,9.0,0.00872959303105452,2.0,2.0,0.6643561743730473,-0.23155775609717466,-0.5637358432836983,54.182497067378414,81.53637464509214,67.45822163998064,109.69268065531514,27.95663947109295,17.047053031368492,39.64312966260011,-0.12517602879047657,0.16192217289109548,0.060000000000002274,0.08000000000004093,0.47999999999996135,0.0,10693.0,10693.0,2021-12-21,2021-12-21 11:15:00,1.3264400229777118,105.0,1.0,best_within_2.0d,10797.0,377.9,0.6263445933194892,5.298999999999978,32.0,0.01374578469520098,3.31899999999996,9.0,0.00872959303105452,0.4929364202292669,5.6011759621451125,36.843533123028394,0.015614239272951093,2.82998018927445,22.52492113564669,0.007835530045022196,1.8630914826498424,0.00402220134195386,1.9444468750000041,16.553125,0.005470102952261012,0.0,1
10695.0,2021-12-21 11:30:00,383.07,383.56,383.03,383.35,220458.0,2,2,0.0,sell,False,0.6338931873938468,4.163492493946733,28.239017640954685,0.011578080659927173,0.6085051599488069,-0.33523602928728813,-0.03098344931288466,-8.097516173247655e-05,57.16083029723643,84.63165837647415,77.89654670542842,98.10188171856561,220458.0,3.3589999999999804,1.0,5.298999999999978,32.0,0.01374578469520098,3.3589999999999804,12.0,0.008834800539714468,2.0,2.0,0.6085051599488069,-0.03098344931288466,-0.33523602928728813,57.16083029723643,84.63165837647415,77.89654670542842,98.10188171856561,30.223948718989043,14.899486784185687,36.56196507355566,0.07309369044822867,0.13837036263478827,0.20999999999997954,0.040000000000020464,0.28000000000002956,1.0,10696.0,10696.0,2021-12-21,2021-12-21 11:30:00,1.4216773183774738,102.0,1.0,best_within_2.0d,10797.0,377.9,0.6338931873938468,5.298999999999978,32.0,0.01374578469520098,3.3589999999999804,12.0,0.008834800539714468,0.4929364202292669,5.6011759621451125,36.843533123028394,0.015614239272951093,2.82998018927445,22.52492113564669,0.007835530045022196,1.8630914826498424,0.00402220134195386,1.9444468750000041,16.553125,0.005470102952261012,0.0,1
10696.0,2021-12-21 11:35:00,383.34,384.255,383.07,384.23,487267.0,2,2,0.0,sell,False,0.7650500094357408,4.163492493946733,28.239017640954685,0.011578080659927173,0.6987684345170477,-0.24788997497265716,0.10149424228586668,0.00026517274478905724,63.67431285836823,89.45482960818924,81.74930767301535,104.86587347853703,487267.0,4.053999999999974,1.0,5.298999999999978,32.0,0.01374578469520098,4.053999999999974,13.0,0.010662781002680092,2.0,2.0,0.6987684345170477,0.10149424228586668,-0.24788997497265716,63.67431285836823,89.45482960818924,81.74930767301535,104.86587347853703,36.65955069630098,5.57639359961665,39.20711655623251,0.2321698753065277,0.30934293993265,0.024999999999977263,0.2699999999999818,0.8900000000000432,1.0,10697.0,10697.0,2021-12-21,2021-12-21 11:35:00,1.6474507456471488,101.0,1.0,best_within_2.0d,10797.0,377.9,0.7650500094357408,5.298999999999978,32.0,0.01374578469520098,4.053999999999974,13.0,0.010662781002680092,0.4929364202292669,5.6011759621451125,36.843533123028394,0.015614239272951093,2.82998018927445,22.52492113564669,0.007835530045022196,1.8630914826498424,0.00402220134195386,1.9444468750000041,16.553125,0.005470102952261012,0.0,1
10697.0,2021-12-21 11:40:00,384.24,384.81,384.1,384.77,450960.0,2,2,0.0,sell,False,0.8697867522173994,4.163492493946733,28.239017640954685,0.011578080659927173,0.7921561184195172,-0.14887046017021752,0.24720759903954104,0.0006456235280981319,66.99097114158829,92.56461791508441,85.35441108703837,106.9850315711765,450960.0,4.6089999999999804,1.0,5.298999999999978,32.0,0.01374578469520098,4.6089999999999804,14.0,0.012122535185336125,2.0,2.0,0.7921561184195172,0.24720759903954104,-0.14887046017021752,66.99097114158829,92.56461791508441,85.35441108703837,106.9850315711765,42.967575474381455,4.256226890414701,42.261910406724546,0.13793462419320549,0.18484769591251743,0.040000000000020464,0.13999999999998636,0.5299999999999727,1.0,10698.0,10698.0,2021-12-21,2021-12-21 11:40:00,1.7854822361410727,100.0,1.0,best_within_2.0d,10797.0,377.9,0.8697867522173994,5.298999999999978,32.0,0.01374578469520098,4.6089999999999804,14.0,0.012122535185336125,0.4929364202292669,5.6011759621451125,36.843533123028394,0.015614239272951093,2.82998018927445,22.52492113564669,0.007835530045022196,1.8630914826498424,0.00402220134195386,1.9444468750000041,16.553125,0.005470102952261012,0.0,1
10698.0,2021-12-21 11:45:00,384.78,384.81,384.47,384.47,330418.0,2,2,0.0,sell,False,0.8697867522173994,4.163492493946733,28.239017640954685,0.011578080659927173,0.7735874256124852,-0.05217203196865687,0.3346216808375857,0.0008736540750084785,63.52107173031649,90.59863416561217,87.10248544656297,97.59093160371057,330418.0,4.6089999999999804,1.0,5.298999999999978,32.0,0.01374578469520098,4.6089999999999804,15.0,0.012122535185336125,2.0,2.0,0.7735874256124852,0.3346216808375857,-0.05217203196865687,63.52107173031649,90.59863416561217,87.10248544656297,97.59093160371057,44.78264552057096,4.023122366442898,45.208469817930265,-0.08056551795829967,0.0884334278357154,0.03000000000002956,0.0,0.30999999999994543,0.0,10699.0,10699.0,2021-12-21,2021-12-21 11:45:00,1.7088459437667565,99.0,1.0,best_within_2.0d,10797.0,377.9,0.8697867522173994,5.298999999999978,32.0,0.01374578469520098,4.6089999999999804,15.0,0.012122535185336125,0.4929364202292669,5.6011759621451125,36.843533123028394,0.015614239272951093,2.82998018927445,22.52492113564669,0.007835530045022196,1.8630914826498424,0.00402220134195386,1.9444468750000041,16.553125,0.005470102952261012,0.0,1
10699.0,2021-12-21 11:50:00,384.48,384.86,384.4599,384.8522,256204.0,2,2,0.0,sell,False,0.8792224948103436,4.163492493946733,28.239017640954685,0.011578080659927173,0.7711297046885949,0.04421918111741748,0.4297840334617149,0.001121711922848196,65.94143768004427,93.61424095889248,89.27307061733947,102.2965816419985,256204.0,4.658999999999992,1.0,5.298999999999978,32.0,0.01374578469520098,4.658999999999992,16.0,0.012254044571161022,2.0,2.0,0.7711297046885949,0.4297840334617149,0.04421918111741748,65.94143768004427,93.61424095889248,89.27307061733947,102.2965816419985,43.80401276296585,4.110107619923185,47.89671172525406,0.09680607573865062,0.10406807055820619,0.0078000000000315595,0.02010000000001355,0.3721999999999639,1.0,10700.0,10700.0,2021-12-21,2021-12-21 11:50:00,1.8064597266171287,98.0,1.0,best_within_2.0d,10797.0,377.9,0.8792224948103436,5.298999999999978,32.0,0.01374578469520098,4.658999999999992,16.0,0.012254044571161022,0.4929364202292669,5.6011759621451125,36.843533123028394,0.015614239272951093,2.82998018927445,22.52492113564669,0.007835530045022196,1.8630914826498424,0.00402220134195386,1.9444468750000041,16.553125,0.005470102952261012,0.0,1
10700.0,2021-12-21 11:55:00,384.845,384.985,384.2401,384.4899,383172.0,2,2,0.0,sell,False,0.9028118512926989,4.163492493946733,28.239017640954685,0.011578080659927173,0.6821168046069638,0.12948378169328795,0.47054218399676984,0.0012277703609744805,61.75834986118302,88.6446194206231,89.06358688510068,87.80668449166797,383172.0,4.783999999999992,1.0,5.298999999999978,32.0,0.01374578469520098,4.783999999999992,17.0,0.012582818035723187,2.0,2.0,0.6821168046069638,0.47054218399676984,0.12948378169328795,61.75834986118302,88.6446194206231,89.06358688510068,87.80668449166797,42.18694924215737,6.606891082129196,49.68402940995117,-0.09227091426419726,0.19386316003978493,0.13999999999998636,0.24979999999999336,0.35510000000004993,0.0,10701.0,10701.0,2021-12-21,2021-12-21 11:55:00,1.7139331878418655,97.0,1.0,best_within_2.0d,10797.0,377.9,0.9028118512926989,5.298999999999978,32.0,0.01374578469520098,4.783999999999992,17.0,0.012582818035723187,0.4929364202292669,5.6011759621451125,36.843533123028394,0.015614239272951093,2.82998018927445,22.52492113564669,0.007835530045022196,1.8630914826498424,0.00402220134195386,1.9444468750000041,16.553125,0.005470102952261012,0.0,1
10701.0,2021-12-21 12:00:00,384.47,385.02,384.46,384.59,295361.0,2,2,0.0,sell,False,0.9094168711077524,4.163492493946733,28.239017640954685,0.011578080659927173,0.6009828917137503,0.20460664315750673,0.5050980890143819,0.0013175945395782222,62.46679247623015,86.35629995273158,88.16115790764431,82.74658404290614,295361.0,4.81899999999996,1.0,5.298999999999978,32.0,0.01374578469520098,4.81899999999996,18.0,0.01267487460580051,2.0,2.0,0.6009828917137503,0.5050980890143819,0.20460664315750673,62.46679247623015,86.35629995273158,88.16115790764431,82.74658404290614,40.8886597244793,6.723235402912333,51.26075368917923,0.031211798059652948,0.14565884617385483,0.4300000000000068,0.010000000000047748,0.1199999999999477,1.0,10702.0,10702.0,2021-12-21,2021-12-21 12:00:00,1.739514807977326,96.0,1.0,best_within_2.0d,10797.0,377.9,0.9094168711077524,5.298999999999978,32.0,0.01374578469520098,4.81899999999996,18.0,0.01267487460580051,0.4929364202292669,5.6011759621451125,36.843533123028394,0.015614239272951093,2.82998018927445,22.52492113564669,0.007835530045022196,1.8630914826498424,0.00402220134195386,1.9444468750000041,16.553125,0.005470102952261012,0.0,1
10703.0,2021-12-21 12:10:00,384.8,385.41,384.62,385.268,353652.0,2,2,0.0,sell,False,0.983015663332709,4.163492493946733,28.239017640954685,0.011578080659927173,0.5323708591280923,0.33918432762519096,0.6053697571892371,0.0015781616063910483,67.13371603064597,90.03985090808959,88.76112484819319,92.59730302788239,353652.0,5.209000000000003,1.0,5.298999999999978,32.0,0.01374578469520098,5.209000000000003,20.0,0.013700647815234581,2.0,2.0,0.5323708591280923,0.6053697571892371,0.33918432762519096,67.13371603064597,90.03985090808959,88.76112484819319,92.59730302788239,39.42347091329971,8.967984141574114,52.69105363827475,0.12162162162161144,0.20539753522958257,0.14200000000005275,0.18000000000000682,0.4679999999999609,1.0,10704.0,10704.0,2021-12-21,2021-12-21 12:10:00,1.9124349803253826,94.0,1.0,best_within_2.0d,10797.0,377.9,0.983015663332709,5.298999999999978,32.0,0.01374578469520098,5.209000000000003,20.0,0.013700647815234581,0.4929364202292669,5.6011759621451125,36.843533123028394,0.015614239272951093,2.82998018927445,22.52492113564669,0.007835530045022196,1.8630914826498424,0.00402220134195386,1.9444468750000041,16.553125,0.005470102952261012,0.0,1
10704.0,2021-12-21 12:15:00,385.28,385.5,385.11,385.35,245189.0,1,1,0.0,sell,False,3.9121769563116002,5.298999999999978,21.0,0.013937364709719274,0.5012986364742111,0.4018466571844673,0.6524959754215729,0.0017004393970636903,67.67030095114649,91.30228743666909,89.60817904435183,94.69050422130363,245189.0,5.298999999999978,2.0,5.298999999999978,21.0,0.013937364709719274,5.298999999999978,21.0,0.013937364709719274,1.0,1.0,0.5012986364742111,0.6524959754215729,0.4018466571844673,67.67030095114649,91.30228743666909,89.60817904435183,94.69050422130363,30.833504637299058,9.792137752572588,52.626929441205455,0.018168604651175778,0.10126976707953217,0.14999999999997726,0.16999999999995907,0.07000000000005002,1.0,10705.0,10705.0,2021-12-21,2021-12-21 12:15:00,1.9333073828986753,93.0,1.0,best_within_2.0d,10797.0,377.9,0.5832424107187206,4.3760036431226785,32.22527881040892,0.012230020343504162,2.285057100371749,15.890706319702602,0.006381710269403211,0.4929364202292669,5.6011759621451125,36.843533123028394,0.015614239272951093,2.82998018927445,22.52492113564669,0.007835530045022196,1.8630914826498424,0.00402220134195386,1.9444468750000041,16.553125,0.005470102952261012,0.0,1
10706.0,2021-12-21 12:25:00,385.34,385.915,385.2,385.8675,356760.0,1,1,0.0,sell,False,3.9121769563116002,5.713999999999999,23.0,0.015028892612065718,0.4484228257124738,0.5137671097224208,0.7379785225786577,0.001921859687098066,71.04485606131719,92.64933736271281,90.79608117356173,96.35584974101499,356760.0,5.713999999999999,2.0,5.713999999999999,23.0,0.015028892612065718,5.713999999999999,23.0,0.015028892612065718,1.0,1.0,0.4484228257124738,0.7379785225786577,0.5137671097224208,71.04485606131719,92.64933736271281,90.79608117356173,96.35584974101499,36.08247422680438,8.972710733777383,52.78168147400026,0.13689209529247726,0.18561786085151397,0.04750000000001364,0.13999999999998636,0.5275000000000318,1.0,10707.0,10707.0,2021-12-21,2021-12-21 12:25:00,2.0648279526003175,91.0,1.0,best_within_2.0d,10797.0,377.9,0.5832424107187206,4.3760036431226785,32.22527881040892,0.012230020343504162,2.285057100371749,15.890706319702602,0.006381710269403211,0.4929364202292669,5.6011759621451125,36.843533123028394,0.015614239272951093,2.82998018927445,22.52492113564669,0.007835530045022196,1.8630914826498424,0.00402220134195386,1.9444468750000041,16.553125,0.005470102952261012,0.0,1
10707.0,2021-12-21 12:30:00,385.87,386.18,385.73,386.01,282328.0,1,1,0.0,sell,False,3.9121769563116002,5.978999999999985,24.0,0.015725892356937474,0.43466486944855975,0.5681002184034908,0.7854326531277707,0.0020446447729898605,71.92985120772579,92.17844546967228,91.25686927226525,94.02159786448635,282328.0,5.978999999999985,2.0,5.978999999999985,24.0,0.015725892356937474,5.978999999999985,24.0,0.015725892356937474,1.0,1.0,0.43466486944855975,0.7854326531277707,0.5681002184034908,71.92985120772579,92.17844546967228,91.25686927226525,94.02159786448635,39.6572827417381,6.117503059975427,54.24522550659817,0.036281649260109974,0.11666191377388033,0.17000000000001592,0.13999999999998636,0.13999999999998636,1.0,10708.0,10708.0,2021-12-21,2021-12-21 12:30:00,2.1009818398487123,90.0,1.0,best_within_2.0d,10797.0,377.9,0.5832424107187206,4.3760036431226785,32.22527881040892,0.012230020343504162,2.285057100371749,15.890706319702602,0.006381710269403211,0.4929364202292669,5.6011759621451125,36.843533123028394,0.015614239272951093,2.82998018927445,22.52492113564669,0.007835530045022196,1.8630914826498424,0.00402220134195386,1.9444468750000041,16.553125,0.005470102952261012,0.0,1
10708.0,2021-12-21 12:35:00,386.01,386.23,385.77,385.975,265010.0,1,1,0.0,sell,False,3.9121769563116002,6.028999999999996,25.0,0.01585740174276237,0.3884300393239235,0.6166539733189812,0.810868992980943,0.002110114771913785,71.35299808240052,90.51405887736446,91.0092658072983,89.52364501749679,265010.0,6.028999999999996,2.0,6.028999999999996,25.0,0.01585740174276237,6.028999999999996,25.0,0.01585740174276237,1.0,1.0,0.3884300393239235,0.810868992980943,0.6166539733189812,71.35299808240052,90.51405887736446,91.0092658072983,89.52364501749679,40.170940170940156,6.1025641025639805,55.62941925174672,-0.009067122613395552,0.11924203540970953,0.22000000000002728,0.20500000000004093,0.03499999999996817,0.0,10709.0,10709.0,2021-12-21,2021-12-21 12:35:00,2.092104410907454,89.0,1.0,best_within_2.0d,10797.0,377.9,0.5832424107187206,4.3760036431226785,32.22527881040892,0.012230020343504162,2.285057100371749,15.890706319702602,0.006381710269403211,0.4929364202292669,5.6011759621451125,36.843533123028394,0.015614239272951093,2.82998018927445,22.52492113564669,0.007835530045022196,1.8630914826498424,0.00402220134195386,1.9444468750000041,16.553125,0.005470102952261012,0.0,1
10710.0,2021-12-21 12:45:00,385.94,386.27,385.91,386.0,240262.0,1,1,0.0,sell,False,3.9121769563116002,6.06899999999996,27.0,0.015962609251422167,0.26008084938891574,0.6893134751558835,0.8193538998503413,0.0021308614061818745,71.03327172865946,87.88189150980769,89.41052765796688,84.82461921348929,240262.0,6.06899999999996,2.0,6.06899999999996,27.0,0.015962609251422167,6.06899999999996,27.0,0.015962609251422167,1.0,1.0,0.26008084938891574,0.8193538998503413,0.6893134751558835,71.03327172865946,87.88189150980769,89.41052765796688,84.82461921348929,34.086097388850064,7.054340155257513,57.31879366105251,0.01554645799865323,0.09328599932625659,0.2699999999999818,0.029999999999972715,0.060000000000002274,1.0,10711.0,10711.0,2021-12-21,2021-12-21 12:45:00,2.098445595854928,87.0,1.0,best_within_2.0d,10797.0,377.9,0.5832424107187206,4.3760036431226785,32.22527881040892,0.012230020343504162,2.285057100371749,15.890706319702602,0.006381710269403211,0.4929364202292669,5.6011759621451125,36.843533123028394,0.015614239272951093,2.82998018927445,22.52492113564669,0.007835530045022196,1.8630914826498424,0.00402220134195386,1.9444468750000041,16.553125,0.005470102952261012,0.0,1
10711.0,2021-12-21 12:50:00,386.0,386.37,385.88,386.09,238254.0,1,1,0.0,sell,False,3.9121769563116002,6.168999999999983,28.0,0.01622562802307196,0.20706021300263933,0.7151960017812133,0.818726108282533,0.002128584000789781,71.73771599386909,86.58792767320456,88.46966099637945,82.8244610268548,238254.0,6.168999999999983,2.0,6.168999999999983,28.0,0.01622562802307196,6.168999999999983,28.0,0.01622562802307196,1.0,1.0,0.20706021300263933,0.818726108282533,0.7151960017812133,71.73771599386909,86.58792767320456,88.46966099637945,82.8244610268548,28.55061908230202,7.280407865986784,57.4647762424629,0.023316062176159325,0.1269824816004999,0.28000000000002956,0.12000000000000455,0.08999999999997499,1.0,10712.0,10712.0,2021-12-21,2021-12-21 12:50:00,2.1212670620839695,86.0,1.0,best_within_2.0d,10797.0,377.9,0.5832424107187206,4.3760036431226785,32.22527881040892,0.012230020343504162,2.285057100371749,15.890706319702602,0.006381710269403211,0.4929364202292669,5.6011759621451125,36.843533123028394,0.015614239272951093,2.82998018927445,22.52492113564669,0.007835530045022196,1.8630914826498424,0.00402220134195386,1.9444468750000041,16.553125,0.005470102952261012,0.0,1
10712.0,2021-12-21 12:55:00,386.09,386.61,386.08,386.55,251573.0,1,1,0.0,sell,False,3.9121769563115834,6.408999999999992,29.0,0.016856873075031344,0.20864510663326818,0.7412766401103719,0.845599193427006,0.002197639772261648,75.0742491697079,89.78473309848451,88.9080183637478,91.53816256795795,251573.0,6.408999999999992,2.0,6.408999999999992,29.0,0.016856873075031344,6.408999999999992,29.0,0.016856873075031344,1.0,1.0,0.20864510663326818,0.845599193427006,0.7412766401103719,75.0742491697079,89.78473309848451,88.9080183637478,91.53816256795795,31.183557760453944,7.084337349397432,57.85836616712931,0.11914320495222265,0.13727724823871468,0.060000000000002274,0.009999999999990905,0.4600000000000364,1.0,10713.0,10713.0,2021-12-21,2021-12-21 12:55:00,2.237744146940896,85.0,1.0,best_within_2.0d,10797.0,377.9,0.5832424107187206,4.3760036431226785,32.22527881040892,0.012230020343504162,2.285057100371749,15.890706319702602,0.006381710269403211,0.4929364202292669,5.6011759621451125,36.843533123028394,0.015614239272951093,2.82998018927445,22.52492113564669,0.007835530045022196,1.8630914826498424,0.00402220134195386,1.9444468750000041,16.553125,0.005470102952261012,0.0,1
10713.0,2021-12-21 13:00:00,386.56,386.63,386.28,386.47,255611.0,1,1,0.0,sell,False,3.9121769563116002,6.428999999999974,30.0,0.016909476829361243,0.17497398452494362,0.7631483881759898,0.8506353804384617,0.0022100077018277742,73.4502042484911,89.83552437173661,89.21718703307741,91.07219904905503,255611.0,6.428999999999974,2.0,6.428999999999974,30.0,0.016909476829361243,6.428999999999974,30.0,0.016909476829361243,1.0,1.0,0.17497398452494362,0.8506353804384617,0.7631483881759898,73.4502042484911,89.83552437173661,89.21718703307741,91.07219904905503,30.97831517937432,7.135005496152519,58.194125239692255,-0.02328228476820545,0.09060784922854478,0.06999999999999318,0.19000000000005457,0.08999999999997499,0.0,10714.0,10714.0,2021-12-21,2021-12-21 13:00:00,2.2175071803762387,84.0,1.0,best_within_2.0d,10797.0,377.9,0.5832424107187206,4.3760036431226785,32.22527881040892,0.012230020343504162,2.285057100371749,15.890706319702602,0.006381710269403211,0.4929364202292669,5.6011759621451125,36.843533123028394,0.015614239272951093,2.82998018927445,22.52492113564669,0.007835530045022196,1.8630914826498424,0.00402220134195386,1.9444468750000041,16.553125,0.005470102952261012,0.0,1
10717.0,2021-12-21 13:20:00,386.47,387.06,386.43,387.015,363792.0,1,1,0.0,sell,False,3.9121769563115834,6.8589999999999804,34.0,0.01804045754745511,0.04654818214458589,0.7926362819762597,0.8159103730485526,0.0021173767732605847,74.82467277292189,84.71680074405201,83.63372016483886,86.88296190247829,363792.0,6.8589999999999804,2.0,6.8589999999999804,34.0,0.01804045754745511,6.8589999999999804,34.0,0.01804045754745511,1.0,1.0,0.04654818214458589,0.8159103730485526,0.7926362819762597,74.82467277292189,84.71680074405201,83.63372016483886,86.88296190247829,34.55425017277051,4.178653509265168,61.88701184401865,0.14102000155250316,0.16303082058846244,0.045000000000015916,0.040000000000020464,0.5449999999999591,1.0,10718.0,10718.0,2021-12-21,2021-12-21 13:20:00,2.3552058705734944,80.0,1.0,best_within_2.0d,10797.0,377.9,0.5832424107187206,4.3760036431226785,32.22527881040892,0.012230020343504162,2.285057100371749,15.890706319702602,0.006381710269403211,0.4929364202292669,5.6011759621451125,36.843533123028394,0.015614239272951093,2.82998018927445,22.52492113564669,0.007835530045022196,1.8630914826498424,0.00402220134195386,1.9444468750000041,16.553125,0.005470102952261012,0.0,1
10718.0,2021-12-21 13:25:00,387.05,387.09,386.83,387.05,207217.0,1,1,0.0,sell,False,3.9121769563115834,6.888999999999953,35.0,0.01811936317894996,0.05463093111061057,0.799465148365086,0.8267806139203913,0.002144881265862678,75.07643874840137,88.70927212138,85.32557081701924,95.47667473010154,207217.0,6.888999999999953,2.0,6.888999999999953,35.0,0.01811936317894996,6.888999999999953,35.0,0.01811936317894996,1.0,1.0,0.05463093111061057,0.8267806139203913,0.799465148365086,75.07643874840137,88.70927212138,85.32557081701924,95.47667473010154,34.306725103001426,4.267822261617304,63.02882102841249,0.0,0.06721298761729724,0.03999999999996362,0.22000000000002728,0.0,0.0,10719.0,10719.0,2021-12-21,2021-12-21 13:25:00,2.3640356543082377,79.0,1.0,best_within_2.0d,10797.0,377.9,0.5832424107187206,4.3760036431226785,32.22527881040892,0.012230020343504162,2.285057100371749,15.890706319702602,0.006381710269403211,0.4929364202292669,5.6011759621451125,36.843533123028394,0.015614239272951093,2.82998018927445,22.52492113564669,0.007835530045022196,1.8630914826498424,0.00402220134195386,1.9444468750000041,16.553125,0.005470102952261012,0.0,1
10719.0,2021-12-21 13:30:00,387.05,387.42,387.05,387.385,224736.0,1,1,0.0,sell,False,3.9121769563115834,7.218999999999994,36.0,0.018987325125394184,0.08501389034288565,0.8100918846579468,0.8525988298293896,0.0022110453435509186,77.40552520605301,91.7152723233437,87.45547131912738,100.23487433177633,224736.0,7.218999999999994,2.0,7.218999999999994,36.0,0.018987325125394184,7.218999999999994,36.0,0.018987325125394184,1.0,1.0,0.08501389034288565,0.8525988298293896,0.8100918846579468,77.40552520605301,91.7152723233437,87.45547131912738,100.23487433177633,39.46445752678493,3.0984491446648756,64.62966331401303,0.08655212504843805,0.09559488438186398,0.03500000000002501,0.0,0.33499999999997954,1.0,10720.0,10720.0,2021-12-21,2021-12-21 13:30:00,2.448468577771471,78.0,1.0,best_within_2.0d,10797.0,377.9,0.5832424107187206,4.3760036431226785,32.22527881040892,0.012230020343504162,2.285057100371749,15.890706319702602,0.006381710269403211,0.4929364202292669,5.6011759621451125,36.843533123028394,0.015614239272951093,2.82998018927445,22.52492113564669,0.007835530045022196,1.8630914826498424,0.00402220134195386,1.9444468750000041,16.553125,0.005470102952261012,0.0,1
10720.0,2021-12-21 13:35:00,387.385,387.73,387.35,387.5816,356728.0,1,1,0.0,sell,False,3.9121769563115834,7.528999999999996,37.0,0.01980268331750836,0.10992297121754868,0.8238322560601403,0.8787937416689147,0.0022781133585766107,78.66555345977658,91.47886841758196,88.79660368527891,96.84339788218807,356728.0,7.528999999999996,2.0,7.528999999999996,37.0,0.01980268331750836,7.528999999999996,37.0,0.01980268331750836,1.0,1.0,0.10992297121754868,0.8787937416689147,0.8238322560601403,78.66555345977658,91.47886841758196,88.79660368527891,96.84339788218807,37.69125942281452,3.2775008193751334,66.01325879158354,0.05075054532312543,0.0981024912869486,0.14840000000003783,0.03499999999996817,0.19659999999998945,1.0,10721.0,10721.0,2021-12-21,2021-12-21 13:35:00,2.497951399137628,77.0,1.0,best_within_2.0d,10797.0,377.9,0.5832424107187206,4.3760036431226785,32.22527881040892,0.012230020343504162,2.285057100371749,15.890706319702602,0.006381710269403211,0.4929364202292669,5.6011759621451125,36.843533123028394,0.015614239272951093,2.82998018927445,22.52492113564669,0.007835530045022196,1.8630914826498424,0.00402220134195386,1.9444468750000041,16.553125,0.005470102952261012,0.0,1
10721.0,2021-12-21 13:40:00,387.6,387.9109,387.505,387.82,270859.0,1,1,0.0,sell,False,3.9121769563115834,7.709900000000005,38.0,0.020278484275422747,0.13517997601320997,0.8407297530617915,0.9083197410683965,0.002353720862342045,80.11378370294878,92.65523331011164,90.08281356022314,97.80007280988866,270859.0,7.709900000000005,2.0,7.709900000000005,38.0,0.020278484275422747,7.709900000000005,38.0,0.020278484275422747,1.0,1.0,0.13517997601320997,0.9083197410683965,0.8407297530617915,80.11378370294878,92.65523331011164,90.08281356022314,97.80007280988866,36.518338258299806,3.302624717538579,67.25607120574273,0.05675954592362498,0.10474703552213029,0.09090000000003329,0.09500000000002728,0.21999999999997044,1.0,10722.0,10722.0,2021-12-21,2021-12-21 13:40:00,2.557887679851482,76.0,1.0,best_within_2.0d,10797.0,377.9,0.5832424107187206,4.3760036431226785,32.22527881040892,0.012230020343504162,2.285057100371749,15.890706319702602,0.006381710269403211,0.4929364202292669,5.6011759621451125,36.843533123028394,0.015614239272951093,2.82998018927445,22.52492113564669,0.007835530045022196,1.8630914826498424,0.00402220134195386,1.9444468750000041,16.553125,0.005470102952261012,0.0,1
10722.0,2021-12-21 13:45:00,387.81,387.99,387.73,387.9301,195374.0,1,1,0.0,sell,False,3.9121769563119195,7.788999999999987,39.0,0.02048653212379764,0.14264732381034628,0.8585606685380849,0.929884330443258,0.002408666104414284,80.76324575407625,94.05261168042483,91.40607960029037,99.34567584069376,195374.0,7.788999999999987,2.0,7.788999999999987,39.0,0.02048653212379764,7.788999999999987,39.0,0.02048653212379764,1.0,1.0,0.14264732381034628,0.929884330443258,0.8585606685380849,80.76324575407625,94.05261168042483,91.40607960029037,99.34567584069376,38.35764451647712,3.4215739240049685,68.42497252355915,0.030968773368396752,0.06705697263559458,0.059900000000027376,0.07999999999998408,0.12009999999997945,1.0,10723.0,10723.0,2021-12-21,2021-12-21 13:45:00,2.5855431171749768,75.0,1.0,best_within_2.0d,10797.0,377.9,0.5832424107187206,4.3760036431226785,32.22527881040892,0.012230020343504162,2.285057100371749,15.890706319702602,0.006381710269403211,0.4929364202292669,5.6011759621451125,36.843533123028394,0.015614239272951093,2.82998018927445,22.52492113564669,0.007835530045022196,1.8630914826498424,0.00402220134195386,1.9444468750000041,16.553125,0.005470102952261012,0.0,1
10723.0,2021-12-21 13:50:00,387.92,388.02,387.6741,387.74,249474.0,1,1,0.0,sell,False,3.9121769563119217,7.81899999999996,40.0,0.020565437755292487,0.09993176107125978,0.8710521386719924,0.9210180192076223,0.0023849300427477233,76.13952833202208,91.19915044670857,91.3371032157631,90.92324490859951,249474.0,7.81899999999996,2.0,7.81899999999996,40.0,0.020565437755292487,7.81899999999996,40.0,0.020565437755292487,1.0,1.0,0.09993176107125978,0.9210180192076223,0.8710521386719924,76.13952833202208,91.19915044670857,91.3371032157631,90.92324490859951,37.70645612420091,4.353059887765846,69.20179417253651,-0.04640131985976666,0.08922442845678158,0.0999999999999659,0.06589999999999918,0.18000000000000682,0.0,10724.0,10724.0,2021-12-21,2021-12-21 13:50:00,2.5377830504977643,74.0,1.0,best_within_2.0d,10797.0,377.9,0.5832424107187206,4.3760036431226785,32.22527881040892,0.012230020343504162,2.285057100371749,15.890706319702602,0.006381710269403211,0.4929364202292669,5.6011759621451125,36.843533123028394,0.015614239272951093,2.82998018927445,22.52492113564669,0.007835530045022196,1.8630914826498424,0.00402220134195386,1.9444468750000041,16.553125,0.005470102952261012,0.0,1
10725.0,2021-12-21 14:00:00,387.26,389.19,387.17,389.0259,797416.0,1p,1p,0.0,sell,False,4.992253206262338,7.420000000000016,11.0,0.019435785944416837,0.8090962198425142,0.7751179549511784,1.1796660648724355,0.003061434779867907,68.13558758290492,89.06410188893796,83.79579640492462,99.60071285696463,797416.0,7.420000000000016,0.0,7.420000000000016,11.0,0.019435785944416837,7.420000000000016,0.0,0.0,1.0,1.0,0.8090962198425142,1.1796660648724355,0.7751179549511784,68.13558758290492,89.06410188893796,83.79579640492462,99.60071285696463,37.02942865119077,12.588952272595716,38.7448113303563,0.4559985539430842,0.5217346385308732,0.164100000000019,0.08999999999997499,1.7658999999999878,1.0,10726.0,10726.0,2021-12-21,2021-12-21 14:00:00,2.648255963728175,72.0,1.0,best_within_2.0d,10797.0,377.9,0.5832424107187206,4.3760036431226785,32.22527881040892,0.012230020343504162,2.285057100371749,15.890706319702602,0.006381710269403211,0.4929364202292669,5.6011759621451125,36.843533123028394,0.015614239272951093,2.82998018927445,22.52492113564669,0.007835530045022196,1.8630914826498424,0.00402220134195386,1.9444468750000041,16.553125,0.005470102952261012,0.0,1
10725.0,2021-12-21 14:00:00,387.79,388.25,387.67,388.18,326562.0,1,1,0.0,sell,False,3.9121769563119324,8.048999999999978,42.0,0.021170380930086923,0.06163937615931836,0.8857403748807409,0.9165600629604,0.0023718088450436045,79.30452089389374,91.86265144580632,91.15227504267152,93.28340425207594,326562.0,8.048999999999978,2.0,8.048999999999978,42.0,0.021170380930086923,8.048999999999978,42.0,0.021170380930086923,1.0,1.0,0.06163937615931836,0.9165600629604,0.8857403748807409,79.30452089389374,91.86265144580632,91.15227504267152,93.28340425207594,38.93621961456576,5.179588847809691,69.99435121479259,0.10056989607777052,0.14961178321768104,0.06999999999999318,0.12000000000000455,0.38999999999998636,1.0,10726.0,10726.0,2021-12-21,2021-12-21 14:00:00,2.648255963728175,72.0,1.0,best_within_2.0d,10797.0,377.9,0.5832424107187206,4.3760036431226785,32.22527881040892,0.012230020343504162,2.285057100371749,15.890706319702602,0.006381710269403211,0.4929364202292669,5.6011759621451125,36.843533123028394,0.015614239272951093,2.82998018927445,22.52492113564669,0.007835530045022196,1.8630914826498424,0.00402220134195386,1.9444468750000041,16.553125,0.005470102952261012,0.0,1
10726.0,2021-12-21 14:05:00,388.2,388.32,388.015,388.105,268846.0,1,1,0.0,sell,False,3.9121769563119257,8.118999999999971,43.0,0.021354494070241717,0.03630355525394724,0.8902783192874842,0.9084300969144579,0.0023500203496338015,77.41040513422254,89.76525756342404,90.68993588292236,87.91590092442743,268846.0,8.118999999999971,2.0,8.118999999999971,43.0,0.021354494070241717,8.118999999999971,43.0,0.021354494070241717,1.0,1.0,0.03630355525394724,0.9084300969144579,0.8902783192874842,77.41040513422254,89.76525756342404,90.68993588292236,87.91590092442743,37.40300340534651,5.3964532276376165,70.33636960628239,-0.02447192168984298,0.07860520856152645,0.12000000000000455,0.09000000000003183,0.09499999999997044,0.0,10727.0,10727.0,2021-12-21,2021-12-21 14:05:00,2.629443063088608,71.0,1.0,best_within_2.0d,10797.0,377.9,0.5832424107187206,4.3760036431226785,32.22527881040892,0.012230020343504162,2.285057100371749,15.890706319702602,0.006381710269403211,0.4929364202292669,5.6011759621451125,36.843533123028394,0.015614239272951093,2.82998018927445,22.52492113564669,0.007835530045022196,1.8630914826498424,0.00402220134195386,1.9444468750000041,16.553125,0.005470102952261012,0.0,1
10728.0,2021-12-21 14:15:00,388.17,388.39,388.09,388.378,253037.0,1,1,0.0,sell,False,3.91217695631193,8.188999999999965,45.0,0.02153860721039651,0.00346913107154867,0.891875386823439,0.8936099523592134,0.0023102236871506377,79.45236029684024,92.2669601553846,90.83503895753813,95.13080255107752,253037.0,8.188999999999965,2.0,8.188999999999965,45.0,0.02153860721039651,8.188999999999965,45.0,0.02153860721039651,1.0,1.0,0.00346913107154867,0.8936099523592134,0.891875386823439,79.45236029684024,92.2669601553846,90.83503895753813,95.13080255107752,41.53605015673845,2.7449059561142986,71.84988350926737,0.05358476955972125,0.07730165683218104,0.012000000000000455,0.08000000000004093,0.20799999999997,1.0,10729.0,10729.0,2021-12-21,2021-12-21 14:15:00,2.6978871099804853,69.0,1.0,best_within_2.0d,10797.0,377.9,0.5832424107187206,4.3760036431226785,32.22527881040892,0.012230020343504162,2.285057100371749,15.890706319702602,0.006381710269403211,0.4929364202292669,5.6011759621451125,36.843533123028394,0.015614239272951093,2.82998018927445,22.52492113564669,0.007835530045022196,1.8630914826498424,0.00402220134195386,1.9444468750000041,16.553125,0.005470102952261012,0.0,1
10729.0,2021-12-21 14:20:00,388.37,388.39,387.93,387.98,326156.0,1,1,0.0,sell,False,3.91217695631193,8.188999999999965,46.0,0.02153860721039651,-0.06743302186063604,0.8834462590908595,0.8497297481605415,0.0021962879879630823,69.4518583000523,79.4020788983177,87.02405227113132,64.15813215269043,326156.0,8.188999999999965,2.0,8.188999999999965,46.0,0.02153860721039651,8.188999999999965,46.0,0.02153860721039651,1.0,1.0,-0.06743302186063604,0.8497297481605415,0.8834462590908595,69.4518583000523,79.4020788983177,87.02405227113132,64.15813215269043,40.895061728394296,5.015432098765286,72.29998186604841,-0.10041970286067059,0.11857809398602313,0.01999999999998181,0.05000000000001137,0.38999999999998636,0.0,10730.0,10730.0,2021-12-21,2021-12-21 14:20:00,2.598072065570401,68.0,1.0,best_within_2.0d,10797.0,377.9,0.5832424107187206,4.3760036431226785,32.22527881040892,0.012230020343504162,2.285057100371749,15.890706319702602,0.006381710269403211,0.4929364202292669,5.6011759621451125,36.843533123028394,0.015614239272951093,2.82998018927445,22.52492113564669,0.007835530045022196,1.8630914826498424,0.00402220134195386,1.9444468750000041,16.553125,0.005470102952261012,0.0,1
10731.0,2021-12-21 14:30:00,388.31,388.64,388.29,388.37,314676.0,1,1,0.0,sell,False,3.9121769563119324,8.438999999999965,48.0,0.022196154139520842,-0.09706944512703508,0.8607026237583293,0.8121679011948117,0.0020980898058539543,73.08347110648783,79.01050070195774,83.21020961817743,70.61108286951836,314676.0,8.438999999999965,2.0,8.438999999999965,48.0,0.022196154139520842,8.438999999999965,48.0,0.022196154139520842,1.0,1.0,-0.09706944512703508,0.8121679011948117,0.8607026237583293,73.08347110648783,79.01050070195774,83.21020961817743,70.61108286951836,38.276227922361,5.40889138530019,72.82763470992191,0.015451572197471678,0.09013881377320195,0.2699999999999818,0.01999999999998181,0.060000000000002274,1.0,10732.0,10732.0,2021-12-21,2021-12-21 14:30:00,2.695882792182719,66.0,1.0,best_within_2.0d,10797.0,377.9,0.5832424107187206,4.3760036431226785,32.22527881040892,0.012230020343504162,2.285057100371749,15.890706319702602,0.006381710269403211,0.4929364202292669,5.6011759621451125,36.843533123028394,0.015614239272951093,2.82998018927445,22.52492113564669,0.007835530045022196,1.8630914826498424,0.00402220134195386,1.9444468750000041,16.553125,0.005470102952261012,0.0,1
10734.0,2021-12-21 14:45:00,387.98,388.69,387.97,388.5,359894.0,1,1,0.0,sell,False,3.9121769563119217,8.488999999999976,51.0,0.02232766352534574,-0.18040043248074022,0.7918798567257082,0.701679640485338,0.0018116175736366696,69.9590736707231,62.835759539927054,67.46453808721742,53.578202445346335,359894.0,8.488999999999976,2.0,8.488999999999976,51.0,0.02232766352534574,8.488999999999976,51.0,0.02232766352534574,1.0,1.0,-0.18040043248074022,0.701679640485338,0.7918798567257082,69.9590736707231,62.835759539927054,67.46453808721742,53.578202445346335,26.201116315798384,13.819343491449064,65.84098295096145,0.1340275271921186,0.18558135938344986,0.18999999999999773,0.009999999999990905,0.5199999999999818,1.0,10735.0,10735.0,2021-12-21,2021-12-21 14:45:00,2.7284427284427344,63.0,1.0,best_within_2.0d,10797.0,377.9,0.5832424107187206,4.3760036431226785,32.22527881040892,0.012230020343504162,2.285057100371749,15.890706319702602,0.006381710269403211,0.4929364202292669,5.6011759621451125,36.843533123028394,0.015614239272951093,2.82998018927445,22.52492113564669,0.007835530045022196,1.8630914826498424,0.00402220134195386,1.9444468750000041,16.553125,0.005470102952261012,0.0,1
10735.0,2021-12-21 14:50:00,388.5,388.83,388.5,388.8,350275.0,1,1,0.0,sell,False,3.9121769563119195,8.628999999999962,52.0,0.022695889805655328,-0.1284175135749268,0.7758276675288422,0.7116189107413788,0.0018367599547517428,72.62528072709428,74.27145874090462,69.73351163844649,83.34735294582089,350275.0,8.628999999999962,2.0,8.628999999999962,52.0,0.022695889805655328,8.628999999999962,52.0,0.022695889805655328,1.0,1.0,-0.1284175135749268,0.7116189107413788,0.7758276675288422,72.62528072709428,74.27145874090462,69.73351163844649,83.34735294582089,25.818777292575696,14.010189228530882,63.255787112037446,0.07722007722008015,0.08494208494208084,0.029999999999972715,0.0,0.30000000000001137,1.0,10736.0,10736.0,2021-12-21,2021-12-21 14:50:00,2.80349794238684,62.0,1.0,best_within_2.0d,10797.0,377.9,0.5832424107187206,4.3760036431226785,32.22527881040892,0.012230020343504162,2.285057100371749,15.890706319702602,0.006381710269403211,0.4929364202292669,5.6011759621451125,36.843533123028394,0.015614239272951093,2.82998018927445,22.52492113564669,0.007835530045022196,1.8630914826498424,0.00402220134195386,1.9444468750000041,16.553125,0.005470102952261012,0.0,1
10736.0,2021-12-21 14:55:00,388.79,389.21,388.77,389.2,451948.0,1,1,0.0,sell,False,3.9121769563119195,9.008999999999958,53.0,0.023695361137924302,-0.052195783270482465,0.7693031946200319,0.7432053029847907,0.001917639257813115,75.71956643063149,82.61453892750305,74.02718740146534,99.78924197957846,451948.0,9.008999999999958,2.0,9.008999999999958,53.0,0.023695361137924302,9.008999999999958,53.0,0.023695361137924302,1.0,1.0,-0.052195783270482465,0.7432053029847907,0.7693031946200319,75.71956643063149,82.61453892750305,74.02718740146534,99.78924197957846,30.30126849894251,13.565891472869199,61.462525640542005,0.10545538722702955,0.1131774571083154,0.009999999999990905,0.020000000000038654,0.40999999999996817,1.0,10737.0,10737.0,2021-12-21,2021-12-21 14:55:00,2.9033915724563237,61.0,1.0,best_within_2.0d,10797.0,377.9,0.5832424107187206,4.3760036431226785,32.22527881040892,0.012230020343504162,2.285057100371749,15.890706319702602,0.006381710269403211,0.4929364202292669,5.6011759621451125,36.843533123028394,0.015614239272951093,2.82998018927445,22.52492113564669,0.007835530045022196,1.8630914826498424,0.00402220134195386,1.9444468750000041,16.553125,0.005470102952261012,0.0,1
10737.0,2021-12-21 15:00:00,389.21,389.4,389.08,389.2605,275748.0,1,1,0.0,sell,False,3.9121769563119257,9.198999999999955,54.0,0.024195096804058788,-0.007990533602257655,0.7683043779197497,0.7643091111186209,0.0019714521388750797,76.15852538894529,85.53932224796503,77.8645656836319,100.88883537663128,275748.0,9.198999999999955,2.0,9.198999999999955,54.0,0.024195096804058788,9.198999999999955,54.0,0.024195096804058788,1.0,1.0,-0.007990533602257655,0.7643091111186209,0.7683043779197497,76.15852538894529,85.53932224796503,77.8645656836319,100.88883537663128,33.802941540857184,12.638714359038664,60.32746283346476,0.012975000642326649,0.0822452965970991,0.13949999999999818,0.12999999999999545,0.050499999999999545,1.0,10738.0,10738.0,2021-12-21,2021-12-21 15:00:00,2.918482609974555,60.0,1.0,best_within_2.0d,10797.0,377.9,0.5832424107187206,4.3760036431226785,32.22527881040892,0.012230020343504162,2.285057100371749,15.890706319702602,0.006381710269403211,0.4929364202292669,5.6011759621451125,36.843533123028394,0.015614239272951093,2.82998018927445,22.52492113564669,0.007835530045022196,1.8630914826498424,0.00402220134195386,1.9444468750000041,16.553125,0.005470102952261012,1.0,1
10797.0,2021-12-22 04:00:00,377.92,378.07,377.47,377.9,468030.0,1p,1p,1.0,buy,False,3.699396298635127,9.439999999999998,93.0,0.024398438913442396,-0.32791200825423794,-0.2747907941986617,-0.4387467983257807,-0.001157419099229153,38.95658689724711,19.85219803955483,20.95267114249557,17.651251833673342,468030.0,9.439999999999998,0.0,9.439999999999998,93.0,0.024398438913442396,9.439999999999998,0.0,0.0,1.0,1.0,-0.32791200825423794,-0.4387467983257807,-0.2747907941986617,38.95658689724711,19.85219803955483,20.95267114249557,17.651251833673342,11.66359729895629,28.391651319828064,23.971867081124866,-0.005292125317537747,0.1589530293798092,0.14999999999997726,0.42999999999995,0.020000000000038654,0.0,10798.0,10798.0,2021-12-22,2021-12-22 04:00:00,5.313575019846532,318.0,1.0,best_within_2.0d,11115.0,397.98,0.5832424107187206,4.3760036431226785,32.22527881040892,0.012230020343504162,2.285057100371749,15.890706319702602,0.006381710269403211,0.4929364202292669,5.6011759621451125,36.843533123028394,0.015614239272951093,2.82998018927445,22.52492113564669,0.007835530045022196,1.8630914826498424,0.00402220134195386,1.9444468750000041,16.553125,0.005470102952261012,0.0,0
10817.0,2021-12-22 05:45:00,388.64,388.67,388.64,388.67,1609.0,2,2,0.0,sell,False,0.6075268817204418,4.163492493946733,28.239017640954685,0.011578080659927173,0.1980770222551672,-0.13199348206424105,-0.032954970936657446,-8.488366743340853e-05,61.9909751733322,88.86698729648162,80.76325948976236,105.07444290992015,1609.0,1.1299999999999955,1.0,1.8599999999999568,61.0,0.004776579352850429,1.1299999999999955,21.0,0.0029158280435567824,2.0,2.0,0.1980770222551672,-0.032954970936657446,-0.13199348206424105,61.9909751733322,88.86698729648162,80.76325948976236,105.07444290992015,36.15384615384575,24.230769230768846,29.791054542879152,0.00771922601894544,0.00771922601894544,0.0,0.0,0.03000000000002956,1.0,10818.0,10818.0,2021-12-22,2021-12-22 05:45:00,2.048009879846666,324.0,1.0,best_within_2.0d,11141.0,380.71,0.6075268817204418,1.8599999999999568,61.0,0.004776579352850429,1.1299999999999955,21.0,0.0029158280435567824,0.4929364202292669,5.6011759621451125,36.843533123028394,0.015614239272951093,2.82998018927445,22.52492113564669,0.007835530045022196,1.8630914826498424,0.00402220134195386,1.9444468750000041,16.553125,0.005470102952261012,0.0,1
10818.0,2021-12-22 05:50:00,388.82,388.91,388.75,388.75,1475.0,2,2,0.0,sell,False,0.7365591397849658,4.163492493946733,28.239017640954685,0.011578080659927173,0.23206475327419093,-0.10298538790496718,0.013046988732128284,3.36024523814201e-05,63.627216745644034,87.13581466023871,82.8874445465878,95.63255488754055,1475.0,1.3700000000000045,1.0,1.8599999999999568,61.0,0.004776579352850429,1.3700000000000045,22.0,0.0035351189554626737,2.0,2.0,0.23206475327419093,0.013046988732128284,-0.10298538790496718,63.627216745644034,87.13581466023871,82.8874445465878,95.63255488754055,45.38461538461525,23.461538461536595,29.93766317688763,-0.018003189136359544,0.041157556270102896,0.09000000000003183,0.0,0.06999999999999318,0.0,10819.0,10819.0,2021-12-22,2021-12-22 05:50:00,2.0681672025723525,323.0,1.0,best_within_2.0d,11141.0,380.71,0.7365591397849658,1.8599999999999568,61.0,0.004776579352850429,1.3700000000000045,22.0,0.0035351189554626737,0.4929364202292669,5.6011759621451125,36.843533123028394,0.015614239272951093,2.82998018927445,22.52492113564669,0.007835530045022196,1.8630914826498424,0.00402220134195386,1.9444468750000041,16.553125,0.005470102952261012,0.0,1
10822.0,2021-12-22 06:10:00,388.91,389.0,388.81,388.81,1200.0,2,2,0.0,sell,False,0.784946236559147,4.163492493946733,28.239017640954685,0.011578080659927173,0.22382901400944832,0.017141373336630454,0.12905588034135462,0.00033225920210580296,63.127356015649056,88.13856269315572,87.42896287759984,89.55776232426746,1200.0,1.4599999999999795,1.0,1.8599999999999568,61.0,0.004776579352850429,1.4599999999999795,26.0,0.0037673530474273092,2.0,2.0,0.22382901400944832,0.12905588034135462,0.017141373336630454,63.127356015649056,88.13856269315572,87.42896287759984,89.55776232426746,49.55752212389797,19.026548672567227,33.33139338594265,-0.025712889871698525,0.04886705588847965,0.08999999999997499,0.0,0.10000000000002274,0.0,10823.0,10823.0,2021-12-22,2021-12-22 06:10:00,2.083279751035216,319.0,1.0,best_within_2.0d,11141.0,380.71,0.784946236559147,1.8599999999999568,61.0,0.004776579352850429,1.4599999999999795,26.0,0.0037673530474273092,0.4929364202292669,5.6011759621451125,36.843533123028394,0.015614239272951093,2.82998018927445,22.52492113564669,0.007835530045022196,1.8630914826498424,0.00402220134195386,1.9444468750000041,16.553125,0.005470102952261012,0.0,1
10823.0,2021-12-22 06:15:00,388.82,389.05,388.82,388.97,4907.0,2,2,0.0,sell,False,0.8118279569892612,4.163492493946733,28.239017640954685,0.011578080659927173,0.21758682764604648,0.044339726792386264,0.1531331406154095,0.00039420560958852545,66.69813398575337,89.28535758491135,88.04776111337034,91.76055052799336,4907.0,1.509999999999991,1.0,1.8599999999999568,61.0,0.004776579352850429,1.509999999999991,27.0,0.0038963719874077277,2.0,2.0,0.21758682764604648,0.1531331406154095,0.044339726792386264,66.69813398575337,89.28535758491135,88.04776111337034,91.76055052799336,50.2145922746828,13.304721030043432,35.10115872324031,0.0385782624350687,0.05915333573376323,0.07999999999998408,0.0,0.1500000000000341,1.0,10824.0,10824.0,2021-12-22,2021-12-22 06:15:00,2.1235570866647935,318.0,1.0,best_within_2.0d,11141.0,380.71,0.8118279569892612,1.8599999999999568,61.0,0.004776579352850429,1.509999999999991,27.0,0.0038963719874077277,0.4929364202292669,5.6011759621451125,36.843533123028394,0.015614239272951093,2.82998018927445,22.52492113564669,0.007835530045022196,1.8630914826498424,0.00402220134195386,1.9444468750000041,16.553125,0.005470102952261012,0.0,1
10824.0,2021-12-22 06:20:00,389.08,389.11,389.05,389.1,32394.0,2,2,0.0,sell,False,0.8440860215053922,4.163492493946733,28.239017640954685,0.011578080659927173,0.2180522040560176,0.07159625229938846,0.18062235432739726,0.0004649134576416771,69.29955856730729,92.45040099156728,89.51530773943598,98.32058749582987,32394.0,1.5699999999999932,1.0,1.8599999999999568,61.0,0.004776579352850429,1.5699999999999932,28.0,0.004051194715384201,2.0,2.0,0.2180522040560176,0.18062235432739726,0.07159625229938846,69.29955856730729,92.45040099156728,89.51530773943598,98.32058749582987,48.5106382978773,13.191489361702416,36.682603050890826,0.005140331037328738,0.015422182238787371,0.009999999999990905,0.029999999999972715,0.020000000000038654,1.0,10825.0,10825.0,2021-12-22,2021-12-22 06:20:00,2.1562580313544184,317.0,1.0,best_within_2.0d,11141.0,380.71,0.8440860215053922,1.8599999999999568,61.0,0.004776579352850429,1.5699999999999932,28.0,0.004051194715384201,0.4929364202292669,5.6011759621451125,36.843533123028394,0.015614239272951093,2.82998018927445,22.52492113564669,0.007835530045022196,1.8630914826498424,0.00402220134195386,1.9444468750000041,16.553125,0.005470102952261012,1.0,1
10829.0,2021-12-22 06:45:00,389.08,389.24,389.08,389.14,3322.0,2,2,0.0,sell,False,0.913978494623671,4.163492493946733,28.239017640954685,0.011578080659927173,0.08919140995996894,0.14788344791607097,0.19247915289605544,0.0004952524430983521,66.29532642706337,65.226860362228,68.29742157784325,59.08573793099748,3322.0,1.6999999999999886,1.0,1.8599999999999568,61.0,0.004776579352850429,1.6999999999999886,33.0,0.0043866439593332005,2.0,2.0,0.08919140995996894,0.19247915289605544,0.14788344791607097,66.29532642706337,65.226860362228,68.29742157784325,59.08573793099748,51.26050420168424,19.327731092437617,38.479736675344036,0.015420993111956995,0.04112264829855686,0.10000000000002274,0.0,0.060000000000002274,1.0,10830.0,10830.0,2021-12-22,2021-12-22 06:45:00,2.166315464871256,312.0,1.0,best_within_2.0d,11141.0,380.71,0.913978494623671,1.8599999999999568,61.0,0.004776579352850429,1.6999999999999886,33.0,0.0043866439593332005,0.4929364202292669,5.6011759621451125,36.843533123028394,0.015614239272951093,2.82998018927445,22.52492113564669,0.007835530045022196,1.8630914826498424,0.00402220134195386,1.9444468750000041,16.553125,0.005470102952261012,0.0,1
10831.0,2021-12-22 06:55:00,389.13,389.45,389.13,389.35,2200.0,1p,1p,0.0,sell,False,0.31199787126595424,1.9099999999999682,35.0,0.004928523507250782,0.10084835104742712,0.17052898424796828,0.22095315977168184,0.0005683963253805882,69.58740342088683,71.84130856813843,68.8469059005349,77.83011390334548,2200.0,1.9099999999999682,0.0,1.9099999999999682,35.0,0.004928523507250782,1.9099999999999682,0.0,0.0,1.0,1.0,0.10084835104742712,0.22095315977168184,0.17052898424796828,69.58740342088683,71.84130856813843,68.8469059005349,77.83011390334548,47.899159663868694,20.588235294117577,38.355352538013555,0.05653637601830424,0.08223472875388511,0.0999999999999659,0.0,0.22000000000002728,1.0,10832.0,10832.0,2021-12-22,2021-12-22 06:55:00,2.2190830871966205,310.0,1.0,best_within_2.0d,11141.0,380.71,0.5832424107187206,4.3760036431226785,32.22527881040892,0.012230020343504162,2.285057100371749,15.890706319702602,0.006381710269403211,0.4929364202292669,5.6011759621451125,36.843533123028394,0.015614239272951093,2.82998018927445,22.52492113564669,0.007835530045022196,1.8630914826498424,0.00402220134195386,1.9444468750000041,16.553125,0.005470102952261012,0.0,1
10833.0,2021-12-22 07:05:00,389.41,389.46,389.38,389.46,10129.0,1p,1p,0.0,sell,False,0.31199787126569606,1.919999999999959,37.0,0.004954327295246836,0.1169456812081412,0.19911012409128875,0.25758296469535935,0.00066245529067675,71.61612373843822,85.77562432088158,76.67126328082546,103.98434640099384,10129.0,1.919999999999959,0.0,1.919999999999959,37.0,0.004954327295246836,1.919999999999959,0.0,0.0,1.0,1.0,0.1169456812081412,0.25758296469535935,0.19911012409128875,71.61612373843822,85.77562432088158,76.67126328082546,103.98434640099384,42.53393665158438,18.099547511313,37.90656592251025,0.012839937341094097,0.02054548256201759,0.0,0.03000000000002956,0.049999999999954525,1.0,10834.0,10834.0,2021-12-22,2021-12-22 07:05:00,2.2467005597493968,308.0,1.0,best_within_2.0d,11141.0,380.71,0.5832424107187206,4.3760036431226785,32.22527881040892,0.012230020343504162,2.285057100371749,15.890706319702602,0.006381710269403211,0.4929364202292669,5.6011759621451125,36.843533123028394,0.015614239272951093,2.82998018927445,22.52492113564669,0.007835530045022196,1.8630914826498424,0.00402220134195386,1.9444468750000041,16.553125,0.005470102952261012,0.0,1
10834.0,2021-12-22 07:10:00,389.48,389.49,389.41,389.41,9770.0,1p,1p,0.0,sell,False,0.31199787126568534,1.9499999999999886,38.0,0.0050317386592351465,0.10408866775772296,0.2121212075610041,0.2641655414398656,0.0006793094828490057,69.2780365451019,86.65234858107155,79.99829171424082,99.96046231473298,9770.0,1.9499999999999886,0.0,1.9499999999999886,38.0,0.0050317386592351465,1.9499999999999886,0.0,0.0,1.0,1.0,0.10408866775772296,0.2641655414398656,0.2121212075610041,69.2780365451019,86.65234858107155,79.99829171424082,99.96046231473298,41.77777777777914,17.777777777778844,38.077418889665616,-0.01797268152408164,0.020543899745765152,0.009999999999990905,0.0,0.06999999999999318,0.0,10835.0,10835.0,2021-12-22,2021-12-22 07:10:00,2.2341490973524167,307.0,1.0,best_within_2.0d,11141.0,380.71,0.5832424107187206,4.3760036431226785,32.22527881040892,0.012230020343504162,2.285057100371749,15.890706319702602,0.006381710269403211,0.4929364202292669,5.6011759621451125,36.843533123028394,0.015614239272951093,2.82998018927445,22.52492113564669,0.007835530045022196,1.8630914826498424,0.00402220134195386,1.9444468750000041,16.553125,0.005470102952261012,1.0,1
10858.0,2021-12-22 09:10:00,388.92,388.98,388.62,388.65,30571.0,2,2,0.0,sell,False,0.7228260869565315,4.163492493946733,28.239017640954685,0.011578080659927173,0.08505926218192694,-0.157913778079183,-0.11538414698821953,-0.00029694832244345443,51.52645171406872,71.37426902940987,56.51872726941082,101.08535254940799,30571.0,1.330000000000041,1.0,1.8400000000000318,19.0,0.004724126421731063,1.330000000000041,7.0,0.00343092996259523,2.0,2.0,0.08505926218192694,-0.11538414698821953,-0.157913778079183,51.52645171406872,71.37426902940987,56.51872726941082,101.08535254940799,20.716322386099286,26.256948860489913,56.02605386939989,-0.0694230175871744,0.09263547938860935,0.060000000000002274,0.029999999999972715,0.27000000000003865,0.0,10859.0,10859.0,2021-12-22,2021-12-22 09:10:00,2.042969252540846,283.0,1.0,best_within_2.0d,11141.0,380.71,0.7228260869565315,1.8400000000000318,19.0,0.004724126421731063,1.330000000000041,7.0,0.00343092996259523,0.4929364202292669,5.6011759621451125,36.843533123028394,0.015614239272951093,2.82998018927445,22.52492113564669,0.007835530045022196,1.8630914826498424,0.00402220134195386,1.9444468750000041,16.553125,0.005470102952261012,0.0,1
10862.0,2021-12-22 09:30:00,388.91,389.13,388.23,388.58,1051647.0,2,2,0.0,sell,False,0.8043478260869525,4.163492493946733,28.239017640954685,0.011578080659927173,0.12911690903995765,-0.09353445810367228,-0.028976003583693455,-7.456453413896767e-05,49.466460308295865,71.89404915561187,71.27389854215502,73.13435038252555,1051647.0,1.4800000000000182,1.0,1.8400000000000318,19.0,0.004724126421731063,1.4800000000000182,11.0,0.0038178769508577797,2.0,2.0,0.12911690903995765,-0.028976003583693455,-0.09353445810367228,49.466460308295865,71.89404915561187,71.27389854215502,73.13435038252555,21.75265276253179,23.234540797659406,44.166375106832994,-0.08485253657659636,0.231821343018308,0.21999999999997044,0.3499999999999659,0.3300000000000409,0.0,10863.0,10863.0,2021-12-22,2021-12-22 09:30:00,2.0253229708168217,279.0,1.0,best_within_2.0d,11141.0,380.71,0.8043478260869525,1.8400000000000318,19.0,0.004724126421731063,1.4800000000000182,11.0,0.0038178769508577797,0.4929364202292669,5.6011759621451125,36.843533123028394,0.015614239272951093,2.82998018927445,22.52492113564669,0.007835530045022196,1.8630914826498424,0.00402220134195386,1.9444468750000041,16.553125,0.005470102952261012,0.0,1
10863.0,2021-12-22 09:35:00,388.59,389.34,388.57,389.24,649042.0,2,2,0.0,sell,False,0.9184782608695481,4.163492493946733,28.239017640954685,0.011578080659927173,0.19172649280394002,-0.06956864650317977,0.02629459989879024,6.765620932380143e-05,60.21585286394795,78.55267233680442,73.70015647370482,88.25770406300362,649042.0,1.6899999999999977,1.0,1.8400000000000318,19.0,0.004724126421731063,1.6899999999999977,12.0,0.004359602734425378,2.0,2.0,0.19172649280394002,0.02629459989879024,-0.06956864650317977,60.21585286394795,78.55267233680442,73.70015647370482,88.25770406300362,24.09576300378876,18.429211160869343,41.96343637690239,0.16727141717492322,0.19816249324445578,0.0999999999999659,0.01999999999998181,0.6500000000000341,1.0,10864.0,10864.0,2021-12-22,2021-12-22 09:35:00,2.1914500051382255,278.0,1.0,best_within_2.0d,11141.0,380.71,0.9184782608695481,1.8400000000000318,19.0,0.004724126421731063,1.6899999999999977,12.0,0.004359602734425378,0.4929364202292669,5.6011759621451125,36.843533123028394,0.015614239272951093,2.82998018927445,22.52492113564669,0.007835530045022196,1.8630914826498424,0.00402220134195386,1.9444468750000041,16.553125,0.005470102952261012,0.0,1
10864.0,2021-12-22 09:40:00,389.22,390.14,388.48,390.09,671557.0,1,1,0.0,sell,False,0.4174390077130065,2.490000000000009,13.0,0.006423320005159317,0.3306768640235668,-0.028234038500233927,0.13710439351154946,0.000352673888307365,69.27932542750978,84.88076349547204,77.42702548096057,99.788239524495,671557.0,2.490000000000009,3.0,2.490000000000009,13.0,0.006423320005159317,2.490000000000009,13.0,0.006423320005159317,1.0,1.0,0.3306768640235668,0.13710439351154946,-0.028234038500233927,69.27932542750978,84.88076349547204,77.42702548096057,99.788239524495,29.047882646000872,14.80763908109697,41.285391705793636,0.22352397101894753,0.427306425041178,0.05000000000001137,0.7400000000000091,0.8699999999999477,1.0,10865.0,10865.0,2021-12-22,2021-12-22 09:40:00,2.404573303596605,277.0,1.0,best_within_2.0d,11141.0,380.71,0.5832424107187206,4.3760036431226785,32.22527881040892,0.012230020343504162,2.285057100371749,15.890706319702602,0.006381710269403211,0.4929364202292669,5.6011759621451125,36.843533123028394,0.015614239272951093,2.82998018927445,22.52492113564669,0.007835530045022196,1.8630914826498424,0.00402220134195386,1.9444468750000041,16.553125,0.005470102952261012,0.0,1
10865.0,2021-12-22 09:45:00,390.1,390.8299,389.91,390.38,639094.0,1,1,0.0,sell,False,0.5528742133955398,3.179900000000032,14.0,0.008203018186508532,0.43796269085181116,0.026511297856242465,0.24549264328214804,0.0006312859456381469,71.65216422983315,84.15233842631818,79.66879646274643,93.11942235346169,639094.0,3.179900000000032,3.0,3.179900000000032,14.0,0.008203018186508532,3.179900000000032,14.0,0.008203018186508532,1.0,1.0,0.43796269085181116,0.24549264328214804,0.026511297856242465,71.65216422983315,84.15233842631818,79.66879646274643,93.11942235346169,36.215247568466765,10.64810606552563,42.233348738070084,0.07177646757241032,0.2359262393885728,0.44990000000001373,0.18999999999999773,0.2799999999999727,1.0,10866.0,10866.0,2021-12-22,2021-12-22 09:45:00,2.4770736205748287,276.0,1.0,best_within_2.0d,11141.0,380.71,0.5832424107187206,4.3760036431226785,32.22527881040892,0.012230020343504162,2.285057100371749,15.890706319702602,0.006381710269403211,0.4929364202292669,5.6011759621451125,36.843533123028394,0.015614239272951093,2.82998018927445,22.52492113564669,0.007835530045022196,1.8630914826498424,0.00402220134195386,1.9444468750000041,16.553125,0.005470102952261012,1.0,1
10875.0,2021-12-22 10:35:00,390.41,391.6,390.05,391.44,827298.0,1,1,0.0,sell,False,0.6532842750360707,3.9500000000000455,24.0,0.010189604024248795,0.2980720975239306,0.34272105801647124,0.49175710677843654,0.001262287425119741,67.5499462520522,76.71235872990783,68.87899947908187,92.37907723155976,827298.0,3.9500000000000455,3.0,3.9500000000000455,24.0,0.010189604024248795,3.9500000000000455,24.0,0.010189604024248795,1.0,1.0,0.2980720975239306,0.49175710677843654,0.34272105801647124,67.5499462520522,76.71235872990783,68.87899947908187,92.37907723155976,30.854179289651444,13.055771949565875,38.64618793323042,0.2638252093952442,0.3973849506473558,0.160000000000025,0.36000000000001364,1.0299999999999727,1.0,10876.0,10876.0,2021-12-22,2021-12-22 10:35:00,2.741160842019216,266.0,1.0,best_within_2.0d,11141.0,380.71,0.5832424107187206,4.3760036431226785,32.22527881040892,0.012230020343504162,2.285057100371749,15.890706319702602,0.006381710269403211,0.4929364202292669,5.6011759621451125,36.843533123028394,0.015614239272951093,2.82998018927445,22.52492113564669,0.007835530045022196,1.8630914826498424,0.00402220134195386,1.9444468750000041,16.553125,0.005470102952261012,0.0,1
10876.0,2021-12-22 10:40:00,391.46,391.63,391.14,391.23,470963.0,1,1,0.0,sell,False,0.6532842750362662,3.980000000000018,25.0,0.010266993421901247,0.3284962756258345,0.38378309246970055,0.5480312302826178,0.0014062948059080974,65.00949997846132,80.03046137549435,72.5961534445527,94.89907723737767,470963.0,3.980000000000018,3.0,3.980000000000018,25.0,0.010266993421901247,3.980000000000018,25.0,0.010266993421901247,1.0,1.0,0.3284962756258345,0.5480312302826178,0.38378309246970055,65.00949997846132,80.03046137549435,72.5961534445527,94.89907723737767,32.01745257774931,10.703454837366982,39.44940715716333,-0.05875440658048367,0.12527483765403927,0.17000000000001592,0.09000000000003183,0.22999999999996135,0.0,10877.0,10877.0,2021-12-22,2021-12-22 10:40:00,2.6889553459601867,265.0,1.0,best_within_2.0d,11141.0,380.71,0.5832424107187206,4.3760036431226785,32.22527881040892,0.012230020343504162,2.285057100371749,15.890706319702602,0.006381710269403211,0.4929364202292669,5.6011759621451125,36.843533123028394,0.015614239272951093,2.82998018927445,22.52492113564669,0.007835530045022196,1.8630914826498424,0.00402220134195386,1.9444468750000041,16.553125,0.005470102952261012,0.0,1
10878.0,2021-12-22 10:50:00,391.54,392.08,391.5,391.87,523444.0,1,1,0.0,sell,False,0.6532842750374226,4.430000000000007,27.0,0.011427834386689041,0.4004874292085493,0.4793678703600028,0.6796115849642774,0.0017426541497104183,68.98500658091972,88.17507519107134,80.72289000825627,103.07944555670147,523444.0,4.430000000000007,3.0,4.430000000000007,27.0,0.011427834386689041,4.430000000000007,27.0,0.011427834386689041,1.0,1.0,0.4004874292085493,0.6796115849642774,0.4793678703600028,68.98500658091972,88.17507519107134,80.72289000825627,103.07944555670147,31.605694449081163,12.016422444006823,40.40574914623412,0.08428257649281914,0.1481481481481441,0.20999999999997954,0.040000000000020464,0.3299999999999841,1.0,10879.0,10879.0,2021-12-22,2021-12-22 10:50:00,2.8478832265802496,263.0,1.0,best_within_2.0d,11141.0,380.71,0.5832424107187206,4.3760036431226785,32.22527881040892,0.012230020343504162,2.285057100371749,15.890706319702602,0.006381710269403211,0.4929364202292669,5.6011759621451125,36.843533123028394,0.015614239272951093,2.82998018927445,22.52492113564669,0.007835530045022196,1.8630914826498424,0.00402220134195386,1.9444468750000041,16.553125,0.005470102952261012,0.0,1
10879.0,2021-12-22 10:55:00,391.85,392.22,391.74,392.13,302770.0,1,1,0.0,sell,False,0.6532842750381963,4.57000000000005,28.0,0.011788984909067587,0.42668781865880545,0.5327038476923536,0.7460477570217563,0.0019122306669571826,70.50540394355467,91.12863959228184,84.19147320293146,105.0029723709826,302770.0,4.57000000000005,3.0,4.57000000000005,28.0,0.011788984909067587,4.57000000000005,28.0,0.011788984909067587,1.0,1.0,0.42668781865880545,0.7460477570217563,0.5327038476923536,70.50540394355467,91.12863959228184,84.19147320293146,105.0029723709826,28.046466904026435,12.474336651160352,40.26462164179934,0.07145591425289592,0.1225302496553883,0.09000000000003183,0.11000000000001364,0.2799999999999727,1.0,10880.0,10880.0,2021-12-22,2021-12-22 10:55:00,2.912299492515241,262.0,1.0,best_within_2.0d,11141.0,380.71,0.5832424107187206,4.3760036431226785,32.22527881040892,0.012230020343504162,2.285057100371749,15.890706319702602,0.006381710269403211,0.4929364202292669,5.6011759621451125,36.843533123028394,0.015614239272951093,2.82998018927445,22.52492113564669,0.007835530045022196,1.8630914826498424,0.00402220134195386,1.9444468750000041,16.553125,0.005470102952261012,0.0,1
10880.0,2021-12-22 11:00:00,392.14,392.36,392.04,392.08,396679.0,1,1,0.0,sell,False,0.653284275037181,4.710000000000036,29.0,0.012150135431445986,0.4046471496859223,0.5832847414030938,0.785608316246055,0.0020128908269832664,69.79680209845206,90.42562900923328,86.2695251383654,98.73783675096905,396679.0,4.710000000000036,3.0,4.710000000000036,29.0,0.012150135431445986,4.710000000000036,29.0,0.012150135431445986,1.0,1.0,0.4046471496859223,0.785608316246055,0.5832847414030938,69.79680209845206,90.42562900923328,86.2695251383654,98.73783675096905,30.86341913612467,12.061734148414056,40.5172265186892,-0.015300657928291498,0.08162432404856472,0.22000000000002728,0.03999999999996362,0.060000000000002274,0.0,10881.0,10881.0,2021-12-22,2021-12-22 11:00:00,2.899918384003266,261.0,1.0,best_within_2.0d,11141.0,380.71,0.5832424107187206,4.3760036431226785,32.22527881040892,0.012230020343504162,2.285057100371749,15.890706319702602,0.006381710269403211,0.4929364202292669,5.6011759621451125,36.843533123028394,0.015614239272951093,2.82998018927445,22.52492113564669,0.007835530045022196,1.8630914826498424,0.00402220134195386,1.9444468750000041,16.553125,0.005470102952261012,0.0,1
10882.0,2021-12-22 11:10:00,392.18,392.715,392.17,392.66,406544.0,1,1,0.0,sell,False,0.6532842750363883,5.064999999999998,31.0,0.013065909970334058,0.38288299222560074,0.6779327480760613,0.8693742441888617,0.0022257670363192987,73.34725049654011,93.69911554955192,89.91406807538667,101.2692104978824,406544.0,5.064999999999998,3.0,5.064999999999998,31.0,0.013065909970334058,5.064999999999998,31.0,0.013065909970334058,1.0,1.0,0.38288299222560074,0.8693742441888617,0.6779327480760613,73.34725049654011,93.69911554955192,89.91406807538667,101.2692104978824,38.306898407573165,11.18603644959423,40.71993316798589,0.1223927788260539,0.13897034449344903,0.05499999999994998,0.009999999999990905,0.4800000000000182,1.0,10883.0,10883.0,2021-12-22,2021-12-22 11:10:00,3.0433453878673777,259.0,1.0,best_within_2.0d,11141.0,380.71,0.5832424107187206,4.3760036431226785,32.22527881040892,0.012230020343504162,2.285057100371749,15.890706319702602,0.006381710269403211,0.4929364202292669,5.6011759621451125,36.843533123028394,0.015614239272951093,2.82998018927445,22.52492113564669,0.007835530045022196,1.8630914826498424,0.00402220134195386,1.9444468750000041,16.553125,0.005470102952261012,0.0,1
10883.0,2021-12-22 11:15:00,392.65,392.84,392.4843,392.54,346165.0,1,1,0.0,sell,False,0.6532842750387461,5.189999999999998,32.0,0.013388365793886232,0.3405132149897987,0.7204968999497862,0.8907535074446855,0.0022796613843160253,71.44782072223995,92.21518097568743,90.68110570882025,95.2833315094218,346165.0,5.189999999999998,3.0,5.189999999999998,32.0,0.013388365793886232,5.189999999999998,32.0,0.013388365793886232,1.0,1.0,0.3405132149897987,0.8907535074446855,0.7204968999497862,71.44782072223995,92.21518097568743,90.68110570882025,95.2833315094218,40.851628625514614,7.289105507082572,42.7911889505793,-0.028014771424922147,0.09062782893480227,0.18999999999999773,0.05570000000000164,0.1099999999999568,0.0,10884.0,10884.0,2021-12-22,2021-12-22 11:15:00,3.013705609619412,258.0,1.0,best_within_2.0d,11141.0,380.71,0.5832424107187206,4.3760036431226785,32.22527881040892,0.012230020343504162,2.285057100371749,15.890706319702602,0.006381710269403211,0.4929364202292669,5.6011759621451125,36.843533123028394,0.015614239272951093,2.82998018927445,22.52492113564669,0.007835530045022196,1.8630914826498424,0.00402220134195386,1.9444468750000041,16.553125,0.005470102952261012,0.0,1
10884.0,2021-12-22 11:20:00,392.57,392.87,392.35,392.47,228842.0,1,1,0.0,sell,False,0.6532842750360629,5.220000000000027,33.0,0.013465755191538831,0.2740346557094546,0.7547512319134679,0.8917685597681952,0.0022815106437653865,70.30409600034585,87.10299155604648,89.48840099122899,82.33217268568143,228842.0,5.220000000000027,3.0,5.220000000000027,33.0,0.013465755191538831,5.220000000000027,33.0,0.013465755191538831,1.0,1.0,0.2740346557094546,0.8917685597681952,0.7547512319134679,70.30409600034585,87.10299155604648,89.48840099122899,82.33217268568143,36.589767991337034,8.797952285630068,44.10839081401513,-0.025473164021694448,0.13253472664712165,0.30000000000001137,0.12000000000000455,0.0999999999999659,0.0,10885.0,10885.0,2021-12-22,2021-12-22 11:20:00,2.9964073687160924,257.0,1.0,best_within_2.0d,11141.0,380.71,0.5832424107187206,4.3760036431226785,32.22527881040892,0.012230020343504162,2.285057100371749,15.890706319702602,0.006381710269403211,0.4929364202292669,5.6011759621451125,36.843533123028394,0.015614239272951093,2.82998018927445,22.52492113564669,0.007835530045022196,1.8630914826498424,0.00402220134195386,1.9444468750000041,16.553125,0.005470102952261012,0.0,1
10886.0,2021-12-22 11:30:00,392.65,392.96,392.51,392.9008,265353.0,1,1,0.0,sell,False,0.6532842750317653,5.310000000000002,35.0,0.013697923384496331,0.20295838298742486,0.8083632789190286,0.909842470412741,0.0023261313821474282,73.27187063478056,89.83741547656123,89.00365459386995,91.50493724194382,265353.0,5.310000000000002,3.0,5.310000000000002,35.0,0.013697923384496331,5.310000000000002,35.0,0.013697923384496331,1.0,1.0,0.20295838298742486,0.909842470412741,0.8083632789190286,73.27187063478056,89.83741547656123,89.00365459386995,91.50493724194382,33.53190666650562,11.893857921384644,44.37814803731036,0.06387367884885434,0.11464676059208392,0.059199999999975716,0.13999999999998636,0.25080000000002656,1.0,10887.0,10887.0,2021-12-22,2021-12-22 11:30:00,3.1027679251353075,255.0,1.0,best_within_2.0d,11141.0,380.71,0.5832424107187206,4.3760036431226785,32.22527881040892,0.012230020343504162,2.285057100371749,15.890706319702602,0.006381710269403211,0.4929364202292669,5.6011759621451125,36.843533123028394,0.015614239272951093,2.82998018927445,22.52492113564669,0.007835530045022196,1.8630914826498424,0.00402220134195386,1.9444468750000041,16.553125,0.005470102952261012,0.0,1
10887.0,2021-12-22 11:35:00,392.89,392.96,392.58,392.84,207762.0,1,1,0.0,sell,False,0.6532842750384221,5.310000000000002,36.0,0.013697923384496331,0.15541617943375097,0.8277903013482476,0.9054983910651231,0.0023142799959527094,72.1442427555767,90.30523562184364,89.43751493652785,92.04067699247523,207762.0,5.310000000000002,3.0,5.310000000000002,36.0,0.013697923384496331,5.310000000000002,36.0,0.013697923384496331,1.0,1.0,0.15541617943375097,0.9054983910651231,0.8277903013482476,72.1442427555767,90.30523562184364,89.43751493652785,92.04067699247523,35.50545696482721,9.779034507466442,45.26618523295314,-0.012726208353486056,0.0967955575933556,0.06999999999999318,0.2599999999999909,0.05000000000001137,0.0,10888.0,10888.0,2021-12-22,2021-12-22 11:35:00,3.0877711027390276,254.0,1.0,best_within_2.0d,11141.0,380.71,0.5832424107187206,4.3760036431226785,32.22527881040892,0.012230020343504162,2.285057100371749,15.890706319702602,0.006381710269403211,0.4929364202292669,5.6011759621451125,36.843533123028394,0.015614239272951093,2.82998018927445,22.52492113564669,0.007835530045022196,1.8630914826498424,0.00402220134195386,1.9444468750000041,16.553125,0.005470102952261012,0.0,1
10888.0,2021-12-22 11:40:00,392.85,393.0832,392.74,392.98,240563.0,1,1,0.0,sell,False,0.6532842750333658,5.433199999999999,37.0,0.014015735844189345,0.12024580788951833,0.8428210273344373,0.9029439312791965,0.0023070025517978733,73.16821283263701,91.23304662493928,90.03602549933166,93.62708887615452,240563.0,5.433199999999999,3.0,5.433199999999999,37.0,0.014015735844189345,5.433199999999999,37.0,0.014015735844189345,1.0,1.0,0.12024580788951833,0.9029439312791965,0.8428210273344373,73.16821283263701,91.23304662493928,90.03602549933166,93.62708887615452,38.44327421772425,10.138083805330469,46.19456351836124,0.03309151075473984,0.08738605693333185,0.10319999999995844,0.11000000000001364,0.12999999999999545,1.0,10889.0,10889.0,2021-12-22,2021-12-22 11:40:00,3.122296300066171,253.0,1.0,best_within_2.0d,11141.0,380.71,0.5832424107187206,4.3760036431226785,32.22527881040892,0.012230020343504162,2.285057100371749,15.890706319702602,0.006381710269403211,0.4929364202292669,5.6011759621451125,36.843533123028394,0.015614239272951093,2.82998018927445,22.52492113564669,0.007835530045022196,1.8630914826498424,0.00402220134195386,1.9444468750000041,16.553125,0.005470102952261012,0.0,1
10892.0,2021-12-22 12:00:00,392.9699,393.23,392.72,393.1515,211488.0,1,1,0.0,sell,False,0.6532842750368922,5.580000000000041,41.0,0.014394427963369125,-0.05213309283891898,0.8277969427833533,0.8017303963638938,0.0020463641104038373,70.19471928822327,83.64829250441045,82.50615577195859,85.93256596931417,211488.0,5.580000000000041,3.0,5.580000000000041,41.0,0.014394427963369125,5.580000000000041,41.0,0.014394427963369125,1.0,1.0,-0.05213309283891898,0.8017303963638938,0.8277969427833533,70.19471928822327,83.64829250441045,82.50615577195859,85.93256596931417,26.953433918962453,18.054241808682043,40.166419299664106,0.04621219080647222,0.12986351599103454,0.07850000000001955,0.24989999999996826,0.1816000000000031,1.0,10893.0,10893.0,2021-12-22,2021-12-22 12:00:00,3.1645561571048355,249.0,1.0,best_within_2.0d,11141.0,380.71,0.5832424107187206,4.3760036431226785,32.22527881040892,0.012230020343504162,2.285057100371749,15.890706319702602,0.006381710269403211,0.4929364202292669,5.6011759621451125,36.843533123028394,0.015614239272951093,2.82998018927445,22.52492113564669,0.007835530045022196,1.8630914826498424,0.00402220134195386,1.9444468750000041,16.553125,0.005470102952261012,0.0,1
10893.0,2021-12-22 12:05:00,393.16,393.24,393.03,393.1,210318.0,1,1,0.0,sell,False,0.6532842750400917,5.590000000000032,42.0,0.014420224429253276,-0.07094268464120779,0.8189291072032023,0.7834577648825984,0.00199922655397732,69.18093559828758,84.73749095309645,83.2499341656712,87.71260452794695,210318.0,5.590000000000032,3.0,5.590000000000032,42.0,0.014420224429253276,5.590000000000032,42.0,0.014420224429253276,1.0,1.0,-0.07094268464120779,0.7834577648825984,0.8189291072032023,69.18093559828758,84.73749095309645,83.2499341656712,87.71260452794695,26.02728641020104,18.84315978572389,38.44101938962064,-0.01526096245803293,0.05343103579880324,0.07999999999998408,0.07000000000005002,0.060000000000002274,0.0,10894.0,10894.0,2021-12-22,2021-12-22 12:05:00,3.15186975324346,248.0,1.0,best_within_2.0d,11141.0,380.71,0.5832424107187206,4.3760036431226785,32.22527881040892,0.012230020343504162,2.285057100371749,15.890706319702602,0.006381710269403211,0.4929364202292669,5.6011759621451125,36.843533123028394,0.015614239272951093,2.82998018927445,22.52492113564669,0.007835530045022196,1.8630914826498424,0.00402220134195386,1.9444468750000041,16.553125,0.005470102952261012,1.0,1
10926.0,2021-12-22 14:50:00,392.06,392.32,392.06,392.32,170830.0,2,2,0.0,sell,False,0.6290322580645125,4.163492493946733,28.239017640954685,0.011578080659927173,0.21151164549516155,-0.10544219246388153,0.00031363028369923995,8.00506366611712e-07,58.44933224700821,87.84739928585245,74.38913755866855,114.76392274022021,170830.0,1.5600000000000023,1.0,2.480000000000018,29.0,0.006306581222663051,1.5600000000000023,6.0,0.003992220288668242,2.0,2.0,0.21151164549516155,0.00031363028369923995,-0.10544219246388153,58.44933224700821,87.84739928585245,74.38913755866855,114.76392274022021,22.513695569420705,16.08712202710913,35.76089038009779,0.06631638014589371,0.06631638014589371,0.0,0.0,0.2599999999999909,1.0,10927.0,10927.0,2021-12-22,2021-12-22 14:50:00,2.959318923327899,215.0,1.0,best_within_2.0d,11141.0,380.71,0.6290322580645125,2.480000000000018,29.0,0.006306581222663051,1.5600000000000023,6.0,0.003992220288668242,0.4929364202292669,5.6011759621451125,36.843533123028394,0.015614239272951093,2.82998018927445,22.52492113564669,0.007835530045022196,1.8630914826498424,0.00402220134195386,1.9444468750000041,16.553125,0.005470102952261012,0.0,1
10927.0,2021-12-22 14:55:00,392.315,392.66,392.305,392.5735,272548.0,2,2,0.0,sell,False,0.7661290322580726,4.163492493946733,28.239017640954685,0.011578080659927173,0.2691512435517982,-0.07179828701990676,0.06277733475599234,0.00016020841858320692,61.55082893754004,90.38072233091918,79.71966581608542,111.7028353605867,272548.0,1.900000000000034,1.0,2.480000000000018,29.0,0.006306581222663051,1.900000000000034,7.0,0.004862319582352426,2.0,2.0,0.2691512435517982,0.06277733475599234,-0.07179828701990676,61.55082893754004,90.38072233091918,79.71966581608542,111.7028353605867,24.553143548956747,16.344100485950392,34.64028124367609,0.06589092948269283,0.09049081709384743,0.08650000000000091,0.009999999999990905,0.2585000000000264,1.0,10928.0,10928.0,2021-12-22,2021-12-22 14:55:00,3.0219818709108086,214.0,1.0,best_within_2.0d,11141.0,380.71,0.7661290322580726,2.480000000000018,29.0,0.006306581222663051,1.900000000000034,7.0,0.004862319582352426,0.4929364202292669,5.6011759621451125,36.843533123028394,0.015614239272951093,2.82998018927445,22.52492113564669,0.007835530045022196,1.8630914826498424,0.00402220134195386,1.9444468750000041,16.553125,0.005470102952261012,0.0,1
10928.0,2021-12-22 15:00:00,392.61,392.69,392.42,392.52,201955.0,2,2,0.0,sell,False,0.77822580645161,4.163492493946733,28.239017640954685,0.011578080659927173,0.2856499265376968,-0.03609204620269466,0.10673291706615373,0.000272348925159734,60.52403873347184,90.65105150213239,83.36346104476775,105.22623241686165,201955.0,1.9300000000000068,1.0,2.480000000000018,29.0,0.006306581222663051,1.9300000000000068,8.0,0.00493909304944213,2.0,2.0,0.2856499265376968,0.10673291706615373,-0.03609204620269466,60.52403873347184,90.65105150213239,83.36346104476775,105.22623241686165,25.398827379329063,16.566675756748815,33.66927678546289,-0.022923511882028434,0.06880383262830177,0.07999999999998408,0.0999999999999659,0.09000000000003183,0.0,10929.0,10929.0,2021-12-22,2021-12-22 15:00:00,3.0087638846428217,213.0,1.0,best_within_2.0d,11141.0,380.71,0.77822580645161,2.480000000000018,29.0,0.006306581222663051,1.9300000000000068,8.0,0.00493909304944213,0.4929364202292669,5.6011759621451125,36.843533123028394,0.015614239272951093,2.82998018927445,22.52492113564669,0.007835530045022196,1.8630914826498424,0.00402220134195386,1.9444468750000041,16.553125,0.005470102952261012,0.0,1
10929.0,2021-12-22 15:05:00,392.51,392.8473,392.44,392.73,171216.0,2,2,0.0,sell,False,0.8416532258064565,4.163492493946733,28.239017640954685,0.011578080659927173,0.3084782476325438,0.0024677347513733126,0.1567068585676452,0.000399803852713218,63.12441909282365,91.89413430441272,86.20701879798273,103.2683653172727,171216.0,2.0873000000000275,1.0,2.480000000000018,29.0,0.006306581222663051,2.0873000000000275,9.0,0.005341641928549564,2.0,2.0,0.3084782476325438,0.1567068585676452,0.0024677347513733126,63.12441909282365,91.89413430441272,86.20701879798273,103.2683653172727,25.988748005710672,16.323788731211053,32.89588799344163,0.05604952740058273,0.10378656609928158,0.11730000000000018,0.06999999999999318,0.22000000000002728,1.0,10930.0,10930.0,2021-12-22,2021-12-22 15:05:00,3.060626893794729,212.0,1.0,best_within_2.0d,11141.0,380.71,0.8416532258064565,2.480000000000018,29.0,0.006306581222663051,2.0873000000000275,9.0,0.005341641928549564,0.4929364202292669,5.6011759621451125,36.843533123028394,0.015614239272951093,2.82998018927445,22.52492113564669,0.007835530045022196,1.8630914826498424,0.00402220134195386,1.9444468750000041,16.553125,0.005470102952261012,0.0,1
10930.0,2021-12-22 15:10:00,392.74,392.95,392.69,392.8992,162245.0,2,2,0.0,sell,False,0.8830645161290248,4.163492493946733,28.239017640954685,0.011578080659927173,0.32816655926222393,0.0434885546591513,0.20757183429026327,0.0005294808561448578,65.11816250254181,93.74087068105658,88.71830275900734,103.78600652515507,162245.0,2.1899999999999977,1.0,2.480000000000018,29.0,0.006306581222663051,2.1899999999999977,10.0,0.00560446309755348,2.0,2.0,0.32816655926222393,0.20757183429026327,0.0434885546591513,65.11816250254181,93.74087068105658,88.71830275900734,103.78600652515507,28.676687809540464,10.982709184116635,33.7329563742449,0.04053572337933453,0.06620998752196157,0.05079999999998108,0.05000000000001137,0.15919999999999845,1.0,10931.0,10931.0,2021-12-22,2021-12-22 15:10:00,3.1023733313786406,211.0,1.0,best_within_2.0d,11141.0,380.71,0.8830645161290248,2.480000000000018,29.0,0.006306581222663051,2.1899999999999977,10.0,0.00560446309755348,0.4929364202292669,5.6011759621451125,36.843533123028394,0.015614239272951093,2.82998018927445,22.52492113564669,0.007835530045022196,1.8630914826498424,0.00402220134195386,1.9444468750000041,16.553125,0.005470102952261012,0.0,1
10931.0,2021-12-22 15:15:00,392.891,392.99,392.39,392.48,271843.0,2,2,0.0,sell,False,0.8991935483870975,4.163492493946733,28.239017640954685,0.011578080659927173,0.26900609521175795,0.07711431656062104,0.2116173641665,0.000539754323595321,56.90870108556718,84.71613600959368,87.38424717586945,79.37991367704214,271843.0,2.230000000000018,1.0,2.480000000000018,29.0,0.006306581222663051,2.230000000000018,11.0,0.005706827720339897,2.0,2.0,0.26900609521175795,0.2116173641665,0.07711431656062104,56.90870108556718,84.71613600959368,87.38424717586945,79.37991367704214,26.126936192592744,15.811886059413338,33.08027872291763,-0.10460916641002245,0.15290909554270565,0.09899999999998954,0.09000000000003183,0.41100000000000136,0.0,10932.0,10932.0,2021-12-22,2021-12-22 15:15:00,2.9988789237668256,210.0,1.0,best_within_2.0d,11141.0,380.71,0.8991935483870975,2.480000000000018,29.0,0.006306581222663051,2.230000000000018,11.0,0.005706827720339897,0.4929364202292669,5.6011759621451125,36.843533123028394,0.015614239272951093,2.82998018927445,22.52492113564669,0.007835530045022196,1.8630914826498424,0.00402220134195386,1.9444468750000041,16.553125,0.005470102952261012,1.0,1
10937.0,2021-12-22 15:45:00,392.8,393.06,392.46,392.77,610836.0,2,2,0.0,sell,False,0.9274193548387074,4.163492493946733,28.239017640954685,0.011578080659927173,0.11040550140801308,0.20445281868260284,0.2596555693866094,0.0006618618136779858,57.941724080390856,73.02196201265588,75.0330006140289,68.99988480990984,610836.0,2.3000000000000114,1.0,2.480000000000018,29.0,0.006306581222663051,2.3000000000000114,17.0,0.005885965810216018,2.0,2.0,0.11040550140801308,0.2596555693866094,0.20445281868260284,57.941724080390856,73.02196201265588,75.0330006140289,68.99988480990984,21.023783154694982,21.586920203479842,25.680208685061846,-0.0076374745417590525,0.15288182235132822,0.2599999999999909,0.3100000000000023,0.03000000000002956,0.0,10938.0,10938.0,2021-12-22,2021-12-22 15:45:00,3.0704992743845008,204.0,1.0,best_within_2.0d,11141.0,380.71,0.9274193548387074,2.480000000000018,29.0,0.006306581222663051,2.3000000000000114,17.0,0.005885965810216018,0.4929364202292669,5.6011759621451125,36.843533123028394,0.015614239272951093,2.82998018927445,22.52492113564669,0.007835530045022196,1.8630914826498424,0.00402220134195386,1.9444468750000041,16.553125,0.005470102952261012,0.0,1
10938.0,2021-12-22 15:50:00,392.78,393.64,392.77,393.53,918322.0,1p,1p,0.0,sell,False,0.6341343140050809,2.8799999999999955,18.0,0.007370252840618271,0.18001604827481055,0.22695482471695416,0.31696284885435944,0.0008077520781031747,66.50269859558392,79.52031027601058,76.52877050135612,85.50338982531949,918322.0,2.8799999999999955,0.0,2.8799999999999955,18.0,0.007370252840618271,2.8799999999999955,0.0,0.0,1.0,1.0,0.18001604827481055,0.31696284885435944,0.22695482471695416,66.50269859558392,79.52031027601058,76.52877050135612,85.50338982531949,26.656319066017502,19.401751218935903,24.97097347548014,0.19094658587504457,0.22150367899788798,0.11000000000001364,0.009999999999990905,0.75,1.0,10939.0,10939.0,2021-12-22,2021-12-22 15:50:00,3.2576931873046515,203.0,1.0,best_within_2.0d,11141.0,380.71,0.5832424107187206,4.3760036431226785,32.22527881040892,0.012230020343504162,2.285057100371749,15.890706319702602,0.006381710269403211,0.4929364202292669,5.6011759621451125,36.843533123028394,0.015614239272951093,2.82998018927445,22.52492113564669,0.007835530045022196,1.8630914826498424,0.00402220134195386,1.9444468750000041,16.553125,0.005470102952261012,0.0,1
10939.0,2021-12-22 15:55:00,381.71,381.73,380.69,381.66,47572.0,3a,3a,1.0,buy,False,0.006008311055821661,4.163492493946733,28.239017640954685,0.011578080659927173,-0.14635496129028036,0.5449309975863887,0.47175351694124856,0.0012374141842596191,58.77608899486482,70.75024328363116,76.99539151593015,58.25994681903319,47572.0,1.5600000000000023,2.0,1.5600000000000023,9.0,0.004081098757357756,1.5600000000000023,9.0,0.004081098757357756,3.0,3.0,-0.14635496129028036,0.47175351694124856,0.5449309975863887,58.77608899486482,70.75024328363116,76.99539151593015,58.25994681903319,20.633309483002403,41.59941428024648,32.42647016041182,-0.013098949464241052,0.27318815834406485,0.020000000000038654,0.9700000000000273,0.049999999999954525,0.0,10940.0,10940.0,2021-12-22,2021-12-22 15:55:00,3.353472786352568,202.0,1.0,best_within_2.0d,11141.0,380.71,0.5832424107187206,4.3760036431226785,32.22527881040892,0.012230020343504162,2.285057100371749,15.890706319702602,0.006381710269403211,0.4929364202292669,5.6011759621451125,36.843533123028394,0.015614239272951093,2.82998018927445,22.52492113564669,0.007835530045022196,1.8630914826498424,0.006008311055821661,1.5600000000000023,9.0,0.004081098757357756,0.0,0
10939.0,2021-12-22 15:55:00,393.53,394.16,393.49,393.92,1563756.0,1p,1p,0.0,sell,False,0.6341343140050809,3.400000000000034,19.0,0.008700992936841115,0.25984942190512084,0.25943600245509424,0.38936071340765466,0.0009919672881495418,69.88975007031912,82.3267730148277,78.46143800584665,90.05744303278979,1563756.0,3.400000000000034,0.0,3.400000000000034,19.0,0.008700992936841115,3.400000000000034,0.0,0.0,1.0,1.0,0.25984942190512084,0.38936071340765466,0.25943600245509424,69.88975007031912,82.3267730148277,78.46143800584665,90.05744303278979,32.67312868545235,17.892427613460967,25.275244600858123,0.09910299087745361,0.17027116318077104,0.2400000000000091,0.03999999999996362,0.3900000000000432,1.0,10940.0,10940.0,2021-12-22,2021-12-22 15:55:00,3.353472786352568,202.0,1.0,best_within_2.0d,11141.0,380.71,0.5832424107187206,4.3760036431226785,32.22527881040892,0.012230020343504162,2.285057100371749,15.890706319702602,0.006381710269403211,0.4929364202292669,5.6011759621451125,36.843533123028394,0.015614239272951093,2.82998018927445,22.52492113564669,0.007835530045022196,1.8630914826498424,0.00402220134195386,1.9444468750000041,16.553125,0.005470102952261012,0.0,1
10942.0,2021-12-22 16:10:00,394.03,394.23,393.95,394.14,207414.0,1p,1p,0.0,sell,False,0.6341343140050809,3.4700000000000273,22.0,0.008880131026717237,0.3060543984942148,0.37298184334298246,0.5260090425900898,0.0013390268382322751,71.80823919443768,90.10886376207736,85.2729489068436,99.7806934725449,207414.0,3.4700000000000273,0.0,3.4700000000000273,22.0,0.008880131026717237,3.4700000000000273,0.0,0.0,1.0,1.0,0.3060543984942148,0.5260090425900898,0.37298184334298246,71.80823919443768,90.10886376207736,85.2729489068436,99.7806934725449,29.18272253841395,18.541508795123914,24.616335801279686,0.02791665609217919,0.07107500951898199,0.09000000000003183,0.07999999999998408,0.11000000000001364,1.0,10943.0,10943.0,2021-12-22,2021-12-22 16:10:00,3.4074186837164477,199.0,1.0,best_within_2.0d,11141.0,380.71,0.5832424107187206,4.3760036431226785,32.22527881040892,0.012230020343504162,2.285057100371749,15.890706319702602,0.006381710269403211,0.4929364202292669,5.6011759621451125,36.843533123028394,0.015614239272951093,2.82998018927445,22.52492113564669,0.007835530045022196,1.8630914826498424,0.00402220134195386,1.9444468750000041,16.553125,0.005470102952261012,1.0,1
10949.0,2021-12-22 16:45:00,394.22,394.28,393.95,394.19,20503.0,1p,1p,0.0,sell,False,0.6341343140049902,3.519999999999982,29.0,0.009008086805200077,0.0366562545018394,0.5140274740462638,0.5323556012971835,0.0013532522205285831,71.24116065538749,87.6880186694786,91.43350299006859,80.1970500282986,20503.0,3.519999999999982,0.0,3.519999999999982,29.0,0.009008086805200077,3.519999999999982,0.0,0.0,1.0,1.0,0.0366562545018394,0.5323556012971835,0.5140274740462638,71.24116065538749,87.6880186694786,91.43350299006859,80.1970500282986,35.527067650493656,13.66425678865108,28.589081023175897,-0.007609963979511328,0.0837669755045016,0.05999999999994543,0.2400000000000091,0.03000000000002956,0.0,10950.0,10950.0,2021-12-22,2021-12-22 16:45:00,3.4196707171668534,192.0,1.0,best_within_2.0d,11141.0,380.71,0.5832424107187206,4.3760036431226785,32.22527881040892,0.012230020343504162,2.285057100371749,15.890706319702602,0.006381710269403211,0.4929364202292669,5.6011759621451125,36.843533123028394,0.015614239272951093,2.82998018927445,22.52492113564669,0.007835530045022196,1.8630914826498424,0.00402220134195386,1.9444468750000041,16.553125,0.005470102952261012,1.0,1
10964.0,2021-12-22 18:00:00,394.13,394.41,394.03,394.41,23021.0,1p,1p,0.0,sell,False,0.6341343140050827,3.650000000000034,44.0,0.009340771829255896,-0.1070354377370617,0.28541894850786476,0.2319012296393339,0.0005887320925186562,70.9538392074563,58.28911711031787,45.7481153453332,83.3711206402872,23021.0,3.650000000000034,0.0,3.650000000000034,44.0,0.009340771829255896,3.650000000000034,0.0,0.0,1.0,1.0,-0.1070354377370617,0.2319012296393339,0.28541894850786476,70.9538392074563,58.28911711031787,45.7481153453332,83.3711206402872,31.785409721681663,18.606093495620684,36.51553434664445,0.07104254941263785,0.09643935740934759,0.0,0.10000000000002274,0.28000000000002956,1.0,10965.0,10965.0,2021-12-22,2021-12-22 18:00:00,3.4735427600720175,177.0,1.0,best_within_2.0d,11141.0,380.71,0.5832424107187206,4.3760036431226785,32.22527881040892,0.012230020343504162,2.285057100371749,15.890706319702602,0.006381710269403211,0.4929364202292669,5.6011759621451125,36.843533123028394,0.015614239272951093,2.82998018927445,22.52492113564669,0.007835530045022196,1.8630914826498424,0.00402220134195386,1.9444468750000041,16.553125,0.005470102952261012,0.0,1
10965.0,2021-12-22 18:05:00,394.38,394.52,394.38,394.48,5560.0,1p,1p,0.0,sell,False,0.6341343140050828,3.759999999999991,45.0,0.00962227454191829,-0.06860918110714442,0.2768428008694717,0.2425382103158995,0.0006156691802883993,72.47367337010124,69.47165630484028,53.65596233183555,101.10304425084973,5560.0,3.759999999999991,0.0,3.759999999999991,45.0,0.00962227454191829,3.759999999999991,0.0,0.0,1.0,1.0,-0.06860918110714442,0.2425382103158995,0.2768428008694717,72.47367337010124,69.47165630484028,53.65596233183555,101.10304425084973,44.14812145237951,21.623569690964324,36.35346584634554,0.025356255388210038,0.03549875754348252,0.03999999999996362,0.0,0.10000000000002274,1.0,10966.0,10966.0,2021-12-22,2021-12-22 18:05:00,3.490671263435418,176.0,1.0,best_within_2.0d,11141.0,380.71,0.5832424107187206,4.3760036431226785,32.22527881040892,0.012230020343504162,2.285057100371749,15.890706319702602,0.006381710269403211,0.4929364202292669,5.6011759621451125,36.843533123028394,0.015614239272951093,2.82998018927445,22.52492113564669,0.007835530045022196,1.8630914826498424,0.00402220134195386,1.9444468750000041,16.553125,0.005470102952261012,1.0,1
10983.0,2021-12-22 19:35:00,394.12,394.13,394.11,394.13,1690.0,2,2,0.0,sell,False,0.3606557377048951,4.163492493946733,28.239017640954685,0.011578080659927173,-0.08703913499752239,0.06303471018854491,0.019515142689783715,4.951928809744451e-05,52.23144773986951,36.159296069911456,29.879485149839645,48.71891791005508,1690.0,0.21999999999997044,1.0,0.6099999999999568,15.0,0.0015461827030314225,0.21999999999997044,5.0,0.0005585032113933904,2.0,2.0,-0.08703913499752239,0.019515142689783715,0.06303471018854491,52.23144773986951,36.159296069911456,29.879485149839645,48.71891791005508,31.21019108280077,30.57324840764209,26.740131904401693,0.0025372982847840517,0.005074725330486871,0.0,0.009999999999990905,0.009999999999990905,1.0,10984.0,10984.0,2021-12-22,2021-12-22 19:35:00,3.4049679039910727,158.0,1.0,best_within_2.0d,11141.0,380.71,0.3606557377048951,0.6099999999999568,15.0,0.0015461827030314225,0.21999999999997044,5.0,0.0005585032113933904,0.4929364202292669,5.6011759621451125,36.843533123028394,0.015614239272951093,2.82998018927445,22.52492113564669,0.007835530045022196,1.8630914826498424,0.00402220134195386,1.9444468750000041,16.553125,0.005470102952261012,0.0,1
10985.0,2021-12-22 19:45:00,394.15,394.15,394.1,394.14,4835.0,2,2,0.0,sell,False,0.39344262295076926,4.163492493946733,28.239017640954685,0.011578080659927173,-0.061232104097142054,0.04525074608625261,0.014634694037681584,3.713524391002887e-05,52.59639073070609,55.06131315844432,39.33916513518757,86.50560920495784,4835.0,0.23999999999995225,1.0,0.6099999999999568,15.0,0.0015461827030314225,0.23999999999995225,7.0,0.000609276230610932,2.0,2.0,-0.061232104097142054,0.014634694037681584,0.04525074608625261,52.59639073070609,55.06131315844432,39.33916513518757,86.50560920495784,27.81456953641858,39.07284768211925,25.452682939798333,-0.0025371051630066993,0.01268713524485017,0.0,0.03999999999996362,0.009999999999990905,0.0,10986.0,10986.0,2021-12-22,2021-12-22 19:45:00,3.4074186837164477,156.0,1.0,best_within_2.0d,11141.0,380.71,0.39344262295076926,0.6099999999999568,15.0,0.0015461827030314225,0.23999999999995225,7.0,0.000609276230610932,0.4929364202292669,5.6011759621451125,36.843533123028394,0.015614239272951093,2.82998018927445,22.52492113564669,0.007835530045022196,1.8630914826498424,0.00402220134195386,1.9444468750000041,16.553125,0.005470102952261012,0.0,1
10989.0,2021-12-23 04:05:00,394.07,394.28,394.07,394.28,1185.0,2,2,0.0,sell,False,0.6065573770491376,4.163492493946733,28.239017640954685,0.011578080659927173,-0.01175678034746673,0.025195191555211764,0.0193168013814784,4.901478595381352e-05,58.52137855381529,75.10067806887169,61.590748126405124,102.12053795380483,1185.0,0.3699999999999477,1.0,0.6099999999999568,15.0,0.0015461827030314225,0.3699999999999477,11.0,0.000939300855525241,2.0,2.0,-0.01175678034746673,0.0193168013814784,0.025195191555211764,58.52137855381529,75.10067806887169,61.590748126405124,102.12053795380483,32.894736842100635,45.394736842109054,24.92921586923502,0.05329002461491095,0.05329002461491095,0.0,0.0,0.20999999999997954,1.0,10990.0,10990.0,2021-12-23,2021-12-23 04:05:00,3.441716546616616,152.0,1.0,best_within_2.0d,11141.0,380.71,0.6065573770491376,0.6099999999999568,15.0,0.0015461827030314225,0.3699999999999477,11.0,0.000939300855525241,0.4929364202292669,5.6011759621451125,36.843533123028394,0.015614239272951093,2.82998018927445,22.52492113564669,0.007835530045022196,1.8630914826498424,0.00402220134195386,1.9444468750000041,16.553125,0.005470102952261012,1.0,1
11002.0,2021-12-23 05:20:00,394.51,394.51,394.48,394.48,800.0,2,2,0.0,sell,False,0.9836065573770629,4.163492493946733,28.239017640954685,0.011578080659927173,0.04723815979931648,0.028247027264813245,0.05186610716447149,0.00013158364600581796,63.45437079727859,80.42991880914703,70.97820877441488,99.33333887861133,800.0,0.5999999999999659,1.0,0.6099999999999568,15.0,0.0015461827030314225,0.5999999999999659,24.0,0.0015231905765275466,2.0,2.0,0.04723815979931648,0.05186610716447149,0.028247027264813245,63.45437079727859,80.42991880914703,70.97820877441488,99.33333887861133,48.387096774191185,23.87096774193823,16.963783029222835,-0.007604369977940411,0.007604948286344736,0.0,0.0,0.029999999999972715,0.0,11003.0,11003.0,2021-12-23,2021-12-23 05:20:00,3.490671263435418,139.0,1.0,best_within_2.0d,11141.0,380.71,0.9836065573770629,0.6099999999999568,15.0,0.0015461827030314225,0.5999999999999659,24.0,0.0015231905765275466,0.4929364202292669,5.6011759621451125,36.843533123028394,0.015614239272951093,2.82998018927445,22.52492113564669,0.007835530045022196,1.8630914826498424,0.00402220134195386,1.9444468750000041,16.553125,0.005470102952261012,0.0,1
11006.0,2021-12-23 05:40:00,394.5,394.54,394.5,394.54,6000.0,1p,1p,0.0,sell,False,0.20644252035908317,0.6299999999999955,28.0,0.0015993501053540033,0.06774755223591397,0.05742949282063166,0.09130326893858864,0.00023159181806019485,63.67138981208776,85.24787129929416,78.56323692819088,98.61714004150073,6000.0,0.6299999999999955,0.0,0.6299999999999955,28.0,0.0015993501053540033,0.6299999999999955,0.0,0.0,1.0,1.0,0.06774755223591397,0.09130326893858864,0.05742949282063166,63.67138981208776,85.24787129929416,78.56323692819088,98.61714004150073,49.27536231883914,26.08695652174128,17.346746258098825,0.010139416983528635,0.010139416983528635,0.0,0.0,0.040000000000020464,1.0,11007.0,11007.0,2021-12-23,2021-12-23 05:40:00,3.505348000202778,135.0,1.0,best_within_2.0d,11141.0,380.71,0.5832424107187206,4.3760036431226785,32.22527881040892,0.012230020343504162,2.285057100371749,15.890706319702602,0.006381710269403211,0.4929364202292669,5.6011759621451125,36.843533123028394,0.015614239272951093,2.82998018927445,22.52492113564669,0.007835530045022196,1.8630914826498424,0.00402220134195386,1.9444468750000041,16.553125,0.005470102952261012,0.0,1
11008.0,2021-12-23 05:50:00,394.73,394.73,394.73,394.73,200.0,1p,1p,0.0,sell,False,0.27091588213858814,0.8199999999999932,30.0,0.002081693787921081,0.08890555998250382,0.0769401737281557,0.12139295371940761,0.00030787156227155465,68.79678939614786,92.38529729703878,85.39608127722178,106.36372933667275,200.0,0.8199999999999932,0.0,0.8199999999999932,30.0,0.002081693787921081,0.8199999999999932,0.0,0.0,1.0,1.0,0.08890555998250382,0.12139295371940761,0.0769401737281557,68.79678939614786,92.38529729703878,85.39608127722178,106.36372933667275,55.19480519480594,25.3246753246741,19.21678029036198,0.0,0.0,0.0,0.0,0.0,0.0,11009.0,11009.0,2021-12-23,2021-12-23 05:50:00,3.5517948977782376,133.0,1.0,best_within_2.0d,11141.0,380.71,0.5832424107187206,4.3760036431226785,32.22527881040892,0.012230020343504162,2.285057100371749,15.890706319702602,0.006381710269403211,0.4929364202292669,5.6011759621451125,36.843533123028394,0.015614239272951093,2.82998018927445,22.52492113564669,0.007835530045022196,1.8630914826498424,0.00402220134195386,1.9444468750000041,16.553125,0.005470102952261012,0.0,1
11009.0,2021-12-23 05:55:00,394.73,394.73,394.73,394.73,100.0,1p,1p,0.0,sell,False,0.293933932338708,0.8199999999999932,31.0,0.002081693787921081,0.09645931661940238,0.088997588305581,0.13722724661528218,0.0003480015289200565,68.79678939614786,94.92353153135917,88.57189802860091,107.6267985368757,100.0,0.8199999999999932,0.0,0.8199999999999932,31.0,0.002081693787921081,0.8199999999999932,0.0,0.0,1.0,1.0,0.09645931661940238,0.13722724661528218,0.088997588305581,68.79678939614786,94.92353153135917,88.57189802860091,107.6267985368757,50.71428571428708,27.857142857141206,19.922075204687054,0.0,0.0,0.0,0.0,0.0,0.0,11010.0,11010.0,2021-12-23,2021-12-23 05:55:00,3.5517948977782376,132.0,1.0,best_within_2.0d,11141.0,380.71,0.5832424107187206,4.3760036431226785,32.22527881040892,0.012230020343504162,2.285057100371749,15.890706319702602,0.006381710269403211,0.4929364202292669,5.6011759621451125,36.843533123028394,0.015614239272951093,2.82998018927445,22.52492113564669,0.007835530045022196,1.8630914826498424,0.00402220134195386,1.9444468750000041,16.553125,0.005470102952261012,1.0,1
11015.0,2021-12-23 06:30:00,394.78,394.78,394.65,394.65,420.0,1p,1p,0.0,sell,False,0.2939339323387103,0.8699999999999477,37.0,0.002208626335964935,0.016495494494701834,0.12309671849051726,0.13134446573786818,0.000332987956073045,61.26882682761701,67.63716606319633,73.45662296863307,55.99825225232286,420.0,0.8699999999999477,0.0,0.8699999999999477,37.0,0.002208626335964935,0.8699999999999477,0.0,0.0,1.0,1.0,0.016495494494701834,0.13134446573786818,0.12309671849051726,61.26882682761701,67.63716606319633,73.45662296863307,55.99825225232286,54.28571428571417,27.142857142855053,24.156468700177243,-0.032929733015855785,0.0329405802609896,0.0,0.0,0.12999999999999545,0.0,11016.0,11016.0,2021-12-23,2021-12-23 06:30:00,3.5322437602939307,126.0,1.0,best_within_2.0d,11141.0,380.71,0.5832424107187206,4.3760036431226785,32.22527881040892,0.012230020343504162,2.285057100371749,15.890706319702602,0.006381710269403211,0.4929364202292669,5.6011759621451125,36.843533123028394,0.015614239272951093,2.82998018927445,22.52492113564669,0.007835530045022196,1.8630914826498424,0.00402220134195386,1.9444468750000041,16.553125,0.005470102952261012,0.0,1
11019.0,2021-12-23 06:55:00,394.79,394.79,394.75,394.75,3200.0,1p,1p,0.0,sell,False,0.29393393233871035,0.8799999999999955,41.0,0.00223401284557385,0.0033087934115522133,0.12537344146504198,0.12702783817081809,0.000321987887106985,62.809124026012235,73.84209179427664,70.29745982484013,80.93135573314964,3200.0,0.8799999999999955,0.0,0.8799999999999955,41.0,0.00223401284557385,0.8799999999999955,0.0,0.0,1.0,1.0,0.0033087934115522133,0.12702783817081809,0.12537344146504198,62.809124026012235,73.84209179427664,70.29745982484013,80.93135573314964,56.92307692307901,29.230769230762977,24.599073973026915,-0.010131968894860675,0.010132995566819623,0.0,0.0,0.040000000000020464,0.0,11020.0,11020.0,2021-12-23,2021-12-23 06:55:00,3.5566814439518737,122.0,1.0,best_within_2.0d,11141.0,380.71,0.5832424107187206,4.3760036431226785,32.22527881040892,0.012230020343504162,2.285057100371749,15.890706319702602,0.006381710269403211,0.4929364202292669,5.6011759621451125,36.843533123028394,0.015614239272951093,2.82998018927445,22.52492113564669,0.007835530045022196,1.8630914826498424,0.00402220134195386,1.9444468750000041,16.553125,0.005470102952261012,0.0,1
11020.0,2021-12-23 07:00:00,394.8,394.97,394.8,394.93,5074.0,1p,1p,0.0,sell,False,0.2939339323387104,1.0600000000000023,42.0,0.0026909700185321576,0.02482817951343186,0.12847696390422098,0.1408910536609369,0.00035710003898627586,68.66258212706217,79.72451509689236,73.43981158219087,92.29392212629534,5074.0,1.0600000000000023,0.0,1.0600000000000023,42.0,0.0026909700185321576,1.0600000000000023,0.0,0.0,1.0,1.0,0.02482817951343186,0.1408910536609369,0.12847696390422098,68.66258212706217,79.72451509689236,73.43981158219087,92.29392212629534,58.04195804195832,26.5734265734211,25.49843173528479,0.03292806484295731,0.04305977710233432,0.040000000000020464,0.0,0.12999999999999545,1.0,11021.0,11021.0,2021-12-23,2021-12-23 07:00:00,3.600638087762395,121.0,1.0,best_within_2.0d,11141.0,380.71,0.5832424107187206,4.3760036431226785,32.22527881040892,0.012230020343504162,2.285057100371749,15.890706319702602,0.006381710269403211,0.4929364202292669,5.6011759621451125,36.843533123028394,0.015614239272951093,2.82998018927445,22.52492113564669,0.007835530045022196,1.8630914826498424,0.00402220134195386,1.9444468750000041,16.553125,0.005470102952261012,0.0,1
11021.0,2021-12-23 07:05:00,394.92,394.989,394.91,394.91,4683.0,1p,1p,0.0,sell,False,0.293933932338708,1.0789999999999509,43.0,0.0027392043867887354,0.032119273161263284,0.13249187304937887,0.14855150963001051,0.00037649010461012356,67.39336644004031,79.71351563443548,75.5310462662724,88.07845437076165,4683.0,1.0789999999999509,0.0,1.0789999999999509,43.0,0.0027392043867887354,1.0789999999999509,0.0,0.0,1.0,1.0,0.032119273161263284,0.14855150963001051,0.13249187304937887,67.39336644004031,79.71351563443548,75.5310462662724,88.07845437076165,58.99930507296573,24.322446143152238,26.649830540801158,-0.002532158411827941,0.020004558000544653,0.06899999999995998,0.0,0.009999999999990905,0.0,11022.0,11022.0,2021-12-23,2021-12-23 07:05:00,3.5957559950368547,120.0,1.0,best_within_2.0d,11141.0,380.71,0.5832424107187206,4.3760036431226785,32.22527881040892,0.012230020343504162,2.285057100371749,15.890706319702602,0.006381710269403211,0.4929364202292669,5.6011759621451125,36.843533123028394,0.015614239272951093,2.82998018927445,22.52492113564669,0.007835530045022196,1.8630914826498424,0.00402220134195386,1.9444468750000041,16.553125,0.005470102952261012,0.0,1
11022.0,2021-12-23 07:10:00,394.89,395.0,394.87,395.0,2927.0,1p,1p,0.0,sell,False,0.293933932338708,1.089999999999975,44.0,0.00276712954735847,0.044076817289094905,0.13800147521051573,0.16003988385506318,0.0004055735510708006,70.0741343644763,86.47567708962364,79.1792565407228,101.0685181874253,2927.0,1.089999999999975,0.0,1.089999999999975,44.0,0.00276712954735847,1.089999999999975,0.0,0.0,1.0,1.0,0.044076817289094905,0.16003988385506318,0.13800147521051573,70.0741343644763,86.47567708962364,79.1792565407228,101.0685181874253,47.0198675496661,28.69757174392877,26.474717697091158,0.027855858593535832,0.03292222756856572,0.0,0.01999999999998181,0.11000000000001364,1.0,11023.0,11023.0,2021-12-23,2021-12-23 07:10:00,3.617721518987347,119.0,1.0,best_within_2.0d,11141.0,380.71,0.5832424107187206,4.3760036431226785,32.22527881040892,0.012230020343504162,2.285057100371749,15.890706319702602,0.006381710269403211,0.4929364202292669,5.6011759621451125,36.843533123028394,0.015614239272951093,2.82998018927445,22.52492113564669,0.007835530045022196,1.8630914826498424,0.00402220134195386,1.9444468750000041,16.553125,0.005470102952261012,0.0,1
11023.0,2021-12-23 07:15:00,395.0,395.01,394.88,394.88,26311.0,1p,1p,0.0,sell,False,0.2939339323387083,1.099999999999966,45.0,0.002792516056967241,0.031428489165568396,0.14193003635621176,0.15764428093899596,0.0003994817134126208,62.67515079056208,79.87267361530465,79.41039556558341,80.79722971474712,26311.0,1.099999999999966,0.0,1.099999999999966,45.0,0.002792516056967241,1.099999999999966,0.0,0.0,1.0,1.0,0.031428489165568396,0.15764428093899596,0.14193003635621176,62.67515079056208,79.87267361530465,79.41039556558341,80.79722971474712,43.58629952988278,26.1920752182668,26.364224662079458,-0.03037974683544419,0.03292139384116578,0.009999999999990905,0.0,0.12000000000000455,0.0,11024.0,11024.0,2021-12-23,2021-12-23 07:15:00,3.5884319286872004,118.0,1.0,best_within_2.0d,11141.0,380.71,0.5832424107187206,4.3760036431226785,32.22527881040892,0.012230020343504162,2.285057100371749,15.890706319702602,0.006381710269403211,0.4929364202292669,5.6011759621451125,36.843533123028394,0.015614239272951093,2.82998018927445,22.52492113564669,0.007835530045022196,1.8630914826498424,0.00402220134195386,1.9444468750000041,16.553125,0.005470102952261012,1.0,1
11029.0,2021-12-23 07:45:00,394.99,395.01,394.97,395.0,16499.0,1p,1p,0.0,sell,False,0.29393393233869064,1.099999999999966,51.0,0.002792516056967241,-0.007426629512802874,0.1260787436770607,0.12236542892065927,0.0003100216067141033,64.10477554599113,66.66445757602499,56.76518825763365,86.46299621280767,16499.0,1.099999999999966,0.0,1.099999999999966,51.0,0.002792516056967241,1.099999999999966,0.0,0.0,1.0,1.0,-0.007426629512802874,0.12236542892065927,0.1260787436770607,64.10477554599113,66.66445757602499,56.76518825763365,86.46299621280767,43.08943089431007,23.764853033147276,25.946957322209244,0.002531709663533483,0.010127351444404289,0.009999999999990905,0.01999999999998181,0.009999999999990905,1.0,11030.0,11030.0,2021-12-23,2021-12-23 07:45:00,3.617721518987347,112.0,1.0,best_within_2.0d,11141.0,380.71,0.5832424107187206,4.3760036431226785,32.22527881040892,0.012230020343504162,2.285057100371749,15.890706319702602,0.006381710269403211,0.4929364202292669,5.6011759621451125,36.843533123028394,0.015614239272951093,2.82998018927445,22.52492113564669,0.007835530045022196,1.8630914826498424,0.00402220134195386,1.9444468750000041,16.553125,0.005470102952261012,0.0,1
11030.0,2021-12-23 07:50:00,395.01,395.01,394.91,394.96,12409.0,1p,1p,0.0,sell,False,0.29393393233869053,1.099999999999966,52.0,0.002792516056967241,-0.002835978595075117,0.12572424635267632,0.12430625705513876,0.00031492344872916786,61.84552908530382,73.14667542105282,62.225683978773375,94.98865830561172,12409.0,1.099999999999966,0.0,1.099999999999966,52.0,0.002792516056967241,1.099999999999966,0.0,0.0,1.0,1.0,-0.002835978595075117,0.12430625705513876,0.12572424635267632,61.84552908530382,73.14667542105282,62.225683978773375,94.98865830561172,41.28220491312275,24.5656081485954,25.906940027453377,-0.012657907394752378,0.025322225317152232,0.0,0.049999999999954525,0.05000000000001137,0.0,11031.0,11031.0,2021-12-23,2021-12-23 07:50:00,3.607960299777193,111.0,1.0,best_within_2.0d,11141.0,380.71,0.5832424107187206,4.3760036431226785,32.22527881040892,0.012230020343504162,2.285057100371749,15.890706319702602,0.006381710269403211,0.4929364202292669,5.6011759621451125,36.843533123028394,0.015614239272951093,2.82998018927445,22.52492113564669,0.007835530045022196,1.8630914826498424,0.00402220134195386,1.9444468750000041,16.553125,0.005470102952261012,0.0,1
11031.0,2021-12-23 07:55:00,394.951,395.01,394.951,395.0,25684.0,1p,1p,0.0,sell,False,0.29393393233869153,1.099999999999966,53.0,0.002792516056967241,0.0030030243433182835,0.1260996243955911,0.12760113656725025,0.0003232538064360459,63.240692970519845,81.17185768811017,68.54107521521897,106.43342263389258,25684.0,1.099999999999966,0.0,1.099999999999966,53.0,0.002792516056967241,1.099999999999966,0.0,0.0,1.0,1.0,0.0030030243433182835,0.12760113656725025,0.1260996243955911,63.240692970519845,81.17185768811017,68.54107521521897,106.43342263389258,34.98122653316797,25.65707133917806,25.154778381676596,0.012406602338006025,0.014938561998822405,0.009999999999990905,0.0,0.04899999999997817,1.0,11032.0,11032.0,2021-12-23,2021-12-23 07:55:00,3.617721518987347,110.0,1.0,best_within_2.0d,11141.0,380.71,0.5832424107187206,4.3760036431226785,32.22527881040892,0.012230020343504162,2.285057100371749,15.890706319702602,0.006381710269403211,0.4929364202292669,5.6011759621451125,36.843533123028394,0.015614239272951093,2.82998018927445,22.52492113564669,0.007835530045022196,1.8630914826498424,0.00402220134195386,1.9444468750000041,16.553125,0.005470102952261012,0.0,1
11032.0,2021-12-23 08:00:00,394.8399,395.17,393.99,394.82,75851.0,1p,1p,0.0,sell,False,0.29393393233869064,1.259999999999991,54.0,0.0031987002107080067,-0.01876823661843602,0.1237535948182866,0.11436947650906859,0.00028972948904146305,53.72103474785924,77.56089947568867,71.5476833020422,89.58733182298161,75851.0,1.259999999999991,0.0,1.259999999999991,54.0,0.0031987002107080067,1.259999999999991,0.0,0.0,1.0,1.0,-0.01876823661843602,0.11436947650906859,0.1237535948182866,53.72103474785924,77.56089947568867,71.5476833020422,89.58733182298161,20.719051148999146,47.85025945144989,26.184263323526242,-0.005040017485569952,0.2994999873093243,0.3301000000000158,0.8299999999999841,0.019900000000006912,0.0,11033.0,11033.0,2021-12-23,2021-12-23 08:00:00,3.57378045691708,109.0,1.0,best_within_2.0d,11141.0,380.71,0.5832424107187206,4.3760036431226785,32.22527881040892,0.012230020343504162,2.285057100371749,15.890706319702602,0.006381710269403211,0.4929364202292669,5.6011759621451125,36.843533123028394,0.015614239272951093,2.82998018927445,22.52492113564669,0.007835530045022196,1.8630914826498424,0.00402220134195386,1.9444468750000041,16.553125,0.005470102952261012,1.0,1
11045.0,2021-12-23 09:05:00,394.67,394.85,394.67,394.83,6600.0,2,2,0.0,sell,False,0.726495726495736,4.163492493946733,28.239017640954685,0.011578080659927173,-0.010693086011375707,-0.01128378392897208,-0.016630326934659934,-4.21373195581615e-05,55.5372310433241,78.55914142440992,64.99952050349535,105.67838326623905,6600.0,0.8500000000000227,1.0,1.170000000000016,9.0,0.0029607510691601483,0.8500000000000227,6.0,0.0021573604060914284,2.0,2.0,-0.010693086011375707,-0.016630326934659934,-0.01128378392897208,55.5372310433241,78.55914142440992,64.99952050349535,105.67838326623905,10.895883777240822,45.302663438257625,54.06325578383691,0.04054019814021034,0.045607722907747436,0.020000000000038654,0.0,0.15999999999996817,1.0,11046.0,11046.0,2021-12-23,2021-12-23 09:05:00,3.576222678114633,96.0,1.0,best_within_2.0d,11141.0,380.71,0.726495726495736,1.170000000000016,9.0,0.0029607510691601483,0.8500000000000227,6.0,0.0021573604060914284,0.4929364202292669,5.6011759621451125,36.843533123028394,0.015614239272951093,2.82998018927445,22.52492113564669,0.007835530045022196,1.8630914826498424,0.00402220134195386,1.9444468750000041,16.553125,0.005470102952261012,0.0,1
11046.0,2021-12-23 09:10:00,394.85,394.85,394.61,394.61,17211.0,2,2,0.0,sell,False,0.726495726495736,4.163492493946733,28.239017640954685,0.011578080659927173,-0.012091782869586665,-0.012795256787670411,-0.018841148222463744,-4.7739554092473914e-05,48.261059566125404,76.29432957705748,68.76445686134939,91.35407500847367,17211.0,0.8500000000000227,1.0,1.170000000000016,9.0,0.0029607510691601483,0.8500000000000227,7.0,0.0021573604060914284,2.0,2.0,-0.012091782869586665,-0.018841148222463744,-0.012795256787670411,48.261059566125404,76.29432957705748,68.76445686134939,91.35407500847367,14.106583072101749,30.407523510972663,52.817288821409704,-0.06078257566164596,0.06081954334659767,0.0,0.0,0.2400000000000091,0.0,11047.0,11047.0,2021-12-23,2021-12-23 09:10:00,3.5224652188236574,95.0,1.0,best_within_2.0d,11141.0,380.71,0.726495726495736,1.170000000000016,9.0,0.0029607510691601483,0.8500000000000227,7.0,0.0021573604060914284,0.4929364202292669,5.6011759621451125,36.843533123028394,0.015614239272951093,2.82998018927445,22.52492113564669,0.007835530045022196,1.8630914826498424,0.00402220134195386,1.9444468750000041,16.553125,0.005470102952261012,1.0,1
11051.0,2021-12-23 09:35:00,394.98,395.62,394.67,395.25,688219.0,1,1,0.0,sell,False,0.28039923299060304,1.6200000000000045,12.0,0.0041116751269035644,0.09201765151029835,-0.007845093735949304,0.03816373201919987,9.669010713967063e-05,62.0983544303396,69.57063262274491,68.267444626929,72.17700861437672,688219.0,1.6200000000000045,4.0,1.6200000000000045,12.0,0.0041116751269035644,1.6200000000000045,12.0,0.0041116751269035644,1.0,1.0,0.09201765151029835,0.03816373201919987,-0.007845093735949304,62.0983544303396,69.57063262274491,68.267444626929,72.17700861437672,25.800376647835144,18.079096045198224,45.54263709362895,0.06835789153880747,0.24070742645754392,0.37000000000000455,0.3100000000000023,0.2699999999999818,1.0,11052.0,11052.0,2021-12-23,2021-12-23 09:35:00,3.678684376976602,90.0,1.0,best_within_2.0d,11141.0,380.71,0.5832424107187206,4.3760036431226785,32.22527881040892,0.012230020343504162,2.285057100371749,15.890706319702602,0.006381710269403211,0.4929364202292669,5.6011759621451125,36.843533123028394,0.015614239272951093,2.82998018927445,22.52492113564669,0.007835530045022196,1.8630914826498424,0.00402220134195386,1.9444468750000041,16.553125,0.005470102952261012,0.0,1
11053.0,2021-12-23 09:45:00,384.77,384.77,384.61,384.67,4734.0,3a,3a,1.0,buy,False,0.00041784184686088,4.163492493946733,28.239017640954685,0.011578080659927173,-0.005315809558015028,0.3519406971034097,0.3492827923244022,0.0009089293077730197,60.95811386371067,58.25333008253787,73.53698080372573,27.686028640162164,4734.0,0.45999999999997954,2.0,0.45999999999997954,7.0,0.0011945879969875075,0.45999999999997954,7.0,0.0011945879969875075,3.0,3.0,-0.005315809558015028,0.3492827923244022,0.3519406971034097,60.95811386371067,58.25333008253787,73.53698080372573,27.686028640162164,48.880597014926366,17.91044776119292,43.11495451457231,-0.025989552200006732,0.04160058240814544,0.0,0.060000000000002274,0.0999999999999659,0.0,11054.0,11054.0,2021-12-23,2021-12-23 09:45:00,3.4601086645696317,62.0,1.0,best_within_2.0d,11115.0,397.98,0.5832424107187206,4.3760036431226785,32.22527881040892,0.012230020343504162,2.285057100371749,15.890706319702602,0.006381710269403211,0.4929364202292669,5.6011759621451125,36.843533123028394,0.015614239272951093,2.82998018927445,22.52492113564669,0.007835530045022196,1.8630914826498424,0.00041784184686088,0.45999999999997954,7.0,0.0011945879969875075,0.0,0
11055.0,2021-12-23 09:55:00,395.06,395.72,394.6301,395.54,501291.0,1,1,0.0,sell,False,0.4804281978100924,1.7200000000000273,16.0,0.004365482233502607,0.15766046864791422,0.04445802929291395,0.12328826361687106,0.0003122720124988499,64.32534856553522,69.49743138286192,64.92328184293811,78.64573046270954,501291.0,1.7200000000000273,4.0,1.7200000000000273,16.0,0.004365482233502607,1.7200000000000273,16.0,0.004365482233502607,1.0,1.0,0.15766046864791422,0.12328826361687106,0.04445802929291395,64.32534856553522,69.49743138286192,64.92328184293811,78.64573046270954,21.970003487967176,11.546564352982342,40.634197577101006,0.1215005315648302,0.2761826834800488,0.18000000000000682,0.4298999999999751,0.4800000000000182,1.0,11056.0,11056.0,2021-12-23,2021-12-23 09:55:00,3.7493047479395356,86.0,1.0,best_within_2.0d,11141.0,380.71,0.5832424107187206,4.3760036431226785,32.22527881040892,0.012230020343504162,2.285057100371749,15.890706319702602,0.006381710269403211,0.4929364202292669,5.6011759621451125,36.843533123028394,0.015614239272951093,2.82998018927445,22.52492113564669,0.007835530045022196,1.8630914826498424,0.00402220134195386,1.9444468750000041,16.553125,0.005470102952261012,0.0,1
11056.0,2021-12-23 10:00:00,395.54,395.97,395.4,395.45,437463.0,1,1,0.0,sell,False,0.54059635753223,1.9700000000000273,17.0,0.0050000000000000695,0.17740564660116082,0.06663373511805906,0.15533655841863947,0.000393398680411123,62.144638682696886,70.19318740642476,66.67991703076699,77.21972815774029,437463.0,1.9700000000000273,4.0,1.9700000000000273,17.0,0.0050000000000000695,1.9700000000000273,17.0,0.0050000000000000695,1.0,1.0,0.17740564660116082,0.15533655841863947,0.06663373511805906,62.144638682696886,70.19318740642476,66.67991703076699,77.21972815774029,23.891325695581532,10.836006546644935,40.4170253590869,-0.022753703797348392,0.14415781487102935,0.4300000000000068,0.05000000000001137,0.09000000000003183,0.0,11057.0,11057.0,2021-12-23,2021-12-23 10:00:00,3.727399165507652,85.0,1.0,best_within_2.0d,11141.0,380.71,0.5832424107187206,4.3760036431226785,32.22527881040892,0.012230020343504162,2.285057100371749,15.890706319702602,0.006381710269403211,0.4929364202292669,5.6011759621451125,36.843533123028394,0.015614239272951093,2.82998018927445,22.52492113564669,0.007835530045022196,1.8630914826498424,0.00402220134195386,1.9444468750000041,16.553125,0.005470102952261012,0.0,1
11058.0,2021-12-23 10:10:00,395.55,396.23,395.55,396.1,313811.0,1,1,0.0,sell,False,0.7846207872007831,2.230000000000018,19.0,0.0056598984771574065,0.2574863040616051,0.12234466604045269,0.25108781807125524,0.0006356729599464094,70.46645155582651,79.21468163061154,72.02531706672409,93.59341075838643,313811.0,2.230000000000018,4.0,2.230000000000018,19.0,0.0056598984771574065,2.230000000000018,19.0,0.0056598984771574065,1.0,1.0,0.2574863040616051,0.25108781807125524,0.12234466604045269,70.46645155582651,79.21468163061154,72.02531706672409,93.59341075838643,23.895777178796443,11.232105420784103,39.36769573650012,0.13904689672608048,0.17191252686133404,0.12999999999999545,0.0,0.5500000000000114,1.0,11059.0,11059.0,2021-12-23,2021-12-23 10:10:00,3.885382479171937,83.0,1.0,best_within_2.0d,11141.0,380.71,0.5832424107187206,4.3760036431226785,32.22527881040892,0.012230020343504162,2.285057100371749,15.890706319702602,0.006381710269403211,0.4929364202292669,5.6011759621451125,36.843533123028394,0.015614239272951093,2.82998018927445,22.52492113564669,0.007835530045022196,1.8630914826498424,0.00402220134195386,1.9444468750000041,16.553125,0.005470102952261012,0.0,1
11059.0,2021-12-23 10:15:00,396.12,396.24,395.8,396.1102,283627.0,1,1,0.0,sell,False,0.8729900391333313,2.240000000000009,20.0,0.005685279187817282,0.2864861374129225,0.158155433217068,0.30139850192352924,0.0007628837962475776,70.57660762598132,83.79167181171228,75.94743531505348,99.48014480502988,283627.0,2.240000000000009,4.0,2.240000000000009,20.0,0.005685279187817282,2.240000000000009,20.0,0.005685279187817282,1.0,1.0,0.2864861374129225,0.30139850192352924,0.158155433217068,70.57660762598132,83.79167181171228,75.94743531505348,99.48014480502988,22.82544292767944,10.892826023815912,39.08351561984294,-0.0024739977784470025,0.11116725618999436,0.12000000000000455,0.3102000000000089,0.009799999999984266,0.0,11060.0,11060.0,2021-12-23,2021-12-23 10:15:00,3.887857469966701,82.0,1.0,best_within_2.0d,11141.0,380.71,0.5832424107187206,4.3760036431226785,32.22527881040892,0.012230020343504162,2.285057100371749,15.890706319702602,0.006381710269403211,0.4929364202292669,5.6011759621451125,36.843533123028394,0.015614239272951093,2.82998018927445,22.52492113564669,0.007835530045022196,1.8630914826498424,0.00402220134195386,1.9444468750000041,16.553125,0.005470102952261012,0.0,1
11060.0,2021-12-23 10:20:00,396.15,396.42,396.0446,396.3546,246258.0,1,1,0.0,sell,False,0.9688827631191821,2.420000000000016,21.0,0.006142131979695472,0.31795492270167686,0.1978997985547776,0.35687725990561603,0.0009030924860099138,73.15984077252782,88.11523995368262,80.00337019459653,104.33897947185483,246258.0,2.420000000000016,4.0,2.420000000000016,21.0,0.006142131979695472,2.420000000000016,21.0,0.006142131979695472,1.0,1.0,0.31795492270167686,0.35687725990561603,0.1978997985547776,73.15984077252782,88.11523995368262,80.00337019459653,104.33897947185483,24.530762104107453,10.03785929153889,39.286480503308134,0.05164710336994262,0.09478730425816013,0.065400000000011,0.10539999999997463,0.20460000000002765,1.0,11061.0,11061.0,2021-12-23,2021-12-23 10:20:00,3.9471220972331404,81.0,1.0,best_within_2.0d,11141.0,380.71,0.5832424107187206,4.3760036431226785,32.22527881040892,0.012230020343504162,2.285057100371749,15.890706319702602,0.006381710269403211,0.4929364202292669,5.6011759621451125,36.843533123028394,0.015614239272951093,2.82998018927445,22.52492113564669,0.007835530045022196,1.8630914826498424,0.00402220134195386,1.9444468750000041,16.553125,0.005470102952261012,0.0,1
11061.0,2021-12-23 10:25:00,396.37,396.4499,395.86,396.2499,401998.0,1,1,0.0,sell,False,0.9688827631189131,2.4499000000000137,22.0,0.0062180203045685625,0.3040393770464929,0.23590472068558918,0.38792440920883564,0.0009814603426958133,70.31190689852616,88.82463547199205,82.94379195372836,100.58632250851943,401998.0,2.4499000000000137,4.0,2.4499000000000137,22.0,0.0062180203045685625,2.4499000000000137,22.0,0.0062180203045685625,1.0,1.0,0.3040393770464929,0.38792440920883564,0.23590472068558918,70.31190689852616,88.82463547199205,82.94379195372836,100.58632250851943,23.56088236586563,10.790086566769588,39.13583162043967,-0.030299972248146793,0.14901732935886425,0.07990000000000919,0.38990000000001146,0.12009999999997945,0.0,11062.0,11062.0,2021-12-23,2021-12-23 10:25:00,3.9217423146352957,80.0,1.0,best_within_2.0d,11141.0,380.71,0.5832424107187206,4.3760036431226785,32.22527881040892,0.012230020343504162,2.285057100371749,15.890706319702602,0.006381710269403211,0.4929364202292669,5.6011759621451125,36.843533123028394,0.015614239272951093,2.82998018927445,22.52492113564669,0.007835530045022196,1.8630914826498424,0.00402220134195386,1.9444468750000041,16.553125,0.005470102952261012,0.0,1
11062.0,2021-12-23 10:30:00,396.26,396.47,395.7783,396.12,276630.0,1,1,0.0,sell,False,0.968882763118913,2.4700000000000273,23.0,0.006269035532994993,0.2584979103963745,0.268216959485136,0.39746591468332326,0.0010054371277350785,66.83564532255015,86.20883265573022,84.03213885439564,90.56222025839935,276630.0,2.4700000000000273,4.0,2.4700000000000273,23.0,0.006269035532994993,2.4700000000000273,23.0,0.006269035532994993,1.0,1.0,0.2584979103963745,0.39746591468332326,0.268216959485136,66.83564532255015,86.20883265573022,84.03213885439564,90.56222025839935,22.447014495787478,10.193102726463326,39.02202129136587,-0.035330338666528634,0.17476956164600882,0.21000000000003638,0.341700000000003,0.13999999999998636,0.0,11063.0,11063.0,2021-12-23,2021-12-23 10:30:00,3.890235282237712,79.0,1.0,best_within_2.0d,11141.0,380.71,0.5832424107187206,4.3760036431226785,32.22527881040892,0.012230020343504162,2.285057100371749,15.890706319702602,0.006381710269403211,0.4929364202292669,5.6011759621451125,36.843533123028394,0.015614239272951093,2.82998018927445,22.52492113564669,0.007835530045022196,1.8630914826498424,0.00402220134195386,1.9444468750000041,16.553125,0.005470102952261012,0.0,1
11065.0,2021-12-23 10:45:00,396.14,396.54,396.08,396.51,246134.0,1,1,0.0,sell,False,0.9688827631190122,2.5400000000000205,26.0,0.006446700507614265,0.1738536932652437,0.33763064752614014,0.424557494158762,0.0010734351083194575,72.00035428786532,86.12935494766054,84.01370494092839,90.36065496112485,246134.0,2.5400000000000205,4.0,2.5400000000000205,26.0,0.006446700507614265,2.5400000000000205,26.0,0.006446700507614265,1.0,1.0,0.1738536932652437,0.424557494158762,0.33763064752614014,72.00035428786532,86.12935494766054,84.01370494092839,90.36065496112485,16.973220242066375,10.053130658533517,38.09422336958405,0.0934013227646803,0.11613815390831053,0.03000000000002956,0.060000000000002274,0.37000000000000455,1.0,11066.0,11066.0,2021-12-23,2021-12-23 10:45:00,3.984767092885428,76.0,1.0,best_within_2.0d,11141.0,380.71,0.5832424107187206,4.3760036431226785,32.22527881040892,0.012230020343504162,2.285057100371749,15.890706319702602,0.006381710269403211,0.4929364202292669,5.6011759621451125,36.843533123028394,0.015614239272951093,2.82998018927445,22.52492113564669,0.007835530045022196,1.8630914826498424,0.00402220134195386,1.9444468750000041,16.553125,0.005470102952261012,0.0,1
11066.0,2021-12-23 10:50:00,396.55,396.7,396.43,396.61,178271.0,1,1,0.0,sell,False,0.968882763119028,2.6999999999999886,27.0,0.00685279187817256,0.17459789923100288,0.3594553849300155,0.44675433454551694,0.0011293247279029277,73.16038739014205,88.14420764626712,85.3905391760413,93.65154458671879,178271.0,2.6999999999999886,4.0,2.6999999999999886,27.0,0.00685279187817256,2.6999999999999886,27.0,0.00685279187817256,1.0,1.0,0.17459789923100288,0.44675433454551694,0.3594553849300155,73.16038739014205,88.14420764626712,85.3905391760413,93.65154458671879,19.92356431660454,9.603489892385385,37.86972524514653,0.015130500567394345,0.06810786267436415,0.08999999999997499,0.12000000000000455,0.060000000000002274,1.0,11067.0,11067.0,2021-12-23,2021-12-23 10:50:00,4.008976072212005,75.0,1.0,best_within_2.0d,11141.0,380.71,0.5832424107187206,4.3760036431226785,32.22527881040892,0.012230020343504162,2.285057100371749,15.890706319702602,0.006381710269403211,0.4929364202292669,5.6011759621451125,36.843533123028394,0.015614239272951093,2.82998018927445,22.52492113564669,0.007835530045022196,1.8630914826498424,0.00402220134195386,1.9444468750000041,16.553125,0.005470102952261012,0.0,1
11067.0,2021-12-23 10:55:00,396.63,396.96,396.63,396.93,216316.0,1,1,0.0,sell,False,0.9688827631190394,2.9599999999999795,28.0,0.007512690355329897,0.20020077530807612,0.384480481843525,0.48458086949756307,0.001224637953434805,76.51365317552994,91.24989996084466,87.34365943764242,99.06238100724912,216316.0,2.9599999999999795,4.0,2.9599999999999795,28.0,0.007512690355329897,2.9599999999999795,28.0,0.007512690355329897,1.0,1.0,0.20020077530807612,0.48458086949756307,0.384480481843525,76.51365317552994,91.24989996084466,87.34365943764242,99.06238100724912,24.76540790162545,7.704286423862099,38.91794168814651,0.07563724377883957,0.08320096815671636,0.029999999999972715,0.0,0.30000000000001137,1.0,11068.0,11068.0,2021-12-23,2021-12-23 10:55:00,4.086362834756764,74.0,1.0,best_within_2.0d,11141.0,380.71,0.5832424107187206,4.3760036431226785,32.22527881040892,0.012230020343504162,2.285057100371749,15.890706319702602,0.006381710269403211,0.4929364202292669,5.6011759621451125,36.843533123028394,0.015614239272951093,2.82998018927445,22.52492113564669,0.007835530045022196,1.8630914826498424,0.00402220134195386,1.9444468750000041,16.553125,0.005470102952261012,0.0,1
11068.0,2021-12-23 11:00:00,396.95,397.16,396.83,396.94,366891.0,1,1,0.0,sell,False,0.9688827631192545,3.160000000000025,29.0,0.008020304568527982,0.20001918951747943,0.4094828805332099,0.5094924752919496,0.0012872943647902054,76.61199079610324,88.85912850155503,87.84881579227995,90.87975392010523,366891.0,3.160000000000025,4.0,3.160000000000025,29.0,0.008020304568527982,3.160000000000025,29.0,0.008020304568527982,1.0,1.0,0.20001918951747943,0.5094924752919496,0.4094828805332099,76.61199079610324,88.85912850155503,87.84881579227995,90.87975392010523,24.906605535744326,8.121073187297077,39.76827600384852,-0.0025192089683816364,0.0831590353552002,0.21000000000003638,0.11000000000001364,0.009999999999990905,0.0,11069.0,11069.0,2021-12-23,2021-12-23 11:00:00,4.088779160578429,73.0,1.0,best_within_2.0d,11141.0,380.71,0.5832424107187206,4.3760036431226785,32.22527881040892,0.012230020343504162,2.285057100371749,15.890706319702602,0.006381710269403211,0.4929364202292669,5.6011759621451125,36.843533123028394,0.015614239272951093,2.82998018927445,22.52492113564669,0.007835530045022196,1.8630914826498424,0.00402220134195386,1.9444468750000041,16.553125,0.005470102952261012,0.0,1
11069.0,2021-12-23 11:05:00,396.95,397.17,396.9445,397.0838,236859.0,1,1,0.0,sell,False,0.9688827631192187,3.170000000000016,30.0,0.008045685279187857,0.20030764422839642,0.43452133606175947,0.5346751581759577,0.001350593289903857,78.03614298906311,90.5081311276919,88.73525423741727,94.05388490824114,236859.0,3.170000000000016,4.0,3.170000000000016,30.0,0.008045685279187857,3.170000000000016,30.0,0.008045685279187857,1.0,1.0,0.20030764422839642,0.5346751581759577,0.43452133606175947,78.03614298906311,90.5081311276919,88.73525423741727,94.05388490824114,28.518261934298273,6.062607742994834,41.56601615298019,0.033707015996978944,0.05680894936194125,0.08620000000001937,0.005499999999983629,0.1338000000000079,1.0,11070.0,11070.0,2021-12-23,2021-12-23 11:05:00,4.123512467645373,72.0,1.0,best_within_2.0d,11141.0,380.71,0.5832424107187206,4.3760036431226785,32.22527881040892,0.012230020343504162,2.285057100371749,15.890706319702602,0.006381710269403211,0.4929364202292669,5.6011759621451125,36.843533123028394,0.015614239272951093,2.82998018927445,22.52492113564669,0.007835530045022196,1.8630914826498424,0.00402220134195386,1.9444468750000041,16.553125,0.005470102952261012,0.0,1
11070.0,2021-12-23 11:10:00,397.1,397.43,397.09,397.16,364766.0,1,1,0.0,sell,False,0.968882763119535,3.430000000000007,31.0,0.008705583756345194,0.19179090015944167,0.4584951985816897,0.5543906486614105,0.0014000598855848283,78.77373712277378,88.22315601445365,88.56455482976273,87.5403583838355,364766.0,3.430000000000007,4.0,3.430000000000007,31.0,0.008705583756345194,3.430000000000007,31.0,0.008705583756345194,1.0,1.0,0.19179090015944167,0.5543906486614105,0.4584951985816897,78.77373712277378,88.22315601445365,88.56455482976273,87.5403583838355,29.752135180758472,6.289381758619253,43.24696067585298,0.015109544195417345,0.08562290664585656,0.2699999999999818,0.010000000000047748,0.060000000000002274,1.0,11071.0,11071.0,2021-12-23,2021-12-23 11:10:00,4.141907543559282,71.0,1.0,best_within_2.0d,11141.0,380.71,0.5832424107187206,4.3760036431226785,32.22527881040892,0.012230020343504162,2.285057100371749,15.890706319702602,0.006381710269403211,0.4929364202292669,5.6011759621451125,36.843533123028394,0.015614239272951093,2.82998018927445,22.52492113564669,0.007835530045022196,1.8630914826498424,0.00402220134195386,1.9444468750000041,16.553125,0.005470102952261012,1.0,1
11075.0,2021-12-23 11:35:00,397.3347,397.53,397.33,397.48,174336.0,1,1,0.0,sell,False,0.9688827631194931,3.5299999999999727,36.0,0.008959390862944094,0.07182747317387284,0.5285506641677367,0.5644644007546731,0.0014240221289303508,74.7108470126809,87.14805666838342,85.5006695151252,90.44283097489983,174336.0,3.5299999999999727,4.0,3.5299999999999727,36.0,0.008959390862944094,3.5299999999999727,36.0,0.008959390862944094,1.0,1.0,0.07182747317387284,0.5644644007546731,0.5285506641677367,74.7108470126809,87.14805666838342,85.5006695151252,90.44283097489983,26.405407548365368,6.575087218522121,46.06151179424774,0.03656866616482784,0.05033599275161419,0.049999999999954525,0.004700000000013915,0.1453000000000202,1.0,11076.0,11076.0,2021-12-23,2021-12-23 11:35:00,4.219080205293357,66.0,1.0,best_within_2.0d,11141.0,380.71,0.5832424107187206,4.3760036431226785,32.22527881040892,0.012230020343504162,2.285057100371749,15.890706319702602,0.006381710269403211,0.4929364202292669,5.6011759621451125,36.843533123028394,0.015614239272951093,2.82998018927445,22.52492113564669,0.007835530045022196,1.8630914826498424,0.00402220134195386,1.9444468750000041,16.553125,0.005470102952261012,0.0,1
11077.0,2021-12-23 11:45:00,397.44,397.6065,397.35,397.462,194515.0,1,1,0.0,sell,False,0.9688827631192183,3.6064999999999827,38.0,0.009153553299492342,0.031263849243226005,0.539067194488001,0.554699119109614,0.0013988507324926814,73.69002367967397,84.61323665765757,85.57055944665461,82.69859107966346,194515.0,3.6064999999999827,4.0,3.6064999999999827,38.0,0.009153553299492342,3.6064999999999827,38.0,0.009153553299492342,1.0,1.0,0.031263849243226005,0.554699119109614,0.539067194488001,73.69002367967397,84.61323665765757,85.57055944665461,82.69859107966346,33.00223997103656,6.787791026540379,48.616484297486586,0.005535426731076731,0.06455266138164338,0.14449999999999363,0.08999999999997499,0.02199999999999136,1.0,11078.0,11078.0,2021-12-23,2021-12-23 11:45:00,4.214742541425346,64.0,1.0,best_within_2.0d,11141.0,380.71,0.5832424107187206,4.3760036431226785,32.22527881040892,0.012230020343504162,2.285057100371749,15.890706319702602,0.006381710269403211,0.4929364202292669,5.6011759621451125,36.843533123028394,0.015614239272951093,2.82998018927445,22.52492113564669,0.007835530045022196,1.8630914826498424,0.00402220134195386,1.9444468750000041,16.553125,0.005470102952261012,0.0,1
11078.0,2021-12-23 11:50:00,397.48,397.61,397.31,397.42,190472.0,1,1,0.0,sell,False,0.9688827631195137,3.6100000000000136,39.0,0.009162436548223385,0.0008938077405857836,0.5391789204555743,0.5396258243258671,0.001360614738562136,72.18769081625305,80.82196997834504,83.98769629055141,74.49051735393229,190472.0,3.6100000000000136,4.0,3.6100000000000136,39.0,0.009162436548223385,3.6100000000000136,39.0,0.009162436548223385,1.0,1.0,0.0008938077405857836,0.5396258243258671,0.5391789204555743,72.18769081625305,80.82196997834504,83.98769629055141,74.49051735393229,31.389774525767795,7.798701745533521,49.4438072030318,-0.015095099124484822,0.07550778988699287,0.12999999999999545,0.11000000000001364,0.060000000000002274,0.0,11079.0,11079.0,2021-12-23,2021-12-23 11:50:00,4.204619797695142,63.0,1.0,best_within_2.0d,11141.0,380.71,0.5832424107187206,4.3760036431226785,32.22527881040892,0.012230020343504162,2.285057100371749,15.890706319702602,0.006381710269403211,0.4929364202292669,5.6011759621451125,36.843533123028394,0.015614239272951093,2.82998018927445,22.52492113564669,0.007835530045022196,1.8630914826498424,0.00402220134195386,1.9444468750000041,16.553125,0.005470102952261012,0.0,1
11081.0,2021-12-23 12:05:00,387.63,387.76,387.54,387.67,40217.0,3a,3a,1.0,buy,False,0.001196016744234366,4.163492493946733,28.239017640954685,0.011578080659927173,-0.17934744672862235,-0.08997978652112942,-0.1796535098854406,-0.0004621864634898952,19.29559880721756,17.58190338594333,26.882349082167888,-1.0189880065057864,40217.0,1.8599999999999568,2.0,1.8599999999999568,61.0,0.004776579352850429,1.8599999999999568,61.0,0.004776579352850429,3.0,3.0,-0.17934744672862235,-0.1796535098854406,-0.08997978652112942,19.29559880721756,17.58190338594333,26.882349082167888,-1.0189880065057864,14.786649767636684,61.61104069849219,29.172001710802256,0.010319118747264263,0.05676833359136358,0.08999999999997499,0.08999999999997499,0.040000000000020464,1.0,11082.0,11082.0,2021-12-23,2021-12-23 12:05:00,4.249192037323484,60.0,1.0,best_within_2.0d,11141.0,380.71,0.5832424107187206,4.3760036431226785,32.22527881040892,0.012230020343504162,2.285057100371749,15.890706319702602,0.006381710269403211,0.4929364202292669,5.6011759621451125,36.843533123028394,0.015614239272951093,2.82998018927445,22.52492113564669,0.007835530045022196,1.8630914826498424,0.001196016744234366,1.8599999999999568,61.0,0.004776579352850429,0.0,0
11081.0,2021-12-23 12:05:00,397.55,397.65,397.5211,397.605,136223.0,1,1,0.0,sell,False,0.9688827631169464,3.6499999999999773,42.0,0.009263959390862886,-0.040447209779785886,0.5294681433093023,0.5092445384194093,0.0012833658484802343,73.89429545574062,89.21068281048656,86.5654097239089,94.50122898364188,136223.0,3.6499999999999773,3.0,3.6499999999999773,42.0,0.009263959390862886,3.6499999999999773,42.0,0.009263959390862886,1.0,1.0,-0.040447209779785886,0.5092445384194093,0.5294681433093023,73.89429545574062,89.21068281048656,86.5654097239089,94.50122898364188,23.30323705945561,9.234084030164919,49.47581275188354,0.013834737768835825,0.03242595172935157,0.04499999999995907,0.028900000000021464,0.05500000000000682,1.0,11082.0,11082.0,2021-12-23,2021-12-23 12:05:00,4.249192037323484,60.0,1.0,best_within_2.0d,11141.0,380.71,0.5832424107187206,4.3760036431226785,32.22527881040892,0.012230020343504162,2.285057100371749,15.890706319702602,0.006381710269403211,0.4929364202292669,5.6011759621451125,36.843533123028394,0.015614239272951093,2.82998018927445,22.52492113564669,0.007835530045022196,1.8630914826498424,0.00402220134195386,1.9444468750000041,16.553125,0.005470102952261012,1.0,1
11092.0,2021-12-23 13:00:00,397.57,397.6742,397.47,397.49,118930.0,1p,1p,0.0,sell,False,3.1450989246936844e-07,0.5842000000000098,7.0,0.001471203001838399,-0.125558247001894,0.32568644466550883,0.26290732116456184,0.0006619748477637703,61.109327372261404,67.94788555048072,62.14792360289862,79.54780944564492,118930.0,0.5842000000000098,0.0,0.5842000000000098,7.0,0.001471203001838399,0.5842000000000098,0.0,0.0,1.0,1.0,-0.125558247001894,0.26290732116456184,0.32568644466550883,61.109327372261404,67.94788555048072,62.14792360289862,79.54780944564492,12.354082866867163,15.912351270007106,30.29954573586725,-0.020122242623936432,0.05137494653683485,0.10419999999999163,0.01999999999998181,0.07999999999998408,0.0,11093.0,11093.0,2021-12-23,2021-12-23 13:00:00,4.221489848801236,49.0,1.0,best_within_2.0d,11141.0,380.71,0.5832424107187206,4.3760036431226785,32.22527881040892,0.012230020343504162,2.285057100371749,15.890706319702602,0.006381710269403211,0.4929364202292669,5.6011759621451125,36.843533123028394,0.015614239272951093,2.82998018927445,22.52492113564669,0.007835530045022196,1.8630914826498424,0.00402220134195386,1.9444468750000041,16.553125,0.005470102952261012,0.0,1
11104.0,2021-12-23 14:00:00,397.76,397.97,397.751,397.88,158508.0,1p,1p,0.0,sell,False,3.145098924693675e-07,0.8800000000000523,11.0,0.0022161222896573884,-0.019088986753902026,0.21732884289525706,0.20778434951830604,0.0005227577323217798,63.421626386748194,78.49521068291173,74.86382389736991,85.75798425399537,158508.0,0.8800000000000523,0.0,0.8800000000000523,11.0,0.0022161222896573884,0.8800000000000523,0.0,0.0,1.0,1.0,-0.019088986753902026,0.20778434951830604,0.21732884289525706,63.421626386748194,78.49521068291173,74.86382389736991,85.75798425399537,24.65182752539085,17.058930852033786,22.702861876877584,0.03016894609815078,0.05505957244609089,0.09000000000003183,0.009000000000014552,0.12000000000000455,1.0,11105.0,11105.0,2021-12-23,2021-12-23 14:00:00,4.315371468784562,37.0,1.0,best_within_2.0d,11141.0,380.71,0.5832424107187206,4.3760036431226785,32.22527881040892,0.012230020343504162,2.285057100371749,15.890706319702602,0.006381710269403211,0.4929364202292669,5.6011759621451125,36.843533123028394,0.015614239272951093,2.82998018927445,22.52492113564669,0.007835530045022196,1.8630914826498424,0.00402220134195386,1.9444468750000041,16.553125,0.005470102952261012,1.0,1
11114.0,2021-12-23 14:50:00,397.82,397.97,397.784,397.9399,132483.0,1p,1p,0.0,sell,False,3.1450989246936844e-07,0.8800000000000523,21.0,0.0022161222896573884,-0.03784857716384549,0.14459710788482893,0.1256728193029062,0.0003160551565432098,60.310555621918255,71.34653417416536,61.856722371559975,90.32615777937612,132483.0,0.8800000000000523,0.0,0.8800000000000523,21.0,0.0022161222896573884,0.8800000000000523,0.0,0.0,1.0,1.0,-0.03784857716384549,0.1256728193029062,0.14459710788482893,60.310555621918255,71.34653417416536,61.856722371559975,90.32615777937612,23.992445448724766,19.088732251862425,18.145180589865966,0.03013925896134675,0.04675904510991781,0.030100000000004457,0.036000000000001364,0.11990000000002965,1.0,11115.0,11115.0,2021-12-23,2021-12-23 14:50:00,4.329774420710273,27.0,1.0,best_within_2.0d,11141.0,380.71,0.5832424107187206,4.3760036431226785,32.22527881040892,0.012230020343504162,2.285057100371749,15.890706319702602,0.006381710269403211,0.4929364202292669,5.6011759621451125,36.843533123028394,0.015614239272951093,2.82998018927445,22.52492113564669,0.007835530045022196,1.8630914826498424,0.00402220134195386,1.9444468750000041,16.553125,0.005470102952261012,0.0,1
11115.0,2021-12-23 14:55:00,397.93,398.0299,397.89,397.98,179382.0,1p,1p,0.0,sell,False,3.1450989246936844e-07,0.9399000000000228,22.0,0.00236696970460103,-0.016463568216149915,0.14253916185781018,0.13430737774973522,0.0003377481877178557,61.30146042966551,78.19264255835117,67.30202910049037,99.97386947407276,179382.0,0.9399000000000228,0.0,0.9399000000000228,22.0,0.00236696970460103,0.9399000000000228,0.0,0.0,1.0,1.0,-0.016463568216149915,0.13430737774973522,0.14253916185781018,61.30146042966551,78.19264255835117,67.30202910049037,99.97386947407276,24.664418212483604,19.08937605396182,17.75922829448229,0.012565023999198694,0.035160471487097306,0.04989999999997963,0.040000000000020464,0.05000000000001137,1.0,11116.0,11116.0,2021-12-23,2021-12-23 14:55:00,4.339414040906588,26.0,1.0,best_within_2.0d,11141.0,380.71,0.5832424107187206,4.3760036431226785,32.22527881040892,0.012230020343504162,2.285057100371749,15.890706319702602,0.006381710269403211,0.4929364202292669,5.6011759621451125,36.843533123028394,0.015614239272951093,2.82998018927445,22.52492113564669,0.007835530045022196,1.8630914826498424,0.00402220134195386,1.9444468750000041,16.553125,0.005470102952261012,1.0,1
11135.0,2021-12-23 16:35:00,391.5,391.67,390.76,390.95,250904.0,3a,3a,1.0,buy,False,0.0045143815297304275,4.163492493946733,28.239017640954685,0.011578080659927173,-0.1324891711744403,-0.16144511683435123,-0.22768970242157138,-0.000581312574462002,37.78493951688262,42.49490570332493,41.826656303133085,43.831404503708626,250904.0,2.480000000000018,2.0,2.480000000000018,29.0,0.006306581222663051,2.480000000000018,29.0,0.006306581222663051,3.0,3.0,-0.1324891711744403,-0.22768970242157138,-0.16144511683435123,37.78493951688262,42.49490570332493,41.826656303133085,43.831404503708626,12.785348113744984,34.20526077494871,43.70719586563375,-0.1404853128991089,0.23287951683898686,0.17000000000001592,0.18999999999999773,0.5500000000000114,0.0,11136.0,11136.0,2021-12-23,2021-12-23 16:35:00,2.0540172048918044,173.78554736652885,0.0,,14281.267661333814,366.3529484630595,0.5832424107187206,4.3760036431226785,32.22527881040892,0.012230020343504162,2.285057100371749,15.890706319702602,0.006381710269403211,0.4929364202292669,5.6011759621451125,36.843533123028394,0.015614239272951093,2.82998018927445,22.52492113564669,0.007835530045022196,1.8630914826498424,0.0045143815297304275,2.480000000000018,29.0,0.006306581222663051,0.0,0
11141.0,2021-12-23 17:05:00,380.3,380.94,380.201,380.71,632370.0,1p,1p,1.0,buy,False,7.504561249770688,4.878999999999962,21.0,0.012670094525812721,-0.3946634402331024,-0.7966537812986874,-0.9939855014152386,-0.002597385088546168,29.728624216090182,13.353602638607688,12.898014229751507,14.26477945632005,632370.0,4.878999999999962,0.0,4.878999999999962,21.0,0.012670094525812721,4.878999999999962,0.0,0.0,1.0,1.0,-0.3946634402331024,-0.9939855014152386,-0.7966537812986874,29.728624216090182,13.353602638607688,12.898014229751507,14.26477945632005,9.810381433487358,30.448788344680416,42.95584878452011,0.10780962398105921,0.19437087224914606,0.2300000000000182,0.09899999999998954,0.40999999999996817,1.0,11142.0,11142.0,2021-12-23,2021-12-23 17:05:00,2.0540172048918044,173.78554736652885,0.0,,14281.267661333814,366.3529484630595,0.5832424107187206,4.3760036431226785,32.22527881040892,0.012230020343504162,2.285057100371749,15.890706319702602,0.006381710269403211,0.4929364202292669,5.6011759621451125,36.843533123028394,0.015614239272951093,2.82998018927445,22.52492113564669,0.007835530045022196,1.8630914826498424,0.00402220134195386,1.9444468750000041,16.553125,0.005470102952261012,0.0,0
11141.0,2021-12-23 17:05:00,387.63,387.76,387.54,387.67,40217.0,2,2,1.0,buy,False,0.2021958908576982,4.163492493946733,28.239017640954685,0.011578080659927173,-0.1793450569701462,-0.08998352051983152,-0.17965604900490462,-0.0004621929927485839,19.295489121374246,17.58190338594333,26.882349082167888,-1.0189880065057864,40217.0,1.8599999999999568,1.0,9.198999999999955,54.0,0.024195096804058788,1.8599999999999568,61.0,0.004776579352850429,2.0,2.0,-0.1793450569701462,-0.17965604900490462,-0.08998352051983152,19.295489121374246,17.58190338594333,26.882349082167888,-1.0189880065057864,14.786649767636684,61.61104069849219,29.17083389618542,0.010319118747264263,0.05676833359136358,0.08999999999997499,0.08999999999997499,0.040000000000020464,1.0,11142.0,11142.0,2021-12-23,2021-12-23 17:05:00,2.0540172048918044,173.78554736652885,0.0,,14281.267661333814,366.3529484630595,0.2021958908576982,9.198999999999955,54.0,0.024195096804058788,1.8599999999999568,61.0,0.004776579352850429,0.4929364202292669,5.6011759621451125,36.843533123028394,0.015614239272951093,2.82998018927445,22.52492113564669,0.007835530045022196,1.8630914826498424,0.00402220134195386,1.9444468750000041,16.553125,0.005470102952261012,0.0,0
11141.0,2021-12-23 17:05:00,387.95,388.25,387.65,387.72,153997.0,2s,2s,1.0,buy,False,0.19023806935536564,4.163492493946733,28.239017640954685,0.011578080659927173,-0.29965471888972794,-0.08796224619148711,-0.2377896056363511,-0.0006118445668717201,28.21669945295369,20.032240400767538,29.57538605240343,0.9459490974957561,153997.0,1.8400000000000318,1.0,9.198999999999955,54.0,0.024195096804058788,1.8400000000000318,19.0,0.004724126421731063,1.0,2.5,-0.29965471888972794,-0.2377896056363511,-0.08796224619148711,28.21669945295369,20.032240400767538,29.57538605240343,0.9459490974957561,4.884802635151144,52.31209165113294,55.28816009703074,-0.05928599046267853,0.1547787953050491,0.30000000000001137,0.07000000000005002,0.22999999999996135,0.0,11142.0,11142.0,2021-12-23,2021-12-23 17:05:00,2.0540172048918044,173.78554736652885,0.0,,14281.267661333814,366.3529484630595,0.5832424107187206,4.3760036431226785,32.22527881040892,0.012230020343504162,2.285057100371749,15.890706319702602,0.006381710269403211,0.19023806935536564,9.198999999999955,54.0,0.024195096804058788,1.8400000000000318,19.0,0.004724126421731063,1.0,0.00402220134195386,1.9444468750000041,16.553125,0.005470102952261012,0.0,0
11170.0,2021-12-27 04:10:00,398.06,398.09,397.97,398.01,4315.0,1,1,0.0,sell,False,0.7796691848208771,1.3199999999999932,43.0,0.0033268644302744494,0.24789965539256867,0.020779875557403727,0.14472970325368806,0.00036435423121473155,77.69199256760388,86.18836765221208,76.73665815366142,105.09178664931338,4315.0,1.3199999999999932,3.0,1.3199999999999932,43.0,0.0033268644302744494,1.3199999999999932,43.0,0.0033268644302744494,1.0,1.0,0.24789965539256867,0.14472970325368806,0.020779875557403727,77.69199256760388,86.18836765221208,76.73665815366142,105.09178664931338,69.021739130439,5.978260869563321,44.36046938770396,-0.012560920464254477,0.03015302661003284,0.029999999999972715,0.03999999999996362,0.05000000000001137,0.0,11171.0,11171.0,2021-12-27,2021-12-27 04:10:00,0.2487374689078187,310.0,1.0,best_within_2.0d,11480.0,397.02,0.5832424107187206,4.3760036431226785,32.22527881040892,0.012230020343504162,2.285057100371749,15.890706319702602,0.006381710269403211,0.4929364202292669,5.6011759621451125,36.843533123028394,0.015614239272951093,2.82998018927445,22.52492113564669,0.007835530045022196,1.8630914826498424,0.00402220134195386,1.9444468750000041,16.553125,0.005470102952261012,1.0,1
11177.0,2021-12-27 04:55:00,398.19,398.19,398.11,398.13,1150.0,1,1,0.0,sell,False,0.7796691848212312,1.420000000000016,50.0,0.0035788996143862085,0.14073774244375564,0.17610127319864968,0.2464701444205275,0.000620034041800787,69.74393005780844,85.13981718479847,81.41910206926848,92.58124741585848,1150.0,1.420000000000016,3.0,1.420000000000016,50.0,0.0035788996143862085,1.420000000000016,50.0,0.0035788996143862085,1.0,1.0,0.14073774244375564,0.2464701444205275,0.17610127319864968,69.74393005780844,85.13981718479847,81.41910206926848,92.58124741585848,57.7519379844959,13.178294573645017,51.58503722638687,-0.015068183530475971,0.02009494863228356,0.0,0.01999999999998181,0.060000000000002274,0.0,11178.0,11178.0,2021-12-27,2021-12-27 04:55:00,0.278803405922692,303.0,1.0,best_within_2.0d,11480.0,397.02,0.5832424107187206,4.3760036431226785,32.22527881040892,0.012230020343504162,2.285057100371749,15.890706319702602,0.006381710269403211,0.4929364202292669,5.6011759621451125,36.843533123028394,0.015614239272951093,2.82998018927445,22.52492113564669,0.007835530045022196,1.8630914826498424,0.00402220134195386,1.9444468750000041,16.553125,0.005470102952261012,0.0,1
11181.0,2021-12-27 05:20:00,398.24,398.24,398.11,398.11,328.0,1,1,0.0,sell,False,0.7796691848221127,1.4700000000000273,54.0,0.003704917206442088,0.07177080714352047,0.22752488974632817,0.2634102933180884,0.0006623773308704906,67.38058265808957,85.39798857971537,85.60894769572597,84.97607034769416,328.0,1.4700000000000273,3.0,1.4700000000000273,54.0,0.003704917206442088,1.4700000000000273,54.0,0.003704917206442088,1.0,1.0,0.07177080714352047,0.2634102933180884,0.22752488974632817,67.38058265808957,85.39798857971537,85.60894769572597,84.97607034769416,59.60784313725392,14.117647058824002,54.0549179521747,-0.032643631980714,0.032654291527466135,0.0,0.0,0.12999999999999545,0.0,11182.0,11182.0,2021-12-27,2021-12-27 05:20:00,0.27379367511492597,299.0,1.0,best_within_2.0d,11480.0,397.02,0.5832424107187206,4.3760036431226785,32.22527881040892,0.012230020343504162,2.285057100371749,15.890706319702602,0.006381710269403211,0.4929364202292669,5.6011759621451125,36.843533123028394,0.015614239272951093,2.82998018927445,22.52492113564669,0.007835530045022196,1.8630914826498424,0.00402220134195386,1.9444468750000041,16.553125,0.005470102952261012,1.0,1
11199.0,2021-12-27 07:25:00,398.37,398.38,398.31,398.38,8292.0,1p,1p,0.0,sell,False,4.0338886112106955e-07,0.46999999999997044,7.0,0.001181171621723431,-0.0014152546880904504,0.1359197109409001,0.13521208359685488,0.00033970319652878013,70.88397584208916,86.43180929396908,67.3126216560573,124.67018456979264,8292.0,0.46999999999997044,0.0,0.46999999999997044,7.0,0.001181171621723431,0.46999999999997044,0.0,0.0,1.0,1.0,-0.0014152546880904504,0.13521208359685488,0.1359197109409001,70.88397584208916,86.43180929396908,67.3126216560573,124.67018456979264,47.16981132075745,33.96226415093743,30.954413928697118,0.002510229183922209,0.017574251211366316,0.0,0.060000000000002274,0.009999999999990905,1.0,11200.0,11200.0,2021-12-27,2021-12-27 07:25:00,0.3413825995280922,281.0,1.0,best_within_2.0d,11480.0,397.02,0.5832424107187206,4.3760036431226785,32.22527881040892,0.012230020343504162,2.285057100371749,15.890706319702602,0.006381710269403211,0.4929364202292669,5.6011759621451125,36.843533123028394,0.015614239272951093,2.82998018927445,22.52492113564669,0.007835530045022196,1.8630914826498424,0.00402220134195386,1.9444468750000041,16.553125,0.005470102952261012,0.0,1
11200.0,2021-12-27 07:30:00,398.38,398.89,398.38,398.78,23388.0,1p,1p,0.0,sell,False,0.24729228469990128,0.9799999999999613,8.0,0.0024628684878489136,0.06130369688757498,0.14358267305184697,0.17423452149563445,0.0004376810333039856,80.11137842741581,87.21304293067264,73.94609541426242,113.74693796349308,23388.0,0.9799999999999613,0.0,0.9799999999999613,8.0,0.0024628684878489136,0.9799999999999613,0.0,0.0,1.0,1.0,0.06130369688757498,0.17423452149563445,0.14358267305184697,80.11137842741581,87.21304293067264,73.94609541426242,113.74693796349308,62.162162162162474,24.324324324321108,31.868384362362008,0.1004066469200204,0.128018474823031,0.11000000000001364,0.0,0.39999999999997726,1.0,11201.0,11201.0,2021-12-27,2021-12-27 07:30:00,0.4413461056221453,280.0,1.0,best_within_2.0d,11480.0,397.02,0.5832424107187206,4.3760036431226785,32.22527881040892,0.012230020343504162,2.285057100371749,15.890706319702602,0.006381710269403211,0.4929364202292669,5.6011759621451125,36.843533123028394,0.015614239272951093,2.82998018927445,22.52492113564669,0.007835530045022196,1.8630914826498424,0.00402220134195386,1.9444468750000041,16.553125,0.005470102952261012,0.0,1
11202.0,2021-12-27 07:40:00,398.75,399.0,398.7,398.8,17000.0,1p,1p,0.0,sell,False,0.45170504239878284,1.089999999999975,10.0,0.0027393129099544493,0.11197756952024812,0.16974683855239245,0.2257356233125165,0.0005669078218768329,80.44507990627606,85.67543157665143,81.07099459055301,94.88430554884829,17000.0,1.089999999999975,0.0,1.089999999999975,10.0,0.0027393129099544493,1.089999999999975,0.0,0.0,1.0,1.0,0.11197756952024812,0.2257356233125165,0.16974683855239245,80.44507990627606,85.67543157665143,81.07099459055301,94.88430554884829,63.99999999999818,13.71428571428254,35.001986276431175,0.012539184952980908,0.07524454477050699,0.19999999999998863,0.05000000000001137,0.05000000000001137,1.0,11203.0,11203.0,2021-12-27,2021-12-27 07:40:00,0.44633901705116086,278.0,1.0,best_within_2.0d,11480.0,397.02,0.5832424107187206,4.3760036431226785,32.22527881040892,0.012230020343504162,2.285057100371749,15.890706319702602,0.006381710269403211,0.4929364202292669,5.6011759621451125,36.843533123028394,0.015614239272951093,2.82998018927445,22.52492113564669,0.007835530045022196,1.8630914826498424,0.00402220134195386,1.9444468750000041,16.553125,0.005470102952261012,1.0,1
11213.0,2021-12-27 08:35:00,398.97,399.12,398.96,399.08,9908.0,1p,1p,0.0,sell,False,0.45170504239878284,1.2099999999999795,21.0,0.0030408886431604622,0.025456906992448847,0.23050201108121215,0.24323046457743658,0.00061025491751233,79.64868820008093,95.8282562955184,91.97575123162827,103.5332664232987,9908.0,1.2099999999999795,0.0,1.2099999999999795,21.0,0.0030408886431604622,1.2099999999999795,0.0,0.0,1.0,1.0,0.025456906992448847,0.24323046457743658,0.23050201108121215,79.64868820008093,95.8282562955184,91.97575123162827,103.5332664232987,29.195227215027618,50.289413556740506,35.20553931815388,0.027570995312919965,0.04010427110487894,0.040000000000020464,0.010000000000047748,0.1099999999999568,1.0,11214.0,11214.0,2021-12-27,2021-12-27 08:35:00,0.5161872306304507,267.0,1.0,best_within_2.0d,11480.0,397.02,0.5832424107187206,4.3760036431226785,32.22527881040892,0.012230020343504162,2.285057100371749,15.890706319702602,0.006381710269403211,0.4929364202292669,5.6011759621451125,36.843533123028394,0.015614239272951093,2.82998018927445,22.52492113564669,0.007835530045022196,1.8630914826498424,0.00402220134195386,1.9444468750000041,16.553125,0.005470102952261012,0.0,1
11214.0,2021-12-27 08:40:00,397.53,397.6,397.09,397.281,273896.0,3a,3a,1.0,buy,False,0.0013197969543146746,4.163492493946733,28.239017640954685,0.011578080659927173,-0.1438131170789122,0.29299225673615875,0.22108569819670265,0.0005566234171444074,53.38562119467361,57.742899873402656,62.48386787468175,48.26096387084448,273896.0,0.5600000000000023,2.0,0.5600000000000023,14.0,0.0014082736074437377,0.5600000000000023,14.0,0.0014082736074437377,3.0,3.0,-0.1438131170789122,0.22108569819670265,0.29299225673615875,53.38562119467361,57.742899873402656,62.48386787468175,48.26096387084448,11.409128365985016,24.633828650417637,29.463657276684074,-0.06263678212964224,0.12843435996878486,0.07000000000005002,0.19100000000003092,0.2489999999999668,0.0,11215.0,11215.0,2021-12-27,2021-12-27 08:40:00,2.1116036256453268,173.0,1.0,best_within_2.0d,11387.0,405.67,0.5832424107187206,4.3760036431226785,32.22527881040892,0.012230020343504162,2.285057100371749,15.890706319702602,0.006381710269403211,0.4929364202292669,5.6011759621451125,36.843533123028394,0.015614239272951093,2.82998018927445,22.52492113564669,0.007835530045022196,1.8630914826498424,0.0013197969543146746,0.5600000000000023,14.0,0.0014082736074437377,0.0,0
11215.0,2021-12-27 08:45:00,399.03,399.12,398.98,399.03,3949.0,1p,1p,0.0,sell,False,0.45170504239878284,1.2099999999999795,23.0,0.0030408886431604622,0.011112300579372625,0.23458046282377737,0.24013661311346368,0.000602391730102162,75.25743594124619,91.87017152228633,92.86563341410033,89.87924773865831,3949.0,1.2099999999999795,0.0,1.2099999999999795,23.0,0.0030408886431604622,1.2099999999999795,0.0,0.0,1.0,1.0,0.011112300579372625,0.24013661311346368,0.23458046282377737,75.25743594124619,91.87017152228633,92.86563341410033,89.87924773865831,17.88208996926417,55.34786253143362,37.4035976538333,0.0,0.03508947816932838,0.09000000000003183,0.049999999999954525,0.0,0.0,11216.0,11216.0,2021-12-27,2021-12-27 08:45:00,0.503721524697389,265.0,1.0,best_within_2.0d,11480.0,397.02,0.5832424107187206,4.3760036431226785,32.22527881040892,0.012230020343504162,2.285057100371749,15.890706319702602,0.006381710269403211,0.4929364202292669,5.6011759621451125,36.843533123028394,0.015614239272951093,2.82998018927445,22.52492113564669,0.007835530045022196,1.8630914826498424,0.00402220134195386,1.9444468750000041,16.553125,0.005470102952261012,0.0,1
11216.0,2021-12-27 08:50:00,399.0101,399.13,398.95,399.03,10546.0,1p,1p,0.0,sell,False,0.45170504239878284,1.2199999999999704,24.0,0.0030660199542609395,-0.00026788205496836026,0.23454697756690632,0.23441303653942214,0.0005879911619937029,75.25743594124617,88.51950828758356,91.41692503859474,82.7246747855612,10546.0,1.2199999999999704,0.0,1.2199999999999704,24.0,0.0030660199542609395,1.2199999999999704,0.0,0.0,1.0,1.0,-0.00026788205496836026,0.23441303653942214,0.23454697756690632,75.25743594124617,88.51950828758356,91.41692503859474,82.7246747855612,12.720439433361747,58.13529921942868,39.310113700714744,0.004987342425655408,0.04511843589422405,0.10000000000002274,0.060100000000034015,0.01989999999995007,1.0,11217.0,11217.0,2021-12-27,2021-12-27 08:50:00,0.503721524697389,264.0,1.0,best_within_2.0d,11480.0,397.02,0.5832424107187206,4.3760036431226785,32.22527881040892,0.012230020343504162,2.285057100371749,15.890706319702602,0.006381710269403211,0.4929364202292669,5.6011759621451125,36.843533123028394,0.015614239272951093,2.82998018927445,22.52492113564669,0.007835530045022196,1.8630914826498424,0.00402220134195386,1.9444468750000041,16.553125,0.005470102952261012,1.0,1
11225.0,2021-12-27 09:35:00,399.91,400.64,399.7601,400.33,1028819.0,1p,1p,0.0,sell,False,0.6015334668382165,2.7299999999999613,33.0,0.006860847930436433,0.1491199992896377,0.17636135415294552,0.25092135379776437,0.0006290341053200174,75.04947296461916,59.85958362044461,46.22804427529095,87.12266231075195,1028819.0,2.7299999999999613,0.0,2.7299999999999613,33.0,0.006860847930436433,2.7299999999999613,0.0,0.0,1.0,1.0,0.1491199992896377,0.25092135379776437,0.17636135415294552,75.04947296461916,59.85958362044461,46.22804427529095,87.12266231075195,46.67594475966182,17.34289690611165,38.18448880766291,0.10502363031681104,0.22010700917874584,0.3100000000000023,0.14990000000000236,0.4199999999999591,1.0,11226.0,11226.0,2021-12-27,2021-12-27 09:35:00,0.8268178752529171,255.0,1.0,best_within_2.0d,11480.0,397.02,0.5832424107187206,4.3760036431226785,32.22527881040892,0.012230020343504162,2.285057100371749,15.890706319702602,0.006381710269403211,0.4929364202292669,5.6011759621451125,36.843533123028394,0.015614239272951093,2.82998018927445,22.52492113564669,0.007835530045022196,1.8630914826498424,0.00402220134195386,1.9444468750000041,16.553125,0.005470102952261012,0.0,1
11226.0,2021-12-27 09:40:00,400.365,400.69,400.23,400.38,677675.0,1p,1p,0.0,sell,False,0.9943624601989614,2.7799999999999727,34.0,0.006986504485938963,0.24650221065487532,0.20717413048480493,0.3304252358122426,0.0008281145087916952,75.47435790417869,69.0572026478508,53.8377637328109,99.4960804779306,677675.0,2.7799999999999727,0.0,2.7799999999999727,34.0,0.006986504485938963,2.7799999999999727,0.0,0.0,1.0,1.0,0.24650221065487532,0.3304252358122426,0.20717413048480493,75.47435790417869,69.0572026478508,53.8377637328109,99.4960804779306,43.276356091295845,16.00632348582069,38.742739607115745,0.0037465812446108816,0.11493391300001986,0.3100000000000023,0.1349999999999909,0.014999999999986358,1.0,11227.0,11227.0,2021-12-27,2021-12-27 09:40:00,0.839202757380492,254.0,1.0,best_within_2.0d,11480.0,397.02,0.5832424107187206,4.3760036431226785,32.22527881040892,0.012230020343504162,2.285057100371749,15.890706319702602,0.006381710269403211,0.4929364202292669,5.6011759621451125,36.843533123028394,0.015614239272951093,2.82998018927445,22.52492113564669,0.007835530045022196,1.8630914826498424,0.00402220134195386,1.9444468750000041,16.553125,0.005470102952261012,0.0,1
11230.0,2021-12-27 10:00:00,400.42,400.95,400.23,400.92,537953.0,1p,1p,0.0,sell,False,1.2098646998653193,3.0399999999999636,38.0,0.007639918574551942,0.2999251631547162,0.3312695053046585,0.4812320868820166,0.0012050090234402204,73.24462365182599,83.10779801791503,72.34267209136789,104.63804987100931,537953.0,3.0399999999999636,0.0,3.0399999999999636,38.0,0.007639918574551942,3.0399999999999636,0.0,0.0,1.0,1.0,0.2999251631547162,0.4812320868820166,0.3312695053046585,73.24462365182599,83.10779801791503,72.34267209136789,104.63804987100931,34.39770681954546,17.998800079993618,34.71290151283154,0.12486888766794865,0.17989655947829258,0.029999999999972715,0.18999999999999773,0.5,1.0,11231.0,11231.0,2021-12-27,2021-12-27 10:00:00,0.9727626459144054,250.0,1.0,best_within_2.0d,11480.0,397.02,0.5832424107187206,4.3760036431226785,32.22527881040892,0.012230020343504162,2.285057100371749,15.890706319702602,0.006381710269403211,0.4929364202292669,5.6011759621451125,36.843533123028394,0.015614239272951093,2.82998018927445,22.52492113564669,0.007835530045022196,1.8630914826498424,0.00402220134195386,1.9444468750000041,16.553125,0.005470102952261012,0.0,1
11231.0,2021-12-27 10:05:00,400.925,401.38,400.779,401.31,506411.0,1p,1p,0.0,sell,False,1.4941742755421137,3.4699999999999704,39.0,0.008720564951873464,0.3704054374207585,0.3775701849822533,0.5627729036926326,0.0014086783122021053,75.99063729486748,88.00027556274601,77.56187324849392,108.87708019125017,506411.0,3.4699999999999704,0.0,3.4699999999999704,39.0,0.008720564951873464,3.4699999999999704,0.0,0.0,1.0,1.0,0.3704054374207585,0.5627729036926326,0.3775701849822533,75.99063729486748,88.00027556274601,77.56187324849392,108.87708019125017,37.66501908277546,16.51754989676457,35.02126734010716,0.09602793539938664,0.14995795687897795,0.06999999999999318,0.146000000000015,0.3849999999999909,1.0,11232.0,11232.0,2021-12-27,2021-12-27 10:05:00,1.0689990281827066,249.0,1.0,best_within_2.0d,11480.0,397.02,0.5832424107187206,4.3760036431226785,32.22527881040892,0.012230020343504162,2.285057100371749,15.890706319702602,0.006381710269403211,0.4929364202292669,5.6011759621451125,36.843533123028394,0.015614239272951093,2.82998018927445,22.52492113564669,0.007835530045022196,1.8630914826498424,0.00402220134195386,1.9444468750000041,16.553125,0.005470102952261012,0.0,1
11232.0,2021-12-27 10:10:00,401.31,401.39,401.04,401.32,447782.0,1p,1p,0.0,sell,False,1.5714244044151982,3.4799999999999613,40.0,0.008745696262973942,0.38955572547244055,0.4262646506663083,0.6210425134025286,0.001554009924702913,76.05848938836438,91.26425570328283,82.12933406675688,109.53409897633469,447782.0,3.4799999999999613,0.0,3.4799999999999613,40.0,0.008745696262973942,3.4799999999999613,0.0,0.0,1.0,1.0,0.38955572547244055,0.6210425134025286,0.4262646506663083,76.05848938836438,91.26425570328283,82.12933406675688,109.53409897633469,36.77768982524511,15.587895025268523,35.410113692890384,0.002491839226530838,0.08727308996607966,0.06999999999999318,0.2699999999999818,0.009999999999990905,1.0,11233.0,11233.0,2021-12-27,2021-12-27 10:10:00,1.0714641682447952,248.0,1.0,best_within_2.0d,11480.0,397.02,0.5832424107187206,4.3760036431226785,32.22527881040892,0.012230020343504162,2.285057100371749,15.890706319702602,0.006381710269403211,0.4929364202292669,5.6011759621451125,36.843533123028394,0.015614239272951093,2.82998018927445,22.52492113564669,0.007835530045022196,1.8630914826498424,0.00402220134195386,1.9444468750000041,16.553125,0.005470102952261012,0.0,1
11233.0,2021-12-27 10:15:00,401.3,401.41,401.02,401.289,343443.0,1p,1p,0.0,sell,False,1.5714244044151982,3.5,41.0,0.008795958885175039,0.36940855811747575,0.47244072043099283,0.6571449994897307,0.0016438449064752052,75.34760585600598,91.87140856409259,85.37669223253545,104.86084122720689,343443.0,3.5,0.0,3.5,41.0,0.008795958885175039,3.5,0.0,0.0,1.0,1.0,0.36940855811747575,0.6571449994897307,0.47244072043099283,75.34760585600598,91.87140856409259,85.37669223253545,104.86084122720689,35.81806321532316,14.825357291109992,35.841676331421084,-0.0027410914527844755,0.09725200738118878,0.11000000000001364,0.26900000000000546,0.011000000000024102,0.0,11234.0,11234.0,2021-12-27,2021-12-27 10:15:00,1.063821834139487,247.0,1.0,best_within_2.0d,11480.0,397.02,0.5832424107187206,4.3760036431226785,32.22527881040892,0.012230020343504162,2.285057100371749,15.890706319702602,0.006381710269403211,0.4929364202292669,5.6011759621451125,36.843533123028394,0.015614239272951093,2.82998018927445,22.52492113564669,0.007835530045022196,1.8630914826498424,0.00402220134195386,1.9444468750000041,16.553125,0.005470102952261012,0.0,1
11234.0,2021-12-27 10:20:00,401.31,401.8559,401.12,401.73,455257.0,1p,1p,0.0,sell,False,1.5714244044151982,3.9458999999999946,42.0,0.009916564047146326,0.38508857265233454,0.5205767920125346,0.7131210783387019,0.0017832181658730105,78.43543361569549,92.66980161995562,87.80772869500883,102.39394746984922,455257.0,3.9458999999999946,0.0,3.9458999999999946,42.0,0.009916564047146326,3.9458999999999946,0.0,0.0,1.0,1.0,0.38508857265233454,0.7131210783387019,0.5205767920125346,78.43543361569549,92.66980161995562,87.80772869500883,102.39394746984922,38.05586665788217,13.725102663767238,36.63783156597196,0.10465724751439434,0.18346130833666113,0.12590000000000146,0.18999999999999773,0.4200000000000159,1.0,11235.0,11235.0,2021-12-27,2021-12-27 10:20:00,1.1724292435217774,246.0,1.0,best_within_2.0d,11480.0,397.02,0.5832424107187206,4.3760036431226785,32.22527881040892,0.012230020343504162,2.285057100371749,15.890706319702602,0.006381710269403211,0.4929364202292669,5.6011759621451125,36.843533123028394,0.015614239272951093,2.82998018927445,22.52492113564669,0.007835530045022196,1.8630914826498424,0.00402220134195386,1.9444468750000041,16.553125,0.005470102952261012,0.0,1
11235.0,2021-12-27 10:25:00,401.73,402.08,401.51,402.08,425689.0,1p,1p,0.0,sell,False,1.6535308323305318,4.169999999999959,43.0,0.010479756728908444,0.4099098888688093,0.5718155281211358,0.7767704725555404,0.0019415971685672097,80.52078634151442,95.11320107997041,90.24288615666269,104.85383092658586,425689.0,4.169999999999959,0.0,4.169999999999959,43.0,0.010479756728908444,4.169999999999959,0.0,0.0,1.0,1.0,0.4099098888688093,0.7767704725555404,0.5718155281211358,80.52078634151442,95.11320107997041,90.24288615666269,104.85383092658586,39.2661800072354,10.641241194372302,38.11770622262133,0.08712319219375349,0.14196408557694534,0.0,0.22000000000002728,0.3499999999999659,1.0,11236.0,11236.0,2021-12-27,2021-12-27 10:25:00,1.2584560286510154,245.0,1.0,best_within_2.0d,11480.0,397.02,0.5832424107187206,4.3760036431226785,32.22527881040892,0.012230020343504162,2.285057100371749,15.890706319702602,0.006381710269403211,0.4929364202292669,5.6011759621451125,36.843533123028394,0.015614239272951093,2.82998018927445,22.52492113564669,0.007835530045022196,1.8630914826498424,0.00402220134195386,1.9444468750000041,16.553125,0.005470102952261012,0.0,1
11236.0,2021-12-27 10:30:00,402.09,402.48,401.85,402.48,545837.0,1p,1p,0.0,sell,False,1.7934955990426231,4.569999999999993,44.0,0.011485009172928533,0.4446071203003148,0.6273914181586752,0.8496949783088326,0.0021229293778152487,82.59259420909677,96.7421340533136,92.40930212221299,105.4077979155148,545837.0,4.569999999999993,0.0,4.569999999999993,44.0,0.011485009172928533,4.569999999999993,0.0,0.0,1.0,1.0,0.4446071203003148,0.8496949783088326,0.6273914181586752,82.59259420909677,96.7421340533136,92.40930212221299,105.4077979155148,41.53380587769338,9.748766171781183,39.822169922419974,0.09699321047527748,0.1567749160134367,0.0,0.23999999999995225,0.3900000000000432,1.0,11237.0,11237.0,2021-12-27,2021-12-27 10:30:00,1.3565891472868308,244.0,1.0,best_within_2.0d,11480.0,397.02,0.5832424107187206,4.3760036431226785,32.22527881040892,0.012230020343504162,2.285057100371749,15.890706319702602,0.006381710269403211,0.4929364202292669,5.6011759621451125,36.843533123028394,0.015614239272951093,2.82998018927445,22.52492113564669,0.007835530045022196,1.8630914826498424,0.00402220134195386,1.9444468750000041,16.553125,0.005470102952261012,0.0,1
11237.0,2021-12-27 10:35:00,402.48,402.54,402.251,402.53,339480.0,1p,1p,0.0,sell,False,1.7934955990426236,4.6299999999999955,45.0,0.011635797039531541,0.4379897836199773,0.6821401411111723,0.9011350329211609,0.002250499226533203,82.83830985424379,97.70731642201525,94.17530688881374,104.77133548841829,339480.0,4.6299999999999955,0.0,4.6299999999999955,45.0,0.011635797039531541,4.6299999999999955,0.0,0.0,1.0,1.0,0.4379897836199773,0.9011350329211609,0.6821401411111723,82.83830985424379,97.70731642201525,94.17530688881374,104.77133548841829,43.11061248233979,5.9212166542008475,42.395404758469894,0.01242297753924531,0.07184568838860417,0.010000000000047748,0.22900000000004184,0.049999999999954525,1.0,11238.0,11238.0,2021-12-27,2021-12-27 10:35:00,1.3688420738826899,243.0,1.0,best_within_2.0d,11480.0,397.02,0.5832424107187206,4.3760036431226785,32.22527881040892,0.012230020343504162,2.285057100371749,15.890706319702602,0.006381710269403211,0.4929364202292669,5.6011759621451125,36.843533123028394,0.015614239272951093,2.82998018927445,22.52492113564669,0.007835530045022196,1.8630914826498424,0.00402220134195386,1.9444468750000041,16.553125,0.005470102952261012,1.0,1
11244.0,2021-12-27 11:10:00,402.3099,402.78,402.23,402.66,330959.0,1p,1p,0.0,sell,False,1.7934955990426236,4.869999999999948,52.0,0.012238948505943422,0.017019009698010068,0.8187451957686246,0.8272547006176296,0.002061824178501138,74.74055953184285,85.7654443653324,86.74428664010048,83.8077598157962,330959.0,4.869999999999948,0.0,4.869999999999948,52.0,0.012238948505943422,4.869999999999948,0.0,0.0,1.0,1.0,0.017019009698010068,0.8272547006176296,0.8187451957686246,74.74055953184285,85.7654443653324,86.74428664010048,83.8077598157962,32.2017227977214,6.916572806446553,50.27790821386496,0.08702246700864125,0.13673768739277392,0.1199999999999477,0.07990000000000919,0.35009999999999764,1.0,11245.0,11245.0,2021-12-27,2021-12-27 11:10:00,1.4006854418119612,236.0,1.0,best_within_2.0d,11480.0,397.02,0.5832424107187206,4.3760036431226785,32.22527881040892,0.012230020343504162,2.285057100371749,15.890706319702602,0.006381710269403211,0.4929364202292669,5.6011759621451125,36.843533123028394,0.015614239272951093,2.82998018927445,22.52492113564669,0.007835530045022196,1.8630914826498424,0.00402220134195386,1.9444468750000041,16.553125,0.005470102952261012,1.0,1
11268.0,2021-12-27 13:10:00,402.62,402.78,402.52,402.78,117329.0,1p,1p,0.0,sell,False,1.7934955990426231,4.869999999999948,76.0,0.012238948505943422,-0.06783553904037254,0.3057303149202391,0.27181254540005284,0.0006757107138541548,65.60485920682116,88.25551211638289,80.94488361773624,102.8767691136762,117329.0,4.869999999999948,0.0,4.869999999999948,76.0,0.012238948505943422,4.869999999999948,0.0,0.0,1.0,1.0,-0.06783553904037254,0.27181254540005284,0.3057303149202391,65.60485920682116,88.25551211638289,80.94488361773624,102.8767691136762,18.211974373150337,19.187615857425357,18.49995084930212,0.039739704932682966,0.06459306369869594,0.0,0.10000000000002274,0.15999999999996817,1.0,11269.0,11269.0,2021-12-27,2021-12-27 13:10:00,1.4300610755250984,212.0,1.0,best_within_2.0d,11480.0,397.02,0.5832424107187206,4.3760036431226785,32.22527881040892,0.012230020343504162,2.285057100371749,15.890706319702602,0.006381710269403211,0.4929364202292669,5.6011759621451125,36.843533123028394,0.015614239272951093,2.82998018927445,22.52492113564669,0.007835530045022196,1.8630914826498424,0.00402220134195386,1.9444468750000041,16.553125,0.005470102952261012,0.0,1
11269.0,2021-12-27 13:15:00,402.78,402.83,402.685,402.72,135931.0,1p,1p,0.0,sell,False,1.7934955990426231,4.919999999999959,77.0,0.012364605061445951,-0.06268179658752515,0.29789509034679845,0.2665541920530359,0.0006625828263310277,63.419368648491044,87.00602216209751,82.96526313252332,95.08754022124589,135931.0,4.919999999999959,0.0,4.919999999999959,77.0,0.012364605061445951,4.919999999999959,0.0,0.0,1.0,1.0,-0.06268179658752515,0.2665541920530359,0.29789509034679845,63.419368648491044,87.00602216209751,82.96526313252332,95.08754022124589,19.935292003006904,19.281675871759525,17.297573407685533,-0.014896469536706251,0.0360082943243433,0.05000000000001137,0.03500000000002501,0.05999999999994543,0.0,11270.0,11270.0,2021-12-27,2021-12-27 13:15:00,1.4153754469606787,211.0,1.0,best_within_2.0d,11480.0,397.02,0.5832424107187206,4.3760036431226785,32.22527881040892,0.012230020343504162,2.285057100371749,15.890706319702602,0.006381710269403211,0.4929364202292669,5.6011759621451125,36.843533123028394,0.015614239272951093,2.82998018927445,22.52492113564669,0.007835530045022196,1.8630914826498424,0.00402220134195386,1.9444468750000041,16.553125,0.005470102952261012,0.0,1
11270.0,2021-12-27 13:20:00,402.73,402.9,402.715,402.85,222690.0,1p,1p,0.0,sell,False,1.7934955990426231,4.989999999999952,78.0,0.012540524239149435,-0.045004760067239746,0.29226949533839347,0.2697671153047736,0.00067050086050528,66.05770925297527,89.20059597131473,85.04370741212045,97.51437308970327,222690.0,4.989999999999952,0.0,4.989999999999952,78.0,0.012540524239149435,4.989999999999952,0.0,0.0,1.0,1.0,-0.045004760067239746,0.2697671153047736,0.29226949533839347,66.05770925297527,89.20059597131473,85.04370741212045,97.51437308970327,22.480081986181148,17.521240371581285,16.94751060819936,0.02979663794601955,0.045938194504799246,0.049999999999954525,0.015000000000043201,0.12000000000000455,1.0,11271.0,11271.0,2021-12-27,2021-12-27 13:20:00,1.4471887799429168,210.0,1.0,best_within_2.0d,11480.0,397.02,0.5832424107187206,4.3760036431226785,32.22527881040892,0.012230020343504162,2.285057100371749,15.890706319702602,0.006381710269403211,0.4929364202292669,5.6011759621451125,36.843533123028394,0.015614239272951093,2.82998018927445,22.52492113564669,0.007835530045022196,1.8630914826498424,0.00402220134195386,1.9444468750000041,16.553125,0.005470102952261012,0.0,1
11271.0,2021-12-27 13:25:00,402.849,402.99,402.825,402.86,223285.0,1p,1p,0.0,sell,False,1.7934955990426236,5.079999999999984,79.0,0.012766706039054016,-0.03561868927068579,0.28781715917955775,0.27000781454421485,0.0006710344653602012,66.25930207174892,86.52020407749504,85.53587296724531,88.48886629799452,223285.0,5.079999999999984,0.0,5.079999999999984,79.0,0.012766706039054016,5.079999999999984,0.0,0.0,1.0,1.0,-0.03561868927068579,0.27000781454421485,0.28781715917955775,66.25930207174892,86.52020407749504,85.53587296724531,88.48886629799452,24.59097019574383,17.377618938324744,16.96465270761387,0.0027305516459080453,0.04096071495066604,0.12999999999999545,0.02400000000000091,0.011000000000024102,1.0,11272.0,11272.0,2021-12-27,2021-12-27 13:25:00,1.4496351089708661,209.0,1.0,best_within_2.0d,11480.0,397.02,0.5832424107187206,4.3760036431226785,32.22527881040892,0.012230020343504162,2.285057100371749,15.890706319702602,0.006381710269403211,0.4929364202292669,5.6011759621451125,36.843533123028394,0.015614239272951093,2.82998018927445,22.52492113564669,0.007835530045022196,1.8630914826498424,0.00402220134195386,1.9444468750000041,16.553125,0.005470102952261012,1.0,1
11277.0,2021-12-27 13:55:00,402.89,403.0901,402.88,403.09,142704.0,1p,1p,0.0,sell,False,1.7934955990426253,5.180099999999982,85.0,0.013018270463170016,-0.026053840025859087,0.25981267402535096,0.24678575401242142,0.0006130198811984813,69.03215082996044,85.39097212847184,82.13384395572837,91.9052284739588,142704.0,5.180099999999982,0.0,5.180099999999982,85.0,0.013018270463170016,5.180099999999982,0.0,0.0,1.0,1.0,-0.026053840025859087,0.24678575401242142,0.25981267402535096,69.03215082996044,85.39097212847184,82.13384395572837,91.9052284739588,35.0757797169213,8.976660682224903,23.44504175142438,0.04964134130903935,0.05214952343129748,0.00010000000003174137,0.009999999999990905,0.19999999999998863,1.0,11278.0,11278.0,2021-12-27,2021-12-27 13:55:00,1.505867176064897,203.0,1.0,best_within_2.0d,11480.0,397.02,0.5832424107187206,4.3760036431226785,32.22527881040892,0.012230020343504162,2.285057100371749,15.890706319702602,0.006381710269403211,0.4929364202292669,5.6011759621451125,36.843533123028394,0.015614239272951093,2.82998018927445,22.52492113564669,0.007835530045022196,1.8630914826498424,0.00402220134195386,1.9444468750000041,16.553125,0.005470102952261012,0.0,1
11280.0,2021-12-27 14:10:00,403.04,403.1,403.0,403.09,76688.0,1p,1p,0.0,sell,False,1.7934955990426253,5.189999999999998,88.0,0.013043150461159551,-0.01944718533760137,0.2527322875250582,0.24300869485625753,0.0006034841661982476,67.80546888759648,91.49398594781874,87.7464619052466,98.98903403296305,76688.0,5.189999999999998,0.0,5.189999999999998,88.0,0.013043150461159551,5.189999999999998,0.0,0.0,1.0,1.0,-0.01944718533760137,0.24300869485625753,0.2527322875250582,67.80546888759648,91.49398594781874,87.7464619052466,98.98903403296305,28.39017676659288,7.096468969077417,28.75992395669301,0.012405716554176886,0.02481389578164336,0.010000000000047748,0.040000000000020464,0.049999999999954525,1.0,11281.0,11281.0,2021-12-27,2021-12-27 14:10:00,1.505867176064897,200.0,1.0,best_within_2.0d,11480.0,397.02,0.5832424107187206,4.3760036431226785,32.22527881040892,0.012230020343504162,2.285057100371749,15.890706319702602,0.006381710269403211,0.4929364202292669,5.6011759621451125,36.843533123028394,0.015614239272951093,2.82998018927445,22.52492113564669,0.007835530045022196,1.8630914826498424,0.00402220134195386,1.9444468750000041,16.553125,0.005470102952261012,0.0,1
11281.0,2021-12-27 14:15:00,403.1,403.185,403.03,403.12,118620.0,1p,1p,0.0,sell,False,1.7934955990426433,5.274999999999977,89.0,0.013256766605513752,-0.01872734166142087,0.25039136981738064,0.2410276989866702,0.0005985157254936848,68.57850572875735,88.91265729854571,88.13519370301297,90.4675844896112,118620.0,5.274999999999977,0.0,5.274999999999977,89.0,0.013256766605513752,5.274999999999977,0.0,0.0,1.0,1.0,-0.01872734166142087,0.2410276989866702,0.25039136981738064,68.57850572875735,88.91265729854571,88.13519370301297,90.4675844896112,31.15768376105581,7.189229227485383,31.17023373688937,0.004961548002972416,0.038458675532846084,0.06499999999999773,0.07000000000005002,0.01999999999998181,1.0,11282.0,11282.0,2021-12-27,2021-12-27 14:15:00,1.513197062909313,199.0,1.0,best_within_2.0d,11480.0,397.02,0.5832424107187206,4.3760036431226785,32.22527881040892,0.012230020343504162,2.285057100371749,15.890706319702602,0.006381710269403211,0.4929364202292669,5.6011759621451125,36.843533123028394,0.015614239272951093,2.82998018927445,22.52492113564669,0.007835530045022196,1.8630914826498424,0.00402220134195386,1.9444468750000041,16.553125,0.005470102952261012,0.0,1
11282.0,2021-12-27 14:20:00,403.11,403.21,403.08,403.1688,150137.0,1p,1p,0.0,sell,False,1.7934955990426256,5.2999999999999545,90.0,0.013319594883264944,-0.015631376053218404,0.24843744781072835,0.24062175978411915,0.0005974571797354812,69.8468412411633,89.33859692918861,88.53632811173819,90.94313456408946,150137.0,5.2999999999999545,0.0,5.2999999999999545,90.0,0.013319594883264944,5.2999999999999545,0.0,0.0,1.0,1.0,-0.015631376053218404,0.24062175978411915,0.24843744781072835,69.8468412411633,89.33859692918861,88.53632811173819,90.94313456408946,28.640709436054745,7.62089510877172,33.08429832312647,0.014586589268428577,0.032251662201050774,0.041200000000003456,0.03000000000002956,0.05879999999996244,1.0,11283.0,11283.0,2021-12-27,2021-12-27 14:20:00,1.5251180150844992,198.0,1.0,best_within_2.0d,11480.0,397.02,0.5832424107187206,4.3760036431226785,32.22527881040892,0.012230020343504162,2.285057100371749,15.890706319702602,0.006381710269403211,0.4929364202292669,5.6011759621451125,36.843533123028394,0.015614239272951093,2.82998018927445,22.52492113564669,0.007835530045022196,1.8630914826498424,0.00402220134195386,1.9444468750000041,16.553125,0.005470102952261012,0.0,1
11283.0,2021-12-27 14:25:00,403.17,403.2499,403.13,403.24,105127.0,1p,1p,0.0,sell,False,1.7934955990426253,5.3399,91.0,0.013419868814556054,-0.00831374047695349,0.24739823025110916,0.2432413600126324,0.0006039063832075922,71.64520945067748,92.1748506599015,89.74916896112595,97.02621405745259,105127.0,5.3399,0.0,5.3399,91.0,0.013419868814556054,5.3399,0.0,0.0,1.0,1.0,-0.00831374047695349,0.2432413600126324,0.24739823025110916,71.64520945067748,92.1748506599015,89.74916896112595,97.02621405745259,28.504672897198226,7.710280373832372,34.82251664566811,0.017362402956567494,0.029742266762590144,0.009900000000016007,0.040000000000020464,0.06999999999999318,1.0,11284.0,11284.0,2021-12-27,2021-12-27 14:25:00,1.5425057037992331,197.0,1.0,best_within_2.0d,11480.0,397.02,0.5832424107187206,4.3760036431226785,32.22527881040892,0.012230020343504162,2.285057100371749,15.890706319702602,0.006381710269403211,0.4929364202292669,5.6011759621451125,36.843533123028394,0.015614239272951093,2.82998018927445,22.52492113564669,0.007835530045022196,1.8630914826498424,0.00402220134195386,1.9444468750000041,16.553125,0.005470102952261012,0.0,1
11285.0,2021-12-27 14:35:00,403.18,403.25,403.15,403.17,114676.0,1p,1p,0.0,sell,False,1.7934955990426236,5.339999999999975,93.0,0.013420120127666997,-0.024151315899127723,0.24260630332443375,0.2305306453748699,0.0005722678973158819,67.30193156131412,87.00288255248239,88.89573224522363,83.21718316699992,114676.0,5.339999999999975,0.0,5.339999999999975,93.0,0.013420120127666997,5.339999999999975,0.0,0.0,1.0,1.0,-0.024151315899127723,0.2305306453748699,0.24260630332443375,67.30193156131412,87.00288255248239,88.89573224522363,83.21718316699992,23.00000000000051,8.250000000000554,36.924972830714395,-0.002480281760005681,0.02480466327670166,0.06999999999999318,0.020000000000038654,0.009999999999990905,0.0,11286.0,11286.0,2021-12-27,2021-12-27 14:35:00,1.525411116898587,195.0,1.0,best_within_2.0d,11480.0,397.02,0.5832424107187206,4.3760036431226785,32.22527881040892,0.012230020343504162,2.285057100371749,15.890706319702602,0.006381710269403211,0.4929364202292669,5.6011759621451125,36.843533123028394,0.015614239272951093,2.82998018927445,22.52492113564669,0.007835530045022196,1.8630914826498424,0.00402220134195386,1.9444468750000041,16.553125,0.005470102952261012,0.0,1
11286.0,2021-12-27 14:40:00,403.18,403.28,402.94,402.95,143771.0,1p,1p,0.0,sell,False,1.793495599042643,5.369999999999948,94.0,0.013495514060968428,-0.061635884940229424,0.2349018177069051,0.2040838752367904,0.000506606060409228,55.33726494403152,66.89081059054438,81.56075836033054,37.55091505097204,143771.0,5.369999999999948,0.0,5.369999999999948,94.0,0.013495514060968428,5.369999999999948,0.0,0.0,1.0,1.0,-0.061635884940229424,0.2040838752367904,0.2349018177069051,55.33726494403152,66.89081059054438,81.56075836033054,37.55091505097204,21.0045662100468,11.87214611872075,36.27160175550502,-0.05704648048018705,0.08437980840819354,0.0999999999999659,0.009999999999990905,0.2300000000000182,0.0,11287.0,11287.0,2021-12-27,2021-12-27 14:40:00,1.4716466062786964,194.0,1.0,best_within_2.0d,11480.0,397.02,0.5832424107187206,4.3760036431226785,32.22527881040892,0.012230020343504162,2.285057100371749,15.890706319702602,0.006381710269403211,0.4929364202292669,5.6011759621451125,36.843533123028394,0.015614239272951093,2.82998018927445,22.52492113564669,0.007835530045022196,1.8630914826498424,0.00402220134195386,1.9444468750000041,16.553125,0.005470102952261012,1.0,1
11299.0,2021-12-27 15:45:00,403.05,403.16,402.9699,403.03,360247.0,2,2,0.0,sell,False,0.8800000000000523,4.163492493946733,28.239017640954685,0.011578080659927173,-0.009171873493019317,0.03373688712125168,0.029150950374742024,7.236912509268028e-05,56.438654949570164,72.48344070003745,56.784717529626256,103.88088704085983,360247.0,0.8800000000000523,1.0,1.0,9.0,0.002479666732791113,0.8800000000000523,6.0,0.0021875310728846882,2.0,2.0,-0.009171873493019317,0.029150950374742024,0.03373688712125168,56.438654949570164,72.48344070003745,56.784717529626256,103.88088704085983,15.498423478051194,26.9221440698517,39.01385790902448,-0.004962163503297024,0.04717473935398884,0.11000000000001364,0.06009999999997717,0.020000000000038654,0.0,11300.0,11300.0,2021-12-27,2021-12-27 15:45:00,1.4912041287249067,181.0,1.0,best_within_2.0d,11480.0,397.02,0.8800000000000523,1.0,9.0,0.002479666732791113,0.8800000000000523,6.0,0.0021875310728846882,0.4929364202292669,5.6011759621451125,36.843533123028394,0.015614239272951093,2.82998018927445,22.52492113564669,0.007835530045022196,1.8630914826498424,0.00402220134195386,1.9444468750000041,16.553125,0.005470102952261012,0.0,1
11300.0,2021-12-27 15:50:00,403.03,403.33,402.97,403.25,806821.0,1p,1p,0.0,sell,False,0.09389588058601565,1.0500000000000114,7.0,0.0026101223028736488,0.041746786464998714,0.038955235429376525,0.05982862866187588,0.00014851641283764947,61.26813156490914,79.11594459367629,64.2284598843096,108.89091401240967,806821.0,1.0500000000000114,0.0,1.0500000000000114,7.0,0.0026101223028736488,1.0500000000000114,0.0,0.0,1.0,1.0,0.041746786464998714,0.05982862866187588,0.038955235429376525,61.26813156490914,79.11594459367629,64.2284598843096,108.89091401240967,19.52691286507384,21.72338884866076,36.60749315241985,0.05458650720790693,0.08933667518672773,0.07999999999998408,0.05999999999994543,0.22000000000002728,1.0,11301.0,11301.0,2021-12-27,2021-12-27 15:50:00,1.5449473031618148,180.0,1.0,best_within_2.0d,11480.0,397.02,0.5832424107187206,4.3760036431226785,32.22527881040892,0.012230020343504162,2.285057100371749,15.890706319702602,0.006381710269403211,0.4929364202292669,5.6011759621451125,36.843533123028394,0.015614239272951093,2.82998018927445,22.52492113564669,0.007835530045022196,1.8630914826498424,0.00402220134195386,1.9444468750000041,16.553125,0.005470102952261012,0.0,1
11301.0,2021-12-27 15:55:00,403.24,403.48,403.16,403.41,1629743.0,1p,1p,0.0,sell,False,0.205090097294373,1.2000000000000455,8.0,0.0029829969175699652,0.09118453806917229,0.05035330268802306,0.0959455717226092,0.0002381469205839417,64.36260476143892,84.13285195134,70.8632572399864,110.67204137404721,1629743.0,1.2000000000000455,0.0,1.2000000000000455,8.0,0.0029829969175699652,1.2000000000000455,0.0,0.0,1.0,1.0,0.09118453806917229,0.0959455717226092,0.05035330268802306,64.36260476143892,84.13285195134,70.8632572399864,110.67204137404721,23.40165934602319,16.593460224500795,35.20857040872515,0.04215851602024003,0.0793729536660366,0.06999999999999318,0.07999999999998408,0.17000000000001592,1.0,11302.0,11302.0,2021-12-27,2021-12-27 15:55:00,1.5839964304305898,179.0,1.0,best_within_2.0d,11480.0,397.02,0.5832424107187206,4.3760036431226785,32.22527881040892,0.012230020343504162,2.285057100371749,15.890706319702602,0.006381710269403211,0.4929364202292669,5.6011759621451125,36.843533123028394,0.015614239272951093,2.82998018927445,22.52492113564669,0.007835530045022196,1.8630914826498424,0.00402220134195386,1.9444468750000041,16.553125,0.005470102952261012,0.0,1
11302.0,2021-12-27 16:00:00,403.41,403.59,403.35,403.58,1579363.0,1p,1p,0.0,sell,False,0.31077093519074783,1.3100000000000023,9.0,0.0032564383016804276,0.13817100164528767,0.06762467789368401,0.13671017871632785,0.00033928550847551635,67.34762118988874,89.16744837468491,76.9646542848859,113.57303655428294,1579363.0,1.3100000000000023,0.0,1.3100000000000023,9.0,0.0032564383016804276,1.3100000000000023,0.0,0.0,1.0,1.0,0.13817100164528767,0.13671017871632785,0.06762467789368401,67.34762118988874,89.16744837468491,76.9646542848859,113.57303655428294,26.47350173353105,16.84001981178907,34.282335431805,0.042140750105341726,0.05950167348455491,0.009999999999990905,0.060000000000002274,0.16999999999995907,1.0,11303.0,11303.0,2021-12-27,2021-12-27 16:00:00,1.6254522027850742,178.0,1.0,best_within_2.0d,11480.0,397.02,0.5832424107187206,4.3760036431226785,32.22527881040892,0.012230020343504162,2.285057100371749,15.890706319702602,0.006381710269403211,0.4929364202292669,5.6011759621451125,36.843533123028394,0.015614239272951093,2.82998018927445,22.52492113564669,0.007835530045022196,1.8630914826498424,0.00402220134195386,1.9444468750000041,16.553125,0.005470102952261012,0.0,1
11303.0,2021-12-27 16:05:00,403.58,403.68,403.5,403.6,64120.0,1p,1p,0.0,sell,False,0.36368666796814964,1.400000000000034,10.0,0.0034801630704982454,0.16169771850560255,0.08783689270688433,0.1686857519596856,0.000418590928030372,67.69049696915056,90.59250656673031,81.50727171216735,108.7629762758562,64120.0,1.400000000000034,0.0,1.400000000000034,10.0,0.0034801630704982454,1.400000000000034,0.0,0.0,1.0,1.0,0.16169771850560255,0.1686857519596856,0.08783689270688433,67.69049696915056,90.59250656673031,81.50727171216735,108.7629762758562,29.135243841126524,16.339869281046106,33.84338949497582,0.004955646959720168,0.044609665427510985,0.07999999999998408,0.07999999999998408,0.020000000000038654,1.0,11304.0,11304.0,2021-12-27,2021-12-27 16:05:00,1.630327056491586,177.0,1.0,best_within_2.0d,11480.0,397.02,0.5832424107187206,4.3760036431226785,32.22527881040892,0.012230020343504162,2.285057100371749,15.890706319702602,0.006381710269403211,0.4929364202292669,5.6011759621451125,36.843533123028394,0.015614239272951093,2.82998018927445,22.52492113564669,0.007835530045022196,1.8630914826498424,0.00402220134195386,1.9444468750000041,16.553125,0.005470102952261012,0.0,1
11305.0,2021-12-27 16:15:00,403.5,403.69,403.47,403.67,12266.0,1p,1p,0.0,sell,False,0.36368666796814964,1.410000000000025,12.0,0.0035050213781446385,0.1602223828881567,0.12706496933247685,0.2071761607765552,0.0005139944265024886,67.2742833113364,91.86549086252911,86.54490197891306,102.50666862976124,12266.0,1.410000000000025,0.0,1.410000000000025,12.0,0.0035050213781446385,1.410000000000025,0.0,0.0,1.0,1.0,0.1602223828881567,0.2071761607765552,0.12706496933247685,67.2742833113364,91.86549086252911,86.54490197891306,102.50666862976124,32.104699459262335,14.889893158486995,34.05729813486765,0.0421313506815405,0.05452697846183617,0.01999999999998181,0.029999999999972715,0.17000000000001592,1.0,11306.0,11306.0,2021-12-27,2021-12-27 16:15:00,1.6473852404191625,175.0,1.0,best_within_2.0d,11480.0,397.02,0.5832424107187206,4.3760036431226785,32.22527881040892,0.012230020343504162,2.285057100371749,15.890706319702602,0.006381710269403211,0.4929364202292669,5.6011759621451125,36.843533123028394,0.015614239272951093,2.82998018927445,22.52492113564669,0.007835530045022196,1.8630914826498424,0.00402220134195386,1.9444468750000041,16.553125,0.005470102952261012,0.0,1
11307.0,2021-12-27 16:25:00,403.65,403.69,403.63,403.6896,8465.0,1p,1p,0.0,sell,False,0.36368666796814964,1.410000000000025,14.0,0.0035050213781446385,0.13766879286348221,0.16268282141571294,0.23151721784745405,0.0005742644925778242,66.79339335136572,95.05785771375037,90.73136689319267,103.71083935486575,8465.0,1.410000000000025,0.0,1.410000000000025,14.0,0.0035050213781446385,1.410000000000025,0.0,0.0,1.0,1.0,0.13766879286348221,0.23151721784745405,0.16268282141571294,66.79339335136572,95.05785771375037,90.73136689319267,103.71083935486575,35.401490887447224,12.75474051189156,35.15448814507416,0.009810479375698547,0.014865099224537886,0.0004000000000132786,0.01999999999998181,0.039600000000007185,1.0,11308.0,11308.0,2021-12-27,2021-12-27 16:25:00,1.6521604718080434,173.0,1.0,best_within_2.0d,11480.0,397.02,0.5832424107187206,4.3760036431226785,32.22527881040892,0.012230020343504162,2.285057100371749,15.890706319702602,0.006381710269403211,0.4929364202292669,5.6011759621451125,36.843533123028394,0.015614239272951093,2.82998018927445,22.52492113564669,0.007835530045022196,1.8630914826498424,0.00402220134195386,1.9444468750000041,16.553125,0.005470102952261012,0.0,1
11308.0,2021-12-27 16:30:00,403.689,403.77,403.689,403.74,4832.0,1p,1p,0.0,sell,False,0.36368666796814964,1.490000000000009,15.0,0.003703887839315922,0.1278981186403393,0.17867008624575537,0.242619145565925,0.0006017374025172094,67.7875355994538,95.45523847583463,92.30599075407332,101.75373391935727,4832.0,1.490000000000009,0.0,1.490000000000009,15.0,0.003703887839315922,1.490000000000009,0.0,0.0,1.0,1.0,0.1278981186403393,0.242619145565925,0.17867008624575537,67.7875355994538,95.45523847583463,92.30599075407332,101.75373391935727,40.040974963093426,8.134735319816937,37.37408849600869,0.012633487660052099,0.02006495098948954,0.029999999999972715,0.0,0.05099999999998772,1.0,11309.0,11309.0,2021-12-27,2021-12-27 16:30:00,1.6644375092881625,172.0,1.0,best_within_2.0d,11480.0,397.02,0.5832424107187206,4.3760036431226785,32.22527881040892,0.012230020343504162,2.285057100371749,15.890706319702602,0.006381710269403211,0.4929364202292669,5.6011759621451125,36.843533123028394,0.015614239272951093,2.82998018927445,22.52492113564669,0.007835530045022196,1.8630914826498424,0.00402220134195386,1.9444468750000041,16.553125,0.005470102952261012,0.0,1
11309.0,2021-12-27 16:35:00,403.72,403.87,403.48,403.81,244675.0,1p,1p,0.0,sell,False,0.36368666796814964,1.5900000000000318,16.0,0.003952470915780133,0.12074608939790954,0.19376334742049406,0.25413639211944883,0.0006302312712375156,69.16816036071114,94.15325757543886,92.92174636119516,96.61628000392628,244675.0,1.5900000000000318,0.0,1.5900000000000318,16.0,0.003952470915780133,1.5900000000000318,0.0,0.0,1.0,1.0,0.12074608939790954,0.25413639211944883,0.19376334742049406,69.16816036071114,94.15325757543886,92.92174636119516,96.61628000392628,31.60495314995079,14.43162303034134,37.36905824068388,0.02229267809372213,0.09665906612471159,0.060000000000002274,0.2400000000000091,0.08999999999997499,1.0,11310.0,11310.0,2021-12-27,2021-12-27 16:35:00,1.6814838661746914,171.0,1.0,best_within_2.0d,11480.0,397.02,0.5832424107187206,4.3760036431226785,32.22527881040892,0.012230020343504162,2.285057100371749,15.890706319702602,0.006381710269403211,0.4929364202292669,5.6011759621451125,36.843533123028394,0.015614239272951093,2.82998018927445,22.52492113564669,0.007835530045022196,1.8630914826498424,0.00402220134195386,1.9444468750000041,16.553125,0.005470102952261012,1.0,1
11345.0,2021-12-27 19:45:00,403.25,403.29,403.13,403.13,3773.0,2,2,0.0,sell,False,0.39583333333333703,4.163492493946733,28.239017640954685,0.011578080659927173,-0.003770180061856865,-0.08446769346508251,-0.08635278349601094,-0.0002141435285686638,43.73141936323416,56.609780195954094,48.54769286162548,72.73395486461132,3773.0,0.37999999999999545,1.0,0.9599999999999795,30.0,0.002377002500804664,0.37999999999999545,8.0,0.0009431386662033591,2.0,2.0,-0.003770180061856865,-0.08635278349601094,-0.08446769346508251,43.73141936323416,56.609780195954094,48.54769286162548,72.73395486461132,33.082706766916104,36.84210526315744,40.17060189957386,-0.029758214507130697,0.03968943020862377,0.040000000000020464,0.0,0.12000000000000455,0.0,11346.0,11346.0,2021-12-27,2021-12-27 19:45:00,1.5156401160915867,135.0,1.0,best_within_2.0d,11480.0,397.02,0.39583333333333703,0.9599999999999795,30.0,0.002377002500804664,0.37999999999999545,8.0,0.0009431386662033591,0.4929364202292669,5.6011759621451125,36.843533123028394,0.015614239272951093,2.82998018927445,22.52492113564669,0.007835530045022196,1.8630914826498424,0.00402220134195386,1.9444468750000041,16.553125,0.005470102952261012,0.0,1
11348.0,2021-12-28 04:00:00,404.46,404.77,404.45,404.77,5056.0,1,1,0.0,sell,False,0.5061633183277743,1.8599999999999568,11.0,0.004616415576679548,0.22504381536334744,-0.055935951044637354,0.05658595663703636,0.00014029218104018708,79.28298035104208,71.84149432706444,58.44821813791702,98.6280467053593,5056.0,1.8599999999999568,3.0,1.8599999999999568,11.0,0.004616415576679548,1.8599999999999568,11.0,0.004616415576679548,1.0,1.0,0.22504381536334744,0.05658595663703636,-0.055935951044637354,79.28298035104208,71.84149432706444,58.44821813791702,98.6280467053593,68.72964169380981,18.892508143321997,37.40990078852008,0.07664540374820805,0.0791197923105435,0.0,0.009999999999990905,0.3100000000000023,1.0,11349.0,11349.0,2021-12-28,2021-12-28 04:00:00,1.914667589001161,132.0,1.0,best_within_2.0d,11480.0,397.02,0.5832424107187206,4.3760036431226785,32.22527881040892,0.012230020343504162,2.285057100371749,15.890706319702602,0.006381710269403211,0.4929364202292669,5.6011759621451125,36.843533123028394,0.015614239272951093,2.82998018927445,22.52492113564669,0.007835530045022196,1.8630914826498424,0.00402220134195386,1.9444468750000041,16.553125,0.005470102952261012,0.0,1
11349.0,2021-12-28 04:05:00,404.74,404.84,404.72,404.84,6309.0,1,1,0.0,sell,False,0.803173636395064,1.92999999999995,12.0,0.004790151646769626,0.3570967175787342,-0.01129886134729558,0.16724949744207152,0.0004145436758943637,79.86141177166265,81.22766288470962,66.04136638684787,111.60025588043311,6309.0,1.92999999999995,3.0,1.92999999999995,12.0,0.004790151646769626,1.92999999999995,12.0,0.004790151646769626,1.0,1.0,0.3570967175787342,0.16724949744207152,-0.01129886134729558,79.86141177166265,81.22766288470962,66.04136638684787,111.60025588043311,69.87179487179444,16.34615384615383,39.172178188384144,0.024707219449514723,0.029650128483877172,0.0,0.01999999999998181,0.0999999999999659,1.0,11350.0,11350.0,2021-12-28,2021-12-28 04:05:00,1.9316273095543905,131.0,1.0,best_within_2.0d,11480.0,397.02,0.5832424107187206,4.3760036431226785,32.22527881040892,0.012230020343504162,2.285057100371749,15.890706319702602,0.006381710269403211,0.4929364202292669,5.6011759621451125,36.843533123028394,0.015614239272951093,2.82998018927445,22.52492113564669,0.007835530045022196,1.8630914826498424,0.00402220134195386,1.9444468750000041,16.553125,0.005470102952261012,0.0,1
11350.0,2021-12-28 04:10:00,404.79,405.05,404.79,405.05,5401.0,1,1,0.0,sell,False,1.007979260459728,2.1399999999999864,13.0,0.00531135985704,0.44815475631536944,0.0447204831921256,0.2687978613498103,0.0006660457759165406,81.52770486736345,87.4851085898064,73.1892804545007,116.07676486041782,5401.0,2.1399999999999864,3.0,2.1399999999999864,13.0,0.00531135985704,2.1399999999999864,13.0,0.00531135985704,1.0,1.0,0.44815475631536944,0.2687978613498103,0.0447204831921256,81.52770486736345,87.4851085898064,73.1892804545007,116.07676486041782,74.4548286604375,10.591900311525956,41.73784939575502,0.06423083574198743,0.06423083574198743,0.0,0.0,0.2599999999999909,1.0,11351.0,11351.0,2021-12-28,2021-12-28 04:10:00,1.9824712998395333,130.0,1.0,best_within_2.0d,11480.0,397.02,0.5832424107187206,4.3760036431226785,32.22527881040892,0.012230020343504162,2.285057100371749,15.890706319702602,0.006381710269403211,0.4929364202292669,5.6011759621451125,36.843533123028394,0.015614239272951093,2.82998018927445,22.52492113564669,0.007835530045022196,1.8630914826498424,0.00402220134195386,1.9444468750000041,16.553125,0.005470102952261012,0.0,1
11352.0,2021-12-28 04:20:00,404.9,405.1,404.9,405.1,3451.0,1,1,0.0,sell,False,1.0483689759114638,2.1899999999999977,15.0,0.005435457049961524,0.4661123113921129,0.15990860665320913,0.3929647623492656,0.000973230931760847,77.51767809662715,92.25917680244133,82.9235758480723,110.93037871117937,3451.0,2.1899999999999977,3.0,2.1899999999999977,15.0,0.005435457049961524,2.1899999999999977,15.0,0.005435457049961524,1.0,1.0,0.4661123113921129,0.3929647623492656,0.15990860665320913,77.51767809662715,92.25917680244133,82.9235758480723,110.93037871117937,72.62247838616844,5.475504322766642,47.59766484680532,0.049394912324041855,0.049394912324041855,0.0,0.0,0.20000000000004547,1.0,11353.0,11353.0,2021-12-28,2021-12-28 04:20:00,1.9945692421624388,128.0,1.0,best_within_2.0d,11480.0,397.02,0.5832424107187206,4.3760036431226785,32.22527881040892,0.012230020343504162,2.285057100371749,15.890706319702602,0.006381710269403211,0.4929364202292669,5.6011759621451125,36.843533123028394,0.015614239272951093,2.82998018927445,22.52492113564669,0.007835530045022196,1.8630914826498424,0.00402220134195386,1.9444468750000041,16.553125,0.005470102952261012,0.0,1
11353.0,2021-12-28 04:25:00,405.17,405.18,405.07,405.09,2100.0,1,1,0.0,sell,False,1.0483689759114638,2.269999999999982,16.0,0.005634012558635878,0.44420472765672514,0.2154341976102998,0.4375365614386624,0.0010833574127354915,77.20085027355962,93.45696272236441,86.43470480616966,107.50147855475387,2100.0,2.269999999999982,3.0,2.269999999999982,16.0,0.005634012558635878,2.269999999999982,16.0,0.005634012558635878,1.0,1.0,0.44420472765672514,0.4375365614386624,0.2154341976102998,77.20085027355962,93.45696272236441,86.43470480616966,107.50147855475387,73.8505747126443,5.459770114942524,50.35725193331715,-0.019744798479660618,0.027155800232062023,0.009999999999990905,0.01999999999998181,0.08000000000004093,0.0,11354.0,11354.0,2021-12-28,2021-12-28 04:25:00,1.992149892616454,127.0,1.0,best_within_2.0d,11480.0,397.02,0.5832424107187206,4.3760036431226785,32.22527881040892,0.012230020343504162,2.285057100371749,15.890706319702602,0.006381710269403211,0.4929364202292669,5.6011759621451125,36.843533123028394,0.015614239272951093,2.82998018927445,22.52492113564669,0.007835530045022196,1.8630914826498424,0.00402220134195386,1.9444468750000041,16.553125,0.005470102952261012,1.0,1
11359.0,2021-12-28 04:55:00,405.1,405.29,405.1,405.25,11800.0,1,1,0.0,sell,False,1.04836897591126,2.3799999999999955,22.0,0.005907026383063204,0.1546983814748112,0.41768933822854376,0.49503852896594935,0.0012243344900625635,74.1612648521523,86.93421983714403,87.6949721523006,85.41271520683088,11800.0,2.3799999999999955,3.0,2.3799999999999955,22.0,0.005907026383063204,2.3799999999999955,22.0,0.005907026383063204,1.0,1.0,0.1546983814748112,0.49503852896594935,0.41768933822854376,74.1612648521523,86.93421983714403,87.6949721523006,85.41271520683088,65.35433070866208,6.8241469816272575,60.84263253178561,0.03702789434706918,0.04690199950629417,0.040000000000020464,0.0,0.14999999999997726,1.0,11360.0,11360.0,2021-12-28,2021-12-28 04:55:00,2.030845157310307,121.0,1.0,best_within_2.0d,11480.0,397.02,0.5832424107187206,4.3760036431226785,32.22527881040892,0.012230020343504162,2.285057100371749,15.890706319702602,0.006381710269403211,0.4929364202292669,5.6011759621451125,36.843533123028394,0.015614239272951093,2.82998018927445,22.52492113564669,0.007835530045022196,1.8630914826498424,0.00402220134195386,1.9444468750000041,16.553125,0.005470102952261012,0.0,1
11360.0,2021-12-28 05:00:00,405.31,405.41,405.3,405.41,5467.0,1,1,0.0,sell,False,1.0483689759104584,2.5,23.0,0.006204859646074806,0.1393984659259747,0.43511414646929064,0.504813379432278,0.0012482634039088373,76.1215968618817,91.28947989142935,88.89314139867685,96.08215687693439,5467.0,2.5,3.0,2.5,23.0,0.006204859646074806,2.5,23.0,0.006204859646074806,1.0,1.0,0.1393984659259747,0.504813379432278,0.43511414646929064,76.1215968618817,91.28947989142935,88.89314139867685,96.08215687693439,67.79220779220827,3.6363636363633676,62.9123146236711,0.02467247292196658,0.027140389834693718,0.0,0.009999999999990905,0.10000000000002274,1.0,11361.0,11361.0,2021-12-28,2021-12-28 05:00:00,2.06950987888805,120.0,1.0,best_within_2.0d,11480.0,397.02,0.5832424107187206,4.3760036431226785,32.22527881040892,0.012230020343504162,2.285057100371749,15.890706319702602,0.006381710269403211,0.4929364202292669,5.6011759621451125,36.843533123028394,0.015614239272951093,2.82998018927445,22.52492113564669,0.007835530045022196,1.8630914826498424,0.00402220134195386,1.9444468750000041,16.553125,0.005470102952261012,0.0,1
11361.0,2021-12-28 05:05:00,405.4,405.64,405.4,405.64,5169.0,1,1,0.0,sell,False,1.0483689759113,2.7299999999999613,24.0,0.006775706733513591,0.14392369746110167,0.4531046086519284,0.5250664573824793,0.001298051809194614,78.63133447331818,94.19298659428622,90.65975646387997,101.2594468550987,5169.0,2.7299999999999613,3.0,2.7299999999999613,24.0,0.006775706733513591,2.7299999999999613,24.0,0.006775706733513591,1.0,1.0,0.14392369746110167,0.5250664573824793,0.4531046086519284,78.63133447331818,94.19298659428622,90.65975646387997,101.2594468550987,69.72010178117016,3.5623409669208175,64.8669905632502,0.05920078934386016,0.05920078934386016,0.0,0.0,0.2400000000000091,1.0,11362.0,11362.0,2021-12-28,2021-12-28 05:05:00,2.125036978601717,119.0,1.0,best_within_2.0d,11480.0,397.02,0.5832424107187206,4.3760036431226785,32.22527881040892,0.012230020343504162,2.285057100371749,15.890706319702602,0.006381710269403211,0.4929364202292669,5.6011759621451125,36.843533123028394,0.015614239272951093,2.82998018927445,22.52492113564669,0.007835530045022196,1.8630914826498424,0.00402220134195386,1.9444468750000041,16.553125,0.005470102952261012,1.0,1
11384.0,2021-12-28 07:25:00,405.45,405.48,405.4,405.41,13818.0,2,2,0.0,sell,False,0.7500000000000444,4.163492493946733,28.239017640954685,0.011578080659927173,-0.08088795428547624,0.15695332740114948,0.11650935025841136,0.0002875486859805151,59.756428857936925,70.08934085979482,53.641617632554485,102.98478731427548,13818.0,0.4800000000000182,1.0,0.6399999999999864,20.0,0.0015777536732077368,0.4800000000000182,5.0,0.00118518518518523,2.0,2.0,-0.08088795428547624,0.11650935025841136,0.15695332740114948,59.756428857936925,70.08934085979482,53.641617632554485,102.98478731427548,25.31645569620403,33.544303797469354,41.38009375382791,-0.009865581452697897,0.019733596447962735,0.03000000000002956,0.010000000000047748,0.03999999999996362,0.0,11385.0,11385.0,2021-12-28,2021-12-28 07:25:00,2.06950987888805,96.0,1.0,best_within_2.0d,11480.0,397.02,0.7500000000000444,0.6399999999999864,20.0,0.0015777536732077368,0.4800000000000182,5.0,0.00118518518518523,0.4929364202292669,5.6011759621451125,36.843533123028394,0.015614239272951093,2.82998018927445,22.52492113564669,0.007835530045022196,1.8630914826498424,0.00402220134195386,1.9444468750000041,16.553125,0.005470102952261012,0.0,1
11385.0,2021-12-28 07:30:00,405.46,405.57,405.46,405.49,15686.0,2,2,0.0,sell,False,0.8906250000000083,4.163492493946733,28.239017640954685,0.011578080659927173,-0.05398850011735312,0.15020476488648032,0.12321051482780376,0.0003040702073201878,62.192925025425154,75.381198000098,60.88814442173565,104.3673051568227,15686.0,0.5699999999999932,1.0,0.6399999999999864,20.0,0.0015777536732077368,0.5699999999999932,6.0,0.0014074074074073907,2.0,2.0,-0.05398850011735312,0.12321051482780376,0.15020476488648032,62.192925025425154,75.381198000098,60.88814442173565,104.3673051568227,29.16666666666709,31.547619047620678,38.70448481622969,0.00739900360085571,0.027129679869780904,0.07999999999998408,0.0,0.03000000000002956,1.0,11386.0,11386.0,2021-12-28,2021-12-28 07:30:00,2.0888307973069686,95.0,1.0,best_within_2.0d,11480.0,397.02,0.8906250000000083,0.6399999999999864,20.0,0.0015777536732077368,0.5699999999999932,6.0,0.0014074074074073907,0.4929364202292669,5.6011759621451125,36.843533123028394,0.015614239272951093,2.82998018927445,22.52492113564669,0.007835530045022196,1.8630914826498424,0.00402220134195386,1.9444468750000041,16.553125,0.005470102952261012,0.0,1
11387.0,2021-12-28 07:40:00,405.53,405.71,405.51,405.67,9348.0,1p,1p,0.0,sell,False,2.1454052189113644e-07,0.7099999999999795,8.0,0.001753086419753036,-0.007071377339378182,0.14405303441516845,0.14051734574547936,0.00034673763625075354,66.4948435805805,82.50201337686731,71.57760675167142,104.3508266272591,9348.0,0.7099999999999795,0.0,0.7099999999999795,8.0,0.001753086419753036,0.7099999999999795,0.0,0.0,1.0,1.0,-0.007071377339378182,0.14051734574547936,0.14405303441516845,66.4948435805805,82.50201337686731,71.57760675167142,104.3508266272591,29.94923857867938,25.888324873096373,34.56902641319133,0.03452272334970118,0.04932060861630752,0.03999999999996362,0.01999999999998181,0.1400000000000432,1.0,11388.0,11388.0,2021-12-28,2021-12-28 07:40:00,2.132275001848802,93.0,1.0,best_within_2.0d,11480.0,397.02,0.5832424107187206,4.3760036431226785,32.22527881040892,0.012230020343504162,2.285057100371749,15.890706319702602,0.006381710269403211,0.4929364202292669,5.6011759621451125,36.843533123028394,0.015614239272951093,2.82998018927445,22.52492113564669,0.007835530045022196,1.8630914826498424,0.00402220134195386,1.9444468750000041,16.553125,0.005470102952261012,1.0,1
11422.0,2021-12-28 10:35:00,403.485,403.94,403.27,403.38,472978.0,2,2,0.0,sell,False,0.560248447204971,4.163492493946733,28.239017640954685,0.011578080659927173,0.10551503206753621,-0.5347816360803852,-0.4820241200466171,-0.0011941213330137754,46.75825822896426,53.554091340571205,41.63861525062214,77.38504352046934,472978.0,2.2549999999999955,1.0,4.024999999999977,32.0,0.009920879445909584,2.2549999999999955,5.0,0.0056138516499246805,2.0,2.0,0.10551503206753621,-0.4820241200466171,-0.5347816360803852,46.75825822896426,53.554091340571205,41.63861525062214,77.38504352046934,14.430781257047038,26.49539243246534,67.44649328063365,-0.02602327224060825,0.16614179085972572,0.4549999999999841,0.11000000000001364,0.10500000000001819,0.0,11423.0,11423.0,2021-12-28,2021-12-28 10:35:00,1.5766770786851143,58.0,1.0,best_within_2.0d,11480.0,397.02,0.560248447204971,4.024999999999977,32.0,0.009920879445909584,2.2549999999999955,5.0,0.0056138516499246805,0.4929364202292669,5.6011759621451125,36.843533123028394,0.015614239272951093,2.82998018927445,22.52492113564669,0.007835530045022196,1.8630914826498424,0.00402220134195386,1.9444468750000041,16.553125,0.005470102952261012,1.0,1
11433.0,2021-12-28 11:30:00,397.91,398.0,397.91,398.0,847.0,3a,3a,1.0,buy,False,0.0014102596388728054,4.163492493946733,28.239017640954685,0.011578080659927173,-0.10592956438017687,0.18068700908656904,0.1277222268964806,0.0003209714748170496,54.98361416058188,17.224021287515903,23.060998153438614,5.550067555670481,847.0,0.3299999999999841,2.0,0.3299999999999841,13.0,0.0008286460425873445,0.3299999999999841,13.0,0.0008286460425873445,3.0,3.0,-0.10592956438017687,0.1277222268964806,0.18068700908656904,54.98361416058188,17.224021287515903,23.060998153438614,5.550067555670481,29.761904761908387,42.857142857139955,38.680816674761346,0.022618179990443816,0.022618179990443816,0.0,0.0,0.08999999999997499,1.0,11434.0,11434.0,2021-12-28,2021-12-28 11:30:00,1.3416834170854273,349.0,1.0,best_within_2.0d,11782.0,403.3399,0.5832424107187206,4.3760036431226785,32.22527881040892,0.012230020343504162,2.285057100371749,15.890706319702602,0.006381710269403211,0.4929364202292669,5.6011759621451125,36.843533123028394,0.015614239272951093,2.82998018927445,22.52492113564669,0.007835530045022196,1.8630914826498424,0.0014102596388728054,0.3299999999999841,13.0,0.0008286460425873445,0.0,0
11445.0,2021-12-28 12:30:00,402.04,402.2899,401.08,401.085,482120.0,1p,1p,1.0,buy,False,0.3252047829496869,2.8600000000000136,24.0,0.0070802594444719855,-0.1317496338095297,-0.24263006641249016,-0.308504883317255,-0.000766031034171549,30.254707001636604,32.12625320422158,50.22191377649984,-4.0650679403349415,482120.0,2.8600000000000136,0.0,2.8600000000000136,24.0,0.0070802594444719855,2.8600000000000136,0.0,0.0,1.0,1.0,-0.1317496338095297,-0.308504883317255,-0.24263006641249016,30.254707001636604,32.12625320422158,50.22191377649984,-4.0650679403349415,14.130152968628778,31.695618356235837,25.95632781226552,-0.2375385533777835,0.30166051660516724,0.24989999999996826,0.0049999999999954525,0.9550000000000409,0.0,11446.0,11446.0,2021-12-28,2021-12-28 12:30:00,0.5622000324120874,337.0,1.0,best_within_2.0d,11782.0,403.3399,0.5832424107187206,4.3760036431226785,32.22527881040892,0.012230020343504162,2.285057100371749,15.890706319702602,0.006381710269403211,0.4929364202292669,5.6011759621451125,36.843533123028394,0.015614239272951093,2.82998018927445,22.52492113564669,0.007835530045022196,1.8630914826498424,0.00402220134195386,1.9444468750000041,16.553125,0.005470102952261012,1.0,0
11463.0,2021-12-28 14:00:00,401.67,401.685,400.71,400.7415,608789.0,1p,1p,1.0,buy,False,0.5512244222206477,3.230000000000018,42.0,0.007996237064910676,-0.011955053440774743,-0.32911340797019634,-0.3350909346905837,-0.000833980664489462,34.99348630198253,32.44350017594827,35.905077784373105,25.52034495909861,608789.0,3.230000000000018,0.0,3.230000000000018,42.0,0.007996237064910676,3.230000000000018,0.0,0.0,1.0,1.0,-0.011955053440774743,-0.3350909346905837,-0.32911340797019634,34.99348630198253,32.44350017594827,35.905077784373105,25.52034495909861,6.638480572898739,27.745276371205165,40.07185039640392,-0.2311599073866712,0.2433181103541271,0.014999999999986358,0.03149999999999409,0.9285000000000423,0.0,11464.0,11464.0,2021-12-28,2021-12-28 14:00:00,0.6483980321479125,319.0,1.0,best_within_2.0d,11782.0,403.3399,0.5832424107187206,4.3760036431226785,32.22527881040892,0.012230020343504162,2.285057100371749,15.890706319702602,0.006381710269403211,0.4929364202292669,5.6011759621451125,36.843533123028394,0.015614239272951093,2.82998018927445,22.52492113564669,0.007835530045022196,1.8630914826498424,0.00402220134195386,1.9444468750000041,16.553125,0.005470102952261012,1.0,0
11468.0,2021-12-28 14:25:00,401.4885,401.73,401.32,401.5399,193740.0,2s,2s,0.0,sell,False,0.011180124223606503,4.163492493946733,28.239017640954685,0.011578080659927173,0.11300330851465912,-0.32188768283368807,-0.2653860285763585,-0.0006607957655906802,48.44154736088083,58.54516042745761,43.44878217288629,88.73791693660026,193740.0,1.0200000000000387,1.0,4.024999999999977,32.0,0.009920879445909584,1.0200000000000387,6.0,0.002545481769858598,1.0,2.5,0.11300330851465912,-0.2653860285763585,-0.32188768283368807,48.44154736088083,58.54516042745761,43.44878217288629,88.73791693660026,18.163187096989645,20.629155072729233,37.97238161773207,0.012802359220750036,0.10216286255357945,0.19010000000002947,0.16849999999999454,0.051400000000001,1.0,11469.0,11469.0,2021-12-28,2021-12-28 14:25:00,1.1256415613990058,12.0,1.0,best_within_2.0d,11480.0,397.02,0.5832424107187206,4.3760036431226785,32.22527881040892,0.012230020343504162,2.285057100371749,15.890706319702602,0.006381710269403211,0.011180124223606503,4.024999999999977,32.0,0.009920879445909584,1.0200000000000387,6.0,0.002545481769858598,1.0,0.00402220134195386,1.9444468750000041,16.553125,0.005470102952261012,0.0,1
11469.0,2021-12-28 14:30:00,401.52,401.73,401.44,401.55,167016.0,2s,2s,0.0,sell,False,0.011180124223606503,4.163492493946733,28.239017640954685,0.011578080659927173,0.14732838397287296,-0.30347163483707895,-0.22980744285064247,-0.0005722141036670733,48.60736675879864,66.48108734379527,51.126217229855946,97.19082757167392,167016.0,1.0200000000000387,1.0,4.024999999999977,32.0,0.009920879445909584,1.0200000000000387,7.0,0.002545481769858598,1.0,2.5,0.14732838397287296,-0.22980744285064247,-0.30347163483707895,48.60736675879864,66.48108734379527,51.126217229855946,97.19082757167392,18.952327966897666,16.309676970687132,35.795377927018265,0.007471607890025295,0.07223993622957864,0.18000000000000682,0.07999999999998408,0.03000000000002956,1.0,11470.0,11470.0,2021-12-28,2021-12-28 14:30:00,1.128128502054546,11.0,1.0,best_within_2.0d,11480.0,397.02,0.5832424107187206,4.3760036431226785,32.22527881040892,0.012230020343504162,2.285057100371749,15.890706319702602,0.006381710269403211,0.011180124223606503,4.024999999999977,32.0,0.009920879445909584,1.0200000000000387,7.0,0.002545481769858598,1.0,0.00402220134195386,1.9444468750000041,16.553125,0.005470102952261012,0.0,1
11473.0,2021-12-28 14:50:00,401.55,401.9478,401.28,401.75,170161.0,2s,2s,0.0,sell,False,0.06529192546583147,4.163492493946733,28.239017640954685,0.011578080659927173,0.1993838380644964,-0.2103050548941591,-0.1106131358619109,-0.0002754193574393201,52.37200442763354,80.88076000424093,73.72954023100947,95.18319955070385,170161.0,1.237799999999993,1.0,4.024999999999977,32.0,0.009920879445909584,1.237799999999993,11.0,0.0030890169948341517,1.0,2.5,0.1993838380644964,-0.1106131358619109,-0.2103050548941591,52.37200442763354,80.88076000424093,73.72954023100947,95.18319955070385,24.234190170823744,18.986286977158215,28.25246815954033,0.04980699788319976,0.1664174641148325,0.19779999999997244,0.27000000000003865,0.19999999999998863,1.0,11474.0,11474.0,2021-12-28,2021-12-28 14:50:00,1.1773490976975776,7.0,1.0,best_within_2.0d,11480.0,397.02,0.5832424107187206,4.3760036431226785,32.22527881040892,0.012230020343504162,2.285057100371749,15.890706319702602,0.006381710269403211,0.06529192546583147,4.024999999999977,32.0,0.009920879445909584,1.237799999999993,11.0,0.0030890169948341517,1.0,0.00402220134195386,1.9444468750000041,16.553125,0.005470102952261012,0.0,1
11477.0,2021-12-28 15:10:00,401.84,402.035,401.7101,402.0,170888.0,2s,2s,0.0,sell,False,0.08695652173913658,4.163492493946733,28.239017640954685,0.011578080659927173,0.2022622750599677,-0.11796806225805181,-0.01683692472806797,-4.191874948341412e-05,56.534610161212186,80.5001259130287,75.17783626940951,91.14470520026708,170888.0,1.3250000000000455,1.0,4.024999999999977,32.0,0.009920879445909584,1.3250000000000455,15.0,0.003306630730453559,1.0,2.5,0.2022622750599677,-0.01683692472806797,-0.11796806225805181,56.534610161212186,80.5001259130287,75.17783626940951,91.14470520026708,26.699998062128543,10.367614285991483,25.382735692223882,0.03981684252439405,0.0808792211099531,0.03500000000002501,0.1298999999999637,0.160000000000025,1.0,11478.0,11478.0,2021-12-28,2021-12-28 15:10:00,1.2388059701492582,3.0,1.0,best_within_2.0d,11480.0,397.02,0.5832424107187206,4.3760036431226785,32.22527881040892,0.012230020343504162,2.285057100371749,15.890706319702602,0.006381710269403211,0.08695652173913658,4.024999999999977,32.0,0.009920879445909584,1.3250000000000455,15.0,0.003306630730453559,1.0,0.00402220134195386,1.9444468750000041,16.553125,0.005470102952261012,0.0,1
11479.0,2021-12-28 15:20:00,401.9,402.1,401.83,402.02,132429.0,2s,2s,0.0,sell,False,0.10310559006211746,4.163492493946733,28.239017640954685,0.011578080659927173,0.201240193194182,-0.06801917875623838,0.03260091784085262,8.115726722518181e-05,56.5566205681698,85.51488069095572,80.22756132264318,96.08951942758083,132429.0,1.3900000000000432,1.0,4.024999999999977,32.0,0.009920879445909584,1.3900000000000432,17.0,0.0034688428040229673,1.0,2.5,0.201240193194182,0.03260091784085262,-0.06801917875623838,56.5566205681698,85.51488069095572,80.22756132264318,96.08951942758083,27.07151510489862,11.058977366690597,27.61192701775996,0.029858173675044675,0.06719259388299496,0.08000000000004093,0.06999999999999318,0.12000000000000455,1.0,11480.0,11480.0,2021-12-28,2021-12-28 15:20:00,1.243719217949356,1.0,1.0,best_within_2.0d,11480.0,397.02,0.5832424107187206,4.3760036431226785,32.22527881040892,0.012230020343504162,2.285057100371749,15.890706319702602,0.006381710269403211,0.10310559006211746,4.024999999999977,32.0,0.009920879445909584,1.3900000000000432,17.0,0.0034688428040229673,1.0,0.00402220134195386,1.9444468750000041,16.553125,0.005470102952261012,0.0,1
11480.0,2021-12-28 15:25:00,402.02,402.17,401.8,401.84,158500.0,2s,2s,0.0,sell,False,0.12049689440994196,4.163492493946733,28.239017640954685,0.011578080659927173,0.1707676952782216,-0.046673216846460676,0.038710630792650136,9.636441007458457e-05,52.586550651812914,79.7663307170463,80.07381778744421,79.15135657625049,158500.0,1.4600000000000364,1.0,4.024999999999977,32.0,0.009920879445909584,1.4600000000000364,18.0,0.0036435327294053964,1.0,2.5,0.1707676952782216,0.038710630792650136,-0.046673216846460676,52.586550651812914,79.7663307170463,80.07381778744421,79.15135657625049,21.68927178531986,11.158973164910888,27.92946196420159,-0.044773891846178505,0.09208561473369949,0.1500000000000341,0.03999999999996362,0.18000000000000682,0.0,11481.0,11481.0,2021-12-28,2021-12-28 15:25:00,0.5159765080629087,121.0,1.0,best_within_2.0d,11601.0,399.7666,0.5832424107187206,4.3760036431226785,32.22527881040892,0.012230020343504162,2.285057100371749,15.890706319702602,0.006381710269403211,0.12049689440994196,4.024999999999977,32.0,0.009920879445909584,1.4600000000000364,18.0,0.0036435327294053964,1.0,0.00402220134195386,1.9444468750000041,16.553125,0.005470102952261012,0.0,1
11480.0,2021-12-28 15:25:00,397.91,398.0,397.91,398.0,847.0,2,2,1.0,buy,False,0.22448979591835236,4.163492493946733,28.239017640954685,0.011578080659927173,-0.10592957173153911,0.18068702057310435,0.1277222347073348,0.000320971494452364,54.983615965539826,17.224021287515903,23.060998153438614,5.550067555670481,847.0,0.3299999999999841,1.0,1.4700000000000273,54.0,0.003704917206442088,0.3299999999999841,13.0,0.0008286460425873445,2.0,2.0,-0.10592957173153911,0.1277222347073348,0.18068702057310435,54.983615965539826,17.224021287515903,23.060998153438614,5.550067555670481,29.761904761908387,42.857142857139955,38.68080923581628,0.022618179990443816,0.022618179990443816,0.0,0.0,0.08999999999997499,1.0,11481.0,11481.0,2021-12-28,2021-12-28 15:25:00,0.5159765080629087,121.0,1.0,best_within_2.0d,11601.0,399.7666,0.22448979591835236,1.4700000000000273,54.0,0.003704917206442088,0.3299999999999841,13.0,0.0008286460425873445,0.4929364202292669,5.6011759621451125,36.843533123028394,0.015614239272951093,2.82998018927445,22.52492113564669,0.007835530045022196,1.8630914826498424,0.00402220134195386,1.9444468750000041,16.553125,0.005470102952261012,0.0,0
11480.0,2021-12-28 15:25:00,405.07,405.13,405.0,405.08,6318.0,3a,3a,1.0,buy,False,0.0009183192276189414,4.163492493946733,28.239017640954685,0.011578080659927173,-0.2013924808084962,0.21842567058989584,0.11772943018564774,0.0002906058764634046,49.17636561483544,21.25860927249061,26.423315221028094,10.92919737541564,6318.0,0.6399999999999864,2.0,0.6399999999999864,20.0,0.0015777536732077368,0.6399999999999864,20.0,0.0015777536732077368,3.0,3.0,-0.2013924808084962,0.11772943018564774,0.21842567058989584,49.17636561483544,21.25860927249061,26.423315221028094,10.92919737541564,12.10191082802813,40.12738853503245,49.9283079128412,0.0024687091120030873,0.032098765432097644,0.05000000000001137,0.06999999999999318,0.009999999999990905,1.0,11481.0,11481.0,2021-12-28,2021-12-28 15:25:00,0.5159765080629087,121.0,1.0,best_within_2.0d,11601.0,399.7666,0.5832424107187206,4.3760036431226785,32.22527881040892,0.012230020343504162,2.285057100371749,15.890706319702602,0.006381710269403211,0.4929364202292669,5.6011759621451125,36.843533123028394,0.015614239272951093,2.82998018927445,22.52492113564669,0.007835530045022196,1.8630914826498424,0.0009183192276189414,0.6399999999999864,20.0,0.0015777536732077368,0.0,0
11480.0,2021-12-28 15:25:00,397.55,397.65,397.5211,397.605,136223.0,1p,1p,0.0,sell,False,3.470696137901779,3.6499999999999773,42.0,0.009263959390862886,-0.04048541802463923,0.5295278728960229,0.5092851638837033,0.001283468361627595,73.89932639557614,89.21068281048656,86.56540972390891,94.50122898364185,136223.0,3.6499999999999773,0.0,3.6499999999999773,42.0,0.009263959390862886,3.6499999999999773,0.0,0.0,1.0,1.0,-0.04048541802463923,0.5092851638837033,0.5295278728960229,73.89932639557614,89.21068281048656,86.56540972390891,94.50122898364185,23.30323705945561,9.234084030164919,49.44467460552091,0.013834737768835825,0.03242595172935157,0.04499999999995907,0.028900000000021464,0.05500000000000682,1.0,11481.0,11481.0,2021-12-28,2021-12-28 15:25:00,0.5159765080629087,121.0,1.0,best_within_2.0d,11601.0,399.7666,0.5832424107187206,4.3760036431226785,32.22527881040892,0.012230020343504162,2.285057100371749,15.890706319702602,0.006381710269403211,0.4929364202292669,5.6011759621451125,36.843533123028394,0.015614239272951093,2.82998018927445,22.52492113564669,0.007835530045022196,1.8630914826498424,0.00402220134195386,1.9444468750000041,16.553125,0.005470102952261012,0.0,1
11480.0,2021-12-28 15:25:00,396.99,397.2,396.77,397.02,927795.0,1p,1p,1.0,buy,False,0.7193284020161046,1.259900000000016,14.0,0.0031653400912846396,-0.12471417004024193,0.022189038003400247,-0.04016804701672072,-0.0001010318660605141,41.08869140953782,35.52501144563081,46.78208222123044,13.01086989443155,927795.0,1.259900000000016,0.0,1.259900000000016,14.0,0.0031653400912846396,1.259900000000016,0.0,0.0,1.0,1.0,-0.12471417004024193,-0.04016804701672072,0.022189038003400247,41.08869140953782,35.52501144563081,46.78208222123044,13.01086989443155,22.501073606457496,41.35188525294332,19.6354142576378,0.007556865412220136,0.10837512916803359,0.18000000000000682,0.22000000000002728,0.029999999999972715,1.0,11481.0,11481.0,2021-12-28,2021-12-28 15:25:00,0.5159765080629087,121.0,1.0,best_within_2.0d,11601.0,399.7666,0.5832424107187206,4.3760036431226785,32.22527881040892,0.012230020343504162,2.285057100371749,15.890706319702602,0.006381710269403211,0.4929364202292669,5.6011759621451125,36.843533123028394,0.015614239272951093,2.82998018927445,22.52492113564669,0.007835530045022196,1.8630914826498424,0.00402220134195386,1.9444468750000041,16.553125,0.005470102952261012,0.0,0
11482.0,2021-12-28 15:35:00,401.77,402.21,401.7699,402.14,153383.0,2s,2s,0.0,sell,False,0.13043478260869074,4.163492493946733,28.239017640954685,0.011578080659927173,0.15196545342753287,-0.011007985846140208,0.06497474086762622,0.0001617308866697738,57.88080091062294,78.3513322376778,77.54207804699075,79.96984061905187,153383.0,1.5,1.0,4.024999999999977,32.0,0.009920879445909584,1.5,20.0,0.003743355543909561,1.0,2.5,0.15196545342753287,0.06497474086762622,-0.011007985846140208,57.88080091062294,78.3513322376778,77.54207804699075,79.96984061905187,17.34771268429018,16.002885735955992,24.81329030882566,0.0920924907285274,0.1095403115066541,0.06999999999999318,9.999999997489795e-05,0.37000000000000455,1.0,11483.0,11483.0,2021-12-28,2021-12-28 15:35:00,0.5901924702839816,119.0,1.0,best_within_2.0d,11601.0,399.7666,0.5832424107187206,4.3760036431226785,32.22527881040892,0.012230020343504162,2.285057100371749,15.890706319702602,0.006381710269403211,0.13043478260869074,4.024999999999977,32.0,0.009920879445909584,1.5,20.0,0.003743355543909561,1.0,0.00402220134195386,1.9444468750000041,16.553125,0.005470102952261012,0.0,1
11483.0,2021-12-28 15:40:00,402.1199,402.52,402.04,402.3,249676.0,2s,2s,0.0,sell,False,0.2074534161490644,4.163492493946733,28.239017640954685,0.011578080659927173,0.1762853386524145,0.011027681485411603,0.09917035081161885,0.0002468231573358621,60.438413989822685,79.68394335742566,78.25603315046905,82.53976377133887,249676.0,1.8100000000000023,1.0,4.024999999999977,32.0,0.009920879445909584,1.8100000000000023,21.0,0.004516982356317542,1.0,2.5,0.1762853386524145,0.09917035081161885,0.011027681485411603,60.438413989822685,79.68394335742566,78.25603315046905,82.53976377133887,22.298468521597233,15.459532872282455,24.334665767960388,0.044787636722290684,0.11939110536264086,0.21999999999997044,0.07989999999995234,0.18010000000003856,1.0,11484.0,11484.0,2021-12-28,2021-12-28 15:40:00,0.6297290579169845,118.0,1.0,best_within_2.0d,11601.0,399.7666,0.5832424107187206,4.3760036431226785,32.22527881040892,0.012230020343504162,2.285057100371749,15.890706319702602,0.006381710269403211,0.2074534161490644,4.024999999999977,32.0,0.009920879445909584,1.8100000000000023,21.0,0.004516982356317542,1.0,0.00402220134195386,1.9444468750000041,16.553125,0.005470102952261012,0.0,1
11484.0,2021-12-28 15:45:00,402.31,402.55,402.11,402.23,382743.0,2s,2s,0.0,sell,False,0.21490683229814012,4.163492493946733,28.239017640954685,0.011578080659927173,0.1731518553381718,0.03267166340268308,0.11924759107176897,0.0002967687756865217,58.75736717512832,78.09912530106484,78.20373053400098,77.88991483519257,382743.0,1.8400000000000318,1.0,4.024999999999977,32.0,0.009920879445909584,1.8400000000000318,22.0,0.0045918494671958075,1.0,2.5,0.1731518553381718,0.11924759107176897,0.03267166340268308,58.75736717512832,78.09912530106484,78.20373053400098,77.88991483519257,21.820727812976287,14.77313478713855,23.97211450984683,-0.019885163182616412,0.1094227947576528,0.2400000000000091,0.12000000000000455,0.07999999999998408,0.0,11485.0,11485.0,2021-12-28,2021-12-28 15:45:00,0.61243567113344,117.0,1.0,best_within_2.0d,11601.0,399.7666,0.5832424107187206,4.3760036431226785,32.22527881040892,0.012230020343504162,2.285057100371749,15.890706319702602,0.006381710269403211,0.21490683229814012,4.024999999999977,32.0,0.009920879445909584,1.8400000000000318,22.0,0.0045918494671958075,1.0,0.00402220134195386,1.9444468750000041,16.553125,0.005470102952261012,1.0,1
11512.0,2021-12-28 18:20:00,402.37,402.56,402.37,402.54,9567.0,2s,2s,0.0,sell,False,0.2173913043478273,4.163492493946733,28.239017640954685,0.011578080659927173,0.05114624756379507,0.06933716396434757,0.0949102877462451,0.00023597824158119013,62.57748990366648,87.92604810967339,77.27070180635967,109.23674071630083,9567.0,1.8500000000000227,1.0,4.024999999999977,32.0,0.009920879445909584,1.8500000000000227,50.0,0.004616805170821849,1.0,2.5,0.05114624756379507,0.0949102877462451,0.06933716396434757,62.57748990366648,87.92604810967339,77.27070180635967,109.23674071630083,38.142620232175396,20.453289110010555,28.211160645931788,0.04224967070109996,0.047220220195342034,0.01999999999998181,0.0,0.17000000000001592,1.0,11513.0,11513.0,2021-12-28,2021-12-28 18:20:00,0.6889750086947974,89.0,1.0,best_within_2.0d,11601.0,399.7666,0.5832424107187206,4.3760036431226785,32.22527881040892,0.012230020343504162,2.285057100371749,15.890706319702602,0.006381710269403211,0.2173913043478273,4.024999999999977,32.0,0.009920879445909584,1.8500000000000227,50.0,0.004616805170821849,1.0,0.00402220134195386,1.9444468750000041,16.553125,0.005470102952261012,0.0,1
11513.0,2021-12-28 18:25:00,402.57,402.57,402.49,402.52,4700.0,2s,2s,0.0,sell,False,0.21987577639751452,4.163492493946733,28.239017640954685,0.011578080659927173,0.05848486138638881,0.07664777163764616,0.10589020233084057,0.0002632623778368023,61.68060812554014,88.6827248835723,81.07470949876388,103.89875565318917,4700.0,1.8600000000000136,1.0,4.024999999999977,32.0,0.009920879445909584,1.8600000000000136,51.0,0.004641760874447889,1.0,2.5,0.05848486138638881,0.10589020233084057,0.07664777163764616,61.68060812554014,88.6827248835723,81.07470949876388,103.89875565318917,41.20070629782542,12.948793407889806,29.922785817184742,-0.012420200213630267,0.01987627021788966,0.0,0.029999999999972715,0.05000000000001137,0.0,11514.0,11514.0,2021-12-28,2021-12-28 18:25:00,0.6840405445692138,88.0,1.0,best_within_2.0d,11601.0,399.7666,0.5832424107187206,4.3760036431226785,32.22527881040892,0.012230020343504162,2.285057100371749,15.890706319702602,0.006381710269403211,0.21987577639751452,4.024999999999977,32.0,0.009920879445909584,1.8600000000000136,51.0,0.004641760874447889,1.0,0.00402220134195386,1.9444468750000041,16.553125,0.005470102952261012,0.0,1
11514.0,2021-12-28 18:30:00,402.54,402.61,402.54,402.59,15090.0,2s,2s,0.0,sell,False,0.22981366459627742,4.163492493946733,28.239017640954685,0.011578080659927173,0.0675555960103899,0.0850922211389449,0.11887001914413986,0.0002955126034665466,63.644595838836544,91.243028710258,84.46414923592857,104.80078765891687,15090.0,1.900000000000034,1.0,4.024999999999977,32.0,0.009920879445909584,1.900000000000034,52.0,0.004741583688952195,1.0,2.5,0.0675555960103899,0.11887001914413986,0.0850922211389449,63.644595838836544,91.243028710258,84.46414923592857,104.80078765891687,38.67403314917324,13.505217925109886,31.230822124360262,0.012421125850835824,0.017389576191184274,0.020000000000038654,0.0,0.049999999999954525,1.0,11515.0,11515.0,2021-12-28,2021-12-28 18:30:00,0.7013090240691504,87.0,1.0,best_within_2.0d,11601.0,399.7666,0.5832424107187206,4.3760036431226785,32.22527881040892,0.012230020343504162,2.285057100371749,15.890706319702602,0.006381710269403211,0.22981366459627742,4.024999999999977,32.0,0.009920879445909584,1.900000000000034,52.0,0.004741583688952195,1.0,0.00402220134195386,1.9444468750000041,16.553125,0.005470102952261012,0.0,1
11515.0,2021-12-28 18:35:00,402.58,402.65,402.58,402.63,4850.0,2s,2s,0.0,sell,False,0.2397515527950262,4.163492493946733,28.239017640954685,0.011578080659927173,0.07325345480067819,0.09424890298902969,0.13087563038936878,0.0003253359774845209,64.7561984049624,92.94989792805178,87.29273213330296,104.26422951754944,4850.0,1.9399999999999977,1.0,4.024999999999977,32.0,0.009920879445909584,1.9399999999999977,53.0,0.004841406503456359,1.0,2.5,0.07325345480067819,0.13087563038936878,0.09424890298902969,64.7561984049624,92.94989792805178,87.29273213330296,104.26422951754944,40.87858450274566,13.422818791948824,32.61160609782039,0.012419891698547212,0.017387848377960452,0.01999999999998181,0.0,0.05000000000001137,1.0,11516.0,11516.0,2021-12-28,2021-12-28 18:35:00,0.7111740307478362,86.0,1.0,best_within_2.0d,11601.0,399.7666,0.5832424107187206,4.3760036431226785,32.22527881040892,0.012230020343504162,2.285057100371749,15.890706319702602,0.006381710269403211,0.2397515527950262,4.024999999999977,32.0,0.009920879445909584,1.9399999999999977,53.0,0.004841406503456359,1.0,0.00402220134195386,1.9444468750000041,16.553125,0.005470102952261012,0.0,1
11516.0,2021-12-28 18:40:00,402.64,402.72,402.63,402.72,17928.0,2s,2s,0.0,sell,False,0.25714285714286483,4.163492493946733,28.239017640954685,0.011578080659927173,0.08275337612948303,0.10459307500521506,0.14596976306995657,0.0003628280833737266,67.18723029322473,95.29993195203451,89.96179873954681,105.97619837700992,17928.0,2.0100000000000477,1.0,4.024999999999977,32.0,0.009920879445909584,2.0100000000000477,54.0,0.005016096428838931,1.0,2.5,0.08275337612948303,0.14596976306995657,0.10459307500521506,67.18723029322473,95.29993195203451,89.96179873954681,105.97619837700992,40.024257125533495,13.341419041845647,33.85363423369013,0.01986886548779081,0.022353028835415106,0.0,0.009999999999990905,0.08000000000004093,1.0,11517.0,11517.0,2021-12-28,2021-12-28 18:40:00,0.7333631307111751,85.0,1.0,best_within_2.0d,11601.0,399.7666,0.5832424107187206,4.3760036431226785,32.22527881040892,0.012230020343504162,2.285057100371749,15.890706319702602,0.006381710269403211,0.25714285714286483,4.024999999999977,32.0,0.009920879445909584,2.0100000000000477,54.0,0.005016096428838931,1.0,0.00402220134195386,1.9444468750000041,16.553125,0.005470102952261012,0.0,1
11517.0,2021-12-28 18:45:00,402.75,402.88,402.75,402.88,10982.0,2s,2s,0.0,sell,False,0.2968944099378882,4.163492493946733,28.239017640954685,0.011578080659927173,0.10288421627626118,0.11745360203974771,0.1688957101778783,0.0004197697334093112,71.01498106621203,96.86662130135633,92.26340626014998,106.07305138376907,10982.0,2.170000000000016,1.0,4.024999999999977,32.0,0.009920879445909584,2.170000000000016,55.0,0.005415387686855871,1.0,2.5,0.10288421627626118,0.1688957101778783,0.11745360203974771,71.01498106621203,96.86662130135633,92.26340626014998,106.07305138376907,45.58087826570478,12.229016120068756,35.55639662359107,0.0322780881440088,0.0322780881440088,0.0,0.0,0.12999999999999545,1.0,11518.0,11518.0,2021-12-28,2021-12-28 18:45:00,0.7727859412231962,84.0,1.0,best_within_2.0d,11601.0,399.7666,0.5832424107187206,4.3760036431226785,32.22527881040892,0.012230020343504162,2.285057100371749,15.890706319702602,0.006381710269403211,0.2968944099378882,4.024999999999977,32.0,0.009920879445909584,2.170000000000016,55.0,0.005415387686855871,1.0,0.00402220134195386,1.9444468750000041,16.553125,0.005470102952261012,0.0,1
11521.0,2021-12-28 19:05:00,402.75,402.9,402.75,402.86,11600.0,2s,2s,0.0,sell,False,0.30186335403726255,4.163492493946733,28.239017640954685,0.011578080659927173,0.054900597061420864,0.15402691551048422,0.18147721404119466,0.0004509134481947559,66.08552337763277,82.85603700742024,86.06776959456312,76.43257183313449,11600.0,2.1899999999999977,1.0,4.024999999999977,32.0,0.009920879445909584,2.1899999999999977,59.0,0.005465299094107953,1.0,2.5,0.054900597061420864,0.18147721404119466,0.15402691551048422,66.08552337763277,82.85603700742024,86.06776959456312,76.43257183313449,43.06930693069208,4.455445544556197,47.28785793558574,0.027312228429550254,0.03724394785846735,0.03999999999996362,0.0,0.11000000000001364,1.0,11522.0,11522.0,2021-12-28,2021-12-28 19:05:00,0.7678598024127565,80.0,1.0,best_within_2.0d,11601.0,399.7666,0.5832424107187206,4.3760036431226785,32.22527881040892,0.012230020343504162,2.285057100371749,15.890706319702602,0.006381710269403211,0.30186335403726255,4.024999999999977,32.0,0.009920879445909584,2.1899999999999977,59.0,0.005465299094107953,1.0,0.00402220134195386,1.9444468750000041,16.553125,0.005470102952261012,1.0,1
11527.0,2021-12-28 19:35:00,402.58,402.63,402.58,402.61,904.0,2,2,1.0,buy,False,0.14611872146118426,4.163492493946733,28.239017640954685,0.011578080659927173,-0.050803206376209165,0.15435375123385975,0.12895214804575517,0.0003203281370615042,52.60651149732964,31.997581296715047,51.31207033843613,-6.631396786727123,904.0,0.3199999999999932,1.0,2.1899999999999977,59.0,0.005465299094107953,0.3199999999999932,7.0,0.0007942417473318273,2.0,2.0,-0.050803206376209165,0.12895214804575517,0.15435375123385975,52.60651149732964,31.997581296715047,51.31207033843613,-6.631396786727123,27.560569157800565,19.875656967057573,47.718553105961654,0.007451935019133976,0.012419891698547212,0.01999999999998181,0.0,0.03000000000002956,1.0,11528.0,11528.0,2021-12-28,2021-12-28 19:35:00,0.18129206924815242,255.0,1.0,best_within_2.0d,11782.0,403.3399,0.14611872146118426,2.1899999999999977,59.0,0.005465299094107953,0.3199999999999932,7.0,0.0007942417473318273,0.4929364202292669,5.6011759621451125,36.843533123028394,0.015614239272951093,2.82998018927445,22.52492113564669,0.007835530045022196,1.8630914826498424,0.00402220134195386,1.9444468750000041,16.553125,0.005470102952261012,1.0,0
11532.0,2021-12-29 04:00:00,402.89,403.31,402.89,403.26,5485.0,1p,"1p,2s",0.0,sell,False,0.15291225645078027,0.7300000000000182,6.0,0.0018133041879875261,0.030928396165513683,0.13638804401065502,0.15185224209341186,0.0003771137734473673,72.93299058431592,75.62741322749065,60.68693722828132,105.5083652259093,5485.0,0.7300000000000182,0.0,0.7300000000000182,6.0,0.0018133041879875261,0.7300000000000182,0.0,0.0,1.0,1.0,0.030928396165513683,0.15185224209341186,0.13638804401065502,72.93299058431592,75.62741322749065,60.68693722828132,105.5083652259093,43.711069828434894,16.943503442248694,40.342647326655786,0.09183648142172915,0.10424681674899251,0.05000000000001137,0.0,0.37000000000000455,1.0,11533.0,11533.0,2021-12-29,2021-12-29 04:00:00,1.1307841095075144,356.0,1.0,best_within_2.0d,11888.0,398.7,0.5832424107187206,4.3760036431226785,32.22527881040892,0.012230020343504162,2.285057100371749,15.890706319702602,0.006381710269403211,0.4037267080745364,4.024999999999977,32.0,0.009920879445909584,0.7300000000000182,6.0,0.0018133041879875261,2.0,0.00402220134195386,1.9444468750000041,16.553125,0.005470102952261012,1.0,1
11532.0,2021-12-29 04:00:00,402.89,403.31,402.89,403.26,5485.0,2s,"1p,2s",0.0,sell,False,0.15291225645078027,0.7300000000000182,6.0,0.0018133041879875261,0.030928396165513683,0.13638804401065502,0.15185224209341186,0.0003771137734473673,72.93299058431592,75.62741322749065,60.68693722828132,105.5083652259093,5485.0,0.7300000000000182,0.0,0.7300000000000182,6.0,0.0018133041879875261,0.7300000000000182,0.0,0.0,1.0,1.0,0.030928396165513683,0.15185224209341186,0.13638804401065502,72.93299058431592,75.62741322749065,60.68693722828132,105.5083652259093,43.711069828434894,16.943503442248694,40.342647326655786,0.09183648142172915,0.10424681674899251,0.05000000000001137,0.0,0.37000000000000455,1.0,11533.0,11533.0,2021-12-29,2021-12-29 04:00:00,1.1307841095075144,356.0,1.0,best_within_2.0d,11888.0,398.7,0.5832424107187206,4.3760036431226785,32.22527881040892,0.012230020343504162,2.285057100371749,15.890706319702602,0.006381710269403211,0.4037267080745364,4.024999999999977,32.0,0.009920879445909584,0.7300000000000182,6.0,0.0018133041879875261,2.0,0.00402220134195386,1.9444468750000041,16.553125,0.005470102952261012,0.0,1
11551.0,2021-12-29 05:50:00,403.0,403.0,402.76,402.76,1300.0,2s,2s,1.0,buy,False,0.06392694063926324,4.163492493946733,28.239017640954685,0.011578080659927173,-0.07900148258309442,0.08333181389760078,0.04383107260605357,0.00010878613949722639,44.96495905992249,30.353811614716648,36.86743645242652,17.32656193929691,1300.0,0.5500000000000114,1.0,2.1899999999999977,59.0,0.005465299094107953,0.5500000000000114,20.0,0.0013637152562545223,1.0,2.5,-0.07900148258309442,0.04383107260605357,0.08333181389760078,44.96495905992249,30.353811614716648,36.86743645242652,17.32656193929691,20.886075949364947,50.63291139241176,36.53335258822347,-0.059553349875932776,0.059588837024533,0.0,0.0,0.2400000000000091,0.0,11552.0,11552.0,2021-12-29,2021-12-29 05:50:00,0.14398152746052467,231.0,1.0,best_within_2.0d,11782.0,403.3399,0.5832424107187206,4.3760036431226785,32.22527881040892,0.012230020343504162,2.285057100371749,15.890706319702602,0.006381710269403211,0.06392694063926324,2.1899999999999977,59.0,0.005465299094107953,0.5500000000000114,20.0,0.0013637152562545223,1.0,0.00402220134195386,1.9444468750000041,16.553125,0.005470102952261012,0.0,0
11552.0,2021-12-29 06:00:00,402.72,402.73,402.72,402.72,1188.0,2s,2s,1.0,buy,False,0.08219178082189506,4.163492493946733,28.239017640954685,0.011578080659927173,-0.0982987412623737,0.07104447123980406,0.021895100608617213,5.43442523727419e-05,43.74596802636093,20.235874409811096,31.323582438221372,-1.939541647009456,1188.0,0.589999999999975,1.0,2.1899999999999977,59.0,0.005465299094107953,0.589999999999975,21.0,0.0014628945476183952,1.0,2.5,-0.0982987412623737,0.021895100608617213,0.07104447123980406,43.74596802636093,20.235874409811096,31.323582438221372,-1.939541647009456,21.290322580644215,51.6129032258126,36.89475028577816,0.0,0.0024831148192269825,0.009999999999990905,0.0,0.0,0.0,11553.0,11553.0,2021-12-29,2021-12-29 06:00:00,0.1539282876440139,230.0,1.0,best_within_2.0d,11782.0,403.3399,0.5832424107187206,4.3760036431226785,32.22527881040892,0.012230020343504162,2.285057100371749,15.890706319702602,0.006381710269403211,0.08219178082189506,2.1899999999999977,59.0,0.005465299094107953,0.589999999999975,21.0,0.0014628945476183952,1.0,0.00402220134195386,1.9444468750000041,16.553125,0.005470102952261012,0.0,0
11553.0,2021-12-29 06:05:00,402.55,402.56,402.47,402.47,3529.0,2s,2s,1.0,buy,False,0.1963470319634477,4.163492493946733,28.239017640954685,0.011578080659927173,-0.13844513637957742,0.05373882919235688,-0.015483738997431828,-3.84340861108241e-05,36.99542078526963,13.490582939874063,25.379249272105604,-10.286749724589015,3529.0,0.839999999999975,1.0,2.1899999999999977,59.0,0.005465299094107953,0.839999999999975,22.0,0.0020827651186431655,1.0,2.5,-0.13844513637957742,-0.015483738997431828,0.05373882919235688,36.99542078526963,13.490582939874063,25.379249272105604,-10.286749724589015,18.128654970760273,61.40350877193811,38.14596560150022,-0.019873307663640313,0.022361915173795557,0.009999999999990905,0.0,0.07999999999998408,0.0,11554.0,11554.0,2021-12-29,2021-12-29 06:05:00,0.21614033344099504,229.0,1.0,best_within_2.0d,11782.0,403.3399,0.5832424107187206,4.3760036431226785,32.22527881040892,0.012230020343504162,2.285057100371749,15.890706319702602,0.006381710269403211,0.1963470319634477,2.1899999999999977,59.0,0.005465299094107953,0.839999999999975,22.0,0.0020827651186431655,1.0,0.00402220134195386,1.9444468750000041,16.553125,0.005470102952261012,0.0,0
11555.0,2021-12-29 06:15:00,402.42,402.42,402.26,402.37,5630.0,2s,2s,1.0,buy,False,0.29223744292236853,4.163492493946733,28.239017640954685,0.011578080659927173,-0.1721141463021221,0.013036887189308743,-0.0730201859617523,-0.00018128010110313094,35.03096639531506,11.488754139878997,17.46627887550019,-0.46629533136339063,5630.0,1.0500000000000114,1.0,2.1899999999999977,59.0,0.005465299094107953,1.0500000000000114,24.0,0.002603456398304062,1.0,2.5,-0.1721141463021221,-0.0730201859617523,0.013036887189308743,35.03096639531506,11.488754139878997,17.46627887550019,-0.46629533136339063,13.586956521737905,64.673913043487,40.973824365013186,-0.012424829779834841,0.03977526972605405,0.0,0.11000000000001364,0.05000000000001137,0.0,11556.0,11556.0,2021-12-29,2021-12-29 06:15:00,0.24104679772348725,227.0,1.0,best_within_2.0d,11782.0,403.3399,0.5832424107187206,4.3760036431226785,32.22527881040892,0.012230020343504162,2.285057100371749,15.890706319702602,0.006381710269403211,0.29223744292236853,2.1899999999999977,59.0,0.005465299094107953,1.0500000000000114,24.0,0.002603456398304062,1.0,0.00402220134195386,1.9444468750000041,16.553125,0.005470102952261012,1.0,0
11560.0,2021-12-29 06:45:00,402.26,402.41,402.26,402.41,1612.0,2s,2s,1.0,buy,False,0.29223744292236853,4.163492493946733,28.239017640954685,0.011578080659927173,-0.11652186137488271,-0.07817572438373795,-0.1364366550711793,-0.00033883031913199804,39.68847983195967,18.755280781401403,15.963448682622715,24.33894497895878,1612.0,1.0500000000000114,1.0,2.1899999999999977,59.0,0.005465299094107953,1.0500000000000114,29.0,0.002603456398304062,1.0,2.5,-0.11652186137488271,-0.1364366550711793,-0.07817572438373795,39.68847983195967,18.755280781401403,15.963448682622715,24.33894497895878,21.99999999999767,52.0000000000025,43.31378491852899,0.03728931536817832,0.03728931536817832,0.0,0.0,0.1500000000000341,1.0,11561.0,11561.0,2021-12-29,2021-12-29 06:45:00,0.23108272657239506,222.0,1.0,best_within_2.0d,11782.0,403.3399,0.5832424107187206,4.3760036431226785,32.22527881040892,0.012230020343504162,2.285057100371749,15.890706319702602,0.006381710269403211,0.29223744292236853,2.1899999999999977,59.0,0.005465299094107953,1.0500000000000114,29.0,0.002603456398304062,1.0,0.00402220134195386,1.9444468750000041,16.553125,0.005470102952261012,0.0,0
11563.0,2021-12-29 07:05:00,402.38,402.38,402.0,402.03,23419.0,2s,2s,1.0,buy,False,0.4109589041095791,4.163492493946733,28.239017640954685,0.011578080659927173,-0.11213991986271393,-0.11603787340423069,-0.17210783333558766,-0.00042751658362392124,29.750880946324273,13.969485876594092,16.912434433052155,8.083588763677966,23419.0,1.3100000000000023,1.0,2.1899999999999977,59.0,0.005465299094107953,1.3100000000000023,32.0,0.0032481217921698008,1.0,2.5,-0.11213991986271393,-0.17210783333558766,-0.11603787340423069,29.750880946324273,13.969485876594092,16.912434433052155,8.083588763677966,17.796610169487277,50.42372881355893,42.171641105749245,-0.08698245439634741,0.09452736318407848,0.0,0.029999999999972715,0.35000000000002274,0.0,11564.0,11564.0,2021-12-29,2021-12-29 07:05:00,0.3258214561102474,219.0,1.0,best_within_2.0d,11782.0,403.3399,0.5832424107187206,4.3760036431226785,32.22527881040892,0.012230020343504162,2.285057100371749,15.890706319702602,0.006381710269403211,0.4109589041095791,2.1899999999999977,59.0,0.005465299094107953,1.3100000000000023,32.0,0.0032481217921698008,1.0,0.00402220134195386,1.9444468750000041,16.553125,0.005470102952261012,0.0,0
11564.0,2021-12-29 07:10:00,401.97,402.13,401.93,402.1,7965.0,2s,2s,1.0,buy,False,0.44292237442921073,4.163492493946733,28.239017640954685,0.011578080659927173,-0.10807661675675101,-0.12954745049882457,-0.18358575887720008,-0.0004560677271053623,33.1836585973473,18.757435028841925,17.527434631648745,21.217435823228286,7965.0,1.3799999999999955,1.0,2.1899999999999977,59.0,0.005465299094107953,1.3799999999999955,33.0,0.003421685552056719,1.0,2.5,-0.10807661675675101,-0.18358575887720008,-0.12954745049882457,33.1836585973473,18.757435028841925,17.527434631648745,21.217435823228286,13.333333333330492,52.49999999999887,43.408928947201595,0.032340721944422585,0.049759908441765636,0.029999999999972715,0.040000000000020464,0.12999999999999545,1.0,11565.0,11565.0,2021-12-29,2021-12-29 07:10:00,0.3083561303158362,218.0,1.0,best_within_2.0d,11782.0,403.3399,0.5832424107187206,4.3760036431226785,32.22527881040892,0.012230020343504162,2.285057100371749,15.890706319702602,0.006381710269403211,0.44292237442921073,2.1899999999999977,59.0,0.005465299094107953,1.3799999999999955,33.0,0.003421685552056719,1.0,0.00402220134195386,1.9444468750000041,16.553125,0.005470102952261012,1.0,0
11573.0,2021-12-29 07:55:00,402.09,402.09,401.85,401.89,6522.0,2s,2s,1.0,buy,False,0.47945205479450026,4.163492493946733,28.239017640954685,0.011578080659927173,-0.01842621973714037,-0.15592895335052323,-0.16514206321909342,-0.00041045102542211417,33.21398592543886,33.7928063168573,40.762102664008566,19.854213622554767,6522.0,1.4599999999999795,1.0,2.1899999999999977,59.0,0.005465299094107953,1.4599999999999795,42.0,0.003620044134784606,1.0,2.5,-0.01842621973714037,-0.16514206321909342,-0.15592895335052323,33.21398592543886,33.7928063168573,40.762102664008566,19.854213622554767,14.592274678108176,40.34334763948515,34.67828438847825,-0.0497401079360314,0.05972377752891682,0.0,0.03999999999996362,0.19999999999998863,0.0,11574.0,11574.0,2021-12-29,2021-12-29 07:55:00,0.360770360048773,209.0,1.0,best_within_2.0d,11782.0,403.3399,0.5832424107187206,4.3760036431226785,32.22527881040892,0.012230020343504162,2.285057100371749,15.890706319702602,0.006381710269403211,0.47945205479450026,2.1899999999999977,59.0,0.005465299094107953,1.4599999999999795,42.0,0.003620044134784606,1.0,0.00402220134195386,1.9444468750000041,16.553125,0.005470102952261012,0.0,0
11574.0,2021-12-29 08:00:00,402.47,403.0496,401.7,401.78,58100.0,2s,2s,1.0,buy,False,0.5479452054794475,4.163492493946733,28.239017640954685,0.011578080659927173,-0.04593883103166552,-0.16167130722948142,-0.18464072274531418,-0.0004589613787953801,30.75473864282526,24.50443163664779,35.34287898822164,2.8275369335000846,58100.0,1.6100000000000136,1.0,2.1899999999999977,59.0,0.005465299094107953,1.6100000000000136,43.0,0.003991966477399553,1.0,2.5,-0.04593883103166552,-0.18464072274531418,-0.16167130722948142,30.75473864282526,24.50443163664779,35.34287898822164,2.8275369335000846,36.82003626473131,24.648685403445562,33.615613000426215,-0.17144134966582714,0.3359721184963927,0.5795999999999708,0.07999999999998408,0.6900000000000546,0.0,11575.0,11575.0,2021-12-29,2021-12-29 08:00:00,0.38824729951715553,208.0,1.0,best_within_2.0d,11782.0,403.3399,0.5832424107187206,4.3760036431226785,32.22527881040892,0.012230020343504162,2.285057100371749,15.890706319702602,0.006381710269403211,0.5479452054794475,2.1899999999999977,59.0,0.005465299094107953,1.6100000000000136,43.0,0.003991966477399553,1.0,0.00402220134195386,1.9444468750000041,16.553125,0.005470102952261012,0.0,0
11578.0,2021-12-29 08:20:00,401.97,401.97,401.6,401.66,9954.0,2s,2s,1.0,buy,False,0.5936073059360529,4.163492493946733,28.239017640954685,0.011578080659927173,-0.035098097338816026,-0.17387104966754027,-0.19142009833694829,-0.0004759420708563507,32.013541829904156,13.765581267370314,20.796565208197382,-0.2963866142838256,9954.0,1.7099999999999795,1.0,2.1899999999999977,59.0,0.005465299094107953,1.7099999999999795,47.0,0.004239914705809376,1.0,2.5,-0.035098097338816026,-0.19142009833694829,-0.17387104966754027,32.013541829904156,13.765581267370314,20.796565208197382,-0.2963866142838256,31.037000973709677,17.851346965271155,33.32331739648297,-0.07712018309824172,0.09213147410358678,0.0,0.060000000000002274,0.3100000000000023,0.0,11579.0,11579.0,2021-12-29,2021-12-29 08:20:00,0.4182393068764565,204.0,1.0,best_within_2.0d,11782.0,403.3399,0.5832424107187206,4.3760036431226785,32.22527881040892,0.012230020343504162,2.285057100371749,15.890706319702602,0.006381710269403211,0.5936073059360529,2.1899999999999977,59.0,0.005465299094107953,1.7099999999999795,47.0,0.004239914705809376,1.0,0.00402220134195386,1.9444468750000041,16.553125,0.005470102952261012,0.0,0
11579.0,2021-12-29 08:25:00,401.68,401.7,401.13,401.36,42415.0,2s,2s,1.0,buy,False,0.8082191780821844,4.163492493946733,28.239017640954685,0.011578080659927173,-0.08715361121728499,-0.1847652510697009,-0.2283420566783434,-0.0005678309026301421,26.70447288792198,12.554440375016625,18.049190263803794,1.5649405974422876,42415.0,2.180000000000007,1.0,2.1899999999999977,59.0,0.005465299094107953,2.180000000000007,48.0,0.005405271379336012,1.0,2.5,-0.08715361121728499,-0.2283420566783434,-0.1847652510697009,26.70447288792198,12.554440375016625,18.049190263803794,1.5649405974422876,27.308288434570375,24.909587423426753,31.271197552160583,-0.07966540529774775,0.14209857153541075,0.01999999999998181,0.2300000000000182,0.3199999999999932,0.0,11580.0,11580.0,2021-12-29,2021-12-29 08:25:00,0.4932977875224204,203.0,1.0,best_within_2.0d,11782.0,403.3399,0.5832424107187206,4.3760036431226785,32.22527881040892,0.012230020343504162,2.285057100371749,15.890706319702602,0.006381710269403211,0.8082191780821844,2.1899999999999977,59.0,0.005465299094107953,2.180000000000007,48.0,0.005405271379336012,1.0,0.00402220134195386,1.9444468750000041,16.553125,0.005470102952261012,1.0,0
11586.0,2021-12-29 09:00:00,401.48,402.04,401.48,402.04,26609.0,2,2,0.0,sell,False,0.4174311926605606,4.163492493946733,28.239017640954685,0.011578080659927173,0.06680454682777237,-0.2389665325741553,-0.2055642591602691,-0.0005114955736486648,53.35415965730377,52.91820787796222,31.021249401813268,96.71212483026011,26609.0,0.910000000000025,1.0,2.180000000000007,48.0,0.005405271379336012,0.910000000000025,8.0,0.0022685912297759456,2.0,2.0,0.06680454682777237,-0.2055642591602691,-0.2389665325741553,53.35415965730377,52.91820787796222,31.021249401813268,96.71212483026011,31.34289776399125,19.872043427684574,21.524218563766517,0.1394839095347221,0.1394839095347221,0.0,0.0,0.5600000000000023,1.0,11587.0,11587.0,2021-12-29,2021-12-29 09:00:00,0.8307631081484508,302.0,1.0,best_within_2.0d,11888.0,398.7,0.4174311926605606,2.180000000000007,48.0,0.005405271379336012,0.910000000000025,8.0,0.0022685912297759456,0.4929364202292669,5.6011759621451125,36.843533123028394,0.015614239272951093,2.82998018927445,22.52492113564669,0.007835530045022196,1.8630914826498424,0.00402220134195386,1.9444468750000041,16.553125,0.005470102952261012,0.0,1
11587.0,2021-12-29 09:05:00,402.06,402.07,401.94,402.07,11461.0,2,2,0.0,sell,False,0.4311926605504563,4.163492493946733,28.239017640954685,0.011578080659927173,0.12719233775338,-0.2230674903549828,-0.1594713214782928,-0.00039679148901891273,54.02623374120965,68.61213858530814,43.55154579631156,118.73332416330132,11461.0,0.9399999999999977,1.0,2.180000000000007,48.0,0.005405271379336012,0.9399999999999977,9.0,0.002343379951636621,2.0,2.0,0.12719233775338,-0.1594713214782928,-0.2230674903549828,54.02623374120965,68.61213858530814,43.55154579631156,118.73332416330132,32.403447595235896,16.448450555957553,22.319626713492625,0.0024871909665201476,0.03234313579141052,0.0,0.12000000000000455,0.009999999999990905,1.0,11588.0,11588.0,2021-12-29,2021-12-29 09:05:00,0.8381625090158442,301.0,1.0,best_within_2.0d,11888.0,398.7,0.4311926605504563,2.180000000000007,48.0,0.005405271379336012,0.9399999999999977,9.0,0.002343379951636621,0.4929364202292669,5.6011759621451125,36.843533123028394,0.015614239272951093,2.82998018927445,22.52492113564669,0.007835530045022196,1.8630914826498424,0.00402220134195386,1.9444468750000041,16.553125,0.005470102952261012,0.0,1
11588.0,2021-12-29 09:10:00,402.07,402.07,401.95,402.03,20924.0,2,2,0.0,sell,False,0.4311926605504563,4.163492493946733,28.239017640954685,0.011578080659927173,0.15733651703320256,-0.20340042572583247,-0.12473216720923119,-0.0003103473086650073,52.931170637725266,77.54219200706288,54.88176119989533,122.86305362139798,20924.0,0.9399999999999977,1.0,2.180000000000007,48.0,0.005405271379336012,0.9399999999999977,10.0,0.002343379951636621,2.0,2.0,0.15733651703320256,-0.12473216720923119,-0.20340042572583247,52.931170637725266,77.54219200706288,54.88176119989533,122.86305362139798,20.832989690720467,20.618556701030833,20.762318375961687,-0.00994851642749284,0.02985445950989042,0.0,0.07999999999998408,0.040000000000020464,0.0,11589.0,11589.0,2021-12-29,2021-12-29 09:10:00,0.828296395791355,300.0,1.0,best_within_2.0d,11888.0,398.7,0.4311926605504563,2.180000000000007,48.0,0.005405271379336012,0.9399999999999977,10.0,0.002343379951636621,0.4929364202292669,5.6011759621451125,36.843533123028394,0.015614239272951093,2.82998018927445,22.52492113564669,0.007835530045022196,1.8630914826498424,0.00402220134195386,1.9444468750000041,16.553125,0.005470102952261012,0.0,1
11589.0,2021-12-29 09:15:00,402.01,402.25,402.0,402.06,35440.0,2,2,0.0,sell,False,0.5137614678899087,4.163492493946733,28.239017640954685,0.011578080659927173,0.17552024994704546,-0.1814603944824518,-0.09370026950892907,-0.00023313016606735414,53.68933165191622,78.9963819729627,62.91996812425111,111.14920967038586,35440.0,1.1200000000000045,1.0,2.180000000000007,48.0,0.005405271379336012,1.1200000000000045,11.0,0.0027921122828010983,2.0,2.0,0.17552024994704546,-0.09370026950892907,-0.1814603944824518,53.68933165191622,78.9963819729627,62.91996812425111,111.14920967038586,24.137931034481912,28.735632183907896,19.900413647244033,0.012437501554690523,0.06218905472636816,0.18999999999999773,0.009999999999990905,0.05000000000001137,1.0,11590.0,11590.0,2021-12-29,2021-12-29 09:15:00,0.8356961647515331,299.0,1.0,best_within_2.0d,11888.0,398.7,0.5137614678899087,2.180000000000007,48.0,0.005405271379336012,1.1200000000000045,11.0,0.0027921122828010983,0.4929364202292669,5.6011759621451125,36.843533123028394,0.015614239272951093,2.82998018927445,22.52492113564669,0.007835530045022196,1.8630914826498424,0.00402220134195386,1.9444468750000041,16.553125,0.005470102952261012,1.0,1
11594.0,2021-12-29 09:40:00,402.32,403.05,401.84,401.96,658501.0,2,2,0.0,sell,False,0.8807339449541329,4.163492493946733,28.239017640954685,0.011578080659927173,0.15800619312210623,-0.07639182165098693,0.002611274910066186,6.4961492671221375e-06,49.59731051820949,52.16010072305481,60.99702565631617,34.48625085653208,658501.0,1.920000000000016,1.0,2.180000000000007,48.0,0.005405271379336012,1.920000000000016,16.0,0.004786478199087617,2.0,2.0,0.15800619312210623,0.002611274910066186,-0.07639182165098693,49.59731051820949,52.16010072305481,60.99702565631617,34.48625085653208,37.49999999999939,7.363013698631116,26.435802872042917,-0.08948101014118454,0.30111487159069195,0.7300000000000182,0.12000000000000455,0.36000000000001364,0.0,11595.0,11595.0,2021-12-29,2021-12-29 09:40:00,0.8110259727336031,294.0,1.0,best_within_2.0d,11888.0,398.7,0.8807339449541329,2.180000000000007,48.0,0.005405271379336012,1.920000000000016,16.0,0.004786478199087617,0.4929364202292669,5.6011759621451125,36.843533123028394,0.015614239272951093,2.82998018927445,22.52492113564669,0.007835530045022196,1.8630914826498424,0.00402220134195386,1.9444468750000041,16.553125,0.005470102952261012,1.0,1
11599.0,2021-12-29 10:05:00,401.59,401.87,401.281,401.73,350650.0,2s,2s,1.0,buy,False,0.7392694063926818,4.163492493946733,28.239017640954685,0.011578080659927173,-0.0036794707527264686,-0.018131863671131003,-0.019971599047494237,-4.96847607655914e-05,45.349553481489984,34.26414232410451,44.120159468385985,14.552108035541565,350650.0,1.7690000000000055,1.0,2.1899999999999977,59.0,0.005465299094107953,1.7690000000000055,6.0,0.004389033618657748,2.0,2.5,-0.0036794707527264686,-0.019971599047494237,-0.018131863671131003,45.349553481489984,34.26414232410451,44.120159468385985,14.552108035541565,27.62494268684122,15.80696928014696,30.789106641868994,0.0348614258323273,0.14677993725095348,0.13999999999998636,0.3089999999999691,0.1400000000000432,1.0,11600.0,11600.0,2021-12-29,2021-12-29 10:05:00,0.4007417917506738,183.0,1.0,best_within_2.0d,11782.0,403.3399,0.5832424107187206,4.3760036431226785,32.22527881040892,0.012230020343504162,2.285057100371749,15.890706319702602,0.006381710269403211,0.7392694063926818,2.1899999999999977,59.0,0.005465299094107953,1.7690000000000055,6.0,0.004389033618657748,2.0,0.00402220134195386,1.9444468750000041,16.553125,0.005470102952261012,0.0,0
11600.0,2021-12-29 10:10:00,401.73,401.9,399.91,399.965,1051415.0,1p,1p,1.0,buy,False,1.4726441297590243,3.1399999999999864,7.0,0.007790596700161237,-0.25346303446471896,-0.04981474297922088,-0.17654626021158037,-0.00043936866717979127,26.945149695845416,23.426625668298446,37.222314868356804,-4.164752731818268,1051415.0,3.1399999999999864,0.0,3.1399999999999864,7.0,0.007790596700161237,3.1399999999999864,0.0,0.0,1.0,1.0,-0.25346303446471896,-0.17654626021158037,-0.04981474297922088,26.945149695845416,23.426625668298446,37.222314868356804,-4.164752731818268,19.204254480992713,27.08292298601552,29.80569021000299,-0.439349812062839,0.4976119626915936,0.16999999999995907,0.05499999999994998,1.7650000000000432,0.0,11601.0,11601.0,2021-12-29,2021-12-29 10:10:00,0.8437988323978413,182.0,1.0,best_within_2.0d,11782.0,403.3399,0.5832424107187206,4.3760036431226785,32.22527881040892,0.012230020343504162,2.285057100371749,15.890706319702602,0.006381710269403211,0.4929364202292669,5.6011759621451125,36.843533123028394,0.015614239272951093,2.82998018927445,22.52492113564669,0.007835530045022196,1.8630914826498424,0.00402220134195386,1.9444468750000041,16.553125,0.005470102952261012,0.0,0
11601.0,2021-12-29 10:15:00,399.97,400.07,399.11,399.7666,975137.0,1p,1p,1.0,buy,False,2.4469219546814394,3.9399999999999977,8.0,0.009775462101476238,-0.4211501279901113,-0.10245850897798481,-0.31303357297304046,-0.0007793378171843259,25.68337317670722,21.17274198529515,31.872457240669583,-0.2266885254537101,975137.0,3.9399999999999977,0.0,3.9399999999999977,8.0,0.009775462101476238,3.9399999999999977,0.0,0.0,1.0,1.0,-0.4211501279901113,-0.31303357297304046,-0.10245850897798481,25.68337317670722,21.17274198529515,31.872457240669583,-0.2266885254537101,17.47997086671549,32.31973780043732,29.805205416992834,-0.05085381403606387,0.2405351907995238,0.0999999999999659,0.656599999999969,0.20340000000004466,0.0,11602.0,11602.0,2021-12-29,2021-12-29 10:15:00,0.8938465594674536,181.0,1.0,best_within_2.0d,11782.0,403.3399,0.5832424107187206,4.3760036431226785,32.22527881040892,0.012230020343504162,2.285057100371749,15.890706319702602,0.006381710269403211,0.4929364202292669,5.6011759621451125,36.843533123028394,0.015614239272951093,2.82998018927445,22.52492113564669,0.007835530045022196,1.8630914826498424,0.00402220134195386,1.9444468750000041,16.553125,0.005470102952261012,1.0,0
11656.0,2021-12-29 14:50:00,401.61,401.93,401.59,401.88,131861.0,2s,2s,0.0,sell,False,0.36697247706422426,4.163492493946733,28.239017640954685,0.011578080659927173,0.15719056509199847,0.21563193885738996,0.2942272214033892,0.0007334972889543423,70.11365533056176,85.36554001175577,84.32343233314886,87.44975536896956,131861.0,2.819999999999993,1.0,2.180000000000007,48.0,0.005405271379336012,2.819999999999993,56.0,0.0070657212297361455,1.0,2.5,0.15719056509199847,0.2942272214033892,0.21563193885738996,70.11365533056176,85.36554001175577,84.32343233314886,87.44975536896956,46.70518677774935,5.643644181670951,43.26957788180909,0.06722940165832071,0.08466346273563381,0.05000000000001137,0.020000000000038654,0.2699999999999818,1.0,11657.0,11657.0,2021-12-29,2021-12-29 14:50:00,0.7912809793968366,232.0,1.0,best_within_2.0d,11888.0,398.7,0.5832424107187206,4.3760036431226785,32.22527881040892,0.012230020343504162,2.285057100371749,15.890706319702602,0.006381710269403211,0.36697247706422426,2.180000000000007,48.0,0.005405271379336012,2.819999999999993,56.0,0.0070657212297361455,1.0,0.00402220134195386,1.9444468750000041,16.553125,0.005470102952261012,0.0,1
11657.0,2021-12-29 14:55:00,401.87,401.97,401.79,401.88,119571.0,2s,2s,0.0,sell,False,0.3853211009174446,4.163492493946733,28.239017640954685,0.011578080659927173,0.1491488146577158,0.23427554068960443,0.30884994801846233,0.0007698444633926941,70.11365533056176,86.34758944506544,84.99815137045438,89.04646559428758,119571.0,2.8600000000000136,1.0,2.180000000000007,48.0,0.005405271379336012,2.8600000000000136,57.0,0.007165944225902668,1.0,2.5,0.1491488146577158,0.30884994801846233,0.23427554068960443,70.11365533056176,86.34758944506544,84.99815137045438,89.04646559428758,45.775931385688246,5.628517823639148,45.75754003462814,0.002488366884811234,0.04479952213843222,0.09000000000003183,0.07999999999998408,0.009999999999990905,1.0,11658.0,11658.0,2021-12-29,2021-12-29 14:55:00,0.7912809793968366,231.0,1.0,best_within_2.0d,11888.0,398.7,0.5832424107187206,4.3760036431226785,32.22527881040892,0.012230020343504162,2.285057100371749,15.890706319702602,0.006381710269403211,0.3853211009174446,2.180000000000007,48.0,0.005405271379336012,2.8600000000000136,57.0,0.007165944225902668,1.0,0.00402220134195386,1.9444468750000041,16.553125,0.005470102952261012,1.0,1
11664.0,2021-12-29 15:30:00,401.55,402.22,401.55,402.13,318742.0,2s,2s,0.0,sell,False,0.500000000000013,4.163492493946733,28.239017640954685,0.011578080659927173,0.000307135872875286,0.24191629593842276,0.2420698638748604,0.0006030848267845557,66.27416635420573,53.263714793328205,50.02393416711098,59.743276045762656,318742.0,3.1100000000000136,1.0,2.180000000000007,48.0,0.005405271379336012,3.1100000000000136,64.0,0.0077923379519431075,1.0,2.5,0.000307135872875286,0.2420698638748604,0.24191629593842276,66.27416635420573,53.263714793328205,50.02393416711098,59.743276045762656,32.47827986215866,15.774401786148381,38.73872160679936,0.14444029386128354,0.16685344290873264,0.09000000000003183,0.0,0.5799999999999841,1.0,11665.0,11665.0,2021-12-29,2021-12-29 15:30:00,0.8529579986571523,224.0,1.0,best_within_2.0d,11888.0,398.7,0.5832424107187206,4.3760036431226785,32.22527881040892,0.012230020343504162,2.285057100371749,15.890706319702602,0.006381710269403211,0.500000000000013,2.180000000000007,48.0,0.005405271379336012,3.1100000000000136,64.0,0.0077923379519431075,1.0,0.00402220134195386,1.9444468750000041,16.553125,0.005470102952261012,0.0,1
11666.0,2021-12-29 15:40:00,402.0231,402.28,402.0101,402.12,382033.0,2s,2s,0.0,sell,False,0.5275229357798045,4.163492493946733,28.239017640954685,0.011578080659927173,0.041336284193040584,0.24961977354704395,0.27028791564356425,0.0006732233916181418,64.73158556779647,67.87731574668656,58.32689430344199,86.9781586331757,382033.0,3.169999999999959,1.0,2.180000000000007,48.0,0.005405271379336012,3.169999999999959,66.0,0.007942672446192676,1.0,2.5,0.041336284193040584,0.27028791564356425,0.24961977354704395,64.73158556779647,67.87731574668656,58.32689430344199,86.9781586331757,28.45654116453976,15.697828869515712,37.67326942056041,0.02410309258348714,0.06713761669170751,0.15999999999996817,0.012999999999976808,0.0969000000000051,1.0,11667.0,11667.0,2021-12-29,2021-12-29 15:40:00,0.890281508007556,361.0,1.0,best_within_2.0d,12027.0,398.54,0.5832424107187206,4.3760036431226785,32.22527881040892,0.012230020343504162,2.285057100371749,15.890706319702602,0.006381710269403211,0.5275229357798045,2.180000000000007,48.0,0.005405271379336012,3.169999999999959,66.0,0.007942672446192676,1.0,0.00402220134195386,1.9444468750000041,16.553125,0.005470102952261012,0.0,1
11667.0,2021-12-29 15:45:00,402.14,402.32,402.08,402.27,335665.0,2s,2s,0.0,sell,False,0.5458715596330248,4.163492493946733,28.239017640954685,0.011578080659927173,0.06695363540087884,0.2579889779721538,0.29146579567259323,0.0007258671273320358,66.97113608862873,76.83049119954501,64.49475993547632,101.50195372768238,335665.0,3.2099999999999795,1.0,2.180000000000007,48.0,0.005405271379336012,3.2099999999999795,67.0,0.008042895442359197,1.0,2.5,0.06695363540087884,0.29146579567259323,0.2579889779721538,66.97113608862873,76.83049119954501,64.49475993547632,101.50195372768238,25.9075868307692,15.473611540934526,36.78334230647704,0.032327050280995535,0.05968961400716502,0.05000000000001137,0.060000000000002274,0.12999999999999545,1.0,11668.0,11668.0,2021-12-29,2021-12-29 15:45:00,0.9272379247768816,360.0,1.0,best_within_2.0d,12027.0,398.54,0.5832424107187206,4.3760036431226785,32.22527881040892,0.012230020343504162,2.285057100371749,15.890706319702602,0.006381710269403211,0.5458715596330248,2.180000000000007,48.0,0.005405271379336012,3.2099999999999795,67.0,0.008042895442359197,1.0,0.00402220134195386,1.9444468750000041,16.553125,0.005470102952261012,0.0,1
11668.0,2021-12-29 15:50:00,402.26,402.459,402.0,402.115,715262.0,2s,2s,0.0,sell,False,0.6096330275229375,4.163492493946733,28.239017640954685,0.011578080659927173,0.0550127263275616,0.264865568763099,0.2923719319268798,0.0007280467506480411,62.551012668545525,74.02412299743176,67.67121428946146,86.72994041337236,715262.0,3.3489999999999895,1.0,2.180000000000007,48.0,0.005405271379336012,3.3489999999999895,68.0,0.008391170354037707,1.0,2.5,0.0550127263275616,0.2923719319268798,0.264865568763099,62.551012668545525,74.02412299743176,67.67121428946146,86.72994041337236,27.706165203063875,10.158701492201343,37.466127562941345,-0.036046338189226326,0.11417910447761273,0.19900000000001228,0.1150000000000091,0.1449999999999818,0.0,11669.0,11669.0,2021-12-29,2021-12-29 15:50:00,1.1501684841401092,362.0,1.0,best_within_2.0d,12030.0,397.49,0.5832424107187206,4.3760036431226785,32.22527881040892,0.012230020343504162,2.285057100371749,15.890706319702602,0.006381710269403211,0.6096330275229375,2.180000000000007,48.0,0.005405271379336012,3.3489999999999895,68.0,0.008391170354037707,1.0,0.00402220134195386,1.9444468750000041,16.553125,0.005470102952261012,1.0,1
11672.0,2021-12-29 16:10:00,401.65,401.66,401.37,401.42,76712.0,2,2,1.0,buy,False,0.32517169304269994,4.163492493946733,28.239017640954685,0.011578080659927173,-0.15212547262284631,0.21976518354687827,0.1437024472354551,0.00035784237481741623,46.745127636618285,25.64183454750514,42.07505413588206,-7.224604629248702,76712.0,1.0889999999999986,1.0,3.3489999999999895,68.0,0.008391170354037707,1.0889999999999986,5.0,0.0027058656906666233,2.0,2.0,-0.15212547262284631,0.1437024472354551,0.21976518354687827,46.745127636618285,25.64183454750514,42.07505413588206,-7.224604629248702,20.149969482954813,20.16304821693256,29.142245019834185,-0.057263786879113994,0.07225253506739927,0.010000000000047748,0.05000000000001137,0.22999999999996135,0.0,11673.0,11673.0,2021-12-29,2021-12-29 16:10:00,0.47827711623735336,110.0,1.0,best_within_2.0d,11782.0,403.3399,0.32517169304269994,3.3489999999999895,68.0,0.008391170354037707,1.0889999999999986,5.0,0.0027058656906666233,0.4929364202292669,5.6011759621451125,36.843533123028394,0.015614239272951093,2.82998018927445,22.52492113564669,0.007835530045022196,1.8630914826498424,0.00402220134195386,1.9444468750000041,16.553125,0.005470102952261012,0.0,0
11673.0,2021-12-29 16:15:00,401.37,401.6,401.37,401.46,1200674.0,2,2,1.0,buy,False,0.32517169304269994,4.163492493946733,28.239017640954685,0.011578080659927173,-0.17242746269265924,0.19821175071029587,0.11199801936396625,0.0002788994016554343,47.66429037493995,19.849377301641784,34.666495191135304,-9.784858477345253,1200674.0,1.0889999999999986,1.0,3.3489999999999895,68.0,0.008391170354037707,1.0889999999999986,6.0,0.0027058656906666233,2.0,2.0,-0.17242746269265924,0.11199801936396625,0.19821175071029587,47.66429037493995,19.849377301641784,34.666495191135304,-9.784858477345253,20.04075792394831,20.05376577201584,27.062973443736723,0.02242320053815058,0.0573037347086275,0.1400000000000432,0.0,0.08999999999997499,1.0,11674.0,11674.0,2021-12-29,2021-12-29 16:15:00,0.4682658297215216,109.0,1.0,best_within_2.0d,11782.0,403.3399,0.32517169304269994,3.3489999999999895,68.0,0.008391170354037707,1.0889999999999986,6.0,0.0027058656906666233,0.4929364202292669,5.6011759621451125,36.843533123028394,0.015614239272951093,2.82998018927445,22.52492113564669,0.007835530045022196,1.8630914826498424,0.00402220134195386,1.9444468750000041,16.553125,0.005470102952261012,0.0,0
11675.0,2021-12-29 16:25:00,401.43,401.55,401.3,401.35,200235.0,2,2,1.0,buy,False,0.34607345476261436,4.163492493946733,28.239017640954685,0.011578080659927173,-0.19504654653597242,0.15072681305161012,0.05320353978362391,0.00013249721009907608,45.23870892313401,11.280270800718984,22.448171302301017,-11.055530202445077,200235.0,1.1589999999999918,1.0,3.3489999999999895,68.0,0.008391170354037707,1.1589999999999918,8.0,0.0028797964513155175,2.0,2.0,-0.19504654653597242,0.05320353978362391,0.15072681305161012,45.23870892313401,11.280270800718984,22.448171302301017,-11.055530202445077,19.75337366216926,21.405304792927023,24.10008058541353,-0.0199287547019366,0.062297533017692495,0.12000000000000455,0.05000000000001137,0.07999999999998408,0.0,11676.0,11676.0,2021-12-29,2021-12-29 16:25:00,0.4958016693658845,107.0,1.0,best_within_2.0d,11782.0,403.3399,0.34607345476261436,3.3489999999999895,68.0,0.008391170354037707,1.1589999999999918,8.0,0.0028797964513155175,0.4929364202292669,5.6011759621451125,36.843533123028394,0.015614239272951093,2.82998018927445,22.52492113564669,0.007835530045022196,1.8630914826498424,0.00402220134195386,1.9444468750000041,16.553125,0.005470102952261012,1.0,0
11688.0,2021-12-29 18:00:00,401.43,401.66,401.12,401.12,43537.0,2,2,1.0,buy,False,0.39982084204240154,4.163492493946733,28.239017640954685,0.011578080659927173,-0.06356168690105907,-0.024684470833155083,-0.05646531428368462,-0.00014066399096348162,36.71249121786175,32.06119701905433,37.97702647474376,20.22953810767548,43537.0,1.3389999999999986,1.0,3.3489999999999895,68.0,0.008391170354037707,1.3389999999999986,21.0,0.003327046978698448,2.0,2.0,-0.06356168690105907,-0.05646531428368462,-0.024684470833155083,36.71249121786175,32.06119701905433,37.97702647474376,20.22953810767548,34.92063492063635,22.222222222222722,34.346151531344546,-0.07722392447002024,0.13462305544475978,0.2300000000000182,0.0,0.3100000000000023,0.0,11689.0,11689.0,2021-12-29,2021-12-29 18:00:00,0.5534254088552043,94.0,1.0,best_within_2.0d,11782.0,403.3399,0.39982084204240154,3.3489999999999895,68.0,0.008391170354037707,1.3389999999999986,21.0,0.003327046978698448,0.4929364202292669,5.6011759621451125,36.843533123028394,0.015614239272951093,2.82998018927445,22.52492113564669,0.007835530045022196,1.8630914826498424,0.00402220134195386,1.9444468750000041,16.553125,0.005470102952261012,0.0,0
11689.0,2021-12-29 18:05:00,401.11,401.23,401.1,401.1,5185.0,2,2,1.0,buy,False,0.40579277396237223,4.163492493946733,28.239017640954685,0.011578080659927173,-0.07777084388482539,-0.034405826318758256,-0.07329124826117095,-0.00018259081846991527,36.072541506604736,21.374131346036222,32.442728098507914,-0.7630621589071609,5185.0,1.3589999999999804,1.0,3.3489999999999895,68.0,0.008391170354037707,1.3589999999999804,22.0,0.0033767414817409487,2.0,2.0,-0.07777084388482539,-0.07329124826117095,-0.034405826318758256,36.072541506604736,21.374131346036222,32.442728098507914,-0.7630621589071609,38.59649122807158,15.78947368420974,34.88824669846075,-0.0024930816982849857,0.03241087010720405,0.12000000000000455,0.0,0.009999999999990905,0.0,11690.0,11690.0,2021-12-29,2021-12-29 18:05:00,0.5584392919471397,93.0,1.0,best_within_2.0d,11782.0,403.3399,0.40579277396237223,3.3489999999999895,68.0,0.008391170354037707,1.3589999999999804,22.0,0.0033767414817409487,0.4929364202292669,5.6011759621451125,36.843533123028394,0.015614239272951093,2.82998018927445,22.52492113564669,0.007835530045022196,1.8630914826498424,0.00402220134195386,1.9444468750000041,16.553125,0.005470102952261012,0.0,0
11691.0,2021-12-29 18:15:00,401.14,401.17,401.05,401.07,3699.0,2,2,1.0,buy,False,0.42072260376231596,4.163492493946733,28.239017640954685,0.011578080659927173,-0.07237136439678873,-0.051305665644732365,-0.08749134784312673,-0.00021798615332293387,37.91508157502701,16.54489105881405,25.084618913592088,-0.534564650742027,3699.0,1.4089999999999918,1.0,3.3489999999999895,68.0,0.008391170354037707,1.4089999999999918,24.0,0.0035009777393473418,2.0,2.0,-0.07237136439678873,-0.08749134784312673,-0.051305665644732365,37.91508157502701,16.54489105881405,25.084618913592088,-0.534564650742027,29.411764705884565,26.470588235294855,33.41733623758279,-0.017450266739789895,0.029921456177535107,0.03000000000002956,0.01999999999998181,0.06999999999999318,0.0,11692.0,11692.0,2021-12-29,2021-12-29 18:15:00,0.56596105418007,91.0,1.0,best_within_2.0d,11782.0,403.3399,0.42072260376231596,3.3489999999999895,68.0,0.008391170354037707,1.4089999999999918,24.0,0.0035009777393473418,0.4929364202292669,5.6011759621451125,36.843533123028394,0.015614239272951093,2.82998018927445,22.52492113564669,0.007835530045022196,1.8630914826498424,0.00402220134195386,1.9444468750000041,16.553125,0.005470102952261012,0.0,0
11692.0,2021-12-29 18:20:00,401.08,401.08,401.0,401.02,5840.0,2,2,1.0,buy,False,0.4356524335622597,4.163492493946733,28.239017640954685,0.011578080659927173,-0.0800058195418629,-0.06130639308746523,-0.10130930285839668,-0.0002524297495523614,36.41659991179129,12.04002838264275,20.736422069942307,-5.352758991956364,5840.0,1.4590000000000032,1.0,3.3489999999999895,68.0,0.008391170354037707,1.4590000000000032,25.0,0.003625213996953735,2.0,2.0,-0.0800058195418629,-0.10130930285839668,-0.06130639308746523,36.41659991179129,12.04002838264275,20.736422069942307,-5.352758991956364,29.197080291973194,26.27737226277878,31.406323498807684,-0.014959609055550582,0.019950124688275332,0.0,0.01999999999998181,0.060000000000002274,0.0,11693.0,11693.0,2021-12-29,2021-12-29 18:20:00,0.5784998254451196,90.0,1.0,best_within_2.0d,11782.0,403.3399,0.4356524335622597,3.3489999999999895,68.0,0.008391170354037707,1.4590000000000032,25.0,0.003625213996953735,0.4929364202292669,5.6011759621451125,36.843533123028394,0.015614239272951093,2.82998018927445,22.52492113564669,0.007835530045022196,1.8630914826498424,0.00402220134195386,1.9444468750000041,16.553125,0.005470102952261012,0.0,0
11693.0,2021-12-29 18:25:00,401.0,401.0099,400.82,400.92,9716.0,2,2,1.0,buy,False,0.4893998208420469,4.163492493946733,28.239017640954685,0.011578080659927173,-0.09224260625571448,-0.07283671886942954,-0.11895802199728678,-0.0002964273968995345,33.55983844842598,11.994939556683219,17.82259456552261,0.3396295390044344,9716.0,1.63900000000001,1.0,3.3489999999999895,68.0,0.008391170354037707,1.63900000000001,26.0,0.004072464524336666,2.0,2.0,-0.09224260625571448,-0.11895802199728678,-0.07283671886942954,33.55983844842598,11.994939556683219,17.82259456552261,0.3396295390044344,25.974025974027843,35.06493506493962,30.226844464698527,-0.019950124688275332,0.04737787535552687,0.009900000000016007,0.10000000000002274,0.07999999999998408,0.0,11694.0,11694.0,2021-12-29,2021-12-29 18:25:00,0.6035867504739061,89.0,1.0,best_within_2.0d,11782.0,403.3399,0.4893998208420469,3.3489999999999895,68.0,0.008391170354037707,1.63900000000001,26.0,0.004072464524336666,0.4929364202292669,5.6011759621451125,36.843533123028394,0.015614239272951093,2.82998018927445,22.52492113564669,0.007835530045022196,1.8630914826498424,0.00402220134195386,1.9444468750000041,16.553125,0.005470102952261012,1.0,0
11701.0,2021-12-29 19:05:00,400.84,400.86,400.81,400.82,4455.0,2,2,1.0,buy,False,0.49238578680203227,4.163492493946733,28.239017640954685,0.011578080659927173,-0.04559377833883005,-0.10682616995653227,-0.1296230591259473,-0.0003231133255607596,38.85892243089746,14.942126891825305,22.71742942917845,-0.6084781828809795,4455.0,1.649000000000001,1.0,3.3489999999999895,68.0,0.008391170354037707,1.649000000000001,34.0,0.004097311775857915,2.0,2.0,-0.04559377833883005,-0.1296230591259473,-0.10682616995653227,38.85892243089746,14.942126891825305,22.71742942917845,-0.6084781828809795,30.795847750865935,22.837370242216405,25.809933465157172,-0.004989522003787499,0.012474738654228032,0.020000000000038654,0.009999999999990905,0.01999999999998181,0.0,11702.0,11702.0,2021-12-29,2021-12-29 19:05:00,0.6286861933037291,81.0,1.0,best_within_2.0d,11782.0,403.3399,0.49238578680203227,3.3489999999999895,68.0,0.008391170354037707,1.649000000000001,34.0,0.004097311775857915,0.4929364202292669,5.6011759621451125,36.843533123028394,0.015614239272951093,2.82998018927445,22.52492113564669,0.007835530045022196,1.8630914826498424,0.00402220134195386,1.9444468750000041,16.553125,0.005470102952261012,0.0,0
11702.0,2021-12-29 19:10:00,400.8,400.8,400.65,400.68,9879.0,2,2,1.0,buy,False,0.5401612421618488,4.163492493946733,28.239017640954685,0.011578080659927173,-0.0669852059979604,-0.11519932070627732,-0.14869192370525752,-0.00037068003895972344,35.719554396275456,11.0725290389957,18.8357959657842,-4.454004814581296,9879.0,1.809000000000026,1.0,3.3489999999999895,68.0,0.008391170354037707,1.809000000000026,35.0,0.0044948678001983456,2.0,2.0,-0.0669852059979604,-0.14869192370525752,-0.11519932070627732,35.719554396275456,11.0725290389957,18.8357959657842,-4.454004814581296,23.809523809523704,32.539682539686225,25.073006628109134,-0.029940119760480173,0.03743916136279399,0.0,0.03000000000002956,0.12000000000000455,0.0,11703.0,11703.0,2021-12-29,2021-12-29 19:10:00,0.6638464610162707,80.0,1.0,best_within_2.0d,11782.0,403.3399,0.5401612421618488,3.3489999999999895,68.0,0.008391170354037707,1.809000000000026,35.0,0.0044948678001983456,0.4929364202292669,5.6011759621451125,36.843533123028394,0.015614239272951093,2.82998018927445,22.52492113564669,0.007835530045022196,1.8630914826498424,0.00402220134195386,1.9444468750000041,16.553125,0.005470102952261012,0.0,0
11703.0,2021-12-29 19:15:00,400.65,400.65,400.5,400.56,3110.0,2,2,1.0,buy,False,0.584950731561663,4.163492493946733,28.239017640954685,0.011578080659927173,-0.09009720212932965,-0.1264614709724435,-0.17151007203710833,-0.0004276095434170807,33.24065476883972,9.28644793075909,15.652679954109162,-3.4460161159410525,3110.0,1.9590000000000032,1.0,3.3489999999999895,68.0,0.008391170354037707,1.9590000000000032,36.0,0.004867576573017384,2.0,2.0,-0.09009720212932965,-0.17151007203710833,-0.1264614709724435,33.24065476883972,9.28644793075909,15.652679954109162,-3.4460161159410525,23.346303501945293,36.96498054475059,24.894980809051003,-0.022463496817665043,0.03745318352059357,0.0,0.060000000000002274,0.08999999999997499,0.0,11704.0,11704.0,2021-12-29,2021-12-29 19:15:00,0.6940033952466541,79.0,1.0,best_within_2.0d,11782.0,403.3399,0.584950731561663,3.3489999999999895,68.0,0.008391170354037707,1.9590000000000032,36.0,0.004867576573017384,0.4929364202292669,5.6011759621451125,36.843533123028394,0.015614239272951093,2.82998018927445,22.52492113564669,0.007835530045022196,1.8630914826498424,0.00402220134195386,1.9444468750000041,16.553125,0.005470102952261012,1.0,0
11712.0,2021-12-30 04:00:00,401.82,402.29,401.82,402.24,2672.0,2s,2s,0.0,sell,False,0.5321100917431291,4.163492493946733,28.239017640954685,0.011578080659927173,0.22780522956471475,-0.10675025545894408,0.007152359323413293,1.783354813481625e-05,74.4540811418062,86.81712155070338,72.67662100732827,115.09812263745357,2672.0,1.7900000000000205,1.0,2.180000000000007,48.0,0.005405271379336012,1.7900000000000205,10.0,0.004469413233458229,2.0,2.5,0.22780522956471475,0.007152359323413293,-0.10675025545894408,74.4540811418062,86.81712155070338,72.67662100732827,115.09812263745357,60.931899641577445,18.637992831542846,25.15563267313712,0.10452441391668307,0.11696779652581436,0.05000000000001137,0.0,0.4200000000000159,1.0,11713.0,11713.0,2021-12-30,2021-12-30 04:00:00,1.1808870326173428,318.0,1.0,best_within_2.0d,12030.0,397.49,0.5832424107187206,4.3760036431226785,32.22527881040892,0.012230020343504162,2.285057100371749,15.890706319702602,0.006381710269403211,0.5321100917431291,2.180000000000007,48.0,0.005405271379336012,1.7900000000000205,10.0,0.004469413233458229,2.0,0.00402220134195386,1.9444468750000041,16.553125,0.005470102952261012,0.0,1
11713.0,2021-12-30 04:05:00,402.38,402.39,402.37,402.37,1100.0,2s,2s,0.0,sell,False,0.5779816513761408,4.163492493946733,28.239017640954685,0.011578080659927173,0.34742458974475804,-0.06332218174084933,0.11039011313152969,0.0002751780009570651,75.76610989340105,90.83897488855118,78.7307389677359,115.0554467301817,1100.0,1.8899999999999864,1.0,2.180000000000007,48.0,0.005405271379336012,1.8899999999999864,11.0,0.004719101123595471,2.0,2.5,0.34742458974475804,0.11039011313152969,-0.06332218174084933,75.76610989340105,90.83897488855118,78.7307389677359,115.0554467301817,61.93771626297481,17.99307958477651,27.285827123509588,-0.0024852129827503617,0.004970549494242068,0.009999999999990905,0.0,0.009999999999990905,0.0,11714.0,11714.0,2021-12-30,2021-12-30 04:05:00,1.2128140765961666,317.0,1.0,best_within_2.0d,12030.0,397.49,0.5832424107187206,4.3760036431226785,32.22527881040892,0.012230020343504162,2.285057100371749,15.890706319702602,0.006381710269403211,0.5779816513761408,2.180000000000007,48.0,0.005405271379336012,1.8899999999999864,11.0,0.004719101123595471,2.0,0.00402220134195386,1.9444468750000041,16.553125,0.005470102952261012,0.0,1
11715.0,2021-12-30 04:15:00,402.4,402.4,402.4,402.4,198.0,2s,2s,0.0,sell,False,0.5825688073394394,4.163492493946733,28.239017640954685,0.011578080659927173,0.42445415121678476,0.04040230074808848,0.25262937635648086,0.0006294742589543648,76.0947065738562,95.67003535098421,87.66035199742765,111.6894020580973,198.0,1.8999999999999773,1.0,2.180000000000007,48.0,0.005405271379336012,1.8999999999999773,13.0,0.004744069912609182,2.0,2.5,0.42445415121678476,0.25262937635648086,0.04040230074808848,76.0947065738562,95.67003535098421,87.66035199742765,111.6894020580973,64.53900709219779,14.893617021277498,31.773126806369955,0.0,0.0,0.0,0.0,0.0,0.0,11716.0,11716.0,2021-12-30,2021-12-30 04:15:00,1.220178926441344,315.0,1.0,best_within_2.0d,12030.0,397.49,0.5832424107187206,4.3760036431226785,32.22527881040892,0.012230020343504162,2.285057100371749,15.890706319702602,0.006381710269403211,0.5825688073394394,2.180000000000007,48.0,0.005405271379336012,1.8999999999999773,13.0,0.004744069912609182,2.0,0.00402220134195386,1.9444468750000041,16.553125,0.005470102952261012,0.0,1
11716.0,2021-12-30 04:20:00,402.5,402.5,402.5,402.5,300.0,1p,"1p,2s",0.0,sell,False,2.0512803548189185,2.0,14.0,0.004993757802746567,0.42620972457190687,0.09367851631957684,0.3067833786055303,0.0007642447988047878,77.20428178623504,97.11335690065613,90.81135363183714,109.71736343829411,300.0,2.0,0.0,2.0,14.0,0.004993757802746567,2.0,0.0,0.0,1.0,1.0,0.42620972457190687,0.3067833786055303,0.09367851631957684,77.20428178623504,97.11335690065613,90.81135363183714,109.71736343829411,69.81818181818177,9.45454545454532,34.94267410525968,0.0,0.0,0.0,0.0,0.0,0.0,11717.0,11717.0,2021-12-30,2021-12-30 04:20:00,1.2447204968944077,314.0,1.0,best_within_2.0d,12030.0,397.49,0.5832424107187206,4.3760036431226785,32.22527881040892,0.012230020343504162,2.285057100371749,15.890706319702602,0.006381710269403211,0.6284403669724772,2.180000000000007,48.0,0.005405271379336012,2.0,14.0,0.004993757802746567,2.0,0.00402220134195386,1.9444468750000041,16.553125,0.005470102952261012,0.0,1
11716.0,2021-12-30 04:20:00,402.5,402.5,402.5,402.5,300.0,2s,"1p,2s",0.0,sell,False,2.0512803548189185,2.0,14.0,0.004993757802746567,0.42620972457190687,0.09367851631957684,0.3067833786055303,0.0007642447988047878,77.20428178623504,97.11335690065613,90.81135363183714,109.71736343829411,300.0,2.0,0.0,2.0,14.0,0.004993757802746567,2.0,0.0,0.0,1.0,1.0,0.42620972457190687,0.3067833786055303,0.09367851631957684,77.20428178623504,97.11335690065613,90.81135363183714,109.71736343829411,69.81818181818177,9.45454545454532,34.94267410525968,0.0,0.0,0.0,0.0,0.0,0.0,11717.0,11717.0,2021-12-30,2021-12-30 04:20:00,1.2447204968944077,314.0,1.0,best_within_2.0d,12030.0,397.49,0.5832424107187206,4.3760036431226785,32.22527881040892,0.012230020343504162,2.285057100371749,15.890706319702602,0.006381710269403211,0.6284403669724772,2.180000000000007,48.0,0.005405271379336012,2.0,14.0,0.004993757802746567,2.0,0.00402220134195386,1.9444468750000041,16.553125,0.005470102952261012,0.0,1
11718.0,2021-12-30 04:30:00,402.49,402.6,402.49,402.57,1059.0,1p,1p,0.0,sell,False,2.0512803548189185,2.1000000000000227,16.0,0.005243445692883952,0.37258191924106676,0.19033958885516927,0.37663054847570265,0.0009378761048590368,77.51849632487068,97.89664791835524,94.70224636574653,104.28545102357265,1059.0,2.1000000000000227,0.0,2.1000000000000227,16.0,0.005243445692883952,2.1000000000000227,0.0,0.0,1.0,1.0,0.37258191924106676,0.37663054847570265,0.19033958885516927,77.51849632487068,97.89664791835524,94.70224636574653,104.28545102357265,77.8625954198475,4.961832061068628,42.20761193634963,0.01987627021788966,0.02732987154960711,0.03000000000002956,0.0,0.07999999999998408,1.0,11719.0,11719.0,2021-12-30,2021-12-30 04:30:00,1.2618923417045445,312.0,1.0,best_within_2.0d,12030.0,397.49,0.5832424107187206,4.3760036431226785,32.22527881040892,0.012230020343504162,2.285057100371749,15.890706319702602,0.006381710269403211,0.4929364202292669,5.6011759621451125,36.843533123028394,0.015614239272951093,2.82998018927445,22.52492113564669,0.007835530045022196,1.8630914826498424,0.00402220134195386,1.9444468750000041,16.553125,0.005470102952261012,0.0,1
11719.0,2021-12-30 04:35:00,402.57,402.78,402.57,402.74,2708.0,2s,"1p,2s",0.0,sell,False,2.0512803548189185,2.2799999999999727,17.0,0.005692883895131018,0.35364994237699754,0.23454583165229398,0.41137080284079275,0.001024165938205947,79.43345203364544,97.91400459514341,95.77283244221215,102.19634890100593,2708.0,2.2799999999999727,0.0,2.2799999999999727,17.0,0.005692883895131018,2.2799999999999727,0.0,0.0,1.0,1.0,0.35364994237699754,0.41137080284079275,0.23454583165229398,79.43345203364544,97.91400459514341,95.77283244221215,102.19634890100593,79.10447761193771,4.850746268656637,45.51024282978496,0.042228680726337266,0.052164840897230176,0.03999999999996362,0.0,0.17000000000001592,1.0,11720.0,11720.0,2021-12-30,2021-12-30 04:35:00,1.303570541788747,311.0,1.0,best_within_2.0d,12030.0,397.49,0.5832424107187206,4.3760036431226785,32.22527881040892,0.012230020343504162,2.285057100371749,15.890706319702602,0.006381710269403211,0.7568807339449414,2.180000000000007,48.0,0.005405271379336012,2.2799999999999727,17.0,0.005692883895131018,2.0,0.00402220134195386,1.9444468750000041,16.553125,0.005470102952261012,0.0,1
11719.0,2021-12-30 04:35:00,402.57,402.78,402.57,402.74,2708.0,1p,"1p,2s",0.0,sell,False,2.0512803548189185,2.2799999999999727,17.0,0.005692883895131018,0.35364994237699754,0.23454583165229398,0.41137080284079275,0.001024165938205947,79.43345203364544,97.91400459514341,95.77283244221215,102.19634890100593,2708.0,2.2799999999999727,0.0,2.2799999999999727,17.0,0.005692883895131018,2.2799999999999727,0.0,0.0,1.0,1.0,0.35364994237699754,0.41137080284079275,0.23454583165229398,79.43345203364544,97.91400459514341,95.77283244221215,102.19634890100593,79.10447761193771,4.850746268656637,45.51024282978496,0.042228680726337266,0.052164840897230176,0.03999999999996362,0.0,0.17000000000001592,1.0,11720.0,11720.0,2021-12-30,2021-12-30 04:35:00,1.303570541788747,311.0,1.0,best_within_2.0d,12030.0,397.49,0.5832424107187206,4.3760036431226785,32.22527881040892,0.012230020343504162,2.285057100371749,15.890706319702602,0.006381710269403211,0.7568807339449414,2.180000000000007,48.0,0.005405271379336012,2.2799999999999727,17.0,0.005692883895131018,2.0,0.00402220134195386,1.9444468750000041,16.553125,0.005470102952261012,0.0,1
11720.0,2021-12-30 04:40:00,402.82,402.82,402.77,402.77,705.0,1p,"1p,2s",0.0,sell,False,2.0512803548189185,2.319999999999993,18.0,0.0057927590511860005,0.3227972723700595,0.2748954906985514,0.43629412688358116,0.0010859946229861673,79.76107759641135,96.94266973009522,96.16277820483984,98.502452780606,705.0,2.319999999999993,0.0,2.319999999999993,18.0,0.0057927590511860005,2.319999999999993,0.0,0.0,1.0,1.0,0.3227972723700595,0.43629412688358116,0.2748954906985514,79.76107759641135,96.94266973009522,96.16277820483984,98.502452780606,80.07662835248861,4.9808429118773025,48.56581750539234,-0.012412491931883068,0.012414032822705607,0.0,0.0,0.05000000000001137,0.0,11721.0,11721.0,2021-12-30,2021-12-30 04:40:00,1.3109218660774071,310.0,1.0,best_within_2.0d,12030.0,397.49,0.5832424107187206,4.3760036431226785,32.22527881040892,0.012230020343504162,2.285057100371749,15.890706319702602,0.006381710269403211,0.7752293577981617,2.180000000000007,48.0,0.005405271379336012,2.319999999999993,18.0,0.0057927590511860005,2.0,0.00402220134195386,1.9444468750000041,16.553125,0.005470102952261012,1.0,1
11720.0,2021-12-30 04:40:00,402.82,402.82,402.77,402.77,705.0,2s,"1p,2s",0.0,sell,False,2.0512803548189185,2.319999999999993,18.0,0.0057927590511860005,0.3227972723700595,0.2748954906985514,0.43629412688358116,0.0010859946229861673,79.76107759641135,96.94266973009522,96.16277820483984,98.502452780606,705.0,2.319999999999993,0.0,2.319999999999993,18.0,0.0057927590511860005,2.319999999999993,0.0,0.0,1.0,1.0,0.3227972723700595,0.43629412688358116,0.2748954906985514,79.76107759641135,96.94266973009522,96.16277820483984,98.502452780606,80.07662835248861,4.9808429118773025,48.56581750539234,-0.012412491931883068,0.012414032822705607,0.0,0.0,0.05000000000001137,0.0,11721.0,11721.0,2021-12-30,2021-12-30 04:40:00,1.3109218660774071,310.0,1.0,best_within_2.0d,12030.0,397.49,0.5832424107187206,4.3760036431226785,32.22527881040892,0.012230020343504162,2.285057100371749,15.890706319702602,0.006381710269403211,0.7752293577981617,2.180000000000007,48.0,0.005405271379336012,2.319999999999993,18.0,0.0057927590511860005,2.0,0.00402220134195386,1.9444468750000041,16.553125,0.005470102952261012,0.0,1
11727.0,2021-12-30 05:30:00,402.45,402.45,402.27,402.31,2000.0,2s,2s,1.0,buy,False,0.056434756643780816,4.163492493946733,28.239017640954685,0.011578080659927173,-0.06224293466119857,0.36550689186766006,0.33438542453706077,0.0008316552085379923,58.57485799740294,21.81915657118337,42.43642962210716,-19.415389530664214,2000.0,0.5500000000000114,1.0,3.3489999999999895,68.0,0.008391170354037707,0.5500000000000114,8.0,0.001365374112506855,1.0,2.5,-0.06224293466119857,0.33438542453706077,0.36550689186766006,58.57485799740294,21.81915657118337,42.43642962210716,-19.415389530664214,40.7692307692301,53.07692307692476,49.77705900522595,-0.034786930053419395,0.04474606607502594,0.0,0.040000000000020464,0.13999999999998636,0.0,11728.0,11728.0,2021-12-30,2021-12-30 05:30:00,0.2559966195222584,55.0,1.0,best_within_2.0d,11782.0,403.3399,0.5832424107187206,4.3760036431226785,32.22527881040892,0.012230020343504162,2.285057100371749,15.890706319702602,0.006381710269403211,0.056434756643780816,3.3489999999999895,68.0,0.008391170354037707,0.5500000000000114,8.0,0.001365374112506855,1.0,0.00402220134195386,1.9444468750000041,16.553125,0.005470102952261012,1.0,0
11733.0,2021-12-30 06:20:00,402.25,402.27,402.25,402.27,836.0,2s,2s,1.0,buy,False,0.06240668856375152,4.163492493946733,28.239017640954685,0.011578080659927173,-0.14136018237458736,0.28311540280356884,0.21243531161627516,0.0005281774714554266,52.928470344388145,37.44490643459654,40.8833061736757,30.56810695643823,836.0,0.5699999999999932,1.0,3.3489999999999895,68.0,0.008391170354037707,0.5699999999999932,14.0,0.0014150240802343309,1.0,2.5,-0.14136018237458736,0.21243531161627516,0.28311540280356884,52.928470344388145,37.44490643459654,40.8833061736757,30.56810695643823,19.148936170215165,65.24822695035458,39.151679921497625,0.0049720323182055465,0.0049720323182055465,0.0,0.0,0.01999999999998181,1.0,11734.0,11734.0,2021-12-30,2021-12-30 06:20:00,0.2659656449648292,49.0,1.0,best_within_2.0d,11782.0,403.3399,0.5832424107187206,4.3760036431226785,32.22527881040892,0.012230020343504162,2.285057100371749,15.890706319702602,0.006381710269403211,0.06240668856375152,3.3489999999999895,68.0,0.008391170354037707,0.5699999999999932,14.0,0.0014150240802343309,1.0,0.00402220134195386,1.9444468750000041,16.553125,0.005470102952261012,0.0,0
11734.0,2021-12-30 06:25:00,402.23,402.25,402.15,402.15,1350.0,2s,2s,1.0,buy,False,0.09226634816363896,4.163492493946733,28.239017640954685,0.011578080659927173,-0.17232535881968558,0.2615747329511081,0.17541205354126532,0.0004361309930973915,48.7319379945418,24.963270956397693,35.576627767916364,3.736557333360352,1350.0,0.6700000000000159,1.0,3.3489999999999895,68.0,0.008391170354037707,0.6700000000000159,15.0,0.0016632739188719922,1.0,2.5,-0.17232535881968558,0.17541205354126532,0.2615747329511081,48.7319379945418,24.963270956397693,35.576627767916364,3.736557333360352,15.862068965517997,70.34482758620736,40.86941706996199,-0.01988911816623348,0.02486634340420807,0.01999999999998181,0.0,0.08000000000004093,0.0,11735.0,11735.0,2021-12-30,2021-12-30 06:25:00,0.2958846201666102,48.0,1.0,best_within_2.0d,11782.0,403.3399,0.5832424107187206,4.3760036431226785,32.22527881040892,0.012230020343504162,2.285057100371749,15.890706319702602,0.006381710269403211,0.09226634816363896,3.3489999999999895,68.0,0.008391170354037707,0.6700000000000159,15.0,0.0016632739188719922,1.0,0.00402220134195386,1.9444468750000041,16.553125,0.005470102952261012,1.0,0
11748.0,2021-12-30 07:35:00,402.7,402.78,402.69,402.77,2855.0,2,2,0.0,sell,False,0.9402985074626574,4.163492493946733,28.239017640954685,0.011578080659927173,-0.018825271876100003,0.15212475527713035,0.14271211933908035,0.0003545844554012232,61.67797976027825,79.8840209871359,73.39075998458323,92.87054299224124,2855.0,0.6299999999999955,1.0,0.6700000000000159,15.0,0.0016632739188719922,0.6299999999999955,15.0,0.0015665796344647407,2.0,2.0,-0.018825271876100003,0.14271211933908035,0.15212475527713035,61.67797976027825,79.8840209871359,73.39075998458323,92.87054299224124,47.56756756756689,16.216216216215635,28.28484775999227,0.01738266699776339,0.02234969827906702,0.009999999999990905,0.009999999999990905,0.06999999999999318,1.0,11749.0,11749.0,2021-12-30,2021-12-30 07:35:00,1.3109218660774071,282.0,1.0,best_within_2.0d,12030.0,397.49,0.9402985074626574,0.6700000000000159,15.0,0.0016632739188719922,0.6299999999999955,15.0,0.0015665796344647407,0.4929364202292669,5.6011759621451125,36.843533123028394,0.015614239272951093,2.82998018927445,22.52492113564669,0.007835530045022196,1.8630914826498424,0.00402220134195386,1.9444468750000041,16.553125,0.005470102952261012,0.0,1
11749.0,2021-12-30 07:40:00,402.67,402.88,402.66,402.87,4899.0,1,1,0.0,sell,False,4.812845000494662e-07,0.7300000000000182,16.0,0.0018152430685068213,-4.00031920918531e-05,0.15211975487811885,0.15209975328207292,0.0003778817712764725,64.40746263789697,85.77633919467664,77.51928638794769,102.29044480813451,4899.0,0.7300000000000182,1.0,0.7300000000000182,16.0,0.0018152430685068213,0.7300000000000182,16.0,0.0018152430685068213,1.0,1.0,-4.00031920918531e-05,0.15209975328207292,0.15211975487811885,64.40746263789697,85.77633919467664,77.51928638794769,102.29044480813451,49.00000000000236,15.00000000000014,30.059144348564352,0.04966846300940935,0.05463666616996236,0.009999999999990905,0.009999999999990905,0.19999999999998863,1.0,11750.0,11750.0,2021-12-30,2021-12-30 07:40:00,1.3354183731724862,281.0,1.0,best_within_2.0d,12030.0,397.49,0.5832424107187206,4.3760036431226785,32.22527881040892,0.012230020343504162,2.285057100371749,15.890706319702602,0.006381710269403211,0.4929364202292669,5.6011759621451125,36.843533123028394,0.015614239272951093,2.82998018927445,22.52492113564669,0.007835530045022196,1.8630914826498424,0.00402220134195386,1.9444468750000041,16.553125,0.005470102952261012,1.0,1
11771.0,2021-12-30 09:30:00,401.31,402.14,401.01,402.128,866959.0,2s,2s,1.0,buy,False,0.43266646760227434,4.163492493946733,28.239017640954685,0.011578080659927173,-0.051093401196053184,-0.11048722011244778,-0.13603392071047438,-0.00033825722824993475,49.24284900580942,53.47512110134646,46.092063132852154,68.24123703833506,866959.0,1.8700000000000045,1.0,3.3489999999999895,68.0,0.008391170354037707,1.8700000000000045,23.0,0.004641580619539328,2.0,2.5,-0.051093401196053184,-0.13603392071047438,-0.11048722011244778,49.24284900580942,53.47512110134646,46.092063132852154,68.24123703833506,11.335012594460155,37.02770780856535,54.44155647569488,0.20383244873040385,0.2817884840777027,0.012000000000000455,0.30000000000001137,0.8179999999999836,1.0,11772.0,11772.0,2021-12-30,2021-12-30 09:30:00,0.3013717025424776,11.0,1.0,best_within_2.0d,11782.0,403.3399,0.5832424107187206,4.3760036431226785,32.22527881040892,0.012230020343504162,2.285057100371749,15.890706319702602,0.006381710269403211,0.43266646760227434,3.3489999999999895,68.0,0.008391170354037707,1.8700000000000045,23.0,0.004641580619539328,2.0,0.00402220134195386,1.9444468750000041,16.553125,0.005470102952261012,0.0,0
11773.0,2021-12-30 09:40:00,401.88,401.96,400.69,401.13,819946.0,2s,2s,1.0,buy,False,0.5282173783218904,4.163492493946733,28.239017640954685,0.011578080659927173,-0.12680007421662431,-0.13110854429571045,-0.1945085814040226,-0.00048377007088315727,34.70770160650645,48.02967524024747,49.524115075578926,45.040795569584574,819946.0,2.1899999999999977,1.0,3.3489999999999895,68.0,0.008391170354037707,2.1899999999999977,25.0,0.005435861795075451,2.0,2.5,-0.12680007421662431,-0.1945085814040226,-0.13110854429571045,34.70770160650645,48.02967524024747,49.524115075578926,45.040795569584574,8.540925266904491,43.060498220641115,54.32933253118997,-0.18662287249925352,0.31695325563402676,0.07999999999998408,0.4399999999999977,0.75,0.0,11774.0,11774.0,2021-12-30,2021-12-30 09:40:00,0.5509186548001906,9.0,1.0,best_within_2.0d,11782.0,403.3399,0.5832424107187206,4.3760036431226785,32.22527881040892,0.012230020343504162,2.285057100371749,15.890706319702602,0.006381710269403211,0.5282173783218904,3.3489999999999895,68.0,0.008391170354037707,2.1899999999999977,25.0,0.005435861795075451,2.0,0.00402220134195386,1.9444468750000041,16.553125,0.005470102952261012,1.0,0
11778.0,2021-12-30 10:05:00,402.2994,402.92,402.1,402.87,396849.0,1,1,0.0,sell,False,0.8923790574948887,2.230000000000018,6.0,0.005565399685542485,0.18541612235665028,-0.14605074547706615,-0.053342684298741005,-0.00013267518972284628,61.25882629160283,78.76776528900947,63.72248647237135,108.85832292228572,396849.0,2.230000000000018,1.0,2.230000000000018,6.0,0.005565399685542485,2.230000000000018,6.0,0.005565399685542485,1.0,1.0,0.18541612235665028,-0.053342684298741005,-0.14605074547706615,61.25882629160283,78.76776528900947,63.72248647237135,108.85832292228572,21.561338289964116,27.509293680297635,50.20625666239241,0.14183466343723433,0.20392937080328105,0.05000000000001137,0.1993999999999687,0.5706000000000131,1.0,11779.0,11779.0,2021-12-30,2021-12-30 10:05:00,1.3354183731724862,252.0,1.0,best_within_2.0d,12030.0,397.49,0.5832424107187206,4.3760036431226785,32.22527881040892,0.012230020343504162,2.285057100371749,15.890706319702602,0.006381710269403211,0.4929364202292669,5.6011759621451125,36.843533123028394,0.015614239272951093,2.82998018927445,22.52492113564669,0.007835530045022196,1.8630914826498424,0.00402220134195386,1.9444468750000041,16.553125,0.005470102952261012,0.0,1
11779.0,2021-12-30 10:10:00,402.85,403.249,402.64,403.2,275134.0,1,1,0.0,sell,False,1.4806403593294015,2.559000000000026,7.0,0.006386483316279483,0.3076434747385243,-0.1075953111347506,0.046226426234511564,0.00011495120826897085,64.51314449805946,85.20690670172554,70.88395988215608,113.85280034086449,275134.0,2.559000000000026,1.0,2.559000000000026,7.0,0.006386483316279483,2.559000000000026,7.0,0.006386483316279483,1.0,1.0,0.3076434747385243,0.046226426234511564,-0.1075953111347506,64.51314449805946,85.20690670172554,70.88395988215608,113.85280034086449,24.633884986309102,24.883914751756198,46.656161834327634,0.08688097306688988,0.15125173852573945,0.049000000000035016,0.21000000000003638,0.3499999999999659,1.0,11780.0,11780.0,2021-12-30,2021-12-30 10:10:00,1.41617063492063,251.0,1.0,best_within_2.0d,12030.0,397.49,0.5832424107187206,4.3760036431226785,32.22527881040892,0.012230020343504162,2.285057100371749,15.890706319702602,0.006381710269403211,0.4929364202292669,5.6011759621451125,36.843533123028394,0.015614239272951093,2.82998018927445,22.52492113564669,0.007835530045022196,1.8630914826498424,0.00402220134195386,1.9444468750000041,16.553125,0.005470102952261012,0.0,1
11780.0,2021-12-30 10:15:00,403.218,403.41,402.9512,403.27,434260.0,1,1,0.0,sell,False,1.824175854678293,2.7200000000000273,8.0,0.006788290199406093,0.3790223567332175,-0.06021751654309841,0.12929366182351032,0.00032144748551440064,65.1812864575694,88.42225152664004,76.73005709698407,111.806640385952,434260.0,2.7200000000000273,1.0,2.7200000000000273,8.0,0.006788290199406093,2.7200000000000273,8.0,0.006788290199406093,1.0,1.0,0.3790223567332175,0.12929366182351032,-0.06021751654309841,65.1812864575694,88.42225152664004,76.73005709698407,111.806640385952,25.521298267299287,23.91906429536012,43.55506032764301,0.01289624967138473,0.11385994135271305,0.1400000000000432,0.2668000000000461,0.051999999999964075,1.0,11781.0,11781.0,2021-12-30,2021-12-30 10:15:00,1.433282912192817,250.0,1.0,best_within_2.0d,12030.0,397.49,0.5832424107187206,4.3760036431226785,32.22527881040892,0.012230020343504162,2.285057100371749,15.890706319702602,0.006381710269403211,0.4929364202292669,5.6011759621451125,36.843533123028394,0.015614239272951093,2.82998018927445,22.52492113564669,0.007835530045022196,1.8630914826498424,0.00402220134195386,1.9444468750000041,16.553125,0.005470102952261012,0.0,1
11782.0,2021-12-30 10:25:00,403.19,403.5699,403.09,403.3399,281559.0,1,1,0.0,sell,False,1.9480075127941074,2.8799000000000206,10.0,0.007187351818113805,0.40475176586717754,0.040042971994486906,0.2424188549280757,0.000602471965552775,65.44413830044434,90.35954381993152,84.18443345543733,102.7097645489199,281559.0,2.8799000000000206,1.0,2.8799000000000206,10.0,0.007187351818113805,2.8799000000000206,10.0,0.007187351818113805,1.0,1.0,0.40475176586717754,0.2424188549280757,0.040042971994486906,65.44413830044434,90.35954381993152,84.18443345543733,102.7097645489199,24.842422730182392,22.795274309208672,37.891620509168135,0.03717850145092943,0.11905529782431797,0.2300000000000182,0.10000000000002274,0.14990000000000236,1.0,11783.0,11783.0,2021-12-30,2021-12-30 10:25:00,1.450364816374475,248.0,1.0,best_within_2.0d,12030.0,397.49,0.5832424107187206,4.3760036431226785,32.22527881040892,0.012230020343504162,2.285057100371749,15.890706319702602,0.006381710269403211,0.4929364202292669,5.6011759621451125,36.843533123028394,0.015614239272951093,2.82998018927445,22.52492113564669,0.007835530045022196,1.8630914826498424,0.00402220134195386,1.9444468750000041,16.553125,0.005470102952261012,1.0,1
11788.0,2021-12-30 10:55:00,403.11,403.17,402.5909,402.62,249321.0,3a,3a,1.0,buy,False,0.000768370011189919,4.163492493946733,28.239017640954685,0.011578080659927173,0.06681804757985998,0.2161576954000129,0.2495667191899429,0.0006198572860072416,50.206789551010125,47.39187247629476,67.91378676433831,6.348043900207642,249321.0,0.9790000000000418,2.0,0.9790000000000418,7.0,0.002425849896139533,0.9790000000000418,7.0,0.002425849896139533,3.0,3.0,0.06681804757985998,0.2495667191899429,0.2161576954000129,50.206789551010125,47.39187247629476,67.91378676433831,6.348043900207642,33.21893385630238,8.770131336541535,40.172154467476666,-0.12155491057031803,0.14384329104310095,0.060000000000002274,0.029100000000028103,0.4900000000000091,0.0,11789.0,11789.0,2021-12-30,2021-12-30 10:55:00,0.16641001440564698,13.0,1.0,best_within_2.0d,11801.0,403.29,0.5832424107187206,4.3760036431226785,32.22527881040892,0.012230020343504162,2.285057100371749,15.890706319702602,0.006381710269403211,0.4929364202292669,5.6011759621451125,36.843533123028394,0.015614239272951093,2.82998018927445,22.52492113564669,0.007835530045022196,1.8630914826498424,0.000768370011189919,0.9790000000000418,7.0,0.002425849896139533,0.0,0
11789.0,2021-12-30 11:00:00,402.61,402.68,402.4114,402.61,258218.0,2s,2s,1.0,buy,False,0.01421319796953977,4.163492493946733,28.239017640954685,0.011578080659927173,-0.009208154474457053,0.21500667609070576,0.21040259885347723,0.0005225849652455211,50.0268038005248,37.308867365148835,57.712146964608486,-3.4976918337704745,258218.0,1.1585000000000036,1.0,3.3489999999999895,68.0,0.008391170354037707,1.1585000000000036,8.0,0.0028706303418565247,3.0,2.5,-0.009208154474457053,0.21040259885347723,0.21500667609070576,50.0268038005248,37.308867365148835,57.712146964608486,-3.4976918337704745,32.47360193957899,12.278686955687865,40.52600011360048,0.0,0.06674761202092987,0.06999999999999318,0.198599999999999,0.0,0.0,11790.0,11790.0,2021-12-30,2021-12-30 11:00:00,0.16889794093539823,12.0,1.0,best_within_2.0d,11801.0,403.29,0.5832424107187206,4.3760036431226785,32.22527881040892,0.012230020343504162,2.285057100371749,15.890706319702602,0.006381710269403211,0.01421319796953977,3.3489999999999895,68.0,0.008391170354037707,1.1585000000000036,8.0,0.0028706303418565247,3.0,0.00402220134195386,1.9444468750000041,16.553125,0.005470102952261012,1.0,0
11794.0,2021-12-30 11:25:00,402.86,403.19,402.83,403.04,121795.0,2,2,0.0,sell,False,0.6720759602934663,4.163492493946733,28.239017640954685,0.011578080659927173,-0.0438023556337071,0.1742763621248812,0.15237518430802766,0.00037839759531431893,57.50700811802308,47.526163597561876,41.9304555086845,58.71757977531661,121795.0,0.7785999999999831,1.0,1.1585000000000036,8.0,0.0028706303418565247,0.7785999999999831,6.0,0.001934835842125703,2.0,2.0,-0.0438023556337071,0.15237518430802766,0.1742763621248812,57.50700811802308,47.526163597561876,41.9304555086845,58.71757977531661,20.07072862335929,18.369685474945776,34.33347861196107,0.04468053418061034,0.08936772335725086,0.14999999999997726,0.03000000000002956,0.18000000000000682,1.0,11795.0,11795.0,2021-12-30,2021-12-30 11:25:00,1.3770345375148896,236.0,1.0,best_within_2.0d,12030.0,397.49,0.6720759602934663,1.1585000000000036,8.0,0.0028706303418565247,0.7785999999999831,6.0,0.001934835842125703,0.4929364202292669,5.6011759621451125,36.843533123028394,0.015614239272951093,2.82998018927445,22.52492113564669,0.007835530045022196,1.8630914826498424,0.00402220134195386,1.9444468750000041,16.553125,0.005470102952261012,1.0,1
11801.0,2021-12-30 12:00:00,403.0,403.36,402.97,403.29,140806.0,2,2,0.0,sell,False,0.8188174363400915,4.163492493946733,28.239017640954685,0.011578080659927173,0.006738070373194821,0.1233428225307986,0.12671185771739601,0.0003145951396945798,60.721796453788684,66.81636801384494,54.52372381281826,91.40165641589829,140806.0,0.948599999999999,1.0,1.1585000000000036,8.0,0.0028706303418565247,0.948599999999999,13.0,0.002357289082764551,2.0,2.0,0.006738070373194821,0.12671185771739601,0.1233428225307986,60.721796453788684,66.81636801384494,54.52372381281826,91.40165641589829,24.978234733219587,23.724140790182606,26.82517804274453,0.07196029776675446,0.09678139811896327,0.06999999999999318,0.029999999999972715,0.29000000000002046,1.0,11802.0,11802.0,2021-12-30,2021-12-30 12:00:00,1.43817104316993,229.0,1.0,best_within_2.0d,12030.0,397.49,0.8188174363400915,1.1585000000000036,8.0,0.0028706303418565247,0.948599999999999,13.0,0.002357289082764551,0.4929364202292669,5.6011759621451125,36.843533123028394,0.015614239272951093,2.82998018927445,22.52492113564669,0.007835530045022196,1.8630914826498424,0.00402220134195386,1.9444468750000041,16.553125,0.005470102952261012,0.0,1
11802.0,2021-12-30 12:05:00,403.28,403.37,403.0315,403.0699,150894.0,2,2,0.0,sell,False,0.8274492878722373,4.163492493946733,28.239017640954685,0.011578080659927173,0.011514800281548165,0.12478217256599211,0.1305395727067662,0.00032408101284646477,55.677504283954235,66.05190976310251,58.36645246291301,81.42282436348152,150894.0,0.9585999999999899,1.0,1.1585000000000036,8.0,0.0028706303418565247,0.9585999999999899,14.0,0.002382139273390341,2.0,2.0,0.011514800281548165,0.1305395727067662,0.12478217256599211,55.677504283954235,66.05190976310251,58.36645246291301,81.42282436348152,26.507548651714323,15.607819181429223,26.757711503843844,-0.052097798055929984,0.08398847236506587,0.09000000000003183,0.03840000000002419,0.21009999999995443,0.0,11803.0,11803.0,2021-12-30,2021-12-30 12:05:00,1.3843504563352433,228.0,1.0,best_within_2.0d,12030.0,397.49,0.8274492878722373,1.1585000000000036,8.0,0.0028706303418565247,0.9585999999999899,14.0,0.002382139273390341,0.4929364202292669,5.6011759621451125,36.843533123028394,0.015614239272951093,2.82998018927445,22.52492113564669,0.007835530045022196,1.8630914826498424,0.00402220134195386,1.9444468750000041,16.553125,0.005470102952261012,1.0,1
11825.0,2021-12-30 14:00:00,402.78,402.8,402.06,402.22,333073.0,1p,"1p,2s",1.0,buy,False,12.569955324244267,1.3100000000000023,24.0,0.003247638644420761,-0.11574734735819753,0.015221792633867998,-0.042651881045230766,-0.00010587867411701104,35.1418350596101,35.69641356723979,46.23048283421927,14.628275033280815,333073.0,1.3100000000000023,0.0,1.3100000000000023,24.0,0.003247638644420761,1.3100000000000023,0.0,0.0,1.0,1.0,-0.11574734735819753,-0.042651881045230766,0.015221792633867998,35.1418350596101,35.69641356723979,46.23048283421927,14.628275033280815,10.741951101427055,35.10045993706028,23.891077765557416,-0.1390337156760379,0.1840521315226606,0.020000000000038654,0.160000000000025,0.5599999999999454,0.0,11826.0,11826.0,2021-12-30,2021-12-30 14:00:00,-0.46740589727016363,121.0,1.0,best_within_2.0d,11946.0,400.34,0.5832424107187206,4.3760036431226785,32.22527881040892,0.012230020343504162,2.285057100371749,15.890706319702602,0.006381710269403211,0.11914004180352408,3.3489999999999895,68.0,0.008391170354037707,1.3100000000000023,24.0,0.003247638644420761,4.0,0.00402220134195386,1.9444468750000041,16.553125,0.005470102952261012,0.0,0
11825.0,2021-12-30 14:00:00,402.78,402.8,402.06,402.22,333073.0,2s,"1p,2s",1.0,buy,False,12.569955324244267,1.3100000000000023,24.0,0.003247638644420761,-0.11574734735819753,0.015221792633867998,-0.042651881045230766,-0.00010587867411701104,35.1418350596101,35.69641356723979,46.23048283421927,14.628275033280815,333073.0,1.3100000000000023,0.0,1.3100000000000023,24.0,0.003247638644420761,1.3100000000000023,0.0,0.0,1.0,1.0,-0.11574734735819753,-0.042651881045230766,0.015221792633867998,35.1418350596101,35.69641356723979,46.23048283421927,14.628275033280815,10.741951101427055,35.10045993706028,23.891077765557416,-0.1390337156760379,0.1840521315226606,0.020000000000038654,0.160000000000025,0.5599999999999454,0.0,11826.0,11826.0,2021-12-30,2021-12-30 14:00:00,-0.46740589727016363,121.0,1.0,best_within_2.0d,11946.0,400.34,0.5832424107187206,4.3760036431226785,32.22527881040892,0.012230020343504162,2.285057100371749,15.890706319702602,0.006381710269403211,0.11914004180352408,3.3489999999999895,68.0,0.008391170354037707,1.3100000000000023,24.0,0.003247638644420761,4.0,0.00402220134195386,1.9444468750000041,16.553125,0.005470102952261012,0.0,0
11826.0,2021-12-30 14:05:00,402.23,402.42,402.055,402.37,225366.0,1p,"1p,2s",1.0,buy,False,15.393270898336182,1.3149999999999977,25.0,0.0032600342117658668,-0.14174515562613368,-0.002496351819398712,-0.07336892963246555,-0.00018214607152783173,39.51498706656858,33.56505090529167,42.008672191243406,16.6778083333882,225366.0,1.3149999999999977,0.0,1.3149999999999977,25.0,0.0032600342117658668,1.3149999999999977,0.0,0.0,1.0,1.0,-0.14174515562613368,-0.07336892963246555,-0.002496351819398712,39.51498706656858,33.56505090529167,42.008672191243406,16.6778083333882,9.182736455463514,33.430899908171526,26.24902627532878,0.03480595679088739,0.09078359925881015,0.05000000000001137,0.17500000000001137,0.13999999999998636,1.0,11827.0,11827.0,2021-12-30,2021-12-30 14:05:00,-0.5045107736660361,120.0,1.0,best_within_2.0d,11946.0,400.34,0.5832424107187206,4.3760036431226785,32.22527881040892,0.012230020343504162,2.285057100371749,15.890706319702602,0.006381710269403211,0.12063302478351676,3.3489999999999895,68.0,0.008391170354037707,1.3149999999999977,25.0,0.0032600342117658668,4.0,0.00402220134195386,1.9444468750000041,16.553125,0.005470102952261012,1.0,0
11826.0,2021-12-30 14:05:00,402.23,402.42,402.055,402.37,225366.0,2s,"1p,2s",1.0,buy,False,15.393270898336182,1.3149999999999977,25.0,0.0032600342117658668,-0.14174515562613368,-0.002496351819398712,-0.07336892963246555,-0.00018214607152783173,39.51498706656858,33.56505090529167,42.008672191243406,16.6778083333882,225366.0,1.3149999999999977,0.0,1.3149999999999977,25.0,0.0032600342117658668,1.3149999999999977,0.0,0.0,1.0,1.0,-0.14174515562613368,-0.07336892963246555,-0.002496351819398712,39.51498706656858,33.56505090529167,42.008672191243406,16.6778083333882,9.182736455463514,33.430899908171526,26.24902627532878,0.03480595679088739,0.09078359925881015,0.05000000000001137,0.17500000000001137,0.13999999999998636,1.0,11827.0,11827.0,2021-12-30,2021-12-30 14:05:00,-0.5045107736660361,120.0,1.0,best_within_2.0d,11946.0,400.34,0.5832424107187206,4.3760036431226785,32.22527881040892,0.012230020343504162,2.285057100371749,15.890706319702602,0.006381710269403211,0.12063302478351676,3.3489999999999895,68.0,0.008391170354037707,1.3149999999999977,25.0,0.0032600342117658668,4.0,0.00402220134195386,1.9444468750000041,16.553125,0.005470102952261012,0.0,0
11838.0,2021-12-30 15:05:00,402.31,402.37,402.0106,402.0106,202061.0,1p,1p,1.0,buy,False,16.179110572037892,1.3593999999999937,37.0,0.003370106849790499,-0.07292154846414683,-0.09795432151201541,-0.13441509574408883,-0.00033388777342582555,35.48836139906099,30.528094101993098,44.95099123848337,1.6822998290125497,202061.0,1.3593999999999937,0.0,1.3593999999999937,37.0,0.003370106849790499,1.3593999999999937,0.0,0.0,1.0,1.0,-0.07292154846414683,-0.13441509574408883,-0.09795432151201541,35.48836139906099,30.528094101993098,44.95099123848337,1.6822998290125497,9.740943555181355,33.55096882897987,37.1116652590073,-0.0744202232109546,0.08940062774464,0.060000000000002274,0.0,0.29939999999999145,0.0,11839.0,11839.0,2021-12-30,2021-12-30 15:05:00,-0.41556118172009293,108.0,1.0,best_within_2.0d,11946.0,400.34,0.5832424107187206,4.3760036431226785,32.22527881040892,0.012230020343504162,2.285057100371749,15.890706319702602,0.006381710269403211,0.4929364202292669,5.6011759621451125,36.843533123028394,0.015614239272951093,2.82998018927445,22.52492113564669,0.007835530045022196,1.8630914826498424,0.00402220134195386,1.9444468750000041,16.553125,0.005470102952261012,0.0,0
11839.0,2021-12-30 15:10:00,402.011,402.05,401.71,401.845,275135.0,1p,"1p,2s",1.0,buy,False,16.179110572037892,1.660000000000025,38.0,0.004115328358579034,-0.11851038247114815,-0.11276811932090894,-0.172023310556483,-0.00042736422479987474,32.73292500357282,24.76382744054581,38.22193663917085,-2.1523909567042665,275135.0,1.660000000000025,0.0,1.660000000000025,38.0,0.004115328358579034,1.660000000000025,0.0,0.0,1.0,1.0,-0.11851038247114815,-0.172023310556483,-0.11276811932090894,32.73292500357282,24.76382744054581,38.22193663917085,-2.1523909567042665,10.887476459510552,27.807203389830466,37.58413457918136,-0.04129240244669843,0.08463817181549671,0.03899999999998727,0.13500000000004775,0.16599999999999682,0.0,11840.0,11840.0,2021-12-30,2021-12-30 15:10:00,-0.37452251490003663,107.0,1.0,best_within_2.0d,11946.0,400.34,0.5832424107187206,4.3760036431226785,32.22527881040892,0.012230020343504162,2.285057100371749,15.890706319702602,0.006381710269403211,0.22364885040311316,3.3489999999999895,68.0,0.008391170354037707,1.660000000000025,38.0,0.004115328358579034,4.0,0.00402220134195386,1.9444468750000041,16.553125,0.005470102952261012,1.0,0
11839.0,2021-12-30 15:10:00,402.011,402.05,401.71,401.845,275135.0,2s,"1p,2s",1.0,buy,False,16.179110572037892,1.660000000000025,38.0,0.004115328358579034,-0.11851038247114815,-0.11276811932090894,-0.172023310556483,-0.00042736422479987474,32.73292500357282,24.76382744054581,38.22193663917085,-2.1523909567042665,275135.0,1.660000000000025,0.0,1.660000000000025,38.0,0.004115328358579034,1.660000000000025,0.0,0.0,1.0,1.0,-0.11851038247114815,-0.172023310556483,-0.11276811932090894,32.73292500357282,24.76382744054581,38.22193663917085,-2.1523909567042665,10.887476459510552,27.807203389830466,37.58413457918136,-0.04129240244669843,0.08463817181549671,0.03899999999998727,0.13500000000004775,0.16599999999999682,0.0,11840.0,11840.0,2021-12-30,2021-12-30 15:10:00,-0.37452251490003663,107.0,1.0,best_within_2.0d,11946.0,400.34,0.5832424107187206,4.3760036431226785,32.22527881040892,0.012230020343504162,2.285057100371749,15.890706319702602,0.006381710269403211,0.22364885040311316,3.3489999999999895,68.0,0.008391170354037707,1.660000000000025,38.0,0.004115328358579034,4.0,0.00402220134195386,1.9444468750000041,16.553125,0.005470102952261012,0.0,0
11844.0,2021-12-30 15:35:00,401.74,401.82,401.38,401.41,339013.0,1p,1p,1.0,buy,False,17.730046189807197,1.990000000000009,43.0,0.004933435803356742,-0.16326277715962234,-0.19441904140046212,-0.2760504299802733,-0.0006862159336217375,27.38062392049885,10.886337101252714,19.180491166568814,-5.701971029379486,339013.0,1.990000000000009,0.0,1.990000000000009,43.0,0.004933435803356742,1.990000000000009,0.0,0.0,1.0,1.0,-0.16326277715962234,-0.2760504299802733,-0.19441904140046212,27.38062392049885,10.886337101252714,19.180491166568814,-5.701971029379486,4.602805003518759,36.68706341040885,43.612442897572656,-0.08214267934484594,0.10962180477353076,0.07999999999998408,0.03000000000002956,0.3299999999999841,0.0,11845.0,11845.0,2021-12-30,2021-12-30 15:35:00,-0.2665603746792681,102.0,1.0,best_within_2.0d,11946.0,400.34,0.5832424107187206,4.3760036431226785,32.22527881040892,0.012230020343504162,2.285057100371749,15.890706319702602,0.006381710269403211,0.4929364202292669,5.6011759621451125,36.843533123028394,0.015614239272951093,2.82998018927445,22.52492113564669,0.007835530045022196,1.8630914826498424,0.00402220134195386,1.9444468750000041,16.553125,0.005470102952261012,0.0,0
11845.0,2021-12-30 15:40:00,401.42,401.43,400.94,401.01,352384.0,1p,"1p,2s",1.0,buy,False,24.39770487962438,2.430000000000007,44.0,0.006024245729727066,-0.22466027512428388,-0.2225015757909976,-0.33483171335313955,-0.0008325311036283202,22.719467710690736,8.734351316446828,15.698444549861485,-5.193835150382483,352384.0,2.430000000000007,0.0,2.430000000000007,44.0,0.006024245729727066,2.430000000000007,0.0,0.0,1.0,1.0,-0.22466027512428388,-0.33483171335313955,-0.2225015757909976,22.719467710690736,8.734351316446828,15.698444549861485,-5.193835150382483,4.214806366835926,44.5033966380728,46.404211334732864,-0.1021374121867433,0.12221279992018982,0.009999999999990905,0.06999999999999318,0.410000000000025,0.0,11846.0,11846.0,2021-12-30,2021-12-30 15:40:00,-0.16707812772749206,101.0,1.0,best_within_2.0d,11946.0,400.34,0.5832424107187206,4.3760036431226785,32.22527881040892,0.012230020343504162,2.285057100371749,15.890706319702602,0.006381710269403211,0.45356822932218877,3.3489999999999895,68.0,0.008391170354037707,2.430000000000007,44.0,0.006024245729727066,4.0,0.00402220134195386,1.9444468750000041,16.553125,0.005470102952261012,0.0,0
11845.0,2021-12-30 15:40:00,401.42,401.43,400.94,401.01,352384.0,2s,"1p,2s",1.0,buy,False,24.39770487962438,2.430000000000007,44.0,0.006024245729727066,-0.22466027512428388,-0.2225015757909976,-0.33483171335313955,-0.0008325311036283202,22.719467710690736,8.734351316446828,15.698444549861485,-5.193835150382483,352384.0,2.430000000000007,0.0,2.430000000000007,44.0,0.006024245729727066,2.430000000000007,0.0,0.0,1.0,1.0,-0.22466027512428388,-0.33483171335313955,-0.2225015757909976,22.719467710690736,8.734351316446828,15.698444549861485,-5.193835150382483,4.214806366835926,44.5033966380728,46.404211334732864,-0.1021374121867433,0.12221279992018982,0.009999999999990905,0.06999999999999318,0.410000000000025,0.0,11846.0,11846.0,2021-12-30,2021-12-30 15:40:00,-0.16707812772749206,101.0,1.0,best_within_2.0d,11946.0,400.34,0.5832424107187206,4.3760036431226785,32.22527881040892,0.012230020343504162,2.285057100371749,15.890706319702602,0.006381710269403211,0.45356822932218877,3.3489999999999895,68.0,0.008391170354037707,2.430000000000007,44.0,0.006024245729727066,4.0,0.00402220134195386,1.9444468750000041,16.553125,0.005470102952261012,0.0,0
11846.0,2021-12-30 15:45:00,401.01,401.09,400.5688,400.825,546849.0,1p,"1p,2s",1.0,buy,False,29.421591475384986,2.8011999999999944,45.0,0.00694449264942855,-0.2709215013488613,-0.2563667634596053,-0.39182751413403594,-0.0009744905392983033,20.943647261277448,10.564184466349467,13.987024522024143,3.718504355000114,546849.0,2.8011999999999944,0.0,2.8011999999999944,45.0,0.00694449264942855,2.8011999999999944,0.0,0.0,1.0,1.0,-0.2709215013488613,-0.39182751413403594,-0.2563667634596053,20.943647261277448,10.564184466349467,13.987024522024143,3.718504355000114,3.8816330258462406,49.11864097177947,49.18622509146663,-0.04613351287997862,0.13011497650340337,0.07999999999998408,0.25619999999997844,0.18500000000000227,0.0,11847.0,11847.0,2021-12-30,2021-12-30 15:45:00,-0.12100043659951691,100.0,1.0,best_within_2.0d,11946.0,400.34,0.5832424107187206,4.3760036431226785,32.22527881040892,0.012230020343504162,2.285057100371749,15.890706319702602,0.006381710269403211,0.564407285756942,3.3489999999999895,68.0,0.008391170354037707,2.8011999999999944,45.0,0.00694449264942855,4.0,0.00402220134195386,1.9444468750000041,16.553125,0.005470102952261012,0.0,0
11846.0,2021-12-30 15:45:00,401.01,401.09,400.5688,400.825,546849.0,2s,"1p,2s",1.0,buy,False,29.421591475384986,2.8011999999999944,45.0,0.00694449264942855,-0.2709215013488613,-0.2563667634596053,-0.39182751413403594,-0.0009744905392983033,20.943647261277448,10.564184466349467,13.987024522024143,3.718504355000114,546849.0,2.8011999999999944,0.0,2.8011999999999944,45.0,0.00694449264942855,2.8011999999999944,0.0,0.0,1.0,1.0,-0.2709215013488613,-0.39182751413403594,-0.2563667634596053,20.943647261277448,10.564184466349467,13.987024522024143,3.718504355000114,3.8816330258462406,49.11864097177947,49.18622509146663,-0.04613351287997862,0.13011497650340337,0.07999999999998408,0.25619999999997844,0.18500000000000227,0.0,11847.0,11847.0,2021-12-30,2021-12-30 15:45:00,-0.12100043659951691,100.0,1.0,best_within_2.0d,11946.0,400.34,0.5832424107187206,4.3760036431226785,32.22527881040892,0.012230020343504162,2.285057100371749,15.890706319702602,0.006381710269403211,0.564407285756942,3.3489999999999895,68.0,0.008391170354037707,2.8011999999999944,45.0,0.00694449264942855,4.0,0.00402220134195386,1.9444468750000041,16.553125,0.005470102952261012,0.0,0
11847.0,2021-12-30 15:50:00,400.82,400.82,400.08,400.36,861616.0,1p,"1p,2s",1.0,buy,False,36.96584662622002,3.2900000000000205,46.0,0.00815628331308729,-0.34039092259798365,-0.29891562878435324,-0.46911109008334506,-0.0011670686195580807,17.286281537439976,11.663251690437997,13.212433578162095,8.564887914989804,861616.0,3.2900000000000205,0.0,3.2900000000000205,46.0,0.00815628331308729,3.2900000000000205,0.0,0.0,1.0,1.0,-0.34039092259798365,-0.46911109008334506,-0.29891562878435324,17.286281537439976,11.663251690437997,13.212433578162095,8.564887914989804,0.8057043870596702,53.17648954598747,52.60256082587166,-0.1147647322987824,0.1849630073985226,0.0,0.28000000000002956,0.45999999999997954,0.0,11848.0,11848.0,2021-12-30,2021-12-30 15:50:00,-0.0049955040463679325,99.0,1.0,best_within_2.0d,11946.0,400.34,0.5832424107187206,4.3760036431226785,32.22527881040892,0.012230020343504162,2.285057100371749,15.890706319702602,0.006381710269403211,0.7103613018811665,3.3489999999999895,68.0,0.008391170354037707,3.2900000000000205,46.0,0.00815628331308729,4.0,0.00402220134195386,1.9444468750000041,16.553125,0.005470102952261012,0.0,0
11847.0,2021-12-30 15:50:00,400.82,400.82,400.08,400.36,861616.0,2s,"1p,2s",1.0,buy,False,36.96584662622002,3.2900000000000205,46.0,0.00815628331308729,-0.34039092259798365,-0.29891562878435324,-0.46911109008334506,-0.0011670686195580807,17.286281537439976,11.663251690437997,13.212433578162095,8.564887914989804,861616.0,3.2900000000000205,0.0,3.2900000000000205,46.0,0.00815628331308729,3.2900000000000205,0.0,0.0,1.0,1.0,-0.34039092259798365,-0.46911109008334506,-0.29891562878435324,17.286281537439976,11.663251690437997,13.212433578162095,8.564887914989804,0.8057043870596702,53.17648954598747,52.60256082587166,-0.1147647322987824,0.1849630073985226,0.0,0.28000000000002956,0.45999999999997954,0.0,11848.0,11848.0,2021-12-30,2021-12-30 15:50:00,-0.0049955040463679325,99.0,1.0,best_within_2.0d,11946.0,400.34,0.5832424107187206,4.3760036431226785,32.22527881040892,0.012230020343504162,2.285057100371749,15.890706319702602,0.006381710269403211,0.7103613018811665,3.3489999999999895,68.0,0.008391170354037707,3.2900000000000205,46.0,0.00815628331308729,4.0,0.00402220134195386,1.9444468750000041,16.553125,0.005470102952261012,0.0,0
11848.0,2021-12-30 15:55:00,400.35,400.46,399.75,400.14,1557083.0,2s,"1p,2s",1.0,buy,False,42.21414764953327,3.6200000000000045,47.0,0.008974390757864999,-0.3887186139792054,-0.34750545553175394,-0.5418647625213566,-0.0013485188613097188,15.873893742838874,13.307416020575438,13.244094392299875,13.434059277126565,1557083.0,3.6200000000000045,0.0,3.6200000000000045,47.0,0.008974390757864999,3.6200000000000045,0.0,0.0,1.0,1.0,-0.3887186139792054,-0.5418647625213566,-0.34750545553175394,15.873893742838874,13.307416020575438,13.244094392299875,13.434059277126565,0.7360247304302899,52.99378059103004,55.792397479209775,-0.052454102660181426,0.17761100687929443,0.1099999999999568,0.38999999999998636,0.21000000000003638,0.0,11849.0,11849.0,2021-12-30,2021-12-30 15:55:00,0.04998250612285416,98.0,1.0,best_within_2.0d,11946.0,400.34,0.5832424107187206,4.3760036431226785,32.22527881040892,0.012230020343504162,2.285057100371749,15.890706319702602,0.006381710269403211,0.8088981785607678,3.3489999999999895,68.0,0.008391170354037707,3.6200000000000045,47.0,0.008974390757864999,4.0,0.00402220134195386,1.9444468750000041,16.553125,0.005470102952261012,0.0,0
11848.0,2021-12-30 15:55:00,400.35,400.46,399.75,400.14,1557083.0,1p,"1p,2s",1.0,buy,False,42.21414764953327,3.6200000000000045,47.0,0.008974390757864999,-0.3887186139792054,-0.34750545553175394,-0.5418647625213566,-0.0013485188613097188,15.873893742838874,13.307416020575438,13.244094392299875,13.434059277126565,1557083.0,3.6200000000000045,0.0,3.6200000000000045,47.0,0.008974390757864999,3.6200000000000045,0.0,0.0,1.0,1.0,-0.3887186139792054,-0.5418647625213566,-0.34750545553175394,15.873893742838874,13.307416020575438,13.244094392299875,13.434059277126565,0.7360247304302899,52.99378059103004,55.792397479209775,-0.052454102660181426,0.17761100687929443,0.1099999999999568,0.38999999999998636,0.21000000000003638,0.0,11849.0,11849.0,2021-12-30,2021-12-30 15:55:00,0.04998250612285416,98.0,1.0,best_within_2.0d,11946.0,400.34,0.5832424107187206,4.3760036431226785,32.22527881040892,0.012230020343504162,2.285057100371749,15.890706319702602,0.006381710269403211,0.8088981785607678,3.3489999999999895,68.0,0.008391170354037707,3.6200000000000045,47.0,0.008974390757864999,4.0,0.00402220134195386,1.9444468750000041,16.553125,0.005470102952261012,1.0,0
11887.0,2021-12-30 19:20:00,399.9,399.9,399.41,399.41,10004.0,1p,1p,1.0,buy,False,42.21414764961266,3.9599999999999795,86.0,0.009817289337332918,-0.09713073733003333,-0.1102642827422287,-0.15882965140724536,-0.00039679902455840585,21.68396146250602,13.209221986800987,24.29290530821666,-8.958144656030356,10004.0,3.9599999999999795,0.0,3.9599999999999795,86.0,0.009817289337332918,3.9599999999999795,0.0,0.0,1.0,1.0,-0.09713073733003333,-0.15882965140724536,-0.1102642827422287,21.68396146250602,13.209221986800987,24.29290530821666,-8.958144656030356,11.116700201207747,66.90140845070536,44.304107110973305,-0.12253063265815262,0.12268095440773946,0.0,0.0,0.48999999999995225,0.0,11888.0,11888.0,2021-12-30,2021-12-30 19:20:00,0.23284344408000548,59.0,1.0,best_within_2.0d,11946.0,400.34,0.5832424107187206,4.3760036431226785,32.22527881040892,0.012230020343504162,2.285057100371749,15.890706319702602,0.006381710269403211,0.4929364202292669,5.6011759621451125,36.843533123028394,0.015614239272951093,2.82998018927445,22.52492113564669,0.007835530045022196,1.8630914826498424,0.00402220134195386,1.9444468750000041,16.553125,0.005470102952261012,0.0,0
11888.0,2021-12-30 19:25:00,399.4,399.4,398.49,398.7,24819.0,1p,1p,1.0,buy,False,42.21414764961266,4.8799999999999955,87.0,0.012098073728834558,-0.23993022648343176,-0.14025556105265768,-0.26022067429437357,-0.0006502907818160559,14.883871208963086,12.433090996381637,20.339633870938318,-3.379994752731726,24819.0,4.8799999999999955,0.0,4.8799999999999955,87.0,0.012098073728834558,4.8799999999999955,0.0,0.0,1.0,1.0,-0.23993022648343176,-0.26022067429437357,-0.14025556105265768,14.883871208963086,12.433090996381637,20.339633870938318,-3.379994752731726,6.801994301993535,80.12820512820696,47.164576313938106,-0.17526289434150943,0.22836206680217022,0.0,0.20999999999997954,0.6999999999999886,0.0,11889.0,11889.0,2021-12-30,2021-12-30 19:25:00,0.4113368447454192,58.0,1.0,best_within_2.0d,11946.0,400.34,0.5832424107187206,4.3760036431226785,32.22527881040892,0.012230020343504162,2.285057100371749,15.890706319702602,0.006381710269403211,0.4929364202292669,5.6011759621451125,36.843533123028394,0.015614239272951093,2.82998018927445,22.52492113564669,0.007835530045022196,1.8630914826498424,0.00402220134195386,1.9444468750000041,16.553125,0.005470102952261012,1.0,0
11915.0,2021-12-31 06:05:00,399.25,399.3,399.15,399.15,2807.0,2,2,1.0,buy,False,0.6000000000000137,4.163492493946733,28.239017640954685,0.011578080659927173,-0.05424028110863777,-0.061138218437276404,-0.08825835899159529,-0.00022084351257886027,35.99040481048931,14.946115085271703,28.05402348284774,-11.269701709880366,2807.0,0.9900000000000091,1.0,1.6499999999999773,9.0,0.004140630881577899,0.9900000000000091,20.0,0.0024741340530814444,2.0,2.0,-0.05424028110863777,-0.08825835899159529,-0.061138218437276404,35.99040481048931,14.946115085271703,28.05402348284774,-11.269701709880366,18.354430379742738,65.82278481012864,39.35494220310018,-0.02504696305573519,0.0375798571965512,0.05000000000001137,0.0,0.10000000000002274,0.0,11916.0,11916.0,2021-12-31,2021-12-31 06:05:00,0.29813353375923785,31.0,1.0,best_within_2.0d,11946.0,400.34,0.6000000000000137,1.6499999999999773,9.0,0.004140630881577899,0.9900000000000091,20.0,0.0024741340530814444,0.4929364202292669,5.6011759621451125,36.843533123028394,0.015614239272951093,2.82998018927445,22.52492113564669,0.007835530045022196,1.8630914826498424,0.00402220134195386,1.9444468750000041,16.553125,0.005470102952261012,1.0,0
11922.0,2021-12-31 06:50:00,399.24,399.24,399.01,399.18,5611.0,2,2,1.0,buy,False,0.6848484848484915,4.163492493946733,28.239017640954685,0.011578080659927173,-0.042673509193292436,-0.09983974405763271,-0.12117649865427893,-0.00030331360684465015,39.63541274120746,35.088576210180214,33.513986940232414,38.23775475007582,5611.0,1.1299999999999955,1.0,1.6499999999999773,9.0,0.004140630881577899,1.1299999999999955,27.0,0.002824011595941409,2.0,2.0,-0.042673509193292436,-0.12117649865427893,-0.09983974405763271,39.63541274120746,35.088576210180214,33.513986940232414,38.23775475007582,16.326530612241346,63.26530612245407,42.91051250935403,-0.015028554253081422,0.05764266559735801,0.0,0.17000000000001592,0.060000000000002274,0.0,11923.0,11923.0,2021-12-31,2021-12-31 06:50:00,0.29059572122851046,24.0,1.0,best_within_2.0d,11946.0,400.34,0.6848484848484915,1.6499999999999773,9.0,0.004140630881577899,1.1299999999999955,27.0,0.002824011595941409,0.4929364202292669,5.6011759621451125,36.843533123028394,0.015614239272951093,2.82998018927445,22.52492113564669,0.007835530045022196,1.8630914826498424,0.00402220134195386,1.9444468750000041,16.553125,0.005470102952261012,0.0,0
11923.0,2021-12-31 06:55:00,399.16,399.21,398.98,399.11,7133.0,2,2,1.0,buy,False,0.7030303030302935,4.163492493946733,28.239017640954685,0.011578080659927173,-0.05523004503695561,-0.10674349968725216,-0.13435852220572997,-0.0003363340508103307,38.000766302616874,32.420161917898334,33.14937859945439,30.961728554786234,7133.0,1.1599999999999682,1.0,1.6499999999999773,9.0,0.004140630881577899,1.1599999999999682,28.0,0.0028989853551256266,2.0,2.0,-0.05523004503695561,-0.13435852220572997,-0.10674349968725216,38.000766302616874,32.420161917898334,33.14937859945439,30.961728554786234,14.678899082565842,58.25688073394916,44.11322073532623,-0.01252630524100896,0.05764699984960683,0.049999999999954525,0.12999999999999545,0.05000000000001137,0.0,11924.0,11924.0,2021-12-31,2021-12-31 06:55:00,0.30818571321188676,23.0,1.0,best_within_2.0d,11946.0,400.34,0.7030303030302935,1.6499999999999773,9.0,0.004140630881577899,1.1599999999999682,28.0,0.0028989853551256266,0.4929364202292669,5.6011759621451125,36.843533123028394,0.015614239272951093,2.82998018927445,22.52492113564669,0.007835530045022196,1.8630914826498424,0.00402220134195386,1.9444468750000041,16.553125,0.005470102952261012,0.0,0
11924.0,2021-12-31 07:00:00,399.13,399.13,398.93,398.95,2675.0,2,2,1.0,buy,False,0.7333333333333311,4.163492493946733,28.239017640954685,0.011578080659927173,-0.07868032041858886,-0.11657853973957577,-0.1559186999488702,-0.00039034305645284297,34.49851376125869,22.871302913817935,29.723353370908903,9.167201999635992,2675.0,1.2099999999999795,1.0,1.6499999999999773,9.0,0.004140630881577899,1.2099999999999795,29.0,0.0030239416204327976,2.0,2.0,-0.07868032041858886,-0.1559186999488702,-0.11657853973957577,34.49851376125869,22.871302913817935,29.723353370908903,9.167201999635992,15.311004784686133,49.28229665072243,44.71889015370313,-0.045098088342145876,0.05013410874087901,0.0,0.01999999999998181,0.18000000000000682,0.0,11925.0,11925.0,2021-12-31,2021-12-31 07:00:00,0.348414588294269,22.0,1.0,best_within_2.0d,11946.0,400.34,0.7333333333333311,1.6499999999999773,9.0,0.004140630881577899,1.2099999999999795,29.0,0.0030239416204327976,0.4929364202292669,5.6011759621451125,36.843533123028394,0.015614239272951093,2.82998018927445,22.52492113564669,0.007835530045022196,1.8630914826498424,0.00402220134195386,1.9444468750000041,16.553125,0.005470102952261012,0.0,0
11925.0,2021-12-31 07:05:00,398.93,398.97,398.77,398.88,19072.0,2,2,1.0,buy,False,0.8303030303030445,4.163492493946733,28.239017640954685,0.011578080659927173,-0.09606277065768509,-0.1285863860717864,-0.17661777140062895,-0.00044220919790821493,33.06283291068996,20.56154493771505,26.669417226510948,8.345800360123249,19072.0,1.3700000000000045,1.0,1.6499999999999773,9.0,0.004140630881577899,1.3700000000000045,30.0,0.003423801669415716,2.0,2.0,-0.09606277065768509,-0.17661777140062895,-0.1285863860717864,33.06283291068996,20.56154493771505,26.669417226510948,8.345800360123249,14.545454545451728,54.09090909091443,45.64010471699182,-0.012533527185223315,0.050154224239547976,0.040000000000020464,0.11000000000001364,0.05000000000001137,0.0,11926.0,11926.0,2021-12-31,2021-12-31 07:05:00,0.36602486963497277,21.0,1.0,best_within_2.0d,11946.0,400.34,0.8303030303030445,1.6499999999999773,9.0,0.004140630881577899,1.3700000000000045,30.0,0.003423801669415716,0.4929364202292669,5.6011759621451125,36.843533123028394,0.015614239272951093,2.82998018927445,22.52492113564669,0.007835530045022196,1.8630914826498424,0.00402220134195386,1.9444468750000041,16.553125,0.005470102952261012,1.0,0
11943.0,2021-12-31 08:35:00,400.04,400.4,399.99,400.25,18399.0,1p,1p,0.0,sell,False,0.9266490041603344,1.6299999999999955,19.0,0.00408756927552222,0.11255497439218759,0.10431458244500383,0.16059206964109762,0.0004017496157008611,70.5006291546041,91.51393180134619,89.83336222641132,94.87507095121592,18399.0,1.6299999999999955,0.0,1.6299999999999955,19.0,0.00408756927552222,1.6299999999999955,0.0,0.0,1.0,1.0,0.11255497439218759,0.16059206964109762,0.10431458244500383,70.5006291546041,91.51393180134619,89.83336222641132,94.87507095121592,30.696202531644946,34.81012658227775,23.17867070830528,0.05249475052494239,0.10250256256405614,0.14999999999997726,0.05000000000001137,0.20999999999997954,1.0,11944.0,11944.0,2021-12-31,2021-12-31 08:35:00,0.6895690193628959,87.0,1.0,best_within_2.0d,12030.0,397.49,0.5832424107187206,4.3760036431226785,32.22527881040892,0.012230020343504162,2.285057100371749,15.890706319702602,0.006381710269403211,0.4929364202292669,5.6011759621451125,36.843533123028394,0.015614239272951093,2.82998018927445,22.52492113564669,0.007835530045022196,1.8630914826498424,0.00402220134195386,1.9444468750000041,16.553125,0.005470102952261012,0.0,1
11946.0,2021-12-31 08:50:00,400.27,400.4,400.09,400.34,40104.0,1p,1p,0.0,sell,False,0.9266490041603344,1.6299999999999955,22.0,0.00408756927552222,0.11807175250666752,0.15108238896057355,0.2101182652139073,0.0005254852794676815,70.53933994719486,90.76134447050926,90.92361052701182,90.43681235750415,40104.0,1.6299999999999955,0.0,1.6299999999999955,22.0,0.00408756927552222,1.6299999999999955,0.0,0.0,1.0,1.0,0.11807175250666752,0.2101182652139073,0.15108238896057355,70.53933994719486,90.76134447050926,90.92361052701182,90.43681235750415,20.83333333333326,37.50000000000021,21.914774985868068,0.01748819546805736,0.07748256642255551,0.060000000000002274,0.18000000000000682,0.06999999999999318,1.0,11947.0,11947.0,2021-12-31,2021-12-31 08:50:00,0.7118948893440491,84.0,1.0,best_within_2.0d,12030.0,397.49,0.5832424107187206,4.3760036431226785,32.22527881040892,0.012230020343504162,2.285057100371749,15.890706319702602,0.006381710269403211,0.4929364202292669,5.6011759621451125,36.843533123028394,0.015614239272951093,2.82998018927445,22.52492113564669,0.007835530045022196,1.8630914826498424,0.00402220134195386,1.9444468750000041,16.553125,0.005470102952261012,1.0,1
11951.0,2021-12-31 09:15:00,400.18,400.18,399.83,399.93,11540.0,2s,2s,1.0,buy,False,0.18787878787879184,4.163492493946733,28.239017640954685,0.011578080659927173,-0.036819747279723536,0.1703349322075177,0.15192505856765592,0.0003798673966552047,49.83012351576394,47.50731896911084,65.40450345403323,11.712949999266073,11540.0,0.5699999999999932,1.0,1.6499999999999773,9.0,0.004140630881577899,0.5699999999999932,6.0,0.0014235764235764066,1.0,2.5,-0.036819747279723536,0.15192505856765592,0.1703349322075177,49.83012351576394,47.50731896911084,65.40450345403323,11.712949999266073,22.426470588233947,19.48529411764836,24.675385105794682,-0.062471887650557244,0.08753720331141304,0.0,0.10000000000002274,0.25,0.0,11952.0,11952.0,2021-12-31,2021-12-31 09:15:00,-0.17503063036031022,45.0,1.0,best_within_2.0d,11996.0,399.23,0.5832424107187206,4.3760036431226785,32.22527881040892,0.012230020343504162,2.285057100371749,15.890706319702602,0.006381710269403211,0.18787878787879184,1.6499999999999773,9.0,0.004140630881577899,0.5699999999999932,6.0,0.0014235764235764066,1.0,0.00402220134195386,1.9444468750000041,16.553125,0.005470102952261012,0.0,0
11953.0,2021-12-31 09:25:00,399.95,399.95,399.63,399.63,15396.0,2s,2s,1.0,buy,False,0.30909090909090786,4.163492493946733,28.239017640954685,0.011578080659927173,-0.12297331863767891,0.14704784610260324,0.08556118678376379,0.00021394516350920588,39.54234784169033,26.572453654889216,46.783637305052025,-13.849913645436402,15396.0,0.7699999999999818,1.0,1.6499999999999773,9.0,0.004140630881577899,0.7699999999999818,8.0,0.0019230769230768779,1.0,2.5,-0.12297331863767891,0.08556118678376379,0.14704784610260324,39.54234784169033,26.572453654889216,46.783637305052025,-13.849913645436402,21.428571428570798,24.534161490683225,22.811652468485217,-0.08001000125015457,0.08007406851337316,0.0,0.0,0.3199999999999932,0.0,11954.0,11954.0,2021-12-31,2021-12-31 09:25:00,-0.1000925856417129,43.0,1.0,best_within_2.0d,11996.0,399.23,0.5832424107187206,4.3760036431226785,32.22527881040892,0.012230020343504162,2.285057100371749,15.890706319702602,0.006381710269403211,0.30909090909090786,1.6499999999999773,9.0,0.004140630881577899,0.7699999999999818,8.0,0.0019230769230768779,1.0,0.00402220134195386,1.9444468750000041,16.553125,0.005470102952261012,0.0,0
11957.0,2021-12-31 09:45:00,400.09,400.385,399.1,399.35,491475.0,2s,2s,1.0,buy,False,0.6303030303030169,4.163492493946733,28.239017640954685,0.011578080659927173,-0.12478490911893275,0.1389340685654988,0.07654161400603243,0.00019135675192868398,40.195546336476404,36.85033208043955,45.86107160120771,18.82885303890322,491475.0,1.2999999999999545,1.0,1.6499999999999773,9.0,0.004140630881577899,1.2999999999999545,12.0,0.0032467532467531333,1.0,2.5,-0.12478490911893275,0.07654161400603243,0.1389340685654988,40.195546336476404,36.85033208043955,45.86107160120771,18.82885303890322,18.772757726703144,28.547292376706825,23.719438956665833,-0.18495838436350628,0.32197444249560714,0.2950000000000159,0.25,0.7399999999999523,0.0,11958.0,11958.0,2021-12-31,2021-12-31 09:45:00,-0.030048829347691135,39.0,1.0,best_within_2.0d,11996.0,399.23,0.5832424107187206,4.3760036431226785,32.22527881040892,0.012230020343504162,2.285057100371749,15.890706319702602,0.006381710269403211,0.6303030303030169,1.6499999999999773,9.0,0.004140630881577899,1.2999999999999545,12.0,0.0032467532467531333,1.0,0.00402220134195386,1.9444468750000041,16.553125,0.005470102952261012,0.0,0
11995.0,2021-12-31 12:55:00,398.67,399.2,398.65,399.17,307165.0,2,2,0.0,sell,False,0.4545454545454569,4.163492493946733,28.239017640954685,0.011578080659927173,0.08436743936093621,-0.16936721037804361,-0.1271834906975755,-0.00031880092707433976,53.39268383276292,65.55759463373079,52.50245952670267,91.66786484778702,307165.0,1.0,1.0,2.1999999999999886,42.0,0.005494505494505466,1.0,9.0,0.0025113008538422904,2.0,2.0,0.08436743936093621,-0.1271834906975755,-0.16936721037804361,53.39268383276292,65.55759463373079,52.50245952670267,91.66786484778702,18.38891666071404,31.600371348997303,28.806737264203694,0.12541701156344845,0.13796563401480283,0.029999999999972715,0.020000000000038654,0.5,1.0,11996.0,11996.0,2021-12-31,2021-12-31 12:55:00,0.42087331212265616,35.0,1.0,best_within_2.0d,12030.0,397.49,0.4545454545454569,2.1999999999999886,42.0,0.005494505494505466,1.0,9.0,0.0025113008538422904,0.4929364202292669,5.6011759621451125,36.843533123028394,0.015614239272951093,2.82998018927445,22.52492113564669,0.007835530045022196,1.8630914826498424,0.00402220134195386,1.9444468750000041,16.553125,0.005470102952261012,0.0,1
11996.0,2021-12-31 13:00:00,399.16,399.39,399.07,399.23,235325.0,2,2,0.0,sell,False,0.5409090909090927,4.163492493946733,28.239017640954685,0.011578080659927173,0.13539498348384654,-0.1524428374425628,-0.08474534570063952,-0.00021241323426784913,54.25299344038823,72.31863241068869,59.10785048803134,98.74019625600341,235325.0,1.1899999999999977,1.0,2.1999999999999886,42.0,0.005494505494505466,1.1899999999999977,10.0,0.00298844801607232,2.0,2.0,0.13539498348384654,-0.08474534570063952,-0.1524428374425628,54.25299344038823,72.31863241068869,59.10785048803134,98.74019625600341,22.911658653844608,23.756760817308585,26.87846068755715,0.01753682733740685,0.08018643345778764,0.15999999999996817,0.09000000000003183,0.06999999999999318,1.0,11997.0,11997.0,2021-12-31,2021-12-31 13:00:00,0.4358389900558598,34.0,1.0,best_within_2.0d,12030.0,397.49,0.5409090909090927,2.1999999999999886,42.0,0.005494505494505466,1.1899999999999977,10.0,0.00298844801607232,0.4929364202292669,5.6011759621451125,36.843533123028394,0.015614239272951093,2.82998018927445,22.52492113564669,0.007835530045022196,1.8630914826498424,0.00402220134195386,1.9444468750000041,16.553125,0.005470102952261012,1.0,1
12020.0,2021-12-31 15:00:00,398.6,399.2,398.55,398.9499,372665.0,2s,2s,0.0,sell,False,0.4545454545454569,4.163492493946733,28.239017640954685,0.011578080659927173,0.04194375517613129,-0.06136734328896234,-0.04039546570089669,-0.00010128856357479773,53.25515932380948,56.28736478286086,52.74310364228785,63.37588706400689,372665.0,0.8000000000000114,1.0,2.1999999999999886,42.0,0.005494505494505466,0.8000000000000114,8.0,0.0020080321285140847,1.0,2.5,0.04194375517613129,-0.04039546570089669,-0.06136734328896234,53.25515932380948,56.28736478286086,52.74310364228785,63.37588706400689,28.11097410604255,16.64364981504286,22.567889488267163,0.08778223783241118,0.16309120562036813,0.2500999999999749,0.05000000000001137,0.349899999999991,1.0,12021.0,12021.0,2021-12-31,2021-12-31 15:00:00,0.3659356726245588,10.0,1.0,best_within_2.0d,12030.0,397.49,0.5832424107187206,4.3760036431226785,32.22527881040892,0.012230020343504162,2.285057100371749,15.890706319702602,0.006381710269403211,0.4545454545454569,2.1999999999999886,42.0,0.005494505494505466,0.8000000000000114,8.0,0.0020080321285140847,1.0,0.00402220134195386,1.9444468750000041,16.553125,0.005470102952261012,1.0,1
12027.0,2021-12-31 15:35:00,398.54,398.61,398.24,398.54,473907.0,1,1,1.0,buy,False,0.057088367698508516,0.9599999999999795,8.0,0.0024048096192384257,-0.018893160003259774,-0.036471542106532265,-0.04591812210816215,-0.00011514564421280276,44.07813998205625,39.1970005045344,46.244382898546895,25.102235716509412,473907.0,0.9599999999999795,1.0,0.9599999999999795,8.0,0.0024048096192384257,0.9599999999999795,8.0,0.0024048096192384257,1.0,1.0,-0.018893160003259774,-0.04591812210816215,-0.036471542106532265,44.07813998205625,39.1970005045344,46.244382898546895,25.102235716509412,23.07170602379993,19.214090470024246,20.20214603842133,0.0,0.09290879871434425,0.06999999999999318,0.30000000000001137,0.0,0.0,12028.0,12028.0,2021-12-31,2021-12-31 15:35:00,2.0540172048918044,173.78554736652885,0.0,,14281.267661333814,366.3529484630595,0.5832424107187206,4.3760036431226785,32.22527881040892,0.012230020343504162,2.285057100371749,15.890706319702602,0.006381710269403211,0.4929364202292669,5.6011759621451125,36.843533123028394,0.015614239272951093,2.82998018927445,22.52492113564669,0.007835530045022196,1.8630914826498424,0.00402220134195386,1.9444468750000041,16.553125,0.005470102952261012,0.0,0
12030.0,2021-12-31 15:50:00,398.61,398.64,397.38,397.49,1492387.0,1,1,1.0,buy,False,0.49472331056422963,1.8199999999999932,11.0,0.004559118236472929,-0.163726640656369,-0.059274110669545965,-0.14113743099773046,-0.00035401552015382296,30.430031672276044,30.96774798243076,40.317278822872154,12.268686301547973,1492387.0,1.8199999999999932,1.0,1.8199999999999932,11.0,0.004559118236472929,1.8199999999999932,11.0,0.004559118236472929,1.0,1.0,-0.163726640656369,-0.14113743099773046,-0.059274110669545965,30.430031672276044,30.96774798243076,40.317278822872154,12.268686301547973,18.65126990820407,35.111421064582245,20.003545813633643,-0.28097639296555643,0.31707685338970026,0.029999999999972715,0.11000000000001364,1.1200000000000045,0.0,12031.0,12031.0,2021-12-31,2021-12-31 15:50:00,2.0540172048918044,173.78554736652885,0.0,,14281.267661333814,366.3529484630595,0.5832424107187206,4.3760036431226785,32.22527881040892,0.012230020343504162,2.285057100371749,15.890706319702602,0.006381710269403211,0.4929364202292669,5.6011759621451125,36.843533123028394,0.015614239272951093,2.82998018927445,22.52492113564669,0.007835530045022196,1.8630914826498424,0.00402220134195386,1.9444468750000041,16.553125,0.005470102952261012,0.0,0
12031.0,2021-12-31 15:55:00,397.48,397.75,397.34,397.56,2216202.0,1,1,1.0,buy,False,0.7211420787479733,1.8600000000000136,12.0,0.004659318637274584,-0.2386589988143027,-0.0891064855213338,-0.20843598492848514,-0.0005229291367044254,31.99240010457217,24.630672567997742,35.088410071247345,3.7151975614985275,2216202.0,1.8600000000000136,1.0,1.8600000000000136,12.0,0.004659318637274584,1.8600000000000136,12.0,0.004659318637274584,1.0,1.0,-0.2386589988143027,-0.20843598492848514,-0.0891064855213338,31.99240010457217,24.630672567997742,35.088410071247345,3.7151975614985275,18.231107024525457,34.08265825393579,20.73907241334848,0.020126798832641662,0.1031861881512118,0.18999999999999773,0.1400000000000432,0.07999999999998408,1.0,12032.0,12032.0,2021-12-31,2021-12-31 15:55:00,2.0540172048918044,173.78554736652885,0.0,,14281.267661333814,366.3529484630595,0.5832424107187206,4.3760036431226785,32.22527881040892,0.012230020343504162,2.285057100371749,15.890706319702602,0.006381710269403211,0.4929364202292669,5.6011759621451125,36.843533123028394,0.015614239272951093,2.82998018927445,22.52492113564669,0.007835530045022196,1.8630914826498424,0.00402220134195386,1.9444468750000041,16.553125,0.005470102952261012,1.0,0
12049.0,2021-12-31 17:45:00,399.4,399.4,398.49,398.7,24819.0,1,1,1.0,buy,False,0.9296384628396475,4.8799999999999955,87.0,0.012098073728834558,-0.2399302264826237,-0.14025556105397122,-0.26022067429528306,-0.0006502907818183273,14.883871208635227,12.433090996381637,20.339633870938318,-3.379994752731726,24819.0,4.8799999999999955,1.0,4.8799999999999955,87.0,0.012098073728834558,4.8799999999999955,87.0,0.012098073728834558,1.0,1.0,-0.2399302264826237,-0.26022067429528306,-0.14025556105397122,14.883871208635227,12.433090996381637,20.339633870938318,-3.379994752731726,6.801994301993535,80.12820512820696,47.16457631247595,-0.17526289434150943,0.22836206680217022,0.0,0.20999999999997954,0.6999999999999886,0.0,12050.0,12050.0,2021-12-31,2021-12-31 17:45:00,2.0540172048918044,173.78554736652885,0.0,,14281.267661333814,366.3529484630595,0.5832424107187206,4.3760036431226785,32.22527881040892,0.012230020343504162,2.285057100371749,15.890706319702602,0.006381710269403211,0.4929364202292669,5.6011759621451125,36.843533123028394,0.015614239272951093,2.82998018927445,22.52492113564669,0.007835530045022196,1.8630914826498424,0.00402220134195386,1.9444468750000041,16.553125,0.005470102952261012,0.0,0
12069.0,2022-01-03 04:00:00,399.04,399.4,399.04,399.4,3401.0,2s,2s,0.0,sell,False,0.5454545454545431,4.163492493946733,28.239017640954685,0.011578080659927173,0.23528270661237974,0.004310727037741033,0.1219520803439309,0.00030635691641897394,83.29913728626438,89.57315418117139,84.32034519938699,100.07877214474019,3401.0,2.0600000000000023,1.0,2.1999999999999886,42.0,0.005494505494505466,2.0600000000000023,39.0,0.0051844767705239905,2.0,2.5,0.23528270661237974,0.1219520803439309,0.004310727037741033,83.29913728626438,89.57315418117139,84.32034519938699,100.07877214474019,67.45098039215691,21.176470588234245,19.978056742831633,0.09021651964714233,0.09021651964714233,0.0,0.0,0.3599999999999568,1.0,12070.0,12070.0,2022-01-03,2022-01-03 04:00:00,0.48072108162242344,235.0,1.0,best_within_2.0d,12304.0,397.48,0.5832424107187206,4.3760036431226785,32.22527881040892,0.012230020343504162,2.285057100371749,15.890706319702602,0.006381710269403211,0.5454545454545431,2.1999999999999886,42.0,0.005494505494505466,2.0600000000000023,39.0,0.0051844767705239905,2.0,0.00402220134195386,1.9444468750000041,16.553125,0.005470102952261012,0.0,1
12070.0,2022-01-03 04:05:00,399.39,399.4,399.25,399.4,6280.0,2s,2s,0.0,sell,False,0.5454545454545431,4.163492493946733,28.239017640954685,0.011578080659927173,0.3277194424529958,0.045275657344365505,0.2091353785708634,0.0005252410573433379,83.29913728626438,93.04876945411425,87.22981995096274,104.68666846041731,6280.0,2.0600000000000023,1.0,2.1999999999999886,42.0,0.005494505494505466,2.0600000000000023,40.0,0.0051844767705239905,2.0,2.5,0.3277194424529958,0.2091353785708634,0.045275657344365505,83.29913728626438,93.04876945411425,87.22981995096274,104.68666846041731,62.87878787878836,20.454545454544622,22.187416326135995,0.0025038183229402103,0.03757044458358855,0.0,0.13999999999998636,0.009999999999990905,1.0,12071.0,12071.0,2022-01-03,2022-01-03 04:05:00,0.48072108162242344,234.0,1.0,best_within_2.0d,12304.0,397.48,0.5832424107187206,4.3760036431226785,32.22527881040892,0.012230020343504162,2.285057100371749,15.890706319702602,0.006381710269403211,0.5454545454545431,2.1999999999999886,42.0,0.005494505494505466,2.0600000000000023,40.0,0.0051844767705239905,2.0,0.00402220134195386,1.9444468750000041,16.553125,0.005470102952261012,0.0,1
12071.0,2022-01-03 04:10:00,399.39,399.53,399.38,399.53,6700.0,2s,2s,0.0,sell,False,0.6045454545454504,4.163492493946733,28.239017640954685,0.011578080659927173,0.38424445651778044,0.09330621440908807,0.2854284426679783,0.0007166689089734579,84.3940413356065,95.36584630274282,89.94182873488943,106.21388143844959,6700.0,2.1899999999999977,1.0,2.1999999999999886,42.0,0.005494505494505466,2.1899999999999977,41.0,0.005511652489052192,2.0,2.5,0.38424445651778044,0.2854284426679783,0.09330621440908807,84.3940413356065,95.36584630274282,89.94182873488943,106.21388143844959,65.56776556776653,17.58241758241678,24.724690238649398,0.035053456521191406,0.037558215233606404,0.0,0.009999999999990905,0.13999999999998636,1.0,12072.0,12072.0,2022-01-03,2022-01-03 04:10:00,0.5131028959026742,233.0,1.0,best_within_2.0d,12304.0,397.48,0.5832424107187206,4.3760036431226785,32.22527881040892,0.012230020343504162,2.285057100371749,15.890706319702602,0.006381710269403211,0.6045454545454504,2.1999999999999886,42.0,0.005494505494505466,2.1899999999999977,41.0,0.005511652489052192,2.0,0.00402220134195386,1.9444468750000041,16.553125,0.005470102952261012,0.0,1
12072.0,2022-01-03 04:15:00,399.54,399.56,399.34,399.35,5575.0,2s,2s,0.0,sell,False,0.6181818181818276,4.163492493946733,28.239017640954685,0.011578080659927173,0.37485484205082265,0.1401630696654409,0.3275904906908522,0.0008223665862726387,76.87856896089835,92.93329147455619,90.93898298144501,96.92190846077852,5575.0,2.2200000000000273,1.0,2.1999999999999886,42.0,0.005494505494505466,2.2200000000000273,42.0,0.005587154577943392,2.0,2.5,0.37485484205082265,0.3275904906908522,0.1401630696654409,76.87856896089835,92.93329147455619,90.93898298144501,96.92190846077852,62.58741258741226,15.0349650349655,27.334445311693024,-0.047554687891074164,0.055090899984982046,0.01999999999998181,0.010000000000047748,0.18999999999999773,0.0,12073.0,12073.0,2022-01-03,2022-01-03 04:15:00,0.46826092400150354,232.0,1.0,best_within_2.0d,12304.0,397.48,0.5832424107187206,4.3760036431226785,32.22527881040892,0.012230020343504162,2.285057100371749,15.890706319702602,0.006381710269403211,0.6181818181818276,2.1999999999999886,42.0,0.005494505494505466,2.2200000000000273,42.0,0.005587154577943392,2.0,0.00402220134195386,1.9444468750000041,16.553125,0.005470102952261012,1.0,1
12079.0,2022-01-03 04:50:00,399.54,399.67,399.54,399.63,13279.0,2s,2s,0.0,sell,False,0.6681818181818341,4.163492493946733,28.239017640954685,0.011578080659927173,0.13695031623550824,0.3488694670477723,0.4173446251655264,0.0010464492344235746,76.85596902867556,88.83749131572696,89.16860785125311,88.17525824467464,13279.0,2.330000000000041,1.0,2.1999999999999886,42.0,0.005494505494505466,2.330000000000041,49.0,0.0058639955705442216,2.0,2.5,0.13695031623550824,0.4173446251655264,0.3488694670477723,76.85596902867556,88.83749131572696,89.16860785125311,88.17525824467464,60.06711409395814,12.751677852346855,38.67112409493153,0.022525904790502822,0.032537418030734205,0.040000000000020464,0.0,0.08999999999997499,1.0,12080.0,12080.0,2022-01-03,2022-01-03 04:50:00,0.5379976478242318,225.0,1.0,best_within_2.0d,12304.0,397.48,0.5832424107187206,4.3760036431226785,32.22527881040892,0.012230020343504162,2.285057100371749,15.890706319702602,0.006381710269403211,0.6681818181818341,2.1999999999999886,42.0,0.005494505494505466,2.330000000000041,49.0,0.0058639955705442216,2.0,0.00402220134195386,1.9444468750000041,16.553125,0.005470102952261012,0.0,1
12080.0,2022-01-03 04:55:00,399.64,399.76,399.57,399.76,7644.0,2s,2s,0.0,sell,False,0.7090909090909138,4.163492493946733,28.239017640954685,0.011578080659927173,0.12683800642174292,0.36472421785049014,0.4281432210613616,0.0010733381736895663,78.65284697121844,92.55832754381797,90.29851441544139,97.0779538005711,7644.0,2.420000000000016,1.0,2.1999999999999886,42.0,0.005494505494505466,2.420000000000016,50.0,0.0060905018372175365,2.0,2.5,0.12683800642174292,0.4281432210613616,0.36472421785049014,78.65284697121844,92.55832754381797,90.29851441544139,97.0779538005711,63.08724832214521,6.375838926172474,41.74050895081494,0.03002702432189084,0.047551117451259534,0.0,0.06999999999999318,0.12000000000000455,1.0,12081.0,12081.0,2022-01-03,2022-01-03 04:55:00,0.5703422053231871,224.0,1.0,best_within_2.0d,12304.0,397.48,0.5832424107187206,4.3760036431226785,32.22527881040892,0.012230020343504162,2.285057100371749,15.890706319702602,0.006381710269403211,0.7090909090909138,2.1999999999999886,42.0,0.005494505494505466,2.420000000000016,50.0,0.0060905018372175365,2.0,0.00402220134195386,1.9444468750000041,16.553125,0.005470102952261012,0.0,1
12081.0,2022-01-03 05:00:00,399.74,399.81,399.68,399.68,6097.0,2s,2s,0.0,sell,False,0.7318181818181918,4.163492493946733,28.239017640954685,0.011578080659927173,0.09698968029225097,0.3768479278870215,0.42534276803314697,0.0010661610200740734,74.80395725559285,86.54215300306832,89.04639394465036,81.53367111990423,6097.0,2.4700000000000273,1.0,2.1999999999999886,42.0,0.005494505494505466,2.4700000000000273,51.0,0.006216338652036108,2.0,2.5,0.09698968029225097,0.42534276803314697,0.3768479278870215,74.80395725559285,86.54215300306832,89.04639394465036,81.53367111990423,62.86644951139916,6.1889250814313135,44.621577718479436,-0.015009756341622623,0.032526020816652186,0.06999999999999318,0.0,0.060000000000002274,0.0,12082.0,12082.0,2022-01-03,2022-01-03 05:00:00,0.5504403522818226,223.0,1.0,best_within_2.0d,12304.0,397.48,0.5832424107187206,4.3760036431226785,32.22527881040892,0.012230020343504162,2.285057100371749,15.890706319702602,0.006381710269403211,0.7318181818181918,2.1999999999999886,42.0,0.005494505494505466,2.4700000000000273,51.0,0.006216338652036108,2.0,0.00402220134195386,1.9444468750000041,16.553125,0.005470102952261012,0.0,1
12083.0,2022-01-03 05:10:00,399.75,399.92,399.75,399.92,10892.0,2s,2s,0.0,sell,False,0.7818181818181983,4.163492493946733,28.239017640954685,0.011578080659927173,0.06869951629606319,0.39404516413993257,0.42839492228796416,0.0010734789941476428,78.45103661857492,89.12984577914087,87.88496116149406,91.61961501443449,10892.0,2.580000000000041,1.0,2.1999999999999886,42.0,0.005494505494505466,2.580000000000041,53.0,0.006493179644636938,2.0,2.5,0.06869951629606319,0.42839492228796416,0.39404516413993257,78.45103661857492,89.12984577914087,87.88496116149406,91.61961501443449,37.172774869107286,9.947643979054071,47.99278453886494,0.042526579111948945,0.042526579111948945,0.0,0.0,0.17000000000001592,1.0,12084.0,12084.0,2022-01-03,2022-01-03 05:10:00,0.6101220244048804,221.0,1.0,best_within_2.0d,12304.0,397.48,0.5832424107187206,4.3760036431226785,32.22527881040892,0.012230020343504162,2.285057100371749,15.890706319702602,0.006381710269403211,0.7818181818181983,2.1999999999999886,42.0,0.005494505494505466,2.580000000000041,53.0,0.006493179644636938,2.0,0.00402220134195386,1.9444468750000041,16.553125,0.005470102952261012,0.0,1
12084.0,2022-01-03 05:15:00,399.97,400.02,399.88,399.88,18960.0,2s,2s,0.0,sell,False,0.8272727272727285,4.163492493946733,28.239017640954685,0.011578080659927173,0.05269578756332227,0.40063213758534777,0.4269800313670089,0.0010697730051613947,76.45286455239147,85.46156385276112,87.07716205858307,82.23036744111721,18960.0,2.680000000000007,1.0,2.1999999999999886,42.0,0.005494505494505466,2.680000000000007,54.0,0.006744853274273939,2.0,2.5,0.05269578756332227,0.4269800313670089,0.40063213758534777,76.45286455239147,85.46156385276112,87.07716205858307,82.23036744111721,42.63157894736351,9.99999999999641,48.99329992894655,-0.02250168762657995,0.035010503150941875,0.049999999999954525,0.0,0.09000000000003183,0.0,12085.0,12085.0,2022-01-03,2022-01-03 05:15:00,0.6001800540161992,220.0,1.0,best_within_2.0d,12304.0,397.48,0.5832424107187206,4.3760036431226785,32.22527881040892,0.012230020343504162,2.285057100371749,15.890706319702602,0.006381710269403211,0.8272727272727285,2.1999999999999886,42.0,0.005494505494505466,2.680000000000007,54.0,0.006744853274273939,2.0,0.00402220134195386,1.9444468750000041,16.553125,0.005470102952261012,0.0,1
12085.0,2022-01-03 05:20:00,400.05,400.13,400.0,400.0,924.0,2s,2s,0.0,sell,False,0.8772727272727349,4.163492493946733,28.239017640954685,0.011578080659927173,0.04791382604503214,0.4066213658409768,0.43057827886349287,0.0010786143313980972,78.24320283344736,84.5299314573965,86.22808519152088,81.13362398914774,924.0,2.7900000000000205,1.0,2.1999999999999886,42.0,0.005494505494505466,2.7900000000000205,55.0,0.007021694266874769,2.0,2.5,0.04791382604503214,0.43057827886349287,0.4066213658409768,78.24320283344736,84.5299314573965,86.22808519152088,81.13362398914774,39.499999999995936,9.499999999996504,49.86695634801656,-0.012498437695290932,0.03249999999999886,0.07999999999998408,0.0,0.05000000000001137,0.0,12086.0,12086.0,2022-01-03,2022-01-03 05:20:00,0.6299999999999955,219.0,1.0,best_within_2.0d,12304.0,397.48,0.5832424107187206,4.3760036431226785,32.22527881040892,0.012230020343504162,2.285057100371749,15.890706319702602,0.006381710269403211,0.8772727272727349,2.1999999999999886,42.0,0.005494505494505466,2.7900000000000205,55.0,0.007021694266874769,2.0,0.00402220134195386,1.9444468750000041,16.553125,0.005470102952261012,0.0,1
12086.0,2022-01-03 05:25:00,400.07,400.13,400.04,400.08,6319.0,2s,2s,0.0,sell,False,0.8772727272727349,4.163492493946733,28.239017640954685,0.011578080659927173,0.04520151073256751,0.41227155468254767,0.4348723100488314,0.0010891923260537468,79.36937017010894,87.23564057944027,86.563936987494,88.57904776333282,6319.0,2.7900000000000205,1.0,2.1999999999999886,42.0,0.005494505494505466,2.7900000000000205,56.0,0.007021694266874769,2.0,2.5,0.04520151073256751,0.4348723100488314,0.41227155468254767,79.36937017010894,87.23564057944027,86.563936987494,88.57904776333282,41.36125654449894,7.853403141356753,51.16825277908622,0.0024995625765468306,0.022497750224971247,0.05000000000001137,0.029999999999972715,0.009999999999990905,1.0,12087.0,12087.0,2022-01-03,2022-01-03 05:25:00,0.6498700259947926,218.0,1.0,best_within_2.0d,12304.0,397.48,0.5832424107187206,4.3760036431226785,32.22527881040892,0.012230020343504162,2.285057100371749,15.890706319702602,0.006381710269403211,0.8772727272727349,2.1999999999999886,42.0,0.005494505494505466,2.7900000000000205,56.0,0.007021694266874769,2.0,0.00402220134195386,1.9444468750000041,16.553125,0.005470102952261012,1.0,1
12093.0,2022-01-03 06:00:00,400.15,400.4,400.15,400.35,4728.0,1,1,0.0,sell,False,1.8343937329343105,3.0600000000000023,63.0,0.007701213066894857,-0.03745540377105383,0.3949033041699039,0.37617560228437696,0.0009413470412055635,78.15067565168657,83.36993064963491,83.43915465740695,83.23148263409084,4728.0,3.0600000000000023,1.0,3.0600000000000023,63.0,0.007701213066894857,3.0600000000000023,63.0,0.007701213066894857,1.0,1.0,-0.03745540377105383,0.37617560228437696,0.3949033041699039,78.15067565168657,83.36993064963491,83.43915465740695,83.23148263409084,43.87755102040514,6.122448979594855,60.23297264482058,0.04998125702862564,0.062476571285767835,0.049999999999954525,0.0,0.20000000000004547,1.0,12094.0,12094.0,2022-01-03,2022-01-03 06:00:00,0.7168727363556898,211.0,1.0,best_within_2.0d,12304.0,397.48,0.5832424107187206,4.3760036431226785,32.22527881040892,0.012230020343504162,2.285057100371749,15.890706319702602,0.006381710269403211,0.4929364202292669,5.6011759621451125,36.843533123028394,0.015614239272951093,2.82998018927445,22.52492113564669,0.007835530045022196,1.8630914826498424,0.00402220134195386,1.9444468750000041,16.553125,0.005470102952261012,0.0,1
12094.0,2022-01-03 06:05:00,400.37,400.44,400.37,400.44,2420.0,1,1,0.0,sell,False,1.8343937328242133,3.1000000000000227,64.0,0.007801882518749743,-0.017154377030742518,0.39275900704106104,0.3841818185256898,0.0009612347600047306,79.51564187741596,88.9132870997566,85.2638654715235,96.21213035622281,2420.0,3.1000000000000227,1.0,3.1000000000000227,64.0,0.007801882518749743,3.1000000000000227,64.0,0.007801882518749743,1.0,1.0,-0.017154377030742518,0.3841818185256898,0.39275900704106104,79.51564187741596,88.9132870997566,85.2638654715235,96.21213035622281,43.54838709677399,6.4516129032290594,61.23015662641092,0.017483827459598165,0.017483827459598165,0.0,0.0,0.06999999999999318,1.0,12095.0,12095.0,2022-01-03,2022-01-03 06:05:00,1.3360303665967495,379.0,1.0,best_within_2.0d,12473.0,395.09,0.5832424107187206,4.3760036431226785,32.22527881040892,0.012230020343504162,2.285057100371749,15.890706319702602,0.006381710269403211,0.4929364202292669,5.6011759621451125,36.843533123028394,0.015614239272951093,2.82998018927445,22.52492113564669,0.007835530045022196,1.8630914826498424,0.00402220134195386,1.9444468750000041,16.553125,0.005470102952261012,0.0,1
12095.0,2022-01-03 06:10:00,400.51,400.51,400.47,400.49,3100.0,1,1,0.0,sell,False,1.8343937326859445,3.170000000000016,65.0,0.007978054059495686,-0.00431047738633783,0.3922201973677688,0.3900649586745999,0.0009758072232969824,80.25368564727982,91.39673685438432,87.3081559324771,99.57389869819875,3100.0,3.170000000000016,1.0,3.170000000000016,65.0,0.007978054059495686,3.170000000000016,65.0,0.007978054059495686,1.0,1.0,-0.00431047738633783,0.3900649586745999,0.3922201973677688,80.25368564727982,91.39673685438432,87.3081559324771,99.57389869819875,46.111111111109935,6.666666666670035,62.194919874899526,-0.004993633117770295,0.00998826379003761,0.0,0.01999999999998181,0.01999999999998181,0.0,12096.0,12096.0,2022-01-03,2022-01-03 06:10:00,1.3483482733651362,378.0,1.0,best_within_2.0d,12473.0,395.09,0.5832424107187206,4.3760036431226785,32.22527881040892,0.012230020343504162,2.285057100371749,15.890706319702602,0.006381710269403211,0.4929364202292669,5.6011759621451125,36.843533123028394,0.015614239272951093,2.82998018927445,22.52492113564669,0.007835530045022196,1.8630914826498424,0.00402220134195386,1.9444468750000041,16.553125,0.005470102952261012,0.0,1
12097.0,2022-01-03 06:20:00,400.59,400.67,400.59,400.66,2227.0,1,1,0.0,sell,False,1.8343937332578282,3.330000000000041,67.0,0.008380731866915089,0.01150962701062952,0.3931011314705634,0.3988559449758782,0.0009975009720943446,82.28067034427922,94.49472271064272,90.8454900775543,101.79318797681958,2227.0,3.330000000000041,1.0,3.330000000000041,67.0,0.008380731866915089,3.330000000000041,67.0,0.008380731866915089,1.0,1.0,0.01150962701062952,0.3988559449758782,0.3931011314705634,82.28067034427922,94.49472271064272,90.8454900775543,101.79318797681958,47.3988439306365,6.936416184974801,63.903436723038205,0.01747422551737438,0.01997054344842381,0.009999999999990905,0.0,0.07000000000005002,1.0,12098.0,12098.0,2022-01-03,2022-01-03 06:20:00,1.4201567413767278,379.0,1.0,best_within_2.0d,12476.0,394.97,0.5832424107187206,4.3760036431226785,32.22527881040892,0.012230020343504162,2.285057100371749,15.890706319702602,0.006381710269403211,0.4929364202292669,5.6011759621451125,36.843533123028394,0.015614239272951093,2.82998018927445,22.52492113564669,0.007835530045022196,1.8630914826498424,0.00402220134195386,1.9444468750000041,16.553125,0.005470102952261012,0.0,1
12098.0,2022-01-03 06:25:00,400.62,400.7,400.47,400.5,8475.0,1,1,0.0,sell,False,1.8343937331408102,3.3600000000000136,68.0,0.008456233955806145,-0.00667223200540179,0.39226710246988816,0.38893098646718727,0.0009725634157606636,73.18180243556536,87.32080613142008,89.67059542884289,82.62122753657445,8475.0,3.3600000000000136,1.0,3.3600000000000136,68.0,0.008456233955806145,3.3600000000000136,68.0,0.008456233955806145,1.0,1.0,-0.00667223200540179,0.38893098646718727,0.39226710246988816,73.18180243556536,87.32080613142008,89.67059542884289,82.62122753657445,39.56043956044245,13.186813186814147,62.91033409996402,-0.029953571963457777,0.05743251679275884,0.07999999999998408,0.029999999999972715,0.12000000000000455,0.0,12099.0,12099.0,2022-01-03,2022-01-03 06:25:00,1.3832709113608042,379.0,1.0,best_within_2.0d,12477.0,394.96,0.5832424107187206,4.3760036431226785,32.22527881040892,0.012230020343504162,2.285057100371749,15.890706319702602,0.006381710269403211,0.4929364202292669,5.6011759621451125,36.843533123028394,0.015614239272951093,2.82998018927445,22.52492113564669,0.007835530045022196,1.8630914826498424,0.00402220134195386,1.9444468750000041,16.553125,0.005470102952261012,0.0,1
12100.0,2022-01-03 06:35:00,400.59,400.74,400.59,400.74,6347.0,1,1,0.0,sell,False,1.8343937349270214,3.400000000000034,70.0,0.008556903407661031,-0.0019447721282098707,0.39098921150785665,0.3900168254437517,0.0009750059237484604,77.36732182214897,92.26270062297371,90.25095393924597,96.28619399042915,6347.0,3.400000000000034,1.0,3.400000000000034,70.0,0.008556903407661031,3.400000000000034,70.0,0.008556903407661031,1.0,1.0,-0.0019447721282098707,0.3900168254437517,0.39098921150785665,77.36732182214897,92.26270062297371,90.25095393924597,96.28619399042915,41.860465116281375,13.953488372093792,60.70269803997495,0.037444768965784,0.037444768965784,0.0,0.0,0.1500000000000341,1.0,12101.0,12101.0,2022-01-03,2022-01-03 06:35:00,1.4697809053251452,378.0,1.0,best_within_2.0d,12478.0,394.85,0.5832424107187206,4.3760036431226785,32.22527881040892,0.012230020343504162,2.285057100371749,15.890706319702602,0.006381710269403211,0.4929364202292669,5.6011759621451125,36.843533123028394,0.015614239272951093,2.82998018927445,22.52492113564669,0.007835530045022196,1.8630914826498424,0.00402220134195386,1.9444468750000041,16.553125,0.005470102952261012,1.0,1
12106.0,2022-01-03 07:05:00,400.5,400.52,400.3,400.3,12314.0,3a,3a,1.0,buy,False,0.003435564360408267,4.163492493946733,28.239017640954685,0.011578080659927173,-0.1328631943390015,0.33121919371766106,0.2647875965481603,0.0006616507305852063,54.2491754452478,35.61489188348135,54.48865492165402,-2.132634192863989,12314.0,0.4399999999999977,2.0,0.4399999999999977,7.0,0.001097968757798068,0.4399999999999977,7.0,0.001097968757798068,3.0,3.0,-0.1328631943390015,0.2647875965481603,0.33121919371766106,54.2491754452478,35.61489188348135,54.48865492165402,-2.132634192863989,40.55299539170931,27.64976958525051,50.61444698988453,-0.04993757802746283,0.05495878091430688,0.01999999999998181,0.0,0.19999999999998863,0.0,12107.0,12107.0,2022-01-03,2022-01-03 07:05:00,0.7794154384211852,176.0,1.0,best_within_2.0d,12282.0,403.42,0.5832424107187206,4.3760036431226785,32.22527881040892,0.012230020343504162,2.285057100371749,15.890706319702602,0.006381710269403211,0.4929364202292669,5.6011759621451125,36.843533123028394,0.015614239272951093,2.82998018927445,22.52492113564669,0.007835530045022196,1.8630914826498424,0.003435564360408267,0.4399999999999977,7.0,0.001097968757798068,0.0,0
12110.0,2022-01-03 07:25:00,400.38,400.4,400.23,400.33,8169.0,3a,3a,1.0,buy,False,0.003435564360408267,4.163492493946733,28.239017640954685,0.011578080659927173,-0.15846097862787256,0.2573793470248166,0.1781488577108803,0.00044509881953036653,53.78957222469875,27.407629310523006,34.844695259553376,12.533497412462268,8169.0,0.5099999999999909,2.0,0.5099999999999909,11.0,0.0012726456056295625,0.5099999999999909,11.0,0.0012726456056295625,3.0,3.0,-0.15846097862787256,0.1781488577108803,0.2573793470248166,53.78957222469875,27.407629310523006,34.844695259553376,12.533497412462268,20.082154267461032,35.6001825650363,41.551640779835395,-0.012488136270545826,0.042475576543477264,0.01999999999998181,0.0999999999999659,0.05000000000001137,0.0,12111.0,12111.0,2022-01-03,2022-01-03 07:25:00,0.7718632128494073,172.0,1.0,best_within_2.0d,12282.0,403.42,0.5832424107187206,4.3760036431226785,32.22527881040892,0.012230020343504162,2.285057100371749,15.890706319702602,0.006381710269403211,0.4929364202292669,5.6011759621451125,36.843533123028394,0.015614239272951093,2.82998018927445,22.52492113564669,0.007835530045022196,1.8630914826498424,0.003435564360408267,0.5099999999999909,11.0,0.0012726456056295625,0.0,0
12111.0,2022-01-03 07:30:00,400.35,400.35,400.23,400.32,13124.0,3a,3a,1.0,buy,False,0.003435564360408267,4.163492493946733,28.239017640954685,0.011578080659927173,-0.161128649156206,0.23723826588029082,0.1566739413021878,0.0003914390887496885,53.39407476578659,25.248497059726468,31.64596252627774,12.453566126623919,13124.0,0.5099999999999909,2.0,0.5099999999999909,12.0,0.0012726456056295625,0.5099999999999909,12.0,0.0012726456056295625,3.0,3.0,-0.161128649156206,0.1566739413021878,0.23723826588029082,53.39407476578659,25.248497059726468,31.64596252627774,12.453566126623919,12.729844413015007,36.77510608203413,42.05305419351994,-0.007493443237174862,0.029982759913051132,0.0,0.08999999999997499,0.03000000000002956,0.0,12112.0,12112.0,2022-01-03,2022-01-03 07:30:00,0.7743804956035228,171.0,1.0,best_within_2.0d,12282.0,403.42,0.5832424107187206,4.3760036431226785,32.22527881040892,0.012230020343504162,2.285057100371749,15.890706319702602,0.006381710269403211,0.4929364202292669,5.6011759621451125,36.843533123028394,0.015614239272951093,2.82998018927445,22.52492113564669,0.007835530045022196,1.8630914826498424,0.003435564360408267,0.5099999999999909,12.0,0.0012726456056295625,0.0,0
12114.0,2022-01-03 07:45:00,400.34,400.34,400.14,400.26,7287.0,3a,3a,1.0,buy,False,0.003435564360408267,4.163492493946733,28.239017640954685,0.011578080659927173,-0.14402713175695053,0.18264895987840332,0.11063539399992806,0.00027640215142716294,50.17859435725156,32.194628933294695,31.202696545275728,34.17849370933263,7287.0,0.6000000000000227,2.0,0.6000000000000227,15.0,0.001497230124270157,0.6000000000000227,15.0,0.001497230124270157,3.0,3.0,-0.14402713175695053,0.11063539399992806,0.18264895987840332,50.17859435725156,32.194628933294695,31.202696545275728,34.17849370933263,13.802950975726825,43.78867206092144,41.59867582304509,-0.019983014437723955,0.04998250612285416,0.0,0.12000000000000455,0.07999999999998408,0.0,12115.0,12115.0,2022-01-03,2022-01-03 07:45:00,0.7894868335581935,168.0,1.0,best_within_2.0d,12282.0,403.42,0.5832424107187206,4.3760036431226785,32.22527881040892,0.012230020343504162,2.285057100371749,15.890706319702602,0.006381710269403211,0.4929364202292669,5.6011759621451125,36.843533123028394,0.015614239272951093,2.82998018927445,22.52492113564669,0.007835530045022196,1.8630914826498424,0.003435564360408267,0.6000000000000227,15.0,0.001497230124270157,0.0,0
12144.0,2022-01-03 10:15:00,399.24,399.65,398.95,399.252,574908.0,2,2,0.0,sell,False,0.7176165803108736,4.163492493946733,28.239017640954685,0.011578080659927173,-0.029376865699639154,-0.32350189190572465,-0.3381903247555442,-0.0008468640451332075,49.04781430485797,42.1549080633487,37.5052857911935,51.4541526076591,574908.0,2.769999999999982,1.0,3.8600000000000136,41.0,0.00963218046613768,2.769999999999982,5.0,0.006979439629106989,2.0,2.0,-0.029376865699639154,-0.3381903247555442,-0.32350189190572465,49.04781430485797,42.1549080633487,37.5052857911935,51.4541526076591,24.303305249513553,23.979261179519963,38.45685675917344,0.0030057108506162844,0.175460584033084,0.3979999999999677,0.29000000000002046,0.012000000000000455,1.0,12145.0,12145.0,2022-01-03,2022-01-03 10:15:00,1.6435734824121135,370.0,1.0,best_within_2.0d,12514.0,392.69,0.7176165803108736,3.8600000000000136,41.0,0.00963218046613768,2.769999999999982,5.0,0.006979439629106989,0.4929364202292669,5.6011759621451125,36.843533123028394,0.015614239272951093,2.82998018927445,22.52492113564669,0.007835530045022196,1.8630914826498424,0.00402220134195386,1.9444468750000041,16.553125,0.005470102952261012,0.0,1
12146.0,2022-01-03 10:25:00,399.23,400.16,399.04,399.98,633129.0,2,2,0.0,sell,False,0.8497409326424917,4.163492493946733,28.239017640954685,0.011578080659927173,0.19321939839132485,-0.29322616920149813,-0.1966164700058357,-0.0004922973407807444,55.15338839064742,57.51172320661488,46.109791470148465,80.31558667954772,633129.0,3.2800000000000296,1.0,3.8600000000000136,41.0,0.00963218046613768,3.2800000000000296,7.0,0.00826446280991743,2.0,2.0,0.19321939839132485,-0.1966164700058357,-0.29322616920149813,55.15338839064742,57.51172320661488,46.109791470148465,80.31558667954772,27.337701012507264,25.253126861226605,33.97924396471537,0.18786163364476616,0.2806736166800332,0.18000000000000682,0.18999999999999773,0.75,1.0,12147.0,12147.0,2022-01-03,2022-01-03 10:25:00,1.8225911295564827,368.0,1.0,best_within_2.0d,12514.0,392.69,0.8497409326424917,3.8600000000000136,41.0,0.00963218046613768,3.2800000000000296,7.0,0.00826446280991743,0.4929364202292669,5.6011759621451125,36.843533123028394,0.015614239272951093,2.82998018927445,22.52492113564669,0.007835530045022196,1.8630914826498424,0.00402220134195386,1.9444468750000041,16.553125,0.005470102952261012,0.0,1
12150.0,2022-01-03 10:45:00,399.76,400.55,399.66,400.15,438634.0,2,2,0.0,sell,False,0.9507772020725396,4.163492493946733,28.239017640954685,0.011578080659927173,0.3164621838922913,-0.15915081826709004,-0.0009197263209443918,-2.3022255186100985e-06,56.18139296734244,78.86158166201938,69.60448704515638,97.37577089574538,438634.0,3.670000000000016,1.0,3.8600000000000136,41.0,0.00963218046613768,3.670000000000016,11.0,0.009247127595242936,2.0,2.0,0.3164621838922913,-0.0009197263209443918,-0.15915081826709004,56.18139296734244,78.86158166201938,69.60448704515638,97.37577089574538,18.18181818181844,25.17006802721073,27.759750178021964,0.09755853512106923,0.22268928589300563,0.4000000000000341,0.0999999999999659,0.38999999999998636,1.0,12151.0,12151.0,2022-01-03,2022-01-03 10:45:00,1.8643008871673072,364.0,1.0,best_within_2.0d,12514.0,392.69,0.9507772020725396,3.8600000000000136,41.0,0.00963218046613768,3.670000000000016,11.0,0.009247127595242936,0.4929364202292669,5.6011759621451125,36.843533123028394,0.015614239272951093,2.82998018927445,22.52492113564669,0.007835530045022196,1.8630914826498424,0.00402220134195386,1.9444468750000041,16.553125,0.005470102952261012,0.0,1
12153.0,2022-01-03 11:00:00,400.41,400.6,399.88,400.13,270352.0,2,2,0.0,sell,False,0.9637305699481902,4.163492493946733,28.239017640954685,0.011578080659927173,0.3375592524046734,-0.02560797088543134,0.14317165531690534,0.0003582388254208463,55.08437267734117,83.84678585491127,79.86456367582792,91.81123021307798,270352.0,3.7200000000000273,1.0,3.8600000000000136,41.0,0.00963218046613768,3.7200000000000273,14.0,0.00937311026002829,2.0,2.0,0.3375592524046734,0.14317165531690534,-0.02560797088543134,55.08437267734117,83.84678585491127,79.86456367582792,91.81123021307798,25.259792166267204,7.75379696243028,29.016738779078363,-0.06992832346845222,0.18005401620486827,0.18999999999999773,0.25,0.28000000000002956,0.0,12154.0,12154.0,2022-01-03,2022-01-03 11:00:00,1.8593956963986698,361.0,1.0,best_within_2.0d,12514.0,392.69,0.9637305699481902,3.8600000000000136,41.0,0.00963218046613768,3.7200000000000273,14.0,0.00937311026002829,0.4929364202292669,5.6011759621451125,36.843533123028394,0.015614239272951093,2.82998018927445,22.52492113564669,0.007835530045022196,1.8630914826498424,0.00402220134195386,1.9444468750000041,16.553125,0.005470102952261012,1.0,1
12174.0,2022-01-03 12:45:00,399.96,400.21,399.96,400.19,209726.0,2s,2s,0.0,sell,False,0.8626943005181276,4.163492493946733,28.239017640954685,0.011578080659927173,0.11099732984318049,0.037159583920736185,0.09265824884232643,0.0002318077758338356,57.630687091030005,83.67640410956457,71.63397616125121,107.76126000619129,209726.0,1.3100000000000023,1.0,3.8600000000000136,41.0,0.00963218046613768,1.3100000000000023,10.0,0.0032840310854850897,1.0,2.5,0.11099732984318049,0.09265824884232643,0.037159583920736185,57.630687091030005,83.67640410956457,71.63397616125121,107.76126000619129,23.846022824049637,10.839101283659886,20.272741971329545,0.057505750575062055,0.06250625062506251,0.01999999999998181,0.0,0.2300000000000182,1.0,12175.0,12175.0,2022-01-03,2022-01-03 12:45:00,2.1864614308203603,379.0,1.0,best_within_2.0d,12553.0,391.44,0.5832424107187206,4.3760036431226785,32.22527881040892,0.012230020343504162,2.285057100371749,15.890706319702602,0.006381710269403211,0.8626943005181276,3.8600000000000136,41.0,0.00963218046613768,1.3100000000000023,10.0,0.0032840310854850897,1.0,0.00402220134195386,1.9444468750000041,16.553125,0.005470102952261012,0.0,1
12175.0,2022-01-03 12:50:00,400.2,400.29,399.8401,399.93,154816.0,2s,2s,0.0,sell,False,0.8834196891191743,4.163492493946733,28.239017640954685,0.011578080659927173,0.09276849384262456,0.04875564565106426,0.09513989257237654,0.00023800697428000948,53.1675516971282,79.74260273970958,74.33685168740399,90.55410484432076,154816.0,1.3900000000000432,1.0,3.8600000000000136,41.0,0.00963218046613768,1.3900000000000432,11.0,0.0034845826021560372,1.0,2.5,0.09276849384262456,0.09513989257237654,0.04875564565106426,53.1675516971282,79.74260273970958,74.33685168740399,90.55410484432076,25.37903757415852,13.511865524060731,21.004260746999655,-0.06746626686656217,0.11251997986195324,0.09000000000003183,0.08990000000000009,0.2699999999999818,0.0,12176.0,12176.0,2022-01-03,2022-01-03 12:50:00,2.1228715025129423,378.0,1.0,best_within_2.0d,12553.0,391.44,0.5832424107187206,4.3760036431226785,32.22527881040892,0.012230020343504162,2.285057100371749,15.890706319702602,0.006381710269403211,0.8834196891191743,3.8600000000000136,41.0,0.00963218046613768,1.3900000000000432,11.0,0.0034845826021560372,1.0,0.00402220134195386,1.9444468750000041,16.553125,0.005470102952261012,1.0,1
12180.0,2022-01-03 13:15:00,400.15,400.3,400.11,400.1803,141425.0,2s,2s,0.0,sell,False,0.8860103626943016,4.163492493946733,28.239017640954685,0.011578080659927173,0.06453929392998223,0.08841346931116346,0.12068311627615458,0.0003018349432739786,56.51686102853969,62.878997226899244,64.53112138358053,59.574748913536695,141425.0,1.400000000000034,1.0,3.8600000000000136,41.0,0.00963218046613768,1.400000000000034,16.0,0.00350965154173987,1.0,2.5,0.06453929392998223,0.12068311627615458,0.08841346931116346,56.51686102853969,62.878997226899244,64.53112138358053,59.574748913536695,26.724975704567562,6.703514739228905,25.45888137504171,0.007572160439837835,0.04748694109119935,0.11970000000002301,0.03999999999996362,0.030300000000011096,1.0,12181.0,12181.0,2022-01-03,2022-01-03 13:15:00,2.3381460806541363,377.0,1.0,best_within_2.0d,12557.0,390.8235,0.5832424107187206,4.3760036431226785,32.22527881040892,0.012230020343504162,2.285057100371749,15.890706319702602,0.006381710269403211,0.8860103626943016,3.8600000000000136,41.0,0.00963218046613768,1.400000000000034,16.0,0.00350965154173987,1.0,0.00402220134195386,1.9444468750000041,16.553125,0.005470102952261012,0.0,1
12181.0,2022-01-03 13:20:00,400.18,400.38,400.16,400.3,112456.0,2s,2s,0.0,sell,False,0.9067357512953336,4.163492493946733,28.239017640954685,0.011578080659927173,0.0817227532985951,0.09862881347348786,0.1394901901227854,0.00034884216471833156,58.3520615271943,70.36377592904333,66.47533956540146,78.14064865632707,112456.0,1.4800000000000182,1.0,3.8600000000000136,41.0,0.00963218046613768,1.4800000000000182,17.0,0.003710203058410675,1.0,2.5,0.0817227532985951,0.1394901901227854,0.09862881347348786,58.3520615271943,70.36377592904333,66.47533956540146,78.14064865632707,28.946686252484238,7.152423744923496,27.952776043829935,0.029986506072268618,0.054978008796474014,0.07999999999998408,0.01999999999998181,0.12000000000000455,1.0,12182.0,12182.0,2022-01-03,2022-01-03 13:20:00,2.3673494878840837,376.0,1.0,best_within_2.0d,12557.0,390.8235,0.5832424107187206,4.3760036431226785,32.22527881040892,0.012230020343504162,2.285057100371749,15.890706319702602,0.006381710269403211,0.9067357512953336,3.8600000000000136,41.0,0.00963218046613768,1.4800000000000182,17.0,0.003710203058410675,1.0,0.00402220134195386,1.9444468750000041,16.553125,0.005470102952261012,0.0,1
12182.0,2022-01-03 13:25:00,400.3012,400.43,400.2,400.28,121835.0,2s,2s,0.0,sell,False,0.9196891191709842,4.163492493946733,28.239017640954685,0.011578080659927173,0.08385790427932066,0.10911105150840292,0.15104000364806325,0.00037769740780216115,57.91226307543278,73.74901079252076,68.89989664110789,83.4472390953465,121835.0,1.5300000000000296,1.0,3.8600000000000136,41.0,0.00963218046613768,1.5300000000000296,18.0,0.0038355477563299816,1.0,2.5,0.08385790427932066,0.15104000364806325,0.10911105150840292,57.91226307543278,73.74901079252076,68.89989664110789,83.4472390953465,28.29862611250383,7.152423744923496,30.216793176696914,-0.005296012102891934,0.057471264367820636,0.12880000000001246,0.07999999999998408,0.021200000000021646,0.0,12183.0,12183.0,2022-01-03,2022-01-03 13:25:00,2.36247127011091,375.0,1.0,best_within_2.0d,12557.0,390.8235,0.5832424107187206,4.3760036431226785,32.22527881040892,0.012230020343504162,2.285057100371749,15.890706319702602,0.006381710269403211,0.9196891191709842,3.8600000000000136,41.0,0.00963218046613768,1.5300000000000296,18.0,0.0038355477563299816,1.0,0.00402220134195386,1.9444468750000041,16.553125,0.005470102952261012,0.0,1
12184.0,2022-01-03 13:35:00,400.27,400.49,400.24,400.44,130157.0,2s,2s,0.0,sell,False,0.9352331606217619,4.163492493946733,28.239017640954685,0.011578080659927173,0.08830803461980896,0.1296818070642755,0.17383582437418,0.00043463086089159757,60.526377073974324,81.41865665084475,74.45951365056041,95.33694265141344,130157.0,1.5900000000000318,1.0,3.8600000000000136,41.0,0.00963218046613768,1.5900000000000318,20.0,0.003985961393833121,1.0,2.5,0.08830803461980896,0.17383582437418,0.1296818070642755,60.526377073974324,81.41865665084475,74.45951365056041,95.33694265141344,21.758667991107917,8.398372830045801,31.942573784087564,0.04247133185100455,0.0624625224865081,0.05000000000001137,0.029999999999972715,0.17000000000001592,1.0,12185.0,12185.0,2022-01-03,2022-01-03 13:35:00,2.401483368294869,373.0,1.0,best_within_2.0d,12557.0,390.8235,0.5832424107187206,4.3760036431226785,32.22527881040892,0.012230020343504162,2.285057100371749,15.890706319702602,0.006381710269403211,0.9352331606217619,3.8600000000000136,41.0,0.00963218046613768,1.5900000000000318,20.0,0.003985961393833121,1.0,0.00402220134195386,1.9444468750000041,16.553125,0.005470102952261012,0.0,1
12185.0,2022-01-03 13:40:00,400.43,401.075,400.39,401.02,337536.0,1,1,0.0,sell,False,0.7776673160008427,2.1750000000000114,21.0,0.0054524943594886225,0.16289542508177002,0.15004373519949676,0.23149144774038177,0.0005786702288801685,68.45117764895333,86.31679583554529,78.41194104555537,102.12650541552514,337536.0,2.1750000000000114,1.0,2.1750000000000114,21.0,0.0054524943594886225,2.1750000000000114,21.0,0.0054524943594886225,1.0,1.0,0.16289542508177002,0.23149144774038177,0.15004373519949676,68.45117764895333,86.31679583554529,78.41194104555537,102.12650541552514,32.83731890382273,5.784168266712398,34.664310657096884,0.14734160777163924,0.17108319388596174,0.05500000000000682,0.040000000000020464,0.589999999999975,1.0,12186.0,12186.0,2022-01-03,2022-01-03 13:40:00,2.542641264774814,372.0,1.0,best_within_2.0d,12557.0,390.8235,0.5832424107187206,4.3760036431226785,32.22527881040892,0.012230020343504162,2.285057100371749,15.890706319702602,0.006381710269403211,0.4929364202292669,5.6011759621451125,36.843533123028394,0.015614239272951093,2.82998018927445,22.52492113564669,0.007835530045022196,1.8630914826498424,0.00402220134195386,1.9444468750000041,16.553125,0.005470102952261012,0.0,1
12186.0,2022-01-03 13:45:00,401.02,401.08,400.77,400.9401,196882.0,1,1,0.0,sell,False,0.89833937973359,2.180000000000007,22.0,0.005465028829280539,0.18817220620670588,0.173565260975335,0.26765136407868795,0.0006689494509997966,66.4713856924919,87.59382633167772,81.47256947426281,99.8363400465075,196882.0,2.180000000000007,1.0,2.180000000000007,22.0,0.005465028829280539,2.180000000000007,22.0,0.005465028829280539,1.0,1.0,0.18817220620670588,0.26765136407868795,0.173565260975335,66.4713856924919,87.59382633167772,81.47256947426281,99.8363400465075,32.10580030617445,5.636587855076593,37.19766419663967,-0.019924193307069273,0.0773510991341673,0.060000000000002274,0.17009999999999081,0.07990000000000919,0.0,12187.0,12187.0,2022-01-03,2022-01-03 13:45:00,2.5232198026587884,371.0,1.0,best_within_2.0d,12557.0,390.8235,0.5832424107187206,4.3760036431226785,32.22527881040892,0.012230020343504162,2.285057100371749,15.890706319702602,0.006381710269403211,0.4929364202292669,5.6011759621451125,36.843533123028394,0.015614239272951093,2.82998018927445,22.52492113564669,0.007835530045022196,1.8630914826498424,0.00402220134195386,1.9444468750000041,16.553125,0.005470102952261012,0.0,1
12187.0,2022-01-03 13:50:00,400.97,401.1,400.91,401.04,179919.0,1,1,0.0,sell,False,0.9726460138316517,2.2000000000000455,23.0,0.005515166708448347,0.2037369514575667,0.19903237990753084,0.3009008556363142,0.0007519210691141454,67.72818355724942,90.34032866556286,84.42848920469616,102.16400758729625,179919.0,2.2000000000000455,1.0,2.2000000000000455,23.0,0.005515166708448347,2.2000000000000455,23.0,0.005515166708448347,1.0,1.0,0.2037369514575667,0.3009008556363142,0.19903237990753084,67.72818355724942,90.34032866556286,84.42848920469616,102.16400758729625,32.0124589029248,5.734123550786499,39.51338725018762,0.01745766516198049,0.04739218278416545,0.060000000000002274,0.060000000000002274,0.06999999999999318,1.0,12188.0,12188.0,2022-01-03,2022-01-03 13:50:00,2.5475014961101126,370.0,1.0,best_within_2.0d,12557.0,390.8235,0.5832424107187206,4.3760036431226785,32.22527881040892,0.012230020343504162,2.285057100371749,15.890706319702602,0.006381710269403211,0.4929364202292669,5.6011759621451125,36.843533123028394,0.015614239272951093,2.82998018927445,22.52492113564669,0.007835530045022196,1.8630914826498424,0.00402220134195386,1.9444468750000041,16.553125,0.005470102952261012,0.0,1
12188.0,2022-01-03 13:55:00,401.05,401.165,400.85,401.0,223732.0,1,1,0.0,sell,False,0.972646022868242,2.265000000000043,24.0,0.005678114815743403,0.19407791105012,0.22329211878879587,0.3203310743138559,0.0008003531809553515,66.65088778810997,88.34694896819454,85.73464245919561,93.57156198619242,223732.0,2.265000000000043,1.0,2.265000000000043,24.0,0.005678114815743403,2.265000000000043,24.0,0.005678114815743403,1.0,1.0,0.19407791105012,0.3203310743138559,0.22329211878879587,66.65088778810997,88.34694896819454,85.73464245919561,93.57156198619242,27.38931494489985,5.694829326973879,41.374835592873794,-0.012467273407308656,0.07858301110140893,0.1150000000000091,0.14999999999997726,0.05000000000001137,0.0,12189.0,12189.0,2022-01-03,2022-01-03 13:55:00,2.537780548628423,369.0,1.0,best_within_2.0d,12557.0,390.8235,0.5832424107187206,4.3760036431226785,32.22527881040892,0.012230020343504162,2.285057100371749,15.890706319702602,0.006381710269403211,0.4929364202292669,5.6011759621451125,36.843533123028394,0.015614239272951093,2.82998018927445,22.52492113564669,0.007835530045022196,1.8630914826498424,0.00402220134195386,1.9444468750000041,16.553125,0.005470102952261012,0.0,1
12189.0,2022-01-03 14:00:00,400.995,401.175,400.83,400.89,155236.0,1,1,0.0,sell,False,0.9726459496760795,2.275000000000034,25.0,0.005703183755327235,0.1597386175650778,0.24325944598443056,0.32312875476696945,0.0008072457008734465,63.65243031664449,82.87169340079869,84.78032610639664,79.0544279896028,155236.0,2.275000000000034,1.0,2.275000000000034,25.0,0.005703183755327235,2.275000000000034,25.0,0.005703183755327235,1.0,1.0,0.1597386175650778,0.32312875476696945,0.24325944598443056,63.65243031664449,82.87169340079869,84.78032610639664,79.0544279896028,28.020746340820825,3.630609643532734,43.923686039197676,-0.026184865147949023,0.08607140184118636,0.18000000000000682,0.060000000000002274,0.10500000000001819,0.0,12190.0,12190.0,2022-01-03,2022-01-03 14:00:00,2.511037940582195,368.0,1.0,best_within_2.0d,12557.0,390.8235,0.5832424107187206,4.3760036431226785,32.22527881040892,0.012230020343504162,2.285057100371749,15.890706319702602,0.006381710269403211,0.4929364202292669,5.6011759621451125,36.843533123028394,0.015614239272951093,2.82998018927445,22.52492113564669,0.007835530045022196,1.8630914826498424,0.00402220134195386,1.9444468750000041,16.553125,0.005470102952261012,0.0,1
12190.0,2022-01-03 14:05:00,400.9,401.19,400.77,401.0863,201483.0,1,1,0.0,sell,False,0.9726460445330427,2.2900000000000205,26.0,0.0057407871647029846,0.15046096632807648,0.2620670667754401,0.33729754993947836,0.0008425175717563385,66.5448863254916,85.17218744800114,84.91094655359814,85.69466923680716,201483.0,2.2900000000000205,1.0,2.2900000000000205,26.0,0.0057407871647029846,2.2900000000000205,26.0,0.0057407871647029846,1.0,1.0,0.15046096632807648,0.33729754993947836,0.2620670667754401,66.5448863254916,85.17218744800114,84.91094655359814,85.69466923680716,27.011567306470592,4.770984280327693,45.784661061765696,0.04647044150661437,0.10479826334306858,0.10370000000000346,0.12999999999999545,0.186300000000017,1.0,12191.0,12191.0,2022-01-03,2022-01-03 14:05:00,2.6294341143040723,379.0,1.0,best_within_2.0d,12569.0,390.54,0.5832424107187206,4.3760036431226785,32.22527881040892,0.012230020343504162,2.285057100371749,15.890706319702602,0.006381710269403211,0.4929364202292669,5.6011759621451125,36.843533123028394,0.015614239272951093,2.82998018927445,22.52492113564669,0.007835530045022196,1.8630914826498424,0.00402220134195386,1.9444468750000041,16.553125,0.005470102952261012,0.0,1
12192.0,2022-01-03 14:15:00,401.05,401.3,400.94,401.18,355678.0,1,1,0.0,sell,False,0.9726461344570041,2.400000000000034,28.0,0.0060165455001254305,0.11697746604184922,0.2924480694399402,0.3509368024608648,0.0008763465422647307,67.33397613117927,86.34896520272184,85.45092579418946,88.14504401978661,355678.0,2.400000000000034,1.0,2.400000000000034,28.0,0.0060165455001254305,2.400000000000034,28.0,0.0060165455001254305,1.0,1.0,0.11697746604184922,0.3509368024608648,0.2924480694399402,67.33397613117927,86.34896520272184,85.45092579418946,88.14504401978661,30.66894635606005,2.222697157513169,50.9314909643276,0.032414910858994,0.08978899585973303,0.12000000000000455,0.11000000000001364,0.12999999999999545,1.0,12193.0,12193.0,2022-01-03,2022-01-03 14:15:00,2.9139039832494134,378.0,1.0,best_within_2.0d,12570.0,389.49,0.5832424107187206,4.3760036431226785,32.22527881040892,0.012230020343504162,2.285057100371749,15.890706319702602,0.006381710269403211,0.4929364202292669,5.6011759621451125,36.843533123028394,0.015614239272951093,2.82998018927445,22.52492113564669,0.007835530045022196,1.8630914826498424,0.00402220134195386,1.9444468750000041,16.553125,0.005470102952261012,1.0,1
12197.0,2022-01-03 14:40:00,401.23,401.84,401.21,401.75,322354.0,1,1,0.0,sell,False,0.9726461326522776,2.9399999999999977,33.0,0.007370268237653542,0.07829170611164904,0.3214696531016764,0.36061550615750093,0.0008999627657852046,70.64778745962836,76.0667919462043,72.98270468706576,82.23496646448137,322354.0,2.9399999999999977,1.0,2.9399999999999977,33.0,0.007370268237653542,2.9399999999999977,33.0,0.007370268237653542,1.0,1.0,0.07829170611164904,0.36061550615750093,0.3214696531016764,70.64778745962836,76.0667919462043,72.98270468706576,82.23496646448137,32.59182617692656,3.8758406621829664,57.99629713005983,0.12960147546294687,0.1570249993768838,0.08999999999997499,0.020000000000038654,0.5199999999999818,1.0,12198.0,12198.0,2022-01-03,2022-01-03 14:40:00,3.5967641568139364,379.0,1.0,best_within_2.0d,12576.0,387.3,0.5832424107187206,4.3760036431226785,32.22527881040892,0.012230020343504162,2.285057100371749,15.890706319702602,0.006381710269403211,0.4929364202292669,5.6011759621451125,36.843533123028394,0.015614239272951093,2.82998018927445,22.52492113564669,0.007835530045022196,1.8630914826498424,0.00402220134195386,1.9444468750000041,16.553125,0.005470102952261012,0.0,1
12198.0,2022-01-03 14:45:00,401.77,401.94,401.68,401.8178,237913.0,1,1,0.0,sell,False,0.9726461336272286,3.0400000000000205,34.0,0.007620957633492155,0.11647683687919519,0.3360292577115758,0.3942676761511734,0.000983742927791555,71.39640132960865,80.56304648265417,75.50948528559523,90.67016887677207,237913.0,3.0400000000000205,1.0,3.0400000000000205,34.0,0.007620957633492155,3.0400000000000205,34.0,0.007620957633492155,1.0,1.0,0.11647683687919519,0.3942676761511734,0.3360292577115758,71.39640132960865,80.56304648265417,75.50948528559523,90.67016887677207,33.14403717088298,3.8678368611252907,59.503667414602255,0.011897354207630032,0.06472814180441917,0.12220000000002074,0.08999999999997499,0.04779999999999518,1.0,12199.0,12199.0,2022-01-03,2022-01-03 14:45:00,3.61303058251774,378.0,1.0,best_within_2.0d,12576.0,387.3,0.5832424107187206,4.3760036431226785,32.22527881040892,0.012230020343504162,2.285057100371749,15.890706319702602,0.006381710269403211,0.4929364202292669,5.6011759621451125,36.843533123028394,0.015614239272951093,2.82998018927445,22.52492113564669,0.007835530045022196,1.8630914826498424,0.00402220134195386,1.9444468750000041,16.553125,0.005470102952261012,1.0,1
12208.0,2022-01-03 15:35:00,403.19,403.5699,403.09,403.3399,281559.0,1p,1p,0.0,sell,False,2021456.3053133294,2.8799000000000206,10.0,0.007187351818113805,0.4042912610626659,0.040762567426839494,0.24290819795817242,0.0006036888405266643,65.60350106027417,90.359543819929,84.18443345537722,102.70976454903257,281559.0,2.8799000000000206,0.0,2.8799000000000206,10.0,0.007187351818113805,2.8799000000000206,0.0,0.0,1.0,1.0,0.4042912610626659,0.24290819795817242,0.040762567426839494,65.60350106027417,90.359543819929,84.18443345537722,102.70976454903257,24.842422730182392,22.795274309208672,37.27713088322241,0.03717850145092943,0.11905529782431797,0.2300000000000182,0.10000000000002274,0.14990000000000236,1.0,12209.0,12209.0,2022-01-03,2022-01-03 15:35:00,4.299078767064701,373.0,1.0,best_within_2.0d,12581.0,386.0,0.5832424107187206,4.3760036431226785,32.22527881040892,0.012230020343504162,2.285057100371749,15.890706319702602,0.006381710269403211,0.4929364202292669,5.6011759621451125,36.843533123028394,0.015614239272951093,2.82998018927445,22.52492113564669,0.007835530045022196,1.8630914826498424,0.00402220134195386,1.9444468750000041,16.553125,0.005470102952261012,0.0,1
12209.0,2022-01-03 15:40:00,401.63,401.68,400.79,401.1,405984.0,3a,3a,1.0,buy,False,0.003435564360408267,4.163492493946733,28.239017640954685,0.011578080659927173,-0.14361997608195576,0.325102880420796,0.2532928923798181,0.0006312999022742787,48.14009469126875,51.23207655746912,59.69186250717267,34.31250465806201,405984.0,1.1499999999999773,2.0,1.1499999999999773,12.0,0.0028611235507786667,1.1499999999999773,12.0,0.0028611235507786667,3.0,3.0,-0.14361997608195576,0.2532928923798181,0.325102880420796,48.14009469126875,51.23207655746912,59.69186250717267,34.31250465806201,21.98459134353318,24.71199622051744,40.56513756615531,-0.13196225381569424,0.22206142867835682,0.05000000000001137,0.3100000000000023,0.5299999999999727,0.0,12210.0,12210.0,2022-01-03,2022-01-03 15:40:00,0.5784093742208908,73.0,1.0,best_within_2.0d,12282.0,403.42,0.5832424107187206,4.3760036431226785,32.22527881040892,0.012230020343504162,2.285057100371749,15.890706319702602,0.006381710269403211,0.4929364202292669,5.6011759621451125,36.843533123028394,0.015614239272951093,2.82998018927445,22.52492113564669,0.007835530045022196,1.8630914826498424,0.003435564360408267,1.1499999999999773,12.0,0.0028611235507786667,1.0,0
12214.0,2022-01-03 16:05:00,401.93,402.02,401.85,401.97,120821.0,1p,1p,0.0,sell,False,4.9082873873252e-07,1.2299999999999613,6.0,0.0030689388457794888,-0.024044905822850127,0.2721419930157947,0.26011954010436966,0.0006480247198899266,61.27697477105926,85.84836931005779,74.89873101460428,107.74764590096478,120821.0,1.2299999999999613,0.0,1.2299999999999613,6.0,0.0030689388457794888,1.2299999999999613,0.0,0.0,1.0,1.0,-0.024044905822850127,0.26011954010436966,0.2721419930157947,61.27697477105926,85.84836931005779,74.89873101460428,107.74764590096478,14.096205455719387,16.815572239018397,35.54985499394723,0.009951981688358785,0.04230434241631431,0.049999999999954525,0.07999999999998408,0.040000000000020464,1.0,12215.0,12215.0,2022-01-03,2022-01-03 16:05:00,4.433166654227939,377.0,1.0,best_within_2.0d,12591.0,384.15,0.5832424107187206,4.3760036431226785,32.22527881040892,0.012230020343504162,2.285057100371749,15.890706319702602,0.006381710269403211,0.4929364202292669,5.6011759621451125,36.843533123028394,0.015614239272951093,2.82998018927445,22.52492113564669,0.007835530045022196,1.8630914826498424,0.00402220134195386,1.9444468750000041,16.553125,0.005470102952261012,0.0,1
12217.0,2022-01-03 16:20:00,402.02,402.1801,402.02,402.0996,17066.0,1p,1p,0.0,sell,False,0.032862940913239685,1.3900999999999613,9.0,0.003468399910177303,0.006695398683887688,0.26883933340489846,0.2721870327468423,0.0006778806706945351,62.54224373770822,91.88925426937072,85.7989419036322,104.06987900084778,17066.0,1.3900999999999613,0.0,1.3900999999999613,9.0,0.003468399910177303,1.3900999999999613,0.0,0.0,1.0,1.0,0.006695398683887688,0.2721870327468423,0.26883933340489846,62.54224373770822,91.88925426937072,85.7989419036322,104.06987900084778,13.76597836774836,20.041119156163653,31.89819289081904,0.01980000994976062,0.039823889358738346,0.08049999999997226,0.0,0.07960000000002765,1.0,12218.0,12218.0,2022-01-03,2022-01-03 16:20:00,4.463968628668129,374.0,1.0,best_within_2.0d,12591.0,384.15,0.5832424107187206,4.3760036431226785,32.22527881040892,0.012230020343504162,2.285057100371749,15.890706319702602,0.006381710269403211,0.4929364202292669,5.6011759621451125,36.843533123028394,0.015614239272951093,2.82998018927445,22.52492113564669,0.007835530045022196,1.8630914826498424,0.00402220134195386,1.9444468750000041,16.553125,0.005470102952261012,1.0,1
12236.0,2022-01-03 18:10:00,402.13,402.23,402.05,402.23,16657.0,1p,1p,0.0,sell,False,0.032862940913239685,1.4399999999999977,28.0,0.003592904014571216,-0.0111281546586256,0.14042807005147256,0.13486399272215976,0.00033556668066034664,60.561640039328005,90.07433102402584,84.5580372503573,101.10691857136294,16657.0,1.4399999999999977,0.0,1.4399999999999977,28.0,0.003592904014571216,1.4399999999999977,0.0,0.0,1.0,1.0,-0.0111281546586256,0.13486399272215976,0.14042807005147256,60.561640039328005,90.07433102402584,84.5580372503573,101.10691857136294,18.30602255798848,15.322409023197523,45.156354570112384,0.024867580135782642,0.04477055092650337,0.0,0.07999999999998408,0.10000000000002274,1.0,12237.0,12237.0,2022-01-03,2022-01-03 18:10:00,4.494940705566477,355.0,1.0,best_within_2.0d,12591.0,384.15,0.5832424107187206,4.3760036431226785,32.22527881040892,0.012230020343504162,2.285057100371749,15.890706319702602,0.006381710269403211,0.4929364202292669,5.6011759621451125,36.843533123028394,0.015614239272951093,2.82998018927445,22.52492113564669,0.007835530045022196,1.8630914826498424,0.00402220134195386,1.9444468750000041,16.553125,0.005470102952261012,1.0,1
12255.0,2022-01-03 19:45:00,401.67,401.77,401.62,401.73,3290.0,2,2,0.0,sell,False,0.3611111111110848,4.163492493946733,28.239017640954685,0.011578080659927173,-0.017249873019842932,-0.05547786696247303,-0.0641028034723945,-0.0001595631555537388,49.45036616995854,55.25629440144927,40.66966434408735,84.42955451617308,3290.0,0.2599999999999909,1.0,0.7200000000000273,11.0,0.0017900206349601652,0.2599999999999909,10.0,0.000647555478070262,2.0,2.0,-0.017249873019842932,-0.0641028034723945,-0.05547786696247303,49.45036616995854,55.25629440144927,40.66966434408735,84.42955451617308,25.95419847328049,25.190839694659566,45.1430420504667,0.014937635372321127,0.03734873761266303,0.03999999999996362,0.05000000000001137,0.060000000000002274,1.0,12256.0,12256.0,2022-01-03,2022-01-03 19:45:00,4.37607348218954,336.0,1.0,best_within_2.0d,12591.0,384.15,0.3611111111110848,0.7200000000000273,11.0,0.0017900206349601652,0.2599999999999909,10.0,0.000647555478070262,0.4929364202292669,5.6011759621451125,36.843533123028394,0.015614239272951093,2.82998018927445,22.52492113564669,0.007835530045022196,1.8630914826498424,0.00402220134195386,1.9444468750000041,16.553125,0.005470102952261012,0.0,1
12256.0,2022-01-03 19:50:00,401.79,401.87,401.78,401.87,2900.0,2,2,0.0,sell,False,0.5,4.163492493946733,28.239017640954685,0.011578080659927173,0.018650748217822685,-0.053146523435245195,-0.04382114932633385,-0.00010907592323412979,56.03027156979229,70.1708629342995,50.5033972074914,109.5057943879157,2900.0,0.36000000000001364,1.0,0.7200000000000273,11.0,0.0017900206349601652,0.36000000000001364,11.0,0.0008966152773281204,2.0,2.0,0.018650748217822685,-0.04382114932633385,-0.053146523435245195,56.03027156979229,70.1708629342995,50.5033972074914,109.5057943879157,31.884057971014435,22.46376811594227,43.15663428495713,0.01991089872818738,0.02240031858231665,0.0,0.010000000000047748,0.07999999999998408,1.0,12257.0,12257.0,2022-01-03,2022-01-03 19:50:00,4.409386119889523,335.0,1.0,best_within_2.0d,12591.0,384.15,0.5,0.7200000000000273,11.0,0.0017900206349601652,0.36000000000001364,11.0,0.0008966152773281204,0.4929364202292669,5.6011759621451125,36.843533123028394,0.015614239272951093,2.82998018927445,22.52492113564669,0.007835530045022196,1.8630914826498424,0.00402220134195386,1.9444468750000041,16.553125,0.005470102952261012,0.0,1
12257.0,2022-01-03 19:55:00,401.87,401.89,401.8,401.87,9107.0,2,2,0.0,sell,False,0.5277777777777515,4.163492493946733,28.239017640954685,0.011578080659927173,0.041143912477286756,-0.04800353437558435,-0.02743157813694097,-6.827885704163432e-05,56.03027156979229,78.15312430914248,59.71997290804176,115.01942711134394,9107.0,0.37999999999999545,1.0,0.7200000000000273,11.0,0.0017900206349601652,0.37999999999999545,12.0,0.0009464272371796355,2.0,2.0,0.041143912477286756,-0.02743157813694097,-0.04800353437558435,56.03027156979229,78.15312430914248,59.71997290804176,115.01942711134394,32.608695652170425,22.463768115943193,41.389807024000994,0.0,0.022399203583866347,0.01999999999998181,0.06999999999999318,0.0,0.0,12258.0,12258.0,2022-01-03,2022-01-03 19:55:00,4.409386119889523,334.0,1.0,best_within_2.0d,12591.0,384.15,0.5277777777777515,0.7200000000000273,11.0,0.0017900206349601652,0.37999999999999545,12.0,0.0009464272371796355,0.4929364202292669,5.6011759621451125,36.843533123028394,0.015614239272951093,2.82998018927445,22.52492113564669,0.007835530045022196,1.8630914826498424,0.00402220134195386,1.9444468750000041,16.553125,0.005470102952261012,0.0,1
12258.0,2022-01-04 04:00:00,401.78,401.91,401.78,401.91,6803.0,2,2,0.0,sell,False,0.5555555555555819,4.163492493946733,28.239017640954685,0.011578080659927173,0.05906605141615716,-0.0406202779485647,-0.011087252240486123,-2.759606808436499e-05,57.84836975807073,85.43541620609498,68.29178734072616,119.72267393683262,6803.0,0.4000000000000341,1.0,0.7200000000000273,11.0,0.0017900206349601652,0.4000000000000341,13.0,0.0009962391970312922,2.0,2.0,0.05906605141615716,-0.011087252240486123,-0.0406202779485647,57.84836975807073,85.43541620609498,68.29178734072616,119.72267393683262,31.91489361701587,14.893617021278912,41.03079483397395,0.03235601573001451,0.03235601573001451,0.0,0.0,0.1300000000000523,1.0,12259.0,12259.0,2022-01-04,2022-01-04 04:00:00,4.418899753676208,333.0,1.0,best_within_2.0d,12591.0,384.15,0.5555555555555819,0.7200000000000273,11.0,0.0017900206349601652,0.4000000000000341,13.0,0.0009962391970312922,0.4929364202292669,5.6011759621451125,36.843533123028394,0.015614239272951093,2.82998018927445,22.52492113564669,0.007835530045022196,1.8630914826498424,0.00402220134195386,1.9444468750000041,16.553125,0.005470102952261012,0.0,1
12259.0,2022-01-04 04:05:00,401.93,401.97,401.9,401.9,1923.0,2,2,0.0,sell,False,0.6388888888889152,4.163492493946733,28.239017640954685,0.011578080659927173,0.06666726224048389,-0.03228687016850422,0.001046760951737724,2.6053155157923353e-06,57.21146961476983,84.45694413739298,73.68017293961509,106.01048653294876,1923.0,0.4600000000000364,1.0,0.7200000000000273,11.0,0.0017900206349601652,0.4600000000000364,14.0,0.001145675076585979,2.0,2.0,0.06666726224048389,0.001046760951737724,-0.03228687016850422,57.21146961476983,84.45694413739298,73.68017293961509,106.01048653294876,39.84374999999216,7.031250000002013,43.1000237744035,-0.0074639862662726235,0.017417267977121183,0.040000000000020464,0.0,0.03000000000002956,0.0,12260.0,12260.0,2022-01-04,2022-01-04 04:05:00,4.677780542423477,382.0,1.0,best_within_2.0d,12641.0,383.1,0.6388888888889152,0.7200000000000273,11.0,0.0017900206349601652,0.4600000000000364,14.0,0.001145675076585979,0.4929364202292669,5.6011759621451125,36.843533123028394,0.015614239272951093,2.82998018927445,22.52492113564669,0.007835530045022196,1.8630914826498424,0.00402220134195386,1.9444468750000041,16.553125,0.005470102952261012,0.0,1
12260.0,2022-01-04 04:10:00,402.0,402.07,401.94,402.07,1439.0,2,2,0.0,sell,False,0.7777777777777515,4.163492493946733,28.239017640954685,0.011578080659927173,0.09022345803889323,-0.021008937913642566,0.024102791105804044,5.998695904339768e-05,64.3893157630078,89.63796275826198,78.99943621249739,110.91501584979113,1439.0,0.5600000000000023,1.0,0.7200000000000273,11.0,0.0017900206349601652,0.5600000000000023,15.0,0.0013947348758436959,2.0,2.0,0.09022345803889323,0.024102791105804044,-0.021008937913642566,64.3893157630078,89.63796275826198,78.99943621249739,110.91501584979113,45.86466165412445,4.511278195488561,45.88499009328916,0.01741293532338139,0.03234313579141052,0.0,0.060000000000002274,0.06999999999999318,1.0,12261.0,12261.0,2022-01-04,2022-01-04 04:10:00,4.718083915736059,381.0,1.0,best_within_2.0d,12641.0,383.1,0.7777777777777515,0.7200000000000273,11.0,0.0017900206349601652,0.5600000000000023,15.0,0.0013947348758436959,0.4929364202292669,5.6011759621451125,36.843533123028394,0.015614239272951093,2.82998018927445,22.52492113564669,0.007835530045022196,1.8630914826498424,0.00402220134195386,1.9444468750000041,16.553125,0.005470102952261012,0.0,1
12261.0,2022-01-04 04:15:00,402.03,402.23,402.01,402.23,2466.0,1,1,0.0,sell,False,0.5942126990577682,0.7200000000000273,16.0,0.001793230554656241,0.12106308382339057,-0.0058760524357187455,0.05465548947597654,0.00013601565983422962,69.56426723656392,93.09197517217464,83.69694919905646,111.88202711841097,2466.0,0.7200000000000273,2.0,0.7200000000000273,16.0,0.001793230554656241,0.7200000000000273,16.0,0.001793230554656241,1.0,1.0,0.12106308382339057,0.05465548947597654,-0.0058760524357187455,69.56426723656392,93.09197517217464,83.69694919905646,111.88202711841097,51.33333333332444,3.999999999999848,48.71764570624681,0.0497475312787716,0.05472500684063264,0.0,0.01999999999998181,0.20000000000004547,1.0,12262.0,12262.0,2022-01-04,2022-01-04 04:15:00,4.755985381498147,380.0,1.0,best_within_2.0d,12641.0,383.1,0.5832424107187206,4.3760036431226785,32.22527881040892,0.012230020343504162,2.285057100371749,15.890706319702602,0.006381710269403211,0.4929364202292669,5.6011759621451125,36.843533123028394,0.015614239272951093,2.82998018927445,22.52492113564669,0.007835530045022196,1.8630914826498424,0.00402220134195386,1.9444468750000041,16.553125,0.005470102952261012,0.0,1
12262.0,2022-01-04 04:20:00,402.22,402.23,402.1,402.15,4601.0,1,1,0.0,sell,False,0.6083469468862535,0.7200000000000273,17.0,0.001793230554656241,0.12394275238711161,0.009616791612670206,0.07158816780622601,0.00017814389379995754,64.51593803973043,91.35424607437713,86.24938149083002,101.56397524147138,4601.0,0.7200000000000273,2.0,0.7200000000000273,17.0,0.001793230554656241,0.7200000000000273,17.0,0.001793230554656241,1.0,1.0,0.12394275238711161,0.07158816780622601,0.009616791612670206,64.51593803973043,91.35424607437713,86.24938149083002,101.56397524147138,44.736842105257054,3.947368421052533,51.222369854642196,-0.017403411068581873,0.03233026610295833,0.009999999999990905,0.049999999999954525,0.07000000000005002,0.0,12263.0,12263.0,2022-01-04,2022-01-04 04:20:00,4.737038418500548,379.0,1.0,best_within_2.0d,12641.0,383.1,0.5832424107187206,4.3760036431226785,32.22527881040892,0.012230020343504162,2.285057100371749,15.890706319702602,0.006381710269403211,0.4929364202292669,5.6011759621451125,36.843533123028394,0.015614239272951093,2.82998018927445,22.52492113564669,0.007835530045022196,1.8630914826498424,0.00402220134195386,1.9444468750000041,16.553125,0.005470102952261012,0.0,1
12266.0,2022-01-04 04:40:00,402.21,402.36,402.19,402.29,1894.0,1,1,0.0,sell,False,0.615778362961977,0.8500000000000227,21.0,0.002117008293691372,0.1039227196288795,0.06408958039438259,0.11605094020882234,0.0002887216621178351,66.09959115768689,88.35137785098075,87.75062939166239,89.55287476961752,1894.0,0.8500000000000227,2.0,0.8500000000000227,21.0,0.002117008293691372,0.8500000000000227,21.0,0.002117008293691372,1.0,1.0,0.1039227196288795,0.11605094020882234,0.06408958039438259,66.09959115768689,88.35137785098075,87.75062939166239,89.55287476961752,43.42857142856526,5.714285714286271,58.1311641824168,0.01989010715796249,0.04226857952709314,0.06999999999999318,0.01999999999998181,0.08000000000004093,1.0,12267.0,12267.0,2022-01-04,2022-01-04 04:40:00,4.7701906584802,375.0,1.0,best_within_2.0d,12641.0,383.1,0.5832424107187206,4.3760036431226785,32.22527881040892,0.012230020343504162,2.285057100371749,15.890706319702602,0.006381710269403211,0.4929364202292669,5.6011759621451125,36.843533123028394,0.015614239272951093,2.82998018927445,22.52492113564669,0.007835530045022196,1.8630914826498424,0.00402220134195386,1.9444468750000041,16.553125,0.005470102952261012,0.0,1
12268.0,2022-01-04 04:50:00,402.38,402.42,402.38,402.4,500.0,1,1,0.0,sell,False,0.615778362961977,0.910000000000025,23.0,0.002266444173246059,0.10517709118421154,0.090161311445935,0.14274985703804077,0.0003550927665252076,69.37182545269795,91.98467034922422,89.67524514762992,96.60352075241283,500.0,0.910000000000025,2.0,0.910000000000025,23.0,0.002266444173246059,0.910000000000025,23.0,0.002266444173246059,1.0,1.0,0.10517709118421154,0.14274985703804077,0.090161311445935,69.37182545269795,91.98467034922422,89.67524514762992,96.60352075241283,47.428571428565895,4.571428571430465,61.06371985280912,0.004970425965500723,0.009940851931015572,0.020000000000038654,0.0,0.01999999999998181,1.0,12269.0,12269.0,2022-01-04,2022-01-04 04:50:00,4.796222664015894,373.0,1.0,best_within_2.0d,12641.0,383.1,0.5832424107187206,4.3760036431226785,32.22527881040892,0.012230020343504162,2.285057100371749,15.890706319702602,0.006381710269403211,0.4929364202292669,5.6011759621451125,36.843533123028394,0.015614239272951093,2.82998018927445,22.52492113564669,0.007835530045022196,1.8630914826498424,0.00402220134195386,1.9444468750000041,16.553125,0.005470102952261012,0.0,1
12269.0,2022-01-04 04:55:00,402.37,402.44,402.37,402.44,846.0,1,1,0.0,sell,False,0.6157783629619773,0.9300000000000068,24.0,0.002316256133097574,0.10424085927339344,0.10319141885510918,0.1553118484918059,0.00038631013421597986,70.51603811252743,94.6564468994828,91.33564573158088,101.29804923528661,846.0,0.9300000000000068,2.0,0.9300000000000068,24.0,0.002316256133097574,0.9300000000000068,24.0,0.002316256133097574,1.0,1.0,0.10424085927339344,0.1553118484918059,0.10319141885510918,70.51603811252743,94.6564468994828,91.33564573158088,101.29804923528661,41.81818181817649,4.848484848486727,62.3606526648063,0.017396923229861368,0.017396923229861368,0.0,0.0,0.06999999999999318,1.0,12270.0,12270.0,2022-01-04,2022-01-04 04:55:00,4.805685319550735,372.0,1.0,best_within_2.0d,12641.0,383.1,0.5832424107187206,4.3760036431226785,32.22527881040892,0.012230020343504162,2.285057100371749,15.890706319702602,0.006381710269403211,0.4929364202292669,5.6011759621451125,36.843533123028394,0.015614239272951093,2.82998018927445,22.52492113564669,0.007835530045022196,1.8630914826498424,0.00402220134195386,1.9444468750000041,16.553125,0.005470102952261012,0.0,1
12270.0,2022-01-04 05:00:00,402.55,402.56,402.53,402.53,872.0,1,1,0.0,sell,False,0.615778362961977,1.0500000000000114,25.0,0.0026151278922069473,0.10779519570720933,0.11666581831851035,0.170563416172115,0.0004242072966464331,72.96343472533229,94.35429793298655,92.34186313204944,98.37916753486076,872.0,1.0500000000000114,2.0,1.0500000000000114,25.0,0.0026151278922069473,1.0500000000000114,25.0,0.0026151278922069473,1.0,1.0,0.10779519570720933,0.170563416172115,0.11666581831851035,72.96343472533229,94.35429793298655,92.34186313204944,98.37916753486076,43.558282208581744,4.907975460124539,63.60252286325072,-0.004968326915920669,0.007452860656355939,0.009999999999990905,0.0,0.020000000000038654,0.0,12271.0,12271.0,2022-01-04,2022-01-04 05:00:00,4.826969418428428,371.0,1.0,best_within_2.0d,12641.0,383.1,0.5832424107187206,4.3760036431226785,32.22527881040892,0.012230020343504162,2.285057100371749,15.890706319702602,0.006381710269403211,0.4929364202292669,5.6011759621451125,36.843533123028394,0.015614239272951093,2.82998018927445,22.52492113564669,0.007835530045022196,1.8630914826498424,0.00402220134195386,1.9444468750000041,16.553125,0.005470102952261012,0.0,1
12271.0,2022-01-04 05:05:00,402.61,402.7,402.61,402.7,1250.0,1,1,0.0,sell,False,0.6157783629619772,1.1899999999999977,26.0,0.0029638116111678357,0.12394294834873376,0.13215868686210208,0.19413016103646896,0.00048276448196822596,76.86915477734311,96.23619862199104,93.63997496202997,101.42864594191317,1250.0,1.1899999999999977,2.0,1.1899999999999977,26.0,0.0029638116111678357,1.1899999999999977,26.0,0.0029638116111678357,1.0,1.0,0.12394294834873376,0.19413016103646896,0.13215868686210208,76.86915477734311,96.23619862199104,93.63997496202997,101.42864594191317,48.538011695898014,4.678362573101087,64.94645568855951,0.02235413924144333,0.02235413924144333,0.0,0.0,0.08999999999997499,1.0,12272.0,12272.0,2022-01-04,2022-01-04 05:05:00,4.867146759374216,370.0,1.0,best_within_2.0d,12641.0,383.1,0.5832424107187206,4.3760036431226785,32.22527881040892,0.012230020343504162,2.285057100371749,15.890706319702602,0.006381710269403211,0.4929364202292669,5.6011759621451125,36.843533123028394,0.015614239272951093,2.82998018927445,22.52492113564669,0.007835530045022196,1.8630914826498424,0.00402220134195386,1.9444468750000041,16.553125,0.005470102952261012,0.0,1
12272.0,2022-01-04 05:10:00,402.7,402.95,402.7,402.95,1600.0,1,1,0.0,sell,False,0.7709247264899886,1.4399999999999977,27.0,0.0035864611093123404,0.15706585357831349,0.15179191855939128,0.23032484534854802,0.0005726863595418868,81.17582256408838,97.49079908132735,94.92358300179575,102.62523124039058,1600.0,1.4399999999999977,2.0,1.4399999999999977,27.0,0.0035864611093123404,1.4399999999999977,27.0,0.0035864611093123404,1.0,1.0,0.15706585357831349,0.23032484534854802,0.15179191855939128,81.17582256408838,97.49079908132735,94.92358300179575,102.62523124039058,59.01639344261527,4.371584699455283,66.4650586073565,0.06208095356344674,0.06208095356344674,0.0,0.0,0.25,1.0,12273.0,12273.0,2022-01-04,2022-01-04 05:10:00,4.926169499937949,369.0,1.0,best_within_2.0d,12641.0,383.1,0.5832424107187206,4.3760036431226785,32.22527881040892,0.012230020343504162,2.285057100371749,15.890706319702602,0.006381710269403211,0.4929364202292669,5.6011759621451125,36.843533123028394,0.015614239272951093,2.82998018927445,22.52492113564669,0.007835530045022196,1.8630914826498424,0.00402220134195386,1.9444468750000041,16.553125,0.005470102952261012,0.0,1
12274.0,2022-01-04 05:20:00,402.94,403.15,402.94,403.09,1301.0,1,1,0.0,sell,False,0.8459263865991997,1.6399999999999864,29.0,0.004084580707827915,0.17234646316321933,0.19275248919409355,0.2789257207757032,0.0006933331671315105,79.50766767091778,94.47588486301942,94.75551568725554,93.91662321454717,1301.0,1.6399999999999864,2.0,1.6399999999999864,29.0,0.004084580707827915,1.6399999999999864,29.0,0.004084580707827915,1.0,1.0,0.17234646316321933,0.2789257207757032,0.19275248919409355,79.50766767091778,94.47588486301942,94.75551568725554,93.91662321454717,61.421319796950655,4.06091370558566,69.23398257499717,0.03722638606243542,0.05211694048741241,0.060000000000002274,0.0,0.14999999999997726,1.0,12275.0,12275.0,2022-01-04,2022-01-04 05:20:00,4.959190255277966,367.0,1.0,best_within_2.0d,12641.0,383.1,0.5832424107187206,4.3760036431226785,32.22527881040892,0.012230020343504162,2.285057100371749,15.890706319702602,0.006381710269403211,0.4929364202292669,5.6011759621451125,36.843533123028394,0.015614239272951093,2.82998018927445,22.52492113564669,0.007835530045022196,1.8630914826498424,0.00402220134195386,1.9444468750000041,16.553125,0.005470102952261012,0.0,1
12275.0,2022-01-04 05:25:00,403.15,403.16,403.13,403.15,2700.0,1,1,0.0,sell,False,0.8742441230311534,1.650000000000034,30.0,0.004109486687753815,0.17811583245604395,0.21501696825109903,0.304074884479121,0.0007557283977431943,80.36975143234686,95.91565014964156,95.14222717471755,97.46249609948958,2700.0,1.650000000000034,2.0,1.650000000000034,30.0,0.004109486687753815,1.650000000000034,30.0,0.004109486687753815,1.0,1.0,0.17811583245604395,0.304074884479121,0.21501696825109903,80.36975143234686,95.91565014964156,95.14222717471755,97.46249609948958,58.24175824175495,4.395604395606386,70.42904898254702,0.0,0.007441768164123127,0.010000000000047748,0.01999999999998181,0.0,0.0,12276.0,12276.0,2022-01-04,2022-01-04 05:25:00,4.973334986977541,366.0,1.0,best_within_2.0d,12641.0,383.1,0.5832424107187206,4.3760036431226785,32.22527881040892,0.012230020343504162,2.285057100371749,15.890706319702602,0.006381710269403211,0.4929364202292669,5.6011759621451125,36.843533123028394,0.015614239272951093,2.82998018927445,22.52492113564669,0.007835530045022196,1.8630914826498424,0.00402220134195386,1.9444468750000041,16.553125,0.005470102952261012,0.0,1
12276.0,2022-01-04 05:30:00,403.18,403.18,403.17,403.17,4950.0,1,1,0.0,sell,False,0.8742441230310694,1.670000000000016,31.0,0.00415929864760533,0.17102700433746365,0.23639534379328203,0.32190884596201386,0.0007999325076426756,80.66178838716715,96.86557746601656,95.71667727181722,99.16337785441522,4950.0,1.670000000000016,2.0,1.670000000000016,31.0,0.00415929864760533,1.670000000000016,31.0,0.00415929864760533,1.0,1.0,0.17102700433746365,0.32190884596201386,0.23639534379328203,80.66178838716715,96.86557746601656,95.71667727181722,99.16337785441522,62.790697674412534,4.651162790699673,71.55603809463061,-0.002480281760005681,0.0024803432795076283,0.0,0.0,0.009999999999990905,0.0,12277.0,12277.0,2022-01-04,2022-01-04 05:30:00,4.978048961976335,365.0,1.0,best_within_2.0d,12641.0,383.1,0.5832424107187206,4.3760036431226785,32.22527881040892,0.012230020343504162,2.285057100371749,15.890706319702602,0.006381710269403211,0.4929364202292669,5.6011759621451125,36.843533123028394,0.015614239272951093,2.82998018927445,22.52492113564669,0.007835530045022196,1.8630914826498424,0.00402220134195386,1.9444468750000041,16.553125,0.005470102952261012,1.0,1
12281.0,2022-01-04 06:00:00,403.0,403.4,402.95,403.32,4850.0,1,1,0.0,sell,False,0.8742441230310567,1.8899999999999864,36.0,0.00470723020597242,0.06082153681614855,0.2893545521414756,0.31976532054954987,0.000794164393845498,73.53071630203321,85.22894198298255,86.71826241522155,82.25030111850455,4850.0,1.8899999999999864,2.0,1.8899999999999864,36.0,0.00470723020597242,1.8899999999999864,36.0,0.00470723020597242,1.0,1.0,0.06082153681614855,0.31976532054954987,0.2893545521414756,73.53071630203321,85.22894198298255,86.71826241522155,82.25030111850455,57.07964601769343,13.274336283185395,68.63539537609601,0.079404466501239,0.11167638664846473,0.07999999999998408,0.05000000000001137,0.3199999999999932,1.0,12282.0,12282.0,2022-01-04,2022-01-04 06:00:00,5.0133888723594096,360.0,1.0,best_within_2.0d,12641.0,383.1,0.5832424107187206,4.3760036431226785,32.22527881040892,0.012230020343504162,2.285057100371749,15.890706319702602,0.006381710269403211,0.4929364202292669,5.6011759621451125,36.843533123028394,0.015614239272951093,2.82998018927445,22.52492113564669,0.007835530045022196,1.8630914826498424,0.00402220134195386,1.9444468750000041,16.553125,0.005470102952261012,0.0,1
12282.0,2022-01-04 06:05:00,403.37,403.5,403.37,403.42,3954.0,1,1,0.0,sell,False,0.8742441230310567,1.990000000000009,37.0,0.004956290005230278,0.06902415231429504,0.2979825711807625,0.33249464733791,0.000825660849333602,75.21175453444835,85.39072322675123,86.2757493523981,83.62067097545753,3954.0,1.990000000000009,2.0,1.990000000000009,37.0,0.004956290005230278,1.990000000000009,37.0,0.004956290005230278,1.0,1.0,0.06902415231429504,0.33249464733791,0.2979825711807625,75.21175453444835,85.39072322675123,86.2757493523981,83.62067097545753,55.319148936165064,12.765957446808255,68.19715284923186,0.012395567345120203,0.032228475097304074,0.07999999999998408,0.0,0.05000000000001137,1.0,12283.0,12283.0,2022-01-04,2022-01-04 06:05:00,5.036934212483266,359.0,1.0,best_within_2.0d,12641.0,383.1,0.5832424107187206,4.3760036431226785,32.22527881040892,0.012230020343504162,2.285057100371749,15.890706319702602,0.006381710269403211,0.4929364202292669,5.6011759621451125,36.843533123028394,0.015614239272951093,2.82998018927445,22.52492113564669,0.007835530045022196,1.8630914826498424,0.00402220134195386,1.9444468750000041,16.553125,0.005470102952261012,1.0,1
12304.0,2022-01-04 07:55:00,397.34,398.08,396.88,397.48,844045.0,1,1,1.0,buy,False,1.3116206846730172,3.8600000000000136,41.0,0.00963218046613768,-0.434076270289249,-0.222536611582067,-0.4395747467266915,-0.0011003248778614337,31.69870602104227,25.903845726615753,37.69584763224983,2.3198419153475953,844045.0,3.8600000000000136,1.0,3.8600000000000136,41.0,0.00963218046613768,3.8600000000000136,41.0,0.00963218046613768,1.0,1.0,-0.434076270289249,-0.4395747467266915,-0.222536611582067,31.69870602104227,25.903845726615753,37.69584763224983,2.3198419153475953,17.984496124030986,36.5891472868211,48.899159456121126,0.035234308149203,0.30235839548477844,0.5999999999999659,0.45999999999997954,0.1400000000000432,1.0,12305.0,12305.0,2022-01-04,2022-01-04 07:55:00,1.0216857815395506,378.0,1.0,best_within_2.0d,12682.0,403.42,0.5832424107187206,4.3760036431226785,32.22527881040892,0.012230020343504162,2.285057100371749,15.890706319702602,0.006381710269403211,0.4929364202292669,5.6011759621451125,36.843533123028394,0.015614239272951093,2.82998018927445,22.52492113564669,0.007835530045022196,1.8630914826498424,0.00402220134195386,1.9444468750000041,16.553125,0.005470102952261012,0.0,0
12304.0,2022-01-04 07:55:00,399.3214,399.41,398.9,399.34,284503.0,2,2,1.0,buy,False,0.4569892473118368,4.163492493946733,28.239017640954685,0.011578080659927173,-0.08686544972778604,0.014509072120434813,-0.028923652743458206,-7.238067806038027e-05,46.898419759576754,37.43347211450714,40.44673827630511,31.406939790911196,284503.0,1.7000000000000455,1.0,3.7200000000000273,14.0,0.00937311026002829,1.7000000000000455,13.0,0.0042436345481778465,2.0,2.0,-0.08686544972778604,-0.028923652743458206,0.014509072120434813,46.898419759576754,37.43347211450714,40.44673827630511,31.406939790911196,12.05832865956238,20.751542344363642,24.35464812813348,0.004657902130963224,0.12785159187767556,0.07000000000005002,0.42140000000000555,0.01859999999999218,1.0,12305.0,12305.0,2022-01-04,2022-01-04 07:55:00,1.0216857815395506,378.0,1.0,best_within_2.0d,12682.0,403.42,0.4569892473118368,3.7200000000000273,14.0,0.00937311026002829,1.7000000000000455,13.0,0.0042436345481778465,0.4929364202292669,5.6011759621451125,36.843533123028394,0.015614239272951093,2.82998018927445,22.52492113564669,0.007835530045022196,1.8630914826498424,0.00402220134195386,1.9444468750000041,16.553125,0.005470102952261012,0.0,0
12383.0,2022-01-04 14:30:00,394.05,394.985,394.02,394.71,509647.0,2,2,0.0,sell,False,0.16617704661182967,4.163492493946733,28.239017640954685,0.011578080659927173,0.264745117285598,-0.45143133239045524,-0.31905877374765623,-0.0008087652288853546,52.127623113239764,64.05449149991931,51.114366650416684,89.93474119892454,509647.0,1.6970000000000027,1.0,10.211999999999989,95.0,0.02530855018587358,1.6970000000000027,8.0,0.004314904090640962,2.0,2.0,0.264745117285598,-0.31905877374765623,-0.45143133239045524,52.127623113239764,64.05449149991931,51.114366650416684,89.93474119892454,19.98351375268205,20.01503157843663,26.156145157968314,0.16749143509706083,0.24491142581595654,0.2750000000000341,0.03000000000002956,0.6599999999999682,1.0,12384.0,12384.0,2022-01-04,2022-01-04 14:30:00,3.526639811507172,330.0,1.0,best_within_2.0d,12713.0,380.79,0.16617704661182967,10.211999999999989,95.0,0.02530855018587358,1.6970000000000027,8.0,0.004314904090640962,0.4929364202292669,5.6011759621451125,36.843533123028394,0.015614239272951093,2.82998018927445,22.52492113564669,0.007835530045022196,1.8630914826498424,0.00402220134195386,1.9444468750000041,16.553125,0.005470102952261012,0.0,1
12385.0,2022-01-04 14:40:00,394.6,395.17,394.59,395.14,685276.0,2,2,0.0,sell,False,0.18429298864081542,4.163492493946733,28.239017640954685,0.011578080659927173,0.3867589050274356,-0.3653764427714141,-0.17199699025769632,-0.00043592705060109787,56.74961077047131,78.30821350246681,63.99302026656421,106.93859997427204,685276.0,1.882000000000005,1.0,10.211999999999989,95.0,0.02530855018587358,1.882000000000005,10.0,0.00478529728850106,2.0,2.0,0.3867589050274356,-0.17199699025769632,-0.3653764427714141,56.74961077047131,78.30821350246681,63.99302026656421,106.93859997427204,20.99264559201079,12.914766002154096,25.335197495928192,0.13684744044601205,0.14698801287413288,0.03000000000002956,0.010000000000047748,0.5399999999999636,1.0,12386.0,12386.0,2022-01-04,2022-01-04 14:40:00,3.631624234448541,328.0,1.0,best_within_2.0d,12713.0,380.79,0.18429298864081542,10.211999999999989,95.0,0.02530855018587358,1.882000000000005,10.0,0.00478529728850106,0.4929364202292669,5.6011759621451125,36.843533123028394,0.015614239272951093,2.82998018927445,22.52492113564669,0.007835530045022196,1.8630914826498424,0.00402220134195386,1.9444468750000041,16.553125,0.005470102952261012,0.0,1
12386.0,2022-01-04 14:45:00,395.13,395.34,394.87,395.17,367438.0,2,2,0.0,sell,False,0.2009400705052846,4.163492493946733,28.239017640954685,0.011578080659927173,0.4303012351235914,-0.3115887883809652,-0.0964381708191695,-0.00024439468474051385,57.062053987391224,82.54057267007558,70.17553773440133,107.27064254142408,367438.0,2.051999999999964,1.0,10.211999999999989,95.0,0.02530855018587358,2.051999999999964,11.0,0.005217550497345365,2.0,2.0,0.4303012351235914,-0.0964381708191695,-0.3115887883809652,57.062053987391224,82.54057267007558,70.17553773440133,107.27064254142408,24.069765841168785,13.368115303607672,25.567332392080964,0.010123250575765056,0.11902651505558041,0.16999999999995907,0.2599999999999909,0.040000000000020464,1.0,12387.0,12387.0,2022-01-04,2022-01-04 14:45:00,3.6389402029506273,327.0,1.0,best_within_2.0d,12713.0,380.79,0.2009400705052846,10.211999999999989,95.0,0.02530855018587358,2.051999999999964,11.0,0.005217550497345365,0.4929364202292669,5.6011759621451125,36.843533123028394,0.015614239272951093,2.82998018927445,22.52492113564669,0.007835530045022196,1.8630914826498424,0.00402220134195386,1.9444468750000041,16.553125,0.005470102952261012,0.0,1
12387.0,2022-01-04 14:50:00,395.18,395.45,395.11,395.35,336070.0,2,2,0.0,sell,False,0.21171171171170974,4.163492493946733,28.239017640954685,0.011578080659927173,0.4636913722761261,-0.25362736684644943,-0.021781680708386375,-5.5191608228489486e-05,58.97694901307706,86.69371511338429,75.68159686072897,108.71795161869488,336070.0,2.1619999999999777,1.0,10.211999999999989,95.0,0.02530855018587358,2.1619999999999777,12.0,0.0054972437501270765,2.0,2.0,0.4636913722761261,-0.021781680708386375,-0.25362736684644943,58.97694901307706,86.69371511338429,75.68159686072897,108.71795161869488,25.761335126069607,13.460765424226517,25.981188875162214,0.04301837137507361,0.08605198552301258,0.0999999999999659,0.06999999999999318,0.17000000000001592,1.0,12388.0,12388.0,2022-01-04,2022-01-04 14:50:00,3.682812697609713,326.0,1.0,best_within_2.0d,12713.0,380.79,0.21171171171170974,10.211999999999989,95.0,0.02530855018587358,2.1619999999999777,12.0,0.0054972437501270765,0.4929364202292669,5.6011759621451125,36.843533123028394,0.015614239272951093,2.82998018927445,22.52492113564669,0.007835530045022196,1.8630914826498424,0.00402220134195386,1.9444468750000041,16.553125,0.005470102952261012,0.0,1
12389.0,2022-01-04 15:00:00,395.34,395.82,395.31,395.8099,381000.0,2,2,0.0,sell,False,0.24794359576968125,4.163492493946733,28.239017640954685,0.011578080659927173,0.5028860329321713,-0.13280746894773382,0.11863554751835181,0.00030050436164172676,63.7078737712083,92.35689249941339,84.15426531483189,108.7621468685764,381000.0,2.5319999999999823,1.0,10.211999999999989,95.0,0.02530855018587358,2.5319999999999823,14.0,0.006438030145847273,2.0,2.0,0.5028860329321713,0.11863554751835181,-0.13280746894773382,63.7078737712083,92.35689249941339,84.15426531483189,108.7621468685764,31.886482155658246,7.043560153492912,29.040397397142844,0.11885971568777569,0.1290126735979335,0.010099999999965803,0.029999999999972715,0.4699000000000524,1.0,12390.0,12390.0,2022-01-04,2022-01-04 15:00:00,3.7947257003930437,324.0,1.0,best_within_2.0d,12713.0,380.79,0.24794359576968125,10.211999999999989,95.0,0.02530855018587358,2.5319999999999823,14.0,0.006438030145847273,0.4929364202292669,5.6011759621451125,36.843533123028394,0.015614239272951093,2.82998018927445,22.52492113564669,0.007835530045022196,1.8630914826498424,0.00402220134195386,1.9444468750000041,16.553125,0.005470102952261012,0.0,1
12390.0,2022-01-04 15:05:00,395.81,395.91,395.69,395.84,302891.0,2,2,0.0,sell,False,0.2567567567567584,4.163492493946733,28.239017640954685,0.011578080659927173,0.5073651753359203,-0.06938682203074378,0.1842957656372164,0.0004667298647477577,64.00260071430765,93.74373264471592,87.35075442479322,106.52968908456131,302891.0,2.622000000000014,1.0,10.211999999999989,95.0,0.02530855018587358,2.622000000000014,15.0,0.006666870079941453,2.0,2.0,0.5073651753359203,0.1842957656372164,-0.06938682203074378,64.00260071430765,93.74373264471592,87.35075442479322,106.52968908456131,35.06646049540593,1.4734306699569253,33.53288482264475,0.007579394153753749,0.055599080087954535,0.07000000000005002,0.12000000000000455,0.029999999999972715,1.0,12391.0,12391.0,2022-01-04,2022-01-04 15:05:00,3.8020412287792933,323.0,1.0,best_within_2.0d,12713.0,380.79,0.2567567567567584,10.211999999999989,95.0,0.02530855018587358,2.622000000000014,15.0,0.006666870079941453,0.4929364202292669,5.6011759621451125,36.843533123028394,0.015614239272951093,2.82998018927445,22.52492113564669,0.007835530045022196,1.8630914826498424,0.00402220134195386,1.9444468750000041,16.553125,0.005470102952261012,0.0,1
12391.0,2022-01-04 15:10:00,395.83,396.29,395.82,396.195,612027.0,2,2,0.0,sell,False,0.2939678809244039,4.163492493946733,28.239017640954685,0.011578080659927173,0.5301514082808924,-0.0031178959956322362,0.26195780814481395,0.0006632439895165336,67.36842896258526,94.434147754333,89.7118855346398,103.87867219371935,612027.0,3.0020000000000095,1.0,10.211999999999989,95.0,0.02530855018587358,3.0020000000000095,16.0,0.0076330831350054145,2.0,2.0,0.5301514082808924,0.26195780814481395,-0.0031178959956322362,67.36842896258526,94.434147754333,89.7118855346398,103.87867219371935,41.18927416185472,1.497929199793873,37.77923840108887,0.09221130283202615,0.11874084179678321,0.09500000000002728,0.009999999999990905,0.3650000000000091,1.0,12392.0,12392.0,2022-01-04,2022-01-04 15:10:00,3.888236853064772,322.0,1.0,best_within_2.0d,12713.0,380.79,0.2939678809244039,10.211999999999989,95.0,0.02530855018587358,3.0020000000000095,16.0,0.0076330831350054145,0.4929364202292669,5.6011759621451125,36.843533123028394,0.015614239272951093,2.82998018927445,22.52492113564669,0.007835530045022196,1.8630914826498424,0.00402220134195386,1.9444468750000041,16.553125,0.005470102952261012,0.0,1
12392.0,2022-01-04 15:15:00,396.19,396.4,395.98,396.385,402229.0,2,2,0.0,sell,False,0.3047395221308235,4.163492493946733,28.239017640954685,0.011578080659927173,0.5409495275684368,0.06450079495042237,0.3349755587346408,0.0008478897941000964,69.03710604836822,96.02901516955556,91.81759541294505,104.45185468277657,402229.0,3.1119999999999663,1.0,10.211999999999989,95.0,0.02530855018587358,3.1119999999999663,17.0,0.007912776387786981,2.0,2.0,0.5409495275684368,0.3349755587346408,0.06450079495042237,69.03710604836822,96.02901516955556,91.81759541294505,104.45185468277657,41.334400689676244,1.5256011576705557,41.715078717978535,0.04921880915722082,0.10606596292741023,0.014999999999986358,0.20999999999997954,0.19499999999999318,1.0,12393.0,12393.0,2022-01-04,2022-01-04 15:15:00,3.934306293124102,321.0,1.0,best_within_2.0d,12713.0,380.79,0.3047395221308235,10.211999999999989,95.0,0.02530855018587358,3.1119999999999663,17.0,0.007912776387786981,0.4929364202292669,5.6011759621451125,36.843533123028394,0.015614239272951093,2.82998018927445,22.52492113564669,0.007835530045022196,1.8630914826498424,0.00402220134195386,1.9444468750000041,16.553125,0.005470102952261012,0.0,1
12393.0,2022-01-04 15:20:00,396.38,396.86,396.355,396.5915,826459.0,2,2,0.0,sell,False,0.34978456717587214,4.163492493946733,28.239017640954685,0.011578080659927173,0.5445407237173132,0.13256838541508653,0.40483874727374314,0.0010244351203399517,70.78566949606187,93.40994550217047,92.34837877602018,95.53307895447108,826459.0,3.5720000000000027,1.0,10.211999999999989,95.0,0.02530855018587358,3.5720000000000027,18.0,0.009082402717601357,2.0,2.0,0.5445407237173132,0.40483874727374314,0.13256838541508653,70.78566949606187,93.40994550217047,92.34837877602018,95.53307895447108,48.48508895837016,1.5728411128916524,45.42942425932066,0.053357888894495414,0.12741103303856277,0.2685000000000173,0.024999999999977263,0.2115000000000009,1.0,12394.0,12394.0,2022-01-04,2022-01-04 15:20:00,3.984326441691256,320.0,1.0,best_within_2.0d,12713.0,380.79,0.34978456717587214,10.211999999999989,95.0,0.02530855018587358,3.5720000000000027,18.0,0.009082402717601357,0.4929364202292669,5.6011759621451125,36.843533123028394,0.015614239272951093,2.82998018927445,22.52492113564669,0.007835530045022196,1.8630914826498424,0.00402220134195386,1.9444468750000041,16.553125,0.005470102952261012,0.0,1
12394.0,2022-01-04 15:25:00,396.595,396.87,396.43,396.855,354548.0,2,2,0.0,sell,False,0.3507638072855462,4.163492493946733,28.239017640954685,0.011578080659927173,0.5494605988447759,0.2012509602706835,0.4759812596930715,0.0012040821125536185,72.88955339153935,95.35663033478053,93.35112929560697,99.36763241312764,354548.0,3.5819999999999936,1.0,10.211999999999989,95.0,0.02530855018587358,3.5819999999999936,19.0,0.009107829376945122,2.0,2.0,0.5494605988447759,0.4759812596930715,0.2012509602706835,72.88955339153935,95.35663033478053,93.35112929560697,99.36763241312764,44.890642934637754,1.5582006006378202,48.84808543714006,0.06555806301138212,0.11099059102489663,0.014999999999986358,0.16500000000002046,0.2599999999999909,1.0,12395.0,12395.0,2022-01-04,2022-01-04 15:25:00,4.048078013380201,319.0,1.0,best_within_2.0d,12713.0,380.79,0.3507638072855462,10.211999999999989,95.0,0.02530855018587358,3.5819999999999936,19.0,0.009107829376945122,0.4929364202292669,5.6011759621451125,36.843533123028394,0.015614239272951093,2.82998018927445,22.52492113564669,0.007835530045022196,1.8630914826498424,0.00402220134195386,1.9444468750000041,16.553125,0.005470102952261012,0.0,1
12395.0,2022-01-04 15:30:00,396.85,396.99,396.39,396.72,552785.0,2,2,0.0,sell,False,0.3625146886016453,4.163492493946733,28.239017640954685,0.011578080659927173,0.5028403463192956,0.26410600356059544,0.5155261767202433,0.001303772878484616,70.10403099856023,92.11718618063414,92.93981492394934,90.47192869400374,552785.0,3.701999999999998,1.0,10.211999999999989,95.0,0.02530855018587358,3.701999999999998,20.0,0.0094129492890706,2.0,2.0,0.5028403463192956,0.5155261767202433,0.26410600356059544,70.10403099856023,92.11718618063414,92.93981492394934,90.47192869400374,46.05263157894746,0.0,52.501793620201475,-0.032757969005920484,0.15136607886173284,0.13999999999998636,0.3300000000000409,0.12999999999999545,0.0,12396.0,12396.0,2022-01-04,2022-01-04 15:30:00,4.015426497277678,318.0,1.0,best_within_2.0d,12713.0,380.79,0.3625146886016453,10.211999999999989,95.0,0.02530855018587358,3.701999999999998,20.0,0.0094129492890706,0.4929364202292669,5.6011759621451125,36.843533123028394,0.015614239272951093,2.82998018927445,22.52492113564669,0.007835530045022196,1.8630914826498424,0.00402220134195386,1.9444468750000041,16.553125,0.005470102952261012,0.0,1
12396.0,2022-01-04 15:35:00,396.71,397.01,396.49,396.87,524312.0,2,2,0.0,sell,False,0.36447316882099334,4.163492493946733,28.239017640954685,0.011578080659927173,0.4615896444655674,0.32180470911879133,0.552599531351575,0.001397150046132578,71.41133737193172,92.26252128354355,92.7140503771474,91.35946309633584,524312.0,3.72199999999998,1.0,10.211999999999989,95.0,0.02530855018587358,3.72199999999998,21.0,0.00946380260775813,2.0,2.0,0.4615896444655674,0.552599531351575,0.32180470911879133,71.41133737193172,92.26252128354355,92.7140503771474,91.35946309633584,45.24169184290034,0.0,55.89452264732994,0.04033172846664441,0.1311508486973144,0.13999999999998636,0.21999999999997044,0.160000000000025,1.0,12397.0,12397.0,2022-01-04,2022-01-04 15:35:00,4.0517045884042595,317.0,1.0,best_within_2.0d,12713.0,380.79,0.36447316882099334,10.211999999999989,95.0,0.02530855018587358,3.72199999999998,21.0,0.00946380260775813,0.4929364202292669,5.6011759621451125,36.843533123028394,0.015614239272951093,2.82998018927445,22.52492113564669,0.007835530045022196,1.8630914826498424,0.00402220134195386,1.9444468750000041,16.553125,0.005470102952261012,0.0,1
12397.0,2022-01-04 15:40:00,396.8794,397.11,396.62,396.99,572402.0,2,2,0.0,sell,False,0.3742655699177445,4.163492493946733,28.239017640954685,0.011578080659927173,0.42098578690320654,0.37442793248169215,0.5849208259332954,0.001478461436772852,72.44927773969812,92.61945863347341,92.68251979592273,92.49333630857478,572402.0,3.8220000000000027,1.0,10.211999999999989,95.0,0.02530855018587358,3.8220000000000027,22.0,0.009718069201196076,2.0,2.0,0.42098578690320654,0.5849208259332954,0.37442793248169215,72.44927773969812,92.61945863347341,92.68251979592273,92.49333630857478,38.56794141578538,0.0,59.04491388680638,0.027867407580245678,0.12354394634663131,0.12000000000000455,0.259399999999971,0.11060000000003356,1.0,12398.0,12398.0,2022-01-04,2022-01-04 15:40:00,4.080707322602581,316.0,1.0,best_within_2.0d,12713.0,380.79,0.3742655699177445,10.211999999999989,95.0,0.02530855018587358,3.8220000000000027,22.0,0.009718069201196076,0.4929364202292669,5.6011759621451125,36.843533123028394,0.015614239272951093,2.82998018927445,22.52492113564669,0.007835530045022196,1.8630914826498424,0.00402220134195386,1.9444468750000041,16.553125,0.005470102952261012,0.0,1
12398.0,2022-01-04 15:45:00,397.01,397.43,396.83,397.38,649138.0,2,2,0.0,sell,False,0.40560125342734044,4.163492493946733,28.239017640954685,0.011578080659927173,0.41641790681606283,0.4264801708337,0.6346891242417314,0.0016037310569339798,75.55546978323682,94.1217846828518,93.16227475823241,96.04080453209056,649138.0,4.141999999999996,1.0,10.211999999999989,95.0,0.02530855018587358,4.141999999999996,23.0,0.0105317223001973,2.0,2.0,0.41641790681606283,0.6346891242417314,0.4264801708337,75.55546978323682,94.1217846828518,93.16227475823241,96.04080453209056,41.737781225756045,0.0,61.970277180605926,0.093196644920784,0.15119824610035096,0.05000000000001137,0.18000000000000682,0.37000000000000455,1.0,12399.0,12399.0,2022-01-04,2022-01-04 15:45:00,4.1748452362977435,315.0,1.0,best_within_2.0d,12713.0,380.79,0.40560125342734044,10.211999999999989,95.0,0.02530855018587358,4.141999999999996,23.0,0.0105317223001973,0.4929364202292669,5.6011759621451125,36.843533123028394,0.015614239272951093,2.82998018927445,22.52492113564669,0.007835530045022196,1.8630914826498424,0.00402220134195386,1.9444468750000041,16.553125,0.005470102952261012,0.0,1
12399.0,2022-01-04 15:50:00,397.39,397.76,396.8301,396.91,1206896.0,2,2,0.0,sell,False,0.43791617704661034,4.163492493946733,28.239017640954685,0.011578080659927173,0.32396065269087837,0.4669752524200598,0.628955578765499,0.0015889008978146985,65.9111396246785,81.47637879200485,89.26697610282322,65.89518417036811,1206896.0,4.47199999999998,1.0,10.211999999999989,95.0,0.02530855018587358,4.47199999999998,24.0,0.01137080205854229,2.0,2.0,0.32396065269087837,0.628955578765499,0.4669752524200598,65.9111396246785,81.47637879200485,89.26697610282322,65.89518417036811,38.70549971301925,0.0,64.6866859534198,-0.12078814263065538,0.2343320226968607,0.37000000000000455,0.07990000000000919,0.47999999999996135,0.0,12400.0,12400.0,2022-01-04,2022-01-04 15:50:00,4.061374115038674,314.0,1.0,best_within_2.0d,12713.0,380.79,0.43791617704661034,10.211999999999989,95.0,0.02530855018587358,4.47199999999998,24.0,0.01137080205854229,0.4929364202292669,5.6011759621451125,36.843533123028394,0.015614239272951093,2.82998018927445,22.52492113564669,0.007835530045022196,1.8630914826498424,0.00402220134195386,1.9444468750000041,16.553125,0.005470102952261012,1.0,1
12460.0,2022-01-05 05:00:00,395.61,395.8,395.61,395.8,1482.0,2s,2s,0.0,sell,False,0.24598511555033326,4.163492493946733,28.239017640954685,0.011578080659927173,0.07798719149311109,-0.06332575663089719,-0.024332160884341647,-6.151581996238359e-05,59.565584904588796,57.16021328894329,49.69542438329437,72.08979110024113,1482.0,0.6299999999999955,1.0,10.211999999999989,95.0,0.02530855018587358,0.6299999999999955,12.0,0.0015942505757015851,1.0,2.5,0.07798719149311109,-0.024332160884341647,-0.06332575663089719,59.565584904588796,57.16021328894329,49.69542438329437,72.08979110024113,33.59816593541264,32.8076208545779,31.197495813396717,0.048027097393897454,0.048027097393897454,0.0,0.0,0.18999999999999773,1.0,12461.0,12461.0,2022-01-05,2022-01-05 05:00:00,3.792319353208689,253.0,1.0,best_within_2.0d,12713.0,380.79,0.5832424107187206,4.3760036431226785,32.22527881040892,0.012230020343504162,2.285057100371749,15.890706319702602,0.006381710269403211,0.24598511555033326,10.211999999999989,95.0,0.02530855018587358,0.6299999999999955,12.0,0.0015942505757015851,1.0,0.00402220134195386,1.9444468750000041,16.553125,0.005470102952261012,0.0,1
12461.0,2022-01-05 05:05:00,395.72,396.0,395.72,396.0,2425.0,2s,2s,0.0,sell,False,0.26556991774383,4.163492493946733,28.239017640954685,0.011578080659927173,0.1266900682657391,-0.04748949809767981,0.015855536035189743,4.008204875010608e-05,64.87906754175762,71.44014219262885,56.94366365307253,100.43309927174151,2425.0,0.8299999999999841,1.0,10.211999999999989,95.0,0.02530855018587358,0.8299999999999841,13.0,0.0021003618695750793,1.0,2.5,0.1266900682657391,0.015855536035189743,-0.04748949809767981,64.87906754175762,71.44014219262885,56.94366365307253,100.43309927174151,38.746817225727426,30.628436473669336,29.80496951669523,0.07075710098048436,0.07075710098048436,0.0,0.0,0.2799999999999727,1.0,12462.0,12462.0,2022-01-05,2022-01-05 05:05:00,3.840909090909086,252.0,1.0,best_within_2.0d,12713.0,380.79,0.5832424107187206,4.3760036431226785,32.22527881040892,0.012230020343504162,2.285057100371749,15.890706319702602,0.006381710269403211,0.26556991774383,10.211999999999989,95.0,0.02530855018587358,0.8299999999999841,13.0,0.0021003618695750793,1.0,0.00402220134195386,1.9444468750000041,16.553125,0.005470102952261012,1.0,1
12466.0,2022-01-05 05:30:00,396.05,396.15,395.79,395.79,3450.0,2s,2s,0.0,sell,False,0.2802585193889512,4.163492493946733,28.239017640954685,0.011578080659927173,0.08995474305090562,0.018732049075959795,0.0637094206014126,0.0001610255144043154,54.851187994686356,66.15718234427092,66.3832307558424,65.70508552112796,3450.0,0.9799999999999613,1.0,10.211999999999989,95.0,0.02530855018587358,0.9799999999999613,18.0,0.0024799453399801637,1.0,2.5,0.08995474305090562,0.0637094206014126,0.018732049075959795,54.851187994686356,66.15718234427092,66.3832307558424,65.70508552112796,31.92307692307524,19.23076923077209,27.04142996098886,-0.06564827673273348,0.09095732585460896,0.0999999999999659,0.0,0.2599999999999909,0.0,12467.0,12467.0,2022-01-05,2022-01-05 05:30:00,3.789888577275828,247.0,1.0,best_within_2.0d,12713.0,380.79,0.5832424107187206,4.3760036431226785,32.22527881040892,0.012230020343504162,2.285057100371749,15.890706319702602,0.006381710269403211,0.2802585193889512,10.211999999999989,95.0,0.02530855018587358,0.9799999999999613,18.0,0.0024799453399801637,1.0,0.00402220134195386,1.9444468750000041,16.553125,0.005470102952261012,1.0,1
12473.0,2022-01-05 06:05:00,395.17,395.17,395.0,395.09,1796.0,1,1,1.0,buy,False,0.10860201677286448,1.1499999999999773,8.0,0.0029029408052504793,-0.10269638699109103,-0.014001052828558147,-0.06534924632410366,-0.00016521602063714532,37.316374505514915,12.285652193303903,19.851474024435667,-2.8459914689596246,1796.0,1.1499999999999773,1.0,1.1499999999999773,8.0,0.0029029408052504793,1.1499999999999773,8.0,0.0029029408052504793,1.0,1.0,-0.10269638699109103,-0.06534924632410366,-0.014001052828558147,37.316374505514915,12.285652193303903,19.851474024435667,-2.8459914689596246,28.617363344051405,36.01286173633688,20.48139123148606,-0.02024445175495127,0.04303797468354833,0.0,0.08999999999997499,0.08000000000004093,0.0,12474.0,12474.0,2022-01-05,2022-01-05 06:05:00,2.108380369029852,209.0,1.0,best_within_2.0d,12682.0,403.42,0.5832424107187206,4.3760036431226785,32.22527881040892,0.012230020343504162,2.285057100371749,15.890706319702602,0.006381710269403211,0.4929364202292669,5.6011759621451125,36.843533123028394,0.015614239272951093,2.82998018927445,22.52492113564669,0.007835530045022196,1.8630914826498424,0.00402220134195386,1.9444468750000041,16.553125,0.005470102952261012,0.0,0
12476.0,2022-01-05 06:20:00,395.18,395.22,394.97,394.97,2240.0,1,1,1.0,buy,False,0.1369391616219654,1.17999999999995,11.0,0.0029786696958221635,-0.1294925964917745,-0.057389892670022744,-0.12213619091590999,-0.00030885310541524337,35.91114462575378,11.629788188577127,15.707337947004367,3.4746886717226495,2240.0,1.17999999999995,1.0,1.17999999999995,11.0,0.0029786696958221635,1.17999999999995,11.0,0.0029786696958221635,1.0,1.0,-0.1294925964917745,-0.12213619091590999,-0.057389892670022744,35.91114462575378,11.629788188577127,15.707337947004367,3.4746886717226495,20.45454545454418,50.378787878787534,23.413249815229644,-0.0531403411103749,0.06329594652758437,0.040000000000020464,0.0,0.20999999999997954,0.0,12477.0,12477.0,2022-01-05,2022-01-05 06:20:00,2.139402992632349,206.0,1.0,best_within_2.0d,12682.0,403.42,0.5832424107187206,4.3760036431226785,32.22527881040892,0.012230020343504162,2.285057100371749,15.890706319702602,0.006381710269403211,0.4929364202292669,5.6011759621451125,36.843533123028394,0.015614239272951093,2.82998018927445,22.52492113564669,0.007835530045022196,1.8630914826498424,0.00402220134195386,1.9444468750000041,16.553125,0.005470102952261012,0.0,0
12477.0,2022-01-05 06:25:00,395.0,395.03,394.86,394.96,3000.0,1,1,1.0,buy,False,0.1439966414990734,1.2899999999999636,12.0,0.0032563422945852925,-0.136166300223785,-0.07441068019799588,-0.14249383030988838,-0.0003603658145451745,35.70418578763059,12.448027806467792,14.620901233492173,8.10228095241903,3000.0,1.2899999999999636,1.0,1.2899999999999636,12.0,0.0032563422945852925,1.2899999999999636,12.0,0.0032563422945852925,1.0,1.0,-0.136166300223785,-0.14249383030988838,-0.07441068019799588,35.70418578763059,12.448027806467792,14.620901233492173,8.10228095241903,19.70802919707931,52.55474452554828,24.98762807518096,-0.010126582278486193,0.04305323405763032,0.029999999999972715,0.0999999999999659,0.040000000000020464,0.0,12478.0,12478.0,2022-01-05,2022-01-05 06:25:00,2.1419890621835216,205.0,1.0,best_within_2.0d,12682.0,403.42,0.5832424107187206,4.3760036431226785,32.22527881040892,0.012230020343504162,2.285057100371749,15.890706319702602,0.006381710269403211,0.4929364202292669,5.6011759621451125,36.843533123028394,0.015614239272951093,2.82998018927445,22.52492113564669,0.007835530045022196,1.8630914826498424,0.00402220134195386,1.9444468750000041,16.553125,0.005470102952261012,0.0,0
12478.0,2022-01-05 06:30:00,395.0,395.0,394.85,394.85,2300.0,1,1,1.0,buy,False,0.15428405276573934,1.2999999999999545,13.0,0.0032815852581091873,-0.14589429607479495,-0.09264746720734525,-0.16559461524474273,-0.0004188318070870609,33.42242527998532,8.29868520431186,12.513495890432068,-0.130936167928553,2300.0,1.2999999999999545,1.0,1.2999999999999545,13.0,0.0032815852581091873,1.2999999999999545,13.0,0.0032815852581091873,1.0,1.0,-0.14589429607479495,-0.16559461524474273,-0.09264746720734525,33.42242527998532,8.29868520431186,12.513495890432068,-0.130936167928553,20.07434944237827,49.81412639405221,26.242311176194015,-0.03797468354429804,0.037989109788521526,0.0,0.0,0.14999999999997726,0.0,12479.0,12479.0,2022-01-05,2022-01-05 06:30:00,2.1704444725845238,204.0,1.0,best_within_2.0d,12682.0,403.42,0.5832424107187206,4.3760036431226785,32.22527881040892,0.012230020343504162,2.285057100371749,15.890706319702602,0.006381710269403211,0.4929364202292669,5.6011759621451125,36.843533123028394,0.015614239272951093,2.82998018927445,22.52492113564669,0.007835530045022196,1.8630914826498424,0.00402220134195386,1.9444468750000041,16.553125,0.005470102952261012,0.0,0
12479.0,2022-01-05 06:35:00,394.74,394.94,394.74,394.94,1824.0,1,1,1.0,buy,False,0.154284052765735,1.4099999999999682,14.0,0.0035592578568723167,-0.13116711729775962,-0.10904335686956519,-0.174626915518445,-0.00044171264047232744,36.9715561813499,13.564585316930495,12.86385903259821,14.966037885595064,1824.0,1.4099999999999682,1.0,1.4099999999999682,14.0,0.0035592578568723167,1.4099999999999682,14.0,0.0035592578568723167,1.0,1.0,-0.13116711729775962,-0.174626915518445,-0.10904335686956519,36.9715561813499,13.564585316930495,12.86385903259821,14.966037885595064,19.272727272726677,52.7272727272734,27.686763696797886,0.050666261336573086,0.050666261336573086,0.0,0.0,0.19999999999998863,1.0,12480.0,12480.0,2022-01-05,2022-01-05 06:35:00,2.147161594166207,203.0,1.0,best_within_2.0d,12682.0,403.42,0.5832424107187206,4.3760036431226785,32.22527881040892,0.012230020343504162,2.285057100371749,15.890706319702602,0.006381710269403211,0.4929364202292669,5.6011759621451125,36.843533123028394,0.015614239272951093,2.82998018927445,22.52492113564669,0.007835530045022196,1.8630914826498424,0.00402220134195386,1.9444468750000041,16.553125,0.005470102952261012,1.0,0
12484.0,2022-01-05 07:00:00,395.22,395.3,395.15,395.25,9050.0,2s,2s,0.0,sell,False,0.19702311006658857,4.163492493946733,28.239017640954685,0.011578080659927173,0.030537101756101692,-0.1304362186458719,-0.11516766776782106,-0.0002913560276596674,48.735624144082806,71.28706669272353,51.8402930612435,110.18061395568358,9050.0,0.5600000000000023,1.0,10.211999999999989,95.0,0.02530855018587358,0.5600000000000023,6.0,0.001418655317424133,2.0,2.5,0.030537101756101692,-0.11516766776782106,-0.1304362186458719,48.735624144082806,71.28706669272353,51.8402930612435,110.18061395568358,25.68093385213891,39.68871595330679,29.902193933751853,0.007590708972211101,0.03796026825257095,0.05000000000001137,0.07000000000005002,0.029999999999972715,1.0,12485.0,12485.0,2022-01-05,2022-01-05 07:00:00,3.6584440227703934,229.0,1.0,best_within_2.0d,12713.0,380.79,0.5832424107187206,4.3760036431226785,32.22527881040892,0.012230020343504162,2.285057100371749,15.890706319702602,0.006381710269403211,0.19702311006658857,10.211999999999989,95.0,0.02530855018587358,0.5600000000000023,6.0,0.001418655317424133,2.0,0.00402220134195386,1.9444468750000041,16.553125,0.005470102952261012,0.0,1
12485.0,2022-01-05 07:05:00,395.08,395.33,395.06,395.33,4790.0,2s,2s,0.0,sell,False,0.19996083039561058,4.163492493946733,28.239017640954685,0.011578080659927173,0.058960144927578007,-0.12306620052992465,-0.09358612806613564,-0.00023675598873089501,51.279009283326246,80.85804446181568,61.51287686143422,119.54837966257861,4790.0,0.589999999999975,1.0,10.211999999999989,95.0,0.02530855018587358,0.589999999999975,7.0,0.001494654709428928,2.0,2.5,0.058960144927578007,-0.09358612806613564,-0.12306620052992465,51.279009283326246,80.85804446181568,61.51287686143422,119.54837966257861,22.988505747125508,42.52873563218296,29.896648753020266,0.0632783233775438,0.0683440490052098,0.0,0.01999999999998181,0.25,1.0,12486.0,12486.0,2022-01-05,2022-01-05 07:05:00,3.677939948903439,228.0,1.0,best_within_2.0d,12713.0,380.79,0.5832424107187206,4.3760036431226785,32.22527881040892,0.012230020343504162,2.285057100371749,15.890706319702602,0.006381710269403211,0.19996083039561058,10.211999999999989,95.0,0.02530855018587358,0.589999999999975,7.0,0.001494654709428928,2.0,0.00402220134195386,1.9444468750000041,16.553125,0.005470102952261012,0.0,1
12486.0,2022-01-05 07:10:00,395.3,395.45,395.3,395.41,11843.0,2s,2s,0.0,sell,False,0.21171171171170974,4.163492493946733,28.239017640954685,0.011578080659927173,0.0861391378462796,-0.1122988082991397,-0.0692292393759999,-0.00017513336551332634,53.75011754072398,85.3607620355783,69.46217191948224,117.15794226777041,11843.0,0.7099999999999795,1.0,10.211999999999989,95.0,0.02530855018587358,0.7099999999999795,8.0,0.0017986522774483952,2.0,2.5,0.0861391378462796,-0.0692292393759999,-0.1122988082991397,53.75011754072398,85.3607620355783,69.46217191948224,117.15794226777041,28.015564202334176,35.7976653696491,28.63225398146306,0.027826966860615643,0.037945863900829054,0.03999999999996362,0.0,0.11000000000001364,1.0,12487.0,12487.0,2022-01-05,2022-01-05 07:10:00,3.6974279861409687,227.0,1.0,best_within_2.0d,12713.0,380.79,0.5832424107187206,4.3760036431226785,32.22527881040892,0.012230020343504162,2.285057100371749,15.890706319702602,0.006381710269403211,0.21171171171170974,10.211999999999989,95.0,0.02530855018587358,0.7099999999999795,8.0,0.0017986522774483952,2.0,0.00402220134195386,1.9444468750000041,16.553125,0.005470102952261012,1.0,1
12493.0,2022-01-05 07:45:00,395.05,395.05,394.64,394.64,8353.0,1,1,1.0,buy,False,0.04792216692598333,0.8100000000000023,8.0,0.0020482994057403016,-0.04531622474725813,-0.07357558159013895,-0.09623369396376802,-0.000243497437740721,34.185375028186584,29.12638649461318,48.113935643907155,-8.848711803974766,8353.0,0.8100000000000023,1.0,0.8100000000000023,8.0,0.0020482994057403016,0.8100000000000023,8.0,0.0020482994057403016,1.0,1.0,-0.04531622474725813,-0.09623369396376802,-0.07357558159013895,34.185375028186584,29.12638649461318,48.113935643907155,-8.848711803974766,24.825174825173498,35.66433566433415,21.38612431616042,-0.10378433109733579,0.10389215487533576,0.0,0.0,0.410000000000025,0.0,12494.0,12494.0,2022-01-05,2022-01-05 07:45:00,2.2248124873302326,189.0,1.0,best_within_2.0d,12682.0,403.42,0.5832424107187206,4.3760036431226785,32.22527881040892,0.012230020343504162,2.285057100371749,15.890706319702602,0.006381710269403211,0.4929364202292669,5.6011759621451125,36.843533123028394,0.015614239272951093,2.82998018927445,22.52492113564669,0.007835530045022196,1.8630914826498424,0.00402220134195386,1.9444468750000041,16.553125,0.005470102952261012,0.0,0
12494.0,2022-01-05 07:50:00,394.72,394.75,394.64,394.73,13590.0,1,1,1.0,buy,False,0.0786692743503988,0.8100000000000023,9.0,0.0020482994057403016,-0.07439134634015926,-0.08287449988265885,-0.12007017305273848,-0.00030383780288817847,37.26197071760307,23.121294700113786,39.78305532930936,-10.202226558277374,13590.0,0.8100000000000023,1.0,0.8100000000000023,9.0,0.0020482994057403016,0.8100000000000023,9.0,0.0020482994057403016,1.0,1.0,-0.07439134634015926,-0.12007017305273848,-0.08287449988265885,37.26197071760307,23.121294700113786,39.78305532930936,-10.202226558277374,22.340425531913883,36.17021276595543,21.546855696174898,0.0025334414268319075,0.02787350496655525,0.01999999999998181,0.08000000000004093,0.009999999999990905,1.0,12495.0,12495.0,2022-01-05,2022-01-05 07:50:00,2.2015048260836516,188.0,1.0,best_within_2.0d,12682.0,403.42,0.5832424107187206,4.3760036431226785,32.22527881040892,0.012230020343504162,2.285057100371749,15.890706319702602,0.006381710269403211,0.4929364202292669,5.6011759621451125,36.843533123028394,0.015614239272951093,2.82998018927445,22.52492113564669,0.007835530045022196,1.8630914826498424,0.00402220134195386,1.9444468750000041,16.553125,0.005470102952261012,0.0,0
12498.0,2022-01-05 08:10:00,394.89,394.89,394.6,394.61,7103.0,1,1,1.0,buy,False,0.07866927435038698,0.8499999999999659,13.0,0.002149449993678002,-0.05508533680392888,-0.10275763864637973,-0.13030030704834417,-0.0003297869676087588,37.20178091219155,24.908473397175793,30.22000018941126,14.285419812704859,7103.0,0.8499999999999659,1.0,0.8499999999999659,13.0,0.002149449993678002,0.8499999999999659,13.0,0.002149449993678002,1.0,1.0,-0.05508533680392888,-0.13030030704834417,-0.10275763864637973,37.20178091219155,24.908473397175793,30.22000018941126,14.285419812704859,40.7621455661905,26.00686292215852,23.52898618274974,-0.07090582187443914,0.07349214394322443,0.0,0.009999999999990905,0.2799999999999727,0.0,12499.0,12499.0,2022-01-05,2022-01-05 08:10:00,2.2325840703479387,184.0,1.0,best_within_2.0d,12682.0,403.42,0.5832424107187206,4.3760036431226785,32.22527881040892,0.012230020343504162,2.285057100371749,15.890706319702602,0.006381710269403211,0.4929364202292669,5.6011759621451125,36.843533123028394,0.015614239272951093,2.82998018927445,22.52492113564669,0.007835530045022196,1.8630914826498424,0.00402220134195386,1.9444468750000041,16.553125,0.005470102952261012,0.0,0
12499.0,2022-01-05 08:15:00,394.6,395.03,394.33,394.96,73179.0,1,1,1.0,buy,False,0.07866927435036862,1.1200000000000045,14.0,0.0028322164622581985,-0.03043459691116518,-0.10656196326027537,-0.12177926171585796,-0.00030822875400718277,46.71016696133203,26.008377046931663,28.816125808584726,20.392879523625545,73179.0,1.1200000000000045,1.0,1.1200000000000045,14.0,0.0028322164622581985,1.1200000000000045,14.0,0.0028322164622581985,1.0,1.0,-0.03043459691116518,-0.12177926171585796,-0.10656196326027537,46.71016696133203,26.008377046931663,28.816125808584726,20.392879523625545,37.82470253058434,27.149321266967956,23.021932138191698,0.09123162696400323,0.17751629345978967,0.06999999999999318,0.27000000000003865,0.3599999999999568,1.0,12500.0,12500.0,2022-01-05,2022-01-05 08:15:00,2.1419890621835216,183.0,1.0,best_within_2.0d,12682.0,403.42,0.5832424107187206,4.3760036431226785,32.22527881040892,0.012230020343504162,2.285057100371749,15.890706319702602,0.006381710269403211,0.4929364202292669,5.6011759621451125,36.843533123028394,0.015614239272951093,2.82998018927445,22.52492113564669,0.007835530045022196,1.8630914826498424,0.00402220134195386,1.9444468750000041,16.553125,0.005470102952261012,1.0,0
12500.0,2022-01-05 08:20:00,397.34,398.08,396.88,397.48,844045.0,1p,1p,1.0,buy,False,1.8847459589058213,3.8600000000000136,41.0,0.00963218046613768,-0.43407336926910034,-0.22254114448035978,-0.43957782911490995,-0.0011003325850751256,31.698403150717965,25.903845726615753,37.69584763224983,2.3198419153475953,844045.0,3.8600000000000136,0.0,3.8600000000000136,41.0,0.00963218046613768,3.8600000000000136,0.0,0.0,1.0,1.0,-0.43407336926910034,-0.43957782911490995,-0.22254114448035978,31.698403150717965,25.903845726615753,37.69584763224983,2.3198419153475953,17.984496124030986,36.5891472868211,48.896670827538124,0.035234308149203,0.30235839548477844,0.5999999999999659,0.45999999999997954,0.1400000000000432,1.0,12501.0,12501.0,2022-01-05,2022-01-05 08:20:00,1.49441481332394,182.0,1.0,best_within_2.0d,12682.0,403.42,0.5832424107187206,4.3760036431226785,32.22527881040892,0.012230020343504162,2.285057100371749,15.890706319702602,0.006381710269403211,0.4929364202292669,5.6011759621451125,36.843533123028394,0.015614239272951093,2.82998018927445,22.52492113564669,0.007835530045022196,1.8630914826498424,0.00402220134195386,1.9444468750000041,16.553125,0.005470102952261012,0.0,0
12514.0,2022-01-05 09:30:00,394.74,395.14,392.65,392.69,1739200.0,1,1,1.0,buy,False,0.2871507815412794,2.8000000000000114,29.0,0.007080541155645496,-0.2715359130726324,-0.10289855585199006,-0.23866651238830627,-0.0006045045374074502,24.685659473976926,27.93505839785987,38.296258688946196,7.2126578156872085,1739200.0,2.8000000000000114,1.0,2.8000000000000114,29.0,0.007080541155645496,2.8000000000000114,29.0,0.007080541155645496,1.0,1.0,-0.2715359130726324,-0.23866651238830627,-0.10289855585199006,24.685659473976926,27.93505839785987,38.296258688946196,7.2126578156872085,15.441011109610988,47.37702214426052,24.921303549816038,-0.5193291786999066,0.6341525531643981,0.39999999999997726,0.040000000000020464,2.0500000000000114,0.0,12515.0,12515.0,2022-01-05,2022-01-05 09:30:00,2.732435254271822,168.0,1.0,best_within_2.0d,12682.0,403.42,0.5832424107187206,4.3760036431226785,32.22527881040892,0.012230020343504162,2.285057100371749,15.890706319702602,0.006381710269403211,0.4929364202292669,5.6011759621451125,36.843533123028394,0.015614239272951093,2.82998018927445,22.52492113564669,0.007835530045022196,1.8630914826498424,0.00402220134195386,1.9444468750000041,16.553125,0.005470102952261012,0.0,0
12515.0,2022-01-05 09:35:00,392.69,394.0927,392.36,393.67,1167546.0,1,1,1.0,buy,False,0.32192868982473527,3.089999999999975,30.0,0.007813882918194398,-0.30442264606245406,-0.14095138660979684,-0.29316270964102387,-0.0007426941172221195,38.89107078836605,32.84750551605176,36.48000763131471,25.58250128552585,1167546.0,3.089999999999975,1.0,3.089999999999975,30.0,0.007813882918194398,3.089999999999975,30.0,0.007813882918194398,1.0,1.0,-0.30442264606245406,-0.29316270964102387,-0.14095138660979684,38.89107078836605,32.84750551605176,36.48000763131471,25.58250128552585,10.766463548931368,42.214228030247334,27.38099822702166,0.24956072219817624,0.4416097461514848,0.42269999999996344,0.3299999999999841,0.9800000000000182,1.0,12516.0,12516.0,2022-01-05,2022-01-05 09:35:00,2.476693677445576,167.0,1.0,best_within_2.0d,12682.0,403.42,0.5832424107187206,4.3760036431226785,32.22527881040892,0.012230020343504162,2.285057100371749,15.890706319702602,0.006381710269403211,0.4929364202292669,5.6011759621451125,36.843533123028394,0.015614239272951093,2.82998018927445,22.52492113564669,0.007835530045022196,1.8630914826498424,0.00402220134195386,1.9444468750000041,16.553125,0.005470102952261012,1.0,0
12520.0,2022-01-05 10:00:00,395.07,395.89,394.52,394.86,839132.0,2s,2s,0.0,sell,False,0.25479827653740483,4.163492493946733,28.239017640954685,0.011578080659927173,0.11061959262522897,-0.18069153633094107,-0.12538174001832658,-0.0003176607928882344,51.550679065959564,70.37651647220267,60.49122218439945,90.1471050478091,839132.0,3.5299999999999727,1.0,10.211999999999989,95.0,0.02530855018587358,3.5299999999999727,6.0,0.00899683963706793,3.0,2.5,0.11061959262522897,-0.12538174001832658,-0.18069153633094107,51.550679065959564,70.37651647220267,60.49122218439945,90.1471050478091,23.397225093174786,26.386670425005683,26.107423327636123,-0.05315513706431253,0.34725742674642723,0.8199999999999932,0.34000000000003183,0.20999999999997954,0.0,12521.0,12521.0,2022-01-05,2022-01-05 10:00:00,3.56328825406473,193.0,1.0,best_within_2.0d,12713.0,380.79,0.5832424107187206,4.3760036431226785,32.22527881040892,0.012230020343504162,2.285057100371749,15.890706319702602,0.006381710269403211,0.25479827653740483,10.211999999999989,95.0,0.02530855018587358,3.5299999999999727,6.0,0.00899683963706793,3.0,0.00402220134195386,1.9444468750000041,16.553125,0.005470102952261012,1.0,1
12526.0,2022-01-05 10:30:00,394.66,394.69,393.38,393.45,630737.0,2,2,1.0,buy,False,0.7110481586402295,4.163492493946733,28.239017640954685,0.011578080659927173,-0.07448610776923303,-0.15960228903273993,-0.19684534291735645,-0.0004989446352777176,39.7831518670737,34.407733309731285,48.45389804053424,6.315403848125371,630737.0,2.509999999999991,1.0,3.5299999999999727,6.0,0.00899683963706793,2.509999999999991,7.0,0.006340144989769863,2.0,2.0,-0.07448610776923303,-0.19684534291735645,-0.15960228903273993,39.7831518670737,34.407733309731285,48.45389804053424,6.315403848125371,19.158079368558997,27.187020390265477,21.35695915254573,-0.3065930167739412,0.3330113376379079,0.029999999999972715,0.06999999999999318,1.2100000000000364,0.0,12527.0,12527.0,2022-01-05,2022-01-05 10:30:00,2.5339941542762814,156.0,1.0,best_within_2.0d,12682.0,403.42,0.7110481586402295,3.5299999999999727,6.0,0.00899683963706793,2.509999999999991,7.0,0.006340144989769863,0.4929364202292669,5.6011759621451125,36.843533123028394,0.015614239272951093,2.82998018927445,22.52492113564669,0.007835530045022196,1.8630914826498424,0.00402220134195386,1.9444468750000041,16.553125,0.005470102952261012,0.0,0
12527.0,2022-01-05 10:35:00,393.4901,393.8099,392.912,393.24,500357.0,2,2,1.0,buy,False,0.8436260623229551,4.163492493946733,28.239017640954685,0.011578080659927173,-0.17494412867503195,-0.18147030511711892,-0.2689423694546349,-0.000681853546875807,38.26989894827176,26.609856681527038,41.17255092086517,-2.5155317971492224,500357.0,2.9780000000000086,1.0,3.5299999999999727,6.0,0.00899683963706793,2.9780000000000086,8.0,0.007522291545631384,2.0,2.0,-0.17494412867503195,-0.2689423694546349,-0.18147030511711892,38.26989894827176,26.609856681527038,41.17255092086517,-2.5155317971492224,18.51114312346358,28.496374399264095,21.34873173899153,-0.06355941356592577,0.2285244533127137,0.3198000000000434,0.3280000000000314,0.2500999999999749,0.0,12528.0,12528.0,2022-01-05,2022-01-05 10:35:00,2.588749872851187,155.0,1.0,best_within_2.0d,12682.0,403.42,0.8436260623229551,3.5299999999999727,6.0,0.00899683963706793,2.9780000000000086,8.0,0.007522291545631384,0.4929364202292669,5.6011759621451125,36.843533123028394,0.015614239272951093,2.82998018927445,22.52492113564669,0.007835530045022196,1.8630914826498424,0.00402220134195386,1.9444468750000041,16.553125,0.005470102952261012,0.0,0
12529.0,2022-01-05 10:45:00,393.36,393.51,392.88,393.41,481201.0,2,2,1.0,buy,False,0.8526912181303157,4.163492493946733,28.239017640954685,0.011578080659927173,-0.21161522216326978,-0.2343267705099758,-0.3401343815916107,-0.0008626742705871603,40.30220392462975,22.495881069404028,30.832195320256695,5.823252567698702,481201.0,3.009999999999991,1.0,3.5299999999999727,6.0,0.00899683963706793,3.009999999999991,10.0,0.007603122079365457,2.0,2.0,-0.21161522216326978,-0.3401343815916107,-0.2343267705099758,40.30220392462975,22.495881069404028,30.832195320256695,5.823252567698702,22.53937370566006,18.925910367242427,19.494764540008134,0.01271100264389144,0.16035430665852052,0.0999999999999659,0.4800000000000182,0.05000000000001137,1.0,12530.0,12530.0,2022-01-05,2022-01-05 10:45:00,2.5444193081009607,153.0,1.0,best_within_2.0d,12682.0,403.42,0.8526912181303157,3.5299999999999727,6.0,0.00899683963706793,3.009999999999991,10.0,0.007603122079365457,0.4929364202292669,5.6011759621451125,36.843533123028394,0.015614239272951093,2.82998018927445,22.52492113564669,0.007835530045022196,1.8630914826498424,0.00402220134195386,1.9444468750000041,16.553125,0.005470102952261012,1.0,0
12541.0,2022-01-05 11:45:00,393.03,393.17,392.76,393.02,485134.0,2,2,1.0,buy,False,0.8866855524079376,4.163492493946733,28.239017640954685,0.011578080659927173,-0.0570083984284776,-0.27788866831321085,-0.30639286752744965,-0.0007780196633885969,40.41378400899944,25.67973241675373,33.395245599348655,10.248706051563886,485134.0,3.1299999999999955,1.0,3.5299999999999727,6.0,0.00899683963706793,3.1299999999999955,22.0,0.007906236580868411,2.0,2.0,-0.0570083984284776,-0.30639286752744965,-0.27788866831321085,40.41378400899944,25.67973241675373,33.395245599348655,10.248706051563886,18.837028215463334,18.263329058263054,13.835628430799158,-0.002544335038035495,0.10438944902740224,0.1400000000000432,0.2599999999999909,0.009999999999990905,0.0,12542.0,12542.0,2022-01-05,2022-01-05 11:45:00,2.6461757671365413,141.0,1.0,best_within_2.0d,12682.0,403.42,0.8866855524079376,3.5299999999999727,6.0,0.00899683963706793,3.1299999999999955,22.0,0.007906236580868411,0.4929364202292669,5.6011759621451125,36.843533123028394,0.015614239272951093,2.82998018927445,22.52492113564669,0.007835530045022196,1.8630914826498424,0.00402220134195386,1.9444468750000041,16.553125,0.005470102952261012,1.0,0
12546.0,2022-01-05 12:10:00,392.83,393.07,392.76,393.01,250683.0,2,2,1.0,buy,False,0.8866855524079376,4.163492493946733,28.239017640954685,0.011578080659927173,-0.029933910342510694,-0.30288409322985455,-0.3178510484011099,-0.0008075960811730096,42.59102065800602,22.977941232346602,25.868001146306252,17.197821404427295,250683.0,3.1299999999999955,1.0,3.5299999999999727,6.0,0.00899683963706793,3.1299999999999955,27.0,0.007906236580868411,2.0,2.0,-0.029933910342510694,-0.3178510484011099,-0.30288409322985455,42.59102065800602,22.977941232346602,25.868001146306252,17.197821404427295,13.138558868215423,18.989264987920553,13.1381743106415,0.04582134765674893,0.07892860780120234,0.060000000000002274,0.06999999999999318,0.18000000000000682,1.0,12547.0,12547.0,2022-01-05,2022-01-05 12:10:00,2.6487875626574455,136.0,1.0,best_within_2.0d,12682.0,403.42,0.8866855524079376,3.5299999999999727,6.0,0.00899683963706793,3.1299999999999955,27.0,0.007906236580868411,0.4929364202292669,5.6011759621451125,36.843533123028394,0.015614239272951093,2.82998018927445,22.52492113564669,0.007835530045022196,1.8630914826498424,0.00402220134195386,1.9444468750000041,16.553125,0.005470102952261012,0.0,0
12550.0,2022-01-05 12:30:00,393.0499,393.08,392.19,392.4,583986.0,1,1,1.0,buy,False,0.22378430809164782,3.6999999999999886,31.0,0.009346030463007372,-0.04057066258024289,-0.2996847643201801,-0.31997009561030154,-0.0008133331763528428,36.72558864135018,30.56497209499312,31.860056375722873,27.97480353353361,583986.0,3.6999999999999886,1.0,3.6999999999999886,31.0,0.009346030463007372,3.6999999999999886,31.0,0.009346030463007372,1.0,1.0,-0.04057066258024289,-0.31997009561030154,-0.2996847643201801,36.72558864135018,30.56497209499312,31.860056375722873,27.97480353353361,12.201253234252029,20.10938208929643,13.430223650647076,-0.1653479621798663,0.22693082434533934,0.030100000000004457,0.20999999999997954,0.6499000000000024,0.0,12551.0,12551.0,2022-01-05,2022-01-05 12:30:00,2.8083588175331395,132.0,1.0,best_within_2.0d,12682.0,403.42,0.5832424107187206,4.3760036431226785,32.22527881040892,0.012230020343504162,2.285057100371749,15.890706319702602,0.006381710269403211,0.4929364202292669,5.6011759621451125,36.843533123028394,0.015614239272951093,2.82998018927445,22.52492113564669,0.007835530045022196,1.8630914826498424,0.00402220134195386,1.9444468750000041,16.553125,0.005470102952261012,0.0,0
12551.0,2022-01-05 12:35:00,392.41,392.49,391.54,391.585,1019316.0,1,1,1.0,buy,False,0.2237843080893829,4.349999999999966,32.0,0.01098790067948159,-0.18610980933266819,-0.3229484904867636,-0.4160033951530977,-0.0010578032578445783,30.333524303069368,21.119222320753817,28.279778357399852,6.798110247461743,1019316.0,4.349999999999966,1.0,4.349999999999966,32.0,0.01098790067948159,4.349999999999966,32.0,0.01098790067948159,1.0,1.0,-0.18610980933266819,-0.4160033951530977,-0.3229484904867636,30.333524303069368,21.119222320753817,28.279778357399852,6.798110247461743,8.122520571166337,26.956173704222845,16.305902042142396,-0.21023929053796933,0.24263165960054875,0.07999999999998408,0.04499999999995907,0.8250000000000455,0.0,12552.0,12552.0,2022-01-05,2022-01-05 12:35:00,3.0223323160999622,131.0,1.0,best_within_2.0d,12682.0,403.42,0.5832424107187206,4.3760036431226785,32.22527881040892,0.012230020343504162,2.285057100371749,15.890706319702602,0.006381710269403211,0.4929364202292669,5.6011759621451125,36.843533123028394,0.015614239272951093,2.82998018927445,22.52492113564669,0.007835530045022196,1.8630914826498424,0.00402220134195386,1.9444468750000041,16.553125,0.005470102952261012,0.0,0
12552.0,2022-01-05 12:40:00,391.59,391.85,391.24,391.4414,571812.0,1,1,1.0,buy,False,0.29611710151654913,4.649999999999977,33.0,0.011745686933238974,-0.2800146567818541,-0.3579503225844954,-0.49795765097542244,-0.001266631042543417,29.363761386013337,16.973159708088446,24.51090547429605,1.897668175673239,571812.0,4.649999999999977,1.0,4.649999999999977,33.0,0.011745686933238974,4.649999999999977,33.0,0.011745686933238974,1.0,1.0,-0.2800146567818541,-0.49795765097542244,-0.3579503225844954,29.363761386013337,16.973159708088446,24.51090547429605,1.897668175673239,8.461170584556617,29.30630663772757,19.083576927236216,-0.03794785362240804,0.15591452816685758,0.26000000000004775,0.20139999999997826,0.14859999999998763,0.0,12553.0,12553.0,2022-01-05,2022-01-05 12:40:00,3.0601259856520104,130.0,1.0,best_within_2.0d,12682.0,403.42,0.5832424107187206,4.3760036431226785,32.22527881040892,0.012230020343504162,2.285057100371749,15.890706319702602,0.006381710269403211,0.4929364202292669,5.6011759621451125,36.843533123028394,0.015614239272951093,2.82998018927445,22.52492113564669,0.007835530045022196,1.8630914826498424,0.00402220134195386,1.9444468750000041,16.553125,0.005470102952261012,0.0,0
12553.0,2022-01-05 12:45:00,391.4414,391.58,391.22,391.44,500164.0,1,1,1.0,buy,False,0.33612346091622725,4.669999999999959,34.0,0.011796206016822752,-0.3178455248431269,-0.39768101318988625,-0.5566037756114497,-0.0014162588310570562,29.353908421573877,14.449342939295043,21.15705129596238,1.0339262259603714,500164.0,4.669999999999959,1.0,4.669999999999959,34.0,0.011796206016822752,4.669999999999959,34.0,0.011796206016822752,1.0,1.0,-0.3178455248431269,-0.5566037756114497,-0.39768101318988625,29.353908421573877,14.449342939295043,21.15705129596238,1.0339262259603714,8.550291825177645,29.862823578979153,21.683495355094728,-0.0003576525119697691,0.09201983538672787,0.13859999999999673,0.21999999999997044,0.0013999999999896318,0.0,12554.0,12554.0,2022-01-05,2022-01-05 12:45:00,3.060494584099739,129.0,1.0,best_within_2.0d,12682.0,403.42,0.5832424107187206,4.3760036431226785,32.22527881040892,0.012230020343504162,2.285057100371749,15.890706319702602,0.006381710269403211,0.4929364202292669,5.6011759621451125,36.843533123028394,0.015614239272951093,2.82998018927445,22.52492113564669,0.007835530045022196,1.8630914826498424,0.00402220134195386,1.9444468750000041,16.553125,0.005470102952261012,0.0,0
12554.0,2022-01-05 12:50:00,391.47,391.5686,391.2,391.53,331823.0,1,1,1.0,buy,False,0.33612346091622725,4.689999999999998,35.0,0.011846725100406673,-0.3061568491507085,-0.4359506193337248,-0.5890290439090791,-0.001499181965136581,30.9577783472526,14.587850247818016,18.96731761324759,5.828915516958865,331823.0,4.689999999999998,1.0,4.689999999999998,35.0,0.011846725100406673,4.689999999999998,35.0,0.011846725100406673,1.0,1.0,-0.3061568491507085,-0.5890290439090791,-0.4359506193337248,30.9577783472526,14.587850247818016,18.96731761324759,5.828915516958865,9.104704097116926,27.576697235601806,23.73166901145378,0.0153268449689492,0.09422290388548439,0.03860000000003083,0.27000000000003865,0.05999999999994543,1.0,12555.0,12555.0,2022-01-05,2022-01-05 12:50:00,3.0368043317242726,128.0,1.0,best_within_2.0d,12682.0,403.42,0.5832424107187206,4.3760036431226785,32.22527881040892,0.012230020343504162,2.285057100371749,15.890706319702602,0.006381710269403211,0.4929364202292669,5.6011759621451125,36.843533123028394,0.015614239272951093,2.82998018927445,22.52492113564669,0.007835530045022196,1.8630914826498424,0.00402220134195386,1.9444468750000041,16.553125,0.005470102952261012,0.0,0
12555.0,2022-01-05 12:55:00,391.5,391.53,391.03,391.16,381281.0,1,1,1.0,buy,False,0.34057762739028946,4.860000000000014,36.0,0.012276137310869215,-0.32205747980467403,-0.4762078043093091,-0.6372365442116461,-0.0016224108022783721,28.130300130131275,11.538343679857057,16.490992968784077,1.6330451020030168,381281.0,4.860000000000014,1.0,4.860000000000014,36.0,0.012276137310869215,4.860000000000014,36.0,0.012276137310869215,1.0,1.0,-0.32205747980467403,-0.6372365442116461,-0.4762078043093091,28.130300130131275,11.538343679857057,16.490992968784077,1.6330451020030168,8.997848340614311,27.383451783270267,25.646254189236593,-0.08684546615580459,0.12786742705163287,0.029999999999972715,0.1300000000000523,0.339999999999975,0.0,12556.0,12556.0,2022-01-05,2022-01-05 12:55:00,3.1342673074956515,127.0,1.0,best_within_2.0d,12682.0,403.42,0.5832424107187206,4.3760036431226785,32.22527881040892,0.012230020343504162,2.285057100371749,15.890706319702602,0.006381710269403211,0.4929364202292669,5.6011759621451125,36.843533123028394,0.015614239272951093,2.82998018927445,22.52492113564669,0.007835530045022196,1.8630914826498424,0.00402220134195386,1.9444468750000041,16.553125,0.005470102952261012,0.0,0
12556.0,2022-01-05 13:00:00,391.155,391.31,390.93,391.12,390156.0,1,1,1.0,buy,False,0.3405776273842218,4.9599999999999795,37.0,0.01252873272878825,-0.311563323587851,-0.5151532197577905,-0.670934881551716,-0.001708739287523781,27.834326412275885,10.235736482689136,14.405907473419095,1.8953945012292195,390156.0,4.9599999999999795,1.0,4.9599999999999795,37.0,0.01252873272878825,4.9599999999999795,37.0,0.01252873272878825,1.0,1.0,-0.311563323587851,-0.670934881551716,-0.5151532197577905,27.834326412275885,10.235736482689136,14.405907473419095,1.8953945012292195,7.543734148404072,28.612863367367325,27.97665605310979,-0.008947859544162332,0.09720410303634805,0.15500000000002956,0.18999999999999773,0.03499999999996817,0.0,12557.0,12557.0,2022-01-05,2022-01-05 13:00:00,3.144814890570672,126.0,1.0,best_within_2.0d,12682.0,403.42,0.5832424107187206,4.3760036431226785,32.22527881040892,0.012230020343504162,2.285057100371749,15.890706319702602,0.006381710269403211,0.4929364202292669,5.6011759621451125,36.843533123028394,0.015614239272951093,2.82998018927445,22.52492113564669,0.007835530045022196,1.8630914826498424,0.00402220134195386,1.9444468750000041,16.553125,0.005470102952261012,0.0,0
12557.0,2022-01-05 13:05:00,391.1299,391.18,390.68,390.8235,352143.0,1,1,1.0,buy,False,0.34057762737438907,5.2099999999999795,38.0,0.013160221273586046,-0.31710389302343445,-0.5547912063857198,-0.713343152897437,-0.0018173707163853861,25.677657062823044,8.622069935828083,12.477961627555423,0.9102865523734032,352143.0,5.2099999999999795,1.0,5.2099999999999795,38.0,0.013160221273586046,5.2099999999999795,38.0,0.013160221273586046,1.0,1.0,-0.31710389302343445,-0.713343152897437,-0.5547912063857198,25.677657062823044,8.622069935828083,12.477961627555423,0.9102865523734032,6.650892114856309,31.334654984971834,30.619893901134077,-0.07833714579222821,0.1279819801371967,0.05009999999998627,0.14350000000001728,0.30639999999999645,0.0,12558.0,12558.0,2022-01-05,2022-01-05 13:05:00,3.2230661666967286,125.0,1.0,best_within_2.0d,12682.0,403.42,0.5832424107187206,4.3760036431226785,32.22527881040892,0.012230020343504162,2.285057100371749,15.890706319702602,0.006381710269403211,0.4929364202292669,5.6011759621451125,36.843533123028394,0.015614239272951093,2.82998018927445,22.52492113564669,0.007835530045022196,1.8630914826498424,0.00402220134195386,1.9444468750000041,16.553125,0.005470102952261012,0.0,0
12558.0,2022-01-05 13:10:00,390.845,391.09,390.53,391.0705,696883.0,1,1,1.0,buy,False,0.3405776273803163,5.360000000000014,39.0,0.01353911440046481,-0.2623117275628304,-0.5875801723310736,-0.7187360361124888,-0.001831608959833183,30.508172997223383,12.813406101009653,12.589776452040166,13.260665398948625,696883.0,5.360000000000014,1.0,5.360000000000014,39.0,0.01353911440046481,5.360000000000014,39.0,0.01353911440046481,1.0,1.0,-0.2623117275628304,-0.7187360361124888,-0.5875801723310736,30.508172997223383,12.813406101009653,12.589776452040166,13.260665398948625,4.552253365416191,33.81543864212858,33.880643054399364,0.057695505891070385,0.14339487363326822,0.019499999999993634,0.31500000000005457,0.22549999999995407,1.0,12559.0,12559.0,2022-01-05,2022-01-05 13:10:00,3.1578705118386674,124.0,1.0,best_within_2.0d,12682.0,403.42,0.5832424107187206,4.3760036431226785,32.22527881040892,0.012230020343504162,2.285057100371749,15.890706319702602,0.006381710269403211,0.4929364202292669,5.6011759621451125,36.843533123028394,0.015614239272951093,2.82998018927445,22.52492113564669,0.007835530045022196,1.8630914826498424,0.00402220134195386,1.9444468750000041,16.553125,0.005470102952261012,1.0,0
12568.0,2022-01-05 14:00:00,391.47,393.04,390.7,390.7918,1842692.0,3a,3a,0.0,sell,False,0.0024799453399801637,4.163492493946733,28.239017640954685,0.011578080659927173,0.08619523393531892,-0.48802627179009306,-0.4449286548224336,-0.0011353820537677852,33.231406090444054,38.691863979733775,52.239509332671986,11.59657327385736,1842692.0,2.5100000000000477,2.0,2.5100000000000477,11.0,0.006427163086062653,2.5100000000000477,11.0,0.006427163086062653,3.0,3.0,0.08619523393531892,-0.4449286548224336,-0.48802627179009306,33.231406090444054,38.691863979733775,52.239509332671986,11.59657327385736,28.723909207083477,13.022576522850105,32.95299712571597,-0.17324443763251435,0.5989250063987795,1.5699999999999932,0.09180000000003474,0.6782000000000039,0.0,12569.0,12569.0,2022-01-05,2022-01-05 14:00:00,3.1069740972047124,346.0,1.0,best_within_2.0d,12914.0,378.65,0.5832424107187206,4.3760036431226785,32.22527881040892,0.012230020343504162,2.285057100371749,15.890706319702602,0.006381710269403211,0.4929364202292669,5.6011759621451125,36.843533123028394,0.015614239272951093,2.82998018927445,22.52492113564669,0.007835530045022196,1.8630914826498424,0.0024799453399801637,2.5100000000000477,11.0,0.006427163086062653,0.0,1
12569.0,2022-01-05 14:05:00,390.79,391.46,390.0,390.54,2673830.0,1,1,1.0,buy,False,0.3405776277609883,5.889999999999986,50.0,0.014877870115436072,0.007992586001823399,-0.48702719853986515,-0.48303090553895345,-0.0012329237921627136,30.894900278848183,31.715628618068315,45.39821576113743,4.350454331930095,2673830.0,5.889999999999986,1.0,5.889999999999986,50.0,0.014877870115436072,5.889999999999986,50.0,0.014877870115436072,1.0,1.0,0.007992586001823399,-0.48303090553895345,-0.48702719853986515,30.894900278848183,31.715628618068315,45.39821576113743,4.350454331930095,25.71895602898733,17.435841551789355,31.970208741628625,-0.06397297781417129,0.3743589743589691,0.6699999999999591,0.5400000000000205,0.25,0.0,12570.0,12570.0,2022-01-05,2022-01-05 14:05:00,3.2979976442873955,113.0,1.0,best_within_2.0d,12682.0,403.42,0.5832424107187206,4.3760036431226785,32.22527881040892,0.012230020343504162,2.285057100371749,15.890706319702602,0.006381710269403211,0.4929364202292669,5.6011759621451125,36.843533123028394,0.015614239272951093,2.82998018927445,22.52492113564669,0.007835530045022196,1.8630914826498424,0.00402220134195386,1.9444468750000041,16.553125,0.005470102952261012,0.0,0
12570.0,2022-01-05 14:10:00,390.56,390.6,389.08,389.49,1685938.0,1,1,1.0,buy,False,0.34057762779961775,6.810000000000002,51.0,0.017201747960292006,-0.16657912926075058,-0.5078495896974589,-0.5911391543278341,-0.0015095199423572246,23.480918869998888,24.594930863224175,38.46378746183301,-3.1427823339934946,1685938.0,6.810000000000002,1.0,6.810000000000002,51.0,0.017201747960292006,6.810000000000002,51.0,0.017201747960292006,1.0,1.0,-0.16657912926075058,-0.5911391543278341,-0.5078495896974589,23.480918869998888,24.594930863224175,38.46378746183301,-3.1427823339934946,22.87694470023763,23.457567973634323,29.776130392911124,-0.27396558787382047,0.390665158836239,0.040000000000020464,0.410000000000025,1.0699999999999932,0.0,12571.0,12571.0,2022-01-05,2022-01-05 14:10:00,3.576471796451772,112.0,1.0,best_within_2.0d,12682.0,403.42,0.5832424107187206,4.3760036431226785,32.22527881040892,0.012230020343504162,2.285057100371749,15.890706319702602,0.006381710269403211,0.4929364202292669,5.6011759621451125,36.843533123028394,0.015614239272951093,2.82998018927445,22.52492113564669,0.007835530045022196,1.8630914826498424,0.00402220134195386,1.9444468750000041,16.553125,0.005470102952261012,0.0,0
12572.0,2022-01-05 14:20:00,389.32,389.67,388.86,389.1919,908108.0,1,1,1.0,buy,False,0.36208682004604814,7.029999999999973,53.0,0.017757457879713993,-0.342397031452381,-0.5856120955434664,-0.7568106112696569,-0.0019342335673815172,21.82655546383036,14.9246121929762,26.162514624181146,-7.551192669433689,908108.0,7.029999999999973,1.0,7.029999999999973,53.0,0.017757457879713993,7.029999999999973,53.0,0.017757457879713993,1.0,1.0,-0.342397031452381,-0.7568106112696569,-0.5856120955434664,21.82655546383036,14.9246121929762,26.162514624181146,-7.551192669433689,21.639389354972007,21.821849355888435,25.982634842663206,-0.032903524093295396,0.20830118808825857,0.35000000000002274,0.3318999999999619,0.12810000000001764,0.0,12573.0,12573.0,2022-01-05,2022-01-05 14:20:00,3.6558057862972073,110.0,1.0,best_within_2.0d,12682.0,403.42,0.5832424107187206,4.3760036431226785,32.22527881040892,0.012230020343504162,2.285057100371749,15.890706319702602,0.006381710269403211,0.4929364202292669,5.6011759621451125,36.843533123028394,0.015614239272951093,2.82998018927445,22.52492113564669,0.007835530045022196,1.8630914826498424,0.00402220134195386,1.9444468750000041,16.553125,0.005470102952261012,0.0,0
12573.0,2022-01-05 14:25:00,389.19,389.76,388.85,389.23,1015294.0,1,1,1.0,buy,False,0.36822632090508367,7.039999999999964,54.0,0.017782717421505882,-0.3482026746429274,-0.6291374298738324,-0.8032387671952961,-0.0020536869940567244,22.60893121474693,12.972812265484496,21.765947171282264,-4.613457546111036,1015294.0,7.039999999999964,1.0,7.039999999999964,54.0,0.017782717421505882,7.039999999999964,54.0,0.017782717421505882,1.0,1.0,-0.3482026746429274,-0.8032387671952961,-0.6291374298738324,22.60893121474693,12.972812265484496,21.765947171282264,-4.613457546111036,18.489512928966725,20.75611564121558,24.539262869096472,0.010277756365790607,0.2340234023402258,0.5299999999999727,0.339999999999975,0.040000000000020464,1.0,12574.0,12574.0,2022-01-05,2022-01-05 14:25:00,3.645659378773475,109.0,1.0,best_within_2.0d,12682.0,403.42,0.5832424107187206,4.3760036431226785,32.22527881040892,0.012230020343504162,2.285057100371749,15.890706319702602,0.006381710269403211,0.4929364202292669,5.6011759621451125,36.843533123028394,0.015614239272951093,2.82998018927445,22.52492113564669,0.007835530045022196,1.8630914826498424,0.00402220134195386,1.9444468750000041,16.553125,0.005470102952261012,0.0,0
12574.0,2022-01-05 14:30:00,389.24,389.8,388.41,388.48,1183021.0,1,1,1.0,buy,False,0.44187160005070303,7.479999999999961,55.0,0.01889413726035,-0.41784322375213523,-0.6813678328428493,-0.8902894447189169,-0.002277393312879036,18.65166918572929,9.15250119354829,17.56146517870427,-7.665426776763674,1183021.0,7.479999999999961,1.0,7.479999999999961,55.0,0.01889413726035,7.479999999999961,55.0,0.01889413726035,1.0,1.0,-0.41784322375213523,-0.8902894447189169,-0.6813678328428493,18.65166918572929,9.15250119354829,17.56146517870427,-7.665426776763674,14.344509461948594,22.982510472526798,24.43941667318135,-0.19525228650703702,0.3578692618624614,0.5600000000000023,0.06999999999999318,0.7599999999999909,0.0,12575.0,12575.0,2022-01-05,2022-01-05 14:30:00,3.845757825370675,108.0,1.0,best_within_2.0d,12682.0,403.42,0.5832424107187206,4.3760036431226785,32.22527881040892,0.012230020343504162,2.285057100371749,15.890706319702602,0.006381710269403211,0.4929364202292669,5.6011759621451125,36.843533123028394,0.015614239272951093,2.82998018927445,22.52492113564669,0.007835530045022196,1.8630914826498424,0.00402220134195386,1.9444468750000041,16.553125,0.005470102952261012,0.0,0
12575.0,2022-01-05 14:35:00,388.47,388.94,387.98,388.19,966378.0,1,1,1.0,buy,False,0.49087193022934894,7.909999999999968,56.0,0.01998029755740223,-0.4641789826032485,-0.7393902056682553,-0.9714796969698796,-0.0024863694032103666,17.38459845965039,7.485066671851557,14.202665676420033,-5.9501313372853915,966378.0,7.909999999999968,1.0,7.909999999999968,56.0,0.01998029755740223,7.909999999999968,56.0,0.01998029755740223,1.0,1.0,-0.4641789826032485,-0.9714796969698796,-0.7393902056682553,17.38459845965039,7.485066671851557,14.202665676420033,-5.9501313372853915,12.801197809188396,25.21295247552394,25.025912201840278,-0.07207763791284515,0.24743543481622238,0.46999999999997044,0.20999999999997954,0.28000000000002956,0.0,12576.0,12576.0,2022-01-05,2022-01-05 14:35:00,3.923336510471681,107.0,1.0,best_within_2.0d,12682.0,403.42,0.5832424107187206,4.3760036431226785,32.22527881040892,0.012230020343504162,2.285057100371749,15.890706319702602,0.006381710269403211,0.4929364202292669,5.6011759621451125,36.843533123028394,0.015614239272951093,2.82998018927445,22.52492113564669,0.007835530045022196,1.8630914826498424,0.00402220134195386,1.9444468750000041,16.553125,0.005470102952261012,0.0,0
12576.0,2022-01-05 14:40:00,388.19,388.2,387.24,387.3,1010002.0,1,1,1.0,buy,False,0.6017228626524254,8.649999999999977,57.0,0.02184950365000373,-0.5690019921504283,-0.8105154546870589,-1.095016450762273,-0.0028043642622461004,14.197043039684615,5.334872034107947,11.246734462316004,-6.488852822308164,1010002.0,8.649999999999977,1.0,8.649999999999977,57.0,0.02184950365000373,8.649999999999977,57.0,0.02184950365000373,1.0,1.0,-0.5690019921504283,-1.095016450762273,-0.8105154546870589,14.197043039684615,5.334872034107947,11.246734462316004,-6.488852822308164,11.426352305060982,29.798134442610614,26.421576858230626,-0.22926917231252383,0.24790827393863743,0.009999999999990905,0.060000000000002274,0.8899999999999864,0.0,12577.0,12577.0,2022-01-05,2022-01-05 14:40:00,4.162148205525433,106.0,1.0,best_within_2.0d,12682.0,403.42,0.5832424107187206,4.3760036431226785,32.22527881040892,0.012230020343504162,2.285057100371749,15.890706319702602,0.006381710269403211,0.4929364202292669,5.6011759621451125,36.843533123028394,0.015614239272951093,2.82998018927445,22.52492113564669,0.007835530045022196,1.8630914826498424,0.00402220134195386,1.9444468750000041,16.553125,0.005470102952261012,0.0,0
12577.0,2022-01-05 14:45:00,387.25,387.9,386.94,387.89,1275912.0,1,1,1.0,buy,False,0.6017228627422335,8.949999999999989,58.0,0.022607289903761117,-0.5147915264377694,-0.87486439549178,-1.1322601587106647,-0.002901165549598576,24.128610692166518,10.562481061086658,11.018649995239555,9.650143192780863,1275912.0,8.949999999999989,1.0,8.949999999999989,58.0,0.022607289903761117,8.949999999999989,58.0,0.022607289903761117,1.0,1.0,-0.5147915264377694,-1.1322601587106647,-0.87486439549178,24.128610692166518,10.562481061086658,11.018649995239555,9.650143192780863,11.038881393351954,30.086363013254015,27.8425920450488,0.1652679147837279,0.24810048069467605,0.009999999999990905,0.3100000000000023,0.6399999999999864,1.0,12578.0,12578.0,2022-01-05,2022-01-05 14:45:00,4.003712392688657,105.0,1.0,best_within_2.0d,12682.0,403.42,0.5832424107187206,4.3760036431226785,32.22527881040892,0.012230020343504162,2.285057100371749,15.890706319702602,0.006381710269403211,0.4929364202292669,5.6011759621451125,36.843533123028394,0.015614239272951093,2.82998018927445,22.52492113564669,0.007835530045022196,1.8630914826498424,0.00402220134195386,1.9444468750000041,16.553125,0.005470102952261012,0.0,0
12580.0,2022-01-05 15:00:00,387.46,387.49,386.33,386.36,1000367.0,1,1,1.0,buy,False,0.6017228628751664,9.560000000000002,61.0,0.02414812195306778,-0.48094507133482,-1.036882952275588,-1.277355487942998,-0.0032782044324906594,18.98219680410763,11.472468833205145,13.334304847459888,7.748796804695662,1000367.0,9.560000000000002,1.0,9.560000000000002,61.0,0.02414812195306778,9.560000000000002,61.0,0.02414812195306778,1.0,1.0,-0.48094507133482,-1.277355487942998,-1.036882952275588,18.98219680410763,11.472468833205145,13.334304847459888,7.748796804695662,12.022040407413694,34.26348305226312,30.762187264899516,-0.28390027357661846,0.30026143452489457,0.03000000000002956,0.03000000000002956,1.099999999999966,0.0,12581.0,12581.0,2022-01-05,2022-01-05 15:00:00,4.4155709700797185,102.0,1.0,best_within_2.0d,12682.0,403.42,0.5832424107187206,4.3760036431226785,32.22527881040892,0.012230020343504162,2.285057100371749,15.890706319702602,0.006381710269403211,0.4929364202292669,5.6011759621451125,36.843533123028394,0.015614239272951093,2.82998018927445,22.52492113564669,0.007835530045022196,1.8630914826498424,0.00402220134195386,1.9444468750000041,16.553125,0.005470102952261012,0.0,0
12581.0,2022-01-05 15:05:00,386.37,386.63,385.4,386.0,1087747.0,1,1,1.0,buy,False,0.601722862899625,10.490000000000009,62.0,0.0264972593397156,-0.5363209337761452,-1.1039230689976063,-1.3720835358856789,-0.0035237601441454724,17.799532432108023,12.193767100924777,12.954125598614851,10.673050105544633,1087747.0,10.490000000000009,1.0,10.490000000000009,62.0,0.0264972593397156,10.490000000000009,62.0,0.0264972593397156,1.0,1.0,-0.5363209337761452,-1.3720835358856789,-1.1039230689976063,17.799532432108023,12.193767100924777,12.954125598614851,10.673050105544633,11.059636970371306,38.30076347456837,32.506903905297676,-0.0957631286072947,0.3191489361702175,0.2599999999999909,0.6000000000000227,0.37000000000000455,0.0,12582.0,12582.0,2022-01-05,2022-01-05 15:05:00,4.512953367875651,101.0,1.0,best_within_2.0d,12682.0,403.42,0.5832424107187206,4.3760036431226785,32.22527881040892,0.012230020343504162,2.285057100371749,15.890706319702602,0.006381710269403211,0.4929364202292669,5.6011759621451125,36.843533123028394,0.015614239272951093,2.82998018927445,22.52492113564669,0.007835530045022196,1.8630914826498424,0.00402220134195386,1.9444468750000041,16.553125,0.005470102952261012,1.0,0
12590.0,2022-01-05 15:50:00,385.63,386.17,385.27,385.34,1814406.0,1,1,1.0,buy,False,0.6017228633945668,10.620000000000005,71.0,0.026825633383010444,0.016989634911714013,-1.289695616258245,-1.281200798802388,-0.003304433552220961,27.63774857507721,19.842744145097164,25.03069592180647,9.466840591678555,1814406.0,10.620000000000005,1.0,10.620000000000005,71.0,0.026825633383010444,10.620000000000005,71.0,0.026825633383010444,1.0,1.0,0.016989634911714013,-1.281200798802388,-1.289695616258245,27.63774857507721,19.842744145097164,25.03069592180647,9.466840591678555,10.938372742506196,30.504096071495308,46.54105178803922,-0.07520161813137476,0.2336024087004008,0.5400000000000205,0.06999999999999318,0.29000000000002046,0.0,12591.0,12591.0,2022-01-05,2022-01-05 15:50:00,4.691960346706815,92.0,1.0,best_within_2.0d,12682.0,403.42,0.5832424107187206,4.3760036431226785,32.22527881040892,0.012230020343504162,2.285057100371749,15.890706319702602,0.006381710269403211,0.4929364202292669,5.6011759621451125,36.843533123028394,0.015614239272951093,2.82998018927445,22.52492113564669,0.007835530045022196,1.8630914826498424,0.00402220134195386,1.9444468750000041,16.553125,0.005470102952261012,0.0,0
12591.0,2022-01-05 15:55:00,385.36,385.51,384.03,384.15,3256193.0,1,1,1.0,buy,False,0.6017228634473766,11.860000000000014,72.0,0.029957816565207542,-0.12691878244488297,-1.3055604640638552,-1.3690198552862967,-0.003533344848310532,22.72912959915584,14.566288738871958,21.54256019416163,0.6137458282926076,3256193.0,11.860000000000014,1.0,11.860000000000014,72.0,0.029957816565207542,11.860000000000014,72.0,0.029957816565207542,1.0,1.0,-0.12691878244488297,-1.3690198552862967,-1.3055604640638552,22.72912959915584,14.566288738871958,21.54256019416163,0.6137458282926076,10.514227763526927,36.33075821750292,47.15315896059932,-0.31399211127258575,0.38538655834180097,0.14999999999997726,0.12000000000000455,1.2100000000000364,0.0,12592.0,12592.0,2022-01-05,2022-01-05 15:55:00,5.0162696863204586,91.0,1.0,best_within_2.0d,12682.0,403.42,0.5832424107187206,4.3760036431226785,32.22527881040892,0.012230020343504162,2.285057100371749,15.890706319702602,0.006381710269403211,0.4929364202292669,5.6011759621451125,36.843533123028394,0.015614239272951093,2.82998018927445,22.52492113564669,0.007835530045022196,1.8630914826498424,0.00402220134195386,1.9444468750000041,16.553125,0.005470102952261012,0.0,0
12592.0,2022-01-05 16:00:00,384.17,385.3383,383.95,384.21,1199399.0,1,1,1.0,buy,False,0.6017228642452538,11.939999999999998,73.0,0.0301598928995428,-0.17900128743481858,-1.3279356249932075,-1.4174362687106168,-0.0036605767135546845,23.46719233496708,12.533877617445489,18.539666001922917,0.5223008484906302,1199399.0,11.939999999999998,1.0,11.939999999999998,73.0,0.0301598928995428,11.939999999999998,73.0,0.0301598928995428,1.0,1.0,-0.17900128743481858,-1.4174362687106168,-1.3279356249932075,23.46719233496708,12.533877617445489,18.539666001922917,0.5223008484906302,8.02884750823997,34.87689100487357,48.254682013829104,0.01041205716218435,0.3615835395233794,1.1283000000000243,0.22000000000002728,0.03999999999996362,1.0,12593.0,12593.0,2022-01-05,2022-01-05 16:00:00,4.999869862835438,90.0,1.0,best_within_2.0d,12682.0,403.42,0.5832424107187206,4.3760036431226785,32.22527881040892,0.012230020343504162,2.285057100371749,15.890706319702602,0.006381710269403211,0.4929364202292669,5.6011759621451125,36.843533123028394,0.015614239272951093,2.82998018927445,22.52492113564669,0.007835530045022196,1.8630914826498424,0.00402220134195386,1.9444468750000041,16.553125,0.005470102952261012,0.0,0
12594.0,2022-01-05 16:10:00,384.48,384.87,382.8714,384.8,143053.0,1,1,1.0,buy,False,0.601722864688554,13.018599999999992,75.0,0.0328843870772184,-0.05140069768013955,-1.3529473187910583,-1.3786476676311281,-0.003563804174425618,30.795709675173356,24.613472234643396,19.48350284106973,34.87341102179073,143053.0,13.018599999999992,1.0,13.018599999999992,75.0,0.0328843870772184,13.018599999999992,75.0,0.0328843870772184,1.0,1.0,-0.05140069768013955,-1.3786476676311281,-1.3529473187910583,30.795709675173356,24.613472234643396,19.48350284106973,34.87341102179073,7.362819055492258,33.0073886535079,50.20205047132762,0.083229296712441,0.5220029492931597,0.06999999999999318,1.608600000000024,0.3199999999999932,1.0,12595.0,12595.0,2022-01-05,2022-01-05 16:10:00,4.83887733887734,88.0,1.0,best_within_2.0d,12682.0,403.42,0.5832424107187206,4.3760036431226785,32.22527881040892,0.012230020343504162,2.285057100371749,15.890706319702602,0.006381710269403211,0.4929364202292669,5.6011759621451125,36.843533123028394,0.015614239272951093,2.82998018927445,22.52492113564669,0.007835530045022196,1.8630914826498424,0.00402220134195386,1.9444468750000041,16.553125,0.005470102952261012,1.0,0
12641.0,2022-01-06 04:05:00,383.02,383.16,382.78,383.1,8979.0,1,1,1.0,buy,False,0.6017227466246041,13.110000000000014,122.0,0.03311525928919653,-0.2885785447634451,-0.03922046703811031,-0.18350973941983284,-0.0004774769817407688,33.11535130433633,27.84130108829499,39.4272550410599,4.669393182765177,8979.0,13.110000000000014,1.0,13.110000000000014,122.0,0.03311525928919653,13.110000000000014,122.0,0.03311525928919653,1.0,1.0,-0.2885785447634451,-0.18350973941983284,-0.03922046703811031,33.11535130433633,27.84130108829499,39.4272550410599,4.669393182765177,13.345864661655762,55.63909774436,31.93455155705672,0.0208866377734951,0.09927373425990187,0.060000000000002274,0.2400000000000091,0.08000000000004093,1.0,12642.0,12642.0,2022-01-06,2022-01-06 04:05:00,5.304098146697988,41.0,1.0,best_within_2.0d,12682.0,403.42,0.5832424107187206,4.3760036431226785,32.22527881040892,0.012230020343504162,2.285057100371749,15.890706319702602,0.006381710269403211,0.4929364202292669,5.6011759621451125,36.843533123028394,0.015614239272951093,2.82998018927445,22.52492113564669,0.007835530045022196,1.8630914826498424,0.00402220134195386,1.9444468750000041,16.553125,0.005470102952261012,1.0,0
12659.0,2022-01-06 05:35:00,384.04,384.16,384.04,384.05,4879.0,3a,3a,0.0,sell,False,0.0024799453399801637,4.163492493946733,28.239017640954685,0.011578080659927173,0.22072320201913126,-0.14464041539883324,-0.03427881438926761,-8.930881050272961e-05,53.826145228612226,86.27670367947846,78.98794311080077,100.8542248168338,4879.0,1.3800000000000523,2.0,1.3800000000000523,19.0,0.003605204033648708,1.3800000000000523,19.0,0.003605204033648708,3.0,3.0,0.22072320201913126,-0.03427881438926761,-0.14464041539883324,53.826145228612226,86.27670367947846,78.98794311080077,100.8542248168338,20.210526315790723,20.6315789473681,28.980668493376886,0.0026038954275572606,0.031246745130716735,0.11000000000001364,0.0,0.009999999999990905,1.0,12660.0,12660.0,2022-01-06,2022-01-06 05:35:00,1.4060669183700127,255.0,1.0,best_within_2.0d,12914.0,378.65,0.5832424107187206,4.3760036431226785,32.22527881040892,0.012230020343504162,2.285057100371749,15.890706319702602,0.006381710269403211,0.4929364202292669,5.6011759621451125,36.843533123028394,0.015614239272951093,2.82998018927445,22.52492113564669,0.007835530045022196,1.8630914826498424,0.0024799453399801637,1.3800000000000523,19.0,0.003605204033648708,0.0,1
12660.0,2022-01-06 05:40:00,384.18,384.18,383.37,383.44,45758.0,3a,3a,0.0,sell,False,0.0024799453399801637,4.163492493946733,28.239017640954685,0.011578080659927173,0.13607661986369635,-0.1276308379158712,-0.059592527984023036,-0.00015527175446851778,44.29559160544673,62.49864536486283,73.49151052882145,40.5129150369456,45758.0,1.400000000000034,2.0,1.400000000000034,20.0,0.0036574533674696543,1.400000000000034,20.0,0.0036574533674696543,3.0,3.0,0.13607661986369635,-0.059592527984023036,-0.1276308379158712,44.29559160544673,62.49864536486283,73.49151052882145,40.5129150369456,19.27710843373604,22.891566265060405,27.522865641808973,-0.1926180436253863,0.21128413803897078,0.0,0.06999999999999318,0.7400000000000091,0.0,12661.0,12661.0,2022-01-06,2022-01-06 05:40:00,1.2492176090131495,254.0,1.0,best_within_2.0d,12914.0,378.65,0.5832424107187206,4.3760036431226785,32.22527881040892,0.012230020343504162,2.285057100371749,15.890706319702602,0.006381710269403211,0.4929364202292669,5.6011759621451125,36.843533123028394,0.015614239272951093,2.82998018927445,22.52492113564669,0.007835530045022196,1.8630914826498424,0.0024799453399801637,1.400000000000034,20.0,0.0036574533674696543,1.0,1
12666.0,2022-01-06 06:10:00,383.28,383.34,383.1,383.1,10420.0,2,2,1.0,buy,False,0.7714285714285413,4.163492493946733,28.239017640954685,0.011578080659927173,-0.059096941508074735,-0.12224643773089323,-0.1517949084849306,-0.0003956830342879623,41.87423744251733,15.779072162389213,28.43281989683052,-9.528423306493401,10420.0,1.079999999999984,1.0,1.400000000000034,20.0,0.0036574533674696543,1.079999999999984,7.0,0.002811182258316373,2.0,2.0,-0.059096941508074735,-0.1517949084849306,-0.12224643773089323,41.87423744251733,15.779072162389213,28.43281989683052,-9.528423306493401,17.004048582995846,29.55465587044562,23.881783815726774,-0.04696305572947975,0.0626468285042945,0.060000000000002274,0.0,0.17999999999994998,0.0,12667.0,12667.0,2022-01-06,2022-01-06 06:10:00,5.304098146697988,16.0,1.0,best_within_2.0d,12682.0,403.42,0.7714285714285413,1.400000000000034,20.0,0.0036574533674696543,1.079999999999984,7.0,0.002811182258316373,0.4929364202292669,5.6011759621451125,36.843533123028394,0.015614239272951093,2.82998018927445,22.52492113564669,0.007835530045022196,1.8630914826498424,0.00402220134195386,1.9444468750000041,16.553125,0.005470102952261012,0.0,0
12667.0,2022-01-06 06:15:00,383.14,383.17,382.91,383.08,6659.0,2,2,1.0,buy,False,0.9071428571428221,4.163492493946733,28.239017640954685,0.011578080659927173,-0.07979791328016389,-0.1322211768909137,-0.17212013353099564,-0.0004487121368766948,41.62325388222943,14.981323698809645,23.948987830823558,-2.9540045652181846,6659.0,1.2699999999999818,1.0,1.400000000000034,20.0,0.0036574533674696543,1.2699999999999818,8.0,0.0033057421000572173,2.0,2.0,-0.07979791328016389,-0.17212013353099564,-0.1322211768909137,41.62325388222943,14.981323698809645,23.948987830823558,-2.9540045652181846,9.247311827956185,35.48387096774249,26.365502554164117,-0.01566007203633196,0.06790107335927265,0.03000000000002956,0.16999999999995907,0.060000000000002274,0.0,12668.0,12668.0,2022-01-06,2022-01-06 06:15:00,5.309595906860194,15.0,1.0,best_within_2.0d,12682.0,403.42,0.9071428571428221,1.400000000000034,20.0,0.0036574533674696543,1.2699999999999818,8.0,0.0033057421000572173,0.4929364202292669,5.6011759621451125,36.843533123028394,0.015614239272951093,2.82998018927445,22.52492113564669,0.007835530045022196,1.8630914826498424,0.00402220134195386,1.9444468750000041,16.553125,0.005470102952261012,0.0,0
12668.0,2022-01-06 06:20:00,383.08,383.08,382.64,382.71,14204.0,1p,1p,1.0,buy,False,0.2344524659433991,1.5400000000000205,9.0,0.004008537664636422,-0.13340394363162056,-0.14889666984486627,-0.21559864166067655,-0.0005621545339880111,37.18307854632835,11.502700647691109,19.800225436446073,-5.092348929818819,14204.0,1.5400000000000205,0.0,1.5400000000000205,9.0,0.004008537664636422,1.5400000000000205,0.0,0.0,1.0,1.0,-0.13340394363162056,-0.21559864166067655,-0.14889666984486627,37.18307854632835,11.502700647691109,19.800225436446073,-5.092348929818819,6.889352818371491,40.083507306890944,29.52987141934297,-0.09658556959381971,0.11499059167886204,0.0,0.06999999999999318,0.37000000000000455,0.0,12669.0,12669.0,2022-01-06,2022-01-06 06:20:00,5.4114081158057115,14.0,1.0,best_within_2.0d,12682.0,403.42,0.5832424107187206,4.3760036431226785,32.22527881040892,0.012230020343504162,2.285057100371749,15.890706319702602,0.006381710269403211,0.4929364202292669,5.6011759621451125,36.843533123028394,0.015614239272951093,2.82998018927445,22.52492113564669,0.007835530045022196,1.8630914826498424,0.00402220134195386,1.9444468750000041,16.553125,0.005470102952261012,0.0,0
12669.0,2022-01-06 06:25:00,382.6,382.78,382.57,382.7,13330.0,1p,1p,1.0,buy,False,0.2786832248940243,1.6100000000000136,10.0,0.0041907439221198755,-0.15857133801192747,-0.16871808709635722,-0.24800375610232095,-0.000646750707583978,37.06798630563287,11.340783482641381,16.98041145184451,0.06152754423511908,13330.0,1.6100000000000136,0.0,1.6100000000000136,10.0,0.0041907439221198755,1.6100000000000136,0.0,0.0,1.0,1.0,-0.15857133801192747,-0.24800375610232095,-0.16871808709635722,37.06798630563287,11.340783482641381,16.98041145184451,0.06152754423511908,7.112068965517181,38.79310344827765,32.35017235417873,0.02613695765811968,0.05489191520505517,0.07999999999998408,0.03000000000002956,0.0999999999999659,1.0,12670.0,12670.0,2022-01-06,2022-01-06 06:25:00,5.4141625293964015,13.0,1.0,best_within_2.0d,12682.0,403.42,0.5832424107187206,4.3760036431226785,32.22527881040892,0.012230020343504162,2.285057100371749,15.890706319702602,0.006381710269403211,0.4929364202292669,5.6011759621451125,36.843533123028394,0.015614239272951093,2.82998018927445,22.52492113564669,0.007835530045022196,1.8630914826498424,0.00402220134195386,1.9444468750000041,16.553125,0.005470102952261012,0.0,0
12670.0,2022-01-06 06:30:00,382.67,383.06,382.55,383.06,2110.0,1p,1p,1.0,buy,False,0.2786832248940243,1.6299999999999955,11.0,0.004242802852829391,-0.11700814253289549,-0.18334410491296915,-0.2418481761794169,-0.0006307468992384803,43.81079409534272,21.727188988427468,18.562670630705497,28.056225703871405,2110.0,1.6299999999999955,0.0,1.6299999999999955,11.0,0.004242802852829391,1.6299999999999955,0.0,0.0,1.0,1.0,-0.11700814253289549,-0.2418481761794169,-0.18334410491296915,43.81079409534272,21.727188988427468,18.562670630705497,28.056225703871405,11.949685534592716,37.7358490566055,33.746498198681124,0.10191548854103702,0.13331590641745938,0.0,0.12000000000000455,0.38999999999998636,1.0,12671.0,12671.0,2022-01-06,2022-01-06 06:30:00,5.315094241111057,12.0,1.0,best_within_2.0d,12682.0,403.42,0.5832424107187206,4.3760036431226785,32.22527881040892,0.012230020343504162,2.285057100371749,15.890706319702602,0.006381710269403211,0.4929364202292669,5.6011759621451125,36.843533123028394,0.015614239272951093,2.82998018927445,22.52492113564669,0.007835530045022196,1.8630914826498424,0.00402220134195386,1.9444468750000041,16.553125,0.005470102952261012,0.0,0
12672.0,2022-01-06 06:40:00,382.55,382.94,382.55,382.77,10222.0,1p,1p,1.0,buy,False,0.2786832248940243,1.6299999999999955,13.0,0.004242802852829391,-0.11909377953813394,-0.21511672583444819,-0.27466361560351515,-0.0007165234861153298,40.94824882359072,18.29850374794177,18.185703848900516,18.52410354602428,10222.0,1.6299999999999955,0.0,1.6299999999999955,13.0,0.004242802852829391,1.6299999999999955,0.0,0.0,1.0,1.0,-0.11909377953813394,-0.27466361560351515,-0.21511672583444819,40.94824882359072,18.29850374794177,18.185703848900516,18.52410354602428,10.6870229007647,36.06870229007679,36.460250219564465,0.05750882237615225,0.10194745784864367,0.17000000000001592,0.0,0.21999999999997044,1.0,12673.0,12673.0,2022-01-06,2022-01-06 06:40:00,5.394884656582291,10.0,1.0,best_within_2.0d,12682.0,403.42,0.5832424107187206,4.3760036431226785,32.22527881040892,0.012230020343504162,2.285057100371749,15.890706319702602,0.006381710269403211,0.4929364202292669,5.6011759621451125,36.843533123028394,0.015614239272951093,2.82998018927445,22.52492113564669,0.007835530045022196,1.8630914826498424,0.00402220134195386,1.9444468750000041,16.553125,0.005470102952261012,0.0,0
12673.0,2022-01-06 06:45:00,382.63,382.76,382.21,382.25,25245.0,1p,1p,1.0,buy,False,0.29046350574403573,1.9700000000000273,14.0,0.005127804674892049,-0.16527434246170358,-0.23577601864216113,-0.3184131898730129,-0.0008308274502494643,35.182489792247466,13.186656819615989,16.519354839139005,6.521260780569953,25245.0,1.9700000000000273,0.0,1.9700000000000273,14.0,0.005127804674892049,1.9700000000000273,0.0,0.0,1.0,1.0,-0.16527434246170358,-0.3184131898730129,-0.23577601864216113,35.182489792247466,13.186656819615989,16.519354839139005,6.521260780569953,8.781362007168827,39.96415770609445,38.425274363545135,-0.09931265190915387,0.14389995028911107,0.12999999999999545,0.040000000000020464,0.37999999999999545,0.0,12674.0,12674.0,2022-01-06,2022-01-06 06:45:00,5.538260300850233,9.0,1.0,best_within_2.0d,12682.0,403.42,0.5832424107187206,4.3760036431226785,32.22527881040892,0.012230020343504162,2.285057100371749,15.890706319702602,0.006381710269403211,0.4929364202292669,5.6011759621451125,36.843533123028394,0.015614239272951093,2.82998018927445,22.52492113564669,0.007835530045022196,1.8630914826498424,0.00402220134195386,1.9444468750000041,16.553125,0.005470102952261012,0.0,0
12674.0,2022-01-06 06:50:00,382.28,382.65,382.21,382.65,15526.0,1p,1p,1.0,buy,False,0.29046350574403573,1.9700000000000273,15.0,0.005127804674892049,-0.13020228953450041,-0.2520513048339737,-0.3171524496012239,-0.0008276335360710963,41.953291342179604,21.77045557885902,18.26972175237901,28.771923231819052,15526.0,1.9700000000000273,0.0,1.9700000000000273,15.0,0.005127804674892049,1.9700000000000273,0.0,0.0,1.0,1.0,-0.13020228953450041,-0.3171524496012239,-0.2520513048339737,41.953291342179604,21.77045557885902,18.26972175237901,28.771923231819052,9.404990403071434,29.94241842610446,39.40883490552183,0.09678769488333279,0.11511996023128587,0.0,0.06999999999999318,0.37000000000000455,1.0,12675.0,12675.0,2022-01-06,2022-01-06 06:50:00,5.427936756827399,8.0,1.0,best_within_2.0d,12682.0,403.42,0.5832424107187206,4.3760036431226785,32.22527881040892,0.012230020343504162,2.285057100371749,15.890706319702602,0.006381710269403211,0.4929364202292669,5.6011759621451125,36.843533123028394,0.015614239272951093,2.82998018927445,22.52492113564669,0.007835530045022196,1.8630914826498424,0.00402220134195386,1.9444468750000041,16.553125,0.005470102952261012,1.0,0
12681.0,2022-01-06 07:25:00,382.41,382.53,382.07,382.12,23464.0,1p,1p,1.0,buy,False,0.290463505744036,2.1100000000000136,22.0,0.005492217189858956,-0.03903723382358332,-0.24970122715752022,-0.2692198440693119,-0.0007029527949358353,37.36378934283019,37.62744254032691,49.77643290227387,13.329461816432996,23464.0,2.1100000000000136,0.0,2.1100000000000136,22.0,0.005492217189858956,2.1100000000000136,0.0,0.0,1.0,1.0,-0.03903723382358332,-0.2692198440693119,-0.24970122715752022,37.36378934283019,37.62744254032691,49.77643290227387,13.329461816432996,13.970588235295148,31.433823529412773,36.24965309877322,-0.0758348369551059,0.12039678592927461,0.1199999999999477,0.05000000000001137,0.29000000000002046,0.0,12682.0,12682.0,2022-01-06,2022-01-06 07:25:00,5.5741651837119255,1.0,1.0,best_within_2.0d,12682.0,403.42,0.5832424107187206,4.3760036431226785,32.22527881040892,0.012230020343504162,2.285057100371749,15.890706319702602,0.006381710269403211,0.4929364202292669,5.6011759621451125,36.843533123028394,0.015614239272951093,2.82998018927445,22.52492113564669,0.007835530045022196,1.8630914826498424,0.00402220134195386,1.9444468750000041,16.553125,0.005470102952261012,0.0,0
12682.0,2022-01-06 07:30:00,403.37,403.5,403.37,403.42,3954.0,1p,1p,0.0,sell,False,6.648504438523569,1.990000000000009,37.0,0.004956290005230278,0.0691794647140227,0.29773984069094583,0.3323295730479572,0.0008252505935132071,75.23157639131428,85.39072322675123,86.2757493523981,83.62067097545753,3954.0,1.990000000000009,0.0,1.990000000000009,37.0,0.004956290005230278,1.990000000000009,0.0,0.0,1.0,1.0,0.0691794647140227,0.3323295730479572,0.29773984069094583,75.23157639131428,85.39072322675123,86.2757493523981,83.62067097545753,55.319148936165064,12.765957446808255,68.10090323815996,0.012395567345120203,0.032228475097304074,0.07999999999998408,0.0,0.05000000000001137,1.0,12683.0,12683.0,2022-01-06,2022-01-06 07:30:00,6.140002974567458,232.0,1.0,best_within_2.0d,12914.0,378.65,0.5832424107187206,4.3760036431226785,32.22527881040892,0.012230020343504162,2.285057100371749,15.890706319702602,0.006381710269403211,0.4929364202292669,5.6011759621451125,36.843533123028394,0.015614239272951093,2.82998018927445,22.52492113564669,0.007835530045022196,1.8630914826498424,0.00402220134195386,1.9444468750000041,16.553125,0.005470102952261012,0.0,1
12684.0,2022-01-06 07:40:00,382.42,382.42,381.88,381.91,29074.0,1p,1p,1.0,buy,False,0.29046350574408086,2.3000000000000114,25.0,0.0059867770315998005,-0.09404436915530379,-0.27808606372184835,-0.32510824829950025,-0.0008492696169962646,37.270920568863076,19.405487137331665,31.18674333535452,-4.157025258714043,29074.0,2.3000000000000114,0.0,2.3000000000000114,25.0,0.0059867770315998005,2.3000000000000114,0.0,0.0,1.0,1.0,-0.09404436915530379,-0.32510824829950025,-0.27808606372184835,37.270920568863076,19.405487137331665,31.18674333535452,-4.157025258714043,10.017889087656513,28.8014311270126,35.9740164255595,-0.1333612258773053,0.14140567717608163,0.0,0.03000000000002956,0.5099999999999909,0.0,12685.0,12685.0,2022-01-06,2022-01-06 07:40:00,3.3908512476761508,281.0,1.0,best_within_2.0d,12965.0,394.86,0.5832424107187206,4.3760036431226785,32.22527881040892,0.012230020343504162,2.285057100371749,15.890706319702602,0.006381710269403211,0.4929364202292669,5.6011759621451125,36.843533123028394,0.015614239272951093,2.82998018927445,22.52492113564669,0.007835530045022196,1.8630914826498424,0.00402220134195386,1.9444468750000041,16.553125,0.005470102952261012,0.0,0
12685.0,2022-01-06 07:45:00,381.85,381.87,381.73,381.83,22264.0,1p,1p,1.0,buy,False,0.29046350574408075,2.4499999999999886,26.0,0.0063772190119214655,-0.12019321472879896,-0.29311021556294825,-0.35320682292734773,-0.000922845465037847,36.462936392415436,15.2679937558893,25.880493475532777,-5.957005683397654,22264.0,2.4499999999999886,0.0,2.4499999999999886,26.0,0.0063772190119214655,2.4499999999999886,0.0,0.0,1.0,1.0,-0.12019321472879896,-0.35320682292734773,-0.29311021556294825,36.462936392415436,15.2679937558893,25.880493475532777,-5.957005683397654,10.467289719626166,32.897196261681934,37.09902510452197,-0.005237658766541482,0.03667513687684655,0.01999999999998181,0.0999999999999659,0.020000000000038654,0.0,12686.0,12686.0,2022-01-06,2022-01-06 07:45:00,3.4125134222036064,280.0,1.0,best_within_2.0d,12965.0,394.86,0.5832424107187206,4.3760036431226785,32.22527881040892,0.012230020343504162,2.285057100371749,15.890706319702602,0.006381710269403211,0.4929364202292669,5.6011759621451125,36.843533123028394,0.015614239272951093,2.82998018927445,22.52492113564669,0.007835530045022196,1.8630914826498424,0.00402220134195386,1.9444468750000041,16.553125,0.005470102952261012,1.0,0
12712.0,2022-01-06 10:00:00,383.05,383.77,381.02,381.17,2271373.0,1,1,1.0,buy,False,0.4514130347656619,5.240000000000009,5.0,0.013565991818982057,-0.2568549160641146,0.28716043096883254,0.15873297293677524,0.00041427596073820885,38.200626185099324,33.806366825894045,52.82387807196567,-4.22865566624921,2271373.0,5.240000000000009,2.0,5.240000000000009,5.0,0.013565991818982057,5.240000000000009,5.0,0.013565991818982057,1.0,1.0,-0.2568549160641146,0.15873297293677524,0.28716043096883254,38.200626185099324,33.806366825894045,52.82387807196567,-4.22865566624921,22.770511296075785,29.013079667063046,38.24568516948849,-0.49079754601226877,0.721746889927038,0.7199999999999704,0.1500000000000341,1.8799999999999955,0.0,12713.0,12713.0,2022-01-06,2022-01-06 10:00:00,3.5915733137445227,253.0,1.0,best_within_2.0d,12965.0,394.86,0.5832424107187206,4.3760036431226785,32.22527881040892,0.012230020343504162,2.285057100371749,15.890706319702602,0.006381710269403211,0.4929364202292669,5.6011759621451125,36.843533123028394,0.015614239272951093,2.82998018927445,22.52492113564669,0.007835530045022196,1.8630914826498424,0.00402220134195386,1.9444468750000041,16.553125,0.005470102952261012,0.0,0
12713.0,2022-01-06 10:05:00,381.16,381.74,380.62,380.79,1882559.0,1,1,1.0,buy,False,0.9608806619933381,5.639999999999986,6.0,0.01460156371356078,-0.5467430108925673,0.21881755460726163,-0.054553950839022036,-0.00014244513408451497,36.544960207625806,23.542306016317166,43.06335405341616,-15.49979005788083,1882559.0,5.639999999999986,2.0,5.639999999999986,6.0,0.01460156371356078,5.639999999999986,6.0,0.01460156371356078,1.0,1.0,-0.5467430108925673,-0.054553950839022036,0.21881755460726163,36.544960207625806,23.542306016317166,43.06335405341616,-15.49979005788083,21.126760563380078,29.74647887323932,36.7241020570025,-0.09707209570784042,0.2942567390047829,0.5799999999999841,0.17000000000001592,0.37000000000000455,0.0,12714.0,12714.0,2022-01-06,2022-01-06 10:05:00,3.694949972425744,252.0,1.0,best_within_2.0d,12965.0,394.86,0.5832424107187206,4.3760036431226785,32.22527881040892,0.012230020343504162,2.285057100371749,15.890706319702602,0.006381710269403211,0.4929364202292669,5.6011759621451125,36.843533123028394,0.015614239272951093,2.82998018927445,22.52492113564669,0.007835530045022196,1.8630914826498424,0.00402220134195386,1.9444468750000041,16.553125,0.005470102952261012,0.0,0
12714.0,2022-01-06 10:10:00,380.77,381.62,380.13,381.4,1632204.0,1,1,1.0,buy,False,1.1000143674635428,6.1299999999999955,7.0,0.01587013928441981,-0.6259103664803756,0.14057875879721468,-0.17237642444297308,-0.00045022768970641035,40.96799824816373,22.600797811856808,36.24250197289638,-4.682610510222332,1632204.0,6.1299999999999955,2.0,6.1299999999999955,7.0,0.01587013928441981,6.1299999999999955,7.0,0.01587013928441981,1.0,1.0,-0.6259103664803756,-0.17237642444297308,0.14057875879721468,40.96799824816373,22.600797811856808,36.24250197289638,-4.682610510222332,19.862288135593044,30.084745762711634,35.562851622238576,0.16545421120361253,0.3919711677584008,0.22000000000002728,0.6399999999999864,0.6299999999999955,1.0,12715.0,12715.0,2022-01-06,2022-01-06 10:10:00,3.5291033036182586,251.0,1.0,best_within_2.0d,12965.0,394.86,0.5832424107187206,4.3760036431226785,32.22527881040892,0.012230020343504162,2.285057100371749,15.890706319702602,0.006381710269403211,0.4929364202292669,5.6011759621451125,36.843533123028394,0.015614239272951093,2.82998018927445,22.52492113564669,0.007835530045022196,1.8630914826498424,0.00402220134195386,1.9444468750000041,16.553125,0.005470102952261012,1.0,0
12754.0,2022-01-06 13:30:00,384.43,384.75,384.29,384.6,301007.0,2,2,1.0,buy,False,0.42382271468143917,4.163492493946733,28.239017640954685,0.011578080659927173,-0.4450554877116891,0.16784316190001886,-0.054684581955825706,-0.0001419118910107678,42.86887531865429,16.403617913821446,26.17942492031346,-3.147996099162583,301007.0,3.0600000000000023,1.0,7.220000000000027,14.0,0.01899350222292381,3.0600000000000023,28.0,0.007899832193107014,2.0,2.0,-0.4450554877116891,-0.054684581955825706,0.16784316190001886,42.86887531865429,16.403617913821446,26.17942492031346,-3.147996099162583,14.921770227983894,25.437838374807743,25.241513786910396,0.044221314673676855,0.11970126727210689,0.14999999999997726,0.13999999999998636,0.17000000000001592,1.0,12755.0,12755.0,2022-01-06,2022-01-06 13:30:00,2.6677067082683283,211.0,1.0,best_within_2.0d,12965.0,394.86,0.42382271468143917,7.220000000000027,14.0,0.01899350222292381,3.0600000000000023,28.0,0.007899832193107014,0.4929364202292669,5.6011759621451125,36.843533123028394,0.015614239272951093,2.82998018927445,22.52492113564669,0.007835530045022196,1.8630914826498424,0.00402220134195386,1.9444468750000041,16.553125,0.005470102952261012,1.0,0
12779.0,2022-01-06 15:35:00,384.455,384.5897,383.77,384.05,768055.0,2s,2s,1.0,buy,False,0.4958448753462642,4.163492493946733,28.239017640954685,0.011578080659927173,-0.28535829267757373,-0.0042770867832817696,-0.14695623312206862,-0.00038150787582946663,38.23778433741796,18.431047413334134,30.508528469522766,-5.723914699043128,768055.0,2.8799999999999955,1.0,7.220000000000027,14.0,0.01899350222292381,2.8799999999999955,7.0,0.007448596922281121,1.0,2.5,-0.28535829267757373,-0.14695623312206862,-0.0042770867832817696,38.23778433741796,18.431047413334134,30.508528469522766,-5.723914699043128,15.982313957202049,22.35707441711932,23.090368748303238,-0.10534392841814327,0.21359147405998688,0.13470000000000937,0.28000000000002956,0.4049999999999727,0.0,12780.0,12780.0,2022-01-06,2022-01-06 15:35:00,2.8147376643666195,186.0,1.0,best_within_2.0d,12965.0,394.86,0.5832424107187206,4.3760036431226785,32.22527881040892,0.012230020343504162,2.285057100371749,15.890706319702602,0.006381710269403211,0.4958448753462642,7.220000000000027,14.0,0.01899350222292381,2.8799999999999955,7.0,0.007448596922281121,1.0,0.00402220134195386,1.9444468750000041,16.553125,0.005470102952261012,0.0,0
12780.0,2022-01-06 15:40:00,384.06,384.33,383.54,384.0081,762563.0,2s,2s,1.0,buy,False,0.527700831024929,4.163492493946733,28.239017640954685,0.011578080659927173,-0.3440403896089623,-0.04728213548440206,-0.21930233028888324,-0.0005694533666468203,37.91311086036399,17.304513924001952,26.107190287682492,-0.3008388033591274,762563.0,3.109999999999957,1.0,7.220000000000027,14.0,0.01899350222292381,3.109999999999957,8.0,0.008043450148713195,1.0,2.5,-0.3440403896089623,-0.21930233028888324,-0.04728213548440206,37.91311086036399,17.304513924001952,26.107190287682492,-0.3008388033591274,13.763025406861018,24.099441907660992,23.39104970035288,-0.013513513513510695,0.20597590864054952,0.2699999999999818,0.46809999999999263,0.05189999999998918,0.0,12781.0,12781.0,2022-01-06,2022-01-06 15:40:00,2.825956014990309,185.0,1.0,best_within_2.0d,12965.0,394.86,0.5832424107187206,4.3760036431226785,32.22527881040892,0.012230020343504162,2.285057100371749,15.890706319702602,0.006381710269403211,0.527700831024929,7.220000000000027,14.0,0.01899350222292381,3.109999999999957,8.0,0.008043450148713195,1.0,0.00402220134195386,1.9444468750000041,16.553125,0.005470102952261012,0.0,0
12782.0,2022-01-06 15:50:00,383.93,384.26,383.51,383.69,1008424.0,2s,2s,1.0,buy,False,0.5318559556786727,4.163492493946733,28.239017640954685,0.011578080659927173,-0.39804656384961096,-0.14336493931378788,-0.34238822123859336,-0.0008894938297046406,35.3134267905677,12.715123689151442,19.35792314886555,-0.5704752302767702,1008424.0,3.1399999999999864,1.0,7.220000000000027,14.0,0.01899350222292381,3.1399999999999864,10.0,0.008121039699987034,1.0,2.5,-0.39804656384961096,-0.34238822123859336,-0.14336493931378788,35.3134267905677,12.715123689151442,19.35792314886555,-0.5704752302767702,13.204493342838822,25.819379949517707,24.37646435591164,-0.06251139530643844,0.19556204531824464,0.3299999999999841,0.18000000000000682,0.2400000000000091,0.0,12783.0,12783.0,2022-01-06,2022-01-06 15:50:00,2.911204357684593,183.0,1.0,best_within_2.0d,12965.0,394.86,0.5832424107187206,4.3760036431226785,32.22527881040892,0.012230020343504162,2.285057100371749,15.890706319702602,0.006381710269403211,0.5318559556786727,7.220000000000027,14.0,0.01899350222292381,3.1399999999999864,10.0,0.008121039699987034,1.0,0.00402220134195386,1.9444468750000041,16.553125,0.005470102952261012,0.0,0
12783.0,2022-01-06 15:55:00,383.7,384.2,383.06,384.03,1604636.0,2s,2s,1.0,buy,False,0.5941828254847651,4.163492493946733,28.239017640954685,0.011578080659927173,-0.3483632617633188,-0.18691034703420273,-0.3610919779158621,-0.0009382460657444356,40.11354655860685,19.983273444012816,19.56637324724797,20.81707383754251,1604636.0,3.589999999999975,1.0,7.220000000000027,14.0,0.01899350222292381,3.589999999999975,11.0,0.009284882969093432,1.0,2.5,-0.3483632617633188,-0.3610919779158621,-0.18691034703420273,40.11354655860685,19.983273444012816,19.56637324724797,20.81707383754251,8.716189619298992,29.33513280473901,26.505802053219984,0.08600469116496849,0.29760350858872925,0.17000000000001592,0.6399999999999864,0.3299999999999841,1.0,12784.0,12784.0,2022-01-06,2022-01-06 15:55:00,2.820092180298425,182.0,1.0,best_within_2.0d,12965.0,394.86,0.5832424107187206,4.3760036431226785,32.22527881040892,0.012230020343504162,2.285057100371749,15.890706319702602,0.006381710269403211,0.5941828254847651,7.220000000000027,14.0,0.01899350222292381,3.589999999999975,11.0,0.009284882969093432,1.0,0.00402220134195386,1.9444468750000041,16.553125,0.005470102952261012,1.0,0
12887.0,2022-01-07 08:35:00,383.55,383.61,381.16,381.16,636442.0,2s,2s,1.0,buy,False,0.8573407202216031,4.163492493946733,28.239017640954685,0.011578080659927173,-0.5565160124683728,-0.22981892119536984,-0.5080769274295562,-0.0013219034067183453,15.52388857492818,30.971803272967296,42.407095129598304,8.101219559705285,636442.0,5.039999999999964,1.0,7.220000000000027,14.0,0.01899350222292381,5.039999999999964,57.0,0.013050233039875618,2.0,2.5,-0.5565160124683728,-0.5080769274295562,-0.22981892119536984,15.52388857492818,30.971803272967296,42.407095129598304,8.101219559705285,12.654867256637278,47.6106194690267,60.65536780575285,-0.6231260591839359,0.6427746877951487,0.060000000000002274,0.0,2.3899999999999864,0.0,12888.0,12888.0,2022-01-07,2022-01-07 08:35:00,3.594291111344314,78.0,1.0,best_within_2.0d,12965.0,394.86,0.5832424107187206,4.3760036431226785,32.22527881040892,0.012230020343504162,2.285057100371749,15.890706319702602,0.006381710269403211,0.8573407202216031,7.220000000000027,14.0,0.01899350222292381,5.039999999999964,57.0,0.013050233039875618,2.0,0.00402220134195386,1.9444468750000041,16.553125,0.005470102952261012,0.0,0
12888.0,2022-01-07 08:40:00,381.24,381.71,380.89,381.58,304446.0,2s,2s,1.0,buy,False,0.8947368421052648,4.163492493946733,28.239017640954685,0.011578080659927173,-0.6740213294710952,-0.3140715873792567,-0.6510822521148043,-0.0016948771565815325,22.51163568983179,25.459584329816366,36.75792486300432,2.862903263440458,304446.0,5.310000000000002,1.0,7.220000000000027,14.0,0.01899350222292381,5.310000000000002,58.0,0.013749352667011917,2.0,2.5,-0.6740213294710952,-0.6510822521148043,-0.3140715873792567,22.51163568983179,25.459584329816366,36.75792486300432,2.862903263440458,11.886949293433224,46.96591853699147,60.58030723205703,0.08918266708634325,0.21528525296017043,0.12999999999999545,0.35000000000002274,0.339999999999975,1.0,12889.0,12889.0,2022-01-07,2022-01-07 08:40:00,3.4802662613344597,77.0,1.0,best_within_2.0d,12965.0,394.86,0.5832424107187206,4.3760036431226785,32.22527881040892,0.012230020343504162,2.285057100371749,15.890706319702602,0.006381710269403211,0.8947368421052648,7.220000000000027,14.0,0.01899350222292381,5.310000000000002,58.0,0.013749352667011917,2.0,0.00402220134195386,1.9444468750000041,16.553125,0.005470102952261012,1.0,0
12907.0,2022-01-07 10:15:00,383.03,383.04,382.08,382.19,740580.0,2s,2s,1.0,buy,False,0.7299168975069278,4.163492493946733,28.239017640954685,0.011578080659927173,-0.16670674449160833,-0.09882361198289982,-0.182176984228704,-0.0004748621022633485,40.70748336693317,43.278293765574226,56.6735126031334,16.487856090455864,740580.0,3.680000000000007,1.0,7.220000000000027,14.0,0.01899350222292381,3.680000000000007,5.0,0.009539610120282059,3.0,2.5,-0.16670674449160833,-0.182176984228704,-0.09882361198289982,40.70748336693317,43.278293765574226,56.6735126031334,16.487856090455864,26.947489901903914,25.21638776687854,33.52890403099125,-0.21930397096832496,0.2512562814070447,0.010000000000047748,0.11000000000001364,0.839999999999975,0.0,12908.0,12908.0,2022-01-07,2022-01-07 10:15:00,3.315105052460822,58.0,1.0,best_within_2.0d,12965.0,394.86,0.5832424107187206,4.3760036431226785,32.22527881040892,0.012230020343504162,2.285057100371749,15.890706319702602,0.006381710269403211,0.7299168975069278,7.220000000000027,14.0,0.01899350222292381,3.680000000000007,5.0,0.009539610120282059,3.0,0.00402220134195386,1.9444468750000041,16.553125,0.005470102952261012,0.0,0
12908.0,2022-01-07 10:20:00,382.2,382.29,381.49,381.58,1106452.0,2s,2s,1.0,buy,False,0.8116343490304697,4.163492493946733,28.239017640954685,0.011578080659927173,-0.35168910160861266,-0.14278474968397642,-0.31862930048828275,-0.0008308691675238394,37.784335851402474,29.554771956128135,47.633932387464974,-6.603548906545541,1106452.0,4.269999999999982,1.0,7.220000000000027,14.0,0.01899350222292381,4.269999999999982,6.0,0.011069058481957647,3.0,2.5,-0.35168910160861266,-0.31862930048828275,-0.14278474968397642,37.784335851402474,29.554771956128135,47.633932387464974,-6.603548906545541,24.55228191796608,28.653957250144536,31.684626024744777,-0.16221873364730627,0.20970405515216947,0.09000000000003183,0.08999999999997499,0.6200000000000045,0.0,12909.0,12909.0,2022-01-07,2022-01-07 10:20:00,3.4802662613344597,57.0,1.0,best_within_2.0d,12965.0,394.86,0.5832424107187206,4.3760036431226785,32.22527881040892,0.012230020343504162,2.285057100371749,15.890706319702602,0.006381710269403211,0.8116343490304697,7.220000000000027,14.0,0.01899350222292381,4.269999999999982,6.0,0.011069058481957647,3.0,0.00402220134195386,1.9444468750000041,16.553125,0.005470102952261012,0.0,0
12909.0,2022-01-07 10:25:00,381.6,382.35,381.43,381.65,905060.0,2s,2s,1.0,buy,False,0.8199445983379492,4.163492493946733,28.239017640954685,0.011578080659927173,-0.4376583799508006,-0.19749204717782648,-0.4163212371532268,-0.0010859999534397619,38.331593816126485,21.396791773677194,38.88821884953571,-13.586062378039841,905060.0,4.329999999999984,1.0,7.220000000000027,14.0,0.01899350222292381,4.329999999999984,7.0,0.01122459560348399,3.0,2.5,-0.4376583799508006,-0.4163212371532268,-0.19749204717782648,38.331593816126485,21.396791773677194,38.88821884953571,-13.586062378039841,21.60633484162852,28.054298642534043,30.348870927956227,0.013102725366864392,0.2411975985108712,0.7000000000000455,0.17000000000001592,0.049999999999954525,1.0,12910.0,12910.0,2022-01-07,2022-01-07 10:25:00,3.4612865190619777,56.0,1.0,best_within_2.0d,12965.0,394.86,0.5832424107187206,4.3760036431226785,32.22527881040892,0.012230020343504162,2.285057100371749,15.890706319702602,0.006381710269403211,0.8199445983379492,7.220000000000027,14.0,0.01899350222292381,4.329999999999984,7.0,0.01122459560348399,3.0,0.00402220134195386,1.9444468750000041,16.553125,0.005470102952261012,0.0,0
12910.0,2022-01-07 10:30:00,381.64,382.165,381.23,381.64,727274.0,2s,2s,1.0,buy,False,0.8476454293628783,4.163492493946733,28.239017640954685,0.011578080659927173,-0.46627484132487507,-0.25577640234343585,-0.4889138230058734,-0.0012757845064961261,38.279791574029694,17.281452058095102,31.68596325238884,-11.527570330492374,727274.0,4.529999999999973,1.0,7.220000000000027,14.0,0.01899350222292381,4.529999999999973,8.0,0.01174305267523842,3.0,2.5,-0.46627484132487507,-0.4889138230058734,-0.25577640234343585,38.279791574029694,17.281452058095102,31.68596325238884,-11.527570330492374,20.960219478737557,28.312757201646104,29.246955075800344,0.0,0.24525876767305882,0.5250000000000341,0.40999999999996817,0.0,0.0,12911.0,12911.0,2022-01-07,2022-01-07 10:30:00,3.463997484540412,55.0,1.0,best_within_2.0d,12965.0,394.86,0.5832424107187206,4.3760036431226785,32.22527881040892,0.012230020343504162,2.285057100371749,15.890706319702602,0.006381710269403211,0.8476454293628783,7.220000000000027,14.0,0.01899350222292381,4.529999999999973,8.0,0.01174305267523842,3.0,0.00402220134195386,1.9444468750000041,16.553125,0.005470102952261012,0.0,0
12911.0,2022-01-07 10:35:00,381.63,381.8,380.53,380.53,1201132.0,2s,2s,1.0,buy,False,0.9445983379501418,4.163492493946733,28.239017640954685,0.011578080659927173,-0.5967796716577938,-0.33037386130066004,-0.6287636971295569,-0.001641567870931433,32.95586500128188,11.520968038730068,24.96429818116925,-15.3656922461483,1201132.0,5.230000000000018,1.0,7.220000000000027,14.0,0.01899350222292381,5.230000000000018,9.0,0.013557652426379144,3.0,2.5,-0.5967796716577938,-0.6287636971295569,-0.33037386130066004,32.95586500128188,11.520968038730068,24.96429818116925,-15.3656922461483,19.050145927301152,31.095781374370095,28.87368428618358,-0.28823729790635505,0.3337450398129027,0.17000000000001592,0.0,1.1000000000000227,0.0,12912.0,12912.0,2022-01-07,2022-01-07 10:35:00,3.765800331117137,54.0,1.0,best_within_2.0d,12965.0,394.86,0.5832424107187206,4.3760036431226785,32.22527881040892,0.012230020343504162,2.285057100371749,15.890706319702602,0.006381710269403211,0.9445983379501418,7.220000000000027,14.0,0.01899350222292381,5.230000000000018,9.0,0.013557652426379144,3.0,0.00402220134195386,1.9444468750000041,16.553125,0.005470102952261012,0.0,0
12912.0,2022-01-07 10:40:00,380.53,381.12,379.81,379.91,1269188.0,1,1,1.0,buy,False,1.6186821793144723,5.949999999999989,10.0,0.015424097884695119,-0.7204033867644922,-0.42042428464622156,-0.7806259780284677,-0.0020392768980377765,30.4116388561947,8.317993988853967,19.415530117064154,-13.877078267566407,1269188.0,5.949999999999989,3.0,5.949999999999989,10.0,0.015424097884695119,5.949999999999989,10.0,0.015424097884695119,1.0,1.0,-0.7204033867644922,-0.7806259780284677,-0.42042428464622156,30.4116388561947,8.317993988853967,19.415530117064154,-13.877078267566407,15.367421067336846,36.77004749930151,29.74344791816886,-0.16293064935746138,0.34490929675364057,0.5900000000000318,0.10000000000002274,0.6199999999999477,0.0,12913.0,12913.0,2022-01-07,2022-01-07 10:40:00,3.935142533757992,53.0,1.0,best_within_2.0d,12965.0,394.86,0.5832424107187206,4.3760036431226785,32.22527881040892,0.012230020343504162,2.285057100371749,15.890706319702602,0.006381710269403211,0.4929364202292669,5.6011759621451125,36.843533123028394,0.015614239272951093,2.82998018927445,22.52492113564669,0.007835530045022196,1.8630914826498424,0.00402220134195386,1.9444468750000041,16.553125,0.005470102952261012,0.0,0
12913.0,2022-01-07 10:45:00,379.91,379.96,379.0,379.0,1127015.0,1,1,1.0,buy,False,1.9516799965154668,6.759999999999991,11.0,0.017523849025300683,-0.8686058927054692,-0.5290000212344053,-0.9633029675871398,-0.0025183447646162185,27.104185398210518,5.545329325902644,14.79212985334365,-12.948271728979364,1127015.0,6.759999999999991,3.0,6.759999999999991,11.0,0.017523849025300683,6.759999999999991,11.0,0.017523849025300683,1.0,1.0,-0.8686058927054692,-0.9633029675871398,-0.5290000212344053,27.104185398210518,5.545329325902644,14.79212985334365,-12.948271728979364,16.691957511380455,35.26555386949943,30.17232046339989,-0.23953041509831935,0.2532981530342954,0.049999999999954525,0.0,0.910000000000025,0.0,12914.0,12914.0,2022-01-07,2022-01-07 10:45:00,4.184696569920848,52.0,1.0,best_within_2.0d,12965.0,394.86,0.5832424107187206,4.3760036431226785,32.22527881040892,0.012230020343504162,2.285057100371749,15.890706319702602,0.006381710269403211,0.4929364202292669,5.6011759621451125,36.843533123028394,0.015614239272951093,2.82998018927445,22.52492113564669,0.007835530045022196,1.8630914826498424,0.00402220134195386,1.9444468750000041,16.553125,0.005470102952261012,0.0,0
12914.0,2022-01-07 10:50:00,379.02,379.24,378.04,378.65,1861932.0,1,1,1.0,buy,False,2.1367883389122158,7.71999999999997,12.0,0.02001244296972203,-0.9509893763104018,-0.6478736932732054,-1.1233683814284063,-0.0029390000959825776,25.935854625670586,7.469304275400516,12.35118799402927,-2.2944631618569957,1861932.0,7.71999999999997,3.0,7.71999999999997,12.0,0.02001244296972203,7.71999999999997,12.0,0.02001244296972203,1.0,1.0,-0.9509893763104018,-1.1233683814284063,-0.6478736932732054,25.935854625670586,7.469304275400516,12.35118799402927,-2.2944631618569957,5.6897122064171555,44.78994376447244,33.54982650032432,-0.09762017835470543,0.3174267273304382,0.22000000000002728,0.6099999999999568,0.37000000000000455,0.0,12915.0,12915.0,2022-01-07,2022-01-07 10:50:00,4.280998283375158,51.0,1.0,best_within_2.0d,12965.0,394.86,0.5832424107187206,4.3760036431226785,32.22527881040892,0.012230020343504162,2.285057100371749,15.890706319702602,0.006381710269403211,0.4929364202292669,5.6011759621451125,36.843533123028394,0.015614239272951093,2.82998018927445,22.52492113564669,0.007835530045022196,1.8630914826498424,0.00402220134195386,1.9444468750000041,16.553125,0.005470102952261012,1.0,0
12932.0,2022-01-07 12:20:00,380.81,380.81,380.23,380.56,331215.0,2,2,1.0,buy,False,0.44556962025316355,4.163492493946733,28.239017640954685,0.011578080659927173,0.3582652812159265,-0.37958435430282395,-0.2004517136948607,-0.0005260809640439236,45.78545234542563,50.419901382557,63.923659782277646,23.412384583115724,331215.0,1.759999999999991,1.0,3.9499999999999886,14.0,0.010448629774626994,1.759999999999991,6.0,0.004607450456818218,2.0,2.0,0.3582652812159265,-0.2004517136948607,-0.37958435430282395,45.78545234542563,50.419901382557,63.923659782277646,23.412384583115724,20.139745170571278,14.221126181668915,40.334035301053405,-0.0656495365142722,0.15253925255765827,0.0,0.3299999999999841,0.25,0.0,12933.0,12933.0,2022-01-07,2022-01-07 12:20:00,3.7576203489594313,33.0,1.0,best_within_2.0d,12965.0,394.86,0.44556962025316355,3.9499999999999886,14.0,0.010448629774626994,1.759999999999991,6.0,0.004607450456818218,0.4929364202292669,5.6011759621451125,36.843533123028394,0.015614239272951093,2.82998018927445,22.52492113564669,0.007835530045022196,1.8630914826498424,0.00402220134195386,1.9444468750000041,16.553125,0.005470102952261012,0.0,0
12935.0,2022-01-07 12:35:00,380.54,380.54,379.85,380.2199,372304.0,2,2,1.0,buy,False,0.5417721518987323,4.163492493946733,28.239017640954685,0.011578080659927173,0.13109245519037271,-0.2994839242248959,-0.23393769662970954,-0.0006141535392215017,43.11921309156668,28.54932393502569,42.42800735835364,0.7919570883697986,372304.0,2.1399999999999864,1.0,3.9499999999999886,14.0,0.010448629774626994,2.1399999999999864,9.0,0.005602240896358508,2.0,2.0,0.13109245519037271,-0.23393769662970954,-0.2994839242248959,43.11921309156668,28.54932393502569,42.42800735835364,0.7919570883697986,16.54501216545005,17.71289537712948,36.35862173139326,-0.0841173069848176,0.18165065157298874,0.0,0.3698999999999728,0.3201000000000249,0.0,12936.0,12936.0,2022-01-07,2022-01-07 12:35:00,3.850429711858853,30.0,1.0,best_within_2.0d,12965.0,394.86,0.5417721518987323,3.9499999999999886,14.0,0.010448629774626994,2.1399999999999864,9.0,0.005602240896358508,0.4929364202292669,5.6011759621451125,36.843533123028394,0.015614239272951093,2.82998018927445,22.52492113564669,0.007835530045022196,1.8630914826498424,0.00402220134195386,1.9444468750000041,16.553125,0.005470102952261012,1.0,0
12950.0,2022-01-07 13:50:00,380.47,380.48,379.9531,380.28,507275.0,2s,2s,1.0,buy,False,0.5156708860759516,4.163492493946733,28.239017640954685,0.011578080659927173,-0.0813244110354765,-0.07035116238169337,-0.11101336789943161,-0.00029149686045475804,42.40658525649316,24.122930040508027,35.271752464727726,1.825285192068634,507275.0,1.6569000000000074,1.0,3.9499999999999886,14.0,0.010448629774626994,1.6569000000000074,8.0,0.004341867351484519,1.0,2.5,-0.0813244110354765,-0.11101336789943161,-0.07035116238169337,42.40658525649316,24.122930040508027,35.271752464727726,1.825285192068634,16.276180556426485,18.674313250592462,20.017468322313498,-0.049938234289182995,0.13867501015257197,0.009999999999990905,0.32689999999996644,0.19000000000005457,0.0,12951.0,12951.0,2022-01-07,2022-01-07 13:50:00,3.8340170400757447,15.0,1.0,best_within_2.0d,12965.0,394.86,0.5832424107187206,4.3760036431226785,32.22527881040892,0.012230020343504162,2.285057100371749,15.890706319702602,0.006381710269403211,0.5156708860759516,3.9499999999999886,14.0,0.010448629774626994,1.6569000000000074,8.0,0.004341867351484519,1.0,0.00402220134195386,1.9444468750000041,16.553125,0.005470102952261012,0.0,0
12953.0,2022-01-07 14:05:00,380.15,380.21,379.55,380.1089,562060.0,2s,2s,1.0,buy,False,0.617721518987343,4.163492493946733,28.239017640954685,0.011578080659927173,-0.14571797070304196,-0.11726284378588973,-0.19012182913741071,-0.0004993911051150667,40.65710334613433,25.42862947898648,27.128307593169666,22.029273250620108,562060.0,2.0600000000000023,1.0,3.9499999999999886,14.0,0.010448629774626994,2.0600000000000023,11.0,0.0053981813893765945,1.0,2.5,-0.14571797070304196,-0.19012182913741071,-0.11726284378588973,40.65710334613433,25.42862947898648,27.128307593169666,22.029273250620108,8.430025411080804,28.343439504147693,25.230627094386058,-0.010811521767715828,0.1738901330522904,0.060000000000002274,0.5588999999999942,0.041099999999971715,0.0,12954.0,12954.0,2022-01-07,2022-01-07 14:05:00,3.8807562780034903,12.0,1.0,best_within_2.0d,12965.0,394.86,0.5832424107187206,4.3760036431226785,32.22527881040892,0.012230020343504162,2.285057100371749,15.890706319702602,0.006381710269403211,0.617721518987343,3.9499999999999886,14.0,0.010448629774626994,2.0600000000000023,11.0,0.0053981813893765945,1.0,0.00402220134195386,1.9444468750000041,16.553125,0.005470102952261012,0.0,0
12956.0,2022-01-07 14:20:00,379.87,379.87,379.41,379.46,444667.0,2s,2s,1.0,buy,False,0.6531645569620231,4.163492493946733,28.239017640954685,0.011578080659927173,-0.22553831089721055,-0.18827330970336037,-0.30104246515196564,-0.0007911550182673645,33.31996275628819,16.748640644163217,22.621939461428973,5.002043009631706,444667.0,2.1999999999999886,1.0,3.9499999999999886,14.0,0.010448629774626994,2.1999999999999886,14.0,0.005765048085741958,1.0,2.5,-0.22553831089721055,-0.30104246515196564,-0.18827330970336037,33.31996275628819,16.748640644163217,22.621939461428973,5.002043009631706,9.967537574898907,34.58034807728001,29.994090668711333,-0.10793166083134362,0.12124087398855579,0.0,0.049999999999954525,0.410000000000025,0.0,12957.0,12957.0,2022-01-07,2022-01-07 14:20:00,4.058398777209728,9.0,1.0,best_within_2.0d,12965.0,394.86,0.5832424107187206,4.3760036431226785,32.22527881040892,0.012230020343504162,2.285057100371749,15.890706319702602,0.006381710269403211,0.6531645569620231,3.9499999999999886,14.0,0.010448629774626994,2.1999999999999886,14.0,0.005765048085741958,1.0,0.00402220134195386,1.9444468750000041,16.553125,0.005470102952261012,0.0,0
12957.0,2022-01-07 14:25:00,379.47,379.79,379.1501,379.7301,593948.0,2s,2s,1.0,buy,False,0.7189620253164578,4.163492493946733,28.239017640954685,0.011578080659927173,-0.2058818360771995,-0.2140085392130103,-0.31694945725161006,-0.0008330859044719295,38.50902201476992,22.606279592311658,22.616719505056533,22.5853997668219,593948.0,2.4599000000000046,1.0,3.9499999999999886,14.0,0.010448629774626994,2.4599000000000046,15.0,0.006446109902780338,1.0,2.5,-0.2058818360771995,-0.31694945725161006,-0.2140085392130103,38.50902201476992,22.606279592311658,22.616719505056533,22.5853997668219,7.177439904866436,37.911605651348815,32.720460285669425,0.06854296782353435,0.16877220921213298,0.059900000000027376,0.3199000000000183,0.2600999999999658,1.0,12958.0,12958.0,2022-01-07,2022-01-07 14:25:00,3.984382591740823,8.0,1.0,best_within_2.0d,12965.0,394.86,0.5832424107187206,4.3760036431226785,32.22527881040892,0.012230020343504162,2.285057100371749,15.890706319702602,0.006381710269403211,0.7189620253164578,3.9499999999999886,14.0,0.010448629774626994,2.4599000000000046,15.0,0.006446109902780338,1.0,0.00402220134195386,1.9444468750000041,16.553125,0.005470102952261012,1.0,0
12965.0,2022-01-07 15:05:00,395.07,395.89,394.52,394.86,839132.0,1p,1p,0.0,sell,False,1.1016508056334755,3.5299999999999727,6.0,0.00899683963706793,0.11266493162085661,-0.18393033593569943,-0.12759787012527113,-0.0003232736444692146,51.326041152042954,70.37651646057446,60.49122196829515,90.14710544513309,839132.0,3.5299999999999727,0.0,3.5299999999999727,6.0,0.00899683963706793,3.5299999999999727,0.0,0.0,1.0,1.0,0.11266493162085661,-0.12759787012527113,-0.18393033593569943,51.326041152042954,70.37651646057446,60.49122196829515,90.14710544513309,23.397225093174786,26.386670425005683,24.780944947805075,-0.05315513706431253,0.34725742674642723,0.8199999999999932,0.34000000000003183,0.20999999999997954,0.0,12966.0,12966.0,2022-01-07,2022-01-07 15:05:00,0.4876514078968102,20.0,1.0,best_within_2.0d,12985.0,379.56,0.5832424107187206,4.3760036431226785,32.22527881040892,0.012230020343504162,2.285057100371749,15.890706319702602,0.006381710269403211,0.4929364202292669,5.6011759621451125,36.843533123028394,0.015614239272951093,2.82998018927445,22.52492113564669,0.007835530045022196,1.8630914826498424,0.00402220134195386,1.9444468750000041,16.553125,0.005470102952261012,1.0,1
12965.0,2022-01-07 15:05:00,384.18,384.18,383.37,383.44,45758.0,2,2,0.0,sell,False,0.10678871090770653,4.163492493946733,28.239017640954685,0.011578080659927173,0.13607666369564442,-0.12763090640343094,-0.059592574555608735,-0.0001552718757946178,44.2955816699921,62.49864536486283,73.49151052882145,40.5129150369456,45758.0,1.400000000000034,1.0,13.110000000000014,122.0,0.03311525928919653,1.400000000000034,20.0,0.0036574533674696543,2.0,2.0,0.13607666369564442,-0.059592574555608735,-0.12763090640343094,44.2955816699921,62.49864536486283,73.49151052882145,40.5129150369456,19.27710843373604,22.891566265060405,27.52282425666181,-0.1926180436253863,0.21128413803897078,0.0,0.06999999999999318,0.7400000000000091,0.0,12966.0,12966.0,2022-01-07,2022-01-07 15:05:00,0.4876514078968102,20.0,1.0,best_within_2.0d,12985.0,379.56,0.10678871090770653,13.110000000000014,122.0,0.03311525928919653,1.400000000000034,20.0,0.0036574533674696543,0.4929364202292669,5.6011759621451125,36.843533123028394,0.015614239272951093,2.82998018927445,22.52492113564669,0.007835530045022196,1.8630914826498424,0.00402220134195386,1.9444468750000041,16.553125,0.005470102952261012,0.0,1
12965.0,2022-01-07 15:05:00,385.46,386.26,384.96,385.95,1472807.0,2s,2s,0.0,sell,False,0.265446224256294,4.163492493946733,28.239017640954685,0.011578080659927173,0.7413979592212459,0.18084630198897841,0.5515452815996014,0.0014391670129094579,73.13406402882184,81.4761393221319,72.90691606516467,98.61458583606637,1472807.0,4.529999999999973,1.0,13.110000000000014,122.0,0.03311525928919653,4.529999999999973,24.0,0.011867026432295006,1.0,2.5,0.7413979592212459,0.5515452815996014,0.18084630198897841,73.13406402882184,81.4761393221319,72.90691606516467,98.61458583606637,36.203412662774554,10.761861996707367,45.52692958219985,0.12712084262958778,0.3376974231088974,0.3100000000000023,0.5,0.4900000000000091,1.0,12966.0,12966.0,2022-01-07,2022-01-07 15:05:00,0.4876514078968102,20.0,1.0,best_within_2.0d,12985.0,379.56,0.5832424107187206,4.3760036431226785,32.22527881040892,0.012230020343504162,2.285057100371749,15.890706319702602,0.006381710269403211,0.265446224256294,13.110000000000014,122.0,0.03311525928919653,4.529999999999973,24.0,0.011867026432295006,1.0,0.00402220134195386,1.9444468750000041,16.553125,0.005470102952261012,1.0,1
12965.0,2022-01-07 15:05:00,386.52,387.35,386.1318,386.2016,972301.0,2s,2s,0.0,sell,False,0.34858886346300877,4.163492493946733,28.239017640954685,0.011578080659927173,0.4529234188909881,0.6373990989013912,0.8638608083468853,0.0022468840836311664,60.54021719407564,76.82634708585294,79.31766805688827,71.8437051437823,972301.0,7.220000000000027,1.0,13.110000000000014,122.0,0.03311525928919653,7.220000000000027,14.0,0.01899350222292381,2.0,2.5,0.4529234188909881,0.8638608083468853,0.6373990989013912,60.54021719407564,76.82634708585294,79.31766805688827,71.8437051437823,31.893986846225815,6.214766677106339,27.41895393214491,-0.08237607368312039,0.3154881312546712,0.8300000000000409,0.06979999999998654,0.3183999999999969,0.0,12966.0,12966.0,2022-01-07,2022-01-07 15:05:00,0.4876514078968102,20.0,1.0,best_within_2.0d,12985.0,379.56,0.5832424107187206,4.3760036431226785,32.22527881040892,0.012230020343504162,2.285057100371749,15.890706319702602,0.006381710269403211,0.34858886346300877,13.110000000000014,122.0,0.03311525928919653,7.220000000000027,14.0,0.01899350222292381,2.0,0.00402220134195386,1.9444468750000041,16.553125,0.005470102952261012,1.0,1
12965.0,2022-01-07 15:05:00,381.52,381.93,381.28,381.42,513597.0,1,1,0.0,sell,False,0.5115935809188487,2.779899999999998,9.0,0.007331924744316295,0.36332051436609014,-0.04071641516012431,0.14094384202292076,0.0003702034991299559,60.23663701310964,85.14069217812249,78.23191364075709,98.9582492528533,513597.0,2.779899999999998,1.0,2.779899999999998,9.0,0.007331924744316295,2.779899999999998,9.0,0.007331924744316295,1.0,1.0,0.36332051436609014,0.14094384202292076,-0.04071641516012431,60.23663701310964,85.14069217812249,78.23191364075709,98.9582492528533,30.871343675233593,18.392889300506734,25.93816503891483,-0.02621094569091159,0.17047838858582517,0.410000000000025,0.1400000000000432,0.0999999999999659,0.0,12966.0,12966.0,2022-01-07,2022-01-07 15:05:00,0.4876514078968102,20.0,1.0,best_within_2.0d,12985.0,379.56,0.5832424107187206,4.3760036431226785,32.22527881040892,0.012230020343504162,2.285057100371749,15.890706319702602,0.006381710269403211,0.4929364202292669,5.6011759621451125,36.843533123028394,0.015614239272951093,2.82998018927445,22.52492113564669,0.007835530045022196,1.8630914826498424,0.00402220134195386,1.9444468750000041,16.553125,0.005470102952261012,1.0,1
12973.0,2022-01-07 15:45:00,380.31,380.88,380.1,380.78,597164.0,2s,2s,1.0,buy,False,0.4784810126582258,4.163492493946733,28.239017640954685,0.011578080659927173,-0.04076453979378067,0.034997143008842754,0.01461487311195242,3.838926358183087e-05,51.03090385368104,29.11344444221419,35.502755923184324,16.334821480273916,597164.0,1.829999999999984,1.0,3.9499999999999886,14.0,0.010448629774626994,1.829999999999984,9.0,0.004791453931348635,2.0,2.5,-0.04076453979378067,0.01461487311195242,0.034997143008842754,51.03090385368104,29.11344444221419,35.502755923184324,16.334821480273916,25.197551206956838,16.35736021072065,27.684864165079837,0.12358339249558792,0.2052091554853914,0.10000000000002274,0.20999999999997954,0.46999999999997044,1.0,12974.0,12974.0,2022-01-07,2022-01-07 15:45:00,2.0540172048918044,173.78554736652885,0.0,,14281.267661333814,366.3529484630595,0.5832424107187206,4.3760036431226785,32.22527881040892,0.012230020343504162,2.285057100371749,15.890706319702602,0.006381710269403211,0.4784810126582258,3.9499999999999886,14.0,0.010448629774626994,1.829999999999984,9.0,0.004791453931348635,2.0,0.00402220134195386,1.9444468750000041,16.553125,0.005470102952261012,0.0,0
12974.0,2022-01-07 15:50:00,380.77,381.09,380.08,380.155,949008.0,2s,2s,1.0,buy,False,0.4835443037974761,4.163492493946733,28.239017640954685,0.011578080659927173,-0.10603792442603613,0.021742402455588238,-0.03127655975742982,-8.216369128656128e-05,43.65349701503812,21.260814813327663,30.755442219898768,2.2715600001854526,949008.0,1.8500000000000227,1.0,3.9499999999999886,14.0,0.010448629774626994,1.8500000000000227,10.0,0.004843819548084787,2.0,2.5,-0.10603792442603613,-0.03127655975742982,0.021742402455588238,43.65349701503812,21.260814813327663,30.755442219898768,2.2715600001854526,22.947995875026525,15.411987353103918,27.11062349829799,-0.1615148252225777,0.26573352978320114,0.3199999999999932,0.07499999999998863,0.6150000000000091,0.0,12975.0,12975.0,2022-01-07,2022-01-07 15:50:00,2.0540172048918044,173.78554736652885,0.0,,14281.267661333814,366.3529484630595,0.5832424107187206,4.3760036431226785,32.22527881040892,0.012230020343504162,2.285057100371749,15.890706319702602,0.006381710269403211,0.4835443037974761,3.9499999999999886,14.0,0.010448629774626994,1.8500000000000227,10.0,0.004843819548084787,2.0,0.00402220134195386,1.9444468750000041,16.553125,0.005470102952261012,0.0,0
12975.0,2022-01-07 15:55:00,380.15,380.54,379.57,379.81,1977998.0,2s,2s,1.0,buy,False,0.6126582278481071,4.163492493946733,28.239017640954685,0.011578080659927173,-0.18582196484024058,-0.001485343149441834,-0.09439632556956212,-0.00024802075617063295,40.198819348564164,18.907604352869512,26.806162930889013,3.110487196830512,1977998.0,2.3600000000000136,1.0,3.9499999999999886,14.0,0.010448629774626994,2.3600000000000136,11.0,0.006179142774854067,2.0,2.5,-0.18582196484024058,-0.09439632556956212,-0.001485343149441834,40.198819348564164,18.907604352869512,26.806162930889013,3.110487196830512,18.41671247938423,20.560747663550636,25.567057906892135,-0.08943837958699856,0.2555523355375892,0.3900000000000432,0.2400000000000091,0.339999999999975,0.0,12976.0,12976.0,2022-01-07,2022-01-07 15:55:00,2.0540172048918044,173.78554736652885,0.0,,14281.267661333814,366.3529484630595,0.5832424107187206,4.3760036431226785,32.22527881040892,0.012230020343504162,2.285057100371749,15.890706319702602,0.006381710269403211,0.6126582278481071,3.9499999999999886,14.0,0.010448629774626994,2.3600000000000136,11.0,0.006179142774854067,2.0,0.00402220134195386,1.9444468750000041,16.553125,0.005470102952261012,1.0,0
12985.0,2022-01-07 16:45:00,379.62,379.62,379.55,379.56,16247.0,2s,2s,1.0,buy,False,0.617721518987343,4.163492493946733,28.239017640954685,0.011578080659927173,-0.1210256939367299,-0.21007528218383692,-0.2705881291522019,-0.0007117729087736988,38.176123792624445,8.955733413728616,13.934689506495717,-1.0021787718055855,16247.0,2.3799999999999955,1.0,3.9499999999999886,14.0,0.010448629774626994,2.3799999999999955,21.0,0.00623150839159007,2.0,2.5,-0.1210256939367299,-0.2705881291522019,-0.21007528218383692,38.176123792624445,8.955733413728616,13.934689506495717,-1.0021787718055855,7.870841412143554,24.416885834404503,26.190086261222582,-0.0158052789631743,0.018442892899484437,0.0,0.009999999999990905,0.060000000000002274,0.0,12986.0,12986.0,2022-01-07,2022-01-07 16:45:00,2.0540172048918044,173.78554736652885,0.0,,14281.267661333814,366.3529484630595,0.5832424107187206,4.3760036431226785,32.22527881040892,0.012230020343504162,2.285057100371749,15.890706319702602,0.006381710269403211,0.617721518987343,3.9499999999999886,14.0,0.010448629774626994,2.3799999999999955,21.0,0.00623150839159007,2.0,0.00402220134195386,1.9444468750000041,16.553125,0.005470102952261012,0.0,0
12987.0,2022-01-07 16:55:00,379.58,379.6,379.51,379.56,10368.0,2s,2s,1.0,buy,False,0.6278481012658292,4.163492493946733,28.239017640954685,0.011578080659927173,-0.08762605923593592,-0.23423053335052368,-0.27804356296849164,-0.0007315477781528188,38.255169686562276,8.622905604236939,10.67917280975172,4.5103711932073765,10368.0,2.420000000000016,1.0,3.9499999999999886,14.0,0.010448629774626994,2.420000000000016,23.0,0.0063362396250622255,2.0,2.5,-0.08762605923593592,-0.27804356296849164,-0.23423053335052368,38.255169686562276,8.622905604236939,10.67917280975172,4.5103711932073765,10.27800757062915,25.617307162015436,28.716962944544584,-0.0052689815058701225,0.02371479012411579,0.020000000000038654,0.05000000000001137,0.01999999999998181,0.0,12988.0,12988.0,2022-01-07,2022-01-07 16:55:00,2.0540172048918044,173.78554736652885,0.0,,14281.267661333814,366.3529484630595,0.5832424107187206,4.3760036431226785,32.22527881040892,0.012230020343504162,2.285057100371749,15.890706319702602,0.006381710269403211,0.6278481012658292,3.9499999999999886,14.0,0.010448629774626994,2.420000000000016,23.0,0.0063362396250622255,2.0,0.00402220134195386,1.9444468750000041,16.553125,0.005470102952261012,0.0,0
12988.0,2022-01-07 17:00:00,379.5,383.9728,379.5,379.69,209365.0,2s,2s,1.0,buy,False,0.6303797468354472,4.163492493946733,28.239017640954685,0.011578080659927173,-0.05089337862926191,-0.24059220567918144,-0.2660388949938124,-0.000700015467731152,41.61479687656494,7.164569872209928,9.507638497237789,2.4784326221542052,209365.0,2.430000000000007,1.0,3.9499999999999886,14.0,0.010448629774626994,2.430000000000007,24.0,0.006362422433430228,2.0,2.5,-0.05089337862926191,-0.2660388949938124,-0.24059220567918144,41.61479687656494,7.164569872209928,9.507638497237789,2.4784326221542052,61.36421583757107,13.71328117661209,31.19925112307786,0.050065876152832076,1.1786034255599491,4.282800000000009,0.0,0.18999999999999773,1.0,12989.0,12989.0,2022-01-07,2022-01-07 17:00:00,2.0540172048918044,173.78554736652885,0.0,,14281.267661333814,366.3529484630595,0.5832424107187206,4.3760036431226785,32.22527881040892,0.012230020343504162,2.285057100371749,15.890706319702602,0.006381710269403211,0.6303797468354472,3.9499999999999886,14.0,0.010448629774626994,2.430000000000007,24.0,0.006362422433430228,2.0,0.00402220134195386,1.9444468750000041,16.553125,0.005470102952261012,1.0,0
13022.0,2022-01-10 04:00:00,380.25,380.25,379.36,379.36,7802.0,2s,2s,1.0,buy,False,0.6658227848101274,4.163492493946733,28.239017640954685,0.011578080659927173,-0.008462902621703683,-0.03761608569417413,-0.04184753700502597,-0.00011022256834792149,32.58335173784016,42.72531414600009,56.04287704138898,16.090188355222324,7802.0,2.569999999999993,1.0,3.9499999999999886,14.0,0.010448629774626994,2.569999999999993,58.0,0.0067289817505825494,2.0,2.5,-0.008462902621703683,-0.04184753700502597,-0.03761608569417413,32.58335173784016,42.72531414600009,56.04287704138898,16.090188355222324,52.083333333337364,9.722222222225238,31.437365664757646,-0.23405654174884585,0.2346056516237838,0.0,0.0,0.8899999999999864,0.0,13023.0,13023.0,2022-01-10,2022-01-10 04:00:00,1.803458456347525,55.0,1.0,best_within_2.0d,13077.0,386.2016,0.5832424107187206,4.3760036431226785,32.22527881040892,0.012230020343504162,2.285057100371749,15.890706319702602,0.006381710269403211,0.6658227848101274,3.9499999999999886,14.0,0.010448629774626994,2.569999999999993,58.0,0.0067289817505825494,2.0,0.00402220134195386,1.9444468750000041,16.553125,0.005470102952261012,1.0,0
13042.0,2022-01-10 05:40:00,379.09,379.09,378.92,378.93,1494.0,2s,2s,1.0,buy,False,0.7772151898734182,4.163492493946733,28.239017640954685,0.011578080659927173,-0.15908982102633412,-0.028003242557414453,-0.10754815307058152,-0.0002832601146599473,34.57790178326721,16.831634411380424,25.44531309616919,-0.3957229581971049,1494.0,3.009999999999991,1.0,3.9499999999999886,14.0,0.010448629774626994,3.009999999999991,78.0,0.007881025318775667,2.0,2.5,-0.15908982102633412,-0.10754815307058152,-0.028003242557414453,34.57790178326721,16.831634411380424,25.44531309616919,-0.3957229581971049,19.195046439627095,52.01238390092963,31.076377593072262,-0.04220633622621757,0.04486435131425078,0.0,0.009999999999990905,0.15999999999996817,0.0,13043.0,13043.0,2022-01-10,2022-01-10 05:40:00,2.1006518354313406,379.0,1.0,best_within_2.0d,13421.0,386.89,0.5832424107187206,4.3760036431226785,32.22527881040892,0.012230020343504162,2.285057100371749,15.890706319702602,0.006381710269403211,0.7772151898734182,3.9499999999999886,14.0,0.010448629774626994,3.009999999999991,78.0,0.007881025318775667,2.0,0.00402220134195386,1.9444468750000041,16.553125,0.005470102952261012,0.0,0
13044.0,2022-01-10 05:50:00,379.0,379.02,378.69,378.69,3389.0,2s,2s,1.0,buy,False,0.8354430379746888,4.163492493946733,28.239017640954685,0.011578080659927173,-0.2188819713910603,-0.07545921055986829,-0.18490019625539844,-0.0004871251880305293,34.25949035596858,12.720112132248078,19.789102797573914,-1.4178691984035936,3389.0,3.240000000000009,1.0,3.9499999999999886,14.0,0.010448629774626994,3.240000000000009,80.0,0.008483229911240304,2.0,2.5,-0.2188819713910603,-0.18490019625539844,-0.07545921055986829,34.25949035596858,12.720112132248078,19.789102797573914,-1.4178691984035936,19.121447028422796,48.83720930232589,32.495070363752355,-0.08179419525066023,0.0871425176265505,0.01999999999998181,0.0,0.3100000000000023,0.0,13045.0,13045.0,2022-01-10,2022-01-10 05:50:00,2.1996883994824223,382.0,1.0,best_within_2.0d,13426.0,387.02,0.5832424107187206,4.3760036431226785,32.22527881040892,0.012230020343504162,2.285057100371749,15.890706319702602,0.006381710269403211,0.8354430379746888,3.9499999999999886,14.0,0.010448629774626994,3.240000000000009,80.0,0.008483229911240304,2.0,0.00402220134195386,1.9444468750000041,16.553125,0.005470102952261012,0.0,0
13047.0,2022-01-10 06:10:00,378.44,378.55,378.39,378.39,1300.0,2s,2s,1.0,buy,False,0.9113924050632995,4.163492493946733,28.239017640954685,0.011578080659927173,-0.25309753345468045,-0.164080974169521,-0.2906297408968612,-0.0007660585067823791,32.11938323239511,7.362698538085042,12.19732981967087,-2.3065640250866117,1300.0,3.5400000000000205,1.0,3.9499999999999886,14.0,0.010448629774626994,3.5400000000000205,83.0,0.009268714162281099,2.0,2.5,-0.25309753345468045,-0.2906297408968612,-0.164080974169521,32.11938323239511,7.362698538085042,12.19732981967087,-2.3065640250866117,19.45080091533126,47.36842105263199,34.09377823903224,-0.013212134023890543,0.04228441555010043,0.11000000000001364,0.0,0.05000000000001137,0.0,13048.0,13048.0,2022-01-10,2022-01-10 06:10:00,2.3150717513676344,382.0,1.0,best_within_2.0d,13429.0,387.15,0.5832424107187206,4.3760036431226785,32.22527881040892,0.012230020343504162,2.285057100371749,15.890706319702602,0.006381710269403211,0.9113924050632995,3.9499999999999886,14.0,0.010448629774626994,3.5400000000000205,83.0,0.009268714162281099,2.0,0.00402220134195386,1.9444468750000041,16.553125,0.005470102952261012,0.0,0
13049.0,2022-01-10 06:20:00,378.51,378.59,378.2,378.28,1999.0,2s,2s,1.0,buy,False,0.9594936708860838,4.163492493946733,28.239017640954685,0.011578080659927173,-0.23491355628168248,-0.22071280051191175,-0.338169578652753,-0.0008916689347198628,33.94278117891929,10.878045666592438,12.004728409361585,8.624680181054142,1999.0,3.730000000000018,1.0,3.9499999999999886,14.0,0.010448629774626994,3.730000000000018,85.0,0.009766187521273579,2.0,2.5,-0.23491355628168248,-0.338169578652753,-0.22071280051191175,33.94278117891929,10.878045666592438,12.004728409361585,8.624680181054142,22.5409836065567,42.41803278688515,33.18384078080201,-0.060764576893613954,0.10312004230565479,0.07999999999998408,0.07999999999998408,0.2300000000000182,0.0,13050.0,13050.0,2022-01-10,2022-01-10 06:20:00,2.344823939938671,380.0,1.0,best_within_2.0d,13429.0,387.15,0.5832424107187206,4.3760036431226785,32.22527881040892,0.012230020343504162,2.285057100371749,15.890706319702602,0.006381710269403211,0.9594936708860838,3.9499999999999886,14.0,0.010448629774626994,3.730000000000018,85.0,0.009766187521273579,2.0,0.00402220134195386,1.9444468750000041,16.553125,0.005470102952261012,0.0,0
13050.0,2022-01-10 06:25:00,378.27,378.32,378.2,378.27,23933.0,2s,2s,1.0,buy,False,0.9594936708860838,4.163492493946733,28.239017640954685,0.011578080659927173,-0.23036363902368728,-0.2495082553898727,-0.36469007490171634,-0.0009617818410551085,33.83296491574619,9.562261467497065,11.190572762073412,6.305638878344368,23933.0,3.730000000000018,1.0,3.9499999999999886,14.0,0.010448629774626994,3.730000000000018,86.0,0.009766187521273579,2.0,2.5,-0.23036363902368728,-0.36469007490171634,-0.2495082553898727,33.83296491574619,9.562261467497065,11.190572762073412,6.305638878344368,14.85587583148471,45.89800443458974,34.463201475812646,0.0,0.03172924378635763,0.05000000000001137,0.06999999999999318,0.0,0.0,13051.0,13051.0,2022-01-10,2022-01-10 06:25:00,2.347529542390355,379.0,1.0,best_within_2.0d,13429.0,387.15,0.5832424107187206,4.3760036431226785,32.22527881040892,0.012230020343504162,2.285057100371749,15.890706319702602,0.006381710269403211,0.9594936708860838,3.9499999999999886,14.0,0.010448629774626994,3.730000000000018,86.0,0.009766187521273579,2.0,0.00402220134195386,1.9444468750000041,16.553125,0.005470102952261012,0.0,0
13076.0,2022-01-10 08:35:00,375.3496,375.83,375.19,375.83,20262.0,2,2,0.0,sell,False,0.17456021650879108,4.163492493946733,28.239017640954685,0.011578080659927173,0.15572594365784131,-0.8484717417453848,-0.7706087699164641,-0.002046637487609022,39.76954595544213,14.504880121817408,12.457223979927921,18.60019240559638,20262.0,1.2899999999999636,1.0,7.389999999999986,105.0,0.01934909538397085,1.2899999999999636,8.0,0.003444224915896736,2.0,2.0,0.15572594365784131,-0.7706087699164641,-0.8484717417453848,39.76954595544213,14.504880121817408,12.457223979927921,18.60019240559638,47.02934860415199,20.75876879026482,37.23051390564785,0.12798734832805858,0.17058023934539468,0.0,0.15960000000001173,0.4803999999999746,1.0,13077.0,13077.0,2022-01-10,2022-01-10 08:35:00,1.6523960301199976,25.0,1.0,best_within_2.0d,13101.0,369.6198,0.17456021650879108,7.389999999999986,105.0,0.01934909538397085,1.2899999999999636,8.0,0.003444224915896736,0.4929364202292669,5.6011759621451125,36.843533123028394,0.015614239272951093,2.82998018927445,22.52492113564669,0.007835530045022196,1.8630914826498424,0.00402220134195386,1.9444468750000041,16.553125,0.005470102952261012,1.0,1
13077.0,2022-01-10 08:40:00,384.98,385.76,384.79,384.8975,1355858.0,2s,2s,0.0,sell,False,0.48039215686273506,4.163492493946733,28.239017640954685,0.011578080659927173,0.5864289004906202,-0.1503124515499311,0.142901998695379,0.00037221940248821753,57.2495845771093,78.82007463457302,74.11325618080028,88.2337115421185,1355858.0,4.8700000000000045,1.0,3.0600000000000023,28.0,0.007899832193107014,4.8700000000000045,16.0,0.012785843681902925,2.0,2.5,0.5864289004906202,0.142901998695379,-0.1503124515499311,57.2495845771093,78.82007463457302,74.11325618080028,88.2337115421185,33.87297633872939,11.332503113325341,39.95802374307467,-0.02142968465895336,0.2520855531588582,0.7799999999999727,0.10749999999995907,0.08250000000003865,0.0,13078.0,13078.0,2022-01-10,2022-01-10 08:40:00,3.969290525399615,24.0,1.0,best_within_2.0d,13101.0,369.6198,0.5832424107187206,4.3760036431226785,32.22527881040892,0.012230020343504162,2.285057100371749,15.890706319702602,0.006381710269403211,0.48039215686273506,3.0600000000000023,28.0,0.007899832193107014,4.8700000000000045,16.0,0.012785843681902925,2.0,0.00402220134195386,1.9444468750000041,16.553125,0.005470102952261012,0.0,1
13077.0,2022-01-10 08:40:00,386.08,386.2,386.05,386.2,15271.0,2s,2s,0.0,sell,False,0.6241830065359368,4.163492493946733,28.239017640954685,0.011578080659927173,0.0507074456638289,0.2557003558605631,0.28105407869247756,0.0007287540104312991,74.4936483296008,94.9011412516069,92.8911448539179,98.92113404698495,15271.0,3.1399999999999864,1.0,3.0600000000000023,28.0,0.007899832193107014,3.1399999999999864,49.0,0.008197149271654535,1.0,2.5,0.0507074456638289,0.28105407869247756,0.2557003558605631,74.4936483296008,94.9011412516069,92.8911448539179,98.92113404698495,51.72413793103583,6.896551724137738,60.086091685229285,0.031081641110651825,0.038855070586705676,0.0,0.029999999999972715,0.12000000000000455,1.0,13078.0,13078.0,2022-01-10,2022-01-10 08:40:00,3.969290525399615,24.0,1.0,best_within_2.0d,13101.0,369.6198,0.5832424107187206,4.3760036431226785,32.22527881040892,0.012230020343504162,2.285057100371749,15.890706319702602,0.006381710269403211,0.6241830065359368,3.0600000000000023,28.0,0.007899832193107014,3.1399999999999864,49.0,0.008197149271654535,1.0,0.00402220134195386,1.9444468750000041,16.553125,0.005470102952261012,0.0,1
13077.0,2022-01-10 08:40:00,386.47,386.65,385.97,386.08,328035.0,2,2,0.0,sell,False,0.7712418300653447,4.163492493946733,28.239017640954685,0.011578080659927173,0.2471941223857767,0.03066099361482425,0.1542580548077126,0.00040023666041057713,57.92292598422225,69.01975508496629,58.24971524743097,90.55983476003695,328035.0,2.359999999999957,1.0,3.0600000000000023,28.0,0.007899832193107014,2.359999999999957,20.0,0.006141195451351731,2.0,2.0,0.2471941223857767,0.1542580548077126,0.03066099361482425,57.92292598422225,69.01975508496629,58.24971524743097,90.55983476003695,23.518409234123634,9.202116486792681,27.437397984798448,-0.10091339560639719,0.176179495815724,0.17999999999994998,0.1099999999999568,0.3900000000000432,0.0,13078.0,13078.0,2022-01-10,2022-01-10 08:40:00,3.969290525399615,24.0,1.0,best_within_2.0d,13101.0,369.6198,0.7712418300653447,3.0600000000000023,28.0,0.007899832193107014,2.359999999999957,20.0,0.006141195451351731,0.4929364202292669,5.6011759621451125,36.843533123028394,0.015614239272951093,2.82998018927445,22.52492113564669,0.007835530045022196,1.8630914826498424,0.00402220134195386,1.9444468750000041,16.553125,0.005470102952261012,0.0,1
13077.0,2022-01-10 08:40:00,386.52,387.35,386.1318,386.2016,972301.0,1p,1p,0.0,sell,False,0.8191410895007171,7.220000000000027,14.0,0.01899350222292381,0.4529029373549365,0.6374311013695283,0.8638825700469965,0.0022469408125435912,60.54003923923338,76.82634708585294,79.31766805688827,71.8437051437823,972301.0,7.220000000000027,0.0,7.220000000000027,14.0,0.01899350222292381,7.220000000000027,0.0,0.0,1.0,1.0,0.4529029373549365,0.8638825700469965,0.6374311013695283,60.54003923923338,76.82634708585294,79.31766805688827,71.8437051437823,31.893986846225815,6.214766677106339,27.416975457526373,-0.08237607368312039,0.3154881312546712,0.8300000000000409,0.06979999999998654,0.3183999999999969,0.0,13078.0,13078.0,2022-01-10,2022-01-10 08:40:00,3.969290525399615,24.0,1.0,best_within_2.0d,13101.0,369.6198,0.5832424107187206,4.3760036431226785,32.22527881040892,0.012230020343504162,2.285057100371749,15.890706319702602,0.006381710269403211,0.4929364202292669,5.6011759621451125,36.843533123028394,0.015614239272951093,2.82998018927445,22.52492113564669,0.007835530045022196,1.8630914826498424,0.00402220134195386,1.9444468750000041,16.553125,0.005470102952261012,0.0,1
13084.0,2022-01-10 09:15:00,374.85,374.9005,374.37,374.66,85696.0,1p,1p,1.0,buy,False,1.875545514499697e-07,1.4599999999999795,9.0,0.0038847351196018933,0.09478378163626755,-0.7119994291142723,-0.6646075382961385,-0.0017684565591094316,30.13895451706702,14.796650803909891,16.00947614081864,12.37100013009239,85696.0,1.4599999999999795,0.0,1.4599999999999795,9.0,0.0038847351196018933,1.4599999999999795,0.0,0.0,1.0,1.0,0.09478378163626755,-0.6646075382961385,-0.7119994291142723,30.13895451706702,14.796650803909891,16.00947614081864,12.37100013009239,14.620620115956495,24.87185950760433,41.70204896614166,-0.05068694144324335,0.1417047306141031,0.050499999999999545,0.29000000000002046,0.18999999999999773,0.0,13085.0,13085.0,2022-01-10,2022-01-10 09:15:00,3.8941974056477804,381.0,1.0,best_within_2.0d,13465.0,389.25,0.5832424107187206,4.3760036431226785,32.22527881040892,0.012230020343504162,2.285057100371749,15.890706319702602,0.006381710269403211,0.4929364202292669,5.6011759621451125,36.843533123028394,0.015614239272951093,2.82998018927445,22.52492113564669,0.007835530045022196,1.8630914826498424,0.00402220134195386,1.9444468750000041,16.553125,0.005470102952261012,0.0,0
13085.0,2022-01-10 09:20:00,374.68,374.9,374.27,374.42,70007.0,1p,1p,1.0,buy,False,1.875545514499697e-07,1.5600000000000023,10.0,0.004150812867519896,0.06172967463110224,-0.7042832197853846,-0.6734183824698334,-0.0017923932106012161,27.92078685916387,13.13240772548309,15.050453335706791,9.296316505035684,70007.0,1.5600000000000023,0.0,1.5600000000000023,10.0,0.004150812867519896,1.5600000000000023,0.0,0.0,1.0,1.0,0.06172967463110224,-0.6734183824698334,-0.7042832197853846,27.92078685916387,13.13240772548309,15.050453335706791,9.296316505035684,11.665694525455825,26.331139071744257,41.480223413422394,-0.06939254830788698,0.16832767787960443,0.21999999999997044,0.1500000000000341,0.2599999999999909,0.0,13086.0,13086.0,2022-01-10,2022-01-10 09:20:00,3.9607926926980355,380.0,1.0,best_within_2.0d,13465.0,389.25,0.5832424107187206,4.3760036431226785,32.22527881040892,0.012230020343504162,2.285057100371749,15.890706319702602,0.006381710269403211,0.4929364202292669,5.6011759621451125,36.843533123028394,0.015614239272951093,2.82998018927445,22.52492113564669,0.007835530045022196,1.8630914826498424,0.00402220134195386,1.9444468750000041,16.553125,0.005470102952261012,0.0,0
13088.0,2022-01-10 09:35:00,373.54,373.77,372.825,373.56,1739025.0,1p,1p,1.0,buy,False,0.18141254661809342,3.0049999999999955,13.0,0.007995636324934134,-0.09672521685856572,-0.7077673698861312,-0.7561299783154141,-0.0020145050775293347,26.58244619169041,22.332831147195538,19.84114444704613,27.316204547494358,1739025.0,3.0049999999999955,0.0,3.0049999999999955,13.0,0.007995636324934134,3.0049999999999955,0.0,0.0,1.0,1.0,-0.09672521685856572,-0.7561299783154141,-0.7077673698861312,26.58244619169041,22.332831147195538,19.84114444704613,27.316204547494358,5.2941494246664895,31.602830749284195,45.37637493215228,0.005354178936655194,0.25347012673506153,0.20999999999997954,0.7150000000000318,0.01999999999998181,1.0,13089.0,13089.0,2022-01-10,2022-01-10 09:35:00,4.295641931684339,383.0,1.0,best_within_2.0d,13471.0,389.6068,0.5832424107187206,4.3760036431226785,32.22527881040892,0.012230020343504162,2.285057100371749,15.890706319702602,0.006381710269403211,0.4929364202292669,5.6011759621451125,36.843533123028394,0.015614239272951093,2.82998018927445,22.52492113564669,0.007835530045022196,1.8630914826498424,0.00402220134195386,1.9444468750000041,16.553125,0.005470102952261012,0.0,0
13089.0,2022-01-10 09:40:00,373.54,374.01,372.53,373.32,1800531.0,1p,1p,1.0,buy,False,0.2802753930384332,3.3000000000000114,14.0,0.008780565681292105,-0.1494367323382162,-0.7264469614284083,-0.8011653275975164,-0.0021353420901193865,25.047031913743183,23.16947652999638,20.95058847469621,27.607252640596712,1800531.0,3.3000000000000114,0.0,3.3000000000000114,14.0,0.008780565681292105,3.3000000000000114,0.0,0.0,1.0,1.0,-0.1494367323382162,-0.8011653275975164,-0.7264469614284083,25.047031913743183,23.16947652999638,20.95058847469621,27.607252640596712,2.6850977077224973,32.022276366167695,48.17286391059645,-0.058895968303268,0.39728344025984974,0.46999999999997044,0.7900000000000205,0.22000000000002728,0.0,13090.0,13090.0,2022-01-10,2022-01-10 09:40:00,4.362691524697318,382.0,1.0,best_within_2.0d,13471.0,389.6068,0.5832424107187206,4.3760036431226785,32.22527881040892,0.012230020343504162,2.285057100371749,15.890706319702602,0.006381710269403211,0.4929364202292669,5.6011759621451125,36.843533123028394,0.015614239272951093,2.82998018927445,22.52492113564669,0.007835530045022196,1.8630914826498424,0.00402220134195386,1.9444468750000041,16.553125,0.005470102952261012,0.0,0
13090.0,2022-01-10 09:45:00,373.32,373.45,372.39,373.4299,2173063.0,1p,1p,1.0,buy,False,0.2802753930384332,3.4399999999999977,15.0,0.009153074528377186,-0.1473686895385753,-0.7448680476207301,-0.8185523923900178,-0.0021824434159963117,27.122867912352604,25.887080738872996,22.59608589608847,32.469070424442044,2173063.0,3.4399999999999977,0.0,3.4399999999999977,15.0,0.009153074528377186,3.4399999999999977,0.0,0.0,1.0,1.0,-0.1473686895385753,-0.8185523923900178,-0.7448680476207301,27.122867912352604,25.887080738872996,22.59608589608847,32.469070424442044,2.100138418214163,32.07484129635792,50.99690914603259,0.02943855137683004,0.2846478154622848,0.02010000000001355,0.9300000000000068,0.1098999999999819,1.0,13091.0,13091.0,2022-01-10,2022-01-10 09:45:00,4.331977701839099,381.0,1.0,best_within_2.0d,13471.0,389.6068,0.5832424107187206,4.3760036431226785,32.22527881040892,0.012230020343504162,2.285057100371749,15.890706319702602,0.006381710269403211,0.4929364202292669,5.6011759621451125,36.843533123028394,0.015614239272951093,2.82998018927445,22.52492113564669,0.007835530045022196,1.8630914826498424,0.00402220134195386,1.9444468750000041,16.553125,0.005470102952261012,0.0,0
13092.0,2022-01-10 09:55:00,372.62,372.7,371.47,371.9,1920515.0,1p,1p,1.0,buy,False,0.6463094597726878,4.359999999999957,17.0,0.01160098980922214,-0.3445981208006521,-0.8164599855199068,-0.9887590459202329,-0.0026390793156964125,18.9640199106352,16.425363660458185,19.8661129014602,9.543865178454155,1920515.0,4.359999999999957,0.0,4.359999999999957,17.0,0.01160098980922214,4.359999999999957,0.0,0.0,1.0,1.0,-0.3445981208006521,-0.9887590459202329,-0.8164599855199068,18.9640199106352,16.425363660458185,19.8661129014602,9.543865178454155,6.011783094866333,32.54378582020684,53.09915639971674,-0.19322634319146242,0.3311169138826719,0.07999999999998408,0.42999999999995,0.7200000000000273,0.0,13093.0,13093.0,2022-01-10,2022-01-10 09:55:00,4.761172358160808,379.0,1.0,best_within_2.0d,13471.0,389.6068,0.5832424107187206,4.3760036431226785,32.22527881040892,0.012230020343504162,2.285057100371749,15.890706319702602,0.006381710269403211,0.4929364202292669,5.6011759621451125,36.843533123028394,0.015614239272951093,2.82998018927445,22.52492113564669,0.007835530045022196,1.8630914826498424,0.00402220134195386,1.9444468750000041,16.553125,0.005470102952261012,0.0,0
13093.0,2022-01-10 10:00:00,371.88,372.21,371.0,371.09,1866871.0,1p,1p,1.0,buy,False,0.9153161910013301,4.829999999999984,18.0,0.01285155522443654,-0.4880266482071971,-0.8774633165458064,-1.121476640649405,-0.0029954281067687215,16.095012374854377,11.587185115464518,17.106470306128305,0.5486147341369403,1866871.0,4.829999999999984,0.0,4.829999999999984,18.0,0.01285155522443654,4.829999999999984,0.0,0.0,1.0,1.0,-0.4880266482071971,-1.121476640649405,-0.8774633165458064,16.095012374854377,11.587185115464518,17.106470306128305,0.5486147341369403,5.757936355610551,31.860581167709125,54.26262773559688,-0.21243411853286556,0.32614555256064137,0.3299999999999841,0.08999999999997499,0.7900000000000205,0.0,13094.0,13094.0,2022-01-10,2022-01-10 10:00:00,4.989840739443274,378.0,1.0,best_within_2.0d,13471.0,389.6068,0.5832424107187206,4.3760036431226785,32.22527881040892,0.012230020343504162,2.285057100371749,15.890706319702602,0.006381710269403211,0.4929364202292669,5.6011759621451125,36.843533123028394,0.015614239272951093,2.82998018927445,22.52492113564669,0.007835530045022196,1.8630914826498424,0.00402220134195386,1.9444468750000041,16.553125,0.005470102952261012,0.0,0
13095.0,2022-01-10 10:10:00,371.63,371.63,370.56,370.615,1335771.0,1p,1p,1.0,buy,False,1.0160863990311404,5.269999999999982,20.0,0.014022297315275475,-0.54175512733541,-1.0034505756953873,-1.2743281393630923,-0.003407959708121936,20.37867634258295,8.525427195977523,13.167831470592184,-0.759381353251797,1335771.0,5.269999999999982,0.0,5.269999999999982,20.0,0.014022297315275475,5.269999999999982,0.0,0.0,1.0,1.0,-0.54175512733541,-1.2743281393630923,-1.0034505756953873,20.37867634258295,8.525427195977523,13.167831470592184,-0.759381353251797,4.474888988331094,31.668445148187384,56.75575130976906,-0.2731211150875834,0.2887521588946441,0.0,0.05500000000000682,1.0149999999999864,0.0,13096.0,13096.0,2022-01-10,2022-01-10 10:10:00,5.238589911363534,384.0,1.0,best_within_2.0d,13479.0,390.03,0.5832424107187206,4.3760036431226785,32.22527881040892,0.012230020343504162,2.285057100371749,15.890706319702602,0.006381710269403211,0.4929364202292669,5.6011759621451125,36.843533123028394,0.015614239272951093,2.82998018927445,22.52492113564669,0.007835530045022196,1.8630914826498424,0.00402220134195386,1.9444468750000041,16.553125,0.005470102952261012,0.0,0
13096.0,2022-01-10 10:15:00,370.6,371.36,370.34,370.425,1259651.0,1p,1p,1.0,buy,False,1.0628751248040769,5.490000000000009,21.0,0.01460766836069502,-0.5667018563863535,-1.0742883077436816,-1.3576392359368583,-0.0036332806835057876,19.722723568249776,6.455643562077985,10.930435501087452,-2.4939403159409466,1259651.0,5.490000000000009,0.0,5.490000000000009,21.0,0.01460766836069502,5.490000000000009,0.0,0.0,1.0,1.0,-0.5667018563863535,-1.3576392359368583,-1.0742883077436816,19.722723568249776,6.455643562077985,10.930435501087452,-2.4939403159409466,3.816919482741861,31.71991708071456,58.310234681822486,-0.04722072315164904,0.2754225846519519,0.7599999999999909,0.08500000000003638,0.17500000000001137,0.0,13097.0,13097.0,2022-01-10,2022-01-10 10:15:00,5.292569346021452,383.0,1.0,best_within_2.0d,13479.0,390.03,0.5832424107187206,4.3760036431226785,32.22527881040892,0.012230020343504162,2.285057100371749,15.890706319702602,0.006381710269403211,0.4929364202292669,5.6011759621451125,36.843533123028394,0.015614239272951093,2.82998018927445,22.52492113564669,0.007835530045022196,1.8630914826498424,0.00402220134195386,1.9444468750000041,16.553125,0.005470102952261012,0.0,0
13100.0,2022-01-10 10:35:00,370.62,370.91,369.85,370.04,971022.0,1p,1p,1.0,buy,False,1.0628751248040769,5.979999999999961,25.0,0.015911449325492807,-0.2765113421534746,-1.2439749961172568,-1.3822306671939941,-0.003706996146553542,25.006560390048477,10.343500598554556,11.286614838173499,8.45727211931667,971022.0,5.979999999999961,0.0,5.979999999999961,25.0,0.015911449325492807,5.979999999999961,0.0,0.0,1.0,1.0,-0.2765113421534746,-1.3822306671939941,-1.2439749961172568,25.006560390048477,10.343500598554556,11.286614838173499,8.45727211931667,6.013694551950264,30.247097350401443,60.32600130000851,-0.1564945226917015,0.2866026767608496,0.29000000000002046,0.18999999999999773,0.5799999999999841,0.0,13101.0,13101.0,2022-01-10,2022-01-10 10:35:00,5.402118689871352,379.0,1.0,best_within_2.0d,13479.0,390.03,0.5832424107187206,4.3760036431226785,32.22527881040892,0.012230020343504162,2.285057100371749,15.890706319702602,0.006381710269403211,0.4929364202292669,5.6011759621451125,36.843533123028394,0.015614239272951093,2.82998018927445,22.52492113564669,0.007835530045022196,1.8630914826498424,0.00402220134195386,1.9444468750000041,16.553125,0.005470102952261012,0.0,0
13101.0,2022-01-10 10:40:00,370.06,370.48,369.47,369.6198,947285.0,1p,1p,1.0,buy,False,1.0628751248040769,6.359999999999957,26.0,0.016922544767580972,-0.2959117964107052,-1.280963970668595,-1.4289198688739475,-0.003834688241138138,23.324892954508286,8.718051493926556,10.43042705675785,5.293300368263967,947285.0,6.359999999999957,0.0,6.359999999999957,26.0,0.016922544767580972,6.359999999999957,0.0,0.0,1.0,1.0,-0.2959117964107052,-1.4289198688739475,-1.280963970668595,23.324892954508286,8.718051493926556,10.43042705675785,5.293300368263967,6.66886761307392,27.137669197754683,60.34177799286491,-0.11895368318651148,0.27336454921914927,0.4200000000000159,0.14979999999997062,0.44020000000000437,0.0,13102.0,13102.0,2022-01-10,2022-01-10 10:40:00,5.521944441288041,378.0,1.0,best_within_2.0d,13479.0,390.03,0.5832424107187206,4.3760036431226785,32.22527881040892,0.012230020343504162,2.285057100371749,15.890706319702602,0.006381710269403211,0.4929364202292669,5.6011759621451125,36.843533123028394,0.015614239272951093,2.82998018927445,22.52492113564669,0.007835530045022196,1.8630914826498424,0.00402220134195386,1.9444468750000041,16.553125,0.005470102952261012,0.0,0
13102.0,2022-01-10 10:45:00,369.6,370.31,369.31,369.67,789375.0,1p,1p,1.0,buy,False,1.0628751248040769,6.519999999999982,27.0,0.017348269164249745,-0.26279553849146753,-1.3138134129800283,-1.445211182225762,-0.003880691488962806,23.982598535858315,10.128581091874505,10.329811735130068,9.726119805363378,789375.0,6.519999999999982,0.0,6.519999999999982,27.0,0.017348269164249745,6.519999999999982,0.0,0.0,1.0,1.0,-0.26279553849146753,-1.445211182225762,-1.3138134129800283,23.982598535858315,10.128581091874505,10.329811735130068,9.726119805363378,6.644736842105557,26.611842105262806,60.32019133532724,0.018939393939392094,0.270775229482007,0.6399999999999864,0.29000000000002046,0.06999999999999318,1.0,13103.0,13103.0,2022-01-10,2022-01-10 10:45:00,5.507614899775463,377.0,1.0,best_within_2.0d,13479.0,390.03,0.5832424107187206,4.3760036431226785,32.22527881040892,0.012230020343504162,2.285057100371749,15.890706319702602,0.006381710269403211,0.4929364202292669,5.6011759621451125,36.843533123028394,0.015614239272951093,2.82998018927445,22.52492113564669,0.007835530045022196,1.8630914826498424,0.00402220134195386,1.9444468750000041,16.553125,0.005470102952261012,1.0,0
13115.0,2022-01-10 11:50:00,372.22,372.69,371.7,372.0918,503258.0,2,2,1.0,buy,False,0.44803695150115586,4.163492493946733,28.239017640954685,0.011578080659927173,0.5275851758544908,-0.3939374582893758,-0.1301448703621304,-0.0003496375851859518,48.31059989121938,58.93990845327537,68.66503504213475,39.48965527555663,503258.0,1.9399999999999977,1.0,4.329999999999984,9.0,0.01172456743657086,1.9399999999999977,6.0,0.005192163579916491,2.0,2.0,0.5275851758544908,-0.1301448703621304,-0.3939374582893758,48.31059989121938,58.93990845327537,68.66503504213475,39.48965527555663,28.252925099038993,10.748395418112903,44.44890116474186,-0.03444199666865009,0.266343825665862,0.46999999999997044,0.39179999999998927,0.12820000000004939,0.0,13116.0,13116.0,2022-01-10,2022-01-10 11:50:00,4.820907098732086,364.0,1.0,best_within_2.0d,13479.0,390.03,0.44803695150115586,4.329999999999984,9.0,0.01172456743657086,1.9399999999999977,6.0,0.005192163579916491,0.4929364202292669,5.6011759621451125,36.843533123028394,0.015614239272951093,2.82998018927445,22.52492113564669,0.007835530045022196,1.8630914826498424,0.00402220134195386,1.9444468750000041,16.553125,0.005470102952261012,0.0,0
13118.0,2022-01-10 12:05:00,371.79,371.95,371.08,371.12,487057.0,2,2,1.0,buy,False,0.5912240184757532,4.163492493946733,28.239017640954685,0.011578080659927173,0.18716360680585087,-0.2539447692842729,-0.16036296588134746,-0.00043089590785283375,41.53011810065833,29.076777146646325,48.692925368370595,-10.155519296802211,487057.0,2.5600000000000023,1.0,4.329999999999984,9.0,0.01172456743657086,2.5600000000000023,9.0,0.006851514827106312,2.0,2.0,0.18716360680585087,-0.16036296588134746,-0.2539447692842729,41.53011810065833,29.076777146646325,48.692925368370595,-10.155519296802211,28.072198660121607,15.325903052282946,44.00797089741979,-0.18020925791441833,0.23445079228198895,0.15999999999996817,0.040000000000020464,0.6700000000000159,0.0,13119.0,13119.0,2022-01-10,2022-01-10 12:05:00,5.0953869368398275,361.0,1.0,best_within_2.0d,13479.0,390.03,0.5912240184757532,4.329999999999984,9.0,0.01172456743657086,2.5600000000000023,9.0,0.006851514827106312,0.4929364202292669,5.6011759621451125,36.843533123028394,0.015614239272951093,2.82998018927445,22.52492113564669,0.007835530045022196,1.8630914826498424,0.00402220134195386,1.9444468750000041,16.553125,0.005470102952261012,0.0,0
13120.0,2022-01-10 12:15:00,371.625,371.69,370.87,370.92,533679.0,2,2,1.0,buy,False,0.6397228637413377,4.163492493946733,28.239017640954685,0.011578080659927173,-0.011198216121794669,-0.23988220190045154,-0.24548130996134887,-0.0006598347154281907,41.310092440292706,18.936664029727535,34.00854120411469,-11.207090319046785,533679.0,2.769999999999982,1.0,4.329999999999984,9.0,0.01172456743657086,2.769999999999982,11.0,0.007413553152767321,2.0,2.0,-0.011198216121794669,-0.24548130996134887,-0.23988220190045154,41.310092440292706,18.936664029727535,34.00854120411469,-11.207090319046785,23.290889798393223,17.128998029407793,40.87426364428676,-0.18970736629666574,0.22110173376115438,0.06499999999999773,0.05000000000001137,0.7049999999999841,0.0,13121.0,13121.0,2022-01-10,2022-01-10 12:15:00,5.152054351342596,359.0,1.0,best_within_2.0d,13479.0,390.03,0.6397228637413377,4.329999999999984,9.0,0.01172456743657086,2.769999999999982,11.0,0.007413553152767321,0.4929364202292669,5.6011759621451125,36.843533123028394,0.015614239272951093,2.82998018927445,22.52492113564669,0.007835530045022196,1.8630914826498424,0.00402220134195386,1.9444468750000041,16.553125,0.005470102952261012,0.0,0
13121.0,2022-01-10 12:20:00,370.91,371.16,370.8001,370.93,373948.0,2,2,1.0,buy,False,0.6558660508083165,4.163492493946733,28.239017640954685,0.011578080659927173,-0.08951172159287091,-0.25107116709956034,-0.2958270278959958,-0.0007953350103261585,41.39906824221314,14.566233798194386,27.527772068807923,-11.356842743032693,373948.0,2.8399,1.0,4.329999999999984,9.0,0.01172456743657086,2.8399,12.0,0.007600631624023124,2.0,2.0,-0.08951172159287091,-0.2958270278959958,-0.25107116709956034,41.39906824221314,14.566233798194386,27.527772068807923,-11.356842743032693,17.176955201524112,18.96710328153171,38.30844583059302,0.005392143646701844,0.09706038374855852,0.2300000000000182,0.10990000000003874,0.01999999999998181,1.0,13122.0,13122.0,2022-01-10,2022-01-10 12:20:00,5.149219529291232,358.0,1.0,best_within_2.0d,13479.0,390.03,0.6558660508083165,4.329999999999984,9.0,0.01172456743657086,2.8399,12.0,0.007600631624023124,0.4929364202292669,5.6011759621451125,36.843533123028394,0.015614239272951093,2.82998018927445,22.52492113564669,0.007835530045022196,1.8630914826498424,0.00402220134195386,1.9444468750000041,16.553125,0.005470102952261012,0.0,0
13122.0,2022-01-10 12:25:00,370.9199,371.325,370.725,370.89,553187.0,2,2,1.0,buy,False,0.6732101616628117,4.163492493946733,28.239017640954685,0.011578080659927173,-0.13443223457533138,-0.2678751964214768,-0.33509131370914247,-0.0009010882875588502,41.13046160258074,12.096939668788552,22.384161268801464,-8.477503531237268,553187.0,2.9149999999999636,1.0,4.329999999999984,9.0,0.01172456743657086,2.9149999999999636,13.0,0.007801627234771341,2.0,2.0,-0.13443223457533138,-0.33509131370914247,-0.2678751964214768,41.13046160258074,12.096939668788552,22.384161268801464,-8.477503531237268,15.329915234586187,20.00961877034398,36.517993992702536,-0.008061039593723016,0.1618450333805289,0.40510000000000446,0.16499999999996362,0.029899999999997817,0.0,13123.0,13123.0,2022-01-10,2022-01-10 12:25:00,5.160559734692223,357.0,1.0,best_within_2.0d,13479.0,390.03,0.6732101616628117,4.329999999999984,9.0,0.01172456743657086,2.9149999999999636,13.0,0.007801627234771341,0.4929364202292669,5.6011759621451125,36.843533123028394,0.015614239272951093,2.82998018927445,22.52492113564669,0.007835530045022196,1.8630914826498424,0.00402220134195386,1.9444468750000041,16.553125,0.005470102952261012,0.0,0
13123.0,2022-01-10 12:30:00,370.89,371.09,370.57,370.81,566642.0,2,2,1.0,buy,False,0.7090069284064675,4.163492493946733,28.239017640954685,0.011578080659927173,-0.16086687412770528,-0.28798355568743994,-0.3684169927512926,-0.0009909138133755361,40.56359960446291,11.316658966184388,18.69499383459577,-3.4400107706383807,566642.0,3.069999999999993,1.0,4.329999999999984,9.0,0.01172456743657086,3.069999999999993,14.0,0.008216465046568871,2.0,2.0,-0.16086687412770528,-0.3684169927512926,-0.28798355568743994,40.56359960446291,11.316658966184388,18.69499383459577,-3.4400107706383807,12.25846109987603,22.137390978985206,35.96108603625982,-0.02156973765806144,0.14032436516716998,0.19999999999998863,0.2400000000000091,0.07999999999998408,0.0,13124.0,13124.0,2022-01-10,2022-01-10 12:30:00,5.183247485235018,356.0,1.0,best_within_2.0d,13479.0,390.03,0.7090069284064675,4.329999999999984,9.0,0.01172456743657086,3.069999999999993,14.0,0.008216465046568871,0.4929364202292669,5.6011759621451125,36.843533123028394,0.015614239272951093,2.82998018927445,22.52492113564669,0.007835530045022196,1.8630914826498424,0.00402220134195386,1.9444468750000041,16.553125,0.005470102952261012,1.0,0
13132.0,2022-01-10 13:15:00,373.3,373.78,373.02,373.76,569174.0,1p,1p,0.0,sell,False,0.5511861551278452,3.2099999999999795,10.0,0.00866233100358901,0.5702301781665619,-0.03332902088046236,0.25178606820281857,0.0006765889529352008,64.3035927298212,83.37402189221947,67.86659056378947,114.38888454907948,569174.0,3.2099999999999795,0.0,3.2099999999999795,10.0,0.00866233100358901,3.2099999999999795,0.0,0.0,1.0,1.0,0.5702301781665619,0.25178606820281857,-0.03332902088046236,64.3035927298212,83.37402189221947,67.86659056378947,114.38888454907948,27.85078677935811,4.852092352093009,35.7481728339052,0.12322528797213488,0.20374242667953218,0.01999999999998181,0.28000000000002956,0.45999999999997954,1.0,13133.0,13133.0,2022-01-10,2022-01-10 13:15:00,-1.3083261986301333,140.0,1.0,best_within_2.0d,13272.0,378.65,0.5832424107187206,4.3760036431226785,32.22527881040892,0.012230020343504162,2.285057100371749,15.890706319702602,0.006381710269403211,0.4929364202292669,5.6011759621451125,36.843533123028394,0.015614239272951093,2.82998018927445,22.52492113564669,0.007835530045022196,1.8630914826498424,0.00402220134195386,1.9444468750000041,16.553125,0.005470102952261012,0.0,1
13133.0,2022-01-10 13:20:00,373.75,374.39,373.4399,374.3095,698919.0,1p,1p,0.0,sell,False,0.648651187957259,3.819999999999993,11.0,0.010308443748819368,0.6710627236110958,0.05055381957092462,0.3860851813764725,0.001037024145474369,67.46976007345775,88.19854578910913,74.64390897222935,115.3078194228687,698919.0,3.819999999999993,0.0,3.819999999999993,11.0,0.010308443748819368,3.819999999999993,0.0,0.0,1.0,1.0,0.6710627236110958,0.3860851813764725,0.05055381957092462,67.46976007345775,88.19854578910913,74.64390897222935,115.3078194228687,32.55069370330833,4.823052294557764,38.494028955883174,0.14969899665552217,0.2544184485910486,0.08049999999997226,0.31009999999997717,0.5595000000000141,1.0,13134.0,13134.0,2022-01-10,2022-01-10 13:20:00,-1.1596018802621795,139.0,1.0,best_within_2.0d,13272.0,378.65,0.5832424107187206,4.3760036431226785,32.22527881040892,0.012230020343504162,2.285057100371749,15.890706319702602,0.006381710269403211,0.4929364202292669,5.6011759621451125,36.843533123028394,0.015614239272951093,2.82998018927445,22.52492113564669,0.007835530045022196,1.8630914826498424,0.00402220134195386,1.9444468750000041,16.553125,0.005470102952261012,0.0,1
13134.0,2022-01-10 13:25:00,374.29,374.64,374.15,374.4,442646.0,1p,1p,0.0,sell,False,0.6860112484597547,4.069999999999993,12.0,0.010983080119815402,0.7097136108992759,0.1392680209333341,0.49412482638297206,0.0013266644180207326,67.9735891114409,89.84010024909082,79.70930606451651,110.10168861823945,442646.0,4.069999999999993,0.0,4.069999999999993,12.0,0.010983080119815402,4.069999999999993,0.0,0.0,1.0,1.0,0.7097136108992759,0.49412482638297206,0.1392680209333341,67.9735891114409,89.84010024909082,79.70930606451651,110.10168861823945,35.690753349439774,2.8543817263348927,41.829413032344746,0.029388976462090037,0.1309635173058958,0.2400000000000091,0.1400000000000432,0.1099999999999568,1.0,13135.0,13135.0,2022-01-10,2022-01-10 13:25:00,-1.1351495726495728,138.0,1.0,best_within_2.0d,13272.0,378.65,0.5832424107187206,4.3760036431226785,32.22527881040892,0.012230020343504162,2.285057100371749,15.890706319702602,0.006381710269403211,0.4929364202292669,5.6011759621451125,36.843533123028394,0.015614239272951093,2.82998018927445,22.52492113564669,0.007835530045022196,1.8630914826498424,0.00402220134195386,1.9444468750000041,16.553125,0.005470102952261012,0.0,1
13135.0,2022-01-10 13:30:00,374.4,374.86,373.95,374.22,647514.0,1p,1p,0.0,sell,False,0.6860112484597547,4.2900000000000205,13.0,0.011576760126291984,0.671221159129724,0.22317066582454964,0.5587812453894117,0.001499732971122835,65.79100466757004,87.2843008160143,82.23430431501576,97.38429381801134,647514.0,4.2900000000000205,0.0,4.2900000000000205,13.0,0.011576760126291984,4.2900000000000205,0.0,0.0,1.0,1.0,0.671221159129724,0.5587812453894117,0.22317066582454964,65.79100466757004,87.2843008160143,82.23430431501576,97.38429381801134,35.88907698238451,2.1370028325767354,45.18162142849942,-0.048076923076909715,0.24334804118198292,0.4600000000000364,0.27000000000003865,0.17999999999994998,0.0,13136.0,13136.0,2022-01-10,2022-01-10 13:30:00,-1.1837956282400592,137.0,1.0,best_within_2.0d,13272.0,378.65,0.5832424107187206,4.3760036431226785,32.22527881040892,0.012230020343504162,2.285057100371749,15.890706319702602,0.006381710269403211,0.4929364202292669,5.6011759621451125,36.843533123028394,0.015614239272951093,2.82998018927445,22.52492113564669,0.007835530045022196,1.8630914826498424,0.00402220134195386,1.9444468750000041,16.553125,0.005470102952261012,0.0,1
13138.0,2022-01-10 13:45:00,374.98,375.3,374.515,375.14,532485.0,1p,1p,0.0,sell,False,0.6860112484597547,4.730000000000018,16.0,0.012764120139244996,0.6164470057393057,0.4514204176764155,0.7596439205460683,0.0020363833399288647,70.5110090185575,89.6810934052803,85.79676988096809,97.4497404539047,532485.0,4.730000000000018,0.0,4.730000000000018,16.0,0.012764120139244996,4.730000000000018,0.0,0.0,1.0,1.0,0.6164470057393057,0.7596439205460683,0.4514204176764155,70.5110090185575,89.6810934052803,85.79676988096809,97.4497404539047,37.45769948448673,0.7906638413613754,54.8197348912685,0.04266894234358316,0.20960442171876295,0.160000000000025,0.46500000000003183,0.15999999999996817,1.0,13139.0,13139.0,2022-01-10,2022-01-10 13:45:00,-0.9356506904089117,134.0,1.0,best_within_2.0d,13272.0,378.65,0.5832424107187206,4.3760036431226785,32.22527881040892,0.012230020343504162,2.285057100371749,15.890706319702602,0.006381710269403211,0.4929364202292669,5.6011759621451125,36.843533123028394,0.015614239272951093,2.82998018927445,22.52492113564669,0.007835530045022196,1.8630914826498424,0.00402220134195386,1.9444468750000041,16.553125,0.005470102952261012,0.0,1
13139.0,2022-01-10 13:50:00,375.15,376.06,375.09,375.8,933021.0,1p,1p,0.0,sell,False,0.6860112484597547,5.490000000000009,17.0,0.014815014707072912,0.658975884457552,0.5337924032336094,0.8632803454623854,0.002312932768742395,73.83921421467538,90.66558257235883,87.419707444765,97.15733282754647,933021.0,5.490000000000009,0.0,5.490000000000009,17.0,0.014815014707072912,5.490000000000009,0.0,0.0,1.0,1.0,0.658975884457552,0.8632803454623854,0.5337924032336094,73.83921421467538,90.66558257235883,87.419707444765,97.15733282754647,39.93937737183981,0.8040136360714375,57.76498816406422,0.17326402772225355,0.25860460156229903,0.2599999999999909,0.060000000000002274,0.6500000000000341,1.0,13140.0,13140.0,2022-01-10,2022-01-10 13:50:00,-0.758382118147942,133.0,1.0,best_within_2.0d,13272.0,378.65,0.5832424107187206,4.3760036431226785,32.22527881040892,0.012230020343504162,2.285057100371749,15.890706319702602,0.006381710269403211,0.4929364202292669,5.6011759621451125,36.843533123028394,0.015614239272951093,2.82998018927445,22.52492113564669,0.007835530045022196,1.8630914826498424,0.00402220134195386,1.9444468750000041,16.553125,0.005470102952261012,0.0,1
13141.0,2022-01-10 14:00:00,375.58,376.62,375.43,376.61,676827.0,1p,1p,0.0,sell,False,0.6860112484597547,6.050000000000011,19.0,0.016326200178104034,0.6728150387325271,0.6945536353215523,1.030961154687816,0.002759158210091273,75.7290007157795,92.23777959557935,89.2688847636447,98.17556925944865,676827.0,6.050000000000011,0.0,6.050000000000011,19.0,0.016326200178104034,6.050000000000011,0.0,0.0,1.0,1.0,0.6728150387325271,1.030961154687816,0.6945536353215523,75.7290007157795,92.23777959557935,89.2688847636447,98.17556925944865,35.55859953823323,0.8615045315140238,62.974846270666305,0.2742425049257228,0.3169698745438558,0.009999999999990905,0.14999999999997726,1.0300000000000296,1.0,13142.0,13142.0,2022-01-10,2022-01-10 14:00:00,-0.5416744111945948,131.0,1.0,best_within_2.0d,13272.0,378.65,0.5832424107187206,4.3760036431226785,32.22527881040892,0.012230020343504162,2.285057100371749,15.890706319702602,0.006381710269403211,0.4929364202292669,5.6011759621451125,36.843533123028394,0.015614239272951093,2.82998018927445,22.52492113564669,0.007835530045022196,1.8630914826498424,0.00402220134195386,1.9444468750000041,16.553125,0.005470102952261012,0.0,1
13142.0,2022-01-10 14:05:00,376.62,377.05,376.26,376.9001,588762.0,1p,1p,0.0,sell,False,0.6860112484597547,6.480000000000018,20.0,0.017486574736217227,0.6992264022332881,0.7819569356007133,1.1315701367173574,0.0030264680964350167,76.87981110966359,93.21854116661345,90.58543689796761,98.4847497039051,588762.0,6.480000000000018,0.0,6.480000000000018,20.0,0.017486574736217227,6.480000000000018,0.0,0.0,1.0,1.0,0.6992264022332881,1.1315701367173574,0.7819569356007133,76.87981110966359,93.21854116661345,90.58543689796761,98.4847497039051,38.89448351198162,0.8534170819964987,65.31277516406968,0.07437204609420754,0.20996119704460225,0.14990000000000236,0.36000000000001364,0.28010000000000446,1.0,13143.0,13143.0,2022-01-10,2022-01-10 14:05:00,-0.46428748625961314,130.0,1.0,best_within_2.0d,13272.0,378.65,0.5832424107187206,4.3760036431226785,32.22527881040892,0.012230020343504162,2.285057100371749,15.890706319702602,0.006381710269403211,0.4929364202292669,5.6011759621451125,36.843533123028394,0.015614239272951093,2.82998018927445,22.52492113564669,0.007835530045022196,1.8630914826498424,0.00402220134195386,1.9444468750000041,16.553125,0.005470102952261012,0.0,1
13144.0,2022-01-10 14:15:00,376.542,377.23,376.45,376.98,649160.0,1p,1p,0.0,sell,False,0.6860112484597547,6.660000000000025,22.0,0.017972312923334392,0.5758803601007514,0.9311457544612921,1.2190859345116678,0.003256966060187338,74.2407649462647,90.73747751260129,90.48504409577855,91.24234434624677,649160.0,6.660000000000025,0.0,6.660000000000025,22.0,0.017972312923334392,6.660000000000025,0.0,0.0,1.0,1.0,0.5758803601007514,1.2190859345116678,0.9311457544612921,74.2407649462647,90.73747751260129,90.48504409577855,91.24234434624677,41.08433839253976,0.0,70.09111736085599,0.11632168523034485,0.20719883118608834,0.25,0.09199999999998454,0.438000000000045,1.0,13145.0,13145.0,2022-01-10,2022-01-10 14:15:00,-0.4429943233062653,128.0,1.0,best_within_2.0d,13272.0,378.65,0.5832424107187206,4.3760036431226785,32.22527881040892,0.012230020343504162,2.285057100371749,15.890706319702602,0.006381710269403211,0.4929364202292669,5.6011759621451125,36.843533123028394,0.015614239272951093,2.82998018927445,22.52492113564669,0.007835530045022196,1.8630914826498424,0.00402220134195386,1.9444468750000041,16.553125,0.005470102952261012,0.0,1
13145.0,2022-01-10 14:20:00,376.975,377.301,376.77,376.84,456231.0,1p,1p,0.0,sell,False,0.6860112484597547,6.7309999999999945,23.0,0.018163909652697183,0.4846766729078673,0.9917303385747754,1.234068675028709,0.0032953388950680913,72.44118730808658,89.2529330397406,90.07434041043257,87.61011829835667,456231.0,6.7309999999999945,0.0,6.7309999999999945,23.0,0.018163909652697183,6.7309999999999945,0.0,0.0,1.0,1.0,0.4846766729078673,1.234068675028709,0.9917303385747754,72.44118730808658,89.2529330397406,90.07434041043257,87.61011829835667,39.678031146211914,0.0,72.22746612079484,-0.035811393328482724,0.14093478780157814,0.325999999999965,0.06999999999999318,0.13500000000004775,0.0,13146.0,13146.0,2022-01-10,2022-01-10 14:20:00,-0.48030994586562,127.0,1.0,best_within_2.0d,13272.0,378.65,0.5832424107187206,4.3760036431226785,32.22527881040892,0.012230020343504162,2.285057100371749,15.890706319702602,0.006381710269403211,0.4929364202292669,5.6011759621451125,36.843533123028394,0.015614239272951093,2.82998018927445,22.52492113564669,0.007835530045022196,1.8630914826498424,0.00402220134195386,1.9444468750000041,16.553125,0.005470102952261012,0.0,1
13146.0,2022-01-10 14:25:00,376.82,377.32,376.67,377.13,403469.0,1p,1p,0.0,sell,False,0.6860112484597547,6.75,24.0,0.018215182016892897,0.4210358292304486,1.0443598172285813,1.2548777318438056,0.003349155943365617,73.85493689145012,90.5774158470523,90.24203222263914,91.2481830958786,403469.0,6.75,0.0,6.75,24.0,0.018215182016892897,6.75,0.0,0.0,1.0,1.0,0.4210358292304486,1.2548777318438056,1.0443598172285813,73.85493689145012,90.5774158470523,90.24203222263914,91.2481830958786,36.473666699637135,0.8992077979297073,73.8674979718119,0.08226739557348398,0.17256484455889168,0.18999999999999773,0.14999999999997726,0.3100000000000023,1.0,13147.0,13147.0,2022-01-10,2022-01-10 14:25:00,-0.40304404316813347,126.0,1.0,best_within_2.0d,13272.0,378.65,0.5832424107187206,4.3760036431226785,32.22527881040892,0.012230020343504162,2.285057100371749,15.890706319702602,0.006381710269403211,0.4929364202292669,5.6011759621451125,36.843533123028394,0.015614239272951093,2.82998018927445,22.52492113564669,0.007835530045022196,1.8630914826498424,0.00402220134195386,1.9444468750000041,16.553125,0.005470102952261012,0.0,1
13147.0,2022-01-10 14:30:00,377.1103,377.715,376.93,377.706,568151.0,1p,1p,0.0,sell,False,0.6860112484597547,7.144999999999982,25.0,0.01928110748306658,0.4135510779563907,1.0960537019731302,1.3028292409513256,0.0034750586036358167,76.44013566438801,93.60399151708302,91.3626853207871,98.08660390967484,568151.0,7.144999999999982,0.0,7.144999999999982,25.0,0.01928110748306658,7.144999999999982,0.0,0.0,1.0,1.0,0.4135510779563907,1.3028292409513256,1.0960537019731302,76.44013566438801,93.60399151708302,91.3626853207871,98.08660390967484,35.06088099454092,0.9127585388558093,75.37163407599883,0.15796439397174306,0.20826148091156663,0.008999999999957708,0.18029999999998836,0.5957000000000221,1.0,13148.0,13148.0,2022-01-10,2022-01-10 14:30:00,-0.2499298396106919,125.0,1.0,best_within_2.0d,13272.0,378.65,0.5832424107187206,4.3760036431226785,32.22527881040892,0.012230020343504162,2.285057100371749,15.890706319702602,0.006381710269403211,0.4929364202292669,5.6011759621451125,36.843533123028394,0.015614239272951093,2.82998018927445,22.52492113564669,0.007835530045022196,1.8630914826498424,0.00402220134195386,1.9444468750000041,16.553125,0.005470102952261012,0.0,1
13148.0,2022-01-10 14:35:00,377.69,377.98,377.36,377.42,792252.0,1p,1p,0.0,sell,False,0.6860112484597547,7.410000000000025,26.0,0.01999622203632249,0.33069202152535615,1.1373902046637998,1.3027362154264779,0.003473087106540165,72.60149009909436,89.11660900193236,90.61399321450217,86.12184057679272,792252.0,7.410000000000025,0.0,7.410000000000025,26.0,0.01999622203632249,7.410000000000025,0.0,0.0,1.0,1.0,0.33069202152535615,1.3027362154264779,1.1373902046637998,72.60149009909436,89.11660900193236,90.61399321450217,86.12184057679272,34.78504032185282,0.9020548810186438,76.76970620272469,-0.07148719849611634,0.16429934280262998,0.29000000000002046,0.060000000000002274,0.2699999999999818,0.0,13149.0,13149.0,2022-01-10,2022-01-10 14:35:00,-0.3258968788087439,124.0,1.0,best_within_2.0d,13272.0,378.65,0.5832424107187206,4.3760036431226785,32.22527881040892,0.012230020343504162,2.285057100371749,15.890706319702602,0.006381710269403211,0.4929364202292669,5.6011759621451125,36.843533123028394,0.015614239272951093,2.82998018927445,22.52492113564669,0.007835530045022196,1.8630914826498424,0.00402220134195386,1.9444468750000041,16.553125,0.005470102952261012,0.0,1
13149.0,2022-01-10 14:40:00,377.44,378.02,376.89,376.95,682868.0,1p,1p,0.0,sell,False,0.6860112484597547,7.449999999999989,27.0,0.020104163855681756,0.18069480522690728,1.1599770553171633,1.250324457930617,0.0033321367518930095,66.67577026065851,78.97349223037442,86.73382621979292,63.452824251537436,682868.0,7.449999999999989,0.0,7.449999999999989,27.0,0.020104163855681756,7.449999999999989,0.0,0.0,1.0,1.0,0.18069480522690728,1.250324457930617,1.1599770553171633,66.67577026065851,78.97349223037442,86.73382621979292,63.452824251537436,32.16225300288299,5.041660032903365,76.49309517563712,-0.1298219584569757,0.2998222292976718,0.5799999999999841,0.060000000000002274,0.4900000000000091,0.0,13150.0,13150.0,2022-01-10,2022-01-10 14:40:00,-0.4509881947207823,123.0,1.0,best_within_2.0d,13272.0,378.65,0.5832424107187206,4.3760036431226785,32.22527881040892,0.012230020343504162,2.285057100371749,15.890706319702602,0.006381710269403211,0.4929364202292669,5.6011759621451125,36.843533123028394,0.015614239272951093,2.82998018927445,22.52492113564669,0.007835530045022196,1.8630914826498424,0.00402220134195386,1.9444468750000041,16.553125,0.005470102952261012,1.0,1
13161.0,2022-01-10 15:40:00,377.91,378.7802,377.81,378.2,999455.0,1p,1p,0.0,sell,False,1.409018854564474e-07,3.2901999999999703,8.0,0.008762417108311726,-0.012056635148611106,0.8177187351209344,0.8116904175466289,0.0021566268246461834,67.58101110307229,78.31846147522748,67.54666320867426,99.86205800833392,999455.0,3.2901999999999703,0.0,3.2901999999999703,8.0,0.008762417108311726,3.2901999999999703,0.0,0.0,1.0,1.0,-0.012056635148611106,0.8116904175466289,0.8177187351209344,67.58101110307229,78.31846147522748,67.54666320867426,99.86205800833392,22.425212453794042,17.935292100148747,41.19019447753069,0.07673784763567082,0.25679574389242665,0.5801999999999907,0.10000000000002274,0.2899999999999636,1.0,13162.0,13162.0,2022-01-10,2022-01-10 15:40:00,-0.1189846641988336,111.0,1.0,best_within_2.0d,13272.0,378.65,0.5832424107187206,4.3760036431226785,32.22527881040892,0.012230020343504162,2.285057100371749,15.890706319702602,0.006381710269403211,0.4929364202292669,5.6011759621451125,36.843533123028394,0.015614239272951093,2.82998018927445,22.52492113564669,0.007835530045022196,1.8630914826498424,0.00402220134195386,1.9444468750000041,16.553125,0.005470102952261012,0.0,1
13162.0,2022-01-10 15:45:00,378.19,379.09,378.09,378.85,1386149.0,1p,1p,0.0,sell,False,0.15082623929281594,3.599999999999966,9.0,0.009587472369437178,0.10704344998948656,0.8310991663696203,0.8846208913643636,0.0023492534966000752,71.08548271770448,83.32341876126318,72.8055817262039,104.35909283138176,1386149.0,3.599999999999966,0.0,3.599999999999966,9.0,0.009587472369437178,3.599999999999966,0.0,0.0,1.0,1.0,0.10704344998948656,0.8846208913643636,0.8310991663696203,71.08548271770448,83.32341876126318,72.8055817262039,104.35909283138176,22.125847190844787,17.430465538313523,39.09590341886412,0.17451545519448558,0.26448729138564897,0.23999999999995225,0.10000000000002274,0.660000000000025,1.0,13163.0,13163.0,2022-01-10,2022-01-10 15:45:00,0.052791342219887946,110.0,1.0,best_within_2.0d,13272.0,378.65,0.5832424107187206,4.3760036431226785,32.22527881040892,0.012230020343504162,2.285057100371749,15.890706319702602,0.006381710269403211,0.4929364202292669,5.6011759621451125,36.843533123028394,0.015614239272951093,2.82998018927445,22.52492113564669,0.007835530045022196,1.8630914826498424,0.00402220134195386,1.9444468750000041,16.553125,0.005470102952261012,0.0,1
13163.0,2022-01-10 15:50:00,378.86,379.54,378.54,379.3,1464636.0,1p,1p,0.0,sell,False,0.30767847744983046,4.050000000000011,10.0,0.010785906415616957,0.21836363399475833,0.8583946206189651,0.9675764376163443,0.002568168076555416,73.24203505237256,86.83624336854879,77.48246894031885,105.54379222500864,1464636.0,4.050000000000011,0.0,4.050000000000011,10.0,0.010785906415616957,4.050000000000011,0.0,0.0,1.0,1.0,0.21836363399475833,0.9675764376163443,0.8583946206189651,73.24203505237256,86.83624336854879,77.48246894031885,105.54379222500864,25.70659287236861,14.084738790621062,38.3895531464657,0.11613788734624866,0.2641728747292228,0.2400000000000091,0.3199999999999932,0.4399999999999977,1.0,13164.0,13164.0,2022-01-10,2022-01-10 15:50:00,0.1713683100448284,109.0,1.0,best_within_2.0d,13272.0,378.65,0.5832424107187206,4.3760036431226785,32.22527881040892,0.012230020343504162,2.285057100371749,15.890706319702602,0.006381710269403211,0.4929364202292669,5.6011759621451125,36.843533123028394,0.015614239272951093,2.82998018927445,22.52492113564669,0.007835530045022196,1.8630914826498424,0.00402220134195386,1.9444468750000041,16.553125,0.005470102952261012,0.0,1
13164.0,2022-01-10 15:55:00,379.32,380.64,379.28,380.34,3221194.0,1p,1p,0.0,sell,False,0.5548421582720274,5.149999999999977,11.0,0.01371541186183381,0.39377908711060394,0.9076170065077906,1.1045065500630926,0.002929548288939868,77.43144872871403,89.22815426166719,81.39769738076829,104.88906802346494,3221194.0,5.149999999999977,0.0,5.149999999999977,11.0,0.01371541186183381,5.149999999999977,0.0,0.0,1.0,1.0,0.39377908711060394,1.1045065500630926,0.9076170065077906,77.43144872871403,89.22815426166719,81.39769738076829,104.88906802346494,31.74906406353876,13.177985374899318,38.600018967307946,0.2689022461246393,0.3585741404766963,0.30000000000001137,0.040000000000020464,1.0199999999999818,1.0,13165.0,13165.0,2022-01-10,2022-01-10 15:55:00,0.4443392753851811,108.0,1.0,best_within_2.0d,13272.0,378.65,0.5832424107187206,4.3760036431226785,32.22527881040892,0.012230020343504162,2.285057100371749,15.890706319702602,0.006381710269403211,0.4929364202292669,5.6011759621451125,36.843533123028394,0.015614239272951093,2.82998018927445,22.52492113564669,0.007835530045022196,1.8630914826498424,0.00402220134195386,1.9444468750000041,16.553125,0.005470102952261012,1.0,1
13169.0,2022-01-10 16:20:00,380.37,380.64,379.86,380.57,76934.0,1p,1p,0.0,sell,False,0.6248014802817363,5.149999999999977,16.0,0.01371541186183381,0.3081733569742715,1.1512192169729016,1.3053058954600374,0.0034524695627705707,77.02644416645003,92.63909235419936,89.61427273312913,98.68873159633984,76934.0,5.149999999999977,0.0,5.149999999999977,16.0,0.01371541186183381,5.149999999999977,0.0,0.0,1.0,1.0,0.3081733569742715,1.3053058954600374,1.1512192169729016,77.02644416645003,92.63909235419936,89.61427273312913,98.68873159633984,39.44699694008648,2.7733353054824663,49.93239662371004,0.052580382259376036,0.2053388090349004,0.06999999999999318,0.5099999999999909,0.19999999999998863,1.0,13170.0,13170.0,2022-01-10,2022-01-10 16:20:00,0.5045063982972952,103.0,1.0,best_within_2.0d,13272.0,378.65,0.5832424107187206,4.3760036431226785,32.22527881040892,0.012230020343504162,2.285057100371749,15.890706319702602,0.006381710269403211,0.4929364202292669,5.6011759621451125,36.843533123028394,0.015614239272951093,2.82998018927445,22.52492113564669,0.007835530045022196,1.8630914826498424,0.00402220134195386,1.9444468750000041,16.553125,0.005470102952261012,0.0,1
13170.0,2022-01-10 16:25:00,380.57,380.66,380.54,380.65,27735.0,1p,1p,0.0,sell,False,0.6248014802817363,5.170000000000016,17.0,0.013768675597219676,0.2533957771974933,1.1828936891225883,1.309591577721335,0.0034620610168100536,77.40663761616895,94.96302655001037,91.39719067208954,102.09469830585206,27735.0,5.170000000000016,0.0,5.170000000000016,17.0,0.013768675597219676,5.170000000000016,0.0,0.0,1.0,1.0,0.2533957771974933,1.309591577721335,1.1828936891225883,77.40663761616895,94.96302655001037,91.39719067208954,102.09469830585206,39.956642791864155,3.1880300099886862,52.45305935607713,0.021021099929049606,0.031534135701898496,0.010000000000047748,0.029999999999972715,0.07999999999998408,1.0,13171.0,13171.0,2022-01-10,2022-01-10 16:25:00,0.5254170497832655,102.0,1.0,best_within_2.0d,13272.0,378.65,0.5832424107187206,4.3760036431226785,32.22527881040892,0.012230020343504162,2.285057100371749,15.890706319702602,0.006381710269403211,0.4929364202292669,5.6011759621451125,36.843533123028394,0.015614239272951093,2.82998018927445,22.52492113564669,0.007835530045022196,1.8630914826498424,0.00402220134195386,1.9444468750000041,16.553125,0.005470102952261012,0.0,1
13172.0,2022-01-10 16:35:00,380.61,380.75,380.61,380.74,18264.0,1p,1p,0.0,sell,False,0.6248014802817363,5.259999999999991,19.0,0.014008362406455541,0.11703773843221565,1.219751984893343,1.2782708541094507,0.003376200772139742,77.3077054150156,96.90565694611354,94.18921960820913,102.33853162192236,18264.0,5.259999999999991,0.0,5.259999999999991,19.0,0.014008362406455541,5.259999999999991,0.0,0.0,1.0,1.0,0.11703773843221565,1.2782708541094507,1.219751984893343,77.3077054150156,96.90565694611354,94.18921960820913,102.33853162192236,41.05785746217826,4.235194466012137,56.50798154765045,0.034155697433066776,0.036783058774069614,0.009999999999990905,0.0,0.12999999999999545,1.0,13173.0,13173.0,2022-01-10,2022-01-10 16:35:00,0.5489310290487031,100.0,1.0,best_within_2.0d,13272.0,378.65,0.5832424107187206,4.3760036431226785,32.22527881040892,0.012230020343504162,2.285057100371749,15.890706319702602,0.006381710269403211,0.4929364202292669,5.6011759621451125,36.843533123028394,0.015614239272951093,2.82998018927445,22.52492113564669,0.007835530045022196,1.8630914826498424,0.00402220134195386,1.9444468750000041,16.553125,0.005470102952261012,0.0,1
13173.0,2022-01-10 16:40:00,380.74,380.76,380.3,380.66,203448.0,1p,1p,0.0,sell,False,0.6248014802817363,5.269999999999982,20.0,0.014034994274148397,0.040348556845821726,1.2247955544990705,1.2449698329219814,0.003286928406991957,75.80787543212585,94.23340092703982,94.20394671448602,94.29230935214741,203448.0,5.269999999999982,0.0,5.269999999999982,20.0,0.014034994274148397,5.269999999999982,0.0,0.0,1.0,1.0,0.040348556845821726,1.2449698329219814,1.2247955544990705,75.80787543212585,94.23340092703982,94.20394671448602,94.29230935214741,40.07728257747977,8.746507924074713,57.055348793865036,-0.02101171403056786,0.12095713910070457,0.01999999999998181,0.36000000000001364,0.07999999999998408,0.0,13174.0,13174.0,2022-01-10,2022-01-10 16:40:00,0.5280302632270393,99.0,1.0,best_within_2.0d,13272.0,378.65,0.5832424107187206,4.3760036431226785,32.22527881040892,0.012230020343504162,2.285057100371749,15.890706319702602,0.006381710269403211,0.4929364202292669,5.6011759621451125,36.843533123028394,0.015614239272951093,2.82998018927445,22.52492113564669,0.007835530045022196,1.8630914826498424,0.00402220134195386,1.9444468750000041,16.553125,0.005470102952261012,0.0,1
13174.0,2022-01-10 16:45:00,380.68,380.76,380.11,380.58,73387.0,1p,1p,0.0,sell,False,0.6248014802817363,5.269999999999982,21.0,0.014034994274148397,-0.04237715524471275,1.2194984100934814,1.198309832471125,0.003162614941500336,74.25642477750853,89.48893395135946,92.63227579344382,83.20225026719072,73387.0,5.269999999999982,0.0,5.269999999999982,21.0,0.014034994274148397,5.269999999999982,0.0,0.0,1.0,1.0,-0.04237715524471275,1.198309832471125,1.2194984100934814,74.25642477750853,89.48893395135946,92.63227579344382,83.20225026719072,34.64994334800266,11.330399725962053,56.60256190703368,-0.026268782179264143,0.17100313067269401,0.07999999999998408,0.46999999999997044,0.10000000000002274,0.0,13175.0,13175.0,2022-01-10,2022-01-10 16:45:00,0.5071207104945101,98.0,1.0,best_within_2.0d,13272.0,378.65,0.5832424107187206,4.3760036431226785,32.22527881040892,0.012230020343504162,2.285057100371749,15.890706319702602,0.006381710269403211,0.4929364202292669,5.6011759621451125,36.843533123028394,0.015614239272951093,2.82998018927445,22.52492113564669,0.007835530045022196,1.8630914826498424,0.00402220134195386,1.9444468750000041,16.553125,0.005470102952261012,1.0,1
13189.0,2022-01-10 18:00:00,380.7,380.77,380.36,380.58,21820.0,1p,1p,0.0,sell,False,0.6248014802817363,5.279999999999973,36.0,0.014061626141841255,-0.2925254936013393,0.6489902646177763,0.5027275178171067,0.001322849933373199,67.90725429722427,80.31066851463703,83.3820861092757,74.16783332535968,21820.0,5.279999999999973,0.0,5.279999999999973,36.0,0.014061626141841255,5.279999999999973,0.0,0.0,1.0,1.0,-0.2925254936013393,0.5027275178171067,0.6489902646177763,67.90725429722427,80.31066851463703,83.3820861092757,74.16783332535968,13.359722909450145,27.70905492330598,48.52347316500849,-0.03152088258471357,0.1077926175202356,0.06999999999999318,0.21999999999997044,0.12000000000000455,0.0,13190.0,13190.0,2022-01-10,2022-01-10 18:00:00,0.5071207104945101,83.0,1.0,best_within_2.0d,13272.0,378.65,0.5832424107187206,4.3760036431226785,32.22527881040892,0.012230020343504162,2.285057100371749,15.890706319702602,0.006381710269403211,0.4929364202292669,5.6011759621451125,36.843533123028394,0.015614239272951093,2.82998018927445,22.52492113564669,0.007835530045022196,1.8630914826498424,0.00402220134195386,1.9444468750000041,16.553125,0.005470102952261012,0.0,1
13191.0,2022-01-10 18:10:00,380.42,380.78,380.42,380.78,7586.0,1p,1p,0.0,sell,False,0.6248014802817363,5.289999999999964,38.0,0.01408825800953411,-0.2711094173352606,0.5757464142940627,0.4401917056264324,0.0011580578316960437,67.8682268423521,72.73066748798638,74.43470548500234,69.32259149395446,7586.0,5.289999999999964,0.0,5.289999999999964,38.0,0.01408825800953411,5.289999999999964,0.0,0.0,1.0,1.0,-0.2711094173352606,0.4401917056264324,0.5757464142940627,67.8682268423521,72.73066748798638,74.43470548500234,69.32259149395446,28.645833333332423,22.39583333333483,45.36681396079067,0.09463224856736155,0.09463224856736155,0.0,0.0,0.3599999999999568,1.0,13192.0,13192.0,2022-01-10,2022-01-10 18:10:00,0.5593781185986647,81.0,1.0,best_within_2.0d,13272.0,378.65,0.5832424107187206,4.3760036431226785,32.22527881040892,0.012230020343504162,2.285057100371749,15.890706319702602,0.006381710269403211,0.4929364202292669,5.6011759621451125,36.843533123028394,0.015614239272951093,2.82998018927445,22.52492113564669,0.007835530045022196,1.8630914826498424,0.00402220134195386,1.9444468750000041,16.553125,0.005470102952261012,0.0,1
13192.0,2022-01-10 18:15:00,380.83,380.9,380.73,380.9,9576.0,1p,1p,0.0,sell,False,0.6248014802817363,5.409999999999968,39.0,0.0144078404218487,-0.22466876442991301,0.5476628187403236,0.4353284365253671,0.0011450876913035625,69.69048897234543,81.82044499199091,76.89661865399853,91.66809766797567,9576.0,5.409999999999968,0.0,5.409999999999968,39.0,0.0144078404218487,5.409999999999968,0.0,0.0,1.0,1.0,-0.22466876442991301,0.4353284365253671,0.5476628187403236,69.69048897234543,81.82044499199091,76.89661865399853,91.66809766797567,33.8383838383834,21.71717171717311,43.68476880774692,0.018380904865686314,0.04465106505921757,0.0,0.0999999999999659,0.06999999999999318,1.0,13193.0,13193.0,2022-01-10,2022-01-10 18:15:00,0.5907062221055396,80.0,1.0,best_within_2.0d,13272.0,378.65,0.5832424107187206,4.3760036431226785,32.22527881040892,0.012230020343504162,2.285057100371749,15.890706319702602,0.006381710269403211,0.4929364202292669,5.6011759621451125,36.843533123028394,0.015614239272951093,2.82998018927445,22.52492113564669,0.007835530045022196,1.8630914826498424,0.00402220134195386,1.9444468750000041,16.553125,0.005470102952261012,0.0,1
13193.0,2022-01-10 18:20:00,380.92,381.16,380.92,381.12,12607.0,1p,1p,0.0,sell,False,0.6248014802817363,5.670000000000016,40.0,0.01510026898186374,-0.16568925769279774,0.526951661528724,0.4441070326823251,0.0011679628027846285,72.74251389070173,86.34772961151806,80.04698897317171,98.94921088821079,12607.0,5.670000000000016,0.0,5.670000000000016,40.0,0.01510026898186374,5.670000000000016,0.0,0.0,1.0,1.0,-0.16568925769279774,0.4441070326823251,0.526951661528724,72.74251389070173,86.34772961151806,80.04698897317171,98.94921088821079,43.6619718309875,16.901408450702686,43.72057435802447,0.05250446287934176,0.06300535545521609,0.040000000000020464,0.0,0.19999999999998863,1.0,13194.0,13194.0,2022-01-10,2022-01-10 18:20:00,0.6480898404702002,79.0,1.0,best_within_2.0d,13272.0,378.65,0.5832424107187206,4.3760036431226785,32.22527881040892,0.012230020343504162,2.285057100371749,15.890706319702602,0.006381710269403211,0.4929364202292669,5.6011759621451125,36.843533123028394,0.015614239272951093,2.82998018927445,22.52492113564669,0.007835530045022196,1.8630914826498424,0.00402220134195386,1.9444468750000041,16.553125,0.005470102952261012,0.0,1
13194.0,2022-01-10 18:25:00,381.14,381.19,380.93,381.19,5255.0,1p,1p,0.0,sell,False,0.6248014802817363,5.699999999999989,41.0,0.015180164584942311,-0.12071010330550425,0.5118628986155359,0.4515078469627838,0.001187206755241158,73.65163725950966,90.8984864076787,83.66415478467404,105.36714965368802,5255.0,5.699999999999989,0.0,5.699999999999989,41.0,0.015180164584942311,5.699999999999989,0.0,0.0,1.0,1.0,-0.12071010330550425,0.4515078469627838,0.5118628986155359,73.65163725950966,90.8984864076787,83.66415478467404,105.36714965368802,39.73799126637577,15.720524017466003,43.691039519178204,0.013118539119486638,0.06825400992308059,0.0,0.20999999999997954,0.05000000000001137,1.0,13195.0,13195.0,2022-01-10,2022-01-10 18:25:00,0.6663343739342639,78.0,1.0,best_within_2.0d,13272.0,378.65,0.5832424107187206,4.3760036431226785,32.22527881040892,0.012230020343504162,2.285057100371749,15.890706319702602,0.006381710269403211,0.4929364202292669,5.6011759621451125,36.843533123028394,0.015614239272951093,2.82998018927445,22.52492113564669,0.007835530045022196,1.8630914826498424,0.00402220134195386,1.9444468750000041,16.553125,0.005470102952261012,1.0,1
13215.0,2022-01-11 04:10:00,380.8,381.26,380.79,381.22,23781.0,1p,1p,0.0,sell,False,0.04236819448830456,1.099999999999966,8.0,0.0028935185185184286,0.018787340224129256,0.10927465807763434,0.11866832818969897,0.0003117309776999764,61.5243222742525,73.96660025416503,61.530800776667604,98.83819920915988,23781.0,1.099999999999966,0.0,1.099999999999966,8.0,0.0028935185185184286,1.099999999999966,0.0,0.0,1.0,1.0,0.018787340224129256,0.11866832818969897,0.10927465807763434,61.5243222742525,73.96660025416503,61.530800776667604,98.83819920915988,31.494252873563088,32.41379310344865,25.751108219053844,0.11029411764706301,0.12342761101918917,0.03999999999996362,0.009999999999990905,0.4200000000000159,1.0,13216.0,13216.0,2022-01-11,2022-01-11 04:10:00,0.6741514086354466,57.0,1.0,best_within_2.0d,13272.0,378.65,0.5832424107187206,4.3760036431226785,32.22527881040892,0.012230020343504162,2.285057100371749,15.890706319702602,0.006381710269403211,0.4929364202292669,5.6011759621451125,36.843533123028394,0.015614239272951093,2.82998018927445,22.52492113564669,0.007835530045022196,1.8630914826498424,0.00402220134195386,1.9444468750000041,16.553125,0.005470102952261012,0.0,1
13216.0,2022-01-11 04:15:00,381.2,381.71,381.15,381.65,7548.0,1p,1p,0.0,sell,False,0.24853297169035746,1.5499999999999545,9.0,0.00407723063973052,0.11020704451660196,0.12305053864220958,0.17815406090051056,0.00046790589229920535,67.31463301840262,81.3540775887981,68.13855971404443,107.78511333830545,7548.0,1.5499999999999545,0.0,1.5499999999999545,9.0,0.00407723063973052,1.5499999999999545,0.0,0.0,1.0,1.0,0.11020704451660196,0.17815406090051056,0.12305053864220958,67.31463301840262,81.3540775887981,68.13855971404443,107.78511333830545,36.752136752136195,30.128205128205504,24.619182871595083,0.11804826862539052,0.14692378328742026,0.060000000000002274,0.05000000000001137,0.44999999999998863,1.0,13217.0,13217.0,2022-01-11,2022-01-11 04:15:00,0.7860605266605529,56.0,1.0,best_within_2.0d,13272.0,378.65,0.5832424107187206,4.3760036431226785,32.22527881040892,0.012230020343504162,2.285057100371749,15.890706319702602,0.006381710269403211,0.4929364202292669,5.6011759621451125,36.843533123028394,0.015614239272951093,2.82998018927445,22.52492113564669,0.007835530045022196,1.8630914826498424,0.00402220134195386,1.9444468750000041,16.553125,0.005470102952261012,0.0,1
13217.0,2022-01-11 04:20:00,381.67,382.45,381.63,382.41,8741.0,1p,1p,0.0,sell,False,0.5784203613692747,2.2899999999999636,10.0,0.006023779461279365,0.2564891011489316,0.15511167628582603,0.2833562268602918,0.0007439694728555585,74.59254212193264,86.92835941817367,74.40182628208751,111.98142569034599,8741.0,2.2899999999999636,0.0,2.2899999999999636,10.0,0.006023779461279365,2.2899999999999636,0.0,0.0,1.0,1.0,0.2564891011489316,0.2833562268602918,0.15511167628582603,74.59254212193264,86.92835941817367,74.40182628208751,111.98142569034599,46.41509433962258,26.60377358490586,24.798654305462293,0.19388476956533368,0.2148678038938221,0.03999999999996362,0.040000000000020464,0.7400000000000091,1.0,13218.0,13218.0,2022-01-11,2022-01-11 04:20:00,0.9832378860385574,55.0,1.0,best_within_2.0d,13272.0,378.65,0.5832424107187206,4.3760036431226785,32.22527881040892,0.012230020343504162,2.285057100371749,15.890706319702602,0.006381710269403211,0.4929364202292669,5.6011759621451125,36.843533123028394,0.015614239272951093,2.82998018927445,22.52492113564669,0.007835530045022196,1.8630914826498424,0.00402220134195386,1.9444468750000041,16.553125,0.005470102952261012,0.0,1
13219.0,2022-01-11 04:30:00,382.37,382.6,382.27,382.57,5499.0,1p,1p,0.0,sell,False,0.8455818521723402,2.4399999999999977,12.0,0.006418350168350162,0.3749565950585033,0.24267128370695606,0.4301495812362077,0.001128708885186326,75.17775231182125,92.7323941250477,83.93228430750294,110.33261376013726,5499.0,2.4399999999999977,0.0,2.4399999999999977,12.0,0.006418350168350162,2.4399999999999977,0.0,0.0,1.0,1.0,0.3749565950585033,0.4301495812362077,0.24267128370695606,75.17775231182125,92.7323941250477,83.93228430750294,110.33261376013726,56.87103594080259,11.839323467230589,29.201434178784716,0.0523053586839942,0.08632641850002379,0.03000000000002956,0.10000000000002274,0.19999999999998863,1.0,13220.0,13220.0,2022-01-11,2022-01-11 04:30:00,1.0246490838278004,53.0,1.0,best_within_2.0d,13272.0,378.65,0.5832424107187206,4.3760036431226785,32.22527881040892,0.012230020343504162,2.285057100371749,15.890706319702602,0.006381710269403211,0.4929364202292669,5.6011759621451125,36.843533123028394,0.015614239272951093,2.82998018927445,22.52492113564669,0.007835530045022196,1.8630914826498424,0.00402220134195386,1.9444468750000041,16.553125,0.005470102952261012,0.0,1
13220.0,2022-01-11 04:35:00,382.55,382.83,382.55,382.83,14571.0,1p,1p,0.0,sell,False,0.9359913297848963,2.669999999999959,13.0,0.0070233585858584776,0.41504689477287426,0.29455214555356535,0.5020755929400025,0.001316998969811817,77.17526992483786,95.15492941669847,87.67316601056811,110.11845622895919,14571.0,2.669999999999959,0.0,2.669999999999959,13.0,0.0070233585858584776,2.669999999999959,0.0,0.0,1.0,1.0,0.41504689477287426,0.5020755929400025,0.29455214555356535,77.17526992483786,95.15492941669847,87.67316601056811,110.11845622895919,60.83333333333187,11.666666666666824,31.959624019873093,0.07319304666056012,0.07319304666056012,0.0,0.0,0.2799999999999727,1.0,13221.0,13221.0,2022-01-11,2022-01-11 04:35:00,1.0918684533605012,52.0,1.0,best_within_2.0d,13272.0,378.65,0.5832424107187206,4.3760036431226785,32.22527881040892,0.012230020343504162,2.285057100371749,15.890706319702602,0.006381710269403211,0.4929364202292669,5.6011759621451125,36.843533123028394,0.015614239272951093,2.82998018927445,22.52492113564669,0.007835530045022196,1.8630914826498424,0.00402220134195386,1.9444468750000041,16.553125,0.005470102952261012,0.0,1
13222.0,2022-01-11 04:45:00,382.82,383.3,382.8,383.18,5507.0,1p,1p,0.0,sell,False,0.9482176349003678,3.1399999999999864,15.0,0.008259680134680099,0.4204684086387007,0.39698652619433816,0.6072207305136885,0.001591774526915223,77.95677983782706,95.31442123176862,91.90083259107519,102.14159851315549,5507.0,3.1399999999999864,0.0,3.1399999999999864,15.0,0.008259680134680099,3.1399999999999864,0.0,0.0,1.0,1.0,0.4204684086387007,0.6072207305136885,0.39698652619433816,77.95677983782706,95.31442123176862,91.90083259107519,102.14159851315549,62.1153846153836,9.423076923077222,37.54465416803204,0.09403897393031024,0.13061650992685475,0.12000000000000455,0.01999999999998181,0.36000000000001364,1.0,13223.0,13223.0,2022-01-11,2022-01-11 04:45:00,1.1822120152408866,50.0,1.0,best_within_2.0d,13272.0,378.65,0.5832424107187206,4.3760036431226785,32.22527881040892,0.012230020343504162,2.285057100371749,15.890706319702602,0.006381710269403211,0.4929364202292669,5.6011759621451125,36.843533123028394,0.015614239272951093,2.82998018927445,22.52492113564669,0.007835530045022196,1.8630914826498424,0.00402220134195386,1.9444468750000041,16.553125,0.005470102952261012,0.0,1
13226.0,2022-01-11 05:05:00,383.22,383.43,383.2,383.26,2692.0,1p,1p,0.0,sell,False,0.9482176349003678,3.269999999999982,19.0,0.008601641414141365,0.2551337543337524,0.5589108811938189,0.6864777583606951,0.0017974482679868485,75.6905553557601,89.85491927643952,91.53793205105606,86.4888937272064,2692.0,3.269999999999982,0.0,3.269999999999982,19.0,0.008601641414141365,3.269999999999982,0.0,0.0,1.0,1.0,0.2551337543337524,0.6864777583606951,0.5589108811938189,75.6905553557601,89.85491927643952,91.53793205105606,86.4888937272064,52.407407407407334,14.259259259260034,43.49657159358549,0.010437868587224992,0.06002087682672708,0.17000000000001592,0.020000000000038654,0.03999999999996362,1.0,13227.0,13227.0,2022-01-11,2022-01-11 05:05:00,1.2028388039451061,46.0,1.0,best_within_2.0d,13272.0,378.65,0.5832424107187206,4.3760036431226785,32.22527881040892,0.012230020343504162,2.285057100371749,15.890706319702602,0.006381710269403211,0.4929364202292669,5.6011759621451125,36.843533123028394,0.015614239272951093,2.82998018927445,22.52492113564669,0.007835530045022196,1.8630914826498424,0.00402220134195386,1.9444468750000041,16.553125,0.005470102952261012,1.0,1
13272.0,2022-01-11 08:55:00,379.02,379.24,378.04,378.65,1861932.0,1p,1p,1.0,buy,False,1.259829637690184,7.71999999999997,12.0,0.02001244296972203,-0.9509772881450334,-0.6478925811714012,-1.123381225243918,-0.002939033599713693,25.935248693452664,7.469304275400516,12.35118799402927,-2.2944631618569957,1861932.0,7.71999999999997,0.0,7.71999999999997,12.0,0.02001244296972203,7.71999999999997,0.0,0.0,1.0,1.0,-0.9509772881450334,-1.123381225243918,-0.6478925811714012,25.935248693452664,7.469304275400516,12.35118799402927,-2.2944631618569957,5.6897122064171555,44.78994376447244,33.54738613419715,-0.09762017835470543,0.3174267273304382,0.22000000000002728,0.6099999999999568,0.37000000000000455,0.0,13273.0,13273.0,2022-01-11,2022-01-11 08:55:00,3.0054139706853285,207.0,1.0,best_within_2.0d,13479.0,390.03,0.5832424107187206,4.3760036431226785,32.22527881040892,0.012230020343504162,2.285057100371749,15.890706319702602,0.006381710269403211,0.4929364202292669,5.6011759621451125,36.843533123028394,0.015614239272951093,2.82998018927445,22.52492113564669,0.007835530045022196,1.8630914826498424,0.00402220134195386,1.9444468750000041,16.553125,0.005470102952261012,0.0,0
13299.0,2022-01-11 11:10:00,380.885,382.88,380.865,382.73,1656200.0,2,2,0.0,sell,False,0.9114588364081244,4.163492493946733,28.239017640954685,0.011578080659927173,0.7046687761245264,-0.22839847672962593,0.12393591133263726,0.00032607583648433725,66.30103203340886,72.94914564378635,56.611361764703844,105.62471340195137,1656200.0,5.661799999999971,1.0,6.2117999999999824,56.0,0.016200610280885645,5.661799999999971,19.0,0.015009350026059111,2.0,2.0,0.7046687761245264,0.12393591133263726,-0.22839847672962593,66.30103203340886,72.94914564378635,56.611361764703844,105.62471340195137,32.718866694327254,12.980854721118995,38.15067283643928,0.48439817792772816,0.5290588528743745,0.14999999999997726,0.01999999999998181,1.8450000000000273,1.0,13300.0,13300.0,2022-01-11,2022-01-11 11:10:00,1.2959527604316452,354.0,1.0,best_within_2.0d,13653.0,377.77,0.9114588364081244,6.2117999999999824,56.0,0.016200610280885645,5.661799999999971,19.0,0.015009350026059111,0.4929364202292669,5.6011759621451125,36.843533123028394,0.015614239272951093,2.82998018927445,22.52492113564669,0.007835530045022196,1.8630914826498424,0.00402220134195386,1.9444468750000041,16.553125,0.005470102952261012,0.0,1
13300.0,2022-01-11 11:15:00,382.73,383.96,382.5,383.65,1222084.0,1,1,0.0,sell,False,2.2291931507494582,6.741799999999955,20.0,0.017872414427511595,0.9884915137299501,-0.10483703751338216,0.38940871935159294,0.0010238240528213575,69.74346236424098,80.25244314339761,64.49172222426843,111.77388498165598,1222084.0,6.741799999999955,1.0,6.741799999999955,20.0,0.017872414427511595,6.741799999999955,20.0,0.017872414427511595,1.0,1.0,0.9884915137299501,0.38940871935159294,-0.10483703751338216,69.74346236424098,80.25244314339761,64.49172222426843,111.77388498165598,34.84822302862703,12.614480732676641,38.771671933420365,0.24037833459617983,0.3816993464052234,0.3100000000000023,0.2300000000000182,0.9199999999999591,1.0,13301.0,13301.0,2022-01-11,2022-01-11 11:15:00,1.5326469438290098,353.0,1.0,best_within_2.0d,13653.0,377.77,0.5832424107187206,4.3760036431226785,32.22527881040892,0.012230020343504162,2.285057100371749,15.890706319702602,0.006381710269403211,0.4929364202292669,5.6011759621451125,36.843533123028394,0.015614239272951093,2.82998018927445,22.52492113564669,0.007835530045022196,1.8630914826498424,0.00402220134195386,1.9444468750000041,16.553125,0.005470102952261012,0.0,1
13302.0,2022-01-11 11:25:00,383.26,383.9782,383.14,383.87,505674.0,1,1,0.0,sell,False,2.566067690942773,6.759999999999991,22.0,0.017920662364647278,1.1378718507639196,0.17089417915255942,0.7398301045345193,0.0019427867471638435,69.00300749981449,88.08216760960457,76.47275465229441,111.3009935242249,505674.0,6.759999999999991,1.0,6.759999999999991,22.0,0.017920662364647278,6.759999999999991,22.0,0.017920662364647278,1.0,1.0,1.1378718507639196,0.7398301045345193,0.17089417915255942,69.00300749981449,88.08216760960457,76.47275465229441,111.3009935242249,36.142021200057634,10.132380449901637,40.45582232964081,0.15916088295152472,0.21877120634755678,0.10820000000001073,0.12000000000000455,0.6100000000000136,1.0,13303.0,13303.0,2022-01-11,2022-01-11 11:25:00,1.5890796363352235,351.0,1.0,best_within_2.0d,13653.0,377.77,0.5832424107187206,4.3760036431226785,32.22527881040892,0.012230020343504162,2.285057100371749,15.890706319702602,0.006381710269403211,0.4929364202292669,5.6011759621451125,36.843533123028394,0.015614239272951093,2.82998018927445,22.52492113564669,0.007835530045022196,1.8630914826498424,0.00402220134195386,1.9444468750000041,16.553125,0.005470102952261012,0.0,1
13304.0,2022-01-11 11:35:00,383.55,384.77,383.55,384.6681,741724.0,1,1,0.0,sell,False,2.566067690943156,7.551799999999957,24.0,0.020019712728600998,1.120554388778631,0.4455788366607143,1.0058560310500297,0.0026380895715339653,70.5512023135271,92.49359633382261,84.72004357102998,108.04070185940787,741724.0,7.551799999999957,1.0,7.551799999999957,24.0,0.020019712728600998,7.551799999999957,24.0,0.020019712728600998,1.0,1.0,1.120554388778631,1.0058560310500297,0.4455788366607143,70.5512023135271,92.49359633382261,84.72004357102998,108.04070185940787,40.170135661422734,7.471379322516371,43.5133690019422,0.29151349237386776,0.31808108460434636,0.10190000000000055,0.0,1.11809999999997,1.0,13305.0,13305.0,2022-01-11,2022-01-11 11:35:00,1.7932602157548285,349.0,1.0,best_within_2.0d,13653.0,377.77,0.5832424107187206,4.3760036431226785,32.22527881040892,0.012230020343504162,2.285057100371749,15.890706319702602,0.006381710269403211,0.4929364202292669,5.6011759621451125,36.843533123028394,0.015614239272951093,2.82998018927445,22.52492113564669,0.007835530045022196,1.8630914826498424,0.00402220134195386,1.9444468750000041,16.553125,0.005470102952261012,0.0,1
13305.0,2022-01-11 11:40:00,384.67,385.67,384.58,385.23,1033257.0,1,1,0.0,sell,False,2.599629663429305,8.451799999999992,25.0,0.02240559972981153,1.152754242169,0.5896731169318393,1.1660502380163393,0.003055891961947299,72.41619240497536,92.71865176071537,87.38624630092511,103.3834626802959,1033257.0,8.451799999999992,1.0,8.451799999999992,25.0,0.02240559972981153,8.451799999999992,25.0,0.02240559972981153,1.0,1.0,1.152754242169,1.1660502380163393,0.5896731169318393,72.41619240497536,92.71865176071537,87.38624630092511,103.3834626802959,44.102040559105454,8.00342824012791,45.3538349041609,0.14557932773546214,0.2834260751989266,0.4399999999999977,0.09000000000003183,0.5600000000000023,1.0,13306.0,13306.0,2022-01-11,2022-01-11 11:40:00,1.9365054642681088,348.0,1.0,best_within_2.0d,13653.0,377.77,0.5832424107187206,4.3760036431226785,32.22527881040892,0.012230020343504162,2.285057100371749,15.890706319702602,0.006381710269403211,0.4929364202292669,5.6011759621451125,36.843533123028394,0.015614239272951093,2.82998018927445,22.52492113564669,0.007835530045022196,1.8630914826498424,0.00402220134195386,1.9444468750000041,16.553125,0.005470102952261012,0.0,1
13309.0,2022-01-11 12:00:00,385.56,385.79,385.15,385.47,569621.0,1,1,0.0,sell,False,2.5996296634271103,8.571799999999996,29.0,0.022723717996639598,0.7762492235294451,1.0537925596038502,1.4419171713685728,0.003769057391307599,70.74634182115469,91.6041889856478,90.67504474697901,93.46247746298536,569621.0,8.571799999999996,1.0,8.571799999999996,29.0,0.022723717996639598,8.571799999999996,29.0,0.022723717996639598,1.0,1.0,0.7762492235294451,1.4419171713685728,1.0537925596038502,70.74634182115469,91.6041889856478,90.67504474697901,93.46247746298536,50.90178987473573,0.0,57.8065832057934,-0.023342670401487443,0.16616902505518452,0.2300000000000182,0.32000000000005,0.08999999999997499,0.0,13310.0,13310.0,2022-01-11,2022-01-11 12:00:00,1.9975614185280421,344.0,1.0,best_within_2.0d,13653.0,377.77,0.5832424107187206,4.3760036431226785,32.22527881040892,0.012230020343504162,2.285057100371749,15.890706319702602,0.006381710269403211,0.4929364202292669,5.6011759621451125,36.843533123028394,0.015614239272951093,2.82998018927445,22.52492113564669,0.007835530045022196,1.8630914826498424,0.00402220134195386,1.9444468750000041,16.553125,0.005470102952261012,1.0,1
13322.0,2022-01-11 13:05:00,384.025,384.07,383.36,383.816,452099.0,3a,3a,1.0,buy,False,0.00270938552188545,4.163492493946733,28.239017640954685,0.011578080659927173,-0.5167908150802607,0.7944627983353408,0.5360673907952105,0.0013970723217066317,51.45283135932039,30.922369554780367,33.99937757997937,24.76835350438236,452099.0,2.430000000000007,2.0,2.430000000000007,14.0,0.0062987635760387945,2.430000000000007,14.0,0.0062987635760387945,3.0,3.0,-0.5167908150802607,0.5360673907952105,0.7944627983353408,51.45283135932039,30.922369554780367,33.99937757997937,24.76835350438236,6.418123881050733,26.91108083458131,48.75116850520612,-0.054423540134106684,0.18520450751251552,0.045000000000015916,0.45599999999996044,0.20900000000000318,0.0,13323.0,13323.0,2022-01-11,2022-01-11 13:05:00,1.6190049398670192,157.0,1.0,best_within_2.0d,13479.0,390.03,0.5832424107187206,4.3760036431226785,32.22527881040892,0.012230020343504162,2.285057100371749,15.890706319702602,0.006381710269403211,0.4929364202292669,5.6011759621451125,36.843533123028394,0.015614239272951093,2.82998018927445,22.52492113564669,0.007835530045022196,1.8630914826498424,0.00270938552188545,2.430000000000007,14.0,0.0062987635760387945,1.0,0
13323.0,2022-01-11 13:10:00,384.98,385.76,384.79,384.8975,1355858.0,1,1,0.0,sell,False,1.5791151717253207,4.8700000000000045,16.0,0.012785843681902925,0.5872599705757695,-0.15161236456558538,0.1420176207222994,0.0003699149948948958,57.18321687202451,78.82007463457201,74.11325618077377,88.23371154216849,1355858.0,4.8700000000000045,1.0,4.8700000000000045,16.0,0.012785843681902925,4.8700000000000045,16.0,0.012785843681902925,1.0,1.0,0.5872599705757695,0.1420176207222994,-0.15161236456558538,57.18321687202451,78.82007463457201,74.11325618077377,88.23371154216849,33.87297633872939,11.332503113325341,39.53992066604162,-0.02142968465895336,0.2520855531588582,0.7799999999999727,0.10749999999995907,0.08250000000003865,0.0,13324.0,13324.0,2022-01-11,2022-01-11 13:10:00,-0.5161908309608062,330.0,1.0,best_within_2.0d,13653.0,377.77,0.5832424107187206,4.3760036431226785,32.22527881040892,0.012230020343504162,2.285057100371749,15.890706319702602,0.006381710269403211,0.4929364202292669,5.6011759621451125,36.843533123028394,0.015614239272951093,2.82998018927445,22.52492113564669,0.007835530045022196,1.8630914826498424,0.00402220134195386,1.9444468750000041,16.553125,0.005470102952261012,0.0,1
13323.0,2022-01-11 13:10:00,381.96,381.99,381.22,381.31,614493.0,2,2,0.0,sell,False,0.5116580310880834,4.163492493946733,28.239017640954685,0.011578080659927173,0.7097406074955277,-0.7085816486884413,-0.35371134494067746,-0.000928198099601366,51.44520054440488,84.92014113014079,77.69268413183246,99.37505512675745,614493.0,3.9499999999999886,1.0,7.71999999999997,12.0,0.02001244296972203,3.9499999999999886,14.0,0.010448629774626994,2.0,2.0,0.7097406074955277,-0.35371134494067746,-0.7085816486884413,51.44520054440488,84.92014113014079,77.69268413183246,99.37505512675745,21.28977874480375,10.302667886655994,41.03954161200222,-0.17017488742276085,0.20198310686742083,0.03000000000002956,0.08999999999997499,0.6499999999999773,0.0,13324.0,13324.0,2022-01-11,2022-01-11 13:10:00,-0.5161908309608062,330.0,1.0,best_within_2.0d,13653.0,377.77,0.5116580310880834,7.71999999999997,12.0,0.02001244296972203,3.9499999999999886,14.0,0.010448629774626994,0.4929364202292669,5.6011759621451125,36.843533123028394,0.015614239272951093,2.82998018927445,22.52492113564669,0.007835530045022196,1.8630914826498424,0.00402220134195386,1.9444468750000041,16.553125,0.005470102952261012,0.0,1
13323.0,2022-01-11 13:10:00,381.33,381.61,381.0412,381.265,260318.0,2s,2s,0.0,sell,False,0.4624352331606226,4.163492493946733,28.239017640954685,0.011578080659927173,0.24402456344384532,-0.10284197965653227,0.019170302065390388,5.0317141882706396e-05,53.587039384096364,79.71388400708115,70.30717238105382,98.5273072591358,260318.0,1.759999999999991,1.0,7.71999999999997,12.0,0.02001244296972203,1.759999999999991,9.0,0.004633407924180573,1.0,2.5,0.24402456344384532,0.019170302065390388,-0.10284197965653227,53.587039384096364,79.71388400708115,70.30717238105382,98.5273072591358,16.46958458731224,18.246877888101753,26.19114402632172,-0.01704560354548494,0.14927519648794152,0.28000000000002956,0.2237999999999829,0.06499999999999773,0.0,13324.0,13324.0,2022-01-11,2022-01-11 13:10:00,-0.5161908309608062,330.0,1.0,best_within_2.0d,13653.0,377.77,0.5832424107187206,4.3760036431226785,32.22527881040892,0.012230020343504162,2.285057100371749,15.890706319702602,0.006381710269403211,0.4624352331606226,7.71999999999997,12.0,0.02001244296972203,1.759999999999991,9.0,0.004633407924180573,1.0,0.00402220134195386,1.9444468750000041,16.553125,0.005470102952261012,0.0,1
13323.0,2022-01-11 13:10:00,381.52,381.93,381.28,381.42,513597.0,2s,2s,0.0,sell,False,0.5038860103626944,4.163492493946733,28.239017640954685,0.011578080659927173,0.3633275641821735,-0.04072743054107637,0.14093635155001039,0.00037018381734916643,60.23521304915838,85.14069217812249,78.23191364075709,98.9582492528533,513597.0,2.779899999999998,1.0,7.71999999999997,12.0,0.02001244296972203,2.779899999999998,9.0,0.007331924744316295,2.0,2.5,0.3633275641821735,0.14093635155001039,-0.04072743054107637,60.23521304915838,85.14069217812249,78.23191364075709,98.9582492528533,30.871343675233593,18.392889300506734,25.933939977762574,-0.02621094569091159,0.17047838858582517,0.410000000000025,0.1400000000000432,0.0999999999999659,0.0,13324.0,13324.0,2022-01-11,2022-01-11 13:10:00,-0.5161908309608062,330.0,1.0,best_within_2.0d,13653.0,377.77,0.5832424107187206,4.3760036431226785,32.22527881040892,0.012230020343504162,2.285057100371749,15.890706319702602,0.006381710269403211,0.5038860103626944,7.71999999999997,12.0,0.02001244296972203,2.779899999999998,9.0,0.007331924744316295,2.0,0.00402220134195386,1.9444468750000041,16.553125,0.005470102952261012,0.0,1
13323.0,2022-01-11 13:10:00,375.3496,375.83,375.19,375.83,20262.0,3a,3a,0.0,sell,False,0.004633407924180573,4.163492493946733,28.239017640954685,0.011578080659927173,0.15572594503252302,-0.848471743893033,-0.7706087713767715,-0.0020466374914794726,39.7695457744031,14.504880121817408,12.457223979927921,18.60019240559638,20262.0,1.2899999999999636,2.0,1.2899999999999636,8.0,0.003444224915896736,1.2899999999999636,8.0,0.003444224915896736,3.0,3.0,0.15572594503252302,-0.7706087713767715,-0.848471743893033,39.7695457744031,14.504880121817408,12.457223979927921,18.60019240559638,47.02934860415199,20.75876879026482,37.23051277498495,0.12798734832805858,0.17058023934539468,0.0,0.15960000000001173,0.4803999999999746,1.0,13324.0,13324.0,2022-01-11,2022-01-11 13:10:00,-0.5161908309608062,330.0,1.0,best_within_2.0d,13653.0,377.77,0.5832424107187206,4.3760036431226785,32.22527881040892,0.012230020343504162,2.285057100371749,15.890706319702602,0.006381710269403211,0.4929364202292669,5.6011759621451125,36.843533123028394,0.015614239272951093,2.82998018927445,22.52492113564669,0.007835530045022196,1.8630914826498424,0.004633407924180573,1.2899999999999636,8.0,0.003444224915896736,0.0,1
13330.0,2022-01-11 13:45:00,384.93,385.35,384.69,384.85,546940.0,2,2,0.0,sell,False,0.8189300411522649,4.163492493946733,28.239017640954685,0.011578080659927173,-0.16424016368912708,0.5442198619945902,0.4620997801500266,0.0012026825297367235,57.410314132905185,76.84836362030303,73.68190120264052,83.18128845562808,546940.0,1.990000000000009,1.0,2.430000000000007,14.0,0.0062987635760387945,1.990000000000009,9.0,0.005190943238731242,2.0,2.0,-0.16424016368912708,0.4620997801500266,0.5442198619945902,57.410314132905185,76.84836362030303,73.68190120264052,83.18128845562808,23.671063413603548,12.027173482065425,38.84935743796489,-0.020782999506399627,0.17156671605709142,0.4200000000000159,0.160000000000025,0.07999999999998408,0.0,13331.0,13331.0,2022-01-11,2022-01-11 13:45:00,1.8396777965441184,323.0,1.0,best_within_2.0d,13653.0,377.77,0.8189300411522649,2.430000000000007,14.0,0.0062987635760387945,1.990000000000009,9.0,0.005190943238731242,0.4929364202292669,5.6011759621451125,36.843533123028394,0.015614239272951093,2.82998018927445,22.52492113564669,0.007835530045022196,1.8630914826498424,0.00402220134195386,1.9444468750000041,16.553125,0.005470102952261012,1.0,1
13343.0,2022-01-11 14:50:00,384.98,385.76,384.79,384.8975,1355858.0,1p,1p,0.0,sell,False,7.428166858205882,4.8700000000000045,16.0,0.012785843681902925,0.5802079307037369,-0.1405231920077701,0.14958077334409836,0.0003896225201853632,57.46896506686439,78.82007463495192,74.11325618788166,88.23371152909243,1355858.0,4.8700000000000045,0.0,4.8700000000000045,16.0,0.012785843681902925,4.8700000000000045,0.0,0.0,1.0,1.0,0.5802079307037369,0.14958077334409836,-0.1405231920077701,57.46896506686439,78.82007463495192,74.11325618788166,88.23371152909243,33.87297633872939,11.332503113325341,38.78348242884106,-0.02142968465895336,0.2520855531588582,0.7799999999999727,0.10749999999995907,0.08250000000003865,0.0,13344.0,13344.0,2022-01-11,2022-01-11 14:50:00,2.0178965114771183,310.0,1.0,best_within_2.0d,13653.0,377.77,0.5832424107187206,4.3760036431226785,32.22527881040892,0.012230020343504162,2.285057100371749,15.890706319702602,0.006381710269403211,0.4929364202292669,5.6011759621451125,36.843533123028394,0.015614239272951093,2.82998018927445,22.52492113564669,0.007835530045022196,1.8630914826498424,0.00402220134195386,1.9444468750000041,16.553125,0.005470102952261012,0.0,1
13343.0,2022-01-11 14:50:00,385.52,385.62,385.27,385.55,420945.0,2s,2s,0.0,sell,False,0.9300411522633681,4.163492493946733,28.239017640954685,0.011578080659927173,0.014703256890004957,0.3021590195049325,0.309510647949935,0.0008045317915744916,62.435270966427446,79.87259207359239,65.9638623564247,107.69005150792776,420945.0,1.4399999999999977,1.0,2.430000000000007,14.0,0.0062987635760387945,1.4399999999999977,5.0,0.0037482430110885464,1.0,2.5,0.014703256890004957,0.309510647949935,0.3021590195049325,62.435270966427446,79.87259207359239,65.9638623564247,107.69005150792776,20.42557012030988,17.35949003411577,28.071555550788332,0.007781697447610905,0.09084538116126945,0.06999999999999318,0.25,0.03000000000002956,1.0,13344.0,13344.0,2022-01-11,2022-01-11 14:50:00,2.0178965114771183,310.0,1.0,best_within_2.0d,13653.0,377.77,0.5832424107187206,4.3760036431226785,32.22527881040892,0.012230020343504162,2.285057100371749,15.890706319702602,0.006381710269403211,0.9300411522633681,2.430000000000007,14.0,0.0062987635760387945,1.4399999999999977,5.0,0.0037482430110885464,1.0,0.00402220134195386,1.9444468750000041,16.553125,0.005470102952261012,0.0,1
13344.0,2022-01-11 14:55:00,385.522,385.9589,385.275,385.325,536225.0,1,1,0.0,sell,False,0.01275489289229558,1.7789000000000215,6.0,0.004630381591962157,0.014194456198029393,0.3039333265296862,0.3110305546287009,0.000808386710926361,58.65381323451819,74.70360111668705,68.87710860984548,86.3565861303702,536225.0,1.7789000000000215,2.0,1.7789000000000215,6.0,0.004630381591962157,1.7789000000000215,6.0,0.004630381591962157,1.0,1.0,0.014194456198029393,0.3110305546287009,0.3039333265296862,58.65381323451819,74.70360111668705,68.87710860984548,86.3565861303702,21.231007798172836,17.29762774538721,26.795657177744904,-0.05109954814511305,0.17750957108560148,0.4369000000000369,0.05000000000001137,0.19700000000000273,0.0,13345.0,13345.0,2022-01-11,2022-01-11 14:55:00,1.9606825407123873,309.0,1.0,best_within_2.0d,13653.0,377.77,0.5832424107187206,4.3760036431226785,32.22527881040892,0.012230020343504162,2.285057100371749,15.890706319702602,0.006381710269403211,0.4929364202292669,5.6011759621451125,36.843533123028394,0.015614239272951093,2.82998018927445,22.52492113564669,0.007835530045022196,1.8630914826498424,0.00402220134195386,1.9444468750000041,16.553125,0.005470102952261012,0.0,1
13346.0,2022-01-11 15:05:00,385.44,385.9899,385.39,385.745,341465.0,1,1,0.0,sell,False,0.051612717580389995,1.8098999999999705,8.0,0.004711072934561847,0.05949677914066509,0.31415388784301657,0.3439022774133491,0.0008935427228913589,63.3635896324341,77.76461980858107,72.84747640085335,87.59890662403652,341465.0,1.8098999999999705,2.0,1.8098999999999705,8.0,0.004711072934561847,1.8098999999999705,8.0,0.004711072934561847,1.0,1.0,0.05949677914066509,0.3439022774133491,0.31415388784301657,63.3635896324341,77.76461980858107,72.84747640085335,87.59890662403652,21.436902910464674,17.219784492333137,24.34125735870892,0.07913034454130521,0.1556604997534941,0.2448999999999728,0.05000000000001137,0.3050000000000068,1.0,13347.0,13347.0,2022-01-11,2022-01-11 15:05:00,2.067427964069534,307.0,1.0,best_within_2.0d,13653.0,377.77,0.5832424107187206,4.3760036431226785,32.22527881040892,0.012230020343504162,2.285057100371749,15.890706319702602,0.006381710269403211,0.4929364202292669,5.6011759621451125,36.843533123028394,0.015614239272951093,2.82998018927445,22.52492113564669,0.007835530045022196,1.8630914826498424,0.00402220134195386,1.9444468750000041,16.553125,0.005470102952261012,1.0,1
13382.0,2022-01-11 18:05:00,385.89,386.05,385.87,385.9,25638.0,1,1,0.0,sell,False,0.013432435562841162,5.939999999999998,24.0,0.01562705532608981,0.015484297077726888,0.07751412502232204,0.08525627356118548,0.00022109256422241588,65.0940229566178,68.53941068292423,59.18751793380116,87.24319618117036,25638.0,5.939999999999998,2.0,5.939999999999998,24.0,0.01562705532608981,5.939999999999998,24.0,0.01562705532608981,1.0,1.0,0.015484297077726888,0.08525627356118548,0.07751412502232204,65.0940229566178,68.53941068292423,59.18751793380116,87.24319618117036,35.22012578616422,19.496855345915975,42.2326339588871,0.0025914120604293724,0.046647834763004846,0.1500000000000341,0.01999999999998181,0.009999999999990905,1.0,13383.0,13383.0,2022-01-11,2022-01-11 18:05:00,2.321845037574496,356.0,1.0,best_within_2.0d,13738.0,376.94,0.5832424107187206,4.3760036431226785,32.22527881040892,0.012230020343504162,2.285057100371749,15.890706319702602,0.006381710269403211,0.4929364202292669,5.6011759621451125,36.843533123028394,0.015614239272951093,2.82998018927445,22.52492113564669,0.007835530045022196,1.8630914826498424,0.00402220134195386,1.9444468750000041,16.553125,0.005470102952261012,1.0,1
13397.0,2022-01-11 19:20:00,385.77,385.93,385.77,385.91,2100.0,2,2,0.0,sell,False,0.809523809523801,4.163492493946733,28.239017640954685,0.011578080659927173,0.04313547489734702,0.02407337555108697,0.04564111299976048,0.00011834994780306253,62.78198358887552,85.8025362639862,70.15238329833781,117.10284219528296,2100.0,0.5099999999999909,1.0,0.6299999999999955,7.0,0.0016319129646418739,0.5099999999999909,10.0,0.0013232317990763086,2.0,2.0,0.04313547489734702,0.04564111299976048,0.02407337555108697,62.78198358887552,85.8025362639862,70.15238329833781,117.10284219528296,28.846153846152024,37.82051282051343,23.330076811615108,0.03629105425513731,0.041475490577293474,0.01999999999998181,0.0,0.1400000000000432,1.0,13398.0,13398.0,2022-01-11,2022-01-11 19:20:00,2.360654038506391,379.0,1.0,best_within_2.0d,13776.0,376.8,0.809523809523801,0.6299999999999955,7.0,0.0016319129646418739,0.5099999999999909,10.0,0.0013232317990763086,0.4929364202292669,5.6011759621451125,36.843533123028394,0.015614239272951093,2.82998018927445,22.52492113564669,0.007835530045022196,1.8630914826498424,0.00402220134195386,1.9444468750000041,16.553125,0.005470102952261012,0.0,1
13398.0,2022-01-11 19:25:00,385.92,386.14,385.92,385.98,9403.0,1p,1p,0.0,sell,False,4.2610882655400655,0.7199999999999704,11.0,0.0018680919516370982,0.06598038268686492,0.03232092338694508,0.06531111473037754,0.00016934447407955587,65.10659896569179,81.93287363835816,74.07921341167793,97.64019409171863,9403.0,0.7199999999999704,0.0,0.7199999999999704,11.0,0.0018680919516370982,0.7199999999999704,0.0,0.0,1.0,1.0,0.06598038268686492,0.06531111473037754,0.03232092338694508,65.10659896569179,81.93287363835816,74.07921341167793,97.64019409171863,42.038216560507706,25.47770700637171,23.41566431698447,0.015547263681592628,0.05700663349916315,0.15999999999996817,0.0,0.060000000000002274,1.0,13399.0,13399.0,2022-01-11,2022-01-11 19:25:00,2.378361573138506,378.0,1.0,best_within_2.0d,13776.0,376.8,0.5832424107187206,4.3760036431226785,32.22527881040892,0.012230020343504162,2.285057100371749,15.890706319702602,0.006381710269403211,0.4929364202292669,5.6011759621451125,36.843533123028394,0.015614239272951093,2.82998018927445,22.52492113564669,0.007835530045022196,1.8630914826498424,0.00402220134195386,1.9444468750000041,16.553125,0.005470102952261012,1.0,1
13414.0,2022-01-12 04:45:00,385.86,386.14,385.86,386.1,1508.0,1,1,0.0,sell,False,5.1967091294020324,1.75,10.0,0.004552667863367933,0.08046738798619653,-0.001155367177585001,0.039078326815513265,0.0001013179950866639,59.1054709800677,84.11554395884659,75.09408695495736,102.15845796662504,1508.0,1.75,3.0,1.75,10.0,0.004552667863367933,1.75,10.0,0.004552667863367933,1.0,1.0,0.08046738798619653,0.039078326815513265,-0.001155367177585001,59.1054709800677,84.11554395884659,75.09408695495736,102.15845796662504,22.12943632567845,40.70981210856027,34.746517107393906,0.06219872492614137,0.07256517908048844,0.03999999999996362,0.0,0.2400000000000091,1.0,13415.0,13415.0,2022-01-12,2022-01-12 04:45:00,2.4087024087024114,362.0,1.0,best_within_2.0d,13776.0,376.8,0.5832424107187206,4.3760036431226785,32.22527881040892,0.012230020343504162,2.285057100371749,15.890706319702602,0.006381710269403211,0.4929364202292669,5.6011759621451125,36.843533123028394,0.015614239272951093,2.82998018927445,22.52492113564669,0.007835530045022196,1.8630914826498424,0.00402220134195386,1.9444468750000041,16.553125,0.005470102952261012,0.0,1
13415.0,2022-01-12 04:50:00,386.08,386.41,386.08,386.41,1050.0,1,1,0.0,sell,False,9.390533294305133,2.0200000000000387,11.0,0.005255079476573373,0.145405807247306,0.01702035872832825,0.08972326235198125,0.0002325928972475145,64.1359991356766,89.41036263923105,79.86617884971525,108.49873021826266,1050.0,2.0200000000000387,3.0,2.0200000000000387,11.0,0.005255079476573373,2.0200000000000387,11.0,0.005255079476573373,1.0,1.0,0.145405807247306,0.08972326235198125,0.01702035872832825,64.1359991356766,89.41036263923105,79.86617884971525,108.49873021826266,26.600000000000517,38.20000000000007,33.543282640287224,0.08547451305429987,0.08547451305429987,0.0,0.0,0.3300000000000409,1.0,13416.0,13416.0,2022-01-12,2022-01-12 04:50:00,2.4869956781656826,361.0,1.0,best_within_2.0d,13776.0,376.8,0.5832424107187206,4.3760036431226785,32.22527881040892,0.012230020343504162,2.285057100371749,15.890706319702602,0.006381710269403211,0.4929364202292669,5.6011759621451125,36.843533123028394,0.015614239272951093,2.82998018927445,22.52492113564669,0.007835530045022196,1.8630914826498424,0.00402220134195386,1.9444468750000041,16.553125,0.005470102952261012,0.0,1
13416.0,2022-01-12 04:55:00,386.5,386.59,386.3,386.47,4274.0,1,1,0.0,sell,False,12.001404628725405,2.1999999999999886,12.0,0.005723353885376802,0.18583331462119074,0.04024952305597709,0.13316618036657246,0.0003451639995112512,65.03257343338032,90.30866281212006,83.34700683718353,104.23197476199311,4274.0,2.1999999999999886,3.0,2.1999999999999886,12.0,0.005723353885376802,2.1999999999999886,12.0,0.005723353885376802,1.0,1.0,0.18583331462119074,0.13316618036657246,0.04024952305597709,65.03257343338032,90.30866281212006,83.34700683718353,104.23197476199311,28.81679389312955,36.25954198473341,31.96425889074019,-0.00776196636480536,0.0750711881956934,0.08999999999997499,0.17000000000001592,0.029999999999972715,0.0,13417.0,13417.0,2022-01-12,2022-01-12 04:55:00,2.5021347064455237,360.0,1.0,best_within_2.0d,13776.0,376.8,0.5832424107187206,4.3760036431226785,32.22527881040892,0.012230020343504162,2.285057100371749,15.890706319702602,0.006381710269403211,0.4929364202292669,5.6011759621451125,36.843533123028394,0.015614239272951093,2.82998018927445,22.52492113564669,0.007835530045022196,1.8630914826498424,0.00402220134195386,1.9444468750000041,16.553125,0.005470102952261012,0.0,1
13417.0,2022-01-12 05:00:00,386.56,386.7,386.56,386.6,3155.0,1,1,0.0,sell,False,14.032894142306866,2.3100000000000023,13.0,0.006009521579645678,0.21728950175977296,0.0674107107759487,0.1760554616558352,0.00045626253735220015,66.9598596569939,91.24025796670149,85.97809054702284,101.76459280605877,3155.0,2.3100000000000023,3.0,2.3100000000000023,13.0,0.006009521579645678,2.3100000000000023,13.0,0.006009521579645678,1.0,1.0,0.21728950175977296,0.1760554616558352,0.0674107107759487,66.9598596569939,91.24025796670149,85.97809054702284,101.76459280605877,30.223880597015253,33.955223880598226,30.09637993342827,0.010347682119210591,0.036216887417215016,0.0999999999999659,0.0,0.040000000000020464,1.0,13418.0,13418.0,2022-01-12,2022-01-12 05:00:00,2.5349198137609963,359.0,1.0,best_within_2.0d,13776.0,376.8,0.5832424107187206,4.3760036431226785,32.22527881040892,0.012230020343504162,2.285057100371749,15.890706319702602,0.006381710269403211,0.4929364202292669,5.6011759621451125,36.843533123028394,0.015614239272951093,2.82998018927445,22.52492113564669,0.007835530045022196,1.8630914826498424,0.00402220134195386,1.9444468750000041,16.553125,0.005470102952261012,0.0,1
13421.0,2022-01-12 05:20:00,386.69,386.9,386.69,386.89,6445.0,1,1,0.0,sell,False,14.032894142306866,2.509999999999991,17.0,0.00652982647831627,0.1917050592988615,0.1555647670697518,0.25141729671918256,0.0006512657546043725,67.70760307248295,86.00240487342626,82.89089236280259,92.2254298946736,6445.0,2.509999999999991,3.0,2.509999999999991,17.0,0.00652982647831627,2.509999999999991,17.0,0.00652982647831627,1.0,1.0,0.1917050592988615,0.25141729671918256,0.1555647670697518,67.70760307248295,86.00240487342626,82.89089236280259,92.2254298946736,51.02505694760857,12.072892938497294,33.006309206796026,0.051721016835188045,0.05430706767694524,0.009999999999990905,0.0,0.19999999999998863,1.0,13422.0,13422.0,2022-01-12,2022-01-12 05:20:00,2.6079764274083006,355.0,1.0,best_within_2.0d,13776.0,376.8,0.5832424107187206,4.3760036431226785,32.22527881040892,0.012230020343504162,2.285057100371749,15.890706319702602,0.006381710269403211,0.4929364202292669,5.6011759621451125,36.843533123028394,0.015614239272951093,2.82998018927445,22.52492113564669,0.007835530045022196,1.8630914826498424,0.00402220134195386,1.9444468750000041,16.553125,0.005470102952261012,1.0,1
13426.0,2022-01-12 05:45:00,381.52,381.93,381.28,381.42,513597.0,1p,1p,0.0,sell,False,2.4042025917977288,2.779899999999998,9.0,0.007331924744316295,0.37024550470988365,-0.05587102759628163,0.1292517247586602,0.0003394816031054115,59.9802176588467,85.14064888995529,78.2313850354644,98.95917659893706,513597.0,2.779899999999998,0.0,2.779899999999998,9.0,0.007331924744316295,2.779899999999998,0.0,0.0,1.0,1.0,0.37024550470988365,0.1292517247586602,-0.05587102759628163,59.9802176588467,85.14064888995529,78.2313850354644,98.95917659893706,30.871343675233593,18.392889300506734,21.406816425003733,-0.02621094569091159,0.17047838858582517,0.410000000000025,0.1400000000000432,0.0999999999999659,0.0,13427.0,13427.0,2022-01-12,2022-01-12 05:45:00,2.6406904035967056,350.0,1.0,best_within_2.0d,13776.0,376.8,0.5832424107187206,4.3760036431226785,32.22527881040892,0.012230020343504162,2.285057100371749,15.890706319702602,0.006381710269403211,0.4929364202292669,5.6011759621451125,36.843533123028394,0.015614239272951093,2.82998018927445,22.52492113564669,0.007835530045022196,1.8630914826498424,0.00402220134195386,1.9444468750000041,16.553125,0.005470102952261012,0.0,1
13426.0,2022-01-12 05:45:00,386.95,387.07,386.95,387.02,4200.0,1,1,0.0,sell,False,14.032894142306866,2.680000000000007,22.0,0.006972085642186339,0.11611842655111693,0.23608142892413458,0.29414064219969305,0.0007614853264554263,65.83669887854478,81.69055054755565,78.83935474031182,87.39294216204331,4200.0,2.680000000000007,3.0,2.680000000000007,22.0,0.006972085642186339,2.680000000000007,22.0,0.006972085642186339,1.0,1.0,0.11611842655111693,0.29414064219969305,0.23608142892413458,65.83669887854478,81.69055054755565,78.83935474031182,87.39294216204331,44.84536082474321,20.36082474226889,33.701580626887996,0.018090192531333035,0.031011758625146546,0.05000000000001137,0.0,0.06999999999999318,1.0,13427.0,13427.0,2022-01-12,2022-01-12 05:45:00,2.6406904035967056,350.0,1.0,best_within_2.0d,13776.0,376.8,0.5832424107187206,4.3760036431226785,32.22527881040892,0.012230020343504162,2.285057100371749,15.890706319702602,0.006381710269403211,0.4929364202292669,5.6011759621451125,36.843533123028394,0.015614239272951093,2.82998018927445,22.52492113564669,0.007835530045022196,1.8630914826498424,0.00402220134195386,1.9444468750000041,16.553125,0.005470102952261012,0.0,1
13429.0,2022-01-12 06:00:00,387.07,387.18,387.07,387.15,930.0,1,1,0.0,sell,False,14.032894142306866,2.7900000000000205,25.0,0.007258253336455216,0.09379730547690568,0.26937871644711764,0.3162773691855705,0.0008184823997006605,65.56752637153404,85.96325734199463,81.50180066144088,94.88617070310215,930.0,2.7900000000000205,3.0,2.7900000000000205,25.0,0.007258253336455216,2.7900000000000205,25.0,0.007258253336455216,1.0,1.0,0.09379730547690568,0.3162773691855705,0.26937871644711764,65.56752637153404,85.96325734199463,81.50180066144088,94.88617070310215,40.88397790055201,26.795580110498378,31.746758944829132,0.020668096209983746,0.02841863228873683,0.03000000000002956,0.0,0.07999999999998408,1.0,13430.0,13430.0,2022-01-12,2022-01-12 06:00:00,2.6733824099186276,347.0,1.0,best_within_2.0d,13776.0,376.8,0.5832424107187206,4.3760036431226785,32.22527881040892,0.012230020343504162,2.285057100371749,15.890706319702602,0.006381710269403211,0.4929364202292669,5.6011759621451125,36.843533123028394,0.015614239272951093,2.82998018927445,22.52492113564669,0.007835530045022196,1.8630914826498424,0.00402220134195386,1.9444468750000041,16.553125,0.005470102952261012,1.0,1
13448.0,2022-01-12 07:35:00,386.81,386.98,386.72,386.81,20553.0,2,2,0.0,sell,False,0.8425196850393768,4.163492493946733,28.239017640954685,0.011578080659927173,-0.028541667620154455,0.02786540210660295,0.013594568296525722,3.517058409209824e-05,55.96944721113047,61.45173714054333,44.35391095819975,95.64738950523048,20553.0,1.0699999999999932,1.0,1.2699999999999818,15.0,0.0032801281057905415,1.0699999999999932,6.0,0.0027726672021973855,2.0,2.0,-0.028541667620154455,0.013594568296525722,0.02786540210660295,55.96944721113047,61.45173714054333,44.35391095819975,95.64738950523048,28.813559322034855,25.4237288135579,21.328417700392954,0.0,0.06723210591642297,0.17000000000001592,0.08999999999997499,0.0,0.0,13449.0,13449.0,2022-01-12,2022-01-12 07:35:00,2.88513740596159,383.0,1.0,best_within_2.0d,13831.0,375.65,0.8425196850393768,1.2699999999999818,15.0,0.0032801281057905415,1.0699999999999932,6.0,0.0027726672021973855,0.4929364202292669,5.6011759621451125,36.843533123028394,0.015614239272951093,2.82998018927445,22.52492113564669,0.007835530045022196,1.8630914826498424,0.00402220134195386,1.9444468750000041,16.553125,0.005470102952261012,0.0,1
13449.0,2022-01-12 07:40:00,386.79,386.98,386.76,386.8,83084.0,2,2,0.0,sell,False,0.8425196850393768,4.163492493946733,28.239017640954685,0.011578080659927173,0.007982717037355494,0.02886324173627238,0.03285460025495013,8.499396149117858e-05,55.73390416934122,68.69368145818129,52.467167791526926,101.14670879149001,83084.0,1.0699999999999932,1.0,1.2699999999999818,15.0,0.0032801281057905415,1.0699999999999932,7.0,0.0027726672021973855,2.0,2.0,0.007982717037355494,0.03285460025495013,0.02886324173627238,55.73390416934122,68.69368145818129,52.467167791526926,101.14670879149001,28.46889952153197,23.444976076553743,20.496203532853666,0.0025853822487631284,0.056882821387947896,0.18000000000000682,0.03000000000002956,0.009999999999990905,1.0,13450.0,13450.0,2022-01-12,2022-01-12 07:40:00,3.0661840744570874,383.0,1.0,best_within_2.0d,13832.0,374.94,0.8425196850393768,1.2699999999999818,15.0,0.0032801281057905415,1.0699999999999932,7.0,0.0027726672021973855,0.4929364202292669,5.6011759621451125,36.843533123028394,0.015614239272951093,2.82998018927445,22.52492113564669,0.007835530045022196,1.8630914826498424,0.00402220134195386,1.9444468750000041,16.553125,0.005470102952261012,0.0,1
13453.0,2022-01-12 08:00:00,387.12,387.45,385.0,386.96,315727.0,1,1,0.0,sell,False,2.816225655526931,1.5399999999999636,11.0,0.003990567748956916,0.04360727468809476,0.03535397914444855,0.05715761648849593,0.0001478496724125657,58.77115027681196,70.08275713923996,64.73493524640132,80.77840092491724,315727.0,1.5399999999999636,3.0,1.5399999999999636,11.0,0.003990567748956916,1.5399999999999636,11.0,0.003990567748956916,1.0,1.0,0.04360727468809476,0.05715761648849593,0.03535397914444855,58.77115027681196,70.08275713923996,64.73493524640132,80.77840092491724,14.605067064083773,43.07004470938805,20.34851153487454,-0.041330853482130864,0.6363636363636335,0.3299999999999841,1.9599999999999795,0.160000000000025,0.0,13454.0,13454.0,2022-01-12,2022-01-12 08:00:00,3.501653917717582,382.0,1.0,best_within_2.0d,13835.0,373.41,0.5832424107187206,4.3760036431226785,32.22527881040892,0.012230020343504162,2.285057100371749,15.890706319702602,0.006381710269403211,0.4929364202292669,5.6011759621451125,36.843533123028394,0.015614239272951093,2.82998018927445,22.52492113564669,0.007835530045022196,1.8630914826498424,0.00402220134195386,1.9444468750000041,16.553125,0.005470102952261012,1.0,1
13459.0,2022-01-12 08:30:00,387.0,388.21,385.83,387.38,545562.0,1,1,0.0,sell,False,8.44387399329343,2.2999999999999545,17.0,0.005959938845844768,0.13074745339904753,0.08917248054553809,0.15454620724506185,0.0003996020854877071,63.067003615330385,77.83107487063887,75.92739777904258,81.63842905383146,545562.0,2.2999999999999545,3.0,2.2999999999999545,17.0,0.005959938845844768,2.2999999999999545,17.0,0.005959938845844768,1.0,1.0,0.13074745339904753,0.15454620724506185,0.08917248054553809,63.067003615330385,77.83107487063887,75.92739777904258,81.63842905383146,14.135514018692104,36.33177570093497,24.27342656485002,0.09819121447028306,0.6168519814426031,0.8299999999999841,1.170000000000016,0.37999999999999545,1.0,13460.0,13460.0,2022-01-12,2022-01-12 08:30:00,3.6062780732097606,376.0,1.0,best_within_2.0d,13835.0,373.41,0.5832424107187206,4.3760036431226785,32.22527881040892,0.012230020343504162,2.285057100371749,15.890706319702602,0.006381710269403211,0.4929364202292669,5.6011759621451125,36.843533123028394,0.015614239272951093,2.82998018927445,22.52492113564669,0.007835530045022196,1.8630914826498424,0.00402220134195386,1.9444468750000041,16.553125,0.005470102952261012,0.0,1
13460.0,2022-01-12 08:35:00,387.36,388.88,387.36,388.63,275799.0,1,1,0.0,sell,False,19.792831095377302,2.9699999999999704,18.0,0.007696094944417015,0.30647807669009375,0.12748224013179982,0.2807212784768467,0.0007255851706499946,75.57194169310975,83.07295025740186,78.30924860516234,92.6003535618809,275799.0,2.9699999999999704,3.0,2.9699999999999704,18.0,0.007696094944417015,2.9699999999999704,18.0,0.007696094944417015,1.0,1.0,0.30647807669009375,0.2807212784768467,0.12748224013179982,75.57194169310975,83.07295025740186,78.30924860516234,92.6003535618809,18.099089989889112,31.44590495449986,24.463808632375287,0.3278603882693055,0.3923998347790122,0.25,0.0,1.2699999999999818,1.0,13461.0,13461.0,2022-01-12,2022-01-12 08:35:00,3.916321436842233,375.0,1.0,best_within_2.0d,13835.0,373.41,0.5832424107187206,4.3760036431226785,32.22527881040892,0.012230020343504162,2.285057100371749,15.890706319702602,0.006381710269403211,0.4929364202292669,5.6011759621451125,36.843533123028394,0.015614239272951093,2.82998018927445,22.52492113564669,0.007835530045022196,1.8630914826498424,0.00402220134195386,1.9444468750000041,16.553125,0.005470102952261012,0.0,1
13461.0,2022-01-12 08:40:00,388.67,389.08,388.58,388.99,164618.0,1,1,0.0,sell,False,28.68588692859694,3.169999999999959,19.0,0.008214350496229584,0.44418079514047915,0.1830048395243597,0.40509523709459927,0.001046635784988055,77.89342533860959,87.98000605395437,81.53283442142634,100.87434931901043,164618.0,3.169999999999959,3.0,3.169999999999959,19.0,0.008214350496229584,3.169999999999959,19.0,0.008214350496229584,1.0,1.0,0.44418079514047915,0.40509523709459927,0.1830048395243597,77.89342533860959,87.98000605395437,81.53283442142634,100.87434931901043,15.69826707441416,31.70234454638156,25.128068077220952,0.08233205547122062,0.12867363219928973,0.08999999999997499,0.09000000000003183,0.3199999999999932,1.0,13462.0,13462.0,2022-01-12,2022-01-12 08:40:00,4.005244350754514,374.0,1.0,best_within_2.0d,13835.0,373.41,0.5832424107187206,4.3760036431226785,32.22527881040892,0.012230020343504162,2.285057100371749,15.890706319702602,0.006381710269403211,0.4929364202292669,5.6011759621451125,36.843533123028394,0.015614239272951093,2.82998018927445,22.52492113564669,0.007835530045022196,1.8630914826498424,0.00402220134195386,1.9444468750000041,16.553125,0.005470102952261012,0.0,1
13464.0,2022-01-12 08:55:00,388.95,389.33,388.7,389.22,83095.0,1,1,0.0,sell,False,31.836769683517375,3.419999999999959,22.0,0.008862169935995333,0.49296999977475386,0.35948239001461435,0.6059673899019913,0.0015640621686703103,74.00357538609995,92.04047391423697,87.56343014492386,100.99456145286322,83095.0,3.419999999999959,3.0,3.419999999999959,22.0,0.008862169935995333,3.419999999999959,22.0,0.008862169935995333,1.0,1.0,0.49296999977475386,0.6059673899019913,0.35948239001461435,74.00357538609995,92.04047391423697,87.56343014492386,100.99456145286322,17.244525547445342,28.467153284671927,26.650348654176977,0.069417662938691,0.16207872395163248,0.1099999999999568,0.25,0.27000000000003865,1.0,13465.0,13465.0,2022-01-12,2022-01-12 08:55:00,4.061970094034223,371.0,1.0,best_within_2.0d,13835.0,373.41,0.5832424107187206,4.3760036431226785,32.22527881040892,0.012230020343504162,2.285057100371749,15.890706319702602,0.006381710269403211,0.4929364202292669,5.6011759621451125,36.843533123028394,0.015614239272951093,2.82998018927445,22.52492113564669,0.007835530045022196,1.8630914826498424,0.00402220134195386,1.9444468750000041,16.553125,0.005470102952261012,0.0,1
13465.0,2022-01-12 09:00:00,389.28,389.44,389.05,389.25,76662.0,1,1,0.0,sell,False,31.83676968351749,3.5299999999999727,23.0,0.009147210489492297,0.4772839127126274,0.41914287910369274,0.6577848354600064,0.0016972181508391328,74.20822422052329,92.93926331124572,89.35537453369781,100.10704086634155,76662.0,3.5299999999999727,3.0,3.5299999999999727,23.0,0.009147210489492297,3.5299999999999727,23.0,0.009147210489492297,1.0,1.0,0.4772839127126274,0.6577848354600064,0.41914287910369274,74.20822422052329,92.93926331124572,89.35537453369781,100.10704086634155,18.03426510369725,26.871055004509063,26.152374811695626,-0.007706535141793239,0.10024418455211062,0.160000000000025,0.19999999999998863,0.029999999999972715,0.0,13466.0,13466.0,2022-01-12,2022-01-12 09:00:00,4.0693641618497045,370.0,1.0,best_within_2.0d,13835.0,373.41,0.5832424107187206,4.3760036431226785,32.22527881040892,0.012230020343504162,2.285057100371749,15.890706319702602,0.006381710269403211,0.4929364202292669,5.6011759621451125,36.843533123028394,0.015614239272951093,2.82998018927445,22.52492113564669,0.007835530045022196,1.8630914826498424,0.00402220134195386,1.9444468750000041,16.553125,0.005470102952261012,1.0,1
13471.0,2022-01-12 09:30:00,388.47,389.75,388.16,389.6068,1305201.0,1,1,0.0,sell,False,31.836769683519258,3.839999999999975,29.0,0.00995050659480183,0.09828678147619785,0.5586814195059977,0.6078248102440966,0.0015663232933931922,67.28127896778123,65.55902172030241,68.71873203962866,59.23960108164991,1305201.0,3.839999999999975,3.0,3.839999999999975,29.0,0.00995050659480183,3.839999999999975,29.0,0.00995050659480183,1.0,1.0,0.09828678147619785,0.6078248102440966,0.5586814195059977,67.28127896778123,65.55902172030241,68.71873203962866,59.23960108164991,21.68568920105393,19.051799824407635,19.997971057309766,0.2926352099261188,0.409624896949705,0.1431999999999789,0.3100000000000023,1.1367999999999938,1.0,13472.0,13472.0,2022-01-12,2022-01-12 09:30:00,4.157216968492335,364.0,1.0,best_within_2.0d,13835.0,373.41,0.5832424107187206,4.3760036431226785,32.22527881040892,0.012230020343504162,2.285057100371749,15.890706319702602,0.006381710269403211,0.4929364202292669,5.6011759621451125,36.843533123028394,0.015614239272951093,2.82998018927445,22.52492113564669,0.007835530045022196,1.8630914826498424,0.00402220134195386,1.9444468750000041,16.553125,0.005470102952261012,1.0,1
13478.0,2022-01-12 10:05:00,388.93,389.8,388.38,389.721,790463.0,1,1,0.0,sell,False,31.836769683527535,3.8899999999999864,36.0,0.010080070482755011,-0.013185536949229415,0.4448126503492735,0.43821988187465877,0.0011283991878562809,61.8659641126885,71.71472764183798,60.25219564518148,94.63979163515098,790463.0,3.8899999999999864,3.0,3.8899999999999864,36.0,0.010080070482755011,3.8899999999999864,36.0,0.010080070482755011,1.0,1.0,-0.013185536949229415,0.43821988187465877,0.4448126503492735,61.8659641126885,71.71472764183798,60.25219564518148,94.63979163515098,19.181034482758637,13.002873563218339,16.932766143780757,0.20337849998714339,0.365621298728054,0.07900000000000773,0.5500000000000114,0.7909999999999968,1.0,13479.0,13479.0,2022-01-12,2022-01-12 10:05:00,4.185301792821012,357.0,1.0,best_within_2.0d,13835.0,373.41,0.5832424107187206,4.3760036431226785,32.22527881040892,0.012230020343504162,2.285057100371749,15.890706319702602,0.006381710269403211,0.4929364202292669,5.6011759621451125,36.843533123028394,0.015614239272951093,2.82998018927445,22.52492113564669,0.007835530045022196,1.8630914826498424,0.00402220134195386,1.9444468750000041,16.553125,0.005470102952261012,0.0,1
13479.0,2022-01-12 10:10:00,389.74,390.2,389.64,390.03,747594.0,1,1,0.0,sell,False,31.836769683527304,4.289999999999964,37.0,0.01111658158638015,0.09532426234907843,0.4567281831429083,0.5043903143174475,0.0012983707631780087,63.77028470385921,79.2912999093733,66.59856373324541,104.67677226162905,747594.0,4.289999999999964,3.0,4.289999999999964,37.0,0.01111658158638015,4.289999999999964,37.0,0.01111658158638015,1.0,1.0,0.09532426234907843,0.5043903143174475,0.4567281831429083,63.77028470385921,79.2912999093733,66.59856373324541,104.67677226162905,21.007806955287162,12.845990063875023,17.44535532458585,0.0744085800790177,0.14372241043014122,0.17000000000001592,0.10000000000002274,0.2899999999999636,1.0,13480.0,13480.0,2022-01-12,2022-01-12 10:10:00,4.261210676101825,356.0,1.0,best_within_2.0d,13835.0,373.41,0.5832424107187206,4.3760036431226785,32.22527881040892,0.012230020343504162,2.285057100371749,15.890706319702602,0.006381710269403211,0.4929364202292669,5.6011759621451125,36.843533123028394,0.015614239272951093,2.82998018927445,22.52492113564669,0.007835530045022196,1.8630914826498424,0.00402220134195386,1.9444468750000041,16.553125,0.005470102952261012,1.0,1
13495.0,2022-01-12 11:30:00,386.72,387.57,386.66,387.27,592376.0,2,2,0.0,sell,False,0.49325626204238987,4.163492493946733,28.239017640954685,0.011578080659927173,-0.15441678977496687,-0.4292471538230219,-0.5064555487105054,-0.0013074294269511725,48.90550526740565,57.061707061006416,38.59028160174393,94.00455797953138,592376.0,2.5600000000000023,1.0,5.189999999999998,12.0,0.013300871348026648,2.5600000000000023,6.0,0.006649177943430047,2.0,2.0,-0.15441678977496687,-0.5064555487105054,-0.4292471538230219,48.90550526740565,57.061707061006416,38.59028160174393,94.00455797953138,10.730660423373505,37.199158270273294,39.53918439036274,0.14222176251550334,0.23534888532560083,0.30000000000001137,0.060000000000002274,0.5499999999999545,1.0,13496.0,13496.0,2022-01-12,2022-01-12 11:30:00,3.57889844294677,340.0,1.0,best_within_2.0d,13835.0,373.41,0.49325626204238987,5.189999999999998,12.0,0.013300871348026648,2.5600000000000023,6.0,0.006649177943430047,0.4929364202292669,5.6011759621451125,36.843533123028394,0.015614239272951093,2.82998018927445,22.52492113564669,0.007835530045022196,1.8630914826498424,0.00402220134195386,1.9444468750000041,16.553125,0.005470102952261012,0.0,1
13496.0,2022-01-12 11:35:00,387.26,387.67,387.1,387.41,381569.0,2,2,0.0,sell,False,0.512524084778425,4.163492493946733,28.239017640954685,0.011578080659927173,0.006568749393741635,-0.42842606014880424,-0.4251416854519334,-0.0010975064337637888,50.226599984779874,68.1163260105959,48.43229640469458,107.48438522239852,381569.0,2.660000000000025,1.0,5.189999999999998,12.0,0.013300871348026648,2.660000000000025,7.0,0.006908911456845342,2.0,2.0,0.006568749393741635,-0.4251416854519334,-0.42842606014880424,50.226599984779874,68.1163260105959,48.43229640469458,107.48438522239852,10.82114198181504,37.51282375592003,40.65948883616407,0.038733667303629114,0.1472487729268905,0.2599999999999909,0.15999999999996817,0.1500000000000341,1.0,13497.0,13497.0,2022-01-12,2022-01-12 11:35:00,3.613742546655997,339.0,1.0,best_within_2.0d,13835.0,373.41,0.512524084778425,5.189999999999998,12.0,0.013300871348026648,2.660000000000025,7.0,0.006908911456845342,0.4929364202292669,5.6011759621451125,36.843533123028394,0.015614239272951093,2.82998018927445,22.52492113564669,0.007835530045022196,1.8630914826498424,0.00402220134195386,1.9444468750000041,16.553125,0.005470102952261012,0.0,1
13497.0,2022-01-12 11:40:00,387.39,388.05,387.15,387.33,449274.0,2,2,0.0,sell,False,0.5857418111753414,4.163492493946733,28.239017640954685,0.011578080659927173,0.10472795285021896,-0.4153350660425269,-0.3629710896174174,-0.0009370198447568899,49.43994471155241,70.84948049829174,55.90469110256029,100.73905928975464,449274.0,3.0400000000000205,1.0,5.189999999999998,12.0,0.013300871348026648,3.0400000000000205,8.0,0.007895898807823227,2.0,2.0,0.10472795285021896,-0.3629710896174174,-0.4153350660425269,49.43994471155241,70.84948049829174,55.90469110256029,100.73905928975464,14.023401551338926,29.64342580013702,40.31030508129676,-0.015488267637265359,0.2324680356451076,0.660000000000025,0.18000000000000682,0.060000000000002274,0.0,13498.0,13498.0,2022-01-12,2022-01-12 11:40:00,3.5938347145844527,338.0,1.0,best_within_2.0d,13835.0,373.41,0.5857418111753414,5.189999999999998,12.0,0.013300871348026648,3.0400000000000205,8.0,0.007895898807823227,0.4929364202292669,5.6011759621451125,36.843533123028394,0.015614239272951093,2.82998018927445,22.52492113564669,0.007835530045022196,1.8630914826498424,0.00402220134195386,1.9444468750000041,16.553125,0.005470102952261012,1.0,1
13508.0,2022-01-12 12:35:00,387.92,388.44,387.89,388.11,403848.0,2s,2s,0.0,sell,False,0.660886319845859,4.163492493946733,28.239017640954685,0.011578080659927173,0.29068567209491797,-0.10177663199743567,0.043566204050023316,0.00011243447087751789,57.803065394287906,76.86813089652001,69.67787635248052,91.24863998459898,403848.0,1.8799000000000206,1.0,5.189999999999998,12.0,0.013300871348026648,1.8799000000000206,6.0,0.004863150645915139,1.0,2.5,0.29068567209491797,0.043566204050023316,-0.10177663199743567,57.803065394287906,76.86813089652001,69.67787635248052,91.24863998459898,29.402407047801184,8.995161768093656,34.81527605870328,0.04897917096308459,0.14179277630256296,0.3299999999999841,0.03000000000002956,0.18999999999999773,1.0,13509.0,13509.0,2022-01-12,2022-01-12 12:35:00,3.787585993661588,327.0,1.0,best_within_2.0d,13835.0,373.41,0.5832424107187206,4.3760036431226785,32.22527881040892,0.012230020343504162,2.285057100371749,15.890706319702602,0.006381710269403211,0.660886319845859,5.189999999999998,12.0,0.013300871348026648,1.8799000000000206,6.0,0.004863150645915139,1.0,0.00402220134195386,1.9444468750000041,16.553125,0.005470102952261012,0.0,1
13511.0,2022-01-12 12:50:00,388.26,388.66,388.1901,388.61,327964.0,2s,2s,0.0,sell,False,0.7032755298651321,4.163492493946733,28.239017640954685,0.011578080659927173,0.3502572808664489,0.02006922714384025,0.1951978675770647,0.0005035284288610569,63.01198594427859,87.83287732786636,80.161793783832,103.17504441593508,327964.0,2.099900000000048,1.0,5.189999999999998,12.0,0.013300871348026648,2.099900000000048,9.0,0.005432273015244067,1.0,2.5,0.3502572808664489,0.1951978675770647,0.02006922714384025,63.01198594427859,87.83287732786636,80.161793783832,103.17504441593508,24.08950368172128,12.397402307128127,35.02614241003374,0.0901457786019736,0.12104893968188588,0.05000000000001137,0.06990000000001828,0.35000000000002274,1.0,13512.0,13512.0,2022-01-12,2022-01-12 12:50:00,3.9113764442500165,324.0,1.0,best_within_2.0d,13835.0,373.41,0.5832424107187206,4.3760036431226785,32.22527881040892,0.012230020343504162,2.285057100371749,15.890706319702602,0.006381710269403211,0.7032755298651321,5.189999999999998,12.0,0.013300871348026648,2.099900000000048,9.0,0.005432273015244067,1.0,0.00402220134195386,1.9444468750000041,16.553125,0.005470102952261012,0.0,1
13512.0,2022-01-12 12:55:00,388.6,388.79,388.52,388.6,211136.0,2s,2s,0.0,sell,False,0.7283236994219713,4.163492493946733,28.239017640954685,0.011578080659927173,0.3521249873195228,0.0640848505587806,0.240147344218542,0.0006193679407063197,62.84044556802991,88.81415122828633,83.04591293198344,100.35062782089213,211136.0,2.2299000000000433,1.0,5.189999999999998,12.0,0.013300871348026648,2.2299000000000433,10.0,0.005768572597120198,1.0,2.5,0.3521249873195228,0.240147344218542,0.0640848505587806,62.84044556802991,88.81415122828633,83.04591293198344,100.35062782089213,26.802014682843296,12.409203319824128,35.14612161464578,0.0,0.06949449191805793,0.18999999999999773,0.08000000000004093,0.0,0.0,13513.0,13513.0,2022-01-12,2022-01-12 12:55:00,3.908903757076685,323.0,1.0,best_within_2.0d,13835.0,373.41,0.5832424107187206,4.3760036431226785,32.22527881040892,0.012230020343504162,2.285057100371749,15.890706319702602,0.006381710269403211,0.7283236994219713,5.189999999999998,12.0,0.013300871348026648,2.2299000000000433,10.0,0.005768572597120198,1.0,0.00402220134195386,1.9444468750000041,16.553125,0.005470102952261012,1.0,1
13525.0,2022-01-12 14:00:00,387.19,387.23,386.52,386.67,516716.0,1,1,1.0,buy,False,0.32837903036958,2.2700000000000387,14.0,0.005838627536716578,-0.2580161415428491,-0.006874942230462794,-0.13588301300188732,-0.00035060202754900766,35.884391847679396,21.3305154465804,27.22715804546575,9.5372302488097,516716.0,2.2700000000000387,1.0,2.2700000000000387,14.0,0.005838627536716578,2.2700000000000387,14.0,0.005838627536716578,1.0,1.0,-0.2580161415428491,-0.13588301300188732,-0.006874942230462794,35.884391847679396,21.3305154465804,27.22715804546575,9.5372302488097,7.897988560654386,29.93592438312831,25.69908327948463,-0.13430098917843483,0.18369036531098945,0.040000000000020464,0.1500000000000341,0.5199999999999818,0.0,13526.0,13526.0,2022-01-12,2022-01-12 14:00:00,0.8689580262239007,322.0,1.0,best_within_2.0d,13847.0,390.03,0.5832424107187206,4.3760036431226785,32.22527881040892,0.012230020343504162,2.285057100371749,15.890706319702602,0.006381710269403211,0.4929364202292669,5.6011759621451125,36.843533123028394,0.015614239272951093,2.82998018927445,22.52492113564669,0.007835530045022196,1.8630914826498424,0.00402220134195386,1.9444468750000041,16.553125,0.005470102952261012,1.0,0
13530.0,2022-01-12 14:25:00,387.75,387.92,387.69,387.83,157980.0,2s,2s,0.0,sell,False,0.5606936416185022,4.163492493946733,28.239017640954685,0.011578080659927173,0.034119684346506085,-0.0841950434758156,-0.06713520130256256,-0.00017323921481446385,54.751688825461834,64.37318173233461,46.93676677249807,99.24601165200771,157980.0,1.400000000000034,1.0,5.189999999999998,12.0,0.013300871348026648,1.400000000000034,6.0,0.0036220635413433564,2.0,2.5,0.034119684346506085,-0.06713520130256256,-0.0841950434758156,54.751688825461834,64.37318173233461,46.93676677249807,99.24601165200771,18.18157148478254,14.789487252547701,26.624980920320002,0.020631850419080357,0.05932574995486554,0.09000000000003183,0.060000000000002274,0.07999999999998408,1.0,13531.0,13531.0,2022-01-12,2022-01-12 14:25:00,3.718123920274337,305.0,1.0,best_within_2.0d,13835.0,373.41,0.5832424107187206,4.3760036431226785,32.22527881040892,0.012230020343504162,2.285057100371749,15.890706319702602,0.006381710269403211,0.5606936416185022,5.189999999999998,12.0,0.013300871348026648,1.400000000000034,6.0,0.0036220635413433564,2.0,0.00402220134195386,1.9444468750000041,16.553125,0.005470102952261012,1.0,1
13537.0,2022-01-12 15:00:00,387.48,387.7,386.59,386.98,700361.0,2,2,1.0,buy,False,0.9500000000000061,4.163492493946733,28.239017640954685,0.011578080659927173,-0.0232781912292484,-0.08730994875638684,-0.09894904437101104,-0.0002554070425850177,44.09117484746683,46.88764269569202,52.09104673456929,36.48083461793749,700361.0,1.330000000000041,1.0,1.400000000000034,6.0,0.0036220635413433564,1.330000000000041,8.0,0.0034285419674160676,2.0,2.0,-0.0232781912292484,-0.09894904437101104,-0.08730994875638684,44.09117484746683,46.88764269569202,52.09104673456929,36.48083461793749,15.912031047865657,28.848641655886325,25.736822516366317,-0.12903891813771032,0.2871258956517276,0.21999999999997044,0.3900000000000432,0.5,0.0,13538.0,13538.0,2022-01-12,2022-01-12 15:00:00,0.7881544265853415,310.0,1.0,best_within_2.0d,13847.0,390.03,0.9500000000000061,1.400000000000034,6.0,0.0036220635413433564,1.330000000000041,8.0,0.0034285419674160676,0.4929364202292669,5.6011759621451125,36.843533123028394,0.015614239272951093,2.82998018927445,22.52492113564669,0.007835530045022196,1.8630914826498424,0.00402220134195386,1.9444468750000041,16.553125,0.005470102952261012,1.0,0
13542.0,2022-01-12 15:25:00,386.94,386.96,386.46,386.865,324184.0,1,1,1.0,buy,False,0.10349685366937801,1.4600000000000364,13.0,0.003763662610847691,-0.06772688673769489,-0.1275464015621816,-0.16140984493102906,-0.0004167941832256186,44.03852060301747,33.91164963652258,37.54828877585265,26.638371357862454,324184.0,1.4600000000000364,1.0,1.4600000000000364,13.0,0.003763662610847691,1.4600000000000364,13.0,0.003763662610847691,1.0,1.0,-0.06772688673769489,-0.16140984493102906,-0.1275464015621816,44.03852060301747,33.91164963652258,37.54828877585265,26.638371357862454,16.21126944698653,27.977513400444114,23.078473463462498,-0.01938285005426904,0.12937949593748382,0.01999999999998181,0.40500000000002956,0.07499999999998863,0.0,13543.0,13543.0,2022-01-12,2022-01-12 15:25:00,0.8181148462641912,305.0,1.0,best_within_2.0d,13847.0,390.03,0.5832424107187206,4.3760036431226785,32.22527881040892,0.012230020343504162,2.285057100371749,15.890706319702602,0.006381710269403211,0.4929364202292669,5.6011759621451125,36.843533123028394,0.015614239272951093,2.82998018927445,22.52492113564669,0.007835530045022196,1.8630914826498424,0.00402220134195386,1.9444468750000041,16.553125,0.005470102952261012,1.0,0
13549.0,2022-01-12 16:00:00,387.42,387.83,387.35,387.76,588157.0,2s,2s,0.0,sell,False,0.5433526011560683,4.163492493946733,28.239017640954685,0.011578080659927173,0.18339324692246056,-0.09762136285188058,-0.005924739390650302,-1.5298755887938584e-05,57.56175868062825,72.91424970006766,57.474125863685565,103.79449737283183,588157.0,1.3700000000000045,1.0,5.189999999999998,12.0,0.013300871348026648,1.3700000000000045,8.0,0.0035449981886870687,3.0,2.5,0.18339324692246056,-0.005924739390650302,-0.09762136285188058,57.56175868062825,72.91424970006766,57.474125863685565,103.79449737283183,22.807682587819013,19.585544604497674,20.036539122546408,0.08776005368849697,0.12391893636245291,0.06999999999999318,0.06999999999999318,0.339999999999975,1.0,13550.0,13550.0,2022-01-12,2022-01-12 16:00:00,3.700742727460276,286.0,1.0,best_within_2.0d,13835.0,373.41,0.5832424107187206,4.3760036431226785,32.22527881040892,0.012230020343504162,2.285057100371749,15.890706319702602,0.006381710269403211,0.5433526011560683,5.189999999999998,12.0,0.013300871348026648,1.3700000000000045,8.0,0.0035449981886870687,3.0,0.00402220134195386,1.9444468750000041,16.553125,0.005470102952261012,0.0,1
13550.0,2022-01-12 16:05:00,387.77,387.96,387.35,387.92,74539.0,2s,2s,0.0,sell,False,0.5684007707129075,4.163492493946733,28.239017640954685,0.011578080659927173,0.23121773516847716,-0.06871914595582093,0.04688972162841765,0.00012106273272532281,59.57205283554991,81.05394424449035,65.33406532395382,112.4937020855634,74539.0,1.5,1.0,5.189999999999998,12.0,0.013300871348026648,1.5,9.0,0.003881384878124515,3.0,2.5,0.23121773516847716,0.04688972162841765,-0.06871914595582093,59.57205283554991,81.05394424449035,65.33406532395382,112.4937020855634,21.268748463240353,19.05581509712273,18.997343819368034,0.038682724295338505,0.15748031496061876,0.03999999999996362,0.4199999999999591,0.1500000000000341,1.0,13551.0,13551.0,2022-01-12,2022-01-12 16:05:00,3.7404619509177124,285.0,1.0,best_within_2.0d,13835.0,373.41,0.5832424107187206,4.3760036431226785,32.22527881040892,0.012230020343504162,2.285057100371749,15.890706319702602,0.006381710269403211,0.5684007707129075,5.189999999999998,12.0,0.013300871348026648,1.5,9.0,0.003881384878124515,3.0,0.00402220134195386,1.9444468750000041,16.553125,0.005470102952261012,0.0,1
13551.0,2022-01-12 16:10:00,387.94,388.0,387.86,387.86,75415.0,2s,2s,0.0,sell,False,0.5761078998073238,4.163492493946733,28.239017640954685,0.011578080659927173,0.24266726115467274,-0.03838573831148684,0.08294789226584953,0.00021413769379920338,58.45382293014628,84.30918687337633,71.65910584042798,109.60934893927302,75415.0,1.5400000000000205,1.0,5.189999999999998,12.0,0.013300871348026648,1.5400000000000205,10.0,0.003984888474874555,3.0,2.5,0.24266726115467274,0.08294789226584953,-0.03838573831148684,58.45382293014628,84.30918687337633,71.65910584042798,109.60934893927302,24.70686767169178,11.166945840312149,20.33633287951893,-0.020621745630763542,0.03609549837569906,0.060000000000002274,0.0,0.07999999999998408,0.0,13552.0,13552.0,2022-01-12,2022-01-12 16:10:00,3.725571082349298,284.0,1.0,best_within_2.0d,13835.0,373.41,0.5832424107187206,4.3760036431226785,32.22527881040892,0.012230020343504162,2.285057100371749,15.890706319702602,0.006381710269403211,0.5761078998073238,5.189999999999998,12.0,0.013300871348026648,1.5400000000000205,10.0,0.003984888474874555,3.0,0.00402220134195386,1.9444468750000041,16.553125,0.005470102952261012,1.0,1
13565.0,2022-01-12 17:20:00,387.49,387.49,387.33,387.35,6875.0,2,2,1.0,buy,False,0.4350649350649396,4.163492493946733,28.239017640954685,0.011578080659927173,-0.07082496651946843,0.04680256696679018,0.011390083707055965,2.939593242123462e-05,45.86580504725507,19.49700380655075,26.577276197554802,5.336459024542648,6875.0,0.6700000000000159,1.0,1.5400000000000205,10.0,0.003984888474874555,0.6700000000000159,15.0,0.0017268041237113812,2.0,2.0,-0.07082496651946843,0.011390083707055965,0.04680256696679018,45.86580504725507,19.49700380655075,26.577276197554802,5.336459024542648,8.78477306003224,31.722791605659644,26.072862652075923,-0.036129964644245366,0.04130844499523017,0.0,0.020000000000038654,0.13999999999998636,0.0,13566.0,13566.0,2022-01-12,2022-01-12 17:20:00,0.6918807280237382,282.0,1.0,best_within_2.0d,13847.0,390.03,0.4350649350649396,1.5400000000000205,10.0,0.003984888474874555,0.6700000000000159,15.0,0.0017268041237113812,0.4929364202292669,5.6011759621451125,36.843533123028394,0.015614239272951093,2.82998018927445,22.52492113564669,0.007835530045022196,1.8630914826498424,0.00402220134195386,1.9444468750000041,16.553125,0.005470102952261012,0.0,0
13568.0,2022-01-12 17:35:00,387.32,387.32,387.28,387.32,2896.0,2,2,1.0,buy,False,0.467532467532479,4.163492493946733,28.239017640954685,0.011578080659927173,-0.07434351774741366,0.01885111519427607,-0.01832064367943076,-4.728589381888554e-05,44.79362849479413,12.959830533035504,17.093464183786715,4.692563231533086,2896.0,0.7200000000000273,1.0,1.5400000000000205,10.0,0.003984888474874555,0.7200000000000273,18.0,0.001855670103092854,2.0,2.0,-0.07434351774741366,-0.01832064367943076,0.01885111519427607,44.79362849479413,12.959830533035504,17.093464183786715,4.692563231533086,10.915706488784934,35.77926015767323,31.252615546713663,0.0,0.010328444536258126,0.0,0.040000000000020464,0.0,0.0,13569.0,13569.0,2022-01-12,2022-01-12 17:35:00,0.6996798512857533,279.0,1.0,best_within_2.0d,13847.0,390.03,0.467532467532479,1.5400000000000205,10.0,0.003984888474874555,0.7200000000000273,18.0,0.001855670103092854,0.4929364202292669,5.6011759621451125,36.843533123028394,0.015614239272951093,2.82998018927445,22.52492113564669,0.007835530045022196,1.8630914826498424,0.00402220134195386,1.9444468750000041,16.553125,0.005470102952261012,0.0,0
13569.0,2022-01-12 17:40:00,387.3,387.32,387.28,387.28,1989.0,2,2,1.0,buy,False,0.467532467532479,4.163492493946733,28.239017640954685,0.011578080659927173,-0.07591845856208437,0.009361307874015522,-0.02859792140702666,-7.381403967232614e-05,43.338910879554085,8.639887022023668,14.2756051298657,-2.631549193660394,1989.0,0.7200000000000273,1.0,1.5400000000000205,10.0,0.003984888474874555,0.7200000000000273,19.0,0.001855670103092854,2.0,2.0,-0.07591845856208437,-0.02859792140702666,0.009361307874015522,43.338910879554085,8.639887022023668,14.2756051298657,-2.631549193660394,11.928429423463347,29.158383035125933,32.01567756987399,-0.0051639555899919065,0.010328444536258126,0.01999999999998181,0.0,0.020000000000038654,0.0,13570.0,13570.0,2022-01-12,2022-01-12 17:40:00,0.7100805618673828,278.0,1.0,best_within_2.0d,13847.0,390.03,0.467532467532479,1.5400000000000205,10.0,0.003984888474874555,0.7200000000000273,19.0,0.001855670103092854,0.4929364202292669,5.6011759621451125,36.843533123028394,0.015614239272951093,2.82998018927445,22.52492113564669,0.007835530045022196,1.8630914826498424,0.00402220134195386,1.9444468750000041,16.553125,0.005470102952261012,0.0,0
13570.0,2022-01-12 17:45:00,387.28,387.29,387.27,387.27,5502.0,2,2,1.0,buy,False,0.4740259740259795,4.163492493946733,28.239017640954685,0.011578080659927173,-0.0743728736961873,6.469866199211027e-05,-0.03712173818610154,-9.581781456535303e-05,42.96326003114897,5.759924681349112,11.437044980360168,-5.5943159166730005,5502.0,0.7300000000000182,1.0,1.5400000000000205,10.0,0.003984888474874555,0.7300000000000182,20.0,0.001881443298969119,2.0,2.0,-0.0743728736961873,-0.03712173818610154,6.469866199211027e-05,42.96326003114897,5.759924681349112,11.437044980360168,-5.5943159166730005,12.866333095071925,26.447462473198435,32.196375925272015,-0.0025821111340608616,0.0051643556175378046,0.010000000000047748,0.0,0.009999999999990905,0.0,13571.0,13571.0,2022-01-12,2022-01-12 17:45:00,0.7126810752188373,277.0,1.0,best_within_2.0d,13847.0,390.03,0.4740259740259795,1.5400000000000205,10.0,0.003984888474874555,0.7300000000000182,20.0,0.001881443298969119,0.4929364202292669,5.6011759621451125,36.843533123028394,0.015614239272951093,2.82998018927445,22.52492113564669,0.007835530045022196,1.8630914826498424,0.00402220134195386,1.9444468750000041,16.553125,0.005470102952261012,0.0,0
13571.0,2022-01-12 17:50:00,387.27,387.32,387.27,387.32,1600.0,2,2,1.0,buy,False,0.4740259740259795,4.163492493946733,28.239017640954685,0.011578080659927173,-0.06312479541953417,-0.00782590076544966,-0.03938829847521674,-0.0001016701541697973,45.50660312153137,9.79233073994775,10.888806900222695,7.599378419397862,1600.0,0.7300000000000182,1.0,1.5400000000000205,10.0,0.003984888474874555,0.7300000000000182,21.0,0.001881443298969119,2.0,2.0,-0.06312479541953417,-0.03938829847521674,-0.00782590076544966,45.50660312153137,9.79233073994775,10.888806900222695,7.599378419397862,15.11879049676215,26.6378689704855,31.867078137506258,0.012910889043822493,0.012910889043822493,0.0,0.0,0.05000000000001137,1.0,13572.0,13572.0,2022-01-12,2022-01-12 17:50:00,0.6996798512857533,276.0,1.0,best_within_2.0d,13847.0,390.03,0.4740259740259795,1.5400000000000205,10.0,0.003984888474874555,0.7300000000000182,21.0,0.001881443298969119,0.4929364202292669,5.6011759621451125,36.843533123028394,0.015614239272951093,2.82998018927445,22.52492113564669,0.007835530045022196,1.8630914826498424,0.00402220134195386,1.9444468750000041,16.553125,0.005470102952261012,1.0,0
13576.0,2022-01-12 18:15:00,387.27,387.33,387.26,387.26,1900.0,2,2,1.0,buy,False,0.48051948051948,4.163492493946733,28.239017640954685,0.011578080659927173,-0.02994039559170989,-0.02944330980373101,-0.044413507599585955,-0.00011465084146620235,43.17303245012858,32.31362850425999,29.85081102600111,37.23926346077775,1900.0,0.7400000000000091,1.0,1.5400000000000205,10.0,0.003984888474874555,0.7400000000000091,26.0,0.0019072164948453843,2.0,2.0,-0.02994039559170989,-0.044413507599585955,-0.02944330980373101,43.17303245012858,32.31362850425999,29.85081102600111,37.23926346077775,13.474494706445148,30.798845043316486,30.439543410508453,-0.002582177808761563,0.018075711408354383,0.060000000000002274,0.0,0.009999999999990905,0.0,13577.0,13577.0,2022-01-12,2022-01-12 18:15:00,0.715281722873517,271.0,1.0,best_within_2.0d,13847.0,390.03,0.48051948051948,1.5400000000000205,10.0,0.003984888474874555,0.7400000000000091,26.0,0.0019072164948453843,0.4929364202292669,5.6011759621451125,36.843533123028394,0.015614239272951093,2.82998018927445,22.52492113564669,0.007835530045022196,1.8630914826498424,0.00402220134195386,1.9444468750000041,16.553125,0.005470102952261012,0.0,0
13578.0,2022-01-12 18:25:00,387.4,387.4,387.25,387.27,1890.0,2,2,1.0,buy,False,0.4870129870129805,4.163492493946733,28.239017640954685,0.011578080659927173,-0.010206953912648642,-0.031238834043787883,-0.036342311000112204,-9.381635517025319e-05,45.07114486928499,44.91716822411554,40.434028160966406,53.88344835041383,1890.0,0.75,1.0,1.5400000000000205,10.0,0.003984888474874555,0.75,28.0,0.0019329896907216496,2.0,2.0,-0.010206953912648642,-0.036342311000112204,-0.031238834043787883,45.07114486928499,44.91716822411554,40.434028160966406,53.88344835041383,14.173228346455529,33.858267716540865,29.975235447929524,-0.0335570469798646,0.03873466752743118,0.0,0.01999999999998181,0.12999999999999545,0.0,13579.0,13579.0,2022-01-12,2022-01-12 18:25:00,0.7126810752188373,269.0,1.0,best_within_2.0d,13847.0,390.03,0.4870129870129805,1.5400000000000205,10.0,0.003984888474874555,0.75,28.0,0.0019329896907216496,0.4929364202292669,5.6011759621451125,36.843533123028394,0.015614239272951093,2.82998018927445,22.52492113564669,0.007835530045022196,1.8630914826498424,0.00402220134195386,1.9444468750000041,16.553125,0.005470102952261012,0.0,0
13579.0,2022-01-12 18:30:00,387.27,387.3604,387.24,387.29,4225.0,2,2,1.0,buy,False,0.49350649350648107,4.163492493946733,28.239017640954685,0.011578080659927173,-0.01034142846875033,-0.03253151260238167,-0.037702226836756836,-9.732855018666711e-05,46.04935889936579,41.0558899271934,40.641315416375406,41.88503894882939,4225.0,0.7599999999999909,1.0,1.5400000000000205,10.0,0.003984888474874555,0.7599999999999909,29.0,0.0019587628865979146,2.0,2.0,-0.01034142846875033,-0.037702226836756836,-0.03253151260238167,46.04935889936579,41.0558899271934,40.641315416375406,41.88503894882939,14.629388816643822,28.446033810146155,30.12525232294325,0.0051643556175378046,0.03109182935647604,0.07040000000000646,0.029999999999972715,0.020000000000038654,1.0,13580.0,13580.0,2022-01-12,2022-01-12 18:30:00,0.7074801828087356,268.0,1.0,best_within_2.0d,13847.0,390.03,0.49350649350648107,1.5400000000000205,10.0,0.003984888474874555,0.7599999999999909,29.0,0.0019587628865979146,0.4929364202292669,5.6011759621451125,36.843533123028394,0.015614239272951093,2.82998018927445,22.52492113564669,0.007835530045022196,1.8630914826498424,0.00402220134195386,1.9444468750000041,16.553125,0.005470102952261012,0.0,0
13581.0,2022-01-12 18:40:00,387.29,387.35,387.19,387.19,4155.0,2,2,1.0,buy,False,0.5259740259740204,4.163492493946733,28.239017640954685,0.011578080659927173,-0.017373156108579715,-0.03522628454843423,-0.04391286260272409,-0.00011336608129151224,42.17061526976973,29.35817330097484,37.63492238570562,12.804675131513278,4155.0,0.8100000000000023,1.0,1.5400000000000205,10.0,0.003984888474874555,0.8100000000000023,31.0,0.0020876288659793874,2.0,2.0,-0.017373156108579715,-0.04391286260272409,-0.03522628454843423,42.17061526976973,29.35817330097484,37.63492238570562,12.804675131513278,13.03969863807472,32.59924659519298,31.164024360474997,-0.025820444628062367,0.04132338128568016,0.060000000000002274,0.0,0.10000000000002274,0.0,13582.0,13582.0,2022-01-12,2022-01-12 18:40:00,0.7334900178207017,266.0,1.0,best_within_2.0d,13847.0,390.03,0.5259740259740204,1.5400000000000205,10.0,0.003984888474874555,0.8100000000000023,31.0,0.0020876288659793874,0.4929364202292669,5.6011759621451125,36.843533123028394,0.015614239272951093,2.82998018927445,22.52492113564669,0.007835530045022196,1.8630914826498424,0.00402220134195386,1.9444468750000041,16.553125,0.005470102952261012,0.0,0
13583.0,2022-01-12 18:50:00,387.13,387.15,387.06,387.06,4782.0,2,2,1.0,buy,False,0.6103896103896008,4.163492493946733,28.239017640954685,0.011578080659927173,-0.034164437593601785,-0.040593083394143074,-0.05767530219094397,-0.00014890495405428005,39.13246765241643,23.304487279066485,32.26295702413571,5.387547788928046,4782.0,0.9399999999999977,1.0,1.5400000000000205,10.0,0.003984888474874555,0.9399999999999977,33.0,0.002422680412371128,2.0,2.0,-0.034164437593601785,-0.05767530219094397,-0.040593083394143074,39.13246765241643,23.304487279066485,32.26295702413571,5.387547788928046,10.972933430870176,31.699585466959444,32.70921342452074,-0.018081781313768808,0.023252208959844724,0.01999999999998181,0.0,0.06999999999999318,0.0,13584.0,13584.0,2022-01-12,2022-01-12 18:50:00,0.7673228956750815,264.0,1.0,best_within_2.0d,13847.0,390.03,0.6103896103896008,1.5400000000000205,10.0,0.003984888474874555,0.9399999999999977,33.0,0.002422680412371128,0.4929364202292669,5.6011759621451125,36.843533123028394,0.015614239272951093,2.82998018927445,22.52492113564669,0.007835530045022196,1.8630914826498424,0.00402220134195386,1.9444468750000041,16.553125,0.005470102952261012,0.0,0
13587.0,2022-01-12 19:10:00,387.15,387.15,387.0,387.0,8785.0,2,2,1.0,buy,False,0.6493506493506407,4.163492493946733,28.239017640954685,0.011578080659927173,-0.03868982483135219,-0.051209585512111355,-0.07055449792778745,-0.00018217627389255313,39.36123669965735,24.94113924839376,32.358169615364694,10.107078514451885,8785.0,1.0,1.0,1.5400000000000205,10.0,0.003984888474874555,1.0,37.0,0.002577319587628866,2.0,2.0,-0.03868982483135219,-0.07055449792778745,-0.051209585512111355,39.36123669965735,24.94113924839376,32.358169615364694,10.107078514451885,14.64350636235226,31.30680670571952,32.05051598926088,-0.0387446726075106,0.03875968992247474,0.0,0.0,0.14999999999997726,0.0,13588.0,13588.0,2022-01-12,2022-01-12 19:10:00,0.7829457364341016,260.0,1.0,best_within_2.0d,13847.0,390.03,0.6493506493506407,1.5400000000000205,10.0,0.003984888474874555,1.0,37.0,0.002577319587628866,0.4929364202292669,5.6011759621451125,36.843533123028394,0.015614239272951093,2.82998018927445,22.52492113564669,0.007835530045022196,1.8630914826498424,0.00402220134195386,1.9444468750000041,16.553125,0.005470102952261012,0.0,0
13588.0,2022-01-12 19:15:00,387.0,387.02,386.96,386.99,3898.0,2,2,1.0,buy,False,0.6753246753246797,4.163492493946733,28.239017640954685,0.011578080659927173,-0.051489026814989014,-0.05764571386398498,-0.08339022727147949,-0.00021533118761243264,39.07492167359977,19.191528729700646,27.969289320143343,1.6360075488152503,3898.0,1.0400000000000205,1.0,1.5400000000000205,10.0,0.003984888474874555,1.0400000000000205,38.0,0.002680412371134073,2.0,2.0,-0.051489026814989014,-0.08339022727147949,-0.05764571386398498,39.07492167359977,19.191528729700646,27.969289320143343,1.6360075488152503,14.945372088230203,34.013605442180896,32.543148305817596,-0.0025839793281630247,0.015505478602440118,0.01999999999998181,0.03000000000002956,0.009999999999990905,0.0,13589.0,13589.0,2022-01-12,2022-01-12 19:15:00,0.7855500142122442,259.0,1.0,best_within_2.0d,13847.0,390.03,0.6753246753246797,1.5400000000000205,10.0,0.003984888474874555,1.0400000000000205,38.0,0.002680412371134073,0.4929364202292669,5.6011759621451125,36.843533123028394,0.015614239272951093,2.82998018927445,22.52492113564669,0.007835530045022196,1.8630914826498424,0.00402220134195386,1.9444468750000041,16.553125,0.005470102952261012,1.0,0
13597.0,2022-01-13 04:00:00,387.34,387.34,386.87,386.93,6710.0,2,2,1.0,buy,False,0.7337662337662211,4.163492493946733,28.239017640954685,0.011578080659927173,-0.017347039349420224,-0.0653214735967593,-0.07399499327146941,-0.00019111144437936796,38.63397921339045,31.01452645935486,39.39830763679548,14.24696410447362,6710.0,1.1299999999999955,1.0,1.5400000000000205,10.0,0.003984888474874555,1.1299999999999955,47.0,0.0029123711340206066,2.0,2.0,-0.017347039349420224,-0.07399499327146941,-0.0653214735967593,38.63397921339045,31.01452645935486,39.39830763679548,14.24696410447362,32.16080402009875,23.1155778894483,25.82288582667116,-0.10585015748437243,0.12148783829192505,0.0,0.060000000000002274,0.40999999999996817,0.0,13598.0,13598.0,2022-01-13,2022-01-13 04:00:00,0.8011785077404094,250.0,1.0,best_within_2.0d,13847.0,390.03,0.7337662337662211,1.5400000000000205,10.0,0.003984888474874555,1.1299999999999955,47.0,0.0029123711340206066,0.4929364202292669,5.6011759621451125,36.843533123028394,0.015614239272951093,2.82998018927445,22.52492113564669,0.007835530045022196,1.8630914826498424,0.00402220134195386,1.9444468750000041,16.553125,0.005470102952261012,0.0,0
13598.0,2022-01-13 04:05:00,386.96,387.03,386.87,387.0,5610.0,2,2,1.0,buy,False,0.7337662337662211,4.163492493946733,28.239017640954685,0.011578080659927173,-0.01894788248513604,-0.0676899589074013,-0.07716390014996932,-0.000199302932096957,42.21495169525095,29.896209128931865,36.230941467507606,17.226744451780377,5610.0,1.1299999999999955,1.0,1.5400000000000205,10.0,0.003984888474874555,1.1299999999999955,48.0,0.0029123711340206066,2.0,2.0,-0.01894788248513604,-0.07716390014996932,-0.0676899589074013,42.21495169525095,29.896209128931865,36.230941467507606,17.226744451780377,27.179487179485147,23.589743589744906,24.483444486958977,0.010336985734964974,0.04135756197171354,0.029999999999972715,0.08999999999997499,0.040000000000020464,1.0,13599.0,13599.0,2022-01-13,2022-01-13 04:05:00,0.7829457364341016,249.0,1.0,best_within_2.0d,13847.0,390.03,0.7337662337662211,1.5400000000000205,10.0,0.003984888474874555,1.1299999999999955,48.0,0.0029123711340206066,0.4929364202292669,5.6011759621451125,36.843533123028394,0.015614239272951093,2.82998018927445,22.52492113564669,0.007835530045022196,1.8630914826498424,0.00402220134195386,1.9444468750000041,16.553125,0.005470102952261012,0.0,0
13599.0,2022-01-13 04:10:00,386.95,387.0,386.86,386.87,1647.0,2,2,1.0,buy,False,0.7402597402597215,4.163492493946733,28.239017640954685,0.011578080659927173,-0.034316340363068076,-0.07197950145278481,-0.08913767163431885,-0.00023024257886410953,37.80301333728086,20.625250530398443,31.029044488471218,-0.1823373857471111,1647.0,1.1399999999999864,1.0,1.5400000000000205,10.0,0.003984888474874555,1.1399999999999864,49.0,0.002938144329896872,2.0,2.0,-0.034316340363068076,-0.08913767163431885,-0.07197950145278481,37.80301333728086,20.625250530398443,31.029044488471218,-0.1823373857471111,23.61809045225904,23.618090452261896,22.734627023605192,-0.0206745057500928,0.03618880215064529,0.05000000000001137,0.009999999999990905,0.07999999999998408,0.0,13600.0,13600.0,2022-01-13,2022-01-13 04:10:00,0.8168118489414967,248.0,1.0,best_within_2.0d,13847.0,390.03,0.7402597402597215,1.5400000000000205,10.0,0.003984888474874555,1.1399999999999864,49.0,0.002938144329896872,0.4929364202292669,5.6011759621451125,36.843533123028394,0.015614239272951093,2.82998018927445,22.52492113564669,0.007835530045022196,1.8630914826498424,0.00402220134195386,1.9444468750000041,16.553125,0.005470102952261012,0.0,0
13600.0,2022-01-13 04:15:00,386.75,386.87,386.71,386.87,2975.0,2,2,1.0,buy,False,0.8376623376623398,4.163492493946733,28.239017640954685,0.011578080659927173,-0.04083762600742355,-0.07708420470371276,-0.09750301770742453,-0.00025186360294852315,37.80301333728086,22.215775485875476,28.091288154272636,10.464750149081162,2975.0,1.2900000000000205,1.0,1.5400000000000205,10.0,0.003984888474874555,1.2900000000000205,50.0,0.00332474226804129,2.0,2.0,-0.04083762600742355,-0.09750301770742453,-0.07708420470371276,37.80301333728086,22.215775485875476,28.091288154272636,10.464750149081162,23.979591836732045,28.57142857143023,21.73485824175327,0.03102779573367926,0.041374673527973166,0.0,0.040000000000020464,0.12000000000000455,1.0,13601.0,13601.0,2022-01-13,2022-01-13 04:15:00,0.8168118489414967,247.0,1.0,best_within_2.0d,13847.0,390.03,0.8376623376623398,1.5400000000000205,10.0,0.003984888474874555,1.2900000000000205,50.0,0.00332474226804129,0.4929364202292669,5.6011759621451125,36.843533123028394,0.015614239272951093,2.82998018927445,22.52492113564669,0.007835530045022196,1.8630914826498424,0.00402220134195386,1.9444468750000041,16.553125,0.005470102952261012,1.0,0
13609.0,2022-01-13 05:00:00,387.39,387.5,387.35,387.41,13457.0,2s,2s,0.0,sell,False,0.4797687861271696,4.163492493946733,28.239017640954685,0.011578080659927173,0.06768705120050514,-0.03245022207815958,0.0013933035220929924,3.59880619443805e-06,59.18104147565307,72.44915038972701,66.57993528466443,84.18758059985217,13457.0,0.7900000000000205,1.0,5.189999999999998,12.0,0.013300871348026648,0.7900000000000205,10.0,0.0020428745054434086,4.0,2.5,0.06768705120050514,0.0013933035220929924,-0.03245022207815958,59.18104147565307,72.44915038972701,66.57993528466443,84.18758059985217,44.98141263940448,18.95910780669113,24.216711126398764,0.005162755879098236,0.03872466761326378,0.08999999999997499,0.03999999999996362,0.020000000000038654,1.0,13610.0,13610.0,2022-01-13,2022-01-13 05:00:00,3.613742546655997,226.0,1.0,best_within_2.0d,13835.0,373.41,0.5832424107187206,4.3760036431226785,32.22527881040892,0.012230020343504162,2.285057100371749,15.890706319702602,0.006381710269403211,0.4797687861271696,5.189999999999998,12.0,0.013300871348026648,0.7900000000000205,10.0,0.0020428745054434086,4.0,0.00402220134195386,1.9444468750000041,16.553125,0.005470102952261012,0.0,1
13610.0,2022-01-13 05:05:00,387.52,387.52,387.43,387.49,950.0,2s,2s,0.0,sell,False,0.48362235067437226,4.163492493946733,28.239017640954685,0.011578080659927173,0.0962910697604092,-0.02041383835810843,0.027731696522096172,7.162448398100836e-05,61.4378000107687,79.87838096157395,71.01275051030093,97.60964186412,950.0,0.8100000000000023,1.0,5.189999999999998,12.0,0.013300871348026648,0.8100000000000023,11.0,0.00209459284735332,4.0,2.5,0.0962910697604092,0.027731696522096172,-0.02041383835810843,61.4378000107687,79.87838096157395,71.01275051030093,97.60964186412,45.387453874538615,16.974169741697146,25.74138391576423,-0.0077415359207196315,0.023230002839216113,0.0,0.060000000000002274,0.029999999999972715,0.0,13611.0,13611.0,2022-01-13,2022-01-13 05:05:00,3.633642158507312,225.0,1.0,best_within_2.0d,13835.0,373.41,0.5832424107187206,4.3760036431226785,32.22527881040892,0.012230020343504162,2.285057100371749,15.890706319702602,0.006381710269403211,0.48362235067437226,5.189999999999998,12.0,0.013300871348026648,0.8100000000000023,11.0,0.00209459284735332,4.0,0.00402220134195386,1.9444468750000041,16.553125,0.005470102952261012,0.0,1
13612.0,2022-01-13 05:15:00,387.46,387.55,387.45,387.55,2350.0,2s,2s,0.0,sell,False,0.4894026974951872,4.163492493946733,28.239017640954685,0.011578080659927173,0.11842850856781145,0.00776363634214325,0.06697789062604897,0.00017296720642348895,62.8818186899531,89.1077404663543,79.85527164881438,107.61267810143414,2350.0,0.8400000000000318,1.0,5.189999999999998,12.0,0.013300871348026648,0.8400000000000318,13.0,0.0021721703602183336,4.0,2.5,0.11842850856781145,0.06697789062604897,0.00776363634214325,62.8818186899531,89.1077404663543,79.85527164881438,107.61267810143414,46.320346320345976,22.94372294372174,26.61334150201937,0.023228204201732265,0.025809781907348752,0.0,0.009999999999990905,0.09000000000003183,1.0,13613.0,13613.0,2022-01-13,2022-01-13 05:15:00,3.6485614759385854,223.0,1.0,best_within_2.0d,13835.0,373.41,0.5832424107187206,4.3760036431226785,32.22527881040892,0.012230020343504162,2.285057100371749,15.890706319702602,0.006381710269403211,0.4894026974951872,5.189999999999998,12.0,0.013300871348026648,0.8400000000000318,13.0,0.0021721703602183336,4.0,0.00402220134195386,1.9444468750000041,16.553125,0.005470102952261012,0.0,1
13613.0,2022-01-13 05:20:00,387.63,387.65,387.55,387.55,500.0,2s,2s,0.0,sell,False,0.5086705202312115,4.163492493946733,28.239017640954685,0.011578080659927173,0.11924735890159596,0.022669556204842744,0.08229323565564073,0.00021250529872469446,62.88181868995307,87.97658888233298,82.56237739332057,98.80501186035778,500.0,0.9399999999999977,1.0,5.189999999999998,12.0,0.013300871348026648,0.9399999999999977,14.0,0.0024307620697680376,4.0,2.5,0.11924735890159596,0.08229323565564073,0.022669556204842744,62.88181868995307,87.97658888233298,82.56237739332057,98.80501186035778,51.54185022026293,22.907488986783523,27.45964128484216,-0.02063823749451386,0.02580312217777471,0.01999999999998181,0.0,0.07999999999998408,0.0,13614.0,13614.0,2022-01-13,2022-01-13 05:20:00,3.6485614759385854,222.0,1.0,best_within_2.0d,13835.0,373.41,0.5832424107187206,4.3760036431226785,32.22527881040892,0.012230020343504162,2.285057100371749,15.890706319702602,0.006381710269403211,0.5086705202312115,5.189999999999998,12.0,0.013300871348026648,0.9399999999999977,14.0,0.0024307620697680376,4.0,0.00402220134195386,1.9444468750000041,16.553125,0.005470102952261012,0.0,1
13614.0,2022-01-13 05:25:00,387.87,387.93,387.78,387.82,4200.0,2s,2s,0.0,sell,False,0.5626204238921035,4.163492493946733,28.239017640954685,0.011578080659927173,0.14755764525462484,0.04111426186167085,0.11489308448898328,0.00029665548569823656,69.88630572338161,88.24289598958214,84.45588359207443,95.81692078459753,4200.0,1.2200000000000273,1.0,5.189999999999998,12.0,0.013300871348026648,1.2200000000000273,15.0,0.003154818856507531,4.0,2.5,0.14755764525462484,0.11489308448898328,0.04111426186167085,69.88630572338161,88.24289598958214,84.45588359207443,95.81692078459753,58.23293172690829,14.859437751002199,29.73685686025798,-0.012890917059842568,0.03868172675229102,0.060000000000002274,0.040000000000020464,0.05000000000001137,0.0,13615.0,13615.0,2022-01-13,2022-01-13 05:25:00,3.7156412768810188,221.0,1.0,best_within_2.0d,13835.0,373.41,0.5832424107187206,4.3760036431226785,32.22527881040892,0.012230020343504162,2.285057100371749,15.890706319702602,0.006381710269403211,0.5626204238921035,5.189999999999998,12.0,0.013300871348026648,1.2200000000000273,15.0,0.003154818856507531,4.0,0.00402220134195386,1.9444468750000041,16.553125,0.005470102952261012,0.0,1
13615.0,2022-01-13 05:30:00,387.81,388.03,387.81,387.93,1597.0,1p,"1p,2s",0.0,sell,False,0.7040789999930541,1.3199999999999932,16.0,0.003413410566057235,0.1708569929727354,0.06247138598326278,0.14789988246963048,0.0003818330821452104,72.1889195716583,89.07551090663601,85.99575936359494,95.23501399271817,1597.0,1.3199999999999932,0.0,1.3199999999999932,16.0,0.003413410566057235,1.3199999999999932,0.0,0.0,1.0,1.0,0.1708569929727354,0.14789988246963048,0.06247138598326278,72.1889195716583,89.07551090663601,85.99575936359494,95.23501399271817,52.45901639344278,15.163934426227732,31.552189595348075,0.030942987545448684,0.056728810499979486,0.0999999999999659,0.0,0.12000000000000455,1.0,13616.0,13616.0,2022-01-13,2022-01-13 05:30:00,3.7429433145155,220.0,1.0,best_within_2.0d,13835.0,373.41,0.5832424107187206,4.3760036431226785,32.22527881040892,0.012230020343504162,2.285057100371749,15.890706319702602,0.006381710269403211,0.5818882466281278,5.189999999999998,12.0,0.013300871348026648,1.3199999999999932,16.0,0.003413410566057235,4.0,0.00402220134195386,1.9444468750000041,16.553125,0.005470102952261012,0.0,1
13615.0,2022-01-13 05:30:00,387.81,388.03,387.81,387.93,1597.0,2s,"1p,2s",0.0,sell,False,0.7040789999930541,1.3199999999999932,16.0,0.003413410566057235,0.1708569929727354,0.06247138598326278,0.14789988246963048,0.0003818330821452104,72.1889195716583,89.07551090663601,85.99575936359494,95.23501399271817,1597.0,1.3199999999999932,0.0,1.3199999999999932,16.0,0.003413410566057235,1.3199999999999932,0.0,0.0,1.0,1.0,0.1708569929727354,0.14789988246963048,0.06247138598326278,72.1889195716583,89.07551090663601,85.99575936359494,95.23501399271817,52.45901639344278,15.163934426227732,31.552189595348075,0.030942987545448684,0.056728810499979486,0.0999999999999659,0.0,0.12000000000000455,1.0,13616.0,13616.0,2022-01-13,2022-01-13 05:30:00,3.7429433145155,220.0,1.0,best_within_2.0d,13835.0,373.41,0.5832424107187206,4.3760036431226785,32.22527881040892,0.012230020343504162,2.285057100371749,15.890706319702602,0.006381710269403211,0.5818882466281278,5.189999999999998,12.0,0.013300871348026648,1.3199999999999932,16.0,0.003413410566057235,4.0,0.00402220134195386,1.9444468750000041,16.553125,0.005470102952261012,0.0,1
13617.0,2022-01-13 05:40:00,387.89,388.04,387.89,387.95,2550.0,1p,"1p,2s",0.0,sell,False,0.7040789999930548,1.330000000000041,18.0,0.0034392697370123375,0.1663604868206253,0.10438933696775461,0.18756958037806726,0.0004841458647339579,71.15353489341375,87.39548488288506,86.82215833472937,88.54213797919644,2550.0,1.330000000000041,0.0,1.330000000000041,18.0,0.0034392697370123375,1.330000000000041,0.0,0.0,1.0,1.0,0.1663604868206253,0.18756958037806726,0.10438933696775461,71.15353489341375,87.39548488288506,86.82215833472937,88.54213797919644,53.13807531380834,15.481171548115425,34.591671241073676,0.01546830286937077,0.03867075717343425,0.09000000000003183,0.0,0.060000000000002274,1.0,13618.0,13618.0,2022-01-13,2022-01-13 05:40:00,3.7479056579456023,218.0,1.0,best_within_2.0d,13835.0,373.41,0.5832424107187206,4.3760036431226785,32.22527881040892,0.012230020343504162,2.285057100371749,15.890706319702602,0.006381710269403211,0.5838150289017401,5.189999999999998,12.0,0.013300871348026648,1.330000000000041,18.0,0.0034392697370123375,4.0,0.00402220134195386,1.9444468750000041,16.553125,0.005470102952261012,1.0,1
13617.0,2022-01-13 05:40:00,387.89,388.04,387.89,387.95,2550.0,2s,"1p,2s",0.0,sell,False,0.7040789999930548,1.330000000000041,18.0,0.0034392697370123375,0.1663604868206253,0.10438933696775461,0.18756958037806726,0.0004841458647339579,71.15353489341375,87.39548488288506,86.82215833472937,88.54213797919644,2550.0,1.330000000000041,0.0,1.330000000000041,18.0,0.0034392697370123375,1.330000000000041,0.0,0.0,1.0,1.0,0.1663604868206253,0.18756958037806726,0.10438933696775461,71.15353489341375,87.39548488288506,86.82215833472937,88.54213797919644,53.13807531380834,15.481171548115425,34.591671241073676,0.01546830286937077,0.03867075717343425,0.09000000000003183,0.0,0.060000000000002274,1.0,13618.0,13618.0,2022-01-13,2022-01-13 05:40:00,3.7479056579456023,218.0,1.0,best_within_2.0d,13835.0,373.41,0.5832424107187206,4.3760036431226785,32.22527881040892,0.012230020343504162,2.285057100371749,15.890706319702602,0.006381710269403211,0.5838150289017401,5.189999999999998,12.0,0.013300871348026648,1.330000000000041,18.0,0.0034392697370123375,4.0,0.00402220134195386,1.9444468750000041,16.553125,0.005470102952261012,0.0,1
13625.0,2022-01-13 06:20:00,387.55,387.55,387.42,387.43,2696.0,2s,2s,1.0,buy,False,0.37662337662336126,4.163492493946733,28.239017640954685,0.011578080659927173,-0.061147768007868086,0.13384487690362915,0.1032709928996951,0.000266484994947273,46.775890411125,28.331900857774443,43.850209762652966,-2.704716951982604,2696.0,0.6200000000000045,1.0,1.5400000000000205,10.0,0.003984888474874555,0.6200000000000045,9.0,0.0015977734254200714,1.0,2.5,-0.061147768007868086,0.1032709928996951,0.13384487690362915,46.775890411125,28.331900857774443,43.850209762652966,-2.704716951982604,38.19742489270354,32.618025751070356,33.57023878565532,-0.030963746613341385,0.03355531464560308,0.0,0.009999999999990905,0.12000000000000455,0.0,13626.0,13626.0,2022-01-13,2022-01-13 06:20:00,0.6710889709108654,222.0,1.0,best_within_2.0d,13847.0,390.03,0.5832424107187206,4.3760036431226785,32.22527881040892,0.012230020343504162,2.285057100371749,15.890706319702602,0.006381710269403211,0.37662337662336126,1.5400000000000205,10.0,0.003984888474874555,0.6200000000000045,9.0,0.0015977734254200714,1.0,0.00402220134195386,1.9444468750000041,16.553125,0.005470102952261012,0.0,0
13626.0,2022-01-13 06:25:00,387.38,387.39,387.15,387.15,8117.0,2s,2s,1.0,buy,False,0.5519480519480594,4.163492493946733,28.239017640954685,0.011578080659927173,-0.12287027334283285,0.11848609273577504,0.057050956064358616,0.00014722748720316645,39.22636876328477,18.887933905182962,35.529451143496296,-14.395100571443706,8117.0,0.8900000000000432,1.0,1.5400000000000205,10.0,0.003984888474874555,0.8900000000000432,10.0,0.0022935779816514873,1.0,2.5,-0.12287027334283285,0.057050956064358616,0.11848609273577504,39.22636876328477,18.887933905182962,35.529451143496296,-14.395100571443706,32.270916334661564,41.035856573704244,32.02640185376058,-0.05937322525685843,0.061991476172028694,0.009999999999990905,0.0,0.2300000000000182,0.0,13627.0,13627.0,2022-01-13,2022-01-13 06:25:00,0.743897714064315,221.0,1.0,best_within_2.0d,13847.0,390.03,0.5832424107187206,4.3760036431226785,32.22527881040892,0.012230020343504162,2.285057100371749,15.890706319702602,0.006381710269403211,0.5519480519480594,1.5400000000000205,10.0,0.003984888474874555,0.8900000000000432,10.0,0.0022935779816514873,1.0,0.00402220134195386,1.9444468750000041,16.553125,0.005470102952261012,1.0,0
13631.0,2022-01-13 06:55:00,387.15,387.2,386.99,387.01,12850.0,2s,2s,1.0,buy,False,0.6558441558441412,4.163492493946733,28.239017640954685,0.011578080659927173,-0.165796494932915,0.029813531592251242,-0.05308471587420627,-0.00013702362010796002,37.02936204854193,11.916226834759051,19.625491239153963,-3.5023019740307717,12850.0,1.0500000000000114,1.0,1.5400000000000205,10.0,0.003984888474874555,1.0500000000000114,15.0,0.0027059066075662596,1.0,2.5,-0.165796494932915,-0.05308471587420627,0.029813531592251242,37.02936204854193,11.916226834759051,19.625491239153963,-3.5023019740307717,10.460251046025164,55.648535564853205,35.76069680877346,-0.03616169443367851,0.054264968087025384,0.05000000000001137,0.01999999999998181,0.13999999999998636,0.0,13632.0,13632.0,2022-01-13,2022-01-13 06:55:00,0.78034159324048,216.0,1.0,best_within_2.0d,13847.0,390.03,0.5832424107187206,4.3760036431226785,32.22527881040892,0.012230020343504162,2.285057100371749,15.890706319702602,0.006381710269403211,0.6558441558441412,1.5400000000000205,10.0,0.003984888474874555,1.0500000000000114,15.0,0.0027059066075662596,1.0,0.00402220134195386,1.9444468750000041,16.553125,0.005470102952261012,1.0,0
13637.0,2022-01-13 07:25:00,387.53,387.61,387.51,387.59,17090.0,2,2,0.0,sell,False,0.5904761904761884,4.163492493946733,28.239017640954685,0.011578080659927173,0.021074302387249777,-0.017136691198140236,-0.006599540004515347,-1.703485698772145e-05,56.1838545408723,78.16843883801948,58.520265057953885,117.46478639815068,17090.0,0.6200000000000045,1.0,1.0500000000000114,15.0,0.0027059066075662596,0.6200000000000045,7.0,0.0016021085816171079,2.0,2.0,0.021074302387249777,-0.006599540004515347,-0.017136691198140236,56.1838545408723,78.16843883801948,58.520265057953885,117.46478639815068,20.2127659574446,36.87943262411429,36.00859576981004,0.015482672309241163,0.0258057856571502,0.020000000000038654,0.01999999999998181,0.060000000000002274,1.0,13638.0,13638.0,2022-01-13,2022-01-13 07:25:00,3.6585051213911477,198.0,1.0,best_within_2.0d,13835.0,373.41,0.5904761904761884,1.0500000000000114,15.0,0.0027059066075662596,0.6200000000000045,7.0,0.0016021085816171079,0.4929364202292669,5.6011759621451125,36.843533123028394,0.015614239272951093,2.82998018927445,22.52492113564669,0.007835530045022196,1.8630914826498424,0.00402220134195386,1.9444468750000041,16.553125,0.005470102952261012,0.0,1
13638.0,2022-01-13 07:30:00,387.62,387.69,387.44,387.69,34143.0,2,2,0.0,sell,False,0.6666666666666486,4.163492493946733,28.239017640954685,0.011578080659927173,0.053726883034450036,-0.010420830818833982,0.016442610698391036,4.2439735892173564e-05,59.04971645926405,85.44562589201298,67.49538533597358,121.3461070040918,34143.0,0.6999999999999886,1.0,1.0500000000000114,15.0,0.0027059066075662596,0.6999999999999886,8.0,0.0018088322695676597,2.0,2.0,0.053726883034450036,0.016442610698391036,-0.010420830818833982,59.04971645926405,85.44562589201298,67.49538533597358,121.3461070040918,23.049645390068154,30.85106382978949,34.47038780129045,0.018058923688146426,0.06452612017344621,0.0,0.18000000000000682,0.06999999999999318,1.0,13639.0,13639.0,2022-01-13,2022-01-13 07:30:00,3.6833552580670053,197.0,1.0,best_within_2.0d,13835.0,373.41,0.6666666666666486,1.0500000000000114,15.0,0.0027059066075662596,0.6999999999999886,8.0,0.0018088322695676597,0.4929364202292669,5.6011759621451125,36.843533123028394,0.015614239272951093,2.82998018927445,22.52492113564669,0.007835530045022196,1.8630914826498424,0.00402220134195386,1.9444468750000041,16.553125,0.005470102952261012,0.0,1
13639.0,2022-01-13 07:35:00,387.67,387.69,387.57,387.64,13275.0,2,2,0.0,sell,False,0.6666666666666486,4.163492493946733,28.239017640954685,0.011578080659927173,0.06518467907929437,-0.002272745933922185,0.030319593605725004,7.825429748985449e-05,57.04080218719337,87.91613154705568,74.30230073966761,115.14379316183184,13275.0,0.6999999999999886,1.0,1.0500000000000114,15.0,0.0027059066075662596,0.6999999999999886,9.0,0.0018088322695676597,2.0,2.0,0.06518467907929437,0.030319593605725004,-0.002272745933922185,57.04080218719337,87.91613154705568,74.30230073966761,115.14379316183184,23.550724637678353,25.00000000000206,32.22143686026083,-0.007738540511267201,0.030962148773126027,0.01999999999998181,0.06999999999999318,0.03000000000002956,0.0,13640.0,13640.0,2022-01-13,2022-01-13 07:35:00,3.670931792384677,196.0,1.0,best_within_2.0d,13835.0,373.41,0.6666666666666486,1.0500000000000114,15.0,0.0027059066075662596,0.6999999999999886,9.0,0.0018088322695676597,0.4929364202292669,5.6011759621451125,36.843533123028394,0.015614239272951093,2.82998018927445,22.52492113564669,0.007835530045022196,1.8630914826498424,0.00402220134195386,1.9444468750000041,16.553125,0.005470102952261012,0.0,1
13640.0,2022-01-13 07:40:00,387.64,387.83,387.63,387.83,25150.0,2,2,0.0,sell,False,0.7999999999999675,4.163492493946733,28.239017640954685,0.011578080659927173,0.09324126770836748,0.009382412529623749,0.05600304638380749,0.0001445322909753058,62.2908006795522,91.94408769803712,80.18289639245745,115.46647030919644,25150.0,0.839999999999975,1.0,1.0500000000000114,15.0,0.0027059066075662596,0.839999999999975,10.0,0.0021705987234811623,2.0,2.0,0.09324126770836748,0.05600304638380749,0.009382412529623749,62.2908006795522,91.94408769803712,80.18289639245745,115.46647030919644,29.477611940295578,15.671641791045662,32.104085112862705,0.049014549582085884,0.05159559373629198,0.0,0.009999999999990905,0.18999999999999773,1.0,13641.0,13641.0,2022-01-13,2022-01-13 07:40:00,3.718123920274337,195.0,1.0,best_within_2.0d,13835.0,373.41,0.7999999999999675,1.0500000000000114,15.0,0.0027059066075662596,0.839999999999975,10.0,0.0021705987234811623,0.4929364202292669,5.6011759621451125,36.843533123028394,0.015614239272951093,2.82998018927445,22.52492113564669,0.007835530045022196,1.8630914826498424,0.00402220134195386,1.9444468750000041,16.553125,0.005470102952261012,0.0,1
13641.0,2022-01-13 07:45:00,387.76,387.85,387.7,387.78,15596.0,2,2,0.0,sell,False,0.8190476190476231,4.163492493946733,28.239017640954685,0.011578080659927173,0.09938589087763824,0.021805648889328528,0.07149859432814765,0.00018451243696197605,60.20563186491164,91.71272513202271,84.0261726389792,107.08583011810975,15596.0,0.8600000000000136,1.0,1.0500000000000114,15.0,0.0027059066075662596,0.8600000000000136,11.0,0.0022222796454689103,2.0,2.0,0.09938589087763824,0.07149859432814765,0.021805648889328528,60.20563186491164,91.71272513202271,84.0261726389792,107.08583011810975,30.196078431370143,16.470588235295036,31.91177651236367,0.00515782958530581,0.038689708537537816,0.07000000000005002,0.060000000000002274,0.01999999999998181,1.0,13642.0,13642.0,2022-01-13,2022-01-13 07:45:00,3.7057094228686234,194.0,1.0,best_within_2.0d,13835.0,373.41,0.8190476190476231,1.0500000000000114,15.0,0.0027059066075662596,0.8600000000000136,11.0,0.0022222796454689103,0.4929364202292669,5.6011759621451125,36.843533123028394,0.015614239272951093,2.82998018927445,22.52492113564669,0.007835530045022196,1.8630914826498424,0.00402220134195386,1.9444468750000041,16.553125,0.005470102952261012,1.0,1
13649.0,2022-01-13 08:25:00,387.71,387.85,387.65,387.65,8399.0,2,2,0.0,sell,False,0.8190476190476231,4.163492493946733,28.239017640954685,0.011578080659927173,0.02112009538948241,0.04770846714741347,0.05826851484215467,0.0001503505528226398,53.50631602532272,84.50065633459651,81.29861201924685,90.90474496529586,8399.0,0.8600000000000136,1.0,1.0500000000000114,15.0,0.0027059066075662596,0.8600000000000136,19.0,0.0022222796454689103,2.0,2.0,0.02112009538948241,0.05826851484215467,0.04770846714741347,53.50631602532272,84.50065633459651,81.29861201924685,90.90474496529586,18.253805018511162,34.965034965032565,30.159586007156744,-0.01547548425369536,0.051592931768359475,0.1400000000000432,0.0,0.060000000000002274,0.0,13650.0,13650.0,2022-01-13,2022-01-13 08:25:00,3.673416741906347,186.0,1.0,best_within_2.0d,13835.0,373.41,0.8190476190476231,1.0500000000000114,15.0,0.0027059066075662596,0.8600000000000136,19.0,0.0022222796454689103,0.4929364202292669,5.6011759621451125,36.843533123028394,0.015614239272951093,2.82998018927445,22.52492113564669,0.007835530045022196,1.8630914826498424,0.00402220134195386,1.9444468750000041,16.553125,0.005470102952261012,0.0,1
13650.0,2022-01-13 08:30:00,387.58,388.45,387.51,388.01,244106.0,1,1,0.0,sell,False,0.40955623929123275,1.4599999999999795,20.0,0.00377270730509827,0.06113109762680265,0.055349854350763804,0.08591540316416513,0.00022166851810814957,62.710177848547154,82.33377088973104,81.64366497607492,83.71398271704328,244106.0,1.4599999999999795,1.0,1.4599999999999795,20.0,0.00377270730509827,1.4599999999999795,20.0,0.00377270730509827,1.0,1.0,0.06113109762680265,0.08591540316416513,0.055349854350763804,62.710177848547154,82.33377088973104,81.64366497607492,83.71398271704328,28.605118350946846,27.29496025853702,28.172740578074123,0.11094483719490346,0.24257438517715615,0.4399999999999977,0.06999999999999318,0.4300000000000068,1.0,13651.0,13651.0,2022-01-13,2022-01-13 08:30:00,3.7627896188242484,185.0,1.0,best_within_2.0d,13835.0,373.41,0.5832424107187206,4.3760036431226785,32.22527881040892,0.012230020343504162,2.285057100371749,15.890706319702602,0.006381710269403211,0.4929364202292669,5.6011759621451125,36.843533123028394,0.015614239272951093,2.82998018927445,22.52492113564669,0.007835530045022196,1.8630914826498424,0.00402220134195386,1.9444468750000041,16.553125,0.005470102952261012,0.0,1
13653.0,2022-01-13 08:45:00,379.47,379.54,377.2182,377.77,1926042.0,1p,1p,1.0,buy,False,1.2726729661818699,6.2117999999999824,56.0,0.016200610280885645,-0.3652488634116704,-0.671797623547616,-0.8544220552534512,-0.0022463452280704972,27.839702409558527,29.221171622151118,26.328634578400838,35.00624570965168,1926042.0,6.2117999999999824,0.0,6.2117999999999824,56.0,0.016200610280885645,6.2117999999999824,0.0,0.0,1.0,1.0,-0.3652488634116704,-0.8544220552534512,-0.671797623547616,27.839702409558527,29.221171622151118,26.328634578400838,35.00624570965168,4.440309765664478,43.42921318180349,74.47507007216187,-0.4479932537486614,0.6155058266011544,0.06999999999999318,0.5517999999999574,1.7000000000000455,0.0,13654.0,13654.0,2022-01-13,2022-01-13 08:45:00,3.8519968071684167,182.0,1.0,best_within_2.0d,13835.0,373.41,0.5832424107187206,4.3760036431226785,32.22527881040892,0.012230020343504162,2.285057100371749,15.890706319702602,0.006381710269403211,0.4929364202292669,5.6011759621451125,36.843533123028394,0.015614239272951093,2.82998018927445,22.52492113564669,0.007835530045022196,1.8630914826498424,0.00402220134195386,1.9444468750000041,16.553125,0.005470102952261012,0.0,0
13653.0,2022-01-13 08:45:00,384.025,384.07,383.36,383.816,452099.0,2,2,1.0,buy,False,0.2834877155323279,4.163492493946733,28.239017640954685,0.011578080659927173,-0.516790079565014,0.7944616490942245,0.5360666093117175,0.0013970702821976412,51.45298962411647,30.922369554780367,33.99937757997937,24.76835350438236,452099.0,2.430000000000007,1.0,8.571799999999996,29.0,0.022723717996639598,2.430000000000007,14.0,0.0062987635760387945,2.0,2.0,-0.516790079565014,0.5360666093117175,0.7944616490942245,51.45298962411647,30.922369554780367,33.99937757997937,24.76835350438236,6.418123881050733,26.91108083458131,48.75072650243408,-0.054423540134106684,0.18520450751251552,0.045000000000015916,0.45599999999996044,0.20900000000000318,0.0,13654.0,13654.0,2022-01-13,2022-01-13 08:45:00,3.8519968071684167,182.0,1.0,best_within_2.0d,13835.0,373.41,0.2834877155323279,8.571799999999996,29.0,0.022723717996639598,2.430000000000007,14.0,0.0062987635760387945,0.4929364202292669,5.6011759621451125,36.843533123028394,0.015614239272951093,2.82998018927445,22.52492113564669,0.007835530045022196,1.8630914826498424,0.00402220134195386,1.9444468750000041,16.553125,0.005470102952261012,0.0,0
13653.0,2022-01-13 08:45:00,384.825,384.825,384.18,384.4,415131.0,2s,2s,1.0,buy,False,0.18782519424158453,4.163492493946733,28.239017640954685,0.011578080659927173,-0.22821065700091236,0.344415094753869,0.23030976625341282,0.0005989923132045578,49.01015795215573,39.237059632484375,47.714488660883504,22.282201575686116,415131.0,1.170000000000016,1.0,8.571799999999996,29.0,0.022723717996639598,1.170000000000016,10.0,0.0030362008563643854,1.0,2.5,-0.22821065700091236,0.23030976625341282,0.344415094753869,49.01015795215573,39.237059632484375,47.714488660883504,22.282201575686116,10.582268604312159,20.320881693161898,34.31105439780371,-0.1104398103033876,0.16789005153833667,0.0,0.21999999999997044,0.42500000000001137,0.0,13654.0,13654.0,2022-01-13,2022-01-13 08:45:00,3.8519968071684167,182.0,1.0,best_within_2.0d,13835.0,373.41,0.5832424107187206,4.3760036431226785,32.22527881040892,0.012230020343504162,2.285057100371749,15.890706319702602,0.006381710269403211,0.18782519424158453,8.571799999999996,29.0,0.022723717996639598,1.170000000000016,10.0,0.0030362008563643854,1.0,0.00402220134195386,1.9444468750000041,16.553125,0.005470102952261012,0.0,0
13653.0,2022-01-13 08:45:00,385.79,385.87,380.11,385.81,61607.0,2s,2s,1.0,buy,False,0.662637952355399,4.163492493946733,28.239017640954685,0.011578080659927173,0.006897493129512489,0.255535745635073,0.2589844921998292,0.0006721331740905103,59.49767316541039,80.80642203706384,67.09207715337067,108.23511180445018,61607.0,5.879899999999964,1.0,8.571799999999996,29.0,0.022723717996639598,5.879899999999964,14.0,0.015233300145936367,2.0,2.5,0.006897493129512489,0.2589844921998292,0.255535745635073,59.49767316541039,80.80642203706384,67.09207715337067,108.23511180445018,10.219393521597828,54.660008176156,27.585475137601225,0.005184167552290575,1.5153508194996161,0.060000000000002274,5.680000000000007,0.01999999999998181,1.0,13654.0,13654.0,2022-01-13,2022-01-13 08:45:00,3.8519968071684167,182.0,1.0,best_within_2.0d,13835.0,373.41,0.5832424107187206,4.3760036431226785,32.22527881040892,0.012230020343504162,2.285057100371749,15.890706319702602,0.006381710269403211,0.662637952355399,8.571799999999996,29.0,0.022723717996639598,5.879899999999964,14.0,0.015233300145936367,2.0,0.00402220134195386,1.9444468750000041,16.553125,0.005470102952261012,0.0,0
13653.0,2022-01-13 08:45:00,385.62,385.62,385.42,385.42,2518.0,3a,3a,1.0,buy,False,0.00304544744650949,4.163492493946733,28.239017640954685,0.011578080659927173,-0.07610192365848086,0.05286084708876441,0.01480988525952398,3.840698264748233e-05,42.09698274881076,15.43647318295621,28.524525443775392,-10.739631338682152,2518.0,0.6299999999999955,2.0,0.6299999999999955,7.0,0.0016319129646418739,0.6299999999999955,7.0,0.0016319129646418739,3.0,3.0,-0.07610192365848086,0.01480988525952398,0.05286084708876441,42.09698274881076,15.43647318295621,28.524525443775392,-10.739631338682152,32.48407643312058,33.75796178344152,31.99916565262323,-0.05186452984803398,0.05189144310102969,0.0,0.0,0.19999999999998863,0.0,13654.0,13654.0,2022-01-13,2022-01-13 08:45:00,3.8519968071684167,182.0,1.0,best_within_2.0d,13835.0,373.41,0.5832424107187206,4.3760036431226785,32.22527881040892,0.012230020343504162,2.285057100371749,15.890706319702602,0.006381710269403211,0.4929364202292669,5.6011759621451125,36.843533123028394,0.015614239272951093,2.82998018927445,22.52492113564669,0.007835530045022196,1.8630914826498424,0.00304544744650949,0.6299999999999955,7.0,0.0016319129646418739,0.0,0
13653.0,2022-01-13 08:45:00,388.1,388.45,388.1,388.37,79449.0,1,1,0.0,sell,False,0.5786124048357109,1.4599999999999795,23.0,0.00377270730509827,0.14041028755163845,0.09553293249870275,0.16573807627452197,0.0004274851616111845,69.81827484005302,85.1190970986417,82.59264092993624,90.17200943605263,79449.0,1.4599999999999795,1.0,1.4599999999999795,23.0,0.00377270730509827,1.4599999999999795,23.0,0.00377270730509827,1.0,1.0,0.14041028755163845,0.16573807627452197,0.09553293249870275,69.81827484005302,85.1190970986417,82.59264092993624,90.17200943605263,28.267311291328006,24.368371802869166,23.68655113165456,0.06956969853130167,0.09018294254057353,0.07999999999998408,0.0,0.2699999999999818,1.0,13654.0,13654.0,2022-01-13,2022-01-13 08:45:00,3.8519968071684167,182.0,1.0,best_within_2.0d,13835.0,373.41,0.5832424107187206,4.3760036431226785,32.22527881040892,0.012230020343504162,2.285057100371749,15.890706319702602,0.006381710269403211,0.4929364202292669,5.6011759621451125,36.843533123028394,0.015614239272951093,2.82998018927445,22.52492113564669,0.007835530045022196,1.8630914826498424,0.00402220134195386,1.9444468750000041,16.553125,0.005470102952261012,0.0,1
13654.0,2022-01-13 08:50:00,388.37,388.72,388.37,388.64,52699.0,1,1,0.0,sell,False,0.7866228212777034,1.7300000000000182,24.0,0.004470399751931621,0.1908876056012728,0.11939388319886186,0.21483768599949826,0.0005540278933942645,73.96120880175148,88.08934831451637,84.42487672479628,95.41829149395656,52699.0,1.7300000000000182,1.0,1.7300000000000182,24.0,0.004470399751931621,1.7300000000000182,24.0,0.004470399751931621,1.0,1.0,0.1908876056012728,0.21483768599949826,0.11939388319886186,73.96120880175148,88.08934831451637,84.42487672479628,95.41829149395656,29.926509584059435,23.67603606333755,22.827567292619253,0.06952133274969277,0.09012024615702106,0.08000000000004093,0.0,0.2699999999999818,1.0,13655.0,13655.0,2022-01-13,2022-01-13 08:50:00,3.9187937422807644,181.0,1.0,best_within_2.0d,13835.0,373.41,0.5832424107187206,4.3760036431226785,32.22527881040892,0.012230020343504162,2.285057100371749,15.890706319702602,0.006381710269403211,0.4929364202292669,5.6011759621451125,36.843533123028394,0.015614239272951093,2.82998018927445,22.52492113564669,0.007835530045022196,1.8630914826498424,0.00402220134195386,1.9444468750000041,16.553125,0.005470102952261012,0.0,1
13655.0,2022-01-13 08:55:00,388.669,388.8,388.32,388.52,100881.0,1,1,0.0,sell,False,0.8036763764676514,1.8100000000000023,25.0,0.004677123439882173,0.19502594513217886,0.14377212634038422,0.24128509890647365,0.0006221423901117782,69.40152103355662,84.82442342414721,84.55805895791326,85.35715235661513,100881.0,1.8100000000000023,1.0,1.8100000000000023,25.0,0.004677123439882173,1.8100000000000023,25.0,0.004677123439882173,1.0,1.0,0.19502594513217886,0.24128509890647365,0.14377212634038422,69.40152103355662,84.82442342414721,84.55805895791326,85.35715235661513,29.235596120934705,22.28322875071261,22.160941749473658,-0.03833596196249274,0.12360939431397255,0.13100000000002865,0.19999999999998863,0.1490000000000009,0.0,13656.0,13656.0,2022-01-13,2022-01-13 08:55:00,3.8891176773396365,180.0,1.0,best_within_2.0d,13835.0,373.41,0.5832424107187206,4.3760036431226785,32.22527881040892,0.012230020343504162,2.285057100371749,15.890706319702602,0.006381710269403211,0.4929364202292669,5.6011759621451125,36.843533123028394,0.015614239272951093,2.82998018927445,22.52492113564669,0.007835530045022196,1.8630914826498424,0.00402220134195386,1.9444468750000041,16.553125,0.005470102952261012,0.0,1
13657.0,2022-01-13 09:05:00,388.74,388.91,388.61,388.89,21350.0,1,1,0.0,sell,False,0.9402973198651998,1.920000000000016,27.0,0.0049613685108142735,0.22817937528286558,0.19874181407667524,0.31283150171810803,0.0008063296893754614,74.74368855109289,91.57325180361923,87.67781312021583,99.36412917042605,21350.0,1.920000000000016,1.0,1.920000000000016,27.0,0.0049613685108142735,1.920000000000016,27.0,0.0049613685108142735,1.0,1.0,0.22817937528286558,0.31283150171810803,0.19874181407667524,74.74368855109289,91.57325180361923,87.67781312021583,99.36412917042605,31.544647809206,19.412090959511534,22.05846951646047,0.038586201574311176,0.0771982192944112,0.020000000000038654,0.12999999999999545,0.14999999999997726,1.0,13658.0,13658.0,2022-01-13,2022-01-13 09:05:00,3.9805600555426888,178.0,1.0,best_within_2.0d,13835.0,373.41,0.5832424107187206,4.3760036431226785,32.22527881040892,0.012230020343504162,2.285057100371749,15.890706319702602,0.006381710269403211,0.4929364202292669,5.6011759621451125,36.843533123028394,0.015614239272951093,2.82998018927445,22.52492113564669,0.007835530045022196,1.8630914826498424,0.00402220134195386,1.9444468750000041,16.553125,0.005470102952261012,0.0,1
13658.0,2022-01-13 09:10:00,388.93,389.03,388.7,388.72,19363.0,1,1,0.0,sell,False,0.9402973198651836,2.0399999999999636,28.0,0.005271454042740029,0.20130138836933786,0.22390448762284249,0.3245551818075114,0.0008364279002403452,68.56983895781839,87.58392225504551,87.64651616515906,87.45873443481838,19363.0,2.0399999999999636,1.0,2.0399999999999636,28.0,0.005271454042740029,2.0399999999999636,28.0,0.005271454042740029,1.0,1.0,0.20130138836933786,0.3245551818075114,0.22390448762284249,68.56983895781839,87.58392225504551,87.64651616515906,87.45873443481838,41.364605543707775,0.0,27.62572169385615,-0.053994292031979925,0.08489837921275639,0.0999999999999659,0.020000000000038654,0.20999999999997954,0.0,13659.0,13659.0,2022-01-13,2022-01-13 09:10:00,3.938567606503396,177.0,1.0,best_within_2.0d,13835.0,373.41,0.5832424107187206,4.3760036431226785,32.22527881040892,0.012230020343504162,2.285057100371749,15.890706319702602,0.006381710269403211,0.4929364202292669,5.6011759621451125,36.843533123028394,0.015614239272951093,2.82998018927445,22.52492113564669,0.007835530045022196,1.8630914826498424,0.00402220134195386,1.9444468750000041,16.553125,0.005470102952261012,0.0,1
13662.0,2022-01-13 09:30:00,388.75,389.16,388.33,388.72,1165296.0,1,1,0.0,sell,False,0.9402973198648354,2.170000000000016,32.0,0.005607380035659877,0.06767135331701746,0.27758394646382445,0.3114196231223332,0.0008022241568808067,66.47854714974908,63.47097727424352,73.30606670200473,43.800798418721115,1165296.0,2.170000000000016,1.0,2.170000000000016,32.0,0.005607380035659877,2.170000000000016,32.0,0.005607380035659877,1.0,1.0,0.06767135331701746,0.3114196231223332,0.27758394646382445,66.47854714974908,63.47097727424352,73.30606670200473,43.800798418721115,32.89962825278604,8.178438661709828,40.76442301637225,-0.007717041800636068,0.21373574022095662,0.410000000000025,0.3900000000000432,0.029999999999972715,0.0,13663.0,13663.0,2022-01-13,2022-01-13 09:30:00,3.938567606503396,173.0,1.0,best_within_2.0d,13835.0,373.41,0.5832424107187206,4.3760036431226785,32.22527881040892,0.012230020343504162,2.285057100371749,15.890706319702602,0.006381710269403211,0.4929364202292669,5.6011759621451125,36.843533123028394,0.015614239272951093,2.82998018927445,22.52492113564669,0.007835530045022196,1.8630914826498424,0.00402220134195386,1.9444468750000041,16.553125,0.005470102952261012,0.0,1
13663.0,2022-01-13 09:35:00,388.69,389.38,387.88,389.15,1099062.0,1,1,0.0,sell,False,0.9402973198641476,2.3899999999999864,33.0,0.006175870177523931,0.09933723032056052,0.29000110025389453,0.3396697154141748,0.0008748376720434637,73.43287540453149,70.5362070717175,72.38278015857566,66.84306089800117,1099062.0,2.3899999999999864,1.0,2.3899999999999864,33.0,0.006175870177523931,2.3899999999999864,33.0,0.006175870177523931,1.0,1.0,0.09933723032056052,0.3396697154141748,0.29000110025389453,73.43287540453149,70.5362070717175,72.38278015857566,66.84306089800117,25.898203592812695,13.323353293412843,40.14275485108054,0.11834623993413249,0.3867175415076828,0.2300000000000182,0.8100000000000023,0.45999999999997954,1.0,13664.0,13664.0,2022-01-13,2022-01-13 09:35:00,4.044712835667468,172.0,1.0,best_within_2.0d,13835.0,373.41,0.5832424107187206,4.3760036431226785,32.22527881040892,0.012230020343504162,2.285057100371749,15.890706319702602,0.006381710269403211,0.4929364202292669,5.6011759621451125,36.843533123028394,0.015614239272951093,2.82998018927445,22.52492113564669,0.007835530045022196,1.8630914826498424,0.00402220134195386,1.9444468750000041,16.553125,0.005470102952261012,0.0,1
13664.0,2022-01-13 09:40:00,389.11,389.47,388.33,388.96,722383.0,1,1,0.0,sell,False,0.9402973198641663,2.480000000000018,34.0,0.0064084343264684315,0.08443888519579112,0.30055596090336845,0.342775403501264,0.0008827196633107788,66.83497201040373,69.66564748177314,71.47706926630815,66.0428039127031,722383.0,2.480000000000018,1.0,2.480000000000018,34.0,0.0064084343264684315,2.480000000000018,34.0,0.0064084343264684315,1.0,1.0,0.08443888519579112,0.342775403501264,0.30055596090336845,66.83497201040373,69.66564748177314,71.47706926630815,66.0428039127031,17.732558139534174,12.936046511627502,38.392544535041914,-0.03854951042122642,0.2935647516287805,0.36000000000001364,0.6299999999999955,0.1500000000000341,0.0,13665.0,13665.0,2022-01-13,2022-01-13 09:40:00,3.9978403948992067,171.0,1.0,best_within_2.0d,13835.0,373.41,0.5832424107187206,4.3760036431226785,32.22527881040892,0.012230020343504162,2.285057100371749,15.890706319702602,0.006381710269403211,0.4929364202292669,5.6011759621451125,36.843533123028394,0.015614239272951093,2.82998018927445,22.52492113564669,0.007835530045022196,1.8630914826498424,0.00402220134195386,1.9444468750000041,16.553125,0.005470102952261012,1.0,1
13668.0,2022-01-13 10:00:00,388.47,388.67,387.62,387.7,945354.0,2s,2s,1.0,buy,False,0.24675324675324053,4.163492493946733,28.239017640954685,0.011578080659927173,-0.2126495770020177,0.26586098637840966,0.1595361978774008,0.0004108365046744668,38.52634720473164,34.6450602933419,51.57219623002044,0.7907884199848212,945354.0,1.8500000000000227,1.0,1.5400000000000205,10.0,0.003984888474874555,1.8500000000000227,5.0,0.004750044932857531,2.0,2.5,-0.2126495770020177,0.1595361978774008,0.26586098637840966,38.52634720473164,34.6450602933419,51.57219623002044,0.7907884199848212,6.907894736841966,20.833333333332817,34.01263093590786,-0.19821350426031317,0.27088385532222575,0.19999999999998863,0.07999999999998408,0.7700000000000387,0.0,13669.0,13669.0,2022-01-13,2022-01-13 10:00:00,0.6009801392829467,179.0,1.0,best_within_2.0d,13847.0,390.03,0.5832424107187206,4.3760036431226785,32.22527881040892,0.012230020343504162,2.285057100371749,15.890706319702602,0.006381710269403211,0.24675324675324053,1.5400000000000205,10.0,0.003984888474874555,1.8500000000000227,5.0,0.004750044932857531,2.0,0.00402220134195386,1.9444468750000041,16.553125,0.005470102952261012,0.0,0
13669.0,2022-01-13 10:05:00,387.66,387.86,387.34,387.4,1036398.0,2s,2s,1.0,buy,False,0.4285714285714391,4.163492493946733,28.239017640954685,0.011578080659927173,-0.3268663020001378,0.22500269862839245,0.06156954762832356,0.0001585813122822503,34.60105382367618,24.03567399837818,42.39335548613968,-12.67968897714482,1036398.0,2.1300000000000523,1.0,1.5400000000000205,10.0,0.003984888474874555,2.1300000000000523,6.0,0.005468970652425224,2.0,2.5,-0.3268663020001378,0.06156954762832356,0.22500269862839245,34.60105382367618,24.03567399837818,42.39335548613968,-12.67968897714482,6.004366812227108,23.7991266375543,35.84794013384009,-0.06706908115360051,0.13424898022410253,0.19999999999998863,0.060000000000002274,0.26000000000004775,0.0,13670.0,13670.0,2022-01-13,2022-01-13 10:05:00,0.6788848735157449,178.0,1.0,best_within_2.0d,13847.0,390.03,0.5832424107187206,4.3760036431226785,32.22527881040892,0.012230020343504162,2.285057100371749,15.890706319702602,0.006381710269403211,0.4285714285714391,1.5400000000000205,10.0,0.003984888474874555,2.1300000000000523,6.0,0.005468970652425224,2.0,0.00402220134195386,1.9444468750000041,16.553125,0.005470102952261012,0.0,0
13670.0,2022-01-13 10:10:00,387.37,387.3989,386.58,386.71,938022.0,2s,2s,1.0,buy,False,0.9220779220779202,4.163492493946733,28.239017640954685,0.011578080659927173,-0.4734912501882122,0.16581629235486592,-0.07092933273924018,-0.00018274256827853302,27.628599497234433,17.523205964316634,34.103305645532004,-15.6369933981141,938022.0,2.890000000000043,1.0,1.5400000000000205,10.0,0.003984888474874555,2.890000000000043,7.0,0.0074203404626801625,2.0,2.5,-0.4734912501882122,-0.07092933273924018,0.16581629235486592,27.628599497234433,17.523205964316634,34.103305645532004,-15.6369933981141,5.629477993858813,30.09211873080828,38.17889979272048,-0.17037974029997807,0.2118319623363966,0.028900000000021464,0.12999999999999545,0.660000000000025,0.0,13671.0,13671.0,2022-01-13,2022-01-13 10:10:00,0.8585244757053072,177.0,1.0,best_within_2.0d,13847.0,390.03,0.5832424107187206,4.3760036431226785,32.22527881040892,0.012230020343504162,2.285057100371749,15.890706319702602,0.006381710269403211,0.9220779220779202,1.5400000000000205,10.0,0.003984888474874555,2.890000000000043,7.0,0.0074203404626801625,2.0,0.00402220134195386,1.9444468750000041,16.553125,0.005470102952261012,0.0,0
13687.0,2022-01-13 11:35:00,385.29,385.77,385.23,385.68,392829.0,2,2,0.0,sell,False,0.4012944983818703,4.163492493946733,28.239017640954685,0.011578080659927173,0.31576697716553714,-0.8680794000221962,-0.7101959114394276,-0.0018409934647825525,48.731610881273355,74.10757495936912,52.10058169575628,118.12156148659479,392829.0,2.4799999999999613,1.0,6.180000000000007,15.0,0.015867717667599576,2.4799999999999613,10.0,0.00647029664222902,2.0,2.0,0.31576697716553714,-0.7101959114394276,-0.8680794000221962,48.731610881273355,74.10757495936912,52.10058169575628,118.12156148659479,12.90353860842587,25.95103831006086,60.053558440346684,0.10122245581250132,0.14017599875398168,0.08999999999997499,0.060000000000002274,0.38999999999998636,1.0,13688.0,13688.0,2022-01-13,2022-01-13 11:35:00,3.1813939016801447,148.0,1.0,best_within_2.0d,13835.0,373.41,0.4012944983818703,6.180000000000007,15.0,0.015867717667599576,2.4799999999999613,10.0,0.00647029664222902,0.4929364202292669,5.6011759621451125,36.843533123028394,0.015614239272951093,2.82998018927445,22.52492113564669,0.007835530045022196,1.8630914826498424,0.00402220134195386,1.9444468750000041,16.553125,0.005470102952261012,0.0,1
13688.0,2022-01-13 11:40:00,385.68,385.81,385.29,385.45,231822.0,2,2,0.0,sell,False,0.40776699029125874,4.163492493946733,28.239017640954685,0.011578080659927173,0.3868745811055754,-0.8197200773839992,-0.6262827868312115,-0.001623570132469926,46.66601546968094,77.86033452575805,60.687165972423536,112.20667163242707,231822.0,2.519999999999982,1.0,6.180000000000007,15.0,0.015867717667599576,2.519999999999982,11.0,0.006574656265490834,2.0,2.0,0.3868745811055754,-0.6262827868312115,-0.8197200773839992,46.66601546968094,77.86033452575805,60.687165972423536,112.20667163242707,14.289058967900553,23.163308144416376,57.4565015376156,-0.05963493051234655,0.13496327441666844,0.12999999999999545,0.15999999999996817,0.2300000000000182,0.0,13689.0,13689.0,2022-01-13,2022-01-13 11:40:00,3.123621740822406,147.0,1.0,best_within_2.0d,13835.0,373.41,0.40776699029125874,6.180000000000007,15.0,0.015867717667599576,2.519999999999982,11.0,0.006574656265490834,0.4929364202292669,5.6011759621451125,36.843533123028394,0.015614239272951093,2.82998018927445,22.52492113564669,0.007835530045022196,1.8630914826498424,0.00402220134195386,1.9444468750000041,16.553125,0.005470102952261012,1.0,1
13695.0,2022-01-13 12:15:00,383.5,383.5299,381.46,381.75,1833501.0,1p,1p,1.0,buy,False,0.3609289690928186,4.350000000000023,8.0,0.01127497991239217,-0.29493170248315237,-0.6665018034134401,-0.8139676546550163,-0.0021141573151615438,26.962120011109647,22.295073415737985,40.527601146833575,-14.1699820464532,1833501.0,4.350000000000023,0.0,4.350000000000023,8.0,0.01127497991239217,4.350000000000023,0.0,0.0,1.0,1.0,-0.29493170248315237,-0.8139676546550163,-0.6665018034134401,26.962120011109647,22.295073415737985,40.527601146833575,-14.1699820464532,13.180268649673529,36.85593640927242,44.53271304966394,-0.45632333767926986,0.5426257012530851,0.029899999999997817,0.29000000000002046,1.75,0.0,13696.0,13696.0,2022-01-13,2022-01-13 12:15:00,2.1689587426326056,152.0,1.0,best_within_2.0d,13847.0,390.03,0.5832424107187206,4.3760036431226785,32.22527881040892,0.012230020343504162,2.285057100371749,15.890706319702602,0.006381710269403211,0.4929364202292669,5.6011759621451125,36.843533123028394,0.015614239272951093,2.82998018927445,22.52492113564669,0.007835530045022196,1.8630914826498424,0.00402220134195386,1.9444468750000041,16.553125,0.005470102952261012,0.0,0
13696.0,2022-01-13 12:20:00,381.75,381.75,380.71,381.25,1646071.0,1p,1p,1.0,buy,False,0.6305460159111074,5.100000000000023,9.0,0.013218941966252878,-0.515248223034176,-0.7309078312927121,-0.9885319428098001,-0.0025694193264102386,25.205801229865685,18.392794041864658,33.14933211184393,-11.120282098093895,1646071.0,5.100000000000023,0.0,5.100000000000023,9.0,0.013218941966252878,5.100000000000023,0.0,0.0,1.0,1.0,-0.515248223034176,-0.9885319428098001,-0.7309078312927121,25.205801229865685,18.392794041864658,33.14933211184393,-11.120282098093895,13.084459377599883,38.8495367939852,44.89546193980683,-0.13097576948264572,0.2731738068346039,0.0,0.5400000000000205,0.5,0.0,13697.0,13697.0,2022-01-13,2022-01-13 12:20:00,2.302950819672124,151.0,1.0,best_within_2.0d,13847.0,390.03,0.5832424107187206,4.3760036431226785,32.22527881040892,0.012230020343504162,2.285057100371749,15.890706319702602,0.006381710269403211,0.4929364202292669,5.6011759621451125,36.843533123028394,0.015614239272951093,2.82998018927445,22.52492113564669,0.007835530045022196,1.8630914826498424,0.00402220134195386,1.9444468750000041,16.553125,0.005470102952261012,0.0,0
13698.0,2022-01-13 12:30:00,380.97,381.58,380.3699,381.55,1076285.0,1p,1p,1.0,buy,False,0.7921119260273886,5.4401000000000295,11.0,0.014100463958943597,-0.6087265432532138,-0.8879075464152271,-1.192270818041834,-0.0031029560576994685,30.078743875163326,17.014936098955737,23.545059061653713,3.954690173559783,1076285.0,5.4401000000000295,0.0,5.4401000000000295,11.0,0.014100463958943597,5.4401000000000295,0.0,0.0,1.0,1.0,-0.6087265432532138,-1.192270818041834,-0.8879075464152271,30.078743875163326,17.014936098955737,23.545059061653713,3.954690173559783,7.514659746062197,43.2819763144503,47.0309049070042,0.152242958763153,0.3181376864993816,0.029999999999972715,0.6001000000000545,0.5799999999999841,1.0,13699.0,13699.0,2022-01-13,2022-01-13 12:30:00,2.222513432053456,149.0,1.0,best_within_2.0d,13847.0,390.03,0.5832424107187206,4.3760036431226785,32.22527881040892,0.012230020343504162,2.285057100371749,15.890706319702602,0.006381710269403211,0.4929364202292669,5.6011759621451125,36.843533123028394,0.015614239272951093,2.82998018927445,22.52492113564669,0.007835530045022196,1.8630914826498424,0.00402220134195386,1.9444468750000041,16.553125,0.005470102952261012,0.0,0
13701.0,2022-01-13 12:45:00,380.92,381.37,380.07,380.365,882808.0,1p,1p,1.0,buy,False,0.7921119260273886,5.740000000000009,14.0,0.014877789585547314,-0.543065256436706,-1.0885389219493216,-1.3600715501676746,-0.003545982181420553,25.24230382705531,13.371318729893275,17.929901407164092,4.254153375351642,882808.0,5.740000000000009,0.0,5.740000000000009,14.0,0.014877789585547314,5.740000000000009,0.0,0.0,1.0,1.0,-0.543065256436706,-1.3600715501676746,-1.0885389219493216,25.24230382705531,13.371318729893275,17.929901407164092,4.254153375351642,2.803837468362562,47.438656582956185,54.01502341238683,-0.14569988449018345,0.34204225537401306,0.44999999999998863,0.2950000000000159,0.5550000000000068,0.0,13702.0,13702.0,2022-01-13,2022-01-13 12:45:00,2.540980374114328,146.0,1.0,best_within_2.0d,13847.0,390.03,0.5832424107187206,4.3760036431226785,32.22527881040892,0.012230020343504162,2.285057100371749,15.890706319702602,0.006381710269403211,0.4929364202292669,5.6011759621451125,36.843533123028394,0.015614239272951093,2.82998018927445,22.52492113564669,0.007835530045022196,1.8630914826498424,0.00402220134195386,1.9444468750000041,16.553125,0.005470102952261012,1.0,0
13722.0,2022-01-13 14:30:00,380.9099,381.06,380.27,380.91,841786.0,2,2,1.0,buy,False,0.9307958477508687,4.163492493946733,28.239017640954685,0.011578080659927173,0.050129250617299226,-0.47032189461426366,-0.44525726930561405,-0.001165554669238932,37.47422692927969,26.501379607402043,38.2958104673713,2.9125178874635367,841786.0,2.6899999999999977,1.0,2.8899999999999864,16.0,0.007603862446391418,2.6899999999999977,7.0,0.007024232295801122,2.0,2.0,0.050129250617299226,-0.44525726930561405,-0.47032189461426366,37.47422692927969,26.501379607402043,38.2958104673713,2.9125178874635367,14.450719472215884,25.684494326944147,34.623750266576316,2.6252927537914183e-05,0.20774712704131815,0.14999999999997726,0.6399000000000115,0.00010000000003174137,1.0,13723.0,13723.0,2022-01-13,2022-01-13 14:30:00,2.3942663621327736,125.0,1.0,best_within_2.0d,13847.0,390.03,0.9307958477508687,2.8899999999999864,16.0,0.007603862446391418,2.6899999999999977,7.0,0.007024232295801122,0.4929364202292669,5.6011759621451125,36.843533123028394,0.015614239272951093,2.82998018927445,22.52492113564669,0.007835530045022196,1.8630914826498424,0.00402220134195386,1.9444468750000041,16.553125,0.005470102952261012,0.0,0
13723.0,2022-01-13 14:35:00,380.9119,381.01,380.15,380.19,411181.0,2,2,1.0,buy,False,0.9723183391003514,4.163492493946733,28.239017640954685,0.011578080659927173,-0.08299957613586761,-0.4806968416312471,-0.5221966296991809,-0.0013674430754100147,32.369491302999634,18.142082253096266,31.577901062612952,-8.729555365937102,411181.0,2.8100000000000023,1.0,2.8899999999999864,16.0,0.007603862446391418,2.8100000000000023,8.0,0.007337580948401928,2.0,2.0,-0.08299957613586761,-0.5221966296991809,-0.4806968416312471,32.369491302999634,18.142082253096266,31.577901062612952,-8.729555365937102,14.93892460857807,25.39089306263821,34.00178455942771,-0.18951888875091724,0.2262264895436048,0.09809999999998809,0.040000000000020464,0.7219000000000051,0.0,13724.0,13724.0,2022-01-13,2022-01-13 14:35:00,2.588179594413313,124.0,1.0,best_within_2.0d,13847.0,390.03,0.9723183391003514,2.8899999999999864,16.0,0.007603862446391418,2.8100000000000023,8.0,0.007337580948401928,0.4929364202292669,5.6011759621451125,36.843533123028394,0.015614239272951093,2.82998018927445,22.52492113564669,0.007835530045022196,1.8630914826498424,0.00402220134195386,1.9444468750000041,16.553125,0.005470102952261012,0.0,0
13724.0,2022-01-13 14:40:00,380.1999,380.81,380.145,380.64,576552.0,2,2,1.0,buy,False,0.9740484429065782,4.163492493946733,28.239017640954685,0.011578080659927173,-0.09589043054738122,-0.4926831454496698,-0.5406283607233604,-0.0014160491651322477,38.049513040424145,17.956177985190344,27.03732670347208,-0.2061194513731266,576552.0,2.8149999999999977,1.0,2.8899999999999864,16.0,0.007603862446391418,2.8149999999999977,9.0,0.007350637142260283,2.0,2.0,-0.09589043054738122,-0.5406283607233604,-0.4926831454496698,38.049513040424145,17.956177985190344,27.03732670347208,-0.2061194513731266,14.667924410949675,24.98211860805047,33.431162226284904,0.11575489630585714,0.1749332491549331,0.17000000000001592,0.05490000000003192,0.4400999999999726,1.0,13725.0,13725.0,2022-01-13,2022-01-13 14:40:00,2.466897856242115,123.0,1.0,best_within_2.0d,13847.0,390.03,0.9740484429065782,2.8899999999999864,16.0,0.007603862446391418,2.8149999999999977,9.0,0.007350637142260283,0.4929364202292669,5.6011759621451125,36.843533123028394,0.015614239272951093,2.82998018927445,22.52492113564669,0.007835530045022196,1.8630914826498424,0.00402220134195386,1.9444468750000041,16.553125,0.005470102952261012,0.0,0
13725.0,2022-01-13 14:45:00,380.63,380.85,380.1,380.21,437880.0,2,2,1.0,buy,False,0.9896193771626195,4.163492493946733,28.239017640954685,0.011578080659927173,-0.1448432280331271,-0.5107885489538108,-0.5832101629703743,-0.0015280495747903105,35.02262304046562,13.350839772880716,22.475164393274955,-4.897809467907763,437880.0,2.859999999999957,1.0,2.8899999999999864,16.0,0.007603862446391418,2.859999999999957,10.0,0.0074681428869854734,2.0,2.0,-0.1448432280331271,-0.5832101629703743,-0.5107885489538108,35.02262304046562,13.350839772880716,22.475164393274955,-4.897809467907763,14.652735349852497,22.315649949776546,32.523814304159494,-0.11034337808370752,0.19731649565903706,0.22000000000002728,0.1099999999999568,0.4200000000000159,0.0,13726.0,13726.0,2022-01-13,2022-01-13 14:45:00,2.582783198758579,122.0,1.0,best_within_2.0d,13847.0,390.03,0.9896193771626195,2.8899999999999864,16.0,0.007603862446391418,2.859999999999957,10.0,0.0074681428869854734,0.4929364202292669,5.6011759621451125,36.843533123028394,0.015614239272951093,2.82998018927445,22.52492113564669,0.007835530045022196,1.8630914826498424,0.00402220134195386,1.9444468750000041,16.553125,0.005470102952261012,0.0,0
13726.0,2022-01-13 14:50:00,380.21,380.71,380.08,380.55,397695.0,2,2,1.0,buy,False,0.9965397923875464,4.163492493946733,28.239017640954685,0.011578080659927173,-0.115223436972544,-0.5251914785753787,-0.5828031970616507,-0.0015273151866167073,39.14492216959969,15.295117671716795,20.0818154860889,5.721722042972587,397695.0,2.8799999999999955,1.0,2.8899999999999864,16.0,0.007603862446391418,2.8799999999999955,11.0,0.00752036766241904,2.0,2.0,-0.115223436972544,-0.5828031970616507,-0.5251914785753787,39.14492216959969,15.295117671716795,20.0818154860889,5.721722042972587,14.384613038659586,22.110624282040156,31.712821599186945,0.08942426553747451,0.1657545779835812,0.15999999999996817,0.12999999999999545,0.34000000000003183,1.0,13727.0,13727.0,2022-01-13,2022-01-13 14:50:00,2.4911312573906086,121.0,1.0,best_within_2.0d,13847.0,390.03,0.9965397923875464,2.8899999999999864,16.0,0.007603862446391418,2.8799999999999955,11.0,0.00752036766241904,0.4929364202292669,5.6011759621451125,36.843533123028394,0.015614239272951093,2.82998018927445,22.52492113564669,0.007835530045022196,1.8630914826498424,0.00402220134195386,1.9444468750000041,16.553125,0.005470102952261012,0.0,0
13728.0,2022-01-13 15:00:00,380.85,380.86,379.34,379.74,957270.0,1p,1p,1.0,buy,False,0.22377515118821456,3.6200000000000045,13.0,0.009452684353457292,-0.1296434557037185,-0.5472992380457862,-0.6121209658976454,-0.001604944371254092,34.58316664236291,20.574622071380556,20.59353496101502,20.536796292111624,957270.0,3.6200000000000045,0.0,3.6200000000000045,13.0,0.009452684353457292,3.6200000000000045,0.0,0.0,1.0,1.0,-0.1296434557037185,-0.6121209658976454,-0.5472992380457862,34.58316664236291,20.574622071380556,20.59353496101502,20.536796292111624,13.878702921489595,31.053017573501467,31.30338138678417,-0.2914533280819256,0.40069594558971866,0.009999999999990905,0.4000000000000341,1.1100000000000136,0.0,13729.0,13729.0,2022-01-13,2022-01-13 15:00:00,2.709748775477949,119.0,1.0,best_within_2.0d,13847.0,390.03,0.5832424107187206,4.3760036431226785,32.22527881040892,0.012230020343504162,2.285057100371749,15.890706319702602,0.006381710269403211,0.4929364202292669,5.6011759621451125,36.843533123028394,0.015614239272951093,2.82998018927445,22.52492113564669,0.007835530045022196,1.8630914826498424,0.00402220134195386,1.9444468750000041,16.553125,0.005470102952261012,0.0,0
13729.0,2022-01-13 15:05:00,379.72,380.11,379.3,379.375,582096.0,1p,1p,1.0,buy,False,0.32616505345289876,3.659999999999968,14.0,0.009557133904324128,-0.21111727089832222,-0.5736888969080765,-0.6792475323572376,-0.0017816458594302345,32.43737154961204,14.912586963057365,18.699885628362466,7.337989632447162,582096.0,3.659999999999968,0.0,3.659999999999968,14.0,0.009557133904324128,3.659999999999968,0.0,0.0,1.0,1.0,-0.21111727089832222,-0.6792475323572376,-0.5736888969080765,32.43737154961204,14.912586963057365,18.699885628362466,7.337989632447162,9.769994247573347,30.907878998164396,32.7791459518295,-0.09085642052039063,0.2135512786712371,0.38999999999998636,0.07499999999998863,0.3450000000000273,0.0,13730.0,13730.0,2022-01-13,2022-01-13 15:05:00,2.8085667215815415,118.0,1.0,best_within_2.0d,13847.0,390.03,0.5832424107187206,4.3760036431226785,32.22527881040892,0.012230020343504162,2.285057100371749,15.890706319702602,0.006381710269403211,0.4929364202292669,5.6011759621451125,36.843533123028394,0.015614239272951093,2.82998018927445,22.52492113564669,0.007835530045022196,1.8630914826498424,0.00402220134195386,1.9444468750000041,16.553125,0.005470102952261012,0.0,0
13730.0,2022-01-13 15:10:00,379.375,379.4,378.82,379.155,995372.0,1p,1p,1.0,buy,False,0.41518250639726734,4.139999999999986,15.0,0.01081052851472735,-0.26873571140561836,-0.6072808608337787,-0.7416487165365879,-0.0019461133967299572,31.181528433264035,14.926843689656964,17.4422049821273,9.896121104716293,995372.0,4.139999999999986,0.0,4.139999999999986,15.0,0.01081052851472735,4.139999999999986,0.0,0.0,1.0,1.0,-0.26873571140561836,-0.7416487165365879,-0.6072808608337787,31.181528433264035,14.926843689656964,17.4422049821273,9.896121104716293,3.0485190865873757,36.82039459268902,36.488298950491306,-0.05799011532125925,0.15310701652499448,0.024999999999977263,0.33499999999997954,0.22000000000002728,0.0,13731.0,13731.0,2022-01-13,2022-01-13 15:10:00,2.86822012105867,117.0,1.0,best_within_2.0d,13847.0,390.03,0.5832424107187206,4.3760036431226785,32.22527881040892,0.012230020343504162,2.285057100371749,15.890706319702602,0.006381710269403211,0.4929364202292669,5.6011759621451125,36.843533123028394,0.015614239272951093,2.82998018927445,22.52492113564669,0.007835530045022196,1.8630914826498424,0.00402220134195386,1.9444468750000041,16.553125,0.005470102952261012,0.0,0
13732.0,2022-01-13 15:20:00,379.66,379.82,378.78,379.07,673895.0,1p,1p,1.0,buy,False,0.41518250639726734,4.180000000000007,17.0,0.010914978065594336,-0.23415780327077762,-0.6634547732140481,-0.7805336748494369,-0.002049482831019854,33.50991672891226,19.376904552534683,19.237928706091942,19.654856245420163,673895.0,4.180000000000007,0.0,4.180000000000007,17.0,0.010914978065594336,4.180000000000007,0.0,0.0,1.0,1.0,-0.23415780327077762,-0.7805336748494369,-0.6634547732140481,33.50991672891226,19.376904552534683,19.237928706091942,19.654856245420163,6.766256590509907,32.557117750439254,40.57552986249738,-0.15540220197019222,0.2745657109667935,0.15999999999996817,0.29000000000002046,0.5900000000000318,0.0,13733.0,13733.0,2022-01-13,2022-01-13 15:20:00,2.891286569762835,115.0,1.0,best_within_2.0d,13847.0,390.03,0.5832424107187206,4.3760036431226785,32.22527881040892,0.012230020343504162,2.285057100371749,15.890706319702602,0.006381710269403211,0.4929364202292669,5.6011759621451125,36.843533123028394,0.015614239272951093,2.82998018927445,22.52492113564669,0.007835530045022196,1.8630914826498424,0.00402220134195386,1.9444468750000041,16.553125,0.005470102952261012,0.0,0
13735.0,2022-01-13 15:35:00,379.565,379.7294,378.42,378.61,1007154.0,1p,1p,1.0,buy,False,0.41518250639726734,4.539999999999964,20.0,0.011855024023396605,-0.1458576475998643,-0.7081889989874048,-0.781117822787337,-0.0020527573283449156,33.70025170139681,22.276182305335038,23.78477250518166,19.25900190564179,1007154.0,4.539999999999964,0.0,4.539999999999964,20.0,0.011855024023396605,4.539999999999964,0.0,0.0,1.0,1.0,-0.1458576475998643,-0.781117822787337,-0.7081889989874048,33.70025170139681,22.276182305335038,23.78477250518166,19.25900190564179,9.277523319180771,29.420614489652312,42.548230114529865,-0.25160380962417084,0.34601765234395176,0.16440000000000055,0.18999999999999773,0.9549999999999841,0.0,13736.0,13736.0,2022-01-13,2022-01-13 15:35:00,3.0162964528142306,112.0,1.0,best_within_2.0d,13847.0,390.03,0.5832424107187206,4.3760036431226785,32.22527881040892,0.012230020343504162,2.285057100371749,15.890706319702602,0.006381710269403211,0.4929364202292669,5.6011759621451125,36.843533123028394,0.015614239272951093,2.82998018927445,22.52492113564669,0.007835530045022196,1.8630914826498424,0.00402220134195386,1.9444468750000041,16.553125,0.005470102952261012,0.0,0
13737.0,2022-01-13 15:45:00,378.64,378.86,377.97,378.11,1105444.0,1p,1p,1.0,buy,False,0.41518250639726734,4.989999999999952,22.0,0.013030081470649553,-0.22269334522673234,-0.7567511238823376,-0.8680977964957037,-0.002283188461780184,31.041956025390576,13.983636410707263,19.169920064221557,3.6110691036786733,1105444.0,4.989999999999952,0.0,4.989999999999952,22.0,0.013030081470649553,4.989999999999952,0.0,0.0,1.0,1.0,-0.22269334522673234,-0.8680977964957037,-0.7567511238823376,31.041956025390576,13.983636410707263,19.169920064221557,3.6110691036786733,9.467435433796785,29.255228412540934,43.404490027097665,-0.13997464610183097,0.2354684234198445,0.22000000000002728,0.13999999999998636,0.5299999999999727,0.0,13738.0,13738.0,2022-01-13,2022-01-13 15:45:00,3.152521752929031,110.0,1.0,best_within_2.0d,13847.0,390.03,0.5832424107187206,4.3760036431226785,32.22527881040892,0.012230020343504162,2.285057100371749,15.890706319702602,0.006381710269403211,0.4929364202292669,5.6011759621451125,36.843533123028394,0.015614239272951093,2.82998018927445,22.52492113564669,0.007835530045022196,1.8630914826498424,0.00402220134195386,1.9444468750000041,16.553125,0.005470102952261012,0.0,0
13738.0,2022-01-13 15:50:00,378.11,378.13,376.84,376.94,2526198.0,1p,1p,1.0,buy,False,0.5904970355523271,6.1200000000000045,23.0,0.015980781282640497,-0.38221177069590473,-0.8045275952193258,-0.9956334805672782,-0.002620291527289585,25.74860717445486,10.33868443640669,16.226174854949935,-1.436296400679801,2526198.0,6.1200000000000045,0.0,6.1200000000000045,23.0,0.015980781282640497,6.1200000000000045,0.0,0.0,1.0,1.0,-0.38221177069590473,-0.9956334805672782,-0.8045275952193258,25.74860717445486,10.33868443640669,16.226174854949935,-1.436296400679801,8.988290929114534,36.8843830469497,44.64788384876556,-0.3094337626616635,0.34232034815837503,0.01999999999998181,0.10000000000002274,1.170000000000016,0.0,13739.0,13739.0,2022-01-13,2022-01-13 15:50:00,3.4727012256592493,109.0,1.0,best_within_2.0d,13847.0,390.03,0.5832424107187206,4.3760036431226785,32.22527881040892,0.012230020343504162,2.285057100371749,15.890706319702602,0.006381710269403211,0.4929364202292669,5.6011759621451125,36.843533123028394,0.015614239272951093,2.82998018927445,22.52492113564669,0.007835530045022196,1.8630914826498424,0.00402220134195386,1.9444468750000041,16.553125,0.005470102952261012,0.0,0
13739.0,2022-01-13 15:55:00,376.95,377.9,376.7,377.65,3509686.0,1p,1p,1.0,buy,False,0.5904970355523271,6.259999999999991,24.0,0.01634635471067472,-0.3568681251488681,-0.8491361108629343,-1.0275701734373683,-0.0027055659092092123,33.19348267876154,16.151715550196897,16.20135508669892,16.05243647719285,3509686.0,6.259999999999991,0.0,6.259999999999991,24.0,0.01634635471067472,6.259999999999991,0.0,0.0,1.0,1.0,-0.3568681251488681,-1.0275701734373683,-0.8491361108629343,33.19348267876154,16.151715550196897,16.20135508669892,16.05243647719285,8.672281513196488,36.32982796068595,45.84863024052027,0.18570102135561445,0.3185558800106155,0.25,0.25,0.6999999999999886,1.0,13740.0,13740.0,2022-01-13,2022-01-13 15:55:00,3.2781676155170123,108.0,1.0,best_within_2.0d,13847.0,390.03,0.5832424107187206,4.3760036431226785,32.22527881040892,0.012230020343504162,2.285057100371749,15.890706319702602,0.006381710269403211,0.4929364202292669,5.6011759621451125,36.843533123028394,0.015614239272951093,2.82998018927445,22.52492113564669,0.007835530045022196,1.8630914826498424,0.00402220134195386,1.9444468750000041,16.553125,0.005470102952261012,1.0,0
13776.0,2022-01-13 19:00:00,377.61,377.66,376.61,376.8,60814.0,1p,1p,1.0,buy,False,0.5904970355523247,6.349999999999966,61.0,0.01658136620012525,-0.03225496091544183,-0.16791563695034542,-0.18404311740806634,-0.00048719897569372107,28.94276829500741,28.79203385612913,33.23681524157675,19.902471085233884,60814.0,6.349999999999966,0.0,6.349999999999966,61.0,0.01658136620012525,6.349999999999966,0.0,0.0,1.0,1.0,-0.03225496091544183,-0.18404311740806634,-0.16791563695034542,28.94276829500741,28.79203385612913,33.23681524157675,19.902471085233884,19.722222222222463,43.88888888889025,27.234715751021184,-0.21450703106379657,0.2788030057619318,0.05000000000001137,0.18999999999999773,0.8100000000000023,0.0,13777.0,13777.0,2022-01-13,2022-01-13 19:00:00,3.511146496815276,71.0,1.0,best_within_2.0d,13847.0,390.03,0.5832424107187206,4.3760036431226785,32.22527881040892,0.012230020343504162,2.285057100371749,15.890706319702602,0.006381710269403211,0.4929364202292669,5.6011759621451125,36.843533123028394,0.015614239272951093,2.82998018927445,22.52492113564669,0.007835530045022196,1.8630914826498424,0.00402220134195386,1.9444468750000041,16.553125,0.005470102952261012,1.0,0
13792.0,2022-01-14 04:20:00,385.79,385.87,380.11,385.81,61607.0,1,1,1.0,buy,False,0.2518827982905334,5.879899999999964,14.0,0.015233300145936367,-0.0034072672985333563,0.27174136940569876,0.2700377357564321,0.0007008394071070442,60.75141351648786,80.8064220373308,67.09207715907952,108.23511179383337,61607.0,5.879899999999964,1.0,5.879899999999964,14.0,0.015233300145936367,5.879899999999964,14.0,0.015233300145936367,1.0,1.0,-0.0034072672985333563,0.2700377357564321,0.27174136940569876,60.75141351648786,80.8064220373308,67.09207715907952,108.23511179383337,10.219393521597828,54.660008176156,26.65421103369916,0.005184167552290575,1.5153508194996161,0.060000000000002274,5.680000000000007,0.01999999999998181,1.0,13793.0,13793.0,2022-01-14,2022-01-14 04:20:00,1.025720724220991,55.0,1.0,best_within_2.0d,13847.0,390.03,0.5832424107187206,4.3760036431226785,32.22527881040892,0.012230020343504162,2.285057100371749,15.890706319702602,0.006381710269403211,0.4929364202292669,5.6011759621451125,36.843533123028394,0.015614239272951093,2.82998018927445,22.52492113564669,0.007835530045022196,1.8630914826498424,0.00402220134195386,1.9444468750000041,16.553125,0.005470102952261012,0.0,0
13792.0,2022-01-14 04:20:00,385.62,385.62,385.42,385.42,2518.0,2,2,1.0,buy,False,0.10606060606060534,4.163492493946733,28.239017640954685,0.011578080659927173,-0.07721981372348004,0.05460838804784227,0.015998481186102254,4.148953707836368e-05,42.479377431481474,15.436473182956215,28.52452544377546,-10.739631338682273,2518.0,0.6299999999999955,1.0,5.939999999999998,24.0,0.01562705532608981,0.6299999999999955,7.0,0.0016319129646418739,2.0,2.0,-0.07721981372348004,0.015998481186102254,0.05460838804784227,42.479377431481474,15.436473182956215,28.52452544377546,-10.739631338682273,32.48407643312058,33.75796178344152,31.890593850779815,-0.05186452984803398,0.05189144310102969,0.0,0.0,0.19999999999998863,0.0,13793.0,13793.0,2022-01-14,2022-01-14 04:20:00,1.025720724220991,55.0,1.0,best_within_2.0d,13847.0,390.03,0.10606060606060534,5.939999999999998,24.0,0.01562705532608981,0.6299999999999955,7.0,0.0016319129646418739,0.4929364202292669,5.6011759621451125,36.843533123028394,0.015614239272951093,2.82998018927445,22.52492113564669,0.007835530045022196,1.8630914826498424,0.00402220134195386,1.9444468750000041,16.553125,0.005470102952261012,0.0,0
13792.0,2022-01-14 04:20:00,385.7,385.7,384.39,385.3,19015.0,2s,2s,1.0,buy,False,0.2794612794612838,4.163492493946733,28.239017640954685,0.011578080659927173,-0.06560073557724116,0.07238102626335394,0.039580658474733355,0.00010261019368261652,34.33491849127745,54.38486246896731,62.992433218950644,37.169720969000664,19015.0,1.75,1.0,5.939999999999998,24.0,0.01562705532608981,1.75,8.0,0.004532035013207645,1.0,2.5,-0.06560073557724116,0.039580658474733355,0.07238102626335394,34.33491849127745,54.38486246896731,62.992433218950644,37.169720969000664,21.1072664359859,56.74740484429018,31.37972223628886,-0.10370754472387278,0.34079970862925735,0.0,0.910000000000025,0.39999999999997726,0.0,13793.0,13793.0,2022-01-14,2022-01-14 04:20:00,1.025720724220991,55.0,1.0,best_within_2.0d,13847.0,390.03,0.5832424107187206,4.3760036431226785,32.22527881040892,0.012230020343504162,2.285057100371749,15.890706319702602,0.006381710269403211,0.2794612794612838,5.939999999999998,24.0,0.01562705532608981,1.75,8.0,0.004532035013207645,1.0,0.00402220134195386,1.9444468750000041,16.553125,0.005470102952261012,0.0,0
13792.0,2022-01-14 04:20:00,386.0,386.13,385.91,386.07,19706.0,2s,2s,1.0,buy,False,0.023569023569021283,4.163492493946733,28.239017640954685,0.011578080659927173,-0.2328539065787755,0.11992655377966006,0.0034996004902723143,9.0536416825935e-06,40.58373350600557,21.816274849180175,28.721583570791246,8.005657405958033,19706.0,1.2699999999999818,1.0,5.939999999999998,24.0,0.01562705532608981,1.2699999999999818,15.0,0.0032801281057905415,2.0,2.5,-0.2328539065787755,0.0034996004902723143,0.11992655377966006,40.58373350600557,21.816274849180175,28.721583570791246,8.005657405958033,15.652173913045257,43.47826086956228,23.695024722566764,0.01813471502590497,0.05700811069937821,0.060000000000002274,0.08999999999997499,0.06999999999999318,1.0,13793.0,13793.0,2022-01-14,2022-01-14 04:20:00,1.025720724220991,55.0,1.0,best_within_2.0d,13847.0,390.03,0.5832424107187206,4.3760036431226785,32.22527881040892,0.012230020343504162,2.285057100371749,15.890706319702602,0.006381710269403211,0.023569023569021283,5.939999999999998,24.0,0.01562705532608981,1.2699999999999818,15.0,0.0032801281057905415,2.0,0.00402220134195386,1.9444468750000041,16.553125,0.005470102952261012,0.0,0
13800.0,2022-01-14 05:00:00,378.11,378.11,377.75,377.75,2849.0,2,2,1.0,buy,False,0.421319796954313,4.163492493946733,28.239017640954685,0.011578080659927173,-0.021638973981425724,0.114906291562861,0.10408680457214814,0.0002753889284147036,45.709970306450685,49.647100132766894,66.15561571235597,16.63006897358875,2849.0,0.8299999999999841,1.0,1.9699999999999704,20.0,0.005230875441438014,0.8299999999999841,6.0,0.0021924031908711083,2.0,2.0,-0.021638973981425724,0.10408680457214814,0.114906291562861,45.709970306450685,49.647100132766894,66.15561571235597,16.63006897358875,26.562500000000245,29.492187499999794,16.01899106055779,-0.09521038851128338,0.09530112508273028,0.0,0.0,0.36000000000001364,0.0,13801.0,13801.0,2022-01-14,2022-01-14 05:00:00,3.2508272667107803,47.0,1.0,best_within_2.0d,13847.0,390.03,0.421319796954313,1.9699999999999704,20.0,0.005230875441438014,0.8299999999999841,6.0,0.0021924031908711083,0.4929364202292669,5.6011759621451125,36.843533123028394,0.015614239272951093,2.82998018927445,22.52492113564669,0.007835530045022196,1.8630914826498424,0.00402220134195386,1.9444468750000041,16.553125,0.005470102952261012,0.0,0
13802.0,2022-01-14 05:10:00,378.01,378.15,377.73,377.73,7581.0,2,2,1.0,buy,False,0.43147208121826325,4.163492493946733,28.239017640954685,0.011578080659927173,-0.07939687161686448,0.10100436384773537,0.061305928039303126,0.0001622057457727578,45.88269494734148,32.01908154048935,50.74855023248444,-5.439855843500823,7581.0,0.8499999999999659,1.0,1.9699999999999704,20.0,0.005230875441438014,0.8499999999999659,8.0,0.002245232183422172,2.0,2.0,-0.07939687161686448,0.061305928039303126,0.10100436384773537,45.88269494734148,32.01908154048935,50.74855023248444,-5.439855843500823,16.601562499999503,29.49218750000012,16.280272931241736,-0.07407211449431833,0.11119053292032907,0.13999999999998636,0.0,0.2799999999999727,0.0,13803.0,13803.0,2022-01-14,2022-01-14 05:10:00,3.2562941783813715,45.0,1.0,best_within_2.0d,13847.0,390.03,0.43147208121826325,1.9699999999999704,20.0,0.005230875441438014,0.8499999999999659,8.0,0.002245232183422172,0.4929364202292669,5.6011759621451125,36.843533123028394,0.015614239272951093,2.82998018927445,22.52492113564669,0.007835530045022196,1.8630914826498424,0.00402220134195386,1.9444468750000041,16.553125,0.005470102952261012,0.0,0
13803.0,2022-01-14 05:15:00,377.72,377.89,377.56,377.56,10717.0,2,2,1.0,buy,False,0.5177664974619275,4.163492493946733,28.239017640954685,0.011578080659927173,-0.1285956072969608,0.08492991293561528,0.02063210928713488,5.459347375016224e-05,43.135211883328516,21.346054360326235,40.947718275098374,-17.857273469218043,10717.0,1.0199999999999818,1.0,1.9699999999999704,20.0,0.005230875441438014,1.0199999999999818,9.0,0.0026942786201066666,2.0,2.0,-0.1285956072969608,0.02063210928713488,0.08492991293561528,43.135211883328516,21.346054360326235,40.947718275098374,-17.857273469218043,16.831683168316307,33.2673267326737,17.460705158344034,-0.04235941967595706,0.08740332662357879,0.16999999999995907,0.0,0.160000000000025,0.0,13804.0,13804.0,2022-01-14,2022-01-14 05:15:00,3.3027863121093257,44.0,1.0,best_within_2.0d,13847.0,390.03,0.5177664974619275,1.9699999999999704,20.0,0.005230875441438014,1.0199999999999818,9.0,0.0026942786201066666,0.4929364202292669,5.6011759621451125,36.843533123028394,0.015614239272951093,2.82998018927445,22.52492113564669,0.007835530045022196,1.8630914826498424,0.00402220134195386,1.9444468750000041,16.553125,0.005470102952261012,0.0,0
13804.0,2022-01-14 05:20:00,385.79,385.87,380.11,385.81,61607.0,1p,1p,1.0,buy,False,4.4067588852984,5.879899999999964,14.0,0.015233300145936367,0.05926274608134258,0.1723649170942291,0.2019962901349004,0.0005241558033309083,58.19212126988289,80.806421918113,67.09207515988383,108.23511543457133,61607.0,5.879899999999964,0.0,5.879899999999964,14.0,0.015233300145936367,5.879899999999964,0.0,0.0,1.0,1.0,0.05926274608134258,0.2019962901349004,0.1723649170942291,58.19212126988289,80.806421918113,67.09207515988383,108.23511543457133,10.219393521597828,54.660008176156,25.198463868259772,0.005184167552290575,1.5153508194996161,0.060000000000002274,5.680000000000007,0.01999999999998181,1.0,13805.0,13805.0,2022-01-14,2022-01-14 05:20:00,1.0938026489722843,43.0,1.0,best_within_2.0d,13847.0,390.03,0.5832424107187206,4.3760036431226785,32.22527881040892,0.012230020343504162,2.285057100371749,15.890706319702602,0.006381710269403211,0.4929364202292669,5.6011759621451125,36.843533123028394,0.015614239272951093,2.82998018927445,22.52492113564669,0.007835530045022196,1.8630914826498424,0.00402220134195386,1.9444468750000041,16.553125,0.005470102952261012,0.0,0
13805.0,2022-01-14 05:25:00,377.61,377.63,377.22,377.33,12265.0,2,2,1.0,buy,False,0.690355329949227,4.163492493946733,28.239017640954685,0.011578080659927173,-0.18109793609378516,0.04556540159363829,-0.0449835664532543,-0.00011904671259361683,40.331149110066875,17.146730781318368,28.487875995170214,-5.535559646385323,12265.0,1.3599999999999568,1.0,1.9699999999999704,20.0,0.005230875441438014,1.3599999999999568,11.0,0.0035923714934755053,2.0,2.0,-0.18109793609378516,-0.0449835664532543,0.04556540159363829,40.331149110066875,17.146730781318368,28.487875995170214,-5.535559646385323,13.247863247862272,35.897435897435216,19.783894812964487,-0.07415057863934471,0.10868988918932404,0.01999999999998181,0.1099999999999568,0.28000000000002956,0.0,13806.0,13806.0,2022-01-14,2022-01-14 05:25:00,3.3657541144356373,42.0,1.0,best_within_2.0d,13847.0,390.03,0.690355329949227,1.9699999999999704,20.0,0.005230875441438014,1.3599999999999568,11.0,0.0035923714934755053,0.4929364202292669,5.6011759621451125,36.843533123028394,0.015614239272951093,2.82998018927445,22.52492113564669,0.007835530045022196,1.8630914826498424,0.00402220134195386,1.9444468750000041,16.553125,0.005470102952261012,0.0,0
13806.0,2022-01-14 05:30:00,377.17,377.31,376.91,377.11,8511.0,2,2,1.0,buy,False,0.8477157360406011,4.163492493946733,28.239017640954685,0.011578080659927173,-0.23014912830302037,0.016796760555760744,-0.09827780359574945,-0.0002601256825117575,37.36676369088221,16.406278232321505,24.46067674088731,0.29748121518989734,8511.0,1.669999999999959,1.0,1.9699999999999704,20.0,0.005230875441438014,1.669999999999959,12.0,0.004411220878017748,2.0,2.0,-0.23014912830302037,-0.09827780359574945,0.016796760555760744,37.36676369088221,16.406278232321505,24.46067674088731,0.29748121518989734,10.251046025103784,41.63179916317965,22.691035966877326,-0.01590794601903711,0.10612613090657642,0.13999999999998636,0.19999999999998863,0.060000000000002274,0.0,13807.0,13807.0,2022-01-14,2022-01-14 05:30:00,3.426056057914126,41.0,1.0,best_within_2.0d,13847.0,390.03,0.8477157360406011,1.9699999999999704,20.0,0.005230875441438014,1.669999999999959,12.0,0.004411220878017748,0.4929364202292669,5.6011759621451125,36.843533123028394,0.015614239272951093,2.82998018927445,22.52492113564669,0.007835530045022196,1.8630914826498424,0.00402220134195386,1.9444468750000041,16.553125,0.005470102952261012,1.0,0
13817.0,2022-01-14 06:25:00,377.36,377.44,377.26,377.4,4852.0,2s,2s,1.0,buy,False,0.6700507614213264,4.163492493946733,28.239017640954685,0.011578080659927173,-0.03637752827311605,-0.07496463254879414,-0.09315339668535216,-0.00024665362633935457,44.79414214364232,38.41828399900757,51.80174636462222,11.651359267778275,4852.0,0.660000000000025,1.0,1.9699999999999704,20.0,0.005230875441438014,0.660000000000025,5.0,0.0017464013547841474,1.0,2.5,-0.03637752827311605,-0.09315339668535216,-0.07496463254879414,44.79414214364232,38.41828399900757,51.80174636462222,11.651359267778275,17.24137931034496,25.517241379309553,24.27218936992225,0.010599957600159958,0.04771245295022181,0.040000000000020464,0.10000000000002274,0.03999999999996362,1.0,13818.0,13818.0,2022-01-14,2022-01-14 06:25:00,3.34658187599364,30.0,1.0,best_within_2.0d,13847.0,390.03,0.5832424107187206,4.3760036431226785,32.22527881040892,0.012230020343504162,2.285057100371749,15.890706319702602,0.006381710269403211,0.6700507614213264,1.9699999999999704,20.0,0.005230875441438014,0.660000000000025,5.0,0.0017464013547841474,1.0,0.00402220134195386,1.9444468750000041,16.553125,0.005470102952261012,0.0,0
13818.0,2022-01-14 06:30:00,377.32,377.32,377.12,377.17,5092.0,2s,2s,1.0,buy,False,0.7411167512690363,4.163492493946733,28.239017640954685,0.011578080659927173,-0.06984556983773749,-0.08369532877851132,-0.11861811369738007,-0.0003141104023684063,41.192311462003026,27.695522666005488,43.7663384650833,-4.446108932150139,5092.0,0.8000000000000114,1.0,1.9699999999999704,20.0,0.005230875441438014,0.8000000000000114,6.0,0.0021168501270110375,1.0,2.5,-0.06984556983773749,-0.11861811369738007,-0.08369532877851132,41.192311462003026,27.695522666005488,43.7663384650833,-4.446108932150139,17.40139211136913,29.0023201856139,24.32417584349908,-0.03975405491359516,0.05303351718285655,0.0,0.05000000000001137,0.14999999999997726,0.0,13819.0,13819.0,2022-01-14,2022-01-14 06:30:00,3.4096030967468134,29.0,1.0,best_within_2.0d,13847.0,390.03,0.5832424107187206,4.3760036431226785,32.22527881040892,0.012230020343504162,2.285057100371749,15.890706319702602,0.006381710269403211,0.7411167512690363,1.9699999999999704,20.0,0.005230875441438014,0.8000000000000114,6.0,0.0021168501270110375,1.0,0.00402220134195386,1.9444468750000041,16.553125,0.005470102952261012,0.0,0
13819.0,2022-01-14 06:35:00,377.22,377.34,376.88,376.88,15650.0,2s,2s,1.0,buy,False,0.8629441624365554,4.163492493946733,28.239017640954685,0.011578080659927173,-0.12264944606293868,-0.09902650953637866,-0.160351232567848,-0.00042468572948402874,37.13750914121557,18.46368177733699,35.332119569167865,-15.273193806324755,15650.0,1.0400000000000205,1.0,1.9699999999999704,20.0,0.005230875441438014,1.0400000000000205,7.0,0.002751905165114364,1.0,2.5,-0.12264944606293868,-0.160351232567848,-0.09902650953637866,37.13750914121557,18.46368177733699,35.332119569167865,-15.273193806324755,17.564402810304756,26.463700234192395,24.030503708781048,-0.09013307883994269,0.12205476544257578,0.1199999999999477,0.0,0.34000000000003183,0.0,13820.0,13820.0,2022-01-14,2022-01-14 06:35:00,3.48917427297813,28.0,1.0,best_within_2.0d,13847.0,390.03,0.5832424107187206,4.3760036431226785,32.22527881040892,0.012230020343504162,2.285057100371749,15.890706319702602,0.006381710269403211,0.8629441624365554,1.9699999999999704,20.0,0.005230875441438014,1.0400000000000205,7.0,0.002751905165114364,1.0,0.00402220134195386,1.9444468750000041,16.553125,0.005470102952261012,0.0,0
13820.0,2022-01-14 06:40:00,376.94,377.02,376.7,376.95,33024.0,2s,2s,1.0,buy,False,0.9543147208121947,4.163492493946733,28.239017640954685,0.011578080659927173,-0.13857632156422292,-0.11634854973190652,-0.18563671051401798,-0.0004917140156142383,38.70590922370327,19.13972227778735,29.934653805374356,-2.4501407773866646,33024.0,1.2200000000000273,1.0,1.9699999999999704,20.0,0.005230875441438014,1.2200000000000273,8.0,0.003228196443691859,1.0,2.5,-0.13857632156422292,-0.18563671051401798,-0.11634854973190652,38.70590922370327,19.13972227778735,29.934653805374356,-2.4501407773866646,17.985611510791543,23.98081534772206,23.334447321419134,0.002652942112800686,0.08494823466949647,0.06999999999999318,0.2400000000000091,0.009999999999990905,1.0,13821.0,13821.0,2022-01-14,2022-01-14 06:40:00,3.469956227616391,27.0,1.0,best_within_2.0d,13847.0,390.03,0.5832424107187206,4.3760036431226785,32.22527881040892,0.012230020343504162,2.285057100371749,15.890706319702602,0.006381710269403211,0.9543147208121947,1.9699999999999704,20.0,0.005230875441438014,1.2200000000000273,8.0,0.003228196443691859,1.0,0.00402220134195386,1.9444468750000041,16.553125,0.005470102952261012,1.0,0
13825.0,2022-01-14 07:05:00,376.76,376.8,376.02,376.1,41979.0,1,1,1.0,buy,False,0.5036993179373519,1.900000000000034,13.0,0.005027519051651233,-0.19251980820715475,-0.18856035193790738,-0.28482025604148475,-0.0007548920799286427,29.319719225733508,18.755066151156427,25.522426035111387,5.220346383246508,41979.0,1.900000000000034,1.0,1.900000000000034,13.0,0.005027519051651233,1.900000000000034,13.0,0.005027519051651233,1.0,1.0,-0.19251980820715475,-0.28482025604148475,-0.18856035193790738,29.319719225733508,18.755066151156427,25.522426035111387,5.220346383246508,9.03490759753609,42.29979466119196,29.15085685221957,-0.17517783204160955,0.20743577469284338,0.040000000000020464,0.08000000000004093,0.6599999999999682,0.0,13826.0,13826.0,2022-01-14,2022-01-14 07:05:00,3.703802180271191,22.0,1.0,best_within_2.0d,13847.0,390.03,0.5832424107187206,4.3760036431226785,32.22527881040892,0.012230020343504162,2.285057100371749,15.890706319702602,0.006381710269403211,0.4929364202292669,5.6011759621451125,36.843533123028394,0.015614239272951093,2.82998018927445,22.52492113564669,0.007835530045022196,1.8630914826498424,0.00402220134195386,1.9444468750000041,16.553125,0.005470102952261012,1.0,0
13831.0,2022-01-14 07:35:00,376.3,376.45,375.65,375.65,45678.0,1,1,1.0,buy,False,0.5177923782855779,2.2700000000000387,19.0,0.006006562235393836,-0.19790634175737354,-0.30355521762329857,-0.40250838850198534,-0.0010678794791487407,32.36890539936981,17.923364497287682,25.541949669894432,2.6861941520741865,45678.0,2.2700000000000387,1.0,2.2700000000000387,19.0,0.006006562235393836,2.2700000000000387,19.0,0.006006562235393836,1.0,1.0,-0.19790634175737354,-0.40250838850198534,-0.30355521762329857,32.36890539936981,17.923364497287682,25.541949669894432,2.6861941520741865,7.350689127106039,36.753445635529324,42.50764505011257,-0.17273452032953338,0.2129641953946523,0.14999999999997726,0.0,0.6500000000000341,0.0,13832.0,13832.0,2022-01-14,2022-01-14 07:35:00,3.82803141221882,16.0,1.0,best_within_2.0d,13847.0,390.03,0.5832424107187206,4.3760036431226785,32.22527881040892,0.012230020343504162,2.285057100371749,15.890706319702602,0.006381710269403211,0.4929364202292669,5.6011759621451125,36.843533123028394,0.015614239272951093,2.82998018927445,22.52492113564669,0.007835530045022196,1.8630914826498424,0.00402220134195386,1.9444468750000041,16.553125,0.005470102952261012,0.0,0
13832.0,2022-01-14 07:40:00,375.61,375.61,374.83,374.94,84673.0,1,1,1.0,buy,False,0.8172252384860769,3.090000000000032,20.0,0.008176333615580102,-0.3123531054591463,-0.34259935580569184,-0.498775908535265,-0.0013237990271100061,27.11906296812782,13.496026401848798,21.52664191387922,-2.5652046222120433,84673.0,3.090000000000032,1.0,3.090000000000032,20.0,0.008176333615580102,3.090000000000032,20.0,0.008176333615580102,1.0,1.0,-0.3123531054591463,-0.498775908535265,-0.34259935580569184,27.11906296812782,13.496026401848798,21.52664191387922,-2.5652046222120433,6.789250353607108,43.564356435644534,44.68807810833081,-0.1783765075477266,0.20809433609903946,0.0,0.11000000000001364,0.6700000000000159,0.0,13833.0,13833.0,2022-01-14,2022-01-14 07:40:00,4.0246439430308785,15.0,1.0,best_within_2.0d,13847.0,390.03,0.5832424107187206,4.3760036431226785,32.22527881040892,0.012230020343504162,2.285057100371749,15.890706319702602,0.006381710269403211,0.4929364202292669,5.6011759621451125,36.843533123028394,0.015614239272951093,2.82998018927445,22.52492113564669,0.007835530045022196,1.8630914826498424,0.00402220134195386,1.9444468750000041,16.553125,0.005470102952261012,0.0,0
13834.0,2022-01-14 07:50:00,375.08,375.13,374.61,374.7,82842.0,1,1,1.0,buy,False,1.036416995018303,3.3100000000000023,22.0,0.00875846740050805,-0.39613077484527426,-0.4371393119964543,-0.6352046994190914,-0.0016871436003323443,25.606125477262722,8.515526316057986,14.820685136647995,-4.094791325122031,82842.0,3.3100000000000023,1.0,3.3100000000000023,22.0,0.00875846740050805,3.3100000000000023,22.0,0.00875846740050805,1.0,1.0,-0.39613077484527426,-0.6352046994190914,-0.4371393119964543,25.606125477262722,8.515526316057986,14.820685136647995,-4.094791325122031,6.694560669456359,40.864714086471736,48.37880963514974,-0.1013117201663633,0.13881103013800533,0.05000000000001137,0.08999999999997499,0.37999999999999545,0.0,13835.0,13835.0,2022-01-14,2022-01-14 07:50:00,4.091273018414728,13.0,1.0,best_within_2.0d,13847.0,390.03,0.5832424107187206,4.3760036431226785,32.22527881040892,0.012230020343504162,2.285057100371749,15.890706319702602,0.006381710269403211,0.4929364202292669,5.6011759621451125,36.843533123028394,0.015614239272951093,2.82998018927445,22.52492113564669,0.007835530045022196,1.8630914826498424,0.00402220134195386,1.9444468750000041,16.553125,0.005470102952261012,0.0,0
13835.0,2022-01-14 07:55:00,374.74,374.79,373.41,373.41,157854.0,1,1,1.0,buy,False,1.4509536743873537,4.509999999999991,23.0,0.01193374259102453,-0.5545715730853193,-0.5064607586321193,-0.7837465451747789,-0.0020829452081357197,19.046644519707982,5.677017544038657,11.77279593911155,-6.514539246107127,157854.0,4.509999999999991,1.0,4.509999999999991,23.0,0.01193374259102453,4.509999999999991,23.0,0.01193374259102453,1.0,1.0,-0.5545715730853193,-0.7837465451747789,-0.5064607586321193,19.046644519707982,5.677017544038657,11.77279593911155,-6.514539246107127,4.945717732207802,49.81905910735843,50.775917946295365,-0.35491273949938196,0.36956696392704946,0.05000000000001137,0.0,1.329999999999984,0.0,13836.0,13836.0,2022-01-14,2022-01-14 07:55:00,4.450871695990988,12.0,1.0,best_within_2.0d,13847.0,390.03,0.5832424107187206,4.3760036431226785,32.22527881040892,0.012230020343504162,2.285057100371749,15.890706319702602,0.006381710269403211,0.4929364202292669,5.6011759621451125,36.843533123028394,0.015614239272951093,2.82998018927445,22.52492113564669,0.007835530045022196,1.8630914826498424,0.00402220134195386,1.9444468750000041,16.553125,0.005470102952261012,0.0,0
13836.0,2022-01-14 08:00:00,373.5,378.6,373.23,373.97,200467.0,1,1,1.0,buy,False,1.4509536743873537,4.689999999999998,24.0,0.012410033869602025,-0.5440972420676817,-0.5744729138905795,-0.8465215349244204,-0.002250799304981839,27.70466984395533,8.378098598570826,10.641230158931307,3.851835477849864,200467.0,4.689999999999998,1.0,4.689999999999998,24.0,0.012410033869602025,4.689999999999998,24.0,0.012410033869602025,1.0,1.0,-0.5440972420676817,-0.8465215349244204,-0.5744729138905795,27.70466984395533,8.378098598570826,10.641230158931307,3.851835477849864,30.303030303030532,30.524759793052503,47.17510381074586,0.12583668005355483,1.438791093963509,4.6299999999999955,0.2699999999999818,0.4700000000000273,1.0,13837.0,13837.0,2022-01-14,2022-01-14 08:00:00,4.294462122630143,11.0,1.0,best_within_2.0d,13847.0,390.03,0.5832424107187206,4.3760036431226785,32.22527881040892,0.012230020343504162,2.285057100371749,15.890706319702602,0.006381710269403211,0.4929364202292669,5.6011759621451125,36.843533123028394,0.015614239272951093,2.82998018927445,22.52492113564669,0.007835530045022196,1.8630914826498424,0.00402220134195386,1.9444468750000041,16.553125,0.005470102952261012,1.0,0
13847.0,2022-01-14 08:55:00,385.7,385.7,384.39,385.3,19015.0,1p,1p,1.0,buy,False,3.4422375094128688,1.75,8.0,0.004532035013207645,-0.05935263721488246,0.0625628369016039,0.03288651829416267,8.525460351604594e-05,33.91641655288038,54.38486246417648,62.99243312377123,37.16972114498698,19015.0,1.75,0.0,1.75,8.0,0.004532035013207645,1.75,0.0,0.0,1.0,1.0,-0.05935263721488246,0.03288651829416267,0.0625628369016039,33.91641655288038,54.38486246417648,62.99243312377123,37.16972114498698,21.1072664359859,56.74740484429018,30.10063413433299,-0.10370754472387278,0.34079970862925735,0.0,0.910000000000025,0.39999999999997726,0.0,13848.0,13848.0,2022-01-14,2022-01-14 08:55:00,3.7138168858805622,53.0,1.0,best_within_2.0d,13900.0,375.545,0.5832424107187206,4.3760036431226785,32.22527881040892,0.012230020343504162,2.285057100371749,15.890706319702602,0.006381710269403211,0.4929364202292669,5.6011759621451125,36.843533123028394,0.015614239272951093,2.82998018927445,22.52492113564669,0.007835530045022196,1.8630914826498424,0.00402220134195386,1.9444468750000041,16.553125,0.005470102952261012,0.0,0
13847.0,2022-01-14 08:55:00,386.0,386.13,385.91,386.07,19706.0,2,2,1.0,buy,False,0.4551971326164776,4.163492493946733,28.239017640954685,0.011578080659927173,-0.23251513617094105,0.11939712604663313,0.003139557961162609,8.122186067720869e-06,40.57161963209226,21.816274849180175,28.721583570791218,8.00565740595809,19706.0,1.2699999999999818,1.0,2.7900000000000205,25.0,0.007258253336455216,1.2699999999999818,15.0,0.0032801281057905415,2.0,2.0,-0.23251513617094105,0.003139557961162609,0.11939712604663313,40.57161963209226,21.816274849180175,28.721583570791218,8.00565740595809,15.652173913045257,43.47826086956228,23.618485774155165,0.01813471502590497,0.05700811069937821,0.060000000000002274,0.08999999999997499,0.06999999999999318,1.0,13848.0,13848.0,2022-01-14,2022-01-14 08:55:00,3.7138168858805622,53.0,1.0,best_within_2.0d,13900.0,375.545,0.4551971326164776,2.7900000000000205,25.0,0.007258253336455216,1.2699999999999818,15.0,0.0032801281057905415,0.4929364202292669,5.6011759621451125,36.843533123028394,0.015614239272951093,2.82998018927445,22.52492113564669,0.007835530045022196,1.8630914826498424,0.00402220134195386,1.9444468750000041,16.553125,0.005470102952261012,0.0,0
13847.0,2022-01-14 08:55:00,389.74,390.2,389.64,390.03,747594.0,1p,1p,0.0,sell,False,2.244457506180268,4.289999999999964,37.0,0.01111658158638015,0.095344467777282,0.45669661191920535,0.5043688458078464,0.0012983154285019741,63.77020195388633,79.2912999093733,66.59856373324541,104.67677226162905,747594.0,4.289999999999964,0.0,4.289999999999964,37.0,0.01111658158638015,4.289999999999964,0.0,0.0,1.0,1.0,0.095344467777282,0.5043688458078464,0.45669661191920535,63.77020195388633,79.2912999093733,66.59856373324541,104.67677226162905,21.007806955287162,12.845990063875023,17.43991570450533,0.0744085800790177,0.14372241043014122,0.17000000000001592,0.10000000000002274,0.2899999999999636,1.0,13848.0,13848.0,2022-01-14,2022-01-14 08:55:00,3.7138168858805622,53.0,1.0,best_within_2.0d,13900.0,375.545,0.5832424107187206,4.3760036431226785,32.22527881040892,0.012230020343504162,2.285057100371749,15.890706319702602,0.006381710269403211,0.4929364202292669,5.6011759621451125,36.843533123028394,0.015614239272951093,2.82998018927445,22.52492113564669,0.007835530045022196,1.8630914826498424,0.00402220134195386,1.9444468750000041,16.553125,0.005470102952261012,0.0,1
13851.0,2022-01-14 09:15:00,374.9,375.31,374.59,374.89,138822.0,3a,3a,0.0,sell,False,0.0026796848053911833,4.163492493946733,28.239017640954685,0.011578080659927173,0.3812114044790911,-0.5917116841286341,-0.4011059818890885,-0.0010698179129910834,49.03331045276933,66.86132295651677,51.11278980478011,98.3583892599901,138822.0,2.079999999999984,2.0,2.079999999999984,16.0,0.005572971090212426,2.079999999999984,16.0,0.005572971090212426,3.0,3.0,0.3812114044790911,-0.4011059818890885,-0.5917116841286341,49.03331045276933,66.86132295651677,51.11278980478011,98.3583892599901,23.26350606394666,11.13561190738662,34.20050349673882,-0.002667377967455563,0.19221014976374898,0.410000000000025,0.30000000000001137,0.009999999999990905,0.0,13852.0,13852.0,2022-01-14,2022-01-14 09:15:00,-0.17471791725573624,49.0,1.0,best_within_2.0d,13900.0,375.545,0.5832424107187206,4.3760036431226785,32.22527881040892,0.012230020343504162,2.285057100371749,15.890706319702602,0.006381710269403211,0.4929364202292669,5.6011759621451125,36.843533123028394,0.015614239272951093,2.82998018927445,22.52492113564669,0.007835530045022196,1.8630914826498424,0.0026796848053911833,2.079999999999984,16.0,0.005572971090212426,0.0,1
13854.0,2022-01-14 09:30:00,375.07,376.74,374.86,376.0,1821662.0,3a,3a,0.0,sell,False,0.0026796848053911833,4.163492493946733,28.239017640954685,0.011578080659927173,0.5223427547505575,-0.432976726657346,-0.17180534928206725,-0.0004581610452739576,60.75822538434178,72.61075747455486,64.62068977443552,88.59089287479352,1821662.0,3.509999999999991,2.0,3.509999999999991,19.0,0.009404388714733517,3.509999999999991,19.0,0.009404388714733517,3.0,3.0,0.5223427547505575,-0.17180534928206725,-0.432976726657346,60.75822538434178,72.61075747455486,64.62068977443552,88.59089287479352,31.874405328258526,12.369172216935628,33.18742387168496,0.24795371530647795,0.5015205676785988,0.7400000000000091,0.20999999999997954,0.9300000000000068,1.0,13855.0,13855.0,2022-01-14,2022-01-14 09:30:00,0.12101063829786812,46.0,1.0,best_within_2.0d,13900.0,375.545,0.5832424107187206,4.3760036431226785,32.22527881040892,0.012230020343504162,2.285057100371749,15.890706319702602,0.006381710269403211,0.4929364202292669,5.6011759621451125,36.843533123028394,0.015614239272951093,2.82998018927445,22.52492113564669,0.007835530045022196,1.8630914826498424,0.0026796848053911833,3.509999999999991,19.0,0.009404388714733517,0.0,1
13868.0,2022-01-14 10:40:00,377.44,377.6,376.755,376.99,729047.0,2,2,1.0,buy,False,0.494985673352436,4.163492493946733,28.239017640954685,0.011578080659927173,-0.25203247239571747,0.7716967374484398,0.6456805012505811,0.0017120333436334285,49.29588333189693,25.384705436787137,42.722240616391176,-9.290364922420935,729047.0,3.454999999999984,1.0,6.979999999999961,28.0,0.018701604908501354,3.454999999999984,6.0,0.009087083453880708,2.0,2.0,-0.25203247239571747,0.6456805012505811,0.7716967374484398,49.29588333189693,25.384705436787137,42.722240616391176,-9.290364922420935,22.979358368565038,15.742352648594965,45.36792633219583,-0.11922424756252348,0.2242836856843379,0.160000000000025,0.23500000000001364,0.44999999999998863,0.0,13869.0,13869.0,2022-01-14,2022-01-14 10:40:00,3.0796572853391373,43.0,1.0,best_within_2.0d,13911.0,388.6,0.494985673352436,6.979999999999961,28.0,0.018701604908501354,3.454999999999984,6.0,0.009087083453880708,0.4929364202292669,5.6011759621451125,36.843533123028394,0.015614239272951093,2.82998018927445,22.52492113564669,0.007835530045022196,1.8630914826498424,0.00402220134195386,1.9444468750000041,16.553125,0.005470102952261012,0.0,0
13869.0,2022-01-14 10:45:00,376.99,378.09,376.71,377.97,1048479.0,2,2,1.0,buy,False,0.5014326647564498,4.163492493946733,28.239017640954685,0.011578080659927173,-0.2549419445242893,0.7398289943829036,0.612358022120759,0.0016234143400194621,54.560276054023845,28.923136957858546,38.1225393968803,10.52433207981504,1048479.0,3.5,1.0,6.979999999999961,28.0,0.018701604908501354,3.5,7.0,0.009205439099445044,2.0,2.0,-0.2549419445242893,0.612358022120759,0.7398289943829036,54.560276054023845,28.923136957858546,38.1225393968803,10.52433207981504,19.247962135156243,16.64475414146733,42.645413540806594,0.25995384492957857,0.36632953730986584,0.1199999999999477,0.28000000000002956,0.9800000000000182,1.0,13870.0,13870.0,2022-01-14,2022-01-14 10:45:00,2.812392517924702,42.0,1.0,best_within_2.0d,13911.0,388.6,0.5014326647564498,6.979999999999961,28.0,0.018701604908501354,3.5,7.0,0.009205439099445044,0.4929364202292669,5.6011759621451125,36.843533123028394,0.015614239272951093,2.82998018927445,22.52492113564669,0.007835530045022196,1.8630914826498424,0.00402220134195386,1.9444468750000041,16.553125,0.005470102952261012,0.0,0
13873.0,2022-01-14 11:05:00,377.37,377.37,376.22,376.36,1147270.0,2,2,1.0,buy,False,0.5716332378223459,4.163492493946733,28.239017640954685,0.011578080659927173,-0.5175772499276836,0.5467978692604165,0.2880092442965747,0.0007635491718303161,45.07377987869823,18.09944653872178,25.596722238086535,3.1048951399922657,1147270.0,3.9899999999999523,1.0,6.979999999999961,28.0,0.018701604908501354,3.9899999999999523,11.0,0.010494200573367224,2.0,2.0,-0.5175772499276836,0.2880092442965747,0.5467978692604165,45.07377987869823,18.09944653872178,25.596722238086535,3.1048951399922657,11.786179921772826,19.843546284224335,34.471654095520734,-0.2676418369239714,0.3056722130668166,0.0,0.13999999999998636,1.009999999999991,0.0,13874.0,13874.0,2022-01-14,2022-01-14 11:05:00,3.2522053353172513,38.0,1.0,best_within_2.0d,13911.0,388.6,0.5716332378223459,6.979999999999961,28.0,0.018701604908501354,3.9899999999999523,11.0,0.010494200573367224,0.4929364202292669,5.6011759621451125,36.843533123028394,0.015614239272951093,2.82998018927445,22.52492113564669,0.007835530045022196,1.8630914826498424,0.00402220134195386,1.9444468750000041,16.553125,0.005470102952261012,0.0,0
13874.0,2022-01-14 11:10:00,376.36,376.77,376.14,376.31,850022.0,2,2,1.0,buy,False,0.5830945558739278,4.163492493946733,28.239017640954685,0.011578080659927173,-0.5983005292600414,0.47201030310291137,0.17286003847289066,0.0004583539010176685,44.80260726029495,14.24578487196855,21.81307644938054,-0.8887982828554328,850022.0,4.069999999999993,1.0,6.979999999999961,28.0,0.018701604908501354,4.069999999999993,12.0,0.010704610609926076,2.0,2.0,-0.5983005292600414,0.17286003847289066,0.47201030310291137,44.80260726029495,14.24578487196855,21.81307644938054,-0.8887982828554328,13.029691553761577,14.269241856442981,32.333725567201505,-0.013285152513553874,0.16749082788323374,0.40999999999996817,0.17000000000001592,0.05000000000001137,0.0,13875.0,13875.0,2022-01-14,2022-01-14 11:10:00,3.265924370864452,37.0,1.0,best_within_2.0d,13911.0,388.6,0.5830945558739278,6.979999999999961,28.0,0.018701604908501354,4.069999999999993,12.0,0.010704610609926076,0.4929364202292669,5.6011759621451125,36.843533123028394,0.015614239272951093,2.82998018927445,22.52492113564669,0.007835530045022196,1.8630914826498424,0.00402220134195386,1.9444468750000041,16.553125,0.005470102952261012,0.0,0
13875.0,2022-01-14 11:15:00,376.27,376.68,375.76,376.25,947703.0,2,2,1.0,buy,False,0.6375358166189131,4.163492493946733,28.239017640954685,0.011578080659927173,-0.6337969898144914,0.3927856793760999,0.07588718446885423,0.00020125655326425158,44.456964400651486,14.978174254690508,19.534775717817194,5.864971328437136,947703.0,4.449999999999989,1.0,6.979999999999961,28.0,0.018701604908501354,4.449999999999989,13.0,0.011704058283580097,2.0,2.0,-0.6337969898144914,0.07588718446885423,0.3927856793760999,44.456964400651486,14.978174254690508,19.534775717817194,5.864971328437136,13.290208762128447,16.78917965304339,30.855063281539913,-0.005315332075366575,0.24483713008303598,0.410000000000025,0.4900000000000091,0.01999999999998181,0.0,13876.0,13876.0,2022-01-14,2022-01-14 11:15:00,3.282392026578079,36.0,1.0,best_within_2.0d,13911.0,388.6,0.6375358166189131,6.979999999999961,28.0,0.018701604908501354,4.449999999999989,13.0,0.011704058283580097,0.4929364202292669,5.6011759621451125,36.843533123028394,0.015614239272951093,2.82998018927445,22.52492113564669,0.007835530045022196,1.8630914826498424,0.00402220134195386,1.9444468750000041,16.553125,0.005470102952261012,1.0,0
13888.0,2022-01-14 12:20:00,378.15,378.15,377.42,377.54,357184.0,2s,2s,1.0,buy,False,0.3997134670487076,4.163492493946733,28.239017640954685,0.011578080659927173,-0.132339320317443,0.3562744568939712,0.2901047967352497,0.0007679149016542475,48.3066983070819,34.993122057862585,53.12523523690404,-1.2711043002203297,357184.0,2.089999999999975,1.0,6.979999999999961,28.0,0.018701604908501354,2.089999999999975,8.0,0.005507101262153764,1.0,2.5,-0.132339320317443,0.2901047967352497,0.3562744568939712,48.3066983070819,34.993122057862585,53.12523523690404,-1.2711043002203297,25.716415098975542,11.875414615768918,32.567775513017956,-0.16131164881659574,0.19341847278892516,0.0,0.12000000000000455,0.6099999999999568,0.0,13889.0,13889.0,2022-01-14,2022-01-14 12:20:00,2.929490914869948,23.0,1.0,best_within_2.0d,13911.0,388.6,0.5832424107187206,4.3760036431226785,32.22527881040892,0.012230020343504162,2.285057100371749,15.890706319702602,0.006381710269403211,0.3997134670487076,6.979999999999961,28.0,0.018701604908501354,2.089999999999975,8.0,0.005507101262153764,1.0,0.00402220134195386,1.9444468750000041,16.553125,0.005470102952261012,0.0,0
13889.0,2022-01-14 12:25:00,377.52,378.2401,377.42,378.11,333225.0,2s,2s,1.0,buy,False,0.3997134670487076,4.163492493946733,28.239017640954685,0.011578080659927173,-0.13547887146296578,0.33933959796110047,0.2716001622296176,0.0007188864895287359,52.47394645744752,34.333532727570365,46.86133440045948,9.277929381792134,333225.0,2.089999999999975,1.0,6.979999999999961,28.0,0.018701604908501354,2.089999999999975,9.0,0.005507101262153764,1.0,2.5,-0.13547887146296578,0.2716001622296176,0.33933959796110047,52.47394645744752,34.333532727570365,46.86133440045948,9.277929381792134,26.672557018051172,8.835527076348916,33.829628368873,0.15628311082857382,0.21729108155369828,0.13009999999997035,0.0999999999999659,0.5900000000000318,1.0,13890.0,13890.0,2022-01-14,2022-01-14 12:25:00,2.774324931898127,22.0,1.0,best_within_2.0d,13911.0,388.6,0.5832424107187206,4.3760036431226785,32.22527881040892,0.012230020343504162,2.285057100371749,15.890706319702602,0.006381710269403211,0.3997134670487076,6.979999999999961,28.0,0.018701604908501354,2.089999999999975,9.0,0.005507101262153764,1.0,0.00402220134195386,1.9444468750000041,16.553125,0.005470102952261012,0.0,0
13893.0,2022-01-14 12:45:00,377.71,377.78,376.695,376.99,496896.0,2s,2s,1.0,buy,False,0.5035816618911183,4.163492493946733,28.239017640954685,0.011578080659927173,-0.3013428704328053,0.24576025350484815,0.09508881828844551,0.0002517042069335666,43.477923085811966,24.489754216252365,33.274204702009335,6.920853244738424,496896.0,2.8149999999999977,1.0,6.979999999999961,28.0,0.018701604908501354,2.8149999999999977,13.0,0.0074174593554846985,1.0,2.5,-0.3013428704328053,0.09508881828844551,0.24576025350484815,43.477923085811966,24.489754216252365,33.274204702009335,6.920853244738424,14.931403871453423,22.129299003947043,32.869056843881694,-0.19062243520160188,0.28803143126401454,0.06999999999999318,0.2950000000000159,0.7199999999999704,0.0,13894.0,13894.0,2022-01-14,2022-01-14 12:45:00,3.0796572853391373,18.0,1.0,best_within_2.0d,13911.0,388.6,0.5832424107187206,4.3760036431226785,32.22527881040892,0.012230020343504162,2.285057100371749,15.890706319702602,0.006381710269403211,0.5035816618911183,6.979999999999961,28.0,0.018701604908501354,2.8149999999999977,13.0,0.0074174593554846985,1.0,0.00402220134195386,1.9444468750000041,16.553125,0.005470102952261012,0.0,0
13894.0,2022-01-14 12:50:00,376.99,377.23,376.53,376.72,461470.0,2s,2s,1.0,buy,False,0.5272206303724968,4.163492493946733,28.239017640954685,0.011578080659927173,-0.3997757397337526,0.1957882860381291,-0.0040995838287472,-1.0854031319018244e-05,41.58837019846361,18.762400246733023,28.43693655025056,-0.5866723603020532,461470.0,2.980000000000018,1.0,6.979999999999961,28.0,0.018701604908501354,2.980000000000018,14.0,0.007852230507760054,1.0,2.5,-0.3997757397337526,-0.0040995838287472,0.1957882860381291,41.58837019846361,18.762400246733023,28.43693655025056,-0.5866723603020532,11.685199386503601,24.15644171779188,33.006652772142154,-0.07161993686834711,0.18590816136829616,0.2400000000000091,0.19000000000005457,0.2699999999999818,0.0,13895.0,13895.0,2022-01-14,2022-01-14 12:50:00,3.153535782544063,17.0,1.0,best_within_2.0d,13911.0,388.6,0.5832424107187206,4.3760036431226785,32.22527881040892,0.012230020343504162,2.285057100371749,15.890706319702602,0.006381710269403211,0.5272206303724968,6.979999999999961,28.0,0.018701604908501354,2.980000000000018,14.0,0.007852230507760054,1.0,0.00402220134195386,1.9444468750000041,16.553125,0.005470102952261012,0.0,0
13895.0,2022-01-14 12:55:00,376.7099,376.77,376.13,376.2695,496894.0,2s,2s,1.0,buy,False,0.5845272206303734,4.163492493946733,28.239017640954685,0.011578080659927173,-0.5015842943372356,0.13309024924597462,-0.11770189792264318,-0.0003117143164566534,38.57590460281386,14.414785896345958,23.762886332282356,-4.281414975526843,496894.0,3.3799999999999955,1.0,6.979999999999961,28.0,0.018701604908501354,3.3799999999999955,15.0,0.008906221179942546,1.0,2.5,-0.5015842943372356,-0.11770189792264318,0.13309024924597462,38.57590460281386,14.414785896345958,23.762886332282356,-4.281414975526843,7.166732206056273,28.706252457727338,34.937880976238134,-0.11690693554908194,0.1701539361390972,0.06009999999997717,0.13949999999999818,0.440400000000011,0.0,13896.0,13896.0,2022-01-14,2022-01-14 12:55:00,3.277039462406607,16.0,1.0,best_within_2.0d,13911.0,388.6,0.5832424107187206,4.3760036431226785,32.22527881040892,0.012230020343504162,2.285057100371749,15.890706319702602,0.006381710269403211,0.5845272206303734,6.979999999999961,28.0,0.018701604908501354,3.3799999999999955,15.0,0.008906221179942546,1.0,0.00402220134195386,1.9444468750000041,16.553125,0.005470102952261012,0.0,0
13896.0,2022-01-14 13:00:00,376.27,376.97,376.02,376.76,525283.0,2s,2s,1.0,buy,False,0.6002865329512924,4.163492493946733,28.239017640954685,0.011578080659927173,-0.47892363505533303,0.073224794864058,-0.1662370226636085,-0.00044032385675344397,43.384461270826954,19.286854779596126,22.270875814720277,13.318812709347824,525283.0,3.490000000000009,1.0,6.979999999999961,28.0,0.018701604908501354,3.490000000000009,16.0,0.009196068614792783,1.0,2.5,-0.47892363505533303,-0.1662370226636085,0.073224794864058,43.384461270826954,19.286854779596126,22.270875814720277,13.318812709347824,8.770853199143557,27.568236104948245,36.137155298370914,0.13022563584660193,0.2526461358438502,0.21000000000003638,0.25,0.4900000000000091,1.0,13897.0,13897.0,2022-01-14,2022-01-14 13:00:00,3.14258413844358,15.0,1.0,best_within_2.0d,13911.0,388.6,0.5832424107187206,4.3760036431226785,32.22527881040892,0.012230020343504162,2.285057100371749,15.890706319702602,0.006381710269403211,0.6002865329512924,6.979999999999961,28.0,0.018701604908501354,3.490000000000009,16.0,0.009196068614792783,1.0,0.00402220134195386,1.9444468750000041,16.553125,0.005470102952261012,0.0,0
13900.0,2022-01-14 13:20:00,376.56,376.58,375.46,375.545,692293.0,2s,2s,1.0,buy,False,0.6805157593123247,4.163492493946733,28.239017640954685,0.011578080659927173,-0.4710489895947315,-0.1514824062123042,-0.38700690100966995,-0.001026020009277662,35.50990993335313,14.366245246872865,18.199432269174203,6.699871202270188,692293.0,4.050000000000011,1.0,6.979999999999961,28.0,0.018701604908501354,4.050000000000011,20.0,0.01067165555584836,1.0,2.5,-0.4710489895947315,-0.38700690100966995,-0.1514824062123042,35.50990993335313,14.366245246872865,18.199432269174203,6.699871202270188,6.157978511739791,33.127735773975665,40.64590902489433,-0.26954535797747675,0.2983007510786781,0.01999999999998181,0.08500000000003638,1.0149999999999864,0.0,13901.0,13901.0,2022-01-14,2022-01-14 13:20:00,3.4762811380793264,11.0,1.0,best_within_2.0d,13911.0,388.6,0.5832424107187206,4.3760036431226785,32.22527881040892,0.012230020343504162,2.285057100371749,15.890706319702602,0.006381710269403211,0.6805157593123247,6.979999999999961,28.0,0.018701604908501354,4.050000000000011,20.0,0.01067165555584836,1.0,0.00402220134195386,1.9444468750000041,16.553125,0.005470102952261012,0.0,0
13901.0,2022-01-14 13:25:00,375.56,376.01,375.4,375.945,439281.0,2s,2s,1.0,buy,False,0.689111747851007,4.163492493946733,28.239017640954685,0.011578080659927173,-0.440782199289001,-0.2065801811234293,-0.4269712807679298,-0.0011322496169923859,39.72967278871912,17.21055005253733,17.869804863628577,15.892040430354832,439281.0,4.110000000000014,1.0,6.979999999999961,28.0,0.018701604908501354,4.110000000000014,21.0,0.01082975415667575,1.0,2.5,-0.440782199289001,-0.4269712807679298,-0.2065801811234293,39.72967278871912,17.21055005253733,17.869804863628577,15.892040430354832,6.145750595711689,33.65766481334415,42.67973560649974,0.10251357972094763,0.16249334043687097,0.06499999999999773,0.160000000000025,0.3849999999999909,1.0,13902.0,13902.0,2022-01-14,2022-01-14 13:25:00,3.366183883280807,10.0,1.0,best_within_2.0d,13911.0,388.6,0.5832424107187206,4.3760036431226785,32.22527881040892,0.012230020343504162,2.285057100371749,15.890706319702602,0.006381710269403211,0.689111747851007,6.979999999999961,28.0,0.018701604908501354,4.110000000000014,21.0,0.01082975415667575,1.0,0.00402220134195386,1.9444468750000041,16.553125,0.005470102952261012,1.0,0
13911.0,2022-01-14 14:15:00,386.94,386.96,386.46,386.865,324184.0,1p,1p,1.0,buy,False,0.3084367037238577,1.4600000000000364,13.0,0.003763662610847691,-0.06772737847397575,-0.12754563322878434,-0.16140932246577222,-0.00041679283467268966,44.039981258229545,33.91164963652258,37.54828877585265,26.638371357862454,324184.0,1.4600000000000364,0.0,1.4600000000000364,13.0,0.003763662610847691,1.4600000000000364,0.0,0.0,1.0,1.0,-0.06772737847397575,-0.16140932246577222,-0.12754563322878434,44.039981258229545,33.91164963652258,37.54828877585265,26.638371357862454,16.21126944698653,27.977513400444114,23.072742716356572,-0.01938285005426904,0.12937949593748382,0.01999999999998181,0.40500000000002956,0.07499999999998863,0.0,13912.0,13912.0,2022-01-14,2022-01-14 14:15:00,-1.6194279658278692,32.0,1.0,best_within_2.0d,13943.0,380.6,0.5832424107187206,4.3760036431226785,32.22527881040892,0.012230020343504162,2.285057100371749,15.890706319702602,0.006381710269403211,0.4929364202292669,5.6011759621451125,36.843533123028394,0.015614239272951093,2.82998018927445,22.52492113564669,0.007835530045022196,1.8630914826498424,0.00402220134195386,1.9444468750000041,16.553125,0.005470102952261012,0.0,0
13911.0,2022-01-14 14:15:00,387.75,387.92,387.69,387.83,157980.0,2,2,0.0,sell,False,0.6167400881057314,4.163492493946733,28.239017640954685,0.011578080659927173,0.034118446045573625,-0.08419310866429727,-0.06713388564151046,-0.0001732358204014167,54.75527957607766,64.37318173233461,46.93676677249807,99.24601165200771,157980.0,1.400000000000034,1.0,2.2700000000000387,14.0,0.005838627536716578,1.400000000000034,6.0,0.0036220635413433564,2.0,2.0,0.034118446045573625,-0.06713388564151046,-0.08419310866429727,54.75527957607766,64.37318173233461,46.93676677249807,99.24601165200771,18.18157148478254,14.789487252547701,26.611035633719812,0.020631850419080357,0.05932574995486554,0.09000000000003183,0.060000000000002274,0.07999999999998408,1.0,13912.0,13912.0,2022-01-14,2022-01-14 14:15:00,-1.6194279658278692,32.0,1.0,best_within_2.0d,13943.0,380.6,0.6167400881057314,2.2700000000000387,14.0,0.005838627536716578,1.400000000000034,6.0,0.0036220635413433564,0.4929364202292669,5.6011759621451125,36.843533123028394,0.015614239272951093,2.82998018927445,22.52492113564669,0.007835530045022196,1.8630914826498424,0.00402220134195386,1.9444468750000041,16.553125,0.005470102952261012,0.0,1
13911.0,2022-01-14 14:15:00,387.0,387.17,386.5601,386.89,276753.0,2,2,1.0,buy,False,0.49009868421053426,4.163492493946733,28.239017640954685,0.011578080659927173,0.14882512672984394,-0.24182172818613035,-0.16740916482120838,-0.00043218754300681627,44.670274534386174,52.84610677618624,65.78353407485326,26.971252178852183,276753.0,1.4899000000000342,1.0,3.0400000000000205,8.0,0.007895898807823227,1.4899000000000342,7.0,0.0038394536786497467,2.0,2.0,0.14882512672984394,-0.16740916482120838,-0.24182172818613035,44.670274534386174,52.84610677618624,65.78353407485326,26.971252178852183,16.927230271096573,22.383006796933774,29.865727421809158,-0.028423772609822647,0.15777624229713277,0.17000000000001592,0.3299000000000092,0.11000000000001364,0.0,13912.0,13912.0,2022-01-14,2022-01-14 14:15:00,-1.6194279658278692,32.0,1.0,best_within_2.0d,13943.0,380.6,0.49009868421053426,3.0400000000000205,8.0,0.007895898807823227,1.4899000000000342,7.0,0.0038394536786497467,0.4929364202292669,5.6011759621451125,36.843533123028394,0.015614239272951093,2.82998018927445,22.52492113564669,0.007835530045022196,1.8630914826498424,0.00402220134195386,1.9444468750000041,16.553125,0.005470102952261012,0.0,0
13911.0,2022-01-14 14:15:00,386.37,386.7,385.01,385.77,1013888.0,1p,1p,1.0,buy,False,3.3594205362114633,5.189999999999998,12.0,0.013300871348026648,-0.7857535381629024,-0.1212195563513232,-0.5140963254327744,-0.0013257305164354946,31.94437246777656,15.256645545057197,21.602248770427728,2.565439094316133,1013888.0,5.189999999999998,0.0,5.189999999999998,12.0,0.013300871348026648,5.189999999999998,0.0,0.0,1.0,1.0,-0.7857535381629024,-0.5140963254327744,-0.1212195563513232,31.94437246777656,15.256645545057197,21.602248770427728,2.565439094316133,9.359043175468342,37.15127241697262,25.422759751526616,-0.15529155990372512,0.4389496376717482,0.3299999999999841,0.7599999999999909,0.6000000000000227,0.0,13912.0,13912.0,2022-01-14,2022-01-14 14:15:00,-1.6194279658278692,32.0,1.0,best_within_2.0d,13943.0,380.6,0.5832424107187206,4.3760036431226785,32.22527881040892,0.012230020343504162,2.285057100371749,15.890706319702602,0.006381710269403211,0.4929364202292669,5.6011759621451125,36.843533123028394,0.015614239272951093,2.82998018927445,22.52492113564669,0.007835530045022196,1.8630914826498424,0.00402220134195386,1.9444468750000041,16.553125,0.005470102952261012,0.0,0
13911.0,2022-01-14 14:15:00,388.6,388.79,388.52,388.6,211136.0,1p,1p,0.0,sell,False,3.362736561190977,2.2299000000000433,10.0,0.005768572597120198,0.35212003842936856,0.06409258252778148,0.24015260174246578,0.0006193815088706429,62.852187524996666,88.81415122828633,83.04591293198342,100.35062782089216,211136.0,2.2299000000000433,0.0,2.2299000000000433,10.0,0.005768572597120198,2.2299000000000433,0.0,0.0,1.0,1.0,0.35212003842936856,0.24015260174246578,0.06409258252778148,62.852187524996666,88.81415122828633,83.04591293198342,100.35062782089216,26.802014682843296,12.409203319824128,35.09318553867683,0.0,0.06949449191805793,0.18999999999999773,0.08000000000004093,0.0,0.0,13912.0,13912.0,2022-01-14,2022-01-14 14:15:00,-1.6194279658278692,32.0,1.0,best_within_2.0d,13943.0,380.6,0.5832424107187206,4.3760036431226785,32.22527881040892,0.012230020343504162,2.285057100371749,15.890706319702602,0.006381710269403211,0.4929364202292669,5.6011759621451125,36.843533123028394,0.015614239272951093,2.82998018927445,22.52492113564669,0.007835530045022196,1.8630914826498424,0.00402220134195386,1.9444468750000041,16.553125,0.005470102952261012,0.0,1
13913.0,2022-01-14 14:25:00,378.1,378.3,377.04,377.19,556475.0,2s,2s,1.0,buy,False,0.4541547277936929,4.163492493946733,28.239017640954685,0.011578080659927173,0.2650884849520549,0.003625083937864676,0.13616932641389212,0.0003609073360008734,48.97746706710696,63.24039524526489,70.22600575833168,49.269174219131315,556475.0,1.669999999999959,1.0,6.979999999999961,28.0,0.018701604908501354,1.669999999999959,6.0,0.004409706635684189,2.0,2.5,0.2650884849520549,0.13616932641389212,0.003625083937864676,48.97746706710696,63.24039524526489,70.22600575833168,49.269174219131315,28.969729400584743,19.55918035963059,36.01108772939779,-0.2406770695583245,0.33418204964990206,0.19999999999998863,0.14999999999997726,0.910000000000025,0.0,13914.0,13914.0,2022-01-14,2022-01-14 14:25:00,0.9040536599591784,30.0,1.0,best_within_2.0d,13943.0,380.6,0.5832424107187206,4.3760036431226785,32.22527881040892,0.012230020343504162,2.285057100371749,15.890706319702602,0.006381710269403211,0.4541547277936929,6.979999999999961,28.0,0.018701604908501354,1.669999999999959,6.0,0.004409706635684189,2.0,0.00402220134195386,1.9444468750000041,16.553125,0.005470102952261012,1.0,0
13923.0,2022-01-14 15:15:00,378.46,379.56,378.24,379.3032,722519.0,1,1,0.0,sell,False,0.3189551414049198,2.519999999999982,11.0,0.006683640992998042,0.23771617278163193,0.25606768589599915,0.3749257722868151,0.0009922491982693555,61.54363300176784,72.21699348551094,65.3015842501641,86.04781195620461,722519.0,2.519999999999982,1.0,2.519999999999982,11.0,0.006683640992998042,2.519999999999982,11.0,0.006683640992998042,1.0,1.0,0.23771617278163193,0.3749257722868151,0.25606768589599915,61.54363300176784,72.21699348551094,65.3015842501641,86.04781195620461,20.28898203693017,12.656141495778803,29.481310833179528,0.22279765364900503,0.34898477157360225,0.25679999999999836,0.21999999999997044,0.8432000000000244,1.0,13924.0,13924.0,2022-01-14,2022-01-14 15:15:00,2.0540172048918044,173.78554736652885,0.0,,14281.267661333814,366.3529484630595,0.5832424107187206,4.3760036431226785,32.22527881040892,0.012230020343504162,2.285057100371749,15.890706319702602,0.006381710269403211,0.4929364202292669,5.6011759621451125,36.843533123028394,0.015614239272951093,2.82998018927445,22.52492113564669,0.007835530045022196,1.8630914826498424,0.00402220134195386,1.9444468750000041,16.553125,0.005470102952261012,0.0,1
13924.0,2022-01-14 15:20:00,379.31,379.83,379.19,379.73,504585.0,1,1,0.0,sell,False,0.3189551414049198,2.7899999999999636,12.0,0.0073997453851049316,0.33727031475295954,0.2982264752401191,0.46686163261659885,0.001235105324563026,63.96677401890861,79.94189734671592,70.18168861568137,99.46231480878504,504585.0,2.7899999999999636,1.0,2.7899999999999636,12.0,0.0073997453851049316,2.7899999999999636,12.0,0.0073997453851049316,1.0,1.0,0.33727031475295954,0.46686163261659885,0.2982264752401191,63.96677401890861,79.94189734671592,70.18168861568137,99.46231480878504,22.529112294458375,10.388470444646792,30.00992692763987,0.11072737338852547,0.16878082227906493,0.0999999999999659,0.12000000000000455,0.4200000000000159,1.0,13925.0,13925.0,2022-01-14,2022-01-14 15:20:00,2.0540172048918044,173.78554736652885,0.0,,14281.267661333814,366.3529484630595,0.5832424107187206,4.3760036431226785,32.22527881040892,0.012230020343504162,2.285057100371749,15.890706319702602,0.006381710269403211,0.4929364202292669,5.6011759621451125,36.843533123028394,0.015614239272951093,2.82998018927445,22.52492113564669,0.007835530045022196,1.8630914826498424,0.00402220134195386,1.9444468750000041,16.553125,0.005470102952261012,0.0,1
13926.0,2022-01-14 15:30:00,379.29,380.04,379.28,379.95,680039.0,1,1,0.0,sell,False,0.3189551414049198,3.0,14.0,0.007956715467854869,0.36962749870125866,0.3841597446571917,0.568973494007821,0.0015043219838276065,63.560825325999474,84.09001648288066,76.56092955167253,99.14819034529691,680039.0,3.0,1.0,3.0,14.0,0.007956715467854869,3.0,14.0,0.007956715467854869,1.0,1.0,0.36962749870125866,0.568973494007821,0.3841597446571917,63.560825325999474,84.09001648288066,76.56092955167253,99.14819034529691,22.931092272099278,9.913916434357796,30.998694242707504,0.17400933322786474,0.20037966673698793,0.09000000000003183,0.010000000000047748,0.6599999999999682,1.0,13927.0,13927.0,2022-01-14,2022-01-14 15:30:00,2.0540172048918044,173.78554736652885,0.0,,14281.267661333814,366.3529484630595,0.5832424107187206,4.3760036431226785,32.22527881040892,0.012230020343504162,2.285057100371749,15.890706319702602,0.006381710269403211,0.4929364202292669,5.6011759621451125,36.843533123028394,0.015614239272951093,2.82998018927445,22.52492113564669,0.007835530045022196,1.8630914826498424,0.00402220134195386,1.9444468750000041,16.553125,0.005470102952261012,0.0,1
13927.0,2022-01-14 15:35:00,379.94,380.27,379.69,379.89,624591.0,1,1,0.0,sell,False,0.3189551414049198,3.2299999999999613,15.0,0.008566730320390306,0.3680485155462827,0.4301658091004771,0.6141900668736184,0.0016233420426572432,62.97512957419735,84.54021533086039,79.22069147806849,95.17926303644418,624591.0,3.2299999999999613,1.0,3.2299999999999613,15.0,0.008566730320390306,3.2299999999999613,15.0,0.008566730320390306,1.0,1.0,0.3680485155462827,0.6141900668736184,0.4301658091004771,62.97512957419735,84.54021533086039,79.22069147806849,95.17926303644418,26.271824658292896,5.736520000346125,33.36708015632063,-0.013159972627259929,0.1527561958439738,0.3299999999999841,0.19999999999998863,0.05000000000001137,0.0,13928.0,13928.0,2022-01-14,2022-01-14 15:35:00,2.0540172048918044,173.78554736652885,0.0,,14281.267661333814,366.3529484630595,0.5832424107187206,4.3760036431226785,32.22527881040892,0.012230020343504162,2.285057100371749,15.890706319702602,0.006381710269403211,0.4929364202292669,5.6011759621451125,36.843533123028394,0.015614239272951093,2.82998018927445,22.52492113564669,0.007835530045022196,1.8630914826498424,0.00402220134195386,1.9444468750000041,16.553125,0.005470102952261012,0.0,1
13930.0,2022-01-14 15:50:00,379.68,380.345,379.64,380.1,1234569.0,1,1,0.0,sell,False,0.3189551414049198,3.305000000000007,18.0,0.008765648207086798,0.2607271979275638,0.5434842989899671,0.673847897953749,0.0017794683021991266,62.653664671172486,84.64891501786035,82.86918724031834,88.20837057294435,1234569.0,3.305000000000007,1.0,3.305000000000007,18.0,0.008765648207086798,3.305000000000007,18.0,0.008765648207086798,1.0,1.0,0.2607271979275638,0.673847897953749,0.5434842989899671,62.653664671172486,84.64891501786035,82.86918724031834,88.20837057294435,21.908253599212717,5.820441741929588,37.323530575631366,0.11061946902655286,0.18570224423138787,0.24500000000000455,0.040000000000020464,0.4200000000000159,1.0,13931.0,13931.0,2022-01-14,2022-01-14 15:50:00,2.0540172048918044,173.78554736652885,0.0,,14281.267661333814,366.3529484630595,0.5832424107187206,4.3760036431226785,32.22527881040892,0.012230020343504162,2.285057100371749,15.890706319702602,0.006381710269403211,0.4929364202292669,5.6011759621451125,36.843533123028394,0.015614239272951093,2.82998018927445,22.52492113564669,0.007835530045022196,1.8630914826498424,0.00402220134195386,1.9444468750000041,16.553125,0.005470102952261012,0.0,1
13932.0,2022-01-14 16:00:00,380.08,380.41,379.88,380.26,594933.0,1,1,0.0,sell,False,0.3189551414049198,3.3700000000000045,20.0,0.008938043708890314,0.19637620203849937,0.595397745496396,0.6935858465156457,0.0018305676577604318,63.57641772098728,86.02469583455832,84.4355562150932,89.20297507348855,594933.0,3.3700000000000045,1.0,3.3700000000000045,20.0,0.008938043708890314,3.3700000000000045,20.0,0.008938043708890314,1.0,1.0,0.19637620203849937,0.6935858465156457,0.595397745496396,63.57641772098728,86.02469583455832,84.4355562150932,89.20297507348855,22.465316302483984,5.234877174321651,40.75084807844006,0.047358450852453916,0.1395177424449904,0.1500000000000341,0.19999999999998863,0.18000000000000682,1.0,13933.0,13933.0,2022-01-14,2022-01-14 16:00:00,2.0540172048918044,173.78554736652885,0.0,,14281.267661333814,366.3529484630595,0.5832424107187206,4.3760036431226785,32.22527881040892,0.012230020343504162,2.285057100371749,15.890706319702602,0.006381710269403211,0.4929364202292669,5.6011759621451125,36.843533123028394,0.015614239272951093,2.82998018927445,22.52492113564669,0.007835530045022196,1.8630914826498424,0.00402220134195386,1.9444468750000041,16.553125,0.005470102952261012,1.0,1
13938.0,2022-01-14 16:30:00,380.4,380.43,380.34,380.43,15577.0,1,1,0.0,sell,False,0.3189551414049198,3.3899999999999864,26.0,0.008991088478675966,-0.006019788923132818,0.6353493573578779,0.6323394628963115,0.0016666629540601397,63.97291806225263,92.68318111746045,87.3282247926997,103.39309376698196,15577.0,3.3899999999999864,1.0,3.3899999999999864,26.0,0.008991088478675966,3.3899999999999864,26.0,0.008991088478675966,1.0,1.0,-0.006019788923132818,0.6323394628963115,0.6353493573578779,63.97291806225263,92.68318111746045,87.3282247926997,103.39309376698196,9.50161081995971,6.654096827352374,43.93735759984205,0.007886435331238055,0.023663038334130474,0.0,0.060000000000002274,0.03000000000002956,1.0,13939.0,13939.0,2022-01-14,2022-01-14 16:30:00,2.0540172048918044,173.78554736652885,0.0,,14281.267661333814,366.3529484630595,0.5832424107187206,4.3760036431226785,32.22527881040892,0.012230020343504162,2.285057100371749,15.890706319702602,0.006381710269403211,0.4929364202292669,5.6011759621451125,36.843533123028394,0.015614239272951093,2.82998018927445,22.52492113564669,0.007835530045022196,1.8630914826498424,0.00402220134195386,1.9444468750000041,16.553125,0.005470102952261012,0.0,1
13939.0,2022-01-14 16:35:00,380.39,380.47,380.37,380.41,14064.0,1,1,0.0,sell,False,0.3189551414049199,3.430000000000007,27.0,0.009097178018247418,-0.03213422108055353,0.6313325797228087,0.6152654691825319,0.0016213425903687084,63.63862493316361,92.55801818087107,89.07148925542349,99.53107603176628,14064.0,3.430000000000007,1.0,3.430000000000007,27.0,0.009097178018247418,3.430000000000007,27.0,0.009097178018247418,1.0,1.0,-0.03213422108055353,0.6152654691825319,0.6313325797228087,63.63862493316361,92.55801818087107,89.07148925542349,99.53107603176628,10.852737922339738,7.153231083517736,42.26654651998444,0.005257761770824326,0.02629019112969549,0.060000000000002274,0.01999999999998181,0.020000000000038654,1.0,13940.0,13940.0,2022-01-14,2022-01-14 16:35:00,2.0540172048918044,173.78554736652885,0.0,,14281.267661333814,366.3529484630595,0.5832424107187206,4.3760036431226785,32.22527881040892,0.012230020343504162,2.285057100371749,15.890706319702602,0.006381710269403211,0.4929364202292669,5.6011759621451125,36.843533123028394,0.015614239272951093,2.82998018927445,22.52492113564669,0.007835530045022196,1.8630914826498424,0.00402220134195386,1.9444468750000041,16.553125,0.005470102952261012,0.0,1
13940.0,2022-01-14 16:40:00,380.39,380.56,380.38,380.55,24704.0,1,1,0.0,sell,False,0.3189551414049198,3.519999999999982,28.0,0.009335879482282998,-0.0404602436359478,0.6262750492683151,0.6060449274503412,0.0015967108880940474,65.01670583670061,94.54848270881646,90.89715373988781,101.8511406466738,24704.0,3.519999999999982,1.0,3.519999999999982,28.0,0.009335879482282998,3.519999999999982,28.0,0.009335879482282998,1.0,1.0,-0.0404602436359478,0.6060449274503412,0.6262750492683151,65.01670583670061,94.54848270881646,90.89715373988781,101.8511406466738,9.161865496767314,7.8968232993282195,39.77720913834518,0.04206209416651989,0.04732109995268069,0.009999999999990905,0.009999999999990905,0.160000000000025,1.0,13941.0,13941.0,2022-01-14,2022-01-14 16:40:00,2.0540172048918044,173.78554736652885,0.0,,14281.267661333814,366.3529484630595,0.5832424107187206,4.3760036431226785,32.22527881040892,0.012230020343504162,2.285057100371749,15.890706319702602,0.006381710269403211,0.4929364202292669,5.6011759621451125,36.843533123028394,0.015614239272951093,2.82998018927445,22.52492113564669,0.007835530045022196,1.8630914826498424,0.00402220134195386,1.9444468750000041,16.553125,0.005470102952261012,0.0,1
13941.0,2022-01-14 16:45:00,380.56,380.58,380.47,380.58,61263.0,1,1,0.0,sell,False,0.3189551414049199,3.5399999999999636,29.0,0.009388924252068649,-0.05114804077156765,0.6198815441718691,0.5943075237860853,0.0015654749070768538,65.32001893842397,96.36565513921097,92.71998753966218,103.65699033830856,61263.0,3.5399999999999636,1.0,3.5399999999999636,29.0,0.009388924252068649,3.5399999999999636,29.0,0.009388924252068649,1.0,1.0,-0.05114804077156765,0.5943075237860853,0.6198815441718691,65.32001893842397,96.36565513921097,92.71998753966218,103.65699033830856,5.955010853488488,8.6097931113966,38.23793567405932,0.005255413075462952,0.028911609325296815,0.0,0.08999999999997499,0.01999999999998181,1.0,13942.0,13942.0,2022-01-14,2022-01-14 16:45:00,2.0540172048918044,173.78554736652885,0.0,,14281.267661333814,366.3529484630595,0.5832424107187206,4.3760036431226785,32.22527881040892,0.012230020343504162,2.285057100371749,15.890706319702602,0.006381710269403211,0.4929364202292669,5.6011759621451125,36.843533123028394,0.015614239272951093,2.82998018927445,22.52492113564669,0.007835530045022196,1.8630914826498424,0.00402220134195386,1.9444468750000041,16.553125,0.005470102952261012,0.0,1
13943.0,2022-01-14 16:55:00,380.57,380.67,380.5,380.6,5933.0,1,1,0.0,sell,False,0.3189551414049199,3.6299999999999955,31.0,0.00962762571610438,-0.1228049714841033,0.5871283601960484,0.5257258744539968,0.0013844679006951625,61.880435625400295,73.01030162230359,79.94975783316994,59.13138920057088,5933.0,3.6299999999999955,1.0,3.6299999999999955,31.0,0.00962762571610438,3.6299999999999955,31.0,0.00962762571610438,1.0,1.0,-0.1228049714841033,0.5257258744539968,0.5871283601960484,61.880435625400295,73.01030162230359,79.94975783316994,59.13138920057088,8.838643371018557,11.716341212744823,36.917319942506374,0.007882912473402937,0.04467805519054295,0.06999999999999318,0.06999999999999318,0.03000000000002956,1.0,13944.0,13944.0,2022-01-14,2022-01-14 16:55:00,2.0540172048918044,173.78554736652885,0.0,,14281.267661333814,366.3529484630595,0.5832424107187206,4.3760036431226785,32.22527881040892,0.012230020343504162,2.285057100371749,15.890706319702602,0.006381710269403211,0.4929364202292669,5.6011759621451125,36.843533123028394,0.015614239272951093,2.82998018927445,22.52492113564669,0.007835530045022196,1.8630914826498424,0.00402220134195386,1.9444468750000041,16.553125,0.005470102952261012,1.0,1
13977.0,2022-01-18 04:05:00,374.17,374.17,373.4,373.85,24288.0,2s,2s,1.0,buy,False,0.9756446991404069,4.163492493946733,28.239017640954685,0.011578080659927173,-1.3306661101683221,-0.21510340915510592,-0.880436464239267,-0.0023205527900073907,9.39874398967433,21.413434384086262,31.683260087547527,0.8737829771637351,24288.0,7.270000000000039,1.0,6.979999999999961,28.0,0.018701604908501354,7.270000000000039,35.0,0.01909790632306207,3.0,2.5,-1.3306661101683221,-0.880436464239267,-0.21510340915510592,9.39874398967433,21.413434384086262,31.683260087547527,0.8737829771637351,4.572098475966938,88.62837045720904,38.824232838337174,-0.08552262340647117,0.20621317621854277,0.0,0.4500000000000455,0.3199999999999932,0.0,13978.0,13978.0,2022-01-18,2022-01-18 04:05:00,4.041727965761657,66.0,1.0,best_within_2.0d,14043.0,388.96,0.5832424107187206,4.3760036431226785,32.22527881040892,0.012230020343504162,2.285057100371749,15.890706319702602,0.006381710269403211,0.9756446991404069,6.979999999999961,28.0,0.018701604908501354,7.270000000000039,35.0,0.01909790632306207,3.0,0.00402220134195386,1.9444468750000041,16.553125,0.005470102952261012,0.0,0
13990.0,2022-01-18 05:10:00,373.66,373.94,373.66,373.94,31112.0,2,2,0.0,sell,False,0.20260663507108767,4.163492493946733,28.239017640954685,0.011578080659927173,0.25356906607647156,-1.710554769438491,-1.5837702364002553,-0.0042176720270631785,34.65522863653291,81.19667183074398,62.2311434236912,119.12772864484954,31112.0,1.7099999999999795,1.0,8.439999999999998,42.0,0.022171434575879365,1.7099999999999795,7.0,0.004593933858098432,2.0,2.0,0.25356906607647156,-1.5837702364002553,-1.710554769438491,34.65522863653291,81.19667183074398,62.2311434236912,119.12772864484954,19.194630872483344,34.09395973154319,63.67944668008369,0.07493443237166747,0.07493443237166747,0.0,0.0,0.2799999999999727,1.0,13991.0,13991.0,2022-01-18,2022-01-18 05:10:00,2.1714713590415586,355.0,1.0,best_within_2.0d,14345.0,365.82,0.20260663507108767,8.439999999999998,42.0,0.022171434575879365,1.7099999999999795,7.0,0.004593933858098432,0.4929364202292669,5.6011759621451125,36.843533123028394,0.015614239272951093,2.82998018927445,22.52492113564669,0.007835530045022196,1.8630914826498424,0.00402220134195386,1.9444468750000041,16.553125,0.005470102952261012,0.0,1
13993.0,2022-01-18 05:25:00,373.94,373.97,373.7,373.97,15275.0,2,2,0.0,sell,False,0.20616113744075942,4.163492493946733,28.239017640954685,0.011578080659927173,0.5316023468902995,-1.5466982616803284,-1.2808970882351787,-0.003414359263439581,37.47199777267159,88.79728114889645,78.29959958156053,109.79264428356828,15275.0,1.740000000000009,1.0,8.439999999999998,42.0,0.022171434575879365,1.740000000000009,10.0,0.004674529188942345,2.0,2.0,0.5316023468902995,-1.2808970882351787,-1.5466982616803284,37.47199777267159,88.79728114889645,78.29959958156053,109.79264428356828,25.55205047318696,18.138801261829204,54.56609917095381,0.008022677434890506,0.0722504682900826,0.0,0.2400000000000091,0.03000000000002956,1.0,13994.0,13994.0,2022-01-18,2022-01-18 05:25:00,2.179319196727019,352.0,1.0,best_within_2.0d,14345.0,365.82,0.20616113744075942,8.439999999999998,42.0,0.022171434575879365,1.740000000000009,10.0,0.004674529188942345,0.4929364202292669,5.6011759621451125,36.843533123028394,0.015614239272951093,2.82998018927445,22.52492113564669,0.007835530045022196,1.8630914826498424,0.00402220134195386,1.9444468750000041,16.553125,0.005470102952261012,1.0,1
14008.0,2022-01-18 06:40:00,373.43,373.59,373.37,373.5,6486.0,2s,2s,0.0,sell,False,0.16113744075828876,4.163492493946733,28.239017640954685,0.011578080659927173,0.39840473834034107,-0.7291720921884393,-0.5299697230182687,-0.001417480248418482,43.74855647954169,71.1763439629247,59.84941263037485,93.83020662802441,6486.0,0.839999999999975,1.0,8.439999999999998,42.0,0.022171434575879365,0.839999999999975,7.0,0.0022535211267604963,1.0,2.5,0.39840473834034107,-0.5299697230182687,-0.7291720921884393,43.74855647954169,71.1763439629247,59.84941263037485,93.83020662802441,13.865546218486752,33.82352941176506,39.97620919029208,0.018745146346033574,0.058922784369384376,0.08999999999997499,0.060000000000002274,0.06999999999999318,1.0,14009.0,14009.0,2022-01-18,2022-01-18 06:40:00,2.056224899598395,337.0,1.0,best_within_2.0d,14345.0,365.82,0.5832424107187206,4.3760036431226785,32.22527881040892,0.012230020343504162,2.285057100371749,15.890706319702602,0.006381710269403211,0.16113744075828876,8.439999999999998,42.0,0.022171434575879365,0.839999999999975,7.0,0.0022535211267604963,1.0,0.00402220134195386,1.9444468750000041,16.553125,0.005470102952261012,0.0,1
14009.0,2022-01-18 06:45:00,373.72,373.73,373.51,373.51,11825.0,2s,2s,0.0,sell,False,0.17772511848341238,4.163492493946733,28.239017640954685,0.011578080659927173,0.4017540118226024,-0.678952840710614,-0.4780758347993128,-0.0012787767160056661,43.90958683477516,73.30123611133676,64.33335379069548,91.23700075261931,11825.0,0.9800000000000182,1.0,8.439999999999998,42.0,0.022171434575879365,0.9800000000000182,8.0,0.002629107981220706,1.0,2.5,0.4017540118226024,-0.4780758347993128,-0.678952840710614,43.90958683477516,73.30123611133676,64.33335379069548,91.23700075261931,17.16738197424908,27.46781115879877,38.769117325051475,-0.056191801348612964,0.05890069877647915,0.009999999999990905,0.0,0.21000000000003638,0.0,14010.0,14010.0,2022-01-18,2022-01-18 06:45:00,2.0588471526866745,336.0,1.0,best_within_2.0d,14345.0,365.82,0.5832424107187206,4.3760036431226785,32.22527881040892,0.012230020343504162,2.285057100371749,15.890706319702602,0.006381710269403211,0.17772511848341238,8.439999999999998,42.0,0.022171434575879365,0.9800000000000182,8.0,0.002629107981220706,1.0,0.00402220134195386,1.9444468750000041,16.553125,0.005470102952261012,0.0,1
14012.0,2022-01-18 07:00:00,373.49,373.95,373.49,373.87,52577.0,2s,2s,0.0,sell,False,0.20379146919430935,4.163492493946733,28.239017640954685,0.011578080659927173,0.39973236841777826,-0.5370845406721001,-0.33721835646321097,-0.0009021481873649992,50.5032281669932,75.92281094046353,69.64149888647358,88.48543504844343,52577.0,1.1999999999999886,1.0,8.439999999999998,42.0,0.022171434575879365,1.1999999999999886,11.0,0.003219315895372203,1.0,2.5,0.39973236841777826,-0.33721835646321097,-0.5370845406721001,50.5032281669932,75.92281094046353,69.64149888647358,88.48543504844343,25.00000000000059,25.826446280991565,34.292515601472196,0.10174301855471243,0.12316260140833209,0.07999999999998408,0.0,0.37999999999999545,1.0,14013.0,14013.0,2022-01-18,2022-01-18 07:00:00,2.1531548399176215,333.0,1.0,best_within_2.0d,14345.0,365.82,0.5832424107187206,4.3760036431226785,32.22527881040892,0.012230020343504162,2.285057100371749,15.890706319702602,0.006381710269403211,0.20379146919430935,8.439999999999998,42.0,0.022171434575879365,1.1999999999999886,11.0,0.003219315895372203,1.0,0.00402220134195386,1.9444468750000041,16.553125,0.005470102952261012,0.0,1
14013.0,2022-01-18 07:05:00,373.87,374.04,373.77,374.01,59189.0,2s,2s,0.0,sell,False,0.21445497630331786,4.163492493946733,28.239017640954685,0.011578080659927173,0.4302528034789518,-0.48330294023723114,-0.26817653849775525,-0.0007174124995012252,52.56679152493323,83.05568348411767,74.11289375235494,100.94126294764314,59189.0,1.2900000000000205,1.0,8.439999999999998,42.0,0.022171434575879365,1.2900000000000205,12.0,0.003460764587525206,1.0,2.5,0.4302528034789518,-0.26817653849775525,-0.48330294023723114,52.56679152493323,83.05568348411767,74.11289375235494,100.94126294764314,25.948103792416283,24.950099800398963,31.983106223776193,0.03744617112899841,0.07223693715387502,0.03000000000002956,0.10000000000002274,0.13999999999998636,1.0,14014.0,14014.0,2022-01-18,2022-01-18 07:05:00,2.1897810218978098,332.0,1.0,best_within_2.0d,14345.0,365.82,0.5832424107187206,4.3760036431226785,32.22527881040892,0.012230020343504162,2.285057100371749,15.890706319702602,0.006381710269403211,0.21445497630331786,8.439999999999998,42.0,0.022171434575879365,1.2900000000000205,12.0,0.003460764587525206,1.0,0.00402220134195386,1.9444468750000041,16.553125,0.005470102952261012,0.0,1
14015.0,2022-01-18 07:15:00,373.91,374.09,373.8,374.01,42134.0,2s,2s,0.0,sell,False,0.22037914691942623,4.163492493946733,28.239017640954685,0.011578080659927173,0.4181580089713961,-0.3778545149818733,-0.16877551049617523,-0.00045147213171883177,52.530622956071,87.50887519929063,81.09312883761058,100.34036792265073,42134.0,1.339999999999975,1.0,8.439999999999998,42.0,0.022171434575879365,1.339999999999975,14.0,0.00359490274983226,1.0,2.5,0.4181580089713961,-0.16877551049617523,-0.3778545149818733,52.530622956071,87.50887519929063,81.09312883761058,100.34036792265073,32.15077605321615,15.299334811529913,32.147110590877716,0.02674440373350964,0.07758159443551728,0.07999999999998408,0.11000000000001364,0.0999999999999659,1.0,14016.0,14016.0,2022-01-18,2022-01-18 07:15:00,2.1897810218978098,330.0,1.0,best_within_2.0d,14345.0,365.82,0.5832424107187206,4.3760036431226785,32.22527881040892,0.012230020343504162,2.285057100371749,15.890706319702602,0.006381710269403211,0.22037914691942623,8.439999999999998,42.0,0.022171434575879365,1.339999999999975,14.0,0.00359490274983226,1.0,0.00402220134195386,1.9444468750000041,16.553125,0.005470102952261012,0.0,1
14016.0,2022-01-18 07:20:00,374.1,374.45,373.85,374.14,35209.0,2s,2s,0.0,sell,False,0.2630331753554468,4.163492493946733,28.239017640954685,0.011578080659927173,0.41516216005063034,-0.3259592449755445,-0.11837816495022935,-0.00031664072086113584,54.61408385316972,83.53610052656103,81.90745273392739,86.79339611182832,35209.0,1.6999999999999886,1.0,8.439999999999998,42.0,0.022171434575879365,1.6999999999999886,15.0,0.004560697518443966,1.0,2.5,0.41516216005063034,-0.11837816495022935,-0.3259592449755445,54.61408385316972,83.53610052656103,81.90745273392739,86.79339611182832,38.67521367521535,13.888888888888552,33.219064944723456,0.010692328254467687,0.16049217600641055,0.3100000000000023,0.25,0.03999999999996362,1.0,14017.0,14017.0,2022-01-18,2022-01-18 07:20:00,2.223766504517024,329.0,1.0,best_within_2.0d,14345.0,365.82,0.5832424107187206,4.3760036431226785,32.22527881040892,0.012230020343504162,2.285057100371749,15.890706319702602,0.006381710269403211,0.2630331753554468,8.439999999999998,42.0,0.022171434575879365,1.6999999999999886,15.0,0.004560697518443966,1.0,0.00402220134195386,1.9444468750000041,16.553125,0.005470102952261012,1.0,1
14021.0,2022-01-18 07:45:00,374.11,374.75,374.08,374.51,56584.0,2s,2s,0.0,sell,False,0.2985781990521306,4.163492493946733,28.239017640954685,0.011578080659927173,0.3229042179340259,-0.10413082365408947,0.057321285312923465,0.00015327046543903494,59.95015124349686,77.77802054216399,79.39161957019229,74.55082248610739,56584.0,2.0,1.0,8.439999999999998,42.0,0.022171434575879365,2.0,20.0,0.0053655264922870555,1.0,2.5,0.3229042179340259,0.057321285312923465,-0.10413082365408947,59.95015124349686,77.77802054216399,79.39161957019229,74.55082248610739,35.959595959597465,13.131313131313005,33.649731439593616,0.10692042447407908,0.1791060735671557,0.2400000000000091,0.03000000000002956,0.39999999999997726,1.0,14022.0,14022.0,2022-01-18,2022-01-18 07:45:00,2.3203652772956658,324.0,1.0,best_within_2.0d,14345.0,365.82,0.5832424107187206,4.3760036431226785,32.22527881040892,0.012230020343504162,2.285057100371749,15.890706319702602,0.006381710269403211,0.2985781990521306,8.439999999999998,42.0,0.022171434575879365,2.0,20.0,0.0053655264922870555,1.0,0.00402220134195386,1.9444468750000041,16.553125,0.005470102952261012,0.0,1
14022.0,2022-01-18 07:50:00,374.51,374.85,374.44,374.61,26630.0,2s,2s,0.0,sell,False,0.3104265402843608,4.163492493946733,28.239017640954685,0.011578080659927173,0.32362727235568095,-0.06367741460962936,0.09813622156821111,0.00026237253542811116,61.466304498693034,77.91261975538193,78.89861963192217,75.94062000230144,26630.0,2.1000000000000227,1.0,8.439999999999998,42.0,0.022171434575879365,2.1000000000000227,21.0,0.0056338028169014695,1.0,2.5,0.32362727235568095,0.09813622156821111,-0.06367741460962936,61.466304498693034,77.91261975538193,78.89861963192217,75.94062000230144,35.603112840469315,12.645914396886889,34.64479670542934,0.026701556700761724,0.10949684862729009,0.2400000000000091,0.06999999999999318,0.10000000000002274,1.0,14023.0,14023.0,2022-01-18,2022-01-18 07:50:00,2.3464402979098313,323.0,1.0,best_within_2.0d,14345.0,365.82,0.5832424107187206,4.3760036431226785,32.22527881040892,0.012230020343504162,2.285057100371749,15.890706319702602,0.006381710269403211,0.3104265402843608,8.439999999999998,42.0,0.022171434575879365,2.1000000000000227,21.0,0.0056338028169014695,1.0,0.00402220134195386,1.9444468750000041,16.553125,0.005470102952261012,0.0,1
14024.0,2022-01-18 08:00:00,373.87,376.79,372.3896,374.48,131554.0,2s,2s,0.0,sell,False,0.5402843601895738,4.163492493946733,28.239017640954685,0.011578080659927173,0.26855089048078395,0.00890463694680827,0.14318008218720024,0.00038272340190468804,57.91281913638118,68.24053287797848,75.28143372245901,54.15873118901743,131554.0,4.0400000000000205,1.0,8.439999999999998,42.0,0.022171434575879365,4.0400000000000205,23.0,0.010838363514419908,1.0,2.5,0.26855089048078395,0.14318008218720024,0.00890463694680827,57.91281913638118,68.24053287797848,75.28143372245901,54.15873118901743,18.570612280779507,27.03617423409958,34.14600688413987,0.16315831706208403,1.1816656533909775,2.3100000000000023,1.4804000000000315,0.6100000000000136,1.0,14025.0,14025.0,2022-01-18,2022-01-18 08:00:00,2.3125400555436935,321.0,1.0,best_within_2.0d,14345.0,365.82,0.5832424107187206,4.3760036431226785,32.22527881040892,0.012230020343504162,2.285057100371749,15.890706319702602,0.006381710269403211,0.5402843601895738,8.439999999999998,42.0,0.022171434575879365,4.0400000000000205,23.0,0.010838363514419908,1.0,0.00402220134195386,1.9444468750000041,16.553125,0.005470102952261012,1.0,1
14043.0,2022-01-18 09:35:00,389.11,389.47,388.33,388.96,722383.0,1p,1p,0.0,sell,False,1.3531592166530706,2.480000000000018,34.0,0.0064084343264684315,0.08438566385009727,0.3006391227311138,0.34283195465616245,0.000882865423152586,66.84385268238651,69.66564748177314,71.47706926630815,66.0428039127031,722383.0,2.480000000000018,0.0,2.480000000000018,34.0,0.0064084343264684315,2.480000000000018,0.0,0.0,1.0,1.0,0.08438566385009727,0.34283195465616245,0.3006391227311138,66.84385268238651,69.66564748177314,71.47706926630815,66.0428039127031,17.732558139534174,12.936046511627502,38.38442112490643,-0.03854951042122642,0.2935647516287805,0.36000000000001364,0.6299999999999955,0.1500000000000341,0.0,14044.0,14044.0,2022-01-18,2022-01-18 09:35:00,2.0867979185666083,262.0,1.0,best_within_2.0d,14305.0,380.6,0.5832424107187206,4.3760036431226785,32.22527881040892,0.012230020343504162,2.285057100371749,15.890706319702602,0.006381710269403211,0.4929364202292669,5.6011759621451125,36.843533123028394,0.015614239272951093,2.82998018927445,22.52492113564669,0.007835530045022196,1.8630914826498424,0.00402220134195386,1.9444468750000041,16.553125,0.005470102952261012,0.0,1
14043.0,2022-01-18 09:35:00,372.79,373.21,372.31,372.82,1344548.0,1,1,1.0,buy,False,0.21265536089848064,4.480000000000018,20.0,0.011889912152658028,-0.38052893366809915,0.014793573968359962,-0.17547089286568962,-0.00046908950154717386,32.74224896734735,25.798834606706187,38.54208919166728,0.3123254367840076,1344548.0,4.480000000000018,1.0,4.480000000000018,20.0,0.011889912152658028,4.480000000000018,20.0,0.011889912152658028,1.0,1.0,-0.38052893366809915,-0.17547089286568962,0.014793573968359962,32.74224896734735,25.798834606706187,38.54208919166728,0.3123254367840076,16.04395604395588,32.63736263736306,30.75548230978288,0.008047426164857619,0.24173403883859615,0.38999999999998636,0.4800000000000182,0.029999999999972715,1.0,14044.0,14044.0,2022-01-18,2022-01-18 09:35:00,2.0867979185666083,262.0,1.0,best_within_2.0d,14305.0,380.6,0.5832424107187206,4.3760036431226785,32.22527881040892,0.012230020343504162,2.285057100371749,15.890706319702602,0.006381710269403211,0.4929364202292669,5.6011759621451125,36.843533123028394,0.015614239272951093,2.82998018927445,22.52492113564669,0.007835530045022196,1.8630914826498424,0.00402220134195386,1.9444468750000041,16.553125,0.005470102952261012,1.0,0
14049.0,2022-01-18 10:05:00,373.91,375.8,373.85,375.6,1584515.0,2s,2s,0.0,sell,False,0.4229857819905206,4.163492493946733,28.239017640954685,0.011578080659927173,0.16853435919913337,-0.09621395605920462,-0.011946776459637931,-3.193759839494653e-05,62.43432273261388,65.82381578075973,51.765862302381834,93.93972273751552,1584515.0,3.490000000000009,1.0,8.439999999999998,42.0,0.022171434575879365,3.490000000000009,7.0,0.009373908839408045,2.0,2.5,0.16853435919913337,-0.011946776459637931,-0.09621395605920462,62.43432273261388,65.82381578075973,51.765862302381834,93.93972273751552,27.811828594777584,19.96915655027865,24.54346248700815,0.45198042309646647,0.5215995720208609,0.19999999999998863,0.060000000000002274,1.6899999999999977,1.0,14050.0,14050.0,2022-01-18,2022-01-18 10:05:00,2.603833865814704,296.0,1.0,best_within_2.0d,14345.0,365.82,0.5832424107187206,4.3760036431226785,32.22527881040892,0.012230020343504162,2.285057100371749,15.890706319702602,0.006381710269403211,0.4229857819905206,8.439999999999998,42.0,0.022171434575879365,3.490000000000009,7.0,0.009373908839408045,2.0,0.00402220134195386,1.9444468750000041,16.553125,0.005470102952261012,0.0,1
14050.0,2022-01-18 10:10:00,375.58,376.22,375.29,375.33,1278219.0,2s,2s,0.0,sell,False,0.47274881516587797,4.163492493946733,28.239017640954685,0.011578080659927173,0.29907219715121697,-0.058829931415302496,0.090706167160306,0.00024242625963912328,59.810097376106015,69.62849440797419,57.72007300424595,93.44533721543067,1278219.0,3.910000000000025,1.0,8.439999999999998,42.0,0.022171434575879365,3.910000000000025,8.0,0.010502001020654898,2.0,2.5,0.29907219715121697,0.090706167160306,-0.058829931415302496,59.810097376106015,69.62849440797419,57.72007300424595,93.44533721543067,28.92092393733186,19.344459057420348,24.20759158374118,-0.06656371478779488,0.24780836153374905,0.6400000000000432,0.03999999999996362,0.25,0.0,14051.0,14051.0,2022-01-18,2022-01-18 10:10:00,2.5337702821517043,295.0,1.0,best_within_2.0d,14345.0,365.82,0.5832424107187206,4.3760036431226785,32.22527881040892,0.012230020343504162,2.285057100371749,15.890706319702602,0.006381710269403211,0.47274881516587797,8.439999999999998,42.0,0.022171434575879365,3.910000000000025,8.0,0.010502001020654898,2.0,0.00402220134195386,1.9444468750000041,16.553125,0.005470102952261012,1.0,1
14055.0,2022-01-18 10:35:00,374.55,374.79,373.76,373.93,626929.0,2,2,1.0,buy,False,0.6291560102301843,4.163492493946733,28.239017640954685,0.011578080659927173,0.10595313291624481,0.14829952502505775,0.20127609148318015,0.0005375636347922785,46.179717404697,60.572217442169844,67.97280305234739,45.77104622181474,626929.0,2.4600000000000364,1.0,3.910000000000025,8.0,0.010502001020654898,2.4600000000000364,6.0,0.006538727340386041,2.0,2.0,0.10595313291624481,0.20127609148318015,0.14829952502505775,46.179717404697,60.572217442169844,67.97280305234739,45.77104622181474,24.50872883586293,22.754188963944376,21.28577795571144,-0.1655319716993738,0.27557791095891204,0.2400000000000091,0.17000000000001592,0.6200000000000045,0.0,14056.0,14056.0,2022-01-18,2022-01-18 10:35:00,1.7837563180274425,250.0,1.0,best_within_2.0d,14305.0,380.6,0.6291560102301843,3.910000000000025,8.0,0.010502001020654898,2.4600000000000364,6.0,0.006538727340386041,0.4929364202292669,5.6011759621451125,36.843533123028394,0.015614239272951093,2.82998018927445,22.52492113564669,0.007835530045022196,1.8630914826498424,0.00402220134195386,1.9444468750000041,16.553125,0.005470102952261012,0.0,0
14058.0,2022-01-18 10:50:00,374.45,374.55,373.56,373.58,516277.0,2,2,1.0,buy,False,0.680306905370846,4.163492493946733,28.239017640954685,0.011578080659927173,-0.1399808294726298,0.14303186762749004,0.07304145289117514,0.00019509712826446074,44.18019665657021,32.635022977621404,50.557140106638315,-3.2092112804124184,516277.0,2.660000000000025,1.0,3.910000000000025,8.0,0.010502001020654898,2.660000000000025,9.0,0.007070331189197876,2.0,2.0,-0.1399808294726298,0.07304145289117514,0.14303186762749004,44.18019665657021,32.635022977621404,50.557140106638315,-3.2092112804124184,19.452369483863873,17.970284189855157,20.82817723178982,-0.23234076645747218,0.2650176678445254,0.10000000000002274,0.01999999999998181,0.8700000000000045,0.0,14059.0,14059.0,2022-01-18,2022-01-18 10:50:00,1.8791155843460676,247.0,1.0,best_within_2.0d,14305.0,380.6,0.680306905370846,3.910000000000025,8.0,0.010502001020654898,2.660000000000025,9.0,0.007070331189197876,0.4929364202292669,5.6011759621451125,36.843533123028394,0.015614239272951093,2.82998018927445,22.52492113564669,0.007835530045022196,1.8630914826498424,0.00402220134195386,1.9444468750000041,16.553125,0.005470102952261012,0.0,0
14059.0,2022-01-18 10:55:00,373.55,373.85,373.02,373.31,555724.0,2,2,1.0,buy,False,0.8184143222506458,4.163492493946733,28.239017640954685,0.011578080659927173,-0.2671815783854151,0.10963417032931315,-0.023956618863394397,-6.400286062517897e-05,42.51141465787854,24.92608089218497,42.01345370182053,-9.248664727086151,555724.0,3.2000000000000455,1.0,3.910000000000025,8.0,0.010502001020654898,3.2000000000000455,10.0,0.008505661580989967,2.0,2.0,-0.2671815783854151,-0.023956618863394397,0.10963417032931315,42.51141465787854,24.92608089218497,42.01345370182053,-9.248664727086151,20.0573065902579,21.96752626552061,19.66512561133731,-0.06424842725204366,0.2225081765052922,0.30000000000001137,0.29000000000002046,0.2400000000000091,0.0,14060.0,14060.0,2022-01-18,2022-01-18 10:55:00,1.9528006214674185,246.0,1.0,best_within_2.0d,14305.0,380.6,0.8184143222506458,3.910000000000025,8.0,0.010502001020654898,3.2000000000000455,10.0,0.008505661580989967,0.4929364202292669,5.6011759621451125,36.843533123028394,0.015614239272951093,2.82998018927445,22.52492113564669,0.007835530045022196,1.8630914826498424,0.00402220134195386,1.9444468750000041,16.553125,0.005470102952261012,0.0,0
14060.0,2022-01-18 11:00:00,373.32,373.62,372.89,373.44,560844.0,2,2,1.0,buy,False,0.8516624040920766,4.163492493946733,28.239017640954685,0.011578080659927173,-0.3183088786947764,0.0698455604924661,-0.08930887885492211,-0.0002386398055285734,43.615732716906784,22.608672664506873,35.54519335604931,-3.264368718577998,560844.0,3.330000000000041,1.0,3.910000000000025,8.0,0.010502001020654898,3.330000000000041,11.0,0.008851204082717667,2.0,2.0,-0.3183088786947764,-0.08930887885492211,0.0698455604924661,43.615732716906784,22.608672664506873,35.54519335604931,-3.264368718577998,20.62193126022908,19.705400981996775,18.422811444293718,0.03214400514304204,0.19576818901016874,0.18000000000000682,0.4300000000000068,0.12000000000000455,1.0,14061.0,14061.0,2022-01-18,2022-01-18 11:00:00,1.9173093401885242,245.0,1.0,best_within_2.0d,14305.0,380.6,0.8516624040920766,3.910000000000025,8.0,0.010502001020654898,3.330000000000041,11.0,0.008851204082717667,0.4929364202292669,5.6011759621451125,36.843533123028394,0.015614239272951093,2.82998018927445,22.52492113564669,0.007835530045022196,1.8630914826498424,0.00402220134195386,1.9444468750000041,16.553125,0.005470102952261012,0.0,0
14061.0,2022-01-18 11:05:00,373.45,373.67,372.375,372.76,735305.0,2,2,1.0,buy,False,0.9833759590792845,4.163492493946733,28.239017640954685,0.011578080659927173,-0.4217337627042048,0.017128840154440494,-0.19373804119766191,-0.00051783393583129,39.35696107545417,18.6621920327481,29.917526248282236,-3.848476398320173,735305.0,3.8450000000000273,1.0,3.910000000000025,8.0,0.010502001020654898,3.8450000000000273,12.0,0.010220083993408183,2.0,2.0,-0.4217337627042048,-0.19373804119766191,0.017128840154440494,39.35696107545417,18.6621920327481,29.917526248282236,-3.848476398320173,18.21192052980109,23.34437086092708,17.98908188467004,-0.18476368991832848,0.3477677072843279,0.22000000000002728,0.3849999999999909,0.6899999999999977,0.0,14062.0,14062.0,2022-01-18,2022-01-18 11:05:00,2.103229960296178,244.0,1.0,best_within_2.0d,14305.0,380.6,0.9833759590792845,3.910000000000025,8.0,0.010502001020654898,3.8450000000000273,12.0,0.010220083993408183,0.4929364202292669,5.6011759621451125,36.843533123028394,0.015614239272951093,2.82998018927445,22.52492113564669,0.007835530045022196,1.8630914826498424,0.00402220134195386,1.9444468750000041,16.553125,0.005470102952261012,1.0,0
14066.0,2022-01-18 11:30:00,372.72,372.72,371.85,372.115,1110624.0,1,1,1.0,buy,False,0.24345885227392167,4.3700000000000045,17.0,0.01161554409653927,-0.43358673131445863,-0.2399325053142954,-0.45672587097152473,-0.0012222379602355986,36.182216044607955,14.854177861305756,19.085928950358394,6.390675683200477,1110624.0,4.3700000000000045,1.0,4.3700000000000045,17.0,0.01161554409653927,4.3700000000000045,17.0,0.01161554409653927,1.0,1.0,-0.43358673131445863,-0.45672587097152473,-0.2399325053142954,36.182216044607955,14.854177861305756,19.085928950358394,6.390675683200477,6.9302894415002685,33.795352629432614,28.511513530717675,-0.16232024039493942,0.23396530859217546,0.0,0.26499999999998636,0.6050000000000182,0.0,14067.0,14067.0,2022-01-18,2022-01-18 11:30:00,2.2802090751515025,239.0,1.0,best_within_2.0d,14305.0,380.6,0.5832424107187206,4.3760036431226785,32.22527881040892,0.012230020343504162,2.285057100371749,15.890706319702602,0.006381710269403211,0.4929364202292669,5.6011759621451125,36.843533123028394,0.015614239272951093,2.82998018927445,22.52492113564669,0.007835530045022196,1.8630914826498424,0.00402220134195386,1.9444468750000041,16.553125,0.005470102952261012,1.0,0
14070.0,2022-01-18 11:50:00,373.85,374.48,373.74,374.07,531470.0,2s,2s,0.0,sell,False,0.26658767772511854,4.163492493946733,28.239017640954685,0.011578080659927173,0.1258830513469792,-0.27236682503220294,-0.20942529935871335,-0.000560416814765687,53.07163485595438,73.14048277572655,54.583655669610394,110.25413698795887,531470.0,2.6299999999999955,1.0,8.439999999999998,42.0,0.022171434575879365,2.6299999999999955,5.0,0.00707274438617721,3.0,2.5,0.1258830513469792,-0.20942529935871335,-0.27236682503220294,53.07163485595438,73.14048277572655,54.583655669610394,110.25413698795887,20.38486627527744,24.507139233166114,27.68092805446318,0.05884713120234597,0.19799860865842805,0.410000000000025,0.11000000000001364,0.21999999999997044,1.0,14071.0,14071.0,2022-01-18,2022-01-18 11:50:00,2.2054695645200098,275.0,1.0,best_within_2.0d,14345.0,365.82,0.5832424107187206,4.3760036431226785,32.22527881040892,0.012230020343504162,2.285057100371749,15.890706319702602,0.006381710269403211,0.26658767772511854,8.439999999999998,42.0,0.022171434575879365,2.6299999999999955,5.0,0.00707274438617721,3.0,0.00402220134195386,1.9444468750000041,16.553125,0.005470102952261012,1.0,1
14076.0,2022-01-18 12:20:00,373.47,373.6,372.58,372.75,499359.0,2,2,1.0,buy,False,0.7224334600760598,4.163492493946733,28.239017640954685,0.011578080659927173,-0.009207966800976852,-0.21737498828453025,-0.22197897168501868,-0.0005942873394227454,42.86276531649197,41.07228562869833,53.101109991572166,17.01463690295067,499359.0,1.900000000000034,1.0,2.6299999999999955,5.0,0.00707274438617721,1.900000000000034,7.0,0.005073702200384624,2.0,2.0,-0.009207966800976852,-0.22197897168501868,-0.21737498828453025,42.86276531649197,41.07228562869833,53.101109991572166,17.01463690295067,27.269081804311057,24.060091545713433,21.593059481192746,-0.19278656920235288,0.2737667078211495,0.12999999999999545,0.17000000000001592,0.7200000000000273,0.0,14077.0,14077.0,2022-01-18,2022-01-18 12:20:00,2.1059691482226754,229.0,1.0,best_within_2.0d,14305.0,380.6,0.7224334600760598,2.6299999999999955,5.0,0.00707274438617721,1.900000000000034,7.0,0.005073702200384624,0.4929364202292669,5.6011759621451125,36.843533123028394,0.015614239272951093,2.82998018927445,22.52492113564669,0.007835530045022196,1.8630914826498424,0.00402220134195386,1.9444468750000041,16.553125,0.005470102952261012,0.0,0
14077.0,2022-01-18 12:25:00,372.77,372.865,372.41,372.66,447707.0,2,2,1.0,buy,False,0.7870722433460063,4.163492493946733,28.239017640954685,0.011578080659927173,-0.06265600471668176,-0.2252069888741155,-0.2565349912324564,-0.0006869188587665775,42.17237721475531,31.40728864779568,45.86983621031333,2.482193522760383,447707.0,2.069999999999993,1.0,2.6299999999999955,5.0,0.00707274438617721,2.069999999999993,8.0,0.005527665028839973,2.0,2.0,-0.06265600471668176,-0.2565349912324564,-0.2252069888741155,42.17237721475531,31.40728864779568,45.86983621031333,2.482193522760383,23.575927498173247,25.964025509900747,20.39502306185105,-0.0295088124044201,0.12217717032302679,0.09500000000002728,0.25,0.1099999999999568,0.0,14078.0,14078.0,2022-01-18,2022-01-18 12:25:00,2.1306284548918577,228.0,1.0,best_within_2.0d,14305.0,380.6,0.7870722433460063,2.6299999999999955,5.0,0.00707274438617721,2.069999999999993,8.0,0.005527665028839973,0.4929364202292669,5.6011759621451125,36.843533123028394,0.015614239272951093,2.82998018927445,22.52492113564669,0.007835530045022196,1.8630914826498424,0.00402220134195386,1.9444468750000041,16.553125,0.005470102952261012,0.0,0
14078.0,2022-01-18 12:30:00,372.65,372.652,372.07,372.5569,572767.0,2,2,1.0,buy,False,0.9163498098859426,4.163492493946733,28.239017640954685,0.011578080659927173,-0.10192453214093222,-0.237947555391732,-0.2889098214621981,-0.0007737465381805193,41.35070821316994,27.672632265888495,39.80410156217172,3.409693673322053,572767.0,2.410000000000025,1.0,2.6299999999999955,5.0,0.00707274438617721,2.410000000000025,9.0,0.006435590685750975,2.0,2.0,-0.10192453214093222,-0.2889098214621981,-0.237947555391732,41.35070821316994,27.672632265888495,39.80410156217172,3.409693673322053,23.345455256417345,26.981054607307108,19.454237442958053,-0.024983228230240878,0.15642217862230054,0.0020000000000095497,0.48689999999999145,0.09309999999999263,0.0,14079.0,14079.0,2022-01-18,2022-01-18 12:30:00,2.158891702180268,227.0,1.0,best_within_2.0d,14305.0,380.6,0.9163498098859426,2.6299999999999955,5.0,0.00707274438617721,2.410000000000025,9.0,0.006435590685750975,0.4929364202292669,5.6011759621451125,36.843533123028394,0.015614239272951093,2.82998018927445,22.52492113564669,0.007835530045022196,1.8630914826498424,0.00402220134195386,1.9444468750000041,16.553125,0.005470102952261012,0.0,0
14079.0,2022-01-18 12:35:00,372.55,372.55,371.98,372.21,460155.0,2,2,1.0,buy,False,0.9505703422053249,4.163492493946733,28.239017640954685,0.011578080659927173,-0.16113228224755116,-0.25808909067267594,-0.3386552317964515,-0.0009071851775086052,38.623896076112224,21.75316165743724,33.78712159392689,-2.3147582155420565,460155.0,2.5,1.0,2.6299999999999955,5.0,0.00707274438617721,2.5,10.0,0.006675923947874385,2.0,2.0,-0.16113228224755116,-0.3386552317964515,-0.25808909067267594,38.623896076112224,21.75316165743724,33.78712159392689,-2.3147582155420565,23.081681374017503,25.61302107999846,18.435962502839253,-0.09126291772917242,0.15323404484111866,0.0,0.22999999999996135,0.34000000000003183,0.0,14080.0,14080.0,2022-01-18,2022-01-18 12:35:00,2.2541038660971076,226.0,1.0,best_within_2.0d,14305.0,380.6,0.9505703422053249,2.6299999999999955,5.0,0.00707274438617721,2.5,10.0,0.006675923947874385,0.4929364202292669,5.6011759621451125,36.843533123028394,0.015614239272951093,2.82998018927445,22.52492113564669,0.007835530045022196,1.8630914826498424,0.00402220134195386,1.9444468750000041,16.553125,0.005470102952261012,0.0,0
14081.0,2022-01-18 12:45:00,372.27,372.57,371.8,372.0401,621664.0,1,1,1.0,buy,False,0.11280188057463858,2.680000000000007,12.0,0.007156590472121359,-0.20184950498997822,-0.30533969899536906,-0.40626445149035817,-0.001088773478688997,37.53390370443432,16.688563767886613,24.75993938613956,0.5458125313807187,621664.0,2.680000000000007,1.0,2.680000000000007,12.0,0.007156590472121359,2.680000000000007,12.0,0.007156590472121359,1.0,1.0,-0.20184950498997822,-0.40626445149035817,-0.30533969899536906,37.53390370443432,16.688563767886613,24.75993938613956,0.5458125313807187,17.766287035824732,26.181437360909854,18.028649700583475,-0.06175625218255204,0.20710059171597145,0.30000000000001137,0.240099999999984,0.22989999999998645,0.0,14082.0,14082.0,2022-01-18,2022-01-18 12:45:00,2.300800370712734,224.0,1.0,best_within_2.0d,14305.0,380.6,0.5832424107187206,4.3760036431226785,32.22527881040892,0.012230020343504162,2.285057100371749,15.890706319702602,0.006381710269403211,0.4929364202292669,5.6011759621451125,36.843533123028394,0.015614239272951093,2.82998018927445,22.52492113564669,0.007835530045022196,1.8630914826498424,0.00402220134195386,1.9444468750000041,16.553125,0.005470102952261012,0.0,0
14082.0,2022-01-18 12:50:00,372.07,372.33,371.77,371.83,430406.0,1,1,1.0,buy,False,0.1277632084869816,2.7100000000000364,13.0,0.007236701559495931,-0.22862154653498568,-0.33391739231224227,-0.4482281655797351,-0.001201547020057712,35.85788441479862,12.146117341856401,20.555332038045172,-4.672312050521143,430406.0,2.7100000000000364,1.0,2.7100000000000364,13.0,0.007236701559495931,2.7100000000000364,13.0,0.007236701559495931,1.0,1.0,-0.22862154653498568,-0.4482281655797351,-0.33391739231224227,35.85788441479862,12.146117341856401,20.555332038045172,-4.672312050521143,15.299561193900283,26.393535213102364,18.641507536761328,-0.06450399118445699,0.15063076633402434,0.2599999999999909,0.060000000000002274,0.2400000000000091,0.0,14083.0,14083.0,2022-01-18,2022-01-18 12:50:00,2.3586047387246967,223.0,1.0,best_within_2.0d,14305.0,380.6,0.5832424107187206,4.3760036431226785,32.22527881040892,0.012230020343504162,2.285057100371749,15.890706319702602,0.006381710269403211,0.4929364202292669,5.6011759621451125,36.843533123028394,0.015614239272951093,2.82998018927445,22.52492113564669,0.007835530045022196,1.8630914826498424,0.00402220134195386,1.9444468750000041,16.553125,0.005470102952261012,0.0,0
14083.0,2022-01-18 12:55:00,371.84,372.22,371.69,371.82,534823.0,1,1,1.0,buy,False,0.12776320848698164,2.7900000000000205,14.0,0.007450331125827869,-0.22860485528952168,-0.3624929992234325,-0.4767954268681933,-0.001278436467566669,35.775999164674545,10.221594567773451,17.11075288128793,-3.556722059255506,534823.0,2.7900000000000205,1.0,2.7900000000000205,14.0,0.007450331125827869,2.7900000000000205,14.0,0.007450331125827869,1.0,1.0,-0.22860485528952168,-0.4767954268681933,-0.3624929992234325,35.775999164674545,10.221594567773451,17.11075288128793,-3.556722059255506,14.541415971188968,27.064328998726424,19.45989982964779,-0.005378657487086331,0.14259194490032812,0.3800000000000523,0.12999999999999545,0.01999999999998181,0.0,14084.0,14084.0,2022-01-18,2022-01-18 12:55:00,2.3613576461728876,222.0,1.0,best_within_2.0d,14305.0,380.6,0.5832424107187206,4.3760036431226785,32.22527881040892,0.012230020343504162,2.285057100371749,15.890706319702602,0.006381710269403211,0.4929364202292669,5.6011759621451125,36.843533123028394,0.015614239272951093,2.82998018927445,22.52492113564669,0.007835530045022196,1.8630914826498424,0.00402220134195386,1.9444468750000041,16.553125,0.005470102952261012,0.0,0
14084.0,2022-01-18 13:00:00,371.84,371.85,371.27,371.53,659745.0,1,1,1.0,buy,False,0.1380423651621233,3.2100000000000364,15.0,0.008571886349070808,-0.24701523532831116,-0.3933699036394714,-0.516877521303627,-0.0013863005308621984,33.394355600378375,10.533995806269372,14.91850052294841,1.7649863729112951,659745.0,3.2100000000000364,1.0,3.2100000000000364,15.0,0.008571886349070808,3.2100000000000364,15.0,0.008571886349070808,1.0,1.0,-0.24701523532831116,-0.516877521303627,-0.3933699036394714,33.394355600378375,10.533995806269372,14.91850052294841,1.7649863729112951,8.213556867305886,32.147637752077884,22.305602241408742,-0.08336919104991455,0.15622054030760388,0.010000000000047748,0.2599999999999909,0.3100000000000023,0.0,14085.0,14085.0,2022-01-18,2022-01-18 13:00:00,2.4412564261298013,221.0,1.0,best_within_2.0d,14305.0,380.6,0.5832424107187206,4.3760036431226785,32.22527881040892,0.012230020343504162,2.285057100371749,15.890706319702602,0.006381710269403211,0.4929364202292669,5.6011759621451125,36.843533123028394,0.015614239272951093,2.82998018927445,22.52492113564669,0.007835530045022196,1.8630914826498424,0.00402220134195386,1.9444468750000041,16.553125,0.005470102952261012,0.0,0
14085.0,2022-01-18 13:05:00,371.51,371.76,371.21,371.68,331678.0,1,1,1.0,buy,False,0.13804236516212323,3.2700000000000387,16.0,0.008732108523819799,-0.2192877022663584,-0.42078086642276613,-0.5304247175559453,-0.0014229648468350948,35.77591207144478,16.488927717775127,15.441976254557314,18.582830644210752,331678.0,3.2700000000000387,1.0,3.2700000000000387,16.0,0.008732108523819799,3.2700000000000387,16.0,0.008732108523819799,1.0,1.0,-0.2192877022663584,-0.5304247175559453,-0.42078086642276613,35.77591207144478,16.488927717775127,15.441976254557314,18.582830644210752,8.115608941696808,32.41473515318291,24.994696620898882,0.04575919894485099,0.14816411195819384,0.07999999999998408,0.30000000000001137,0.17000000000001592,1.0,14086.0,14086.0,2022-01-18,2022-01-18 13:05:00,2.399913904433926,220.0,1.0,best_within_2.0d,14305.0,380.6,0.5832424107187206,4.3760036431226785,32.22527881040892,0.012230020343504162,2.285057100371749,15.890706319702602,0.006381710269403211,0.4929364202292669,5.6011759621451125,36.843533123028394,0.015614239272951093,2.82998018927445,22.52492113564669,0.007835530045022196,1.8630914826498424,0.00402220134195386,1.9444468750000041,16.553125,0.005470102952261012,0.0,0
14088.0,2022-01-18 13:20:00,371.88,371.91,371.12,371.32,536133.0,1,1,1.0,buy,False,0.13804236516212232,3.3600000000000136,19.0,0.008972441785943211,-0.12009856872277036,-0.4647791245692742,-0.5248284089306594,-0.001408760514916996,34.36443353816571,27.646756918661865,25.906854185195833,31.126562385593928,536133.0,3.3600000000000136,1.0,3.3600000000000136,19.0,0.008972441785943211,3.3600000000000136,19.0,0.008972441785943211,1.0,1.0,-0.12009856872277036,-0.5248284089306594,-0.4647791245692742,34.36443353816571,27.646756918661865,25.906854185195833,31.126562385593928,10.438640741080391,29.34972026047759,27.021510626119106,-0.15058621060557228,0.21286915283466815,0.03000000000002956,0.19999999999998863,0.5600000000000023,0.0,14089.0,14089.0,2022-01-18,2022-01-18 13:20:00,2.4991920715286087,217.0,1.0,best_within_2.0d,14305.0,380.6,0.5832424107187206,4.3760036431226785,32.22527881040892,0.012230020343504162,2.285057100371749,15.890706319702602,0.006381710269403211,0.4929364202292669,5.6011759621451125,36.843533123028394,0.015614239272951093,2.82998018927445,22.52492113564669,0.007835530045022196,1.8630914826498424,0.00402220134195386,1.9444468750000041,16.553125,0.005470102952261012,0.0,0
14089.0,2022-01-18 13:25:00,371.33,371.63,371.11,371.5301,464646.0,1,1,1.0,buy,False,0.13804236516212323,3.3700000000000045,20.0,0.008999145481734683,-0.09658351437570012,-0.4768520638662368,-0.5251438210540869,-0.0014098920051054814,37.62758937047983,28.022495480021075,26.61206795013758,30.843350539788062,464646.0,3.3700000000000045,1.0,3.3700000000000045,20.0,0.008999145481734683,3.3700000000000045,20.0,0.008999145481734683,1.0,1.0,-0.09658351437570012,-0.5251438210540869,-0.4768520638662368,37.62758937047983,28.022495480021075,26.61206795013758,30.843350539788062,6.068422804431229,30.550140269125393,29.86683342891646,0.053887377804115046,0.140120180000534,0.099899999999991,0.21999999999997044,0.20010000000002037,1.0,14090.0,14090.0,2022-01-18,2022-01-18 13:25:00,2.441228853328443,216.0,1.0,best_within_2.0d,14305.0,380.6,0.5832424107187206,4.3760036431226785,32.22527881040892,0.012230020343504162,2.285057100371749,15.890706319702602,0.006381710269403211,0.4929364202292669,5.6011759621451125,36.843533123028394,0.015614239272951093,2.82998018927445,22.52492113564669,0.007835530045022196,1.8630914826498424,0.00402220134195386,1.9444468750000041,16.553125,0.005470102952261012,1.0,0
14096.0,2022-01-18 14:00:00,372.07,372.56,372.02,372.18,542807.0,3a,3a,0.0,sell,False,0.0032729711602951773,4.163492493946733,28.239017640954685,0.011578080659927173,0.19505746481245434,-0.4087253908720875,-0.3111966584658603,-0.000836049582582478,49.113869343501676,61.866902996202384,52.93861632726223,79.72347633408269,542807.0,1.4499999999999886,2.0,1.4499999999999886,8.0,0.003907197326938074,1.4499999999999886,8.0,0.003907197326938074,3.0,3.0,0.19505746481245434,-0.3111966584658603,-0.4087253908720875,49.113869343501676,61.866902996202384,52.93861632726223,79.72347633408269,21.06217889451901,20.12943696092272,27.328708852256323,0.029564329292878666,0.14515348637170594,0.37999999999999545,0.05000000000001137,0.11000000000001364,1.0,14097.0,14097.0,2022-01-18,2022-01-18 14:00:00,1.7088505561824958,249.0,1.0,best_within_2.0d,14345.0,365.82,0.5832424107187206,4.3760036431226785,32.22527881040892,0.012230020343504162,2.285057100371749,15.890706319702602,0.006381710269403211,0.4929364202292669,5.6011759621451125,36.843533123028394,0.015614239272951093,2.82998018927445,22.52492113564669,0.007835530045022196,1.8630914826498424,0.0032729711602951773,1.4499999999999886,8.0,0.003907197326938074,0.0,1
14098.0,2022-01-18 14:10:00,372.29,372.57,371.95,372.075,349633.0,3a,3a,0.0,sell,False,0.0032729711602951773,4.163492493946733,28.239017640954685,0.011578080659927173,0.2355317464616864,-0.3494487370883862,-0.231682863857543,-0.0006224436023386336,47.717118287223116,66.29407960693503,60.71769349534698,77.44685183011111,349633.0,1.4599999999999795,2.0,1.4599999999999795,10.0,0.003934143515399691,1.4599999999999795,10.0,0.003934143515399691,3.0,3.0,0.2355317464616864,-0.231682863857543,-0.3494487370883862,47.717118287223116,66.29407960693503,60.71769349534698,77.44685183011111,21.136635895990167,15.737674112700295,24.91780699773725,-0.05775067823471805,0.1666890711117098,0.2799999999999727,0.125,0.21500000000003183,0.0,14099.0,14099.0,2022-01-18,2022-01-18 14:10:00,1.6811126788953827,247.0,1.0,best_within_2.0d,14345.0,365.82,0.5832424107187206,4.3760036431226785,32.22527881040892,0.012230020343504162,2.285057100371749,15.890706319702602,0.006381710269403211,0.4929364202292669,5.6011759621451125,36.843533123028394,0.015614239272951093,2.82998018927445,22.52492113564669,0.007835530045022196,1.8630914826498424,0.0032729711602951773,1.4599999999999795,10.0,0.003934143515399691,0.0,1
14099.0,2022-01-18 14:15:00,372.08,372.6708,372.03,372.63,476475.0,3a,3a,0.0,sell,False,0.0032729711602951773,4.163492493946733,28.239017640954685,0.011578080659927173,0.29841991046806504,-0.3121462482798781,-0.16293629304584556,-0.00043771160613525746,54.803383672768305,76.53726501565362,65.99088400211585,97.63002704272915,476475.0,1.560799999999972,2.0,1.560799999999972,11.0,0.0042057610950930234,1.560799999999972,11.0,0.0042057610950930234,3.0,3.0,0.29841991046806504,-0.16293629304584556,-0.3121462482798781,54.803383672768305,76.53726501565362,65.99088400211585,97.63002704272915,22.084969902618948,14.874381202500484,24.531500146696242,0.1478176736185797,0.1722441738569505,0.04079999999999018,0.05000000000001137,0.5500000000000114,1.0,14100.0,14100.0,2022-01-18,2022-01-18 14:15:00,1.8275501167377834,246.0,1.0,best_within_2.0d,14345.0,365.82,0.5832424107187206,4.3760036431226785,32.22527881040892,0.012230020343504162,2.285057100371749,15.890706319702602,0.006381710269403211,0.4929364202292669,5.6011759621451125,36.843533123028394,0.015614239272951093,2.82998018927445,22.52492113564669,0.007835530045022196,1.8630914826498424,0.0032729711602951773,1.560799999999972,11.0,0.0042057610950930234,0.0,1
14102.0,2022-01-18 14:30:00,371.93,372.89,371.91,372.39,547538.0,2s,2s,0.0,sell,False,0.07819905213269768,4.163492493946733,28.239017640954685,0.011578080659927173,0.21537426461580012,-0.23405070933575978,-0.12636357702785972,-0.00033949738550361803,51.9603143753209,61.41577232318282,62.27614960367785,59.695017762192776,547538.0,1.7799999999999727,1.0,8.439999999999998,42.0,0.022171434575879365,1.7799999999999727,14.0,0.004796421546172221,4.0,2.5,0.21537426461580012,-0.12636357702785972,-0.23405070933575978,51.9603143753209,61.41577232318282,62.27614960367785,59.695017762192776,25.099125522785265,12.49253163869405,22.637873436393086,0.12367918694377424,0.26350461133068787,0.5,0.01999999999998181,0.45999999999997954,1.0,14103.0,14103.0,2022-01-18,2022-01-18 14:30:00,1.7642793845162312,243.0,1.0,best_within_2.0d,14345.0,365.82,0.5832424107187206,4.3760036431226785,32.22527881040892,0.012230020343504162,2.285057100371749,15.890706319702602,0.006381710269403211,0.07819905213269768,8.439999999999998,42.0,0.022171434575879365,1.7799999999999727,14.0,0.004796421546172221,4.0,0.00402220134195386,1.9444468750000041,16.553125,0.005470102952261012,0.0,1
14103.0,2022-01-18 14:35:00,372.4,372.91,372.32,372.78,376779.0,2s,2s,0.0,sell,False,0.08056872037914775,4.163492493946733,28.239017640954685,0.011578080659927173,0.27643645076888956,-0.19949615298964857,-0.061277927605203786,-0.0001646148991118711,56.014867151029726,71.34925362085947,65.30051760940506,83.44672564376827,376779.0,1.8000000000000114,1.0,8.439999999999998,42.0,0.022171434575879365,1.8000000000000114,15.0,0.004850313923095609,4.0,2.5,0.27643645076888956,-0.061277927605203786,-0.19949615298964857,56.014867151029726,71.34925362085947,65.30051760940506,83.44672564376827,25.125330170880527,12.290442563743017,23.471126369050005,0.10204081632652941,0.15846583584014606,0.1300000000000523,0.07999999999998408,0.37999999999999545,1.0,14104.0,14104.0,2022-01-18,2022-01-18 14:35:00,1.8670529534846234,242.0,1.0,best_within_2.0d,14345.0,365.82,0.5832424107187206,4.3760036431226785,32.22527881040892,0.012230020343504162,2.285057100371749,15.890706319702602,0.006381710269403211,0.08056872037914775,8.439999999999998,42.0,0.022171434575879365,1.8000000000000114,15.0,0.004850313923095609,4.0,0.00402220134195386,1.9444468750000041,16.553125,0.005470102952261012,0.0,1
14105.0,2022-01-18 14:45:00,372.49,373.24,372.38,373.17,461898.0,2s,2s,0.0,sell,False,0.11966824644549659,4.163492493946733,28.239017640954685,0.011578080659927173,0.3366600153218987,-0.12405851579713907,0.0442714918638103,0.00011890238332894749,59.01995846627609,79.19511749795537,71.16028254080138,95.26478741226333,461898.0,2.1299999999999955,1.0,8.439999999999998,42.0,0.022171434575879365,2.1299999999999955,17.0,0.005739538142329755,4.0,2.5,0.3366600153218987,0.0442714918638103,-0.12405851579713907,59.01995846627609,79.19511749795537,71.16028254080138,95.26478741226333,24.502402196293822,12.037379230240967,24.866599613343862,0.1825552363821866,0.23094688221709375,0.06999999999999318,0.11000000000001364,0.6800000000000068,1.0,14106.0,14106.0,2022-01-18,2022-01-18 14:45:00,1.9696117051209967,240.0,1.0,best_within_2.0d,14345.0,365.82,0.5832424107187206,4.3760036431226785,32.22527881040892,0.012230020343504162,2.285057100371749,15.890706319702602,0.006381710269403211,0.11966824644549659,8.439999999999998,42.0,0.022171434575879365,2.1299999999999955,17.0,0.005739538142329755,4.0,0.00402220134195386,1.9444468750000041,16.553125,0.005470102952261012,0.0,1
14106.0,2022-01-18 14:50:00,373.18,373.58,373.15,373.44,368788.0,2s,2s,0.0,sell,False,0.15995260663506708,4.163492493946733,28.239017640954685,0.011578080659927173,0.3994964697434072,-0.07412145707921317,0.12562677779249043,0.0003373285826888734,61.300761885232376,83.86470616368567,75.39509041509613,100.80393766086473,368788.0,2.4699999999999704,1.0,8.439999999999998,42.0,0.022171434575879365,2.4699999999999704,18.0,0.006655708550025519,4.0,2.5,0.3994964697434072,0.12562677779249043,-0.07412145707921317,61.300761885232376,83.86470616368567,75.39509041509613,100.80393766086473,24.81926680070132,12.191470248534527,25.527505268067433,0.06967147221179884,0.11523516012327666,0.13999999999998636,0.03000000000002956,0.2599999999999909,1.0,14107.0,14107.0,2022-01-18,2022-01-18 14:50:00,2.0404884318766077,239.0,1.0,best_within_2.0d,14345.0,365.82,0.5832424107187206,4.3760036431226785,32.22527881040892,0.012230020343504162,2.285057100371749,15.890706319702602,0.006381710269403211,0.15995260663506708,8.439999999999998,42.0,0.022171434575879365,2.4699999999999704,18.0,0.006655708550025519,4.0,0.00402220134195386,1.9444468750000041,16.553125,0.005470102952261012,0.0,1
14107.0,2022-01-18 14:55:00,373.465,373.62,373.07,373.11,563216.0,2s,2s,0.0,sell,False,0.1646919431279605,4.163492493946733,28.239017640954685,0.011578080659927173,0.37717072118163864,-0.026975116931508336,0.16161024365931098,0.00043389027546403996,57.11656240260552,81.14789934721924,77.31269339247049,88.81831125671673,563216.0,2.509999999999991,1.0,8.439999999999998,42.0,0.022171434575879365,2.509999999999991,19.0,0.0067634933038721425,4.0,2.5,0.37717072118163864,0.16161024365931098,-0.026975116931508336,57.11656240260552,81.14789934721924,77.31269339247049,88.81831125671673,25.957408732999106,8.947745168216963,27.184904505429262,-0.09505576158407385,0.1474254161417459,0.15500000000002956,0.040000000000020464,0.35499999999996135,0.0,14108.0,14108.0,2022-01-18,2022-01-18 14:55:00,1.9538473908498888,238.0,1.0,best_within_2.0d,14345.0,365.82,0.5832424107187206,4.3760036431226785,32.22527881040892,0.012230020343504162,2.285057100371749,15.890706319702602,0.006381710269403211,0.1646919431279605,8.439999999999998,42.0,0.022171434575879365,2.509999999999991,19.0,0.0067634933038721425,4.0,0.00402220134195386,1.9444468750000041,16.553125,0.005470102952261012,1.0,1
14111.0,2022-01-18 15:15:00,372.38,372.38,370.94,371.32,1336279.0,1,1,1.0,buy,False,0.04756967732771925,2.680000000000007,5.0,0.007173063540495709,-0.08512194807584957,0.03535061876128407,-0.007210355276640712,-1.9362457354883134e-05,39.01421216864002,38.973968314921606,56.15764673123635,4.606611482292124,1336279.0,2.680000000000007,1.0,2.680000000000007,5.0,0.007173063540495709,2.680000000000007,5.0,0.007173063540495709,1.0,1.0,-0.08512194807584957,-0.007210355276640712,0.03535061876128407,39.01421216864002,38.973968314921606,56.15764673123635,4.606611482292124,16.57223080730023,28.68426102677466,24.96955690841822,-0.2846554594768791,0.38820294387232374,0.0,0.37999999999999545,1.0600000000000023,0.0,14112.0,14112.0,2022-01-18,2022-01-18 15:15:00,2.4991920715286087,194.0,1.0,best_within_2.0d,14305.0,380.6,0.5832424107187206,4.3760036431226785,32.22527881040892,0.012230020343504162,2.285057100371749,15.890706319702602,0.006381710269403211,0.4929364202292669,5.6011759621451125,36.843533123028394,0.015614239272951093,2.82998018927445,22.52492113564669,0.007835530045022196,1.8630914826498424,0.00402220134195386,1.9444468750000041,16.553125,0.005470102952261012,0.0,0
14115.0,2022-01-18 15:35:00,371.31,371.47,370.86,371.01,846708.0,1,1,1.0,buy,False,0.17837867366086052,2.759999999999991,9.0,0.007387184840211955,-0.3191936765219266,-0.08224489020378564,-0.24184172846474894,-0.0006499026131984423,37.50632650589549,18.870760230832197,31.2360966624392,-5.859912632381807,846708.0,2.759999999999991,1.0,2.759999999999991,9.0,0.007387184840211955,2.759999999999991,9.0,0.007387184840211955,1.0,1.0,-0.3191936765219266,-0.24184172846474894,-0.08224489020378564,37.50632650589549,18.870760230832197,31.2360966624392,-5.859912632381807,17.061611374407416,28.225381779883275,24.81718190830382,-0.08079502302658462,0.16448255406353168,0.160000000000025,0.14999999999997726,0.30000000000001137,0.0,14116.0,14116.0,2022-01-18,2022-01-18 15:35:00,2.584835988248304,190.0,1.0,best_within_2.0d,14305.0,380.6,0.5832424107187206,4.3760036431226785,32.22527881040892,0.012230020343504162,2.285057100371749,15.890706319702602,0.006381710269403211,0.4929364202292669,5.6011759621451125,36.843533123028394,0.015614239272951093,2.82998018927445,22.52492113564669,0.007835530045022196,1.8630914826498424,0.00402220134195386,1.9444468750000041,16.553125,0.005470102952261012,0.0,0
14116.0,2022-01-18 15:40:00,370.99,371.16,370.2,370.24,852802.0,1,1,1.0,buy,False,0.24352793125271407,3.420000000000016,10.0,0.00915368556287141,-0.4357728091426394,-0.13671649134661557,-0.35460289591793526,-0.0009532830614204847,32.018449006088986,13.003787243835433,25.158660189571275,-11.305958647636253,852802.0,3.420000000000016,1.0,3.420000000000016,10.0,0.00915368556287141,3.420000000000016,10.0,0.00915368556287141,1.0,1.0,-0.4357728091426394,-0.35460289591793526,-0.13671649134661557,32.018449006088986,13.003787243835433,25.158660189571275,-11.305958647636253,8.654353562005028,35.25065963060588,27.371449134633764,-0.20216178333647808,0.2593192868719709,0.17000000000001592,0.040000000000020464,0.75,0.0,14117.0,14117.0,2022-01-18,2022-01-18 15:40:00,2.798184961106313,189.0,1.0,best_within_2.0d,14305.0,380.6,0.5832424107187206,4.3760036431226785,32.22527881040892,0.012230020343504162,2.285057100371749,15.890706319702602,0.006381710269403211,0.4929364202292669,5.6011759621451125,36.843533123028394,0.015614239272951093,2.82998018927445,22.52492113564669,0.007835530045022196,1.8630914826498424,0.00402220134195386,1.9444468750000041,16.553125,0.005470102952261012,0.0,0
14118.0,2022-01-18 15:50:00,371.03,371.52,369.84,369.9279,1806378.0,1,1,1.0,buy,False,0.26118230123719194,3.7800000000000296,12.0,0.010117231411594747,-0.4673638236198566,-0.2431307228435417,-0.47681263465347,-0.0012825723961464312,34.26441392943866,13.505098857342993,19.859470433593497,0.7963557048419858,1806378.0,3.7800000000000296,1.0,3.7800000000000296,12.0,0.010117231411594747,3.7800000000000296,12.0,0.010117231411594747,1.0,1.0,-0.4673638236198566,-0.47681263465347,-0.2431307228435417,34.26441392943866,13.505098857342993,19.859470433593497,0.7963557048419858,11.347150729452208,30.32201251009903,30.92283980639033,-0.29703797536586,0.4542504866969519,0.4900000000000091,0.08790000000004738,1.1020999999999503,0.0,14119.0,14119.0,2022-01-18,2022-01-18 15:50:00,2.8849135196345017,187.0,1.0,best_within_2.0d,14305.0,380.6,0.5832424107187206,4.3760036431226785,32.22527881040892,0.012230020343504162,2.285057100371749,15.890706319702602,0.006381710269403211,0.4929364202292669,5.6011759621451125,36.843533123028394,0.015614239272951093,2.82998018927445,22.52492113564669,0.007835530045022196,1.8630914826498424,0.00402220134195386,1.9444468750000041,16.553125,0.005470102952261012,0.0,0
14119.0,2022-01-18 15:55:00,369.92,370.98,369.7704,370.8,3579727.0,1,1,1.0,buy,False,0.26118230123721575,3.8496000000000095,13.0,0.010303516942347865,-0.37940206856965886,-0.29055598141474903,-0.48025701569957846,-0.0012920852519547324,42.72963092185807,22.154840072073135,20.624593646420042,25.215332923379314,3579727.0,3.8496000000000095,1.0,3.8496000000000095,13.0,0.010303516942347865,3.8496000000000095,13.0,0.010303516942347865,1.0,1.0,-0.37940206856965886,-0.48025701569957846,-0.29055598141474903,42.72963092185807,22.154840072073135,20.624593646420042,25.215332923379314,7.654403547827051,30.001671843514526,32.95304538862731,0.23788927335640012,0.32712191132660245,0.18000000000000682,0.14960000000002083,0.8799999999999955,1.0,14120.0,14120.0,2022-01-18,2022-01-18 15:55:00,2.6429341963322575,186.0,1.0,best_within_2.0d,14305.0,380.6,0.5832424107187206,4.3760036431226785,32.22527881040892,0.012230020343504162,2.285057100371749,15.890706319702602,0.006381710269403211,0.4929364202292669,5.6011759621451125,36.843533123028394,0.015614239272951093,2.82998018927445,22.52492113564669,0.007835530045022196,1.8630914826498424,0.00402220134195386,1.9444468750000041,16.553125,0.005470102952261012,1.0,0
14128.0,2022-01-18 16:40:00,371.13,371.32,371.07,371.32,40991.0,3a,3a,0.0,sell,False,0.0032729711602951773,4.163492493946733,28.239017640954685,0.011578080659927173,0.14937358242454757,-0.3276665455891688,-0.252979754376895,-0.0006811719435589447,48.91418376292692,84.33600046014831,72.00239601518513,109.00320935007468,40991.0,1.549599999999998,2.0,1.549599999999998,10.0,0.004190708612695873,1.549599999999998,10.0,0.004190708612695873,3.0,3.0,0.14937358242454757,-0.252979754376895,-0.3276665455891688,48.91418376292692,84.33600046014831,72.00239601518513,109.00320935007468,14.432239110996992,14.300676970238626,31.682763359907764,0.051194999056933616,0.06737273290753766,0.0,0.060000000000002274,0.18999999999999773,1.0,14129.0,14129.0,2022-01-18,2022-01-18 16:40:00,1.4812021975654421,217.0,1.0,best_within_2.0d,14345.0,365.82,0.5832424107187206,4.3760036431226785,32.22527881040892,0.012230020343504162,2.285057100371749,15.890706319702602,0.006381710269403211,0.4929364202292669,5.6011759621451125,36.843533123028394,0.015614239272951093,2.82998018927445,22.52492113564669,0.007835530045022196,1.8630914826498424,0.0032729711602951773,1.549599999999998,10.0,0.004190708612695873,0.0,1
14129.0,2022-01-18 16:45:00,371.28,371.49,370.55,371.44,532021.0,3a,3a,0.0,sell,False,0.0032729711602951773,4.163492493946733,28.239017640954685,0.011578080659927173,0.18828256241502228,-0.30413122528729103,-0.2099899440797799,-0.0005654120551208092,50.3805792413223,87.96897314580076,77.324588392057,109.25774265328829,532021.0,1.719600000000014,2.0,1.719600000000014,11.0,0.0046504533624108745,1.719600000000014,11.0,0.0046504533624108745,3.0,3.0,0.18828256241502228,-0.2099899440797799,-0.30413122528729103,50.3805792413223,87.96897314580076,77.324588392057,109.25774265328829,13.848510846916987,15.683294521386834,29.863487922926243,0.0430941607412263,0.25367696667116385,0.05000000000001137,0.7299999999999613,0.160000000000025,1.0,14130.0,14130.0,2022-01-18,2022-01-18 16:45:00,1.5130303682963615,216.0,1.0,best_within_2.0d,14345.0,365.82,0.5832424107187206,4.3760036431226785,32.22527881040892,0.012230020343504162,2.285057100371749,15.890706319702602,0.006381710269403211,0.4929364202292669,5.6011759621451125,36.843533123028394,0.015614239272951093,2.82998018927445,22.52492113564669,0.007835530045022196,1.8630914826498424,0.0032729711602951773,1.719600000000014,11.0,0.0046504533624108745,1.0,1
14138.0,2022-01-18 17:30:00,371.43,371.52,371.33,371.4,10639.0,3a,3a,0.0,sell,False,0.0032729711602951773,4.163492493946733,28.239017640954685,0.011578080659927173,0.1256233725947798,-0.11676691954569254,-0.05395523324830265,-0.00014528390351994797,50.27300005868461,86.64452409547017,85.48134583095455,88.97088062450143,10639.0,1.7495999999999867,2.0,1.7495999999999867,20.0,0.004731584788831088,1.7495999999999867,20.0,0.004731584788831088,3.0,3.0,0.1256233725947798,-0.05395523324830265,-0.11676691954569254,50.27300005868461,86.64452409547017,85.48134583095455,88.97088062450143,13.375796178344515,23.248407643310973,22.79689058146661,-0.008076892011961758,0.05116742520130281,0.08999999999997499,0.06999999999999318,0.03000000000002956,0.0,14139.0,14139.0,2022-01-18,2022-01-18 17:30:00,1.5024232633279442,207.0,1.0,best_within_2.0d,14345.0,365.82,0.5832424107187206,4.3760036431226785,32.22527881040892,0.012230020343504162,2.285057100371749,15.890706319702602,0.006381710269403211,0.4929364202292669,5.6011759621451125,36.843533123028394,0.015614239272951093,2.82998018927445,22.52492113564669,0.007835530045022196,1.8630914826498424,0.0032729711602951773,1.7495999999999867,20.0,0.004731584788831088,1.0,1
14143.0,2022-01-18 18:00:00,371.35,371.58,371.35,371.57,25218.0,3a,3a,0.0,sell,False,0.0032729711602951773,4.163492493946733,28.239017640954685,0.011578080659927173,0.08992908832200944,-0.058607119360076135,-0.013642575199071416,-3.673423410743049e-05,54.65772497392803,85.95471849623614,82.19575272030463,93.47265004809918,25218.0,1.809599999999989,2.0,1.809599999999989,25.0,0.004893847641671667,1.809599999999989,25.0,0.004893847641671667,3.0,3.0,0.08992908832200944,-0.013642575199071416,-0.058607119360076135,54.65772497392803,85.95471849623614,82.19575272030463,93.47265004809918,16.901408450703013,37.32394366197024,30.951670003011717,0.059243301467610185,0.06193617880704493,0.009999999999990905,0.0,0.21999999999997044,1.0,14144.0,14144.0,2022-01-18,2022-01-18 18:00:00,1.5474876873805743,202.0,1.0,best_within_2.0d,14345.0,365.82,0.5832424107187206,4.3760036431226785,32.22527881040892,0.012230020343504162,2.285057100371749,15.890706319702602,0.006381710269403211,0.4929364202292669,5.6011759621451125,36.843533123028394,0.015614239272951093,2.82998018927445,22.52492113564669,0.007835530045022196,1.8630914826498424,0.0032729711602951773,1.809599999999989,25.0,0.004893847641671667,0.0,1
14145.0,2022-01-18 18:10:00,371.46,371.6,371.37,371.48,9405.0,3a,3a,0.0,sell,False,0.0032729711602951773,4.163492493946733,28.239017640954685,0.011578080659927173,0.08124157230744489,-0.037696869870656124,0.002923916283066319,7.872717441738637e-06,52.19435248967523,87.57488182202958,85.07343036021864,92.57778474565148,9405.0,1.8296000000000276,2.0,1.8296000000000276,27.0,0.004947935259285296,1.8296000000000276,27.0,0.004947935259285296,3.0,3.0,0.08124157230744489,0.002923916283066319,-0.037696869870656124,52.19435248967523,87.57488182202958,85.07343036021864,92.57778474565148,23.17596566523709,45.49356223175762,31.50736030673127,0.005384159801873326,0.061932843256056816,0.12000000000000455,0.08999999999997499,0.020000000000038654,1.0,14146.0,14146.0,2022-01-18,2022-01-18 18:10:00,1.523635188973841,200.0,1.0,best_within_2.0d,14345.0,365.82,0.5832424107187206,4.3760036431226785,32.22527881040892,0.012230020343504162,2.285057100371749,15.890706319702602,0.006381710269403211,0.4929364202292669,5.6011759621451125,36.843533123028394,0.015614239272951093,2.82998018927445,22.52492113564669,0.007835530045022196,1.8630914826498424,0.0032729711602951773,1.8296000000000276,27.0,0.004947935259285296,1.0,1
14150.0,2022-01-18 18:35:00,370.75,370.75,370.59,370.689,7640.0,2,2,1.0,buy,False,0.5520332313074073,4.163492493946733,28.239017640954685,0.011578080659927173,-0.12011890582963998,-0.06200239218490219,-0.12206184509972218,-0.0003287807956590757,34.29440516335136,33.54574631524482,53.99658474988285,-7.3559305540312465,7640.0,1.0100000000000477,1.0,1.8296000000000276,27.0,0.004947935259285296,1.0100000000000477,6.0,0.0027179763186223026,2.0,2.0,-0.12011890582963998,-0.12206184509972218,-0.06200239218490219,34.29440516335136,33.54574631524482,53.99658474988285,-7.3559305540312465,15.088757396449456,50.887573964496234,36.09584092314807,-0.01645313553606976,0.04317439758224049,0.0,0.09900000000004638,0.06099999999997863,0.0,14151.0,14151.0,2022-01-18,2022-01-18 18:35:00,2.6736698418350695,155.0,1.0,best_within_2.0d,14305.0,380.6,0.5520332313074073,1.8296000000000276,27.0,0.004947935259285296,1.0100000000000477,6.0,0.0027179763186223026,0.4929364202292669,5.6011759621451125,36.843533123028394,0.015614239272951093,2.82998018927445,22.52492113564669,0.007835530045022196,1.8630914826498424,0.00402220134195386,1.9444468750000041,16.553125,0.005470102952261012,0.0,0
14151.0,2022-01-18 18:40:00,370.66,370.7,370.57,370.57,2400.0,2,2,1.0,buy,False,0.5629645824223951,4.163492493946733,28.239017640954685,0.011578080659927173,-0.15360775349130162,-0.0812033613713149,-0.1580072381169657,-0.0004256600984946647,32.20110448357751,22.36383087682988,43.45233345886519,-19.81317428724074,2400.0,1.0300000000000296,1.0,1.8296000000000276,27.0,0.004947935259285296,1.0300000000000296,7.0,0.0027717976318622967,2.0,2.0,-0.15360775349130162,-0.1580072381169657,-0.0812033613713149,32.20110448357751,22.36383087682988,43.45233345886519,-19.81317428724074,12.499999999998943,51.78571428571354,37.88264593657416,-0.02428101224843032,0.035081091291792495,0.03999999999996362,0.0,0.09000000000003183,0.0,14152.0,14152.0,2022-01-18,2022-01-18 18:40:00,2.706641120436093,154.0,1.0,best_within_2.0d,14305.0,380.6,0.5629645824223951,1.8296000000000276,27.0,0.004947935259285296,1.0300000000000296,7.0,0.0027717976318622967,0.4929364202292669,5.6011759621451125,36.843533123028394,0.015614239272951093,2.82998018927445,22.52492113564669,0.007835530045022196,1.8630914826498424,0.00402220134195386,1.9444468750000041,16.553125,0.005470102952261012,0.0,0
14153.0,2022-01-18 18:50:00,370.6,370.6,370.39,370.52,28114.0,2,2,1.0,buy,False,0.6613467424573776,4.163492493946733,28.239017640954685,0.011578080659927173,-0.1659274513715998,-0.12209877419732684,-0.20506249988312675,-0.0005525609176244304,31.816835370079488,14.167996798271918,27.56372366357782,-12.623456932339884,28114.0,1.2100000000000364,1.0,1.8296000000000276,27.0,0.004947935259285296,1.2100000000000364,9.0,0.0032561894510227027,2.0,2.0,-0.1659274513715998,-0.20506249988312675,-0.12209877419732684,31.816835370079488,14.167996798271918,27.56372366357782,-12.623456932339884,9.428571428570974,55.714285714285396,42.257200264097605,-0.02158661629790635,0.05669699505927168,0.0,0.12999999999999545,0.08000000000004093,0.0,14154.0,14154.0,2022-01-18,2022-01-18 18:50:00,2.720500917629289,152.0,1.0,best_within_2.0d,14305.0,380.6,0.6613467424573776,1.8296000000000276,27.0,0.004947935259285296,1.2100000000000364,9.0,0.0032561894510227027,0.4929364202292669,5.6011759621451125,36.843533123028394,0.015614239272951093,2.82998018927445,22.52492113564669,0.007835530045022196,1.8630914826498424,0.00402220134195386,1.9444468750000041,16.553125,0.005470102952261012,0.0,0
14154.0,2022-01-18 18:55:00,370.5,370.51,370.33,370.37,8934.0,2,2,1.0,buy,False,0.6941407958023718,4.163492493946733,28.239017640954685,0.011578080659927173,-0.17708886097166088,-0.14423488181878447,-0.2327793123046149,-0.0006273396006145412,29.1816638666065,10.59475648620483,21.907401271120158,-12.030533083625826,8934.0,1.2700000000000387,1.0,1.8296000000000276,27.0,0.004947935259285296,1.2700000000000387,10.0,0.003417653390742838,2.0,2.0,-0.17708886097166088,-0.2327793123046149,-0.14423488181878447,29.1816638666065,10.59475648620483,21.907401271120158,-12.030533083625826,11.619718309858463,40.845070422535635,43.21773581570346,-0.035087719298244384,0.04860529797748139,0.009999999999990905,0.040000000000020464,0.12999999999999545,0.0,14155.0,14155.0,2022-01-18,2022-01-18 18:55:00,2.762102762102767,151.0,1.0,best_within_2.0d,14305.0,380.6,0.6941407958023718,1.8296000000000276,27.0,0.004947935259285296,1.2700000000000387,10.0,0.003417653390742838,0.4929364202292669,5.6011759621451125,36.843533123028394,0.015614239272951093,2.82998018927445,22.52492113564669,0.007835530045022196,1.8630914826498424,0.00402220134195386,1.9444468750000041,16.553125,0.005470102952261012,0.0,0
14157.0,2022-01-18 19:10:00,370.55,370.55,370.07,370.1,9570.0,2,2,1.0,buy,False,0.8362483602973363,4.163492493946733,28.239017640954685,0.011578080659927173,-0.14636820886866708,-0.19474585179524606,-0.2679299562295796,-0.0007223288326760763,28.971189457216468,14.651392334045582,18.260362545997836,7.433451910141073,9570.0,1.5300000000000296,1.0,1.8296000000000276,27.0,0.004947935259285296,1.5300000000000296,13.0,0.004117330462863373,2.0,2.0,-0.14636820886866708,-0.2679299562295796,-0.19474585179524606,28.971189457216468,14.651392334045582,18.260362545997836,7.433451910141073,8.695652173913258,46.37681159420459,44.771313591648116,-0.12144110106597993,0.1297051909098328,0.0,0.03000000000002956,0.44999999999998863,0.0,14158.0,14158.0,2022-01-18,2022-01-18 19:10:00,2.8370710618751684,148.0,1.0,best_within_2.0d,14305.0,380.6,0.8362483602973363,1.8296000000000276,27.0,0.004947935259285296,1.5300000000000296,13.0,0.004117330462863373,0.4929364202292669,5.6011759621451125,36.843533123028394,0.015614239272951093,2.82998018927445,22.52492113564669,0.007835530045022196,1.8630914826498424,0.00402220134195386,1.9444468750000041,16.553125,0.005470102952261012,0.0,0
14158.0,2022-01-18 19:15:00,370.07,370.28,370.0,370.2,21794.0,2,2,1.0,buy,False,0.8745080891998243,4.163492493946733,28.239017640954685,0.011578080659927173,-0.14370186273061025,-0.21270858463657233,-0.28455951600187745,-0.0007672726012497367,32.359725146925584,18.656483778252102,18.392402956749258,19.18464542125779,21794.0,1.6000000000000227,1.0,1.8296000000000276,27.0,0.004947935259285296,1.6000000000000227,14.0,0.004305705059203506,2.0,2.0,-0.14370186273061025,-0.28455951600187745,-0.21270858463657233,32.359725146925584,18.656483778252102,18.392402956749258,19.18464542125779,8.547008547008755,47.578347578349,46.54073027853911,0.03512848920474382,0.07567567567566831,0.07999999999998408,0.06999999999999318,0.12999999999999545,1.0,14159.0,14159.0,2022-01-18,2022-01-18 19:15:00,2.8092922744462547,147.0,1.0,best_within_2.0d,14305.0,380.6,0.8745080891998243,1.8296000000000276,27.0,0.004947935259285296,1.6000000000000227,14.0,0.004305705059203506,0.4929364202292669,5.6011759621451125,36.843533123028394,0.015614239272951093,2.82998018927445,22.52492113564669,0.007835530045022196,1.8630914826498424,0.00402220134195386,1.9444468750000041,16.553125,0.005470102952261012,1.0,0
14163.0,2022-01-18 19:40:00,370.17,370.17,370.0,370.11,14434.0,2,2,1.0,buy,False,0.8745080891998243,4.163492493946733,28.239017640954685,0.011578080659927173,-0.05104638637400749,-0.26217017491777933,-0.2876933681047831,-0.0007761564796499288,33.83133281955165,26.284561012242772,27.84443815132091,23.16480673408649,14434.0,1.6000000000000227,1.0,1.8296000000000276,27.0,0.004947935259285296,1.6000000000000227,19.0,0.004305705059203506,2.0,2.0,-0.05104638637400749,-0.2876933681047831,-0.26217017491777933,33.83133281955165,26.284561012242772,27.84443815132091,23.16480673408649,16.455696202532444,38.92405063291456,48.79603668873203,-0.016208768943999318,0.045945945945950244,0.0,0.11000000000001364,0.060000000000002274,0.0,14164.0,14164.0,2022-01-18,2022-01-18 19:40:00,2.834292507632868,142.0,1.0,best_within_2.0d,14305.0,380.6,0.8745080891998243,1.8296000000000276,27.0,0.004947935259285296,1.6000000000000227,19.0,0.004305705059203506,0.4929364202292669,5.6011759621451125,36.843533123028394,0.015614239272951093,2.82998018927445,22.52492113564669,0.007835530045022196,1.8630914826498424,0.00402220134195386,1.9444468750000041,16.553125,0.005470102952261012,0.0,0
14164.0,2022-01-18 19:45:00,370.1,370.1,369.7,369.79,37279.0,1p,1p,1.0,buy,False,0.37890999288105304,1.900000000000034,20.0,0.005113024757804182,-0.08159045015139244,-0.2723689811867034,-0.3131642062623996,-0.0008450208544037365,28.64141983996899,20.493337704532564,25.394071335724792,10.691870442148108,37279.0,1.900000000000034,0.0,1.900000000000034,20.0,0.005113024757804182,1.900000000000034,0.0,0.0,1.0,1.0,-0.08159045015139244,-0.3131642062623996,-0.2723689811867034,28.64141983996899,20.493337704532564,25.394071335724792,10.691870442148108,15.430267062315405,41.54302670623339,48.58441502048921,-0.08376114563631512,0.10819583446038251,0.0,0.09000000000003183,0.3100000000000023,0.0,14165.0,14165.0,2022-01-18,2022-01-18 19:45:00,2.9232807809838017,141.0,1.0,best_within_2.0d,14305.0,380.6,0.5832424107187206,4.3760036431226785,32.22527881040892,0.012230020343504162,2.285057100371749,15.890706319702602,0.006381710269403211,0.4929364202292669,5.6011759621451125,36.843533123028394,0.015614239272951093,2.82998018927445,22.52492113564669,0.007835530045022196,1.8630914826498424,0.00402220134195386,1.9444468750000041,16.553125,0.005470102952261012,0.0,0
14165.0,2022-01-18 19:50:00,369.7496,369.82,369.5,369.69,52266.0,1p,1p,1.0,buy,False,0.37890999288105304,2.1000000000000227,21.0,0.005651237890204582,-0.1042550321132214,-0.2854008602008561,-0.3375283762574668,-0.0009109290367848155,27.235344638760694,19.693971168100937,23.49403794651684,12.09383761126913,52266.0,2.1000000000000227,0.0,2.1000000000000227,21.0,0.005651237890204582,2.1000000000000227,0.0,0.0,1.0,1.0,-0.1042550321132214,-0.3375283762574668,-0.2854008602008561,27.235344638760694,19.693971168100937,23.49403794651684,12.09383761126913,14.606741573034551,44.38202247191212,48.71954183875356,-0.01611901676161083,0.08660351826792778,0.07040000000000646,0.18999999999999773,0.059599999999988995,0.0,14166.0,14166.0,2022-01-18,2022-01-18 19:50:00,2.951121209662156,140.0,1.0,best_within_2.0d,14305.0,380.6,0.5832424107187206,4.3760036431226785,32.22527881040892,0.012230020343504162,2.285057100371749,15.890706319702602,0.006381710269403211,0.4929364202292669,5.6011759621451125,36.843533123028394,0.015614239272951093,2.82998018927445,22.52492113564669,0.007835530045022196,1.8630914826498424,0.00402220134195386,1.9444468750000041,16.553125,0.005470102952261012,1.0,0
14197.0,2022-01-19 06:30:00,371.15,371.32,371.05,371.25,4247.0,2,2,1.0,buy,False,0.4483985765124519,4.163492493946733,28.239017640954685,0.011578080659927173,-0.18759177530453358,0.23159371213647653,0.13779782448420974,0.0003710025394699465,47.149548792570265,23.89388536558377,39.3548096224391,-7.0279631481268865,4247.0,1.259999999999991,1.0,2.8100000000000023,27.0,0.007604871447902577,1.259999999999991,7.0,0.0033842765437404067,2.0,2.0,-0.18759177530453358,0.13779782448420974,0.23159371213647653,47.149548792570265,23.89388536558377,39.3548096224391,-7.0279631481268865,16.99507389162579,32.758620689655224,25.779814961007364,0.026943284386372824,0.0727664735210839,0.06999999999999318,0.0999999999999659,0.10000000000002274,1.0,14198.0,14198.0,2022-01-19,2022-01-19 06:30:00,2.518518518518525,108.0,1.0,best_within_2.0d,14305.0,380.6,0.4483985765124519,2.8100000000000023,27.0,0.007604871447902577,1.259999999999991,7.0,0.0033842765437404067,0.4929364202292669,5.6011759621451125,36.843533123028394,0.015614239272951093,2.82998018927445,22.52492113564669,0.007835530045022196,1.8630914826498424,0.00402220134195386,1.9444468750000041,16.553125,0.005470102952261012,1.0,0
14203.0,2022-01-19 07:00:00,372.16,372.31,372.14,372.18,26625.0,1p,1p,0.0,sell,False,0.1160279488253888,1.259999999999991,7.0,0.0033957687643174526,0.05125644234604848,0.19678055067178754,0.22240877184481178,0.0005984613903384045,60.83251608523213,78.7864446261618,64.11088784494268,108.13755818860002,26625.0,1.259999999999991,0.0,1.259999999999991,7.0,0.0033957687643174526,1.259999999999991,0.0,0.0,1.0,1.0,0.05125644234604848,0.22240877184481178,0.19678055067178754,60.83251608523213,78.7864446261618,64.11088784494268,108.13755818860002,40.19138755980816,22.248803827751022,22.671269400991182,0.00537403267411377,0.04568173268125327,0.12999999999999545,0.020000000000038654,0.01999999999998181,1.0,14204.0,14204.0,2022-01-19,2022-01-19 07:00:00,1.7088505561824958,142.0,1.0,best_within_2.0d,14345.0,365.82,0.5832424107187206,4.3760036431226785,32.22527881040892,0.012230020343504162,2.285057100371749,15.890706319702602,0.006381710269403211,0.4929364202292669,5.6011759621451125,36.843533123028394,0.015614239272951093,2.82998018927445,22.52492113564669,0.007835530045022196,1.8630914826498424,0.00402220134195386,1.9444468750000041,16.553125,0.005470102952261012,1.0,1
14207.0,2022-01-19 07:20:00,371.669,371.669,371.49,371.66,6870.0,2s,2s,1.0,buy,False,0.2918149466192144,4.163492493946733,28.239017640954685,0.011578080659927173,-0.07472470204174375,0.18982413208624133,0.15246178106536945,0.0004101867348752369,49.63989329410419,48.55394514877989,61.831715151319486,21.998405143700694,6870.0,0.8199999999999932,1.0,2.8100000000000023,27.0,0.007604871447902577,0.8199999999999932,5.0,0.0022024656871961353,1.0,2.5,-0.07472470204174375,0.15246178106536945,0.18982413208624133,49.63989329410419,48.55394514877989,61.831715151319486,21.998405143700694,24.939467312349066,38.25665859564077,20.34246706326927,-0.0024215094613642004,0.04818433874396986,0.0,0.17000000000001592,0.008999999999957708,0.0,14208.0,14208.0,2022-01-19,2022-01-19 07:20:00,2.405424312543722,98.0,1.0,best_within_2.0d,14305.0,380.6,0.5832424107187206,4.3760036431226785,32.22527881040892,0.012230020343504162,2.285057100371749,15.890706319702602,0.006381710269403211,0.2918149466192144,2.8100000000000023,27.0,0.007604871447902577,0.8199999999999932,5.0,0.0022024656871961353,1.0,0.00402220134195386,1.9444468750000041,16.553125,0.005470102952261012,0.0,0
14211.0,2022-01-19 07:40:00,371.3,371.4,371.27,371.39,8523.0,2s,2s,1.0,buy,False,0.37010676156584327,4.163492493946733,28.239017640954685,0.011578080659927173,-0.17736759389832735,0.1254076000967586,0.036723803147594936,9.881304937561303e-05,44.72666113708876,22.04892048800877,35.89917137521564,-5.651581286404976,8523.0,1.0400000000000205,1.0,2.8100000000000023,27.0,0.007604871447902577,1.0400000000000205,9.0,0.0027933711154683473,1.0,2.5,-0.17736759389832735,0.036723803147594936,0.1254076000967586,44.72666113708876,22.04892048800877,35.89917137521564,-5.651581286404976,30.63324538258712,26.385224274406188,16.938840308476138,0.024239159709123347,0.035014948689631654,0.009999999999990905,0.03000000000002956,0.08999999999997499,1.0,14212.0,14212.0,2022-01-19,2022-01-19 07:40:00,2.479872909879113,94.0,1.0,best_within_2.0d,14305.0,380.6,0.5832424107187206,4.3760036431226785,32.22527881040892,0.012230020343504162,2.285057100371749,15.890706319702602,0.006381710269403211,0.37010676156584327,2.8100000000000023,27.0,0.007604871447902577,1.0400000000000205,9.0,0.0027933711154683473,1.0,0.00402220134195386,1.9444468750000041,16.553125,0.005470102952261012,1.0,0
14216.0,2022-01-19 08:05:00,372.53,373.16,372.5,373.01,62600.0,1,1,0.0,sell,False,0.39423712060798816,1.8900000000000432,6.0,0.005090634847954436,0.17415793240707017,0.12109529392608906,0.20817426012962414,0.0005598261219650775,69.51072158979679,80.67670030602456,62.68056726886934,116.66896638033501,62600.0,1.8900000000000432,1.0,1.8900000000000432,6.0,0.005090634847954436,1.8900000000000432,6.0,0.005090634847954436,1.0,1.0,0.17415793240707017,0.20817426012962414,0.12109529392608906,69.51072158979679,80.67670030602456,62.68056726886934,116.66896638033501,15.370950888193002,62.382445141065936,23.037802482728434,0.12884868332752214,0.177181208053698,0.1500000000000341,0.029999999999972715,0.4800000000000182,1.0,14217.0,14217.0,2022-01-19,2022-01-19 08:05:00,3.943594005522635,383.0,1.0,best_within_2.0d,14599.0,358.3,0.5832424107187206,4.3760036431226785,32.22527881040892,0.012230020343504162,2.285057100371749,15.890706319702602,0.006381710269403211,0.4929364202292669,5.6011759621451125,36.843533123028394,0.015614239272951093,2.82998018927445,22.52492113564669,0.007835530045022196,1.8630914826498424,0.00402220134195386,1.9444468750000041,16.553125,0.005470102952261012,0.0,1
14217.0,2022-01-19 08:10:00,373.01,373.1,367.01,372.96,56492.0,1,1,1.0,buy,False,0.3795064678403397,5.300000000000011,15.0,0.01423544895382883,0.22909368866085084,0.1497320050086954,0.2642788493391208,0.0007105472605941618,68.3674593201065,86.03378936390772,70.46497463388212,117.1714188239589,56492.0,5.300000000000011,2.0,5.300000000000011,15.0,0.01423544895382883,5.300000000000011,15.0,0.01423544895382883,1.0,1.0,0.22909368866085084,0.2642788493391208,0.1497320050086954,68.3674593201065,86.03378936390772,70.46497463388212,117.1714188239589,9.173660426081689,73.98321497740487,26.959137706368825,-0.01340446636819693,1.6593553309174225,0.09000000000003183,5.949999999999989,0.05000000000001137,0.0,14218.0,14218.0,2022-01-19,2022-01-19 08:10:00,2.0484770484770602,88.0,1.0,best_within_2.0d,14305.0,380.6,0.5832424107187206,4.3760036431226785,32.22527881040892,0.012230020343504162,2.285057100371749,15.890706319702602,0.006381710269403211,0.4929364202292669,5.6011759621451125,36.843533123028394,0.015614239272951093,2.82998018927445,22.52492113564669,0.007835530045022196,1.8630914826498424,0.00402220134195386,1.9444468750000041,16.553125,0.005470102952261012,1.0,0
14233.0,2022-01-19 09:30:00,378.58,378.58,378.4,378.45,5860.0,1p,1p,0.0,sell,False,1.0154751577185612,1.9699999999999704,20.0,0.005230875441438014,0.19536724644596154,0.07909106917939465,0.17677469240237542,0.000467785237015482,60.436979519436555,87.10468251458752,81.80677916734979,97.700489209063,5860.0,1.9699999999999704,0.0,1.9699999999999704,20.0,0.005230875441438014,1.9699999999999704,0.0,0.0,1.0,1.0,0.19536724644596154,0.17677469240237542,0.07909106917939465,60.436979519436555,87.10468251458752,81.80677916734979,97.700489209063,29.814814814815193,22.037037037037088,19.5846991144409,-0.03433884515822163,0.047568710359409835,0.0,0.05000000000001137,0.12999999999999545,0.0,14234.0,14234.0,2022-01-19,2022-01-19 09:30:00,1.7728694815092105,72.0,1.0,best_within_2.0d,14305.0,380.6,0.5832424107187206,4.3760036431226785,32.22527881040892,0.012230020343504162,2.285057100371749,15.890706319702602,0.006381710269403211,0.4929364202292669,5.6011759621451125,36.843533123028394,0.015614239272951093,2.82998018927445,22.52492113564669,0.007835530045022196,1.8630914826498424,0.00402220134195386,1.9444468750000041,16.553125,0.005470102952261012,0.0,1
14233.0,2022-01-19 09:30:00,377.91,377.92,377.57,377.57,1150.0,2,2,0.0,sell,False,0.6047904191616861,4.163492493946733,28.239017640954685,0.011578080659927173,-0.011553686729594476,-0.06649581562925487,-0.07227265899405211,-0.00019133744021784585,47.06850796072753,67.9326322726566,56.6885643511149,90.42076811574002,1150.0,1.009999999999991,1.0,1.669999999999959,12.0,0.004411220878017748,1.009999999999991,8.0,0.0026796848053911833,2.0,2.0,-0.011553686729594476,-0.07227265899405211,-0.06649581562925487,47.06850796072753,67.9326322726566,56.6885643511149,90.42076811574002,17.463617463617144,25.15592515592502,26.56417455504885,-0.08996851102115101,0.09269804274704631,0.009999999999990905,0.0,0.34000000000003183,0.0,14234.0,14234.0,2022-01-19,2022-01-19 09:30:00,1.7728694815092105,72.0,1.0,best_within_2.0d,14305.0,380.6,0.6047904191616861,1.669999999999959,12.0,0.004411220878017748,1.009999999999991,8.0,0.0026796848053911833,0.4929364202292669,5.6011759621451125,36.843533123028394,0.015614239272951093,2.82998018927445,22.52492113564669,0.007835530045022196,1.8630914826498424,0.00402220134195386,1.9444468750000041,16.553125,0.005470102952261012,0.0,1
14233.0,2022-01-19 09:30:00,373.5,378.6,373.23,373.97,200467.0,1p,1p,1.0,buy,False,2.369386208001698,4.689999999999998,24.0,0.012410033869602025,-0.5445051956311462,-0.5738354152934945,-0.8460880131090676,-0.0022496492156555623,27.694454993940596,8.378098598570826,10.641230158931307,3.851835477849864,200467.0,4.689999999999998,0.0,4.689999999999998,24.0,0.012410033869602025,4.689999999999998,0.0,0.0,1.0,1.0,-0.5445051956311462,-0.8460880131090676,-0.5738354152934945,27.694454993940596,8.378098598570826,10.641230158931307,3.851835477849864,30.303030303030532,30.524759793052503,47.117814328365924,0.12583668005355483,1.438791093963509,4.6299999999999955,0.2699999999999818,0.4700000000000273,1.0,14234.0,14234.0,2022-01-19,2022-01-19 09:30:00,1.7728694815092105,72.0,1.0,best_within_2.0d,14305.0,380.6,0.5832424107187206,4.3760036431226785,32.22527881040892,0.012230020343504162,2.285057100371749,15.890706319702602,0.006381710269403211,0.4929364202292669,5.6011759621451125,36.843533123028394,0.015614239272951093,2.82998018927445,22.52492113564669,0.007835530045022196,1.8630914826498424,0.00402220134195386,1.9444468750000041,16.553125,0.005470102952261012,0.0,0
14235.0,2022-01-19 09:40:00,373.47,373.63,372.23,372.96,1381364.0,1,1,0.0,sell,False,0.6842863626909064,6.6200000000000045,19.0,0.01803765564970983,-0.038098724510247206,0.1761835941540318,0.15713423189890818,0.00042180071726693466,55.55637531312969,45.76147824983136,38.55821599789994,60.16800275369421,1381364.0,6.6200000000000045,1.0,6.6200000000000045,19.0,0.01803765564970983,6.6200000000000045,19.0,0.01803765564970983,1.0,1.0,-0.038098724510247206,0.15713423189890818,0.1761835941540318,55.55637531312969,45.76147824983136,38.55821599789994,60.16800275369421,25.401929260450707,12.647374062165687,43.96917877894638,-0.13655715318500755,0.37611154393788176,0.15999999999996817,0.7299999999999613,0.5100000000000477,0.0,14236.0,14236.0,2022-01-19,2022-01-19 09:40:00,4.113014800514801,384.0,1.0,best_within_2.0d,14619.0,357.6201,0.5832424107187206,4.3760036431226785,32.22527881040892,0.012230020343504162,2.285057100371749,15.890706319702602,0.006381710269403211,0.4929364202292669,5.6011759621451125,36.843533123028394,0.015614239272951093,2.82998018927445,22.52492113564669,0.007835530045022196,1.8630914826498424,0.00402220134195386,1.9444468750000041,16.553125,0.005470102952261012,0.0,1
14236.0,2022-01-19 09:45:00,372.96,374.24,372.82,373.45,1289304.0,1,1,0.0,sell,False,0.6842863626909065,7.230000000000018,20.0,0.019699735702024518,0.048021012843072586,0.18218622075941587,0.20619672718095217,0.0005533998044965741,60.43706675612972,53.265349623046646,43.46059387294884,72.87486112324227,1289304.0,7.230000000000018,1.0,7.230000000000018,20.0,0.019699735702024518,7.230000000000018,20.0,0.019699735702024518,1.0,1.0,0.048021012843072586,0.20619672718095217,0.18218622075941587,60.43706675612972,53.265349623046646,43.46059387294884,72.87486112324227,28.516746411483844,11.291866028708695,43.919182492538035,0.13138138138138383,0.3808808540314404,0.7900000000000205,0.13999999999998636,0.4900000000000091,1.0,14237.0,14237.0,2022-01-19,2022-01-19 09:45:00,4.2388271522292165,383.0,1.0,best_within_2.0d,14619.0,357.6201,0.5832424107187206,4.3760036431226785,32.22527881040892,0.012230020343504162,2.285057100371749,15.890706319702602,0.006381710269403211,0.4929364202292669,5.6011759621451125,36.843533123028394,0.015614239272951093,2.82998018927445,22.52492113564669,0.007835530045022196,1.8630914826498424,0.00402220134195386,1.9444468750000041,16.553125,0.005470102952261012,0.0,1
14238.0,2022-01-19 09:55:00,374.0,374.609,373.83,374.4396,972702.0,1,1,0.0,sell,False,0.6842863626909065,7.5989999999999895,22.0,0.020705157897604944,0.28275778601392165,0.2380067770868073,0.3793856700937681,0.0010175812035504586,68.28317796140058,74.93360204394617,58.81879293431639,107.16322026320572,972702.0,7.5989999999999895,1.0,7.5989999999999895,22.0,0.020705157897604944,7.5989999999999895,22.0,0.020705157897604944,1.0,1.0,0.28275778601392165,0.3793856700937681,0.2380067770868073,68.28317796140058,74.93360204394617,58.81879293431639,107.16322026320572,28.759894459103492,7.575112775555719,45.18581815313972,0.1175401069518675,0.20838348982157567,0.169399999999996,0.17000000000001592,0.43959999999998445,1.0,14239.0,14239.0,2022-01-19,2022-01-19 09:55:00,4.6201309904187475,384.0,1.0,best_within_2.0d,14622.0,357.14,0.5832424107187206,4.3760036431226785,32.22527881040892,0.012230020343504162,2.285057100371749,15.890706319702602,0.006381710269403211,0.4929364202292669,5.6011759621451125,36.843533123028394,0.015614239272951093,2.82998018927445,22.52492113564669,0.007835530045022196,1.8630914826498424,0.00402220134195386,1.9444468750000041,16.553125,0.005470102952261012,0.0,1
14239.0,2022-01-19 10:00:00,374.42,374.69,373.4,374.33,1205895.0,1,1,0.0,sell,False,0.7337996596688757,7.680000000000007,23.0,0.020925860330781195,0.32416285744948614,0.278527134267993,0.4406085629927361,0.0011814402183642507,66.6440864304046,79.20743537623606,65.61500708162295,106.3922919654623,1205895.0,7.680000000000007,1.0,7.680000000000007,23.0,0.020925860330781195,7.680000000000007,23.0,0.020925860330781195,1.0,1.0,0.32416285744948614,0.4406085629927361,0.278527134267993,66.6440864304046,79.20743537623606,65.61500708162295,106.3922919654623,24.30121149734792,10.45213397735409,44.804661432211866,-0.024037177501210358,0.34547402249598835,0.2699999999999818,0.9300000000000068,0.09000000000003183,0.0,14240.0,14240.0,2022-01-19,2022-01-19 10:00:00,4.760505436379663,384.0,1.0,best_within_2.0d,14623.0,356.51,0.5832424107187206,4.3760036431226785,32.22527881040892,0.012230020343504162,2.285057100371749,15.890706319702602,0.006381710269403211,0.4929364202292669,5.6011759621451125,36.843533123028394,0.015614239272951093,2.82998018927445,22.52492113564669,0.007835530045022196,1.8630914826498424,0.00402220134195386,1.9444468750000041,16.553125,0.005470102952261012,1.0,1
14243.0,2022-01-19 10:20:00,373.55,373.75,372.74,372.9,921123.0,3a,3a,1.0,buy,False,0.0033957687643174526,4.163492493946733,28.239017640954685,0.011578080659927173,-0.01947292557924618,0.3512987704081401,0.341562307618517,0.0009154757576520286,48.44208245942425,56.95831598998149,66.49550187495782,37.88394422002884,921123.0,1.9499999999999886,2.0,1.9499999999999886,5.0,0.005204302223171125,1.9499999999999886,5.0,0.005204302223171125,3.0,3.0,-0.01947292557924618,0.341562307618517,0.3512987704081401,48.44208245942425,56.95831598998149,66.49550187495782,37.88394422002884,17.42477256822962,11.641961956867666,39.37286721484482,-0.17400615714095413,0.27096635724633544,0.19999999999998863,0.15999999999996817,0.6500000000000341,0.0,14244.0,14244.0,2022-01-19,2022-01-19 10:20:00,2.0648967551622546,62.0,1.0,best_within_2.0d,14305.0,380.6,0.5832424107187206,4.3760036431226785,32.22527881040892,0.012230020343504162,2.285057100371749,15.890706319702602,0.006381710269403211,0.4929364202292669,5.6011759621451125,36.843533123028394,0.015614239272951093,2.82998018927445,22.52492113564669,0.007835530045022196,1.8630914826498424,0.0033957687643174526,1.9499999999999886,5.0,0.005204302223171125,0.0,0
14244.0,2022-01-19 10:25:00,372.92,373.06,372.43,372.5063,918020.0,3a,3a,1.0,buy,False,0.0033957687643174526,4.163492493946733,28.239017640954685,0.011578080659927173,-0.17519563674491867,0.3293993158150253,0.24180149744256596,0.0006481670202387363,45.28824832101951,39.097579391551136,57.36286104715559,2.5670160803422277,918020.0,2.259999999999991,2.0,2.259999999999991,6.0,0.006031652833008596,2.259999999999991,6.0,0.006031652833008596,3.0,3.0,-0.17519563674491867,0.24180149744256596,0.3293993158150253,45.28824832101951,39.097579391551136,57.36286104715559,2.5670160803422277,16.9923692536759,12.9040263043615,37.53730786482645,-0.11093532124852667,0.16915930510431368,0.13999999999998636,0.07630000000000337,0.41370000000000573,0.0,14245.0,14245.0,2022-01-19,2022-01-19 10:25:00,2.172768621631369,61.0,1.0,best_within_2.0d,14305.0,380.6,0.5832424107187206,4.3760036431226785,32.22527881040892,0.012230020343504162,2.285057100371749,15.890706319702602,0.006381710269403211,0.4929364202292669,5.6011759621451125,36.843533123028394,0.015614239272951093,2.82998018927445,22.52492113564669,0.007835530045022196,1.8630914826498424,0.0033957687643174526,2.259999999999991,6.0,0.006031652833008596,0.0,0
14261.0,2022-01-19 11:50:00,369.59,370.47,369.33,370.35,769145.0,2,2,0.0,sell,False,0.353751914241962,4.163492493946733,28.239017640954685,0.011578080659927173,0.09528353377469267,-0.8722283111862847,-0.8245865442989384,-0.002225326431812496,48.26986498887421,54.46778468030963,34.80781997952947,93.78771408186995,769145.0,2.3100000000000023,1.0,6.529999999999973,18.0,0.017427740265285898,2.3100000000000023,6.0,0.006274445893089967,2.0,2.0,0.09528353377469267,-0.8245865442989384,-0.8722283111862847,48.26986498887421,54.46778468030963,34.80781997952947,93.78771408186995,15.771869115038287,20.12359695698547,52.09621018077019,0.20563326929842468,0.3086670457314714,0.12000000000000455,0.2599999999999909,0.7600000000000477,1.0,14262.0,14262.0,2022-01-19,2022-01-19 11:50:00,4.020521128662088,365.0,1.0,best_within_2.0d,14626.0,355.46,0.353751914241962,6.529999999999973,18.0,0.017427740265285898,2.3100000000000023,6.0,0.006274445893089967,0.4929364202292669,5.6011759621451125,36.843533123028394,0.015614239272951093,2.82998018927445,22.52492113564669,0.007835530045022196,1.8630914826498424,0.00402220134195386,1.9444468750000041,16.553125,0.005470102952261012,0.0,1
14262.0,2022-01-19 11:55:00,370.34,370.583,370.02,370.38,529539.0,2,2,0.0,sell,False,0.37105666156202327,4.163492493946733,28.239017640954685,0.011578080659927173,0.2579722811374172,-0.8399817760441076,-0.710995635475399,-0.0019188404199355497,48.491531304066605,66.85250853773246,45.4893828322638,109.57875994866978,529539.0,2.423000000000002,1.0,6.529999999999973,18.0,0.017427740265285898,2.423000000000002,7.0,0.006581377661886141,2.0,2.0,0.2579722811374172,-0.710995635475399,-0.8399817760441076,48.491531304066605,66.85250853773246,45.4893828322638,109.57875994866978,17.51283103346571,17.060055715118395,48.46859698461775,0.010800885672630682,0.15215393762500543,0.20300000000003138,0.3199999999999932,0.040000000000020464,1.0,14263.0,14263.0,2022-01-19,2022-01-19 11:55:00,4.028295264323132,364.0,1.0,best_within_2.0d,14626.0,355.46,0.37105666156202327,6.529999999999973,18.0,0.017427740265285898,2.423000000000002,7.0,0.006581377661886141,0.4929364202292669,5.6011759621451125,36.843533123028394,0.015614239272951093,2.82998018927445,22.52492113564669,0.007835530045022196,1.8630914826498424,0.00402220134195386,1.9444468750000041,16.553125,0.005470102952261012,0.0,1
14263.0,2022-01-19 12:00:00,370.35,371.03,370.32,370.78,701177.0,2,2,0.0,sell,False,0.43950995405818677,4.163492493946733,28.239017640954685,0.011578080659927173,0.41278914100511566,-0.7883831334184681,-0.5819885629159103,-0.0015705979167718238,51.47709475728494,74.99807189391217,55.32561251947992,114.34299064277667,701177.0,2.8699999999999477,1.0,6.529999999999973,18.0,0.017427740265285898,2.8699999999999477,8.0,0.007795523685354052,2.0,2.0,0.41278914100511566,-0.5819885629159103,-0.7883831334184681,51.47709475728494,74.99807189391217,55.32561251947992,114.34299064277667,21.234911997404794,17.475169774592135,45.70030905383352,0.1161063858512083,0.19172607474615996,0.25,0.03000000000002956,0.42999999999995,1.0,14264.0,14264.0,2022-01-19,2022-01-19 12:00:00,4.13183019580344,363.0,1.0,best_within_2.0d,14626.0,355.46,0.43950995405818677,6.529999999999973,18.0,0.017427740265285898,2.8699999999999477,8.0,0.007795523685354052,0.4929364202292669,5.6011759621451125,36.843533123028394,0.015614239272951093,2.82998018927445,22.52492113564669,0.007835530045022196,1.8630914826498424,0.00402220134195386,1.9444468750000041,16.553125,0.005470102952261012,0.0,1
14264.0,2022-01-19 12:05:00,370.8009,371.58,370.66,371.52,665411.0,2,2,0.0,sell,False,0.5237366003062747,4.163492493946733,28.239017640954685,0.011578080659927173,0.5970114801227584,-0.7137566984031233,-0.4152509583417441,-0.0011204105781304073,56.5003976479285,82.74725260763731,64.46615921553237,119.30943939184718,665411.0,3.419999999999959,1.0,6.529999999999973,18.0,0.017427740265285898,3.419999999999959,9.0,0.009289439374185025,2.0,2.0,0.5970114801227584,-0.4152509583417441,-0.7137566984031233,56.5003976479285,82.74725260763731,64.46615921553237,119.30943939184718,25.347425530496047,17.565834821858413,43.73123705665147,0.19393156812725346,0.24820590298385556,0.060000000000002274,0.1408999999999878,0.719099999999969,1.0,14265.0,14265.0,2022-01-19,2022-01-19 12:05:00,4.322782084409992,362.0,1.0,best_within_2.0d,14626.0,355.46,0.5237366003062747,6.529999999999973,18.0,0.017427740265285898,3.419999999999959,9.0,0.009289439374185025,0.4929364202292669,5.6011759621451125,36.843533123028394,0.015614239272951093,2.82998018927445,22.52492113564669,0.007835530045022196,1.8630914826498424,0.00402220134195386,1.9444468750000041,16.553125,0.005470102952261012,0.0,1
14265.0,2022-01-19 12:10:00,371.47,372.53,371.41,372.29,1362203.0,2,2,0.0,sell,False,0.6692189892802398,4.163492493946733,28.239017640954685,0.011578080659927173,0.7924757144287347,-0.6146972340995315,-0.21845937688516415,-0.0005892405913223952,61.02212542167706,86.58429280700577,71.83887041269017,116.07513759563693,1362203.0,4.369999999999948,1.0,6.529999999999973,18.0,0.017427740265285898,4.369999999999948,10.0,0.011869839200347532,2.0,2.0,0.7924757144287347,-0.21845937688516415,-0.6146972340995315,61.02212542167706,86.58429280700577,71.83887041269017,116.07513759563693,28.298236368493086,17.109319164603026,42.36765521498437,0.22074460925511968,0.3015535392154082,0.23999999999995225,0.060000000000002274,0.8199999999999932,1.0,14266.0,14266.0,2022-01-19,2022-01-19 12:10:00,4.520669370651921,361.0,1.0,best_within_2.0d,14626.0,355.46,0.6692189892802398,6.529999999999973,18.0,0.017427740265285898,4.369999999999948,10.0,0.011869839200347532,0.4929364202292669,5.6011759621451125,36.843533123028394,0.015614239272951093,2.82998018927445,22.52492113564669,0.007835530045022196,1.8630914826498424,0.00402220134195386,1.9444468750000041,16.553125,0.005470102952261012,0.0,1
14267.0,2022-01-19 12:20:00,372.04,372.72,372.0,372.5603,984824.0,2,2,0.0,sell,False,0.6983154670750416,4.163492493946733,28.239017640954685,0.011578080659927173,0.9199149200056229,-0.39345931622685215,0.0664981437759593,0.00017925535242184734,61.82036911519603,90.05618019553093,81.27521366816896,107.61811325025485,984824.0,4.560000000000002,1.0,6.529999999999973,18.0,0.017427740265285898,4.560000000000002,12.0,0.012385919165580187,2.0,2.0,0.9199149200056229,0.0664981437759593,-0.39345931622685215,61.82036911519603,90.05618019553093,81.27521366816896,107.61811325025485,33.71824661049484,5.632877226746592,43.8551123529957,0.13985055370389293,0.19354838709678152,0.15970000000004347,0.040000000000020464,0.5202999999999633,1.0,14268.0,14268.0,2022-01-19,2022-01-19 12:20:00,4.589941547717244,359.0,1.0,best_within_2.0d,14626.0,355.46,0.6983154670750416,6.529999999999973,18.0,0.017427740265285898,4.560000000000002,12.0,0.012385919165580187,0.4929364202292669,5.6011759621451125,36.843533123028394,0.015614239272951093,2.82998018927445,22.52492113564669,0.007835530045022196,1.8630914826498424,0.00402220134195386,1.9444468750000041,16.553125,0.005470102952261012,0.0,1
14268.0,2022-01-19 12:25:00,372.56,372.85,372.31,372.76,565078.0,2,2,0.0,sell,False,0.7182235834609522,4.163492493946733,28.239017640954685,0.011578080659927173,0.9481829953399474,-0.2749364418093587,0.199155055860615,0.0005366592794598982,62.93052379606315,92.65650108273465,85.06897613969085,107.83155096882228,565078.0,4.689999999999998,1.0,6.529999999999973,18.0,0.017427740265285898,4.689999999999998,13.0,0.012739026510212944,2.0,2.0,0.9481829953399474,0.199155055860615,-0.2749364418093587,62.93052379606315,92.65650108273465,85.06897613969085,107.83155096882228,35.064483774413716,5.449333049020307,45.94395367182353,0.05368262830147859,0.14504042330316683,0.09000000000003183,0.25,0.19999999999998863,1.0,14269.0,14269.0,2022-01-19,2022-01-19 12:25:00,4.6410559072861926,358.0,1.0,best_within_2.0d,14626.0,355.46,0.7182235834609522,6.529999999999973,18.0,0.017427740265285898,4.689999999999998,13.0,0.012739026510212944,0.4929364202292669,5.6011759621451125,36.843533123028394,0.015614239272951093,2.82998018927445,22.52492113564669,0.007835530045022196,1.8630914826498424,0.00402220134195386,1.9444468750000041,16.553125,0.005470102952261012,0.0,1
14269.0,2022-01-19 12:30:00,372.79,372.96,372.5114,372.54,808217.0,2,2,0.0,sell,False,0.7350689127105627,4.163492493946733,28.239017640954685,0.011578080659927173,0.8931288719407341,-0.16329533281676695,0.2832691031536001,0.0007631006630899641,60.83200343155492,91.24758474386203,87.12851234108123,99.48572954942364,808217.0,4.7999999999999545,1.0,6.529999999999973,18.0,0.017427740265285898,4.7999999999999545,14.0,0.013037809647979015,2.0,2.0,0.8931288719407341,0.2832691031536001,-0.16329533281676695,60.83200343155492,91.24758474386203,87.12851234108123,99.48572954942364,37.631402648316396,1.6541639441884186,49.20358341521974,-0.06706188470720781,0.12042584468555835,0.16999999999995907,0.028600000000039927,0.25,0.0,14270.0,14270.0,2022-01-19,2022-01-19 12:30:00,4.584742577978215,357.0,1.0,best_within_2.0d,14626.0,355.46,0.7350689127105627,6.529999999999973,18.0,0.017427740265285898,4.7999999999999545,14.0,0.013037809647979015,0.4929364202292669,5.6011759621451125,36.843533123028394,0.015614239272951093,2.82998018927445,22.52492113564669,0.007835530045022196,1.8630914826498424,0.00402220134195386,1.9444468750000041,16.553125,0.005470102952261012,0.0,1
14272.0,2022-01-19 12:45:00,372.26,373.2,372.06,372.78,517989.0,2,2,0.0,sell,False,0.7718223583460926,4.163492493946733,28.239017640954685,0.011578080659927173,0.6310380639336919,0.09736398289289847,0.41288301485974443,0.0011114960178410184,61.78331124713551,82.71063466332899,84.50742816060969,79.11704766876758,517989.0,5.039999999999964,1.0,6.529999999999973,18.0,0.017427740265285898,5.039999999999964,17.0,0.013689700130377997,2.0,2.0,0.6310380639336919,0.41288301485974443,0.09736398289289847,61.78331124713551,82.71063466332899,84.50742816060969,79.11704766876758,42.17477457824329,4.1939354275738925,54.95124969032357,0.1396873153172465,0.30640219319464235,0.4200000000000159,0.19999999999998863,0.5199999999999818,1.0,14273.0,14273.0,2022-01-19,2022-01-19 12:45:00,4.6461720049358854,354.0,1.0,best_within_2.0d,14626.0,355.46,0.7718223583460926,6.529999999999973,18.0,0.017427740265285898,5.039999999999964,17.0,0.013689700130377997,0.4929364202292669,5.6011759621451125,36.843533123028394,0.015614239272951093,2.82998018927445,22.52492113564669,0.007835530045022196,1.8630914826498424,0.00402220134195386,1.9444468750000041,16.553125,0.005470102952261012,0.0,1
14274.0,2022-01-19 12:55:00,372.36,373.33,372.34,373.19,339279.0,2,2,0.0,sell,False,0.7917304747320032,4.163492493946733,28.239017640954685,0.011578080659927173,0.5218759253367747,0.2272609312777179,0.4881988939461053,0.0013135806900418582,62.97161058329437,78.75554117632007,79.99543698385784,76.27574956124451,339279.0,5.169999999999959,1.0,6.529999999999973,18.0,0.017427740265285898,5.169999999999959,19.0,0.014042807475010752,2.0,2.0,0.5218759253367747,0.4881988939461053,0.2272609312777179,62.97161058329437,78.75554117632007,79.99543698385784,76.27574956124451,40.72764212348105,4.339892396252417,58.52224328786148,0.22290256740788056,0.26588601815545176,0.13999999999998636,0.020000000000038654,0.8299999999999841,1.0,14275.0,14275.0,2022-01-19,2022-01-19 12:55:00,4.750931161070773,352.0,1.0,best_within_2.0d,14626.0,355.46,0.7917304747320032,6.529999999999973,18.0,0.017427740265285898,5.169999999999959,19.0,0.014042807475010752,0.4929364202292669,5.6011759621451125,36.843533123028394,0.015614239272951093,2.82998018927445,22.52492113564669,0.007835530045022196,1.8630914826498424,0.00402220134195386,1.9444468750000041,16.553125,0.005470102952261012,1.0,1
14301.0,2022-01-19 15:10:00,369.76,370.86,369.6499,370.71,554332.0,2s,2s,0.0,sell,False,0.41347626339969373,4.163492493946733,28.239017640954685,0.011578080659927173,0.06335662928375108,-0.45592194051871626,-0.4242436258768407,-0.0011446309064291275,50.4429914365871,56.369563526322864,43.17317291219116,82.76234475458628,554332.0,1.7150000000000318,1.0,6.529999999999973,18.0,0.017427740265285898,1.7150000000000318,9.0,0.004645870863752812,1.0,2.5,0.06335662928375108,-0.4242436258768407,-0.45592194051871626,50.4429914365871,56.369563526322864,43.17317291219116,82.76234475458628,18.98853967702778,23.311338774092917,43.74188997119755,0.25692340977931327,0.3273638110006282,0.1500000000000341,0.11009999999998854,0.9499999999999886,1.0,14302.0,14302.0,2022-01-19,2022-01-19 15:10:00,4.81238704108332,384.0,1.0,best_within_2.0d,14685.0,352.87,0.5832424107187206,4.3760036431226785,32.22527881040892,0.012230020343504162,2.285057100371749,15.890706319702602,0.006381710269403211,0.41347626339969373,6.529999999999973,18.0,0.017427740265285898,1.7150000000000318,9.0,0.004645870863752812,1.0,0.00402220134195386,1.9444468750000041,16.553125,0.005470102952261012,1.0,1
14305.0,2022-01-19 15:30:00,380.57,380.67,380.5,380.6,5933.0,1p,1p,0.0,sell,False,0.9548366917762631,3.6299999999999955,31.0,0.00962762571610438,-0.12282231095391771,0.5871554534396192,0.5257442979626603,0.0013845164850853574,61.8810787176026,73.01030162230359,79.94975783316994,59.13138920057088,5933.0,3.6299999999999955,0.0,3.6299999999999955,31.0,0.00962762571610438,3.6299999999999955,0.0,0.0,1.0,1.0,-0.12282231095391771,0.5257442979626603,0.5871554534396192,61.8810787176026,73.01030162230359,79.94975783316994,59.13138920057088,8.838643371018557,11.716341212744823,36.914866012697566,0.007882912473402937,0.04467805519054295,0.06999999999999318,0.06999999999999318,0.03000000000002956,1.0,14306.0,14306.0,2022-01-19,2022-01-19 15:30:00,7.359432475039424,383.0,1.0,best_within_2.0d,14688.0,352.59,0.5832424107187206,4.3760036431226785,32.22527881040892,0.012230020343504162,2.285057100371749,15.890706319702602,0.006381710269403211,0.4929364202292669,5.6011759621451125,36.843533123028394,0.015614239272951093,2.82998018927445,22.52492113564669,0.007835530045022196,1.8630914826498424,0.00402220134195386,1.9444468750000041,16.553125,0.005470102952261012,0.0,1
14305.0,2022-01-19 15:30:00,378.1,378.3,377.04,377.19,556475.0,2,2,1.0,buy,False,0.5045317220543679,4.163492493946733,28.239017640954685,0.011578080659927173,0.2649140553093478,0.0038976785340094993,0.1363547061886834,0.0003613988497884836,48.98184332079488,63.24039524526489,70.22600575833168,49.269174219131315,556475.0,1.669999999999959,1.0,3.3100000000000023,8.0,0.008817261587639857,1.669999999999959,6.0,0.004409706635684189,2.0,2.0,0.2649140553093478,0.1363547061886834,0.0038976785340094993,48.98184332079488,63.24039524526489,70.22600575833168,49.269174219131315,28.969729400584743,19.55918035963059,35.98842028091674,-0.2406770695583245,0.33418204964990206,0.19999999999998863,0.14999999999997726,0.910000000000025,0.0,14306.0,14306.0,2022-01-19,2022-01-19 15:30:00,7.359432475039424,383.0,1.0,best_within_2.0d,14688.0,352.59,0.5045317220543679,3.3100000000000023,8.0,0.008817261587639857,1.669999999999959,6.0,0.004409706635684189,0.4929364202292669,5.6011759621451125,36.843533123028394,0.015614239272951093,2.82998018927445,22.52492113564669,0.007835530045022196,1.8630914826498424,0.00402220134195386,1.9444468750000041,16.553125,0.005470102952261012,0.0,0
14305.0,2022-01-19 15:30:00,375.56,376.01,375.4,375.945,439281.0,1p,1p,1.0,buy,False,0.7884897467859179,4.110000000000014,21.0,0.01082975415667575,-0.44122117274884987,-0.20589392744337892,-0.42650451381780385,-0.0011310132367275858,39.739144709880726,17.210550052537332,17.86980486362868,15.89204043035464,439281.0,4.110000000000014,0.0,4.110000000000014,21.0,0.01082975415667575,4.110000000000014,0.0,0.0,1.0,1.0,-0.44122117274884987,-0.42650451381780385,-0.20589392744337892,39.739144709880726,17.210550052537332,17.86980486362868,15.89204043035464,6.145750595711689,33.65766481334415,42.62457629485673,0.10251357972094763,0.16249334043687097,0.06499999999999773,0.160000000000025,0.3849999999999909,1.0,14306.0,14306.0,2022-01-19,2022-01-19 15:30:00,7.359432475039424,383.0,1.0,best_within_2.0d,14688.0,352.59,0.5832424107187206,4.3760036431226785,32.22527881040892,0.012230020343504162,2.285057100371749,15.890706319702602,0.006381710269403211,0.4929364202292669,5.6011759621451125,36.843533123028394,0.015614239272951093,2.82998018927445,22.52492113564669,0.007835530045022196,1.8630914826498424,0.00402220134195386,1.9444468750000041,16.553125,0.005470102952261012,0.0,0
14306.0,2022-01-19 15:35:00,368.51,368.74,368.25,368.26,701268.0,1,1,1.0,buy,False,0.28865653652357065,2.6100000000000136,6.0,0.007037696165669022,-0.2597916245734204,-0.5021392185051159,-0.6320350307918261,-0.001707653886327101,33.467104587742014,15.12839342827145,27.68747048843871,-9.989760692063072,701268.0,2.6100000000000136,1.0,2.6100000000000136,6.0,0.007037696165669022,2.6100000000000136,6.0,0.007037696165669022,1.0,1.0,-0.2597916245734204,-0.6320350307918261,-0.5021392185051159,33.467104587742014,15.12839342827145,27.68747048843871,-9.989760692063072,18.274565508021727,19.593917112299664,33.07896242411025,-0.06784076415836747,0.1330617786829624,0.2300000000000182,0.009999999999990905,0.25,0.0,14307.0,14307.0,2022-01-19,2022-01-19 15:35:00,1.9198392440123806,101.0,1.0,best_within_2.0d,14407.0,375.33,0.5832424107187206,4.3760036431226785,32.22527881040892,0.012230020343504162,2.285057100371749,15.890706319702602,0.006381710269403211,0.4929364202292669,5.6011759621451125,36.843533123028394,0.015614239272951093,2.82998018927445,22.52492113564669,0.007835530045022196,1.8630914826498424,0.00402220134195386,1.9444468750000041,16.553125,0.005470102952261012,0.0,0
14307.0,2022-01-19 15:40:00,368.28,368.94,368.19,368.7601,871789.0,1,1,1.0,buy,False,0.28865653652357065,2.670000000000016,7.0,0.00719948228442004,-0.2256902758290693,-0.5303505029837495,-0.6431956408982842,-0.001738280731688527,38.81532338868514,17.202948927212447,24.192629968029955,3.2235868455774295,871789.0,2.670000000000016,1.0,2.670000000000016,7.0,0.00719948228442004,2.670000000000016,7.0,0.00719948228442004,1.0,1.0,-0.2256902758290693,-0.6431956408982842,-0.5303505029837495,38.81532338868514,17.202948927212447,24.192629968029955,3.2235868455774295,19.772219001077083,17.642673734780082,31.1227297405942,0.13036276745955522,0.20369917705532467,0.17989999999997508,0.08999999999997499,0.48010000000004993,1.0,14308.0,14308.0,2022-01-19,2022-01-19 15:40:00,1.7816189983677628,100.0,1.0,best_within_2.0d,14407.0,375.33,0.5832424107187206,4.3760036431226785,32.22527881040892,0.012230020343504162,2.285057100371749,15.890706319702602,0.006381710269403211,0.4929364202292669,5.6011759621451125,36.843533123028394,0.015614239272951093,2.82998018927445,22.52492113564669,0.007835530045022196,1.8630914826498424,0.00402220134195386,1.9444468750000041,16.553125,0.005470102952261012,0.0,0
14308.0,2022-01-19 15:45:00,368.75,368.89,368.05,368.3387,964498.0,1,1,1.0,buy,False,0.28865653652357065,2.8100000000000023,8.0,0.007576983228172362,-0.23660047235855708,-0.5599255620285691,-0.6782257982078477,-0.0018335686660269702,36.17643586234907,14.893306402246084,21.092855446102,2.494208314534255,964498.0,2.8100000000000023,1.0,2.8100000000000023,8.0,0.007576983228172362,2.8100000000000023,8.0,0.007576983228172362,1.0,1.0,-0.23660047235855708,-0.6782257982078477,-0.5599255620285691,36.17643586234907,14.893306402246084,21.092855446102,2.494208314534255,16.80211711086288,18.541055778356686,29.251117214545214,-0.11153898305084281,0.2282298600733528,0.13999999999998636,0.28870000000000573,0.4112999999999829,0.0,14309.0,14309.0,2022-01-19,2022-01-19 15:45:00,1.8980628427042738,99.0,1.0,best_within_2.0d,14407.0,375.33,0.5832424107187206,4.3760036431226785,32.22527881040892,0.012230020343504162,2.285057100371749,15.890706319702602,0.006381710269403211,0.4929364202292669,5.6011759621451125,36.843533123028394,0.015614239272951093,2.82998018927445,22.52492113564669,0.007835530045022196,1.8630914826498424,0.00402220134195386,1.9444468750000041,16.553125,0.005470102952261012,0.0,0
14309.0,2022-01-19 15:50:00,368.33,368.34,367.05,367.15,1922038.0,1,1,1.0,buy,False,0.41393929539980967,3.8100000000000023,9.0,0.010273418540689215,-0.372546429475753,-0.6064938657130383,-0.7927670804509148,-0.0021444068345477215,29.98390382098151,10.80376157350059,17.663157488568196,-2.9150302566346227,1922038.0,3.8100000000000023,1.0,3.8100000000000023,9.0,0.010273418540689215,3.8100000000000023,9.0,0.010273418540689215,1.0,1.0,-0.372546429475753,-0.7927670804509148,-0.6064938657130383,29.98390382098151,10.80376157350059,17.663157488568196,-2.9150302566346227,12.534128379418988,26.492534290413257,29.71648973069757,-0.32036489018000347,0.3514507560277792,0.009999999999990905,0.0999999999999659,1.1800000000000068,0.0,14310.0,14310.0,2022-01-19,2022-01-19 15:50:00,2.227972218439332,98.0,1.0,best_within_2.0d,14407.0,375.33,0.5832424107187206,4.3760036431226785,32.22527881040892,0.012230020343504162,2.285057100371749,15.890706319702602,0.006381710269403211,0.4929364202292669,5.6011759621451125,36.843533123028394,0.015614239272951093,2.82998018927445,22.52492113564669,0.007835530045022196,1.8630914826498424,0.00402220134195386,1.9444468750000041,16.553125,0.005470102952261012,0.0,0
14310.0,2022-01-19 15:55:00,367.15,367.29,366.21,366.53,3328224.0,1,1,1.0,buy,False,0.5625545581021749,4.650000000000034,10.0,0.012538424203203457,-0.506300547774406,-0.669781434184839,-0.9229317080720421,-0.0024980795323425757,27.353847678615097,9.501358290379635,14.942557755838674,-1.381040640538444,3328224.0,4.650000000000034,1.0,4.650000000000034,10.0,0.012538424203203457,4.650000000000034,10.0,0.012538424203203457,1.0,1.0,-0.506300547774406,-0.9229317080720421,-0.669781434184839,27.353847678615097,9.501358290379635,14.942557755838674,-1.381040640538444,12.463445875728537,33.110181985160985,30.829892685069233,-0.16886830995506047,0.29491275497666397,0.1400000000000432,0.3199999999999932,0.6200000000000045,0.0,14311.0,14311.0,2022-01-19,2022-01-19 15:55:00,2.400894879000358,97.0,1.0,best_within_2.0d,14407.0,375.33,0.5832424107187206,4.3760036431226785,32.22527881040892,0.012230020343504162,2.285057100371749,15.890706319702602,0.006381710269403211,0.4929364202292669,5.6011759621451125,36.843533123028394,0.015614239272951093,2.82998018927445,22.52492113564669,0.007835530045022196,1.8630914826498424,0.00402220134195386,1.9444468750000041,16.553125,0.005470102952261012,1.0,0
14316.0,2022-01-19 16:25:00,366.3,366.48,366.0,366.48,555439.0,1,1,1.0,buy,False,0.6112260708320567,4.860000000000014,16.0,0.01310467561883194,-0.26076425198708586,-0.9966457287509971,-1.12702785474454,-0.0030596383292013293,28.525484829538385,10.870859473002682,9.958814543493116,12.694949332021814,555439.0,4.860000000000014,1.0,4.860000000000014,16.0,0.01310467561883194,4.860000000000014,16.0,0.01310467561883194,1.0,1.0,-0.26076425198708586,-1.12702785474454,-0.9966457287509971,28.525484829538385,10.870859473002682,9.958814543493116,12.694949332021814,2.7484143763212794,42.4947145877386,44.07331497761418,0.049140049140051004,0.13114754098361153,0.0,0.30000000000001137,0.18000000000000682,1.0,14317.0,14317.0,2022-01-19,2022-01-19 16:25:00,2.414865749836271,91.0,1.0,best_within_2.0d,14407.0,375.33,0.5832424107187206,4.3760036431226785,32.22527881040892,0.012230020343504162,2.285057100371749,15.890706319702602,0.006381710269403211,0.4929364202292669,5.6011759621451125,36.843533123028394,0.015614239272951093,2.82998018927445,22.52492113564669,0.007835530045022196,1.8630914826498424,0.00402220134195386,1.9444468750000041,16.553125,0.005470102952261012,0.0,0
14318.0,2022-01-19 16:35:00,366.0,366.48,365.88,366.0,131205.0,1,1,1.0,buy,False,0.6112260708320567,4.980000000000018,18.0,0.013428247856333975,-0.1758330055106052,-1.0461330215826652,-1.1340495243379678,-0.003081457507644225,25.74381648206017,8.523073386437101,9.16256224385806,7.244095671595183,131205.0,4.980000000000018,1.0,4.980000000000018,18.0,0.013428247856333975,4.980000000000018,18.0,0.013428247856333975,1.0,1.0,-0.1758330055106052,-1.1340495243379678,-1.0461330215826652,25.74381648206017,8.523073386437101,9.16256224385806,7.244095671595183,6.511627906976797,34.651162790698024,48.692499439138665,0.0,0.163988192850121,0.4800000000000182,0.12000000000000455,0.0,0.0,14319.0,14319.0,2022-01-19,2022-01-19 16:35:00,2.5491803278688483,89.0,1.0,best_within_2.0d,14407.0,375.33,0.5832424107187206,4.3760036431226785,32.22527881040892,0.012230020343504162,2.285057100371749,15.890706319702602,0.006381710269403211,0.4929364202292669,5.6011759621451125,36.843533123028394,0.015614239272951093,2.82998018927445,22.52492113564669,0.007835530045022196,1.8630914826498424,0.00402220134195386,1.9444468750000041,16.553125,0.005470102952261012,1.0,0
14334.0,2022-01-19 17:55:00,366.56,366.65,366.55,366.65,11579.0,3a,3a,0.0,sell,False,0.004645870863752812,4.163492493946733,28.239017640954685,0.011578080659927173,0.34841405953633897,-0.5741856906043241,-0.39997866083615463,-0.0010901495933699683,42.298634569532375,83.08102674728525,70.37099527477706,108.50108969230163,11579.0,0.7699999999999818,2.0,0.7699999999999818,17.0,0.0021045151415764233,0.7699999999999818,17.0,0.0021045151415764233,3.0,3.0,0.34841405953633897,-0.39997866083615463,-0.5741856906043241,42.298634569532375,83.08102674728525,70.37099527477706,108.50108969230163,27.5342773657013,14.610024724657048,37.08336840373823,0.024552597119155112,0.02728140772062908,0.0,0.009999999999990905,0.08999999999997499,1.0,14335.0,14335.0,2022-01-19,2022-01-19 17:55:00,4.287467612164182,381.0,1.0,best_within_2.0d,14715.0,350.93,0.5832424107187206,4.3760036431226785,32.22527881040892,0.012230020343504162,2.285057100371749,15.890706319702602,0.006381710269403211,0.4929364202292669,5.6011759621451125,36.843533123028394,0.015614239272951093,2.82998018927445,22.52492113564669,0.007835530045022196,1.8630914826498424,0.004645870863752812,0.7699999999999818,17.0,0.0021045151415764233,0.0,1
14335.0,2022-01-19 18:00:00,366.6,366.85,366.591,366.83,103078.0,3a,3a,0.0,sell,False,0.004645870863752812,4.163492493946733,28.239017640954685,0.011578080659927173,0.367928158516202,-0.5281946707897989,-0.3442305915316979,-0.0009382208912621222,47.28317294276896,87.38735116485425,76.0431139048028,110.07582568495718,103078.0,0.9700000000000273,2.0,0.9700000000000273,18.0,0.0026511424510769306,0.9700000000000273,18.0,0.0026511424510769306,3.0,3.0,0.367928158516202,-0.3442305915316979,-0.5281946707897989,47.28317294276896,87.38735116485425,76.0431139048028,110.07582568495718,31.466006396370013,13.411740431238906,37.30811959329076,0.0627386797599458,0.07065094342196468,0.020000000000038654,0.009000000000014552,0.22999999999996135,1.0,14336.0,14336.0,2022-01-19,2022-01-19 18:00:00,4.334432843551503,380.0,1.0,best_within_2.0d,14715.0,350.93,0.5832424107187206,4.3760036431226785,32.22527881040892,0.012230020343504162,2.285057100371749,15.890706319702602,0.006381710269403211,0.4929364202292669,5.6011759621451125,36.843533123028394,0.015614239272951093,2.82998018927445,22.52492113564669,0.007835530045022196,1.8630914826498424,0.004645870863752812,0.9700000000000273,18.0,0.0026511424510769306,0.0,1
14336.0,2022-01-19 18:05:00,366.82,366.94,366.78,366.83,14112.0,3a,3a,0.0,sell,False,0.004645870863752812,4.163492493946733,28.239017640954685,0.011578080659927173,0.37050271564414317,-0.481881831334281,-0.2966304735122094,-0.0008084949111842787,47.28317294276896,85.3768781776984,79.15436866243466,97.82189720822586,14112.0,1.0600000000000023,2.0,1.0600000000000023,19.0,0.002897124740352034,1.0600000000000023,19.0,0.002897124740352034,3.0,3.0,0.37050271564414317,-0.2966304735122094,-0.481881831334281,47.28317294276896,85.3768781776984,79.15436866243466,97.82189720822586,37.65465303926821,9.704142011835502,38.85887018637046,0.002726132708137753,0.04362288020067207,0.11000000000001364,0.040000000000020464,0.009999999999990905,1.0,14337.0,14337.0,2022-01-19,2022-01-19 18:05:00,4.334432843551503,379.0,1.0,best_within_2.0d,14715.0,350.93,0.5832424107187206,4.3760036431226785,32.22527881040892,0.012230020343504162,2.285057100371749,15.890706319702602,0.006381710269403211,0.4929364202292669,5.6011759621451125,36.843533123028394,0.015614239272951093,2.82998018927445,22.52492113564669,0.007835530045022196,1.8630914826498424,0.004645870863752812,1.0600000000000023,19.0,0.002897124740352034,1.0,1
14340.0,2022-01-19 18:25:00,366.16,366.26,366.05,366.16,6513.0,2,2,1.0,buy,False,0.8396226415094193,4.163492493946733,28.239017640954685,0.011578080659927173,0.14422692997796693,-0.36592669321656085,-0.2938132282275774,-0.0008011653959672173,34.447172154156206,25.769639772602112,45.275453090123136,-13.241986862439944,6513.0,0.8899999999999864,1.0,1.0600000000000023,19.0,0.002897124740352034,0.8899999999999864,5.0,0.002425464653621808,2.0,2.0,0.14422692997796693,-0.2938132282275774,-0.36592669321656085,34.447172154156206,25.769639772602112,45.275453090123136,-13.241986862439944,30.31615417929906,31.615417929839285,32.320506812129985,0.0,0.05736921185629819,0.0999999999999659,0.11000000000001364,0.0,0.0,14341.0,14341.0,2022-01-19,2022-01-19 18:25:00,2.5043696744592414,67.0,1.0,best_within_2.0d,14407.0,375.33,0.8396226415094193,1.0600000000000023,19.0,0.002897124740352034,0.8899999999999864,5.0,0.002425464653621808,0.4929364202292669,5.6011759621451125,36.843533123028394,0.015614239272951093,2.82998018927445,22.52492113564669,0.007835530045022196,1.8630914826498424,0.00402220134195386,1.9444468750000041,16.553125,0.005470102952261012,1.0,0
14345.0,2022-01-19 18:50:00,366.27,366.27,365.54,365.82,52459.0,1p,1p,1.0,buy,False,1.8178343332241292e-07,1.3999999999999773,10.0,0.0038153376573826165,0.05542317634555294,-0.2967310147028412,-0.2690194265300647,-0.0007338991127247958,32.127462339284094,27.136150833325374,30.26579031710014,20.87687186577584,52459.0,1.3999999999999773,0.0,1.3999999999999773,10.0,0.0038153376573826165,1.3999999999999773,0.0,0.0,1.0,1.0,0.05542317634555294,-0.2690194265300647,-0.2967310147028412,32.127462339284094,27.136150833325374,30.26579031710014,20.87687186577584,19.59038290293811,45.11724547343317,26.609758046439858,-0.12286018510934246,0.1997045466980252,0.0,0.2799999999999727,0.44999999999998863,0.0,14346.0,14346.0,2022-01-19,2022-01-19 18:50:00,2.5996391668033434,62.0,1.0,best_within_2.0d,14407.0,375.33,0.5832424107187206,4.3760036431226785,32.22527881040892,0.012230020343504162,2.285057100371749,15.890706319702602,0.006381710269403211,0.4929364202292669,5.6011759621451125,36.843533123028394,0.015614239272951093,2.82998018927445,22.52492113564669,0.007835530045022196,1.8630914826498424,0.00402220134195386,1.9444468750000041,16.553125,0.005470102952261012,1.0,0
14357.0,2022-01-19 19:50:00,366.58,366.69,366.33,366.69,34907.0,2,2,1.0,buy,False,0.5561797752809126,4.163492493946733,28.239017640954685,0.011578080659927173,0.0882234259386398,-0.003439626941551174,0.04067208602776873,0.00011090869767032418,49.25516176079762,53.283671346115504,68.43998750179674,22.971039034753034,34907.0,0.9900000000000091,1.0,1.7799999999999727,9.0,0.004869508124965729,0.9900000000000091,5.0,0.0026951976478275324,2.0,2.0,0.0882234259386398,0.04067208602776873,-0.003439626941551174,49.25516176079762,53.283671346115504,68.43998750179674,22.971039034753034,31.31749460043252,30.669546436284996,19.974150436531776,0.030007092585523937,0.09827204979117561,0.0,0.25,0.11000000000001364,1.0,14358.0,14358.0,2022-01-19,2022-01-19 19:50:00,2.3562136954921016,50.0,1.0,best_within_2.0d,14407.0,375.33,0.5561797752809126,1.7799999999999727,9.0,0.004869508124965729,0.9900000000000091,5.0,0.0026951976478275324,0.4929364202292669,5.6011759621451125,36.843533123028394,0.015614239272951093,2.82998018927445,22.52492113564669,0.007835530045022196,1.8630914826498424,0.00402220134195386,1.9444468750000041,16.553125,0.005470102952261012,1.0,0
14365.0,2022-01-20 04:30:00,368.27,369.0,368.22,368.9,9579.0,1p,1p,0.0,sell,False,1.0983632097698004,2.670000000000016,9.0,0.007288510359511959,0.3585011125209652,0.24920923339621667,0.4284597896566993,0.00116649394915204,69.33272207646678,81.14553759625494,72.4322775207799,98.57205774720501,9579.0,2.670000000000016,0.0,2.670000000000016,9.0,0.007288510359511959,2.670000000000016,0.0,0.0,1.0,1.0,0.3585011125209652,0.4284597896566993,0.24920923339621667,69.33272207646678,81.14553759625494,72.4322775207799,98.57205774720501,43.35664335664461,17.902097902098372,27.487583255341725,0.17107013875688912,0.21182988430828656,0.10000000000002274,0.049999999999954525,0.6299999999999955,1.0,14366.0,14366.0,2022-01-20,2022-01-20 04:30:00,5.012198427758188,369.0,1.0,best_within_2.0d,14734.0,350.41,0.5832424107187206,4.3760036431226785,32.22527881040892,0.012230020343504162,2.285057100371749,15.890706319702602,0.006381710269403211,0.4929364202292669,5.6011759621451125,36.843533123028394,0.015614239272951093,2.82998018927445,22.52492113564669,0.007835530045022196,1.8630914826498424,0.00402220134195386,1.9444468750000041,16.553125,0.005470102952261012,0.0,1
14366.0,2022-01-20 04:35:00,368.94,369.05,368.73,369.05,14560.0,1p,1p,0.0,sell,False,1.2376927113452683,2.7200000000000273,10.0,0.007424999317555285,0.40397767335029733,0.2997064425650039,0.5016952792401526,0.001365399321866568,70.40059459488393,87.43035839750328,77.43163781302103,107.42779956646783,14560.0,2.7200000000000273,0.0,2.7200000000000273,10.0,0.007424999317555285,2.7200000000000273,0.0,0.0,1.0,1.0,0.40397767335029733,0.5016952792401526,0.2997064425650039,70.40059459488393,87.43035839750328,77.43163781302103,107.42779956646783,42.48633879781554,17.486338797814764,28.50173082301256,0.029815146094219556,0.08678436796571831,0.0,0.20999999999997954,0.11000000000001364,1.0,14367.0,14367.0,2022-01-20,2022-01-20 04:35:00,5.050806123831456,368.0,1.0,best_within_2.0d,14734.0,350.41,0.5832424107187206,4.3760036431226785,32.22527881040892,0.012230020343504162,2.285057100371749,15.890706319702602,0.006381710269403211,0.4929364202292669,5.6011759621451125,36.843533123028394,0.015614239272951093,2.82998018927445,22.52492113564669,0.007835530045022196,1.8630914826498424,0.00402220134195386,1.9444468750000041,16.553125,0.005470102952261012,0.0,1
14367.0,2022-01-20 04:40:00,369.08,369.11,368.84,368.84,10870.0,1p,1p,0.0,sell,False,1.2376927113452683,2.7800000000000296,11.0,0.007588786067207244,0.3790361718130383,0.34708596404163367,0.5366040499481528,0.001459992436722726,66.88894444396526,86.35708103693136,80.40678555432447,98.25767200214511,10870.0,2.7800000000000296,0.0,2.7800000000000296,11.0,0.007588786067207244,2.7800000000000296,0.0,0.0,1.0,1.0,0.3790361718130383,0.5366040499481528,0.34708596404163367,66.88894444396526,86.35708103693136,80.40678555432447,98.25767200214511,41.48351648351795,17.582417582418056,29.3562583555881,-0.06502655250894361,0.07320247261686331,0.03000000000002956,0.0,0.2400000000000091,0.0,14368.0,14368.0,2022-01-20,2022-01-20 04:40:00,4.996746556772571,367.0,1.0,best_within_2.0d,14734.0,350.41,0.5832424107187206,4.3760036431226785,32.22527881040892,0.012230020343504162,2.285057100371749,15.890706319702602,0.006381710269403211,0.4929364202292669,5.6011759621451125,36.843533123028394,0.015614239272951093,2.82998018927445,22.52492113564669,0.007835530045022196,1.8630914826498424,0.00402220134195386,1.9444468750000041,16.553125,0.005470102952261012,1.0,1
14375.0,2022-01-20 05:20:00,368.93,369.19,368.89,369.16,2366.0,1p,1p,0.0,sell,False,1.2376927113452683,2.8600000000000136,19.0,0.007807168400076472,0.010235652018274033,0.48541445585552256,0.4905322818646596,0.0013325745141594008,67.42875844281257,66.08350336534821,65.8446044671003,66.56130116184403,2366.0,2.8600000000000136,0.0,2.8600000000000136,19.0,0.007807168400076472,2.8600000000000136,0.0,0.0,1.0,1.0,0.010235652018274033,0.4905322818646596,0.48541445585552256,67.42875844281257,66.08350336534821,65.8446044671003,66.56130116184403,36.254980079682404,12.549800796812704,32.72517685876847,0.06234244978722744,0.08132505624983366,0.029999999999972715,0.040000000000020464,0.2300000000000182,1.0,14376.0,14376.0,2022-01-20,2022-01-20 05:20:00,5.079098493877993,359.0,1.0,best_within_2.0d,14734.0,350.41,0.5832424107187206,4.3760036431226785,32.22527881040892,0.012230020343504162,2.285057100371749,15.890706319702602,0.006381710269403211,0.4929364202292669,5.6011759621451125,36.843533123028394,0.015614239272951093,2.82998018927445,22.52492113564669,0.007835530045022196,1.8630914826498424,0.00402220134195386,1.9444468750000041,16.553125,0.005470102952261012,0.0,1
14376.0,2022-01-20 05:25:00,369.19,369.2,368.96,369.02,5086.0,1p,1p,0.0,sell,False,1.2376927113452683,2.8700000000000045,20.0,0.007834466191685105,0.0037552487784241473,0.48588386195282557,0.48776148634203764,0.0013248044615872014,64.50731101167283,69.49426540145981,67.0611581118868,74.36047998060585,5086.0,2.8700000000000045,0.0,2.8700000000000045,20.0,0.007834466191685105,2.8700000000000045,0.0,0.0,1.0,1.0,0.0037552487784241473,0.48776148634203764,0.48588386195282557,64.50731101167283,69.49426540145981,67.0611581118868,74.36047998060585,38.75802997858711,13.490364025695953,33.841996778692526,-0.046046750995426725,0.06504770164787758,0.009999999999990905,0.060000000000002274,0.17000000000001592,0.0,14377.0,14377.0,2022-01-20,2022-01-20 05:25:00,5.043087095550365,358.0,1.0,best_within_2.0d,14734.0,350.41,0.5832424107187206,4.3760036431226785,32.22527881040892,0.012230020343504162,2.285057100371749,15.890706319702602,0.006381710269403211,0.4929364202292669,5.6011759621451125,36.843533123028394,0.015614239272951093,2.82998018927445,22.52492113564669,0.007835530045022196,1.8630914826498424,0.00402220134195386,1.9444468750000041,16.553125,0.005470102952261012,1.0,1
14383.0,2022-01-20 06:00:00,369.28,369.61,369.26,369.57,13994.0,1p,1p,0.0,sell,False,1.2376927113452683,3.2800000000000296,27.0,0.008953675647640187,-0.03260599173066192,0.4244338548973728,0.4081308590320418,0.0011074530604582317,68.8917762188495,71.37312701429605,64.69648249334283,84.72641605620248,13994.0,3.2800000000000296,0.0,3.2800000000000296,27.0,0.008953675647640187,3.2800000000000296,0.0,0.0,1.0,1.0,-0.03260599173066192,0.4081308590320418,0.4244338548973728,68.8917762188495,71.37312701429605,64.69648249334283,84.72641605620248,38.09523809523855,17.647058823529317,27.671733451875678,0.07853119584056015,0.09478416292044163,0.040000000000020464,0.01999999999998181,0.29000000000002046,1.0,14384.0,14384.0,2022-01-20,2022-01-20 06:00:00,5.18440349595475,351.0,1.0,best_within_2.0d,14734.0,350.41,0.5832424107187206,4.3760036431226785,32.22527881040892,0.012230020343504162,2.285057100371749,15.890706319702602,0.006381710269403211,0.4929364202292669,5.6011759621451125,36.843533123028394,0.015614239272951093,2.82998018927445,22.52492113564669,0.007835530045022196,1.8630914826498424,0.00402220134195386,1.9444468750000041,16.553125,0.005470102952261012,0.0,1
14384.0,2022-01-20 06:05:00,369.57,369.61,369.43,369.43,4150.0,1p,1p,0.0,sell,False,1.2376927113452683,3.2800000000000296,28.0,0.008953675647640187,-0.011812282375398886,0.42295731960044786,0.4170511784127484,0.0011314536927190767,65.63293288138215,74.32201141612404,67.90499213426989,87.15604997983235,4150.0,3.2800000000000296,0.0,3.2800000000000296,28.0,0.008953675647640187,3.2800000000000296,0.0,0.0,1.0,1.0,-0.011812282375398886,0.4170511784127484,0.42295731960044786,65.63293288138215,74.32201141612404,67.90499213426989,87.15604997983235,37.36263736263788,17.30769230769225,28.31542513998655,-0.03788186270530247,0.048723709498418324,0.040000000000020464,0.0,0.13999999999998636,0.0,14385.0,14385.0,2022-01-20,2022-01-20 06:05:00,5.148471970332669,350.0,1.0,best_within_2.0d,14734.0,350.41,0.5832424107187206,4.3760036431226785,32.22527881040892,0.012230020343504162,2.285057100371749,15.890706319702602,0.006381710269403211,0.4929364202292669,5.6011759621451125,36.843533123028394,0.015614239272951093,2.82998018927445,22.52492113564669,0.007835530045022196,1.8630914826498424,0.00402220134195386,1.9444468750000041,16.553125,0.005470102952261012,0.0,1
14386.0,2022-01-20 06:15:00,369.47,369.84,369.46,369.72,17758.0,1p,1p,0.0,sell,False,1.2376927113452683,3.509999999999991,30.0,0.009581524854639235,0.021633235425899455,0.4236511193615492,0.4344677370744989,0.0011782738512850614,68.24967394731179,78.72958235035944,72.72486426985614,90.73901851136603,17758.0,3.509999999999991,0.0,3.509999999999991,30.0,0.009581524854639235,3.509999999999991,0.0,0.0,1.0,1.0,0.021633235425899455,0.4344677370744989,0.4236511193615492,68.24967394731179,78.72958235035944,72.72486426985614,90.73901851136603,43.850267379679345,9.358288770052683,31.478208975563966,0.06766449238097814,0.10285281221241689,0.1199999999999477,0.010000000000047748,0.25,1.0,14387.0,14387.0,2022-01-20,2022-01-20 06:15:00,5.222871362111869,348.0,1.0,best_within_2.0d,14734.0,350.41,0.5832424107187206,4.3760036431226785,32.22527881040892,0.012230020343504162,2.285057100371749,15.890706319702602,0.006381710269403211,0.4929364202292669,5.6011759621451125,36.843533123028394,0.015614239272951093,2.82998018927445,22.52492113564669,0.007835530045022196,1.8630914826498424,0.00402220134195386,1.9444468750000041,16.553125,0.005470102952261012,0.0,1
14388.0,2022-01-20 06:25:00,369.82,370.0,369.79,369.86,13175.0,1p,1p,0.0,sell,False,1.2376927113452683,3.670000000000016,32.0,0.010018289520377845,0.05748186131472077,0.4361858473772632,0.46492677803462357,0.001260349834790303,69.84226967326221,85.06662431848677,79.2404010855561,96.7190707843481,13175.0,3.670000000000016,0.0,3.670000000000016,32.0,0.010018289520377845,3.670000000000016,0.0,0.0,1.0,1.0,0.05748186131472077,0.46492677803462357,0.4361858473772632,69.84226967326221,85.06662431848677,79.2404010855561,96.7190707843481,49.595687331535984,9.433962264150077,36.30123622568717,0.01081607268401397,0.056788988344730666,0.13999999999998636,0.029999999999972715,0.040000000000020464,1.0,14389.0,14389.0,2022-01-20,2022-01-20 06:25:00,5.2587465527496855,346.0,1.0,best_within_2.0d,14734.0,350.41,0.5832424107187206,4.3760036431226785,32.22527881040892,0.012230020343504162,2.285057100371749,15.890706319702602,0.006381710269403211,0.4929364202292669,5.6011759621451125,36.843533123028394,0.015614239272951093,2.82998018927445,22.52492113564669,0.007835530045022196,1.8630914826498424,0.00402220134195386,1.9444468750000041,16.553125,0.005470102952261012,1.0,1
14407.0,2022-01-20 08:00:00,373.87,376.79,372.3896,374.48,131554.0,1p,1p,0.0,sell,False,0.7662390751007966,4.0400000000000205,23.0,0.010838363514419908,0.26868043752569537,0.008702200527206888,0.14304241929005457,0.00038235528535391283,57.908277205022465,68.24053287797848,75.28143372245901,54.15873118901743,131554.0,4.0400000000000205,0.0,4.0400000000000205,23.0,0.010838363514419908,4.0400000000000205,0.0,0.0,1.0,1.0,0.26868043752569537,0.14304241929005457,0.008702200527206888,57.908277205022465,68.24053287797848,75.28143372245901,54.15873118901743,18.570612280779507,27.03617423409958,34.13080740140817,0.16315831706208403,1.1816656533909775,2.3100000000000023,1.4804000000000315,0.6100000000000136,1.0,14408.0,14408.0,2022-01-20,2022-01-20 08:00:00,6.639490581621496,327.0,1.0,best_within_2.0d,14734.0,350.41,0.5832424107187206,4.3760036431226785,32.22527881040892,0.012230020343504162,2.285057100371749,15.890706319702602,0.006381710269403211,0.4929364202292669,5.6011759621451125,36.843533123028394,0.015614239272951093,2.82998018927445,22.52492113564669,0.007835530045022196,1.8630914826498424,0.00402220134195386,1.9444468750000041,16.553125,0.005470102952261012,0.0,1
14407.0,2022-01-20 08:00:00,375.58,376.22,375.29,375.33,1278219.0,2,2,0.0,sell,False,0.8727678571428592,4.163492493946733,28.239017640954685,0.011578080659927173,0.29908971481694613,-0.05885730301699371,0.09068755439147935,0.00024237650207875386,59.80984662893871,69.62849440797419,57.72007300424595,93.44533721543067,1278219.0,3.910000000000025,1.0,4.480000000000018,20.0,0.011889912152658028,3.910000000000025,8.0,0.010502001020654898,2.0,2.0,0.29908971481694613,0.09068755439147935,-0.05885730301699371,59.80984662893871,69.62849440797419,57.72007300424595,93.44533721543067,28.92092393733186,19.344459057420348,24.20537835123253,-0.06656371478779488,0.24780836153374905,0.6400000000000432,0.03999999999996362,0.25,0.0,14408.0,14408.0,2022-01-20,2022-01-20 08:00:00,6.639490581621496,327.0,1.0,best_within_2.0d,14734.0,350.41,0.8727678571428592,4.480000000000018,20.0,0.011889912152658028,3.910000000000025,8.0,0.010502001020654898,0.4929364202292669,5.6011759621451125,36.843533123028394,0.015614239272951093,2.82998018927445,22.52492113564669,0.007835530045022196,1.8630914826498424,0.00402220134195386,1.9444468750000041,16.553125,0.005470102952261012,0.0,1
14413.0,2022-01-20 08:30:00,369.42,370.29,369.31,370.19,138012.0,1p,1p,0.0,sell,False,0.30247425383854876,1.8000000000000114,11.0,0.004884800130261368,0.12219287556148956,0.06464614562719653,0.1257425834079413,0.0003405122814567788,68.12571424387822,84.99309414410573,74.22058424028548,106.53811395174623,138012.0,1.8000000000000114,0.0,1.8000000000000114,11.0,0.004884800130261368,1.8000000000000114,0.0,0.0,1.0,1.0,0.12219287556148956,0.1257425834079413,0.06464614562719653,68.12571424387822,84.99309414410573,74.22058424028548,106.53811395174623,20.34673729833911,35.94991572357234,44.24645225900324,0.20843484380920949,0.26535972489237175,0.10000000000002274,0.11000000000001364,0.7699999999999818,1.0,14414.0,14414.0,2022-01-20,2022-01-20 08:30:00,5.3432021394419005,321.0,1.0,best_within_2.0d,14734.0,350.41,0.5832424107187206,4.3760036431226785,32.22527881040892,0.012230020343504162,2.285057100371749,15.890706319702602,0.006381710269403211,0.4929364202292669,5.6011759621451125,36.843533123028394,0.015614239272951093,2.82998018927445,22.52492113564669,0.007835530045022196,1.8630914826498424,0.00402220134195386,1.9444468750000041,16.553125,0.005470102952261012,0.0,1
14417.0,2022-01-20 08:50:00,370.14,370.59,370.14,370.56,55072.0,1p,1p,0.0,sell,False,0.605446376189116,2.099999999999966,15.0,0.0056989334853048005,0.24458687893588554,0.15849588019110708,0.28078931965904985,0.000759880577951601,69.38323719781515,92.96074231731554,87.30782463584188,104.26657768026286,55072.0,2.099999999999966,0.0,2.099999999999966,15.0,0.0056989334853048005,2.099999999999966,0.0,0.0,1.0,1.0,0.24458687893588554,0.28078931965904985,0.15849588019110708,69.38323719781515,92.96074231731554,87.30782463584188,104.26657768026286,25.18399264029494,25.827966881323793,36.83249251707246,0.11347057869995568,0.12157562003565912,0.029999999999972715,0.0,0.4200000000000159,1.0,14418.0,14418.0,2022-01-20,2022-01-20 08:50:00,5.437715889464588,317.0,1.0,best_within_2.0d,14734.0,350.41,0.5832424107187206,4.3760036431226785,32.22527881040892,0.012230020343504162,2.285057100371749,15.890706319702602,0.006381710269403211,0.4929364202292669,5.6011759621451125,36.843533123028394,0.015614239272951093,2.82998018927445,22.52492113564669,0.007835530045022196,1.8630914826498424,0.00402220134195386,1.9444468750000041,16.553125,0.005470102952261012,1.0,1
14426.0,2022-01-20 09:35:00,370.48,370.75,369.88,370.47,1010728.0,1p,1p,0.0,sell,False,0.605446376189116,2.259999999999991,24.0,0.006133137941328098,0.03022860288332402,0.24409669720955077,0.2592109986512128,0.0007008663741406451,61.82421132524916,54.474952240145825,55.613043206141455,52.198770308154565,1010728.0,2.259999999999991,0.0,2.259999999999991,24.0,0.006133137941328098,2.259999999999991,0.0,0.0,1.0,1.0,0.03022860288332402,0.2592109986512128,0.24409669720955077,61.82421132524916,54.474952240145825,55.613043206141455,52.198770308154565,32.28021978022099,8.241758241757804,41.883940707989176,-0.002699201036490743,0.2352114199199753,0.2699999999999818,0.5900000000000318,0.009999999999990905,0.0,14427.0,14427.0,2022-01-20,2022-01-20 09:35:00,5.414743434016249,308.0,1.0,best_within_2.0d,14734.0,350.41,0.5832424107187206,4.3760036431226785,32.22527881040892,0.012230020343504162,2.285057100371749,15.890706319702602,0.006381710269403211,0.4929364202292669,5.6011759621451125,36.843533123028394,0.015614239272951093,2.82998018927445,22.52492113564669,0.007835530045022196,1.8630914826498424,0.00402220134195386,1.9444468750000041,16.553125,0.005470102952261012,0.0,1
14427.0,2022-01-20 09:40:00,370.46,371.88,370.21,371.8799,1348496.0,1p,1p,0.0,sell,False,0.6054463761891153,3.3899999999999864,25.0,0.009199706911992147,0.22027076845762195,0.2716305432667535,0.3817659274955645,0.0010318151121354259,74.8594468684597,69.64854972038125,60.29154537755471,88.36255840603434,1348496.0,3.3899999999999864,0.0,3.3899999999999864,25.0,0.009199706911992147,3.3899999999999864,0.0,0.0,1.0,1.0,0.22027076845762195,0.3817659274955645,0.2716305432667535,74.8594468684597,69.64854972038125,60.29154537755471,88.36255840603434,33.62609786700218,7.528230865746149,43.42184738215737,0.38328024618043544,0.4510953242754156,9.999999997489795e-05,0.25,1.419900000000041,1.0,14428.0,14428.0,2022-01-20,2022-01-20 09:40:00,5.773342415118428,307.0,1.0,best_within_2.0d,14734.0,350.41,0.5832424107187206,4.3760036431226785,32.22527881040892,0.012230020343504162,2.285057100371749,15.890706319702602,0.006381710269403211,0.4929364202292669,5.6011759621451125,36.843533123028394,0.015614239272951093,2.82998018927445,22.52492113564669,0.007835530045022196,1.8630914826498424,0.00402220134195386,1.9444468750000041,16.553125,0.005470102952261012,0.0,1
14428.0,2022-01-20 09:45:00,371.89,372.08,371.44,371.8,1108961.0,1p,1p,0.0,sell,False,0.7740220100490817,3.589999999999975,26.0,0.009742462482021154,0.3126876881437495,0.3107165042847222,0.46706034835659693,0.001261887866158335,73.33130583991684,76.10556909463362,65.56288661658101,97.19093405073886,1108961.0,3.589999999999975,0.0,3.589999999999975,26.0,0.009742462482021154,3.589999999999975,0.0,0.0,1.0,1.0,0.3126876881437495,0.46706034835659693,0.3107165042847222,73.33130583991684,76.10556909463362,65.56288661658101,97.19093405073886,35.68773234200837,7.4349442379178505,45.000089810525594,-0.024200704509391217,0.17230239069566722,0.18999999999999773,0.36000000000001364,0.08999999999997499,0.0,14429.0,14429.0,2022-01-20,2022-01-20 09:45:00,5.753093060785364,306.0,1.0,best_within_2.0d,14734.0,350.41,0.5832424107187206,4.3760036431226785,32.22527881040892,0.012230020343504162,2.285057100371749,15.890706319702602,0.006381710269403211,0.4929364202292669,5.6011759621451125,36.843533123028394,0.015614239272951093,2.82998018927445,22.52492113564669,0.007835530045022196,1.8630914826498424,0.00402220134195386,1.9444468750000041,16.553125,0.005470102952261012,0.0,1
14429.0,2022-01-20 09:50:00,371.78,372.24,371.04,371.8717,1152800.0,1p,1p,0.0,sell,False,0.8854625381792282,3.75,27.0,0.010176666938044452,0.3577071845587476,0.3554299023545656,0.5342834946339394,0.0014430056005546458,73.84723665279024,79.54024409506906,70.22200577607703,98.17672073305312,1152800.0,3.75,0.0,3.75,27.0,0.010176666938044452,3.75,0.0,0.0,1.0,1.0,0.3577071845587476,0.5342834946339394,0.3554299023545656,73.84723665279024,79.54024409506906,70.22200577607703,98.17672073305312,32.54237288135665,11.29943502824799,45.246769698875596,0.02466512453601673,0.3234152652005144,0.3683000000000334,0.7399999999999523,0.091700000000003,1.0,14430.0,14430.0,2022-01-20,2022-01-20 09:50:00,5.771264659289737,305.0,1.0,best_within_2.0d,14734.0,350.41,0.5832424107187206,4.3760036431226785,32.22527881040892,0.012230020343504162,2.285057100371749,15.890706319702602,0.006381710269403211,0.4929364202292669,5.6011759621451125,36.843533123028394,0.015614239272951093,2.82998018927445,22.52492113564669,0.007835530045022196,1.8630914826498424,0.00402220134195386,1.9444468750000041,16.553125,0.005470102952261012,0.0,1
14430.0,2022-01-20 09:55:00,371.9,372.55,371.59,372.31,879772.0,1p,1p,0.0,sell,False,1.0313308045153793,4.060000000000002,28.0,0.011017938071589465,0.4166347219956942,0.4075092426040274,0.6158266036018745,0.0016625564507952197,76.80172575091808,83.7111561075294,74.71838921989448,101.69668988279926,879772.0,4.060000000000002,0.0,4.060000000000002,28.0,0.011017938071589465,4.060000000000002,0.0,0.0,1.0,1.0,0.4166347219956942,0.6158266036018745,0.4075092426040274,76.80172575091808,83.7111561075294,74.71838921989448,101.69668988279926,32.271762208068104,10.615711252653307,45.621646827881115,0.11024468943264991,0.25834925590033003,0.2400000000000091,0.3100000000000023,0.410000000000025,1.0,14431.0,14431.0,2022-01-20,2022-01-20 09:55:00,5.882194945072648,304.0,1.0,best_within_2.0d,14734.0,350.41,0.5832424107187206,4.3760036431226785,32.22527881040892,0.012230020343504162,2.285057100371749,15.890706319702602,0.006381710269403211,0.4929364202292669,5.6011759621451125,36.843533123028394,0.015614239272951093,2.82998018927445,22.52492113564669,0.007835530045022196,1.8630914826498424,0.00402220134195386,1.9444468750000041,16.553125,0.005470102952261012,0.0,1
14431.0,2022-01-20 10:00:00,372.38,372.74,371.91,372.4,847345.0,1p,1p,0.0,sell,False,1.0787363081358,4.25,29.0,0.011533555863117046,0.4357854917928211,0.4619824290781301,0.6798751749745406,0.0018347389987145495,77.36713138570894,85.61013730117715,78.34897191365536,100.13246807622073,847345.0,4.25,0.0,4.25,29.0,0.011533555863117046,4.25,0.0,0.0,1.0,1.0,0.4357854917928211,0.6798751749745406,0.4619824290781301,77.36713138570894,85.61013730117715,78.34897191365536,100.13246807622073,29.387755102041318,10.20408163265247,45.82392978642001,0.005370857725973954,0.22317227286170957,0.34000000000003183,0.46999999999997044,0.01999999999998181,1.0,14432.0,14432.0,2022-01-20,2022-01-20 10:00:00,5.904940923737904,303.0,1.0,best_within_2.0d,14734.0,350.41,0.5832424107187206,4.3760036431226785,32.22527881040892,0.012230020343504162,2.285057100371749,15.890706319702602,0.006381710269403211,0.4929364202292669,5.6011759621451125,36.843533123028394,0.015614239272951093,2.82998018927445,22.52492113564669,0.007835530045022196,1.8630914826498424,0.00402220134195386,1.9444468750000041,16.553125,0.005470102952261012,1.0,1
14437.0,2022-01-20 10:30:00,372.21,373.36,372.21,372.98,1091388.0,1p,1p,0.0,sell,False,1.0787363081358,4.8700000000000045,35.0,0.013216098130207073,0.16097468689673433,0.6020453104813736,0.6825326539297407,0.0018391022083214302,69.1423247424297,73.50990790607567,72.39224294292242,75.74523783238214,1091388.0,4.8700000000000045,0.0,4.8700000000000045,35.0,0.013216098130207073,4.8700000000000045,0.0,0.0,1.0,1.0,0.16097468689673433,0.6825326539297407,0.6020453104813736,69.1423247424297,73.50990790607567,72.39224294292242,75.74523783238214,29.4792233464429,12.328927521058729,41.562546986339335,0.20687246446899296,0.308965369012126,0.37999999999999545,0.0,0.7700000000000387,1.0,14438.0,14438.0,2022-01-20,2022-01-20 10:30:00,6.051262802295027,297.0,1.0,best_within_2.0d,14734.0,350.41,0.5832424107187206,4.3760036431226785,32.22527881040892,0.012230020343504162,2.285057100371749,15.890706319702602,0.006381710269403211,0.4929364202292669,5.6011759621451125,36.843533123028394,0.015614239272951093,2.82998018927445,22.52492113564669,0.007835530045022196,1.8630914826498424,0.00402220134195386,1.9444468750000041,16.553125,0.005470102952261012,0.0,1
14441.0,2022-01-20 10:50:00,373.05,373.6,372.9101,373.47,603914.0,1p,1p,0.0,sell,False,1.078736308135801,5.110000000000014,39.0,0.013867404814241943,0.19487471866782924,0.6836831139173205,0.7811204732512351,0.0021019380657809577,70.51950536403211,83.26381117422615,77.34992840165395,95.09157671937055,603914.0,5.110000000000014,0.0,5.110000000000014,39.0,0.013867404814241943,5.110000000000014,0.0,0.0,1.0,1.0,0.19487471866782924,0.7811204732512351,0.6836831139173205,70.51950536403211,83.26381117422615,77.34992840165395,95.09157671937055,21.430807387608652,11.156862272949647,41.35867483482771,0.1125854443104184,0.18500437504911313,0.12999999999999545,0.13990000000001146,0.4200000000000159,1.0,14442.0,14442.0,2022-01-20,2022-01-20 10:50:00,6.174525396952902,293.0,1.0,best_within_2.0d,14734.0,350.41,0.5832424107187206,4.3760036431226785,32.22527881040892,0.012230020343504162,2.285057100371749,15.890706319702602,0.006381710269403211,0.4929364202292669,5.6011759621451125,36.843533123028394,0.015614239272951093,2.82998018927445,22.52492113564669,0.007835530045022196,1.8630914826498424,0.00402220134195386,1.9444468750000041,16.553125,0.005470102952261012,0.0,1
14443.0,2022-01-20 11:00:00,373.15,373.87,373.14,373.7,576660.0,1p,1p,0.0,sell,False,1.0787363081358,5.3799999999999955,41.0,0.014600124833781094,0.1870301310155511,0.7272575096034452,0.8207725751112207,0.0022070918131490975,69.73092256428811,87.06796337869781,81.95468532171206,97.29451949266931,576660.0,5.3799999999999955,0.0,5.3799999999999955,41.0,0.014600124833781094,5.3799999999999955,0.0,0.0,1.0,1.0,0.1870301310155511,0.8207725751112207,0.7272575096034452,69.73092256428811,87.06796337869781,81.95468532171206,97.29451949266931,24.376601801530832,8.849875195138193,40.703525017397205,0.14739380946000574,0.19563702631720487,0.17000000000001592,0.009999999999990905,0.5500000000000114,1.0,14444.0,14444.0,2022-01-20,2022-01-20 11:00:00,6.232271875836223,291.0,1.0,best_within_2.0d,14734.0,350.41,0.5832424107187206,4.3760036431226785,32.22527881040892,0.012230020343504162,2.285057100371749,15.890706319702602,0.006381710269403211,0.4929364202292669,5.6011759621451125,36.843533123028394,0.015614239272951093,2.82998018927445,22.52492113564669,0.007835530045022196,1.8630914826498424,0.00402220134195386,1.9444468750000041,16.553125,0.005470102952261012,1.0,1
14520.0,2022-01-20 17:25:00,358.85,361.72,358.81,359.0,368165.0,2,2,0.0,sell,False,0.27549194991055515,4.163492493946733,28.239017640954685,0.011578080659927173,0.6945671668232292,-2.0206704541484206,-1.673386870736806,-0.004638269496603851,29.48242634545805,58.473259224116646,55.65203124137962,64.1157151895907,368165.0,4.6200000000000045,1.0,16.769999999999982,69.0,0.04485516355952599,4.6200000000000045,10.0,0.012937552506300768,2.0,2.0,0.6945671668232292,-1.673386870736806,-2.0206704541484206,29.48242634545805,58.473259224116646,55.65203124137962,64.1157151895907,33.90264730999208,27.412467976088468,72.84470910526666,0.04180019506757064,0.8110141857807822,2.7200000000000273,0.040000000000020464,0.14999999999997726,1.0,14521.0,14521.0,2022-01-20,2022-01-20 17:25:00,2.392757660167124,214.0,1.0,best_within_2.0d,14734.0,350.41,0.27549194991055515,16.769999999999982,69.0,0.04485516355952599,4.6200000000000045,10.0,0.012937552506300768,0.4929364202292669,5.6011759621451125,36.843533123028394,0.015614239272951093,2.82998018927445,22.52492113564669,0.007835530045022196,1.8630914826498424,0.00402220134195386,1.9444468750000041,16.553125,0.005470102952261012,1.0,1
14536.0,2022-01-20 18:45:00,359.3,359.45,359.25,359.28,24828.0,2s,2s,0.0,sell,False,0.14013118664281266,4.163492493946733,28.239017640954685,0.011578080659927173,0.5757066460303317,-0.7938681922604003,-0.5060148692452344,-0.0014080964340534771,48.07815060686807,58.57080586979373,38.35464762089819,99.00312236758481,24828.0,1.490000000000009,1.0,16.769999999999982,69.0,0.04485516355952599,1.490000000000009,6.0,0.004162476254330119,1.0,2.5,0.5757066460303317,-0.5060148692452344,-0.7938681922604003,48.07815060686807,58.57080586979373,38.35464762089819,99.00312236758481,50.05065856129739,11.448834853090254,67.35331465789565,-0.0055663790704254534,0.05567153792623205,0.14999999999997726,0.029999999999972715,0.020000000000038654,0.0,14537.0,14537.0,2022-01-20,2022-01-20 18:45:00,2.46882654197282,198.0,1.0,best_within_2.0d,14734.0,350.41,0.5832424107187206,4.3760036431226785,32.22527881040892,0.012230020343504162,2.285057100371749,15.890706319702602,0.006381710269403211,0.14013118664281266,16.769999999999982,69.0,0.04485516355952599,1.490000000000009,6.0,0.004162476254330119,1.0,0.00402220134195386,1.9444468750000041,16.553125,0.005470102952261012,0.0,1
14539.0,2022-01-20 19:00:00,359.34,359.69,358.88,358.98,33649.0,2s,2s,0.0,sell,False,0.15444245676803683,4.163492493946733,28.239017640954685,0.011578080659927173,0.48589951161032774,-0.5958211483936611,-0.3528713925884972,-0.0009820752293599416,44.73288069530422,68.32740255560333,59.92792787862429,85.12635190956141,33649.0,1.7300000000000182,1.0,16.769999999999982,69.0,0.04485516355952599,1.7300000000000182,9.0,0.0048329422281819705,1.0,2.5,0.48589951161032774,-0.3528713925884972,-0.5958211483936611,44.73288069530422,68.32740255560333,59.92792787862429,85.12635190956141,30.282637954240005,14.93943472409192,64.3490364725669,-0.10018367006176793,0.22570218457423158,0.35000000000002274,0.10000000000002274,0.3599999999999568,0.0,14540.0,14540.0,2022-01-20,2022-01-20 19:00:00,2.3873196278344175,195.0,1.0,best_within_2.0d,14734.0,350.41,0.5832424107187206,4.3760036431226785,32.22527881040892,0.012230020343504162,2.285057100371749,15.890706319702602,0.006381710269403211,0.15444245676803683,16.769999999999982,69.0,0.04485516355952599,1.7300000000000182,9.0,0.0048329422281819705,1.0,0.00402220134195386,1.9444468750000041,16.553125,0.005470102952261012,1.0,1
14556.0,2022-01-21 04:25:00,369.7496,369.82,369.5,369.69,52266.0,1,1,1.0,buy,False,0.7380709758643319,2.1000000000000227,21.0,0.005651237890204582,-0.10425695556681547,-0.28539784279724273,-0.33752632058065046,-0.0009109234939388823,27.21466555523412,19.693971168100937,23.49403794651684,12.09383761126913,52266.0,2.1000000000000227,1.0,2.1000000000000227,21.0,0.005651237890204582,2.1000000000000227,21.0,0.005651237890204582,1.0,1.0,-0.10425695556681547,-0.33752632058065046,-0.28539784279724273,27.21466555523412,19.693971168100937,23.49403794651684,12.09383761126913,14.606741573034551,44.38202247191212,48.695296082976945,-0.01611901676161083,0.08660351826792778,0.07040000000000646,0.18999999999999773,0.059599999999988995,0.0,14557.0,14557.0,2022-01-21,2022-01-21 04:25:00,1.2551056290405438,115.0,1.0,best_within_2.0d,14671.0,374.33,0.5832424107187206,4.3760036431226785,32.22527881040892,0.012230020343504162,2.285057100371749,15.890706319702602,0.006381710269403211,0.4929364202292669,5.6011759621451125,36.843533123028394,0.015614239272951093,2.82998018927445,22.52492113564669,0.007835530045022196,1.8630914826498424,0.00402220134195386,1.9444468750000041,16.553125,0.005470102952261012,0.0,0
14589.0,2022-01-21 07:10:00,358.36,358.54,357.88,358.47,36672.0,1,1,1.0,buy,False,0.6174585342294776,1.8100000000000023,51.0,0.005032110984458846,-0.18231772507909605,-0.2761467181699076,-0.3673055807094556,-0.0010222964484345866,41.487583922077725,32.641304692672264,32.91900383258818,32.08590641284043,36672.0,1.8100000000000023,1.0,1.8100000000000023,51.0,0.005032110984458846,1.8100000000000023,51.0,0.005032110984458846,1.0,1.0,-0.18231772507909605,-0.3673055807094556,-0.2761467181699076,41.487583922077725,32.641304692672264,32.91900383258818,32.08590641284043,15.688367129136013,36.179295624332646,45.11008353370568,0.030695390110507214,0.1844193584441782,0.06999999999999318,0.4800000000000182,0.11000000000001364,1.0,14590.0,14590.0,2022-01-21,2022-01-21 07:10:00,4.424359081652566,82.0,1.0,best_within_2.0d,14671.0,374.33,0.5832424107187206,4.3760036431226785,32.22527881040892,0.012230020343504162,2.285057100371749,15.890706319702602,0.006381710269403211,0.4929364202292669,5.6011759621451125,36.843533123028394,0.015614239272951093,2.82998018927445,22.52492113564669,0.007835530045022196,1.8630914826498424,0.00402220134195386,1.9444468750000041,16.553125,0.005470102952261012,1.0,0
14599.0,2022-01-21 08:00:00,358.08,361.991,356.95,358.3,109525.0,1,1,1.0,buy,False,0.6174585342294776,2.740000000000009,61.0,0.007617670772053739,-0.006043647329188717,-0.3036523174761804,-0.30667414114077474,-0.0008544916897979208,42.26697667204851,36.542753220076825,40.94182045451831,27.744618751193855,109525.0,2.740000000000009,1.0,2.740000000000009,61.0,0.007617670772053739,2.740000000000009,61.0,0.007617670772053739,1.0,1.0,-0.006043647329188717,-0.30667414114077474,-0.3036523174761804,42.26697667204851,36.542753220076825,40.94182045451831,27.744618751193855,40.29729510194125,12.915279018763586,27.97536921564504,0.061438784629140784,1.4122426110099446,3.690999999999974,1.1299999999999955,0.22000000000002728,1.0,14600.0,14600.0,2022-01-21,2022-01-21 08:00:00,4.473904549260388,72.0,1.0,best_within_2.0d,14671.0,374.33,0.5832424107187206,4.3760036431226785,32.22527881040892,0.012230020343504162,2.285057100371749,15.890706319702602,0.006381710269403211,0.4929364202292669,5.6011759621451125,36.843533123028394,0.015614239272951093,2.82998018927445,22.52492113564669,0.007835530045022196,1.8630914826498424,0.00402220134195386,1.9444468750000041,16.553125,0.005470102952261012,1.0,0
14604.0,2022-01-21 08:25:00,358.93,359.08,358.82,358.89,61963.0,2s,2s,0.0,sell,False,0.11806797853309263,4.163492493946733,28.239017640954685,0.011578080659927173,0.16314536325466078,-0.24819755131590632,-0.16662486968857593,-0.00046434487751044506,50.5663792263112,36.38051484611141,35.961125318523514,37.2192939012872,61963.0,2.1299999999999955,1.0,16.769999999999982,69.0,0.04485516355952599,2.1299999999999955,6.0,0.00596722230004201,2.0,2.5,0.16314536325466078,-0.16662486968857593,-0.24819755131590632,50.5663792263112,36.38051484611141,35.961125318523514,37.2192939012872,35.988179521288735,8.927854011731254,35.74745545627943,-0.011144234251809673,0.07245972911208709,0.14999999999997726,0.06999999999999318,0.040000000000020464,0.0,14605.0,14605.0,2022-01-21,2022-01-21 08:25:00,2.362840981916454,130.0,1.0,best_within_2.0d,14734.0,350.41,0.5832424107187206,4.3760036431226785,32.22527881040892,0.012230020343504162,2.285057100371749,15.890706319702602,0.006381710269403211,0.11806797853309263,16.769999999999982,69.0,0.04485516355952599,2.1299999999999955,6.0,0.00596722230004201,2.0,0.00402220134195386,1.9444468750000041,16.553125,0.005470102952261012,0.0,1
14607.0,2022-01-21 08:40:00,359.08,359.32,358.9,359.25,86080.0,2s,2s,0.0,sell,False,0.1323792486583168,4.163492493946733,28.239017640954685,0.011578080659927173,0.22521867421336206,-0.1837152774609246,-0.07110594035424356,-0.0001981436376971724,55.00364213765181,39.83008517353256,37.14278960346935,45.20467631365898,86080.0,2.3700000000000045,1.0,16.769999999999982,69.0,0.04485516355952599,2.3700000000000045,9.0,0.006639585376103109,2.0,2.5,0.22521867421336206,-0.07110594035424356,-0.1837152774609246,55.00364213765181,39.83008517353256,37.14278960346935,45.20467631365898,35.915850019532854,8.893765221221981,39.32882889973819,0.04734321042665031,0.11702424073558539,0.06999999999999318,0.18000000000000682,0.17000000000001592,1.0,14608.0,14608.0,2022-01-21,2022-01-21 08:40:00,2.4606819763395893,127.0,1.0,best_within_2.0d,14734.0,350.41,0.5832424107187206,4.3760036431226785,32.22527881040892,0.012230020343504162,2.285057100371749,15.890706319702602,0.006381710269403211,0.1323792486583168,16.769999999999982,69.0,0.04485516355952599,2.3700000000000045,9.0,0.006639585376103109,2.0,0.00402220134195386,1.9444468750000041,16.553125,0.005470102952261012,1.0,1
14612.0,2022-01-21 09:05:00,358.48,358.5,357.75,357.85,149337.0,2,2,1.0,buy,False,0.662447257383962,4.163492493946733,28.239017640954685,0.011578080659927173,-0.0499787584586425,-0.11749925692472037,-0.14248863615404161,-0.00039718015947683117,37.96738723825842,30.52818375667046,41.3564415661877,8.871668137635993,149337.0,1.5699999999999932,1.0,2.3700000000000045,9.0,0.006639585376103109,1.5699999999999932,6.0,0.004369364354892556,2.0,2.0,-0.0499787584586425,-0.14248863615404161,-0.11749925692472037,37.96738723825842,30.52818375667046,41.3564415661877,8.871668137635993,35.787172634041454,16.138810851428843,42.86092868202103,-0.175742021870117,0.20964360587002098,0.01999999999998181,0.10000000000002274,0.6299999999999955,0.0,14613.0,14613.0,2022-01-21,2022-01-21 09:05:00,4.6052815425457485,59.0,1.0,best_within_2.0d,14671.0,374.33,0.662447257383962,2.3700000000000045,9.0,0.006639585376103109,1.5699999999999932,6.0,0.004369364354892556,0.4929364202292669,5.6011759621451125,36.843533123028394,0.015614239272951093,2.82998018927445,22.52492113564669,0.007835530045022196,1.8630914826498424,0.00402220134195386,1.9444468750000041,16.553125,0.005470102952261012,0.0,0
14613.0,2022-01-21 09:10:00,357.8299,358.26,357.72,358.23,83303.0,2,2,1.0,buy,False,0.6751054852320518,4.163492493946733,28.239017640954685,0.011578080659927173,-0.07136085643757584,-0.12641936397941733,-0.16209979219820525,-0.00045189388420715853,43.62273037833778,30.97712250444701,37.89666854560747,17.138030422126093,83303.0,1.599999999999966,1.0,2.3700000000000045,9.0,0.006639585376103109,1.599999999999966,7.0,0.004452855393521001,2.0,2.0,-0.07136085643757584,-0.16209979219820525,-0.12641936397941733,43.62273037833778,30.97712250444701,37.89666854560747,17.138030422126093,11.095854311433042,26.630050347438356,42.740610246750514,0.11181290328170143,0.1509560550150854,0.029999999999972715,0.1098999999999819,0.400100000000009,1.0,14614.0,14614.0,2022-01-21,2022-01-21 09:10:00,4.494319292074914,58.0,1.0,best_within_2.0d,14671.0,374.33,0.6751054852320518,2.3700000000000045,9.0,0.006639585376103109,1.599999999999966,7.0,0.004452855393521001,0.4929364202292669,5.6011759621451125,36.843533123028394,0.015614239272951093,2.82998018927445,22.52492113564669,0.007835530045022196,1.8630914826498424,0.00402220134195386,1.9444468750000041,16.553125,0.005470102952261012,1.0,0
14617.0,2022-01-21 09:30:00,359.44,361.24,358.53,360.96,3301446.0,1p,"1p,2s",0.0,sell,False,1.69378537997599,3.519999999999982,5.0,0.009840098400983958,0.3814722670587062,-0.08804310691504906,0.10269302661430402,0.0002861571163970734,68.94346748471958,66.35755995548047,49.15640103041993,100.75987780560155,3301446.0,3.519999999999982,0.0,3.519999999999982,5.0,0.009840098400983958,3.519999999999982,0.0,0.0,1.0,1.0,0.3814722670587062,0.10269302661430402,-0.08804310691504906,68.94346748471958,66.35755995548047,49.15640103041993,100.75987780560155,36.07235142118826,17.519379844960355,38.473137882924036,0.42288003561094534,0.7558642233564936,0.28000000000002956,0.910000000000025,1.5199999999999818,1.0,14618.0,14618.0,2022-01-21,2022-01-21 09:30:00,2.9227615248226826,117.0,1.0,best_within_2.0d,14734.0,350.41,0.5832424107187206,4.3760036431226785,32.22527881040892,0.012230020343504162,2.285057100371749,15.890706319702602,0.006381710269403211,0.2468694096601068,16.769999999999982,69.0,0.04485516355952599,3.519999999999982,5.0,0.009840098400983958,3.0,0.00402220134195386,1.9444468750000041,16.553125,0.005470102952261012,0.0,1
14617.0,2022-01-21 09:30:00,359.44,361.24,358.53,360.96,3301446.0,2s,"1p,2s",0.0,sell,False,1.69378537997599,3.519999999999982,5.0,0.009840098400983958,0.3814722670587062,-0.08804310691504906,0.10269302661430402,0.0002861571163970734,68.94346748471958,66.35755995548047,49.15640103041993,100.75987780560155,3301446.0,3.519999999999982,0.0,3.519999999999982,5.0,0.009840098400983958,3.519999999999982,0.0,0.0,1.0,1.0,0.3814722670587062,0.10269302661430402,-0.08804310691504906,68.94346748471958,66.35755995548047,49.15640103041993,100.75987780560155,36.07235142118826,17.519379844960355,38.473137882924036,0.42288003561094534,0.7558642233564936,0.28000000000002956,0.910000000000025,1.5199999999999818,1.0,14618.0,14618.0,2022-01-21,2022-01-21 09:30:00,2.9227615248226826,117.0,1.0,best_within_2.0d,14734.0,350.41,0.5832424107187206,4.3760036431226785,32.22527881040892,0.012230020343504162,2.285057100371749,15.890706319702602,0.006381710269403211,0.2468694096601068,16.769999999999982,69.0,0.04485516355952599,3.519999999999982,5.0,0.009840098400983958,3.0,0.00402220134195386,1.9444468750000041,16.553125,0.005470102952261012,0.0,1
14619.0,2022-01-21 09:40:00,359.55,359.745,357.58,357.6201,1941029.0,2,2,1.0,buy,False,0.7341772151898759,4.163492493946733,28.239017640954685,0.011578080659927173,0.09168024411539241,-0.03097603839925848,0.014864083658437721,4.142461512515752e-05,42.224528398329866,41.31579167420261,49.269413972399434,25.408547077808947,1941029.0,1.740000000000009,1.0,2.3700000000000045,9.0,0.006639585376103109,1.740000000000009,13.0,0.004842480240454217,2.0,2.0,0.09168024411539241,0.014864083658437721,-0.03097603839925848,42.224528398329866,41.31579167420261,49.269413972399434,25.408547077808947,26.808176100628827,23.860062893081246,35.81707905370952,-0.5367542761785654,0.6054589182840261,0.19499999999999318,0.04009999999999536,1.929900000000032,0.0,14620.0,14620.0,2022-01-21,2022-01-21 09:40:00,4.67252819402489,52.0,1.0,best_within_2.0d,14671.0,374.33,0.7341772151898759,2.3700000000000045,9.0,0.006639585376103109,1.740000000000009,13.0,0.004842480240454217,0.4929364202292669,5.6011759621451125,36.843533123028394,0.015614239272951093,2.82998018927445,22.52492113564669,0.007835530045022196,1.8630914826498424,0.00402220134195386,1.9444468750000041,16.553125,0.005470102952261012,0.0,0
14621.0,2022-01-21 09:50:00,358.92,359.32,357.16,357.27,1742863.0,2,2,1.0,buy,False,0.911392405063276,4.163492493946733,28.239017640954685,0.011578080659927173,-0.1361903152188658,-0.037254855343805196,-0.10535001295323809,-0.00029368621104138937,42.26505840566288,27.579421107674083,39.98423378936341,2.769795744295436,1742863.0,2.159999999999968,1.0,2.3700000000000045,9.0,0.006639585376103109,2.159999999999968,15.0,0.00601135478125339,2.0,2.0,-0.1361903152188658,-0.10535001295323809,-0.037254855343805196,42.26505840566288,27.579421107674083,39.98423378936341,2.769795744295436,20.182619647355356,21.882871536523645,31.503953611550806,-0.4597124707455795,0.6047709709933834,0.39999999999997726,0.1099999999999568,1.650000000000034,0.0,14622.0,14622.0,2022-01-21,2022-01-21 09:50:00,4.7751000643770825,50.0,1.0,best_within_2.0d,14671.0,374.33,0.911392405063276,2.3700000000000045,9.0,0.006639585376103109,2.159999999999968,15.0,0.00601135478125339,0.4929364202292669,5.6011759621451125,36.843533123028394,0.015614239272951093,2.82998018927445,22.52492113564669,0.007835530045022196,1.8630914826498424,0.00402220134195386,1.9444468750000041,16.553125,0.005470102952261012,0.0,0
14622.0,2022-01-21 09:55:00,357.26,358.01,356.66,357.14,2160360.0,1,1,1.0,buy,False,0.31148355802713573,2.659999999999968,16.0,0.007402872091728733,-0.28420367134340024,-0.07278031426173023,-0.21488214993343036,-0.000599226049694407,41.68830223573536,21.879730520108506,33.94939936627844,-2.2596071722313695,2160360.0,2.659999999999968,1.0,2.659999999999968,16.0,0.007402872091728733,2.659999999999968,16.0,0.007402872091728733,1.0,1.0,-0.28420367134340024,-0.21488214993343036,-0.07278031426173023,41.68830223573536,21.879730520108506,33.94939936627844,-2.2596071722313695,19.009489916963453,23.45788849347557,30.001875520382516,-0.033588982813638396,0.3785117478831284,0.75,0.47999999999996135,0.12000000000000455,0.0,14623.0,14623.0,2022-01-21,2022-01-21 09:55:00,4.813238505908047,49.0,1.0,best_within_2.0d,14671.0,374.33,0.5832424107187206,4.3760036431226785,32.22527881040892,0.012230020343504162,2.285057100371749,15.890706319702602,0.006381710269403211,0.4929364202292669,5.6011759621451125,36.843533123028394,0.015614239272951093,2.82998018927445,22.52492113564669,0.007835530045022196,1.8630914826498424,0.00402220134195386,1.9444468750000041,16.553125,0.005470102952261012,0.0,0
14623.0,2022-01-21 10:00:00,357.13,357.86,356.06,356.51,1716993.0,1,1,1.0,buy,False,0.48350606138911423,3.259999999999991,17.0,0.009072692864299207,-0.44116035733610065,-0.12792535892874282,-0.34850553759679315,-0.0009722714098707124,38.91671334658673,17.482239909158487,28.460346213905122,-4.473972700334784,1716993.0,3.259999999999991,1.0,3.259999999999991,17.0,0.009072692864299207,3.259999999999991,17.0,0.009072692864299207,1.0,1.0,-0.44116035733610065,-0.34850553759679315,-0.12792535892874282,38.91671334658673,17.482239909158487,28.460346213905122,-4.473972700334784,17.456427015250757,24.264705882352835,29.024494258855697,-0.17360624982499498,0.50553277537494,0.7300000000000182,0.44999999999998863,0.6200000000000045,0.0,14624.0,14624.0,2022-01-21,2022-01-21 10:00:00,4.998457266275839,48.0,1.0,best_within_2.0d,14671.0,374.33,0.5832424107187206,4.3760036431226785,32.22527881040892,0.012230020343504162,2.285057100371749,15.890706319702602,0.006381710269403211,0.4929364202292669,5.6011759621451125,36.843533123028394,0.015614239272951093,2.82998018927445,22.52492113564669,0.007835530045022196,1.8630914826498424,0.00402220134195386,1.9444468750000041,16.553125,0.005470102952261012,0.0,0
14625.0,2022-01-21 10:10:00,357.05,357.15,355.54,355.87,2071881.0,1,1,1.0,buy,False,0.6248512306310687,3.7799999999999727,19.0,0.010519870867193512,-0.5701264455612809,-0.2545165504754532,-0.5395797732560936,-0.0015065340296652099,37.406524659462576,14.032613298378145,21.360843440186564,-0.6238469852386928,2071881.0,3.7799999999999727,1.0,3.7799999999999727,19.0,0.010519870867193512,3.7799999999999727,19.0,0.010519870867193512,1.0,1.0,-0.5701264455612809,-0.5395797732560936,-0.2545165504754532,37.406524659462576,14.032613298378145,21.360843440186564,-0.6238469852386928,15.55070354197015,24.478408539544038,27.560475368342747,-0.33048592634085056,0.45283231141361213,0.0999999999999659,0.3299999999999841,1.1800000000000068,0.0,14626.0,14626.0,2022-01-21,2022-01-21 10:10:00,5.187287492623705,46.0,1.0,best_within_2.0d,14671.0,374.33,0.5832424107187206,4.3760036431226785,32.22527881040892,0.012230020343504162,2.285057100371749,15.890706319702602,0.006381710269403211,0.4929364202292669,5.6011759621451125,36.843533123028394,0.015614239272951093,2.82998018927445,22.52492113564669,0.007835530045022196,1.8630914826498424,0.00402220134195386,1.9444468750000041,16.553125,0.005470102952261012,0.0,0
14626.0,2022-01-21 10:15:00,355.87,356.68,355.31,355.46,1479388.0,1,1,1.0,buy,False,0.7319641621225629,4.009999999999991,20.0,0.01115996883001222,-0.6678583726364952,-0.3379988470550151,-0.6719280333732627,-0.001877105146043477,35.80798430772016,10.20541566830639,17.642367516226507,-4.668488027533844,1479388.0,4.009999999999991,1.0,4.009999999999991,20.0,0.01115996883001222,4.009999999999991,20.0,0.01115996883001222,1.0,1.0,-0.6678583726364952,-0.6719280333732627,-0.3379988470550151,35.80798430772016,10.20541566830639,17.642367516226507,-4.668488027533844,15.096561469618685,21.40838436175235,26.8268930263643,-0.1152106106162433,0.3855787903520882,0.8100000000000023,0.14999999999997726,0.410000000000025,0.0,14627.0,14627.0,2022-01-21,2022-01-21 10:15:00,5.308614190063581,45.0,1.0,best_within_2.0d,14671.0,374.33,0.5832424107187206,4.3760036431226785,32.22527881040892,0.012230020343504162,2.285057100371749,15.890706319702602,0.006381710269403211,0.4929364202292669,5.6011759621451125,36.843533123028394,0.015614239272951093,2.82998018927445,22.52492113564669,0.007835530045022196,1.8630914826498424,0.00402220134195386,1.9444468750000041,16.553125,0.005470102952261012,0.0,0
14627.0,2022-01-21 10:20:00,355.48,355.81,354.24,355.52,2290805.0,1,1,1.0,buy,False,0.745581996324538,5.079999999999984,21.0,0.014137815874429433,-0.6802835500694588,-0.42303429081369737,-0.7631760658484268,-0.002133093515598321,36.23741613350344,14.328595748300492,16.537776926917836,9.910233391065802,2290805.0,5.079999999999984,1.0,5.079999999999984,21.0,0.014137815874429433,5.079999999999984,21.0,0.014137815874429433,1.0,1.0,-0.6802835500694588,-0.7631760658484268,-0.42303429081369737,36.23741613350344,14.328595748300492,16.537776926917836,9.910233391065802,14.3980233602877,25.089847259658754,26.84470230881396,0.011252391133105551,0.4432023486901517,0.29000000000002046,1.240000000000009,0.03999999999996362,1.0,14628.0,14628.0,2022-01-21,2022-01-21 10:20:00,5.290841584158417,44.0,1.0,best_within_2.0d,14671.0,374.33,0.5832424107187206,4.3760036431226785,32.22527881040892,0.012230020343504162,2.285057100371749,15.890706319702602,0.006381710269403211,0.4929364202292669,5.6011759621451125,36.843533123028394,0.015614239272951093,2.82998018927445,22.52492113564669,0.007835530045022196,1.8630914826498424,0.00402220134195386,1.9444468750000041,16.553125,0.005470102952261012,1.0,0
14633.0,2022-01-21 10:50:00,359.795,361.16,359.76,360.84,1987303.0,2s,2s,0.0,sell,False,0.2420989862850332,4.163492493946733,28.239017640954685,0.011578080659927173,0.8403158731881993,-0.2479442717977544,0.17221366479634526,0.00048069438740209265,62.36720790385242,79.75886842975152,62.718556810133265,113.83949166898802,1987303.0,6.920000000000016,1.0,16.769999999999982,69.0,0.04485516355952599,6.920000000000016,7.0,0.01953477868112019,3.0,2.5,0.8403158731881993,0.17221366479634526,-0.2479442717977544,62.36720790385242,79.75886842975152,62.718556810133265,113.83949166898802,27.012414897877562,17.10052062474991,21.31178029225857,0.29044316902679557,0.389148321102967,0.32000000000005,0.03500000000002501,1.044999999999959,1.0,14634.0,14634.0,2022-01-21,2022-01-21 10:50:00,2.890477774082682,101.0,1.0,best_within_2.0d,14734.0,350.41,0.5832424107187206,4.3760036431226785,32.22527881040892,0.012230020343504162,2.285057100371749,15.890706319702602,0.006381710269403211,0.2420989862850332,16.769999999999982,69.0,0.04485516355952599,6.920000000000016,7.0,0.01953477868112019,3.0,0.00402220134195386,1.9444468750000041,16.553125,0.005470102952261012,0.0,1
14634.0,2022-01-21 10:55:00,360.8,361.19,359.34,359.9,1623420.0,2s,2s,0.0,sell,False,0.24388789505068453,4.163492493946733,28.239017640954685,0.011578080659927173,0.8391587361020668,-0.14304942978499607,0.27652993826603733,0.0007716073890235301,57.20149526112523,80.31886192678866,68.58532518235172,103.78593541566252,1623420.0,6.949999999999989,1.0,16.769999999999982,69.0,0.04485516355952599,6.949999999999989,8.0,0.01961946702800358,3.0,2.5,0.8391587361020668,0.27652993826603733,-0.14304942978499607,57.20149526112523,80.31886192678866,68.58532518235172,103.78593541566252,26.846185230518167,19.13504691962492,20.987380723911745,-0.249445676274954,0.5148327489285976,0.38999999999998636,0.5600000000000023,0.9000000000000341,0.0,14635.0,14635.0,2022-01-21,2022-01-21 10:55:00,2.6368435676576696,100.0,1.0,best_within_2.0d,14734.0,350.41,0.5832424107187206,4.3760036431226785,32.22527881040892,0.012230020343504162,2.285057100371749,15.890706319702602,0.006381710269403211,0.24388789505068453,16.769999999999982,69.0,0.04485516355952599,6.949999999999989,8.0,0.01961946702800358,3.0,0.00402220134195386,1.9444468750000041,16.553125,0.005470102952261012,1.0,1
14639.0,2022-01-21 11:20:00,360.425,362.18,360.06,361.87,1427868.0,2s,2s,0.0,sell,False,0.30292188431723255,4.163492493946733,28.239017640954685,0.011578080659927173,0.7587510749600426,0.3212079485932776,0.7005834860732989,0.0019510415942963024,62.250617664015884,83.20456664957466,79.65754063189127,90.29861868494146,1427868.0,7.939999999999998,1.0,16.769999999999982,69.0,0.04485516355952599,7.939999999999998,13.0,0.022414182475158077,3.0,2.5,0.7587510749600426,0.7005834860732989,0.3212079485932776,62.250617664015884,83.20456664957466,79.65754063189127,90.29861868494146,37.78898696931484,10.760823875578213,26.059331100209302,0.40091558576680114,0.5887907570960408,0.3100000000000023,0.3650000000000091,1.4449999999999932,1.0,14640.0,14640.0,2022-01-21,2022-01-21 11:20:00,3.166883134827418,95.0,1.0,best_within_2.0d,14734.0,350.41,0.5832424107187206,4.3760036431226785,32.22527881040892,0.012230020343504162,2.285057100371749,15.890706319702602,0.006381710269403211,0.30292188431723255,16.769999999999982,69.0,0.04485516355952599,7.939999999999998,13.0,0.022414182475158077,3.0,0.00402220134195386,1.9444468750000041,16.553125,0.005470102952261012,1.0,1
14639.0,2022-01-21 11:20:00,369.76,370.86,369.6499,370.71,554332.0,3a,3a,0.0,sell,False,0.0033957687643174526,4.163492493946733,28.239017640954685,0.011578080659927173,0.06335655845610444,-0.45592182985085705,-0.42424355062280483,-0.0011446307036223115,50.44295474583936,56.369563526322864,43.17317291219116,82.76234475458628,554332.0,1.7150000000000318,2.0,1.7150000000000318,9.0,0.004645870863752812,1.7150000000000318,9.0,0.004645870863752812,3.0,3.0,0.06335655845610444,-0.42424355062280483,-0.45592182985085705,50.44295474583936,56.369563526322864,43.17317291219116,82.76234475458628,18.98853967702778,23.311338774092917,43.74116123963376,0.25692340977931327,0.3273638110006282,0.1500000000000341,0.11009999999998854,0.9499999999999886,1.0,14640.0,14640.0,2022-01-21,2022-01-21 11:20:00,3.166883134827418,95.0,1.0,best_within_2.0d,14734.0,350.41,0.5832424107187206,4.3760036431226785,32.22527881040892,0.012230020343504162,2.285057100371749,15.890706319702602,0.006381710269403211,0.4929364202292669,5.6011759621451125,36.843533123028394,0.015614239272951093,2.82998018927445,22.52492113564669,0.007835530045022196,1.8630914826498424,0.0033957687643174526,1.7150000000000318,9.0,0.004645870863752812,0.0,1
14644.0,2022-01-21 11:45:00,359.05,359.22,357.55,358.08,1149546.0,2,2,1.0,buy,False,0.5831234256926948,4.163492493946733,28.239017640954685,0.011578080659927173,-0.2886332896200159,0.48807813088606977,0.34376148607606183,0.0009568977443821267,44.828296878269036,30.035104283740896,50.10448546195957,-10.103658072696447,1149546.0,4.6299999999999955,1.0,7.939999999999998,13.0,0.022414182475158077,4.6299999999999955,6.0,0.012783698713346942,2.0,2.0,-0.2886332896200159,0.34376148607606183,0.48807813088606977,44.828296878269036,30.035104283740896,50.10448546195957,-10.103658072696447,21.446832686298773,22.2895559132659,28.335696954613734,-0.2701573596992138,0.46706754300098335,0.17000000000001592,0.5299999999999727,0.9700000000000273,0.0,14645.0,14645.0,2022-01-21,2022-01-21 11:45:00,4.538092046470063,27.0,1.0,best_within_2.0d,14671.0,374.33,0.5831234256926948,7.939999999999998,13.0,0.022414182475158077,4.6299999999999955,6.0,0.012783698713346942,0.4929364202292669,5.6011759621451125,36.843533123028394,0.015614239272951093,2.82998018927445,22.52492113564669,0.007835530045022196,1.8630914826498424,0.00402220134195386,1.9444468750000041,16.553125,0.005470102952261012,0.0,0
14645.0,2022-01-21 11:50:00,358.11,358.5,357.18,357.36,1054376.0,2,2,1.0,buy,False,0.6297229219143579,4.163492493946733,28.239017640954685,0.011578080659927173,-0.5562182609900959,0.4185508482623078,0.1404417177672599,0.0003910869714085933,42.09578489937099,21.22340285582731,40.47745792658215,-17.284707285682366,1054376.0,5.0,1.0,7.939999999999998,13.0,0.022414182475158077,5.0,7.0,0.013805290187199734,2.0,2.0,-0.5562182609900959,0.1404417177672599,0.4185508482623078,42.09578489937099,21.22340285582731,40.47745792658215,-17.284707285682366,21.335719668425188,21.373398643556975,26.318020195016096,-0.20943285582642204,0.36956156559717596,0.38999999999998636,0.18000000000000682,0.75,0.0,14646.0,14646.0,2022-01-21,2022-01-21 11:50:00,4.748712782628154,26.0,1.0,best_within_2.0d,14671.0,374.33,0.6297229219143579,7.939999999999998,13.0,0.022414182475158077,5.0,7.0,0.013805290187199734,0.4929364202292669,5.6011759621451125,36.843533123028394,0.015614239272951093,2.82998018927445,22.52492113564669,0.007835530045022196,1.8630914826498424,0.00402220134195386,1.9444468750000041,16.553125,0.005470102952261012,1.0,0
14650.0,2022-01-21 12:15:00,357.61,357.88,356.73,356.9,1082998.0,2,2,1.0,buy,False,0.6863979848866486,4.163492493946733,28.239017640954685,0.011578080659927173,-0.6723427220370584,0.05780696852545484,-0.2783643924930743,-0.0007759959472831704,40.807302125940765,14.230224059262799,21.691258032879308,-0.6918438879702151,1082998.0,5.449999999999989,1.0,7.939999999999998,13.0,0.022414182475158077,5.449999999999989,12.0,0.01504776630404768,2.0,2.0,-0.6723427220370584,-0.2783643924930743,0.05780696852545484,40.807302125940765,14.230224059262799,21.691258032879308,-0.6918438879702151,11.587455875582238,27.56433212257644,24.64892887146088,-0.19854030927547783,0.3223726627981883,0.2699999999999818,0.16999999999995907,0.7100000000000364,0.0,14651.0,14651.0,2022-01-21,2022-01-21 12:15:00,4.88372093023256,21.0,1.0,best_within_2.0d,14671.0,374.33,0.6863979848866486,7.939999999999998,13.0,0.022414182475158077,5.449999999999989,12.0,0.01504776630404768,0.4929364202292669,5.6011759621451125,36.843533123028394,0.015614239272951093,2.82998018927445,22.52492113564669,0.007835530045022196,1.8630914826498424,0.00402220134195386,1.9444468750000041,16.553125,0.005470102952261012,0.0,0
14651.0,2022-01-21 12:20:00,356.87,357.41,356.46,357.36,982085.0,2,2,1.0,buy,False,0.7204030226700289,4.163492493946733,28.239017640954685,0.011578080659927173,-0.6427940490518723,-0.022542287606029204,-0.3439393121319654,-0.000959068156843268,43.431637013609276,19.778411236764423,21.053642434174343,17.22794884194458,982085.0,5.720000000000027,1.0,7.939999999999998,13.0,0.022414182475158077,5.720000000000027,13.0,0.015793251974156573,2.0,2.0,-0.6427940490518723,-0.3439393121319654,-0.022542287606029204,43.431637013609276,19.778411236764423,21.053642434174343,17.22794884194458,11.998728611538144,29.814059437410695,25.931674925084817,0.13730490094432402,0.2665095662907607,0.05000000000001137,0.410000000000025,0.4900000000000091,1.0,14652.0,14652.0,2022-01-21,2022-01-21 12:20:00,4.748712782628154,20.0,1.0,best_within_2.0d,14671.0,374.33,0.7204030226700289,7.939999999999998,13.0,0.022414182475158077,5.720000000000027,13.0,0.015793251974156573,0.4929364202292669,5.6011759621451125,36.843533123028394,0.015614239272951093,2.82998018927445,22.52492113564669,0.007835530045022196,1.8630914826498424,0.00402220134195386,1.9444468750000041,16.553125,0.005470102952261012,0.0,0
14654.0,2022-01-21 12:35:00,357.34,358.08,356.35,356.85,1122512.0,2,2,1.0,buy,False,0.7342569269521393,4.163492493946733,28.239017640954685,0.011578080659927173,-0.5290106488781858,-0.23491476310430603,-0.49942008754339895,-0.0013938497054886488,41.41904577967041,21.272205243348292,21.62643982150768,20.56373608702951,1122512.0,5.829999999999984,1.0,7.939999999999998,13.0,0.022414182475158077,5.829999999999984,16.0,0.016096968358274847,2.0,2.0,-0.5290106488781858,-0.49942008754339895,-0.23491476310430603,41.41904577967041,21.272205243348292,21.62643982150768,20.56373608702951,11.99338296112504,32.19189412737802,29.671118261415163,-0.1371243073823116,0.48547776062858466,0.7400000000000091,0.5,0.48999999999995225,0.0,14655.0,14655.0,2022-01-21,2022-01-21 12:35:00,4.898416701695378,17.0,1.0,best_within_2.0d,14671.0,374.33,0.7342569269521393,7.939999999999998,13.0,0.022414182475158077,5.829999999999984,16.0,0.016096968358274847,0.4929364202292669,5.6011759621451125,36.843533123028394,0.015614239272951093,2.82998018927445,22.52492113564669,0.007835530045022196,1.8630914826498424,0.00402220134195386,1.9444468750000041,16.553125,0.005470102952261012,0.0,0
14656.0,2022-01-21 12:45:00,356.74,357.5201,356.07,356.32,935177.0,2,2,1.0,buy,False,0.769521410579347,4.163492493946733,28.239017640954685,0.011578080659927173,-0.5051871939884686,-0.3609279916223154,-0.6135215886165497,-0.0017135228678330477,38.87422655597712,14.657104659957733,18.542676747261503,6.885960485350196,935177.0,6.110000000000014,1.0,7.939999999999998,13.0,0.022414182475158077,6.110000000000014,18.0,0.016870064608758114,2.0,2.0,-0.5051871939884686,-0.6135215886165497,-0.3609279916223154,38.87422655597712,14.657104659957733,18.542676747261503,6.885960485350196,13.070834910848033,25.330376620332807,30.43596416142714,-0.11773280260133877,0.40725138315500337,0.7801000000000045,0.25,0.4200000000000159,0.0,14657.0,14657.0,2022-01-21,2022-01-21 12:45:00,5.054445442299055,15.0,1.0,best_within_2.0d,14671.0,374.33,0.769521410579347,7.939999999999998,13.0,0.022414182475158077,6.110000000000014,18.0,0.016870064608758114,0.4929364202292669,5.6011759621451125,36.843533123028394,0.015614239272951093,2.82998018927445,22.52492113564669,0.007835530045022196,1.8630914826498424,0.00402220134195386,1.9444468750000041,16.553125,0.005470102952261012,0.0,0
14657.0,2022-01-21 12:50:00,356.35,356.7,356.03,356.43,749608.0,2,2,1.0,buy,False,0.7745591939546644,4.163492493946733,28.239017640954685,0.011578080659927173,-0.4595054266024643,-0.41836616994762343,-0.6481188832488556,-0.0018107564157589231,39.717414840905576,15.147747192660411,17.411033562394472,10.621174453192289,749608.0,6.150000000000034,1.0,7.939999999999998,13.0,0.022414182475158077,6.150000000000034,19.0,0.016980506930255768,2.0,2.0,-0.4595054266024643,-0.6481188832488556,-0.41836616994762343,39.717414840905576,15.147747192660411,17.411033562394472,10.621174453192289,13.066908579702236,24.391562682110727,30.421435159863393,0.022449838641780295,0.1881863887874662,0.2699999999999818,0.32000000000005,0.07999999999998408,1.0,14658.0,14658.0,2022-01-21,2022-01-21 12:50:00,5.022023959823803,14.0,1.0,best_within_2.0d,14671.0,374.33,0.7745591939546644,7.939999999999998,13.0,0.022414182475158077,6.150000000000034,19.0,0.016980506930255768,0.4929364202292669,5.6011759621451125,36.843533123028394,0.015614239272951093,2.82998018927445,22.52492113564669,0.007835530045022196,1.8630914826498424,0.00402220134195386,1.9444468750000041,16.553125,0.005470102952261012,1.0,0
14663.0,2022-01-21 13:20:00,356.78,356.82,355.45,355.57,1217881.0,2,2,1.0,buy,False,0.847607052896728,4.163492493946733,28.239017640954685,0.011578080659927173,-0.11846906786839795,-0.522086890260158,-0.581321424194357,-0.0016261169561485786,38.389723188497456,29.645202320009766,33.641441781212094,21.652723397605115,1217881.0,6.730000000000018,1.0,7.939999999999998,13.0,0.022414182475158077,6.730000000000018,25.0,0.018581920591970894,2.0,2.0,-0.11846906786839795,-0.581321424194357,-0.522086890260158,38.389723188497456,29.645202320009766,33.641441781212094,21.652723397605115,19.987382964503627,18.925553244514624,21.81825708252101,-0.33914457088401245,0.3854269236179504,0.040000000000020464,0.12000000000000455,1.2099999999999795,0.0,14664.0,14664.0,2022-01-21,2022-01-21 13:20:00,5.276035661051267,8.0,1.0,best_within_2.0d,14671.0,374.33,0.847607052896728,7.939999999999998,13.0,0.022414182475158077,6.730000000000018,25.0,0.018581920591970894,0.4929364202292669,5.6011759621451125,36.843533123028394,0.015614239272951093,2.82998018927445,22.52492113564669,0.007835530045022196,1.8630914826498424,0.00402220134195386,1.9444468750000041,16.553125,0.005470102952261012,0.0,0
14664.0,2022-01-21 13:25:00,355.57,356.235,355.3801,355.81,634969.0,2,2,1.0,buy,False,0.8564105793450858,4.163492493946733,28.239017640954685,0.011578080659927173,-0.1661766652788812,-0.5428589734200181,-0.6259473060594587,-0.0017515578239143323,40.10126033752232,24.572354417574626,30.618412659999603,12.48023793272467,634969.0,6.79989999999998,1.0,7.939999999999998,13.0,0.022414182475158077,6.79989999999998,26.0,0.01877491854878784,2.0,2.0,-0.1661766652788812,-0.6259473060594587,-0.5428589734200181,40.10126033752232,24.572354417574626,30.618412659999603,12.48023793272467,20.362710785873332,16.41679923639843,21.026135813600575,0.0674972579238994,0.24055933351360598,0.42500000000001137,0.18989999999996598,0.2400000000000091,1.0,14665.0,14665.0,2022-01-21,2022-01-21 13:25:00,5.205025153874254,7.0,1.0,best_within_2.0d,14671.0,374.33,0.8564105793450858,7.939999999999998,13.0,0.022414182475158077,6.79989999999998,26.0,0.01877491854878784,0.4929364202292669,5.6011759621451125,36.843533123028394,0.015614239272951093,2.82998018927445,22.52492113564669,0.007835530045022196,1.8630914826498424,0.00402220134195386,1.9444468750000041,16.553125,0.005470102952261012,1.0,0
14671.0,2022-01-21 14:00:00,374.42,374.69,373.4,374.33,1205895.0,1p,1p,0.0,sell,False,17.781709806314584,7.680000000000007,23.0,0.020925860330781195,0.3216218471869774,0.2825162521821756,0.4433271757756643,0.0011887385384976585,66.85032268651679,79.20743537621397,65.61500708110313,106.39229196643564,1205895.0,7.680000000000007,0.0,7.680000000000007,23.0,0.020925860330781195,7.680000000000007,0.0,0.0,1.0,1.0,0.3216218471869774,0.4433271757756643,0.2825162521821756,66.85032268651679,79.20743537621397,65.61500708110313,106.39229196643564,24.30121149734792,10.45213397735409,44.183708415018046,-0.024037177501210358,0.34547402249598835,0.2699999999999818,0.9300000000000068,0.09000000000003183,0.0,14672.0,14672.0,2022-01-21,2022-01-21 14:00:00,6.390083616060685,63.0,1.0,best_within_2.0d,14734.0,350.41,0.5832424107187206,4.3760036431226785,32.22527881040892,0.012230020343504162,2.285057100371749,15.890706319702602,0.006381710269403211,0.4929364202292669,5.6011759621451125,36.843533123028394,0.015614239272951093,2.82998018927445,22.52492113564669,0.007835530045022196,1.8630914826498424,0.00402220134195386,1.9444468750000041,16.553125,0.005470102952261012,0.0,1
14676.0,2022-01-21 14:25:00,356.84,356.84,354.79,354.94,983043.0,2s,2s,1.0,buy,False,0.9307304785894192,4.163492493946733,28.239017640954685,0.011578080659927173,-0.04894664703645224,-0.4037771958417798,-0.4282505193600059,-0.0012003023977234673,37.036699470189845,30.838412413809962,38.47555070580282,15.564135829824252,983043.0,2.9499999999999886,1.0,7.939999999999998,13.0,0.022414182475158077,2.9499999999999886,8.0,0.008246212332979227,1.0,2.5,-0.04894664703645224,-0.4282505193600059,-0.4037771958417798,37.036699470189845,30.838412413809962,38.47555070580282,15.564135829824252,15.725129945363006,24.69056859405732,18.74876458723801,-0.5324515188880107,0.5778065898136797,0.0,0.14999999999997726,1.8999999999999773,0.0,14677.0,14677.0,2022-01-21,2022-01-21 14:25:00,0.6226404462726037,6.0,1.0,best_within_2.0d,14682.0,357.15,0.5832424107187206,4.3760036431226785,32.22527881040892,0.012230020343504162,2.285057100371749,15.890706319702602,0.006381710269403211,0.9307304785894192,7.939999999999998,13.0,0.022414182475158077,2.9499999999999886,8.0,0.008246212332979227,1.0,0.00402220134195386,1.9444468750000041,16.553125,0.005470102952261012,0.0,0
14677.0,2022-01-21 14:30:00,354.95,355.33,354.71,354.88,962334.0,2s,2s,1.0,buy,False,0.9408060453400541,4.163492493946733,28.239017640954685,0.011578080659927173,-0.17695392459370995,-0.4258964364159935,-0.5143733987128485,-0.0014422585542886585,36.73178243481703,22.429128627908668,33.12674334650477,1.0338991907164683,962334.0,3.0300000000000296,1.0,7.939999999999998,13.0,0.022414182475158077,3.0300000000000296,9.0,0.00846983843014488,1.0,2.5,-0.17695392459370995,-0.5143733987128485,-0.4258964364159935,36.73178243481703,22.429128627908668,33.12674334650477,1.0338991907164683,16.509029517916346,19.14178038032293,17.937054805123637,-0.019721087477107532,0.17479067407177823,0.37999999999999545,0.17000000000001592,0.06999999999999318,0.0,14678.0,14678.0,2022-01-21,2022-01-21 14:30:00,0.6396528403967487,5.0,1.0,best_within_2.0d,14682.0,357.15,0.5832424107187206,4.3760036431226785,32.22527881040892,0.012230020343504162,2.285057100371749,15.890706319702602,0.006381710269403211,0.9408060453400541,7.939999999999998,13.0,0.022414182475158077,3.0300000000000296,9.0,0.00846983843014488,1.0,0.00402220134195386,1.9444468750000041,16.553125,0.005470102952261012,0.0,0
14678.0,2022-01-21 14:35:00,354.91,355.88,354.45,355.68,1093470.0,2s,2s,1.0,buy,False,0.9735516372795996,4.163492493946733,28.239017640954685,0.011578080659927173,-0.1380362939869022,-0.44315097316435625,-0.5121691201578074,-0.0014363656486111051,43.42034957498959,29.414833547353602,31.889440080121044,24.465620481818725,1093470.0,3.2900000000000205,1.0,7.939999999999998,13.0,0.022414182475158077,3.2900000000000205,10.0,0.009196623245932857,1.0,2.5,-0.1380362939869022,-0.5121691201578074,-0.44315097316435625,43.42034957498959,29.414833547353602,31.889440080121044,24.465620481818725,19.42228652642117,17.989526382504707,16.92938659424596,0.21695641148459657,0.40344195232049845,0.19999999999998863,0.4600000000000364,0.7699999999999818,1.0,14679.0,14679.0,2022-01-21,2022-01-21 14:35:00,0.4132928475033655,4.0,1.0,best_within_2.0d,14682.0,357.15,0.5832424107187206,4.3760036431226785,32.22527881040892,0.012230020343504162,2.285057100371749,15.890706319702602,0.006381710269403211,0.9735516372795996,7.939999999999998,13.0,0.022414182475158077,3.2900000000000205,10.0,0.009196623245932857,1.0,0.00402220134195386,1.9444468750000041,16.553125,0.005470102952261012,0.0,0
14682.0,2022-01-21 14:55:00,356.94,357.74,356.63,357.15,747758.0,3a,3a,0.0,sell,False,0.0048329422281819705,4.163492493946733,28.239017640954685,0.011578080659927173,0.23821685530269598,-0.4933179342314348,-0.3742095065800868,-0.0010475913835486907,49.36621091554854,49.834620469802154,41.79028157408119,65.92329826124407,747758.0,2.359899999999982,2.0,2.359899999999982,6.0,0.006640495627076423,2.359899999999982,6.0,0.006640495627076423,3.0,3.0,0.23821685530269598,-0.3742095065800868,-0.4933179342314348,49.36621091554854,49.834620469802154,41.79028157408119,65.92329826124407,23.779198550140855,15.542564438179568,21.14188272643248,0.05883341738106672,0.31124695062109575,0.5900000000000318,0.3100000000000023,0.20999999999997954,1.0,14683.0,14683.0,2022-01-21,2022-01-21 14:55:00,2.0540172048918044,173.78554736652885,0.0,,14281.267661333814,366.3529484630595,0.5832424107187206,4.3760036431226785,32.22527881040892,0.012230020343504162,2.285057100371749,15.890706319702602,0.006381710269403211,0.4929364202292669,5.6011759621451125,36.843533123028394,0.015614239272951093,2.82998018927445,22.52492113564669,0.007835530045022196,1.8630914826498424,0.0048329422281819705,2.359899999999982,6.0,0.006640495627076423,0.0,1
14682.0,2022-01-21 14:55:00,354.88,355.049,353.58,353.7199,1366768.0,1p,1p,1.0,buy,False,0.44843903799412677,4.160000000000025,14.0,0.011628557052608108,-0.3015047683165548,-0.5249247973993256,-0.675677181557603,-0.001897329572584741,33.989299073611605,20.744254095069333,27.863111569226465,6.506539146755067,1366768.0,4.160000000000025,0.0,4.160000000000025,14.0,0.011628557052608108,4.160000000000025,0.0,0.0,1.0,1.0,-0.3015047683165548,-0.675677181557603,-0.5249247973993256,33.989299073611605,20.744254095069333,27.863111569226465,6.506539146755067,12.697399055411744,27.67245393467729,17.890261156192587,-0.32689923354373307,0.4154646756038221,0.16899999999998272,0.13990000000001146,1.1601,0.0,14683.0,14683.0,2022-01-21,2022-01-21 14:55:00,2.0540172048918044,173.78554736652885,0.0,,14281.267661333814,366.3529484630595,0.5832424107187206,4.3760036431226785,32.22527881040892,0.012230020343504162,2.285057100371749,15.890706319702602,0.006381710269403211,0.4929364202292669,5.6011759621451125,36.843533123028394,0.015614239272951093,2.82998018927445,22.52492113564669,0.007835530045022196,1.8630914826498424,0.00402220134195386,1.9444468750000041,16.553125,0.005470102952261012,0.0,0
14683.0,2022-01-21 15:00:00,353.71,354.25,353.26,353.39,1120925.0,1p,1p,1.0,buy,False,0.6296481865114807,4.480000000000018,15.0,0.012523061441270246,-0.42333943860964496,-0.5778422272255312,-0.7895119465303537,-0.0022182419853142687,32.57812202689922,15.004166143798772,23.576796427417236,-2.1410944234381546,1120925.0,4.480000000000018,0.0,4.480000000000018,15.0,0.012523061441270246,4.480000000000018,0.0,0.0,1.0,1.0,-0.42333943860964496,-0.7895119465303537,-0.5778422272255312,32.57812202689922,15.004166143798772,23.576796427417236,-2.1410944234381546,9.823643800711034,30.04090390934106,20.23487724926517,-0.09046959373497872,0.2802468436845409,0.5400000000000205,0.12999999999999545,0.3199999999999932,0.0,14684.0,14684.0,2022-01-21,2022-01-21 15:00:00,2.0540172048918044,173.78554736652885,0.0,,14281.267661333814,366.3529484630595,0.5832424107187206,4.3760036431226785,32.22527881040892,0.012230020343504162,2.285057100371749,15.890706319702602,0.006381710269403211,0.4929364202292669,5.6011759621451125,36.843533123028394,0.015614239272951093,2.82998018927445,22.52492113564669,0.007835530045022196,1.8630914826498424,0.00402220134195386,1.9444468750000041,16.553125,0.005470102952261012,0.0,0
14684.0,2022-01-21 15:05:00,353.4,353.4,352.4701,352.88,1409424.0,1p,1p,1.0,buy,False,0.7913652705085792,5.269900000000007,16.0,0.014731089618158458,-0.5320687592358582,-0.6443508221300135,-0.9103852017479426,-0.0025594701659869415,30.471867233508306,13.129469878301721,20.09435424437873,-0.800298853852297,1409424.0,5.269900000000007,0.0,5.269900000000007,16.0,0.014731089618158458,5.269900000000007,0.0,0.0,1.0,1.0,-0.5320687592358582,-0.9103852017479426,-0.6443508221300135,30.471867233508306,13.129469878301721,20.09435424437873,-0.800298853852297,10.214112906037407,30.746222869852087,22.37001535068315,-0.14714204867005712,0.26382379668515854,0.0,0.40989999999999327,0.5199999999999818,0.0,14685.0,14685.0,2022-01-21,2022-01-21 15:05:00,2.0540172048918044,173.78554736652885,0.0,,14281.267661333814,366.3529484630595,0.5832424107187206,4.3760036431226785,32.22527881040892,0.012230020343504162,2.285057100371749,15.890706319702602,0.006381710269403211,0.4929364202292669,5.6011759621451125,36.843533123028394,0.015614239272951093,2.82998018927445,22.52492113564669,0.007835530045022196,1.8630914826498424,0.00402220134195386,1.9444468750000041,16.553125,0.005470102952261012,0.0,0
14685.0,2022-01-21 15:10:00,352.87,353.04,352.19,352.87,1164698.0,1p,1p,1.0,buy,False,0.8356656089242686,5.550000000000011,17.0,0.015514060490859315,-0.5618537737834595,-0.714582543852946,-0.9955094307446757,-0.002800435933567238,30.430323460476018,14.476885642773624,18.22186471051036,6.986927507300152,1164698.0,5.550000000000011,0.0,5.550000000000011,17.0,0.015514060490859315,5.550000000000011,0.0,0.0,1.0,1.0,-0.5618537737834595,-0.9955094307446757,-0.714582543852946,30.430323460476018,14.476885642773624,18.22186471051036,6.986927507300152,10.136374014903804,32.450234900954115,24.51475894493336,0.0,0.2413470001987628,0.17000000000001592,0.6800000000000068,0.0,0.0,14686.0,14686.0,2022-01-21,2022-01-21 15:10:00,2.0540172048918044,173.78554736652885,0.0,,14281.267661333814,366.3529484630595,0.5832424107187206,4.3760036431226785,32.22527881040892,0.012230020343504162,2.285057100371749,15.890706319702602,0.006381710269403211,0.4929364202292669,5.6011759621451125,36.843533123028394,0.015614239272951093,2.82998018927445,22.52492113564669,0.007835530045022196,1.8630914826498424,0.00402220134195386,1.9444468750000041,16.553125,0.005470102952261012,0.0,0
14688.0,2022-01-21 15:25:00,353.01,353.14,352.05,352.59,1008205.0,1p,1p,1.0,buy,False,0.8356656089242686,5.689999999999998,20.0,0.01590540616089897,-0.40712918588988667,-0.8738311825989481,-1.0773957755438914,-0.0030351241714033157,32.13781635072827,18.551534443924712,19.33467876031135,16.985245811151444,1008205.0,5.689999999999998,0.0,5.689999999999998,20.0,0.01590540616089897,5.689999999999998,0.0,0.0,1.0,1.0,-0.40712918588988667,-1.0773957755438914,-0.8738311825989481,32.13781635072827,18.551534443924712,19.33467876031135,16.985245811151444,12.364448425740678,31.983547713523368,27.83917320672276,-0.11897679952409732,0.3096151114898381,0.12999999999999545,0.5399999999999636,0.4200000000000159,0.0,14689.0,14689.0,2022-01-21,2022-01-21 15:25:00,2.0540172048918044,173.78554736652885,0.0,,14281.267661333814,366.3529484630595,0.5832424107187206,4.3760036431226785,32.22527881040892,0.012230020343504162,2.285057100371749,15.890706319702602,0.006381710269403211,0.4929364202292669,5.6011759621451125,36.843533123028394,0.015614239272951093,2.82998018927445,22.52492113564669,0.007835530045022196,1.8630914826498424,0.00402220134195386,1.9444468750000041,16.553125,0.005470102952261012,1.0,0
14693.0,2022-01-21 15:50:00,353.77,353.77,351.61,351.7933,2601865.0,1p,1p,1.0,buy,False,0.8356656089242686,6.1299999999999955,25.0,0.01713534969530943,-0.05174161892724283,-0.9024315365916399,-0.9283023460552613,-0.0026191545828894314,32.43512919099064,32.21111192213838,34.92556031036356,26.782215145688028,2601865.0,6.1299999999999955,0.0,6.1299999999999955,25.0,0.01713534969530943,6.1299999999999955,0.0,0.0,1.0,1.0,-0.05174161892724283,-0.9283023460552613,-0.9024315365916399,32.43512919099064,32.21111192213838,34.92556031036356,26.782215145688028,19.996618647575747,32.58924146937251,23.610421427102956,-0.5587528620290002,0.6143169989476887,0.0,0.18329999999997426,1.976699999999994,0.0,14694.0,14694.0,2022-01-21,2022-01-21 15:50:00,2.0540172048918044,173.78554736652885,0.0,,14281.267661333814,366.3529484630595,0.5832424107187206,4.3760036431226785,32.22527881040892,0.012230020343504162,2.285057100371749,15.890706319702602,0.006381710269403211,0.4929364202292669,5.6011759621451125,36.843533123028394,0.015614239272951093,2.82998018927445,22.52492113564669,0.007835530045022196,1.8630914826498424,0.00402220134195386,1.9444468750000041,16.553125,0.005470102952261012,0.0,0
14694.0,2022-01-21 15:55:00,351.79,353.08,351.41,351.44,3898322.0,1p,1p,1.0,buy,False,0.8356656089242686,6.329999999999984,26.0,0.017694414938223244,-0.19429294527487073,-0.9267181547509988,-1.0238646273884342,-0.0028905836182718625,31.00604064978836,21.73180657352157,30.527642398082893,4.140134924398929,3898322.0,6.329999999999984,0.0,6.329999999999984,26.0,0.017694414938223244,6.329999999999984,0.0,0.0,1.0,1.0,-0.19429294527487073,-1.0238646273884342,-0.9267181547509988,31.00604064978836,21.73180657352157,30.527642398082893,4.140134924398929,18.84315136599129,31.808118486614767,23.752286274035924,-0.09949117371159574,0.4752283657266324,1.2899999999999636,0.029999999999972715,0.35000000000002274,0.0,14695.0,14695.0,2022-01-21,2022-01-21 15:55:00,2.0540172048918044,173.78554736652885,0.0,,14281.267661333814,366.3529484630595,0.5832424107187206,4.3760036431226785,32.22527881040892,0.012230020343504162,2.285057100371749,15.890706319702602,0.006381710269403211,0.4929364202292669,5.6011759621451125,36.843533123028394,0.015614239272951093,2.82998018927445,22.52492113564669,0.007835530045022196,1.8630914826498424,0.00402220134195386,1.9444468750000041,16.553125,0.005470102952261012,0.0,0
14695.0,2022-01-21 16:00:00,351.4,361.5675,351.4,352.04,1905918.0,1p,1p,1.0,buy,False,0.8356656089242686,6.340000000000032,27.0,0.01772236820036907,-0.179977576081231,-0.9492153517611527,-1.0392041398017682,-0.0029352203709452386,36.15108719322136,16.586059722074104,25.88044817274663,-2.0027171792709453,1905918.0,6.340000000000032,0.0,6.340000000000032,27.0,0.01772236820036907,6.340000000000032,0.0,0.0,1.0,1.0,-0.179977576081231,-1.0392041398017682,-0.9492153517611527,36.15108719322136,16.586059722074104,25.88044817274663,-2.0027171792709453,43.525660691589835,19.174299864136255,24.82983157512601,0.18212862834378007,2.8934262948207223,9.527499999999975,0.0,0.6400000000000432,1.0,14696.0,14696.0,2022-01-21,2022-01-21 16:00:00,2.0540172048918044,173.78554736652885,0.0,,14281.267661333814,366.3529484630595,0.5832424107187206,4.3760036431226785,32.22527881040892,0.012230020343504162,2.285057100371749,15.890706319702602,0.006381710269403211,0.4929364202292669,5.6011759621451125,36.843533123028394,0.015614239272951093,2.82998018927445,22.52492113564669,0.007835530045022196,1.8630914826498424,0.00402220134195386,1.9444468750000041,16.553125,0.005470102952261012,0.0,0
14697.0,2022-01-21 16:10:00,351.5,351.8,351.25,351.55,128390.0,1p,1p,1.0,buy,False,0.8356656089242686,6.490000000000009,29.0,0.018141667132554395,-0.19937925519218158,-1.00094551590047,-1.1006351434965609,-0.003111897985117572,34.20229868348068,8.537514328233499,16.87102194845378,-8.129500912207064,128390.0,6.490000000000009,0.0,6.490000000000009,29.0,0.018141667132554395,6.490000000000009,0.0,0.0,1.0,1.0,-0.19937925519218158,-1.1006351434965609,-1.00094551590047,34.20229868348068,8.537514328233499,16.87102194845378,-8.129500912207064,45.588606578071776,15.033624824990099,28.265210388337774,0.014224751066859566,0.15658362989324168,0.25,0.25,0.05000000000001137,1.0,14698.0,14698.0,2022-01-21,2022-01-21 16:10:00,2.0540172048918044,173.78554736652885,0.0,,14281.267661333814,366.3529484630595,0.5832424107187206,4.3760036431226785,32.22527881040892,0.012230020343504162,2.285057100371749,15.890706319702602,0.006381710269403211,0.4929364202292669,5.6011759621451125,36.843533123028394,0.015614239272951093,2.82998018927445,22.52492113564669,0.007835530045022196,1.8630914826498424,0.00402220134195386,1.9444468750000041,16.553125,0.005470102952261012,1.0,0
14706.0,2022-01-21 16:55:00,351.49,351.69,351.25,351.25,712700.0,1p,1p,1.0,buy,False,0.8356656089242686,6.490000000000009,38.0,0.018141667132554395,0.19112939404905438,-0.9574234947286147,-0.8618587977040875,-0.002444356840988551,34.24489322590931,18.3885975091436,16.436341853055573,22.293108821319656,712700.0,6.490000000000009,0.0,6.490000000000009,38.0,0.018141667132554395,6.490000000000009,0.0,0.0,1.0,1.0,0.19112939404905438,-0.8618587977040875,-0.9574234947286147,34.24489322590931,18.3885975091436,16.436341853055573,22.293108821319656,49.67760424129544,13.812867172947566,42.490729871594155,-0.06828074767418962,0.1252669039145901,0.19999999999998863,0.0,0.2400000000000091,0.0,14707.0,14707.0,2022-01-21,2022-01-21 16:55:00,2.0540172048918044,173.78554736652885,0.0,,14281.267661333814,366.3529484630595,0.5832424107187206,4.3760036431226785,32.22527881040892,0.012230020343504162,2.285057100371749,15.890706319702602,0.006381710269403211,0.4929364202292669,5.6011759621451125,36.843533123028394,0.015614239272951093,2.82998018927445,22.52492113564669,0.007835530045022196,1.8630914826498424,0.00402220134195386,1.9444468750000041,16.553125,0.005470102952261012,0.0,0
14707.0,2022-01-21 17:00:00,351.39,351.46,351.25,351.44,71122.0,1p,1p,1.0,buy,False,0.8356656089242686,6.490000000000009,39.0,0.018141667132554395,0.21811509796750483,-0.9301591074826765,-0.8211015584989241,-0.002329326749721233,36.93392894023663,25.45350945053952,19.44206438555022,37.47639958051813,71122.0,6.490000000000009,0.0,6.490000000000009,39.0,0.018141667132554395,6.490000000000009,0.0,0.0,1.0,1.0,0.21811509796750483,-0.8211015584989241,-0.9301591074826765,36.93392894023663,25.45350945053952,19.44206438555022,37.47639958051813,55.928375544442765,5.742861751895745,45.26824079609048,0.014229204018330452,0.05978647686832157,0.01999999999998181,0.13999999999998636,0.05000000000001137,1.0,14708.0,14708.0,2022-01-21,2022-01-21 17:00:00,2.0540172048918044,173.78554736652885,0.0,,14281.267661333814,366.3529484630595,0.5832424107187206,4.3760036431226785,32.22527881040892,0.012230020343504162,2.285057100371749,15.890706319702602,0.006381710269403211,0.4929364202292669,5.6011759621451125,36.843533123028394,0.015614239272951093,2.82998018927445,22.52492113564669,0.007835530045022196,1.8630914826498424,0.00402220134195386,1.9444468750000041,16.553125,0.005470102952261012,0.0,0
14710.0,2022-01-21 17:15:00,351.3,351.33,351.22,351.26,17165.0,1p,1p,1.0,buy,False,0.8356656089242686,6.519999999999982,42.0,0.018225526918991396,0.24111479799194768,-0.8381254635642144,-0.7175680645682405,-0.0020369964666736456,35.72031477676809,21.658121290020947,24.685729162981424,15.602905544099997,17165.0,6.519999999999982,0.0,6.519999999999982,42.0,0.018225526918991396,6.519999999999982,0.0,0.0,1.0,1.0,0.24111479799194768,-0.7175680645682405,-0.8381254635642144,35.72031477676809,21.658121290020947,24.685729162981424,15.602905544099997,8.356545961003292,21.169916434542202,47.21231652343196,-0.011386279533168365,0.03131940094526416,0.029999999999972715,0.03999999999996362,0.040000000000020464,0.0,14711.0,14711.0,2022-01-21,2022-01-21 17:15:00,2.0540172048918044,173.78554736652885,0.0,,14281.267661333814,366.3529484630595,0.5832424107187206,4.3760036431226785,32.22527881040892,0.012230020343504162,2.285057100371749,15.890706319702602,0.006381710269403211,0.4929364202292669,5.6011759621451125,36.843533123028394,0.015614239272951093,2.82998018927445,22.52492113564669,0.007835530045022196,1.8630914826498424,0.00402220134195386,1.9444468750000041,16.553125,0.005470102952261012,0.0,0
14712.0,2022-01-21 17:25:00,351.28,351.3,351.19,351.21,13100.0,1p,1p,1.0,buy,False,0.8356656089242686,6.550000000000011,44.0,0.018309386705428556,0.24087806236499554,-0.776945242629422,-0.6565062114469242,-0.0018644158081790687,35.624407532722685,15.687297405491416,20.98518900943087,5.091514197612511,13100.0,6.550000000000011,0.0,6.550000000000011,44.0,0.018309386705428556,6.550000000000011,0.0,0.0,1.0,1.0,0.24087806236499554,-0.6565062114469242,-0.776945242629422,35.624407532722685,15.687297405491416,20.98518900943087,5.091514197612511,10.489510489511462,21.678321678325013,45.30344070324261,-0.019927123662034044,0.031322076368920995,0.020000000000038654,0.01999999999998181,0.06999999999999318,0.0,14713.0,14713.0,2022-01-21,2022-01-21 17:25:00,2.0540172048918044,173.78554736652885,0.0,,14281.267661333814,366.3529484630595,0.5832424107187206,4.3760036431226785,32.22527881040892,0.012230020343504162,2.285057100371749,15.890706319702602,0.006381710269403211,0.4929364202292669,5.6011759621451125,36.843533123028394,0.015614239272951093,2.82998018927445,22.52492113564669,0.007835530045022196,1.8630914826498424,0.00402220134195386,1.9444468750000041,16.553125,0.005470102952261012,0.0,0
14713.0,2022-01-21 17:30:00,351.32,351.32,351.16,351.19,1635.0,1p,1p,1.0,buy,False,0.8356656089242686,6.579999999999984,45.0,0.018393246491865557,0.23504744071449024,-0.7475643125401107,-0.6300405921828656,-0.0017896076963183182,35.41415498623218,12.34499072315618,18.10512291400597,0.8247263414565964,1635.0,6.579999999999984,0.0,6.579999999999984,45.0,0.018393246491865557,6.579999999999984,0.0,0.0,1.0,1.0,0.23504744071449024,-0.6300405921828656,-0.7475643125401107,35.41415498623218,12.34499072315618,18.10512291400597,0.8247263414565964,10.869565217392424,23.550724637683928,44.69905960037945,-0.03700330183308535,0.045563275999535295,0.0,0.029999999999972715,0.12999999999999545,0.0,14714.0,14714.0,2022-01-21,2022-01-21 17:30:00,2.0540172048918044,173.78554736652885,0.0,,14281.267661333814,366.3529484630595,0.5832424107187206,4.3760036431226785,32.22527881040892,0.012230020343504162,2.285057100371749,15.890706319702602,0.006381710269403211,0.4929364202292669,5.6011759621451125,36.843533123028394,0.015614239272951093,2.82998018927445,22.52492113564669,0.007835530045022196,1.8630914826498424,0.00402220134195386,1.9444468750000041,16.553125,0.005470102952261012,0.0,0
14714.0,2022-01-21 17:35:00,351.2,351.25,351.15,351.15,5036.0,1p,1p,1.0,buy,False,0.8356656089242687,6.590000000000032,46.0,0.01842119975401138,0.22759673395672286,-0.7191147207955203,-0.6053163538171589,-0.0017197068960525129,34.96962681299051,8.229993815437453,14.81341321448313,-4.936844982653902,5036.0,6.590000000000032,0.0,6.590000000000032,46.0,0.01842119975401138,6.590000000000032,0.0,0.0,1.0,1.0,0.22759673395672286,-0.6053163538171589,-0.7191147207955203,34.96962681299051,8.229993815437453,14.81341321448313,-4.936844982653902,11.450381679390473,19.84732824427754,43.42264593554408,-0.014236902050117134,0.028477858465049903,0.05000000000001137,0.0,0.05000000000001137,0.0,14715.0,14715.0,2022-01-21,2022-01-21 17:35:00,2.0540172048918044,173.78554736652885,0.0,,14281.267661333814,366.3529484630595,0.5832424107187206,4.3760036431226785,32.22527881040892,0.012230020343504162,2.285057100371749,15.890706319702602,0.006381710269403211,0.4929364202292669,5.6011759621451125,36.843533123028394,0.015614239272951093,2.82998018927445,22.52492113564669,0.007835530045022196,1.8630914826498424,0.00402220134195386,1.9444468750000041,16.553125,0.005470102952261012,0.0,0
14715.0,2022-01-21 17:40:00,351.1,351.28,350.93,350.93,12782.0,1p,1p,1.0,buy,False,0.8356656089242687,6.810000000000002,47.0,0.019036171521216533,0.19602806963067088,-0.6946112120916864,-0.596597177276351,-0.0016953131666789163,32.54962459420001,5.486662543624968,11.704496324197075,-6.949005017519244,12782.0,6.810000000000002,0.0,6.810000000000002,47.0,0.019036171521216533,6.810000000000002,0.0,0.0,1.0,1.0,0.19602806963067088,-0.596597177276351,-0.6946112120916864,32.54962459420001,5.486662543624968,11.704496324197075,-6.949005017519244,10.752688172044216,26.52329749104172,43.34300639069745,-0.04841925377385813,0.09973498988401273,0.17999999999994998,0.0,0.17000000000001592,0.0,14716.0,14716.0,2022-01-21,2022-01-21 17:40:00,2.0540172048918044,173.78554736652885,0.0,,14281.267661333814,366.3529484630595,0.5832424107187206,4.3760036431226785,32.22527881040892,0.012230020343504162,2.285057100371749,15.890706319702602,0.006381710269403211,0.4929364202292669,5.6011759621451125,36.843533123028394,0.015614239272951093,2.82998018927445,22.52492113564669,0.007835530045022196,1.8630914826498424,0.00402220134195386,1.9444468750000041,16.553125,0.005470102952261012,0.0,0
14716.0,2022-01-21 17:45:00,351.0,351.1,350.93,351.0,1300.0,1p,1p,1.0,buy,False,0.8356656089242687,6.810000000000002,48.0,0.019036171521216533,0.18756507568325542,-0.6711655776312795,-0.5773830397896518,-0.0016410277818830659,34.112020171987055,7.247518618826677,10.21883708907361,1.304881678332812,1300.0,6.810000000000002,0.0,6.810000000000002,48.0,0.019036171521216533,6.810000000000002,0.0,0.0,1.0,1.0,0.18756507568325542,-0.5773830397896518,-0.6711655776312795,34.112020171987055,7.247518618826677,10.21883708907361,1.304881678332812,9.747292418772572,26.71480144404547,43.570981181744024,0.0,0.048442709372244014,0.10000000000002274,0.06999999999999318,0.0,0.0,14717.0,14717.0,2022-01-21,2022-01-21 17:45:00,2.0540172048918044,173.78554736652885,0.0,,14281.267661333814,366.3529484630595,0.5832424107187206,4.3760036431226785,32.22527881040892,0.012230020343504162,2.285057100371749,15.890706319702602,0.006381710269403211,0.4929364202292669,5.6011759621451125,36.843533123028394,0.015614239272951093,2.82998018927445,22.52492113564669,0.007835530045022196,1.8630914826498424,0.00402220134195386,1.9444468750000041,16.553125,0.005470102952261012,0.0,0
14717.0,2022-01-21 17:50:00,351.0,351.0,350.87,350.97,35184.0,1p,1p,1.0,buy,False,0.8356656089242687,6.8700000000000045,49.0,0.019203891094090694,0.1808368809135934,-0.6485609675170803,-0.5581425270602836,-0.0015866341306572105,33.7511893650079,9.526514759970162,9.98806297937246,8.603418321165567,35184.0,6.8700000000000045,0.0,6.8700000000000045,49.0,0.019203891094090694,6.8700000000000045,0.0,0.0,1.0,1.0,0.1808368809135934,-0.5581425270602836,-0.6485609675170803,33.7511893650079,9.526514759970162,9.98806297937246,8.603418321165567,4.942965779467837,30.4182509505728,45.604697579668695,-0.008547008547000773,0.037050759540569286,0.0,0.10000000000002274,0.029999999999972715,0.0,14718.0,14718.0,2022-01-21,2022-01-21 17:50:00,2.0540172048918044,173.78554736652885,0.0,,14281.267661333814,366.3529484630595,0.5832424107187206,4.3760036431226785,32.22527881040892,0.012230020343504162,2.285057100371749,15.890706319702602,0.006381710269403211,0.4929364202292669,5.6011759621451125,36.843533123028394,0.015614239272951093,2.82998018927445,22.52492113564669,0.007835530045022196,1.8630914826498424,0.00402220134195386,1.9444468750000041,16.553125,0.005470102952261012,1.0,0
14724.0,2022-01-21 18:25:00,351.02,351.22,350.85,350.85,9427.0,1p,1p,1.0,buy,False,0.8356656089242686,6.889999999999986,56.0,0.019259797618382028,0.16021227301732144,-0.47581439356018473,-0.395708257051524,-0.0011259052078120074,33.74908980264868,18.731532970343217,27.67026670576592,0.8540654994978141,9427.0,6.889999999999986,0.0,6.889999999999986,56.0,0.019259797618382028,6.889999999999986,0.0,0.0,1.0,1.0,0.16021227301732144,-0.395708257051524,-0.47581439356018473,33.74908980264868,18.731532970343217,27.67026670576592,0.8540654994978141,20.46511627907042,26.04651162791069,40.548035558389586,-0.048430288872417265,0.10545817300840946,0.20000000000004547,0.0,0.16999999999995907,0.0,14725.0,14725.0,2022-01-21,2022-01-21 18:25:00,2.0540172048918044,173.78554736652885,0.0,,14281.267661333814,366.3529484630595,0.5832424107187206,4.3760036431226785,32.22527881040892,0.012230020343504162,2.285057100371749,15.890706319702602,0.006381710269403211,0.4929364202292669,5.6011759621451125,36.843533123028394,0.015614239272951093,2.82998018927445,22.52492113564669,0.007835530045022196,1.8630914826498424,0.00402220134195386,1.9444468750000041,16.553125,0.005470102952261012,0.0,0
14725.0,2022-01-21 18:30:00,350.89,350.94,350.78,350.8,4270.0,1p,1p,1.0,buy,False,0.8356656089242687,6.960000000000036,57.0,0.019455470453402013,0.1416062401061703,-0.45811361354691343,-0.3873104934938283,-0.001102163947260797,32.92067977672973,14.002840162049733,23.114457857860522,-4.220395229571849,4270.0,6.960000000000036,0.0,6.960000000000036,57.0,0.019455470453402013,6.960000000000036,0.0,0.0,1.0,1.0,0.1416062401061703,-0.3873104934938283,-0.45811361354691343,32.92067977672973,14.002840162049733,23.114457857860522,-4.220395229571849,19.90950226244352,28.50678733032194,38.920105114633394,-0.02564906380916384,0.04561263469981899,0.05000000000001137,0.020000000000038654,0.08999999999997499,0.0,14726.0,14726.0,2022-01-21,2022-01-21 18:30:00,2.0540172048918044,173.78554736652885,0.0,,14281.267661333814,366.3529484630595,0.5832424107187206,4.3760036431226785,32.22527881040892,0.012230020343504162,2.285057100371749,15.890706319702602,0.006381710269403211,0.4929364202292669,5.6011759621451125,36.843533123028394,0.015614239272951093,2.82998018927445,22.52492113564669,0.007835530045022196,1.8630914826498424,0.00402220134195386,1.9444468750000041,16.553125,0.005470102952261012,0.0,0
14726.0,2022-01-21 18:35:00,350.79,350.81,350.74,350.81,6233.0,1p,1p,1.0,buy,False,0.8356656089242687,7.0,58.0,0.01956728350198468,0.13215052804989647,-0.44159479754067643,-0.3755195335157282,-0.0010687455581568808,33.273453807117946,14.196337885810275,20.141751200510438,2.3055112564099502,6233.0,7.0,0.0,7.0,58.0,0.01956728350198468,7.0,0.0,0.0,1.0,1.0,0.13215052804989647,-0.3755195335157282,-0.44159479754067643,33.273453807117946,14.196337885810275,20.141751200510438,2.3055112564099502,20.46511627906988,29.302325581398094,37.40845541685949,0.00570141680207013,0.01995780350116701,0.0,0.05000000000001137,0.01999999999998181,1.0,14727.0,14727.0,2022-01-21,2022-01-21 18:35:00,2.0540172048918044,173.78554736652885,0.0,,14281.267661333814,366.3529484630595,0.5832424107187206,4.3760036431226785,32.22527881040892,0.012230020343504162,2.285057100371749,15.890706319702602,0.006381710269403211,0.4929364202292669,5.6011759621451125,36.843533123028394,0.015614239272951093,2.82998018927445,22.52492113564669,0.007835530045022196,1.8630914826498424,0.00402220134195386,1.9444468750000041,16.553125,0.005470102952261012,0.0,0
14727.0,2022-01-21 18:40:00,350.81,350.84,350.74,350.75,5234.0,1p,1p,1.0,buy,False,0.8356656089242686,7.0,59.0,0.01956728350198468,0.11969007316627511,-0.42663353839489204,-0.3667885018117545,-0.0010440319581280497,32.1799281971892,10.158669701650634,16.81405736755717,-3.152105630162435,5234.0,7.0,0.0,7.0,59.0,0.01956728350198468,7.0,0.0,0.0,1.0,1.0,0.11969007316627511,-0.3667885018117545,-0.42663353839489204,32.1799281971892,10.158669701650634,16.81405736755717,-3.152105630162435,22.488038277510817,28.708133971296018,35.60424665210453,-0.017103275277216234,0.02851114785880307,0.029999999999972715,0.009999999999990905,0.060000000000002274,0.0,14728.0,14728.0,2022-01-21,2022-01-21 18:40:00,2.0540172048918044,173.78554736652885,0.0,,14281.267661333814,366.3529484630595,0.5832424107187206,4.3760036431226785,32.22527881040892,0.012230020343504162,2.285057100371749,15.890706319702602,0.006381710269403211,0.4929364202292669,5.6011759621451125,36.843533123028394,0.015614239272951093,2.82998018927445,22.52492113564669,0.007835530045022196,1.8630914826498424,0.00402220134195386,1.9444468750000041,16.553125,0.005470102952261012,0.0,0
14728.0,2022-01-21 18:45:00,350.73,350.8,350.73,350.79,2826.0,1p,1p,1.0,buy,False,0.8356656089242686,7.009999999999991,60.0,0.019595236764130348,0.11849023620056298,-0.41182225886982166,-0.35257714076954016,-0.0010036925373012916,33.74327195833418,10.854079120828393,14.82739795198091,2.9074414585233583,2826.0,7.009999999999991,0.0,7.009999999999991,60.0,0.019595236764130348,7.009999999999991,0.0,0.0,1.0,1.0,0.11849023620056298,-0.35257714076954016,-0.41182225886982166,33.74327195833418,10.854079120828393,14.82739795198091,2.9074414585233583,22.81553398058169,29.126213592234883,33.92890994197459,0.017107176460525838,0.019958372537277443,0.009999999999990905,0.0,0.060000000000002274,1.0,14729.0,14729.0,2022-01-21,2022-01-21 18:45:00,2.0540172048918044,173.78554736652885,0.0,,14281.267661333814,366.3529484630595,0.5832424107187206,4.3760036431226785,32.22527881040892,0.012230020343504162,2.285057100371749,15.890706319702602,0.006381710269403211,0.4929364202292669,5.6011759621451125,36.843533123028394,0.015614239272951093,2.82998018927445,22.52492113564669,0.007835530045022196,1.8630914826498424,0.00402220134195386,1.9444468750000041,16.553125,0.005470102952261012,0.0,0
14731.0,2022-01-21 19:00:00,350.76,350.8,350.64,350.64,8880.0,1p,1p,1.0,buy,False,0.8356656089242686,7.100000000000023,63.0,0.01984681612344167,0.10156717056715137,-0.368926160418319,-0.3181425751347433,-0.000905956166768766,31.093688709384153,5.2993567765407725,9.461178391942727,-3.0242864542631374,8880.0,7.100000000000023,0.0,7.100000000000023,63.0,0.01984681612344167,7.100000000000023,0.0,0.0,1.0,1.0,0.10156717056715137,-0.3181425751347433,-0.368926160418319,31.093688709384153,5.2993567765407725,9.461178391942727,-3.0242864542631374,50.370370370368974,15.92592592592835,38.021664056332504,-0.03421142661649121,0.04563084645220882,0.040000000000020464,0.0,0.12000000000000455,0.0,14732.0,14732.0,2022-01-21,2022-01-21 19:00:00,2.0540172048918044,173.78554736652885,0.0,,14281.267661333814,366.3529484630595,0.5832424107187206,4.3760036431226785,32.22527881040892,0.012230020343504162,2.285057100371749,15.890706319702602,0.006381710269403211,0.4929364202292669,5.6011759621451125,36.843533123028394,0.015614239272951093,2.82998018927445,22.52492113564669,0.007835530045022196,1.8630914826498424,0.00402220134195386,1.9444468750000041,16.553125,0.005470102952261012,0.0,0
14732.0,2022-01-21 19:05:00,350.61,350.64,350.61,350.61,1610.0,1p,1p,1.0,buy,False,0.8356656089242686,7.1299999999999955,64.0,0.01993067590987867,0.08837905967503779,-0.3578787779589393,-0.3136892481214204,-0.0008933797887542892,30.47482173147567,3.532904517693848,7.4850871005264334,-4.371460647971322,1610.0,7.1299999999999955,0.0,7.1299999999999955,64.0,0.01993067590987867,7.1299999999999955,0.0,0.0,1.0,1.0,0.08837905967503779,-0.3136892481214204,-0.3578787779589393,30.47482173147567,3.532904517693848,7.4850871005264334,-4.371460647971322,48.46153846153656,17.692307692309324,38.628090045663875,0.0,0.008556515786763844,0.029999999999972715,0.0,0.0,0.0,14733.0,14733.0,2022-01-21,2022-01-21 19:05:00,2.0540172048918044,173.78554736652885,0.0,,14281.267661333814,366.3529484630595,0.5832424107187206,4.3760036431226785,32.22527881040892,0.012230020343504162,2.285057100371749,15.890706319702602,0.006381710269403211,0.4929364202292669,5.6011759621451125,36.843533123028394,0.015614239272951093,2.82998018927445,22.52492113564669,0.007835530045022196,1.8630914826498424,0.00402220134195386,1.9444468750000041,16.553125,0.005470102952261012,0.0,0
14733.0,2022-01-21 19:10:00,350.58,350.58,350.5,350.52,7875.0,1p,1p,1.0,buy,False,0.8356656089242694,7.240000000000009,65.0,0.020238161793481323,0.07051827644026198,-0.34906399340390654,-0.31380485518377554,-0.0008938233831062895,28.633596561638214,2.915493768097911,5.961889323050259,-3.177297341806783,7875.0,7.240000000000009,0.0,7.240000000000009,65.0,0.020238161793481323,7.240000000000009,0.0,0.0,1.0,1.0,0.07051827644026198,-0.31380485518377554,-0.34906399340390654,28.633596561638214,2.915493768097911,5.961889323050259,-3.177297341806783,44.44444444444299,21.839080459771917,38.30494405974285,-0.017114495978094096,0.02282453637660031,0.0,0.01999999999998181,0.060000000000002274,0.0,14734.0,14734.0,2022-01-21,2022-01-21 19:10:00,2.0540172048918044,173.78554736652885,0.0,,14281.267661333814,366.3529484630595,0.5832424107187206,4.3760036431226785,32.22527881040892,0.012230020343504162,2.285057100371749,15.890706319702602,0.006381710269403211,0.4929364202292669,5.6011759621451125,36.843533123028394,0.015614239272951093,2.82998018927445,22.52492113564669,0.007835530045022196,1.8630914826498424,0.00402220134195386,1.9444468750000041,16.553125,0.005470102952261012,0.0,0
14734.0,2022-01-21 19:15:00,350.44,350.44,350.39,350.41,6328.0,1p,1p,1.0,buy,False,0.8356656089242687,7.350000000000023,66.0,0.02054564767708398,0.04795161250761548,-0.3430700418404546,-0.31909423558664685,-0.0009090181333360479,26.52426906872776,2.4564830248867735,4.7934205569957635,-2.217392039331207,6328.0,7.350000000000023,0.0,7.350000000000023,66.0,0.02054564767708398,7.350000000000023,0.0,0.0,1.0,1.0,0.04795161250761548,-0.31909423558664685,-0.3430700418404546,26.52426906872776,2.4564830248867735,4.7934205569957635,-2.217392039331207,45.490196078429925,23.137254901961928,37.89540723914872,-0.008560666590564066,0.014269813636237156,0.0,0.020000000000038654,0.029999999999972715,0.0,14735.0,14735.0,2022-01-21,2022-01-21 19:15:00,2.0540172048918044,173.78554736652885,0.0,,14281.267661333814,366.3529484630595,0.5832424107187206,4.3760036431226785,32.22527881040892,0.012230020343504162,2.285057100371749,15.890706319702602,0.006381710269403211,0.4929364202292669,5.6011759621451125,36.843533123028394,0.015614239272951093,2.82998018927445,22.52492113564669,0.007835530045022196,1.8630914826498424,0.00402220134195386,1.9444468750000041,16.553125,0.005470102952261012,0.0,0
14735.0,2022-01-21 19:20:00,350.42,350.5,350.36,350.5,6631.0,1p,1p,1.0,buy,False,0.8356656089242694,7.3799999999999955,67.0,0.02062950746352098,0.049036149637218696,-0.33694052313580225,-0.3124224483171929,-0.0008901117926074999,31.00278555321185,5.146427279748777,4.911089464580101,5.617102910086128,6631.0,7.3799999999999955,0.0,7.3799999999999955,67.0,0.02062950746352098,7.3799999999999955,0.0,0.0,1.0,1.0,0.049036149637218696,-0.3124224483171929,-0.33694052313580225,31.00278555321185,5.146427279748777,4.911089464580101,5.617102910086128,46.9230769230764,22.692307692309214,37.674780281656005,0.022829747160545654,0.03995889941773785,0.0,0.060000000000002274,0.07999999999998408,1.0,14736.0,14736.0,2022-01-21,2022-01-21 19:20:00,2.0540172048918044,173.78554736652885,0.0,,14281.267661333814,366.3529484630595,0.5832424107187206,4.3760036431226785,32.22527881040892,0.012230020343504162,2.285057100371749,15.890706319702602,0.006381710269403211,0.4929364202292669,5.6011759621451125,36.843533123028394,0.015614239272951093,2.82998018927445,22.52492113564669,0.007835530045022196,1.8630914826498424,0.00402220134195386,1.9444468750000041,16.553125,0.005470102952261012,1.0,0
14758.0,2022-01-24 05:15:00,350.67,350.81,350.11,350.36,22494.0,1p,1p,1.0,buy,False,0.8702786901874358,4.189999999999998,16.0,0.011826136042901489,-0.4889694533530061,0.20745224787238142,-0.03703247880412164,-0.00010531504516160455,35.99653750818821,15.668007567909616,24.203086301095986,-1.4021498984631222,22494.0,4.189999999999998,0.0,4.189999999999998,16.0,0.011826136042901489,4.189999999999998,0.0,0.0,1.0,1.0,-0.4889694533530061,-0.03703247880412164,0.20745224787238142,35.99653750818821,15.668007567909616,24.203086301095986,-1.4021498984631222,8.352668213456894,42.111368909513516,50.285861114680465,-0.08840220149998639,0.19993716260603484,0.13999999999998636,0.25,0.3100000000000023,0.0,14759.0,14759.0,2022-01-24,2022-01-24 05:15:00,3.285192373558623,220.0,1.0,best_within_2.0d,14978.0,361.87,0.5832424107187206,4.3760036431226785,32.22527881040892,0.012230020343504162,2.285057100371749,15.890706319702602,0.006381710269403211,0.4929364202292669,5.6011759621451125,36.843533123028394,0.015614239272951093,2.82998018927445,22.52492113564669,0.007835530045022196,1.8630914826498424,0.00402220134195386,1.9444468750000041,16.553125,0.005470102952261012,0.0,0
14759.0,2022-01-24 05:20:00,350.16,350.57,349.58,349.61,17213.0,1p,1p,1.0,buy,False,1.1400636282439691,4.720000000000027,17.0,0.013322043465989352,-0.6405491658885001,0.1273836021363189,-0.1928909808079311,-0.0005487883418162537,30.898184414294178,10.76079579185593,19.722322798015966,-7.162258220464139,17213.0,4.720000000000027,0.0,4.720000000000027,17.0,0.013322043465989352,4.720000000000027,0.0,0.0,1.0,1.0,-0.6405491658885001,-0.1928909808079311,0.1273836021363189,30.898184414294178,10.76079579185593,19.722322798015966,-7.162258220464139,7.903402854006397,45.444566410539124,51.72046891865841,-0.1570710532328111,0.28319697923222414,0.40999999999996817,0.03000000000002956,0.5500000000000114,0.0,14760.0,14760.0,2022-01-24,2022-01-24 05:20:00,3.5067646806441437,219.0,1.0,best_within_2.0d,14978.0,361.87,0.5832424107187206,4.3760036431226785,32.22527881040892,0.012230020343504162,2.285057100371749,15.890706319702602,0.006381710269403211,0.4929364202292669,5.6011759621451125,36.843533123028394,0.015614239272951093,2.82998018927445,22.52492113564669,0.007835530045022196,1.8630914826498424,0.00402220134195386,1.9444468750000041,16.553125,0.005470102952261012,0.0,0
14760.0,2022-01-24 05:25:00,349.6,349.85,349.06,349.09,19071.0,1p,1p,1.0,buy,False,1.3716569693413072,5.240000000000009,18.0,0.014789726220716932,-0.7706707817264933,0.03104975442050726,-0.35428563644273936,-0.0010084764916018438,27.94309606833251,7.457149980217201,15.63393185874971,-8.896413776847819,19071.0,5.240000000000009,0.0,5.240000000000009,18.0,0.014789726220716932,5.240000000000009,0.0,0.0,1.0,1.0,-0.7706707817264933,-0.35428563644273936,0.03104975442050726,27.94309606833251,7.457149980217201,15.63393185874971,-8.896413776847819,7.886089813800436,44.797371303396325,53.0306047146379,-0.14588100686500222,0.22632212227124862,0.25,0.029999999999972715,0.5100000000000477,0.0,14761.0,14761.0,2022-01-24,2022-01-24 05:25:00,3.660947033716242,218.0,1.0,best_within_2.0d,14978.0,361.87,0.5832424107187206,4.3760036431226785,32.22527881040892,0.012230020343504162,2.285057100371749,15.890706319702602,0.006381710269403211,0.4929364202292669,5.6011759621451125,36.843533123028394,0.015614239272951093,2.82998018927445,22.52492113564669,0.007835530045022196,1.8630914826498424,0.00402220134195386,1.9444468750000041,16.553125,0.005470102952261012,0.0,0
14763.0,2022-01-24 05:40:00,349.49,349.71,348.47,348.73,66418.0,1p,1p,1.0,buy,False,1.3716569693413398,5.829999999999984,21.0,0.01645498165396552,-0.7404144635375446,-0.24462589782828698,-0.6148331295970593,-0.0017522612012514335,28.986517307430788,9.33922902415672,11.491105985762983,5.035475100944193,66418.0,5.829999999999984,0.0,5.829999999999984,21.0,0.01645498165396552,5.829999999999984,0.0,0.0,1.0,1.0,-0.7404144635375446,-0.6148331295970593,-0.24462589782828698,28.986517307430788,9.33922902415672,11.491105985762983,5.035475100944193,5.744888023368834,46.056475170399736,56.77960883171245,-0.21745972703081373,0.35584124888798235,0.21999999999997044,0.2599999999999909,0.7599999999999909,0.0,14764.0,14764.0,2022-01-24,2022-01-24 05:40:00,3.767958019097865,215.0,1.0,best_within_2.0d,14978.0,361.87,0.5832424107187206,4.3760036431226785,32.22527881040892,0.012230020343504162,2.285057100371749,15.890706319702602,0.006381710269403211,0.4929364202292669,5.6011759621451125,36.843533123028394,0.015614239272951093,2.82998018927445,22.52492113564669,0.007835530045022196,1.8630914826498424,0.00402220134195386,1.9444468750000041,16.553125,0.005470102952261012,1.0,0
14783.0,2022-01-24 07:20:00,349.6,349.6,349.08,349.5,34120.0,2,2,1.0,buy,False,0.7765567765567892,4.163492493946733,28.239017640954685,0.011578080659927173,-0.024011185908658583,-0.2090323721120006,-0.2210379650663299,-0.0006312088329458935,42.03889368702396,27.010394796329297,36.266007170219964,8.499170048547967,34120.0,2.1200000000000045,1.0,2.7299999999999613,8.0,0.007834246850517868,2.1200000000000045,14.0,0.006036446469248305,2.0,2.0,-0.024011185908658583,-0.2210379650663299,-0.2090323721120006,42.03889368702396,27.010394796329297,36.266007170219964,8.499170048547967,14.114114114113702,27.12712712712788,32.98832557436698,-0.02860411899314151,0.14896298842673275,0.0,0.4200000000000159,0.10000000000002274,0.0,14784.0,14784.0,2022-01-24,2022-01-24 07:20:00,3.5393419170243217,195.0,1.0,best_within_2.0d,14978.0,361.87,0.7765567765567892,2.7299999999999613,8.0,0.007834246850517868,2.1200000000000045,14.0,0.006036446469248305,0.4929364202292669,5.6011759621451125,36.843533123028394,0.015614239272951093,2.82998018927445,22.52492113564669,0.007835530045022196,1.8630914826498424,0.00402220134195386,1.9444468750000041,16.553125,0.005470102952261012,0.0,0
14785.0,2022-01-24 07:30:00,349.48,349.8,348.97,348.97,84559.0,2,2,1.0,buy,False,0.8168498168498143,4.163492493946733,28.239017640954685,0.011578080659927173,-0.13467201680689617,-0.233304337691617,-0.30064034609506507,-0.0008588710171419642,37.23331672505853,16.02472041199238,26.801372350314903,-5.528583464652662,84559.0,2.2299999999999613,1.0,2.7299999999999613,8.0,0.007834246850517868,2.2299999999999613,16.0,0.006349658314350687,2.0,2.0,-0.13467201680689617,-0.30064034609506507,-0.233304337691617,37.23331672505853,16.02472041199238,26.801372350314903,-5.528583464652662,18.048268625393128,24.239244491081344,29.922308213877916,-0.1459310976307631,0.23784279450955212,0.3199999999999932,0.0,0.5099999999999909,0.0,14786.0,14786.0,2022-01-24,2022-01-24 07:30:00,3.6965928303292475,193.0,1.0,best_within_2.0d,14978.0,361.87,0.8168498168498143,2.7299999999999613,8.0,0.007834246850517868,2.2299999999999613,16.0,0.006349658314350687,0.4929364202292669,5.6011759621451125,36.843533123028394,0.015614239272951093,2.82998018927445,22.52492113564669,0.007835530045022196,1.8630914826498424,0.00402220134195386,1.9444468750000041,16.553125,0.005470102952261012,0.0,0
14786.0,2022-01-24 07:35:00,348.97,349.36,348.81,348.94,127022.0,2,2,1.0,buy,False,0.8754578754578829,4.163492493946733,28.239017640954685,0.011578080659927173,-0.17430140456861576,-0.25509201326269393,-0.3422427155470018,-0.0009779488154659003,36.97357491553965,12.600551071121703,22.067765257250503,-6.333877301135892,127022.0,2.3899999999999864,1.0,2.7299999999999613,8.0,0.007834246850517868,2.3899999999999864,17.0,0.006805239179954403,2.0,2.0,-0.17430140456861576,-0.3422427155470018,-0.25509201326269393,36.97357491553965,12.600551071121703,22.067765257250503,-6.333877301135892,16.1290322580644,26.559139784946943,29.53023258219225,-0.008596727512402086,0.15767896562598874,0.38999999999998636,0.12999999999999545,0.03000000000002956,0.0,14787.0,14787.0,2022-01-24,2022-01-24 07:35:00,3.70550811027684,192.0,1.0,best_within_2.0d,14978.0,361.87,0.8754578754578829,2.7299999999999613,8.0,0.007834246850517868,2.3899999999999864,17.0,0.006805239179954403,0.4929364202292669,5.6011759621451125,36.843533123028394,0.015614239272951093,2.82998018927445,22.52492113564669,0.007835530045022196,1.8630914826498424,0.00402220134195386,1.9444468750000041,16.553125,0.005470102952261012,0.0,0
14787.0,2022-01-24 07:40:00,348.97,349.03,348.4,348.4,75011.0,1,1,1.0,buy,False,0.4525643642979992,2.8000000000000114,18.0,0.007972665148063813,-0.2542749959608095,-0.2868763877577951,-0.41401388573819986,-0.0011834235888958738,32.56928811684156,8.400367380747802,17.511965965082936,-9.822829787922466,75011.0,2.8000000000000114,2.0,2.8000000000000114,18.0,0.007972665148063813,2.8000000000000114,18.0,0.007972665148063813,1.0,1.0,-0.2542749959608095,-0.41401388573819986,-0.2868763877577951,32.56928811684156,8.400367380747802,17.511965965082936,-9.822829787922466,16.025641025640905,27.5641025641034,29.31168655741394,-0.16333782273549302,0.18082663605051535,0.05999999999994543,0.0,0.57000000000005,0.0,14788.0,14788.0,2022-01-24,2022-01-24 07:40:00,3.866245694603912,191.0,1.0,best_within_2.0d,14978.0,361.87,0.5832424107187206,4.3760036431226785,32.22527881040892,0.012230020343504162,2.285057100371749,15.890706319702602,0.006381710269403211,0.4929364202292669,5.6011759621451125,36.843533123028394,0.015614239272951093,2.82998018927445,22.52492113564669,0.007835530045022196,1.8630914826498424,0.00402220134195386,1.9444468750000041,16.553125,0.005470102952261012,0.0,0
14788.0,2022-01-24 07:45:00,348.4,349.0,348.4,348.53,72987.0,1,1,1.0,buy,False,0.47921363827725477,2.8000000000000114,19.0,0.007972665148063813,-0.2692479911146478,-0.3205323866471261,-0.45515638220445,-0.00130138805437921,34.58935999207358,7.833921896443476,14.285951275536448,-5.070136861742469,72987.0,2.8000000000000114,2.0,2.8000000000000114,19.0,0.007972665148063813,2.8000000000000114,19.0,0.007972665148063813,1.0,1.0,-0.2692479911146478,-0.45515638220445,-0.3205323866471261,34.58935999207358,7.833921896443476,14.285951275536448,-5.070136861742469,13.907284768211643,28.4768211920537,29.673351803313086,0.037313432835819595,0.17221584385764144,0.4700000000000273,0.0,0.12999999999999545,1.0,14789.0,14789.0,2022-01-24,2022-01-24 07:45:00,3.8275040886007035,190.0,1.0,best_within_2.0d,14978.0,361.87,0.5832424107187206,4.3760036431226785,32.22527881040892,0.012230020343504162,2.285057100371749,15.890706319702602,0.006381710269403211,0.4929364202292669,5.6011759621451125,36.843533123028394,0.015614239272951093,2.82998018927445,22.52492113564669,0.007835530045022196,1.8630914826498424,0.00402220134195386,1.9444468750000041,16.553125,0.005470102952261012,0.0,0
14789.0,2022-01-24 07:50:00,348.56,348.58,348.11,348.52,49994.0,1,1,1.0,buy,False,0.4792136382772553,3.089999999999975,20.0,0.008798405466970317,-0.2599502379032015,-0.35302616638502626,-0.483001285336627,-0.0013813614361378804,34.503731858346114,11.549775091455746,13.373892547509547,7.9015401793481495,49994.0,3.089999999999975,2.0,3.089999999999975,20.0,0.008798405466970317,3.089999999999975,20.0,0.008798405466970317,1.0,1.0,-0.2599502379032015,-0.483001285336627,-0.35302616638502626,34.503731858346114,11.549775091455746,13.373892547509547,7.9015401793481495,10.706401766004019,31.677704194260958,31.08805286498134,-0.011475786091353128,0.13501479417424678,0.01999999999998181,0.40999999999996817,0.040000000000020464,0.0,14790.0,14790.0,2022-01-24,2022-01-24 07:50:00,3.8304831860438497,189.0,1.0,best_within_2.0d,14978.0,361.87,0.5832424107187206,4.3760036431226785,32.22527881040892,0.012230020343504162,2.285057100371749,15.890706319702602,0.006381710269403211,0.4929364202292669,5.6011759621451125,36.843533123028394,0.015614239272951093,2.82998018927445,22.52492113564669,0.007835530045022196,1.8630914826498424,0.00402220134195386,1.9444468750000041,16.553125,0.005470102952261012,0.0,0
14792.0,2022-01-24 08:05:00,347.64,347.87,347.25,347.71,111878.0,1,1,1.0,buy,False,0.5992538289316733,3.9499999999999886,23.0,0.011247152619589945,-0.33669302523953815,-0.4660602939731232,-0.6344068065928923,-0.0018162722075468337,30.11215313914343,8.696912785787937,11.11056701032206,3.869604336719693,111878.0,3.9499999999999886,2.0,3.9499999999999886,23.0,0.011247152619589945,3.9499999999999886,23.0,0.011247152619589945,1.0,1.0,-0.33669302523953815,-0.6344068065928923,-0.4660602939731232,30.11215313914343,8.696912785787937,11.11056701032206,3.869604336719693,42.79556650246296,17.795566502463313,33.96367515302508,0.020135772638359563,0.1785457163426939,0.160000000000025,0.38999999999998636,0.06999999999999318,1.0,14793.0,14793.0,2022-01-24,2022-01-24 08:05:00,4.0723591498662755,186.0,1.0,best_within_2.0d,14978.0,361.87,0.5832424107187206,4.3760036431226785,32.22527881040892,0.012230020343504162,2.285057100371749,15.890706319702602,0.006381710269403211,0.4929364202292669,5.6011759621451125,36.843533123028394,0.015614239272951093,2.82998018927445,22.52492113564669,0.007835530045022196,1.8630914826498424,0.00402220134195386,1.9444468750000041,16.553125,0.005470102952261012,0.0,0
14793.0,2022-01-24 08:10:00,347.78,347.89,347.05,347.45,74042.0,1,1,1.0,buy,False,0.6195885232130907,4.149999999999977,24.0,0.01181662870159447,-0.3481181499603374,-0.5095750627181654,-0.6836341376983341,-0.0019579716475132698,28.29898936083316,7.4750907041520325,9.89874157493205,2.6277889625919997,74042.0,4.149999999999977,2.0,4.149999999999977,24.0,0.01181662870159447,4.149999999999977,24.0,0.01181662870159447,1.0,1.0,-0.3481181499603374,-0.6836341376983341,-0.5095750627181654,28.29898936083316,7.4750907041520325,9.89874157493205,2.6277889625919997,43.90397978521791,14.971572962729041,35.047814849329534,-0.09488757260336537,0.2420400518657182,0.11000000000001364,0.39999999999997726,0.3299999999999841,0.0,14794.0,14794.0,2022-01-24,2022-01-24 08:10:00,4.150237444236585,185.0,1.0,best_within_2.0d,14978.0,361.87,0.5832424107187206,4.3760036431226785,32.22527881040892,0.012230020343504162,2.285057100371749,15.890706319702602,0.006381710269403211,0.4929364202292669,5.6011759621451125,36.843533123028394,0.015614239272951093,2.82998018927445,22.52492113564669,0.007835530045022196,1.8630914826498424,0.00402220134195386,1.9444468750000041,16.553125,0.005470102952261012,0.0,0
14794.0,2022-01-24 08:15:00,347.42,347.65,346.88,346.95,64513.0,1,1,1.0,buy,False,0.6969011388159865,4.319999999999993,25.0,0.012300683371298386,-0.39155653479775365,-0.5585196295678847,-0.7542978969667615,-0.002161367889345186,25.161301961600998,5.270750124607074,8.356077758157058,-0.8999051424928943,64513.0,4.319999999999993,2.0,4.319999999999993,25.0,0.012300683371298386,4.319999999999993,25.0,0.012300683371298386,1.0,1.0,-0.39155653479775365,-0.7542978969667615,-0.5585196295678847,25.161301961600998,5.270750124607074,8.356077758157058,-0.8999051424928943,43.93173198482928,14.412136536030534,36.15839114510947,-0.13528294283576858,0.22197878228781762,0.22999999999996135,0.06999999999999318,0.4700000000000273,0.0,14795.0,14795.0,2022-01-24,2022-01-24 08:15:00,4.300331459864538,184.0,1.0,best_within_2.0d,14978.0,361.87,0.5832424107187206,4.3760036431226785,32.22527881040892,0.012230020343504162,2.285057100371749,15.890706319702602,0.006381710269403211,0.4929364202292669,5.6011759621451125,36.843533123028394,0.015614239272951093,2.82998018927445,22.52492113564669,0.007835530045022196,1.8630914826498424,0.00402220134195386,1.9444468750000041,16.553125,0.005470102952261012,0.0,0
14795.0,2022-01-24 08:20:00,347.01,347.18,346.27,346.33,145208.0,1,1,1.0,buy,False,0.8315453655993856,4.930000000000007,26.0,0.01403758542141232,-0.4672069017342859,-0.6169204922846705,-0.8505239431518135,-0.00243847159115537,21.916316991583784,3.742928490860623,6.818361335724912,-2.4079371988679554,145208.0,4.930000000000007,2.0,4.930000000000007,26.0,0.01403758542141232,4.930000000000007,26.0,0.01403758542141232,1.0,1.0,-0.4672069017342859,-0.8505239431518135,-0.6169204922846705,21.916316991583784,3.742928490860623,6.818361335724912,-2.4079371988679554,42.95426452410374,17.4907292954267,36.58470530374826,-0.19595977061179992,0.2628007046524461,0.17000000000001592,0.060000000000002274,0.6800000000000068,0.0,14796.0,14796.0,2022-01-24,2022-01-24 08:20:00,4.487049923483389,183.0,1.0,best_within_2.0d,14978.0,361.87,0.5832424107187206,4.3760036431226785,32.22527881040892,0.012230020343504162,2.285057100371749,15.890706319702602,0.006381710269403211,0.4929364202292669,5.6011759621451125,36.843533123028394,0.015614239272951093,2.82998018927445,22.52492113564669,0.007835530045022196,1.8630914826498424,0.00402220134195386,1.9444468750000041,16.553125,0.005470102952261012,0.0,0
14796.0,2022-01-24 08:25:00,346.34,346.8,346.2,346.48,205847.0,1,1,1.0,buy,False,0.8315453655993935,5.0,27.0,0.014236902050113895,-0.4597373364450843,-0.674387659340306,-0.9042563275628481,-0.0025937981616933415,24.45477990944218,3.5558917211799197,5.730871464209915,-0.7940677648800705,205847.0,5.0,2.0,5.0,27.0,0.014236902050113895,5.0,27.0,0.014236902050113895,1.0,1.0,-0.4597373364450843,-0.9042563275628481,-0.674387659340306,24.45477990944218,3.5558917211799197,5.730871464209915,-0.7940677648800705,41.77529484792048,18.00124146492875,36.81233687120784,0.040422706011446326,0.17331022530329948,0.3199999999999932,0.13999999999998636,0.1400000000000432,1.0,14797.0,14797.0,2022-01-24,2022-01-24 08:25:00,4.441814823366424,182.0,1.0,best_within_2.0d,14978.0,361.87,0.5832424107187206,4.3760036431226785,32.22527881040892,0.012230020343504162,2.285057100371749,15.890706319702602,0.006381710269403211,0.4929364202292669,5.6011759621451125,36.843533123028394,0.015614239272951093,2.82998018927445,22.52492113564669,0.007835530045022196,1.8630914826498424,0.00402220134195386,1.9444468750000041,16.553125,0.005470102952261012,0.0,0
14797.0,2022-01-24 08:30:00,346.5,346.57,346.15,346.29,128413.0,1,1,1.0,buy,False,0.8315453655993905,5.050000000000011,28.0,0.014379271070615067,-0.4429095519037307,-0.7297513533282723,-0.9512061292801377,-0.002729823382946614,23.416350981080598,2.8979014487717083,4.786548125730512,-0.8793919051458996,128413.0,5.050000000000011,2.0,5.050000000000011,28.0,0.014379271070615067,5.050000000000011,28.0,0.014379271070615067,1.0,1.0,-0.4429095519037307,-0.9512061292801377,-0.7297513533282723,23.416350981080598,2.8979014487717083,4.786548125730512,-0.8793919051458996,42.38035264483624,15.302267002518885,37.53597219762499,-0.060606060606054696,0.12133468149646569,0.06999999999999318,0.1400000000000432,0.20999999999997954,0.0,14798.0,14798.0,2022-01-24,2022-01-24 08:30:00,4.49911923532299,181.0,1.0,best_within_2.0d,14978.0,361.87,0.5832424107187206,4.3760036431226785,32.22527881040892,0.012230020343504162,2.285057100371749,15.890706319702602,0.006381710269403211,0.4929364202292669,5.6011759621451125,36.843533123028394,0.015614239272951093,2.82998018927445,22.52492113564669,0.007835530045022196,1.8630914826498424,0.00402220134195386,1.9444468750000041,16.553125,0.005470102952261012,0.0,0
14798.0,2022-01-24 08:35:00,346.38,346.38,345.4,345.87,274984.0,1,1,1.0,buy,False,0.8315453655992683,5.800000000000011,29.0,0.01651480637813215,-0.4494450020022376,-0.785931978578552,-1.0106544795796708,-0.002902022970131365,21.2665851685842,3.563878743625674,4.378991665028899,1.933652900819224,274984.0,5.800000000000011,2.0,5.800000000000011,29.0,0.01651480637813215,5.800000000000011,29.0,0.01651480637813215,1.0,1.0,-0.4494450020022376,-1.0106544795796708,-0.785931978578552,21.2665851685842,3.563878743625674,4.378991665028899,1.933652900819224,39.218081857055545,19.425778863775168,37.26554561208035,-0.14723713840290747,0.28372900984366484,0.0,0.4700000000000273,0.5099999999999909,0.0,14799.0,14799.0,2022-01-24,2022-01-24 08:35:00,4.626015554977304,180.0,1.0,best_within_2.0d,14978.0,361.87,0.5832424107187206,4.3760036431226785,32.22527881040892,0.012230020343504162,2.285057100371749,15.890706319702602,0.006381710269403211,0.4929364202292669,5.6011759621451125,36.843533123028394,0.015614239272951093,2.82998018927445,22.52492113564669,0.007835530045022196,1.8630914826498424,0.00402220134195386,1.9444468750000041,16.553125,0.005470102952261012,0.0,0
14802.0,2022-01-24 08:55:00,346.49,346.58,345.3,345.379,115781.0,1,1,1.0,buy,False,0.8315453655992683,5.899999999999977,33.0,0.01679954441913433,-0.20127319580423797,-0.9135651735160671,-1.0142017714181861,-0.002917037846098618,25.81247391439895,18.786427999349026,15.808904811726224,24.741474374594628,115781.0,5.899999999999977,2.0,5.899999999999977,33.0,0.01679954441913433,5.899999999999977,33.0,0.01679954441913433,1.0,1.0,-0.20127319580423797,-1.0142017714181861,-0.9135651735160671,25.81247391439895,18.786427999349026,15.808904811726224,24.741474374594628,40.792540792540734,17.30769230769211,39.18060340930119,-0.3206441744350458,0.3706921517520917,0.08999999999997499,0.07900000000000773,1.11099999999999,0.0,14803.0,14803.0,2022-01-24,2022-01-24 08:55:00,4.774754689775575,176.0,1.0,best_within_2.0d,14978.0,361.87,0.5832424107187206,4.3760036431226785,32.22527881040892,0.012230020343504162,2.285057100371749,15.890706319702602,0.006381710269403211,0.4929364202292669,5.6011759621451125,36.843533123028394,0.015614239272951093,2.82998018927445,22.52492113564669,0.007835530045022196,1.8630914826498424,0.00402220134195386,1.9444468750000041,16.553125,0.005470102952261012,0.0,0
14803.0,2022-01-24 09:00:00,345.32,345.33,344.58,345.21,190209.0,1,1,1.0,buy,False,0.8315453655992673,6.6200000000000045,34.0,0.01884965831435081,-0.22689300259564016,-0.941926798840522,-1.055373300138342,-0.003037054571257991,24.94849676174833,20.6012084098223,17.406339344424914,26.990946540617067,190209.0,6.6200000000000045,2.0,6.6200000000000045,34.0,0.01884965831435081,6.6200000000000045,34.0,0.01884965831435081,1.0,1.0,-0.22689300259564016,-1.055373300138342,-0.941926798840522,24.94849676174833,20.6012084098223,17.406339344424914,26.990946540617067,40.025158671164526,19.440791354565825,38.85451635259283,-0.031854511757214654,0.21765627720703465,0.009999999999990905,0.6299999999999955,0.11000000000001364,0.0,14804.0,14804.0,2022-01-24,2022-01-24 09:00:00,4.826047912864641,175.0,1.0,best_within_2.0d,14978.0,361.87,0.5832424107187206,4.3760036431226785,32.22527881040892,0.012230020343504162,2.285057100371749,15.890706319702602,0.006381710269403211,0.4929364202292669,5.6011759621451125,36.843533123028394,0.015614239272951093,2.82998018927445,22.52492113564669,0.007835530045022196,1.8630914826498424,0.00402220134195386,1.9444468750000041,16.553125,0.005470102952261012,0.0,0
14804.0,2022-01-24 09:05:00,345.23,345.3,343.89,344.1399,291163.0,1,1,1.0,buy,False,0.8315453655992121,7.310000000000002,35.0,0.020814350797266522,-0.35046472548386487,-0.9857348895260051,-1.1609672522679375,-0.0033433168802230228,20.312367675010336,16.567472273215152,17.126716987354992,15.448982844935472,291163.0,7.310000000000002,2.0,7.310000000000002,35.0,0.020814350797266522,7.310000000000002,35.0,0.020814350797266522,1.0,1.0,-0.35046472548386487,-1.1609672522679375,-0.9857348895260051,20.312367675010336,16.567472273215152,17.126716987354992,15.448982844935472,36.906759023756464,22.133232317766165,37.86654481005785,-0.3157605074877637,0.41001483032365726,0.06999999999999318,0.2499000000000251,1.0901000000000067,0.0,14805.0,14805.0,2022-01-24,2022-01-24 09:05:00,5.152003589237979,174.0,1.0,best_within_2.0d,14978.0,361.87,0.5832424107187206,4.3760036431226785,32.22527881040892,0.012230020343504162,2.285057100371749,15.890706319702602,0.006381710269403211,0.4929364202292669,5.6011759621451125,36.843533123028394,0.015614239272951093,2.82998018927445,22.52492113564669,0.007835530045022196,1.8630914826498424,0.00402220134195386,1.9444468750000041,16.553125,0.005470102952261012,1.0,0
14812.0,2022-01-24 09:45:00,344.55,345.85,343.77,344.62,2916315.0,1,1,1.0,buy,False,0.8315453655983241,7.430000000000007,43.0,0.021156036446469267,0.14330589131887939,-0.9024736937613109,-0.8308207481018712,-0.0023982453325689748,37.28129024194946,40.54135800025707,46.832651929038995,27.95877014269321,2916315.0,7.430000000000007,2.0,7.430000000000007,43.0,0.021156036446469267,7.430000000000007,43.0,0.021156036446469267,1.0,1.0,0.14330589131887939,-0.8308207481018712,-0.9024736937613109,37.28129024194946,40.54135800025707,46.832651929038995,27.95877014269321,16.1827701094713,21.10106298587997,34.528564626347546,0.02031635466550375,0.6050557058498534,1.2300000000000182,0.7800000000000296,0.06999999999999318,1.0,14813.0,14813.0,2022-01-24,2022-01-24 09:45:00,5.005513319018049,166.0,1.0,best_within_2.0d,14978.0,361.87,0.5832424107187206,4.3760036431226785,32.22527881040892,0.012230020343504162,2.285057100371749,15.890706319702602,0.006381710269403211,0.4929364202292669,5.6011759621451125,36.843533123028394,0.015614239272951093,2.82998018927445,22.52492113564669,0.007835530045022196,1.8630914826498424,0.00402220134195386,1.9444468750000041,16.553125,0.005470102952261012,0.0,0
14813.0,2022-01-24 09:50:00,344.57,345.03,342.53,344.37,3282075.0,1,1,1.0,buy,False,0.8315453655983222,8.670000000000016,44.0,0.02468678815489754,0.05640567625999138,-0.895422984228812,-0.8672201460988163,-0.00250441812866722,36.05330877094645,38.983387464758856,44.216230440945615,28.51770151238533,3282075.0,8.670000000000016,2.0,8.670000000000016,44.0,0.02468678815489754,8.670000000000016,44.0,0.02468678815489754,1.0,1.0,0.05640567625999138,-0.8672201460988163,-0.895422984228812,36.05330877094645,38.983387464758856,44.216230440945615,28.51770151238533,14.804780105471629,25.303594755431085,33.93196113890649,-0.05804335838871307,0.7298630776866261,0.45999999999997954,1.8400000000000318,0.19999999999998863,0.0,14814.0,14814.0,2022-01-24,2022-01-24 09:50:00,5.081743473589453,165.0,1.0,best_within_2.0d,14978.0,361.87,0.5832424107187206,4.3760036431226785,32.22527881040892,0.012230020343504162,2.285057100371749,15.890706319702602,0.006381710269403211,0.4929364202292669,5.6011759621451125,36.843533123028394,0.015614239272951093,2.82998018927445,22.52492113564669,0.007835530045022196,1.8630914826498424,0.00402220134195386,1.9444468750000041,16.553125,0.005470102952261012,0.0,0
14816.0,2022-01-24 10:05:00,343.36,343.92,342.06,342.18,2717718.0,1,1,1.0,buy,False,0.8315453655981473,9.139999999999986,47.0,0.026025056947608163,-0.36700073428583724,-0.9749224782761493,-1.158422845419068,-0.003351913779033057,26.911311948823652,18.827622091108573,30.275726592150043,-4.068586910974368,2717718.0,9.139999999999986,2.0,9.139999999999986,47.0,0.026025056947608163,9.139999999999986,47.0,0.026025056947608163,1.0,1.0,-0.36700073428583724,-1.158422845419068,-0.9749224782761493,26.911311948823652,18.827622091108573,30.275726592150043,-4.068586910974368,14.554201149659459,24.216233845652145,31.407370506332217,-0.3436626281453887,0.543764251885638,0.5600000000000023,0.12000000000000455,1.1800000000000068,0.0,14817.0,14817.0,2022-01-24,2022-01-24 10:05:00,5.75428137237711,162.0,1.0,best_within_2.0d,14978.0,361.87,0.5832424107187206,4.3760036431226785,32.22527881040892,0.012230020343504162,2.285057100371749,15.890706319702602,0.006381710269403211,0.4929364202292669,5.6011759621451125,36.843533123028394,0.015614239272951093,2.82998018927445,22.52492113564669,0.007835530045022196,1.8630914826498424,0.00402220134195386,1.9444468750000041,16.553125,0.005470102952261012,0.0,0
14817.0,2022-01-24 10:10:00,342.17,343.26,340.92,342.94,2794473.0,1,1,1.0,buy,False,0.8315453655980743,10.279999999999973,48.0,0.029271070615034093,-0.3480152817866715,-1.0184243884994832,-1.192432029392819,-0.003452288430518471,33.5878381388536,22.541856863904126,27.69777001606807,12.230030559576235,2794473.0,10.279999999999973,2.0,10.279999999999973,48.0,0.029271070615034093,10.279999999999973,48.0,0.029271070615034093,1.0,1.0,-0.3480152817866715,-1.192432029392819,-1.0184243884994832,33.5878381388536,22.541856863904126,27.69777001606807,12.230030559576235,13.693901035673106,24.395857307249667,31.170892379962794,0.22503433965572134,0.6863780359028437,0.3199999999999932,1.25,0.7699999999999818,1.0,14818.0,14818.0,2022-01-24,2022-01-24 10:10:00,5.519916020295097,161.0,1.0,best_within_2.0d,14978.0,361.87,0.5832424107187206,4.3760036431226785,32.22527881040892,0.012230020343504162,2.285057100371749,15.890706319702602,0.006381710269403211,0.4929364202292669,5.6011759621451125,36.843533123028394,0.015614239272951093,2.82998018927445,22.52492113564669,0.007835530045022196,1.8630914826498424,0.00402220134195386,1.9444468750000041,16.553125,0.005470102952261012,0.0,0
14818.0,2022-01-24 10:15:00,342.86,343.15,340.71,340.77,2027099.0,1,1,1.0,buy,False,1.0256603375961508,10.490000000000009,49.0,0.02986902050113898,-0.5762711312994262,-1.0904582799119116,-1.3785938455616247,-0.003995227634203573,26.22233290803591,15.315674360108755,23.570404797414966,-1.193786514503671,2027099.0,10.490000000000009,2.0,10.490000000000009,49.0,0.02986902050113898,10.490000000000009,49.0,0.02986902050113898,1.0,1.0,-0.5762711312994262,-1.3785938455616247,-1.0904582799119116,26.22233290803591,15.315674360108755,23.570404797414966,-1.193786514503671,13.173431734317278,21.69741697416987,30.69043181314009,-0.6095782535145633,0.7161515658477878,0.2899999999999636,0.060000000000002274,2.090000000000032,0.0,14819.0,14819.0,2022-01-24,2022-01-24 10:15:00,6.191859612055059,160.0,1.0,best_within_2.0d,14978.0,361.87,0.5832424107187206,4.3760036431226785,32.22527881040892,0.012230020343504162,2.285057100371749,15.890706319702602,0.006381710269403211,0.4929364202292669,5.6011759621451125,36.843533123028394,0.015614239272951093,2.82998018927445,22.52492113564669,0.007835530045022196,1.8630914826498424,0.00402220134195386,1.9444468750000041,16.553125,0.005470102952261012,1.0,0
14823.0,2022-01-24 10:40:00,343.94,344.8386,339.94,344.71,2754481.0,1,1,1.0,buy,False,1.0256603375961928,11.259999999999991,54.0,0.032061503416856464,0.4352478505578832,-1.058628521811285,-0.8410045965323434,-0.0024398108931833716,49.715307903737504,61.360058417976376,44.9209515121117,94.23827222970573,2754481.0,11.259999999999991,2.0,11.259999999999991,54.0,0.032061503416856464,11.259999999999991,54.0,0.032061503416856464,1.0,1.0,0.4352478505578832,-0.8410045965323434,-1.058628521811285,49.715307903737504,61.360058417976376,44.9209515121117,94.23827222970573,11.25549101000045,26.195644038619868,27.32439004648862,0.22387625748676565,1.4410190033535295,0.12860000000000582,4.0,0.7699999999999818,1.0,14824.0,14824.0,2022-01-24,2022-01-24 10:40:00,4.978097531258166,155.0,1.0,best_within_2.0d,14978.0,361.87,0.5832424107187206,4.3760036431226785,32.22527881040892,0.012230020343504162,2.285057100371749,15.890706319702602,0.006381710269403211,0.4929364202292669,5.6011759621451125,36.843533123028394,0.015614239272951093,2.82998018927445,22.52492113564669,0.007835530045022196,1.8630914826498424,0.00402220134195386,1.9444468750000041,16.553125,0.005470102952261012,1.0,0
14834.0,2022-01-24 11:35:00,341.17,341.53,339.58,340.07,2120945.0,1,1,1.0,buy,False,1.0256603375975333,11.620000000000005,65.0,0.03308656036446471,-0.262706726402542,-0.9867165430866575,-1.1180699062879285,-0.0032591880129197535,34.978926017858285,20.20868017570391,30.603370896742028,-0.5807012663723228,2120945.0,11.620000000000005,2.0,11.620000000000005,65.0,0.03308656036446471,11.620000000000005,65.0,0.03308656036446471,1.0,1.0,-0.262706726402542,-1.1180699062879285,-0.9867165430866575,34.978926017858285,20.20868017570391,30.603370896742028,-0.5807012663723228,5.662675489518811,25.428618235952044,36.91583790878401,-0.3224199079637784,0.5742387655338915,0.3599999999999568,0.4900000000000091,1.1000000000000227,0.0,14835.0,14835.0,2022-01-24,2022-01-24 11:35:00,6.410444908401216,144.0,1.0,best_within_2.0d,14978.0,361.87,0.5832424107187206,4.3760036431226785,32.22527881040892,0.012230020343504162,2.285057100371749,15.890706319702602,0.006381710269403211,0.4929364202292669,5.6011759621451125,36.843533123028394,0.015614239272951093,2.82998018927445,22.52492113564669,0.007835530045022196,1.8630914826498424,0.00402220134195386,1.9444468750000041,16.553125,0.005470102952261012,0.0,0
14835.0,2022-01-24 11:40:00,340.05,340.17,338.62,339.06,1860314.0,1,1,1.0,buy,False,1.0256603375975333,12.579999999999984,66.0,0.035820045558086516,-0.4444268930681128,-1.0422699047201713,-1.2644833512542277,-0.003689164796679567,31.818288542854802,16.502756480772305,25.903166091418782,-2.298062740520649,1860314.0,12.579999999999984,2.0,12.579999999999984,66.0,0.035820045558086516,12.579999999999984,66.0,0.035820045558086516,1.0,1.0,-0.4444268930681128,-1.2644833512542277,-1.0422699047201713,31.818288542854802,16.502756480772305,25.903166091418782,-2.298062740520649,4.175876394059016,29.159136889548048,39.632278366703225,-0.2911336568151769,0.45774023979682577,0.12000000000000455,0.4399999999999977,0.9900000000000091,0.0,14836.0,14836.0,2022-01-24,2022-01-24 11:40:00,6.727422875007375,143.0,1.0,best_within_2.0d,14978.0,361.87,0.5832424107187206,4.3760036431226785,32.22527881040892,0.012230020343504162,2.285057100371749,15.890706319702602,0.006381710269403211,0.4929364202292669,5.6011759621451125,36.843533123028394,0.015614239272951093,2.82998018927445,22.52492113564669,0.007835530045022196,1.8630914826498424,0.00402220134195386,1.9444468750000041,16.553125,0.005470102952261012,0.0,0
14836.0,2022-01-24 11:45:00,339.05,339.52,336.94,336.98,1735799.0,1,1,1.0,buy,False,1.3909403964543319,14.259999999999991,67.0,0.04060364464692481,-0.7815051108566884,-1.1399580435772574,-1.5307105990056016,-0.004471471677858259,26.506434108790955,11.234125691014407,21.013485957950657,-8.32459484285809,1735799.0,14.259999999999991,2.0,14.259999999999991,67.0,0.04060364464692481,14.259999999999991,67.0,0.04060364464692481,1.0,1.0,-0.7815051108566884,-1.5307105990056016,-1.1399580435772574,26.506434108790955,11.234125691014407,21.013485957950657,-8.32459484285809,2.642836503562738,34.4625880064556,42.926757465866196,-0.6105294204394611,0.7657149640885571,0.46999999999997044,0.040000000000020464,2.069999999999993,0.0,14837.0,14837.0,2022-01-24,2022-01-24 11:45:00,7.386195026411059,142.0,1.0,best_within_2.0d,14978.0,361.87,0.5832424107187206,4.3760036431226785,32.22527881040892,0.012230020343504162,2.285057100371749,15.890706319702602,0.006381710269403211,0.4929364202292669,5.6011759621451125,36.843533123028394,0.015614239272951093,2.82998018927445,22.52492113564669,0.007835530045022196,1.8630914826498424,0.00402220134195386,1.9444468750000041,16.553125,0.005470102952261012,0.0,0
14837.0,2022-01-24 11:50:00,336.9648,339.25,336.87,339.09,1792797.0,1,1,1.0,buy,False,1.3909403964534315,14.329999999999984,68.0,0.04080296127562638,-0.6617153171097385,-1.2226724582159747,-1.553530116770844,-0.004541313462660154,37.84259558935052,20.226078056774774,20.751016657558694,19.176200855206936,1792797.0,14.329999999999984,2.0,14.329999999999984,68.0,0.04080296127562638,14.329999999999984,68.0,0.04080296127562638,1.0,1.0,-0.6617153171097385,-1.553530116770844,-1.2226724582159747,37.84259558935052,20.226078056774774,20.751016657558694,19.176200855206936,2.900232018561697,24.98066511987633,45.51738634114948,0.6306890215238949,0.7065039926381084,0.160000000000025,0.09480000000002065,2.12519999999995,1.0,14838.0,14838.0,2022-01-24,2022-01-24 11:50:00,6.717980477159466,141.0,1.0,best_within_2.0d,14978.0,361.87,0.5832424107187206,4.3760036431226785,32.22527881040892,0.012230020343504162,2.285057100371749,15.890706319702602,0.006381710269403211,0.4929364202292669,5.6011759621451125,36.843533123028394,0.015614239272951093,2.82998018927445,22.52492113564669,0.007835530045022196,1.8630914826498424,0.00402220134195386,1.9444468750000041,16.553125,0.005470102952261012,0.0,0
14840.0,2022-01-24 12:05:00,338.23,338.47,336.59,336.79,1478836.0,1,1,1.0,buy,False,1.390940396452225,14.610000000000014,71.0,0.04160022779043284,-0.6028014923141929,-1.412853815506853,-1.7142545616639495,-0.005023050171980864,32.64155688727692,19.526947069490216,23.146406080786026,12.288029046898593,1478836.0,14.610000000000014,2.0,14.610000000000014,71.0,0.04160022779043284,14.610000000000014,71.0,0.04160022779043284,1.0,1.0,-0.6028014923141929,-1.7142545616639495,-1.412853815506853,32.64155688727692,19.526947069490216,23.146406080786026,12.288029046898593,4.385964912280916,37.06140350877183,50.94806520817612,-0.4257457942819968,0.5585430345524384,0.2400000000000091,0.20000000000004547,1.4399999999999977,0.0,14841.0,14841.0,2022-01-24,2022-01-24 12:05:00,7.446776923305319,138.0,1.0,best_within_2.0d,14978.0,361.87,0.5832424107187206,4.3760036431226785,32.22527881040892,0.012230020343504162,2.285057100371749,15.890706319702602,0.006381710269403211,0.4929364202292669,5.6011759621451125,36.843533123028394,0.015614239272951093,2.82998018927445,22.52492113564669,0.007835530045022196,1.8630914826498424,0.00402220134195386,1.9444468750000041,16.553125,0.005470102952261012,0.0,0
14841.0,2022-01-24 12:10:00,336.8,337.36,335.29,335.99,2196785.0,1,1,1.0,buy,False,1.390940396453097,15.909999999999968,72.0,0.045301822323462325,-0.735156778138975,-1.504748412774225,-1.8723268018437125,-0.005492531678421179,30.778095087990593,16.404515269355304,20.899109143642452,7.4153275207810125,2196785.0,15.909999999999968,2.0,15.909999999999968,72.0,0.045301822323462325,15.909999999999968,72.0,0.045301822323462325,1.0,1.0,-0.735156778138975,-1.8723268018437125,-1.504748412774225,30.778095087990593,16.404515269355304,20.899109143642452,7.4153275207810125,4.257130693912522,37.633035334184456,52.99997460387543,-0.2404988123515446,0.6173760028631909,0.5600000000000023,0.6999999999999886,0.8100000000000023,0.0,14842.0,14842.0,2022-01-24,2022-01-24 12:10:00,7.702610196732045,137.0,1.0,best_within_2.0d,14978.0,361.87,0.5832424107187206,4.3760036431226785,32.22527881040892,0.012230020343504162,2.285057100371749,15.890706319702602,0.006381710269403211,0.4929364202292669,5.6011759621451125,36.843533123028394,0.015614239272951093,2.82998018927445,22.52492113564669,0.007835530045022196,1.8630914826498424,0.00402220134195386,1.9444468750000041,16.553125,0.005470102952261012,0.0,0
14842.0,2022-01-24 12:15:00,335.99,336.08,334.15,335.04,2308319.0,1,1,1.0,buy,False,1.5544844013807413,17.05000000000001,73.0,0.04854783599088842,-0.8733929272043639,-1.6139225286747703,-2.050618992276952,-0.0060232089970122795,28.683949459374887,14.956217044972387,18.91814511075243,7.0323609134122975,2308319.0,17.05000000000001,2.0,17.05000000000001,73.0,0.04854783599088842,17.05000000000001,73.0,0.04854783599088842,1.0,1.0,-0.8733929272043639,-2.050618992276952,-1.6139225286747703,28.683949459374887,14.956217044972387,18.91814511075243,7.0323609134122975,4.08830744071975,38.92068683564996,54.99916164330523,-0.28274651031280357,0.5775849169534661,0.08999999999997499,0.8900000000000432,0.9499999999999886,0.0,14843.0,14843.0,2022-01-24,2022-01-24 12:15:00,8.007999044890157,136.0,1.0,best_within_2.0d,14978.0,361.87,0.5832424107187206,4.3760036431226785,32.22527881040892,0.012230020343504162,2.285057100371749,15.890706319702602,0.006381710269403211,0.4929364202292669,5.6011759621451125,36.843533123028394,0.015614239272951093,2.82998018927445,22.52492113564669,0.007835530045022196,1.8630914826498424,0.00402220134195386,1.9444468750000041,16.553125,0.005470102952261012,1.0,0
14868.0,2022-01-24 14:25:00,342.52,343.53,342.31,342.9231,1464341.0,2,2,1.0,buy,False,0.38088012139605304,4.163492493946733,28.239017640954685,0.011578080659927173,-0.07773338278184472,1.1052588776449288,1.0663921862540064,0.0031128254420544547,51.48327587200121,41.83514586812726,61.553621798669305,2.3981940070431875,1464341.0,5.019999999999982,1.0,13.180000000000007,22.0,0.039443363758790984,5.019999999999982,6.0,0.014453113753490865,2.0,2.0,-0.07773338278184472,1.0663921862540064,1.1052588776449288,51.48327587200121,41.83514586812726,61.553621798669305,2.3981940070431875,20.39839822395289,20.45787760885306,43.46287468652808,0.11768655844914017,0.35640209167128345,0.606899999999996,0.20999999999997954,0.4030999999999949,1.0,14869.0,14869.0,2022-01-24,2022-01-24 14:25:00,5.525116272423768,110.0,1.0,best_within_2.0d,14978.0,361.87,0.38088012139605304,13.180000000000007,22.0,0.039443363758790984,5.019999999999982,6.0,0.014453113753490865,0.4929364202292669,5.6011759621451125,36.843533123028394,0.015614239272951093,2.82998018927445,22.52492113564669,0.007835530045022196,1.8630914826498424,0.00402220134195386,1.9444468750000041,16.553125,0.005470102952261012,0.0,0
14870.0,2022-01-24 14:35:00,343.08,343.29,340.93,341.64,1643671.0,2,2,1.0,buy,False,0.48558421851289635,4.163492493946733,28.239017640954685,0.011578080659927173,-0.5631657060888395,1.0027313117578207,0.7211484587134009,0.0021052550048972205,46.58432589731796,25.832704825852012,43.34632957219884,-9.194544666841637,1643671.0,6.399999999999977,1.0,13.180000000000007,22.0,0.039443363758790984,6.399999999999977,8.0,0.018426280482538155,2.0,2.0,-0.5631657060888395,0.7211484587134009,1.0027313117578207,46.58432589731796,25.832704825852012,43.34632957219884,-9.194544666841637,24.184993556429816,20.611775863189713,39.33155522021914,-0.41972717733473175,0.692224210248442,0.21000000000003638,0.7099999999999795,1.4399999999999977,0.0,14871.0,14871.0,2022-01-24,2022-01-24 14:35:00,5.921437770752845,108.0,1.0,best_within_2.0d,14978.0,361.87,0.48558421851289635,13.180000000000007,22.0,0.039443363758790984,6.399999999999977,8.0,0.018426280482538155,0.4929364202292669,5.6011759621451125,36.843533123028394,0.015614239272951093,2.82998018927445,22.52492113564669,0.007835530045022196,1.8630914826498424,0.00402220134195386,1.9444468750000041,16.553125,0.005470102952261012,0.0,0
14872.0,2022-01-24 14:45:00,341.84,343.61,340.66,343.4,1144866.0,2,2,1.0,buy,False,0.5060698027314079,4.163492493946733,28.239017640954685,0.011578080659927173,-0.5953598196578338,0.838528289799813,0.5408483799708961,0.001578835578585371,53.44893914528805,28.52137016238444,33.652466875231596,18.259176736690122,1144866.0,6.669999999999959,1.0,13.180000000000007,22.0,0.039443363758790984,6.669999999999959,10.0,0.019203639190395184,2.0,2.0,-0.5953598196578338,0.5408483799708961,0.838528289799813,53.44893914528805,28.52137016238444,33.652466875231596,18.259176736690122,25.767874979110182,20.948227950921247,34.70532992053707,0.4563538497542717,0.8659660658721271,0.21000000000003638,1.17999999999995,1.5600000000000023,1.0,14873.0,14873.0,2022-01-24,2022-01-24 14:45:00,5.3785672684915635,106.0,1.0,best_within_2.0d,14978.0,361.87,0.5060698027314079,13.180000000000007,22.0,0.039443363758790984,6.669999999999959,10.0,0.019203639190395184,0.4929364202292669,5.6011759621451125,36.843533123028394,0.015614239272951093,2.82998018927445,22.52492113564669,0.007835530045022196,1.8630914826498424,0.00402220134195386,1.9444468750000041,16.553125,0.005470102952261012,1.0,0
14878.0,2022-01-24 15:15:00,346.98,348.46,345.72,346.02,1781856.0,1p,1p,0.0,sell,False,0.19548453085828038,7.7999999999999545,7.0,0.022896729877296875,0.36755169859521786,0.8794715778559468,1.0632474271535557,0.00309366321533558,60.25811186137657,75.773775155852,67.77194021308688,91.77744504138224,1781856.0,7.7999999999999545,0.0,7.7999999999999545,7.0,0.022896729877296875,7.7999999999999545,0.0,0.0,1.0,1.0,0.36755169859521786,1.0632474271535557,0.8794715778559468,60.25811186137657,75.773775155852,67.77194021308688,91.77744504138224,28.550957942913456,21.800961552344045,26.082602245612154,-0.2766730070897563,0.7925488834895152,1.4799999999999613,0.2999999999999545,0.9600000000000364,0.0,14879.0,14879.0,2022-01-24,2022-01-24 15:15:00,3.173226981099347,306.0,1.0,best_within_2.0d,15184.0,335.04,0.5832424107187206,4.3760036431226785,32.22527881040892,0.012230020343504162,2.285057100371749,15.890706319702602,0.006381710269403211,0.4929364202292669,5.6011759621451125,36.843533123028394,0.015614239272951093,2.82998018927445,22.52492113564669,0.007835530045022196,1.8630914826498424,0.00402220134195386,1.9444468750000041,16.553125,0.005470102952261012,0.0,1
14880.0,2022-01-24 15:25:00,347.41,348.6,346.635,347.67,1813226.0,1p,1p,0.0,sell,False,0.3088237917808265,7.939999999999998,9.0,0.02330769682381259,0.585629382695104,1.0162956532651388,1.3091103446126908,0.0038029349105576163,65.24087273175361,82.36554387932452,75.22154116398909,96.65354930999538,1813226.0,7.939999999999998,0.0,7.939999999999998,9.0,0.02330769682381259,7.939999999999998,0.0,0.0,1.0,1.0,0.585629382695104,1.3091103446126908,1.0162956532651388,65.24087273175361,82.36554387932452,75.22154116398909,96.65354930999538,30.296599446135875,15.654261357474045,26.460727633950427,0.07483952678391263,0.5668787052663556,0.9300000000000068,0.7750000000000341,0.2599999999999909,1.0,14881.0,14881.0,2022-01-24,2022-01-24 15:25:00,3.6327551988955027,304.0,1.0,best_within_2.0d,15184.0,335.04,0.5832424107187206,4.3760036431226785,32.22527881040892,0.012230020343504162,2.285057100371749,15.890706319702602,0.006381710269403211,0.4929364202292669,5.6011759621451125,36.843533123028394,0.015614239272951093,2.82998018927445,22.52492113564669,0.007835530045022196,1.8630914826498424,0.00402220134195386,1.9444468750000041,16.553125,0.005470102952261012,0.0,1
14881.0,2022-01-24 15:30:00,347.665,350.73,346.66,350.54,2341948.0,1p,1p,0.0,sell,False,0.5013732788766824,10.069999999999993,10.0,0.0295602653672283,0.9507652312512058,1.1351413071715395,1.6105239227971424,0.004672197245141966,72.19290848264251,87.4642183336328,79.30243355387032,103.78778789315777,2341948.0,10.069999999999993,0.0,10.069999999999993,10.0,0.0295602653672283,10.069999999999993,0.0,0.0,1.0,1.0,0.9507652312512058,1.6105239227971424,1.1351413071715395,72.19290848264251,87.4642183336328,79.30243355387032,103.78778789315777,36.62030229754525,9.337914021505101,28.81092294512771,0.8269454791250198,1.1740610396353757,0.18999999999999773,1.0049999999999955,2.875,1.0,14882.0,14882.0,2022-01-24,2022-01-24 15:30:00,4.421749301078336,303.0,1.0,best_within_2.0d,15184.0,335.04,0.5832424107187206,4.3760036431226785,32.22527881040892,0.012230020343504162,2.285057100371749,15.890706319702602,0.006381710269403211,0.4929364202292669,5.6011759621451125,36.843533123028394,0.015614239272951093,2.82998018927445,22.52492113564669,0.007835530045022196,1.8630914826498424,0.00402220134195386,1.9444468750000041,16.553125,0.005470102952261012,0.0,1
14882.0,2022-01-24 15:35:00,350.56,351.17,349.49,350.99,1809678.0,1p,1p,0.0,sell,False,0.615150128937369,10.509999999999991,11.0,0.030851875770562996,1.1665227869816324,1.2809566555442435,1.8642180490350597,0.005400878660042746,73.10133369852454,90.88235594865759,83.16240768546606,106.32225247504061,1809678.0,10.509999999999991,0.0,10.509999999999991,11.0,0.030851875770562996,10.509999999999991,0.0,0.0,1.0,1.0,1.1665227869816324,1.8642180490350597,1.2809566555442435,73.10133369852454,90.88235594865759,83.16240768546606,106.32225247504061,37.551525709700435,8.504742765824705,31.25785943083966,0.12266088544044011,0.480700449226017,0.18000000000000682,1.0699999999999932,0.4300000000000068,1.0,14883.0,14883.0,2022-01-24,2022-01-24 15:35:00,4.544289011082933,302.0,1.0,best_within_2.0d,15184.0,335.04,0.5832424107187206,4.3760036431226785,32.22527881040892,0.012230020343504162,2.285057100371749,15.890706319702602,0.006381710269403211,0.4929364202292669,5.6011759621451125,36.843533123028394,0.015614239272951093,2.82998018927445,22.52492113564669,0.007835530045022196,1.8630914826498424,0.00402220134195386,1.9444468750000041,16.553125,0.005470102952261012,0.0,1
14883.0,2022-01-24 15:40:00,351.02,351.22,348.75,349.39,2067275.0,1p,1p,0.0,sell,False,0.615150128937369,10.560000000000002,12.0,0.03099864968003288,1.0130313920663654,1.4075855795525392,1.9141012755857219,0.005540378566858392,64.97371258590127,85.21971613885765,83.84817716992993,87.9627940767131,2067275.0,10.560000000000002,0.0,10.560000000000002,12.0,0.03099864968003288,10.560000000000002,0.0,0.0,1.0,1.0,1.0130313920663654,1.9141012755857219,1.4075855795525392,64.97371258590127,85.21971613885765,83.84817716992993,87.9627940767131,33.45577053552639,10.761996116323216,32.69106599454762,-0.46436100507093486,0.7082437275985741,0.20000000000004547,0.6399999999999864,1.6299999999999955,0.0,14884.0,14884.0,2022-01-24,2022-01-24 15:40:00,4.107158189988255,301.0,1.0,best_within_2.0d,15184.0,335.04,0.5832424107187206,4.3760036431226785,32.22527881040892,0.012230020343504162,2.285057100371749,15.890706319702602,0.006381710269403211,0.4929364202292669,5.6011759621451125,36.843533123028394,0.015614239272951093,2.82998018927445,22.52492113564669,0.007835530045022196,1.8630914826498424,0.00402220134195386,1.9444468750000041,16.553125,0.005470102952261012,0.0,1
14884.0,2022-01-24 15:45:00,349.3799,351.56,349.23,351.44,2241369.0,1p,1p,0.0,sell,False,0.615150128937369,10.899999999999977,13.0,0.03199671226442781,1.0997082233926099,1.5450491074766153,2.09490321917292,0.006055974856988872,69.63243357355785,89.60225973883024,85.7662046928967,97.27436983069734,2241369.0,10.899999999999977,0.0,10.899999999999977,13.0,0.03199671226442781,10.899999999999977,0.0,0.0,1.0,1.0,1.0997082233926099,2.09490321917292,1.5450491074766153,69.63243357355785,89.60225973883024,85.7662046928967,97.27436983069734,34.62684969270767,4.650369185784063,35.80743789296575,0.5896446819064225,0.6671820863041503,0.12000000000000455,0.14990000000000236,2.060099999999977,1.0,14885.0,14885.0,2022-01-24,2022-01-24 15:45:00,4.666514910084219,300.0,1.0,best_within_2.0d,15184.0,335.04,0.5832424107187206,4.3760036431226785,32.22527881040892,0.012230020343504162,2.285057100371749,15.890706319702602,0.006381710269403211,0.4929364202292669,5.6011759621451125,36.843533123028394,0.015614239272951093,2.82998018927445,22.52492113564669,0.007835530045022196,1.8630914826498424,0.00402220134195386,1.9444468750000041,16.553125,0.005470102952261012,0.0,1
14885.0,2022-01-24 15:50:00,351.46,353.32,351.46,352.53,2891676.0,1p,1p,0.0,sell,False,0.6366733418328432,12.659999999999968,14.0,0.03716315387776659,1.2073377313513896,1.695966323895539,2.2996351895712337,0.006638425409407724,71.78156437281024,89.75163243713779,87.09468060764371,95.06553609612592,2891676.0,12.659999999999968,0.0,12.659999999999968,14.0,0.03716315387776659,12.659999999999968,0.0,0.0,1.0,1.0,1.2073377313513896,2.2996351895712337,1.695966323895539,71.78156437281024,89.75163243713779,87.09468060764371,95.06553609612592,39.433280907584106,4.526198221432168,38.921721429711546,0.3044443179878203,0.5292209639788351,0.7900000000000205,0.0,1.0699999999999932,1.0,14886.0,14886.0,2022-01-24,2022-01-24 15:50:00,4.9612798910730875,299.0,1.0,best_within_2.0d,15184.0,335.04,0.5832424107187206,4.3760036431226785,32.22527881040892,0.012230020343504162,2.285057100371749,15.890706319702602,0.006381710269403211,0.4929364202292669,5.6011759621451125,36.843533123028394,0.015614239272951093,2.82998018927445,22.52492113564669,0.007835530045022196,1.8630914826498424,0.00402220134195386,1.9444468750000041,16.553125,0.005470102952261012,0.0,1
14886.0,2022-01-24 15:55:00,352.56,353.98,351.68,353.58,3931184.0,1p,1p,0.0,sell,False,0.6932370146580267,13.319999999999993,15.0,0.03910056948276872,1.3146006744315302,1.8602914081994804,2.5175917454152454,0.007256485899029268,73.71159656733215,91.5535499540562,88.5809703897812,97.49870908260621,3931184.0,13.319999999999993,0.0,13.319999999999993,15.0,0.03910056948276872,13.319999999999993,0.0,0.0,1.0,1.0,1.3146006744315302,2.5175917454152454,1.8602914081994804,73.71159656733215,91.5535499540562,88.5809703897812,97.49870908260621,38.057092291775355,4.624069780207115,41.736743777205106,0.2893124574540452,0.6540036396724327,0.4000000000000341,0.8799999999999955,1.0199999999999818,1.0,14887.0,14887.0,2022-01-24,2022-01-24 15:55:00,5.243509248260638,298.0,1.0,best_within_2.0d,15184.0,335.04,0.5832424107187206,4.3760036431226785,32.22527881040892,0.012230020343504162,2.285057100371749,15.890706319702602,0.006381710269403211,0.4929364202292669,5.6011759621451125,36.843533123028394,0.015614239272951093,2.82998018927445,22.52492113564669,0.007835530045022196,1.8630914826498424,0.00402220134195386,1.9444468750000041,16.553125,0.005470102952261012,0.0,1
14890.0,2022-01-24 16:15:00,353.6,354.0,353.3,353.8,158094.0,1p,1p,0.0,sell,False,0.6932370146580267,13.339999999999975,19.0,0.03915927904655661,0.7598709531811902,2.3528335233315483,2.7327689999221434,0.00783819699442236,71.57891116081348,92.33813410883238,90.61694080490358,95.78052071668998,158094.0,13.339999999999975,0.0,13.339999999999975,19.0,0.03915927904655661,13.339999999999975,0.0,0.0,1.0,1.0,0.7598709531811902,2.7327689999221434,2.3528335233315483,71.57891116081348,92.33813410883238,90.61694080490358,95.78052071668998,33.5159616155559,2.6726090081370413,51.00635295114064,0.056561085972847466,0.19813189923577373,0.19999999999998863,0.30000000000001137,0.19999999999998863,1.0,14891.0,14891.0,2022-01-24,2022-01-24 16:15:00,5.302430751837194,294.0,1.0,best_within_2.0d,15184.0,335.04,0.5832424107187206,4.3760036431226785,32.22527881040892,0.012230020343504162,2.285057100371749,15.890706319702602,0.006381710269403211,0.4929364202292669,5.6011759621451125,36.843533123028394,0.015614239272951093,2.82998018927445,22.52492113564669,0.007835530045022196,1.8630914826498424,0.00402220134195386,1.9444468750000041,16.553125,0.005470102952261012,1.0,1
14978.0,2022-01-25 07:35:00,360.425,362.18,360.06,361.87,1427868.0,1p,1p,0.0,sell,False,3.8124917296996057,7.939999999999998,13.0,0.022414182475158077,0.7587512723263208,0.3212076402028292,0.7005832763659896,0.001951041009146982,62.25046734429249,83.20456664957466,79.65754063189127,90.29861868494146,1427868.0,7.939999999999998,0.0,7.939999999999998,13.0,0.022414182475158077,7.939999999999998,0.0,0.0,1.0,1.0,0.7587512723263208,0.7005832763659896,0.3212076402028292,62.25046734429249,83.20456664957466,79.65754063189127,90.29861868494146,37.78898696931484,10.760823875578213,26.058260337466333,0.40091558576680114,0.5887907570960408,0.3100000000000023,0.3650000000000091,1.4449999999999932,1.0,14979.0,14979.0,2022-01-25,2022-01-25 07:35:00,6.190676186476258,206.0,1.0,best_within_2.0d,15184.0,335.04,0.5832424107187206,4.3760036431226785,32.22527881040892,0.012230020343504162,2.285057100371749,15.890706319702602,0.006381710269403211,0.4929364202292669,5.6011759621451125,36.843533123028394,0.015614239272951093,2.82998018927445,22.52492113564669,0.007835530045022196,1.8630914826498424,0.00402220134195386,1.9444468750000041,16.553125,0.005470102952261012,0.0,1
14978.0,2022-01-25 07:35:00,356.94,357.74,356.63,357.15,747758.0,2,2,0.0,sell,False,0.3470492213120765,4.163492493946733,28.239017640954685,0.011578080659927173,0.23821687491689292,-0.49331796487897905,-0.3742095274205326,-0.001047591441829947,49.366183437159094,49.834620469802154,41.79028157408119,65.92329826124407,747758.0,2.359899999999982,1.0,6.79989999999998,26.0,0.01877491854878784,2.359899999999982,6.0,0.006640495627076423,2.0,2.0,0.23821687491689292,-0.3742095274205326,-0.49331796487897905,49.366183437159094,49.834620469802154,41.79028157408119,65.92329826124407,23.779198550140855,15.542564438179568,21.1417668079331,0.05883341738106672,0.31124695062109575,0.5900000000000318,0.3100000000000023,0.20999999999997954,1.0,14979.0,14979.0,2022-01-25,2022-01-25 07:35:00,6.190676186476258,206.0,1.0,best_within_2.0d,15184.0,335.04,0.3470492213120765,6.79989999999998,26.0,0.01877491854878784,2.359899999999982,6.0,0.006640495627076423,0.4929364202292669,5.6011759621451125,36.843533123028394,0.015614239272951093,2.82998018927445,22.52492113564669,0.007835530045022196,1.8630914826498424,0.00402220134195386,1.9444468750000041,16.553125,0.005470102952261012,0.0,1
14978.0,2022-01-25 07:35:00,358.08,361.991,356.95,358.3,109525.0,1p,1p,1.0,buy,False,2816806.780067628,2.740000000000009,61.0,0.007617670772053739,-0.006039364336358766,-0.30365901387877914,-0.3066786960469585,-0.0008545043703681299,42.258573274313896,36.542753220076825,40.94182045451831,27.744618751193855,109525.0,2.740000000000009,0.0,2.740000000000009,61.0,0.007617670772053739,2.740000000000009,0.0,0.0,1.0,1.0,-0.006039364336358766,-0.3066786960469585,-0.30365901387877914,42.258573274313896,36.542753220076825,40.94182045451831,27.744618751193855,40.29729510194125,12.915279018763586,27.95461622996364,0.061438784629140784,1.4122426110099446,3.690999999999974,1.1299999999999955,0.22000000000002728,1.0,14979.0,14979.0,2022-01-25,2022-01-25 07:35:00,6.190676186476258,206.0,1.0,best_within_2.0d,15184.0,335.04,0.5832424107187206,4.3760036431226785,32.22527881040892,0.012230020343504162,2.285057100371749,15.890706319702602,0.006381710269403211,0.4929364202292669,5.6011759621451125,36.843533123028394,0.015614239272951093,2.82998018927445,22.52492113564669,0.007835530045022196,1.8630914826498424,0.00402220134195386,1.9444468750000041,16.553125,0.005470102952261012,0.0,0
15084.0,2022-01-25 16:25:00,341.91,341.96,341.49,341.9,126918.0,2s,2s,1.0,buy,False,0.4430955993930176,4.163492493946733,28.239017640954685,0.011578080659927173,-1.2479029051332318,-0.7469501885342134,-1.3709016411008292,-0.00396939389779313,30.108462799022448,6.240575203915504,9.094409946903236,0.5329057179400394,126918.0,12.509999999999991,1.0,13.180000000000007,22.0,0.039443363758790984,12.509999999999991,195.0,0.035338983050847435,1.0,2.5,-1.2479029051332318,-1.3709016411008292,-0.7469501885342134,30.108462799022448,6.240575203915504,9.094409946903236,0.5329057179400394,3.01512199647477,37.317933017904814,51.53724437798024,-0.0029247462782743257,0.13763214149754618,0.049999999999954525,0.40999999999996817,0.010000000000047748,0.0,15085.0,15085.0,2022-01-25,2022-01-25 16:25:00,3.9221702252120654,164.0,1.0,best_within_2.0d,15248.0,355.3099,0.5832424107187206,4.3760036431226785,32.22527881040892,0.012230020343504162,2.285057100371749,15.890706319702602,0.006381710269403211,0.4430955993930176,13.180000000000007,22.0,0.039443363758790984,12.509999999999991,195.0,0.035338983050847435,1.0,0.00402220134195386,1.9444468750000041,16.553125,0.005470102952261012,0.0,0
15085.0,2022-01-25 16:30:00,341.8,341.84,340.74,340.74,129178.0,2s,2s,1.0,buy,False,0.49999999999999784,4.163492493946733,28.239017640954685,0.011578080659927173,-1.2515662112541133,-0.9033959649409775,-1.5291790705680341,-0.004432079530718798,26.6100655222874,4.1603834692770025,7.449734454361157,-2.4183185008913064,129178.0,13.259999999999991,1.0,13.180000000000007,22.0,0.039443363758790984,13.259999999999991,196.0,0.03745762711864404,1.0,2.5,-1.2515662112541133,-1.5291790705680341,-0.9033959649409775,26.6100655222874,4.1603834692770025,7.449734454361157,-2.4183185008913064,3.0871526953219286,39.25433388743748,53.957286573079195,-0.31012287887653667,0.3228267887538786,0.03999999999996362,0.0,1.0600000000000023,0.0,15086.0,15086.0,2022-01-25,2022-01-25 16:30:00,4.2759582086048065,163.0,1.0,best_within_2.0d,15248.0,355.3099,0.5832424107187206,4.3760036431226785,32.22527881040892,0.012230020343504162,2.285057100371749,15.890706319702602,0.006381710269403211,0.49999999999999784,13.180000000000007,22.0,0.039443363758790984,13.259999999999991,196.0,0.03745762711864404,1.0,0.00402220134195386,1.9444468750000041,16.553125,0.005470102952261012,0.0,0
15086.0,2022-01-25 16:35:00,340.72,340.92,340.64,340.71,126296.0,2s,2s,1.0,buy,False,0.5075872534142636,4.163492493946733,28.239017640954685,0.011578080659927173,-1.1756100143422925,-1.0503472167337642,-1.6381522239049104,-0.004752323404819461,26.52422916798909,3.191749075097408,6.030405994606574,-2.485564763920925,126296.0,13.360000000000014,1.0,13.180000000000007,22.0,0.039443363758790984,13.360000000000014,197.0,0.037740112994350324,1.0,2.5,-1.1756100143422925,-1.6381522239049104,-1.0503472167337642,26.52422916798909,3.191749075097408,6.030405994606574,-2.485564763920925,3.3154807447081445,34.76154042336124,56.00215171260611,-0.0029349612585254014,0.08219821512448026,0.19999999999998863,0.06999999999999318,0.010000000000047748,0.0,15087.0,15087.0,2022-01-25,2022-01-25 16:35:00,4.285139855008673,162.0,1.0,best_within_2.0d,15248.0,355.3099,0.5832424107187206,4.3760036431226785,32.22527881040892,0.012230020343504162,2.285057100371749,15.890706319702602,0.006381710269403211,0.5075872534142636,13.180000000000007,22.0,0.039443363758790984,13.360000000000014,197.0,0.037740112994350324,1.0,0.00402220134195386,1.9444468750000041,16.553125,0.005470102952261012,0.0,0
15087.0,2022-01-25 16:40:00,340.75,340.81,340.4,340.48,111003.0,2s,2s,1.0,buy,False,0.5257966616084979,4.163492493946733,28.239017640954685,0.011578080659927173,-1.0765792172721453,-1.1849196188927824,-1.723209227528855,-0.005003619487298657,25.8361407832313,2.5860228656436344,4.88227828495226,-2.006487972973618,111003.0,13.600000000000023,1.0,13.180000000000007,22.0,0.039443363758790984,13.600000000000023,198.0,0.03841807909604526,1.0,2.5,-1.0765792172721453,-1.723209227528855,-1.1849196188927824,25.8361407832313,2.5860228656436344,4.88227828495226,-2.006487972973618,3.434610303831069,35.90488771466299,57.89761348464526,-0.07923697725604747,0.1204465334900191,0.060000000000002274,0.08000000000004093,0.2699999999999818,0.0,15088.0,15088.0,2022-01-25,2022-01-25 16:40:00,4.355586231203009,161.0,1.0,best_within_2.0d,15248.0,355.3099,0.5832424107187206,4.3760036431226785,32.22527881040892,0.012230020343504162,2.285057100371749,15.890706319702602,0.006381710269403211,0.5257966616084979,13.180000000000007,22.0,0.039443363758790984,13.600000000000023,198.0,0.03841807909604526,1.0,0.00402220134195386,1.9444468750000041,16.553125,0.005470102952261012,0.0,0
15088.0,2022-01-25 16:45:00,340.45,340.55,339.42,339.63,144121.0,2s,2s,1.0,buy,False,0.6001517450682825,4.163492493946733,28.239017640954685,0.011578080659927173,-1.0449572272033647,-1.3155392722932029,-1.8380178858948852,-0.005342457763553236,23.418275299595706,2.954243714764061,4.239600094889527,0.38353095451312846,144121.0,14.579999999999984,1.0,13.180000000000007,22.0,0.039443363758790984,14.579999999999984,199.0,0.041186440677966056,1.0,2.5,-1.0449572272033647,-1.8380178858948852,-1.3155392722932029,23.418275299595706,2.954243714764061,4.239600094889527,0.38353095451312846,3.5743744844653835,39.7855375309316,59.727283904733724,-0.24085768835364757,0.3329208650050072,0.10000000000002274,0.20999999999997954,0.8199999999999932,0.0,15089.0,15089.0,2022-01-25,2022-01-25 16:45:00,4.616759414657136,160.0,1.0,best_within_2.0d,15248.0,355.3099,0.5832424107187206,4.3760036431226785,32.22527881040892,0.012230020343504162,2.285057100371749,15.890706319702602,0.006381710269403211,0.6001517450682825,13.180000000000007,22.0,0.039443363758790984,14.579999999999984,199.0,0.041186440677966056,1.0,0.00402220134195386,1.9444468750000041,16.553125,0.005470102952261012,0.0,0
15089.0,2022-01-25 16:50:00,339.64,345.11,338.65,339.39,422486.0,2s,2s,1.0,buy,False,0.6585735963581185,4.163492493946733,28.239017640954685,0.011578080659927173,-0.9770042296582084,-1.4376648010004789,-1.926166915829583,-0.005604285918028774,22.770311904851482,5.787865262887108,4.755688484222054,7.852218820217214,422486.0,15.350000000000023,1.0,13.180000000000007,22.0,0.039443363758790984,15.350000000000023,200.0,0.043361581920904016,1.0,2.5,-0.9770042296582084,-1.926166915829583,-1.4376648010004789,22.770311904851482,5.787865262887108,4.755688484222054,7.852218820217214,19.642472539306368,31.16519491707909,57.080985148261014,-0.07360734895771993,1.9075741916433002,5.470000000000027,0.7400000000000091,0.25,0.0,15090.0,15090.0,2022-01-25,2022-01-25 16:50:00,4.690739267509367,159.0,1.0,best_within_2.0d,15248.0,355.3099,0.5832424107187206,4.3760036431226785,32.22527881040892,0.012230020343504162,2.285057100371749,15.890706319702602,0.006381710269403211,0.6585735963581185,13.180000000000007,22.0,0.039443363758790984,15.350000000000023,200.0,0.043361581920904016,1.0,0.00402220134195386,1.9444468750000041,16.553125,0.005470102952261012,1.0,0
15098.0,2022-01-25 17:35:00,339.9,345.11,339.9,340.0,72779.0,2,2,0.0,sell,False,0.420846905537461,4.163492493946733,28.239017640954685,0.011578080659927173,0.34363219182523874,-1.6910015146002038,-1.5191854186875844,-0.004446220827334578,31.81640101911856,16.147757350976956,14.320732722339105,19.801806608252654,72779.0,6.460000000000036,1.0,15.350000000000023,200.0,0.043361581920904016,6.460000000000036,10.0,0.019075741916433003,2.0,2.0,0.34363219182523874,-1.5191854186875844,-1.6910015146002038,31.81640101911856,16.147757350976956,14.320732722339105,19.801806608252654,56.949915588069,12.830613393359652,40.933121206892785,0.029420417769939027,1.5328037658134852,5.110000000000014,0.0,0.10000000000002274,1.0,15099.0,15099.0,2022-01-25,2022-01-25 17:35:00,1.4588235294117589,86.0,1.0,best_within_2.0d,15184.0,335.04,0.420846905537461,15.350000000000023,200.0,0.043361581920904016,6.460000000000036,10.0,0.019075741916433003,0.4929364202292669,5.6011759621451125,36.843533123028394,0.015614239272951093,2.82998018927445,22.52492113564669,0.007835530045022196,1.8630914826498424,0.00402220134195386,1.9444468750000041,16.553125,0.005470102952261012,1.0,1
15106.0,2022-01-25 18:15:00,344.82,345.26,344.39,345.18,556389.0,2,2,0.0,sell,False,0.43061889250814356,4.163492493946733,28.239017640954685,0.011578080659927173,1.707664695420588,-0.7987343853959592,0.055097962314334836,0.0001611397107729868,72.50205389887329,70.33257616604033,46.00165030480916,118.99442788850266,556389.0,6.610000000000014,1.0,15.350000000000023,200.0,0.043361581920904016,6.610000000000014,18.0,0.01951867710025104,2.0,2.0,1.707664695420588,0.055097962314334836,-0.7987343853959592,72.50205389887329,70.33257616604033,46.00165030480916,118.99442788850266,75.3653444676398,2.644398051496119,61.04554928792022,0.10440229685053468,0.2526205755103239,0.07999999999998408,0.4300000000000068,0.36000000000001364,1.0,15107.0,15107.0,2022-01-25,2022-01-25 18:15:00,2.9375977750738707,78.0,1.0,best_within_2.0d,15184.0,335.04,0.43061889250814356,15.350000000000023,200.0,0.043361581920904016,6.610000000000014,18.0,0.01951867710025104,0.4929364202292669,5.6011759621451125,36.843533123028394,0.015614239272951093,2.82998018927445,22.52492113564669,0.007835530045022196,1.8630914826498424,0.00402220134195386,1.9444468750000041,16.553125,0.005470102952261012,0.0,1
15107.0,2022-01-25 18:20:00,345.2,345.34,344.83,345.31,183850.0,2,2,0.0,sell,False,0.43583061889250735,4.163492493946733,28.239017640954685,0.011578080659927173,1.7844035111026628,-0.5756839465081264,0.31651780904320503,0.0009250111967223281,72.99361644777638,80.04346432459745,57.34892164473859,125.43254968431519,183850.0,6.689999999999998,1.0,15.350000000000023,200.0,0.043361581920904016,6.689999999999998,19.0,0.01975490919828731,2.0,2.0,1.7844035111026628,0.31651780904320503,-0.5756839465081264,72.99361644777638,80.04346432459745,57.34892164473859,125.43254968431519,73.31058020477708,2.593856655290045,63.339829169204435,0.031865585168022494,0.14789896470724442,0.029999999999972715,0.37000000000000455,0.11000000000001364,1.0,15108.0,15108.0,2022-01-25,2022-01-25 18:20:00,2.9741391792881706,77.0,1.0,best_within_2.0d,15184.0,335.04,0.43583061889250735,15.350000000000023,200.0,0.043361581920904016,6.689999999999998,19.0,0.01975490919828731,0.4929364202292669,5.6011759621451125,36.843533123028394,0.015614239272951093,2.82998018927445,22.52492113564669,0.007835530045022196,1.8630914826498424,0.00402220134195386,1.9444468750000041,16.553125,0.005470102952261012,0.0,1
15108.0,2022-01-25 18:25:00,345.32,346.09,344.77,346.01,282785.0,2,2,0.0,sell,False,0.48469055374592745,4.163492493946733,28.239017640954685,0.011578080659927173,1.83880206410391,-0.3458336884951376,0.5735673435568174,0.0016748390147507675,75.53019550111848,86.276355671325,66.99139965360072,124.84626770677357,282785.0,7.439999999999998,1.0,15.350000000000023,200.0,0.043361581920904016,7.439999999999998,20.0,0.02196958511737782,2.0,2.0,1.83880206410391,0.5735673435568174,-0.3458336884951376,75.53019550111848,86.276355671325,66.99139965360072,124.84626770677357,73.46547314577901,1.598465473145764,65.65420252983682,0.19981466465886646,0.38286393827769044,0.07999999999998408,0.5500000000000114,0.6899999999999977,1.0,15109.0,15109.0,2022-01-25,2022-01-25 18:25:00,3.170428600329462,76.0,1.0,best_within_2.0d,15184.0,335.04,0.48469055374592745,15.350000000000023,200.0,0.043361581920904016,7.439999999999998,20.0,0.02196958511737782,0.4929364202292669,5.6011759621451125,36.843533123028394,0.015614239272951093,2.82998018927445,22.52492113564669,0.007835530045022196,1.8630914826498424,0.00402220134195386,1.9444468750000041,16.553125,0.005470102952261012,0.0,1
15109.0,2022-01-25 18:30:00,346.0,346.33,345.37,345.7,152909.0,2,2,0.0,sell,False,0.5003257328990225,4.163492493946733,28.239017640954685,0.011578080659927173,1.7432438284546214,-0.12792820993830994,0.7436937042890008,0.002170094354692809,72.29187523297009,87.6101630401426,73.864320782448,115.10184755553178,152909.0,7.680000000000007,1.0,15.350000000000023,200.0,0.043361581920904016,7.680000000000007,21.0,0.022678281411486808,2.0,2.0,1.7432438284546214,0.7436937042890008,-0.12792820993830994,72.29187523297009,87.6101630401426,73.864320782448,115.10184755553178,72.05159705159643,1.412776412776168,67.83274850298038,-0.08670520231214202,0.27796276457132335,0.3299999999999841,0.3299999999999841,0.30000000000001137,0.0,15110.0,15110.0,2022-01-25,2022-01-25 18:30:00,3.0835984958056026,75.0,1.0,best_within_2.0d,15184.0,335.04,0.5003257328990225,15.350000000000023,200.0,0.043361581920904016,7.680000000000007,21.0,0.022678281411486808,0.4929364202292669,5.6011759621451125,36.843533123028394,0.015614239272951093,2.82998018927445,22.52492113564669,0.007835530045022196,1.8630914826498424,0.00402220134195386,1.9444468750000041,16.553125,0.005470102952261012,0.0,1
15111.0,2022-01-25 18:40:00,345.63,346.88,345.62,346.61,81624.0,2,2,0.0,sell,False,0.5361563517915313,4.163492493946733,28.239017640954685,0.011578080659927173,1.530023413032803,0.26213341542468765,1.0271451219410892,0.002992897067455135,75.6285882622127,90.88874964087188,82.75706955360829,107.15210981539906,81624.0,8.230000000000018,1.0,15.350000000000023,200.0,0.043361581920904016,8.230000000000018,23.0,0.024302377085486545,2.0,2.0,1.530023413032803,1.0271451219410892,0.26213341542468765,75.6285882622127,90.88874964087188,82.75706955360829,107.15210981539906,72.32194557035311,1.331789229878175,71.7498971058214,0.28354020195006746,0.3645622359817114,0.2699999999999818,0.009999999999990905,0.9800000000000182,1.0,15112.0,15112.0,2022-01-25,2022-01-25 18:40:00,3.3380456420761067,73.0,1.0,best_within_2.0d,15184.0,335.04,0.5361563517915313,15.350000000000023,200.0,0.043361581920904016,8.230000000000018,23.0,0.024302377085486545,0.4929364202292669,5.6011759621451125,36.843533123028394,0.015614239272951093,2.82998018927445,22.52492113564669,0.007835530045022196,1.8630914826498424,0.00402220134195386,1.9444468750000041,16.553125,0.005470102952261012,0.0,1
15112.0,2022-01-25 18:45:00,346.66,347.42,346.61,347.0,81242.0,2,2,0.0,sell,False,0.5713355048859952,4.163492493946733,28.239017640954685,0.011578080659927173,1.456928702027172,0.4442495031780842,1.1727138541916702,0.0034142509403151944,76.97150049194833,91.74514773565905,85.75309561429188,103.72925197839339,81242.0,8.770000000000039,1.0,15.350000000000023,200.0,0.043361581920904016,8.770000000000039,24.0,0.02589694374723177,2.0,2.0,1.456928702027172,1.1727138541916702,0.4442495031780842,76.97150049194833,91.74514773565905,85.75309561429188,103.72925197839339,61.149961149961165,1.787101787101486,73.36211785928572,0.09807880920786216,0.23369204581518196,0.4200000000000159,0.05000000000001137,0.339999999999975,1.0,15113.0,15113.0,2022-01-25,2022-01-25 18:45:00,3.44668587896253,72.0,1.0,best_within_2.0d,15184.0,335.04,0.5713355048859952,15.350000000000023,200.0,0.043361581920904016,8.770000000000039,24.0,0.02589694374723177,0.4929364202292669,5.6011759621451125,36.843533123028394,0.015614239272951093,2.82998018927445,22.52492113564669,0.007835530045022196,1.8630914826498424,0.00402220134195386,1.9444468750000041,16.553125,0.005470102952261012,1.0,1
15118.0,2022-01-25 19:15:00,345.72,345.91,344.5,344.5,47233.0,2s,2s,1.0,buy,False,0.2147192716236709,4.163492493946733,28.239017640954685,0.011578080659927173,0.011454146117707342,0.911138331627267,0.9168654046861207,0.002663483191183171,52.054982078058046,27.02173688296462,46.86585720588908,-12.66650376288429,47233.0,2.920000000000016,1.0,13.180000000000007,22.0,0.039443363758790984,2.920000000000016,7.0,0.008404812618732415,2.0,2.5,0.011454146117707342,0.9168654046861207,0.911138331627267,52.054982078058046,27.02173688296462,46.86585720588908,-12.66650376288429,36.69724770642199,18.807339449541068,70.09595430373966,-0.35288672914498065,0.40928882438317127,0.18999999999999773,0.0,1.2200000000000273,0.0,15119.0,15119.0,2022-01-25,2022-01-25 19:15:00,3.1378519593614014,130.0,1.0,best_within_2.0d,15248.0,355.3099,0.5832424107187206,4.3760036431226785,32.22527881040892,0.012230020343504162,2.285057100371749,15.890706319702602,0.006381710269403211,0.2147192716236709,13.180000000000007,22.0,0.039443363758790984,2.920000000000016,7.0,0.008404812618732415,2.0,0.00402220134195386,1.9444468750000041,16.553125,0.005470102952261012,0.0,0
15119.0,2022-01-25 19:20:00,344.46,344.65,344.21,344.58,41829.0,2s,2s,1.0,buy,False,0.23672230652503815,4.163492493946733,28.239017640954685,0.011578080659927173,-0.17255322166944853,0.8895691789185859,0.8032925680838616,0.0023333824519155976,52.57542486514261,21.85665117223602,38.52945519467139,-11.488956872634716,41829.0,3.2100000000000364,1.0,13.180000000000007,22.0,0.039443363758790984,3.2100000000000364,8.0,0.009239537159633977,2.0,2.5,-0.17255322166944853,0.8032925680838616,0.8895691789185859,52.57542486514261,21.85665117223602,38.52945519467139,-11.488956872634716,29.551227773073734,23.28535139712108,65.93617002197071,0.03483713638739028,0.12782894163446668,0.06999999999999318,0.25,0.12000000000000455,1.0,15120.0,15120.0,2022-01-25,2022-01-25 19:20:00,3.113906785071694,129.0,1.0,best_within_2.0d,15248.0,355.3099,0.5832424107187206,4.3760036431226785,32.22527881040892,0.012230020343504162,2.285057100371749,15.890706319702602,0.006381710269403211,0.23672230652503815,13.180000000000007,22.0,0.039443363758790984,3.2100000000000364,8.0,0.009239537159633977,2.0,0.00402220134195386,1.9444468750000041,16.553125,0.005470102952261012,0.0,0
15121.0,2022-01-25 19:30:00,344.33,345.26,344.0,345.2,43029.0,2s,2s,1.0,buy,False,0.2526555386949911,4.163492493946733,28.239017640954685,0.011578080659927173,-0.2993626090338437,0.8138304535067717,0.6641491489898499,0.0019287247404243654,56.671223613950524,24.036355101568976,29.020472066858026,14.068121170990878,43029.0,3.420000000000016,1.0,13.180000000000007,22.0,0.039443363758790984,3.420000000000016,10.0,0.00984399286166604,2.0,2.5,-0.2993626090338437,0.6641491489898499,0.8138304535067717,56.671223613950524,24.036355101568976,29.020472066858026,14.068121170990878,29.91249005568854,24.980111376292665,58.59200304552339,0.2526645950106016,0.36627906976743924,0.060000000000002274,0.3299999999999841,0.8700000000000045,1.0,15122.0,15122.0,2022-01-25,2022-01-25 19:30:00,2.928707995365017,127.0,1.0,best_within_2.0d,15248.0,355.3099,0.5832424107187206,4.3760036431226785,32.22527881040892,0.012230020343504162,2.285057100371749,15.890706319702602,0.006381710269403211,0.2526555386949911,13.180000000000007,22.0,0.039443363758790984,3.420000000000016,10.0,0.00984399286166604,2.0,0.00402220134195386,1.9444468750000041,16.553125,0.005470102952261012,1.0,0
15127.0,2022-01-26 04:00:00,347.0,350.11,347.0,349.25,95673.0,2s,2s,0.0,sell,False,0.7465798045602619,4.163492493946733,28.239017640954685,0.011578080659927173,0.19291881554663237,0.6413245979937093,0.7377840057670255,0.002139127933551504,73.12966565569357,54.95134082904754,43.90401554691907,77.04599139330449,95673.0,6.110000000000014,1.0,15.350000000000023,200.0,0.043361581920904016,6.110000000000014,7.0,0.017761627906976784,1.0,2.5,0.19291881554663237,0.7377840057670255,0.6413245979937093,73.12966565569357,54.95134082904754,43.90401554691907,77.04599139330449,42.30271668822772,24.385510996118843,44.56546956094616,0.6484149855907781,0.8962536023054795,0.8600000000000136,0.0,2.25,1.0,15128.0,15128.0,2022-01-26,2022-01-26 04:00:00,4.068718682891905,57.0,1.0,best_within_2.0d,15184.0,335.04,0.5832424107187206,4.3760036431226785,32.22527881040892,0.012230020343504162,2.285057100371749,15.890706319702602,0.006381710269403211,0.7465798045602619,15.350000000000023,200.0,0.043361581920904016,6.110000000000014,7.0,0.017761627906976784,1.0,0.00402220134195386,1.9444468750000041,16.553125,0.005470102952261012,0.0,1
15129.0,2022-01-26 04:10:00,350.16,350.83,350.15,350.6,27556.0,2s,2s,0.0,sell,False,0.7934853420195432,4.163492493946733,28.239017640954685,0.011578080659927173,0.9252682703959265,0.8351101206832781,1.2977442558812413,0.003754262574352829,76.5748484509283,78.4921724305443,61.104065901179936,113.26838548927302,27556.0,6.829999999999984,1.0,15.350000000000023,200.0,0.043361581920904016,6.829999999999984,9.0,0.01985465116279065,1.0,2.5,0.9252682703959265,1.2977442558812413,0.8351101206832781,76.5748484509283,78.4921724305443,61.104065901179936,113.26838548927302,48.83875248838764,14.465826144658314,44.89156064170881,0.12565684258624563,0.19420248464943793,0.22999999999996135,0.010000000000047748,0.4399999999999977,1.0,15130.0,15130.0,2022-01-26,2022-01-26 04:10:00,4.43810610382202,55.0,1.0,best_within_2.0d,15184.0,335.04,0.5832424107187206,4.3760036431226785,32.22527881040892,0.012230020343504162,2.285057100371749,15.890706319702602,0.006381710269403211,0.7934853420195432,15.350000000000023,200.0,0.043361581920904016,6.829999999999984,9.0,0.01985465116279065,1.0,0.00402220134195386,1.9444468750000041,16.553125,0.005470102952261012,0.0,1
15131.0,2022-01-26 04:20:00,350.5,351.0,350.1,350.99,78221.0,2s,2s,0.0,sell,False,0.8045602605863195,4.163492493946733,28.239017640954685,0.011578080659927173,1.098297341821513,1.1021775736680408,1.6513262445787973,0.0047671365315144695,77.09705192956929,89.26628519360798,75.57420232446817,116.6504509318876,78221.0,7.0,1.0,15.350000000000023,200.0,0.043361581920904016,7.0,11.0,0.020348837209302327,1.0,2.5,1.098297341821513,1.6513262445787973,1.1021775736680408,77.09705192956929,89.26628519360798,75.57420232446817,116.6504509318876,44.63576158940413,16.09271523178816,45.730889879940015,0.13980028530670732,0.2570694087403534,0.009999999999990905,0.39999999999997726,0.4900000000000091,1.0,15132.0,15132.0,2022-01-26,2022-01-26 04:20:00,4.544289011082933,53.0,1.0,best_within_2.0d,15184.0,335.04,0.5832424107187206,4.3760036431226785,32.22527881040892,0.012230020343504162,2.285057100371749,15.890706319702602,0.006381710269403211,0.8045602605863195,15.350000000000023,200.0,0.043361581920904016,7.0,11.0,0.020348837209302327,1.0,0.00402220134195386,1.9444468750000041,16.553125,0.005470102952261012,0.0,1
15132.0,2022-01-26 04:25:00,351.06,351.11,350.53,350.56,48753.0,2s,2s,0.0,sell,False,0.811726384364822,4.163492493946733,28.239017640954685,0.011578080659927173,1.0033842523265597,1.2276006052088608,1.7292927313721407,0.004987775115869914,73.43167922361138,90.07061473824996,80.40633979572877,109.39916462329234,48753.0,7.110000000000014,1.0,15.350000000000023,200.0,0.043361581920904016,7.110000000000014,12.0,0.02066860465116283,1.0,2.5,1.0033842523265597,1.7292927313721407,1.2276006052088608,73.43167922361138,90.07061473824996,80.40633979572877,109.39916462329234,48.00280308339195,11.352487736510207,46.87492228605326,-0.14242579616020054,0.16546372635724219,0.05000000000001137,0.03000000000002956,0.5,0.0,15133.0,15133.0,2022-01-26,2022-01-26 04:25:00,4.42720219078046,52.0,1.0,best_within_2.0d,15184.0,335.04,0.5832424107187206,4.3760036431226785,32.22527881040892,0.012230020343504162,2.285057100371749,15.890706319702602,0.006381710269403211,0.811726384364822,15.350000000000023,200.0,0.043361581920904016,7.110000000000014,12.0,0.02066860465116283,1.0,0.00402220134195386,1.9444468750000041,16.553125,0.005470102952261012,0.0,1
15134.0,2022-01-26 04:35:00,350.7,351.66,350.69,351.65,11329.0,2s,2s,0.0,sell,False,0.8475570032573309,4.163492493946733,28.239017640954685,0.011578080659927173,0.8567566293818376,1.4439473486827394,1.8723256633736582,0.005390477193865156,76.6822165836718,93.82581107088069,87.191098934741,107.09523534316003,11329.0,7.660000000000025,1.0,15.350000000000023,200.0,0.043361581920904016,7.660000000000025,14.0,0.022267441860465188,1.0,2.5,0.8567566293818376,1.8723256633736582,1.4439473486827394,76.6822165836718,93.82581107088069,87.191098934741,107.09523534316003,49.615115465360546,9.377186843946628,49.751979262096256,0.27088679783290237,0.27659756480082903,0.010000000000047748,0.009999999999990905,0.9499999999999886,1.0,15135.0,15135.0,2022-01-26,2022-01-26 04:35:00,4.723446608844009,50.0,1.0,best_within_2.0d,15184.0,335.04,0.5832424107187206,4.3760036431226785,32.22527881040892,0.012230020343504162,2.285057100371749,15.890706319702602,0.006381710269403211,0.8475570032573309,15.350000000000023,200.0,0.043361581920904016,7.660000000000025,14.0,0.022267441860465188,1.0,0.00402220134195386,1.9444468750000041,16.553125,0.005470102952261012,0.0,1
15135.0,2022-01-26 04:40:00,351.69,351.89,351.44,351.8,17520.0,2s,2s,0.0,sell,False,0.8625407166123772,4.163492493946733,28.239017640954685,0.011578080659927173,0.7938422800990361,1.543177633695119,1.9400987737446371,0.0055802895871419145,77.09855196943097,95.27037711473862,89.88419166140687,106.04274802140213,17520.0,7.889999999999986,1.0,15.350000000000023,200.0,0.043361581920904016,7.889999999999986,15.0,0.022936046511627867,1.0,2.5,0.7938422800990361,1.9400987737446371,1.543177633695119,77.09855196943097,95.27037711473862,89.88419166140687,106.04274802140213,54.302670623145275,7.047477744807027,51.70008024242503,0.03127754556570094,0.12804461643523463,0.08999999999997499,0.25,0.11000000000001364,1.0,15136.0,15136.0,2022-01-26,2022-01-26 04:40:00,4.764070494599201,49.0,1.0,best_within_2.0d,15184.0,335.04,0.5832424107187206,4.3760036431226785,32.22527881040892,0.012230020343504162,2.285057100371749,15.890706319702602,0.006381710269403211,0.8625407166123772,15.350000000000023,200.0,0.043361581920904016,7.889999999999986,15.0,0.022936046511627867,1.0,0.00402220134195386,1.9444468750000041,16.553125,0.005470102952261012,0.0,1
15136.0,2022-01-26 04:45:00,351.8,352.04,351.52,351.54,25660.0,2s,2s,0.0,sell,False,0.8723127035830635,4.163492493946733,28.239017640954685,0.011578080659927173,0.6514713637124094,1.6246115541591704,1.950347236015375,0.005605145394253966,74.61181174939449,90.93675259185883,90.23504530489086,92.34016716579475,25660.0,8.04000000000002,1.0,15.350000000000023,200.0,0.043361581920904016,8.04000000000002,16.0,0.023372093023255873,1.0,2.5,0.6514713637124094,1.950347236015375,1.6246115541591704,74.61181174939449,90.93675259185883,90.23504530489086,92.34016716579475,53.34821428571419,7.068452380952267,53.47871631237147,-0.0739056281978371,0.14792899408285126,0.2400000000000091,0.020000000000038654,0.2599999999999909,0.0,15137.0,15137.0,2022-01-26,2022-01-26 04:45:00,4.69363372589179,48.0,1.0,best_within_2.0d,15184.0,335.04,0.5832424107187206,4.3760036431226785,32.22527881040892,0.012230020343504162,2.285057100371749,15.890706319702602,0.006381710269403211,0.8723127035830635,15.350000000000023,200.0,0.043361581920904016,8.04000000000002,16.0,0.023372093023255873,1.0,0.00402220134195386,1.9444468750000041,16.553125,0.005470102952261012,1.0,1
15151.0,2022-01-26 06:00:00,351.28,352.25,351.28,352.19,16046.0,2s,2s,0.0,sell,False,0.8859934853420197,4.163492493946733,28.239017640954685,0.011578080659927173,-0.333743545305623,1.2376786741414065,1.070806901488595,0.003056681466182389,70.3868688287121,80.37180365522849,74.85313657672111,91.40913781224324,16046.0,8.25,1.0,15.350000000000023,200.0,0.043361581920904016,8.25,31.0,0.023982558139534885,1.0,2.5,-0.333743545305623,1.070806901488595,1.2376786741414065,70.3868688287121,80.37180365522849,74.85313657672111,91.40913781224324,34.98452012383867,26.006191950465237,35.73982263353647,0.2590526076064749,0.2761329993167921,0.060000000000002274,0.0,0.910000000000025,1.0,15152.0,15152.0,2022-01-26,2022-01-26 06:00:00,4.869530651069018,33.0,1.0,best_within_2.0d,15184.0,335.04,0.5832424107187206,4.3760036431226785,32.22527881040892,0.012230020343504162,2.285057100371749,15.890706319702602,0.006381710269403211,0.8859934853420197,15.350000000000023,200.0,0.043361581920904016,8.25,31.0,0.023982558139534885,1.0,0.00402220134195386,1.9444468750000041,16.553125,0.005470102952261012,0.0,1
15152.0,2022-01-26 06:05:00,352.11,352.27,351.94,351.94,3104.0,2s,2s,0.0,sell,False,0.8872964169381097,4.163492493946733,28.239017640954685,0.011578080659927173,-0.32340173072595935,1.1972534578006617,1.035552592437682,0.0029550317308770177,66.90143260705872,78.18437703999396,75.96355006447872,82.62603099102444,3104.0,8.269999999999982,1.0,15.350000000000023,200.0,0.043361581920904016,8.269999999999982,32.0,0.024040697674418552,1.0,2.5,-0.32340173072595935,1.035552592437682,1.1972534578006617,66.90143260705872,78.18437703999396,75.96355006447872,82.62603099102444,34.91577335375134,21.74578866768861,34.847209819943885,-0.04828036693079319,0.09376598283797923,0.15999999999996817,0.0,0.17000000000001592,0.0,15153.0,15153.0,2022-01-26,2022-01-26 06:05:00,4.801954878672494,32.0,1.0,best_within_2.0d,15184.0,335.04,0.5832424107187206,4.3760036431226785,32.22527881040892,0.012230020343504162,2.285057100371749,15.890706319702602,0.006381710269403211,0.8872964169381097,15.350000000000023,200.0,0.043361581920904016,8.269999999999982,32.0,0.024040697674418552,1.0,0.00402220134195386,1.9444468750000041,16.553125,0.005470102952261012,0.0,1
15154.0,2022-01-26 06:15:00,352.12,352.35,352.09,352.14,5066.0,2s,2s,0.0,sell,False,0.8925081433224772,4.163492493946733,28.239017640954685,0.011578080659927173,-0.29364991907043825,1.121598984810784,0.9747740252755648,0.002779733449565784,68.31553887073397,78.37606299816628,77.06166918792884,81.00485061864114,5066.0,8.350000000000023,1.0,15.350000000000023,200.0,0.043361581920904016,8.350000000000023,34.0,0.024273255813953554,1.0,2.5,-0.29364991907043825,0.9747740252755648,1.121598984810784,68.31553887073397,78.37606299816628,77.06166918792884,81.00485061864114,42.88107202679969,14.40536013400419,36.59685194638234,0.005679881858452179,0.07384475560227435,0.21000000000003638,0.03000000000002956,0.01999999999998181,1.0,15155.0,15155.0,2022-01-26,2022-01-26 06:15:00,4.856023172601796,30.0,1.0,best_within_2.0d,15184.0,335.04,0.5832424107187206,4.3760036431226785,32.22527881040892,0.012230020343504162,2.285057100371749,15.890706319702602,0.006381710269403211,0.8925081433224772,15.350000000000023,200.0,0.043361581920904016,8.350000000000023,34.0,0.024273255813953554,1.0,0.00402220134195386,1.9444468750000041,16.553125,0.005470102952261012,0.0,1
15158.0,2022-01-26 06:35:00,352.33,352.53,352.27,352.45,6450.0,2s,2s,0.0,sell,False,0.9042345276872947,4.163492493946733,28.239017640954685,0.011578080659927173,-0.26602349453526264,0.9634642463198595,0.8304524990522282,0.0023656198987789703,67.15191836078706,79.09459889649582,73.5066588477084,90.27047899407069,6450.0,8.529999999999973,1.0,15.350000000000023,200.0,0.043361581920904016,8.529999999999973,38.0,0.024796511627906897,1.0,2.5,-0.26602349453526264,0.8304524990522282,0.9634642463198595,67.15191836078706,79.09459889649582,73.5066588477084,90.27047899407069,41.86851211072572,25.086505190312074,33.987862579470224,0.03405897879828699,0.07380702302211115,0.07999999999998408,0.060000000000002274,0.12000000000000455,1.0,15159.0,15159.0,2022-01-26,2022-01-26 06:35:00,4.939707759965944,26.0,1.0,best_within_2.0d,15184.0,335.04,0.5832424107187206,4.3760036431226785,32.22527881040892,0.012230020343504162,2.285057100371749,15.890706319702602,0.006381710269403211,0.9042345276872947,15.350000000000023,200.0,0.043361581920904016,8.529999999999973,38.0,0.024796511627906897,1.0,0.00402220134195386,1.9444468750000041,16.553125,0.005470102952261012,0.0,1
15159.0,2022-01-26 06:40:00,352.4,352.59,352.3,352.3,8606.0,2s,2s,0.0,sell,False,0.9081433224755685,4.163492493946733,28.239017640954685,0.011578080659927173,-0.25778185172957935,0.9312415148536621,0.8023505889888725,0.002284966691323627,64.8808187908837,78.68393107094727,75.23241625545468,85.58696070193244,8606.0,8.589999999999975,1.0,15.350000000000023,200.0,0.043361581920904016,8.589999999999975,39.0,0.024970930232558065,1.0,2.5,-0.25778185172957935,0.8023505889888725,0.9312415148536621,64.8808187908837,78.68393107094727,75.23241625545468,85.58696070193244,34.249084249083424,26.55677655677749,32.463772567339184,-0.02837684449488249,0.08231620777745206,0.18999999999999773,0.0,0.0999999999999659,0.0,15160.0,15160.0,2022-01-26,2022-01-26 06:40:00,4.8992336077206895,25.0,1.0,best_within_2.0d,15184.0,335.04,0.5832424107187206,4.3760036431226785,32.22527881040892,0.012230020343504162,2.285057100371749,15.890706319702602,0.006381710269403211,0.9081433224755685,15.350000000000023,200.0,0.043361581920904016,8.589999999999975,39.0,0.024970930232558065,1.0,0.00402220134195386,1.9444468750000041,16.553125,0.005470102952261012,0.0,1
15161.0,2022-01-26 06:50:00,352.29,352.6,352.29,352.4,33846.0,2s,2s,0.0,sell,False,0.9087947882736173,4.163492493946733,28.239017640954685,0.011578080659927173,-0.24887701308266763,0.8673238297556862,0.7428853232143524,0.0021146013353026704,65.44180966704386,77.53388318193433,76.03497581058295,80.53169792463709,33846.0,8.600000000000023,1.0,15.350000000000023,200.0,0.043361581920904016,8.600000000000023,41.0,0.025000000000000067,1.0,2.5,-0.24887701308266763,0.7428853232143524,0.8673238297556862,65.44180966704386,77.53388318193433,76.03497581058295,80.53169792463709,39.028776978416914,25.719424460432027,29.75640765467995,0.031224275454868656,0.08799568537284688,0.20000000000004547,0.0,0.1099999999999568,1.0,15162.0,15162.0,2022-01-26,2022-01-26 06:50:00,4.926220204313268,23.0,1.0,best_within_2.0d,15184.0,335.04,0.5832424107187206,4.3760036431226785,32.22527881040892,0.012230020343504162,2.285057100371749,15.890706319702602,0.006381710269403211,0.9087947882736173,15.350000000000023,200.0,0.043361581920904016,8.600000000000023,41.0,0.025000000000000067,1.0,0.00402220134195386,1.9444468750000041,16.553125,0.005470102952261012,1.0,1
15184.0,2022-01-26 08:45:00,335.99,336.08,334.15,335.04,2308319.0,1p,1p,1.0,buy,False,1.1222002289344037,17.05000000000001,73.0,0.04854783599088842,-0.8734068396099337,-1.6139007905101335,-2.0506042103151003,-0.006023165840007456,28.684023612819757,14.956217044972387,18.91814511075243,7.0323609134122975,2308319.0,17.05000000000001,0.0,17.05000000000001,73.0,0.04854783599088842,17.05000000000001,0.0,0.0,1.0,1.0,-0.8734068396099337,-2.0506042103151003,-1.6139007905101335,28.684023612819757,14.956217044972387,18.91814511075243,7.0323609134122975,4.08830744071975,38.92068683564996,54.998456265312846,-0.28274651031280357,0.5775849169534661,0.08999999999997499,0.8900000000000432,0.9499999999999886,0.0,15185.0,15185.0,2022-01-26,2022-01-26 08:45:00,6.049994030563517,64.0,1.0,best_within_2.0d,15248.0,355.3099,0.5832424107187206,4.3760036431226785,32.22527881040892,0.012230020343504162,2.285057100371749,15.890706319702602,0.006381710269403211,0.4929364202292669,5.6011759621451125,36.843533123028394,0.015614239272951093,2.82998018927445,22.52492113564669,0.007835530045022196,1.8630914826498424,0.00402220134195386,1.9444468750000041,16.553125,0.005470102952261012,0.0,0
15195.0,2022-01-26 09:40:00,351.04,351.28,349.8501,350.29,1255224.0,1p,1p,1.0,buy,False,0.6704029247057419,3.769900000000007,16.0,0.010660878909563958,-0.4271973573608817,0.09945039849530694,-0.1141482801851339,-0.0003244806820720172,37.132887225343936,22.61181864945153,29.073056787113394,9.689342374127804,1255224.0,3.769900000000007,0.0,3.769900000000007,16.0,0.010660878909563958,3.769900000000007,0.0,0.0,1.0,1.0,-0.4271973573608817,-0.1141482801851339,0.09945039849530694,37.132887225343936,22.61181864945153,29.073056787113394,9.689342374127804,12.854163670357742,24.538868114483485,38.4048934680872,-0.21365086599817684,0.4087179051828126,0.23999999999995225,0.43990000000002283,0.75,0.0,15196.0,15196.0,2022-01-26,2022-01-26 09:40:00,1.4330697422135963,53.0,1.0,best_within_2.0d,15248.0,355.3099,0.5832424107187206,4.3760036431226785,32.22527881040892,0.012230020343504162,2.285057100371749,15.890706319702602,0.006381710269403211,0.4929364202292669,5.6011759621451125,36.843533123028394,0.015614239272951093,2.82998018927445,22.52492113564669,0.007835530045022196,1.8630914826498424,0.00402220134195386,1.9444468750000041,16.553125,0.005470102952261012,1.0,0
15207.0,2022-01-26 10:40:00,350.49,351.05,349.51,349.74,948898.0,1p,1p,1.0,buy,False,0.8018503010551674,4.110000000000014,28.0,0.011622645777953773,-0.510958883062971,-0.08887554917274695,-0.3443549907042325,-0.00097946951511686,37.52076378052176,20.41665797731765,33.57191626142895,-5.893858590904955,948898.0,4.110000000000014,0.0,4.110000000000014,28.0,0.011622645777953773,4.110000000000014,0.0,0.0,1.0,1.0,-0.510958883062971,-0.3443549907042325,-0.08887554917274695,37.52076378052176,20.41665797731765,33.57191626142895,-5.893858590904955,15.904781967558614,26.238677059195087,24.324442030437663,-0.21398613369853636,0.4406168636090586,0.5600000000000023,0.2300000000000182,0.75,0.0,15208.0,15208.0,2022-01-26,2022-01-26 10:40:00,1.5925830617029846,41.0,1.0,best_within_2.0d,15248.0,355.3099,0.5832424107187206,4.3760036431226785,32.22527881040892,0.012230020343504162,2.285057100371749,15.890706319702602,0.006381710269403211,0.4929364202292669,5.6011759621451125,36.843533123028394,0.015614239272951093,2.82998018927445,22.52492113564669,0.007835530045022196,1.8630914826498424,0.00402220134195386,1.9444468750000041,16.553125,0.005470102952261012,0.0,0
15208.0,2022-01-26 10:45:00,349.74,350.04,349.23,349.72,893209.0,1p,1p,1.0,buy,False,0.8796035524633039,4.389999999999986,29.0,0.012414456195916482,-0.5605051817196357,-0.1589386968877014,-0.43919128774751925,-0.0012497059637206777,37.41925594651993,17.169565739417372,28.10446608742509,-4.700234956598067,893209.0,4.389999999999986,0.0,4.389999999999986,29.0,0.012414456195916482,4.389999999999986,0.0,0.0,1.0,1.0,-0.5605051817196357,-0.43919128774751925,-0.1589386968877014,37.41925594651993,17.169565739417372,28.10446608742509,-4.700234956598067,16.246604083169853,25.18869193318422,24.12847095902908,-0.005718533767936699,0.2319388368696854,0.30000000000001137,0.4900000000000091,0.01999999999998181,0.0,15209.0,15209.0,2022-01-26,2022-01-26 10:45:00,1.598393000114377,40.0,1.0,best_within_2.0d,15248.0,355.3099,0.5832424107187206,4.3760036431226785,32.22527881040892,0.012230020343504162,2.285057100371749,15.890706319702602,0.006381710269403211,0.4929364202292669,5.6011759621451125,36.843533123028394,0.015614239272951093,2.82998018927445,22.52492113564669,0.007835530045022196,1.8630914826498424,0.00402220134195386,1.9444468750000041,16.553125,0.005470102952261012,1.0,0
15231.0,2022-01-26 12:40:00,351.0,351.08,350.38,350.57,72251.0,3a,3a,1.0,buy,False,0.01957963952327822,4.163492493946733,28.239017640954685,0.011578080659927173,-0.6372246817212168,0.5364613728100215,0.21784903194941307,0.0006200967670877547,41.29358964644935,17.43673357044351,33.47752735762152,-14.6448540039125,72251.0,2.2200000000000273,2.0,2.2200000000000273,7.0,0.006296086216676197,2.2200000000000273,7.0,0.006296086216676197,3.0,3.0,-0.6372246817212168,0.21784903194941307,0.5364613728100215,41.29358964644935,17.43673357044351,33.47752735762152,-14.6448540039125,18.74039938556145,42.396313364055956,27.14830540816225,-0.12250712250712445,0.19978309264227084,0.07999999999998408,0.18999999999999773,0.4300000000000068,0.0,15232.0,15232.0,2022-01-26,2022-01-26 12:40:00,4.799909754928223,325.0,1.0,best_within_2.0d,15556.0,337.57,0.5832424107187206,4.3760036431226785,32.22527881040892,0.012230020343504162,2.285057100371749,15.890706319702602,0.006381710269403211,0.4929364202292669,5.6011759621451125,36.843533123028394,0.015614239272951093,2.82998018927445,22.52492113564669,0.007835530045022196,1.8630914826498424,0.01957963952327822,2.2200000000000273,7.0,0.006296086216676197,0.0,0
15231.0,2022-01-26 12:40:00,353.73,354.6372,353.7199,354.59,634827.0,1,1,0.0,sell,False,0.4023950757794996,5.407199999999989,24.0,0.015483205910145143,0.40225535610219687,0.40716152175142906,0.6082891998025275,0.0017255899501477043,71.03966218367421,91.40112602463043,86.91615099572104,100.37107608244918,634827.0,5.407199999999989,2.0,5.407199999999989,24.0,0.015483205910145143,5.407199999999989,24.0,0.015483205910145143,1.0,1.0,0.40225535610219687,0.6082891998025275,0.40716152175142906,71.03966218367421,91.40112602463043,86.91615099572104,100.37107608244918,25.582330893463606,8.633411173688344,36.90233079061938,0.24312328612217135,0.25932948641001297,0.047200000000032105,0.010100000000022646,0.8599999999999568,1.0,15232.0,15232.0,2022-01-26,2022-01-26 12:40:00,4.799909754928223,325.0,1.0,best_within_2.0d,15556.0,337.57,0.5832424107187206,4.3760036431226785,32.22527881040892,0.012230020343504162,2.285057100371749,15.890706319702602,0.006381710269403211,0.4929364202292669,5.6011759621451125,36.843533123028394,0.015614239272951093,2.82998018927445,22.52492113564669,0.007835530045022196,1.8630914826498424,0.00402220134195386,1.9444468750000041,16.553125,0.005470102952261012,1.0,1
15247.0,2022-01-26 14:00:00,352.98,356.4686,352.98,355.18,4038565.0,1,1,0.0,sell,False,0.4023950757794775,7.238599999999963,40.0,0.020727314377344336,0.0454339589476086,0.2933017041170078,0.3160186835908121,0.0008946287702426961,65.14897147821873,51.070000323715206,44.73619101466576,63.737618941814105,4038565.0,7.238599999999963,2.0,7.238599999999963,40.0,0.020727314377344336,7.238599999999963,40.0,0.020727314377344336,1.0,1.0,0.0454339589476086,0.3160186835908121,0.2933017041170078,65.14897147821873,51.070000323715206,44.73619101466576,63.737618941814105,31.549051259403843,17.855511223465008,26.729684898844535,0.6232647742081672,0.9883279505920909,1.288599999999974,0.0,2.1999999999999886,1.0,15248.0,15248.0,2022-01-26,2022-01-26 14:00:00,4.958049439720709,309.0,1.0,best_within_2.0d,15556.0,337.57,0.5832424107187206,4.3760036431226785,32.22527881040892,0.012230020343504162,2.285057100371749,15.890706319702602,0.006381710269403211,0.4929364202292669,5.6011759621451125,36.843533123028394,0.015614239272951093,2.82998018927445,22.52492113564669,0.007835530045022196,1.8630914826498424,0.00402220134195386,1.9444468750000041,16.553125,0.005470102952261012,0.0,1
15248.0,2022-01-26 14:05:00,355.17,356.88,355.0679,355.3099,1762593.0,1,1,0.0,sell,False,0.4023950757794775,7.649999999999977,41.0,0.021905334593247935,0.22274792196406856,0.3211451943625164,0.43251915534455065,0.0012239029499007484,65.83417964477783,54.70768383162958,48.0600219536537,68.00300758758132,1762593.0,7.649999999999977,2.0,7.649999999999977,41.0,0.021905334593247935,7.649999999999977,41.0,0.021905334593247935,1.0,1.0,0.22274792196406856,0.43251915534455065,0.3211451943625164,65.83417964477783,54.70768383162958,48.0600219536537,68.00300758758132,30.878464468222305,16.063624282446458,27.07469477288456,0.03938958808458244,0.5103530902117557,1.570099999999968,0.10210000000000719,0.13990000000001146,1.0,15249.0,15249.0,2022-01-26,2022-01-26 14:05:00,4.992796429257961,308.0,1.0,best_within_2.0d,15556.0,337.57,0.5832424107187206,4.3760036431226785,32.22527881040892,0.012230020343504162,2.285057100371749,15.890706319702602,0.006381710269403211,0.4929364202292669,5.6011759621451125,36.843533123028394,0.015614239272951093,2.82998018927445,22.52492113564669,0.007835530045022196,1.8630914826498424,0.00402220134195386,1.9444468750000041,16.553125,0.005470102952261012,1.0,1
15262.0,2022-01-26 15:15:00,343.71,344.12,341.3,341.32,3507646.0,1,1,1.0,buy,False,3.619792505667562,15.579999999999984,13.0,0.043656130912351446,-2.3066211273209016,-1.0043771957156802,-2.157687759376131,-0.006158167284014468,27.661412843226373,9.63395010111482,16.096376862226272,-3.2909034211080836,3507646.0,15.579999999999984,2.0,15.579999999999984,13.0,0.043656130912351446,15.579999999999984,13.0,0.043656130912351446,1.0,1.0,-2.3066211273209016,-2.157687759376131,-1.0043771957156802,27.661412843226373,9.63395010111482,16.096376862226272,-3.2909034211080836,13.589708627393831,36.90445404663287,22.15858192192232,-0.6953536411509664,0.8262525637269245,0.410000000000025,0.01999999999998181,2.3899999999999864,0.0,15263.0,15263.0,2022-01-26,2022-01-26 15:15:00,3.433727879995321,376.0,1.0,best_within_2.0d,15638.0,353.04,0.5832424107187206,4.3760036431226785,32.22527881040892,0.012230020343504162,2.285057100371749,15.890706319702602,0.006381710269403211,0.4929364202292669,5.6011759621451125,36.843533123028394,0.015614239272951093,2.82998018927445,22.52492113564669,0.007835530045022196,1.8630914826498424,0.00402220134195386,1.9444468750000041,16.553125,0.005470102952261012,0.0,0
15263.0,2022-01-26 15:20:00,342.31,342.85,340.78,342.02,2196716.0,1,1,1.0,buy,False,3.619792505667562,16.100000000000023,16.0,0.04511320331764185,-2.0122473891477677,-1.8080850542590983,-2.814208748832982,-0.008069673488771977,31.718676133334768,9.567675844506095,11.711987234332058,5.279053064854168,2196716.0,16.100000000000023,2.0,16.100000000000023,16.0,0.04511320331764185,16.100000000000023,16.0,0.04511320331764185,1.0,1.0,-2.0122473891477677,-2.814208748832982,-1.8080850542590983,31.718676133334768,9.567675844506095,11.711987234332058,5.279053064854168,6.612854182477017,32.65543912366915,31.416620831993235,-0.08471852998744427,0.6074300134984595,0.5400000000000205,1.240000000000009,0.29000000000002046,0.0,15264.0,15264.0,2022-01-26,2022-01-26 15:20:00,3.2220337991930412,375.0,1.0,best_within_2.0d,15638.0,353.04,0.5832424107187206,4.3760036431226785,32.22527881040892,0.012230020343504162,2.285057100371749,15.890706319702602,0.006381710269403211,0.4929364202292669,5.6011759621451125,36.843533123028394,0.015614239272951093,2.82998018927445,22.52492113564669,0.007835530045022196,1.8630914826498424,0.00402220134195386,1.9444468750000041,16.553125,0.005470102952261012,1.0,0
15308.0,2022-01-26 19:05:00,347.41,347.5,346.93,347.04,52085.0,2,2,1.0,buy,False,0.16779431664411393,4.163492493946733,28.239017640954685,0.011578080659927173,-0.12042566263804633,0.48665961153905607,0.4264467802200329,0.0012288373143795259,50.264635146121115,39.236573157969474,58.85029105328999,0.009137367328435175,52085.0,1.240000000000009,1.0,7.390000000000043,40.0,0.02168554492634557,1.240000000000009,7.0,0.0035614785880460956,2.0,2.0,-0.12042566263804633,0.4264467802200329,0.48665961153905607,50.264635146121115,39.236573157969474,58.85029105328999,0.009137367328435175,25.000000000000377,16.13756613756562,38.3545115676144,-0.10650240350018839,0.1642982734269141,0.08999999999997499,0.11000000000001364,0.37000000000000455,0.0,15309.0,15309.0,2022-01-26,2022-01-26 19:05:00,2.3829817888427867,347.0,1.0,best_within_2.0d,15655.0,355.3099,0.16779431664411393,7.390000000000043,40.0,0.02168554492634557,1.240000000000009,7.0,0.0035614785880460956,0.4929364202292669,5.6011759621451125,36.843533123028394,0.015614239272951093,2.82998018927445,22.52492113564669,0.007835530045022196,1.8630914826498424,0.00402220134195386,1.9444468750000041,16.553125,0.005470102952261012,0.0,0
15309.0,2022-01-26 19:10:00,347.04,347.05,346.59,346.63,33464.0,2,2,1.0,buy,False,0.21380243572395558,4.163492493946733,28.239017640954685,0.011578080659927173,-0.2527158967468761,0.4550701244456965,0.32871217607225844,0.0009472894003412669,46.15388559677975,27.00159729518681,48.23405980058893,-15.463327715617439,33464.0,1.580000000000041,1.0,7.390000000000043,40.0,0.02168554492634557,1.580000000000041,8.0,0.004538013039607206,2.0,2.0,-0.2527158967468761,0.32871217607225844,0.4550701244456965,46.15388559677975,27.00159729518681,48.23405980058893,-15.463327715617439,16.964285714286145,23.214285714285456,36.72601470961007,-0.1181420009220911,0.13272165959780619,0.009999999999990905,0.040000000000020464,0.410000000000025,0.0,15310.0,15310.0,2022-01-26,2022-01-26 19:10:00,2.5040821625364313,346.0,1.0,best_within_2.0d,15655.0,355.3099,0.21380243572395558,7.390000000000043,40.0,0.02168554492634557,1.580000000000041,8.0,0.004538013039607206,0.4929364202292669,5.6011759621451125,36.843533123028394,0.015614239272951093,2.82998018927445,22.52492113564669,0.007835530045022196,1.8630914826498424,0.00402220134195386,1.9444468750000041,16.553125,0.005470102952261012,0.0,0
15310.0,2022-01-26 19:15:00,346.67,346.68,346.28,346.36,39392.0,2,2,1.0,buy,False,0.25575101488498403,4.163492493946733,28.239017640954685,0.011578080659927173,-0.36514418107810653,0.40942710181093317,0.2268550112718799,0.000653845095661482,43.62373748281663,19.41199960772664,38.62670640296817,-19.017413982756423,39392.0,1.8900000000000432,1.0,7.390000000000043,40.0,0.02168554492634557,1.8900000000000432,9.0,0.00542838268661873,2.0,2.0,-0.36514418107810653,0.2268550112718799,0.40942710181093317,43.62373748281663,19.41199960772664,38.62670640296817,-19.017413982756423,10.638297872340761,30.60556464811728,37.5607778312591,-0.08942221709406706,0.11551345731778738,0.009999999999990905,0.08000000000004093,0.3100000000000023,0.0,15311.0,15311.0,2022-01-26,2022-01-26 19:15:00,2.583987758401667,345.0,1.0,best_within_2.0d,15655.0,355.3099,0.25575101488498403,7.390000000000043,40.0,0.02168554492634557,1.8900000000000432,9.0,0.00542838268661873,0.4929364202292669,5.6011759621451125,36.843533123028394,0.015614239272951093,2.82998018927445,22.52492113564669,0.007835530045022196,1.8630914826498424,0.00402220134195386,1.9444468750000041,16.553125,0.005470102952261012,0.0,0
15311.0,2022-01-26 19:20:00,346.36,346.8,346.05,346.73,118077.0,2,2,1.0,buy,False,0.28687415426251583,4.163492493946733,28.239017640954685,0.011578080659927173,-0.37671085649881086,0.3623382447485818,0.17398281649917635,0.0005014801410452681,47.843326957466644,24.565264695749566,33.93955916722863,5.81667575279144,118077.0,2.1200000000000045,1.0,7.390000000000043,40.0,0.02168554492634557,2.1200000000000045,10.0,0.006088979521498132,2.0,2.0,-0.37671085649881086,0.17398281649917635,0.3623382447485818,47.843326957466644,24.565264695749566,33.93955916722863,5.81667575279144,8.992248062015996,32.55813953488268,38.92903783691522,0.10682526850675728,0.21673168617251842,0.06999999999999318,0.3100000000000023,0.37000000000000455,1.0,15312.0,15312.0,2022-01-26,2022-01-26 19:20:00,2.474519078245323,344.0,1.0,best_within_2.0d,15655.0,355.3099,0.28687415426251583,7.390000000000043,40.0,0.02168554492634557,2.1200000000000045,10.0,0.006088979521498132,0.4929364202292669,5.6011759621451125,36.843533123028394,0.015614239272951093,2.82998018927445,22.52492113564669,0.007835530045022196,1.8630914826498424,0.00402220134195386,1.9444468750000041,16.553125,0.005470102952261012,0.0,0
15315.0,2022-01-26 19:40:00,346.21,346.23,345.87,346.16,11683.0,2,2,1.0,buy,False,0.31123139377537185,4.163492493946733,28.239017640954685,0.011578080659927173,-0.4260836939940084,0.1515704458696124,-0.0614714011273918,-0.00017727079874993446,42.20372701353791,15.887168645095766,21.126841005785263,5.407823923716769,11683.0,2.3000000000000114,1.0,7.390000000000043,40.0,0.02168554492634557,2.3000000000000114,14.0,0.006605968348795161,2.0,2.0,-0.4260836939940084,-0.0614714011273918,0.1515704458696124,42.20372701353791,15.887168645095766,21.126841005785263,5.407823923716769,5.000000000000095,38.666666666664874,43.6771573646195,-0.014442101614613826,0.10408534998699327,0.020000000000038654,0.29000000000002046,0.049999999999954525,0.0,15316.0,15316.0,2022-01-26,2022-01-26 19:40:00,2.643257453200832,340.0,1.0,best_within_2.0d,15655.0,355.3099,0.31123139377537185,7.390000000000043,40.0,0.02168554492634557,2.3000000000000114,14.0,0.006605968348795161,0.4929364202292669,5.6011759621451125,36.843533123028394,0.015614239272951093,2.82998018927445,22.52492113564669,0.007835530045022196,1.8630914826498424,0.00402220134195386,1.9444468750000041,16.553125,0.005470102952261012,0.0,0
15318.0,2022-01-26 19:55:00,345.46,345.76,345.1001,345.22,54292.0,2,2,1.0,buy,False,0.41541271989174566,4.163492493946733,28.239017640954685,0.011578080659927173,-0.5034727593949315,-0.02244491207906295,-0.2741812917765287,-0.0007912523187882354,33.37649896020454,8.121758293084019,12.892963424138763,-1.4206519690254709,54292.0,3.0699000000000183,1.0,7.390000000000043,40.0,0.02168554492634557,3.0699000000000183,17.0,0.008817244449550558,2.0,2.0,-0.5034727593949315,-0.2741812917765287,-0.02244491207906295,33.37649896020454,8.121758293084019,12.892963424138763,-1.4206519690254709,4.267486023982591,44.09593308581786,50.121146879999806,-0.06947258727492395,0.19121988084036873,0.30000000000001137,0.11990000000002965,0.23999999999995225,0.0,15319.0,15319.0,2022-01-26,2022-01-26 19:55:00,2.922744916285267,337.0,1.0,best_within_2.0d,15655.0,355.3099,0.41541271989174566,7.390000000000043,40.0,0.02168554492634557,3.0699000000000183,17.0,0.008817244449550558,0.4929364202292669,5.6011759621451125,36.843533123028394,0.015614239272951093,2.82998018927445,22.52492113564669,0.007835530045022196,1.8630914826498424,0.00402220134195386,1.9444468750000041,16.553125,0.005470102952261012,0.0,0
15319.0,2022-01-27 04:00:00,344.37,345.41,343.0,344.92,55095.0,2,2,1.0,buy,False,0.6995940460081171,4.163492493946733,28.239017640954685,0.011578080659927173,-0.5389455474862702,-0.08981310551484672,-0.35928587925798183,-0.0010372071140454522,31.0019591055904,21.866947688105903,15.88429151212781,33.83226004006208,55095.0,5.170000000000016,1.0,7.390000000000043,40.0,0.02168554492634557,5.170000000000016,18.0,0.014849067984030835,2.0,2.0,-0.5389455474862702,-0.35928587925798183,-0.08981310551484672,31.0019591055904,21.866947688105903,15.88429151212781,33.83226004006208,3.300366340663272,54.89609346637355,52.873768173610515,0.15971193774138612,0.7026239067055466,0.4900000000000091,1.3700000000000045,0.5500000000000114,1.0,15320.0,15320.0,2022-01-27,2022-01-27 04:00:00,3.0122637133248324,336.0,1.0,best_within_2.0d,15655.0,355.3099,0.6995940460081171,7.390000000000043,40.0,0.02168554492634557,5.170000000000016,18.0,0.014849067984030835,0.4929364202292669,5.6011759621451125,36.843533123028394,0.015614239272951093,2.82998018927445,22.52492113564669,0.007835530045022196,1.8630914826498424,0.00402220134195386,1.9444468750000041,16.553125,0.005470102952261012,1.0,0
15339.0,2022-01-27 05:40:00,346.25,346.25,345.49,345.6,8930.0,2s,2s,1.0,buy,False,0.36265223274695413,4.163492493946733,28.239017640954685,0.011578080659927173,-0.003038592318811456,-0.0397224229352655,-0.041241719094671225,-0.00011917508682906031,45.551576673422076,27.303746660926016,40.08919442487847,1.7328511330211143,8930.0,1.7799999999999727,1.0,7.390000000000043,40.0,0.02168554492634557,1.7799999999999727,9.0,0.005125694704408595,1.0,2.5,-0.003038592318811456,-0.041241719094671225,-0.0397224229352655,45.551576673422076,27.303746660926016,40.08919442487847,1.7328511330211143,29.647630619683706,21.385176184690984,36.67234851282979,-0.18772563176894652,0.21997742336970416,0.0,0.11000000000001364,0.6499999999999773,0.0,15340.0,15340.0,2022-01-27,2022-01-27 05:40:00,2.8095775462962975,316.0,1.0,best_within_2.0d,15655.0,355.3099,0.5832424107187206,4.3760036431226785,32.22527881040892,0.012230020343504162,2.285057100371749,15.890706319702602,0.006381710269403211,0.36265223274695413,7.390000000000043,40.0,0.02168554492634557,1.7799999999999727,9.0,0.005125694704408595,1.0,0.00402220134195386,1.9444468750000041,16.553125,0.005470102952261012,0.0,0
15340.0,2022-01-27 05:45:00,345.59,345.93,345.0,345.0,3390.0,2s,2s,1.0,buy,False,0.4289580514208386,4.163492493946733,28.239017640954685,0.011578080659927173,-0.12756024690141496,-0.05566745379794237,-0.11944757724864985,-0.00034524277848393373,40.86134937285758,18.202497773950675,32.7936288745692,-10.979764427286376,3390.0,2.269999999999982,1.0,7.390000000000043,40.0,0.02168554492634557,2.269999999999982,10.0,0.006536700550004267,1.0,2.5,-0.12756024690141496,-0.11944757724864985,-0.05566745379794237,40.86134937285758,18.202497773950675,32.7936288745692,-10.979764427286376,26.00896860986504,25.224215246637684,34.16230423799947,-0.17072253248067798,0.26956521739130634,0.34000000000003183,0.0,0.589999999999975,0.0,15341.0,15341.0,2022-01-27,2022-01-27 05:45:00,2.9883768115942106,315.0,1.0,best_within_2.0d,15655.0,355.3099,0.5832424107187206,4.3760036431226785,32.22527881040892,0.012230020343504162,2.285057100371749,15.890706319702602,0.006381710269403211,0.4289580514208386,7.390000000000043,40.0,0.02168554492634557,2.269999999999982,10.0,0.006536700550004267,1.0,0.00402220134195386,1.9444468750000041,16.553125,0.005470102952261012,0.0,0
15341.0,2022-01-27 05:50:00,345.0,345.0,343.96,344.13,36673.0,2s,2s,1.0,buy,False,0.5696887686062262,4.163492493946733,28.239017640954685,0.011578080659927173,-0.308948804624803,-0.09428605437604275,-0.24876045668844426,-0.0007192846347073509,35.20150607721388,14.049412930381685,26.545556893173362,-10.94287499520167,36673.0,3.3100000000000023,1.0,7.390000000000043,40.0,0.02168554492634557,3.3100000000000023,11.0,0.009531488467186922,1.0,2.5,-0.308948804624803,-0.24876045668844426,-0.09428605437604275,35.20150607721388,14.049412930381685,26.545556893173362,-10.94287499520167,19.319429198682254,36.11416026344801,33.8862131997833,-0.2521739130434796,0.30236073962089216,0.0,0.17000000000001592,0.8700000000000045,0.0,15342.0,15342.0,2022-01-27,2022-01-27 05:50:00,3.2487432075087996,314.0,1.0,best_within_2.0d,15655.0,355.3099,0.5832424107187206,4.3760036431226785,32.22527881040892,0.012230020343504162,2.285057100371749,15.890706319702602,0.006381710269403211,0.5696887686062262,7.390000000000043,40.0,0.02168554492634557,3.3100000000000023,11.0,0.009531488467186922,1.0,0.00402220134195386,1.9444468750000041,16.553125,0.005470102952261012,0.0,0
15342.0,2022-01-27 05:55:00,344.11,344.11,343.2,343.62,56556.0,2s,2s,1.0,buy,False,0.6725304465493909,4.163492493946733,28.239017640954685,0.011578080659927173,-0.46981887284716617,-0.15301341348193853,-0.3879228499055216,-0.0011222038272330741,32.37088412321846,13.570479491125507,22.22053109249074,-3.7296237116049653,56556.0,4.069999999999993,1.0,7.390000000000043,40.0,0.02168554492634557,4.069999999999993,12.0,0.011719987329743409,1.0,2.5,-0.46981887284716617,-0.3879228499055216,-0.15301341348193853,32.37088412321846,13.570479491125507,22.22053109249074,-3.7296237116049653,15.320910973084626,41.925465838510405,34.78532507016831,-0.14239632675598185,0.26515151515152247,0.0,0.4200000000000159,0.4900000000000091,0.0,15343.0,15343.0,2022-01-27,2022-01-27 05:55:00,3.4019847505965957,313.0,1.0,best_within_2.0d,15655.0,355.3099,0.5832424107187206,4.3760036431226785,32.22527881040892,0.012230020343504162,2.285057100371749,15.890706319702602,0.006381710269403211,0.6725304465493909,7.390000000000043,40.0,0.02168554492634557,4.069999999999993,12.0,0.011719987329743409,1.0,0.00402220134195386,1.9444468750000041,16.553125,0.005470102952261012,1.0,0
15362.0,2022-01-27 07:35:00,348.1,348.17,347.76,347.86,15039.0,2,2,0.0,sell,False,0.45900621118012624,4.163492493946733,28.239017640954685,0.011578080659927173,0.34163682733963263,0.4158635327562239,0.5866819464260402,0.0016921771087968888,60.6497150675487,87.01967074383765,83.05128529637736,94.95644163875824,15039.0,7.390000000000043,1.0,16.100000000000023,16.0,0.04511320331764185,7.390000000000043,40.0,0.02168554492634557,2.0,2.0,0.34163682733963263,0.5866819464260402,0.4158635327562239,60.6497150675487,87.01967074383765,83.05128529637736,94.95644163875824,35.69711538461549,11.899038461537815,45.200988138338936,-0.06894570525711263,0.11789740050610335,0.06999999999999318,0.10000000000002274,0.2400000000000091,0.0,15363.0,15363.0,2022-01-27,2022-01-27 07:35:00,2.473059255193136,194.0,1.0,best_within_2.0d,15556.0,337.57,0.45900621118012624,16.100000000000023,16.0,0.04511320331764185,7.390000000000043,40.0,0.02168554492634557,0.4929364202292669,5.6011759621451125,36.843533123028394,0.015614239272951093,2.82998018927445,22.52492113564669,0.007835530045022196,1.8630914826498424,0.00402220134195386,1.9444468750000041,16.553125,0.005470102952261012,0.0,1
15362.0,2022-01-27 07:35:00,346.43,347.27,346.41,347.27,7150.0,2s,2s,0.0,sell,False,0.4031055900621118,4.163492493946733,28.239017640954685,0.011578080659927173,0.45869444904226403,-0.21274229852646168,0.01660492599467034,4.797794952127371e-05,62.07097597076228,89.3649693102952,81.96762382398393,104.15966028291774,7150.0,4.269999999999982,1.0,16.100000000000023,16.0,0.04511320331764185,4.269999999999982,13.0,0.012448979591836681,1.0,2.5,0.45869444904226403,0.01660492599467034,-0.21274229852646168,62.07097597076228,89.3649693102952,81.96762382398393,104.15966028291774,25.959196781416267,27.029679122918527,47.51287110887807,0.24247322691452097,0.24826073150311964,0.0,0.01999999999998181,0.839999999999975,1.0,15363.0,15363.0,2022-01-27,2022-01-27 07:35:00,2.473059255193136,194.0,1.0,best_within_2.0d,15556.0,337.57,0.5832424107187206,4.3760036431226785,32.22527881040892,0.012230020343504162,2.285057100371749,15.890706319702602,0.006381710269403211,0.4031055900621118,16.100000000000023,16.0,0.04511320331764185,4.269999999999982,13.0,0.012448979591836681,1.0,0.00402220134195386,1.9444468750000041,16.553125,0.005470102952261012,0.0,1
15362.0,2022-01-27 07:35:00,347.07,347.24,346.13,346.13,25966.0,2s,2s,0.0,sell,False,0.40124223602484643,4.163492493946733,28.239017640954685,0.011578080659927173,0.32581361200138886,0.05035283816000622,0.21325964416070065,0.0006166314043233565,52.33250538310445,75.53836938719273,78.17291616129847,70.26927583898123,25966.0,4.0400000000000205,1.0,16.100000000000023,16.0,0.04511320331764185,4.0400000000000205,17.0,0.011771561771561832,2.0,2.5,0.32581361200138886,0.21325964416070065,0.05035283816000622,52.33250538310445,75.53836938719273,78.17291616129847,70.26927583898123,36.495643756050015,18.3930300096797,27.955984773957113,-0.270838735701731,0.32068875855892687,0.17000000000001592,0.0,0.9399999999999977,0.0,15363.0,15363.0,2022-01-27,2022-01-27 07:35:00,2.473059255193136,194.0,1.0,best_within_2.0d,15556.0,337.57,0.5832424107187206,4.3760036431226785,32.22527881040892,0.012230020343504162,2.285057100371749,15.890706319702602,0.006381710269403211,0.40124223602484643,16.100000000000023,16.0,0.04511320331764185,4.0400000000000205,17.0,0.011771561771561832,2.0,0.00402220134195386,1.9444468750000041,16.553125,0.005470102952261012,0.0,1
15365.0,2022-01-27 07:50:00,346.35,347.56,346.3,347.33,110783.0,2s,2s,0.0,sell,False,0.42111801242236147,4.163492493946733,28.239017640954685,0.011578080659927173,0.19771913618147927,0.10090297170467562,0.19976253979541525,0.0005774402053778141,60.08616960756625,59.1940261552635,49.3132886282548,78.95550120928091,110783.0,4.360000000000014,1.0,16.100000000000023,16.0,0.04511320331764185,4.360000000000014,24.0,0.012703962703962745,2.0,2.5,0.19771913618147927,0.19976253979541525,0.10090297170467562,60.08616960756625,59.1940261552635,49.3132886282548,78.95550120928091,29.2724196277499,16.582064297799697,22.660088255540455,0.2829507723401072,0.3638463759745859,0.2300000000000182,0.05000000000001137,0.9799999999999613,1.0,15366.0,15366.0,2022-01-27,2022-01-27 07:50:00,2.8100077735870763,191.0,1.0,best_within_2.0d,15556.0,337.57,0.5832424107187206,4.3760036431226785,32.22527881040892,0.012230020343504162,2.285057100371749,15.890706319702602,0.006381710269403211,0.42111801242236147,16.100000000000023,16.0,0.04511320331764185,4.360000000000014,24.0,0.012703962703962745,2.0,0.00402220134195386,1.9444468750000041,16.553125,0.005470102952261012,0.0,1
15366.0,2022-01-27 07:55:00,347.35,347.72,346.97,346.98,59022.0,2s,2s,0.0,sell,False,0.4310559006211208,4.163492493946733,28.239017640954685,0.011578080659927173,0.24110821993571363,0.13104149919663982,0.25159560916449664,0.0007271094484984646,57.18347671562954,63.235293922630476,53.95395705971335,81.7979676484647,59022.0,4.520000000000039,1.0,16.100000000000023,16.0,0.04511320331764185,4.520000000000039,25.0,0.013170163170163283,2.0,2.5,0.24110821993571363,0.25159560916449664,0.13104149919663982,57.18347671562954,63.235293922630476,53.95395705971335,81.7979676484647,31.01970865467058,13.453299057411606,23.862870280777965,-0.10652080034547418,0.21615701645675417,0.37000000000000455,0.009999999999990905,0.37000000000000455,0.0,15367.0,15367.0,2022-01-27,2022-01-27 07:55:00,2.7119718715776195,190.0,1.0,best_within_2.0d,15556.0,337.57,0.5832424107187206,4.3760036431226785,32.22527881040892,0.012230020343504162,2.285057100371749,15.890706319702602,0.006381710269403211,0.4310559006211208,16.100000000000023,16.0,0.04511320331764185,4.520000000000039,25.0,0.013170163170163283,2.0,0.00402220134195386,1.9444468750000041,16.553125,0.005470102952261012,0.0,1
15368.0,2022-01-27 08:05:00,346.93,347.93,346.93,347.92,52624.0,2s,2s,0.0,sell,False,0.4440993788819891,4.163492493946733,28.239017640954685,0.011578080659927173,0.36098351889099084,0.20702609389478913,0.38751785334028455,0.0011192673481393008,62.63878712642974,81.69945231985031,67.34663592156392,110.4050851164231,52624.0,4.730000000000018,1.0,16.100000000000023,16.0,0.04511320331764185,4.730000000000018,27.0,0.013782051282051335,2.0,2.5,0.36098351889099084,0.38751785334028455,0.20702609389478913,62.63878712642974,81.69945231985031,67.34663592156392,110.4050851164231,13.96620278330053,49.40357852882688,28.127270240502003,0.28536015910990953,0.2882425849595019,0.009999999999990905,0.0,0.9900000000000091,1.0,15369.0,15369.0,2022-01-27,2022-01-27 08:05:00,2.9748217981145153,188.0,1.0,best_within_2.0d,15556.0,337.57,0.5832424107187206,4.3760036431226785,32.22527881040892,0.012230020343504162,2.285057100371749,15.890706319702602,0.006381710269403211,0.4440993788819891,16.100000000000023,16.0,0.04511320331764185,4.730000000000018,27.0,0.013782051282051335,2.0,0.00402220134195386,1.9444468750000041,16.553125,0.005470102952261012,0.0,1
15369.0,2022-01-27 08:10:00,347.88,348.06,347.45,347.5,75781.0,2s,2s,0.0,sell,False,0.4521739130434795,4.163492493946733,28.239017640954685,0.011578080659927173,0.3561880712976867,0.25154960280699995,0.4296436384558433,0.0012406006718759278,58.9763078748416,85.82641430202844,73.50656204838542,110.46611880931451,75781.0,4.860000000000014,1.0,16.100000000000023,16.0,0.04511320331764185,4.860000000000014,28.0,0.014160839160839201,2.0,2.5,0.3561880712976867,0.4296436384558433,0.25154960280699995,58.9763078748416,85.82641430202844,73.50656204838542,110.46611880931451,14.116485686081342,49.062191510365125,30.069072366180357,-0.10923306887432319,0.17556482947187038,0.18000000000000682,0.05000000000001137,0.37999999999999545,0.0,15370.0,15370.0,2022-01-27,2022-01-27 08:10:00,2.8575539568345345,187.0,1.0,best_within_2.0d,15556.0,337.57,0.5832424107187206,4.3760036431226785,32.22527881040892,0.012230020343504162,2.285057100371749,15.890706319702602,0.006381710269403211,0.4521739130434795,16.100000000000023,16.0,0.04511320331764185,4.860000000000014,28.0,0.014160839160839201,2.0,0.00402220134195386,1.9444468750000041,16.553125,0.005470102952261012,0.0,1
15372.0,2022-01-27 08:25:00,347.84,348.15,347.33,347.55,55744.0,2s,2s,0.0,sell,False,0.4577639751552791,4.163492493946733,28.239017640954685,0.011578080659927173,0.2852137506067808,0.37708310150452024,0.5196899768079106,0.0014993653309644049,58.231836884059994,92.72739816620906,86.45374671238682,105.27470107385352,55744.0,4.949999999999989,1.0,16.100000000000023,16.0,0.04511320331764185,4.949999999999989,31.0,0.014423076923076891,2.0,2.5,0.2852137506067808,0.5196899768079106,0.37708310150452024,58.231836884059994,92.72739816620906,86.45374671238682,105.27470107385352,11.72932330827091,47.86967418546373,36.0006944809961,-0.0833716651333842,0.236086718682519,0.3100000000000023,0.22000000000002728,0.2899999999999636,0.0,15373.0,15373.0,2022-01-27,2022-01-27 08:25:00,2.8715292763631184,184.0,1.0,best_within_2.0d,15556.0,337.57,0.5832424107187206,4.3760036431226785,32.22527881040892,0.012230020343504162,2.285057100371749,15.890706319702602,0.006381710269403211,0.4577639751552791,16.100000000000023,16.0,0.04511320331764185,4.949999999999989,31.0,0.014423076923076891,2.0,0.00402220134195386,1.9444468750000041,16.553125,0.005470102952261012,0.0,1
15375.0,2022-01-27 08:40:00,347.84,348.15,347.33,347.55,55744.0,1,1,0.0,sell,False,0.4478107579972744,4.949999999999989,31.0,0.014423076923076891,0.2852137506067808,0.37708310150452024,0.5196899768079106,0.0014993653309644049,58.231836884059994,92.72739816620906,86.45374671238682,105.27470107385352,55744.0,4.949999999999989,2.0,4.949999999999989,31.0,0.014423076923076891,4.949999999999989,31.0,0.014423076923076891,1.0,1.0,0.2852137506067808,0.5196899768079106,0.37708310150452024,58.231836884059994,92.72739816620906,86.45374671238682,105.27470107385352,11.72932330827091,47.86967418546373,36.0006944809961,-0.0833716651333842,0.236086718682519,0.3100000000000023,0.22000000000002728,0.2899999999999636,0.0,15376.0,15376.0,2022-01-27,2022-01-27 08:40:00,2.8715292763631184,181.0,1.0,best_within_2.0d,15556.0,337.57,0.5832424107187206,4.3760036431226785,32.22527881040892,0.012230020343504162,2.285057100371749,15.890706319702602,0.006381710269403211,0.4929364202292669,5.6011759621451125,36.843533123028394,0.015614239272951093,2.82998018927445,22.52492113564669,0.007835530045022196,1.8630914826498424,0.00402220134195386,1.9444468750000041,16.553125,0.005470102952261012,0.0,1
15376.0,2022-01-27 08:45:00,347.57,348.39,347.52,348.35,41297.0,1,1,0.0,sell,False,0.44781075799724945,5.189999999999998,35.0,0.015122377622377616,0.14958600300801128,0.4365896536679797,0.5113826551719853,0.001474271000242419,63.08977783381562,94.01335680186548,91.41777905605392,99.20451229348862,41297.0,5.189999999999998,2.0,5.189999999999998,35.0,0.015122377622377616,5.189999999999998,35.0,0.015122377622377616,1.0,1.0,0.14958600300801128,0.5113826551719853,0.4365896536679797,63.08977783381562,94.01335680186548,91.41777905605392,99.20451229348862,17.377804487179706,46.875000000000014,40.819480651753004,0.22441522570993744,0.2503453038674046,0.03999999999996362,0.05000000000001137,0.7800000000000296,1.0,15377.0,15377.0,2022-01-27,2022-01-27 08:45:00,3.0945887756566757,180.0,1.0,best_within_2.0d,15556.0,337.57,0.5832424107187206,4.3760036431226785,32.22527881040892,0.012230020343504162,2.285057100371749,15.890706319702602,0.006381710269403211,0.4929364202292669,5.6011759621451125,36.843533123028394,0.015614239272951093,2.82998018927445,22.52492113564669,0.007835530045022196,1.8630914826498424,0.00402220134195386,1.9444468750000041,16.553125,0.005470102952261012,0.0,1
15377.0,2022-01-27 08:50:00,348.3,348.67,348.11,348.64,108724.0,1,1,0.0,sell,False,0.4478107579972744,5.470000000000027,36.0,0.015938228438228518,0.21950771191002372,0.4640281176567326,0.5737819736117444,0.001653538257838982,64.86329392201944,95.54807504148897,92.79454438453226,101.0551363554024,108724.0,5.470000000000027,2.0,5.470000000000027,36.0,0.015938228438228518,5.470000000000027,36.0,0.015938228438228518,1.0,1.0,0.21950771191002372,0.5737819736117444,0.4640281176567326,64.86329392201944,95.54807504148897,92.79454438453226,101.0551363554024,18.808305747818586,46.945531146554266,40.96035789189416,0.09761699684179587,0.1608686909310282,0.03000000000002956,0.18999999999999773,0.339999999999975,1.0,15378.0,15378.0,2022-01-27,2022-01-27 08:50:00,3.175195043597979,179.0,1.0,best_within_2.0d,15556.0,337.57,0.5832424107187206,4.3760036431226785,32.22527881040892,0.012230020343504162,2.285057100371749,15.890706319702602,0.006381710269403211,0.4929364202292669,5.6011759621451125,36.843533123028394,0.015614239272951093,2.82998018927445,22.52492113564669,0.007835530045022196,1.8630914826498424,0.00402220134195386,1.9444468750000041,16.553125,0.005470102952261012,0.0,1
15378.0,2022-01-27 08:55:00,348.46,348.75,348.38,348.56,55358.0,1,1,0.0,sell,False,0.4478107579972485,5.550000000000011,37.0,0.016171328671328707,0.2331545897057007,0.49317244136994515,0.6097497362227955,0.0017566069771286859,63.95042467124723,94.21723521284453,93.26877466063634,96.11415631726092,55358.0,5.550000000000011,2.0,5.550000000000011,37.0,0.016171328671328707,5.550000000000011,37.0,0.016171328671328707,1.0,1.0,0.2331545897057007,0.6097497362227955,0.49317244136994515,63.95042467124723,94.21723521284453,93.26877466063634,96.11415631726092,16.841667533007687,48.65370620646629,41.504005797575175,0.028697698444591267,0.1062058671565545,0.18999999999999773,0.07999999999998408,0.10000000000002274,1.0,15379.0,15379.0,2022-01-27,2022-01-27 08:55:00,3.1529722285976614,178.0,1.0,best_within_2.0d,15556.0,337.57,0.5832424107187206,4.3760036431226785,32.22527881040892,0.012230020343504162,2.285057100371749,15.890706319702602,0.006381710269403211,0.4929364202292669,5.6011759621451125,36.843533123028394,0.015614239272951093,2.82998018927445,22.52492113564669,0.007835530045022196,1.8630914826498424,0.00402220134195386,1.9444468750000041,16.553125,0.005470102952261012,0.0,1
15379.0,2022-01-27 09:00:00,348.52,349.27,348.44,349.22,101919.0,1,1,0.0,sell,False,0.44781075799724807,6.069999999999993,38.0,0.017686480186480166,0.30473283768206616,0.5312640460802035,0.6836304649212366,0.001968564357988058,67.95706616157067,95.54313875802204,94.02689602643157,98.57562422120296,101919.0,6.069999999999993,2.0,6.069999999999993,38.0,0.017686480186480166,6.069999999999993,38.0,0.017686480186480166,1.0,1.0,0.30473283768206616,0.6836304649212366,0.5312640460802035,67.95706616157067,95.54313875802204,94.02689602643157,98.57562422120296,15.578477243726162,49.76605699702248,42.27650241938035,0.20084930563527073,0.2382045689358237,0.049999999999954525,0.07999999999998408,0.7000000000000455,1.0,15380.0,15380.0,2022-01-27,2022-01-27 09:00:00,3.336005956130815,177.0,1.0,best_within_2.0d,15556.0,337.57,0.5832424107187206,4.3760036431226785,32.22527881040892,0.012230020343504162,2.285057100371749,15.890706319702602,0.006381710269403211,0.4929364202292669,5.6011759621451125,36.843533123028394,0.015614239272951093,2.82998018927445,22.52492113564669,0.007835530045022196,1.8630914826498424,0.00402220134195386,1.9444468750000041,16.553125,0.005470102952261012,0.0,1
15380.0,2022-01-27 09:05:00,349.17,349.38,348.84,348.99,77045.0,1,1,0.0,sell,False,0.4478107579972472,6.180000000000007,39.0,0.018006993006993027,0.2945791067606356,0.568086434425283,0.7153759878056007,0.002059224035740099,65.23601721798471,92.51487028312596,93.5228874453297,90.49883595871847,77045.0,6.180000000000007,2.0,6.180000000000007,39.0,0.018006993006993027,6.180000000000007,39.0,0.018006993006993027,1.0,1.0,0.2945791067606356,0.7153759878056007,0.568086434425283,65.23601721798471,92.51487028312596,93.5228874453297,90.49883595871847,15.485536079148307,50.32799225723185,43.03826485160948,-0.05155082051722852,0.15479876160991302,0.20999999999997954,0.1500000000000341,0.18000000000000682,0.0,15381.0,15381.0,2022-01-27,2022-01-27 09:05:00,3.2723000659044716,176.0,1.0,best_within_2.0d,15556.0,337.57,0.5832424107187206,4.3760036431226785,32.22527881040892,0.012230020343504162,2.285057100371749,15.890706319702602,0.006381710269403211,0.4929364202292669,5.6011759621451125,36.843533123028394,0.015614239272951093,2.82998018927445,22.52492113564669,0.007835530045022196,1.8630914826498424,0.00402220134195386,1.9444468750000041,16.553125,0.005470102952261012,0.0,1
15381.0,2022-01-27 09:10:00,348.95,349.46,348.91,349.44,40782.0,1,1,0.0,sell,False,0.44781075799724224,6.259999999999991,40.0,0.018240093240093215,0.3198502476511287,0.608067715381674,0.7679928392072384,0.0022097218706539864,67.94075049818453,94.78468829685895,93.94348772917277,96.46708943223132,40782.0,6.259999999999991,2.0,6.259999999999991,40.0,0.018240093240093215,6.259999999999991,40.0,0.018240093240093215,1.0,1.0,0.3198502476511287,0.7679928392072384,0.608067715381674,67.94075049818453,94.78468829685895,93.94348772917277,96.46708943223132,29.31273519508806,9.80392156862702,43.52649005660313,0.14042126379137673,0.1576337737525306,0.01999999999998181,0.03999999999996362,0.4900000000000091,1.0,15382.0,15382.0,2022-01-27,2022-01-27 09:10:00,3.3968635531135543,175.0,1.0,best_within_2.0d,15556.0,337.57,0.5832424107187206,4.3760036431226785,32.22527881040892,0.012230020343504162,2.285057100371749,15.890706319702602,0.006381710269403211,0.4929364202292669,5.6011759621451125,36.843533123028394,0.015614239272951093,2.82998018927445,22.52492113564669,0.007835530045022196,1.8630914826498424,0.00402220134195386,1.9444468750000041,16.553125,0.005470102952261012,0.0,1
15382.0,2022-01-27 09:15:00,349.41,349.5,349.06,349.16,68942.0,1,1,0.0,sell,False,0.44781075799724923,6.300000000000011,41.0,0.01835664335664339,0.27209746434824345,0.6420798984252045,0.7781286305993262,0.0022381181416140793,64.57420721441848,92.74534775346179,93.54410773726912,91.14782778584714,68942.0,6.300000000000011,2.0,6.300000000000011,41.0,0.01835664335664339,6.300000000000011,41.0,0.01835664335664339,1.0,1.0,0.27209746434824345,0.7781286305993262,0.6420798984252045,64.57420721441848,92.74534775346179,93.54410773726912,91.14782778584714,28.51750891172136,10.379534493604078,43.748221321331805,-0.07154918290833118,0.12605282759410924,0.08999999999997499,0.10000000000002274,0.25,0.0,15383.0,15383.0,2022-01-27,2022-01-27 09:15:00,3.319395119715898,174.0,1.0,best_within_2.0d,15556.0,337.57,0.5832424107187206,4.3760036431226785,32.22527881040892,0.012230020343504162,2.285057100371749,15.890706319702602,0.006381710269403211,0.4929364202292669,5.6011759621451125,36.843533123028394,0.015614239272951093,2.82998018927445,22.52492113564669,0.007835530045022196,1.8630914826498424,0.00402220134195386,1.9444468750000041,16.553125,0.005470102952261012,0.0,1
15384.0,2022-01-27 09:25:00,349.0,349.6,349.0,349.46,95828.0,1,1,0.0,sell,False,0.44781075799723474,6.400000000000034,43.0,0.01864801864801875,0.18277147017992856,0.6890790006327525,0.7804647357227168,0.0022434029621910706,65.69954782353173,89.81556708107756,91.08895585181256,87.26878953960755,95828.0,6.400000000000034,2.0,6.400000000000034,43.0,0.01864801864801875,6.400000000000034,43.0,0.01864801864801875,1.0,1.0,0.18277147017992856,0.7804647357227168,0.6890790006327525,65.69954782353173,89.81556708107756,91.08895585181256,87.26878953960755,30.678714015549925,11.557049800377975,43.24679162330191,0.13180515759311734,0.17191977077364548,0.1400000000000432,0.0,0.45999999999997954,1.0,15385.0,15385.0,2022-01-27,2022-01-27 09:25:00,3.4023922623476186,172.0,1.0,best_within_2.0d,15556.0,337.57,0.5832424107187206,4.3760036431226785,32.22527881040892,0.012230020343504162,2.285057100371749,15.890706319702602,0.006381710269403211,0.4929364202292669,5.6011759621451125,36.843533123028394,0.015614239272951093,2.82998018927445,22.52492113564669,0.007835530045022196,1.8630914826498424,0.00402220134195386,1.9444468750000041,16.553125,0.005470102952261012,0.0,1
15385.0,2022-01-27 09:30:00,339.64,345.11,338.65,339.39,422486.0,1,1,1.0,buy,False,1.4235637535338004,12.379500000000007,24.0,0.03526626679524088,-0.977003205003367,-1.4376664020235825,-1.926168004525266,-0.0056042890678949875,22.770289560034627,5.787865262887108,4.755688484222054,7.852218820217214,422486.0,12.379500000000007,1.0,12.379500000000007,24.0,0.03526626679524088,12.379500000000007,24.0,0.03526626679524088,1.0,1.0,-0.977003205003367,-1.926168004525266,-1.4376664020235825,22.770289560034627,5.787865262887108,4.755688484222054,7.852218820217214,19.642472539306368,31.16519491707909,57.08094294992582,-0.07360734895771993,1.9075741916433002,5.470000000000027,0.7400000000000091,0.25,0.0,15386.0,15386.0,2022-01-27,2022-01-27 09:30:00,3.008274910929786,171.0,1.0,best_within_2.0d,15556.0,337.57,0.5832424107187206,4.3760036431226785,32.22527881040892,0.012230020343504162,2.285057100371749,15.890706319702602,0.006381710269403211,0.4929364202292669,5.6011759621451125,36.843533123028394,0.015614239272951093,2.82998018927445,22.52492113564669,0.007835530045022196,1.8630914826498424,0.00402220134195386,1.9444468750000041,16.553125,0.005470102952261012,0.0,0
15385.0,2022-01-27 09:30:00,344.33,345.26,344.0,345.2,43029.0,2,2,1.0,buy,False,0.38996579247434443,4.163492493946733,28.239017640954685,0.011578080659927173,-0.29936252173314726,0.81383031709956,0.6641490562329864,0.001928724470533918,56.67122243204144,24.036355101568976,29.020472066858026,14.068121170990878,43029.0,3.420000000000016,1.0,8.770000000000039,24.0,0.02589694374723177,3.420000000000016,10.0,0.00984399286166604,2.0,2.0,-0.29936252173314726,0.6641490562329864,0.81383031709956,56.67122243204144,24.036355101568976,29.020472066858026,14.068121170990878,29.91249005568854,24.980111376292665,58.59199910652823,0.2526645950106016,0.36627906976743924,0.060000000000002274,0.3299999999999841,0.8700000000000045,1.0,15386.0,15386.0,2022-01-27,2022-01-27 09:30:00,3.008274910929786,171.0,1.0,best_within_2.0d,15556.0,337.57,0.38996579247434443,8.770000000000039,24.0,0.02589694374723177,3.420000000000016,10.0,0.00984399286166604,0.4929364202292669,5.6011759621451125,36.843533123028394,0.015614239272951093,2.82998018927445,22.52492113564669,0.007835530045022196,1.8630914826498424,0.00402220134195386,1.9444468750000041,16.553125,0.005470102952261012,0.0,0
15385.0,2022-01-27 09:30:00,349.39,349.77,348.03,348.04,2052118.0,2s,2s,0.0,sell,False,0.5583850931677017,4.163492493946733,28.239017640954685,0.011578080659927173,-0.02716606161908497,0.6856832429303669,0.6721002121208244,0.0019318547330127588,51.44585265896807,60.06861560194534,80.74884243519014,18.708161935455735,2052118.0,6.569999999999993,1.0,16.100000000000023,16.0,0.04511320331764185,6.569999999999993,44.0,0.019143356643356625,2.0,2.5,-0.02716606161908497,0.6721002121208244,0.6856832429303669,51.44585265896807,60.06861560194534,80.74884243519014,18.708161935455735,25.786879029200243,19.624573378839628,41.12701631946038,-0.38638770428460056,0.499956900267221,0.37999999999999545,0.010000000000047748,1.349999999999966,0.0,15386.0,15386.0,2022-01-27,2022-01-27 09:30:00,3.008274910929786,171.0,1.0,best_within_2.0d,15556.0,337.57,0.5832424107187206,4.3760036431226785,32.22527881040892,0.012230020343504162,2.285057100371749,15.890706319702602,0.006381710269403211,0.5583850931677017,16.100000000000023,16.0,0.04511320331764185,6.569999999999993,44.0,0.019143356643356625,2.0,0.00402220134195386,1.9444468750000041,16.553125,0.005470102952261012,0.0,1
15387.0,2022-01-27 09:40:00,347.68,349.92,347.64,349.7,1380275.0,2s,2s,0.0,sell,False,0.5677018633540392,4.163492493946733,28.239017640954685,0.011578080659927173,-0.08125317558118739,0.6475970867786557,0.606970498988062,0.0017440796070295607,61.42034565226991,62.77247267538387,67.45140424727745,53.41460953159668,1380275.0,6.720000000000027,1.0,16.100000000000023,16.0,0.04511320331764185,6.720000000000027,46.0,0.019580419580419662,2.0,2.5,-0.08125317558118739,0.606970498988062,0.6475970867786557,61.42034565226991,62.77247267538387,67.45140424727745,53.41460953159668,32.92483660130802,21.813725490196294,37.573557100578284,0.5809940174873395,0.6558508802209267,0.22000000000002728,0.040000000000020464,2.019999999999982,1.0,15388.0,15388.0,2022-01-27,2022-01-27 09:40:00,3.4686874463826123,169.0,1.0,best_within_2.0d,15556.0,337.57,0.5832424107187206,4.3760036431226785,32.22527881040892,0.012230020343504162,2.285057100371749,15.890706319702602,0.006381710269403211,0.5677018633540392,16.100000000000023,16.0,0.04511320331764185,6.720000000000027,46.0,0.019580419580419662,2.0,0.00402220134195386,1.9444468750000041,16.553125,0.005470102952261012,0.0,1
15388.0,2022-01-27 09:45:00,349.72,350.68,348.925,350.23,1258033.0,2s,2s,0.0,sell,False,0.6149068322981379,4.163492493946733,28.239017640954685,0.011578080659927173,0.06796242170267552,0.6560923894914901,0.6900736003428278,0.0019819362369552533,63.9559537002153,71.1493903857399,68.6840662934316,76.08003857035652,1258033.0,7.480000000000018,1.0,16.100000000000023,16.0,0.04511320331764185,7.480000000000018,47.0,0.02179487179487185,2.0,2.5,0.06796242170267552,0.6900736003428278,0.6560923894914901,63.9559537002153,71.1493903857399,68.6840662934316,76.08003857035652,36.19191537589794,17.45372119380438,37.38470141230765,0.14583095047466282,0.502973418356379,0.44999999999998863,0.7950000000000159,0.5099999999999909,1.0,15389.0,15389.0,2022-01-27,2022-01-27 09:45:00,3.6147674385403947,168.0,1.0,best_within_2.0d,15556.0,337.57,0.5832424107187206,4.3760036431226785,32.22527881040892,0.012230020343504162,2.285057100371749,15.890706319702602,0.006381710269403211,0.6149068322981379,16.100000000000023,16.0,0.04511320331764185,7.480000000000018,47.0,0.02179487179487185,2.0,0.00402220134195386,1.9444468750000041,16.553125,0.005470102952261012,0.0,1
15389.0,2022-01-27 09:50:00,350.23,350.94,349.74,350.55,1175818.0,2s,2s,0.0,sell,False,0.6310559006211187,4.163492493946733,28.239017640954685,0.011578080659927173,0.18680553153274215,0.6794430809330828,0.7728458466994539,0.002218545627044449,65.4331636197038,77.4999285988686,71.6226870619106,89.25441167278461,1175818.0,7.740000000000009,1.0,16.100000000000023,16.0,0.04511320331764185,7.740000000000009,48.0,0.02255244755244758,2.0,2.5,0.18680553153274215,0.7728458466994539,0.6794430809330828,65.4331636197038,77.4999285988686,71.6226870619106,89.25441167278461,33.29698291530397,16.793893129771085,37.06767266743105,0.09136852925220375,0.3431120260765107,0.38999999999998636,0.4900000000000091,0.3199999999999932,1.0,15390.0,15390.0,2022-01-27,2022-01-27 09:50:00,3.7027528170018593,167.0,1.0,best_within_2.0d,15556.0,337.57,0.5832424107187206,4.3760036431226785,32.22527881040892,0.012230020343504162,2.285057100371749,15.890706319702602,0.006381710269403211,0.6310559006211187,16.100000000000023,16.0,0.04511320331764185,7.740000000000009,48.0,0.02255244755244758,2.0,0.00402220134195386,1.9444468750000041,16.553125,0.005470102952261012,0.0,1
15392.0,2022-01-27 10:05:00,350.32,351.02,349.86,350.57,891985.0,2s,2s,0.0,sell,False,0.6360248447204966,4.163492493946733,28.239017640954685,0.011578080659927173,0.19056370364091402,0.745522789468853,0.84080464128931,0.002410856046313814,63.63291681398508,82.56633186445634,77.75659948968334,92.18579661400236,891985.0,7.819999999999993,1.0,16.100000000000023,16.0,0.04511320331764185,7.819999999999993,51.0,0.022785547785547765,2.0,2.5,0.19056370364091402,0.84080464128931,0.745522789468853,63.63291681398508,82.56633186445634,77.75659948968334,92.18579661400236,24.424366074031415,21.85951617604215,30.776819359236118,0.07136332496003654,0.3315611959069251,0.44999999999998863,0.45999999999997954,0.25,1.0,15393.0,15393.0,2022-01-27,2022-01-27 10:05:00,3.708246569871923,164.0,1.0,best_within_2.0d,15556.0,337.57,0.5832424107187206,4.3760036431226785,32.22527881040892,0.012230020343504162,2.285057100371749,15.890706319702602,0.006381710269403211,0.6360248447204966,16.100000000000023,16.0,0.04511320331764185,7.819999999999993,51.0,0.022785547785547765,2.0,0.00402220134195386,1.9444468750000041,16.553125,0.005470102952261012,0.0,1
15393.0,2022-01-27 10:10:00,350.6,351.27,350.04,351.0899,982632.0,2s,2s,0.0,sell,False,0.6515527950310556,4.163492493946733,28.239017640954685,0.011578080659927173,0.24315310761093833,0.7759169279202203,0.8974934817256894,0.0025721270134868098,66.20620871936755,86.9846698121899,80.83262293051885,99.28876357553202,982632.0,8.069999999999993,1.0,16.100000000000023,16.0,0.04511320331764185,8.069999999999993,52.0,0.023513986013985994,2.0,2.5,0.24315310761093833,0.8974934817256894,0.7759169279202203,66.20620871936755,86.9846698121899,80.83262293051885,99.28876357553202,22.32982056394252,21.361435488465023,28.736791379301927,0.13973188819166496,0.3513884127528172,0.18009999999998172,0.5600000000000023,0.48989999999997735,1.0,15394.0,15394.0,2022-01-27,2022-01-27 10:10:00,3.850837064808759,163.0,1.0,best_within_2.0d,15556.0,337.57,0.5832424107187206,4.3760036431226785,32.22527881040892,0.012230020343504162,2.285057100371749,15.890706319702602,0.006381710269403211,0.6515527950310556,16.100000000000023,16.0,0.04511320331764185,8.069999999999993,52.0,0.023513986013985994,2.0,0.00402220134195386,1.9444468750000041,16.553125,0.005470102952261012,1.0,1
15403.0,2022-01-27 11:00:00,348.49,349.86,348.47,349.3,1267660.0,2s,2s,0.0,sell,False,0.5639751552795048,4.163492493946733,28.239017640954685,0.011578080659927173,-0.2923573082608848,0.03673641747895327,-0.10944223665148911,-0.00031419095854460545,55.12387382461193,47.90193926743865,36.80623783676033,70.09334212879529,1267660.0,4.170099999999991,1.0,16.100000000000023,16.0,0.04511320331764185,4.170099999999991,6.0,0.012063123626116905,3.0,2.5,-0.2923573082608848,-0.10944223665148911,0.03673641747895327,55.12387382461193,47.90193926743865,36.80623783676033,70.09334212879529,17.917927600518016,26.67007521844682,27.757389409952143,0.23243134666704993,0.3988865612534756,0.5600000000000023,0.01999999999998181,0.8100000000000023,1.0,15404.0,15404.0,2022-01-27,2022-01-27 11:00:00,3.358144861150878,153.0,1.0,best_within_2.0d,15556.0,337.57,0.5832424107187206,4.3760036431226785,32.22527881040892,0.012230020343504162,2.285057100371749,15.890706319702602,0.006381710269403211,0.5639751552795048,16.100000000000023,16.0,0.04511320331764185,4.170099999999991,6.0,0.012063123626116905,3.0,0.00402220134195386,1.9444468750000041,16.553125,0.005470102952261012,1.0,1
15428.0,2022-01-27 13:05:00,343.78,343.95,342.81,343.23,614119.0,1,1,1.0,buy,False,0.3882337924669072,7.050000000000011,26.0,0.02015091750986112,-0.4350033874613122,-0.9978673462028217,-1.2153690399334778,-0.003513151203860029,33.46610710128988,22.281617793673966,21.516853168043077,23.811147044935737,614119.0,7.050000000000011,1.0,7.050000000000011,26.0,0.02015091750986112,7.050000000000011,26.0,0.02015091750986112,1.0,1.0,-0.4350033874613122,-1.2153690399334778,-0.9978673462028217,33.46610710128988,22.281617793673966,21.516853168043077,23.811147044935737,10.167559021798477,39.48539221505904,44.35647644029552,-0.15998603758216143,0.33254572503718866,0.17000000000001592,0.4200000000000159,0.5499999999999545,0.0,15429.0,15429.0,2022-01-27,2022-01-27 13:05:00,3.519476735716577,227.0,1.0,best_within_2.0d,15655.0,355.3099,0.5832424107187206,4.3760036431226785,32.22527881040892,0.012230020343504162,2.285057100371749,15.890706319702602,0.006381710269403211,0.4929364202292669,5.6011759621451125,36.843533123028394,0.015614239272951093,2.82998018927445,22.52492113564669,0.007835530045022196,1.8630914826498424,0.00402220134195386,1.9444468750000041,16.553125,0.005470102952261012,0.0,0
15429.0,2022-01-27 13:10:00,343.29,343.31,342.36,342.84,757443.0,1,1,1.0,buy,False,0.3882337924656932,7.5,27.0,0.02143714628708626,-0.44557667137717427,-1.0535644301249687,-1.2763527658135558,-0.00369188823526995,31.980548411351876,19.870085843640133,20.96793072657543,17.674396077769543,757443.0,7.5,1.0,7.5,27.0,0.02143714628708626,7.5,27.0,0.02143714628708626,1.0,1.0,-0.44557667137717427,-1.2763527658135558,-1.0535644301249687,31.980548411351876,19.870085843640133,20.96793072657543,17.674396077769543,10.245780278353484,38.67397098016047,45.339005784937854,-0.13108450581142633,0.2774856875803215,0.01999999999998181,0.47999999999996135,0.4500000000000455,0.0,15430.0,15430.0,2022-01-27,2022-01-27 13:10:00,3.637236028468106,226.0,1.0,best_within_2.0d,15655.0,355.3099,0.5832424107187206,4.3760036431226785,32.22527881040892,0.012230020343504162,2.285057100371749,15.890706319702602,0.006381710269403211,0.4929364202292669,5.6011759621451125,36.843533123028394,0.015614239272951093,2.82998018927445,22.52492113564669,0.007835530045022196,1.8630914826498424,0.00402220134195386,1.9444468750000041,16.553125,0.005470102952261012,0.0,0
15430.0,2022-01-27 13:15:00,342.8,343.71,342.12,342.271,825005.0,1,1,1.0,buy,False,0.3882337924654887,7.740000000000009,28.0,0.022123134968273048,-0.48226014532405603,-1.1138469482904756,-1.3549770209525036,-0.003922208133476101,29.8954702057039,14.714168016265532,18.88334315647213,6.375817735852337,825005.0,7.740000000000009,1.0,7.740000000000009,28.0,0.022123134968273048,7.740000000000009,28.0,0.022123134968273048,1.0,1.0,-0.48226014532405603,-1.3549770209525036,-1.1138469482904756,29.8954702057039,14.714168016265532,18.88334315647213,6.375817735852337,12.720214989548964,33.681696028665755,45.32720145556703,-0.15431738623103744,0.4647492108032196,0.9099999999999682,0.15100000000001046,0.5289999999999964,0.0,15431.0,15431.0,2022-01-27,2022-01-27 13:15:00,3.8095252007911897,225.0,1.0,best_within_2.0d,15655.0,355.3099,0.5832424107187206,4.3760036431226785,32.22527881040892,0.012230020343504162,2.285057100371749,15.890706319702602,0.006381710269403211,0.4929364202292669,5.6011759621451125,36.843533123028394,0.015614239272951093,2.82998018927445,22.52492113564669,0.007835530045022196,1.8630914826498424,0.00402220134195386,1.9444468750000041,16.553125,0.005470102952261012,0.0,0
15431.0,2022-01-27 13:20:00,342.26,342.45,341.07,341.28,861787.0,1,1,1.0,buy,False,0.38823379246498263,8.79000000000002,29.0,0.02512433544846516,-0.5861489120627943,-1.187115562298325,-1.480190018329722,-0.004288504402319054,26.637975433052034,11.371945344176863,16.37954388570704,1.3567482611165076,861787.0,8.79000000000002,1.0,8.79000000000002,29.0,0.02512433544846516,8.79000000000002,29.0,0.02512433544846516,1.0,1.0,-0.5861489120627943,-1.480190018329722,-1.187115562298325,26.637975433052034,11.371945344176863,16.37954388570704,1.3567482611165076,12.58493353028049,35.805022156573706,45.51706906483718,-0.2863320282825975,0.4046090245404156,0.18999999999999773,0.20999999999997954,0.9800000000000182,0.0,15432.0,15432.0,2022-01-27,2022-01-27 13:20:00,4.1109646038443675,224.0,1.0,best_within_2.0d,15655.0,355.3099,0.5832424107187206,4.3760036431226785,32.22527881040892,0.012230020343504162,2.285057100371749,15.890706319702602,0.006381710269403211,0.4929364202292669,5.6011759621451125,36.843533123028394,0.015614239272951093,2.82998018927445,22.52492113564669,0.007835530045022196,1.8630914826498424,0.00402220134195386,1.9444468750000041,16.553125,0.005470102952261012,0.0,0
15432.0,2022-01-27 13:25:00,341.27,341.85,340.84,341.06,791045.0,1,1,1.0,buy,False,0.38823379246375533,9.020000000000039,30.0,0.025781741267935854,-0.6269718439768761,-1.2654870427954346,-1.5789729647838726,-0.004578726845653612,25.9616672717421,9.138267879840665,13.965785217084914,-0.5167667946478325,791045.0,9.020000000000039,1.0,9.020000000000039,30.0,0.025781741267935854,9.020000000000039,30.0,0.025781741267935854,1.0,1.0,-0.6269718439768761,-1.5789729647838726,-1.2654870427954346,25.9616672717421,9.138267879840665,13.965785217084914,-0.5167667946478325,13.091579594345196,32.08358942839636,45.26876529781538,-0.0615348551000614,0.29632672221571643,0.5800000000000409,0.22000000000002728,0.20999999999997954,0.0,15433.0,15433.0,2022-01-27,2022-01-27 13:25:00,4.17812115170352,223.0,1.0,best_within_2.0d,15655.0,355.3099,0.5832424107187206,4.3760036431226785,32.22527881040892,0.012230020343504162,2.285057100371749,15.890706319702602,0.006381710269403211,0.4929364202292669,5.6011759621451125,36.843533123028394,0.015614239272951093,2.82998018927445,22.52492113564669,0.007835530045022196,1.8630914826498424,0.00402220134195386,1.9444468750000041,16.553125,0.005470102952261012,1.0,0
15438.0,2022-01-27 13:55:00,341.77,343.62,341.51,343.07,849614.0,2s,2s,0.0,sell,False,0.17639751552795205,4.163492493946733,28.239017640954685,0.011578080659927173,0.25294673429564174,-1.3861892205091064,-1.2597158533612856,-0.0036636656967507708,45.21609013746276,45.38767756349098,29.95398409440905,76.25506450165486,849614.0,2.7800000000000296,1.0,16.100000000000023,16.0,0.04511320331764185,2.7800000000000296,7.0,0.008156319680788728,4.0,2.5,0.25294673429564174,-1.2597158533612856,-1.3861892205091064,45.21609013746276,45.38767756349098,29.95398409440905,76.25506450165486,22.265292416061474,18.50901918063253,35.804117674980084,0.3803727653100072,0.6178442798161149,0.5500000000000114,0.2599999999999909,1.3000000000000114,1.0,15439.0,15439.0,2022-01-27,2022-01-27 13:55:00,1.603171364444574,118.0,1.0,best_within_2.0d,15556.0,337.57,0.5832424107187206,4.3760036431226785,32.22527881040892,0.012230020343504162,2.285057100371749,15.890706319702602,0.006381710269403211,0.17639751552795205,16.100000000000023,16.0,0.04511320331764185,2.7800000000000296,7.0,0.008156319680788728,4.0,0.00402220134195386,1.9444468750000041,16.553125,0.005470102952261012,0.0,1
15439.0,2022-01-27 14:00:00,343.04,344.69,342.922,344.325,992201.0,2s,2s,0.0,sell,False,0.24285714285714408,4.163492493946733,28.239017640954685,0.011578080659927173,0.574308185394893,-1.3144006973347448,-1.0272466046372983,-0.0029872571525694663,51.999377730629824,60.4316118821541,40.113193356990735,101.06844893248083,992201.0,3.8500000000000227,1.0,16.100000000000023,16.0,0.04511320331764185,3.8500000000000227,8.0,0.011295622579509515,4.0,2.5,0.574308185394893,-1.0272466046372983,-1.3144006973347448,51.999377730629824,60.4316118821541,40.113193356990735,101.06844893248083,25.773016287779665,17.932440810136793,34.52807927570344,0.3745918843283489,0.5155691381713545,0.3650000000000091,0.117999999999995,1.2849999999999682,1.0,15440.0,15440.0,2022-01-27,2022-01-27 14:00:00,1.9618093371088348,117.0,1.0,best_within_2.0d,15556.0,337.57,0.5832424107187206,4.3760036431226785,32.22527881040892,0.012230020343504162,2.285057100371749,15.890706319702602,0.006381710269403211,0.24285714285714408,16.100000000000023,16.0,0.04511320331764185,3.8500000000000227,8.0,0.011295622579509515,4.0,0.00402220134195386,1.9444468750000041,16.553125,0.005470102952261012,0.0,1
15440.0,2022-01-27 14:05:00,344.32,345.1,343.62,344.0,842412.0,2s,2s,0.0,sell,False,0.2683229813664624,4.163492493946733,28.239017640954685,0.011578080659927173,0.7281099321001383,-1.2233869558222277,-0.8593319897721585,-0.0024988908796128957,50.263712021776975,65.01387584005883,48.413420851346764,98.21478581748296,842412.0,4.260000000000048,1.0,16.100000000000023,16.0,0.04511320331764185,4.260000000000048,9.0,0.012498533036028776,4.0,2.5,0.7281099321001383,-0.8593319897721585,-1.2233869558222277,50.263712021776975,65.01387584005883,48.413420851346764,98.21478581748296,22.124854752203444,17.759555909619383,32.84356467583522,-0.09293680297397572,0.43070834060881735,0.7800000000000296,0.37999999999999545,0.3199999999999932,0.0,15441.0,15441.0,2022-01-27,2022-01-27 14:05:00,1.8691860465116297,116.0,1.0,best_within_2.0d,15556.0,337.57,0.5832424107187206,4.3760036431226785,32.22527881040892,0.012230020343504162,2.285057100371749,15.890706319702602,0.006381710269403211,0.2683229813664624,16.100000000000023,16.0,0.04511320331764185,4.260000000000048,9.0,0.012498533036028776,4.0,0.00402220134195386,1.9444468750000041,16.553125,0.005470102952261012,1.0,1
15454.0,2022-01-27 15:15:00,340.915,341.32,340.05,341.31,865392.0,1,1,1.0,buy,False,4.3353457059741394e-08,5.050000000000011,15.0,0.014633439582729675,0.0797533301172133,-0.7744328517157368,-0.7345561866571302,-0.0021450090569067964,42.208632656124756,31.51144130378831,31.35475639675355,31.824811117857834,865392.0,5.050000000000011,1.0,5.050000000000011,15.0,0.014633439582729675,5.050000000000011,15.0,0.014633439582729675,1.0,1.0,0.0797533301172133,-0.7345561866571302,-0.7744328517157368,42.208632656124756,31.51144130378831,31.35475639675355,31.824811117857834,12.054745364529907,31.396163787545028,21.04919668046646,0.11586465834591665,0.3734744890457232,0.009999999999990905,0.8650000000000091,0.3949999999999818,1.0,15455.0,15455.0,2022-01-27,2022-01-27 15:15:00,4.101813600539106,201.0,1.0,best_within_2.0d,15655.0,355.3099,0.5832424107187206,4.3760036431226785,32.22527881040892,0.012230020343504162,2.285057100371749,15.890706319702602,0.006381710269403211,0.4929364202292669,5.6011759621451125,36.843533123028394,0.015614239272951093,2.82998018927445,22.52492113564669,0.007835530045022196,1.8630914826498424,0.00402220134195386,1.9444468750000041,16.553125,0.005470102952261012,1.0,0
15458.0,2022-01-27 15:35:00,339.64,345.11,338.65,339.39,422486.0,1p,1p,1.0,buy,False,1.9828797094923087,12.379500000000007,24.0,0.03526626679524088,-0.9770279886880155,-1.4376276774643446,-1.9261416718083524,-0.005604212880818561,22.769163638883242,5.787865262887108,4.755688484222054,7.852218820217214,422486.0,12.379500000000007,0.0,12.379500000000007,24.0,0.03526626679524088,12.379500000000007,0.0,0.0,1.0,1.0,-0.9770279886880155,-1.9261416718083524,-1.4376276774643446,22.769163638883242,5.787865262887108,4.755688484222054,7.852218820217214,19.642472539306368,31.16519491707909,57.074730916651276,-0.07360734895771993,1.9075741916433002,5.470000000000027,0.7400000000000091,0.25,0.0,15459.0,15459.0,2022-01-27,2022-01-27 15:35:00,4.690739267509367,197.0,1.0,best_within_2.0d,15655.0,355.3099,0.5832424107187206,4.3760036431226785,32.22527881040892,0.012230020343504162,2.285057100371749,15.890706319702602,0.006381710269403211,0.4929364202292669,5.6011759621451125,36.843533123028394,0.015614239272951093,2.82998018927445,22.52492113564669,0.007835530045022196,1.8630914826498424,0.00402220134195386,1.9444468750000041,16.553125,0.005470102952261012,0.0,0
15459.0,2022-01-27 15:40:00,340.88,343.13,340.69,342.71,1178458.0,2s,2s,0.0,sell,False,0.14596273291925588,4.163492493946733,28.239017640954685,0.011578080659927173,0.32170682906880677,-0.6980674631715142,-0.5372140486371109,-0.0015702652327853708,53.38163036126686,50.55933103444111,38.28322469191605,75.11154371949124,1178458.0,3.079999999999984,1.0,16.100000000000023,16.0,0.04511320331764185,3.079999999999984,6.0,0.00905749154536093,5.0,2.5,0.32170682906880677,-0.5372140486371109,-0.6980674631715142,53.38163036126686,50.55933103444111,38.28322469191605,75.11154371949124,24.183605728195452,15.490152688647843,21.0415597094202,0.5368458108425206,0.7161936070914902,0.4200000000000159,0.18999999999999773,1.829999999999984,1.0,15460.0,15460.0,2022-01-27,2022-01-27 15:40:00,1.4998103352688823,97.0,1.0,best_within_2.0d,15556.0,337.57,0.5832424107187206,4.3760036431226785,32.22527881040892,0.012230020343504162,2.285057100371749,15.890706319702602,0.006381710269403211,0.14596273291925588,16.100000000000023,16.0,0.04511320331764185,3.079999999999984,6.0,0.00905749154536093,5.0,0.00402220134195386,1.9444468750000041,16.553125,0.005470102952261012,0.0,1
15460.0,2022-01-27 15:45:00,342.72,343.95,341.97,342.35,1323288.0,2s,2s,0.0,sell,False,0.1968944099378889,4.163492493946733,28.239017640954685,0.011578080659927173,0.41937284947596654,-0.6456458569870185,-0.4359594322490352,-0.0012742357933447318,51.09615724507928,53.36434034774727,43.31026324385979,73.47249455552226,1323288.0,3.8999999999999773,1.0,16.100000000000023,16.0,0.04511320331764185,3.8999999999999773,7.0,0.011468901632112857,5.0,2.5,0.41937284947596654,-0.4359594322490352,-0.6456458569870185,51.09615724507928,53.36434034774727,43.31026324385979,73.47249455552226,27.254682666828085,14.811232354985846,21.651508181844033,-0.10795985060691074,0.5789981577331231,1.2299999999999613,0.37999999999999545,0.37000000000000455,0.0,15461.0,15461.0,2022-01-27,2022-01-27 15:45:00,1.3962319263911287,96.0,1.0,best_within_2.0d,15556.0,337.57,0.5832424107187206,4.3760036431226785,32.22527881040892,0.012230020343504162,2.285057100371749,15.890706319702602,0.006381710269403211,0.1968944099378889,16.100000000000023,16.0,0.04511320331764185,3.8999999999999773,7.0,0.011468901632112857,5.0,0.00402220134195386,1.9444468750000041,16.553125,0.005470102952261012,1.0,1
15472.0,2022-01-27 16:45:00,343.6,344.1,343.5,343.57,71880.0,2s,2s,0.0,sell,False,0.20621118012422643,4.163492493946733,28.239017640954685,0.011578080659927173,0.6867982824263452,-0.17955060777238793,0.16384853344078465,0.00047892930688695997,60.154879384756065,75.7790793340431,60.50377910967445,106.32967978278042,71880.0,4.050000000000011,1.0,16.100000000000023,16.0,0.04511320331764185,4.050000000000011,19.0,0.01191001323334807,5.0,2.5,0.6867982824263452,0.16384853344078465,-0.17955060777238793,60.154879384756065,75.7790793340431,60.50377910967445,106.32967978278042,34.679203539823575,12.721238938053292,21.54863228596454,-0.008731082654257729,0.17467248908297606,0.5,0.06999999999999318,0.03000000000002956,0.0,15473.0,15473.0,2022-01-27,2022-01-27 16:45:00,1.7463690077713419,84.0,1.0,best_within_2.0d,15556.0,337.57,0.5832424107187206,4.3760036431226785,32.22527881040892,0.012230020343504162,2.285057100371749,15.890706319702602,0.006381710269403211,0.20621118012422643,16.100000000000023,16.0,0.04511320331764185,4.050000000000011,19.0,0.01191001323334807,5.0,0.00402220134195386,1.9444468750000041,16.553125,0.005470102952261012,0.0,1
15475.0,2022-01-27 17:00:00,344.07,345.53,343.98,345.3,96818.0,2s,2s,0.0,sell,False,0.2950310559006207,4.163492493946733,28.239017640954685,0.011578080659927173,0.8762049181293188,0.11264200919796208,0.5507444682626215,0.0016075957839870028,68.74190088901054,90.02014340082579,79.29115692304828,111.47811635638084,96818.0,5.479999999999961,1.0,16.100000000000023,16.0,0.04511320331764185,5.479999999999961,22.0,0.016115277165122663,5.0,2.5,0.8762049181293188,0.5507444682626215,0.11264200919796208,68.74190088901054,90.02014340082579,79.29115692304828,111.47811635638084,35.010712232847865,12.4758321576004,24.073363080591452,0.35748539541372926,0.4506075934647231,0.22999999999996135,0.08999999999997499,1.2300000000000182,1.0,15476.0,15476.0,2022-01-27,2022-01-27 17:00:00,2.238633072690419,81.0,1.0,best_within_2.0d,15556.0,337.57,0.5832424107187206,4.3760036431226785,32.22527881040892,0.012230020343504162,2.285057100371749,15.890706319702602,0.006381710269403211,0.2950310559006207,16.100000000000023,16.0,0.04511320331764185,5.479999999999961,22.0,0.016115277165122663,5.0,0.00402220134195386,1.9444468750000041,16.553125,0.005470102952261012,0.0,1
15476.0,2022-01-27 17:05:00,345.4,345.69,345.17,345.32,39208.0,2s,2s,0.0,sell,False,0.30496894409938,4.163492493946733,28.239017640954685,0.011578080659927173,0.9139811483219666,0.2268896527382079,0.6838802268991913,0.00199503436196214,68.82794260051168,91.15221896947102,83.24484427185585,106.96696836470133,39208.0,5.639999999999986,1.0,16.100000000000023,16.0,0.04511320331764185,5.639999999999986,23.0,0.016585796206440188,5.0,2.5,0.9139811483219666,0.6838802268991913,0.2268896527382079,68.82794260051168,91.15221896947102,83.24484427185585,106.96696836470133,37.88710740171391,8.373599824291581,26.910852830875683,-0.023161551823967598,0.1506504041486751,0.29000000000002046,0.14999999999997726,0.07999999999998408,0.0,15477.0,15477.0,2022-01-27,2022-01-27 17:05:00,2.2442951465307543,80.0,1.0,best_within_2.0d,15556.0,337.57,0.5832424107187206,4.3760036431226785,32.22527881040892,0.012230020343504162,2.285057100371749,15.890706319702602,0.006381710269403211,0.30496894409938,16.100000000000023,16.0,0.04511320331764185,5.639999999999986,23.0,0.016585796206440188,5.0,0.00402220134195386,1.9444468750000041,16.553125,0.005470102952261012,1.0,1
15481.0,2022-01-27 17:30:00,343.6,343.78,341.1,343.37,292272.0,2,2,1.0,buy,False,0.8138297872340401,4.163492493946733,28.239017640954685,0.011578080659927173,0.07648249903815407,0.5162015141042083,0.5544427636232854,0.0016156275075996914,51.72500729336603,48.56246331249672,61.993841605814055,21.69970672586203,292272.0,4.589999999999975,1.0,5.639999999999986,23.0,0.016585796206440188,4.589999999999975,6.0,0.013277792241603676,2.0,2.0,0.07648249903815407,0.5544427636232854,0.5162015141042083,51.72500729336603,48.56246331249672,61.993841605814055,21.69970672586203,30.695151074655197,27.515315128231727,31.0984897756382,-0.0669383003492486,0.785693345060085,0.17999999999994998,2.269999999999982,0.2300000000000182,0.0,15482.0,15482.0,2022-01-27,2022-01-27 17:30:00,3.477269417829171,174.0,1.0,best_within_2.0d,15655.0,355.3099,0.8138297872340401,5.639999999999986,23.0,0.016585796206440188,4.589999999999975,6.0,0.013277792241603676,0.4929364202292669,5.6011759621451125,36.843533123028394,0.015614239272951093,2.82998018927445,22.52492113564669,0.007835530045022196,1.8630914826498424,0.00402220134195386,1.9444468750000041,16.553125,0.005470102952261012,1.0,0
15493.0,2022-01-27 18:30:00,341.1,344.84,341.1,344.72,51694.0,2,2,1.0,buy,False,0.8138297872340401,4.163492493946733,28.239017640954685,0.011578080659927173,-0.13384459242580138,0.6024225193572684,0.5355002231443677,0.0015557442864302924,54.66793949331049,69.12357585813625,71.20826387535502,64.95419982369873,51694.0,4.589999999999975,1.0,5.639999999999986,23.0,0.016585796206440188,4.589999999999975,18.0,0.013277792241603676,2.0,2.0,-0.13384459242580138,0.5355002231443677,0.6024225193572684,54.66793949331049,69.12357585813625,71.20826387535502,64.95419982369873,15.899558345601697,54.58181717174539,27.759599568437093,1.0612723541483449,1.0964526531808712,0.1199999999999477,0.0,3.6200000000000045,1.0,15494.0,15494.0,2022-01-27,2022-01-27 18:30:00,3.072029473195637,162.0,1.0,best_within_2.0d,15655.0,355.3099,0.8138297872340401,5.639999999999986,23.0,0.016585796206440188,4.589999999999975,18.0,0.013277792241603676,0.4929364202292669,5.6011759621451125,36.843533123028394,0.015614239272951093,2.82998018927445,22.52492113564669,0.007835530045022196,1.8630914826498424,0.00402220134195386,1.9444468750000041,16.553125,0.005470102952261012,1.0,0
15537.0,2022-01-28 06:10:00,341.75,341.89,341.03,341.03,18547.0,2,2,1.0,buy,False,0.8262411347517795,4.163492493946733,28.239017640954685,0.011578080659927173,-0.11387381893224569,-0.4324200398718231,-0.48935694933794593,-0.0014293858611331412,35.76114227162262,18.3724504132024,26.3018705950946,2.5136100494180056,18547.0,4.660000000000025,1.0,5.639999999999986,23.0,0.016585796206440188,4.660000000000025,62.0,0.013480285805201265,2.0,2.0,-0.11387381893224569,-0.48935694933794593,-0.4324200398718231,35.76114227162262,18.3724504132024,26.3018705950946,2.5136100494180056,13.630731102850453,34.448574969021,34.76515614254151,-0.21068032187272195,0.2521772278098741,0.13999999999998636,0.0,0.7200000000000273,0.0,15538.0,15538.0,2022-01-28,2022-01-28 06:10:00,4.187285576049044,118.0,1.0,best_within_2.0d,15655.0,355.3099,0.8262411347517795,5.639999999999986,23.0,0.016585796206440188,4.660000000000025,62.0,0.013480285805201265,0.4929364202292669,5.6011759621451125,36.843533123028394,0.015614239272951093,2.82998018927445,22.52492113564669,0.007835530045022196,1.8630914826498424,0.00402220134195386,1.9444468750000041,16.553125,0.005470102952261012,0.0,0
15538.0,2022-01-28 06:15:00,341.06,341.06,340.22,340.34,37749.0,2,2,1.0,buy,False,0.9698581560283659,4.163492493946733,28.239017640954685,0.011578080659927173,-0.2277872173504969,-0.4608934420406352,-0.5747870507158837,-0.0016796548649104625,31.22361571124101,14.13509272829768,22.246277972828956,-2.08727776076487,37749.0,5.46999999999997,1.0,5.639999999999986,23.0,0.016585796206440188,5.46999999999997,63.0,0.015823425612542946,2.0,2.0,-0.2277872173504969,-0.5747870507158837,-0.4608934420406352,31.22361571124101,14.13509272829768,22.246277972828956,-2.08727776076487,12.895662368112937,40.44548651817076,35.97109867867069,-0.211106550167134,0.24689906531067396,0.0,0.1199999999999477,0.7200000000000273,0.0,15539.0,15539.0,2022-01-28,2022-01-28 06:15:00,4.398513251454443,117.0,1.0,best_within_2.0d,15655.0,355.3099,0.9698581560283659,5.639999999999986,23.0,0.016585796206440188,5.46999999999997,63.0,0.015823425612542946,0.4929364202292669,5.6011759621451125,36.843533123028394,0.015614239272951093,2.82998018927445,22.52492113564669,0.007835530045022196,1.8630914826498424,0.00402220134195386,1.9444468750000041,16.553125,0.005470102952261012,0.0,0
15539.0,2022-01-28 06:20:00,340.51,341.04,340.18,341.02,22356.0,2,2,1.0,buy,False,0.9769503546099298,4.163492493946733,28.239017640954685,0.011578080659927173,-0.1920491684153497,-0.4848995880925539,-0.5809241723002287,-0.0016980246107131045,39.38613599210078,22.38635811516122,22.292971353606376,22.573131638270908,22356.0,5.509999999999991,1.0,5.639999999999986,23.0,0.016585796206440188,5.509999999999991,64.0,0.015939136220312972,2.0,2.0,-0.1920491684153497,-0.5809241723002287,-0.4848995880925539,39.38613599210078,22.38635811516122,22.292971353606376,22.573131638270908,12.45753114382822,38.165345413363255,37.02909147039866,0.14977533699450557,0.25280733729202587,0.020000000000038654,0.3299999999999841,0.5099999999999909,1.0,15540.0,15540.0,2022-01-28,2022-01-28 06:20:00,4.190340742478461,116.0,1.0,best_within_2.0d,15655.0,355.3099,0.9769503546099298,5.639999999999986,23.0,0.016585796206440188,5.509999999999991,64.0,0.015939136220312972,0.4929364202292669,5.6011759621451125,36.843533123028394,0.015614239272951093,2.82998018927445,22.52492113564669,0.007835530045022196,1.8630914826498424,0.00402220134195386,1.9444468750000041,16.553125,0.005470102952261012,1.0,0
15552.0,2022-01-28 07:25:00,341.05,341.71,340.65,341.43,77626.0,3a,3a,0.0,sell,False,0.012448979591836681,4.163492493946733,28.239017640954685,0.011578080659927173,0.11928711268868852,-0.5139457690929312,-0.45430221274858695,-0.0013298976646571301,47.64554383259546,55.58359961279433,42.605127640600884,81.54054355718122,77626.0,1.5299999999999727,2.0,1.5299999999999727,9.0,0.004497618907637053,1.5299999999999727,9.0,0.004497618907637053,3.0,3.0,0.11928711268868852,-0.45430221274858695,-0.5139457690929312,47.64554383259546,55.58359961279433,42.605127640600884,81.54054355718122,22.20994475138032,22.541436464087823,34.55483016487994,0.11142061281336914,0.3111698223983568,0.2799999999999727,0.4000000000000341,0.37999999999999545,1.0,15553.0,15553.0,2022-01-28,2022-01-28 07:25:00,4.564420247204242,103.0,1.0,best_within_2.0d,15655.0,355.3099,0.5832424107187206,4.3760036431226785,32.22527881040892,0.012230020343504162,2.285057100371749,15.890706319702602,0.006381710269403211,0.4929364202292669,5.6011759621451125,36.843533123028394,0.015614239272951093,2.82998018927445,22.52492113564669,0.007835530045022196,1.8630914826498424,0.012448979591836681,1.5299999999999727,9.0,0.004497618907637053,0.0,1
15552.0,2022-01-28 07:25:00,339.54,340.18,339.05,339.8,63622.0,1p,1p,1.0,buy,False,0.21731921463299125,2.659999999999968,6.0,0.007784378566620726,-0.11234045605694942,-0.4922796247733915,-0.5484498528018662,-0.0016074220507115663,36.55716000531269,30.714314661289094,37.43821911931436,17.26650574523856,63622.0,2.659999999999968,0.0,2.659999999999968,6.0,0.007784378566620726,2.659999999999968,0.0,0.0,1.0,1.0,-0.11234045605694942,-0.5484498528018662,-0.4922796247733915,36.55716000531269,30.714314661289094,37.43821911931436,17.26650574523856,13.982642237222018,20.636451301831954,29.479649375611285,0.07657418860811419,0.33328417637516455,0.37999999999999545,0.4900000000000091,0.2599999999999909,1.0,15553.0,15553.0,2022-01-28,2022-01-28 07:25:00,4.564420247204242,103.0,1.0,best_within_2.0d,15655.0,355.3099,0.5832424107187206,4.3760036431226785,32.22527881040892,0.012230020343504162,2.285057100371749,15.890706319702602,0.006381710269403211,0.4929364202292669,5.6011759621451125,36.843533123028394,0.015614239272951093,2.82998018927445,22.52492113564669,0.007835530045022196,1.8630914826498424,0.00402220134195386,1.9444468750000041,16.553125,0.005470102952261012,0.0,0
15554.0,2022-01-28 07:35:00,339.5,339.62,338.29,338.29,89490.0,1p,1p,1.0,buy,False,0.6601213927232664,3.419999999999959,8.0,0.010008486728512362,-0.3412415162493523,-0.5555929472636418,-0.726213705388318,-0.0021304716933930852,28.089515020975284,17.82791595639587,28.524485801736958,-3.565223734286306,89490.0,3.419999999999959,0.0,3.419999999999959,8.0,0.010008486728512362,3.419999999999959,0.0,0.0,1.0,1.0,-0.3412415162493523,-0.726213705388318,-0.5555929472636418,28.089515020975284,17.82791595639587,28.524485801736958,-3.565223734286306,11.355311355310901,30.311355311354767,29.882714236813776,-0.3564064801178143,0.3931538029501268,0.12000000000000455,0.0,1.2099999999999795,0.0,15555.0,15555.0,2022-01-28,2022-01-28 07:35:00,5.031156699872892,101.0,1.0,best_within_2.0d,15655.0,355.3099,0.5832424107187206,4.3760036431226785,32.22527881040892,0.012230020343504162,2.285057100371749,15.890706319702602,0.006381710269403211,0.4929364202292669,5.6011759621451125,36.843533123028394,0.015614239272951093,2.82998018927445,22.52492113564669,0.007835530045022196,1.8630914826498424,0.00402220134195386,1.9444468750000041,16.553125,0.005470102952261012,0.0,0
15555.0,2022-01-28 07:40:00,338.28,338.52,337.81,337.9,136710.0,1p,1p,1.0,buy,False,0.9155826232050978,3.8999999999999773,9.0,0.011413186620233466,-0.47329901142144126,-0.614755323691322,-0.8514048294020427,-0.0024993542513684183,26.370248150571115,12.654508073494473,23.23449322565613,-8.50546223082884,136710.0,3.8999999999999773,0.0,3.8999999999999773,9.0,0.011413186620233466,3.8999999999999773,0.0,0.0,1.0,1.0,-0.47329901142144126,-0.8514048294020427,-0.614755323691322,26.370248150571115,12.654508073494473,23.23449322565613,-8.50546223082884,9.749552772808357,33.89982110912309,31.700225280788466,-0.11233297859761013,0.2101773186110475,0.2400000000000091,0.08999999999997499,0.37999999999999545,0.0,15556.0,15556.0,2022-01-28,2022-01-28 07:40:00,5.152382361645472,100.0,1.0,best_within_2.0d,15655.0,355.3099,0.5832424107187206,4.3760036431226785,32.22527881040892,0.012230020343504162,2.285057100371749,15.890706319702602,0.006381710269403211,0.4929364202292669,5.6011759621451125,36.843533123028394,0.015614239272951093,2.82998018927445,22.52492113564669,0.007835530045022196,1.8630914826498424,0.00402220134195386,1.9444468750000041,16.553125,0.005470102952261012,0.0,0
15556.0,2022-01-28 07:45:00,337.9,338.02,337.41,337.57,70994.0,1p,1p,1.0,buy,False,1.0874997388592433,4.2999999999999545,10.0,0.012583769863334274,-0.5621694189884769,-0.6850265010648816,-0.9661112105591201,-0.0028379829664774876,24.97716751196984,9.737151723792813,18.73537939170169,-8.259303612024944,70994.0,4.2999999999999545,0.0,4.2999999999999545,10.0,0.012583769863334274,4.2999999999999545,0.0,0.0,1.0,1.0,-0.5621694189884769,-0.9661112105591201,-0.6850265010648816,24.97716751196984,9.737151723792813,18.73537939170169,-8.259303612024944,9.637488947833553,36.16268788682559,33.57271332609347,-0.09766203018644098,0.1807889511276953,0.12000000000000455,0.15999999999996817,0.3299999999999841,0.0,15557.0,15557.0,2022-01-28,2022-01-28 07:45:00,5.255176704091014,99.0,1.0,best_within_2.0d,15655.0,355.3099,0.5832424107187206,4.3760036431226785,32.22527881040892,0.012230020343504162,2.285057100371749,15.890706319702602,0.006381710269403211,0.4929364202292669,5.6011759621451125,36.843533123028394,0.015614239272951093,2.82998018927445,22.52492113564669,0.007835530045022196,1.8630914826498424,0.00402220134195386,1.9444468750000041,16.553125,0.005470102952261012,0.0,0
15557.0,2022-01-28 07:50:00,337.59,338.27,337.3,338.13,98890.0,1p,1p,1.0,buy,False,1.0874997388592433,4.409999999999968,11.0,0.012905680255187055,-0.5044355236852669,-0.7480809415255399,-1.0002987033681734,-0.0029398758899957266,31.58240745524421,13.322710202693,16.931156328698794,6.105817950681413,98890.0,4.409999999999968,0.0,4.409999999999968,11.0,0.012905680255187055,4.409999999999968,0.0,0.0,1.0,1.0,-0.5044355236852669,-1.0002987033681734,-0.7480809415255399,31.58240745524421,13.322710202693,16.931156328698794,6.105817950681413,11.17597998331927,31.693077564636944,34.59322824415741,0.1599573447080839,0.2875778238956331,0.13999999999998636,0.2899999999999636,0.5400000000000205,1.0,15558.0,15558.0,2022-01-28,2022-01-28 07:50:00,5.080856475320153,98.0,1.0,best_within_2.0d,15655.0,355.3099,0.5832424107187206,4.3760036431226785,32.22527881040892,0.012230020343504162,2.285057100371749,15.890706319702602,0.006381710269403211,0.4929364202292669,5.6011759621451125,36.843533123028394,0.015614239272951093,2.82998018927445,22.52492113564669,0.007835530045022196,1.8630914826498424,0.00402220134195386,1.9444468750000041,16.553125,0.005470102952261012,1.0,0
15612.0,2022-01-28 12:25:00,347.105,347.25,346.55,346.76,577093.0,2,2,1.0,buy,False,0.20327304048234374,4.163492493946733,28.239017640954685,0.011578080659927173,-0.31057571011575513,1.6276378869823411,1.4723500319244636,0.00425911678375149,56.183206110714366,52.886455639168,70.08902326281418,18.48132039187564,577093.0,2.3600000000000136,1.0,11.610000000000014,52.0,0.03442039727245779,2.3600000000000136,5.0,0.006763921928291002,2.0,2.0,-0.31057571011575513,1.4723500319244636,1.6276378869823411,56.183206110714366,52.886455639168,70.08902326281418,18.48132039187564,21.07992760865485,17.15242700089107,54.308972965159874,-0.09939355526426506,0.2019910546818608,0.1449999999999818,0.20999999999997954,0.3450000000000273,0.0,15613.0,15613.0,2022-01-28,2022-01-28 12:25:00,2.465653477909804,43.0,1.0,best_within_2.0d,15655.0,355.3099,0.20327304048234374,11.610000000000014,52.0,0.03442039727245779,2.3600000000000136,5.0,0.006763921928291002,0.4929364202292669,5.6011759621451125,36.843533123028394,0.015614239272951093,2.82998018927445,22.52492113564669,0.007835530045022196,1.8630914826498424,0.00402220134195386,1.9444468750000041,16.553125,0.005470102952261012,0.0,0
15613.0,2022-01-28 12:30:00,346.83,347.1394,346.49,346.8,670563.0,2,2,1.0,buy,False,0.20844099913867467,4.163492493946733,28.239017640954685,0.011578080659927173,-0.46968798865595884,1.5689268884003462,1.3340828940723668,0.0038582321802889323,56.369261345162805,40.90068171220128,60.35957607927655,1.9828929780507565,670563.0,2.420000000000016,1.0,11.610000000000014,52.0,0.03442039727245779,2.420000000000016,6.0,0.006935886045111965,2.0,2.0,-0.46968798865595884,1.3340828940723668,1.5689268884003462,56.369261345162805,40.90068171220128,60.35957607927655,1.9828929780507565,21.472299797768798,17.88441167164182,51.080927117376916,-0.008649770781066435,0.187422436433956,0.3094000000000392,0.3100000000000023,0.029999999999972715,0.0,15614.0,15614.0,2022-01-28,2022-01-28 12:30:00,2.453835063437144,42.0,1.0,best_within_2.0d,15655.0,355.3099,0.20844099913867467,11.610000000000014,52.0,0.03442039727245779,2.420000000000016,6.0,0.006935886045111965,0.4929364202292669,5.6011759621451125,36.843533123028394,0.015614239272951093,2.82998018927445,22.52492113564669,0.007835530045022196,1.8630914826498424,0.00402220134195386,1.9444468750000041,16.553125,0.005470102952261012,0.0,0
15614.0,2022-01-28 12:35:00,346.78,347.46,346.22,346.61,749562.0,2,2,1.0,buy,False,0.23169681309216147,4.163492493946733,28.239017640954685,0.011578080659927173,-0.5976525880102228,1.4942203148990685,1.195394020893957,0.003456519472595829,55.17089496045552,32.099834896114196,50.93966235155577,-5.579820014768956,749562.0,2.6899999999999977,1.0,11.610000000000014,52.0,0.03442039727245779,2.6899999999999977,7.0,0.007709724570806218,2.0,2.0,-0.5976525880102228,1.195394020893957,1.4942203148990685,55.17089496045552,32.099834896114196,50.93966235155577,-5.579820014768956,21.222071720778587,17.786534225396146,48.061369971404375,-0.04902243497317005,0.35815377505630874,0.6800000000000068,0.38999999999998636,0.16999999999995907,0.0,15615.0,15615.0,2022-01-28,2022-01-28 12:35:00,2.50999682640432,41.0,1.0,best_within_2.0d,15655.0,355.3099,0.23169681309216147,11.610000000000014,52.0,0.03442039727245779,2.6899999999999977,7.0,0.007709724570806218,0.4929364202292669,5.6011759621451125,36.843533123028394,0.015614239272951093,2.82998018927445,22.52492113564669,0.007835530045022196,1.8630914826498424,0.00402220134195386,1.9444468750000041,16.553125,0.005470102952261012,0.0,0
15617.0,2022-01-28 12:50:00,347.04,347.07,345.85,346.0,882973.0,2,2,1.0,buy,False,0.26356589147286813,4.163492493946733,28.239017640954685,0.011578080659927173,-0.7354788142440025,1.259927067515462,0.8921876603934606,0.002578263476797767,50.18734165814035,25.442518819765862,37.12025167389399,2.0870531115096043,882973.0,3.0600000000000023,1.0,11.610000000000014,52.0,0.03442039727245779,3.0600000000000023,10.0,0.008770169957868798,2.0,2.0,-0.7354788142440025,0.8921876603934606,1.259927067515462,50.18734165814035,25.442518819765862,37.12025167389399,2.0870531115096043,19.398565063468354,18.97992973387666,41.33972924357348,-0.29967727063163335,0.3527540841405148,0.029999999999972715,0.14999999999997726,1.0400000000000205,0.0,15618.0,15618.0,2022-01-28,2022-01-28 12:50:00,2.690722543352609,38.0,1.0,best_within_2.0d,15655.0,355.3099,0.26356589147286813,11.610000000000014,52.0,0.03442039727245779,3.0600000000000023,10.0,0.008770169957868798,0.4929364202292669,5.6011759621451125,36.843533123028394,0.015614239272951093,2.82998018927445,22.52492113564669,0.007835530045022196,1.8630914826498424,0.00402220134195386,1.9444468750000041,16.553125,0.005470102952261012,1.0,0
15624.0,2022-01-28 13:25:00,346.6,346.84,345.59,346.5979,578164.0,2,2,1.0,buy,False,0.2859603789836388,4.163492493946733,28.239017640954685,0.011578080659927173,-0.5015298106570703,0.7499994501467288,0.4992345448181936,0.0014412833305538159,51.895007078033494,48.32340160247993,47.75109404580361,49.46801671583259,578164.0,3.32000000000005,1.0,11.610000000000014,52.0,0.03442039727245779,3.32000000000005,17.0,0.009515347797426413,2.0,2.0,-0.5015298106570703,0.4992345448181936,0.7499994501467288,51.895007078033494,48.32340160247993,47.75109404580361,49.46801671583259,13.355901115351893,24.276100179373326,31.125977531418567,-0.0006058857472710014,0.36170028067941784,0.23999999999995225,1.0079000000000065,0.002100000000041291,0.0,15625.0,15625.0,2022-01-28,2022-01-28 13:25:00,2.5135755294535964,31.0,1.0,best_within_2.0d,15655.0,355.3099,0.2859603789836388,11.610000000000014,52.0,0.03442039727245779,3.32000000000005,17.0,0.009515347797426413,0.4929364202292669,5.6011759621451125,36.843533123028394,0.015614239272951093,2.82998018927445,22.52492113564669,0.007835530045022196,1.8630914826498424,0.00402220134195386,1.9444468750000041,16.553125,0.005470102952261012,1.0,0
15632.0,2022-01-28 14:05:00,346.39,346.4,345.01,345.3,828417.0,2,2,1.0,buy,False,0.33591731266150127,4.163492493946733,28.239017640954685,0.011578080659927173,-0.508289670451241,0.37240445046714765,0.11825961524152717,0.0003413139550804618,40.579726542868286,37.44125236228906,49.34788859052677,13.627979905813646,828417.0,3.900000000000034,1.0,11.610000000000014,52.0,0.03442039727245779,3.900000000000034,25.0,0.011177667593362282,2.0,2.0,-0.508289670451241,0.11825961524152717,0.37240445046714765,40.579726542868286,37.44125236228906,49.34788859052677,13.627979905813646,18.488183196144973,24.537625491942254,19.57129070088849,-0.3146742111492754,0.4028868728442614,0.009999999999990905,0.29000000000002046,1.089999999999975,0.0,15633.0,15633.0,2022-01-28,2022-01-28 14:05:00,2.8988995076744906,23.0,1.0,best_within_2.0d,15655.0,355.3099,0.33591731266150127,11.610000000000014,52.0,0.03442039727245779,3.900000000000034,25.0,0.011177667593362282,0.4929364202292669,5.6011759621451125,36.843533123028394,0.015614239272951093,2.82998018927445,22.52492113564669,0.007835530045022196,1.8630914826498424,0.00402220134195386,1.9444468750000041,16.553125,0.005470102952261012,0.0,0
15633.0,2022-01-28 14:10:00,345.31,345.465,344.2918,344.4,847368.0,2,2,1.0,buy,False,0.39777777777777745,4.163492493946733,28.239017640954685,0.011578080659927173,-0.7016555983570983,0.2846975006725104,-0.0661302985060388,-0.00019094643137553704,35.37294511084333,25.968790491073808,41.55485589070911,-5.2033403081968,847368.0,4.618200000000002,1.0,11.610000000000014,52.0,0.03442039727245779,4.618200000000002,26.0,0.01323607807170904,2.0,2.0,-0.7016555983570983,-0.0661302985060388,0.2846975006725104,35.37294511084333,25.968790491073808,41.55485589070911,-5.2033403081968,14.348868830840797,29.573701939830567,20.649262196092035,-0.26353131968376964,0.34075746212949354,0.15499999999997272,0.10819999999995389,0.910000000000025,0.0,15634.0,15634.0,2022-01-28,2022-01-28 14:10:00,3.1677990708478663,22.0,1.0,best_within_2.0d,15655.0,355.3099,0.39777777777777745,11.610000000000014,52.0,0.03442039727245779,4.618200000000002,26.0,0.01323607807170904,0.4929364202292669,5.6011759621451125,36.843533123028394,0.015614239272951093,2.82998018927445,22.52492113564669,0.007835530045022196,1.8630914826498424,0.00402220134195386,1.9444468750000041,16.553125,0.005470102952261012,0.0,0
15634.0,2022-01-28 14:15:00,344.37,344.56,344.02,344.1979,761407.0,2,2,1.0,buy,False,0.4211886304909593,4.163492493946733,28.239017640954685,0.011578080659927173,-0.8170578352057466,0.18256527127179206,-0.22596364633108124,-0.0006527511457553569,34.30838784186136,18.852786734309127,33.98749950524245,-11.416638807557511,761407.0,4.890000000000043,1.0,11.610000000000014,52.0,0.03442039727245779,4.890000000000043,27.0,0.014015075520908093,2.0,2.0,-0.8170578352057466,-0.22596364633108124,0.18256527127179206,34.30838784186136,18.852786734309127,33.98749950524245,-11.416638807557511,11.700721544495366,33.22427105227086,22.596455456775406,-0.04997531724598552,0.15696761816174074,0.18999999999999773,0.17790000000002237,0.17210000000000036,0.0,15635.0,15635.0,2022-01-28,2022-01-28 14:15:00,3.22837530385863,21.0,1.0,best_within_2.0d,15655.0,355.3099,0.4211886304909593,11.610000000000014,52.0,0.03442039727245779,4.890000000000043,27.0,0.014015075520908093,0.4929364202292669,5.6011759621451125,36.843533123028394,0.015614239272951093,2.82998018927445,22.52492113564669,0.007835530045022196,1.8630914826498424,0.00402220134195386,1.9444468750000041,16.553125,0.005470102952261012,0.0,0
15635.0,2022-01-28 14:20:00,344.2,344.21,343.09,343.11,896437.0,2,2,1.0,buy,False,0.5012919896640864,4.163492493946733,28.239017640954685,0.011578080659927173,-0.988741498097501,0.05897258400960444,-0.4353981650391461,-0.0012585782890538804,29.21196026127221,12.707994503486686,26.89433117132386,-15.664678832187661,896437.0,5.82000000000005,1.0,11.610000000000014,52.0,0.03442039727245779,5.82000000000005,28.0,0.01668051933163294,2.0,2.0,-0.988741498097501,-0.4353981650391461,0.05897258400960444,29.21196026127221,12.707994503486686,26.89433117132386,-15.664678832187661,10.261565202823231,38.603031001096404,25.1252800670057,-0.31667635095873764,0.32644495613396035,0.009999999999990905,0.020000000000038654,1.089999999999975,0.0,15636.0,15636.0,2022-01-28,2022-01-28 14:20:00,3.555681851301336,20.0,1.0,best_within_2.0d,15655.0,355.3099,0.5012919896640864,11.610000000000014,52.0,0.03442039727245779,5.82000000000005,28.0,0.01668051933163294,0.4929364202292669,5.6011759621451125,36.843533123028394,0.015614239272951093,2.82998018927445,22.52492113564669,0.007835530045022196,1.8630914826498424,0.00402220134195386,1.9444468750000041,16.553125,0.005470102952261012,0.0,0
15636.0,2022-01-28 14:25:00,343.15,343.91,343.09,343.56,799632.0,2,2,1.0,buy,False,0.5012919896640864,4.163492493946733,28.239017640954685,0.011578080659927173,-0.9881574149318944,-0.06454709285688234,-0.5586258003228295,-0.0016156095855827716,33.60541756943822,11.749541663412494,21.84606800202007,-8.443511013802656,799632.0,5.82000000000005,1.0,11.610000000000014,52.0,0.03442039727245779,5.82000000000005,29.0,0.01668051933163294,2.0,2.0,-0.9881574149318944,-0.5586258003228295,-0.06454709285688234,33.60541756943822,11.749541663412494,21.84606800202007,-8.443511013802656,10.21166630775344,36.539703931144615,27.35311773574959,0.11948127640974064,0.239004342883806,0.35000000000002274,0.060000000000002274,0.410000000000025,1.0,15637.0,15637.0,2022-01-28,2022-01-28 14:25:00,3.420043078356044,19.0,1.0,best_within_2.0d,15655.0,355.3099,0.5012919896640864,11.610000000000014,52.0,0.03442039727245779,5.82000000000005,29.0,0.01668051933163294,0.4929364202292669,5.6011759621451125,36.843533123028394,0.015614239272951093,2.82998018927445,22.52492113564669,0.007835530045022196,1.8630914826498424,0.00402220134195386,1.9444468750000041,16.553125,0.005470102952261012,0.0,0
15637.0,2022-01-28 14:30:00,343.58,344.16,342.76,343.55,1060968.0,2,2,1.0,buy,False,0.5297157622739042,4.163492493946733,28.239017640954685,0.011578080659927173,-0.9360899046029345,-0.18155833093224916,-0.6496032832337164,-0.0018796199054309137,33.55557695304944,12.986321969998533,18.892819324679557,1.1733272606364835,1060968.0,6.150000000000034,1.0,11.610000000000014,52.0,0.03442039727245779,6.150000000000034,30.0,0.01762632197414816,2.0,2.0,-0.9360899046029345,-0.6496032832337164,-0.18155833093224916,33.55557695304944,12.986321969998533,18.892819324679557,1.1733272606364835,9.969278346320717,32.41710918055268,29.18218075462459,-0.008731590895853285,0.4084490605671707,0.5800000000000409,0.7900000000000205,0.029999999999972715,0.0,15638.0,15638.0,2022-01-28,2022-01-28 14:30:00,3.4230534128947796,18.0,1.0,best_within_2.0d,15655.0,355.3099,0.5297157622739042,11.610000000000014,52.0,0.03442039727245779,6.150000000000034,30.0,0.01762632197414816,0.4929364202292669,5.6011759621451125,36.843533123028394,0.015614239272951093,2.82998018927445,22.52492113564669,0.007835530045022196,1.8630914826498424,0.00402220134195386,1.9444468750000041,16.553125,0.005470102952261012,1.0,0
15638.0,2022-01-28 14:35:00,337.59,338.27,337.3,338.13,98890.0,1,1,1.0,buy,False,0.6277657499012868,4.409999999999968,11.0,0.012905680255187055,-0.5044355236852656,-0.7480809415255406,-1.0002987033681734,-0.0029398758899957266,31.58240745524347,13.322710202693,16.931156328698794,6.105817950681413,98890.0,4.409999999999968,1.0,4.409999999999968,11.0,0.012905680255187055,4.409999999999968,11.0,0.012905680255187055,1.0,1.0,-0.5044355236852656,-1.0002987033681734,-0.7480809415255406,31.58240745524347,13.322710202693,16.931156328698794,6.105817950681413,11.17597998331927,31.693077564636944,34.5932282441542,0.1599573447080839,0.2875778238956331,0.13999999999998636,0.2899999999999636,0.5400000000000205,1.0,15639.0,15639.0,2022-01-28,2022-01-28 14:35:00,5.080856475320153,17.0,1.0,best_within_2.0d,15655.0,355.3099,0.5832424107187206,4.3760036431226785,32.22527881040892,0.012230020343504162,2.285057100371749,15.890706319702602,0.006381710269403211,0.4929364202292669,5.6011759621451125,36.843533123028394,0.015614239272951093,2.82998018927445,22.52492113564669,0.007835530045022196,1.8630914826498424,0.00402220134195386,1.9444468750000041,16.553125,0.005470102952261012,0.0,0
15638.0,2022-01-28 14:35:00,350.6,351.27,350.04,351.0899,982632.0,1,1,0.0,sell,False,0.447800099597346,8.069999999999993,52.0,0.023513986013985994,0.24315311418020835,0.7759169176559524,0.8974934747460566,0.0025721269934324263,66.20620873269681,86.9846698121899,80.83262293051885,99.28876357553202,982632.0,8.069999999999993,1.0,8.069999999999993,52.0,0.023513986013985994,8.069999999999993,52.0,0.023513986013985994,1.0,1.0,0.24315311418020835,0.8974934747460566,0.7759169176559524,66.20620873269681,86.9846698121899,80.83262293051885,99.28876357553202,22.32982056394252,21.361435488465023,28.73679076883898,0.13973188819166496,0.3513884127528172,0.18009999999998172,0.5600000000000023,0.48989999999997735,1.0,15639.0,15639.0,2022-01-28,2022-01-28 14:35:00,5.080856475320153,17.0,1.0,best_within_2.0d,15655.0,355.3099,0.5832424107187206,4.3760036431226785,32.22527881040892,0.012230020343504162,2.285057100371749,15.890706319702602,0.006381710269403211,0.4929364202292669,5.6011759621451125,36.843533123028394,0.015614239272951093,2.82998018927445,22.52492113564669,0.007835530045022196,1.8630914826498424,0.00402220134195386,1.9444468750000041,16.553125,0.005470102952261012,0.0,1
15638.0,2022-01-28 14:35:00,348.49,349.86,348.47,349.3,1267660.0,2,2,0.0,sell,False,0.7473163563377039,4.163492493946733,28.239017640954685,0.011578080659927173,-0.2923573052181528,0.03673641272461783,-0.10944223988445856,-0.00031419096782302165,55.12387381425802,47.90193926743865,36.80623783676033,70.09334212879529,1267660.0,4.170099999999991,1.0,5.580099999999959,6.0,0.015885501181427276,4.170099999999991,6.0,0.012063123626116905,2.0,2.0,-0.2923573052181528,-0.10944223988445856,0.03673641272461783,55.12387381425802,47.90193926743865,36.80623783676033,70.09334212879529,17.917927600518016,26.67007521844682,27.757389119006096,0.23243134666704993,0.3988865612534756,0.5600000000000023,0.01999999999998181,0.8100000000000023,1.0,15639.0,15639.0,2022-01-28,2022-01-28 14:35:00,5.080856475320153,17.0,1.0,best_within_2.0d,15655.0,355.3099,0.7473163563377039,5.580099999999959,6.0,0.015885501181427276,4.170099999999991,6.0,0.012063123626116905,0.4929364202292669,5.6011759621451125,36.843533123028394,0.015614239272951093,2.82998018927445,22.52492113564669,0.007835530045022196,1.8630914826498424,0.00402220134195386,1.9444468750000041,16.553125,0.005470102952261012,0.0,1
15638.0,2022-01-28 14:35:00,353.37,353.62,353.04,353.04,103347.0,1p,1p,0.0,sell,False,2.0082852686540003,3.240000000000009,14.0,0.009247103145156713,0.4117345668527891,0.11995247872848429,0.32581976215487884,0.0009260250908197552,65.44339273743233,92.6437879647347,84.95897944083012,108.01340501254384,103347.0,3.240000000000009,0.0,3.240000000000009,14.0,0.009247103145156713,3.240000000000009,0.0,0.0,1.0,1.0,0.4117345668527891,0.32581976215487884,0.11995247872848429,65.44339273743233,92.6437879647347,84.95897944083012,108.01340501254384,16.605925229250012,52.1690571361398,40.933188840605155,-0.09338653535953366,0.1642873328801224,0.25,0.0,0.3299999999999841,0.0,15639.0,15639.0,2022-01-28,2022-01-28 14:35:00,5.080856475320153,17.0,1.0,best_within_2.0d,15655.0,355.3099,0.5832424107187206,4.3760036431226785,32.22527881040892,0.012230020343504162,2.285057100371749,15.890706319702602,0.006381710269403211,0.4929364202292669,5.6011759621451125,36.843533123028394,0.015614239272951093,2.82998018927445,22.52492113564669,0.007835530045022196,1.8630914826498424,0.00402220134195386,1.9444468750000041,16.553125,0.005470102952261012,0.0,1
15638.0,2022-01-28 14:35:00,342.31,342.85,340.78,342.02,2196716.0,1p,1p,1.0,buy,False,4.1896744319399035,16.100000000000023,16.0,0.04511320331764185,-2.0121019789879413,-1.80831225950756,-2.8143632490015307,-0.008070112938882696,31.717991190926924,9.567675844506095,11.711987234332058,5.279053064854168,2196716.0,16.100000000000023,0.0,16.100000000000023,16.0,0.04511320331764185,16.100000000000023,0.0,0.0,1.0,1.0,-2.0121019789879413,-2.8143632490015307,-1.80831225950756,31.717991190926924,9.567675844506095,11.711987234332058,5.279053064854168,6.612854182477017,32.65543912366915,31.40729541724687,-0.08471852998744427,0.6074300134984595,0.5400000000000205,1.240000000000009,0.29000000000002046,0.0,15639.0,15639.0,2022-01-28,2022-01-28 14:35:00,5.080856475320153,17.0,1.0,best_within_2.0d,15655.0,355.3099,0.5832424107187206,4.3760036431226785,32.22527881040892,0.012230020343504162,2.285057100371749,15.890706319702602,0.006381710269403211,0.4929364202292669,5.6011759621451125,36.843533123028394,0.015614239272951093,2.82998018927445,22.52492113564669,0.007835530045022196,1.8630914826498424,0.00402220134195386,1.9444468750000041,16.553125,0.005470102952261012,0.0,0
15651.0,2022-01-28 15:40:00,348.6,349.41,348.42,349.32,956900.0,1p,1p,0.0,sell,False,0.6362114181094363,6.650000000000034,15.0,0.019401330376940234,0.7959200559956823,0.3265509598995765,0.7245109878974176,0.0020897332731633733,68.74654275138253,93.42484308728204,89.47939325132377,101.31574275919857,956900.0,6.650000000000034,0.0,6.650000000000034,15.0,0.019401330376940234,6.650000000000034,0.0,0.0,1.0,1.0,0.7959200559956823,0.7245109878974176,0.3265509598995765,68.74654275138253,93.42484308728204,89.47939325132377,101.31574275919857,32.84207567539964,8.751924465142116,31.44289660181433,0.20654044750429446,0.28413983123816344,0.09000000000003183,0.18000000000000682,0.7199999999999704,1.0,15652.0,15652.0,2022-01-28,2022-01-28 15:40:00,2.0540172048918044,173.78554736652885,0.0,,14281.267661333814,366.3529484630595,0.5832424107187206,4.3760036431226785,32.22527881040892,0.012230020343504162,2.285057100371749,15.890706319702602,0.006381710269403211,0.4929364202292669,5.6011759621451125,36.843533123028394,0.015614239272951093,2.82998018927445,22.52492113564669,0.007835530045022196,1.8630914826498424,0.00402220134195386,1.9444468750000041,16.553125,0.005470102952261012,0.0,1
15652.0,2022-01-28 15:45:00,349.33,350.11,348.99,350.04,1223517.0,1p,1p,0.0,sell,False,0.7071517947426137,7.350000000000023,16.0,0.021443575679776002,0.8846686495214291,0.43713454108975514,0.8794688658504697,0.0025348751080721205,71.63564346509705,95.0346834214466,91.33115664136471,102.44173698161035,1223517.0,7.350000000000023,0.0,7.350000000000023,16.0,0.021443575679776002,7.350000000000023,0.0,0.0,1.0,1.0,0.8846686495214291,0.8794688658504697,0.43713454108975514,71.63564346509705,95.0346834214466,91.33115664136471,102.44173698161035,36.704223404990834,8.608934440136187,33.62572514356924,0.20324621418144345,0.3209261010344149,0.06999999999999318,0.339999999999975,0.7100000000000364,1.0,15653.0,15653.0,2022-01-28,2022-01-28 15:45:00,2.0540172048918044,173.78554736652885,0.0,,14281.267661333814,366.3529484630595,0.5832424107187206,4.3760036431226785,32.22527881040892,0.012230020343504162,2.285057100371749,15.890706319702602,0.006381710269403211,0.4929364202292669,5.6011759621451125,36.843533123028394,0.015614239272951093,2.82998018927445,22.52492113564669,0.007835530045022196,1.8630914826498424,0.00402220134195386,1.9444468750000041,16.553125,0.005470102952261012,0.0,1
15653.0,2022-01-28 15:50:00,350.06,351.16,350.05,350.99,2932298.0,1p,1p,0.0,sell,False,0.8050975264823189,8.400000000000034,17.0,0.02450694363402974,1.0072017730583518,0.5630347627220491,1.066635649251225,0.003071691046779997,74.92882114357008,95.56989434947549,92.74406921073496,101.22154462695656,2932298.0,8.400000000000034,0.0,8.400000000000034,17.0,0.02450694363402974,8.400000000000034,0.0,0.0,1.0,1.0,1.0072017730583518,1.066635649251225,0.5630347627220491,74.92882114357008,95.56989434947549,92.74406921073496,101.22154462695656,36.43137933909206,8.785599312542576,35.591049332769366,0.2656687425012874,0.3170975574917908,0.17000000000001592,0.009999999999990905,0.9300000000000068,1.0,15654.0,15654.0,2022-01-28,2022-01-28 15:50:00,2.0540172048918044,173.78554736652885,0.0,,14281.267661333814,366.3529484630595,0.5832424107187206,4.3760036431226785,32.22527881040892,0.012230020343504162,2.285057100371749,15.890706319702602,0.006381710269403211,0.4929364202292669,5.6011759621451125,36.843533123028394,0.015614239272951093,2.82998018927445,22.52492113564669,0.007835530045022196,1.8630914826498424,0.00402220134195386,1.9444468750000041,16.553125,0.005470102952261012,0.0,1
15654.0,2022-01-28 15:55:00,350.99,352.02,350.51,351.95,3189682.0,1p,1p,0.0,sell,False,0.9140204757186944,9.259999999999991,18.0,0.02701598786322789,1.1434677333786651,0.7059682293943823,1.2777020960837149,0.003675831270040071,77.74121415179216,96.63867082505828,94.04226974884273,101.8314729774894,3189682.0,9.259999999999991,0.0,9.259999999999991,18.0,0.02701598786322789,9.259999999999991,0.0,0.0,1.0,1.0,1.1434677333786651,1.2777020960837149,0.7059682293943823,77.74121415179216,96.63867082505828,94.04226974884273,101.8314729774894,38.82300220276811,8.646970089057174,37.58945112174355,0.27351206587081667,0.43080083307180705,0.06999999999999318,0.4800000000000182,0.9599999999999795,1.0,15655.0,15655.0,2022-01-28,2022-01-28 15:55:00,2.0540172048918044,173.78554736652885,0.0,,14281.267661333814,366.3529484630595,0.5832424107187206,4.3760036431226785,32.22527881040892,0.012230020343504162,2.285057100371749,15.890706319702602,0.006381710269403211,0.4929364202292669,5.6011759621451125,36.843533123028394,0.015614239272951093,2.82998018927445,22.52492113564669,0.007835530045022196,1.8630914826498424,0.00402220134195386,1.9444468750000041,16.553125,0.005470102952261012,0.0,1
15655.0,2022-01-28 16:00:00,355.17,356.88,355.0679,355.3099,1762593.0,1p,1p,0.0,sell,False,1.002108770350207,7.649999999999977,41.0,0.021905334593247935,0.22336709214848893,0.32017780822569564,0.4318613542999401,0.0012220392903328845,65.82627652262538,54.70768383162958,48.06002195365365,68.00300758758142,1762593.0,7.649999999999977,0.0,7.649999999999977,41.0,0.021905334593247935,7.649999999999977,0.0,0.0,1.0,1.0,0.22336709214848893,0.4318613542999401,0.32017780822569564,65.82627652262538,54.70768383162958,48.06002195365365,68.00300758758142,30.878464468222305,16.063624282446458,26.99137119737637,0.03938958808458244,0.5103530902117557,1.570099999999968,0.10210000000000719,0.13990000000001146,1.0,15656.0,15656.0,2022-01-28,2022-01-28 16:00:00,2.0540172048918044,173.78554736652885,0.0,,14281.267661333814,366.3529484630595,0.5832424107187206,4.3760036431226785,32.22527881040892,0.012230020343504162,2.285057100371749,15.890706319702602,0.006381710269403211,0.4929364202292669,5.6011759621451125,36.843533123028394,0.015614239272951093,2.82998018927445,22.52492113564669,0.007835530045022196,1.8630914826498424,0.00402220134195386,1.9444468750000041,16.553125,0.005470102952261012,0.0,1
15655.0,2022-01-28 16:00:00,351.96,352.07,348.5,351.88,868602.0,1p,1p,0.0,sell,False,0.9169457177966533,9.310000000000002,19.0,0.027161862527716192,1.1471273012081906,0.8493591420454061,1.4229227926495014,0.0040898835179921855,77.06239320230533,96.66148245645134,94.91534065137893,100.15376606659618,868602.0,9.310000000000002,0.0,9.310000000000002,19.0,0.027161862527716192,9.310000000000002,0.0,0.0,1.0,1.0,1.1471273012081906,1.4229227926495014,0.8493591420454061,77.06239320230533,96.66148245645134,94.91534065137893,100.15376606659618,32.69951257068796,18.32604087032403,36.91657345194435,-0.022729855665412003,1.024390243902437,0.11000000000001364,3.3799999999999955,0.07999999999998408,0.0,15656.0,15656.0,2022-01-28,2022-01-28 16:00:00,2.0540172048918044,173.78554736652885,0.0,,14281.267661333814,366.3529484630595,0.5832424107187206,4.3760036431226785,32.22527881040892,0.012230020343504162,2.285057100371749,15.890706319702602,0.006381710269403211,0.4929364202292669,5.6011759621451125,36.843533123028394,0.015614239272951093,2.82998018927445,22.52492113564669,0.007835530045022196,1.8630914826498424,0.00402220134195386,1.9444468750000041,16.553125,0.005470102952261012,0.0,1
15656.0,2022-01-28 16:05:00,351.93,352.1,351.67,351.73,315315.0,1p,1p,0.0,sell,False,0.9169457177966533,9.340000000000032,20.0,0.027249387326409243,1.0546545492743153,0.9811909607046955,1.5085182353418531,0.004332388062956595,75.5402337649894,95.647884856025,95.15952205292761,96.62461046221975,315315.0,9.340000000000032,0.0,9.340000000000032,20.0,0.027249387326409243,9.340000000000032,0.0,0.0,1.0,1.0,1.0546545492743153,1.5085182353418531,0.9811909607046955,75.5402337649894,95.647884856025,95.15952205292761,96.62461046221975,29.72604303407352,19.291136350664612,35.80026565298426,-0.05682948313584765,0.12227372252395904,0.17000000000001592,0.060000000000002274,0.19999999999998863,0.0,15657.0,15657.0,2022-01-28,2022-01-28 16:05:00,2.0540172048918044,173.78554736652885,0.0,,14281.267661333814,366.3529484630595,0.5832424107187206,4.3760036431226785,32.22527881040892,0.012230020343504162,2.285057100371749,15.890706319702602,0.006381710269403211,0.4929364202292669,5.6011759621451125,36.843533123028394,0.015614239272951093,2.82998018927445,22.52492113564669,0.007835530045022196,1.8630914826498424,0.00402220134195386,1.9444468750000041,16.553125,0.005470102952261012,1.0,1
15672.0,2022-01-28 17:25:00,351.94,352.15,351.94,352.05,14952.0,1p,1p,0.0,sell,False,0.9169457177966533,9.389999999999986,36.0,0.027395261990897382,-0.33490247353128844,1.129524303508945,0.9620730667433008,0.0027428903683876958,72.43040759720962,77.01998583342959,81.22783814237599,68.60428121553679,14952.0,9.389999999999986,0.0,9.389999999999986,36.0,0.027395261990897382,9.389999999999986,0.0,0.0,1.0,1.0,-0.33490247353128844,0.9620730667433008,1.129524303508945,72.43040759720962,77.01998583342959,81.22783814237599,68.60428121553679,34.517766497462794,0.507614213200401,35.400415414035415,0.031255327612665126,0.05966926180598384,0.0999999999999659,0.0,0.11000000000001364,1.0,15673.0,15673.0,2022-01-28,2022-01-28 17:25:00,2.0540172048918044,173.78554736652885,0.0,,14281.267661333814,366.3529484630595,0.5832424107187206,4.3760036431226785,32.22527881040892,0.012230020343504162,2.285057100371749,15.890706319702602,0.006381710269403211,0.4929364202292669,5.6011759621451125,36.843533123028394,0.015614239272951093,2.82998018927445,22.52492113564669,0.007835530045022196,1.8630914826498424,0.00402220134195386,1.9444468750000041,16.553125,0.005470102952261012,0.0,1
15676.0,2022-01-28 17:45:00,352.16,352.16,352.11,352.11,315.0,1p,1p,0.0,sell,False,0.9169457177966533,9.400000000000034,40.0,0.027424436923795176,-0.3327430996909708,0.9637723225872952,0.7974007727418098,0.0022710616934377855,72.39783027741333,87.60396508563059,85.40014939586108,92.01159646516962,315.0,9.400000000000034,0.0,9.400000000000034,40.0,0.027424436923795176,9.400000000000034,0.0,0.0,1.0,1.0,-0.3327430996909708,0.7974007727418098,0.9637723225872952,72.39783027741333,87.60396508563059,85.40014939586108,92.01159646516962,29.333333333334444,6.666666666668182,42.82492913733289,-0.014198091776468469,0.014200107920823426,0.0,0.0,0.05000000000001137,0.0,15677.0,15677.0,2022-01-28,2022-01-28 17:45:00,2.0540172048918044,173.78554736652885,0.0,,14281.267661333814,366.3529484630595,0.5832424107187206,4.3760036431226785,32.22527881040892,0.012230020343504162,2.285057100371749,15.890706319702602,0.006381710269403211,0.4929364202292669,5.6011759621451125,36.843533123028394,0.015614239272951093,2.82998018927445,22.52492113564669,0.007835530045022196,1.8630914826498424,0.00402220134195386,1.9444468750000041,16.553125,0.005470102952261012,1.0,1
15684.0,2022-01-28 18:25:00,352.15,352.16,352.15,352.16,1231.0,1p,1p,0.0,sell,False,0.9169457177966533,9.400000000000034,48.0,0.027424436923795176,-0.29873110935629565,0.6306766799684378,0.48131112529028997,0.0013690818502843703,68.47754794178657,82.93348804479582,78.60422201381814,91.59202010675119,1231.0,9.400000000000034,0.0,9.400000000000034,48.0,0.027424436923795176,9.400000000000034,0.0,0.0,1.0,1.0,-0.29873110935629565,0.48131112529028997,0.6306766799684378,68.47754794178657,82.93348804479582,78.60422201381814,91.59202010675119,16.66666666666624,16.216216216216218,32.4704132401998,0.002839698991920417,0.002839698991920417,0.0,0.0,0.010000000000047748,1.0,15685.0,15685.0,2022-01-28,2022-01-28 18:25:00,2.0540172048918044,173.78554736652885,0.0,,14281.267661333814,366.3529484630595,0.5832424107187206,4.3760036431226785,32.22527881040892,0.012230020343504162,2.285057100371749,15.890706319702602,0.006381710269403211,0.4929364202292669,5.6011759621451125,36.843533123028394,0.015614239272951093,2.82998018927445,22.52492113564669,0.007835530045022196,1.8630914826498424,0.00402220134195386,1.9444468750000041,16.553125,0.005470102952261012,0.0,1
15685.0,2022-01-28 18:30:00,352.16,352.2,352.14,352.18,2752.0,1p,1p,0.0,sell,False,0.9169457177966446,9.439999999999998,49.0,0.027541136655385687,-0.2780208527691108,0.5959240733722989,0.4569136469877435,0.001299513190177875,68.831840958151,85.59202233289653,80.93348878684426,94.90908942500107,2752.0,9.439999999999998,0.0,9.439999999999998,49.0,0.027541136655385687,9.439999999999998,0.0,0.0,1.0,1.0,-0.2780208527691108,0.4569136469877435,0.5959240733722989,68.831840958151,85.59202233289653,80.93348878684426,94.90908942500107,18.30357142856947,16.071428571428708,30.614919901149865,0.005679236710580932,0.017038677798603474,0.01999999999998181,0.020000000000038654,0.01999999999998181,1.0,15686.0,15686.0,2022-01-28,2022-01-28 18:30:00,2.0540172048918044,173.78554736652885,0.0,,14281.267661333814,366.3529484630595,0.5832424107187206,4.3760036431226785,32.22527881040892,0.012230020343504162,2.285057100371749,15.890706319702602,0.006381710269403211,0.4929364202292669,5.6011759621451125,36.843533123028394,0.015614239272951093,2.82998018927445,22.52492113564669,0.007835530045022196,1.8630914826498424,0.00402220134195386,1.9444468750000041,16.553125,0.005470102952261012,0.0,1
15686.0,2022-01-28 18:35:00,352.19,352.89,352.19,352.45,2534.0,1p,1p,0.0,sell,False,0.9169457177966533,10.129999999999995,50.0,0.02955420702532383,-0.2268700662431633,0.5675653150919036,0.4541302819703219,0.001291366747821509,73.20949945216779,74.27746543804776,78.71481433724543,65.40276763965241,2534.0,10.129999999999995,0.0,10.129999999999995,50.0,0.02955420702532383,10.129999999999995,0.0,0.0,1.0,1.0,-0.2268700662431633,0.4541302819703219,0.5675653150919036,73.20949945216779,74.27746543804776,78.71481433724543,65.40276763965241,31.48148148147969,13.333333333333613,31.32070189168143,0.0738237882960876,0.19875635310485495,0.4399999999999977,0.0,0.2599999999999909,1.0,15687.0,15687.0,2022-01-28,2022-01-28 18:35:00,2.0540172048918044,173.78554736652885,0.0,,14281.267661333814,366.3529484630595,0.5832424107187206,4.3760036431226785,32.22527881040892,0.012230020343504162,2.285057100371749,15.890706319702602,0.006381710269403211,0.4929364202292669,5.6011759621451125,36.843533123028394,0.015614239272951093,2.82998018927445,22.52492113564669,0.007835530045022196,1.8630914826498424,0.00402220134195386,1.9444468750000041,16.553125,0.005470102952261012,1.0,1
15703.0,2022-01-31 04:00:00,352.0,354.47,352.0,354.38,30679.0,1p,1p,0.0,sell,False,0.9169457177966673,11.710000000000036,67.0,0.034163846423153336,0.14284948034043032,0.3106761997958928,0.38210093996610794,0.0010841175229652355,85.08236615342194,76.86264957887775,64.06290343003853,102.46214187655619,30679.0,11.710000000000036,0.0,11.710000000000036,67.0,0.034163846423153336,11.710000000000036,0.0,0.0,1.0,1.0,0.14284948034043032,0.38210093996610794,0.3106761997958928,85.08236615342194,76.86264957887775,64.06290343003853,102.46214187655619,51.94389144413284,9.839591771355549,39.040960821676954,0.6761363636363623,0.7017045454545532,0.09000000000003183,0.0,2.3799999999999955,1.0,15704.0,15704.0,2022-01-31,2022-01-31 04:00:00,-2.2461764207912354,201.0,1.0,best_within_2.0d,15904.0,362.34,0.5832424107187206,4.3760036431226785,32.22527881040892,0.012230020343504162,2.285057100371749,15.890706319702602,0.006381710269403211,0.4929364202292669,5.6011759621451125,36.843533123028394,0.015614239272951093,2.82998018927445,22.52492113564669,0.007835530045022196,1.8630914826498424,0.00402220134195386,1.9444468750000041,16.553125,0.005470102952261012,0.0,1
15705.0,2022-01-31 04:10:00,354.31,354.55,354.24,354.55,4045.0,1p,1p,0.0,sell,False,0.9169457177966679,11.79000000000002,69.0,0.03439724588633452,0.3404824059151177,0.3855445237841446,0.5557857267417035,0.0015756388288634085,84.6269988811647,88.36720548085044,76.27276073391742,112.5560949747165,4045.0,11.79000000000002,0.0,11.79000000000002,69.0,0.03439724588633452,11.79000000000002,0.0,0.0,1.0,1.0,0.3404824059151177,0.5557857267417035,0.3855445237841446,84.6269988811647,88.36720548085044,76.27276073391742,112.5560949747165,50.208154641116366,7.531223196167633,43.75924209917025,0.0677372922017468,0.0875112917795851,0.0,0.06999999999999318,0.2400000000000091,1.0,15706.0,15706.0,2022-01-31,2022-01-31 04:10:00,-2.1971513185728284,199.0,1.0,best_within_2.0d,15904.0,362.34,0.5832424107187206,4.3760036431226785,32.22527881040892,0.012230020343504162,2.285057100371749,15.890706319702602,0.006381710269403211,0.4929364202292669,5.6011759621451125,36.843533123028394,0.015614239272951093,2.82998018927445,22.52492113564669,0.007835530045022196,1.8630914826498424,0.00402220134195386,1.9444468750000041,16.553125,0.005470102952261012,0.0,1
15706.0,2022-01-31 04:15:00,354.57,354.57,354.05,354.4,12269.0,1p,1p,0.0,sell,False,0.916945717796665,11.810000000000002,70.0,0.03445559575212978,0.3478660160640683,0.4290277757921531,0.6029607838241873,0.0017087821114049953,80.12520932225097,90.03987498982745,80.86179881922075,108.39602733104084,12269.0,11.810000000000002,0.0,11.810000000000002,70.0,0.03445559575212978,11.810000000000002,0.0,0.0,1.0,1.0,0.3478660160640683,0.6029607838241873,0.4290277757921531,80.12520932225097,90.03987498982745,80.86179881922075,108.39602733104084,44.950476190476444,10.47619047619058,45.07629721190422,-0.04794539865189269,0.1468719107470645,0.0,0.3499999999999659,0.17000000000001592,0.0,15707.0,15707.0,2022-01-31,2022-01-31 04:15:00,-2.2404063205417604,198.0,1.0,best_within_2.0d,15904.0,362.34,0.5832424107187206,4.3760036431226785,32.22527881040892,0.012230020343504162,2.285057100371749,15.890706319702602,0.006381710269403211,0.4929364202292669,5.6011759621451125,36.843533123028394,0.015614239272951093,2.82998018927445,22.52492113564669,0.007835530045022196,1.8630914826498424,0.00402220134195386,1.9444468750000041,16.553125,0.005470102952261012,1.0,1
15711.0,2022-01-31 04:40:00,354.6,354.6,354.18,354.23,1440.0,1p,1p,0.0,sell,False,0.9169457177966562,11.840000000000032,75.0,0.03454312055082283,0.10643228639002267,0.5586045890689251,0.6118207322639364,0.001731676144725235,70.97879384903376,88.51333059261566,87.81135096300926,89.91728985182846,1440.0,11.840000000000032,0.0,11.840000000000032,75.0,0.03454312055082283,11.840000000000032,0.0,0.0,1.0,1.0,0.10643228639002267,0.6118207322639364,0.5586045890689251,70.97879384903376,88.51333059261566,87.81135096300926,89.91728985182846,43.17406143344805,3.24232081911255,54.97556397495316,-0.10434292160180614,0.11858377096392114,0.0,0.05000000000001137,0.37000000000000455,0.0,15712.0,15712.0,2022-01-31,2022-01-31 04:40:00,-2.2894729413093065,193.0,1.0,best_within_2.0d,15904.0,362.34,0.5832424107187206,4.3760036431226785,32.22527881040892,0.012230020343504162,2.285057100371749,15.890706319702602,0.006381710269403211,0.4929364202292669,5.6011759621451125,36.843533123028394,0.015614239272951093,2.82998018927445,22.52492113564669,0.007835530045022196,1.8630914826498424,0.00402220134195386,1.9444468750000041,16.553125,0.005470102952261012,1.0,1
15751.0,2022-01-31 08:00:00,352.39,354.5596,351.1201,352.09,128359.0,2,2,0.0,sell,False,0.9885227272727178,4.163492493946733,28.239017640954685,0.011578080659927173,0.05294206995044126,-0.3394499602979024,-0.3129789253226818,-0.0008878996384972051,43.235091557297224,55.14284071052889,50.70065573564018,64.02721066030628,128359.0,3.479600000000005,1.0,3.5200000000000387,33.0,0.009926677946982624,3.479600000000005,9.0,0.009911131366070426,2.0,2.0,0.05294206995044126,-0.3129789253226818,-0.3394499602979024,43.235091557297224,55.14284071052889,50.70065573564018,64.02721066030628,30.086896072298412,23.536421868018014,53.30713061110425,-0.08513294928914311,0.9795793519083669,2.1696000000000026,0.9698999999999955,0.30000000000001137,0.0,15752.0,15752.0,2022-01-31,2022-01-31 08:00:00,-2.911187480473743,153.0,1.0,best_within_2.0d,15904.0,362.34,0.9885227272727178,3.5200000000000387,33.0,0.009926677946982624,3.479600000000005,9.0,0.009911131366070426,0.4929364202292669,5.6011759621451125,36.843533123028394,0.015614239272951093,2.82998018927445,22.52492113564669,0.007835530045022196,1.8630914826498424,0.00402220134195386,1.9444468750000041,16.553125,0.005470102952261012,1.0,1
15770.0,2022-01-31 09:35:00,354.05,354.85,353.66,354.83,1330573.0,1p,1p,0.0,sell,False,0.3814539942601559,3.7700000000000387,28.0,0.010738293266492078,0.4375763291160839,0.11539172987480828,0.33417989443285023,0.000947008632457351,74.26947780521698,80.47240678598976,69.09662255563426,103.22397524670077,1330573.0,3.7700000000000387,0.0,3.7700000000000387,28.0,0.010738293266492078,3.7700000000000387,0.0,0.0,1.0,1.0,0.4375763291160839,0.33417989443285023,0.11539172987480828,74.26947780521698,80.47240678598976,69.09662255563426,103.22397524670077,39.19652551574375,9.22909880564563,53.15768172256791,0.22030786612059675,0.33648136628400094,0.020000000000038654,0.38999999999998636,0.7799999999999727,1.0,15771.0,15771.0,2022-01-31,2022-01-31 09:35:00,-2.116506496068537,134.0,1.0,best_within_2.0d,15904.0,362.34,0.5832424107187206,4.3760036431226785,32.22527881040892,0.012230020343504162,2.285057100371749,15.890706319702602,0.006381710269403211,0.4929364202292669,5.6011759621451125,36.843533123028394,0.015614239272951093,2.82998018927445,22.52492113564669,0.007835530045022196,1.8630914826498424,0.00402220134195386,1.9444468750000041,16.553125,0.005470102952261012,0.0,1
15771.0,2022-01-31 09:40:00,354.83,355.62,354.77,355.04,1441108.0,1p,1p,0.0,sell,False,0.473846829587609,4.5400000000000205,29.0,0.01293152557821585,0.5435626821952952,0.18333706514922019,0.45511840624686783,0.001289143018716419,75.54174656106997,82.26615736952178,73.48646749359676,99.82553712137181,1441108.0,4.5400000000000205,0.0,4.5400000000000205,29.0,0.01293152557821585,4.5400000000000205,0.0,0.0,1.0,1.0,0.5435626821952952,0.45511840624686783,0.18333706514922019,75.54174656106997,82.26615736952178,73.48646749359676,99.82553712137181,40.1982378854625,9.361233480175734,53.805148901114755,0.05918327086211323,0.239591848239711,0.5799999999999841,0.060000000000002274,0.21000000000003638,1.0,15772.0,15772.0,2022-01-31,2022-01-31 09:40:00,-2.056106354213597,133.0,1.0,best_within_2.0d,15904.0,362.34,0.5832424107187206,4.3760036431226785,32.22527881040892,0.012230020343504162,2.285057100371749,15.890706319702602,0.006381710269403211,0.4929364202292669,5.6011759621451125,36.843533123028394,0.015614239272951093,2.82998018927445,22.52492113564669,0.007835530045022196,1.8630914826498424,0.00402220134195386,1.9444468750000041,16.553125,0.005470102952261012,0.0,1
15772.0,2022-01-31 09:45:00,350.6,351.27,350.04,351.0899,982632.0,1p,1p,0.0,sell,False,0.9952422462771635,8.069999999999993,52.0,0.023513986013985994,0.24285858122077641,0.7763771380275895,0.8978064286379777,0.002573026195899718,66.21568907709222,86.9846698121899,80.83262293051885,99.28876357553202,982632.0,8.069999999999993,0.0,8.069999999999993,52.0,0.023513986013985994,8.069999999999993,0.0,0.0,1.0,1.0,0.24285858122077641,0.8978064286379777,0.7763771380275895,66.21568907709222,86.9846698121899,80.83262293051885,99.28876357553202,22.32982056394252,21.361435488465023,28.728970941173483,0.13973188819166496,0.3513884127528172,0.18009999999998172,0.5600000000000023,0.48989999999997735,1.0,15773.0,15773.0,2022-01-31,2022-01-31 09:45:00,-3.2043359834617786,132.0,1.0,best_within_2.0d,15904.0,362.34,0.5832424107187206,4.3760036431226785,32.22527881040892,0.012230020343504162,2.285057100371749,15.890706319702602,0.006381710269403211,0.4929364202292669,5.6011759621451125,36.843533123028394,0.015614239272951093,2.82998018927445,22.52492113564669,0.007835530045022196,1.8630914826498424,0.00402220134195386,1.9444468750000041,16.553125,0.005470102952261012,0.0,1
15774.0,2022-01-31 09:55:00,356.25,356.83,356.08,356.74,1090318.0,1p,1p,0.0,sell,False,0.7081009298327463,5.75,32.0,0.016378033496638942,0.8122819794317337,0.4357439176873882,0.8418849074032551,0.0023806736674805568,78.86852735921248,90.15505618623406,82.75299661428423,104.95917533013375,1090318.0,5.75,0.0,5.75,32.0,0.016378033496638942,5.75,0.0,0.0,1.0,1.0,0.8122819794317337,0.8418849074032551,0.4357439176873882,78.86852735921248,90.15505618623406,82.75299661428423,104.95917533013375,40.29544521953176,8.617152236356228,54.44539257953647,0.13754385964912536,0.21062682543248706,0.08999999999997499,0.17000000000001592,0.4900000000000091,1.0,15775.0,15775.0,2022-01-31,2022-01-31 09:55:00,-1.5697707013511146,130.0,1.0,best_within_2.0d,15904.0,362.34,0.5832424107187206,4.3760036431226785,32.22527881040892,0.012230020343504162,2.285057100371749,15.890706319702602,0.006381710269403211,0.4929364202292669,5.6011759621451125,36.843533123028394,0.015614239272951093,2.82998018927445,22.52492113564669,0.007835530045022196,1.8630914826498424,0.00402220134195386,1.9444468750000041,16.553125,0.005470102952261012,0.0,1
15775.0,2022-01-31 10:00:00,356.75,357.72,356.65,357.19,1293308.0,1p,1p,0.0,sell,False,0.781590540699219,6.640000000000043,33.0,0.018913068246553616,0.8965839257609127,0.5478169084075023,0.9961088712879587,0.002814689532516557,80.48423516098227,90.5872417585645,85.36441166237765,101.0329019509382,1293308.0,6.640000000000043,0.0,6.640000000000043,33.0,0.018913068246553616,6.640000000000043,0.0,0.0,1.0,1.0,0.8965839257609127,0.9961088712879587,0.5478169084075023,80.48423516098227,90.5872417585645,85.36441166237765,101.0329019509382,43.91186702744477,8.117510630073495,55.470466958009375,0.12333566923615913,0.30001401934671246,0.5300000000000296,0.10000000000002274,0.4399999999999977,1.0,15776.0,15776.0,2022-01-31,2022-01-31 10:00:00,-1.4418096811220855,129.0,1.0,best_within_2.0d,15904.0,362.34,0.5832424107187206,4.3760036431226785,32.22527881040892,0.012230020343504162,2.285057100371749,15.890706319702602,0.006381710269403211,0.4929364202292669,5.6011759621451125,36.843533123028394,0.015614239272951093,2.82998018927445,22.52492113564669,0.007835530045022196,1.8630914826498424,0.00402220134195386,1.9444468750000041,16.553125,0.005470102952261012,0.0,1
15776.0,2022-01-31 10:05:00,357.2,358.569,356.95,358.555,1441081.0,1p,1p,0.0,sell,False,0.9298495339977281,7.489000000000033,34.0,0.02133132049675297,1.0666558794491192,0.6811488933386423,1.2144768330632019,0.003428385633950829,84.38449767175621,93.658624595084,88.1291493066131,104.71757517202582,1441081.0,7.489000000000033,0.0,7.489000000000033,34.0,0.02133132049675297,7.489000000000033,0.0,0.0,1.0,1.0,1.0666558794491192,1.2144768330632019,0.6811488933386423,84.38449767175621,93.658624595084,88.1291493066131,104.71757517202582,44.73945058057194,7.434154630416351,56.615593540278994,0.3793393057110913,0.45356492505954005,0.014000000000010004,0.25,1.3550000000000182,1.0,15777.0,15777.0,2022-01-31,2022-01-31 10:05:00,-1.055626054580181,128.0,1.0,best_within_2.0d,15904.0,362.34,0.5832424107187206,4.3760036431226785,32.22527881040892,0.012230020343504162,2.285057100371749,15.890706319702602,0.006381710269403211,0.4929364202292669,5.6011759621451125,36.843533123028394,0.015614239272951093,2.82998018927445,22.52492113564669,0.007835530045022196,1.8630914826498424,0.00402220134195386,1.9444468750000041,16.553125,0.005470102952261012,0.0,1
15777.0,2022-01-31 10:10:00,358.57,358.66,357.78,358.11,1309464.0,1p,1p,0.0,sell,False,0.9298495339978043,7.580000000000041,35.0,0.02159052067904763,1.0481202917346795,0.8121639298054772,1.336224075672817,0.0037690210540586504,78.85185978699604,93.2047226525583,89.82100708859483,99.97215378048526,1309464.0,7.580000000000041,0.0,7.580000000000041,35.0,0.02159052067904763,7.580000000000041,0.0,0.0,1.0,1.0,1.0481202917346795,1.336224075672817,0.8121639298054772,78.85185978699604,93.2047226525583,89.82100708859483,99.97215378048526,43.74232291524466,7.097038351303457,57.720232352598444,-0.12828736369467036,0.24596120520992015,0.09000000000003183,0.3300000000000409,0.45999999999997954,0.0,15778.0,15778.0,2022-01-31,2022-01-31 10:10:00,-1.1812013068610094,127.0,1.0,best_within_2.0d,15904.0,362.34,0.5832424107187206,4.3760036431226785,32.22527881040892,0.012230020343504162,2.285057100371749,15.890706319702602,0.006381710269403211,0.4929364202292669,5.6011759621451125,36.843533123028394,0.015614239272951093,2.82998018927445,22.52492113564669,0.007835530045022196,1.8630914826498424,0.00402220134195386,1.9444468750000041,16.553125,0.005470102952261012,0.0,1
15779.0,2022-01-31 10:20:00,357.74,358.98,357.55,358.46,928319.0,1p,1p,0.0,sell,False,0.9298495339974697,7.900000000000034,37.0,0.02250199384755621,0.865713261061539,1.0353186610076173,1.4681752915383868,0.004135242681689513,77.1362824025438,89.50887402444293,89.60929044049469,89.3080411923394,928319.0,7.900000000000034,0.0,7.900000000000034,37.0,0.02250199384755621,7.900000000000034,0.0,0.0,1.0,1.0,0.865713261061539,1.4681752915383868,1.0353186610076173,77.1362824025438,89.50887402444293,89.60929044049469,89.3080411923394,39.91724473652125,5.7198490933433135,59.466276593523695,0.201263487448977,0.3999440637673071,0.5200000000000387,0.18999999999999773,0.7199999999999704,1.0,15780.0,15780.0,2022-01-31,2022-01-31 10:20:00,-1.0824080790046298,125.0,1.0,best_within_2.0d,15904.0,362.34,0.5832424107187206,4.3760036431226785,32.22527881040892,0.012230020343504162,2.285057100371749,15.890706319702602,0.006381710269403211,0.4929364202292669,5.6011759621451125,36.843533123028394,0.015614239272951093,2.82998018927445,22.52492113564669,0.007835530045022196,1.8630914826498424,0.00402220134195386,1.9444468750000041,16.553125,0.005470102952261012,1.0,1
15787.0,2022-01-31 11:00:00,358.74,359.4,358.64,359.17,679590.0,1p,1p,0.0,sell,False,0.9298495339972669,8.319999999999993,45.0,0.023698302381223633,0.10838490032949233,1.3134408971440077,1.3676333473087539,0.003835847382580084,71.652046921099,79.73637388262281,74.95279012837015,89.30354139112814,679590.0,8.319999999999993,0.0,8.319999999999993,45.0,0.023698302381223633,8.319999999999993,0.0,0.0,1.0,1.0,0.10838490032949233,1.3676333473087539,1.3134408971440077,71.652046921099,79.73637388262281,74.95279012837015,89.30354139112814,28.34077316604226,5.322085991604424,62.856051563852745,0.11986396833361398,0.21191166629488928,0.22999999999996135,0.10000000000002274,0.4300000000000068,1.0,15788.0,15788.0,2022-01-31,2022-01-31 11:00:00,-0.8825904167942643,117.0,1.0,best_within_2.0d,15904.0,362.34,0.5832424107187206,4.3760036431226785,32.22527881040892,0.012230020343504162,2.285057100371749,15.890706319702602,0.006381710269403211,0.4929364202292669,5.6011759621451125,36.843533123028394,0.015614239272951093,2.82998018927445,22.52492113564669,0.007835530045022196,1.8630914826498424,0.00402220134195386,1.9444468750000041,16.553125,0.005470102952261012,1.0,1
15797.0,2022-01-31 11:50:00,359.3,360.28,359.16,360.13,840360.0,1p,1p,0.0,sell,False,0.9298495339965641,9.199999999999989,55.0,0.02620485359462228,-0.03875274710867771,1.0105335503682245,0.9911571768138856,0.0027708464084864955,71.215553853914,80.41752154880598,67.14489024231725,106.96278416178345,840360.0,9.199999999999989,0.0,9.199999999999989,55.0,0.02620485359462228,9.199999999999989,0.0,0.0,1.0,1.0,-0.03875274710867771,0.9911571768138856,1.0105335503682245,71.215553853914,80.41752154880598,67.14489024231725,106.96278416178345,27.848573281451962,11.36267833981758,41.198956771245705,0.23100473142220543,0.31183873482568986,0.14999999999997726,0.13999999999998636,0.8299999999999841,1.0,15798.0,15798.0,2022-01-31,2022-01-31 11:50:00,-0.6136672868130897,107.0,1.0,best_within_2.0d,15904.0,362.34,0.5832424107187206,4.3760036431226785,32.22527881040892,0.012230020343504162,2.285057100371749,15.890706319702602,0.006381710269403211,0.4929364202292669,5.6011759621451125,36.843533123028394,0.015614239272951093,2.82998018927445,22.52492113564669,0.007835530045022196,1.8630914826498424,0.00402220134195386,1.9444468750000041,16.553125,0.005470102952261012,0.0,1
15798.0,2022-01-31 11:55:00,360.13,360.36,360.04,360.17,594858.0,1p,1p,0.0,sell,False,0.9298495339961026,9.28000000000003,56.0,0.026432721886749545,0.03910913341514677,1.0154221920451179,1.0349767587526912,0.002891873333293947,71.41042994601099,84.7459402917966,73.01190692547704,108.21400702443572,594858.0,9.28000000000003,0.0,9.28000000000003,56.0,0.026432721886749545,9.28000000000003,0.0,0.0,1.0,1.0,0.03910913341514677,1.0349767587526912,1.0154221920451179,71.41042994601099,84.7459402917966,73.01190692547704,108.21400702443572,30.08961662572393,11.99767185079213,41.326654131480105,0.011107100213817361,0.08887901344294888,0.18999999999999773,0.08999999999997499,0.040000000000020464,1.0,15799.0,15799.0,2022-01-31,2022-01-31 11:55:00,-0.6024932670683174,106.0,1.0,best_within_2.0d,15904.0,362.34,0.5832424107187206,4.3760036431226785,32.22527881040892,0.012230020343504162,2.285057100371749,15.890706319702602,0.006381710269403211,0.4929364202292669,5.6011759621451125,36.843533123028394,0.015614239272951093,2.82998018927445,22.52492113564669,0.007835530045022196,1.8630914826498424,0.00402220134195386,1.9444468750000041,16.553125,0.005470102952261012,1.0,1
15808.0,2022-01-31 12:45:00,359.44,360.17,359.42,360.13,554022.0,2,2,0.0,sell,False,0.8888888888888926,4.163492493946733,28.239017640954685,0.011578080659927173,-0.2233082803793427,0.7687828873915239,0.6571287472018525,0.00183164407621464,62.92618192142696,62.788147413734514,54.649364814404194,79.06571261239515,554022.0,1.5200000000000387,1.0,1.7100000000000364,7.0,0.004745254745254846,1.5200000000000387,5.0,0.004238115154050017,2.0,2.0,-0.2233082803793427,0.6571287472018525,0.7687828873915239,62.92618192142696,62.788147413734514,54.649364814404194,79.06571261239515,23.79662906806618,13.75551285752663,32.28899041985845,0.19196527932339133,0.20866952312058312,0.040000000000020464,0.01999999999998181,0.6899999999999977,1.0,15809.0,15809.0,2022-01-31,2022-01-31 12:45:00,-0.6136672868130897,96.0,1.0,best_within_2.0d,15904.0,362.34,0.8888888888888926,1.7100000000000364,7.0,0.004745254745254846,1.5200000000000387,5.0,0.004238115154050017,0.4929364202292669,5.6011759621451125,36.843533123028394,0.015614239272951093,2.82998018927445,22.52492113564669,0.007835530045022196,1.8630914826498424,0.00402220134195386,1.9444468750000041,16.553125,0.005470102952261012,0.0,1
15809.0,2022-01-31 12:50:00,360.125,360.24,359.9,360.14,361014.0,2,2,0.0,sell,False,0.9298245614035076,4.163492493946733,28.239017640954685,0.011578080659927173,-0.16483036037752785,0.7481790923443329,0.665763912155569,0.0018551863563706012,62.9934960549152,73.09566221712237,60.79813061531025,97.6907254207466,361014.0,1.5900000000000318,1.0,1.7100000000000364,7.0,0.004745254745254846,1.5900000000000318,6.0,0.004433291509828612,2.0,2.0,-0.16483036037752785,0.665763912155569,0.7481790923443329,62.9934960549152,73.09566221712237,60.79813061531025,97.6907254207466,25.09229984701714,13.360530341662507,32.161884570380934,0.004165220409576219,0.09447068630175934,0.10000000000002274,0.22500000000002274,0.014999999999986358,1.0,15810.0,15810.0,2022-01-31,2022-01-31 12:50:00,-0.6108735491753176,95.0,1.0,best_within_2.0d,15904.0,362.34,0.9298245614035076,1.7100000000000364,7.0,0.004745254745254846,1.5900000000000318,6.0,0.004433291509828612,0.4929364202292669,5.6011759621451125,36.843533123028394,0.015614239272951093,2.82998018927445,22.52492113564669,0.007835530045022196,1.8630914826498424,0.00402220134195386,1.9444468750000041,16.553125,0.005470102952261012,0.0,1
15810.0,2022-01-31 12:55:00,360.15,360.46,360.15,360.26,527103.0,1p,1p,0.0,sell,False,9.3750939315641e-08,1.8100000000000023,7.0,0.005046702913704175,-0.11786262578960338,0.7334462641206325,0.6745149512258308,0.0018790310486586483,63.841914882060166,78.38053355911309,66.65893159657786,101.82373748418357,527103.0,1.8100000000000023,0.0,1.8100000000000023,7.0,0.005046702913704175,1.8100000000000023,0.0,0.0,1.0,1.0,-0.11786262578960338,0.6745149512258308,0.7334462641206325,63.841914882060166,78.38053355911309,66.65893159657786,101.82373748418357,25.74881765633218,13.767735155018517,32.03026059650872,0.030542829376652408,0.08607524642510128,0.19999999999998863,0.0,0.11000000000001364,1.0,15811.0,15811.0,2022-01-31,2022-01-31 12:55:00,-0.5773607949813979,94.0,1.0,best_within_2.0d,15904.0,362.34,0.5832424107187206,4.3760036431226785,32.22527881040892,0.012230020343504162,2.285057100371749,15.890706319702602,0.006381710269403211,0.4929364202292669,5.6011759621451125,36.843533123028394,0.015614239272951093,2.82998018927445,22.52492113564669,0.007835530045022196,1.8630914826498424,0.00402220134195386,1.9444468750000041,16.553125,0.005470102952261012,1.0,1
15819.0,2022-01-31 13:40:00,359.97,360.51,359.57,359.6,516443.0,1p,1p,0.0,sell,False,9.375093931564334e-08,1.8600000000000136,16.0,0.005186114596403217,-0.28435097148402977,0.5034952993911327,0.3613198136491178,0.0010053591236801633,52.76397810164015,41.13649550147722,49.2409335561714,24.92761939208887,516443.0,1.8600000000000136,0.0,1.8600000000000136,16.0,0.005186114596403217,1.8600000000000136,0.0,0.0,1.0,1.0,-0.28435097148402977,0.3613198136491178,0.5034952993911327,52.76397810164015,41.13649550147722,49.2409335561714,24.92761939208887,19.117181546398008,12.779178146432699,21.969727530442384,-0.1027863433063879,0.2614233667992318,0.5399999999999636,0.03000000000002956,0.37000000000000455,0.0,15820.0,15820.0,2022-01-31,2022-01-31 13:40:00,-0.761957730812,85.0,1.0,best_within_2.0d,15904.0,362.34,0.5832424107187206,4.3760036431226785,32.22527881040892,0.012230020343504162,2.285057100371749,15.890706319702602,0.006381710269403211,0.4929364202292669,5.6011759621451125,36.843533123028394,0.015614239272951093,2.82998018927445,22.52492113564669,0.007835530045022196,1.8630914826498424,0.00402220134195386,1.9444468750000041,16.553125,0.005470102952261012,1.0,1
15824.0,2022-01-31 14:05:00,360.03,361.03,359.99,360.73,642488.0,1p,1p,0.0,sell,False,9.3750939315641e-08,2.3799999999999955,21.0,0.006635996096472872,-0.05304544951850387,0.4056145896470638,0.3790918648878119,0.0010540216181582406,62.242298730127295,69.8266539050408,61.45858026361533,86.56280118789172,642488.0,2.3799999999999955,0.0,2.3799999999999955,21.0,0.006635996096472872,2.3799999999999955,0.0,0.0,1.0,1.0,-0.05304544951850387,0.3790918648878119,0.4056145896470638,62.242298730127295,69.8266539050408,61.45858026361533,86.56280118789172,18.87162967212419,11.914743391730289,20.01145715431349,0.1944282420909495,0.2888969138031511,0.2999999999999545,0.03999999999996362,0.7000000000000455,1.0,15825.0,15825.0,2022-01-31,2022-01-31 14:05:00,-0.4463171901421996,80.0,1.0,best_within_2.0d,15904.0,362.34,0.5832424107187206,4.3760036431226785,32.22527881040892,0.012230020343504162,2.285057100371749,15.890706319702602,0.006381710269403211,0.4929364202292669,5.6011759621451125,36.843533123028394,0.015614239272951093,2.82998018927445,22.52492113564669,0.007835530045022196,1.8630914826498424,0.00402220134195386,1.9444468750000041,16.553125,0.005470102952261012,0.0,1
15827.0,2022-01-31 14:20:00,360.79,361.13,360.39,361.08,402823.0,1p,1p,0.0,sell,False,0.07810057234115797,2.480000000000018,24.0,0.0069148194618709555,0.08330644248609465,0.41967519554959215,0.4613284167926395,0.0012817838068860782,65.0868019845639,84.61799986344822,74.79145153468811,104.27109652096843,402823.0,2.480000000000018,0.0,2.480000000000018,24.0,0.0069148194618709555,2.480000000000018,0.0,0.0,1.0,1.0,0.08330644248609465,0.4613284167926395,0.41967519554959215,65.0868019845639,84.61799986344822,74.79145153468811,104.27109652096843,21.950687072015977,6.549014201020278,25.966745006515207,0.080379167937017,0.20533311135159388,0.05000000000001137,0.4000000000000341,0.2899999999999636,1.0,15828.0,15828.0,2022-01-31,2022-01-31 14:20:00,-0.34895314057826265,77.0,1.0,best_within_2.0d,15904.0,362.34,0.5832424107187206,4.3760036431226785,32.22527881040892,0.012230020343504162,2.285057100371749,15.890706319702602,0.006381710269403211,0.4929364202292669,5.6011759621451125,36.843533123028394,0.015614239272951093,2.82998018927445,22.52492113564669,0.007835530045022196,1.8630914826498424,0.00402220134195386,1.9444468750000041,16.553125,0.005470102952261012,0.0,1
15828.0,2022-01-31 14:25:00,361.04,361.27,360.88,361.25,382820.0,1p,1p,0.0,sell,False,0.11621246814737586,2.6200000000000045,25.0,0.007305172173428146,0.12395872403593877,0.43517003605408444,0.4971493980720538,0.001380930579898195,66.51198615984686,89.35085592474493,79.64458633137372,108.7633951114874,382820.0,2.6200000000000045,0.0,2.6200000000000045,25.0,0.007305172173428146,2.6200000000000045,0.0,0.0,1.0,1.0,0.12395872403593877,0.4971493980720538,0.43517003605408444,66.51198615984686,89.35085592474493,79.64458633137372,108.7633951114874,23.911362144932784,6.67947876628858,28.135563573305667,0.05816530024373463,0.1080691642651259,0.01999999999998181,0.160000000000025,0.20999999999997954,1.0,15829.0,15829.0,2022-01-31,2022-01-31 14:25:00,-0.30173010380622145,76.0,1.0,best_within_2.0d,15904.0,362.34,0.5832424107187206,4.3760036431226785,32.22527881040892,0.012230020343504162,2.285057100371749,15.890706319702602,0.006381710269403211,0.4929364202292669,5.6011759621451125,36.843533123028394,0.015614239272951093,2.82998018927445,22.52492113564669,0.007835530045022196,1.8630914826498424,0.00402220134195386,1.9444468750000041,16.553125,0.005470102952261012,0.0,1
15829.0,2022-01-31 14:30:00,361.26,361.29,360.83,361.12,443279.0,1p,1p,0.0,sell,False,0.11621246814737586,2.640000000000043,26.0,0.007360936846507858,0.11841334850308416,0.44997170461696995,0.509178378868512,0.0014140206245441772,64.34876611806271,89.22091693684264,82.83669653319669,101.98935774413457,443279.0,2.640000000000043,0.0,2.640000000000043,26.0,0.007360936846507858,2.640000000000043,0.0,0.0,1.0,1.0,0.11841334850308416,0.509178378868512,0.44997170461696995,64.34876611806271,89.22091693684264,82.83669653319669,101.98935774413457,23.93941527054259,7.2739218170727105,29.939610425755998,-0.03875325250511719,0.12748385666381298,0.03000000000002956,0.29000000000002046,0.13999999999998636,0.0,15830.0,15830.0,2022-01-31,2022-01-31 14:30:00,-0.33783783783782967,75.0,1.0,best_within_2.0d,15904.0,362.34,0.5832424107187206,4.3760036431226785,32.22527881040892,0.012230020343504162,2.285057100371749,15.890706319702602,0.006381710269403211,0.4929364202292669,5.6011759621451125,36.843533123028394,0.015614239272951093,2.82998018927445,22.52492113564669,0.007835530045022196,1.8630914826498424,0.00402220134195386,1.9444468750000041,16.553125,0.005470102952261012,0.0,1
15831.0,2022-01-31 14:40:00,361.06,361.3,360.8702,361.27,334354.0,1p,1p,0.0,sell,False,0.11621246814737586,2.650000000000034,28.0,0.007388819183047635,0.0903746678517573,0.4728769705006239,0.5180643044265025,0.0014380841203594623,65.39979809842646,91.12729885652675,86.69653918369382,99.98881820219262,334354.0,2.650000000000034,0.0,2.650000000000034,28.0,0.007388819183047635,2.650000000000034,0.0,0.0,1.0,1.0,0.0903746678517573,0.5180643044265025,0.4728769705006239,65.39979809842646,91.12729885652675,86.69653918369382,99.98881820219262,25.351228993922113,0.6151120734199208,37.83036646139554,0.058162078324926474,0.11910099531632155,0.03000000000002956,0.1897999999999911,0.20999999999997954,1.0,15832.0,15832.0,2022-01-31,2022-01-31 14:40:00,-0.2961773742630147,73.0,1.0,best_within_2.0d,15904.0,362.34,0.5832424107187206,4.3760036431226785,32.22527881040892,0.012230020343504162,2.285057100371749,15.890706319702602,0.006381710269403211,0.4929364202292669,5.6011759621451125,36.843533123028394,0.015614239272951093,2.82998018927445,22.52492113564669,0.007835530045022196,1.8630914826498424,0.00402220134195386,1.9444468750000041,16.553125,0.005470102952261012,0.0,1
15832.0,2022-01-31 14:45:00,361.27,361.41,360.67,360.97,613512.0,1p,1p,0.0,sell,False,0.11621246814737586,2.7600000000000477,29.0,0.007695524884985495,0.037161788649173744,0.47752219408177066,0.49610308840635753,0.0013769174982215407,60.16365144394684,83.75622740669876,85.7164352580288,79.83581170403866,613512.0,2.7600000000000477,0.0,2.7600000000000477,29.0,0.007695524884985495,2.7600000000000477,0.0,0.0,1.0,1.0,0.037161788649173744,0.49610308840635753,0.47752219408177066,60.16365144394684,83.75622740669876,85.7164352580288,79.83581170403866,20.97196451719411,3.1797270162418725,40.3902475231555,-0.08304038530737524,0.2051737044944157,0.1400000000000432,0.30000000000001137,0.2999999999999545,0.0,15833.0,15833.0,2022-01-31,2022-01-31 14:45:00,-0.37953292517382264,72.0,1.0,best_within_2.0d,15904.0,362.34,0.5832424107187206,4.3760036431226785,32.22527881040892,0.012230020343504162,2.285057100371749,15.890706319702602,0.006381710269403211,0.4929364202292669,5.6011759621451125,36.843533123028394,0.015614239272951093,2.82998018927445,22.52492113564669,0.007835530045022196,1.8630914826498424,0.00402220134195386,1.9444468750000041,16.553125,0.005470102952261012,0.0,1
15834.0,2022-01-31 14:55:00,360.93,361.47,360.925,361.1282,517785.0,1p,1p,0.0,sell,False,0.11621246814737586,2.82000000000005,31.0,0.007862818904224314,-0.024030230773968264,0.4733435703055278,0.4613284549185437,0.0012800252296715335,61.90874389276248,72.20937630566314,78.64112744602713,59.34587402493517,517785.0,2.82000000000005,0.0,2.82000000000005,31.0,0.007862818904224314,2.82000000000005,0.0,0.0,1.0,1.0,-0.024030230773968264,0.4613284549185437,0.4733435703055278,61.90874389276248,72.20937630566314,78.64112744602713,59.34587402493517,22.09203413549885,3.432758005652766,44.56708796464756,0.05491369517634603,0.15100090046408973,0.34180000000003474,0.0049999999999954525,0.19819999999998572,1.0,15835.0,15835.0,2022-01-31,2022-01-31 14:55:00,-0.3355595049071168,70.0,1.0,best_within_2.0d,15904.0,362.34,0.5832424107187206,4.3760036431226785,32.22527881040892,0.012230020343504162,2.285057100371749,15.890706319702602,0.006381710269403211,0.4929364202292669,5.6011759621451125,36.843533123028394,0.015614239272951093,2.82998018927445,22.52492113564669,0.007835530045022196,1.8630914826498424,0.00402220134195386,1.9444468750000041,16.553125,0.005470102952261012,1.0,1
15844.0,2022-01-31 15:45:00,361.44,362.45,361.31,362.37,1381380.0,1,1,0.0,sell,False,0.20645293870378267,3.680000000000007,7.0,0.01025726788750455,0.2202142408979329,0.24433720862219052,0.35444432907115697,0.0009828521905218784,64.23019709757818,81.258214347946,67.23856566606753,109.29751171170292,1381380.0,3.680000000000007,1.0,3.680000000000007,7.0,0.01025726788750455,3.680000000000007,7.0,0.01025726788750455,1.0,1.0,0.2202142408979329,0.35444432907115697,0.24433720862219052,64.23019709757818,81.258214347946,67.23856566606753,109.29751171170292,25.3095474692025,18.574425464124154,31.72105741140714,0.25730411686587173,0.3155185297943557,0.07999999999998408,0.12999999999999545,0.9300000000000068,1.0,15845.0,15845.0,2022-01-31,2022-01-31 15:45:00,0.008278831029066853,60.0,1.0,best_within_2.0d,15904.0,362.34,0.5832424107187206,4.3760036431226785,32.22527881040892,0.012230020343504162,2.285057100371749,15.890706319702602,0.006381710269403211,0.4929364202292669,5.6011759621451125,36.843533123028394,0.015614239272951093,2.82998018927445,22.52492113564669,0.007835530045022196,1.8630914826498424,0.00402220134195386,1.9444468750000041,16.553125,0.005470102952261012,0.0,1
15845.0,2022-01-31 15:50:00,362.36,363.54,362.27,363.33,2999073.0,1,1,0.0,sell,False,0.4066485303594969,4.770000000000039,8.0,0.013295426038966577,0.43375404577729015,0.2985564643443518,0.5154334872329969,0.0014284724560205907,69.01974316582192,86.0379709908736,73.50503410766954,111.10384475728173,2999073.0,4.770000000000039,1.0,4.770000000000039,8.0,0.013295426038966577,4.770000000000039,8.0,0.013295426038966577,1.0,1.0,0.43375404577729015,0.5154334872329969,0.2985564643443518,69.01974316582192,86.0379709908736,73.50503410766954,111.10384475728173,31.649408284023416,17.420118343195327,31.52656912044343,0.2676895904625153,0.35056725646618236,0.21000000000003638,0.09000000000003183,0.9699999999999704,1.0,15846.0,15846.0,2022-01-31,2022-01-31 15:50:00,0.2724795640327001,59.0,1.0,best_within_2.0d,15904.0,362.34,0.5832424107187206,4.3760036431226785,32.22527881040892,0.012230020343504162,2.285057100371749,15.890706319702602,0.006381710269403211,0.4929364202292669,5.6011759621451125,36.843533123028394,0.015614239272951093,2.82998018927445,22.52492113564669,0.007835530045022196,1.8630914826498424,0.00402220134195386,1.9444468750000041,16.553125,0.005470102952261012,0.0,1
15846.0,2022-01-31 15:55:00,363.33,363.65,362.78,363.28,4177491.0,1,1,0.0,sell,False,0.4997235134535221,4.8799999999999955,9.0,0.013602029155169037,0.5330330237241571,0.3651855923098714,0.6317021041719499,0.0017498186756814628,68.50524352379746,88.16465825621079,78.39157549051662,107.71082378759914,4177491.0,4.8799999999999955,1.0,4.8799999999999955,9.0,0.013602029155169037,4.8799999999999955,9.0,0.013602029155169037,1.0,1.0,0.5330330237241571,0.6317021041719499,0.3651855923098714,68.50524352379746,88.16465825621079,78.39157549051662,107.71082378759914,32.15384615384559,15.787545787545898,31.713110026789604,-0.013761594143068661,0.23981476376867653,0.3199999999999932,0.5,0.05000000000001137,0.0,15847.0,15847.0,2022-01-31,2022-01-31 15:55:00,0.2587535785069362,58.0,1.0,best_within_2.0d,15904.0,362.34,0.5832424107187206,4.3760036431226785,32.22527881040892,0.012230020343504162,2.285057100371749,15.890706319702602,0.006381710269403211,0.4929364202292669,5.6011759621451125,36.843533123028394,0.015614239272951093,2.82998018927445,22.52492113564669,0.007835530045022196,1.8630914826498424,0.00402220134195386,1.9444468750000041,16.553125,0.005470102952261012,1.0,1
15895.0,2022-02-01 04:00:00,364.0,364.72,364.0,364.55,22886.0,1,1,0.0,sell,False,0.499723513453567,5.9500000000000455,58.0,0.016584441285503376,0.253232398813492,0.10281617226466151,0.2294323716714075,0.0006326685387955636,84.1430683925748,73.39754964453391,66.03220596082564,88.12823701195046,22886.0,5.9500000000000455,1.0,5.9500000000000455,58.0,0.016584441285503376,5.9500000000000455,58.0,0.016584441285503376,1.0,1.0,0.253232398813492,0.2294323716714075,0.10281617226466151,84.1430683925748,73.39754964453391,66.03220596082564,88.12823701195046,69.12568306011022,7.6502732240416025,38.41735032491781,0.15109890109890423,0.19780219780220532,0.17000000000001592,0.0,0.5500000000000114,1.0,15896.0,15896.0,2022-02-01,2022-02-01 04:00:00,1.2590865450555566,371.0,1.0,best_within_2.0d,16266.0,359.96,0.5832424107187206,4.3760036431226785,32.22527881040892,0.012230020343504162,2.285057100371749,15.890706319702602,0.006381710269403211,0.4929364202292669,5.6011759621451125,36.843533123028394,0.015614239272951093,2.82998018927445,22.52492113564669,0.007835530045022196,1.8630914826498424,0.00402220134195386,1.9444468750000041,16.553125,0.005470102952261012,1.0,1
15901.0,2022-02-01 04:30:00,362.7,362.92,362.54,362.69,12130.0,3a,3a,1.0,buy,False,0.004431808679655579,4.163492493946733,28.239017640954685,0.011578080659927173,-0.05380657688376855,0.281164213597618,0.25426092515573373,0.000700504127301365,46.03040491398507,34.53907509546677,53.96373399941284,-4.310242712425364,12130.0,2.180000000000007,2.0,2.180000000000007,7.0,0.005977187979820154,2.180000000000007,7.0,0.005977187979820154,3.0,3.0,-0.05380657688376855,0.25426092515573373,0.281164213597618,46.03040491398507,34.53907509546677,53.96373399941284,-4.310242712425364,37.134052388289135,27.73497688751852,41.12428928488235,-0.002757099531290572,0.10481602030120687,0.22000000000002728,0.14999999999997726,0.009999999999990905,0.0,15902.0,15902.0,2022-02-01,2022-02-01 04:30:00,2.553144558714051,225.0,1.0,best_within_2.0d,16126.0,371.95,0.5832424107187206,4.3760036431226785,32.22527881040892,0.012230020343504162,2.285057100371749,15.890706319702602,0.006381710269403211,0.4929364202292669,5.6011759621451125,36.843533123028394,0.015614239272951093,2.82998018927445,22.52492113564669,0.007835530045022196,1.8630914826498424,0.004431808679655579,2.180000000000007,7.0,0.005977187979820154,0.0,0
15904.0,2022-02-01 04:45:00,363.06,363.06,362.14,362.34,9151.0,3a,3a,1.0,buy,False,0.004431808679655579,4.163492493946733,28.239017640954685,0.011578080659927173,-0.23327358700103085,0.224302284368673,0.10766549086815758,0.00029665827833699727,42.139120171180714,20.769796636009172,33.59732547386256,-4.88526103969761,9151.0,2.580000000000041,2.0,2.580000000000041,10.0,0.007073919719236786,2.580000000000041,10.0,0.007073919719236786,3.0,3.0,-0.23327358700103085,0.10766549086815758,0.224302284368673,42.139120171180714,20.769796636009172,33.59732547386256,-4.88526103969761,32.58145363408471,30.576441102756796,35.47890086112501,-0.19831432821022071,0.25404539680786875,0.0,0.19999999999998863,0.7200000000000273,0.0,15905.0,15905.0,2022-02-01,2022-02-01 04:45:00,2.6522051112215084,222.0,1.0,best_within_2.0d,16126.0,371.95,0.5832424107187206,4.3760036431226785,32.22527881040892,0.012230020343504162,2.285057100371749,15.890706319702602,0.006381710269403211,0.4929364202292669,5.6011759621451125,36.843533123028394,0.015614239272951093,2.82998018927445,22.52492113564669,0.007835530045022196,1.8630914826498424,0.004431808679655579,2.580000000000041,10.0,0.007073919719236786,0.0,0
15905.0,2022-02-01 04:50:00,362.2,362.5,362.0,362.41,5903.0,3a,3a,1.0,buy,False,0.004431808679655579,4.163492493946733,28.239017640954685,0.011578080659927173,-0.27919116645118247,0.18940338856227518,0.04980780533668394,0.00013725344058807467,43.2244836495027,19.31319775733978,28.835949568354966,0.2676941353094051,5903.0,2.7200000000000273,2.0,2.7200000000000273,11.0,0.007457775828032537,2.7200000000000273,11.0,0.007457775828032537,3.0,3.0,-0.27919116645118247,0.04980780533668394,0.18940338856227518,43.2244836495027,19.31319775733978,28.835949568354966,0.2676941353094051,30.604982206405477,30.604982206405477,32.944693656758936,0.05797901711762462,0.13812154696132595,0.08999999999997499,0.19999999999998863,0.21000000000003638,1.0,15906.0,15906.0,2022-02-01,2022-02-01 04:50:00,2.6323776937722365,221.0,1.0,best_within_2.0d,16126.0,371.95,0.5832424107187206,4.3760036431226785,32.22527881040892,0.012230020343504162,2.285057100371749,15.890706319702602,0.006381710269403211,0.4929364202292669,5.6011759621451125,36.843533123028394,0.015614239272951093,2.82998018927445,22.52492113564669,0.007835530045022196,1.8630914826498424,0.004431808679655579,2.7200000000000273,11.0,0.007457775828032537,1.0,0
15914.0,2022-02-01 05:35:00,363.34,363.6,363.34,363.6,4772.0,2,2,0.0,sell,False,0.5882352941176495,4.163492493946733,28.239017640954685,0.011578080659927173,0.05055527264555226,0.09522253804105019,0.12050017436382632,0.00033192342442357243,58.916069123446206,82.35778755312016,68.75302270418479,109.56731725099093,4772.0,1.6000000000000227,1.0,2.7200000000000273,11.0,0.007457775828032537,1.6000000000000227,10.0,0.004419889502762494,2.0,2.0,0.05055527264555226,0.12050017436382632,0.09522253804105019,58.916069123446206,82.35778755312016,68.75302270418479,109.56731725099093,29.251700680271913,22.108843537414423,27.309020089377363,0.07155832003083827,0.07155832003083827,0.0,0.0,0.26000000000004775,1.0,15915.0,15915.0,2022-02-01,2022-02-01 05:35:00,1.0011001100110128,352.0,1.0,best_within_2.0d,16266.0,359.96,0.5882352941176495,2.7200000000000273,11.0,0.007457775828032537,1.6000000000000227,10.0,0.004419889502762494,0.4929364202292669,5.6011759621451125,36.843533123028394,0.015614239272951093,2.82998018927445,22.52492113564669,0.007835530045022196,1.8630914826498424,0.00402220134195386,1.9444468750000041,16.553125,0.005470102952261012,1.0,1
15919.0,2022-02-01 06:00:00,345.4,345.69,345.17,345.32,39208.0,1p,1p,0.0,sell,False,1.6386574521775297,5.639999999999986,23.0,0.016585796206440188,0.8841900836392019,0.2741088585934624,0.7162039004130634,0.0020895278195550075,68.69205167613028,91.15221899248894,83.24484468083418,106.96696761579847,39208.0,5.639999999999986,0.0,5.639999999999986,23.0,0.016585796206440188,5.639999999999986,0.0,0.0,1.0,1.0,0.8841900836392019,0.7162039004130634,0.2741088585934624,68.69205167613028,91.15221899248894,83.24484468083418,106.96696761579847,37.88710740171391,8.373599824291581,25.064163111908503,-0.023161551823967598,0.1506504041486751,0.29000000000002046,0.14999999999997726,0.07999999999998408,0.0,15920.0,15920.0,2022-02-01,2022-02-01 06:00:00,-5.427173944878884,347.0,1.0,best_within_2.0d,16266.0,359.96,0.5832424107187206,4.3760036431226785,32.22527881040892,0.012230020343504162,2.285057100371749,15.890706319702602,0.006381710269403211,0.4929364202292669,5.6011759621451125,36.843533123028394,0.015614239272951093,2.82998018927445,22.52492113564669,0.007835530045022196,1.8630914826498424,0.00402220134195386,1.9444468750000041,16.553125,0.005470102952261012,0.0,1
15919.0,2022-02-01 06:00:00,341.05,341.71,340.65,341.43,77626.0,2,2,0.0,sell,False,0.2776769509981806,4.163492493946733,28.239017640954685,0.011578080659927173,0.11915766848111731,-0.5137435076141702,-0.45416467337361155,-0.0013294955752457685,47.644391135159516,55.58359961279433,42.605127640600884,81.54054355718122,77626.0,1.5299999999999727,1.0,5.509999999999991,64.0,0.015939136220312972,1.5299999999999727,9.0,0.004497618907637053,2.0,2.0,0.11915766848111731,-0.45416467337361155,-0.5137435076141702,47.644391135159516,55.58359961279433,42.605127640600884,81.54054355718122,22.20994475138032,22.541436464087823,34.54525201977832,0.11142061281336914,0.3111698223983568,0.2799999999999727,0.4000000000000341,0.37999999999999545,1.0,15920.0,15920.0,2022-02-01,2022-02-01 06:00:00,-5.427173944878884,347.0,1.0,best_within_2.0d,16266.0,359.96,0.2776769509981806,5.509999999999991,64.0,0.015939136220312972,1.5299999999999727,9.0,0.004497618907637053,0.4929364202292669,5.6011759621451125,36.843533123028394,0.015614239272951093,2.82998018927445,22.52492113564669,0.007835530045022196,1.8630914826498424,0.00402220134195386,1.9444468750000041,16.553125,0.005470102952261012,0.0,1
15932.0,2022-02-01 07:05:00,362.75,363.04,362.67,363.0,25789.0,2s,2s,0.0,sell,False,0.3823529411764743,4.163492493946733,28.239017640954685,0.011578080659927173,-0.005556825879778626,-0.06838532479373807,-0.07116373773362739,-0.0001961233079152204,52.277673861796806,55.799127048034066,39.3008308371932,88.7957194697158,25789.0,0.6700000000000159,1.0,2.7200000000000273,11.0,0.007457775828032537,0.6700000000000159,9.0,0.0018489389298231528,1.0,2.5,-0.005556825879778626,-0.07116373773362739,-0.06838532479373807,52.277673861796806,55.799127048034066,39.3008308371932,88.7957194697158,25.092936802972837,21.747211895910635,19.877538801933326,0.06891798759476223,0.10202112112940263,0.040000000000020464,0.07999999999998408,0.25,1.0,15933.0,15933.0,2022-02-01,2022-02-01 07:05:00,0.8402203856749342,375.0,1.0,best_within_2.0d,16307.0,359.95,0.5832424107187206,4.3760036431226785,32.22527881040892,0.012230020343504162,2.285057100371749,15.890706319702602,0.006381710269403211,0.3823529411764743,2.7200000000000273,11.0,0.007457775828032537,0.6700000000000159,9.0,0.0018489389298231528,1.0,0.00402220134195386,1.9444468750000041,16.553125,0.005470102952261012,0.0,1
15933.0,2022-02-01 07:10:00,363.06,363.26,363.06,363.06,47248.0,2s,2s,0.0,sell,False,0.4632352941176391,4.163492493946733,28.239017640954685,0.011578080659927173,0.039617826171366166,-0.0634330965223173,-0.04362418343663421,-0.00012022072174076925,53.15362946964007,62.78081338086048,47.12749168508229,94.08745677241686,47248.0,0.8899999999999864,1.0,2.7200000000000273,11.0,0.007457775828032537,0.8899999999999864,10.0,0.0024560532052873758,1.0,2.5,0.039617826171366166,-0.04362418343663421,-0.0634330965223173,53.15362946964007,62.78081338086048,47.12749168508229,94.08745677241686,22.399999999997565,23.400000000000052,18.613672181333992,0.0,0.05508731339172276,0.19999999999998863,0.0,0.0,0.0,15934.0,15934.0,2022-02-01,2022-02-01 07:10:00,0.8566077232413414,374.0,1.0,best_within_2.0d,16307.0,359.95,0.5832424107187206,4.3760036431226785,32.22527881040892,0.012230020343504162,2.285057100371749,15.890706319702602,0.006381710269403211,0.4632352941176391,2.7200000000000273,11.0,0.007457775828032537,0.8899999999999864,10.0,0.0024560532052873758,1.0,0.00402220134195386,1.9444468750000041,16.553125,0.005470102952261012,0.0,1
15935.0,2022-02-01 07:20:00,363.21,363.61,363.2,363.6,12878.0,2s,2s,0.0,sell,False,0.5919117647058815,4.163492493946733,28.239017640954685,0.011578080659927173,0.149136187386521,-0.03673363568676008,0.03783445800650043,0.00010424624756195433,60.585521186224135,77.4979026647558,61.591536556650546,109.3106348809663,12878.0,1.240000000000009,1.0,2.7200000000000273,11.0,0.007457775828032537,1.240000000000009,12.0,0.0034219168253442865,1.0,2.5,0.149136187386521,0.03783445800650043,-0.03673363568676008,60.585521186224135,77.4979026647558,61.591536556650546,109.3106348809663,26.899383983571433,20.739219712526385,18.118829265048625,0.1073758982406991,0.11288546255507295,0.009999999999990905,0.009999999999990905,0.3900000000000432,1.0,15936.0,15936.0,2022-02-01,2022-02-01 07:20:00,1.0038503850385132,372.0,1.0,best_within_2.0d,16307.0,359.95,0.5832424107187206,4.3760036431226785,32.22527881040892,0.012230020343504162,2.285057100371749,15.890706319702602,0.006381710269403211,0.5919117647058815,2.7200000000000273,11.0,0.007457775828032537,1.240000000000009,12.0,0.0034219168253442865,1.0,0.00402220134195386,1.9444468750000041,16.553125,0.005470102952261012,0.0,1
15936.0,2022-02-01 07:25:00,363.59,363.76,363.45,363.76,20220.0,2s,2s,0.0,sell,False,0.6470588235294019,4.163492493946733,28.239017640954685,0.011578080659927173,0.21548336915268756,-0.009798214542674133,0.09794347003366966,0.00026982062825032946,62.488198450869206,84.99860177650386,69.39389162993498,116.20802206964163,20220.0,1.3899999999999864,1.0,2.7200000000000273,11.0,0.007457775828032537,1.3899999999999864,13.0,0.0038358583767971587,1.0,2.5,0.21548336915268756,0.09794347003366966,-0.009798214542674133,62.488198450869206,84.99860177650386,69.39389162993498,116.20802206964163,30.736842105261164,16.842105263157933,18.910594304902705,0.04675596138508098,0.08529371302792743,0.0,0.13999999999998636,0.17000000000001592,1.0,15937.0,15937.0,2022-02-01,2022-02-01 07:25:00,1.047393886078734,371.0,1.0,best_within_2.0d,16307.0,359.95,0.5832424107187206,4.3760036431226785,32.22527881040892,0.012230020343504162,2.285057100371749,15.890706319702602,0.006381710269403211,0.6470588235294019,2.7200000000000273,11.0,0.007457775828032537,1.3899999999999864,13.0,0.0038358583767971587,1.0,0.00402220134195386,1.9444468750000041,16.553125,0.005470102952261012,0.0,1
15937.0,2022-02-01 07:30:00,363.79,364.16,363.7,364.09,51480.0,2s,2s,0.0,sell,False,0.7941176470588247,4.163492493946733,28.239017640954685,0.011578080659927173,0.2880708180677926,0.02621063771579994,0.17024604674969623,0.00046889936416956484,66.12082541322769,88.58492643686017,75.79090323224338,114.17297284609373,51480.0,1.7900000000000205,1.0,2.7200000000000273,11.0,0.007457775828032537,1.7900000000000205,14.0,0.004939702514005079,1.0,2.5,0.2880708180677926,0.17024604674969623,0.02621063771579994,66.12082541322769,88.58492643686017,75.79090323224338,114.17297284609373,37.80487804877905,15.853658536585732,20.48191549091597,0.08246515847053369,0.12647786637339467,0.07000000000005002,0.09000000000003183,0.2999999999999545,1.0,15938.0,15938.0,2022-02-01,2022-02-01 07:30:00,1.1370814908401732,370.0,1.0,best_within_2.0d,16307.0,359.95,0.5832424107187206,4.3760036431226785,32.22527881040892,0.012230020343504162,2.285057100371749,15.890706319702602,0.006381710269403211,0.7941176470588247,2.7200000000000273,11.0,0.007457775828032537,1.7900000000000205,14.0,0.004939702514005079,1.0,0.00402220134195386,1.9444468750000041,16.553125,0.005470102952261012,0.0,1
15938.0,2022-02-01 07:35:00,364.12,364.17,363.92,364.07,22601.0,2s,2s,0.0,sell,False,0.7977941176470567,4.163492493946733,28.239017640954685,0.011578080659927173,0.31543545518332944,0.06564006961371613,0.22335779720538085,0.0006150574044169529,65.7055315134254,90.3819188293923,80.65457509795968,109.83660629225756,22601.0,1.8000000000000114,1.0,2.7200000000000273,11.0,0.007457775828032537,1.8000000000000114,15.0,0.00496729861743525,1.0,2.5,0.31543545518332944,0.22335779720538085,0.06564006961371613,65.7055315134254,90.3819188293923,80.65457509795968,109.83660629225756,38.95833333333169,9.791666666667096,23.292425800783196,-0.013731736790072332,0.06869641679489998,0.05000000000001137,0.14999999999997726,0.05000000000001137,0.0,15939.0,15939.0,2022-02-01,2022-02-01 07:35:00,1.1316505067706772,369.0,1.0,best_within_2.0d,16307.0,359.95,0.5832424107187206,4.3760036431226785,32.22527881040892,0.012230020343504162,2.285057100371749,15.890706319702602,0.006381710269403211,0.7977941176470567,2.7200000000000273,11.0,0.007457775828032537,1.8000000000000114,15.0,0.00496729861743525,1.0,0.00402220134195386,1.9444468750000041,16.553125,0.005470102952261012,0.0,1
15939.0,2022-02-01 07:40:00,364.08,364.18,363.89,364.01,28184.0,2s,2s,0.0,sell,False,0.8014705882352886,4.163492493946733,28.239017640954685,0.011578080659927173,0.30719645616473723,0.10403962663430828,0.2576378547166769,0.0007093294432402814,64.39875684445337,89.97860406035885,83.76258475209274,102.41064267689106,28184.0,1.8100000000000023,1.0,2.7200000000000273,11.0,0.007457775828032537,1.8100000000000023,16.0,0.00499489472086542,1.0,2.5,0.30719645616473723,0.2576378547166769,0.10403962663430828,64.39875684445337,89.97860406035885,83.76258475209274,102.41064267689106,35.4347826086937,10.869565217392353,25.418084185904597,-0.01922654361678565,0.07969441314683572,0.10000000000002274,0.12000000000000455,0.06999999999999318,0.0,15940.0,15940.0,2022-02-01,2022-02-01 07:40:00,1.1153539737919294,368.0,1.0,best_within_2.0d,16307.0,359.95,0.5832424107187206,4.3760036431226785,32.22527881040892,0.012230020343504162,2.285057100371749,15.890706319702602,0.006381710269403211,0.8014705882352886,2.7200000000000273,11.0,0.007457775828032537,1.8100000000000023,16.0,0.00499489472086542,1.0,0.00402220134195386,1.9444468750000041,16.553125,0.005470102952261012,0.0,1
15941.0,2022-02-01 07:50:00,364.1,364.2,364.0,364.09,51986.0,2s,2s,0.0,sell,False,0.8088235294117524,4.163492493946733,28.239017640954685,0.011578080659927173,0.26886100917346417,0.17458710603094066,0.30901761061767274,0.0008504938811357163,65.26384344816267,91.45865706232128,88.05916001249538,98.25765116197309,51986.0,1.829999999999984,1.0,2.7200000000000273,11.0,0.007457775828032537,1.829999999999984,18.0,0.005050086927725761,1.0,2.5,0.26886100917346417,0.30901761061767274,0.17458710603094066,65.26384344816267,91.45865706232128,88.05916001249538,98.25765116197309,37.35763097949818,4.555808656037438,30.730020929925335,-0.0027464982147892745,0.05494505494505182,0.0999999999999659,0.08999999999997499,0.010000000000047748,0.0,15942.0,15942.0,2022-02-01,2022-02-01 07:50:00,1.1370814908401732,366.0,1.0,best_within_2.0d,16307.0,359.95,0.5832424107187206,4.3760036431226785,32.22527881040892,0.012230020343504162,2.285057100371749,15.890706319702602,0.006381710269403211,0.8088235294117524,2.7200000000000273,11.0,0.007457775828032537,1.829999999999984,18.0,0.005050086927725761,1.0,0.00402220134195386,1.9444468750000041,16.553125,0.005470102952261012,0.0,1
15942.0,2022-02-01 07:55:00,364.07,364.27,363.9,363.98,47677.0,2s,2s,0.0,sell,False,0.8345588235293967,4.163492493946733,28.239017640954685,0.011578080659927173,0.22083502698210483,0.20219148440370374,0.31260899789475616,0.000860265861267679,62.515723664239914,87.0376009488165,87.71864032460242,85.6755221972447,47677.0,1.8999999999999773,1.0,2.7200000000000273,11.0,0.007457775828032537,1.8999999999999773,19.0,0.005243259651737112,1.0,2.5,0.22083502698210483,0.31260899789475616,0.20219148440370374,62.515723664239914,87.0376009488165,87.71864032460242,85.6755221972447,36.52561247215998,6.681514476616204,33.46874550267692,-0.024720520778964205,0.1016762846935984,0.19999999999998863,0.08000000000004093,0.08999999999997499,0.0,15943.0,15943.0,2022-02-01,2022-02-01 07:55:00,1.1072036925105855,365.0,1.0,best_within_2.0d,16307.0,359.95,0.5832424107187206,4.3760036431226785,32.22527881040892,0.012230020343504162,2.285057100371749,15.890706319702602,0.006381710269403211,0.8345588235293967,2.7200000000000273,11.0,0.007457775828032537,1.8999999999999773,19.0,0.005243259651737112,1.0,0.00402220134195386,1.9444468750000041,16.553125,0.005470102952261012,0.0,1
15943.0,2022-02-01 08:00:00,362.99,364.59,362.1504,364.24,75054.0,2s,2s,0.0,sell,False,0.9522058823529225,4.163492493946733,28.239017640954685,0.011578080659927173,0.20865523758406274,0.22827338910171155,0.3326010078937429,0.0009151224778033686,66.14448030333085,86.57619589952843,87.33782551624441,85.05293666609646,75054.0,2.2199999999999704,1.0,2.7200000000000273,11.0,0.007457775828032537,2.2199999999999704,20.0,0.006126334961503354,1.0,2.5,0.20865523758406274,0.3326010078937429,0.22827338910171155,66.14448030333085,86.57619589952843,87.33782551624441,85.05293666609646,22.508912925252446,30.96259592724723,32.20738482468926,0.3443621036392187,0.6736427738309786,0.3499999999999659,0.8396000000000186,1.25,1.0,15944.0,15944.0,2022-02-01,2022-02-01 08:00:00,1.1777948605315232,364.0,1.0,best_within_2.0d,16307.0,359.95,0.5832424107187206,4.3760036431226785,32.22527881040892,0.012230020343504162,2.285057100371749,15.890706319702602,0.006381710269403211,0.9522058823529225,2.7200000000000273,11.0,0.007457775828032537,2.2199999999999704,20.0,0.006126334961503354,1.0,0.00402220134195386,1.9444468750000041,16.553125,0.005470102952261012,0.0,1
15945.0,2022-02-01 08:10:00,364.42,364.7,364.38,364.62,60877.0,2s,2s,0.0,sell,False,0.9926470588235152,4.163492493946733,28.239017640954685,0.011578080659927173,0.2131423266736111,0.2797517314539318,0.38632289479073734,0.0010625016068912007,70.83954419633422,90.710708795985,88.5281446598301,95.07583706829479,60877.0,2.329999999999984,1.0,2.7200000000000273,11.0,0.007457775828032537,2.329999999999984,22.0,0.006429892099235544,1.0,2.5,0.2131423266736111,0.38632289479073734,0.2797517314539318,70.83954419633422,90.710708795985,88.5281446598301,95.07583706829479,24.93471035137717,30.413105413106052,29.569912793361123,0.05488172987212245,0.08782040726713683,0.07999999999998408,0.040000000000020464,0.19999999999998863,1.0,15946.0,15946.0,2022-02-01,2022-02-01 08:10:00,1.2807854752893466,362.0,1.0,best_within_2.0d,16307.0,359.95,0.5832424107187206,4.3760036431226785,32.22527881040892,0.012230020343504162,2.285057100371749,15.890706319702602,0.006381710269403211,0.9926470588235152,2.7200000000000273,11.0,0.007457775828032537,2.329999999999984,22.0,0.006429892099235544,1.0,0.00402220134195386,1.9444468750000041,16.553125,0.005470102952261012,0.0,1
15946.0,2022-02-01 08:15:00,364.64,364.7,364.51,364.65,35150.0,2s,2s,0.0,sell,False,0.9926470588235152,4.163492493946733,28.239017640954685,0.011578080659927173,0.20975916799661065,0.30597162745350814,0.41085121145181347,0.0011297194504423654,71.18578818106006,93.15344188532652,90.06991040166224,99.32050485265506,35150.0,2.329999999999984,1.0,2.7200000000000273,11.0,0.007457775828032537,2.329999999999984,23.0,0.006429892099235544,1.0,2.5,0.20975916799661065,0.41085121145181347,0.30597162745350814,71.18578818106006,93.15344188532652,90.06991040166224,99.32050485265506,21.95999512135632,31.247713135748945,28.704603836160405,0.0027424308907390595,0.05212477023949898,0.05000000000001137,0.12999999999999545,0.009999999999990905,1.0,15947.0,15947.0,2022-02-01,2022-02-01 08:15:00,1.2889071712601095,361.0,1.0,best_within_2.0d,16307.0,359.95,0.5832424107187206,4.3760036431226785,32.22527881040892,0.012230020343504162,2.285057100371749,15.890706319702602,0.006381710269403211,0.9926470588235152,2.7200000000000273,11.0,0.007457775828032537,2.329999999999984,23.0,0.006429892099235544,1.0,0.00402220134195386,1.9444468750000041,16.553125,0.005470102952261012,0.0,1
15947.0,2022-02-01 08:20:00,364.6104,364.8,364.55,364.72,43134.0,1,1,0.0,sell,False,0.5917746952702787,2.430000000000007,24.0,0.006705853133537563,0.19999825057267506,0.3309714087750925,0.43097053406143004,0.0011847895688434976,72.0205985176274,94.42918669971868,91.52300250101439,100.24155509712728,43134.0,2.430000000000007,2.0,2.430000000000007,24.0,0.006705853133537563,2.430000000000007,24.0,0.006705853133537563,1.0,1.0,0.19999825057267506,0.43097053406143004,0.3309714087750925,72.0205985176274,94.42918669971868,91.52300250101439,100.24155509712728,20.16124106761215,31.29542539546879,28.19984514756643,0.030059482669720982,0.06857769853243725,0.07999999999998408,0.06040000000001555,0.10960000000000036,1.0,15948.0,15948.0,2022-02-01,2022-02-01 08:20:00,1.307852599254233,360.0,1.0,best_within_2.0d,16307.0,359.95,0.5832424107187206,4.3760036431226785,32.22527881040892,0.012230020343504162,2.285057100371749,15.890706319702602,0.006381710269403211,0.4929364202292669,5.6011759621451125,36.843533123028394,0.015614239272951093,2.82998018927445,22.52492113564669,0.007835530045022196,1.8630914826498424,0.00402220134195386,1.9444468750000041,16.553125,0.005470102952261012,1.0,1
15955.0,2022-02-01 09:00:00,364.57,364.8,364.48,364.51,59148.0,1,1,0.0,sell,False,0.5917746952703147,2.430000000000007,32.0,0.006705853133537563,-0.05215880874699219,0.31583597753325987,0.2897565731597638,0.0007959893664792022,62.267640880673795,66.69688352900201,69.82257137055608,60.44550784589387,59148.0,2.430000000000007,2.0,2.430000000000007,32.0,0.006705853133537563,2.430000000000007,32.0,0.006705853133537563,1.0,1.0,-0.05215880874699219,0.2897565731597638,0.31583597753325987,62.267640880673795,66.69688352900201,69.82257137055608,60.44550784589387,13.603930284244885,38.741373260030684,38.99248535264933,-0.016457744740379702,0.08779631255487082,0.2300000000000182,0.029999999999972715,0.060000000000002274,0.0,15956.0,15956.0,2022-02-01,2022-02-01 09:00:00,1.7667553702230383,384.0,1.0,best_within_2.0d,16339.0,358.07,0.5832424107187206,4.3760036431226785,32.22527881040892,0.012230020343504162,2.285057100371749,15.890706319702602,0.006381710269403211,0.4929364202292669,5.6011759621451125,36.843533123028394,0.015614239272951093,2.82998018927445,22.52492113564669,0.007835530045022196,1.8630914826498424,0.00402220134195386,1.9444468750000041,16.553125,0.005470102952261012,1.0,1
15972.0,2022-02-01 10:25:00,361.87,362.41,361.21,361.32,740154.0,2,2,0.0,sell,False,0.5777385159010644,4.163492493946733,28.239017640954685,0.011578080659927173,-0.24418763358806173,-0.6761283086743541,-0.798222125468385,-0.0022027177201538787,43.1616560958031,48.69224686017265,35.539129732786215,74.99848111494553,740154.0,3.2700000000000387,1.0,5.660000000000025,14.0,0.01551535087719305,3.2700000000000387,5.0,0.009105084368213062,2.0,2.0,-0.24418763358806173,-0.798222125468385,-0.6761283086743541,43.1616560958031,48.69224686017265,35.539129732786215,74.99848111494553,13.449889042164154,28.54615246206459,47.015013984134534,-0.15198828308508894,0.3322167160377746,0.5400000000000205,0.11000000000001364,0.5500000000000114,0.0,15973.0,15973.0,2022-02-01,2022-02-01 10:25:00,0.8994796855972546,367.0,1.0,best_within_2.0d,16339.0,358.07,0.5777385159010644,5.660000000000025,14.0,0.01551535087719305,3.2700000000000387,5.0,0.009105084368213062,0.4929364202292669,5.6011759621451125,36.843533123028394,0.015614239272951093,2.82998018927445,22.52492113564669,0.007835530045022196,1.8630914826498424,0.00402220134195386,1.9444468750000041,16.553125,0.005470102952261012,1.0,1
15979.0,2022-02-01 11:00:00,362.26,362.74,361.91,362.1701,802936.0,2,2,0.0,sell,False,0.6360424028268563,4.163492493946733,28.239017640954685,0.011578080659927173,0.37302368608345926,-0.650546539296387,-0.4640346962546573,-0.0012820307700814643,51.26268804026113,70.95996935152155,60.01561783784588,92.84867237887289,802936.0,3.6000000000000227,1.0,5.660000000000025,14.0,0.01551535087719305,3.6000000000000227,12.0,0.010023946093445518,2.0,2.0,0.37302368608345926,-0.4640346962546573,-0.650546539296387,51.26268804026113,70.95996935152155,60.01561783784588,92.84867237887289,21.086454463299876,17.13023395923285,37.36603170792607,-0.024816430188262597,0.22933878588598933,0.4800000000000182,0.2600999999999658,0.08990000000000009,0.0,15980.0,15980.0,2022-02-01,2022-02-01 11:00:00,1.1320923510803342,360.0,1.0,best_within_2.0d,16339.0,358.07,0.6360424028268563,5.660000000000025,14.0,0.01551535087719305,3.6000000000000227,12.0,0.010023946093445518,0.4929364202292669,5.6011759621451125,36.843533123028394,0.015614239272951093,2.82998018927445,22.52492113564669,0.007835530045022196,1.8630914826498424,0.00402220134195386,1.9444468750000041,16.553125,0.005470102952261012,0.0,1
15980.0,2022-02-01 11:05:00,362.18,363.2,362.0,363.01,742435.0,2,2,0.0,sell,False,0.717314487632506,4.163492493946733,28.239017640954685,0.011578080659927173,0.5475720394293624,-0.5821000343677166,-0.30831401465303543,-0.0008516228648397288,56.26913713170053,78.76065216906582,66.2639626149192,103.75403127735908,742435.0,4.060000000000002,1.0,5.660000000000025,14.0,0.01551535087719305,4.060000000000002,13.0,0.011304783649830157,2.0,2.0,0.5475720394293624,-0.30831401465303543,-0.5821000343677166,56.26913713170053,78.76065216906582,66.2639626149192,103.75403127735908,23.730675497677854,15.41160723332314,36.21512987125643,0.22916781710751122,0.3314917127071792,0.18999999999999773,0.18000000000000682,0.8299999999999841,1.0,15981.0,15981.0,2022-02-01,2022-02-01 11:05:00,1.3608440538828126,359.0,1.0,best_within_2.0d,16339.0,358.07,0.717314487632506,5.660000000000025,14.0,0.01551535087719305,4.060000000000002,13.0,0.011304783649830157,0.4929364202292669,5.6011759621451125,36.843533123028394,0.015614239272951093,2.82998018927445,22.52492113564669,0.007835530045022196,1.8630914826498424,0.00402220134195386,1.9444468750000041,16.553125,0.005470102952261012,0.0,1
15981.0,2022-02-01 11:10:00,363.0,363.7,362.655,363.6333,635990.0,2,2,0.0,sell,False,0.8056537102473467,4.163492493946733,28.239017640954685,0.011578080659927173,0.7184398241318212,-0.492295056351239,-0.1330751442853284,-0.00036745879818571244,59.586894944896144,85.26593004208203,72.5979517573068,110.6018866116325,635990.0,4.560000000000002,1.0,5.660000000000025,14.0,0.01551535087719305,4.560000000000002,14.0,0.012696998385030914,2.0,2.0,0.7184398241318212,-0.1330751442853284,-0.492295056351239,59.586894944896144,85.26593004208203,72.5979517573068,110.6018866116325,28.387747962677466,10.953656284588723,36.79368265221415,0.17446280991736082,0.2881526519695071,0.0666999999999689,0.3450000000000273,0.6333000000000197,1.0,15982.0,15982.0,2022-02-01,2022-02-01 11:10:00,1.5299203895792894,358.0,1.0,best_within_2.0d,16339.0,358.07,0.8056537102473467,5.660000000000025,14.0,0.01551535087719305,4.560000000000002,14.0,0.012696998385030914,0.4929364202292669,5.6011759621451125,36.843533123028394,0.015614239272951093,2.82998018927445,22.52492113564669,0.007835530045022196,1.8630914826498424,0.00402220134195386,1.9444468750000041,16.553125,0.005470102952261012,0.0,1
15982.0,2022-02-01 11:15:00,363.64,363.7,362.94,363.208,523446.0,2,2,0.0,sell,False,0.8056537102473467,4.163492493946733,28.239017640954685,0.011578080659927173,0.7425676538503698,-0.39947409961994274,-0.028190272694757823,-7.782461746352027e-05,56.44038203541427,85.93956059653047,77.04515470371469,103.72837238216206,523446.0,4.560000000000002,1.0,5.660000000000025,14.0,0.01551535087719305,4.560000000000002,15.0,0.012696998385030914,2.0,2.0,0.7425676538503698,-0.028190272694757823,-0.39947409961994274,56.44038203541427,85.93956059653047,77.04515470371469,103.72837238216206,29.20853715384954,8.142986115618559,38.193998481727654,-0.11879881201186876,0.20940100292059044,0.060000000000002274,0.2680000000000291,0.4319999999999595,0.0,15983.0,15983.0,2022-02-01,2022-02-01 11:15:00,1.4146164181405787,357.0,1.0,best_within_2.0d,16339.0,358.07,0.8056537102473467,5.660000000000025,14.0,0.01551535087719305,4.560000000000002,15.0,0.012696998385030914,0.4929364202292669,5.6011759621451125,36.843533123028394,0.015614239272951093,2.82998018927445,22.52492113564669,0.007835530045022196,1.8630914826498424,0.00402220134195386,1.9444468750000041,16.553125,0.005470102952261012,1.0,1
15988.0,2022-02-01 11:45:00,363.165,364.05,363.165,363.56,550022.0,2,2,0.0,sell,False,0.8674911660777391,4.163492493946733,28.239017640954685,0.011578080659927173,0.4709452743924034,0.021462469201091395,0.2569351063972931,0.0007086443181925672,57.39658483074367,76.55963689627458,78.54348419900916,72.59194229080543,550022.0,4.910000000000025,1.0,5.660000000000025,14.0,0.01551535087719305,4.910000000000025,21.0,0.013671548699671507,2.0,2.0,0.4709452743924034,0.2569351063972931,0.021462469201091395,57.39658483074367,76.55963689627458,78.54348419900916,72.59194229080543,27.2371648334852,8.893768108892901,36.93796446315527,0.10876598791182568,0.24369088430878277,0.4900000000000091,0.0,0.3949999999999818,1.0,15989.0,15989.0,2022-02-01,2022-02-01 11:45:00,1.5100671140939623,351.0,1.0,best_within_2.0d,16339.0,358.07,0.8674911660777391,5.660000000000025,14.0,0.01551535087719305,4.910000000000025,21.0,0.013671548699671507,0.4929364202292669,5.6011759621451125,36.843533123028394,0.015614239272951093,2.82998018927445,22.52492113564669,0.007835530045022196,1.8630914826498424,0.00402220134195386,1.9444468750000041,16.553125,0.005470102952261012,0.0,1
15990.0,2022-02-01 11:55:00,363.71,364.3199,363.53,363.88,443032.0,2,2,0.0,sell,False,0.9151766784452313,4.163492493946733,28.239017640954685,0.011578080659927173,0.44579257591748334,0.13421509191483066,0.35711137987357233,0.0009844660599855858,59.43027574870814,77.82429717477642,78.08785979127319,77.29717194178289,443032.0,5.179900000000032,1.0,5.660000000000025,14.0,0.01551535087719305,5.179900000000032,23.0,0.014423066213732896,2.0,2.0,0.44579257591748334,0.35711137987357233,0.13421509191483066,59.43027574870814,77.82429717477642,78.08785979127319,77.29717194178289,33.53315877317916,4.976495628339824,41.27971786939569,0.04674053504165844,0.2172860561714427,0.43990000000002283,0.18000000000000682,0.17000000000001592,1.0,15991.0,15991.0,2022-02-01,2022-02-01 11:55:00,1.7093547323293312,384.0,1.0,best_within_2.0d,16374.0,357.66,0.9151766784452313,5.660000000000025,14.0,0.01551535087719305,5.179900000000032,23.0,0.014423066213732896,0.4929364202292669,5.6011759621451125,36.843533123028394,0.015614239272951093,2.82998018927445,22.52492113564669,0.007835530045022196,1.8630914826498424,0.00402220134195386,1.9444468750000041,16.553125,0.005470102952261012,1.0,1
16027.0,2022-02-01 15:00:00,362.48,363.89,362.27,363.6999,752421.0,2s,2s,0.0,sell,False,0.8392226148409857,4.163492493946733,28.239017640954685,0.011578080659927173,0.1533108966127126,-0.07901336284263229,-0.0023579145362759846,-6.501360526322228e-06,63.87759468657774,70.9666320721236,59.203939098709064,94.49201801895266,752421.0,2.5,1.0,5.660000000000025,14.0,0.01551535087719305,2.5,9.0,0.006917734303660866,1.0,2.5,0.1533108966127126,-0.0023579145362759846,-0.07901336284263229,63.87759468657774,70.9666320721236,59.203939098709064,94.49201801895266,23.010860355849367,23.08307016868201,28.56931488292415,0.33654270580445694,0.44718027990173204,0.19009999999997262,0.21000000000003638,1.2198999999999955,1.0,16028.0,16028.0,2022-02-01,2022-02-01 15:00:00,2.279324245071277,381.0,1.0,best_within_2.0d,16408.0,355.41,0.5832424107187206,4.3760036431226785,32.22527881040892,0.012230020343504162,2.285057100371749,15.890706319702602,0.006381710269403211,0.8392226148409857,5.660000000000025,14.0,0.01551535087719305,2.5,9.0,0.006917734303660866,1.0,0.00402220134195386,1.9444468750000041,16.553125,0.005470102952261012,0.0,1
16028.0,2022-02-01 15:05:00,363.68,364.04,363.46,364.02,642404.0,2s,2s,0.0,sell,False,0.8657243816254439,4.163492493946733,28.239017640954685,0.011578080659927173,0.2942388591769971,-0.04223350544550765,0.10488592414299092,0.0002891176277249967,66.77673071540282,80.36893928775129,66.25893916172313,108.5889395398076,642404.0,2.650000000000034,1.0,5.660000000000025,14.0,0.01551535087719305,2.650000000000034,10.0,0.007332798361880611,1.0,2.5,0.2942388591769971,0.10488592414299092,-0.04223350544550765,66.77673071540282,80.36893928775129,66.25893916172313,108.5889395398076,24.78919425359117,19.388272954403174,27.401900349956428,0.09348878134623158,0.159577395036604,0.020000000000038654,0.22000000000002728,0.339999999999975,1.0,16029.0,16029.0,2022-02-01,2022-02-01 15:05:00,2.365254656337552,380.0,1.0,best_within_2.0d,16408.0,355.41,0.5832424107187206,4.3760036431226785,32.22527881040892,0.012230020343504162,2.285057100371749,15.890706319702602,0.006381710269403211,0.8657243816254439,5.660000000000025,14.0,0.01551535087719305,2.650000000000034,10.0,0.007332798361880611,1.0,0.00402220134195386,1.9444468750000041,16.553125,0.005470102952261012,0.0,1
16031.0,2022-02-01 15:20:00,363.8084,364.28,363.74,364.26,599351.0,2s,2s,0.0,sell,False,0.908127208480559,4.163492493946733,28.239017640954685,0.011578080659927173,0.39652451233304464,0.09338512872164277,0.2916473848881651,0.0008033848289583354,67.38495382691647,90.06923615189751,81.01511398422468,108.1774804872432,599351.0,2.8899999999999864,1.0,5.660000000000025,14.0,0.01551535087719305,2.8899999999999864,13.0,0.007996900855031923,1.0,2.5,0.39652451233304464,0.2916473848881651,0.09338512872164277,67.38495382691647,90.06923615189751,81.01511398422468,108.1774804872432,25.596650673077477,16.270972154574334,24.006733318094312,0.1241312734945056,0.14845768955846583,0.01999999999998181,0.06839999999999691,0.4515999999999849,1.0,16032.0,16032.0,2022-02-01,2022-02-01 15:20:00,2.4295832647010287,377.0,1.0,best_within_2.0d,16408.0,355.41,0.5832424107187206,4.3760036431226785,32.22527881040892,0.012230020343504162,2.285057100371749,15.890706319702602,0.006381710269403211,0.908127208480559,5.660000000000025,14.0,0.01551535087719305,2.8899999999999864,13.0,0.007996900855031923,1.0,0.00402220134195386,1.9444468750000041,16.553125,0.005470102952261012,0.0,1
16032.0,2022-02-01 15:25:00,364.265,364.48,363.87,364.4,587821.0,2s,2s,0.0,sell,False,0.9434628975265033,4.163492493946733,28.239017640954685,0.011578080659927173,0.4211493120141426,0.1460287927234106,0.3566034487304819,0.000982039811020572,68.6107137033528,92.29986863567743,84.77669886804226,107.34620817094779,587821.0,3.090000000000032,1.0,5.660000000000025,14.0,0.01551535087719305,3.090000000000032,14.0,0.008550319599324917,1.0,2.5,0.4211493120141426,0.3566034487304819,0.1460287927234106,68.6107137033528,92.29986863567743,84.77669886804226,107.34620817094779,27.900561146117397,16.406992904688305,24.144854219184136,0.03706093091567702,0.16764228982878876,0.08000000000004093,0.3949999999999818,0.1349999999999909,1.0,16033.0,16033.0,2022-02-01,2022-02-01 15:25:00,2.46706915477496,376.0,1.0,best_within_2.0d,16408.0,355.41,0.5832424107187206,4.3760036431226785,32.22527881040892,0.012230020343504162,2.285057100371749,15.890706319702602,0.006381710269403211,0.9434628975265033,5.660000000000025,14.0,0.01551535087719305,3.090000000000032,14.0,0.008550319599324917,1.0,0.00402220134195386,1.9444468750000041,16.553125,0.005470102952261012,0.0,1
16033.0,2022-02-01 15:30:00,364.4,365.07,364.4,364.84,989260.0,1,1,0.0,sell,False,0.878000436435651,3.680000000000007,15.0,0.010182904894988812,0.4680032274423228,0.20452919615370097,0.43853080987486237,0.001207234892863975,72.15293837511237,92.36113246735773,87.30484340114741,102.4737105997784,989260.0,3.680000000000007,2.0,3.680000000000007,15.0,0.010182904894988812,3.680000000000007,15.0,0.010182904894988812,1.0,1.0,0.4680032274423228,0.43853080987486237,0.20452919615370097,72.15293837511237,92.36113246735773,87.30484340114741,102.4737105997784,35.01724008292387,8.701676745759482,26.719694936374342,0.12074643249176667,0.18386388583974092,0.2300000000000182,0.0,0.4399999999999977,1.0,16034.0,16034.0,2022-02-01,2022-02-01 15:30:00,2.5846946606731582,375.0,1.0,best_within_2.0d,16408.0,355.41,0.5832424107187206,4.3760036431226785,32.22527881040892,0.012230020343504162,2.285057100371749,15.890706319702602,0.006381710269403211,0.4929364202292669,5.6011759621451125,36.843533123028394,0.015614239272951093,2.82998018927445,22.52492113564669,0.007835530045022196,1.8630914826498424,0.00402220134195386,1.9444468750000041,16.553125,0.005470102952261012,0.0,1
16036.0,2022-02-01 15:45:00,364.91,365.399,364.77,365.3381,784679.0,1,1,0.0,sell,False,0.8780004364906377,4.0090000000000146,18.0,0.011093278729350604,0.43463309096992386,0.3541286067846703,0.5714451522696322,0.0015717547798740493,69.30308323553932,90.47262349357575,87.86582188456006,95.68622671160716,784679.0,4.0090000000000146,2.0,4.0090000000000146,18.0,0.011093278729350604,4.0090000000000146,18.0,0.011093278729350604,1.0,1.0,0.43463309096992386,0.5714451522696322,0.3541286067846703,69.30308323553932,90.47262349357575,87.86582188456006,95.68622671160716,32.24247445456968,8.285004142501728,30.9063920312733,0.11731659861334909,0.17243742632344194,0.06090000000000373,0.1400000000000432,0.42809999999997217,1.0,16037.0,16037.0,2022-02-01,2022-02-01 15:45:00,3.070607746632501,384.0,1.0,best_within_2.0d,16420.0,354.12,0.5832424107187206,4.3760036431226785,32.22527881040892,0.012230020343504162,2.285057100371749,15.890706319702602,0.006381710269403211,0.4929364202292669,5.6011759621451125,36.843533123028394,0.015614239272951093,2.82998018927445,22.52492113564669,0.007835530045022196,1.8630914826498424,0.00402220134195386,1.9444468750000041,16.553125,0.005470102952261012,0.0,1
16037.0,2022-02-01 15:50:00,365.34,366.02,365.2399,365.808,1383609.0,1,1,0.0,sell,False,0.9239705664234791,4.6299999999999955,19.0,0.01281164393037991,0.49250682477052055,0.41569195988098534,0.6619453722662456,0.0018198455647240696,72.12701215931254,90.89863292116183,88.87675889676065,94.9423809699642,1383609.0,4.6299999999999955,2.0,4.6299999999999955,19.0,0.01281164393037991,4.6299999999999955,19.0,0.01281164393037991,1.0,1.0,0.49250682477052055,0.6619453722662456,0.41569195988098534,72.12701215931254,90.89863292116183,88.87675889676065,94.9423809699642,37.69781662774028,8.140402562288296,33.304651857490136,0.1280998521924831,0.2135856460370306,0.21199999999998909,0.10009999999999764,0.46800000000001774,1.0,16038.0,16038.0,2022-02-01,2022-02-01 15:50:00,3.5149860035865754,384.0,1.0,best_within_2.0d,16421.0,352.9499,0.5832424107187206,4.3760036431226785,32.22527881040892,0.012230020343504162,2.285057100371749,15.890706319702602,0.006381710269403211,0.4929364202292669,5.6011759621451125,36.843533123028394,0.015614239272951093,2.82998018927445,22.52492113564669,0.007835530045022196,1.8630914826498424,0.00402220134195386,1.9444468750000041,16.553125,0.005470102952261012,0.0,1
16038.0,2022-02-01 15:55:00,365.81,366.19,365.41,365.5,2283380.0,1,1,0.0,sell,False,0.9239705663670826,4.800000000000011,20.0,0.013282049863028892,0.45607168892172856,0.4727009209962015,0.7007367654570658,0.001925800972078263,67.72893155559854,85.53795499609258,87.76382426320463,81.08621646186847,2283380.0,4.800000000000011,2.0,4.800000000000011,20.0,0.013282049863028892,4.800000000000011,20.0,0.013282049863028892,1.0,1.0,0.45607168892172856,0.7007367654570658,0.4727009209962015,67.72893155559854,85.53795499609258,87.76382426320463,81.08621646186847,35.20291491521843,7.970471301558696,35.431242658878254,-0.0847434460512294,0.2134588544374737,0.37999999999999545,0.08999999999997499,0.3100000000000023,0.0,16039.0,16039.0,2022-02-01,2022-02-01 15:55:00,3.4336798905608714,383.0,1.0,best_within_2.0d,16421.0,352.9499,0.5832424107187206,4.3760036431226785,32.22527881040892,0.012230020343504162,2.285057100371749,15.890706319702602,0.006381710269403211,0.4929364202292669,5.6011759621451125,36.843533123028394,0.015614239272951093,2.82998018927445,22.52492113564669,0.007835530045022196,1.8630914826498424,0.00402220134195386,1.9444468750000041,16.553125,0.005470102952261012,0.0,1
16039.0,2022-02-01 16:00:00,365.54,366.39,365.33,366.12,1540549.0,1,1,0.0,sell,False,0.92397056634821,5.0,21.0,0.013835468607321731,0.4798416750834835,0.5326811303816369,0.7726019679233787,0.002122331521681577,71.49671408449711,86.96241024896759,87.49668625845894,85.89385822998491,1540549.0,5.0,2.0,5.0,21.0,0.013835468607321731,5.0,21.0,0.013835468607321731,1.0,1.0,0.4798416750834835,0.7726019679233787,0.5326811303816369,71.49671408449711,86.96241024896759,87.49668625845894,85.89385822998491,35.48448574721576,4.900670665855595,38.309749403147876,0.1586693658696679,0.2901486327430001,0.2699999999999818,0.21000000000003638,0.5799999999999841,1.0,16040.0,16040.0,2022-02-01,2022-02-01 16:00:00,3.5972085654976484,382.0,1.0,best_within_2.0d,16421.0,352.9499,0.5832424107187206,4.3760036431226785,32.22527881040892,0.012230020343504162,2.285057100371749,15.890706319702602,0.006381710269403211,0.4929364202292669,5.6011759621451125,36.843533123028394,0.015614239272951093,2.82998018927445,22.52492113564669,0.007835530045022196,1.8630914826498424,0.00402220134195386,1.9444468750000041,16.553125,0.005470102952261012,0.0,1
16040.0,2022-02-01 16:05:00,366.16,367.0,365.82,366.95,554987.0,1,1,0.0,sell,False,1.061492892245168,5.610000000000014,22.0,0.01552339577741502,0.5658107659654368,0.6034074761273165,0.8863128591100349,0.0024332509388600787,75.60324935390906,90.77579213615931,88.58972155102572,95.14793330642647,554987.0,5.610000000000014,2.0,5.610000000000014,22.0,0.01552339577741502,5.610000000000014,22.0,0.01552339577741502,1.0,1.0,0.5658107659654368,0.8863128591100349,0.6034074761273165,75.60324935390906,90.77579213615931,88.58972155102572,95.14793330642647,38.545347211973244,4.687947633888324,41.16714251806942,0.21575267642559634,0.3225630091301752,0.05000000000001137,0.34000000000003183,0.7899999999999636,1.0,16041.0,16041.0,2022-02-01,2022-02-01 16:05:00,3.815260934732246,381.0,1.0,best_within_2.0d,16421.0,352.9499,0.5832424107187206,4.3760036431226785,32.22527881040892,0.012230020343504162,2.285057100371749,15.890706319702602,0.006381710269403211,0.4929364202292669,5.6011759621451125,36.843533123028394,0.015614239272951093,2.82998018927445,22.52492113564669,0.007835530045022196,1.8630914826498424,0.00402220134195386,1.9444468750000041,16.553125,0.005470102952261012,0.0,1
16041.0,2022-02-01 16:10:00,366.95,367.42,366.95,367.31,350647.0,1,1,0.0,sell,False,1.1724981004476311,6.03000000000003,23.0,0.01668557514043009,0.6249802077119733,0.6815300020913131,0.9940201059472997,0.002727249634033406,77.14153432040882,92.79385181795814,89.99109830666985,98.39935884053469,350647.0,6.03000000000003,2.0,6.03000000000003,23.0,0.01668557514043009,6.03000000000003,23.0,0.01668557514043009,1.0,1.0,0.6249802077119733,0.9940201059472997,0.6815300020913131,77.14153432040882,92.79385181795814,89.99109830666985,98.39935884053469,35.29786187541596,5.207881260306888,43.532754787187024,0.09810600899305454,0.12808284507426826,0.11000000000001364,0.0,0.36000000000001364,1.0,16042.0,16042.0,2022-02-01,2022-02-01 16:10:00,3.9095314584410956,380.0,1.0,best_within_2.0d,16421.0,352.9499,0.5832424107187206,4.3760036431226785,32.22527881040892,0.012230020343504162,2.285057100371749,15.890706319702602,0.006381710269403211,0.4929364202292669,5.6011759621451125,36.843533123028394,0.015614239272951093,2.82998018927445,22.52492113564669,0.007835530045022196,1.8630914826498424,0.00402220134195386,1.9444468750000041,16.553125,0.005470102952261012,0.0,1
16042.0,2022-02-01 16:15:00,367.29,367.88,367.25,367.44,144867.0,1,1,0.0,sell,False,1.18842506729222,6.490000000000009,24.0,0.017958438252303633,0.6334698069969267,0.760713727965929,1.0774486314643923,0.002954369850151975,77.68862175751883,91.4639249609119,90.48204052475053,93.42769383323466,144867.0,6.490000000000009,2.0,6.490000000000009,24.0,0.017958438252303633,6.490000000000009,24.0,0.017958438252303633,1.0,1.0,0.6334698069969267,1.0774486314643923,0.760713727965929,77.68862175751883,91.4639249609119,90.48204052475053,93.42769383323466,38.10383053873218,5.182888788643361,45.855644807931284,0.04083966348116672,0.1715452688904004,0.4399999999999977,0.040000000000020464,0.14999999999997726,1.0,16043.0,16043.0,2022-02-01,2022-02-01 16:15:00,3.9435281950794647,379.0,1.0,best_within_2.0d,16421.0,352.9499,0.5832424107187206,4.3760036431226785,32.22527881040892,0.012230020343504162,2.285057100371749,15.890706319702602,0.006381710269403211,0.4929364202292669,5.6011759621451125,36.843533123028394,0.015614239272951093,2.82998018927445,22.52492113564669,0.007835530045022196,1.8630914826498424,0.00402220134195386,1.9444468750000041,16.553125,0.005470102952261012,0.0,1
16043.0,2022-02-01 16:20:00,367.44,367.92,365.52,367.84,295763.0,1,1,0.0,sell,False,1.2058670441280477,6.53000000000003,25.0,0.01806912200116226,0.642766956669049,0.84105959754956,1.1624430758840845,0.0031853913176802763,79.32805007655627,93.62727137206538,91.5304508071888,97.82091250181855,295763.0,6.53000000000003,2.0,6.53000000000003,25.0,0.01806912200116226,6.53000000000003,25.0,0.01806912200116226,1.0,1.0,0.642766956669049,1.1624430758840845,0.84105959754956,79.32805007655627,93.62727137206538,91.5304508071888,97.82091250181855,32.200502879389646,18.4118744423714,44.526212303335456,0.10886131069017453,0.6565988181221368,0.08000000000004093,1.920000000000016,0.39999999999997726,1.0,16044.0,16044.0,2022-02-01,2022-02-01 16:20:00,4.04798281861678,378.0,1.0,best_within_2.0d,16421.0,352.9499,0.5832424107187206,4.3760036431226785,32.22527881040892,0.012230020343504162,2.285057100371749,15.890706319702602,0.006381710269403211,0.4929364202292669,5.6011759621451125,36.843533123028394,0.015614239272951093,2.82998018927445,22.52492113564669,0.007835530045022196,1.8630914826498424,0.00402220134195386,1.9444468750000041,16.553125,0.005470102952261012,0.0,1
16044.0,2022-02-01 16:25:00,367.85,368.42,365.8099,368.4,531336.0,1,1,0.0,sell,False,1.2589080189625343,7.03000000000003,26.0,0.019452668861894434,0.6710395478395632,0.9249395410295055,1.260459314949287,0.00345154939974321,81.38977352887528,95.56886584621674,92.87658915353144,100.95341923158733,531336.0,7.03000000000003,2.0,7.03000000000003,26.0,0.019452668861894434,7.03000000000003,26.0,0.019452668861894434,1.0,1.0,0.6710395478395632,1.260459314949287,0.9249395410295055,81.38977352887528,95.56886584621674,92.87658915353144,100.95341923158733,31.064965390709336,15.150251577572039,43.80548929778031,0.1495174663585577,0.7135126742059164,0.020000000000038654,2.0400999999999954,0.5499999999999545,1.0,16045.0,16045.0,2022-02-01,2022-02-01 16:25:00,4.19383821932681,377.0,1.0,best_within_2.0d,16421.0,352.9499,0.5832424107187206,4.3760036431226785,32.22527881040892,0.012230020343504162,2.285057100371749,15.890706319702602,0.006381710269403211,0.4929364202292669,5.6011759621451125,36.843533123028394,0.015614239272951093,2.82998018927445,22.52492113564669,0.007835530045022196,1.8630914826498424,0.00402220134195386,1.9444468750000041,16.553125,0.005470102952261012,0.0,1
16045.0,2022-02-01 16:30:00,368.41,368.88,368.16,368.83,123948.0,1,1,0.0,sell,False,1.2974833153272676,7.490000000000009,27.0,0.020725531973767978,0.6916014547189837,1.0113897228693784,1.3571904502288703,0.0037136862883644767,82.80768295660044,96.58804768491945,94.11374199732744,101.53665906010346,123948.0,7.490000000000009,2.0,7.490000000000009,27.0,0.020725531973767978,7.490000000000009,27.0,0.020725531973767978,1.0,1.0,0.6916014547189837,1.3571904502288703,1.0113897228693784,82.80768295660044,96.58804768491945,94.11374199732744,101.53665906010346,31.91664607528177,14.963072783680605,43.25966737868554,0.11400342010259197,0.19556714471967904,0.05000000000001137,0.25,0.4199999999999591,1.0,16046.0,16046.0,2022-02-01,2022-02-01 16:30:00,4.305533714719511,376.0,1.0,best_within_2.0d,16421.0,352.9499,0.5832424107187206,4.3760036431226785,32.22527881040892,0.012230020343504162,2.285057100371749,15.890706319702602,0.006381710269403211,0.4929364202292669,5.6011759621451125,36.843533123028394,0.015614239272951093,2.82998018927445,22.52492113564669,0.007835530045022196,1.8630914826498424,0.00402220134195386,1.9444468750000041,16.553125,0.005470102952261012,0.0,1
16046.0,2022-02-01 16:35:00,368.88,369.06,368.83,368.96,110793.0,1,1,0.0,sell,False,1.2974833152152945,7.670000000000016,28.0,0.02122360884363158,0.6663856670274577,1.0946879312478106,1.4278807647615395,0.003904343879338411,83.22383225995873,96.8317100741284,95.01973135626109,100.45566750986299,110793.0,7.670000000000016,2.0,7.670000000000016,28.0,0.02122360884363158,7.670000000000016,28.0,0.02122360884363158,1.0,1.0,0.6663856670274577,1.4278807647615395,1.0946879312478106,83.22383225995873,96.8317100741284,95.01973135626109,100.45566750986299,32.63045132917931,15.36379781805876,42.739441504458,0.021687269572756476,0.06235935254724892,0.10000000000002274,0.05000000000001137,0.07999999999998408,1.0,16047.0,16047.0,2022-02-01,2022-02-01 16:35:00,4.339250867302679,375.0,1.0,best_within_2.0d,16421.0,352.9499,0.5832424107187206,4.3760036431226785,32.22527881040892,0.012230020343504162,2.285057100371749,15.890706319702602,0.006381710269403211,0.4929364202292669,5.6011759621451125,36.843533123028394,0.015614239272951093,2.82998018927445,22.52492113564669,0.007835530045022196,1.8630914826498424,0.00402220134195386,1.9444468750000041,16.553125,0.005470102952261012,1.0,1
16078.0,2022-02-01 19:15:00,368.87,369.06,368.8,369.06,10035.0,1p,1p,0.0,sell,False,1.4459192481230424e-07,3.5400000000000205,20.0,0.009684832567301436,-0.11987395253603383,0.35857689111052765,0.29863991484251073,0.000810492192461969,69.99068029683743,88.02733388876209,81.26951527054182,101.54297112520263,10035.0,3.5400000000000205,0.0,3.5400000000000205,20.0,0.009684832567301436,3.5400000000000205,0.0,0.0,1.0,1.0,-0.11987395253603383,0.29863991484251073,0.35857689111052765,69.99068029683743,88.02733388876209,81.26951527054182,101.54297112520263,29.29292929292906,8.0808080808095,58.81081746238776,0.05150866158809275,0.07049891540129904,0.0,0.06999999999999318,0.18999999999999773,1.0,16079.0,16079.0,2022-02-01,2022-02-01 19:15:00,4.365170974909225,343.0,1.0,best_within_2.0d,16421.0,352.9499,0.5832424107187206,4.3760036431226785,32.22527881040892,0.012230020343504162,2.285057100371749,15.890706319702602,0.006381710269403211,0.4929364202292669,5.6011759621451125,36.843533123028394,0.015614239272951093,2.82998018927445,22.52492113564669,0.007835530045022196,1.8630914826498424,0.00402220134195386,1.9444468750000041,16.553125,0.005470102952261012,0.0,1
16079.0,2022-02-01 19:20:00,369.01,369.06,369.01,369.05,14920.0,1p,1p,0.0,sell,False,1.4459192481230424e-07,3.5400000000000205,21.0,0.009684832567301436,-0.09504450917199392,0.3466963274640284,0.29917407287803144,0.0008118467755904999,69.54585739574576,91.33795048366515,84.62566034158293,104.76253076782959,14920.0,3.5400000000000205,0.0,3.5400000000000205,21.0,0.009684832567301436,3.5400000000000205,0.0,0.0,1.0,1.0,-0.09504450917199392,0.29917407287803144,0.3466963274640284,69.54585739574576,91.33795048366515,84.62566034158293,104.76253076782959,32.04419889502771,4.972375690606503,59.83392538351826,0.010839814639175216,0.01354976829896517,0.009999999999990905,0.0,0.040000000000020464,1.0,16080.0,16080.0,2022-02-01,2022-02-01 19:20:00,4.362579596260669,342.0,1.0,best_within_2.0d,16421.0,352.9499,0.5832424107187206,4.3760036431226785,32.22527881040892,0.012230020343504162,2.285057100371749,15.890706319702602,0.006381710269403211,0.4929364202292669,5.6011759621451125,36.843533123028394,0.015614239272951093,2.82998018927445,22.52492113564669,0.007835530045022196,1.8630914826498424,0.00402220134195386,1.9444468750000041,16.553125,0.005470102952261012,1.0,1
16086.0,2022-02-01 19:55:00,369.04,369.1,368.99,369.1,33072.0,1p,1p,0.0,sell,False,1.4459192481230424e-07,3.580000000000041,28.0,0.00979426570365518,-0.07821830001543417,0.26546841829205803,0.22635926828434094,0.0006139267154879661,67.95724388047944,79.09741331214515,74.87733968896728,87.5375605585009,33072.0,3.580000000000041,0.0,3.580000000000041,28.0,0.00979426570365518,3.580000000000041,0.0,0.0,1.0,1.0,-0.07821830001543417,0.22635926828434094,0.26546841829205803,67.95724388047944,79.09741331214515,74.87733968896728,87.5375605585009,34.68208092485644,5.780346820810502,61.53528966482619,0.01625840017342355,0.029811105992036,0.0,0.05000000000001137,0.060000000000002274,1.0,16087.0,16087.0,2022-02-01,2022-02-01 19:55:00,4.375535085342728,335.0,1.0,best_within_2.0d,16421.0,352.9499,0.5832424107187206,4.3760036431226785,32.22527881040892,0.012230020343504162,2.285057100371749,15.890706319702602,0.006381710269403211,0.4929364202292669,5.6011759621451125,36.843533123028394,0.015614239272951093,2.82998018927445,22.52492113564669,0.007835530045022196,1.8630914826498424,0.00402220134195386,1.9444468750000041,16.553125,0.005470102952261012,0.0,1
16087.0,2022-02-02 04:00:00,369.99,370.25,369.86,370.16,42044.0,1p,1p,0.0,sell,False,0.09705099621996609,4.730000000000018,29.0,0.012940468373823644,0.06712061987275475,0.2738584957761524,0.3074188057125298,0.0008335313763553784,83.24604686654047,83.85905985515623,77.87124641103026,95.83468674340818,42044.0,4.730000000000018,0.0,4.730000000000018,29.0,0.012940468373823644,4.730000000000018,0.0,0.0,1.0,1.0,0.06712061987275475,0.3074188057125298,0.2738584957761524,83.24604686654047,83.85905985515623,77.87124641103026,95.83468674340818,61.565836298930954,3.5587188612107705,63.50212884957886,0.045947187761835706,0.10544530362839626,0.08999999999997499,0.12999999999999545,0.17000000000001592,1.0,16088.0,16088.0,2022-02-02,2022-02-02 04:00:00,4.649367840933653,334.0,1.0,best_within_2.0d,16421.0,352.9499,0.5832424107187206,4.3760036431226785,32.22527881040892,0.012230020343504162,2.285057100371749,15.890706319702602,0.006381710269403211,0.4929364202292669,5.6011759621451125,36.843533123028394,0.015614239272951093,2.82998018927445,22.52492113564669,0.007835530045022196,1.8630914826498424,0.00402220134195386,1.9444468750000041,16.553125,0.005470102952261012,0.0,1
16088.0,2022-02-02 04:05:00,370.18,370.43,370.18,370.41,18410.0,1p,1p,0.0,sell,False,0.26259782786535696,4.910000000000025,30.0,0.013432917487415258,0.18161306601750893,0.296560129028341,0.38736666203709547,0.001049964591942979,85.0569740853503,88.80647280387079,81.51632187531042,103.3867746609915,18410.0,4.910000000000025,0.0,4.910000000000025,30.0,0.013432917487415258,4.910000000000025,0.0,0.0,1.0,1.0,0.18161306601750893,0.38736666203709547,0.296560129028341,85.0569740853503,88.80647280387079,81.51632187531042,103.3867746609915,63.08724832214712,3.3557046979873197,65.38761892453662,0.062131935815013827,0.06753471284240099,0.01999999999998181,0.0,0.2300000000000182,1.0,16089.0,16089.0,2022-02-02,2022-02-02 04:05:00,4.713722631678413,333.0,1.0,best_within_2.0d,16421.0,352.9499,0.5832424107187206,4.3760036431226785,32.22527881040892,0.012230020343504162,2.285057100371749,15.890706319702602,0.006381710269403211,0.4929364202292669,5.6011759621451125,36.843533123028394,0.015614239272951093,2.82998018927445,22.52492113564669,0.007835530045022196,1.8630914826498424,0.00402220134195386,1.9444468750000041,16.553125,0.005470102952261012,0.0,1
16089.0,2022-02-02 04:10:00,370.26,370.9,370.26,370.75,9592.0,1p,1p,0.0,sell,False,0.407522078932036,5.3799999999999955,31.0,0.014718756839571011,0.2818429033717085,0.3317904919498046,0.4727119436356588,0.0012808273284921656,87.09928181106164,90.0500863468595,84.36091003249345,101.42843897559158,9592.0,5.3799999999999955,0.0,5.3799999999999955,31.0,0.014718756839571011,5.3799999999999955,0.0,0.0,1.0,1.0,0.2818429033717085,0.4727119436356588,0.3317904919498046,87.09928181106164,90.0500863468595,84.36091003249345,101.42843897559158,63.50148367952304,2.9673590504457747,67.22217675645733,0.13233943715227384,0.1728515097499018,0.14999999999997726,0.0,0.4900000000000091,1.0,16090.0,16090.0,2022-02-02,2022-02-02 04:10:00,4.801105866486847,332.0,1.0,best_within_2.0d,16421.0,352.9499,0.5832424107187206,4.3760036431226785,32.22527881040892,0.012230020343504162,2.285057100371749,15.890706319702602,0.006381710269403211,0.4929364202292669,5.6011759621451125,36.843533123028394,0.015614239272951093,2.82998018927445,22.52492113564669,0.007835530045022196,1.8630914826498424,0.00402220134195386,1.9444468750000041,16.553125,0.005470102952261012,1.0,1
16095.0,2022-02-02 04:40:00,370.79,371.05,370.79,371.05,8758.0,1p,1p,0.0,sell,False,0.42764629094778445,5.53000000000003,37.0,0.015129131100897433,0.21201168008505422,0.5147322582679555,0.6207380983104827,0.0016791649455663883,79.42499544844115,92.25652357708597,87.8485618762424,101.07244697877309,8758.0,5.53000000000003,0.0,5.53000000000003,37.0,0.015129131100897433,5.53000000000003,0.0,0.0,1.0,1.0,0.21201168008505422,0.6207380983104827,0.5147322582679555,79.42499544844115,92.25652357708597,87.8485618762424,101.07244697877309,56.55339805825198,3.6407766990285704,73.8551216824962,0.07012055341298064,0.07012055341298064,0.0,0.0,0.2599999999999909,1.0,16096.0,16096.0,2022-02-02,2022-02-02 04:40:00,4.878075731033553,326.0,1.0,best_within_2.0d,16421.0,352.9499,0.5832424107187206,4.3760036431226785,32.22527881040892,0.012230020343504162,2.285057100371749,15.890706319702602,0.006381710269403211,0.4929364202292669,5.6011759621451125,36.843533123028394,0.015614239272951093,2.82998018927445,22.52492113564669,0.007835530045022196,1.8630914826498424,0.00402220134195386,1.9444468750000041,16.553125,0.005470102952261012,0.0,1
16096.0,2022-02-02 04:45:00,371.27,371.46,371.18,371.46,4076.0,1p,1p,0.0,sell,False,0.42764629094778445,5.939999999999998,38.0,0.016250820748522646,0.24518883772741362,0.5453808629838822,0.667975281847589,0.0018062991095249361,82.41756800998309,94.83768238472398,90.17826871240293,104.15650972936609,4076.0,5.939999999999998,0.0,5.939999999999998,38.0,0.016250820748522646,5.939999999999998,0.0,0.0,1.0,1.0,0.24518883772741362,0.667975281847589,0.5453808629838822,82.41756800998309,94.83768238472398,90.17826871240293,104.15650972936609,61.71171171171067,3.1531531531528474,75.02816854644493,0.0511756942386936,0.07543509887385438,0.0,0.08999999999997499,0.18999999999999773,1.0,16097.0,16097.0,2022-02-02,2022-02-02 04:45:00,4.983066817423132,325.0,1.0,best_within_2.0d,16421.0,352.9499,0.5832424107187206,4.3760036431226785,32.22527881040892,0.012230020343504162,2.285057100371749,15.890706319702602,0.006381710269403211,0.4929364202292669,5.6011759621451125,36.843533123028394,0.015614239272951093,2.82998018927445,22.52492113564669,0.007835530045022196,1.8630914826498424,0.00402220134195386,1.9444468750000041,16.553125,0.005470102952261012,0.0,1
16097.0,2022-02-02 04:50:00,371.46,371.6,371.46,371.6,9922.0,1p,1p,0.0,sell,False,0.42764629094778445,6.080000000000041,39.0,0.016633836725760673,0.2610551127817773,0.5780127520816044,0.708540308472493,0.0019153033271778058,83.31022399278365,96.55845492314931,92.30499744931839,105.06536987081114,9922.0,6.080000000000041,0.0,6.080000000000041,39.0,0.016633836725760673,6.080000000000041,0.0,0.0,1.0,1.0,0.2610551127817773,0.708540308472493,0.5780127520816044,83.31022399278365,96.55845492314931,92.30499744931839,105.06536987081114,63.71681415929139,2.6548672566359883,76.24044222169911,0.03768911861305207,0.03768911861305207,0.0,0.0,0.1400000000000432,1.0,16098.0,16098.0,2022-02-02,2022-02-02 04:50:00,5.018864370290637,324.0,1.0,best_within_2.0d,16421.0,352.9499,0.5832424107187206,4.3760036431226785,32.22527881040892,0.012230020343504162,2.285057100371749,15.890706319702602,0.006381710269403211,0.4929364202292669,5.6011759621451125,36.843533123028394,0.015614239272951093,2.82998018927445,22.52492113564669,0.007835530045022196,1.8630914826498424,0.00402220134195386,1.9444468750000041,16.553125,0.005470102952261012,0.0,1
16098.0,2022-02-02 04:55:00,371.74,371.88,371.65,371.83,13311.0,1p,1p,0.0,sell,False,0.42764629094778445,6.360000000000014,40.0,0.017399868680236415,0.27613170772033424,0.6125292155466462,0.7505950694068133,0.002028215351508919,84.68579819781004,96.57184976736002,93.72728155533227,102.2609861914155,13311.0,6.360000000000014,0.0,6.360000000000014,40.0,0.017399868680236415,6.360000000000014,0.0,0.0,1.0,1.0,0.27613170772033424,0.7505950694068133,0.6125292155466462,84.68579819781004,96.57184976736002,93.72728155533227,102.2609861914155,66.45435244161257,2.5477707006358434,77.41008096410543,0.024210469683105123,0.061886183236921355,0.05000000000001137,0.09000000000003183,0.08999999999997499,1.0,16099.0,16099.0,2022-02-02,2022-02-02 04:55:00,5.077616114891206,323.0,1.0,best_within_2.0d,16421.0,352.9499,0.5832424107187206,4.3760036431226785,32.22527881040892,0.012230020343504162,2.285057100371749,15.890706319702602,0.006381710269403211,0.4929364202292669,5.6011759621451125,36.843533123028394,0.015614239272951093,2.82998018927445,22.52492113564669,0.007835530045022196,1.8630914826498424,0.00402220134195386,1.9444468750000041,16.553125,0.005470102952261012,1.0,1
16118.0,2022-02-02 06:35:00,370.86,371.1,370.86,370.95,10031.0,2,2,0.0,sell,False,0.5214723926380522,4.163492493946733,28.239017640954685,0.011578080659927173,-0.15192317057037125,0.17816922761157675,0.10220764232639112,0.00027572295063396093,56.79357406863334,62.37305595172082,43.653333786863904,99.81250028143465,10031.0,0.8500000000000227,1.0,1.6299999999999955,16.0,0.004383134344412164,0.8500000000000227,6.0,0.0022957461174882452,2.0,2.0,-0.15192317057037125,0.10220764232639112,0.17816922761157675,56.79357406863334,62.37305595172082,43.653333786863904,99.81250028143465,28.101265822784832,28.607594936708413,41.678007353977435,0.024267917812644927,0.06471444750040692,0.1500000000000341,0.0,0.08999999999997499,1.0,16119.0,16119.0,2022-02-02,2022-02-02 06:35:00,4.852432942445066,303.0,1.0,best_within_2.0d,16421.0,352.9499,0.5214723926380522,1.6299999999999955,16.0,0.004383134344412164,0.8500000000000227,6.0,0.0022957461174882452,0.4929364202292669,5.6011759621451125,36.843533123028394,0.015614239272951093,2.82998018927445,22.52492113564669,0.007835530045022196,1.8630914826498424,0.00402220134195386,1.9444468750000041,16.553125,0.005470102952261012,0.0,1
16121.0,2022-02-02 06:50:00,370.91,371.28,370.91,371.28,7260.0,2,2,0.0,sell,False,0.6319018404907826,4.163492493946733,28.239017640954685,0.011578080659927173,-0.03540752753031168,0.14310484775632018,0.12540108399116434,0.00033823411773464276,61.93235572429808,77.78373771118521,62.74420262406856,107.8628078854185,7260.0,1.0299999999999727,1.0,1.6299999999999955,16.0,0.004383134344412164,1.0299999999999727,9.0,0.002781904118838549,2.0,2.0,-0.03540752753031168,0.12540108399116434,0.14310484775632018,61.93235572429808,77.78373771118521,62.74420262406856,107.8628078854185,30.57644110275707,24.56140350877198,35.59867875672742,0.09975465746406074,0.09975465746406074,0.0,0.0,0.3699999999999477,1.0,16122.0,16122.0,2022-02-02,2022-02-02 06:50:00,4.937001723766419,300.0,1.0,best_within_2.0d,16421.0,352.9499,0.6319018404907826,1.6299999999999955,16.0,0.004383134344412164,1.0299999999999727,9.0,0.002781904118838549,0.4929364202292669,5.6011759621451125,36.843533123028394,0.015614239272951093,2.82998018927445,22.52492113564669,0.007835530045022196,1.8630914826498424,0.00402220134195386,1.9444468750000041,16.553125,0.005470102952261012,0.0,1
16125.0,2022-02-02 07:10:00,371.2,371.77,371.15,371.57,21303.0,2,2,0.0,sell,False,0.9325153374233043,4.163492493946733,28.239017640954685,0.011578080659927173,0.05656188929262801,0.14539220063120487,0.17367314527751887,0.0004682830314809327,64.77546612988245,77.20250255940579,73.90913678421632,83.78923410978473,21303.0,1.5199999999999818,1.0,1.6299999999999955,16.0,0.004383134344412164,1.5199999999999818,13.0,0.0041053342336258795,2.0,2.0,0.05656188929262801,0.17367314527751887,0.14539220063120487,64.77546612988245,77.20250255940579,73.90913678421632,83.78923410978473,38.04100227790253,16.400911161731454,33.836116459910485,0.09967672413793226,0.16704836319547475,0.19999999999998863,0.05000000000001137,0.37000000000000455,1.0,16126.0,16126.0,2022-02-02,2022-02-02 07:10:00,5.011195737007826,296.0,1.0,best_within_2.0d,16421.0,352.9499,0.9325153374233043,1.6299999999999955,16.0,0.004383134344412164,1.5199999999999818,13.0,0.0041053342336258795,0.4929364202292669,5.6011759621451125,36.843533123028394,0.015614239272951093,2.82998018927445,22.52492113564669,0.007835530045022196,1.8630914826498424,0.00402220134195386,1.9444468750000041,16.553125,0.005470102952261012,0.0,1
16126.0,2022-02-02 07:15:00,371.56,372.0,371.56,371.95,23009.0,1p,1p,0.0,sell,False,0.4735853629033317,1.75,14.0,0.004726536124240378,0.14006805195538496,0.16290070712562799,0.23293473310332047,0.0006279376463175729,69.56358436190096,83.46833503960355,77.09553620267872,96.2139327134532,23009.0,1.75,0.0,1.75,14.0,0.004726536124240378,1.75,0.0,0.0,1.0,1.0,0.14006805195538496,0.23293473310332047,0.16290070712562799,69.56358436190096,83.46833503960355,77.09553620267872,96.2139327134532,42.889390519185675,11.738148984199197,35.49245052623308,0.10496285929593777,0.11841963612875384,0.05000000000001137,0.0,0.38999999999998636,1.0,16127.0,16127.0,2022-02-02,2022-02-02 07:15:00,5.108240354886403,295.0,1.0,best_within_2.0d,16421.0,352.9499,0.5832424107187206,4.3760036431226785,32.22527881040892,0.012230020343504162,2.285057100371749,15.890706319702602,0.006381710269403211,0.4929364202292669,5.6011759621451125,36.843533123028394,0.015614239272951093,2.82998018927445,22.52492113564669,0.007835530045022196,1.8630914826498424,0.00402220134195386,1.9444468750000041,16.553125,0.005470102952261012,0.0,1
16128.0,2022-02-02 07:25:00,371.89,372.05,371.84,371.93,39772.0,1p,1p,0.0,sell,False,0.6375833588009415,1.8000000000000114,16.0,0.00486158001350442,0.18857225332922312,0.20827687744581347,0.302563004110425,0.0008153385738257924,68.50289992915395,87.54743149616648,82.56839474281685,97.50550500286573,39772.0,1.8000000000000114,0.0,1.8000000000000114,16.0,0.00486158001350442,1.8000000000000114,0.0,0.0,1.0,1.0,0.18857225332922312,0.302563004110425,0.20827687744581347,68.50289992915395,87.54743149616648,82.56839474281685,97.50550500286573,45.183486238530115,8.256880733945025,40.05840214870859,0.010755868670849033,0.05647590361446762,0.12000000000000455,0.05000000000001137,0.040000000000020464,1.0,16129.0,16129.0,2022-02-02,2022-02-02 07:25:00,5.103137687199203,293.0,1.0,best_within_2.0d,16421.0,352.9499,0.5832424107187206,4.3760036431226785,32.22527881040892,0.012230020343504162,2.285057100371749,15.890706319702602,0.006381710269403211,0.4929364202292669,5.6011759621451125,36.843533123028394,0.015614239272951093,2.82998018927445,22.52492113564669,0.007835530045022196,1.8630914826498424,0.00402220134195386,1.9444468750000041,16.553125,0.005470102952261012,1.0,1
16184.0,2022-02-02 12:05:00,365.8108,367.28,365.81,367.23,656333.0,2,2,0.0,sell,False,0.3857050869285194,4.163492493946733,28.239017640954685,0.011578080659927173,0.5125996515663083,-0.8572875704412386,-0.6009877446580845,-0.0016391705504171228,53.56371279905187,75.00289855440013,56.726302795497105,111.55609007220619,656333.0,2.9949999999999477,1.0,7.764999999999986,51.0,0.02087085069211124,2.9949999999999477,7.0,0.008221584748205245,2.0,2.0,0.5125996515663083,-0.6009877446580845,-0.8572875704412386,53.56371279905187,75.00289855440013,56.726302795497105,111.55609007220619,19.54037912230577,23.922357829134853,45.327506683457386,0.38796011490093957,0.4018479538558187,0.049999999999954525,0.0007999999999697138,1.4192000000000462,1.0,16185.0,16185.0,2022-02-02,2022-02-02 12:05:00,4.528497127141027,347.0,1.0,best_within_2.0d,16531.0,350.6,0.3857050869285194,7.764999999999986,51.0,0.02087085069211124,2.9949999999999477,7.0,0.008221584748205245,0.4929364202292669,5.6011759621451125,36.843533123028394,0.015614239272951093,2.82998018927445,22.52492113564669,0.007835530045022196,1.8630914826498424,0.00402220134195386,1.9444468750000041,16.553125,0.005470102952261012,0.0,1
16185.0,2022-02-02 12:10:00,367.23,367.41,366.86,367.28,418966.0,2,2,0.0,sell,False,0.4024468770122351,4.163492493946733,28.239017640954685,0.011578080659927173,0.6395262621249145,-0.7773467876756243,-0.457583656613167,-0.0012478805066559497,53.86929802679895,81.94859903626619,65.13373487575346,115.57832735729164,418966.0,3.125,1.0,7.764999999999986,51.0,0.02087085069211124,3.125,8.0,0.008578448193035671,2.0,2.0,0.6395262621249145,-0.457583656613167,-0.7773467876756243,53.86929802679895,81.94859903626619,65.13373487575346,115.57832735729164,21.982637916550214,20.057406888826257,42.41693599671833,0.013615445361205382,0.14992095077141454,0.1300000000000523,0.37000000000000455,0.049999999999954525,1.0,16186.0,16186.0,2022-02-02,2022-02-02 12:10:00,4.541494227837059,346.0,1.0,best_within_2.0d,16531.0,350.6,0.4024468770122351,7.764999999999986,51.0,0.02087085069211124,3.125,8.0,0.008578448193035671,0.4929364202292669,5.6011759621451125,36.843533123028394,0.015614239272951093,2.82998018927445,22.52492113564669,0.007835530045022196,1.8630914826498424,0.00402220134195386,1.9444468750000041,16.553125,0.005470102952261012,0.0,1
16186.0,2022-02-02 12:15:00,367.295,367.48,366.33,366.59,549422.0,2,2,0.0,sell,False,0.4114616870573083,4.163492493946733,28.239017640954685,0.011578080659927173,0.611661847711523,-0.7008890567116839,-0.3950581328559224,-0.001077388065266468,49.07023176218246,78.68039101113578,69.6492869208809,96.74259919164555,549422.0,3.194999999999993,1.0,7.764999999999986,51.0,0.02087085069211124,3.194999999999993,9.0,0.008770605432559652,2.0,2.0,0.611661847711523,-0.3950581328559224,-0.7008890567116839,49.07023176218246,78.68039101113578,69.6492869208809,96.74259919164555,22.04436955911278,21.44762707104738,39.485160157912084,-0.19194380538805073,0.31392460349958623,0.18500000000000227,0.2599999999999909,0.7050000000000409,0.0,16187.0,16187.0,2022-02-02,2022-02-02 12:15:00,4.361821108049853,345.0,1.0,best_within_2.0d,16531.0,350.6,0.4114616870573083,7.764999999999986,51.0,0.02087085069211124,3.194999999999993,9.0,0.008770605432559652,0.4929364202292669,5.6011759621451125,36.843533123028394,0.015614239272951093,2.82998018927445,22.52492113564669,0.007835530045022196,1.8630914826498424,0.00402220134195386,1.9444468750000041,16.553125,0.005470102952261012,1.0,1
16192.0,2022-02-02 12:45:00,367.4,368.35,367.4,367.985,704391.0,2,2,0.0,sell,False,0.5235028976175151,4.163492493946733,28.239017640954685,0.011578080659927173,0.614354135816615,-0.2964738776457326,0.010703190262574935,2.9177452409223482e-05,59.19043332621618,81.9565029659681,76.98272299489716,91.90406290810998,704391.0,4.064999999999998,1.0,7.764999999999986,51.0,0.02087085069211124,4.064999999999998,15.0,0.011158845409500797,2.0,2.0,0.614354135816615,0.010703190262574935,-0.2964738776457326,59.19043332621618,81.9565029659681,76.98272299489716,91.90406290810998,33.13017918527977,8.37305079960834,34.670199884404596,0.15922700054437572,0.25857376156778594,0.3650000000000091,0.0,0.5850000000000364,1.0,16193.0,16193.0,2022-02-02,2022-02-02 12:45:00,4.724377352337728,339.0,1.0,best_within_2.0d,16531.0,350.6,0.5235028976175151,7.764999999999986,51.0,0.02087085069211124,4.064999999999998,15.0,0.011158845409500797,0.4929364202292669,5.6011759621451125,36.843533123028394,0.015614239272951093,2.82998018927445,22.52492113564669,0.007835530045022196,1.8630914826498424,0.00402220134195386,1.9444468750000041,16.553125,0.005470102952261012,0.0,1
16194.0,2022-02-02 12:55:00,368.16,368.65,367.86,368.629,396078.0,2,2,0.0,sell,False,0.5621377978106838,4.163492493946733,28.239017640954685,0.011578080659927173,0.7162659506512066,-0.12444080014695705,0.23369217517864627,0.0006366662102945709,63.24311144794629,90.01360756355162,83.20127805675531,103.63826657714424,396078.0,4.364999999999952,1.0,7.764999999999986,51.0,0.02087085069211124,4.364999999999952,17.0,0.011982376436032095,2.0,2.0,0.7162659506512066,0.23369217517864627,-0.12444080014695705,63.24311144794629,90.01360756355162,83.20127805675531,103.63826657714424,33.72293679173127,8.969774599278068,37.992069245555115,0.1273902651021279,0.21475561354862274,0.020999999999958163,0.30000000000001137,0.4689999999999941,1.0,16195.0,16195.0,2022-02-02,2022-02-02 12:55:00,4.89082519280903,337.0,1.0,best_within_2.0d,16531.0,350.6,0.5621377978106838,7.764999999999986,51.0,0.02087085069211124,4.364999999999952,17.0,0.011982376436032095,0.4929364202292669,5.6011759621451125,36.843533123028394,0.015614239272951093,2.82998018927445,22.52492113564669,0.007835530045022196,1.8630914826498424,0.00402220134195386,1.9444468750000041,16.553125,0.005470102952261012,0.0,1
16195.0,2022-02-02 13:00:00,368.64,368.67,367.72,367.72,407316.0,2,2,0.0,sell,False,0.5647134578235671,4.163492493946733,28.239017640954685,0.011578080659927173,0.6002338410148931,-0.04941157002009542,0.2507053504873511,0.0006829250527267592,54.79640429480402,81.38550024450268,82.59601878600444,78.96446316149917,407316.0,4.384999999999991,1.0,7.764999999999986,51.0,0.02087085069211124,4.384999999999991,18.0,0.01203727850446763,2.0,2.0,0.6002338410148931,0.2507053504873511,-0.04941157002009542,54.79640429480402,81.38550024450268,82.59601878600444,78.96446316149917,31.83498314130683,10.353221182452778,38.91541301056706,-0.24956597222221114,0.25834874360926485,0.03000000000002956,0.0,0.9199999999999591,0.0,16196.0,16196.0,2022-02-02,2022-02-02 13:00:00,4.655716305884913,336.0,1.0,best_within_2.0d,16531.0,350.6,0.5647134578235671,7.764999999999986,51.0,0.02087085069211124,4.384999999999991,18.0,0.01203727850446763,0.4929364202292669,5.6011759621451125,36.843533123028394,0.015614239272951093,2.82998018927445,22.52492113564669,0.007835530045022196,1.8630914826498424,0.00402220134195386,1.9444468750000041,16.553125,0.005470102952261012,1.0,1
16216.0,2022-02-02 14:45:00,368.23,368.71,367.86,368.5,427798.0,2s,2s,0.0,sell,False,0.569864777849319,4.163492493946733,28.239017640954685,0.011578080659927173,0.22142196863639244,0.09308340952394871,0.20379439384214493,0.0005546602004747742,60.0781295216806,79.0299219428262,65.34132378771368,106.40711825305127,427798.0,2.6899999999999977,1.0,7.764999999999986,51.0,0.02087085069211124,2.6899999999999977,5.0,0.007349325173487782,1.0,2.5,0.22142196863639244,0.20379439384214493,0.09308340952394871,60.0781295216806,79.0299219428262,65.34132378771368,106.40711825305127,21.93346557494474,16.515637424959202,20.650717754674467,0.0733237378812106,0.23106616647636757,0.20999999999997954,0.37000000000000455,0.2699999999999818,1.0,16217.0,16217.0,2022-02-02,2022-02-02 14:45:00,4.857530529172314,315.0,1.0,best_within_2.0d,16531.0,350.6,0.5832424107187206,4.3760036431226785,32.22527881040892,0.012230020343504162,2.285057100371749,15.890706319702602,0.006381710269403211,0.569864777849319,7.764999999999986,51.0,0.02087085069211124,2.6899999999999977,5.0,0.007349325173487782,1.0,0.00402220134195386,1.9444468750000041,16.553125,0.005470102952261012,0.0,1
16217.0,2022-02-02 14:50:00,368.51,368.8057,368.3,368.55,363039.0,2s,2s,0.0,sell,False,0.5821893110109446,4.163492493946733,28.239017640954685,0.011578080659927173,0.2709377042005262,0.1269506225490145,0.2624194746492776,0.0007140556940029244,60.44588784219219,82.96027415159122,71.21430724233952,106.45220797009463,363039.0,2.78570000000002,1.0,7.764999999999986,51.0,0.02087085069211124,2.78570000000002,6.0,0.007610786295830884,1.0,2.5,0.2709377042005262,0.2624194746492776,0.1269506225490145,60.44588784219219,82.96027415159122,71.21430724233952,106.45220797009463,20.53034735890209,16.75621043672581,19.898664866233272,0.01085452226534435,0.13730654357860175,0.25569999999999027,0.20999999999997954,0.040000000000020464,1.0,16218.0,16218.0,2022-02-02,2022-02-02 14:50:00,4.870438203771534,314.0,1.0,best_within_2.0d,16531.0,350.6,0.5832424107187206,4.3760036431226785,32.22527881040892,0.012230020343504162,2.285057100371749,15.890706319702602,0.006381710269403211,0.5821893110109446,7.764999999999986,51.0,0.02087085069211124,2.78570000000002,6.0,0.007610786295830884,1.0,0.00402220134195386,1.9444468750000041,16.553125,0.005470102952261012,1.0,1
16222.0,2022-02-02 15:15:00,368.26,369.1099,368.0301,369.035,590213.0,2s,2s,0.0,sell,False,0.6213650998068211,4.163492493946733,28.239017640954685,0.011578080659927173,0.21629363282730718,0.2529755308508302,0.3611223472644838,0.0009818403785971555,62.08405477765511,83.55397731364708,79.89892568480761,90.86408057132604,590213.0,3.0899,1.0,7.764999999999986,51.0,0.02087085069211124,3.0899,11.0,0.008441888421397738,1.0,2.5,0.21629363282730718,0.3611223472644838,0.2529755308508302,62.08405477765511,83.55397731364708,79.89892568480761,90.86408057132604,19.24022866258936,18.861340069130822,16.04286570428526,0.21044913919514313,0.2933999148439156,0.07489999999995689,0.22989999999998645,0.7750000000000341,1.0,16223.0,16223.0,2022-02-02,2022-02-02 15:15:00,4.995461135122685,309.0,1.0,best_within_2.0d,16531.0,350.6,0.5832424107187206,4.3760036431226785,32.22527881040892,0.012230020343504162,2.285057100371749,15.890706319702602,0.006381710269403211,0.6213650998068211,7.764999999999986,51.0,0.02087085069211124,3.0899,11.0,0.008441888421397738,1.0,0.00402220134195386,1.9444468750000041,16.553125,0.005470102952261012,0.0,1
16223.0,2022-02-02 15:20:00,369.03,369.41,368.57,368.6994,685885.0,2s,2s,0.0,sell,False,0.6600128783000655,4.163492493946733,28.239017640954685,0.011578080659927173,0.1987491889027566,0.27781917946367474,0.37719377391505304,0.001025350883232936,58.297699566254536,76.88897632875646,78.89560923279055,72.87571052068827,685885.0,3.390000000000043,1.0,7.764999999999986,51.0,0.02087085069211124,3.390000000000043,12.0,0.009261788973280267,1.0,2.5,0.1987491889027566,0.37719377391505304,0.27781917946367474,58.297699566254536,76.88897632875646,78.89560923279055,72.87571052068827,21.879182280513866,15.97631156316931,16.01074443310248,-0.08958621250303422,0.22790786010799358,0.3800000000000523,0.12940000000003238,0.33059999999994716,0.0,16224.0,16224.0,2022-02-02,2022-02-02 15:20:00,4.908985477058005,308.0,1.0,best_within_2.0d,16531.0,350.6,0.5832424107187206,4.3760036431226785,32.22527881040892,0.012230020343504162,2.285057100371749,15.890706319702602,0.006381710269403211,0.6600128783000655,7.764999999999986,51.0,0.02087085069211124,3.390000000000043,12.0,0.009261788973280267,1.0,0.00402220134195386,1.9444468750000041,16.553125,0.005470102952261012,1.0,1
16232.0,2022-02-02 16:05:00,368.0,368.49,362.97,363.0,1676622.0,1,1,1.0,buy,False,1.3170706001402563,6.439999999999998,10.0,0.017433204298746643,-0.8045630397064762,0.2095681940094547,-0.19271332584378342,-0.0005240036147989893,22.913110699849852,26.387830495492523,43.11996981985228,-7.076448153226991,1676622.0,6.439999999999998,1.0,6.439999999999998,10.0,0.017433204298746643,6.439999999999998,10.0,0.017433204298746643,1.0,1.0,-0.8045630397064762,-0.19271332584378342,0.2095681940094547,22.913110699849852,26.387830495492523,43.11996981985228,-7.076448153226991,9.611025478284407,44.587904615105735,18.611120855823298,-1.358695652173913,1.5207868418877541,0.4900000000000091,0.029999999999972715,5.0,0.0,16233.0,16233.0,2022-02-02,2022-02-02 16:05:00,1.5700826446281062,350.0,1.0,best_within_2.0d,16582.0,368.6994,0.5832424107187206,4.3760036431226785,32.22527881040892,0.012230020343504162,2.285057100371749,15.890706319702602,0.006381710269403211,0.4929364202292669,5.6011759621451125,36.843533123028394,0.015614239272951093,2.82998018927445,22.52492113564669,0.007835530045022196,1.8630914826498424,0.00402220134195386,1.9444468750000041,16.553125,0.005470102952261012,0.0,0
16233.0,2022-02-02 16:10:00,363.0,363.1,361.6,362.25,709861.0,1,1,1.0,buy,False,2.1295520146532554,7.810000000000002,11.0,0.02114182074118189,-1.3008861043136306,0.04695743097025087,-0.6034856211865645,-0.0016427545100767334,21.114293037132896,20.442764189977385,35.56090127656065,-9.79350998318914,709861.0,7.810000000000002,1.0,7.810000000000002,11.0,0.02114182074118189,7.810000000000002,11.0,0.02114182074118189,1.0,1.0,-1.3008861043136306,-0.6034856211865645,0.04695743097025087,21.114293037132896,20.442764189977385,35.56090127656065,-9.79350998318914,9.513267717713134,49.10042779788808,22.105976222867866,-0.2066115702479339,0.4148230088495575,0.10000000000002274,0.6499999999999773,0.75,0.0,16234.0,16234.0,2022-02-02,2022-02-02 16:10:00,1.7803726708074605,349.0,1.0,best_within_2.0d,16582.0,368.6994,0.5832424107187206,4.3760036431226785,32.22527881040892,0.012230020343504162,2.285057100371749,15.890706319702602,0.006381710269403211,0.4929364202292669,5.6011759621451125,36.843533123028394,0.015614239272951093,2.82998018927445,22.52492113564669,0.007835530045022196,1.8630914826498424,0.00402220134195386,1.9444468750000041,16.553125,0.005470102952261012,0.0,0
16235.0,2022-02-02 16:20:00,362.11,362.15,361.52,361.85,363867.0,1,1,1.0,buy,False,2.739667313179368,7.890000000000043,13.0,0.02135838228526581,-1.6735891462776071,-0.35723491604184665,-1.1940294891806502,-0.0032570817721437016,20.156484918194565,12.067672242329232,23.372529284468605,-10.542041841949512,363867.0,7.890000000000043,1.0,7.890000000000043,13.0,0.02135838228526581,7.890000000000043,13.0,0.02135838228526581,1.0,1.0,-1.6735891462776071,-1.1940294891806502,-0.35723491604184665,20.156484918194565,12.067672242329232,23.372529284468605,-10.542041841949512,9.307226270963117,50.20282728949036,28.449005632664857,-0.0718013863190718,0.17426421774728798,0.03999999999996362,0.3300000000000409,0.2599999999999909,0.0,16236.0,16236.0,2022-02-02,2022-02-02 16:20:00,1.8928837916263652,347.0,1.0,best_within_2.0d,16582.0,368.6994,0.5832424107187206,4.3760036431226785,32.22527881040892,0.012230020343504162,2.285057100371749,15.890706319702602,0.006381710269403211,0.4929364202292669,5.6011759621451125,36.843533123028394,0.015614239272951093,2.82998018927445,22.52492113564669,0.007835530045022196,1.8630914826498424,0.00402220134195386,1.9444468750000041,16.553125,0.005470102952261012,1.0,0
16257.0,2022-02-02 18:10:00,361.69,361.81,361.51,361.55,25167.0,1,1,1.0,buy,False,2.7396673131800595,7.900000000000034,35.0,0.02138545247827626,0.3403576066465943,-1.0096069580393148,-0.8394281547160176,-0.002313840766748663,32.12823217192431,1.8557405410428724,3.0089731904123656,-0.450724757696114,25167.0,7.900000000000034,1.0,7.900000000000034,35.0,0.02138545247827626,7.900000000000034,35.0,0.02138545247827626,1.0,1.0,0.3403576066465943,-0.8394281547160176,-1.0096069580393148,32.12823217192431,1.8557405410428724,3.0089731904123656,-0.450724757696114,66.66729089223738,7.022537664210393,55.81876173715493,-0.03870718018191997,0.08298525628613632,0.12000000000000455,0.040000000000020464,0.13999999999998636,0.0,16258.0,16258.0,2022-02-02,2022-02-02 18:10:00,1.9774305075369973,325.0,1.0,best_within_2.0d,16582.0,368.6994,0.5832424107187206,4.3760036431226785,32.22527881040892,0.012230020343504162,2.285057100371749,15.890706319702602,0.006381710269403211,0.4929364202292669,5.6011759621451125,36.843533123028394,0.015614239272951093,2.82998018927445,22.52492113564669,0.007835530045022196,1.8630914826498424,0.00402220134195386,1.9444468750000041,16.553125,0.005470102952261012,0.0,0
16258.0,2022-02-02 18:15:00,361.47,361.85,361.47,361.56,7994.0,1,1,1.0,buy,False,2.739667313180058,7.939999999999998,36.0,0.021493733250318066,0.3224822779663121,-0.9692966732935258,-0.8080555343103697,-0.002227921277649779,32.31424837193616,4.462966812307428,3.4936377310440525,6.40162497483418,7994.0,7.939999999999998,1.0,7.939999999999998,36.0,0.021493733250318066,7.939999999999998,36.0,0.021493733250318066,1.0,1.0,0.3224822779663121,-0.8080555343103697,-0.9692966732935258,32.31424837193616,4.462966812307428,3.4936377310440525,6.40162497483418,65.56776556776637,6.777472527472442,57.6362450637702,0.024898331811761692,0.10512628987191065,0.29000000000002046,0.0,0.08999999999997499,1.0,16259.0,16259.0,2022-02-02,2022-02-02 18:15:00,1.974610023232665,324.0,1.0,best_within_2.0d,16582.0,368.6994,0.5832424107187206,4.3760036431226785,32.22527881040892,0.012230020343504162,2.285057100371749,15.890706319702602,0.006381710269403211,0.4929364202292669,5.6011759621451125,36.843533123028394,0.015614239272951093,2.82998018927445,22.52492113564669,0.007835530045022196,1.8630914826498424,0.00402220134195386,1.9444468750000041,16.553125,0.005470102952261012,0.0,0
16260.0,2022-02-02 18:25:00,361.73,361.73,361.39,361.46,15752.0,1,1,1.0,buy,False,2.7396673131800595,8.020000000000039,38.0,0.021710294794401987,0.3013794768555793,-0.8908633654490392,-0.7401736270212496,-0.0020416720076663094,32.351152904403236,9.072744349480065,6.831147105750031,13.555938836940133,15752.0,8.020000000000039,1.0,8.020000000000039,38.0,0.021710294794401987,8.020000000000039,38.0,0.021710294794401987,1.0,1.0,0.3013794768555793,-0.7401736270212496,-0.8908633654490392,32.351152904403236,9.072744349480065,6.831147105750031,13.555938836940133,65.20947176684928,4.826958105646916,61.477612441521266,-0.07464130705223196,0.09408118652979656,0.0,0.06999999999999318,0.27000000000003865,0.0,16261.0,16261.0,2022-02-02,2022-02-02 18:25:00,2.0028218890057117,322.0,1.0,best_within_2.0d,16582.0,368.6994,0.5832424107187206,4.3760036431226785,32.22527881040892,0.012230020343504162,2.285057100371749,15.890706319702602,0.006381710269403211,0.4929364202292669,5.6011759621451125,36.843533123028394,0.015614239272951093,2.82998018927445,22.52492113564669,0.007835530045022196,1.8630914826498424,0.00402220134195386,1.9444468750000041,16.553125,0.005470102952261012,0.0,0
16261.0,2022-02-02 18:30:00,361.41,361.41,361.03,361.26,39484.0,1,1,1.0,buy,False,2.7396673131801195,8.380000000000052,39.0,0.022684821742779165,0.2608110756444202,-0.8582619809934867,-0.7278564431712766,-0.002008219044961057,30.454393170132008,11.644603288948204,8.43563250014942,18.06254486654577,39484.0,8.380000000000052,1.0,8.380000000000052,39.0,0.022684821742779165,8.380000000000052,39.0,0.022684821742779165,1.0,1.0,0.2608110756444202,-0.7278564431712766,-0.8582619809934867,30.454393170132008,11.644603288948204,8.43563250014942,18.06254486654577,63.531499556344606,7.542147293700302,62.71324936272165,-0.04150410890679121,0.10525441099079089,0.0,0.2300000000000182,0.1500000000000341,0.0,16262.0,16262.0,2022-02-02,2022-02-02 18:30:00,2.059292476332845,321.0,1.0,best_within_2.0d,16582.0,368.6994,0.5832424107187206,4.3760036431226785,32.22527881040892,0.012230020343504162,2.285057100371749,15.890706319702602,0.006381710269403211,0.4929364202292669,5.6011759621451125,36.843533123028394,0.015614239272951093,2.82998018927445,22.52492113564669,0.007835530045022196,1.8630914826498424,0.00402220134195386,1.9444468750000041,16.553125,0.005470102952261012,0.0,0
16262.0,2022-02-02 18:35:00,361.24,361.32,360.5,360.62,25332.0,1,1,1.0,buy,False,2.7396673131801195,8.910000000000025,40.0,0.02411954197233433,0.1556740517699331,-0.8388027245222449,-0.7609656986372784,-0.002100351083224924,25.33539572242549,9.868332017193644,8.913199005830828,11.778598039919277,25332.0,8.910000000000025,1.0,8.910000000000025,40.0,0.02411954197233433,8.910000000000025,40.0,0.02411954197233433,1.0,1.0,0.1556740517699331,-0.7609656986372784,-0.8388027245222449,25.33539572242549,9.868332017193644,8.913199005830828,11.778598039919277,59.7662771285477,11.51919866444068,63.06812432460153,-0.17163104861034342,0.2274618585298178,0.07999999999998408,0.12000000000000455,0.6200000000000045,0.0,16263.0,16263.0,2022-02-02,2022-02-02 18:35:00,2.240419277910272,320.0,1.0,best_within_2.0d,16582.0,368.6994,0.5832424107187206,4.3760036431226785,32.22527881040892,0.012230020343504162,2.285057100371749,15.890706319702602,0.006381710269403211,0.4929364202292669,5.6011759621451125,36.843533123028394,0.015614239272951093,2.82998018927445,22.52492113564669,0.007835530045022196,1.8630914826498424,0.00402220134195386,1.9444468750000041,16.553125,0.005470102952261012,0.0,0
16263.0,2022-02-02 18:40:00,360.65,360.65,360.2,360.27,30979.0,1,1,1.0,buy,False,2.7396673131801275,9.210000000000036,41.0,0.024931647762648643,0.052237554994949864,-0.8322730301478762,-0.8061542526504013,-0.0022260023049184576,23.053266714014725,7.639494072068392,8.488630694576683,5.941220827051811,30979.0,9.210000000000036,1.0,9.210000000000036,41.0,0.024931647762648643,9.210000000000036,41.0,0.024931647762648643,1.0,1.0,0.052237554994949864,-0.8061542526504013,-0.8322730301478762,23.053266714014725,7.639494072068392,8.488630694576683,5.941220827051811,10.106382978723309,29.787234042553383,62.087067825225255,-0.1053653126299724,0.12493059411437775,0.0,0.06999999999999318,0.37999999999999545,0.0,16264.0,16264.0,2022-02-02,2022-02-02 18:40:00,2.339745191106682,319.0,1.0,best_within_2.0d,16582.0,368.6994,0.5832424107187206,4.3760036431226785,32.22527881040892,0.012230020343504162,2.285057100371749,15.890706319702602,0.006381710269403211,0.4929364202292669,5.6011759621451125,36.843533123028394,0.015614239272951093,2.82998018927445,22.52492113564669,0.007835530045022196,1.8630914826498424,0.00402220134195386,1.9444468750000041,16.553125,0.005470102952261012,0.0,0
16264.0,2022-02-02 18:45:00,360.39,360.39,359.97,360.07,28885.0,1,1,1.0,buy,False,2.7396673131793694,9.439999999999998,42.0,0.025554262201889492,-0.025684533066279602,-0.8354835967811611,-0.8483258633143009,-0.0023434477413914316,21.842497344270186,6.542271410363969,7.839844266505778,3.9471256980803506,28885.0,9.439999999999998,1.0,9.439999999999998,42.0,0.025554262201889492,9.439999999999998,42.0,0.025554262201889492,1.0,1.0,-0.025684533066279602,-0.8483258633143009,-0.8354835967811611,21.842497344270186,6.542271410363969,7.839844266505778,3.9471256980803506,9.895833333333329,33.15972222222205,61.51172427088888,-0.08879269680068626,0.11667638969913022,0.0,0.0999999999999659,0.3199999999999932,0.0,16265.0,16265.0,2022-02-02,2022-02-02 18:45:00,2.3965895520315583,318.0,1.0,best_within_2.0d,16582.0,368.6994,0.5832424107187206,4.3760036431226785,32.22527881040892,0.012230020343504162,2.285057100371749,15.890706319702602,0.006381710269403211,0.4929364202292669,5.6011759621451125,36.843533123028394,0.015614239272951093,2.82998018927445,22.52492113564669,0.007835530045022196,1.8630914826498424,0.00402220134195386,1.9444468750000041,16.553125,0.005470102952261012,0.0,0
16265.0,2022-02-02 18:50:00,360.04,360.23,359.95,360.16,13708.0,1,1,1.0,buy,False,2.7396673131793694,9.460000000000036,43.0,0.02560840258791055,-0.04645709416490473,-0.8412907335517742,-0.8645192806342266,-0.002389080105269815,23.78240644462629,8.04572479989234,7.908471110967964,8.320232177741094,13708.0,9.460000000000036,1.0,9.460000000000036,43.0,0.02560840258791055,9.460000000000036,43.0,0.02560840258791055,1.0,1.0,-0.04645709416490473,-0.8645192806342266,-0.8412907335517742,23.78240644462629,8.04572479989234,7.908471110967964,8.320232177741094,9.9999999999999,32.982456140351864,60.9372716626185,0.033329630041107804,0.07778858174747315,0.06999999999999318,0.09000000000003183,0.12000000000000455,1.0,16266.0,16266.0,2022-02-02,2022-02-02 18:50:00,2.371001776988005,317.0,1.0,best_within_2.0d,16582.0,368.6994,0.5832424107187206,4.3760036431226785,32.22527881040892,0.012230020343504162,2.285057100371749,15.890706319702602,0.006381710269403211,0.4929364202292669,5.6011759621451125,36.843533123028394,0.015614239272951093,2.82998018927445,22.52492113564669,0.007835530045022196,1.8630914826498424,0.00402220134195386,1.9444468750000041,16.553125,0.005470102952261012,0.0,0
16266.0,2022-02-02 18:55:00,360.16,360.18,359.83,359.96,14323.0,1,1,1.0,buy,False,2.739667313179368,9.580000000000041,44.0,0.025933244904036274,-0.06722886685529161,-0.8496943419086858,-0.8833087753363316,-0.002441955635091949,22.448949785815273,7.509031054713589,7.775324425549838,6.976444313041089,14323.0,9.580000000000041,1.0,9.580000000000041,44.0,0.025933244904036274,9.580000000000041,44.0,0.025933244904036274,1.0,1.0,-0.06722886685529161,-0.8833087753363316,-0.8496943419086858,22.448949785815273,7.509031054713589,7.775324425549838,6.976444313041089,9.844559585492076,32.8151986183079,60.43076324715681,-0.055530875166605244,0.09726815440625372,0.01999999999998181,0.12999999999999545,0.20000000000004547,0.0,16267.0,16267.0,2022-02-02,2022-02-02 18:55:00,2.4278808756528636,316.0,1.0,best_within_2.0d,16582.0,368.6994,0.5832424107187206,4.3760036431226785,32.22527881040892,0.012230020343504162,2.285057100371749,15.890706319702602,0.006381710269403211,0.4929364202292669,5.6011759621451125,36.843533123028394,0.015614239272951093,2.82998018927445,22.52492113564669,0.007835530045022196,1.8630914826498424,0.00402220134195386,1.9444468750000041,16.553125,0.005470102952261012,1.0,0
16270.0,2022-02-02 19:15:00,360.47,360.85,360.47,360.66,39294.0,3a,3a,0.0,sell,False,0.00724004152778546,4.163492493946733,28.239017640954685,0.011578080659927173,0.16820252622445198,-0.8147519989816863,-0.7306507358694603,-0.0020218149962196474,38.898007899558436,35.04628811897203,22.60806845224348,59.92272745242913,39294.0,1.0200000000000387,2.0,1.0200000000000387,5.0,0.002834671928410746,1.0200000000000387,5.0,0.002834671928410746,3.0,3.0,0.16820252622445198,-0.7306507358694603,-0.8147519989816863,38.898007899558436,35.04628811897203,22.60806845224348,59.92272745242913,14.572864321607911,31.1557788944731,54.39819237352795,0.052708963297915974,0.10541792659583195,0.18999999999999773,0.0,0.18999999999999773,1.0,16271.0,16271.0,2022-02-02,2022-02-02 19:15:00,2.7893306715466095,261.0,1.0,best_within_2.0d,16531.0,350.6,0.5832424107187206,4.3760036431226785,32.22527881040892,0.012230020343504162,2.285057100371749,15.890706319702602,0.006381710269403211,0.4929364202292669,5.6011759621451125,36.843533123028394,0.015614239272951093,2.82998018927445,22.52492113564669,0.007835530045022196,1.8630914826498424,0.00724004152778546,1.0200000000000387,5.0,0.002834671928410746,0.0,1
16273.0,2022-02-02 19:30:00,360.75,360.85,360.62,360.65,27686.0,3a,3a,0.0,sell,False,0.00724004152778546,4.163492493946733,28.239017640954685,0.011578080659927173,0.29386643345895047,-0.7121772647014055,-0.5652440479719303,-0.0015646834989337687,39.48389314828725,72.03985878906113,54.047187713183746,108.02520094081589,27686.0,1.0200000000000387,2.0,1.0200000000000387,8.0,0.002834671928410746,1.0200000000000387,8.0,0.002834671928410746,3.0,3.0,0.29386643345895047,-0.5652440479719303,-0.7121772647014055,39.48389314828725,72.03985878906113,54.047187713183746,108.02520094081589,15.357766143106177,29.84293193717401,50.130247153951665,-0.027720027720034023,0.06377904719649997,0.10000000000002274,0.029999999999972715,0.10000000000002274,0.0,16274.0,16274.0,2022-02-02,2022-02-02 19:30:00,2.786635241924291,258.0,1.0,best_within_2.0d,16531.0,350.6,0.5832424107187206,4.3760036431226785,32.22527881040892,0.012230020343504162,2.285057100371749,15.890706319702602,0.006381710269403211,0.4929364202292669,5.6011759621451125,36.843533123028394,0.015614239272951093,2.82998018927445,22.52492113564669,0.007835530045022196,1.8630914826498424,0.00724004152778546,1.0200000000000387,8.0,0.002834671928410746,1.0,1
16280.0,2022-02-03 04:05:00,361.49,361.49,361.19,361.44,9421.0,3a,3a,0.0,sell,False,0.00724004152778546,4.163492493946733,28.239017640954685,0.011578080659927173,0.39823748315817187,-0.45338871595306907,-0.25426997437398313,-0.0007042068630364929,54.392468321224634,64.55598847665902,61.52117410002813,70.62561722992082,9421.0,1.660000000000025,2.0,1.660000000000025,15.0,0.004613289608982089,1.660000000000025,15.0,0.004613289608982089,3.0,3.0,0.39823748315817187,-0.25426997437398313,-0.45338871595306907,54.392468321224634,64.55598847665902,61.52117410002813,70.62561722992082,34.35483870967678,10.322580645162734,40.99852793557138,-0.013831641262555358,0.08305877792851722,0.0,0.25,0.05000000000001137,0.0,16281.0,16281.0,2022-02-03,2022-02-03 04:05:00,2.9991146525010994,251.0,1.0,best_within_2.0d,16531.0,350.6,0.5832424107187206,4.3760036431226785,32.22527881040892,0.012230020343504162,2.285057100371749,15.890706319702602,0.006381710269403211,0.4929364202292669,5.6011759621451125,36.843533123028394,0.015614239272951093,2.82998018927445,22.52492113564669,0.007835530045022196,1.8630914826498424,0.00724004152778546,1.660000000000025,15.0,0.004613289608982089,0.0,1
16281.0,2022-02-03 04:10:00,361.42,361.75,361.29,361.66,4251.0,3a,3a,0.0,sell,False,0.00724004152778546,4.163492493946733,28.239017640954685,0.011578080659927173,0.4561214444914432,-0.39637353539163867,-0.16831281314591706,-0.0004660902765811135,56.896528643750365,73.10978941922282,65.38404587309302,88.56127651148245,4251.0,1.920000000000016,2.0,1.920000000000016,16.0,0.0053358530417141874,1.920000000000016,16.0,0.0053358530417141874,3.0,3.0,0.4561214444914432,-0.16831281314591706,-0.39637353539163867,56.896528643750365,73.10978941922282,65.38404587309302,88.56127651148245,32.160804020100315,10.720268006701692,41.64149022588731,0.06640473687123266,0.12732154225137132,0.08999999999997499,0.12999999999999545,0.2400000000000091,1.0,16282.0,16282.0,2022-02-03,2022-02-03 04:10:00,3.0581208870209595,250.0,1.0,best_within_2.0d,16531.0,350.6,0.5832424107187206,4.3760036431226785,32.22527881040892,0.012230020343504162,2.285057100371749,15.890706319702602,0.006381710269403211,0.4929364202292669,5.6011759621451125,36.843533123028394,0.015614239272951093,2.82998018927445,22.52492113564669,0.007835530045022196,1.8630914826498424,0.00724004152778546,1.920000000000016,16.0,0.0053358530417141874,0.0,1
16282.0,2022-02-03 04:15:00,361.68,362.08,361.56,362.0,12362.0,3a,3a,0.0,sell,False,0.00724004152778546,4.163492493946733,28.239017640954685,0.011578080659927173,0.5191146853494153,-0.3314841997229617,-0.07192685704825408,-0.00019914308648905636,60.50551768606082,80.7911416640975,70.51974447009451,101.33393605210347,12362.0,2.25,2.0,2.25,17.0,0.006252952783258762,2.25,17.0,0.006252952783258762,3.0,3.0,0.5191146853494153,-0.07192685704825408,-0.3314841997229617,60.50551768606082,80.7911416640975,70.51974447009451,101.33393605210347,37.375415282391785,10.132890365449612,42.763002162799175,0.08847600088475813,0.14382121916140664,0.07999999999998408,0.12000000000000455,0.3199999999999932,1.0,16283.0,16283.0,2022-02-03,2022-02-03 04:15:00,3.1491712707182256,249.0,1.0,best_within_2.0d,16531.0,350.6,0.5832424107187206,4.3760036431226785,32.22527881040892,0.012230020343504162,2.285057100371749,15.890706319702602,0.006381710269403211,0.4929364202292669,5.6011759621451125,36.843533123028394,0.015614239272951093,2.82998018927445,22.52492113564669,0.007835530045022196,1.8630914826498424,0.00724004152778546,2.25,17.0,0.006252952783258762,1.0,1
16290.0,2022-02-03 04:55:00,368.82,368.9,365.52,368.82,120178.0,3a,3a,1.0,buy,False,0.003394320721914116,4.163492493946733,28.239017640954685,0.011578080659927173,-0.2865077050607203,1.1001018085771324,0.9568479560467722,0.0026030005053490637,71.63649862807515,95.57782740331888,93.66402182671816,99.4054385565203,120178.0,3.5400000000000205,2.0,3.5400000000000205,14.0,0.009591936270525174,3.5400000000000205,14.0,0.009591936270525174,3.0,3.0,-0.2865077050607203,0.9568479560467722,1.1001018085771324,71.63649862807515,95.57782740331888,93.66402182671816,99.4054385565203,5.380580542567932,74.1303333096005,46.29407993241291,0.0,0.9247100021886615,0.07999999999998408,3.3000000000000114,0.0,0.0,16291.0,16291.0,2022-02-03,2022-02-03 04:55:00,2.240419277910272,292.0,1.0,best_within_2.0d,16582.0,368.6994,0.5832424107187206,4.3760036431226785,32.22527881040892,0.012230020343504162,2.285057100371749,15.890706319702602,0.006381710269403211,0.4929364202292669,5.6011759621451125,36.843533123028394,0.015614239272951093,2.82998018927445,22.52492113564669,0.007835530045022196,1.8630914826498424,0.003394320721914116,3.5400000000000205,14.0,0.009591936270525174,0.0,0
16290.0,2022-02-03 04:55:00,360.97,360.97,360.46,360.62,9193.0,2,2,1.0,buy,False,0.720000000000002,4.163492493946733,28.239017640954685,0.011578080659927173,-0.004358996378459684,-0.05515337648583914,-0.05733287467506898,-0.00015872572387198362,42.19818269435471,33.949918958254294,52.136318262948095,-2.4228796511333144,9193.0,1.6200000000000045,1.0,2.25,17.0,0.006252952783258762,1.6200000000000045,9.0,0.004474149359257635,2.0,2.0,-0.004358996378459684,-0.05733287467506898,-0.05515337648583914,42.19818269435471,33.949918958254294,52.136318262948095,-2.4228796511333144,27.669172932330312,30.8270676691738,33.88753208511185,-0.09696096628529316,0.14148587915442706,0.0,0.160000000000025,0.35000000000002274,0.0,16291.0,16291.0,2022-02-03,2022-02-03 04:55:00,2.240419277910272,292.0,1.0,best_within_2.0d,16582.0,368.6994,0.720000000000002,2.25,17.0,0.006252952783258762,1.6200000000000045,9.0,0.004474149359257635,0.4929364202292669,5.6011759621451125,36.843533123028394,0.015614239272951093,2.82998018927445,22.52492113564669,0.007835530045022196,1.8630914826498424,0.00402220134195386,1.9444468750000041,16.553125,0.005470102952261012,1.0,0
16302.0,2022-02-03 05:55:00,360.5,360.5,360.3,360.37,2804.0,2,2,1.0,buy,False,0.791111111111099,4.163492493946733,28.239017640954685,0.011578080659927173,-0.07358856172548595,-0.12830647642568524,-0.1651007572884282,-0.00045745231640352514,38.75977646880801,24.312744713679155,34.513449771769004,3.9113345974994616,2804.0,1.7799999999999727,1.0,2.25,17.0,0.006252952783258762,1.7799999999999727,21.0,0.004916040653999041,2.0,2.0,-0.07358856172548595,-0.1651007572884282,-0.12830647642568524,38.75977646880801,24.312744713679155,34.513449771769004,3.9113345974994616,12.806539509535527,32.152588555857356,39.55771316930122,-0.03606102635228723,0.05550929780737958,0.0,0.06999999999999318,0.12999999999999545,0.0,16303.0,16303.0,2022-02-03,2022-02-03 05:55:00,2.3113466714765436,280.0,1.0,best_within_2.0d,16582.0,368.6994,0.791111111111099,2.25,17.0,0.006252952783258762,1.7799999999999727,21.0,0.004916040653999041,0.4929364202292669,5.6011759621451125,36.843533123028394,0.015614239272951093,2.82998018927445,22.52492113564669,0.007835530045022196,1.8630914826498424,0.00402220134195386,1.9444468750000041,16.553125,0.005470102952261012,0.0,0
16303.0,2022-02-03 06:00:00,360.56,360.59,360.05,360.14,78813.0,2,2,1.0,buy,False,0.90222222222221,4.163492493946733,28.239017640954685,0.011578080659927173,-0.11696794254511311,-0.14292746924382438,-0.20141144051638094,-0.000558148626731246,35.46727169738635,19.3334964757853,29.453465339774432,-0.9064412521929626,78813.0,2.0299999999999727,1.0,2.25,17.0,0.006252952783258762,2.0299999999999727,22.0,0.005606495802032625,2.0,2.0,-0.11696794254511311,-0.20141144051638094,-0.14292746924382438,35.46727169738635,19.3334964757853,29.453465339774432,-0.9064412521929626,12.144702842376127,35.65891472868096,40.245675742150524,-0.11648546705125802,0.14997916955977325,0.029999999999972715,0.08999999999997499,0.4200000000000159,0.0,16304.0,16304.0,2022-02-03,2022-02-03 06:00:00,2.37668684400512,279.0,1.0,best_within_2.0d,16582.0,368.6994,0.90222222222221,2.25,17.0,0.006252952783258762,2.0299999999999727,22.0,0.005606495802032625,0.4929364202292669,5.6011759621451125,36.843533123028394,0.015614239272951093,2.82998018927445,22.52492113564669,0.007835530045022196,1.8630914826498424,0.00402220134195386,1.9444468750000041,16.553125,0.005470102952261012,0.0,0
16306.0,2022-02-03 06:15:00,360.23,360.23,359.9,360.01,25136.0,2,2,1.0,buy,False,0.9688888888888919,4.163492493946733,28.239017640954685,0.011578080659927173,-0.10263943431257039,-0.17003920048101823,-0.22135891763730342,-0.0006135957550692584,37.96928336865626,29.174463888806788,32.541290498542594,22.44081066933518,25136.0,2.180000000000007,1.0,2.25,17.0,0.006252952783258762,2.180000000000007,25.0,0.006020768890852869,2.0,2.0,-0.10263943431257039,-0.22135891763730342,-0.17003920048101823,37.96928336865626,29.174463888806788,32.541290498542594,22.44081066933518,10.280373831775304,31.775700934578694,37.313842205692694,-0.06107209282958867,0.09169213670465155,0.0,0.11000000000001364,0.22000000000002728,0.0,16307.0,16307.0,2022-02-03,2022-02-03 06:15:00,2.413655176245114,276.0,1.0,best_within_2.0d,16582.0,368.6994,0.9688888888888919,2.25,17.0,0.006252952783258762,2.180000000000007,25.0,0.006020768890852869,0.4929364202292669,5.6011759621451125,36.843533123028394,0.015614239272951093,2.82998018927445,22.52492113564669,0.007835530045022196,1.8630914826498424,0.00402220134195386,1.9444468750000041,16.553125,0.005470102952261012,0.0,0
16307.0,2022-02-03 06:20:00,359.8,359.95,359.66,359.95,35428.0,1p,1p,1.0,buy,False,0.07804501814921909,2.419999999999959,26.0,0.006683605832964978,-0.13061530310007374,-0.18636611336852743,-0.2516737649185643,-0.0006977425886040451,37.2632406577704,27.78297592587037,30.955185640985185,21.43855649564074,35428.0,2.419999999999959,0.0,2.419999999999959,26.0,0.006683605832964978,2.419999999999959,0.0,0.0,1.0,1.0,-0.13061530310007374,-0.2516737649185643,-0.18636611336852743,37.2632406577704,27.78297592587037,30.955185640985185,21.43855649564074,10.114942528735394,36.78160919540085,38.71019241228884,0.04168982768203926,0.0806317077239514,0.0,0.13999999999998636,0.14999999999997726,1.0,16308.0,16308.0,2022-02-03,2022-02-03 06:20:00,2.430726489790259,275.0,1.0,best_within_2.0d,16582.0,368.6994,0.5832424107187206,4.3760036431226785,32.22527881040892,0.012230020343504162,2.285057100371749,15.890706319702602,0.006381710269403211,0.4929364202292669,5.6011759621451125,36.843533123028394,0.015614239272951093,2.82998018927445,22.52492113564669,0.007835530045022196,1.8630914826498424,0.00402220134195386,1.9444468750000041,16.553125,0.005470102952261012,1.0,0
16335.0,2022-02-03 08:40:00,360.6,360.66,359.75,359.81,99780.0,2,2,1.0,buy,False,0.9523809523809653,4.163492493946733,28.239017640954685,0.011578080659927173,-0.1656610117718194,0.031138660076068046,-0.05169184580984165,-0.00014332362205702714,37.85508917802181,7.945771298005072,14.973580251121582,-6.109846608227947,99780.0,1.8000000000000114,1.0,1.8899999999999864,17.0,0.005254963020630558,1.8000000000000114,13.0,0.004978564513898524,2.0,2.0,-0.1656610117718194,-0.05169184580984165,0.031138660076068046,37.85508917802181,7.945771298005072,14.973580251121582,-6.109846608227947,56.6442055194966,9.41386315215798,51.41490393834049,-0.21907931225735455,0.25295343988881863,0.060000000000002274,0.060000000000002274,0.7900000000000205,0.0,16336.0,16336.0,2022-02-03,2022-02-03 08:40:00,2.470581695895062,247.0,1.0,best_within_2.0d,16582.0,368.6994,0.9523809523809653,1.8899999999999864,17.0,0.005254963020630558,1.8000000000000114,13.0,0.004978564513898524,0.4929364202292669,5.6011759621451125,36.843533123028394,0.015614239272951093,2.82998018927445,22.52492113564669,0.007835530045022196,1.8630914826498424,0.00402220134195386,1.9444468750000041,16.553125,0.005470102952261012,0.0,0
16336.0,2022-02-03 08:45:00,359.77,360.0,358.86,358.89,221332.0,1,1,1.0,buy,False,0.20697168425693765,2.6899999999999977,14.0,0.007440188079103852,-0.34638556435920853,-0.012159535468833022,-0.1853523176484373,-0.0005141053549056265,30.030656357917792,5.700406671787967,11.882522391343711,-6.663824767323522,221332.0,2.6899999999999977,2.0,2.6899999999999977,14.0,0.007440188079103852,2.6899999999999977,14.0,0.007440188079103852,1.0,1.0,-0.34638556435920853,-0.1853523176484373,-0.012159535468833022,30.030656357917792,5.700406671787967,11.882522391343711,-6.663824767323522,51.08306327818535,14.680441509709945,51.69625613943133,-0.2446007171248285,0.3176726299949803,0.2300000000000182,0.029999999999972715,0.8799999999999955,0.0,16337.0,16337.0,2022-02-03,2022-02-03 08:45:00,2.7332608877372007,246.0,1.0,best_within_2.0d,16582.0,368.6994,0.5832424107187206,4.3760036431226785,32.22527881040892,0.012230020343504162,2.285057100371749,15.890706319702602,0.006381710269403211,0.4929364202292669,5.6011759621451125,36.843533123028394,0.015614239272951093,2.82998018927445,22.52492113564669,0.007835530045022196,1.8630914826498424,0.00402220134195386,1.9444468750000041,16.553125,0.005470102952261012,0.0,0
16337.0,2022-02-03 08:50:00,358.9,359.03,358.55,358.62,122658.0,1,1,1.0,buy,False,0.28426447210043954,3.0,15.0,0.008297607523164155,-0.475741935179632,-0.07162727736628702,-0.309498244956103,-0.0008587823101812221,28.18915807733437,4.636591305684141,9.467212029457187,-5.024650141861951,122658.0,3.0,2.0,3.0,15.0,0.008297607523164155,3.0,15.0,0.008297607523164155,1.0,1.0,-0.475741935179632,-0.309498244956103,-0.07162727736628702,28.18915807733437,4.636591305684141,9.467212029457187,-5.024650141861951,50.80944021845153,16.578896040569738,51.631948408157065,-0.0780161604903797,0.13387254218378508,0.12999999999999545,0.06999999999999318,0.2799999999999727,0.0,16338.0,16338.0,2022-02-03,2022-02-03 08:50:00,2.8106073280910215,245.0,1.0,best_within_2.0d,16582.0,368.6994,0.5832424107187206,4.3760036431226785,32.22527881040892,0.012230020343504162,2.285057100371749,15.890706319702602,0.006381710269403211,0.4929364202292669,5.6011759621451125,36.843533123028394,0.015614239272951093,2.82998018927445,22.52492113564669,0.007835530045022196,1.8630914826498424,0.00402220134195386,1.9444468750000041,16.553125,0.005470102952261012,0.0,0
16337.0,2022-02-03 08:50:00,359.82,360.39,359.14,360.2,1122162.0,1,1,1.0,buy,False,3.1232327238647097,5.660000000000025,14.0,0.01551535087719305,-0.8871887699256256,-0.42687707916871354,-0.8704714641315263,-0.0023992213325532753,30.476189790935777,18.069271716954425,22.62443658009643,8.958941990670418,1122162.0,5.660000000000025,1.0,5.660000000000025,14.0,0.01551535087719305,5.660000000000025,14.0,0.01551535087719305,1.0,1.0,-0.8871887699256256,-0.8704714641315263,-0.42687707916871354,30.476189790935777,18.069271716954425,22.62443658009643,8.958941990670418,5.681818181818292,38.034759358289186,46.39046551322621,0.10560835973542201,0.34805368380018936,0.18999999999999773,0.6800000000000068,0.37999999999999545,1.0,16338.0,16338.0,2022-02-03,2022-02-03 08:50:00,2.8106073280910215,245.0,1.0,best_within_2.0d,16582.0,368.6994,0.5832424107187206,4.3760036431226785,32.22527881040892,0.012230020343504162,2.285057100371749,15.890706319702602,0.006381710269403211,0.4929364202292669,5.6011759621451125,36.843533123028394,0.015614239272951093,2.82998018927445,22.52492113564669,0.007835530045022196,1.8630914826498424,0.00402220134195386,1.9444468750000041,16.553125,0.005470102952261012,0.0,0
16337.0,2022-02-03 08:50:00,362.3,362.32,361.39,362.0,708635.0,2,2,1.0,buy,False,0.5656286800903519,4.163492493946733,28.239017640954685,0.011578080659927173,-0.18790007265213154,-0.005910157605069877,-0.09986019393113565,-0.00027530050156751633,39.235423866300515,38.15866360873853,47.75140705412245,18.973176717970688,708635.0,2.929900000000032,1.0,5.179900000000032,23.0,0.014423066213732896,2.929900000000032,30.0,0.008042108048448716,2.0,2.0,-0.18790007265213154,-0.09986019393113565,-0.005910157605069877,39.235423866300515,38.15866360873853,47.75140705412245,18.973176717970688,11.035526181077522,32.03954178848055,22.334858732921038,-0.08280430582390598,0.2573397160961861,0.01999999999998181,0.6100000000000136,0.30000000000001137,0.0,16338.0,16338.0,2022-02-03,2022-02-03 08:50:00,2.8106073280910215,245.0,1.0,best_within_2.0d,16582.0,368.6994,0.5656286800903519,5.179900000000032,23.0,0.014423066213732896,2.929900000000032,30.0,0.008042108048448716,0.4929364202292669,5.6011759621451125,36.843533123028394,0.015614239272951093,2.82998018927445,22.52492113564669,0.007835530045022196,1.8630914826498424,0.00402220134195386,1.9444468750000041,16.553125,0.005470102952261012,0.0,0
16338.0,2022-02-03 08:55:00,358.64,358.81,358.3,358.5,108245.0,1,1,1.0,buy,False,0.3261798393542047,3.25,16.0,0.008989074816761167,-0.5458910388777705,-0.13986365722600833,-0.4128091766648936,-0.001145890606348899,27.385395690354827,5.284043326596347,8.072822461836907,-0.29351494388477306,108245.0,3.25,2.0,3.25,16.0,0.008989074816761167,3.25,16.0,0.008989074816761167,1.0,1.0,-0.5458910388777705,-0.4128091766648936,-0.13986365722600833,27.385395690354827,5.284043326596347,8.072822461836907,-0.29351494388477306,50.471046959385966,16.771209222348954,51.523741653629294,-0.03903635958063416,0.14233882221601754,0.17000000000001592,0.19999999999998863,0.13999999999998636,0.0,16339.0,16339.0,2022-02-03,2022-02-03 08:55:00,2.845020920502099,244.0,1.0,best_within_2.0d,16582.0,368.6994,0.5832424107187206,4.3760036431226785,32.22527881040892,0.012230020343504162,2.285057100371749,15.890706319702602,0.006381710269403211,0.4929364202292669,5.6011759621451125,36.843533123028394,0.015614239272951093,2.82998018927445,22.52492113564669,0.007835530045022196,1.8630914826498424,0.00402220134195386,1.9444468750000041,16.553125,0.005470102952261012,0.0,0
16339.0,2022-02-03 09:00:00,358.39,358.53,357.87,358.07,161916.0,1,1,1.0,buy,False,0.3666225963994758,3.680000000000007,17.0,0.010178398561748047,-0.6135755981142786,-0.21656060699029317,-0.5233484060474325,-0.0014533814039417768,24.670825090621605,5.443925137999777,7.196523353891196,1.9387287062169385,161916.0,3.680000000000007,2.0,3.680000000000007,17.0,0.010178398561748047,3.680000000000007,17.0,0.010178398561748047,1.0,1.0,-0.6135755981142786,-0.5233484060474325,-0.21656060699029317,24.670825090621605,5.443925137999777,7.196523353891196,1.9387287062169385,48.607613153918244,19.188793744453577,50.94296644491622,-0.08928820558609146,0.18442451169418173,0.13999999999998636,0.19999999999998863,0.3199999999999932,0.0,16340.0,16340.0,2022-02-03,2022-02-03 09:00:00,2.968525707263952,243.0,1.0,best_within_2.0d,16582.0,368.6994,0.5832424107187206,4.3760036431226785,32.22527881040892,0.012230020343504162,2.285057100371749,15.890706319702602,0.006381710269403211,0.4929364202292669,5.6011759621451125,36.843533123028394,0.015614239272951093,2.82998018927445,22.52492113564669,0.007835530045022196,1.8630914826498424,0.00402220134195386,1.9444468750000041,16.553125,0.005470102952261012,1.0,0
16363.0,2022-02-03 11:00:00,359.62,359.65,358.8,359.36,824930.0,2,2,1.0,buy,False,0.7550375345713126,4.163492493946733,28.239017640954685,0.011578080659927173,-0.07947986349097841,0.06759529328883443,0.027855361543345225,7.74112052218922e-05,45.924552096311295,30.009564898054716,43.49057997202586,3.047534750112419,824930.0,2.8664999999999736,1.0,3.7964999999999804,17.0,0.010608600888590775,2.8664999999999736,9.0,0.007925810104059882,2.0,2.0,-0.07947986349097841,0.027855361543345225,0.06759529328883443,45.924552096311295,30.009564898054716,43.49057997202586,3.047534750112419,17.747262407072657,13.500226039783106,29.43300598378728,-0.07229853734497271,0.23690078037903176,0.029999999999972715,0.5600000000000023,0.2599999999999909,0.0,16364.0,16364.0,2022-02-03,2022-02-03 11:00:00,2.598898040961713,219.0,1.0,best_within_2.0d,16582.0,368.6994,0.7550375345713126,3.7964999999999804,17.0,0.010608600888590775,2.8664999999999736,9.0,0.007925810104059882,0.4929364202292669,5.6011759621451125,36.843533123028394,0.015614239272951093,2.82998018927445,22.52492113564669,0.007835530045022196,1.8630914826498424,0.00402220134195386,1.9444468750000041,16.553125,0.005470102952261012,1.0,0
16368.0,2022-02-03 11:25:00,359.19,359.45,358.6215,359.06,569525.0,2,2,1.0,buy,False,0.8020545239035888,4.163492493946733,28.239017640954685,0.011578080659927173,-0.14734054860510312,0.06281152818591217,-0.010858746116639395,-3.0175446616073153e-05,44.11858078524036,34.216538184522804,40.91348417127771,20.822646211012994,569525.0,3.044999999999959,1.0,3.7964999999999804,17.0,0.010608600888590775,3.044999999999959,14.0,0.008419358718598375,2.0,2.0,-0.14734054860510312,-0.010858746116639395,0.06281152818591217,44.11858078524036,34.216538184522804,40.91348417127771,20.822646211012994,18.579753882977577,22.6903764601819,27.590536611459928,-0.03619254433586555,0.23102351643723612,0.2599999999999909,0.43849999999997635,0.12999999999999545,0.0,16369.0,16369.0,2022-02-03,2022-02-03 11:25:00,2.684620954715096,214.0,1.0,best_within_2.0d,16582.0,368.6994,0.8020545239035888,3.7964999999999804,17.0,0.010608600888590775,3.044999999999959,14.0,0.008419358718598375,0.4929364202292669,5.6011759621451125,36.843533123028394,0.015614239272951093,2.82998018927445,22.52492113564669,0.007835530045022196,1.8630914826498424,0.00402220134195386,1.9444468750000041,16.553125,0.005470102952261012,0.0,0
16369.0,2022-02-03 11:30:00,359.07,359.15,358.45,358.61,660130.0,2,2,1.0,buy,False,0.8472277097326519,4.163492493946733,28.239017640954685,0.011578080659927173,-0.27393958513381644,0.028569080044185114,-0.1084007125227231,-0.0003013126479024829,41.36559338476179,24.902528724322707,35.57649902229271,3.5545881283827043,660130.0,3.2164999999999964,1.0,3.7964999999999804,17.0,0.010608600888590775,3.2164999999999964,15.0,0.008893552485508048,2.0,2.0,-0.27393958513381644,-0.1084007125227231,0.028569080044185114,41.36559338476179,24.902528724322707,35.57649902229271,3.5545881283827043,13.838378436196841,24.468526045566964,27.601923425485502,-0.12810872531817738,0.19528525596317162,0.07999999999998408,0.160000000000025,0.45999999999997954,0.0,16370.0,16370.0,2022-02-03,2022-02-03 11:30:00,2.8134742477900816,213.0,1.0,best_within_2.0d,16582.0,368.6994,0.8472277097326519,3.7964999999999804,17.0,0.010608600888590775,3.2164999999999964,15.0,0.008893552485508048,0.4929364202292669,5.6011759621451125,36.843533123028394,0.015614239272951093,2.82998018927445,22.52492113564669,0.007835530045022196,1.8630914826498424,0.00402220134195386,1.9444468750000041,16.553125,0.005470102952261012,0.0,0
16373.0,2022-02-03 11:50:00,358.72,359.22,358.36,358.62,486298.0,2,2,1.0,buy,False,0.870933754774131,4.163492493946733,28.239017640954685,0.011578080659927173,-0.306919839184287,-0.12318720562290601,-0.2766471252150495,-0.0007695227110573007,42.03493775803317,15.437672978797396,21.616984345931492,3.0790502445292063,486298.0,3.3064999999999714,1.0,3.7964999999999804,17.0,0.010608600888590775,3.3064999999999714,19.0,0.009142400526451776,2.0,2.0,-0.306919839184287,-0.2766471252150495,-0.12318720562290601,42.03493775803317,15.437672978797396,21.616984345931492,3.0790502445292063,13.59614084680188,27.960425244270255,28.654767094333746,-0.027876895628909104,0.2399821408639395,0.5,0.2599999999999909,0.10000000000002274,0.0,16374.0,16374.0,2022-02-03,2022-02-03 11:50:00,2.8106073280910215,209.0,1.0,best_within_2.0d,16582.0,368.6994,0.870933754774131,3.7964999999999804,17.0,0.010608600888590775,3.3064999999999714,19.0,0.009142400526451776,0.4929364202292669,5.6011759621451125,36.843533123028394,0.015614239272951093,2.82998018927445,22.52492113564669,0.007835530045022196,1.8630914826498424,0.00402220134195386,1.9444468750000041,16.553125,0.005470102952261012,0.0,0
16374.0,2022-02-03 11:55:00,358.63,358.9118,357.6,357.66,691289.0,1,1,1.0,buy,False,0.24671680663736112,4.066499999999962,20.0,0.011243783983310487,-0.4129025697924688,-0.17480002684696463,-0.38125131174319904,-0.0010608933823406902,35.910373404602566,10.880017279982603,18.03799532394853,-3.435938807949249,691289.0,4.066499999999962,2.0,4.066499999999962,20.0,0.011243783983310487,4.066499999999962,20.0,0.011243783983310487,1.0,1.0,-0.4129025697924688,-0.38125131174319904,-0.17480002684696463,35.910373404602566,10.880017279982603,18.03799532394853,-3.435938807949249,13.552625534065793,27.028682562289042,28.97996567115353,-0.27047374731616725,0.36683445190156744,0.28180000000003247,0.060000000000002274,0.9699999999999704,0.0,16375.0,16375.0,2022-02-03,2022-02-03 11:55:00,3.0865626572722697,208.0,1.0,best_within_2.0d,16582.0,368.6994,0.5832424107187206,4.3760036431226785,32.22527881040892,0.012230020343504162,2.285057100371749,15.890706319702602,0.006381710269403211,0.4929364202292669,5.6011759621451125,36.843533123028394,0.015614239272951093,2.82998018927445,22.52492113564669,0.007835530045022196,1.8630914826498424,0.00402220134195386,1.9444468750000041,16.553125,0.005470102952261012,0.0,0
16375.0,2022-02-03 12:00:00,357.67,358.06,356.79,357.0,972126.0,1,1,1.0,buy,False,0.3219054913174051,4.8764999999999645,21.0,0.013483416351804674,-0.538737536395937,-0.24214221889645673,-0.5115109870944252,-0.0014240571089614486,32.41373112307997,8.998980763546008,15.02499047048102,-3.053038650324016,972126.0,4.8764999999999645,2.0,4.8764999999999645,21.0,0.013483416351804674,4.8764999999999645,21.0,0.013483416351804674,1.0,1.0,-0.538737536395937,-0.5115109870944252,-0.24214221889645673,32.41373112307997,8.998980763546008,15.02499047048102,-3.053038650324016,13.062537822320397,32.02904754173429,29.91441048935844,-0.18732351049850865,0.35595168026009183,0.38999999999998636,0.20999999999997954,0.6700000000000159,0.0,16376.0,16376.0,2022-02-03,2022-02-03 12:00:00,3.2771428571428647,207.0,1.0,best_within_2.0d,16582.0,368.6994,0.5832424107187206,4.3760036431226785,32.22527881040892,0.012230020343504162,2.285057100371749,15.890706319702602,0.006381710269403211,0.4929364202292669,5.6011759621451125,36.843533123028394,0.015614239272951093,2.82998018927445,22.52492113564669,0.007835530045022196,1.8630914826498424,0.00402220134195386,1.9444468750000041,16.553125,0.005470102952261012,0.0,0
16378.0,2022-02-03 12:15:00,357.95,357.99,356.74,356.8,439610.0,1,1,1.0,buy,False,0.32778400112212536,4.926499999999976,24.0,0.013621665263440148,-0.4796375057886809,-0.42462048825381854,-0.664439241148159,-0.0018517796782335655,35.34484276842757,16.830917289090067,17.217745663168586,16.05726054093303,439610.0,4.926499999999976,2.0,4.926499999999976,24.0,0.013621665263440148,4.926499999999976,24.0,0.013621665263440148,1.0,1.0,-0.4796375057886809,-0.664439241148159,-0.42462048825381854,35.34484276842757,16.830917289090067,17.217745663168586,16.05726054093303,10.858241258381927,29.78679696556203,32.22174687956421,-0.32127392093867224,0.35039524583730447,0.040000000000020464,0.060000000000002274,1.1499999999999773,0.0,16379.0,16379.0,2022-02-03,2022-02-03 12:15:00,3.335033632287,204.0,1.0,best_within_2.0d,16582.0,368.6994,0.5832424107187206,4.3760036431226785,32.22527881040892,0.012230020343504162,2.285057100371749,15.890706319702602,0.006381710269403211,0.4929364202292669,5.6011759621451125,36.843533123028394,0.015614239272951093,2.82998018927445,22.52492113564669,0.007835530045022196,1.8630914826498424,0.00402220134195386,1.9444468750000041,16.553125,0.005470102952261012,1.0,0
16394.0,2022-02-03 13:35:00,359.82,360.39,359.14,360.2,1122162.0,1p,1p,1.0,buy,False,67.57153849623916,5.660000000000025,14.0,0.01551535087719305,-0.880659452721385,-0.43711811951294005,-0.8774478458736326,-0.0024184033004838266,30.34757195151279,18.06927171692716,22.624436579448144,8.958941991885197,1122162.0,5.660000000000025,0.0,5.660000000000025,14.0,0.01551535087719305,5.660000000000025,0.0,0.0,1.0,1.0,-0.880659452721385,-0.8774478458736326,-0.43711811951294005,30.34757195151279,18.06927171692716,22.624436579448144,8.958941991885197,5.681818181818292,38.034759358289186,46.0731411712806,0.10560835973542201,0.34805368380018936,0.18999999999999773,0.6800000000000068,0.37999999999999545,1.0,16395.0,16395.0,2022-02-03,2022-02-03 13:35:00,2.359633536923942,188.0,1.0,best_within_2.0d,16582.0,368.6994,0.5832424107187206,4.3760036431226785,32.22527881040892,0.012230020343504162,2.285057100371749,15.890706319702602,0.006381710269403211,0.4929364202292669,5.6011759621451125,36.843533123028394,0.015614239272951093,2.82998018927445,22.52492113564669,0.007835530045022196,1.8630914826498424,0.00402220134195386,1.9444468750000041,16.553125,0.005470102952261012,0.0,0
16398.0,2022-02-03 13:55:00,357.48,357.7201,357.21,357.4439,232968.0,2,2,1.0,buy,False,0.7638190954774029,4.163492493946733,28.239017640954685,0.011578080659927173,0.10972773320863971,-0.28282082440030176,-0.2279569577959819,-0.0006369070207185046,44.38617109517111,35.077680828123704,45.84121975705982,13.550602970251475,232968.0,1.5200000000000387,1.0,1.990000000000009,16.0,0.005578292313729913,1.5200000000000387,6.0,0.0042371700164470175,2.0,2.0,0.10972773320863971,-0.2279569577959819,-0.28282082440030176,44.38617109517111,35.077680828123704,45.84121975705982,13.550602970251475,19.39625719135112,12.409901470231887,24.402988406715707,-0.010098467047116791,0.14280115338317032,0.240099999999984,0.23390000000000555,0.036100000000033106,0.0,16399.0,16399.0,2022-02-03,2022-02-03 13:55:00,3.1488857412310134,184.0,1.0,best_within_2.0d,16582.0,368.6994,0.7638190954774029,1.990000000000009,16.0,0.005578292313729913,1.5200000000000387,6.0,0.0042371700164470175,0.4929364202292669,5.6011759621451125,36.843533123028394,0.015614239272951093,2.82998018927445,22.52492113564669,0.007835530045022196,1.8630914826498424,0.00402220134195386,1.9444468750000041,16.553125,0.005470102952261012,0.0,0
16401.0,2022-02-03 14:10:00,357.83,357.94,357.15,357.2707,438845.0,2,2,1.0,buy,False,0.7939698492462481,4.163492493946733,28.239017640954685,0.011578080659927173,0.08316579112137867,-0.23296138092633595,-0.1913784853656466,-0.0005347797702845036,43.44739823248538,29.389605482372474,38.496315005474955,11.176186436167512,438845.0,1.580000000000041,1.0,1.990000000000009,16.0,0.005578292313729913,1.580000000000041,9.0,0.00440442672762256,2.0,2.0,0.08316579112137867,-0.1913784853656466,-0.23296138092633595,43.44739823248538,29.389605482372474,38.496315005474955,11.176186436167512,22.88311660919023,18.51910441779771,24.537295337679847,-0.15630327250370496,0.22119557608848398,0.11000000000001364,0.12069999999999936,0.5593000000000075,0.0,16402.0,16402.0,2022-02-03,2022-02-03 14:10:00,3.1988909250044992,181.0,1.0,best_within_2.0d,16582.0,368.6994,0.7939698492462481,1.990000000000009,16.0,0.005578292313729913,1.580000000000041,9.0,0.00440442672762256,0.4929364202292669,5.6011759621451125,36.843533123028394,0.015614239272951093,2.82998018927445,22.52492113564669,0.007835530045022196,1.8630914826498424,0.00402220134195386,1.9444468750000041,16.553125,0.005470102952261012,0.0,0
16404.0,2022-02-03 14:25:00,357.31,357.47,356.77,356.99,495260.0,2,2,1.0,buy,False,0.9849246231155917,4.163492493946733,28.239017640954685,0.011578080659927173,-0.025774690993124072,-0.22437964231203375,-0.2372669878085958,-0.0006632439824477532,41.09412706423491,20.482725018438817,27.651121071830598,6.145932911655258,495260.0,1.9600000000000364,1.0,1.990000000000009,16.0,0.005578292313729913,1.9600000000000364,12.0,0.005463719231734275,2.0,2.0,-0.025774690993124072,-0.2372669878085958,-0.22437964231203375,41.09412706423491,20.482725018438817,27.651121071830598,6.145932911655258,19.91007386789441,20.83395782036194,21.384434888382906,-0.0895580868153685,0.1962048378507289,0.160000000000025,0.22000000000002728,0.3199999999999932,0.0,16405.0,16405.0,2022-02-03,2022-02-03 14:25:00,3.2800358553460924,178.0,1.0,best_within_2.0d,16582.0,368.6994,0.9849246231155917,1.990000000000009,16.0,0.005578292313729913,1.9600000000000364,12.0,0.005463719231734275,0.4929364202292669,5.6011759621451125,36.843533123028394,0.015614239272951093,2.82998018927445,22.52492113564669,0.007835530045022196,1.8630914826498424,0.00402220134195386,1.9444468750000041,16.553125,0.005470102952261012,0.0,0
16405.0,2022-02-03 14:30:00,356.99,357.17,356.55,356.9601,596408.0,1p,1p,1.0,buy,False,0.11190784400809325,2.180000000000007,13.0,0.0060769938393778235,-0.061389940268071375,-0.2320533848455427,-0.2627483549795784,-0.0007345914797120195,40.81045393238347,21.207636200137838,25.503292781266342,12.616323037880825,596408.0,2.180000000000007,0.0,2.180000000000007,13.0,0.0060769938393778235,2.180000000000007,0.0,0.0,1.0,1.0,-0.061389940268071375,-0.2627483549795784,-0.2320533848455427,40.81045393238347,21.207636200137838,25.503292781266342,12.616323037880825,13.152233282429188,24.145311054385513,21.962260882394276,-0.008375584750272506,0.17388865516757945,0.18000000000000682,0.4100999999999999,0.029899999999997817,0.0,16406.0,16406.0,2022-02-03,2022-02-03 14:30:00,3.288686886853745,177.0,1.0,best_within_2.0d,16582.0,368.6994,0.5832424107187206,4.3760036431226785,32.22527881040892,0.012230020343504162,2.285057100371749,15.890706319702602,0.006381710269403211,0.4929364202292669,5.6011759621451125,36.843533123028394,0.015614239272951093,2.82998018927445,22.52492113564669,0.007835530045022196,1.8630914826498424,0.00402220134195386,1.9444468750000041,16.553125,0.005470102952261012,0.0,0
16406.0,2022-02-03 14:35:00,356.97,357.2,356.02,356.13,818059.0,1p,1p,1.0,buy,False,0.3321576044413304,2.7100000000000364,14.0,0.007554428121428473,-0.18221363906147858,-0.2548300897282275,-0.3459369092589668,-0.000967480393816423,33.8286583797648,15.705375700376965,22.23732042096988,2.64148625919114,818059.0,2.7100000000000364,0.0,2.7100000000000364,14.0,0.007554428121428473,2.7100000000000364,0.0,0.0,1.0,1.0,-0.18221363906147858,-0.3459369092589668,-0.2548300897282275,33.8286583797648,15.705375700376965,22.23732042096988,2.64148625919114,12.212895011955235,27.906760099781614,23.187645609282065,-0.23531389192369997,0.3314420538172032,0.22999999999996135,0.11000000000001364,0.8400000000000318,0.0,16407.0,16407.0,2022-02-03,2022-02-03 14:35:00,3.5294414960828995,176.0,1.0,best_within_2.0d,16582.0,368.6994,0.5832424107187206,4.3760036431226785,32.22527881040892,0.012230020343504162,2.285057100371749,15.890706319702602,0.006381710269403211,0.4929364202292669,5.6011759621451125,36.843533123028394,0.015614239272951093,2.82998018927445,22.52492113564669,0.007835530045022196,1.8630914826498424,0.00402220134195386,1.9444468750000041,16.553125,0.005470102952261012,0.0,0
16407.0,2022-02-03 14:40:00,356.1399,356.16,355.45,355.4599,672299.0,1p,1p,1.0,buy,False,0.6002335195500772,3.2800000000000296,15.0,0.009143366877596046,-0.32927361114569054,-0.29598929112143885,-0.4606260966942841,-0.00128879317354418,29.448825251295403,10.583652528773829,18.352764456904527,-4.954571327487567,672299.0,3.2800000000000296,0.0,3.2800000000000296,15.0,0.009143366877596046,3.2800000000000296,0.0,0.0,1.0,1.0,-0.32927361114569054,-0.4606260966942841,-0.29598929112143885,29.448825251295403,10.583652528773829,18.352764456904527,-4.954571327487567,8.84841078370414,34.40861347857666,25.752037911980032,-0.1909362023182482,0.1997467998312101,0.02010000000001355,0.009900000000016007,0.6800000000000068,0.0,16408.0,16408.0,2022-02-03,2022-02-03 14:40:00,3.724611411863904,175.0,1.0,best_within_2.0d,16582.0,368.6994,0.5832424107187206,4.3760036431226785,32.22527881040892,0.012230020343504162,2.285057100371749,15.890706319702602,0.006381710269403211,0.4929364202292669,5.6011759621451125,36.843533123028394,0.015614239272951093,2.82998018927445,22.52492113564669,0.007835530045022196,1.8630914826498424,0.00402220134195386,1.9444468750000041,16.553125,0.005470102952261012,0.0,0
16408.0,2022-02-03 14:45:00,355.48,355.71,355.16,355.41,853556.0,1p,1p,1.0,buy,False,0.7385650233261863,3.569999999999993,16.0,0.009951774314944367,-0.4051589329413072,-0.3466341577391022,-0.5492136242097558,-0.001537290495836978,29.146203325140547,9.659935019182562,15.455154644330538,-1.9305042311133889,853556.0,3.569999999999993,0.0,3.569999999999993,16.0,0.009951774314944367,3.569999999999993,0.0,0.0,1.0,1.0,-0.4051589329413072,-0.5492136242097558,-0.3466341577391022,29.146203325140547,9.659935019182562,15.455154644330538,-1.9305042311133889,9.278509959014865,33.63970791308022,27.96702840126036,-0.019691684482950708,0.15485978150691365,0.22999999999996135,0.25,0.06999999999999318,0.0,16409.0,16409.0,2022-02-03,2022-02-03 14:45:00,3.739174474550519,174.0,1.0,best_within_2.0d,16582.0,368.6994,0.5832424107187206,4.3760036431226785,32.22527881040892,0.012230020343504162,2.285057100371749,15.890706319702602,0.006381710269403211,0.4929364202292669,5.6011759621451125,36.843533123028394,0.015614239272951093,2.82998018927445,22.52492113564669,0.007835530045022196,1.8630914826498424,0.00402220134195386,1.9444468750000041,16.553125,0.005470102952261012,1.0,0
16420.0,2022-02-03 15:45:00,354.8,354.805,353.94,354.12,1251065.0,1,1,1.0,buy,False,0.4480362032224367,3.0400000000000205,6.0,0.008515883242758754,-0.24578179468718164,-0.595742509773079,-0.7186334071166698,-0.002018049523967923,28.54427514793217,18.17773899793856,25.59524537021799,3.342726253379702,1251065.0,3.0400000000000205,3.0,3.0400000000000205,6.0,0.008515883242758754,3.0400000000000205,6.0,0.008515883242758754,1.0,1.0,-0.24578179468718164,-0.7186334071166698,-0.595742509773079,28.54427514793217,18.17773899793856,25.59524537021799,3.342726253379702,14.29543907420046,35.98171739764609,38.5353481168895,-0.19165727170236943,0.24439170480872724,0.0049999999999954525,0.18000000000000682,0.6800000000000068,0.0,16421.0,16421.0,2022-02-03,2022-02-03 15:45:00,4.117078956286011,162.0,1.0,best_within_2.0d,16582.0,368.6994,0.5832424107187206,4.3760036431226785,32.22527881040892,0.012230020343504162,2.285057100371749,15.890706319702602,0.006381710269403211,0.4929364202292669,5.6011759621451125,36.843533123028394,0.015614239272951093,2.82998018927445,22.52492113564669,0.007835530045022196,1.8630914826498424,0.00402220134195386,1.9444468750000041,16.553125,0.005470102952261012,0.0,0
16421.0,2022-02-03 15:50:00,354.12,354.13,352.46,352.9499,2418902.0,1,1,1.0,buy,False,0.7695797596976062,4.520000000000039,7.0,0.012661773768838699,-0.4221727912454005,-0.648514108678754,-0.8596005043014543,-0.0024154942973200525,22.872169082505266,15.731324523699675,22.307271754711884,2.5794300616752537,2418902.0,4.520000000000039,3.0,4.520000000000039,7.0,0.012661773768838699,4.520000000000039,7.0,0.012661773768838699,1.0,1.0,-0.4221727912454005,-0.8596005043014543,-0.648514108678754,22.872169082505266,15.731324523699675,22.307271754711884,2.5794300616752537,13.07480209908419,41.0032909365826,39.47173302583341,-0.33042471478594565,0.47381263122056855,0.009999999999990905,0.4899000000000342,1.1700999999999908,0.0,16422.0,16422.0,2022-02-03,2022-02-03 15:50:00,4.462248041435912,161.0,1.0,best_within_2.0d,16582.0,368.6994,0.5832424107187206,4.3760036431226785,32.22527881040892,0.012230020343504162,2.285057100371749,15.890706319702602,0.006381710269403211,0.4929364202292669,5.6011759621451125,36.843533123028394,0.015614239272951093,2.82998018927445,22.52492113564669,0.007835530045022196,1.8630914826498424,0.00402220134195386,1.9444468750000041,16.553125,0.005470102952261012,1.0,0
16525.0,2022-02-04 08:30:00,355.79,355.97,352.66,353.1,743360.0,2,2,1.0,buy,False,0.9773242630385436,4.163492493946733,28.239017640954685,0.011578080659927173,-0.15774645949271032,-0.10153265857378266,-0.18040588832013782,-0.0005071230560711307,30.215675266797405,25.9875129949763,39.376156605205345,-0.7897742254817928,743360.0,8.619999999999948,1.0,8.819999999999993,99.0,0.025024116211768692,8.619999999999948,7.0,0.02385961027457913,2.0,2.0,-0.15774645949271032,-0.18040588832013782,-0.10153265857378266,30.215675266797405,25.9875129949763,39.376156605205345,-0.7897742254817928,38.70591664237889,22.79218886621976,60.696256395565584,-0.7560639703195698,0.9385810695854371,0.18000000000000682,0.4399999999999977,2.6899999999999977,0.0,16526.0,16526.0,2022-02-04,2022-02-04 08:30:00,4.417841971113,57.0,1.0,best_within_2.0d,16582.0,368.6994,0.9773242630385436,8.819999999999993,99.0,0.025024116211768692,8.619999999999948,7.0,0.02385961027457913,0.4929364202292669,5.6011759621451125,36.843533123028394,0.015614239272951093,2.82998018927445,22.52492113564669,0.007835530045022196,1.8630914826498424,0.00402220134195386,1.9444468750000041,16.553125,0.005470102952261012,0.0,0
16526.0,2022-02-04 08:35:00,353.0,354.2,352.65,354.13,564418.0,2,2,1.0,buy,False,0.9784580498866216,4.163492493946733,28.239017640954685,0.011578080659927173,-0.28776878640563575,-0.13750375687448713,-0.281388150077305,-0.0007912512577939878,39.478017329596995,23.041501517701537,33.93127157603741,1.2619614010297937,564418.0,8.629999999999995,1.0,8.819999999999993,99.0,0.025024116211768692,8.629999999999995,8.0,0.023887289636846755,2.0,2.0,-0.28776878640563575,-0.281388150077305,-0.13750375687448713,39.478017329596995,23.041501517701537,33.93127157603741,1.2619614010297937,35.514526201466595,21.28699429812679,58.149938163541435,0.3201133144475908,0.43952927832128497,0.06999999999999318,0.35000000000002274,1.1299999999999955,1.0,16527.0,16527.0,2022-02-04,2022-02-04 08:35:00,4.1141388755541834,56.0,1.0,best_within_2.0d,16582.0,368.6994,0.9784580498866216,8.819999999999993,99.0,0.025024116211768692,8.629999999999995,8.0,0.023887289636846755,0.4929364202292669,5.6011759621451125,36.843533123028394,0.015614239272951093,2.82998018927445,22.52492113564669,0.007835530045022196,1.8630914826498424,0.00402220134195386,1.9444468750000041,16.553125,0.005470102952261012,0.0,0
16529.0,2022-02-04 08:50:00,353.32,353.71,352.46,352.79,187996.0,1,1,1.0,buy,False,1.121863123331855,8.819999999999993,11.0,0.024413197519929125,-0.615426900463841,-0.343009215892318,-0.6507226661242385,-0.0018324993077096265,34.72008864363424,14.50462078250747,21.352178958719158,0.8095044300840897,187996.0,8.819999999999993,3.0,8.819999999999993,11.0,0.024413197519929125,8.819999999999993,11.0,0.024413197519929125,1.0,1.0,-0.615426900463841,-0.6507226661242385,-0.343009215892318,34.72008864363424,14.50462078250747,21.352178958719158,0.8095044300840897,31.768953068592467,20.794223826715236,51.63044554511509,-0.15000566059095796,0.3546501730692845,0.38999999999998636,0.3300000000000409,0.5299999999999727,0.0,16530.0,16530.0,2022-02-04,2022-02-04 08:50:00,4.509594943167325,53.0,1.0,best_within_2.0d,16582.0,368.6994,0.5832424107187206,4.3760036431226785,32.22527881040892,0.012230020343504162,2.285057100371749,15.890706319702602,0.006381710269403211,0.4929364202292669,5.6011759621451125,36.843533123028394,0.015614239272951093,2.82998018927445,22.52492113564669,0.007835530045022196,1.8630914826498424,0.00402220134195386,1.9444468750000041,16.553125,0.005470102952261012,0.0,0
16530.0,2022-02-04 08:55:00,352.86,352.98,351.53,351.63,291969.0,1,1,1.0,buy,False,1.4131299230169907,9.75,12.0,0.026987378210806025,-0.775208802558981,-0.43991031621219057,-0.827514717491681,-0.0023320517985252758,30.16283818805003,10.310772829364094,17.671710248934136,-4.411102009775991,291969.0,9.75,3.0,9.75,12.0,0.026987378210806025,9.75,12.0,0.026987378210806025,1.0,1.0,-0.775208802558981,-0.827514717491681,-0.43991031621219057,30.16283818805003,10.310772829364094,17.671710248934136,-4.411102009775991,27.461988304094,24.561403508772326,48.34080940391725,-0.34858017343989633,0.4124825761670542,0.12000000000000455,0.10000000000002274,1.2300000000000182,0.0,16531.0,16531.0,2022-02-04,2022-02-04 08:55:00,4.854363962119282,52.0,1.0,best_within_2.0d,16582.0,368.6994,0.5832424107187206,4.3760036431226785,32.22527881040892,0.012230020343504162,2.285057100371749,15.890706319702602,0.006381710269403211,0.4929364202292669,5.6011759621451125,36.843533123028394,0.015614239272951093,2.82998018927445,22.52492113564669,0.007835530045022196,1.8630914826498424,0.00402220134195386,1.9444468750000041,16.553125,0.005470102952261012,0.0,0
16531.0,2022-02-04 09:00:00,351.66,351.75,350.31,350.6,498298.0,1,1,1.0,buy,False,1.746636656003839,10.96999999999997,13.0,0.030364260407440134,-0.9581625076021074,-0.559680629662454,-1.0387618834635077,-0.0029299715636410964,26.799210005991384,8.379559871704929,14.574326789857732,-4.009973964600675,498298.0,10.96999999999997,3.0,10.96999999999997,13.0,0.030364260407440134,10.96999999999997,13.0,0.030364260407440134,1.0,1.0,-0.9581625076021074,-1.0387618834635077,-0.559680629662454,26.799210005991384,8.379559871704929,14.574326789857732,-4.009973964600675,24.882524054598704,28.955023495189312,45.4282103234688,-0.30142751521355915,0.4110644857412,0.08999999999997499,0.29000000000002046,1.0600000000000023,0.0,16532.0,16532.0,2022-02-04,2022-02-04 09:00:00,5.162407301768397,51.0,1.0,best_within_2.0d,16582.0,368.6994,0.5832424107187206,4.3760036431226785,32.22527881040892,0.012230020343504162,2.285057100371749,15.890706319702602,0.006381710269403211,0.4929364202292669,5.6011759621451125,36.843533123028394,0.015614239272951093,2.82998018927445,22.52492113564669,0.007835530045022196,1.8630914826498424,0.00402220134195386,1.9444468750000041,16.553125,0.005470102952261012,1.0,0
16551.0,2022-02-04 10:40:00,355.04,355.61,354.165,354.35,1029840.0,2,2,1.0,buy,False,0.474079126875849,4.163492493946733,28.239017640954685,0.011578080659927173,0.07684268469118982,0.25212470322157376,0.2905460455671687,0.0008187201755147656,47.4563692914081,36.68844758900505,55.565837440985334,-1.0663321149555145,1029840.0,3.474999999999966,1.0,7.329999999999984,16.0,0.020924324170020794,3.474999999999966,6.0,0.009716474667263074,2.0,2.0,0.07684268469118982,0.2905460455671687,0.25212470322157376,47.4563692914081,36.68844758900505,55.565837440985334,-1.0663321149555145,25.648852179697005,21.360528102121673,28.100444256231377,-0.1943442992338885,0.4080019200090334,0.5699999999999932,0.18500000000000227,0.6899999999999977,0.0,16552.0,16552.0,2022-02-04,2022-02-04 10:40:00,4.0494990828277135,31.0,1.0,best_within_2.0d,16582.0,368.6994,0.474079126875849,7.329999999999984,16.0,0.020924324170020794,3.474999999999966,6.0,0.009716474667263074,0.4929364202292669,5.6011759621451125,36.843533123028394,0.015614239272951093,2.82998018927445,22.52492113564669,0.007835530045022196,1.8630914826498424,0.00402220134195386,1.9444468750000041,16.553125,0.005470102952261012,0.0,0
16552.0,2022-02-04 10:45:00,354.32,354.32,353.3,353.91,1370128.0,2,2,1.0,buy,False,0.5920873124147319,4.163492493946733,28.239017640954685,0.011578080659927173,-0.1336375191111161,0.23542001333268425,0.1686012537771262,0.0004751919906222751,45.51331483415186,29.144064905727,46.75857992923255,-6.084965141284101,1370128.0,4.339999999999975,1.0,7.329999999999984,16.0,0.020924324170020794,4.339999999999975,7.0,0.012135107929761703,2.0,2.0,-0.1336375191111161,0.1686012537771262,0.23542001333268425,45.51331483415186,29.144064905727,46.75857992923255,-6.084965141284101,25.778034184512215,23.093547249808953,26.485622565950344,-0.11571460826370743,0.28870648174355557,0.0,0.6100000000000136,0.40999999999996817,0.0,16553.0,16553.0,2022-02-04,2022-02-04 10:45:00,4.178859031957277,30.0,1.0,best_within_2.0d,16582.0,368.6994,0.5920873124147319,7.329999999999984,16.0,0.020924324170020794,4.339999999999975,7.0,0.012135107929761703,0.4929364202292669,5.6011759621451125,36.843533123028394,0.015614239272951093,2.82998018927445,22.52492113564669,0.007835530045022196,1.8630914826498424,0.00402220134195386,1.9444468750000041,16.553125,0.005470102952261012,0.0,0
16555.0,2022-02-04 11:00:00,353.68,354.46,353.16,354.28,970375.0,2,2,1.0,buy,False,0.611186903137786,4.163492493946733,28.239017640954685,0.011578080659927173,-0.3256478542610807,0.12232943262886806,-0.04049449450167231,-0.0001141822362417489,47.96865339439555,22.093345065933516,29.541547838961755,7.196939519877034,970375.0,4.479999999999961,1.0,7.329999999999984,16.0,0.020924324170020794,4.479999999999961,10.0,0.012526563024270108,2.0,2.0,-0.3256478542610807,-0.04049449450167231,0.12232943262886806,47.96865339439555,22.093345065933516,29.541547838961755,7.196939519877034,14.934249408983577,22.552030563998517,25.81812415247123,0.16964487672471326,0.3681051081662573,0.18000000000000682,0.5199999999999818,0.5999999999999659,1.0,16556.0,16556.0,2022-02-04,2022-02-04 11:00:00,4.070057581573912,27.0,1.0,best_within_2.0d,16582.0,368.6994,0.611186903137786,7.329999999999984,16.0,0.020924324170020794,4.479999999999961,10.0,0.012526563024270108,0.4929364202292669,5.6011759621451125,36.843533123028394,0.015614239272951093,2.82998018927445,22.52492113564669,0.007835530045022196,1.8630914826498424,0.00402220134195386,1.9444468750000041,16.553125,0.005470102952261012,0.0,0
16557.0,2022-02-04 11:10:00,353.67,353.74,352.55,352.58,1064587.0,2,2,1.0,buy,False,0.6944065484311032,4.163492493946733,28.239017640954685,0.011578080659927173,-0.5273543473028185,0.009488927845971828,-0.2541882458054374,-0.0007171794371645292,40.15121983966539,12.914400074264515,21.642558509338173,-4.541916795882798,1064587.0,5.089999999999975,1.0,7.329999999999984,16.0,0.020924324170020794,5.089999999999975,12.0,0.014232188793199796,2.0,2.0,-0.5273543473028185,-0.2541882458054374,0.009488927845971828,40.15121983966539,12.914400074264515,21.642558509338173,-4.541916795882798,9.20691425255555,29.425188590813644,27.798669827985286,-0.30819690672096356,0.33754077435824636,0.06999999999999318,0.029999999999972715,1.0900000000000318,0.0,16558.0,16558.0,2022-02-04,2022-02-04 11:10:00,4.571841851494709,25.0,1.0,best_within_2.0d,16582.0,368.6994,0.6944065484311032,7.329999999999984,16.0,0.020924324170020794,5.089999999999975,12.0,0.014232188793199796,0.4929364202292669,5.6011759621451125,36.843533123028394,0.015614239272951093,2.82998018927445,22.52492113564669,0.007835530045022196,1.8630914826498424,0.00402220134195386,1.9444468750000041,16.553125,0.005470102952261012,0.0,0
16558.0,2022-02-04 11:15:00,352.6,353.47,352.2,353.331,849096.0,2,2,1.0,buy,False,0.7421555252387462,4.163492493946733,28.239017640954685,0.011578080659927173,-0.4992894856024919,-0.05292225785433966,-0.3025670006555856,-0.0008538733871127039,44.562477189994794,19.049921290163528,20.77834610294662,15.593071664597346,849096.0,5.439999999999998,1.0,7.329999999999984,16.0,0.020924324170020794,5.439999999999998,13.0,0.01521082652947097,2.0,2.0,-0.4992894856024919,-0.3025670006555856,-0.05292225785433966,44.562477189994794,19.049921290163528,20.77834610294662,15.593071664597346,7.419279829922984,31.134843653113624,30.20679288735634,0.20731707317073017,0.36059057353777363,0.13900000000001,0.4000000000000341,0.7309999999999945,1.0,16559.0,16559.0,2022-02-04,2022-02-04 11:15:00,4.349575893425714,24.0,1.0,best_within_2.0d,16582.0,368.6994,0.7421555252387462,7.329999999999984,16.0,0.020924324170020794,5.439999999999998,13.0,0.01521082652947097,0.4929364202292669,5.6011759621451125,36.843533123028394,0.015614239272951093,2.82998018927445,22.52492113564669,0.007835530045022196,1.8630914826498424,0.00402220134195386,1.9444468750000041,16.553125,0.005470102952261012,1.0,0
16579.0,2022-02-04 13:00:00,357.31,358.53,357.3,358.422,764814.0,1p,1p,0.0,sell,False,0.43395665282344376,6.329999999999984,22.0,0.017972742759795525,0.44090537613105885,0.4785093428550681,0.6989620309205975,0.001963904616116967,71.9043936390375,88.65468343475236,79.83346894519681,106.29711241386343,764814.0,6.329999999999984,0.0,6.329999999999984,22.0,0.017972742759795525,6.329999999999984,0.0,0.0,1.0,1.0,0.44090537613105885,0.6989620309205975,0.4785093428550681,71.9043936390375,88.65468343475236,79.83346894519681,106.29711241386343,29.115454682863845,9.265490879295257,36.19322765989066,0.31121435168341866,0.34424853064650474,0.10799999999994725,0.009999999999990905,1.1120000000000232,1.0,16580.0,16580.0,2022-02-04,2022-02-04 13:00:00,0.3827890029071915,37.0,1.0,best_within_2.0d,16616.0,357.05,0.5832424107187206,4.3760036431226785,32.22527881040892,0.012230020343504162,2.285057100371749,15.890706319702602,0.006381710269403211,0.4929364202292669,5.6011759621451125,36.843533123028394,0.015614239272951093,2.82998018927445,22.52492113564669,0.007835530045022196,1.8630914826498424,0.00402220134195386,1.9444468750000041,16.553125,0.005470102952261012,0.0,1
16580.0,2022-02-04 13:05:00,358.42,358.65,358.19,358.49,463361.0,1p,1p,0.0,sell,False,0.5026543688769028,6.449999999999989,23.0,0.018313458262350906,0.5107031131603799,0.5423472320001156,0.7976987885803055,0.0022401241025670846,72.22888741064442,90.96315912224772,83.54336567088045,105.80274602498227,463361.0,6.449999999999989,0.0,6.449999999999989,23.0,0.018313458262350906,6.449999999999989,0.0,0.0,1.0,1.0,0.5107031131603799,0.7976987885803055,0.5423472320001156,72.22888741064442,90.96315912224772,83.54336567088045,105.80274602498227,26.034943198466483,9.75044160367057,36.858426559788136,0.019530160147311303,0.1284234624082134,0.15999999999996817,0.2300000000000182,0.06999999999999318,1.0,16581.0,16581.0,2022-02-04,2022-02-04 13:05:00,0.40168484476554367,36.0,1.0,best_within_2.0d,16616.0,357.05,0.5832424107187206,4.3760036431226785,32.22527881040892,0.012230020343504162,2.285057100371749,15.890706319702602,0.006381710269403211,0.4929364202292669,5.6011759621451125,36.843533123028394,0.015614239272951093,2.82998018927445,22.52492113564669,0.007835530045022196,1.8630914826498424,0.00402220134195386,1.9444468750000041,16.553125,0.005470102952261012,0.0,1
16581.0,2022-02-04 13:10:00,358.46,358.82,358.26,358.53,540371.0,1p,1p,0.0,sell,False,0.5146546436879185,6.6200000000000045,24.0,0.018796138557637718,0.5228955421617612,0.6077091747703357,0.8691569458512163,0.0024395599775923035,72.4305990907069,91.42486773497237,86.17053302557775,101.93353715376156,540371.0,6.6200000000000045,0.0,6.6200000000000045,24.0,0.018796138557637718,6.6200000000000045,0.0,0.0,1.0,1.0,0.5228955421617612,0.8691569458512163,0.6077091747703357,72.4305990907069,91.42486773497237,86.17053302557775,101.93353715376156,27.9256881593178,5.448229474419279,39.03642287831277,0.019527980806782676,0.15631105900742542,0.29000000000002046,0.19999999999998863,0.06999999999999318,1.0,16582.0,16582.0,2022-02-04,2022-02-04 13:10:00,0.4127966976264082,35.0,1.0,best_within_2.0d,16616.0,357.05,0.5832424107187206,4.3760036431226785,32.22527881040892,0.012230020343504162,2.285057100371749,15.890706319702602,0.006381710269403211,0.4929364202292669,5.6011759621451125,36.843533123028394,0.015614239272951093,2.82998018927445,22.52492113564669,0.007835530045022196,1.8630914826498424,0.00402220134195386,1.9444468750000041,16.553125,0.005470102952261012,0.0,1
16582.0,2022-02-04 13:15:00,365.25,365.47,364.285,364.555,689918.0,1p,1p,1.0,buy,False,1.713619385951376,7.764999999999986,51.0,0.02087085069211124,-0.23146867472747235,-0.9694462710252166,-1.0851806083889528,-0.0029567797291376098,31.753399246454265,19.636396333581196,22.84844799177339,13.212293017196806,689918.0,7.764999999999986,0.0,7.764999999999986,51.0,0.02087085069211124,7.764999999999986,0.0,0.0,1.0,1.0,-0.23146867472747235,-1.0851806083889528,-0.9694462710252166,31.753399246454265,19.636396333581196,22.84844799177339,13.212293017196806,9.082456388815139,30.88035172197175,53.38150841866966,-0.19028062970567916,0.3252947554799133,0.22000000000002728,0.2699999999999818,0.6949999999999932,0.0,16583.0,16583.0,2022-02-04,2022-02-04 13:15:00,0.3544317928108902,34.0,1.0,best_within_2.0d,16616.0,357.05,0.5832424107187206,4.3760036431226785,32.22527881040892,0.012230020343504162,2.285057100371749,15.890706319702602,0.006381710269403211,0.4929364202292669,5.6011759621451125,36.843533123028394,0.015614239272951093,2.82998018927445,22.52492113564669,0.007835530045022196,1.8630914826498424,0.00402220134195386,1.9444468750000041,16.553125,0.005470102952261012,0.0,0
16582.0,2022-02-04 13:15:00,366.54,367.12,366.02,366.98,376347.0,2,2,1.0,buy,False,0.6043329532497239,4.163492493946733,28.239017640954685,0.011578080659927173,-0.15600602700379532,0.04788606692059584,-0.030116946581301818,-8.202311043689597e-05,47.99159302714331,39.16102667750669,39.33860187023233,38.8058762920554,376347.0,2.650000000000034,1.0,4.384999999999991,18.0,0.01203727850446763,2.650000000000034,18.0,0.007188000108498207,2.0,2.0,-0.15600602700379532,-0.030116946581301818,0.04788606692059584,47.99159302714331,39.16102667750669,39.33860187023233,38.8058762920554,14.357919653857321,24.592788055763805,23.24273789330091,0.12004146887106393,0.300530025681663,0.13999999999998636,0.5200000000000387,0.4399999999999977,1.0,16583.0,16583.0,2022-02-04,2022-02-04 13:15:00,0.3544317928108902,34.0,1.0,best_within_2.0d,16616.0,357.05,0.6043329532497239,4.384999999999991,18.0,0.01203727850446763,2.650000000000034,18.0,0.007188000108498207,0.4929364202292669,5.6011759621451125,36.843533123028394,0.015614239272951093,2.82998018927445,22.52492113564669,0.007835530045022196,1.8630914826498424,0.00402220134195386,1.9444468750000041,16.553125,0.005470102952261012,0.0,0
16582.0,2022-02-04 13:15:00,369.03,369.41,368.57,368.6994,685885.0,1p,1p,0.0,sell,False,0.3782500306229389,3.390000000000043,12.0,0.009261788973280267,0.19875437571018695,0.2778110750721406,0.37718826292723406,0.001025335886988349,58.298287406909324,76.88897632875646,78.89560923279055,72.87571052068827,685885.0,3.390000000000043,0.0,3.390000000000043,12.0,0.009261788973280267,3.390000000000043,0.0,0.0,1.0,1.0,0.19875437571018695,0.37718826292723406,0.2778110750721406,58.298287406909324,76.88897632875646,78.89560923279055,72.87571052068827,21.879182280513866,15.97631156316931,16.004610068895182,-0.08958621250303422,0.22790786010799358,0.3800000000000523,0.12940000000003238,0.33059999999994716,0.0,16583.0,16583.0,2022-02-04,2022-02-04 13:15:00,0.3544317928108902,34.0,1.0,best_within_2.0d,16616.0,357.05,0.5832424107187206,4.3760036431226785,32.22527881040892,0.012230020343504162,2.285057100371749,15.890706319702602,0.006381710269403211,0.4929364202292669,5.6011759621451125,36.843533123028394,0.015614239272951093,2.82998018927445,22.52492113564669,0.007835530045022196,1.8630914826498424,0.00402220134195386,1.9444468750000041,16.553125,0.005470102952261012,0.0,1
16582.0,2022-02-04 13:15:00,361.68,362.08,361.56,362.0,12362.0,2,2,0.0,sell,False,0.23486430062630378,4.163492493946733,28.239017640954685,0.011578080659927173,0.5191147406715002,-0.3314842861639078,-0.07192691582815769,-0.00019914324919991034,60.505527237200184,80.7911416640975,70.51974447009451,101.33393605210347,12362.0,2.25,1.0,9.580000000000041,44.0,0.025933244904036274,2.25,17.0,0.006252952783258762,2.0,2.0,0.5191147406715002,-0.07192691582815769,-0.3314842861639078,60.505527237200184,80.7911416640975,70.51974447009451,101.33393605210347,37.375415282391785,10.132890365449612,42.762924739221084,0.08847600088475813,0.14382121916140664,0.07999999999998408,0.12000000000000455,0.3199999999999932,1.0,16583.0,16583.0,2022-02-04,2022-02-04 13:15:00,0.3544317928108902,34.0,1.0,best_within_2.0d,16616.0,357.05,0.23486430062630378,9.580000000000041,44.0,0.025933244904036274,2.25,17.0,0.006252952783258762,0.4929364202292669,5.6011759621451125,36.843533123028394,0.015614239272951093,2.82998018927445,22.52492113564669,0.007835530045022196,1.8630914826498424,0.00402220134195386,1.9444468750000041,16.553125,0.005470102952261012,0.0,1
16582.0,2022-02-04 13:15:00,361.44,361.55,361.06,361.06,89391.0,2s,2s,0.0,sell,False,0.17954070981211065,4.163492493946733,28.239017640954685,0.011578080659927173,0.23139847525764393,-0.05882393644818264,0.056875301180639326,0.0001577086422452132,56.063232060918075,72.47773277009891,65.7074915171332,86.01821527603033,89391.0,1.8899999999999864,1.0,9.580000000000041,44.0,0.025933244904036274,1.8899999999999864,17.0,0.005254963020630558,1.0,2.5,0.23139847525764393,0.056875301180639326,-0.05882393644818264,56.063232060918075,72.47773277009891,65.7074915171332,86.01821527603033,41.095890410959264,20.034246575341655,26.636449670278814,-0.10513501549357998,0.13571151609151086,0.11000000000001364,0.0,0.37999999999999545,0.0,16583.0,16583.0,2022-02-04,2022-02-04 13:15:00,0.3544317928108902,34.0,1.0,best_within_2.0d,16616.0,357.05,0.5832424107187206,4.3760036431226785,32.22527881040892,0.012230020343504162,2.285057100371749,15.890706319702602,0.006381710269403211,0.17954070981211065,9.580000000000041,44.0,0.025933244904036274,1.8899999999999864,17.0,0.005254963020630558,1.0,0.00402220134195386,1.9444468750000041,16.553125,0.005470102952261012,0.0,1
16582.0,2022-02-04 13:15:00,360.83,361.6665,360.5501,360.67,905905.0,2s,2s,0.0,sell,False,0.19170146137786984,4.163492493946733,28.239017640954685,0.011578080659927173,0.5014180252733194,-0.21326883200731342,0.03744018062934629,0.00010409736545264063,58.786193298062024,69.52532759140395,58.29920175506143,91.977579264089,905905.0,3.7964999999999804,1.0,9.580000000000041,44.0,0.025933244904036274,3.7964999999999804,17.0,0.010608600888590775,2.0,2.5,0.5014180252733194,0.03744018062934629,-0.21326883200731342,58.786193298062024,69.52532759140395,58.29920175506143,91.977579264089,25.94177872486339,10.532245817718515,33.579158432542314,-0.04434221101348784,0.3096379670952799,0.8365000000000009,0.11990000000002965,0.15999999999996817,0.0,16583.0,16583.0,2022-02-04,2022-02-04 13:15:00,0.3544317928108902,34.0,1.0,best_within_2.0d,16616.0,357.05,0.5832424107187206,4.3760036431226785,32.22527881040892,0.012230020343504162,2.285057100371749,15.890706319702602,0.006381710269403211,0.19170146137786984,9.580000000000041,44.0,0.025933244904036274,3.7964999999999804,17.0,0.010608600888590775,2.0,0.00402220134195386,1.9444468750000041,16.553125,0.005470102952261012,0.0,1
16582.0,2022-02-04 13:15:00,358.0599,358.73,357.851,358.32,461100.0,3a,3a,0.0,sell,False,0.004780035016535662,4.163492493946733,28.239017640954685,0.011578080659927173,0.3460595577553679,-0.4021435246258635,-0.22911374574817955,-0.0006398530831670581,52.28361281253292,68.7155630422429,57.2995748633256,91.54753940007751,461100.0,1.990000000000009,2.0,1.990000000000009,16.0,0.005578292313729913,1.990000000000009,16.0,0.005578292313729913,3.0,3.0,0.3460595577553679,-0.22911374574817955,-0.4021435246258635,52.28361281253292,68.7155630422429,57.2995748633256,91.54753940007751,20.531400966184616,13.306159420289429,29.07537525725516,0.07264147702659968,0.24563295896896167,0.410000000000025,0.20890000000002829,0.2600999999999658,1.0,16583.0,16583.0,2022-02-04,2022-02-04 13:15:00,0.3544317928108902,34.0,1.0,best_within_2.0d,16616.0,357.05,0.5832424107187206,4.3760036431226785,32.22527881040892,0.012230020343504162,2.285057100371749,15.890706319702602,0.006381710269403211,0.4929364202292669,5.6011759621451125,36.843533123028394,0.015614239272951093,2.82998018927445,22.52492113564669,0.007835530045022196,1.8630914826498424,0.004780035016535662,1.990000000000009,16.0,0.005578292313729913,0.0,1
16583.0,2022-02-04 13:20:00,358.33,359.22,358.2,359.17,559007.0,1p,1p,0.0,sell,False,0.5146546436879185,7.020000000000039,26.0,0.019931856899489037,0.5003290525000366,0.7282444562561914,0.9784089825062097,0.0027434850534714173,73.96324527593256,92.39182464521579,88.95506444151178,99.26534505262379,559007.0,7.020000000000039,0.0,7.020000000000039,26.0,0.019931856899489037,7.020000000000039,0.0,0.0,1.0,1.0,0.5003290525000366,0.9784089825062097,0.7282444562561914,73.96324527593256,92.39182464521579,88.95506444151178,99.26534505262379,29.892082810651686,7.828222168842148,41.6087446058399,0.2344207853096397,0.284757118927984,0.05000000000001137,0.12999999999999545,0.8400000000000318,1.0,16584.0,16584.0,2022-02-04,2022-02-04 13:20:00,0.5902497424617881,33.0,1.0,best_within_2.0d,16616.0,357.05,0.5832424107187206,4.3760036431226785,32.22527881040892,0.012230020343504162,2.285057100371749,15.890706319702602,0.006381710269403211,0.4929364202292669,5.6011759621451125,36.843533123028394,0.015614239272951093,2.82998018927445,22.52492113564669,0.007835530045022196,1.8630914826498424,0.00402220134195386,1.9444468750000041,16.553125,0.005470102952261012,0.0,1
16587.0,2022-02-04 13:40:00,358.56,359.59,358.55,359.45,659629.0,1p,1p,0.0,sell,False,0.5146546436879185,7.389999999999986,30.0,0.020982396365701268,0.2650394346790439,0.8921352302636881,1.02465494760321,0.002868255408773053,69.06959756824314,87.39941898555176,87.39582603317501,87.40660489030529,659629.0,7.389999999999986,0.0,7.389999999999986,30.0,0.020982396365701268,7.389999999999986,0.0,0.0,1.0,1.0,0.2650394346790439,1.02465494760321,0.8921352302636881,69.06959756824314,87.39941898555176,87.39582603317501,87.40660489030529,34.82183592331635,3.4450331002505656,47.80276310835624,0.24821508255242816,0.2900571747315475,0.13999999999998636,0.009999999999990905,0.8899999999999864,1.0,16588.0,16588.0,2022-02-04,2022-02-04 13:40:00,0.6676867436361044,29.0,1.0,best_within_2.0d,16616.0,357.05,0.5832424107187206,4.3760036431226785,32.22527881040892,0.012230020343504162,2.285057100371749,15.890706319702602,0.006381710269403211,0.4929364202292669,5.6011759621451125,36.843533123028394,0.015614239272951093,2.82998018927445,22.52492113564669,0.007835530045022196,1.8630914826498424,0.00402220134195386,1.9444468750000041,16.553125,0.005470102952261012,0.0,1
16589.0,2022-02-04 13:50:00,359.205,359.738,359.195,359.63,565277.0,1p,1p,0.0,sell,False,0.5146546436879185,7.538000000000011,32.0,0.02140261215218629,0.20334195325624305,0.9439579052598001,1.0456288818879216,0.00292441107874913,68.6778894766218,86.92140861515773,86.3775705927451,88.00908465998302,565277.0,7.538000000000011,0.0,7.538000000000011,32.0,0.02140261215218629,7.538000000000011,0.0,0.0,1.0,1.0,0.20334195325624305,1.0456288818879216,0.9439579052598001,68.6778894766218,86.92140861515773,86.3775705927451,88.00908465998302,33.33654680420388,3.5669526655741723,52.41816633313634,0.11831683857407647,0.1511713693119354,0.10800000000000409,0.009999999999990905,0.42500000000001137,1.0,16590.0,16590.0,2022-02-04,2022-02-04 13:50:00,0.717403998554065,27.0,1.0,best_within_2.0d,16616.0,357.05,0.5832424107187206,4.3760036431226785,32.22527881040892,0.012230020343504162,2.285057100371749,15.890706319702602,0.006381710269403211,0.4929364202292669,5.6011759621451125,36.843533123028394,0.015614239272951093,2.82998018927445,22.52492113564669,0.007835530045022196,1.8630914826498424,0.00402220134195386,1.9444468750000041,16.553125,0.005470102952261012,0.0,1
16590.0,2022-02-04 13:55:00,359.63,359.76,359.19,359.56,501229.0,1p,1p,0.0,sell,False,0.5146546436879185,7.560000000000002,33.0,0.021465076660988083,0.16158619515384842,0.9641561796540312,1.0449492772309554,0.0029212950805985478,67.84722089757432,87.44952145225099,86.73488754591372,88.8787892649255,501229.0,7.560000000000002,0.0,7.560000000000002,33.0,0.021465076660988083,7.560000000000002,0.0,0.0,1.0,1.0,0.16158619515384842,1.0449492772309554,0.9641561796540312,67.84722089757432,87.44952145225099,86.73488754591372,88.8787892649255,31.631358000586225,3.6122229815484608,54.35268195516596,-0.01946444957317053,0.15869038670341412,0.12999999999999545,0.37000000000000455,0.06999999999999318,0.0,16591.0,16591.0,2022-02-04,2022-02-04 13:55:00,0.6980754255200776,26.0,1.0,best_within_2.0d,16616.0,357.05,0.5832424107187206,4.3760036431226785,32.22527881040892,0.012230020343504162,2.285057100371749,15.890706319702602,0.006381710269403211,0.4929364202292669,5.6011759621451125,36.843533123028394,0.015614239272951093,2.82998018927445,22.52492113564669,0.007835530045022196,1.8630914826498424,0.00402220134195386,1.9444468750000041,16.553125,0.005470102952261012,0.0,1
16591.0,2022-02-04 14:00:00,359.54,359.76,359.08,359.21,586978.0,1p,1p,0.0,sell,False,0.5146546436879185,7.560000000000002,34.0,0.021465076660988083,0.0646914591903538,0.9722426120528255,1.0045883416480024,0.002807583183010627,63.69867473383435,79.88087754936367,84.4502175470637,70.74219755396362,586978.0,7.560000000000002,0.0,7.560000000000002,34.0,0.021465076660988083,7.560000000000002,0.0,0.0,1.0,1.0,0.0646914591903538,1.0045883416480024,0.9722426120528255,63.69867473383435,79.88087754936367,84.4502175470637,70.74219755396362,29.37493980545154,4.622941346431876,55.67067128536145,-0.09178394615342964,0.1893728417065854,0.21999999999997044,0.12999999999999545,0.3300000000000409,0.0,16592.0,16592.0,2022-02-04,2022-02-04 14:00:00,0.6013195623729763,25.0,1.0,best_within_2.0d,16616.0,357.05,0.5832424107187206,4.3760036431226785,32.22527881040892,0.012230020343504162,2.285057100371749,15.890706319702602,0.006381710269403211,0.4929364202292669,5.6011759621451125,36.843533123028394,0.015614239272951093,2.82998018927445,22.52492113564669,0.007835530045022196,1.8630914826498424,0.00402220134195386,1.9444468750000041,16.553125,0.005470102952261012,1.0,1
16597.0,2022-02-04 14:30:00,358.92,359.79,358.78,359.51,517632.0,1p,1p,0.0,sell,False,0.5146546436879185,7.590000000000032,40.0,0.021550255536627008,-0.256951473696732,0.8173661874474696,0.6888904505991036,0.0019229247468932787,61.30751809027475,57.35016794567386,55.76687735483777,60.516749127346046,517632.0,7.590000000000032,0.0,7.590000000000032,40.0,0.021550255536627008,7.590000000000032,0.0,0.0,1.0,1.0,-0.256951473696732,0.6888904505991036,0.8173661874474696,61.30751809027475,57.35016794567386,55.76687735483777,60.516749127346046,14.838018300222647,10.166790316819316,44.13245943730982,0.16438203499386353,0.28150956017616585,0.28000000000002956,0.1400000000000432,0.589999999999975,1.0,16598.0,16598.0,2022-02-04,2022-02-04 14:30:00,0.6842646936107423,19.0,1.0,best_within_2.0d,16616.0,357.05,0.5832424107187206,4.3760036431226785,32.22527881040892,0.012230020343504162,2.285057100371749,15.890706319702602,0.006381710269403211,0.4929364202292669,5.6011759621451125,36.843533123028394,0.015614239272951093,2.82998018927445,22.52492113564669,0.007835530045022196,1.8630914826498424,0.00402220134195386,1.9444468750000041,16.553125,0.005470102952261012,0.0,1
16598.0,2022-02-04 14:35:00,359.51,360.12,359.49,359.71,696270.0,1p,1p,0.0,sell,False,0.5146546436879185,7.920000000000016,41.0,0.02248722316865422,-0.1889631953920694,0.7937457880234609,0.6992641903274261,0.0019512928466111654,62.599559091090306,64.46721153088174,58.666988746852425,76.06765709894037,696270.0,7.920000000000016,0.0,7.920000000000016,41.0,0.02248722316865422,7.920000000000016,0.0,0.0,1.0,1.0,-0.1889631953920694,0.6992641903274261,0.7937457880234609,62.599559091090306,64.46721153088174,58.666988746852425,76.06765709894037,18.21068360104589,10.366081434441696,42.94092521979883,0.05563127590330968,0.17524826838020402,0.410000000000025,0.01999999999998181,0.19999999999998863,1.0,16599.0,16599.0,2022-02-04,2022-02-04 14:35:00,0.739484584804417,18.0,1.0,best_within_2.0d,16616.0,357.05,0.5832424107187206,4.3760036431226785,32.22527881040892,0.012230020343504162,2.285057100371749,15.890706319702602,0.006381710269403211,0.4929364202292669,5.6011759621451125,36.843533123028394,0.015614239272951093,2.82998018927445,22.52492113564669,0.007835530045022196,1.8630914826498424,0.00402220134195386,1.9444468750000041,16.553125,0.005470102952261012,1.0,1
16603.0,2022-02-04 15:00:00,359.88,360.6388,359.87,360.6237,766940.0,1p,1p,0.0,sell,False,0.5146546436879185,8.438800000000015,46.0,0.02396024985803525,-0.014784111112478238,0.6972397882353231,0.689847732679084,0.0019225780059541073,67.03448822153902,81.22062039523712,70.286381377806,103.08909843009937,766940.0,8.438800000000015,0.0,8.438800000000015,46.0,0.02396024985803525,8.438800000000015,0.0,0.0,1.0,1.0,-0.014784111112478238,0.689847732679084,0.6972397882353231,67.03448822153902,81.22062039523712,70.286381377806,103.08909843009937,23.314452049406256,15.537723231846783,33.2907332709484,0.2066522174057991,0.21363270069747375,0.015100000000018099,0.009999999999990905,0.7436999999999898,1.0,16604.0,16604.0,2022-02-04,2022-02-04 15:00:00,0.9909775757943735,13.0,1.0,best_within_2.0d,16616.0,357.05,0.5832424107187206,4.3760036431226785,32.22527881040892,0.012230020343504162,2.285057100371749,15.890706319702602,0.006381710269403211,0.4929364202292669,5.6011759621451125,36.843533123028394,0.015614239272951093,2.82998018927445,22.52492113564669,0.007835530045022196,1.8630914826498424,0.00402220134195386,1.9444468750000041,16.553125,0.005470102952261012,0.0,1
16604.0,2022-02-04 15:05:00,360.63,360.87,360.43,360.67,516138.0,1p,1p,0.0,sell,False,0.5146546436879185,8.670000000000016,47.0,0.02461669505962526,0.05526662184420106,0.7041481159658483,0.7317814268879488,0.0020386643696061195,67.31178714369983,84.40821697624122,74.99365991061774,103.23733110748819,516138.0,8.670000000000016,0.0,8.670000000000016,47.0,0.02461669505962526,8.670000000000016,0.0,0.0,1.0,1.0,0.05526662184420106,0.7317814268879488,0.7041481159658483,67.31178714369983,84.40821697624122,74.99365991061774,103.23733110748819,25.70028290233924,15.738932940192404,32.62985671862788,0.011091700635005537,0.12207640873401152,0.19999999999998863,0.19999999999998863,0.040000000000020464,1.0,16605.0,16605.0,2022-02-04,2022-02-04 15:05:00,1.003687581445644,12.0,1.0,best_within_2.0d,16616.0,357.05,0.5832424107187206,4.3760036431226785,32.22527881040892,0.012230020343504162,2.285057100371749,15.890706319702602,0.006381710269403211,0.4929364202292669,5.6011759621451125,36.843533123028394,0.015614239272951093,2.82998018927445,22.52492113564669,0.007835530045022196,1.8630914826498424,0.00402220134195386,1.9444468750000041,16.553125,0.005470102952261012,0.0,1
16605.0,2022-02-04 15:10:00,360.67,361.4,360.58,361.0901,714169.0,1p,1p,0.0,sell,False,0.5146546436879185,9.199999999999989,48.0,0.02612152186257805,0.13705632972539972,0.7212801571815233,0.7898083220442231,0.0021993503821925494,69.79452255073086,85.66272989255813,78.55001657126454,99.88815653514536,714169.0,9.199999999999989,0.0,9.199999999999989,48.0,0.02612152186257805,9.199999999999989,0.0,0.0,1.0,1.0,0.13705632972539972,0.7898083220442231,0.7212801571815233,69.79452255073086,85.66272989255813,78.55001657126454,99.88815653514536,30.553699846740344,14.441780956498054,32.856856971726465,0.11647766656500147,0.22741139275611327,0.30989999999997053,0.09000000000003183,0.4200999999999908,1.0,16606.0,16606.0,2022-02-04,2022-02-04 15:10:00,1.1188620236334352,11.0,1.0,best_within_2.0d,16616.0,357.05,0.5832424107187206,4.3760036431226785,32.22527881040892,0.012230020343504162,2.285057100371749,15.890706319702602,0.006381710269403211,0.4929364202292669,5.6011759621451125,36.843533123028394,0.015614239272951093,2.82998018927445,22.52492113564669,0.007835530045022196,1.8630914826498424,0.00402220134195386,1.9444468750000041,16.553125,0.005470102952261012,1.0,1
16615.0,2022-02-04 16:00:00,357.97,358.33,356.98,357.13,997012.0,2s,2s,1.0,buy,False,0.0900409276944024,4.163492493946733,28.239017640954685,0.011578080659927173,-0.8695251528582034,0.39494240747327397,-0.03982016895582774,-0.0001108571986901419,34.31534024277754,16.135965717399994,30.730457538101085,-13.05301792400219,997012.0,4.419999999999959,1.0,7.329999999999984,16.0,0.020924324170020794,4.419999999999959,11.0,0.012230215827338017,1.0,2.5,-0.8695251528582034,-0.03982016895582774,0.39494240747327397,34.31534024277754,16.135965717399994,30.730457538101085,-13.05301792400219,17.004977670648422,30.87311480010931,30.585111884429377,-0.23465653546387455,0.3781724466356563,0.3599999999999568,0.14999999999997726,0.8400000000000318,0.0,16616.0,16616.0,2022-02-04,2022-02-04 16:00:00,2.0540172048918044,173.78554736652885,0.0,,14281.267661333814,366.3529484630595,0.5832424107187206,4.3760036431226785,32.22527881040892,0.012230020343504162,2.285057100371749,15.890706319702602,0.006381710269403211,0.0900409276944024,7.329999999999984,16.0,0.020924324170020794,4.419999999999959,11.0,0.012230215827338017,1.0,0.00402220134195386,1.9444468750000041,16.553125,0.005470102952261012,0.0,0
16616.0,2022-02-04 16:05:00,357.14,357.26,356.84,357.05,406232.0,2s,2s,1.0,buy,False,0.10914051841746428,4.163492493946733,28.239017640954685,0.011578080659927173,-0.9605372082825295,0.2748752564379578,-0.20539334770330697,-0.0005720578944812227,33.900268318786516,12.366505880565782,24.60914031892265,-12.11876299614795,406232.0,4.560000000000002,1.0,7.329999999999984,16.0,0.020924324170020794,4.560000000000002,12.0,0.012617598229109028,1.0,2.5,-0.9605372082825295,-0.20539334770330697,0.2748752564379578,33.900268318786516,12.366505880565782,24.60914031892265,-12.11876299614795,15.575938882982715,31.976001516388457,30.863942095209865,-0.02520020160160581,0.11769980943840824,0.12000000000000455,0.21000000000003638,0.08999999999997499,0.0,16617.0,16617.0,2022-02-04,2022-02-04 16:05:00,2.0540172048918044,173.78554736652885,0.0,,14281.267661333814,366.3529484630595,0.5832424107187206,4.3760036431226785,32.22527881040892,0.012230020343504162,2.285057100371749,15.890706319702602,0.006381710269403211,0.10914051841746428,7.329999999999984,16.0,0.020924324170020794,4.560000000000002,12.0,0.012617598229109028,1.0,0.00402220134195386,1.9444468750000041,16.553125,0.005470102952261012,0.0,0
16617.0,2022-02-04 16:10:00,357.06,358.01,356.77,357.44,195780.0,2s,2s,1.0,buy,False,0.11869031377899132,4.163492493946733,28.239017640954685,0.011578080659927173,-0.9224630464653374,0.15956737562979062,-0.3016641476028781,-0.0008404675563280785,37.847161046169454,13.297127600618616,20.8384694128213,-1.7855560237867536,195780.0,4.6299999999999955,1.0,7.329999999999984,16.0,0.020924324170020794,4.6299999999999955,13.0,0.012811289429994455,1.0,2.5,-0.9224630464653374,-0.3016641476028781,0.15956737562979062,37.847161046169454,13.297127600618616,20.8384694128213,-1.7855560237867536,15.259366337577454,30.817375280970932,31.0711910771603,0.10642469052820128,0.3475628556212712,0.5699999999999932,0.29000000000002046,0.37999999999999545,1.0,16618.0,16618.0,2022-02-04,2022-02-04 16:10:00,2.0540172048918044,173.78554736652885,0.0,,14281.267661333814,366.3529484630595,0.5832424107187206,4.3760036431226785,32.22527881040892,0.012230020343504162,2.285057100371749,15.890706319702602,0.006381710269403211,0.11869031377899132,7.329999999999984,16.0,0.020924324170020794,4.6299999999999955,13.0,0.012811289429994455,1.0,0.00402220134195386,1.9444468750000041,16.553125,0.005470102952261012,1.0,0
16672.0,2022-02-07 04:50:00,356.77,357.1,356.64,357.03,3759.0,2s,2s,1.0,buy,False,0.1364256480218284,4.163492493946733,28.239017640954685,0.011578080659927173,-0.1711436104086655,-0.07782969829968653,-0.16340150350401927,-0.00045699862875720984,38.51422104935945,27.792826759000924,36.359573299440505,10.659333678121769,3759.0,4.759999999999991,1.0,7.329999999999984,16.0,0.020924324170020794,4.759999999999991,68.0,0.013171001660210268,1.0,2.5,-0.1711436104086655,-0.16340150350401927,-0.07782969829968653,38.51422104935945,27.792826759000924,36.359573299440505,10.659333678121769,12.24105461393593,45.009416195858044,42.60536735809449,0.07287608263026346,0.12898160610140097,0.07000000000005002,0.12999999999999545,0.2599999999999909,1.0,16673.0,16673.0,2022-02-07,2022-02-07 04:50:00,1.4452567011175603,372.0,1.0,best_within_2.0d,17044.0,362.19,0.5832424107187206,4.3760036431226785,32.22527881040892,0.012230020343504162,2.285057100371749,15.890706319702602,0.006381710269403211,0.1364256480218284,7.329999999999984,16.0,0.020924324170020794,4.759999999999991,68.0,0.013171001660210268,1.0,0.00402220134195386,1.9444468750000041,16.553125,0.005470102952261012,1.0,0
16681.0,2022-02-07 05:40:00,357.49,357.85,357.43,357.85,41901.0,2,2,0.0,sell,False,0.25420168067227705,4.163492493946733,28.239017640954685,0.011578080659927173,0.07553615015804507,-0.07272014893150276,-0.034952073852480225,-9.775599272103065e-05,56.609302939719264,82.95449579745559,74.56555195572857,99.73238348090965,41901.0,1.2100000000000364,1.0,4.759999999999991,68.0,0.013171001660210268,1.2100000000000364,10.0,0.003392777030058424,2.0,2.0,0.07553615015804507,-0.034952073852480225,-0.07272014893150276,56.609302939719264,82.95449579745559,74.56555195572857,99.73238348090965,31.870669745957603,27.020785219399297,31.152397566394892,0.10070211754175323,0.11750552555745625,0.0,0.060000000000002274,0.36000000000001364,1.0,16682.0,16682.0,2022-02-07,2022-02-07 05:40:00,2.0259885426854827,219.0,1.0,best_within_2.0d,16900.0,350.6,0.25420168067227705,4.759999999999991,68.0,0.013171001660210268,1.2100000000000364,10.0,0.003392777030058424,0.4929364202292669,5.6011759621451125,36.843533123028394,0.015614239272951093,2.82998018927445,22.52492113564669,0.007835530045022196,1.8630914826498424,0.00402220134195386,1.9444468750000041,16.553125,0.005470102952261012,0.0,1
16682.0,2022-02-07 05:45:00,357.96,358.01,357.8,357.8,18578.0,2,2,0.0,sell,False,0.2878151260504217,4.163492493946733,28.239017640954685,0.011578080659927173,0.10170037372851184,-0.060007602215438785,-0.009157415351182863,-2.5610633763811003e-05,55.39796152588631,79.42580421584837,76.18563604243516,85.9061405626748,18578.0,1.3700000000000045,1.0,4.759999999999991,68.0,0.013171001660210268,1.3700000000000045,11.0,0.0038414087034544767,2.0,2.0,0.10170037372851184,-0.009157415351182863,-0.060007602215438785,55.39796152588631,79.42580421584837,76.18563604243516,85.9061405626748,29.411764705881566,27.529411764705518,29.16335382050713,-0.044697731590112914,0.058692006707652185,0.05000000000001137,0.0,0.15999999999996817,0.0,16683.0,16683.0,2022-02-07,2022-02-07 05:45:00,2.012297372833982,218.0,1.0,best_within_2.0d,16900.0,350.6,0.2878151260504217,4.759999999999991,68.0,0.013171001660210268,1.3700000000000045,11.0,0.0038414087034544767,0.4929364202292669,5.6011759621451125,36.843533123028394,0.015614239272951093,2.82998018927445,22.52492113564669,0.007835530045022196,1.8630914826498424,0.00402220134195386,1.9444468750000041,16.553125,0.005470102952261012,1.0,1
16692.0,2022-02-07 06:35:00,358.05,358.3,357.99,357.99,3479.0,2,2,0.0,sell,False,0.34873949579832525,4.163492493946733,28.239017640954685,0.011578080659927173,0.11664412343865607,-0.0016225089259666759,0.05669955279336136,0.0001585556353435474,60.19461354098818,69.34033513649976,58.86092069538162,90.29916401873604,3479.0,1.660000000000025,1.0,4.759999999999991,68.0,0.013171001660210268,1.660000000000025,21.0,0.004654553611485041,2.0,2.0,0.11664412343865607,0.05669955279336136,-0.0016225089259666759,60.19461354098818,69.34033513649976,58.86092069538162,90.29916401873604,47.075208913648545,19.498607242340928,23.18741638251547,-0.016757436112275457,0.08659459761445915,0.25,0.0,0.060000000000002274,0.0,16693.0,16693.0,2022-02-07,2022-02-07 06:35:00,2.064303472164023,208.0,1.0,best_within_2.0d,16900.0,350.6,0.34873949579832525,4.759999999999991,68.0,0.013171001660210268,1.660000000000025,21.0,0.004654553611485041,0.4929364202292669,5.6011759621451125,36.843533123028394,0.015614239272951093,2.82998018927445,22.52492113564669,0.007835530045022196,1.8630914826498424,0.00402220134195386,1.9444468750000041,16.553125,0.005470102952261012,1.0,1
16697.0,2022-02-07 07:00:00,357.95,358.5,357.95,358.5,115678.0,2,2,0.0,sell,False,0.390756302521012,4.163492493946733,28.239017640954685,0.011578080659927173,0.15968573171285155,0.06516141193147904,0.1450042777879048,0.0004053420277798634,68.02185873896238,74.50810653340102,65.70712163546646,92.11007632927013,115678.0,1.8600000000000136,1.0,4.759999999999991,68.0,0.013171001660210268,1.8600000000000136,26.0,0.005215343203230187,2.0,2.0,0.15968573171285155,0.1450042777879048,0.06516141193147904,68.02185873896238,74.50810653340102,65.70712163546646,92.11007632927013,42.818428184280116,23.035230352303444,21.36791736202785,0.1536527447967625,0.1536527447967625,0.0,0.0,0.5500000000000114,1.0,16698.0,16698.0,2022-02-07,2022-02-07 07:00:00,2.203626220362616,203.0,1.0,best_within_2.0d,16900.0,350.6,0.390756302521012,4.759999999999991,68.0,0.013171001660210268,1.8600000000000136,26.0,0.005215343203230187,0.4929364202292669,5.6011759621451125,36.843533123028394,0.015614239272951093,2.82998018927445,22.52492113564669,0.007835530045022196,1.8630914826498424,0.00402220134195386,1.9444468750000041,16.553125,0.005470102952261012,0.0,1
16698.0,2022-02-07 07:05:00,358.5,358.6,358.46,358.55,24638.0,2,2,0.0,sell,False,0.41176470588236136,4.163492493946733,28.239017640954685,0.011578080659927173,0.19631497246406,0.08970078348948654,0.18785826972151654,0.0005250464031299156,68.75178744328579,81.2871912971811,70.90047818937134,102.0606175128006,24638.0,1.9600000000000364,1.0,4.759999999999991,68.0,0.013171001660210268,1.9600000000000364,27.0,0.005495737999102839,2.0,2.0,0.19631497246406,0.18785826972151654,0.08970078348948654,68.75178744328579,81.2871912971811,70.90047818937134,102.0606175128006,48.695652173911,14.782608695652877,23.657684517186105,0.01394700139470331,0.03905596161358121,0.05000000000001137,0.040000000000020464,0.05000000000001137,1.0,16699.0,16699.0,2022-02-07,2022-02-07 07:05:00,2.2172639799191156,202.0,1.0,best_within_2.0d,16900.0,350.6,0.41176470588236136,4.759999999999991,68.0,0.013171001660210268,1.9600000000000364,27.0,0.005495737999102839,0.4929364202292669,5.6011759621451125,36.843533123028394,0.015614239272951093,2.82998018927445,22.52492113564669,0.007835530045022196,1.8630914826498424,0.00402220134195386,1.9444468750000041,16.553125,0.005470102952261012,0.0,1
16699.0,2022-02-07 07:10:00,358.56,358.8,358.56,358.74,22900.0,2,2,0.0,sell,False,0.4537815126050481,4.163492493946733,28.239017640954685,0.011578080659927173,0.23159745809826507,0.11865046575176967,0.2344491948009022,0.0006551353523842181,71.42133377181825,85.81539248871897,75.87211628915388,105.70194488784912,22900.0,2.160000000000025,1.0,4.759999999999991,68.0,0.013171001660210268,2.160000000000025,28.0,0.006056527590847984,2.0,2.0,0.23159745809826507,0.2344491948009022,0.11865046575176967,71.42133377181825,85.81539248871897,75.87211628915388,105.70194488784912,52.95774647887039,14.3661971830992,26.062291032545264,0.05020080321285331,0.06693440428380441,0.060000000000002274,0.0,0.18000000000000682,1.0,16700.0,16700.0,2022-02-07,2022-02-07 07:10:00,2.269052795896746,201.0,1.0,best_within_2.0d,16900.0,350.6,0.4537815126050481,4.759999999999991,68.0,0.013171001660210268,2.160000000000025,28.0,0.006056527590847984,0.4929364202292669,5.6011759621451125,36.843533123028394,0.015614239272951093,2.82998018927445,22.52492113564669,0.007835530045022196,1.8630914826498424,0.00402220134195386,1.9444468750000041,16.553125,0.005470102952261012,0.0,1
16700.0,2022-02-07 07:15:00,358.86,359.13,358.86,358.89,131116.0,2,2,0.0,sell,False,0.5231092436974819,4.163492493946733,28.239017640954685,0.011578080659927173,0.25855298695780754,0.15096958912149563,0.2802460826003994,0.0007829420095782687,73.35653166431112,85.21026165914577,78.98483141248451,97.6611221524683,131116.0,2.490000000000009,1.0,4.759999999999991,68.0,0.013171001660210268,2.490000000000009,29.0,0.006981830417227482,2.0,2.0,0.25855298695780754,0.2802460826003994,0.15096958912149563,73.35653166431112,85.21026165914577,78.98483141248451,97.6611221524683,59.24932975871049,9.651474530831123,29.34244423005376,0.008359806052491979,0.07523825447249116,0.2400000000000091,0.0,0.029999999999972715,1.0,16701.0,16701.0,2022-02-07,2022-02-07 07:15:00,2.3098999693499302,200.0,1.0,best_within_2.0d,16900.0,350.6,0.5231092436974819,4.759999999999991,68.0,0.013171001660210268,2.490000000000009,29.0,0.006981830417227482,0.4929364202292669,5.6011759621451125,36.843533123028394,0.015614239272951093,2.82998018927445,22.52492113564669,0.007835530045022196,1.8630914826498424,0.00402220134195386,1.9444468750000041,16.553125,0.005470102952261012,1.0,1
16707.0,2022-02-07 07:50:00,359.06,359.29,358.97,359.09,94440.0,2,2,0.0,sell,False,0.5567226890756385,4.163492493946733,28.239017640954685,0.011578080659927173,0.11353217241706015,0.27209044298212925,0.32885652919065933,0.0009178807956144145,69.36294699158114,69.60221783507683,68.79143425095907,71.22378500331234,94440.0,2.650000000000034,1.0,4.759999999999991,68.0,0.013171001660210268,2.650000000000034,36.0,0.007430462090623694,2.0,2.0,0.11353217241706015,0.32885652919065933,0.27209044298212925,69.36294699158114,69.60221783507683,68.79143425095907,71.22378500331234,50.375939849622995,17.543859649122233,34.049446780170555,0.008355149557169473,0.08914393960497902,0.20000000000004547,0.08999999999997499,0.029999999999972715,1.0,16708.0,16708.0,2022-02-07,2022-02-07 07:50:00,2.364309783062729,193.0,1.0,best_within_2.0d,16900.0,350.6,0.5567226890756385,4.759999999999991,68.0,0.013171001660210268,2.650000000000034,36.0,0.007430462090623694,0.4929364202292669,5.6011759621451125,36.843533123028394,0.015614239272951093,2.82998018927445,22.52492113564669,0.007835530045022196,1.8630914826498424,0.00402220134195386,1.9444468750000041,16.553125,0.005470102952261012,0.0,1
16708.0,2022-02-07 07:55:00,359.05,359.36,359.01,359.1,42209.0,2,2,0.0,sell,False,0.5714285714285783,4.163492493946733,28.239017640954685,0.011578080659927173,0.11478801950268624,0.28643894541996506,0.3438329551713082,0.0009595188616348256,69.50553374161262,70.10518226042228,69.22935025411347,71.8568462730399,42209.0,2.7200000000000273,1.0,4.759999999999991,68.0,0.013171001660210268,2.7200000000000273,37.0,0.007626738447734487,2.0,2.0,0.11478801950268624,0.3438329551713082,0.28643894541996506,69.50553374161262,70.10518226042228,69.22935025411347,71.8568462730399,51.35802469135676,14.07407407407367,35.687424301263505,0.013925637097900396,0.09749032060388924,0.2599999999999909,0.040000000000020464,0.05000000000001137,1.0,16709.0,16709.0,2022-02-07,2022-02-07 07:55:00,2.367028682818156,192.0,1.0,best_within_2.0d,16900.0,350.6,0.5714285714285783,4.759999999999991,68.0,0.013171001660210268,2.7200000000000273,37.0,0.007626738447734487,0.4929364202292669,5.6011759621451125,36.843533123028394,0.015614239272951093,2.82998018927445,22.52492113564669,0.007835530045022196,1.8630914826498424,0.00402220134195386,1.9444468750000041,16.553125,0.005470102952261012,0.0,1
16709.0,2022-02-07 08:00:00,359.1,359.5,356.82,358.278,67037.0,2,2,0.0,sell,False,0.6008403361344578,4.163492493946733,28.239017640954685,0.011578080659927173,-0.000581275228737077,0.28636628601637293,0.2860756484020044,0.0007983482481886444,49.22516445141565,64.8711165318241,67.77660568001701,59.060138235438274,67037.0,2.8600000000000136,1.0,4.759999999999991,68.0,0.013171001660210268,2.8600000000000136,38.0,0.008019291161956073,2.0,2.0,-0.000581275228737077,0.2860756484020044,0.28636628601637293,49.22516445141565,64.8711165318241,67.77660568001701,59.060138235438274,31.137724550897666,41.31736526946055,34.141864478091804,-0.22890559732665072,0.7510789753937579,0.39999999999997726,1.4580000000000268,0.8220000000000027,0.0,16710.0,16710.0,2022-02-07,2022-02-07 08:00:00,2.1430285979044195,191.0,1.0,best_within_2.0d,16900.0,350.6,0.6008403361344578,4.759999999999991,68.0,0.013171001660210268,2.8600000000000136,38.0,0.008019291161956073,0.4929364202292669,5.6011759621451125,36.843533123028394,0.015614239272951093,2.82998018927445,22.52492113564669,0.007835530045022196,1.8630914826498424,0.00402220134195386,1.9444468750000041,16.553125,0.005470102952261012,0.0,1
16710.0,2022-02-07 08:05:00,359.5,359.91,357.49,359.77,30946.0,2,2,0.0,sell,False,0.6869747899159758,4.163492493946733,28.239017640954685,0.011578080659927173,0.11234837261404418,0.3004098325931285,0.35658401890015057,0.0009948199779203943,67.66645979804946,75.07049624235908,70.20790253413102,84.79568365881522,30946.0,3.2700000000000387,1.0,4.759999999999991,68.0,0.013171001660210268,3.2700000000000387,39.0,0.009168909825033756,2.0,2.0,0.11234837261404418,0.35658401890015057,0.3004098325931285,67.66645979804946,75.07049624235908,70.20790253413102,84.79568365881522,25.143513203214564,31.687715269804585,32.52567069502463,0.07510431154380579,0.6769420123639867,0.1400000000000432,2.009999999999991,0.2699999999999818,1.0,16711.0,16711.0,2022-02-07,2022-02-07 08:05:00,2.5488506545848626,190.0,1.0,best_within_2.0d,16900.0,350.6,0.6869747899159758,4.759999999999991,68.0,0.013171001660210268,3.2700000000000387,39.0,0.009168909825033756,0.4929364202292669,5.6011759621451125,36.843533123028394,0.015614239272951093,2.82998018927445,22.52492113564669,0.007835530045022196,1.8630914826498424,0.00402220134195386,1.9444468750000041,16.553125,0.005470102952261012,1.0,1
16731.0,2022-02-07 09:50:00,359.32,360.94,359.2682,360.91,968693.0,2s,2s,0.0,sell,False,0.9033613445378192,4.163492493946733,28.239017640954685,0.011578080659927173,0.23923041256620414,0.16391984521189162,0.2835350514949937,0.0007895589270039686,64.50895920113545,72.63495835501165,58.17621940505322,101.55243625492852,968693.0,2.6100000000000136,1.0,4.759999999999991,68.0,0.013171001660210268,2.6100000000000136,8.0,0.007283788686406423,1.0,2.5,0.23923041256620414,0.2835350514949937,0.16391984521189162,64.50895920113545,72.63495835501165,58.17621940505322,101.55243625492852,21.467964614873498,17.303919754228755,36.0342524709917,0.4425025047311677,0.46533481115223085,0.029999999999972715,0.05180000000001428,1.5900000000000318,1.0,16732.0,16732.0,2022-02-07,2022-02-07 09:50:00,2.8566678673353474,169.0,1.0,best_within_2.0d,16900.0,350.6,0.5832424107187206,4.3760036431226785,32.22527881040892,0.012230020343504162,2.285057100371749,15.890706319702602,0.006381710269403211,0.9033613445378192,4.759999999999991,68.0,0.013171001660210268,2.6100000000000136,8.0,0.007283788686406423,1.0,0.00402220134195386,1.9444468750000041,16.553125,0.005470102952261012,0.0,1
16732.0,2022-02-07 09:55:00,360.9,361.05,359.83,360.42,844981.0,2s,2s,0.0,sell,False,0.9264705882353012,4.163492493946733,28.239017640954685,0.011578080659927173,0.2893518449066077,0.2000888258252176,0.34476474827852144,0.0009598047959737021,59.83684877615088,75.41222802720822,63.92155561243821,98.39357285674822,844981.0,2.7200000000000273,1.0,4.759999999999991,68.0,0.013171001660210268,2.7200000000000273,9.0,0.007590768286216692,1.0,2.5,0.2893518449066077,0.34476474827852144,0.2000888258252176,59.83684877615088,75.41222802720822,63.92155561243821,98.39357285674822,20.500905456658757,15.973622168312335,34.34696143634597,-0.13300083125518466,0.3390489953589271,0.1500000000000341,0.5900000000000318,0.47999999999996135,0.0,16733.0,16733.0,2022-02-07,2022-02-07 09:55:00,2.724599078852448,168.0,1.0,best_within_2.0d,16900.0,350.6,0.5832424107187206,4.3760036431226785,32.22527881040892,0.012230020343504162,2.285057100371749,15.890706319702602,0.006381710269403211,0.9264705882353012,4.759999999999991,68.0,0.013171001660210268,2.7200000000000273,9.0,0.007590768286216692,1.0,0.00402220134195386,1.9444468750000041,16.553125,0.005470102952261012,1.0,1
16746.0,2022-02-07 11:05:00,358.7,358.99,357.58,357.78,657598.0,1,1,1.0,buy,False,0.34074889517343165,3.4700000000000273,15.0,0.00961085722199149,-0.3273019924956184,0.007142122103203086,-0.15650887414460612,-0.00043593640858486505,40.46856855794925,24.232301673747614,31.607658520879614,9.481587979483614,657598.0,3.4700000000000273,1.0,3.4700000000000273,15.0,0.00961085722199149,3.4700000000000273,15.0,0.00961085722199149,1.0,1.0,-0.3273019924956184,-0.15650887414460612,0.007142122103203086,40.46856855794925,24.232301673747614,31.607658520879614,9.481587979483614,9.579698651862827,23.654877081681402,22.6124474214221,-0.25648173961528187,0.39431735555680547,0.29000000000002046,0.19999999999998863,0.9200000000000159,0.0,16747.0,16747.0,2022-02-07,2022-02-07 11:05:00,1.9760746827659597,380.0,1.0,best_within_2.0d,17126.0,364.85,0.5832424107187206,4.3760036431226785,32.22527881040892,0.012230020343504162,2.285057100371749,15.890706319702602,0.006381710269403211,0.4929364202292669,5.6011759621451125,36.843533123028394,0.015614239272951093,2.82998018927445,22.52492113564669,0.007835530045022196,1.8630914826498424,0.00402220134195386,1.9444468750000041,16.553125,0.005470102952261012,0.0,0
16748.0,2022-02-07 11:15:00,358.19,358.23,357.31,357.74,511925.0,1,1,1.0,buy,False,0.38398835642232904,3.740000000000009,17.0,0.01035867608364495,-0.3688351038911958,-0.07992227182588124,-0.26433982377147913,-0.0007365956266665276,41.137546928348584,21.21663839602774,26.504013129992433,10.641888928098354,511925.0,3.740000000000009,1.0,3.740000000000009,17.0,0.01035867608364495,3.740000000000009,17.0,0.01035867608364495,1.0,1.0,-0.3688351038911958,-0.26433982377147913,-0.07992227182588124,41.137546928348584,21.21663839602774,26.504013129992433,10.641888928098354,10.11894789746943,24.651365387837632,24.906161670093773,-0.12563164800803725,0.25747949959419436,0.040000000000020464,0.4300000000000068,0.44999999999998863,0.0,16749.0,16749.0,2022-02-07,2022-02-07 11:15:00,1.9874769385587336,378.0,1.0,best_within_2.0d,17126.0,364.85,0.5832424107187206,4.3760036431226785,32.22527881040892,0.012230020343504162,2.285057100371749,15.890706319702602,0.006381710269403211,0.4929364202292669,5.6011759621451125,36.843533123028394,0.015614239272951093,2.82998018927445,22.52492113564669,0.007835530045022196,1.8630914826498424,0.00402220134195386,1.9444468750000041,16.553125,0.005470102952261012,0.0,0
16749.0,2022-02-07 11:20:00,357.74,357.9,357.165,357.48,369740.0,1,1,1.0,buy,False,0.4237454413742829,3.884999999999991,18.0,0.010760282509347711,-0.4070232632804355,-0.13080017973593566,-0.3343118113761534,-0.0009318427028656631,39.528529011858026,18.42141134073268,23.809812533572515,7.644608955053009,369740.0,3.884999999999991,1.0,3.884999999999991,18.0,0.010760282509347711,3.884999999999991,18.0,0.010760282509347711,1.0,1.0,-0.4070232632804355,-0.3343118113761534,-0.13080017973593566,39.528529011858026,18.42141134073268,23.809812533572515,7.644608955053009,10.88790505169867,21.22492537098243,25.42641363938492,-0.07267848157879771,0.20578724119103406,0.15999999999996817,0.3149999999999977,0.2599999999999909,0.0,16750.0,16750.0,2022-02-07,2022-02-07 11:20:00,2.0616537988139205,377.0,1.0,best_within_2.0d,17126.0,364.85,0.5832424107187206,4.3760036431226785,32.22527881040892,0.012230020343504162,2.285057100371749,15.890706319702602,0.006381710269403211,0.4929364202292669,5.6011759621451125,36.843533123028394,0.015614239272951093,2.82998018927445,22.52492113564669,0.007835530045022196,1.8630914826498424,0.00402220134195386,1.9444468750000041,16.553125,0.005470102952261012,0.0,0
16751.0,2022-02-07 11:30:00,357.71,357.74,356.82,357.1,691423.0,1,1,1.0,buy,False,0.43144323583662486,4.230000000000018,20.0,0.011715828832571716,-0.41441728128323074,-0.22983745787440535,-0.4370460985160207,-0.0012188631735080674,37.82036657494234,16.752305583559504,20.602331146068074,9.052254458542365,691423.0,4.230000000000018,1.0,4.230000000000018,20.0,0.011715828832571716,4.230000000000018,20.0,0.011715828832571716,1.0,1.0,-0.41441728128323074,-0.4370460985160207,-0.22983745787440535,37.82036657494234,16.752305583559504,20.602331146068074,9.052254458542365,11.324773504529471,23.80152396952132,25.464982949218815,-0.17052919963097393,0.2578330811053237,0.03000000000002956,0.28000000000002956,0.6099999999999568,0.0,16752.0,16752.0,2022-02-07,2022-02-07 11:30:00,2.17026043125175,375.0,1.0,best_within_2.0d,17126.0,364.85,0.5832424107187206,4.3760036431226785,32.22527881040892,0.012230020343504162,2.285057100371749,15.890706319702602,0.006381710269403211,0.4929364202292669,5.6011759621451125,36.843533123028394,0.015614239272951093,2.82998018927445,22.52492113564669,0.007835530045022196,1.8630914826498424,0.00402220134195386,1.9444468750000041,16.553125,0.005470102952261012,0.0,0
16752.0,2022-02-07 11:35:00,357.11,357.23,355.97,356.135,686393.0,1,1,1.0,buy,False,0.556532770614288,5.079999999999984,21.0,0.014070073397036377,-0.5345704338042048,-0.2966587620999309,-0.5639439790020333,-0.0015735555054694947,32.64501453177408,12.713147542597405,17.972603278244517,2.1942360713031803,686393.0,5.079999999999984,1.0,5.079999999999984,21.0,0.014070073397036377,5.079999999999984,21.0,0.014070073397036377,1.0,1.0,-0.5345704338042048,-0.5639439790020333,-0.2966587620999309,32.64501453177408,12.713147542597405,17.972603278244517,2.1942360713031803,8.129724028826873,29.46915099314515,27.700019397212817,-0.27302511831089094,0.3539624125628538,0.12000000000000455,0.16499999999996362,0.9750000000000227,0.0,16753.0,16753.0,2022-02-07,2022-02-07 11:35:00,2.447105732376776,374.0,1.0,best_within_2.0d,17126.0,364.85,0.5832424107187206,4.3760036431226785,32.22527881040892,0.012230020343504162,2.285057100371749,15.890706319702602,0.006381710269403211,0.4929364202292669,5.6011759621451125,36.843533123028394,0.015614239272951093,2.82998018927445,22.52492113564669,0.007835530045022196,1.8630914826498424,0.00402220134195386,1.9444468750000041,16.553125,0.005470102952261012,0.0,0
16753.0,2022-02-07 11:40:00,356.15,356.28,355.32,355.48,662781.0,1,1,1.0,buy,False,0.6871665229315352,5.730000000000018,22.0,0.015870378063980107,-0.6600490135626268,-0.3791648887952593,-0.7091893955765727,-0.0019800195432990103,29.676584917970047,9.74225671485928,15.22915442378277,-1.2315387029876987,662781.0,5.730000000000018,1.0,5.730000000000018,22.0,0.015870378063980107,5.730000000000018,22.0,0.015870378063980107,1.0,1.0,-0.6600490135626268,-0.7091893955765727,-0.3791648887952593,29.676584917970047,9.74225671485928,15.22915442378277,-1.2315387029876987,6.585051932113688,34.97261217037409,30.600649776936287,-0.18812298188964177,0.27017899358324315,0.12999999999999545,0.160000000000025,0.6699999999999591,0.0,16754.0,16754.0,2022-02-07,2022-02-07 11:40:00,2.635872622932374,373.0,1.0,best_within_2.0d,17126.0,364.85,0.5832424107187206,4.3760036431226785,32.22527881040892,0.012230020343504162,2.285057100371749,15.890706319702602,0.006381710269403211,0.4929364202292669,5.6011759621451125,36.843533123028394,0.015614239272951093,2.82998018927445,22.52492113564669,0.007835530045022196,1.8630914826498424,0.00402220134195386,1.9444468750000041,16.553125,0.005470102952261012,0.0,0
16754.0,2022-02-07 11:45:00,355.49,355.9101,355.28,355.85,532834.0,1,1,1.0,buy,False,0.6871665229317735,5.770000000000039,23.0,0.015981166043484388,-0.6499570774060427,-0.46040952347101455,-0.7853880621740359,-0.002193816142196755,33.36272814057057,11.61613161044567,14.024813486003737,6.798767859329537,532834.0,5.770000000000039,1.0,5.770000000000039,23.0,0.015981166043484388,5.770000000000039,23.0,0.015981166043484388,1.0,1.0,-0.6499570774060427,-0.7853880621740359,-0.46040952347101455,33.36272814057057,11.61613161044567,14.024813486003737,6.798767859329537,6.205680467998659,35.67206762678215,33.44080865560942,0.10126867141129528,0.17735307363207253,0.06009999999997717,0.21000000000003638,0.36000000000001364,1.0,16755.0,16755.0,2022-02-07,2022-02-07 11:45:00,2.5291555430658983,372.0,1.0,best_within_2.0d,17126.0,364.85,0.5832424107187206,4.3760036431226785,32.22527881040892,0.012230020343504162,2.285057100371749,15.890706319702602,0.006381710269403211,0.4929364202292669,5.6011759621451125,36.843533123028394,0.015614239272951093,2.82998018927445,22.52492113564669,0.007835530045022196,1.8630914826498424,0.00402220134195386,1.9444468750000041,16.553125,0.005470102952261012,1.0,0
16760.0,2022-02-07 12:15:00,356.065,356.72,355.8824,356.348,333166.0,3a,3a,0.0,sell,False,0.004409343342728884,4.163492493946733,28.239017640954685,0.011578080659927173,-0.10565602637911997,-0.7151049651743846,-0.7679329783639446,-0.0021491636993795403,41.063244432785304,36.436660948751566,27.64632769778133,54.01732745069204,333166.0,1.4400000000000546,2.0,1.4400000000000546,7.0,0.004053141184418078,1.4400000000000546,7.0,0.004053141184418078,3.0,3.0,-0.10565602637911997,-0.7679329783639446,-0.7151049651743846,41.063244432785304,36.436660948751566,27.64632769778133,54.01732745069204,12.95141980805459,24.87025194059971,38.02050416404073,0.07947987024841403,0.2353586465641484,0.3720000000000141,0.18259999999997945,0.28300000000001546,1.0,16761.0,16761.0,2022-02-07,2022-02-07 12:15:00,1.613029959477811,140.0,1.0,best_within_2.0d,16900.0,350.6,0.5832424107187206,4.3760036431226785,32.22527881040892,0.012230020343504162,2.285057100371749,15.890706319702602,0.006381710269403211,0.4929364202292669,5.6011759621451125,36.843533123028394,0.015614239272951093,2.82998018927445,22.52492113564669,0.007835530045022196,1.8630914826498424,0.004409343342728884,1.4400000000000546,7.0,0.004053141184418078,0.0,1
16761.0,2022-02-07 12:20:00,356.31,356.835,356.22,356.6711,320715.0,3a,3a,0.0,sell,False,0.004409343342728884,4.163492493946733,28.239017640954685,0.011578080659927173,0.022050164040810838,-0.7123486946692832,-0.7013236126488778,-0.001963011326194622,44.25553129827799,54.11104299048701,36.467899462016554,89.3973300474279,320715.0,1.5550000000000068,2.0,1.5550000000000068,8.0,0.0043768295428957636,1.5550000000000068,8.0,0.0043768295428957636,3.0,3.0,0.022050164040810838,-0.7013236126488778,-0.7123486946692832,44.25553129827799,54.11104299048701,36.467899462016554,89.3973300474279,13.916958300142712,24.747822818119758,37.305626902691415,0.1013443349892009,0.17264611756778175,0.16389999999995553,0.08999999999997499,0.36110000000002174,1.0,16762.0,16762.0,2022-02-07,2022-02-07 12:20:00,1.7021564124483315,139.0,1.0,best_within_2.0d,16900.0,350.6,0.5832424107187206,4.3760036431226785,32.22527881040892,0.012230020343504162,2.285057100371749,15.890706319702602,0.006381710269403211,0.4929364202292669,5.6011759621451125,36.843533123028394,0.015614239272951093,2.82998018927445,22.52492113564669,0.007835530045022196,1.8630914826498424,0.004409343342728884,1.5550000000000068,8.0,0.0043768295428957636,0.0,1
16762.0,2022-02-07 12:25:00,356.68,356.85,355.74,355.8299,396427.0,3a,3a,0.0,sell,False,0.004409343342728884,4.163492493946733,28.239017640954685,0.011578080659927173,0.006559880621800129,-0.7115287095915581,-0.708248769280658,-0.0019829866853121087,38.420704138649064,47.74918789599386,40.22832894000899,62.79090580796361,396427.0,1.57000000000005,2.0,1.57000000000005,9.0,0.004419049763566905,1.57000000000005,9.0,0.004419049763566905,3.0,3.0,0.006559880621800129,-0.708248769280658,-0.7115287095915581,38.420704138649064,47.74918789599386,40.22832894000899,62.79090580796361,13.684247582001152,24.774041381010484,36.700646419285924,-0.2383368846024441,0.31202563670096517,0.17000000000001592,0.08990000000000009,0.8500999999999976,0.0,16763.0,16763.0,2022-02-07,2022-02-07 12:25:00,1.4697753055603213,138.0,1.0,best_within_2.0d,16900.0,350.6,0.5832424107187206,4.3760036431226785,32.22527881040892,0.012230020343504162,2.285057100371749,15.890706319702602,0.006381710269403211,0.4929364202292669,5.6011759621451125,36.843533123028394,0.015614239272951093,2.82998018927445,22.52492113564669,0.007835530045022196,1.8630914826498424,0.004409343342728884,1.57000000000005,9.0,0.004419049763566905,1.0,1
16770.0,2022-02-07 13:05:00,356.5351,357.09,356.4015,356.98,385514.0,3a,3a,0.0,sell,False,0.004409343342728884,4.163492493946733,28.239017640954685,0.011578080659927173,0.3584991980951433,-0.5945730423398375,-0.4153234432922659,-0.0011643950862825797,52.36808151949708,71.28101208327243,57.102082762726496,99.6388707243643,385514.0,1.8100000000000023,2.0,1.8100000000000023,17.0,0.005094573294303091,1.8100000000000023,17.0,0.005094573294303091,3.0,3.0,0.3584991980951433,-0.4153234432922659,-0.5945730423398375,52.36808151949708,71.28101208327243,57.102082762726496,99.6388707243643,17.613682200768892,12.54918833642614,29.991411881491928,0.12478434802071893,0.19318100513044315,0.1099999999999568,0.13360000000000127,0.4449000000000183,1.0,16771.0,16771.0,2022-02-07,2022-02-07 13:05:00,1.7872149700263307,130.0,1.0,best_within_2.0d,16900.0,350.6,0.5832424107187206,4.3760036431226785,32.22527881040892,0.012230020343504162,2.285057100371749,15.890706319702602,0.006381710269403211,0.4929364202292669,5.6011759621451125,36.843533123028394,0.015614239272951093,2.82998018927445,22.52492113564669,0.007835530045022196,1.8630914826498424,0.004409343342728884,1.8100000000000023,17.0,0.005094573294303091,0.0,1
16771.0,2022-02-07 13:10:00,356.98,357.58,356.74,357.2432,435009.0,3a,3a,0.0,sell,False,0.004409343342728884,4.163492493946733,28.239017640954685,0.011578080659927173,0.46014930263907927,-0.5370543795099526,-0.30697972819041297,-0.0008605445630140953,54.54383202575518,76.5853135054518,63.59649301030159,102.56295449575221,435009.0,2.3000000000000114,2.0,2.3000000000000114,18.0,0.006473767169556438,2.3000000000000114,18.0,0.006473767169556438,3.0,3.0,0.46014930263907927,-0.30697972819041297,-0.5370543795099526,54.54383202575518,76.5853135054518,63.59649301030159,102.56295449575221,20.571705165783516,12.549188336426203,29.579305426782472,0.07372962070703777,0.23546560520266158,0.33679999999998245,0.2400000000000091,0.26319999999998345,1.0,16772.0,16772.0,2022-02-07,2022-02-07 13:10:00,1.8595735342198196,129.0,1.0,best_within_2.0d,16900.0,350.6,0.5832424107187206,4.3760036431226785,32.22527881040892,0.012230020343504162,2.285057100371749,15.890706319702602,0.006381710269403211,0.4929364202292669,5.6011759621451125,36.843533123028394,0.015614239272951093,2.82998018927445,22.52492113564669,0.007835530045022196,1.8630914826498424,0.004409343342728884,2.3000000000000114,18.0,0.006473767169556438,0.0,1
16774.0,2022-02-07 13:25:00,357.05,357.59,356.97,357.4285,312183.0,3a,3a,0.0,sell,False,0.004409343342728884,4.163492493946733,28.239017640954685,0.011578080659927173,0.515947501340589,-0.35039278033040133,-0.09241902966010684,-0.0002590036386503962,56.12711123191286,82.60409778321348,75.26031042808582,97.29167249346878,312183.0,2.3100000000000023,2.0,2.3100000000000023,21.0,0.006501913983337093,2.3100000000000023,21.0,0.006501913983337093,3.0,3.0,0.515947501340589,-0.09241902966010684,-0.35039278033040133,56.12711123191286,82.60409778321348,75.26031042808582,97.29167249346878,20.170494246983104,13.043275725532677,28.420477993261954,0.10600756196610392,0.17368406308651924,0.16149999999998954,0.07999999999998408,0.3784999999999741,1.0,16775.0,16775.0,2022-02-07,2022-02-07 13:25:00,1.9104520204740145,126.0,1.0,best_within_2.0d,16900.0,350.6,0.5832424107187206,4.3760036431226785,32.22527881040892,0.012230020343504162,2.285057100371749,15.890706319702602,0.006381710269403211,0.4929364202292669,5.6011759621451125,36.843533123028394,0.015614239272951093,2.82998018927445,22.52492113564669,0.007835530045022196,1.8630914826498424,0.004409343342728884,2.3100000000000023,21.0,0.006501913983337093,0.0,1
16775.0,2022-02-07 13:30:00,357.43,357.71,357.09,357.23,282347.0,3a,3a,0.0,sell,False,0.004409343342728884,4.163492493946733,28.239017640954685,0.011578080659927173,0.48717186474647023,-0.2894962972370926,-0.04591036486385747,-0.00012865264314795562,53.878461086954985,80.55959460057417,77.02673848558193,87.62530683055866,282347.0,2.430000000000007,2.0,2.430000000000007,22.0,0.006839675748705266,2.430000000000007,22.0,0.006839675748705266,3.0,3.0,0.48717186474647023,-0.04591036486385747,-0.2894962972370926,53.878461086954985,80.55959460057417,77.02673848558193,87.62530683055866,20.207664012664463,13.037202588816344,27.931060097384552,-0.05595501217021197,0.17362569660309854,0.2799999999999727,0.1400000000000432,0.19999999999998863,0.0,16776.0,16776.0,2022-02-07,2022-02-07 13:30:00,1.8559471488956683,125.0,1.0,best_within_2.0d,16900.0,350.6,0.5832424107187206,4.3760036431226785,32.22527881040892,0.012230020343504162,2.285057100371749,15.890706319702602,0.006381710269403211,0.4929364202292669,5.6011759621451125,36.843533123028394,0.015614239272951093,2.82998018927445,22.52492113564669,0.007835530045022196,1.8630914826498424,0.004409343342728884,2.430000000000007,22.0,0.006839675748705266,1.0,1
16780.0,2022-02-07 13:55:00,356.97,357.84,356.96,357.65,308110.0,3a,3a,0.0,sell,False,0.004409343342728884,4.163492493946733,28.239017640954685,0.011578080659927173,0.2977240136534983,-0.060176588129780606,0.08868541869696855,0.00024842340264689033,57.37447447937198,64.57328096870353,67.94890894343327,57.82202501924405,308110.0,2.5600000000000023,2.0,2.5600000000000023,27.0,0.007205584327854094,2.5600000000000023,27.0,0.007205584327854094,3.0,3.0,0.2977240136534983,0.08868541869696855,-0.060176588129780606,57.37447447937198,64.57328096870353,67.94890894343327,57.82202501924405,26.211013049374138,8.558788875798006,34.634699413075055,0.19049219822392635,0.24652622142536854,0.18999999999999773,0.010000000000047748,0.67999999999995,1.0,16781.0,16781.0,2022-02-07,2022-02-07 13:55:00,1.9712008947294715,120.0,1.0,best_within_2.0d,16900.0,350.6,0.5832424107187206,4.3760036431226785,32.22527881040892,0.012230020343504162,2.285057100371749,15.890706319702602,0.006381710269403211,0.4929364202292669,5.6011759621451125,36.843533123028394,0.015614239272951093,2.82998018927445,22.52492113564669,0.007835530045022196,1.8630914826498424,0.004409343342728884,2.5600000000000023,27.0,0.007205584327854094,1.0,1
16781.0,2022-02-07 14:00:00,360.83,361.6665,360.5501,360.67,905905.0,1p,1p,0.0,sell,False,1.942524465834534,3.7964999999999804,17.0,0.010608600888590775,0.5041907190772106,-0.21762185864640093,0.034473500892204356,9.584812133451296e-05,58.69547764045617,69.52532759135943,58.2992017540117,91.97757926605489,905905.0,3.7964999999999804,0.0,3.7964999999999804,17.0,0.010608600888590775,3.7964999999999804,0.0,0.0,1.0,1.0,0.5041907190772106,0.034473500892204356,-0.21762185864640093,58.69547764045617,69.52532759135943,58.2992017540117,91.97757926605489,25.94177872486339,10.532245817718515,33.208513157454846,-0.04434221101348784,0.3096379670952799,0.8365000000000009,0.11990000000002965,0.15999999999996817,0.0,16782.0,16782.0,2022-02-07,2022-02-07 14:00:00,1.5859649122806951,119.0,1.0,best_within_2.0d,16900.0,350.6,0.5832424107187206,4.3760036431226785,32.22527881040892,0.012230020343504162,2.285057100371749,15.890706319702602,0.006381710269403211,0.4929364202292669,5.6011759621451125,36.843533123028394,0.015614239272951093,2.82998018927445,22.52492113564669,0.007835530045022196,1.8630914826498424,0.00402220134195386,1.9444468750000041,16.553125,0.005470102952261012,0.0,1
16781.0,2022-02-07 14:00:00,358.0599,358.73,357.851,358.32,461100.0,2,2,0.0,sell,False,0.40393788693799226,4.163492493946733,28.239017640954685,0.011578080659927173,0.34620965613048715,-0.4023780900295952,-0.2292732619643516,-0.0006402982838069609,52.277184846733476,68.7155630422429,57.2995748633256,91.54753940007751,461100.0,1.990000000000009,1.0,4.926499999999976,24.0,0.013621665263440148,1.990000000000009,16.0,0.005578292313729913,2.0,2.0,0.34620965613048715,-0.2292732619643516,-0.4023780900295952,52.277184846733476,68.7155630422429,57.2995748633256,91.54753940007751,20.531400966184616,13.306159420289429,29.05319633185859,0.07264147702659968,0.24563295896896167,0.410000000000025,0.20890000000002829,0.2600999999999658,1.0,16782.0,16782.0,2022-02-07,2022-02-07 14:00:00,1.5859649122806951,119.0,1.0,best_within_2.0d,16900.0,350.6,0.40393788693799226,4.926499999999976,24.0,0.013621665263440148,1.990000000000009,16.0,0.005578292313729913,0.4929364202292669,5.6011759621451125,36.843533123028394,0.015614239272951093,2.82998018927445,22.52492113564669,0.007835530045022196,1.8630914826498424,0.00402220134195386,1.9444468750000041,16.553125,0.005470102952261012,0.0,1
16781.0,2022-02-07 14:00:00,356.47,356.98,356.28,356.32,756763.0,2s,2s,0.0,sell,False,0.04871612706790018,4.163492493946733,28.239017640954685,0.011578080659927173,0.06933194210421645,-0.5270340937580629,-0.49236812270595465,-0.0013802930237091793,44.72790240560391,46.71749808487026,32.30133873491258,75.5498167847856,756763.0,1.8199999999999932,1.0,4.926499999999976,24.0,0.013621665263440148,1.8199999999999932,8.0,0.005124450951683728,1.0,2.5,0.06933194210421645,-0.49236812270595465,-0.5270340937580629,44.72790240560391,46.71749808487026,32.30133873491258,75.5498167847856,14.619097270744163,24.832041621429422,36.268182230680544,-0.04207927735855306,0.19647468283373906,0.5099999999999909,0.040000000000020464,0.1500000000000341,0.0,16782.0,16782.0,2022-02-07,2022-02-07 14:00:00,1.5859649122806951,119.0,1.0,best_within_2.0d,16900.0,350.6,0.5832424107187206,4.3760036431226785,32.22527881040892,0.012230020343504162,2.285057100371749,15.890706319702602,0.006381710269403211,0.04871612706790018,4.926499999999976,24.0,0.013621665263440148,1.8199999999999932,8.0,0.005124450951683728,1.0,0.00402220134195386,1.9444468750000041,16.553125,0.005470102952261012,0.0,1
16781.0,2022-02-07 14:00:00,354.6599,361.28,353.815,356.25,113956.0,2s,2s,0.0,sell,False,0.9215467370344029,4.163492493946733,28.239017640954685,0.011578080659927173,0.5875043366982683,-0.3298809545217169,-0.03612878617258275,-0.0001015259011629031,54.52219484918929,70.5025215092671,78.16356993904314,55.18042464971501,113956.0,8.819999999999993,1.0,4.926499999999976,24.0,0.013621665263440148,8.819999999999993,99.0,0.025024116211768692,2.0,2.5,0.5875043366982683,-0.03612878617258275,-0.3298809545217169,54.52219484918929,70.5025215092671,78.16356993904314,55.18042464971501,47.615580633418574,2.2570076447033363,51.51694205031493,0.4483450201164571,2.109859672427674,5.029999999999973,0.8448999999999955,1.5901000000000067,1.0,16782.0,16782.0,2022-02-07,2022-02-07 14:00:00,1.5859649122806951,119.0,1.0,best_within_2.0d,16900.0,350.6,0.5832424107187206,4.3760036431226785,32.22527881040892,0.012230020343504162,2.285057100371749,15.890706319702602,0.006381710269403211,0.9215467370344029,4.926499999999976,24.0,0.013621665263440148,8.819999999999993,99.0,0.025024116211768692,2.0,0.00402220134195386,1.9444468750000041,16.553125,0.005470102952261012,0.0,1
16786.0,2022-02-07 14:25:00,357.07,358.2,357.01,358.2,369953.0,3a,3a,0.0,sell,False,0.004409343342728884,4.163492493946733,28.239017640954685,0.011578080659927173,0.18198872980761788,0.05505232615528912,0.14604669105909807,0.0004089590596466798,61.48096543059215,58.21942979188128,50.09075889399185,74.47677158766015,369953.0,2.920000000000016,2.0,2.920000000000016,33.0,0.008218869623958614,2.920000000000016,33.0,0.008218869623958614,3.0,3.0,0.18198872980761788,0.14604669105909807,0.05505232615528912,61.48096543059215,58.21942979188128,50.09075889399185,74.47677158766015,24.68037348575163,13.074315333974246,32.00772488206376,0.3164645587699878,0.3333239965267073,0.0,0.060000000000002274,1.1299999999999955,1.0,16787.0,16787.0,2022-02-07,2022-02-07 14:25:00,2.1217197096593985,114.0,1.0,best_within_2.0d,16900.0,350.6,0.5832424107187206,4.3760036431226785,32.22527881040892,0.012230020343504162,2.285057100371749,15.890706319702602,0.006381710269403211,0.4929364202292669,5.6011759621451125,36.843533123028394,0.015614239272951093,2.82998018927445,22.52492113564669,0.007835530045022196,1.8630914826498424,0.004409343342728884,2.920000000000016,33.0,0.008218869623958614,0.0,1
16787.0,2022-02-07 14:30:00,358.2,358.42,357.93,358.18,463667.0,2s,2s,0.0,sell,False,0.3739495798319397,4.163492493946733,28.239017640954685,0.011578080659927173,0.2451742681965047,0.08569910967985221,0.20828624377810456,0.0005831134434804539,61.220821878393345,67.26823774743299,55.816585178472224,90.17154288535454,463667.0,3.140000000000043,1.0,4.759999999999991,68.0,0.013171001660210268,3.140000000000043,34.0,0.008838099527133651,2.0,2.5,0.2451742681965047,0.20828624377810456,0.08569910967985221,61.220821878393345,67.26823774743299,55.816585178472224,90.17154288535454,26.453234647209438,13.150391602370028,32.120741825729525,-0.00558347292015126,0.13689827619925937,0.22000000000002728,0.25,0.01999999999998181,0.0,16788.0,16788.0,2022-02-07,2022-02-07 14:30:00,2.1162543972304384,113.0,1.0,best_within_2.0d,16900.0,350.6,0.5832424107187206,4.3760036431226785,32.22527881040892,0.012230020343504162,2.285057100371749,15.890706319702602,0.006381710269403211,0.3739495798319397,4.759999999999991,68.0,0.013171001660210268,3.140000000000043,34.0,0.008838099527133651,2.0,0.00402220134195386,1.9444468750000041,16.553125,0.005470102952261012,0.0,1
16788.0,2022-02-07 14:35:00,358.18,358.47,357.79,357.9999,421128.0,2s,2s,0.0,sell,False,0.3844537815126144,4.163492493946733,28.239017640954685,0.011578080659927173,0.2473755719252247,0.1166210561705053,0.24030884213311765,0.0006726511546829054,58.807722816357995,68.79559163202124,60.14292066298856,86.10093357008662,421128.0,3.1900000000000546,1.0,4.759999999999991,68.0,0.013171001660210268,3.1900000000000546,35.0,0.008978833596037083,2.0,2.5,0.2473755719252247,0.24030884213311765,0.1166210561705053,58.807722816357995,68.79559163202124,60.14292066298856,86.10093357008662,24.074009869524062,14.677160258410845,31.55848899751823,-0.05028198112680264,0.19005561921797892,0.29000000000002046,0.20990000000000464,0.18009999999998172,0.0,16789.0,16789.0,2022-02-07,2022-02-07 14:35:00,2.067011750561942,112.0,1.0,best_within_2.0d,16900.0,350.6,0.5832424107187206,4.3760036431226785,32.22527881040892,0.012230020343504162,2.285057100371749,15.890706319702602,0.006381710269403211,0.3844537815126144,4.759999999999991,68.0,0.013171001660210268,3.1900000000000546,35.0,0.008978833596037083,2.0,0.00402220134195386,1.9444468750000041,16.553125,0.005470102952261012,0.0,1
16789.0,2022-02-07 14:40:00,358.0,358.6,357.84,358.48,357388.0,2s,2s,0.0,sell,False,0.41176470588236136,4.163492493946733,28.239017640954685,0.011578080659927173,0.2949387671885399,0.1534884020690728,0.30095778566334275,0.0008422005958089945,62.99506383212768,76.97483886579187,65.75356006392299,99.41739646952962,357388.0,3.32000000000005,1.0,4.759999999999991,68.0,0.013171001660210268,3.32000000000005,36.0,0.00934474217518591,2.0,2.5,0.2949387671885399,0.30095778566334275,0.1534884020690728,62.99506383212768,76.97483886579187,65.75356006392299,99.41739646952962,23.804433122178445,14.443471437182568,31.052485727840285,0.13407821229050787,0.21238542365304264,0.12000000000000455,0.160000000000025,0.4800000000000182,1.0,16790.0,16790.0,2022-02-07,2022-02-07 14:40:00,2.1981700513278275,111.0,1.0,best_within_2.0d,16900.0,350.6,0.5832424107187206,4.3760036431226785,32.22527881040892,0.012230020343504162,2.285057100371749,15.890706319702602,0.006381710269403211,0.41176470588236136,4.759999999999991,68.0,0.013171001660210268,3.32000000000005,36.0,0.00934474217518591,2.0,0.00402220134195386,1.9444468750000041,16.553125,0.005470102952261012,1.0,1
16795.0,2022-02-07 15:10:00,358.225,359.0399,358.05,359.03,553472.0,2s,2s,0.0,sell,False,0.5041806722689091,4.163492493946733,28.239017640954685,0.011578080659927173,0.2058366347749494,0.29259585551200706,0.39551417289948176,0.0011056950979508376,65.72083432032076,83.5982883091661,76.53568794841367,97.72348903067095,553472.0,3.759900000000016,1.0,4.759999999999991,68.0,0.013171001660210268,3.759900000000016,42.0,0.01058292051339793,2.0,2.5,0.2058366347749494,0.39551417289948176,0.29259585551200706,65.72083432032076,83.5982883091661,76.53568794841367,97.72348903067095,23.929465710150254,14.68583925873476,27.3077918833983,0.2247191011235815,0.2764697667923411,0.009900000000016007,0.17500000000001137,0.80499999999995,1.0,16796.0,16796.0,2022-02-07,2022-02-07 15:10:00,2.347993203910523,105.0,1.0,best_within_2.0d,16900.0,350.6,0.5832424107187206,4.3760036431226785,32.22527881040892,0.012230020343504162,2.285057100371749,15.890706319702602,0.006381710269403211,0.5041806722689091,4.759999999999991,68.0,0.013171001660210268,3.759900000000016,42.0,0.01058292051339793,2.0,0.00402220134195386,1.9444468750000041,16.553125,0.005470102952261012,0.0,1
16796.0,2022-02-07 15:15:00,359.01,359.065,358.38,358.4,249442.0,2s,2s,0.0,sell,False,0.5094537815126085,4.163492493946733,28.239017640954685,0.011578080659927173,0.15584446352492787,0.31207641345262305,0.389998645215087,0.0010901193657662206,57.25164201090677,75.34003534336529,76.1371370800642,73.74583186996745,249442.0,3.785000000000025,1.0,4.759999999999991,68.0,0.013171001660210268,3.785000000000025,43.0,0.010653569015987461,2.0,2.5,0.15584446352492787,0.389998645215087,0.31207641345262305,57.25164201090677,75.34003534336529,76.1371370800642,73.74583186996745,24.18188154046,9.503796238608409,28.469640156841287,-0.169911701623914,0.1911378983202194,0.05500000000000682,0.01999999999998181,0.6100000000000136,0.0,16797.0,16797.0,2022-02-07,2022-02-07 15:15:00,2.176339285714273,104.0,1.0,best_within_2.0d,16900.0,350.6,0.5832424107187206,4.3760036431226785,32.22527881040892,0.012230020343504162,2.285057100371749,15.890706319702602,0.006381710269403211,0.5094537815126085,4.759999999999991,68.0,0.013171001660210268,3.785000000000025,43.0,0.010653569015987461,2.0,0.00402220134195386,1.9444468750000041,16.553125,0.005470102952261012,1.0,1
16801.0,2022-02-07 15:40:00,355.84,356.0649,355.43,355.63,773066.0,2,2,1.0,buy,False,0.9603698811096346,4.163492493946733,28.239017640954685,0.011578080659927173,-0.6142836232597582,0.12633485989129026,-0.18080695173858885,-0.0005059302147508263,33.72740225292493,15.791854938756062,32.34298837814441,-17.310411940020636,773066.0,3.634999999999991,1.0,3.785000000000025,43.0,0.010653569015987461,3.634999999999991,6.0,0.010123515240973057,2.0,2.0,-0.6142836232597582,-0.18080695173858885,0.12633485989129026,33.72740225292493,15.791854938756062,32.34298837814441,-17.310411940020636,8.853012748338015,34.95805033959205,29.41176260651406,-0.05901528776977843,0.17862870326084349,0.22490000000004784,0.19999999999998863,0.20999999999997954,0.0,16802.0,16802.0,2022-02-07,2022-02-07 15:40:00,2.9721901976773593,369.0,1.0,best_within_2.0d,17170.0,366.2,0.9603698811096346,3.785000000000025,43.0,0.010653569015987461,3.634999999999991,6.0,0.010123515240973057,0.4929364202292669,5.6011759621451125,36.843533123028394,0.015614239272951093,2.82998018927445,22.52492113564669,0.007835530045022196,1.8630914826498424,0.00402220134195386,1.9444468750000041,16.553125,0.005470102952261012,0.0,0
16802.0,2022-02-07 15:45:00,355.58,355.68,354.97,355.05,1106808.0,1,1,1.0,buy,False,0.7742629173273626,4.09499999999997,7.0,0.011404620333365744,-0.7437083411043939,0.03337131725324103,-0.3384828532989559,-0.0009475923184537354,30.43820655214354,11.179103943704567,25.28836023333113,-17.03940863554856,1106808.0,4.09499999999997,1.0,4.09499999999997,7.0,0.011404620333365744,4.09499999999997,7.0,0.011404620333365744,1.0,1.0,-0.7437083411043939,-0.3384828532989559,0.03337131725324103,30.43820655214354,11.179103943704567,25.28836023333113,-17.03940863554856,8.828962619530252,37.7607939727611,31.746574232079645,-0.14905225265762212,0.20001690283685367,0.10000000000002274,0.07999999999998408,0.5299999999999727,0.0,16803.0,16803.0,2022-02-07,2022-02-07 15:45:00,3.140402760174617,368.0,1.0,best_within_2.0d,17170.0,366.2,0.5832424107187206,4.3760036431226785,32.22527881040892,0.012230020343504162,2.285057100371749,15.890706319702602,0.006381710269403211,0.4929364202292669,5.6011759621451125,36.843533123028394,0.015614239272951093,2.82998018927445,22.52492113564669,0.007835530045022196,1.8630914826498424,0.00402220134195386,1.9444468750000041,16.553125,0.005470102952261012,0.0,0
16803.0,2022-02-07 15:50:00,355.06,355.73,353.93,354.1,1588695.0,1,1,1.0,buy,False,0.9449970912085417,5.134999999999991,8.0,0.014301031846601565,-0.9077048678278739,-0.08009179122524321,-0.5339442251391802,-0.0014957544500895671,25.970651075816818,8.556273774868387,19.710998080510215,-13.753174836415269,1588695.0,5.134999999999991,1.0,5.134999999999991,8.0,0.014301031846601565,5.134999999999991,8.0,0.014301031846601565,1.0,1.0,-0.9077048678278739,-0.5339442251391802,-0.08009179122524321,25.970651075816818,8.556273774868387,19.710998080510215,-13.753174836415269,6.9931806144065485,43.11771716101686,34.62818910791735,-0.2703768377175631,0.5085751419772303,0.6700000000000159,0.17000000000001592,0.9599999999999795,0.0,16804.0,16804.0,2022-02-07,2022-02-07 15:50:00,3.4792713922620635,381.0,1.0,best_within_2.0d,17184.0,366.4201,0.5832424107187206,4.3760036431226785,32.22527881040892,0.012230020343504162,2.285057100371749,15.890706319702602,0.006381710269403211,0.4929364202292669,5.6011759621451125,36.843533123028394,0.015614239272951093,2.82998018927445,22.52492113564669,0.007835530045022196,1.8630914826498424,0.00402220134195386,1.9444468750000041,16.553125,0.005470102952261012,0.0,0
16804.0,2022-02-07 15:55:00,354.09,355.28,353.84,355.17,2841249.0,1,1,1.0,buy,False,0.9449970911971729,5.225000000000023,9.0,0.014551682842939364,-0.8248811608401407,-0.1832019363302608,-0.5956425167503312,-0.0016692163524609227,37.15840596366859,14.189031001427633,17.870342387482687,6.826408229317522,2841249.0,5.225000000000023,1.0,5.225000000000023,9.0,0.014551682842939364,5.225000000000023,9.0,0.014551682842939364,1.0,1.0,-0.8248811608401407,-0.5956425167503312,-0.1832019363302608,37.15840596366859,14.189031001427633,17.870342387482687,6.826408229317522,6.513427681681999,40.853451731261394,37.333173159200086,0.3050072015589373,0.40696359936694493,0.1099999999999568,0.25,1.080000000000041,1.0,16805.0,16805.0,2022-02-07,2022-02-07 15:55:00,3.266041613875036,381.0,1.0,best_within_2.0d,17185.0,366.77,0.5832424107187206,4.3760036431226785,32.22527881040892,0.012230020343504162,2.285057100371749,15.890706319702602,0.006381710269403211,0.4929364202292669,5.6011759621451125,36.843533123028394,0.015614239272951093,2.82998018927445,22.52492113564669,0.007835530045022196,1.8630914826498424,0.00402220134195386,1.9444468750000041,16.553125,0.005470102952261012,1.0,0
16811.0,2022-02-07 16:30:00,355.81,355.92,355.78,355.9,10797.0,3a,3a,0.0,sell,False,0.004409343342728884,4.163492493946733,28.239017640954685,0.011578080659927173,-0.028480630873047752,-0.44841865160296396,-0.46265896703948783,-0.001298119846463574,44.37134921311425,80.96118562350816,61.61316554146265,119.65722578759917,10797.0,2.080000000000041,2.0,2.080000000000041,8.0,0.005878363101967107,2.080000000000041,8.0,0.005878363101967107,3.0,3.0,-0.028480630873047752,-0.46265896703948783,-0.44841865160296396,44.37134921311425,80.96118562350816,61.61316554146265,119.65722578759917,6.340086185546988,43.58809252563294,48.99165942343369,0.02529439869592619,0.03935016021137872,0.020000000000038654,0.03000000000002956,0.08999999999997499,1.0,16812.0,16812.0,2022-02-07,2022-02-07 16:30:00,1.4891823545939744,89.0,1.0,best_within_2.0d,16900.0,350.6,0.5832424107187206,4.3760036431226785,32.22527881040892,0.012230020343504162,2.285057100371749,15.890706319702602,0.006381710269403211,0.4929364202292669,5.6011759621451125,36.843533123028394,0.015614239272951093,2.82998018927445,22.52492113564669,0.007835530045022196,1.8630914826498424,0.004409343342728884,2.080000000000041,8.0,0.005878363101967107,0.0,1
16812.0,2022-02-07 16:35:00,355.91,356.06,355.85,355.98,29421.0,3a,3a,0.0,sell,False,0.004409343342728884,4.163492493946733,28.239017640954685,0.011578080659927173,0.03660374703490599,-0.4438431832236008,-0.4255413097061478,-0.0011940817835921229,45.30018851711475,86.10625588113783,69.77752898802103,118.76370966737142,29421.0,2.2200000000000273,2.0,2.2200000000000273,9.0,0.0062740221569071546,2.2200000000000273,9.0,0.0062740221569071546,3.0,3.0,0.03660374703490599,-0.4255413097061478,-0.4438431832236008,45.30018851711475,86.10625588113783,69.77752898802103,118.76370966737142,8.614501076812942,38.8756971671548,50.043750195513944,0.019667893568596884,0.05901362933819855,0.07999999999998408,0.060000000000002274,0.06999999999999318,1.0,16813.0,16813.0,2022-02-07,2022-02-07 16:35:00,1.5113208607225113,88.0,1.0,best_within_2.0d,16900.0,350.6,0.5832424107187206,4.3760036431226785,32.22527881040892,0.012230020343504162,2.285057100371749,15.890706319702602,0.006381710269403211,0.4929364202292669,5.6011759621451125,36.843533123028394,0.015614239272951093,2.82998018927445,22.52492113564669,0.007835530045022196,1.8630914826498424,0.004409343342728884,2.2200000000000273,9.0,0.0062740221569071546,0.0,1
16815.0,2022-02-07 16:50:00,356.0,356.13,355.97,356.13,16093.0,3a,3a,0.0,sell,False,0.004409343342728884,4.163492493946733,28.239017640954685,0.011578080659927173,0.15855319200571627,-0.3985095660331857,-0.3192329700303276,-0.0008959511562771364,47.365597706919914,93.01595156334824,84.69834167369763,109.65117134264943,16093.0,2.2900000000000205,2.0,2.2900000000000205,12.0,0.006471851684377178,2.2900000000000205,12.0,0.006471851684377178,3.0,3.0,0.15855319200571627,-0.3192329700303276,-0.3985095660331857,47.365597706919914,93.01595156334824,84.69834167369763,109.65117134264943,12.28370006408909,39.92202520828973,51.90723613796968,0.03651685393258299,0.04494760794448076,0.0,0.029999999999972715,0.12999999999999545,1.0,16816.0,16816.0,2022-02-07,2022-02-07 16:50:00,1.5528037514390736,85.0,1.0,best_within_2.0d,16900.0,350.6,0.5832424107187206,4.3760036431226785,32.22527881040892,0.012230020343504162,2.285057100371749,15.890706319702602,0.006381710269403211,0.4929364202292669,5.6011759621451125,36.843533123028394,0.015614239272951093,2.82998018927445,22.52492113564669,0.007835530045022196,1.8630914826498424,0.004409343342728884,2.2900000000000205,12.0,0.006471851684377178,0.0,1
16816.0,2022-02-07 16:55:00,356.15,356.17,356.01,356.01,10955.0,3a,3a,0.0,sell,False,0.004409343342728884,4.163492493946733,28.239017640954685,0.011578080659927173,0.16761480710995658,-0.37755771514444114,-0.29375031158946285,-0.0008244829472225477,45.89105563054517,90.215762580693,86.53748197602941,97.57232379002019,10955.0,2.330000000000041,2.0,2.330000000000041,13.0,0.006584897128645832,2.330000000000041,13.0,0.006584897128645832,3.0,3.0,0.16761480710995658,-0.29375031158946285,-0.37755771514444114,45.89105563054517,90.215762580693,86.53748197602941,97.57232379002019,13.83365035448773,36.45743270505608,51.412838796145806,-0.03930927979783416,0.04494255779332744,0.020000000000038654,0.0,0.13999999999998636,0.0,16817.0,16817.0,2022-02-07,2022-02-07 16:55:00,1.5196202353866377,84.0,1.0,best_within_2.0d,16900.0,350.6,0.5832424107187206,4.3760036431226785,32.22527881040892,0.012230020343504162,2.285057100371749,15.890706319702602,0.006381710269403211,0.4929364202292669,5.6011759621451125,36.843533123028394,0.015614239272951093,2.82998018927445,22.52492113564669,0.007835530045022196,1.8630914826498424,0.004409343342728884,2.330000000000041,13.0,0.006584897128645832,0.0,1
16819.0,2022-02-07 17:10:00,356.14,356.2,356.13,356.13,2800.0,3a,3a,0.0,sell,False,0.004409343342728884,4.163492493946733,28.239017640954685,0.011578080659927173,0.17910729020895833,-0.3152552563533164,-0.22570161124883725,-0.0006335858231014553,48.154866223151885,87.44164885368721,86.11737107402573,90.09020441301021,2800.0,2.3600000000000136,2.0,2.3600000000000136,16.0,0.0066696812118472015,2.3600000000000136,16.0,0.0066696812118472015,3.0,3.0,0.17910729020895833,-0.22570161124883725,-0.3152552563533164,48.154866223151885,87.44164885368721,86.11737107402573,90.09020441301021,16.999093381686603,45.61423390752437,47.64562162498079,-0.00280788453978517,0.01965574368910038,0.060000000000002274,0.0,0.009999999999990905,0.0,16820.0,16820.0,2022-02-07,2022-02-07 17:10:00,1.5528037514390736,81.0,1.0,best_within_2.0d,16900.0,350.6,0.5832424107187206,4.3760036431226785,32.22527881040892,0.012230020343504162,2.285057100371749,15.890706319702602,0.006381710269403211,0.4929364202292669,5.6011759621451125,36.843533123028394,0.015614239272951093,2.82998018927445,22.52492113564669,0.007835530045022196,1.8630914826498424,0.004409343342728884,2.3600000000000136,16.0,0.0066696812118472015,1.0,1
16830.0,2022-02-07 18:05:00,355.81,355.81,355.67,355.7,8323.0,2,2,1.0,buy,False,0.2245762711864278,4.163492493946733,28.239017640954685,0.011578080659927173,0.05943739060485431,-0.1671261410340668,-0.13740744573163965,-0.000385948775714067,41.970797446133496,33.7716000744734,44.77574978169863,11.763300660022935,8323.0,0.5299999999999727,1.0,2.3600000000000136,16.0,0.0066696812118472015,0.5299999999999727,12.0,0.00148792813026382,2.0,2.0,0.05943739060485431,-0.13740744573163965,-0.1671261410340668,41.970797446133496,33.7716000744734,44.77574978169863,11.763300660022935,28.396679772826435,39.31847968545236,39.64297883271413,-0.03091537618392222,0.03936233024994696,0.0,0.029999999999972715,0.11000000000001364,0.0,16831.0,16831.0,2022-02-07,2022-02-07 18:05:00,3.269609221253864,361.0,1.0,best_within_2.0d,17191.0,367.33,0.2245762711864278,2.3600000000000136,16.0,0.0066696812118472015,0.5299999999999727,12.0,0.00148792813026382,0.4929364202292669,5.6011759621451125,36.843533123028394,0.015614239272951093,2.82998018927445,22.52492113564669,0.007835530045022196,1.8630914826498424,0.00402220134195386,1.9444468750000041,16.553125,0.005470102952261012,1.0,0
16838.0,2022-02-07 18:45:00,356.1996,356.35,356.1996,356.28,31155.0,1p,1p,0.0,sell,False,0.8308680636444788,0.6800000000000068,9.0,0.0019118846121404863,0.12615036934912785,-0.055497687987771396,0.007577496686792529,2.1280509388287454e-05,54.63875286054121,78.75809821136843,71.45536285417916,93.36356892574699,31155.0,0.6800000000000068,0.0,0.6800000000000068,9.0,0.0019118846121404863,0.6800000000000068,0.0,0.0,1.0,1.0,0.12615036934912785,0.007577496686792529,-0.055497687987771396,54.63875286054121,78.75809821136843,71.45536285417916,93.36356892574699,38.26378093985583,18.330742556499175,33.73684949395773,0.02257161434207039,0.04222351737622597,0.07000000000005002,0.0,0.08039999999999736,1.0,16839.0,16839.0,2022-02-07,2022-02-07 18:45:00,1.5942517121365078,62.0,1.0,best_within_2.0d,16900.0,350.6,0.5832424107187206,4.3760036431226785,32.22527881040892,0.012230020343504162,2.285057100371749,15.890706319702602,0.006381710269403211,0.4929364202292669,5.6011759621451125,36.843533123028394,0.015614239272951093,2.82998018927445,22.52492113564669,0.007835530045022196,1.8630914826498424,0.00402220134195386,1.9444468750000041,16.553125,0.005470102952261012,0.0,1
16841.0,2022-02-07 19:00:00,356.3,356.55,356.3,356.43,7640.0,1p,1p,0.0,sell,False,0.8308680636444788,0.8799999999999955,12.0,0.00247420361571118,0.1266793345027007,-0.009988523516662929,0.05335114373468741,0.00014980892611268933,57.89818310323015,81.58563105326405,78.6306062904819,87.49568057882837,7640.0,0.8799999999999955,0.0,0.8799999999999955,12.0,0.00247420361571118,0.8799999999999955,0.0,0.0,1.0,1.0,0.1266793345027007,0.05335114373468741,-0.009988523516662929,57.89818310323015,81.58563105326405,78.6306062904819,87.49568057882837,41.69884169884588,15.444015444014717,35.517715677471486,0.03648610721302146,0.0701655907942745,0.12000000000000455,0.0,0.12999999999999545,1.0,16842.0,16842.0,2022-02-07,2022-02-07 19:00:00,1.635664786914677,59.0,1.0,best_within_2.0d,16900.0,350.6,0.5832424107187206,4.3760036431226785,32.22527881040892,0.012230020343504162,2.285057100371749,15.890706319702602,0.006381710269403211,0.4929364202292669,5.6011759621451125,36.843533123028394,0.015614239272951093,2.82998018927445,22.52492113564669,0.007835530045022196,1.8630914826498424,0.00402220134195386,1.9444468750000041,16.553125,0.005470102952261012,1.0,1
16853.0,2022-02-08 04:00:00,355.65,355.92,355.65,355.92,6744.0,2s,2s,1.0,buy,False,0.23305084745763058,4.163492493946733,28.239017640954685,0.011578080659927173,-0.020665660219908125,-0.00891904976443497,-0.019251879874389033,-5.406606798490769e-05,45.662530449193056,48.03319788211027,45.054184056493185,53.99122553334445,6744.0,0.9000000000000341,1.0,2.3600000000000136,16.0,0.0066696812118472015,0.9000000000000341,13.0,0.0025241901556584886,1.0,2.5,-0.020665660219908125,-0.019251879874389033,-0.00891904976443497,45.662530449193056,48.03319788211027,45.054184056493185,53.99122553334445,27.946127946129067,37.037037037039376,22.98577269580955,0.07591733445804547,0.07591733445804547,0.0,0.0,0.27000000000003865,1.0,16854.0,16854.0,2022-02-08,2022-02-08 04:00:00,3.205776579006509,338.0,1.0,best_within_2.0d,17191.0,367.33,0.5832424107187206,4.3760036431226785,32.22527881040892,0.012230020343504162,2.285057100371749,15.890706319702602,0.006381710269403211,0.23305084745763058,2.3600000000000136,16.0,0.0066696812118472015,0.9000000000000341,13.0,0.0025241901556584886,1.0,0.00402220134195386,1.9444468750000041,16.553125,0.005470102952261012,1.0,0
16860.0,2022-02-08 04:45:00,355.5,355.6,355.5,355.54,3000.0,2s,2s,1.0,buy,False,0.2966101694915189,4.163492493946733,28.239017640954685,0.011578080659927173,-0.08482504536995572,-0.038280612519591584,-0.08069313520456944,-0.00022667097113374555,38.911967649060465,31.31964111990355,44.88322595109098,4.192471457528697,3000.0,1.0500000000000114,1.0,2.3600000000000136,16.0,0.0066696812118472015,1.0500000000000114,20.0,0.0029448885149348236,1.0,2.5,-0.08482504536995572,-0.08069313520456944,-0.038280612519591584,38.911967649060465,31.31964111990355,44.88322595109098,4.192471457528697,22.699386503066084,28.834355828222613,18.368680288181054,0.011251758087206881,0.02812939521800921,0.060000000000002274,0.0,0.040000000000020464,1.0,16861.0,16861.0,2022-02-08,2022-02-08 04:45:00,3.3160825786128036,331.0,1.0,best_within_2.0d,17191.0,367.33,0.5832424107187206,4.3760036431226785,32.22527881040892,0.012230020343504162,2.285057100371749,15.890706319702602,0.006381710269403211,0.2966101694915189,2.3600000000000136,16.0,0.0066696812118472015,1.0500000000000114,20.0,0.0029448885149348236,1.0,0.00402220134195386,1.9444468750000041,16.553125,0.005470102952261012,0.0,0
16862.0,2022-02-08 04:55:00,355.51,355.51,355.16,355.37,1570.0,2s,2s,1.0,buy,False,0.440677966101677,4.163492493946733,28.239017640954685,0.011578080659927173,-0.13113635726928946,-0.06725134676303399,-0.13281952539767872,-0.0003731745299187653,36.177781940990194,21.608400529401898,32.45668180545212,-0.08816202269855467,1570.0,1.3899999999999864,1.0,2.3600000000000136,16.0,0.0066696812118472015,1.3899999999999864,22.0,0.003898471462627924,1.0,2.5,-0.13113635726928946,-0.13281952539767872,-0.06725134676303399,36.177781940990194,21.608400529401898,32.45668180545212,-0.08816202269855467,32.938388625590974,29.857819905213262,17.46968967019851,-0.039380045568334604,0.09854713368621631,0.0,0.20999999999997954,0.13999999999998636,0.0,16863.0,16863.0,2022-02-08,2022-02-08 04:55:00,3.3655063736387367,329.0,1.0,best_within_2.0d,17191.0,367.33,0.5832424107187206,4.3760036431226785,32.22527881040892,0.012230020343504162,2.285057100371749,15.890706319702602,0.006381710269403211,0.440677966101677,2.3600000000000136,16.0,0.0066696812118472015,1.3899999999999864,22.0,0.003898471462627924,1.0,0.00402220134195386,1.9444468750000041,16.553125,0.005470102952261012,0.0,0
16863.0,2022-02-08 05:00:00,355.2,355.2,354.94,354.97,9988.0,2s,2s,1.0,buy,False,0.5338983050847388,4.163492493946733,28.239017640954685,0.011578080659927173,-0.19321096506702565,-0.09140271739641219,-0.188008199929925,-0.0005283388593975863,30.159659986445803,15.095255525349076,26.669539712084436,-8.053312848121642,9988.0,1.6100000000000136,1.0,2.3600000000000136,16.0,0.0066696812118472015,1.6100000000000136,23.0,0.004515495722900052,1.0,2.5,-0.19321096506702565,-0.188008199929925,-0.09140271739641219,30.159659986445803,15.095255525349076,26.669539712084436,-8.053312848121642,30.349344978164506,32.314410480349856,16.44584672959471,-0.06475225225224136,0.07325181720853972,0.0,0.03000000000002956,0.22999999999996135,0.0,16864.0,16864.0,2022-02-08,2022-02-08 05:00:00,3.4819843930472874,328.0,1.0,best_within_2.0d,17191.0,367.33,0.5832424107187206,4.3760036431226785,32.22527881040892,0.012230020343504162,2.285057100371749,15.890706319702602,0.006381710269403211,0.5338983050847388,2.3600000000000136,16.0,0.0066696812118472015,1.6100000000000136,23.0,0.004515495722900052,1.0,0.00402220134195386,1.9444468750000041,16.553125,0.005470102952261012,0.0,0
16866.0,2022-02-08 05:15:00,355.01,355.01,354.64,354.77,2300.0,2s,2s,1.0,buy,False,0.6610169491525395,4.163492493946733,28.239017640954685,0.011578080659927173,-0.2203455926840987,-0.1676877403280692,-0.27786053667011856,-0.0007812246821229075,29.941969800302346,11.699816634403724,17.08265416266954,0.9341415778720901,2300.0,1.910000000000025,1.0,2.3600000000000136,16.0,0.0066696812118472015,1.910000000000025,26.0,0.0053568924414528814,1.0,2.5,-0.2203455926840987,-0.27786053667011856,-0.1676877403280692,29.941969800302346,11.699816634403724,17.08265416266954,0.9341415778720901,23.62869198312178,41.139240506330985,16.565529132990715,-0.06760372947241179,0.10433115271825079,0.0,0.12999999999999545,0.2400000000000091,0.0,16867.0,16867.0,2022-02-08,2022-02-08 05:15:00,3.54032189869493,325.0,1.0,best_within_2.0d,17191.0,367.33,0.5832424107187206,4.3760036431226785,32.22527881040892,0.012230020343504162,2.285057100371749,15.890706319702602,0.006381710269403211,0.6610169491525395,2.3600000000000136,16.0,0.0066696812118472015,1.910000000000025,26.0,0.0053568924414528814,1.0,0.00402220134195386,1.9444468750000041,16.553125,0.005470102952261012,1.0,0
16872.0,2022-02-08 05:45:00,355.45,355.54,355.41,355.54,1499.0,2,2,0.0,sell,False,0.4712041884816871,4.163492493946733,28.239017640954685,0.011578080659927173,0.0629671853391171,-0.22498789943861572,-0.19350430676905717,-0.0005442912339947938,50.27416219605185,69.38212836102079,46.428825187405664,115.28873470825104,1499.0,0.9000000000000341,1.0,1.910000000000025,26.0,0.0053568924414528814,0.9000000000000341,7.0,0.002537784795849408,2.0,2.0,0.0629671853391171,-0.19350430676905717,-0.22498789943861572,50.27416219605185,69.38212836102079,46.428825187405664,115.28873470825104,38.83495145631172,33.25242718446793,13.479786462819769,0.02532001688002021,0.03657747390337791,0.0,0.03999999999996362,0.09000000000003183,1.0,16873.0,16873.0,2022-02-08,2022-02-08 05:45:00,1.3894357878157162,28.0,1.0,best_within_2.0d,16900.0,350.6,0.4712041884816871,1.910000000000025,26.0,0.0053568924414528814,0.9000000000000341,7.0,0.002537784795849408,0.4929364202292669,5.6011759621451125,36.843533123028394,0.015614239272951093,2.82998018927445,22.52492113564669,0.007835530045022196,1.8630914826498424,0.00402220134195386,1.9444468750000041,16.553125,0.005470102952261012,0.0,1
16873.0,2022-02-08 05:50:00,355.64,355.64,355.2,355.2,1398.0,2,2,0.0,sell,False,0.5235602094240769,4.163492493946733,28.239017640954685,0.011578080659927173,0.05765770674502041,-0.2177806860954882,-0.188951832722978,-0.0005315209892068957,43.341291369664184,64.92141890734726,52.59302309405286,89.57821053393606,1398.0,1.0,1.0,1.910000000000025,26.0,0.0053568924414528814,1.0,8.0,0.0028197608842770133,2.0,2.0,0.05765770674502041,-0.188951832722978,-0.2177806860954882,43.341291369664184,64.92141890734726,52.59302309405286,89.57821053393606,36.036036036037025,34.45945945946314,12.67668898156376,-0.12372061635361538,0.12387387387387323,0.0,0.0,0.4399999999999977,0.0,16874.0,16874.0,2022-02-08,2022-02-08 05:50:00,1.2950450450450355,27.0,1.0,best_within_2.0d,16900.0,350.6,0.5235602094240769,1.910000000000025,26.0,0.0053568924414528814,1.0,8.0,0.0028197608842770133,0.4929364202292669,5.6011759621451125,36.843533123028394,0.015614239272951093,2.82998018927445,22.52492113564669,0.007835530045022196,1.8630914826498424,0.00402220134195386,1.9444468750000041,16.553125,0.005470102952261012,1.0,1
16879.0,2022-02-08 06:25:00,354.67,354.7,354.46,354.59,4857.0,1p,1p,1.0,buy,False,0.25255077676375187,1.1800000000000068,7.0,0.0033179619840288123,-0.05796502122690006,-0.2154214259120366,-0.24440393652548664,-0.0006879357288405878,32.31692127194363,21.409275969013514,33.758192764019945,-3.288557620999356,4857.0,1.1800000000000068,0.0,1.1800000000000068,7.0,0.0033179619840288123,1.1800000000000068,0.0,0.0,1.0,1.0,-0.05796502122690006,-0.24440393652548664,-0.2154214259120366,32.31692127194363,21.409275969013514,33.758192764019945,-3.288557620999356,32.745591939546195,45.84382871536696,11.83622112993481,-0.02255617898329177,0.06770862720758594,0.029999999999972715,0.12999999999999545,0.08000000000004093,0.0,16880.0,16880.0,2022-02-08,2022-02-08 06:25:00,3.592881919963905,312.0,1.0,best_within_2.0d,17191.0,367.33,0.5832424107187206,4.3760036431226785,32.22527881040892,0.012230020343504162,2.285057100371749,15.890706319702602,0.006381710269403211,0.4929364202292669,5.6011759621451125,36.843533123028394,0.015614239272951093,2.82998018927445,22.52492113564669,0.007835530045022196,1.8630914826498424,0.00402220134195386,1.9444468750000041,16.553125,0.005470102952261012,0.0,0
16881.0,2022-02-08 06:35:00,354.8,354.83,354.03,354.17,14319.0,1p,1p,1.0,buy,False,0.4990256598644873,1.6100000000000136,9.0,0.004527049825666442,-0.11453551375877025,-0.2358558368437953,-0.2931235937231804,-0.0008253371860390364,29.343811442185185,18.44014983704364,26.33089087826955,2.658667754591825,14319.0,1.6100000000000136,0.0,1.6100000000000136,9.0,0.004527049825666442,1.6100000000000136,0.0,0.0,1.0,1.0,-0.11453551375877025,-0.2931235937231804,-0.2358558368437953,29.343811442185185,18.44014983704364,26.33089087826955,2.658667754591825,35.15981735159822,46.11872146118884,11.604859918012645,-0.17756482525366277,0.22596955060305945,0.029999999999972715,0.1400000000000432,0.6299999999999955,0.0,16882.0,16882.0,2022-02-08,2022-02-08 06:35:00,3.715729734308374,310.0,1.0,best_within_2.0d,17191.0,367.33,0.5832424107187206,4.3760036431226785,32.22527881040892,0.012230020343504162,2.285057100371749,15.890706319702602,0.006381710269403211,0.4929364202292669,5.6011759621451125,36.843533123028394,0.015614239272951093,2.82998018927445,22.52492113564669,0.007835530045022196,1.8630914826498424,0.00402220134195386,1.9444468750000041,16.553125,0.005470102952261012,0.0,0
16883.0,2022-02-08 06:45:00,354.39,354.39,354.0,354.06,14099.0,1p,1p,1.0,buy,False,0.5724870314102019,1.6399999999999864,11.0,0.004611404791362014,-0.1313962417896638,-0.26279037324068116,-0.32848849413551306,-0.0009252147869966815,33.654076245984584,18.68799687746616,23.725552905602655,8.612884821193163,14099.0,1.6399999999999864,0.0,1.6399999999999864,11.0,0.004611404791362014,1.6399999999999864,0.0,0.0,1.0,1.0,-0.1313962417896638,-0.32848849413551306,-0.26279037324068116,33.654076245984584,18.68799687746616,23.725552905602655,8.612884821193163,20.28688524590161,44.46721311475511,14.087669966570983,-0.09311775162955617,0.11016949152541987,0.0,0.060000000000002274,0.3299999999999841,0.0,16884.0,16884.0,2022-02-08,2022-02-08 06:45:00,3.7479523244647748,308.0,1.0,best_within_2.0d,17191.0,367.33,0.5832424107187206,4.3760036431226785,32.22527881040892,0.012230020343504162,2.285057100371749,15.890706319702602,0.006381710269403211,0.4929364202292669,5.6011759621451125,36.843533123028394,0.015614239272951093,2.82998018927445,22.52492113564669,0.007835530045022196,1.8630914826498424,0.00402220134195386,1.9444468750000041,16.553125,0.005470102952261012,0.0,0
16884.0,2022-02-08 06:50:00,354.12,354.13,353.94,354.13,5150.0,1p,1p,1.0,buy,False,0.6118859504509497,1.6999999999999886,12.0,0.004780114722753314,-0.14043901412946225,-0.28034525000686394,-0.35056475707159507,-0.0009875819457056474,35.14034249561483,18.01422014053299,21.8217753172461,10.399109787106774,5150.0,1.6999999999999886,0.0,1.6999999999999886,12.0,0.004780114722753314,1.6999999999999886,0.0,0.0,1.0,1.0,-0.14043901412946225,-0.35056475707159507,-0.28034525000686394,35.14034249561483,18.01422014053299,21.8217753172461,10.399109787106774,19.60396039603952,44.15841584158505,15.83207330968644,0.0028239015023130308,0.05368141492908338,0.0,0.18000000000000682,0.009999999999990905,1.0,16885.0,16885.0,2022-02-08,2022-02-08 06:50:00,3.727444723689038,307.0,1.0,best_within_2.0d,17191.0,367.33,0.5832424107187206,4.3760036431226785,32.22527881040892,0.012230020343504162,2.285057100371749,15.890706319702602,0.006381710269403211,0.4929364202292669,5.6011759621451125,36.843533123028394,0.015614239272951093,2.82998018927445,22.52492113564669,0.007835530045022196,1.8630914826498424,0.00402220134195386,1.9444468750000041,16.553125,0.005470102952261012,0.0,0
16887.0,2022-02-08 07:05:00,353.84,354.25,353.81,354.2,19864.0,1p,1p,1.0,buy,False,0.6118859504509497,1.829999999999984,15.0,0.00514565290743444,-0.09074600266086397,-0.3218243169501708,-0.36719731828060276,-0.0010349312384342884,38.988739772374394,22.333849329821824,20.685499571313514,25.63054884683845,19864.0,1.829999999999984,0.0,1.829999999999984,15.0,0.00514565290743444,1.829999999999984,0.0,0.0,1.0,1.0,-0.09074600266086397,-0.36719731828060276,-0.3218243169501708,38.988739772374394,22.333849329821824,20.685499571313514,25.63054884683845,18.430656934306533,39.59854014598597,19.745936628812824,0.10174089984174024,0.12436053248918848,0.05000000000001137,0.029999999999972715,0.36000000000001364,1.0,16888.0,16888.0,2022-02-08,2022-02-08 07:05:00,3.706945228684358,304.0,1.0,best_within_2.0d,17191.0,367.33,0.5832424107187206,4.3760036431226785,32.22527881040892,0.012230020343504162,2.285057100371749,15.890706319702602,0.006381710269403211,0.4929364202292669,5.6011759621451125,36.843533123028394,0.015614239272951093,2.82998018927445,22.52492113564669,0.007835530045022196,1.8630914826498424,0.00402220134195386,1.9444468750000041,16.553125,0.005470102952261012,0.0,0
16889.0,2022-02-08 07:15:00,354.19,354.22,353.25,353.76,40329.0,1p,1p,1.0,buy,False,0.6118859504509497,2.3899999999999864,17.0,0.006720278933753195,-0.07560538021434648,-0.3362879662505068,-0.37409065635768,-0.001054682108690151,34.67650051727527,31.305117955133696,26.47713611148869,40.96108164242371,40329.0,2.3899999999999864,0.0,2.3899999999999864,17.0,0.006720278933753195,2.3899999999999864,0.0,0.0,1.0,1.0,-0.07560538021434648,-0.37409065635768,-0.3362879662505068,34.67650051727527,31.305117955133696,26.47713611148869,40.96108164242371,12.292358803986783,42.1926910299004,22.272224353041914,-0.12140376634010186,0.27459306440198933,0.03000000000002956,0.5099999999999909,0.4300000000000068,0.0,16890.0,16890.0,2022-02-08,2022-02-08 07:15:00,3.83593396653098,302.0,1.0,best_within_2.0d,17191.0,367.33,0.5832424107187206,4.3760036431226785,32.22527881040892,0.012230020343504162,2.285057100371749,15.890706319702602,0.006381710269403211,0.4929364202292669,5.6011759621451125,36.843533123028394,0.015614239272951093,2.82998018927445,22.52492113564669,0.007835530045022196,1.8630914826498424,0.00402220134195386,1.9444468750000041,16.553125,0.005470102952261012,0.0,0
16890.0,2022-02-08 07:20:00,353.75,353.79,353.21,353.4,74551.0,1p,1p,1.0,buy,False,0.6118859504509497,2.430000000000007,18.0,0.006832752221347449,-0.13371068661243002,-0.35300180207706056,-0.41985714538327557,-0.0011840328498509273,31.092876505928956,24.982632749309804,25.978968324095725,22.989961599737967,74551.0,2.430000000000007,0.0,2.430000000000007,18.0,0.006832752221347449,2.430000000000007,0.0,0.0,1.0,1.0,-0.13371068661243002,-0.41985714538327557,-0.35300180207706056,31.092876505928956,24.982632749309804,25.978968324095725,22.989961599737967,11.635220125786178,36.79245283018877,24.391926324114063,-0.09893992932862834,0.16420826137426486,0.040000000000020464,0.18999999999999773,0.35000000000002274,0.0,16891.0,16891.0,2022-02-08,2022-02-08 07:20:00,3.9417091114884006,301.0,1.0,best_within_2.0d,17191.0,367.33,0.5832424107187206,4.3760036431226785,32.22527881040892,0.012230020343504162,2.285057100371749,15.890706319702602,0.006381710269403211,0.4929364202292669,5.6011759621451125,36.843533123028394,0.015614239272951093,2.82998018927445,22.52492113564669,0.007835530045022196,1.8630914826498424,0.00402220134195386,1.9444468750000041,16.553125,0.005470102952261012,1.0,0
16898.0,2022-02-08 08:00:00,354.1911,356.2104,353.3,354.19,55782.0,2s,2s,0.0,sell,False,0.8221989528795738,4.163492493946733,28.239017640954685,0.011578080659927173,0.13767561782415272,-0.3700349584851895,-0.30119714957311317,-0.0008502566146900428,48.66460964383752,46.8663406841135,43.929956809188845,52.73910843396281,55782.0,3.0004000000000133,1.0,1.910000000000025,26.0,0.0053568924414528814,3.0004000000000133,9.0,0.008494663231505375,1.0,2.5,0.13767561782415272,-0.30119714957311317,-0.3700349584851895,48.66460964383752,46.8663406841135,43.929956809188845,52.73910843396281,34.59131334995941,14.705190343984459,32.86261441800811,-0.00031056680984025136,0.823775827908288,2.019299999999987,0.8899999999999864,0.0011000000000080945,0.0,16899.0,16899.0,2022-02-08,2022-02-08 08:00:00,1.0135802817696646,2.0,1.0,best_within_2.0d,16900.0,350.6,0.5832424107187206,4.3760036431226785,32.22527881040892,0.012230020343504162,2.285057100371749,15.890706319702602,0.006381710269403211,0.8221989528795738,1.910000000000025,26.0,0.0053568924414528814,3.0004000000000133,9.0,0.008494663231505375,1.0,0.00402220134195386,1.9444468750000041,16.553125,0.005470102952261012,1.0,1
16900.0,2022-02-08 08:10:00,351.66,351.75,350.31,350.6,498298.0,1p,1p,1.0,buy,False,1.974267561706518,10.96999999999997,13.0,0.030364260407440134,-0.9581877379040589,-0.559641206621668,-1.0387350755736975,-0.0029298961698264693,26.798543013833267,8.379559871704929,14.574326789857732,-4.009973964600675,498298.0,10.96999999999997,0.0,10.96999999999997,13.0,0.030364260407440134,10.96999999999997,0.0,0.0,1.0,1.0,-0.9581877379040589,-1.0387350755736975,-0.559641206621668,26.798543013833267,8.379559871704929,14.574326789857732,-4.009973964600675,24.882524054598704,28.955023495189312,45.42185071086575,-0.30142751521355915,0.4110644857412,0.08999999999997499,0.29000000000002046,1.0600000000000023,0.0,16901.0,16901.0,2022-02-08,2022-02-08 08:10:00,4.771819737592687,291.0,1.0,best_within_2.0d,17191.0,367.33,0.5832424107187206,4.3760036431226785,32.22527881040892,0.012230020343504162,2.285057100371749,15.890706319702602,0.006381710269403211,0.4929364202292669,5.6011759621451125,36.843533123028394,0.015614239272951093,2.82998018927445,22.52492113564669,0.007835530045022196,1.8630914826498424,0.00402220134195386,1.9444468750000041,16.553125,0.005470102952261012,0.0,0
16922.0,2022-02-08 10:00:00,354.08,354.1,352.8,353.07,1186989.0,1,1,1.0,buy,False,0.36986135448054125,3.4103999999999814,25.0,0.009574116870254158,-0.0848899068825768,-0.007803040543153618,-0.05024799398444202,-0.00014187297728667062,35.79378879144177,29.98374487818453,40.61961047038774,8.712013693778118,1186989.0,3.4103999999999814,1.0,3.4103999999999814,25.0,0.009574116870254158,3.4103999999999814,25.0,0.009574116870254158,1.0,1.0,-0.0848899068825768,-0.05024799398444202,-0.007803040543153618,35.79378879144177,29.98374487818453,40.61961047038774,8.712013693778118,18.06569343065723,18.430656934307052,37.776662059914884,-0.28524627202891745,0.36848072562358597,0.020000000000038654,0.2699999999999818,1.009999999999991,0.0,16923.0,16923.0,2022-02-08,2022-02-08 10:00:00,4.038859149743675,269.0,1.0,best_within_2.0d,17191.0,367.33,0.5832424107187206,4.3760036431226785,32.22527881040892,0.012230020343504162,2.285057100371749,15.890706319702602,0.006381710269403211,0.4929364202292669,5.6011759621451125,36.843533123028394,0.015614239272951093,2.82998018927445,22.52492113564669,0.007835530045022196,1.8630914826498424,0.00402220134195386,1.9444468750000041,16.553125,0.005470102952261012,1.0,0
16931.0,2022-02-08 10:45:00,354.78,356.09,354.77,355.81,1048019.0,2s,2s,0.0,sell,False,0.7591623036649056,4.163492493946733,28.239017640954685,0.011578080659927173,0.29112863692202345,-0.024406051765182436,0.1211582666958293,0.000342026309775795,63.55185108975372,71.2891231168979,54.94986556779057,103.96763821511257,1048019.0,3.2899999999999636,1.0,1.910000000000025,26.0,0.0053568924414528814,3.2899999999999636,10.0,0.009325396825396721,2.0,2.5,0.29112863692202345,0.1211582666958293,-0.024406051765182436,63.55185108975372,71.2891231168979,54.94986556779057,103.96763821511257,22.843976300197852,17.116524028966708,24.291484943939498,0.2903207621624752,0.3720720466781276,0.2799999999999727,0.009999999999990905,1.0300000000000296,1.0,16932.0,16932.0,2022-02-08,2022-02-08 10:45:00,0.1798712796155213,106.0,1.0,best_within_2.0d,17037.0,355.17,0.5832424107187206,4.3760036431226785,32.22527881040892,0.012230020343504162,2.285057100371749,15.890706319702602,0.006381710269403211,0.7591623036649056,1.910000000000025,26.0,0.0053568924414528814,3.2899999999999636,10.0,0.009325396825396721,2.0,0.00402220134195386,1.9444468750000041,16.553125,0.005470102952261012,0.0,1
16959.0,2022-02-08 13:05:00,358.77,358.77,358.38,358.57,334709.0,2,2,1.0,buy,False,0.20512820512820534,4.163492493946733,28.239017640954685,0.011578080659927173,-0.2216357567230003,0.8254601725500363,0.7146422941885362,0.001996131507610348,58.506052049198765,53.054227170772215,65.76751483203617,27.627651848244312,334709.0,1.4399999999999977,1.0,7.019999999999982,33.0,0.019897959183673417,1.4399999999999977,6.0,0.004002001000500244,2.0,2.0,-0.2216357567230003,0.7146422941885362,0.8254601725500363,58.506052049198765,53.054227170772215,65.76751483203617,27.627651848244312,30.810576035616,22.395352625006534,40.34272205897527,-0.05574602112773885,0.10882303699982877,0.0,0.18999999999999773,0.19999999999998863,0.0,16960.0,16960.0,2022-02-08,2022-02-08 13:05:00,2.4430376216638288,232.0,1.0,best_within_2.0d,17191.0,367.33,0.20512820512820534,7.019999999999982,33.0,0.019897959183673417,1.4399999999999977,6.0,0.004002001000500244,0.4929364202292669,5.6011759621451125,36.843533123028394,0.015614239272951093,2.82998018927445,22.52492113564669,0.007835530045022196,1.8630914826498424,0.00402220134195386,1.9444468750000041,16.553125,0.005470102952261012,0.0,0
16960.0,2022-02-08 13:10:00,358.59,358.9,358.2705,358.88,327786.0,2,2,1.0,buy,False,0.2207264957264915,4.163492493946733,28.239017640954685,0.011578080659927173,-0.24264159575313649,0.7951299730808943,0.673809175204326,0.001881739550658944,61.81735824806889,48.481241261099555,60.00542364172396,25.432876499850735,327786.0,1.5494999999999663,1.0,7.019999999999982,33.0,0.019897959183673417,1.5494999999999663,7.0,0.004306319826579863,2.0,2.0,-0.24264159575313649,0.673809175204326,0.7951299730808943,61.81735824806889,48.481241261099555,60.00542364172396,25.432876499850735,27.271107700319853,22.61172246508891,38.12828900766706,0.08087230541845017,0.17570522831211344,0.01999999999998181,0.31949999999994816,0.29000000000002046,1.0,16961.0,16961.0,2022-02-08,2022-02-08 13:10:00,2.354547481052159,231.0,1.0,best_within_2.0d,17191.0,367.33,0.2207264957264915,7.019999999999982,33.0,0.019897959183673417,1.5494999999999663,7.0,0.004306319826579863,0.4929364202292669,5.6011759621451125,36.843533123028394,0.015614239272951093,2.82998018927445,22.52492113564669,0.007835530045022196,1.8630914826498424,0.00402220134195386,1.9444468750000041,16.553125,0.005470102952261012,0.0,0
16961.0,2022-02-08 13:15:00,358.84,358.85,357.75,358.1883,620542.0,2,2,1.0,buy,False,0.29487179487179466,4.163492493946733,28.239017640954685,0.011578080659927173,-0.34587142781143276,0.7518960446044651,0.5789603306987487,0.0016168192594534453,51.87069496718373,39.378798521892904,53.1298819351136,11.876631695451508,620542.0,2.069999999999993,1.0,7.019999999999982,33.0,0.019897959183673417,2.069999999999993,8.0,0.005752876438219091,2.0,2.0,-0.34587142781143276,0.5789603306987487,0.7518960446044651,51.87069496718373,39.378798521892904,53.1298819351136,11.876631695451508,25.921246303943413,20.847715934402775,36.17970202849526,-0.18161297514211028,0.30747728860937046,0.010000000000047748,0.43830000000002656,0.6516999999999484,0.0,16962.0,16962.0,2022-02-08,2022-02-08 13:15:00,2.5522050831922645,230.0,1.0,best_within_2.0d,17191.0,367.33,0.29487179487179466,7.019999999999982,33.0,0.019897959183673417,2.069999999999993,8.0,0.005752876438219091,0.4929364202292669,5.6011759621451125,36.843533123028394,0.015614239272951093,2.82998018927445,22.52492113564669,0.007835530045022196,1.8630914826498424,0.00402220134195386,1.9444468750000041,16.553125,0.005470102952261012,1.0,0
16966.0,2022-02-08 13:40:00,358.04,358.18,357.6,357.855,382820.0,2,2,1.0,buy,False,0.31623931623931284,4.163492493946733,28.239017640954685,0.011578080659927173,-0.4619707891114351,0.47754272132181186,0.24655732676609432,0.0006885366910677469,47.21868030273695,24.063012220188615,30.474895946886306,11.239244766793234,382820.0,2.2199999999999704,1.0,7.019999999999982,33.0,0.019897959183673417,2.2199999999999704,13.0,0.006169751542437803,2.0,2.0,-0.4619707891114351,0.24655732676609432,0.47754272132181186,47.21868030273695,24.063012220188615,30.474895946886306,11.239244766793234,17.376101570262072,26.005444950518157,27.788961466523926,-0.051670204446431195,0.16219239373601343,0.13999999999998636,0.25499999999999545,0.18500000000000227,0.0,16967.0,16967.0,2022-02-08,2022-02-08 13:40:00,2.6477204454317995,225.0,1.0,best_within_2.0d,17191.0,367.33,0.31623931623931284,7.019999999999982,33.0,0.019897959183673417,2.2199999999999704,13.0,0.006169751542437803,0.4929364202292669,5.6011759621451125,36.843533123028394,0.015614239272951093,2.82998018927445,22.52492113564669,0.007835530045022196,1.8630914826498424,0.00402220134195386,1.9444468750000041,16.553125,0.005470102952261012,0.0,0
16968.0,2022-02-08 13:50:00,358.1,358.101,357.47,357.7599,334111.0,2,2,1.0,buy,False,0.3347578347578308,4.163492493946733,28.239017640954685,0.011578080659927173,-0.43601373953681233,0.3695946368161214,0.15158776704771526,0.0004233515250444908,46.19734959062992,26.1701965733862,28.73867066168169,21.033248396795223,334111.0,2.349999999999966,1.0,7.019999999999982,33.0,0.019897959183673417,2.349999999999966,15.0,0.006531043299427397,2.0,2.0,-0.43601373953681233,0.15158776704771526,0.3695946368161214,46.19734959062992,26.1701965733862,28.73867066168169,21.033248396795223,8.439463842802763,28.086566512022017,30.916694885081604,-0.09497347109746068,0.17651830922873857,0.0009999999999763531,0.2898999999999887,0.34010000000000673,0.0,16969.0,16969.0,2022-02-08,2022-02-08 13:50:00,2.675006338049616,223.0,1.0,best_within_2.0d,17191.0,367.33,0.3347578347578308,7.019999999999982,33.0,0.019897959183673417,2.349999999999966,15.0,0.006531043299427397,0.4929364202292669,5.6011759621451125,36.843533123028394,0.015614239272951093,2.82998018927445,22.52492113564669,0.007835530045022196,1.8630914826498424,0.00402220134195386,1.9444468750000041,16.553125,0.005470102952261012,1.0,0
16974.0,2022-02-08 14:20:00,358.07,358.08,357.15,357.35,605925.0,2,2,1.0,buy,False,0.3803418803418836,4.163492493946733,28.239017640954685,0.011578080659927173,-0.2804839938829784,0.1919406429002548,0.05169864595876561,0.00014436617423092861,40.99828438359752,41.391149917025835,49.355973450717514,25.46150284964247,605925.0,2.670000000000016,1.0,7.019999999999982,33.0,0.019897959183673417,2.670000000000016,21.0,0.007420376855094258,2.0,2.0,-0.2804839938829784,0.05169864595876561,0.1919406429002548,40.99828438359752,41.391149917025835,49.355973450717514,25.46150284964247,15.714151761644924,28.19334724208229,25.735056756977823,-0.20107800150807675,0.26039479210415983,0.009999999999990905,0.20000000000004547,0.7199999999999704,0.0,16975.0,16975.0,2022-02-08,2022-02-08 14:20:00,2.792780187491244,217.0,1.0,best_within_2.0d,17191.0,367.33,0.3803418803418836,7.019999999999982,33.0,0.019897959183673417,2.670000000000016,21.0,0.007420376855094258,0.4929364202292669,5.6011759621451125,36.843533123028394,0.015614239272951093,2.82998018927445,22.52492113564669,0.007835530045022196,1.8630914826498424,0.00402220134195386,1.9444468750000041,16.553125,0.005470102952261012,0.0,0
16975.0,2022-02-08 14:25:00,357.335,357.39,356.8,356.88,526327.0,2,2,1.0,buy,False,0.43019943019942875,4.163492493946733,28.239017640954685,0.011578080659927173,-0.39381740304498614,0.14271346751963154,-0.054195234002861525,-0.00015137622881611446,36.78975447274801,28.854935248072128,42.522294049835715,1.5202176445449567,526327.0,3.019999999999982,1.0,7.019999999999982,33.0,0.019897959183673417,3.019999999999982,22.0,0.00839308543160464,2.0,2.0,-0.39381740304498614,-0.054195234002861525,0.14271346751963154,36.78975447274801,28.854935248072128,42.522294049835715,1.5202176445449567,16.775945343977885,27.964914036886828,25.683152002925375,-0.12733149565533297,0.16535874439461182,0.05500000000000682,0.07999999999998408,0.4549999999999841,0.0,16976.0,16976.0,2022-02-08,2022-02-08 14:25:00,2.9281551221699136,216.0,1.0,best_within_2.0d,17191.0,367.33,0.43019943019942875,7.019999999999982,33.0,0.019897959183673417,3.019999999999982,22.0,0.00839308543160464,0.4929364202292669,5.6011759621451125,36.843533123028394,0.015614239272951093,2.82998018927445,22.52492113564669,0.007835530045022196,1.8630914826498424,0.00402220134195386,1.9444468750000041,16.553125,0.005470102952261012,0.0,0
16976.0,2022-02-08 14:30:00,356.88,357.45,356.71,357.3701,432261.0,2,2,1.0,buy,False,0.4430199430199461,4.163492493946733,28.239017640954685,0.011578080659927173,-0.384256138064309,0.09468145026159291,-0.0974466187705616,-0.0002722209056994084,43.32319068962747,29.21545947755054,38.086682525740656,11.473013381170304,432261.0,3.1100000000000136,1.0,7.019999999999982,33.0,0.019897959183673417,3.1100000000000136,23.0,0.008643210494135994,2.0,2.0,-0.384256138064309,-0.0974466187705616,0.09468145026159291,43.32319068962747,29.21545947755054,38.086682525740656,11.473013381170304,16.072070776091742,27.870483588673274,25.76647178721464,0.13732907419860568,0.20745143113453762,0.07990000000000919,0.17000000000001592,0.490099999999984,1.0,16977.0,16977.0,2022-02-08,2022-02-08 14:30:00,2.786998688474499,215.0,1.0,best_within_2.0d,17191.0,367.33,0.4430199430199461,7.019999999999982,33.0,0.019897959183673417,3.1100000000000136,23.0,0.008643210494135994,0.4929364202292669,5.6011759621451125,36.843533123028394,0.015614239272951093,2.82998018927445,22.52492113564669,0.007835530045022196,1.8630914826498424,0.00402220134195386,1.9444468750000041,16.553125,0.005470102952261012,0.0,0
16977.0,2022-02-08 14:35:00,357.35,357.59,356.48,356.67,666547.0,2,2,1.0,buy,False,0.47578347578347346,4.163492493946733,28.239017640954685,0.011578080659927173,-0.4492038589916831,0.03853096788763253,-0.18607096160820902,-0.0005199361902969004,37.379600084740495,22.077931232809153,32.75043209476348,0.7329295089004972,666547.0,3.339999999999975,1.0,7.019999999999982,33.0,0.019897959183673417,3.339999999999975,24.0,0.009282418987271343,2.0,2.0,-0.4492038589916831,-0.18607096160820902,0.03853096788763253,37.379600084740495,22.077931232809153,32.75043209476348,0.7329295089004972,14.910251562535029,26.745479214394646,25.955438332223668,-0.1902896320134341,0.31137791741470955,0.23999999999995225,0.18999999999999773,0.6800000000000068,0.0,16978.0,16978.0,2022-02-08,2022-02-08 14:35:00,2.9887571144194824,214.0,1.0,best_within_2.0d,17191.0,367.33,0.47578347578347346,7.019999999999982,33.0,0.019897959183673417,3.339999999999975,24.0,0.009282418987271343,0.4929364202292669,5.6011759621451125,36.843533123028394,0.015614239272951093,2.82998018927445,22.52492113564669,0.007835530045022196,1.8630914826498424,0.00402220134195386,1.9444468750000041,16.553125,0.005470102952261012,1.0,0
16982.0,2022-02-08 15:00:00,357.1,357.41,356.35,357.165,689084.0,2,2,1.0,buy,False,0.4943019943019914,4.163492493946733,28.239017640954685,0.011578080659927173,-0.20086687207959697,-0.14709852496621978,-0.24753196100601826,-0.0006920941514745025,44.249548727040036,36.643018009631824,32.21790560433125,45.49324282023298,689084.0,3.4699999999999704,1.0,7.019999999999982,33.0,0.019897959183673417,3.4699999999999704,29.0,0.009643710744260937,2.0,2.0,-0.20086687207959697,-0.24753196100601826,-0.14709852496621978,44.249548727040036,36.643018009631824,32.21790560433125,45.49324282023298,13.314774652294886,28.91593564885223,28.84828306241735,0.018202184262110815,0.2974603620036487,0.24500000000000455,0.75,0.06499999999999773,1.0,16983.0,16983.0,2022-02-08,2022-02-08 15:00:00,2.846023546540104,209.0,1.0,best_within_2.0d,17191.0,367.33,0.4943019943019914,7.019999999999982,33.0,0.019897959183673417,3.4699999999999704,29.0,0.009643710744260937,0.4929364202292669,5.6011759621451125,36.843533123028394,0.015614239272951093,2.82998018927445,22.52492113564669,0.007835530045022196,1.8630914826498424,0.00402220134195386,1.9444468750000041,16.553125,0.005470102952261012,1.0,0
16993.0,2022-02-08 15:55:00,359.82,360.24,359.07,359.2,1715054.0,1p,1p,0.0,sell,False,0.5205272548080907,3.8899999999999864,12.0,0.0109162340395678,0.3488019285557244,0.20649692244588205,0.38089788672374425,0.0010629106126811378,58.87622869477912,76.40399877732676,80.10019252329542,69.01161128538945,1715054.0,3.8899999999999864,0.0,3.8899999999999864,12.0,0.0109162340395678,3.8899999999999864,0.0,0.0,1.0,1.0,0.3488019285557244,0.38089788672374425,0.20649692244588205,58.87622869477912,76.40399877732676,80.10019252329542,69.01161128538945,33.29834138148245,12.555112324164973,28.392482715104133,-0.1723083764104287,0.3258417578745136,0.4200000000000159,0.12999999999999545,0.6200000000000045,0.0,16994.0,16994.0,2022-02-08,2022-02-08 15:55:00,1.706570155902003,367.0,1.0,best_within_2.0d,17360.0,353.07,0.5832424107187206,4.3760036431226785,32.22527881040892,0.012230020343504162,2.285057100371749,15.890706319702602,0.006381710269403211,0.4929364202292669,5.6011759621451125,36.843533123028394,0.015614239272951093,2.82998018927445,22.52492113564669,0.007835530045022196,1.8630914826498424,0.00402220134195386,1.9444468750000041,16.553125,0.005470102952261012,1.0,1
17023.0,2022-02-08 18:25:00,360.15,360.51,360.15,360.3,57536.0,1p,1p,0.0,sell,False,0.5205272548080907,4.159999999999968,42.0,0.011673916093727987,0.14886556071040669,0.1998521155273983,0.27428489588260163,0.000763047445965343,73.69197153747788,87.54691023704814,78.67830478745573,105.28412113623298,57536.0,4.159999999999968,0.0,4.159999999999968,42.0,0.011673916093727987,4.159999999999968,0.0,0.0,1.0,1.0,0.14886556071040669,0.27428489588260163,0.1998521155273983,73.69197153747788,87.54691023704814,78.67830478745573,105.28412113623298,70.26106696934768,1.621533971135123,51.059846395987236,0.041649312786348494,0.09995835068721745,0.20999999999997954,0.0,0.1500000000000341,1.0,17024.0,17024.0,2022-02-08,2022-02-08 18:25:00,2.0066611157368905,337.0,1.0,best_within_2.0d,17360.0,353.07,0.5832424107187206,4.3760036431226785,32.22527881040892,0.012230020343504162,2.285057100371749,15.890706319702602,0.006381710269403211,0.4929364202292669,5.6011759621451125,36.843533123028394,0.015614239272951093,2.82998018927445,22.52492113564669,0.007835530045022196,1.8630914826498424,0.00402220134195386,1.9444468750000041,16.553125,0.005470102952261012,1.0,1
17034.0,2022-02-08 19:20:00,360.02,360.08,359.73,359.74,9209.0,2s,2s,1.0,buy,False,0.012820512820509292,4.163492493946733,28.239017640954685,0.011578080659927173,-0.1110836620433504,0.2529940597141732,0.197452228692498,0.0005487308853096514,47.79864006344513,23.996385782143175,41.51615137335065,-11.043145400271783,9209.0,0.7799999999999727,1.0,7.019999999999982,33.0,0.019897959183673417,0.7799999999999727,12.0,0.0021636015644502862,1.0,2.5,-0.1110836620433504,0.197452228692498,0.2529940597141732,47.79864006344513,23.996385782143175,41.51615137335065,-11.043145400271783,30.027380590202796,25.859446303619155,57.72242326525064,-0.07777345703015742,0.09729519361742581,0.060000000000002274,0.009999999999990905,0.2799999999999727,0.0,17035.0,17035.0,2022-02-08,2022-02-08 19:20:00,2.109857119030404,157.0,1.0,best_within_2.0d,17191.0,367.33,0.5832424107187206,4.3760036431226785,32.22527881040892,0.012230020343504162,2.285057100371749,15.890706319702602,0.006381710269403211,0.012820512820509292,7.019999999999982,33.0,0.019897959183673417,0.7799999999999727,12.0,0.0021636015644502862,1.0,0.00402220134195386,1.9444468750000041,16.553125,0.005470102952261012,0.0,0
17035.0,2022-02-08 19:25:00,359.8,359.81,359.6899,359.6899,31529.0,2s,2s,1.0,buy,False,0.018532763532759358,4.163492493946733,28.239017640954685,0.011578080659927173,-0.15590916509862163,0.2335054140768455,0.15555083152753468,0.0004322973941190018,46.48796722751735,15.997590521428783,33.00996442271003,-18.027157281133704,31529.0,0.8200999999999681,1.0,7.019999999999982,33.0,0.019897959183673417,0.8200999999999681,13.0,0.0022748328756482983,1.0,2.5,-0.15590916509862163,0.15555083152753468,0.2335054140768455,46.48796722751735,15.997590521428783,33.00996442271003,-18.027157281133704,28.124881165152825,27.383351713122128,53.69481381319683,-0.03060033351861827,0.033389872776516505,0.009999999999990905,0.0,0.11009999999998854,0.0,17036.0,17036.0,2022-02-08,2022-02-08 19:25:00,2.124079658617037,156.0,1.0,best_within_2.0d,17191.0,367.33,0.5832424107187206,4.3760036431226785,32.22527881040892,0.012230020343504162,2.285057100371749,15.890706319702602,0.006381710269403211,0.018532763532759358,7.019999999999982,33.0,0.019897959183673417,0.8200999999999681,13.0,0.0022748328756482983,1.0,0.00402220134195386,1.9444468750000041,16.553125,0.005470102952261012,0.0,0
17036.0,2022-02-08 19:30:00,359.66,359.72,359.57,359.65,40944.0,2s,2s,1.0,buy,False,0.0356125356125357,4.163492493946733,28.239017640954685,0.011578080659927173,-0.1851822040858006,0.21035763856612041,0.11776653652322011,0.00032730128461241973,45.41978899497393,14.13006381262185,26.7166642193473,-11.043137000829049,40944.0,0.9399999999999977,1.0,7.019999999999982,33.0,0.019897959183673417,0.9399999999999977,14.0,0.0026074172699786353,1.0,2.5,-0.1851822040858006,0.11776653652322011,0.21035763856612041,45.41978899497393,14.13006381262185,26.7166642193473,-11.043137000829049,21.555477114954854,32.945052359100444,51.35219141030494,-0.0027804037146326385,0.04171649470201466,0.060000000000002274,0.07999999999998408,0.010000000000047748,0.0,17037.0,17037.0,2022-02-08,2022-02-08 19:30:00,2.135409425830671,155.0,1.0,best_within_2.0d,17191.0,367.33,0.5832424107187206,4.3760036431226785,32.22527881040892,0.012230020343504162,2.285057100371749,15.890706319702602,0.006381710269403211,0.0356125356125357,7.019999999999982,33.0,0.019897959183673417,0.9399999999999977,14.0,0.0026074172699786353,1.0,0.00402220134195386,1.9444468750000041,16.553125,0.005470102952261012,1.0,0
17037.0,2022-02-08 19:35:00,360.9,361.05,359.83,360.42,844981.0,1,1,0.0,sell,False,0.6010762875259404,2.7200000000000273,9.0,0.007590768286216692,0.28935145494429754,0.20008943514163388,0.34476516261378265,0.0009598059505658389,59.8368724669089,75.41222802720822,63.92155561243821,98.39357285674822,844981.0,2.7200000000000273,1.0,2.7200000000000273,9.0,0.007590768286216692,2.7200000000000273,9.0,0.007590768286216692,1.0,1.0,0.28935145494429754,0.34476516261378265,0.20008943514163388,59.8368724669089,75.41222802720822,63.92155561243821,98.39357285674822,20.500905456658757,15.973622168312335,34.34691943284445,-0.13300083125518466,0.3390489953589271,0.1500000000000341,0.5900000000000318,0.47999999999996135,0.0,17038.0,17038.0,2022-02-08,2022-02-08 19:35:00,3.4237125883379695,154.0,1.0,best_within_2.0d,17191.0,367.33,0.5832424107187206,4.3760036431226785,32.22527881040892,0.012230020343504162,2.285057100371749,15.890706319702602,0.006381710269403211,0.4929364202292669,5.6011759621451125,36.843533123028394,0.015614239272951093,2.82998018927445,22.52492113564669,0.007835530045022196,1.8630914826498424,0.00402220134195386,1.9444468750000041,16.553125,0.005470102952261012,0.0,1
17037.0,2022-02-08 19:35:00,359.01,359.065,358.38,358.4,249442.0,2,2,0.0,sell,False,0.6559792027729635,4.163492493946733,28.239017640954685,0.011578080659927173,0.15584446069419033,0.31207641787574764,0.3899986482228428,0.001090119374182627,57.25164230874869,75.34003534336529,76.1371370800642,73.74583186996745,249442.0,3.785000000000025,1.0,5.770000000000039,23.0,0.015981166043484388,3.785000000000025,43.0,0.010653569015987461,2.0,2.0,0.15584446069419033,0.3899986482228428,0.31207641787574764,57.25164230874869,75.34003534336529,76.1371370800642,73.74583186996745,24.18188154046,9.503796238608409,28.46963979085422,-0.169911701623914,0.1911378983202194,0.05500000000000682,0.01999999999998181,0.6100000000000136,0.0,17038.0,17038.0,2022-02-08,2022-02-08 19:35:00,3.4237125883379695,154.0,1.0,best_within_2.0d,17191.0,367.33,0.6559792027729635,5.770000000000039,23.0,0.015981166043484388,3.785000000000025,43.0,0.010653569015987461,0.4929364202292669,5.6011759621451125,36.843533123028394,0.015614239272951093,2.82998018927445,22.52492113564669,0.007835530045022196,1.8630914826498424,0.00402220134195386,1.9444468750000041,16.553125,0.005470102952261012,0.0,1
17037.0,2022-02-08 19:35:00,354.09,355.28,353.84,355.17,2841249.0,1p,1p,1.0,buy,False,1.3752079114921212,5.225000000000023,9.0,0.014551682842939364,-0.8248811623695521,-0.18320193394057233,-0.5956425151253484,-0.0016692163479147056,37.158406113458405,14.189031001427633,17.870342387482687,6.826408229317522,2841249.0,5.225000000000023,0.0,5.225000000000023,9.0,0.014551682842939364,5.225000000000023,0.0,0.0,1.0,1.0,-0.8248811623695521,-0.5956425151253484,-0.18320193394057233,37.158406113458405,14.189031001427633,17.870342387482687,6.826408229317522,6.513427681681999,40.853451731261394,37.333172956903624,0.3050072015589373,0.40696359936694493,0.1099999999999568,0.25,1.080000000000041,1.0,17038.0,17038.0,2022-02-08,2022-02-08 19:35:00,3.4237125883379695,154.0,1.0,best_within_2.0d,17191.0,367.33,0.5832424107187206,4.3760036431226785,32.22527881040892,0.012230020343504162,2.285057100371749,15.890706319702602,0.006381710269403211,0.4929364202292669,5.6011759621451125,36.843533123028394,0.015614239272951093,2.82998018927445,22.52492113564669,0.007835530045022196,1.8630914826498424,0.00402220134195386,1.9444468750000041,16.553125,0.005470102952261012,0.0,0
17043.0,2022-02-09 04:05:00,361.86,362.18,361.86,362.14,11514.0,1,1,0.0,sell,False,0.44707824488969355,2.6100000000000136,8.0,0.007258670078148938,0.34541401678383415,0.16569641851105413,0.3384034269029712,0.0009397429279089579,82.47456115628283,64.176645121768,41.93903594139431,108.65186348251541,11514.0,2.6100000000000136,1.0,2.6100000000000136,8.0,0.007258670078148938,2.6100000000000136,8.0,0.007258670078148938,1.0,1.0,0.34541401678383415,0.3384034269029712,0.16569641851105413,82.47456115628283,64.176645121768,41.93903594139431,108.65186348251541,55.527486063845785,14.405912687642239,50.80800992952685,0.07737799148841339,0.08843199027247918,0.040000000000020464,0.0,0.2799999999999727,1.0,17044.0,17044.0,2022-02-09,2022-02-09 04:05:00,2.504556248964487,317.0,1.0,best_within_2.0d,17360.0,353.07,0.5832424107187206,4.3760036431226785,32.22527881040892,0.012230020343504162,2.285057100371749,15.890706319702602,0.006381710269403211,0.4929364202292669,5.6011759621451125,36.843533123028394,0.015614239272951093,2.82998018927445,22.52492113564669,0.007835530045022196,1.8630914826498424,0.00402220134195386,1.9444468750000041,16.553125,0.005470102952261012,0.0,1
17044.0,2022-02-09 04:10:00,362.33,362.34,362.1,362.19,4364.0,1,1,0.0,sell,False,0.5947663523682317,2.769999999999982,9.0,0.007703646021636905,0.45951829946471856,0.2231362059441439,0.4528953556765032,0.001257145946446154,82.7470812532387,74.31270926288772,52.73026038189211,117.47760702487895,4364.0,2.769999999999982,1.0,2.769999999999982,9.0,0.007703646021636905,2.769999999999982,9.0,0.007703646021636905,1.0,1.0,0.45951829946471856,0.4528953556765032,0.2231362059441439,82.7470812532387,74.31270926288772,52.73026038189211,117.47760702487895,56.2713140992117,14.436052471912614,51.40506388439409,-0.03863880992465056,0.06628003314000337,0.009999999999990905,0.08999999999997499,0.13999999999998636,0.0,17045.0,17045.0,2022-02-09,2022-02-09 04:10:00,2.518015406278474,316.0,1.0,best_within_2.0d,17360.0,353.07,0.5832424107187206,4.3760036431226785,32.22527881040892,0.012230020343504162,2.285057100371749,15.890706319702602,0.006381710269403211,0.4929364202292669,5.6011759621451125,36.843533123028394,0.015614239272951093,2.82998018927445,22.52492113564669,0.007835530045022196,1.8630914826498424,0.00402220134195386,1.9444468750000041,16.553125,0.005470102952261012,1.0,1
17054.0,2022-02-09 05:00:00,361.85,362.08,361.84,362.08,9637.0,3a,3a,1.0,buy,False,0.0006952749117000863,4.163492493946733,28.239017640954685,0.011578080659927173,0.017227579423658046,0.5640318424984814,0.5726456322103104,0.001585334325239994,69.66638401661758,46.946102703935495,56.906097450560395,27.026113210685708,9637.0,0.5,2.0,0.5,11.0,0.001379919412706298,0.5,11.0,0.001379919412706298,3.0,3.0,0.017227579423658046,0.5726456322103104,0.5640318424984814,69.66638401661758,46.946102703935495,56.906097450560395,27.026113210685708,58.50622406639019,9.336099585063417,62.56615748960387,0.0635622495509082,0.06632765863365275,0.0,0.010000000000047748,0.22999999999996135,1.0,17055.0,17055.0,2022-02-09,2022-02-09 05:00:00,1.449955810870526,137.0,1.0,best_within_2.0d,17191.0,367.33,0.5832424107187206,4.3760036431226785,32.22527881040892,0.012230020343504162,2.285057100371749,15.890706319702602,0.006381710269403211,0.4929364202292669,5.6011759621451125,36.843533123028394,0.015614239272951093,2.82998018927445,22.52492113564669,0.007835530045022196,1.8630914826498424,0.0006952749117000863,0.5,11.0,0.001379919412706298,1.0,0
17060.0,2022-02-09 05:30:00,362.49,362.69,362.49,362.5,10434.0,1p,1p,0.0,sell,False,0.11644236424830011,0.8500000000000227,7.0,0.0023491045766085086,-0.03253700904853818,0.5709353944466992,0.5546668899224301,0.001533525732031809,71.33975976787171,80.69108629622832,78.3528880326605,85.36748282336396,10434.0,0.8500000000000227,0.0,0.8500000000000227,7.0,0.0023491045766085086,0.8500000000000227,0.0,0.0,1.0,1.0,-0.03253700904853818,0.5546668899224301,0.5709353944466992,71.33975976787171,80.69108629622832,78.3528880326605,85.36748282336396,38.28125000000153,22.65624999999986,53.125867306885446,0.002758696791633122,0.055173935832709485,0.18999999999999773,0.0,0.009999999999990905,1.0,17061.0,17061.0,2022-02-09,2022-02-09 05:30:00,2.6013793103448295,300.0,1.0,best_within_2.0d,17360.0,353.07,0.5832424107187206,4.3760036431226785,32.22527881040892,0.012230020343504162,2.285057100371749,15.890706319702602,0.006381710269403211,0.4929364202292669,5.6011759621451125,36.843533123028394,0.015614239272951093,2.82998018927445,22.52492113564669,0.007835530045022196,1.8630914826498424,0.00402220134195386,1.9444468750000041,16.553125,0.005470102952261012,0.0,1
17062.0,2022-02-09 05:40:00,362.67,362.71,362.67,362.71,420.0,1p,1p,0.0,sell,False,0.11644236424830011,0.8700000000000045,9.0,0.0024043776254698336,-0.05264617679286787,0.5578525012166252,0.5315294128201913,0.0014690089934885336,74.23203427590114,88.01956776564415,82.3921065249452,99.27449024704202,420.0,0.8700000000000045,0.0,0.8700000000000045,9.0,0.0024043776254698336,0.8700000000000045,0.0,0.0,1.0,1.0,-0.05264617679286787,0.5315294128201913,0.5578525012166252,74.23203427590114,88.01956776564415,82.3921065249452,99.27449024704202,41.19999999999985,17.60000000000031,51.196645581385205,0.011029310392357685,0.011029310392357685,0.0,0.0,0.03999999999996362,1.0,17063.0,17063.0,2022-02-09,2022-02-09 05:40:00,2.6577706707838185,298.0,1.0,best_within_2.0d,17360.0,353.07,0.5832424107187206,4.3760036431226785,32.22527881040892,0.012230020343504162,2.285057100371749,15.890706319702602,0.006381710269403211,0.4929364202292669,5.6011759621451125,36.843533123028394,0.015614239272951093,2.82998018927445,22.52492113564669,0.007835530045022196,1.8630914826498424,0.00402220134195386,1.9444468750000041,16.553125,0.005470102952261012,1.0,1
17072.0,2022-02-09 06:30:00,360.9,361.05,359.83,360.42,844981.0,1p,1p,0.0,sell,False,1.119050578499656,2.7200000000000273,9.0,0.007590768286216692,0.2893533170303855,0.20008652563241677,0.34476318414760954,0.0009598004373457721,59.83708253927949,75.41222802720822,63.92155561243821,98.39357285674822,844981.0,2.7200000000000273,0.0,2.7200000000000273,9.0,0.007590768286216692,2.7200000000000273,0.0,0.0,1.0,1.0,0.2893533170303855,0.34476318414760954,0.20008652563241677,59.83708253927949,75.41222802720822,63.92155561243821,98.39357285674822,20.500905456658757,15.973622168312335,34.34605797109248,-0.13300083125518466,0.3390489953589271,0.1500000000000341,0.5900000000000318,0.47999999999996135,0.0,17073.0,17073.0,2022-02-09,2022-02-09 06:30:00,2.0392874979191005,288.0,1.0,best_within_2.0d,17360.0,353.07,0.5832424107187206,4.3760036431226785,32.22527881040892,0.012230020343504162,2.285057100371749,15.890706319702602,0.006381710269403211,0.4929364202292669,5.6011759621451125,36.843533123028394,0.015614239272951093,2.82998018927445,22.52492113564669,0.007835530045022196,1.8630914826498424,0.00402220134195386,1.9444468750000041,16.553125,0.005470102952261012,0.0,1
17074.0,2022-02-09 06:40:00,362.7,362.85,362.68,362.85,7091.0,1,1,0.0,sell,False,2.176191897395327e-07,0.6000000000000227,8.0,0.0016563146997930235,-0.10357398266335793,0.3387277521873361,0.2869407608556571,0.000792054581095824,67.04410889300544,78.54741293715833,66.7707607723523,102.10071726677037,7091.0,0.6000000000000227,2.0,0.6000000000000227,8.0,0.0016563146997930235,0.6000000000000227,8.0,0.0016563146997930235,1.0,1.0,-0.10357398266335793,0.2869407608556571,0.3387277521873361,67.04410889300544,78.54741293715833,66.7707607723523,102.10071726677037,34.38914027149569,23.981900452487675,28.938188515885603,0.0413564929694056,0.04687327671777212,0.0,0.01999999999998181,0.1500000000000341,1.0,17075.0,17075.0,2022-02-09,2022-02-09 06:40:00,2.6953286482017442,286.0,1.0,best_within_2.0d,17360.0,353.07,0.5832424107187206,4.3760036431226785,32.22527881040892,0.012230020343504162,2.285057100371749,15.890706319702602,0.006381710269403211,0.4929364202292669,5.6011759621451125,36.843533123028394,0.015614239272951093,2.82998018927445,22.52492113564669,0.007835530045022196,1.8630914826498424,0.00402220134195386,1.9444468750000041,16.553125,0.005470102952261012,0.0,1
17075.0,2022-02-09 06:45:00,362.81,362.87,362.73,362.87,8599.0,1,1,0.0,sell,False,2.176191897395327e-07,0.6200000000000045,9.0,0.0017115251897860718,-0.07741680634830617,0.3290506513937978,0.2903422482196447,0.0008013461894381764,67.41350445535899,85.69827529143888,73.0799322787145,110.93496131688761,8599.0,0.6200000000000045,2.0,0.6200000000000045,9.0,0.0017115251897860718,0.6200000000000045,9.0,0.0017115251897860718,1.0,1.0,-0.07741680634830617,0.2903422482196447,0.3290506513937978,67.41350445535899,85.69827529143888,73.0799322787145,110.93496131688761,35.135135135136935,23.423423423422914,28.299746479036884,0.016537581654310043,0.03859620103106618,0.0,0.07999999999998408,0.060000000000002274,1.0,17076.0,17076.0,2022-02-09,2022-02-09 06:45:00,2.700691707774137,285.0,1.0,best_within_2.0d,17360.0,353.07,0.5832424107187206,4.3760036431226785,32.22527881040892,0.012230020343504162,2.285057100371749,15.890706319702602,0.006381710269403211,0.4929364202292669,5.6011759621451125,36.843533123028394,0.015614239272951093,2.82998018927445,22.52492113564669,0.007835530045022196,1.8630914826498424,0.00402220134195386,1.9444468750000041,16.553125,0.005470102952261012,0.0,1
17076.0,2022-02-09 06:50:00,362.92,363.18,362.83,363.18,8611.0,1,1,0.0,sell,False,2.176191897395327e-07,0.9300000000000068,10.0,0.002567287784679108,-0.023396510458857267,0.3261260875864406,0.314427832357012,0.0008676696444387317,72.54950614896936,90.46551686095924,78.87512713946273,113.64629630395223,8611.0,0.9300000000000068,2.0,0.9300000000000068,10.0,0.002567287784679108,0.9300000000000068,10.0,0.002567287784679108,1.0,1.0,-0.023396510458857267,0.314427832357012,0.3261260875864406,72.54950614896936,90.46551686095924,78.87512713946273,113.64629630395223,40.909090909093365,21.48760330578423,28.501609431575258,0.07164113303207068,0.09646390871758752,0.0,0.09000000000003183,0.2599999999999909,1.0,17077.0,17077.0,2022-02-09,2022-02-09 06:50:00,2.7837435982157643,284.0,1.0,best_within_2.0d,17360.0,353.07,0.5832424107187206,4.3760036431226785,32.22527881040892,0.012230020343504162,2.285057100371749,15.890706319702602,0.006381710269403211,0.4929364202292669,5.6011759621451125,36.843533123028394,0.015614239272951093,2.82998018927445,22.52492113564669,0.007835530045022196,1.8630914826498424,0.00402220134195386,1.9444468750000041,16.553125,0.005470102952261012,0.0,1
17077.0,2022-02-09 06:55:00,363.14,363.48,363.1,363.31,11593.0,1,1,0.0,sell,False,0.04860520731885406,1.2300000000000182,11.0,0.0033954451345756197,0.02233498221228991,0.3289179603629769,0.34008545146912184,0.0009382943446196594,74.37357750877831,88.58415409778189,82.11146945890245,101.52952337554078,11593.0,1.2300000000000182,2.0,1.2300000000000182,11.0,0.0033954451345756197,1.2300000000000182,11.0,0.0033954451345756197,1.0,1.0,0.02233498221228991,0.34008545146912184,0.3289179603629769,74.37357750877831,88.58415409778189,82.11146945890245,101.52952337554078,47.60147601476236,17.343173431732993,29.793702264385157,0.04681390097483503,0.10465436518865201,0.17000000000001592,0.03999999999996362,0.17000000000001592,1.0,17078.0,17078.0,2022-02-09,2022-02-09 06:55:00,2.8185296303432352,283.0,1.0,best_within_2.0d,17360.0,353.07,0.5832424107187206,4.3760036431226785,32.22527881040892,0.012230020343504162,2.285057100371749,15.890706319702602,0.006381710269403211,0.4929364202292669,5.6011759621451125,36.843533123028394,0.015614239272951093,2.82998018927445,22.52492113564669,0.007835530045022196,1.8630914826498424,0.00402220134195386,1.9444468750000041,16.553125,0.005470102952261012,0.0,1
17078.0,2022-02-09 07:00:00,363.31,363.83,363.18,363.74,45800.0,1,1,0.0,sell,False,0.2148197050187005,1.579999999999984,12.0,0.004361628709454752,0.09871358554170573,0.3412571585556901,0.390613951326543,0.0010774183739414962,79.27841315434,90.24657892233134,84.82317261337874,101.09339154023655,45800.0,1.579999999999984,2.0,1.579999999999984,12.0,0.004361628709454752,1.579999999999984,12.0,0.004361628709454752,1.0,1.0,0.09871358554170573,0.390613951326543,0.3412571585556901,79.27841315434,90.24657892233134,84.82317261337874,101.09339154023655,49.101796407186455,13.4730538922151,31.73256632000507,0.11835622471168061,0.1789746131394838,0.08999999999997499,0.12999999999999545,0.4300000000000068,1.0,17079.0,17079.0,2022-02-09,2022-02-09 07:00:00,2.9334139770165546,282.0,1.0,best_within_2.0d,17360.0,353.07,0.5832424107187206,4.3760036431226785,32.22527881040892,0.012230020343504162,2.285057100371749,15.890706319702602,0.006381710269403211,0.4929364202292669,5.6011759621451125,36.843533123028394,0.015614239272951093,2.82998018927445,22.52492113564669,0.007835530045022196,1.8630914826498424,0.00402220134195386,1.9444468750000041,16.553125,0.005470102952261012,0.0,1
17079.0,2022-02-09 07:05:00,363.71,363.83,363.61,363.83,26101.0,1,1,0.0,sell,False,0.3191958014467406,1.579999999999984,13.0,0.004361628709454752,0.1466763118770842,0.3595916975403256,0.4329298534788677,0.0011938238791111982,80.13540167093029,93.49771928155423,87.71468816943724,105.0637815057882,26101.0,1.579999999999984,2.0,1.579999999999984,13.0,0.004361628709454752,1.579999999999984,13.0,0.004361628709454752,1.0,1.0,0.1466763118770842,0.4329298534788677,0.3595916975403256,80.13540167093029,93.49771928155423,87.71468816943724,105.0637815057882,47.95321637427084,11.11111111110945,33.92139998455957,0.03299331885293354,0.06050438656801805,0.0,0.0999999999999659,0.12000000000000455,1.0,17080.0,17080.0,2022-02-09,2022-02-09 07:05:00,2.957425171096389,281.0,1.0,best_within_2.0d,17360.0,353.07,0.5832424107187206,4.3760036431226785,32.22527881040892,0.012230020343504162,2.285057100371749,15.890706319702602,0.006381710269403211,0.4929364202292669,5.6011759621451125,36.843533123028394,0.015614239272951093,2.82998018927445,22.52492113564669,0.007835530045022196,1.8630914826498424,0.00402220134195386,1.9444468750000041,16.553125,0.005470102952261012,0.0,1
17080.0,2022-02-09 07:10:00,363.77,364.0,363.76,363.8,30499.0,1,1,0.0,sell,False,0.3452826308220969,1.75,14.0,0.004830917874396135,0.1586636873500742,0.3794246584590849,0.458756502134122,0.001264742708399156,78.96309939690238,91.06744503827775,88.83227379238407,95.53778753006512,30499.0,1.75,2.0,1.75,14.0,0.004830917874396135,1.75,14.0,0.004830917874396135,1.0,1.0,0.1586636873500742,0.458756502134122,0.3794246584590849,78.96309939690238,91.06744503827775,88.83227379238407,95.53778753006512,52.46376811594392,6.666666666665569,37.03065572795966,0.008246969238812865,0.06597756762700932,0.19999999999998863,0.009999999999990905,0.03000000000002956,1.0,17081.0,17081.0,2022-02-09,2022-02-09 07:10:00,2.949422759758114,280.0,1.0,best_within_2.0d,17360.0,353.07,0.5832424107187206,4.3760036431226785,32.22527881040892,0.012230020343504162,2.285057100371749,15.890706319702602,0.006381710269403211,0.4929364202292669,5.6011759621451125,36.843533123028394,0.015614239272951093,2.82998018927445,22.52492113564669,0.007835530045022196,1.8630914826498424,0.00402220134195386,1.9444468750000041,16.553125,0.005470102952261012,1.0,1
17089.0,2022-02-09 07:55:00,363.82,364.09,363.8,363.8,53689.0,1p,1p,0.0,sell,False,6.302635382033394e-07,0.8100000000000023,5.0,0.002229685091389568,-0.04501108684004318,0.396329579289369,0.3738240358693474,0.0010292612355786068,70.81212732813523,63.289987661480446,64.31228516269783,61.24539265904568,53689.0,0.8100000000000023,0.0,0.8100000000000023,5.0,0.002229685091389568,0.8100000000000023,0.0,0.0,1.0,1.0,-0.04501108684004318,0.3738240358693474,0.396329579289369,70.81212732813523,63.289987661480446,64.31228516269783,61.24539265904568,43.24324324324378,14.324324324325607,45.2181216237446,-0.005497223901924526,0.07971412864210105,0.2699999999999818,0.0,0.01999999999998181,0.0,17090.0,17090.0,2022-02-09,2022-02-09 07:55:00,2.949422759758114,271.0,1.0,best_within_2.0d,17360.0,353.07,0.5832424107187206,4.3760036431226785,32.22527881040892,0.012230020343504162,2.285057100371749,15.890706319702602,0.006381710269403211,0.4929364202292669,5.6011759621451125,36.843533123028394,0.015614239272951093,2.82998018927445,22.52492113564669,0.007835530045022196,1.8630914826498424,0.00402220134195386,1.9444468750000041,16.553125,0.005470102952261012,0.0,1
17109.0,2022-02-09 09:35:00,363.47,364.54,363.0611,364.15,1416554.0,1,1,0.0,sell,False,2.176191897395327e-07,5.1510000000000105,20.0,0.014332659040760875,-0.07471282600699308,0.1473403306802966,0.10998391767680005,0.00030241042803525245,61.394383728759585,55.89042597934408,47.295683127432895,73.07991168316644,1416554.0,5.1510000000000105,2.0,5.1510000000000105,20.0,0.014332659040760875,5.1510000000000105,20.0,0.014332659040760875,1.0,1.0,-0.07471282600699308,0.10998391767680005,0.1473403306802966,61.394383728759585,55.89042597934408,47.295683127432895,73.07991168316644,11.359680463182022,20.905476465306723,53.93077976522112,0.18708559165816985,0.4073419047097059,0.3900000000000432,0.4089000000000169,0.67999999999995,1.0,17110.0,17110.0,2022-02-09,2022-02-09 09:35:00,3.0427021831662735,251.0,1.0,best_within_2.0d,17360.0,353.07,0.5832424107187206,4.3760036431226785,32.22527881040892,0.012230020343504162,2.285057100371749,15.890706319702602,0.006381710269403211,0.4929364202292669,5.6011759621451125,36.843533123028394,0.015614239272951093,2.82998018927445,22.52492113564669,0.007835530045022196,1.8630914826498424,0.00402220134195386,1.9444468750000041,16.553125,0.005470102952261012,1.0,1
17125.0,2022-02-09 10:55:00,363.5,364.46,363.47,364.43,522616.0,2,2,0.0,sell,False,0.9669421487603139,4.163492493946733,28.239017640954685,0.011578080659927173,0.20031840114434718,-0.03952169622133711,0.06063750435083648,0.0001668137580157575,60.38890752015115,76.1929063062432,65.16821484661642,98.24228922549676,522616.0,2.339999999999975,1.0,2.420000000000016,9.0,0.006638503319251703,2.339999999999975,9.0,0.006461946316138227,2.0,2.0,0.20031840114434718,0.06063750435083648,-0.03952169622133711,60.38890752015115,76.1929063062432,65.16821484661642,98.24228922549676,22.136123587187154,14.14869289110428,30.552052151553443,0.2558459422283375,0.2723746113846954,0.029999999999972715,0.029999999999972715,0.9300000000000068,1.0,17126.0,17126.0,2022-02-09,2022-02-09 10:55:00,3.117196718162614,235.0,1.0,best_within_2.0d,17360.0,353.07,0.9669421487603139,2.420000000000016,9.0,0.006638503319251703,2.339999999999975,9.0,0.006461946316138227,0.4929364202292669,5.6011759621451125,36.843533123028394,0.015614239272951093,2.82998018927445,22.52492113564669,0.007835530045022196,1.8630914826498424,0.00402220134195386,1.9444468750000041,16.553125,0.005470102952261012,0.0,1
17126.0,2022-02-09 11:00:00,364.44,364.92,364.436,364.85,546208.0,1,1,0.0,sell,False,0.6900663777099634,2.8000000000000114,10.0,0.007732243455208249,0.3170981284030545,0.00011556982904470381,0.15866463403057196,0.00043636669560779634,63.79057190248158,83.27390334946136,71.20344434756473,107.41482135325464,546208.0,2.8000000000000114,2.0,2.8000000000000114,10.0,0.007732243455208249,2.8000000000000114,10.0,0.007732243455208249,1.0,1.0,0.3170981284030545,0.15866463403057196,0.00011556982904470381,63.79057190248158,83.27390334946136,71.20344434756473,107.41482135325464,26.87053365852025,11.938669350024632,31.117981314033955,0.1125013719679577,0.13280795530629172,0.06999999999999318,0.004000000000019099,0.410000000000025,1.0,17127.0,17127.0,2022-02-09,2022-02-09 11:00:00,3.228724133205435,234.0,1.0,best_within_2.0d,17360.0,353.07,0.5832424107187206,4.3760036431226785,32.22527881040892,0.012230020343504162,2.285057100371749,15.890706319702602,0.006381710269403211,0.4929364202292669,5.6011759621451125,36.843533123028394,0.015614239272951093,2.82998018927445,22.52492113564669,0.007835530045022196,1.8630914826498424,0.00402220134195386,1.9444468750000041,16.553125,0.005470102952261012,1.0,1
17145.0,2022-02-09 12:35:00,364.42,365.17,364.35,365.13,567594.0,1,1,0.0,sell,False,0.6900663777097532,3.0500000000000114,29.0,0.008422622335137554,0.10578077007978315,0.1711889643451872,0.22407934938507879,0.0006153223957007759,63.373430093885325,77.30703442506241,64.79566572780996,102.32977181956733,567594.0,3.0500000000000114,2.0,3.0500000000000114,29.0,0.008422622335137554,3.0500000000000114,29.0,0.008422622335137554,1.0,1.0,0.10578077007978315,0.22407934938507879,0.1711889643451872,63.373430093885325,77.30703442506241,64.79566572780996,102.32977181956733,16.901776059857138,17.014877142395232,17.603204433771687,0.19483014104604016,0.2250583230410301,0.040000000000020464,0.06999999999999318,0.7099999999999795,1.0,17146.0,17146.0,2022-02-09,2022-02-09 12:35:00,3.302933201873306,215.0,1.0,best_within_2.0d,17360.0,353.07,0.5832424107187206,4.3760036431226785,32.22527881040892,0.012230020343504162,2.285057100371749,15.890706319702602,0.006381710269403211,0.4929364202292669,5.6011759621451125,36.843533123028394,0.015614239272951093,2.82998018927445,22.52492113564669,0.007835530045022196,1.8630914826498424,0.00402220134195386,1.9444468750000041,16.553125,0.005470102952261012,0.0,1
17146.0,2022-02-09 12:40:00,365.14,365.35,364.99,365.2117,388052.0,1,1,0.0,sell,False,0.6900663777099489,3.230000000000018,30.0,0.008919695128686672,0.1629652038045214,0.1915596148207524,0.2730422167230131,0.0007496150573478301,64.17468674676923,82.3243949574078,70.63857547100923,105.69603393020495,388052.0,3.230000000000018,2.0,3.230000000000018,30.0,0.008919695128686672,3.230000000000018,30.0,0.008919695128686672,1.0,1.0,0.1629652038045214,0.2730422167230131,0.1915596148207524,64.17468674676923,82.3243949574078,70.63857547100923,105.69603393020495,19.552051194149815,13.446082352492652,17.667545720939284,0.019636303883447774,0.09863283925587375,0.1383000000000152,0.14999999999997726,0.07170000000002119,1.0,17147.0,17147.0,2022-02-09,2022-02-09 12:40:00,3.3245649030411717,214.0,1.0,best_within_2.0d,17360.0,353.07,0.5832424107187206,4.3760036431226785,32.22527881040892,0.012230020343504162,2.285057100371749,15.890706319702602,0.006381710269403211,0.4929364202292669,5.6011759621451125,36.843533123028394,0.015614239272951093,2.82998018927445,22.52492113564669,0.007835530045022196,1.8630914826498424,0.00402220134195386,1.9444468750000041,16.553125,0.005470102952261012,0.0,1
17149.0,2022-02-09 12:55:00,365.16,365.4,365.07,365.36,260517.0,1,1,0.0,sell,False,0.6900663777099489,3.2799999999999727,33.0,0.00905777090467241,0.19170643123716757,0.2630047231509907,0.3588579387695745,0.0009846452313231194,64.89598289527186,90.71489467666949,83.47304091022035,105.19860220956778,260517.0,3.2799999999999727,2.0,3.2799999999999727,33.0,0.00905777090467241,3.2799999999999727,33.0,0.00905777090467241,1.0,1.0,0.19170643123716757,0.3588579387695745,0.2630047231509907,64.89598289527186,90.71489467666949,83.47304091022035,105.19860220956778,19.37699749815717,14.027679359064917,16.48118814503401,0.054770511556574815,0.09039362314076317,0.03999999999996362,0.09000000000003183,0.19999999999998863,1.0,17150.0,17150.0,2022-02-09,2022-02-09 12:55:00,3.363805561637842,211.0,1.0,best_within_2.0d,17360.0,353.07,0.5832424107187206,4.3760036431226785,32.22527881040892,0.012230020343504162,2.285057100371749,15.890706319702602,0.006381710269403211,0.4929364202292669,5.6011759621451125,36.843533123028394,0.015614239272951093,2.82998018927445,22.52492113564669,0.007835530045022196,1.8630914826498424,0.00402220134195386,1.9444468750000041,16.553125,0.005470102952261012,0.0,1
17150.0,2022-02-09 13:00:00,365.38,365.57,365.13,365.3,422386.0,1,1,0.0,sell,False,0.6900663777099503,3.4499999999999886,34.0,0.009527228543024381,0.17300445511670182,0.28463028004057844,0.37113250759892935,0.0010181495054871366,63.665262603777016,87.55992978444674,84.83533720162914,93.00911495008191,422386.0,3.4499999999999886,2.0,3.4499999999999886,34.0,0.009527228543024381,3.4499999999999886,34.0,0.009527228543024381,1.0,1.0,0.17300445511670182,0.37113250759892935,0.28463028004057844,63.665262603777016,87.55992978444674,84.83533720162914,93.00911495008191,23.31819866567971,11.273783049171776,17.79099746923688,-0.021895013410691357,0.12050502560731731,0.18999999999999773,0.17000000000001592,0.07999999999998408,0.0,17151.0,17151.0,2022-02-09,2022-02-09 13:00:00,3.347933205584456,210.0,1.0,best_within_2.0d,17360.0,353.07,0.5832424107187206,4.3760036431226785,32.22527881040892,0.012230020343504162,2.285057100371749,15.890706319702602,0.006381710269403211,0.4929364202292669,5.6011759621451125,36.843533123028394,0.015614239272951093,2.82998018927445,22.52492113564669,0.007835530045022196,1.8630914826498424,0.00402220134195386,1.9444468750000041,16.553125,0.005470102952261012,1.0,1
17162.0,2022-02-09 14:00:00,365.3,365.7,365.29,365.58,390684.0,1p,1p,0.0,sell,False,3.1535969312604563e-07,0.9699999999999704,5.0,0.0026595015490910273,-0.028582357281539572,0.2605279914873453,0.2462368128465755,0.0006747713444765594,62.62755913670917,64.3463322039435,53.27053978559053,86.49791704064944,390684.0,0.9699999999999704,0.0,0.9699999999999704,5.0,0.0026595015490910273,0.9699999999999704,0.0,0.0,1.0,1.0,-0.028582357281539572,0.2462368128465755,0.2605279914873453,62.62755913670917,64.3463322039435,53.27053978559053,86.49791704064944,19.978103031001535,13.831585417388185,20.112605303923925,0.07664932931836099,0.11223959046236365,0.12000000000000455,0.009999999999990905,0.2799999999999727,1.0,17163.0,17163.0,2022-02-09,2022-02-09 14:00:00,4.423108485146879,382.0,1.0,best_within_2.0d,17544.0,349.41,0.5832424107187206,4.3760036431226785,32.22527881040892,0.012230020343504162,2.285057100371749,15.890706319702602,0.006381710269403211,0.4929364202292669,5.6011759621451125,36.843533123028394,0.015614239272951093,2.82998018927445,22.52492113564669,0.007835530045022196,1.8630914826498424,0.00402220134195386,1.9444468750000041,16.553125,0.005470102952261012,0.0,1
17163.0,2022-02-09 14:05:00,365.6,366.04,365.54,366.0,382182.0,1p,1p,0.0,sell,False,0.17190027277639053,1.3100000000000023,6.0,0.003591697968360163,0.054509271959395256,0.2673416504822697,0.29459628646196734,0.0008071153777479211,67.67836111213273,75.2130764311272,60.58471866743608,104.46979195850946,382182.0,1.3100000000000023,0.0,1.3100000000000023,6.0,0.003591697968360163,1.3100000000000023,0.0,0.0,1.0,1.0,0.054509271959395256,0.29459628646196734,0.2673416504822697,67.67836111213273,75.2130764311272,60.58471866743608,104.46979195850946,23.438488151482957,13.394218965069404,20.623845834359667,0.10940919037198502,0.13678393609454503,0.040000000000020464,0.060000000000002274,0.39999999999997726,1.0,17164.0,17164.0,2022-02-09,2022-02-09 14:05:00,4.532786885245895,381.0,1.0,best_within_2.0d,17544.0,349.41,0.5832424107187206,4.3760036431226785,32.22527881040892,0.012230020343504162,2.285057100371749,15.890706319702602,0.006381710269403211,0.4929364202292669,5.6011759621451125,36.843533123028394,0.015614239272951093,2.82998018927445,22.52492113564669,0.007835530045022196,1.8630914826498424,0.00402220134195386,1.9444468750000041,16.553125,0.005470102952261012,0.0,1
17164.0,2022-02-09 14:10:00,366.0,366.1,365.84,365.925,444360.0,1p,1p,0.0,sell,False,0.281568189740442,1.3700000000000045,7.0,0.0037562032188194127,0.08928477414134928,0.2785022472499384,0.323144634320613,0.0008851638997174338,65.96396071346919,79.21747674483879,66.79563802657032,104.06115418137574,444360.0,1.3700000000000045,0.0,1.3700000000000045,7.0,0.0037562032188194127,1.3700000000000045,0.0,0.0,1.0,1.0,0.08928477414134928,0.323144634320613,0.2785022472499384,65.96396071346919,79.21747674483879,66.79563802657032,104.06115418137574,22.13348216004006,13.858204072207661,20.79301351392694,-0.020491803278685418,0.07106931992129012,0.10000000000002274,0.08500000000003638,0.07499999999998863,0.0,17165.0,17165.0,2022-02-09,2022-02-09 14:10:00,4.513219922115184,380.0,1.0,best_within_2.0d,17544.0,349.41,0.5832424107187206,4.3760036431226785,32.22527881040892,0.012230020343504162,2.285057100371749,15.890706319702602,0.006381710269403211,0.4929364202292669,5.6011759621451125,36.843533123028394,0.015614239272951093,2.82998018927445,22.52492113564669,0.007835530045022196,1.8630914826498424,0.00402220134195386,1.9444468750000041,16.553125,0.005470102952261012,1.0,1
17170.0,2022-02-09 14:40:00,366.01,366.255,365.87,366.2,413890.0,1p,1p,0.0,sell,False,0.281568189740442,1.5249999999999773,13.0,0.0041811751158390515,0.06611298428347012,0.3289223384376681,0.36197883057940317,0.0009906571747752824,67.02246035645547,87.38935418940396,82.23328627821526,97.70149001178137,413890.0,1.5249999999999773,0.0,1.5249999999999773,13.0,0.0041811751158390515,1.5249999999999773,0.0,0.0,1.0,1.0,0.06611298428347012,0.36197883057940317,0.3289223384376681,67.02246035645547,87.38935418940396,82.23328627821526,97.70149001178137,29.760013556162317,12.924953930227408,24.650338013181432,0.05191114996857948,0.10522863312105145,0.05500000000000682,0.13999999999998636,0.18999999999999773,1.0,17171.0,17171.0,2022-02-09,2022-02-09 14:40:00,4.866193336974329,379.0,1.0,best_within_2.0d,17549.0,348.38,0.5832424107187206,4.3760036431226785,32.22527881040892,0.012230020343504162,2.285057100371749,15.890706319702602,0.006381710269403211,0.4929364202292669,5.6011759621451125,36.843533123028394,0.015614239272951093,2.82998018927445,22.52492113564669,0.007835530045022196,1.8630914826498424,0.00402220134195386,1.9444468750000041,16.553125,0.005470102952261012,0.0,1
17171.0,2022-02-09 14:45:00,366.2,366.3,365.82,365.88,337562.0,1p,1p,0.0,sell,False,0.281568189740442,1.5699999999999932,14.0,0.004304554053683528,0.025993527966436725,0.3321715294334727,0.3451682934166911,0.0009445570740003705,59.24756937848489,73.1718501613561,79.21280757259554,61.08993533887724,337562.0,1.5699999999999932,0.0,1.5699999999999932,14.0,0.004304554053683528,1.5699999999999932,0.0,0.0,1.0,1.0,0.025993527966436725,0.3451682934166911,0.3321715294334727,59.24756937848489,73.1718501613561,79.21280757259554,61.08993533887724,29.95033147875703,6.39722026816708,27.51815090449596,-0.08738394320043506,0.13121207151058395,0.10000000000002274,0.060000000000002274,0.3199999999999932,0.0,17172.0,17172.0,2022-02-09,2022-02-09 14:45:00,5.001639881928504,382.0,1.0,best_within_2.0d,17553.0,347.58,0.5832424107187206,4.3760036431226785,32.22527881040892,0.012230020343504162,2.285057100371749,15.890706319702602,0.006381710269403211,0.4929364202292669,5.6011759621451125,36.843533123028394,0.015614239272951093,2.82998018927445,22.52492113564669,0.007835530045022196,1.8630914826498424,0.00402220134195386,1.9444468750000041,16.553125,0.005470102952261012,1.0,1
17184.0,2022-02-09 15:50:00,366.36,366.78,366.04,366.4201,1426699.0,1,1,0.0,sell,False,0.38852558649372565,2.319999999999993,8.0,0.006365581956867677,0.12320073631385947,0.1932042877200941,0.25480465587702383,0.000696787290380781,60.82432944511719,78.53218781425407,69.75511438298534,96.08633467679152,1426699.0,2.319999999999993,3.0,2.319999999999993,8.0,0.006365581956867677,2.319999999999993,8.0,0.006365581956867677,1.0,1.0,0.12320073631385947,0.25480465587702383,0.1932042877200941,60.82432944511719,78.53218781425407,69.75511438298534,96.08633467679152,22.50511479881776,25.403500795635846,22.119448363444942,0.01640462932633944,0.20216369795649441,0.3598999999999819,0.3199999999999932,0.06009999999997717,1.0,17185.0,17185.0,2022-02-09,2022-02-09 15:50:00,5.41184831290642,380.0,1.0,best_within_2.0d,17564.0,346.59,0.5832424107187206,4.3760036431226785,32.22527881040892,0.012230020343504162,2.285057100371749,15.890706319702602,0.006381710269403211,0.4929364202292669,5.6011759621451125,36.843533123028394,0.015614239272951093,2.82998018927445,22.52492113564669,0.007835530045022196,1.8630914826498424,0.00402220134195386,1.9444468750000041,16.553125,0.005470102952261012,0.0,1
17185.0,2022-02-09 15:55:00,366.43,366.8,366.1,366.77,1820246.0,1,1,0.0,sell,False,0.5497496355629862,2.340000000000032,9.0,0.006420457663392504,0.17432458052728422,0.21499486028600465,0.30215715054964676,0.0008260955789233507,64.40996437749862,85.26077478215187,74.92366784937418,105.93498864770723,1820246.0,2.340000000000032,3.0,2.340000000000032,9.0,0.006420457663392504,2.340000000000032,9.0,0.006420457663392504,1.0,1.0,0.17432458052728422,0.30215715054964676,0.21499486028600465,64.40996437749862,85.26077478215187,74.92366784937418,105.93498864770723,22.17786648924408,24.229319139499186,20.855241307616016,0.09278716262314085,0.19120458891013073,0.03000000000002956,0.3299999999999841,0.339999999999975,1.0,17186.0,17186.0,2022-02-09,2022-02-09 15:55:00,5.502085775826815,379.0,1.0,best_within_2.0d,17564.0,346.59,0.5832424107187206,4.3760036431226785,32.22527881040892,0.012230020343504162,2.285057100371749,15.890706319702602,0.006381710269403211,0.4929364202292669,5.6011759621451125,36.843533123028394,0.015614239272951093,2.82998018927445,22.52492113564669,0.007835530045022196,1.8630914826498424,0.00402220134195386,1.9444468750000041,16.553125,0.005470102952261012,0.0,1
17186.0,2022-02-09 16:00:00,366.79,366.8293,366.38,366.55,1084998.0,1,1,0.0,sell,False,0.5497496355629862,2.3693000000000097,10.0,0.0065008505734511605,0.16522972679343917,0.23564857613518458,0.31826343953190417,0.0008699918184734168,60.65114010905947,85.44628168333675,78.43120579402837,99.47643346195352,1084998.0,2.3693000000000097,3.0,2.3693000000000097,10.0,0.0065008505734511605,2.3693000000000097,10.0,0.0065008505734511605,1.0,1.0,0.16522972679343917,0.31826343953190417,0.23564857613518458,60.65114010905947,85.44628168333675,78.43120579402837,99.47643346195352,22.184688377991417,23.340220611546837,19.546884194307587,-0.06543253632869192,0.12263223975107643,0.039299999999968804,0.17000000000001592,0.2400000000000091,0.0,17187.0,17187.0,2022-02-09,2022-02-09 16:00:00,5.445368981039431,378.0,1.0,best_within_2.0d,17564.0,346.59,0.5832424107187206,4.3760036431226785,32.22527881040892,0.012230020343504162,2.285057100371749,15.890706319702602,0.006381710269403211,0.4929364202292669,5.6011759621451125,36.843533123028394,0.015614239272951093,2.82998018927445,22.52492113564669,0.007835530045022196,1.8630914826498424,0.00402220134195386,1.9444468750000041,16.553125,0.005470102952261012,0.0,1
17189.0,2022-02-09 16:15:00,366.79,366.88,366.73,366.87,47326.0,1,1,0.0,sell,False,0.5497496355629862,2.420000000000016,13.0,0.006639960489491346,0.15519539886405131,0.2933623497035075,0.37096004913553315,0.001013509710644201,64.2184301386869,92.86017713477256,86.88958469633485,104.80136201164794,47326.0,2.420000000000016,3.0,2.420000000000016,13.0,0.006639960489491346,2.420000000000016,13.0,0.006639960489491346,1.0,1.0,0.15519539886405131,0.37096004913553315,0.2933623497035075,64.2184301386869,92.86017713477256,86.88958469633485,104.80136201164794,28.19789573530718,14.540144527788918,19.977434622069847,0.02181084544289214,0.04090202601368234,0.009999999999990905,0.060000000000002274,0.07999999999998408,1.0,17190.0,17190.0,2022-02-09,2022-02-09 16:15:00,5.527843650339365,375.0,1.0,best_within_2.0d,17564.0,346.59,0.5832424107187206,4.3760036431226785,32.22527881040892,0.012230020343504162,2.285057100371749,15.890706319702602,0.006381710269403211,0.4929364202292669,5.6011759621451125,36.843533123028394,0.015614239272951093,2.82998018927445,22.52492113564669,0.007835530045022196,1.8630914826498424,0.00402220134195386,1.9444468750000041,16.553125,0.005470102952261012,0.0,1
17190.0,2022-02-09 16:20:00,366.92,367.21,366.81,367.21,49167.0,1,1,0.0,sell,False,0.5844577870196902,2.75,14.0,0.007545409647149208,0.18533047039453499,0.31652865850282436,0.40919389370009185,0.0011176991600324092,67.77339805016442,95.24011808984837,89.67309582750602,106.37416261453308,49167.0,2.75,3.0,2.75,14.0,0.007545409647149208,2.75,14.0,0.007545409647149208,1.0,1.0,0.18533047039453499,0.40919389370009185,0.31652865850282436,67.77339805016442,95.24011808984837,89.67309582750602,106.37416261453308,32.9750518956231,14.709066133490115,21.286633967829278,0.07903630219120342,0.10904828112646255,0.0,0.11000000000001364,0.2899999999999636,1.0,17191.0,17191.0,2022-02-09,2022-02-09 16:20:00,5.615315487051007,374.0,1.0,best_within_2.0d,17564.0,346.59,0.5832424107187206,4.3760036431226785,32.22527881040892,0.012230020343504162,2.285057100371749,15.890706319702602,0.006381710269403211,0.4929364202292669,5.6011759621451125,36.843533123028394,0.015614239272951093,2.82998018927445,22.52492113564669,0.007835530045022196,1.8630914826498424,0.00402220134195386,1.9444468750000041,16.553125,0.005470102952261012,0.0,1
17191.0,2022-02-09 16:25:00,367.22,367.34,367.2,367.33,78446.0,1,1,0.0,sell,False,0.6434853385575583,2.8799999999999955,15.0,0.007902101739559885,0.20404799651140781,0.3420346580667503,0.4440586563224542,0.0012126302149473437,68.94607868888585,96.6197060557583,91.98863257025677,105.88185302676138,78446.0,2.8799999999999955,3.0,2.8799999999999955,15.0,0.007902101739559885,2.8799999999999955,15.0,0.007902101739559885,1.0,1.0,0.20404799651140781,0.4440586563224542,0.3420346580667503,68.94607868888585,96.6197060557583,91.98863257025677,105.88185302676138,36.98570515348984,11.22097846932261,23.58375859102353,0.02995479549042993,0.03812636165576971,0.009999999999990905,0.020000000000038654,0.1099999999999568,1.0,17192.0,17192.0,2022-02-09,2022-02-09 16:25:00,5.6461492391038055,373.0,1.0,best_within_2.0d,17564.0,346.59,0.5832424107187206,4.3760036431226785,32.22527881040892,0.012230020343504162,2.285057100371749,15.890706319702602,0.006381710269403211,0.4929364202292669,5.6011759621451125,36.843533123028394,0.015614239272951093,2.82998018927445,22.52492113564669,0.007835530045022196,1.8630914826498424,0.00402220134195386,1.9444468750000041,16.553125,0.005470102952261012,1.0,1
17242.0,2022-02-10 04:40:00,355.64,355.64,355.2,355.2,1398.0,3a,3a,0.0,sell,False,0.0014901453594623462,4.163492493946733,28.239017640954685,0.011578080659927173,0.05764110717086568,-0.21775474861937,-0.18893419503393716,-0.00053147140080485,43.337427759041,64.92141890734726,52.59302309405286,89.57821053393606,1398.0,1.0,2.0,1.0,8.0,0.0028197608842770133,1.0,8.0,0.0028197608842770133,3.0,3.0,0.05764110717086568,-0.18893419503393716,-0.21775474861937,43.337427759041,64.92141890734726,52.59302309405286,89.57821053393606,36.036036036037025,34.45945945946314,12.670527920893262,-0.12372061635361538,0.12387387387387323,0.0,0.0,0.4399999999999977,0.0,17243.0,17243.0,2022-02-10,2022-02-10 04:40:00,2.4239864864864904,322.0,1.0,best_within_2.0d,17564.0,346.59,0.5832424107187206,4.3760036431226785,32.22527881040892,0.012230020343504162,2.285057100371749,15.890706319702602,0.006381710269403211,0.4929364202292669,5.6011759621451125,36.843533123028394,0.015614239272951093,2.82998018927445,22.52492113564669,0.007835530045022196,1.8630914826498424,0.0014901453594623462,1.0,8.0,0.0028197608842770133,0.0,1
17269.0,2022-02-10 07:05:00,366.03,366.31,366.03,366.26,20450.0,2,2,0.0,sell,False,0.5617021276595797,4.163492493946733,28.239017640954685,0.011578080659927173,0.12006326927982301,-0.006232074225279766,0.05379956041463174,0.00014709479357086154,65.64143219063168,69.97361834609967,59.79481736880188,90.33122030069525,20450.0,1.3199999999999932,1.0,2.349999999999966,44.0,0.006397343060924392,1.3199999999999932,36.0,0.003616537439381882,2.0,2.0,0.12006326927982301,0.05379956041463174,-0.006232074225279766,65.64143219063168,69.97361834609967,59.79481736880188,90.33122030069525,51.15207373271653,25.34562211981863,40.18878534299325,0.06283637953173735,0.07649646203863879,0.05000000000001137,0.0,0.2300000000000182,1.0,17270.0,17270.0,2022-02-10,2022-02-10 07:05:00,5.370501829301594,295.0,1.0,best_within_2.0d,17564.0,346.59,0.5617021276595797,2.349999999999966,44.0,0.006397343060924392,1.3199999999999932,36.0,0.003616537439381882,0.4929364202292669,5.6011759621451125,36.843533123028394,0.015614239272951093,2.82998018927445,22.52492113564669,0.007835530045022196,1.8630914826498424,0.00402220134195386,1.9444468750000041,16.553125,0.005470102952261012,0.0,1
17270.0,2022-02-10 07:10:00,366.28,366.37,366.19,366.35,7779.0,2,2,0.0,sell,False,0.5872340425531981,4.163492493946733,28.239017640954685,0.011578080659927173,0.1597015079010572,0.013730614262352387,0.09358136821288099,0.0002558320661128504,67.43588974531326,79.18876143708306,66.25946539156226,105.04735352812466,7779.0,1.3799999999999955,1.0,2.349999999999966,44.0,0.006397343060924392,1.3799999999999955,37.0,0.0037809255048083384,2.0,2.0,0.1597015079010572,0.09358136821288099,0.013730614262352387,67.43588974531326,79.18876143708306,66.25946539156226,105.04735352812466,48.90829694322872,24.01746724891106,39.75613899898934,0.019111062575092833,0.04915481034435861,0.01999999999998181,0.08999999999997499,0.07000000000005002,1.0,17271.0,17271.0,2022-02-10,2022-02-10 07:10:00,5.393749146990595,294.0,1.0,best_within_2.0d,17564.0,346.59,0.5872340425531981,2.349999999999966,44.0,0.006397343060924392,1.3799999999999955,37.0,0.0037809255048083384,0.4929364202292669,5.6011759621451125,36.843533123028394,0.015614239272951093,2.82998018927445,22.52492113564669,0.007835530045022196,1.8630914826498424,0.00402220134195386,1.9444468750000041,16.553125,0.005470102952261012,0.0,1
17271.0,2022-02-10 07:15:00,366.3,366.39,366.2,366.22,18335.0,2,2,0.0,sell,False,0.5957446808510628,4.163492493946733,28.239017640954685,0.011578080659927173,0.15933121963904207,0.03364701671723264,0.11331262653675367,0.0003097464020137002,62.36888140817875,79.53669367123535,70.68520815145328,97.2396647107995,18335.0,1.3999999999999773,1.0,2.349999999999966,44.0,0.006397343060924392,1.3999999999999773,38.0,0.0038357215266171052,2.0,2.0,0.15933121963904207,0.11331262653675367,0.03364701671723264,62.36888140817875,79.53669367123535,70.68520815145328,97.2396647107995,52.29357798164798,11.467889908259453,41.48989885466216,-0.021840021840017494,0.051884216275258806,0.08999999999997499,0.020000000000038654,0.07999999999998408,0.0,17272.0,17272.0,2022-02-10,2022-02-10 07:15:00,5.360166020424895,293.0,1.0,best_within_2.0d,17564.0,346.59,0.5957446808510628,2.349999999999966,44.0,0.006397343060924392,1.3999999999999773,38.0,0.0038357215266171052,0.4929364202292669,5.6011759621451125,36.843533123028394,0.015614239272951093,2.82998018927445,22.52492113564669,0.007835530045022196,1.8630914826498424,0.00402220134195386,1.9444468750000041,16.553125,0.005470102952261012,1.0,1
17280.0,2022-02-10 08:00:00,365.8105,366.51,365.15,366.51,56062.0,2,2,0.0,sell,False,0.6468085106382995,4.163492493946733,28.239017640954685,0.011578080659927173,0.05915758302302887,0.12243014492215964,0.15200893643367408,0.00041529265620952925,65.46955049319622,71.05191382300603,64.31315283581381,84.52943579739048,56062.0,1.5199999999999818,1.0,2.349999999999966,44.0,0.006397343060924392,1.5199999999999818,47.0,0.004164497657470017,2.0,2.0,0.05915758302302887,0.15200893643367408,0.12243014492215964,65.46955049319622,71.05191382300603,64.31315283581381,84.52943579739048,24.615384615384233,30.256410256412064,40.75572861177746,0.19121922416114367,0.3724496782144362,0.0,0.6605000000000132,0.6995000000000005,1.0,17281.0,17281.0,2022-02-10,2022-02-10 08:00:00,5.435049521159045,284.0,1.0,best_within_2.0d,17564.0,346.59,0.6468085106382995,2.349999999999966,44.0,0.006397343060924392,1.5199999999999818,47.0,0.004164497657470017,0.4929364202292669,5.6011759621451125,36.843533123028394,0.015614239272951093,2.82998018927445,22.52492113564669,0.007835530045022196,1.8630914826498424,0.00402220134195386,1.9444468750000041,16.553125,0.005470102952261012,0.0,1
17281.0,2022-02-10 08:05:00,366.5,367.03,366.45,367.03,29246.0,2,2,0.0,sell,False,0.8680851063829759,4.163492493946733,28.239017640954685,0.011578080659927173,0.1377388215821661,0.1396474976199304,0.20851690841101345,0.0005695585734650134,74.03431448499542,80.70127588200401,69.7758605178772,102.55210661025762,29246.0,2.0399999999999636,1.0,2.349999999999966,44.0,0.006397343060924392,2.0399999999999636,48.0,0.005589194224499202,2.0,2.0,0.1377388215821661,0.20851690841101345,0.1396474976199304,74.03431448499542,80.70127588200401,69.7758605178772,102.55210661025762,33.78995433789914,26.027397260275325,38.7715407992675,0.14461118690313035,0.1582753445217585,0.0,0.05000000000001137,0.5299999999999727,1.0,17282.0,17282.0,2022-02-10,2022-02-10 08:05:00,5.569027055009127,283.0,1.0,best_within_2.0d,17564.0,346.59,0.8680851063829759,2.349999999999966,44.0,0.006397343060924392,2.0399999999999636,48.0,0.005589194224499202,0.4929364202292669,5.6011759621451125,36.843533123028394,0.015614239272951093,2.82998018927445,22.52492113564669,0.007835530045022196,1.8630914826498424,0.00402220134195386,1.9444468750000041,16.553125,0.005470102952261012,1.0,1
17286.0,2022-02-10 08:30:00,366.37,366.37,361.42,361.93,1427864.0,1p,1p,1.0,buy,False,2.717880315291484,5.609999999999957,6.0,0.015284854099119847,-0.5682770320815924,0.10686351055386278,-0.17727500548693342,-0.0004845004297790111,18.00630131875033,51.7584983657851,66.57652185151446,22.12245139432639,1427864.0,5.609999999999957,0.0,5.609999999999957,6.0,0.015284854099119847,5.609999999999957,0.0,0.0,1.0,1.0,-0.5682770320815924,-0.17727500548693342,0.10686351055386278,18.00630131875033,51.7584983657851,66.57652185151446,22.12245139432639,7.523825447249376,65.937970239091,38.13900099891482,-1.2118896197832785,1.3695976979691187,0.0,0.5099999999999909,4.439999999999998,0.0,17287.0,17287.0,2022-02-10,2022-02-10 08:30:00,1.123145359599922,25.0,1.0,best_within_2.0d,17311.0,365.995,0.5832424107187206,4.3760036431226785,32.22527881040892,0.012230020343504162,2.285057100371749,15.890706319702602,0.006381710269403211,0.4929364202292669,5.6011759621451125,36.843533123028394,0.015614239272951093,2.82998018927445,22.52492113564669,0.007835530045022196,1.8630914826498424,0.00402220134195386,1.9444468750000041,16.553125,0.005470102952261012,0.0,0
17287.0,2022-02-10 08:35:00,362.0,362.6,361.17,362.57,723109.0,1p,1p,1.0,buy,False,3.9936958457482596,5.859999999999957,7.0,0.015965997329918418,-0.8350351593811836,0.002484115631214845,-0.4150334640593769,-0.001135068263253881,25.68255550759882,42.469260571501714,58.5407680915102,10.326245531484744,723109.0,5.859999999999957,0.0,5.859999999999957,7.0,0.015965997329918418,5.859999999999957,0.0,0.0,1.0,1.0,-0.8350351593811836,-0.4150334640593769,0.002484115631214845,25.68255550759882,42.469260571501714,58.5407680915102,10.326245531484744,6.6300784559281585,59.76279052635496,41.13105373120954,0.15745856353590973,0.39593543206800313,0.03000000000002956,0.8299999999999841,0.5699999999999932,1.0,17288.0,17288.0,2022-02-10,2022-02-10 08:35:00,0.9446451719667956,24.0,1.0,best_within_2.0d,17311.0,365.995,0.5832424107187206,4.3760036431226785,32.22527881040892,0.012230020343504162,2.285057100371749,15.890706319702602,0.006381710269403211,0.4929364202292669,5.6011759621451125,36.843533123028394,0.015614239272951093,2.82998018927445,22.52492113564669,0.007835530045022196,1.8630914826498424,0.00402220134195386,1.9444468750000041,16.553125,0.005470102952261012,0.0,0
17289.0,2022-02-10 08:45:00,361.91,362.14,360.94,361.07,419045.0,1p,1p,1.0,buy,False,5.821996675676194,6.089999999999975,9.0,0.016592649102253155,-1.217311510380963,-0.27874655406245263,-0.8874023092529342,-0.0024308628888928983,20.588058060400357,22.696370143952556,40.91184958528033,-13.734588738702982,419045.0,6.089999999999975,0.0,6.089999999999975,9.0,0.016592649102253155,6.089999999999975,0.0,0.0,1.0,1.0,-1.217311510380963,-0.8874023092529342,-0.27874655406245263,20.588058060400357,22.696370143952556,40.91184958528033,-13.734588738702982,5.709935287399867,57.41657150107887,46.612569219887554,-0.23210190378824344,0.3324652296780597,0.22999999999996135,0.12999999999999545,0.8400000000000318,0.0,17290.0,17290.0,2022-02-10,2022-02-10 08:45:00,1.3640014401639602,22.0,1.0,best_within_2.0d,17311.0,365.995,0.5832424107187206,4.3760036431226785,32.22527881040892,0.012230020343504162,2.285057100371749,15.890706319702602,0.006381710269403211,0.4929364202292669,5.6011759621451125,36.843533123028394,0.015614239272951093,2.82998018927445,22.52492113564669,0.007835530045022196,1.8630914826498424,0.00402220134195386,1.9444468750000041,16.553125,0.005470102952261012,0.0,0
17290.0,2022-02-10 08:50:00,361.04,361.53,360.91,360.92,178728.0,1p,1p,1.0,buy,False,6.137960375722076,6.119999999999948,10.0,0.016674386289948908,-1.2833758299528628,-0.4391685328065605,-1.0808564477829918,-0.0029632793993928943,20.145480905058747,15.185603065615572,32.336434078725404,-19.116058960604093,178728.0,6.119999999999948,0.0,6.119999999999948,10.0,0.016674386289948908,6.119999999999948,0.0,0.0,1.0,1.0,-1.2833758299528628,-1.0808564477829918,-0.4391685328065605,20.145480905058747,15.185603065615572,32.336434078725404,-19.116058960604093,5.521641768152215,55.36979661952843,49.13052712195752,-0.03323731442499572,0.17178798038290646,0.48999999999995225,0.009999999999990905,0.12000000000000455,0.0,17291.0,17291.0,2022-02-10,2022-02-10 08:50:00,1.4061287820015482,21.0,1.0,best_within_2.0d,17311.0,365.995,0.5832424107187206,4.3760036431226785,32.22527881040892,0.012230020343504162,2.285057100371749,15.890706319702602,0.006381710269403211,0.4929364202292669,5.6011759621451125,36.843533123028394,0.015614239272951093,2.82998018927445,22.52492113564669,0.007835530045022196,1.8630914826498424,0.00402220134195386,1.9444468750000041,16.553125,0.005470102952261012,0.0,0
17291.0,2022-02-10 08:55:00,360.96,361.43,360.83,361.0,137774.0,1p,1p,1.0,buy,False,6.137960375722076,6.199999999999989,11.0,0.016892352123804563,-1.2392885263195947,-0.5940795985965097,-1.213723861756307,-0.003330085228093543,21.119409624059358,11.084187354478262,25.25235183730969,-17.25214161118459,137774.0,6.199999999999989,0.0,6.199999999999989,11.0,0.016892352123804563,6.199999999999989,0.0,0.0,1.0,1.0,-1.2392885263195947,-1.213723861756307,-0.5940795985965097,21.119409624059358,11.084187354478262,25.25235183730969,-17.25214161118459,5.325601349152158,53.92171366016797,51.47995174968292,0.011081560283693613,0.1662832913006188,0.4300000000000068,0.12999999999999545,0.040000000000020464,1.0,17292.0,17292.0,2022-02-10,2022-02-10 08:55:00,1.3836565096952922,20.0,1.0,best_within_2.0d,17311.0,365.995,0.5832424107187206,4.3760036431226785,32.22527881040892,0.012230020343504162,2.285057100371749,15.890706319702602,0.006381710269403211,0.4929364202292669,5.6011759621451125,36.843533123028394,0.015614239272951093,2.82998018927445,22.52492113564669,0.007835530045022196,1.8630914826498424,0.00402220134195386,1.9444468750000041,16.553125,0.005470102952261012,0.0,0
17292.0,2022-02-10 09:00:00,360.9,360.96,359.25,359.5099,459653.0,1p,1p,1.0,buy,False,6.342042827906611,7.779999999999973,12.0,0.0211971773424515,-1.3260470872465906,-0.7598354845023335,-1.4228590281256288,-0.003907829059436568,16.968208487403984,8.564944441655864,19.68988270542508,-13.684932085882568,459653.0,7.779999999999973,0.0,7.779999999999973,12.0,0.0211971773424515,7.779999999999973,0.0,0.0,1.0,1.0,-1.3260470872465906,-1.4228590281256288,-0.7598354845023335,16.968208487403984,8.564944441655864,19.68988270542508,-13.684932085882568,3.7259807313568287,59.01687336988384,54.09731317219837,-0.38517594901633734,0.4759916492693053,0.060000000000002274,0.259900000000016,1.3900999999999613,0.0,17293.0,17293.0,2022-02-10,2022-02-10 09:00:00,1.803872438561494,19.0,1.0,best_within_2.0d,17311.0,365.995,0.5832424107187206,4.3760036431226785,32.22527881040892,0.012230020343504162,2.285057100371749,15.890706319702602,0.006381710269403211,0.4929364202292669,5.6011759621451125,36.843533123028394,0.015614239272951093,2.82998018927445,22.52492113564669,0.007835530045022196,1.8630914826498424,0.00402220134195386,1.9444468750000041,16.553125,0.005470102952261012,0.0,0
17293.0,2022-02-10 09:05:00,359.55,360.04,359.08,359.39,292542.0,1p,1p,1.0,buy,False,6.342042827906611,7.949999999999989,13.0,0.02166035473939457,-1.3123610185794838,-0.9238806118247691,-1.580061121114511,-0.004343745120723941,16.684036293242045,7.1025954858119125,15.494120298887358,-9.680454140338977,292542.0,7.949999999999989,0.0,7.949999999999989,13.0,0.02166035473939457,7.949999999999989,0.0,0.0,1.0,1.0,-1.3123610185794838,-1.580061121114511,-0.9238806118247691,16.684036293242045,7.1025954858119125,15.494120298887358,-9.680454140338977,3.305869189299051,57.47126436781641,56.59902929647951,-0.044500069531365594,0.2673498941740104,0.4900000000000091,0.3100000000000023,0.160000000000025,0.0,17294.0,17294.0,2022-02-10,2022-02-10 09:05:00,1.8378363337878123,18.0,1.0,best_within_2.0d,17311.0,365.995,0.5832424107187206,4.3760036431226785,32.22527881040892,0.012230020343504162,2.285057100371749,15.890706319702602,0.006381710269403211,0.4929364202292669,5.6011759621451125,36.843533123028394,0.015614239272951093,2.82998018927445,22.52492113564669,0.007835530045022196,1.8630914826498424,0.00402220134195386,1.9444468750000041,16.553125,0.005470102952261012,0.0,0
17294.0,2022-02-10 09:10:00,359.41,359.73,359.0,359.35,367809.0,1p,1p,1.0,buy,False,6.342042827906624,8.029999999999973,14.0,0.02187832057325007,-1.22324644945036,-1.0767864180060642,-1.6884096427312443,-0.004645773796336252,16.58425090757774,6.318057777515596,12.435432791763436,-5.916692250980084,367809.0,8.029999999999973,0.0,8.029999999999973,14.0,0.02187832057325007,8.029999999999973,0.0,0.0,1.0,1.0,-1.22324644945036,-1.6884096427312443,-1.0767864180060642,16.58425090757774,6.318057777515596,12.435432791763436,-5.916692250980084,3.443799835757129,54.10739357333959,58.8442572712748,-0.016694026320915465,0.2033426183844062,0.3199999999999932,0.35000000000002274,0.060000000000002274,0.0,17295.0,17295.0,2022-02-10,2022-02-10 09:10:00,1.84917211632113,17.0,1.0,best_within_2.0d,17311.0,365.995,0.5832424107187206,4.3760036431226785,32.22527881040892,0.012230020343504162,2.285057100371749,15.890706319702602,0.006381710269403211,0.4929364202292669,5.6011759621451125,36.843533123028394,0.015614239272951093,2.82998018927445,22.52492113564669,0.007835530045022196,1.8630914826498424,0.00402220134195386,1.9444468750000041,16.553125,0.005470102952261012,1.0,0
17305.0,2022-02-10 10:05:00,364.77,365.45,364.37,365.4,1373109.0,2s,2s,0.0,sell,False,0.19574468085105795,4.163492493946733,28.239017640954685,0.011578080659927173,1.4404015047521952,-0.8062748434510745,-0.08607409107497688,-0.000237206730557382,66.72991514722332,91.35062831603759,79.62316996340317,114.80554502130639,1373109.0,6.449999999999989,1.0,2.349999999999966,44.0,0.006397343060924392,6.449999999999989,12.0,0.01796657381615596,1.0,2.5,1.4404015047521952,-0.08607409107497688,-0.8062748434510745,66.72991514722332,91.35062831603759,79.62316996340317,114.80554502130639,39.079693231076725,14.371457152383943,52.930173824183385,0.172711571675301,0.2964020089469452,0.05000000000001137,0.39999999999997726,0.6299999999999955,1.0,17306.0,17306.0,2022-02-10,2022-02-10 10:05:00,5.1477832512315285,259.0,1.0,best_within_2.0d,17564.0,346.59,0.5832424107187206,4.3760036431226785,32.22527881040892,0.012230020343504162,2.285057100371749,15.890706319702602,0.006381710269403211,0.19574468085105795,2.349999999999966,44.0,0.006397343060924392,6.449999999999989,12.0,0.01796657381615596,1.0,0.00402220134195386,1.9444468750000041,16.553125,0.005470102952261012,0.0,1
17306.0,2022-02-10 10:10:00,365.42,365.55,364.36,364.44,1138159.0,2s,2s,0.0,sell,False,0.23829787234042996,4.163492493946733,28.239017640954685,0.011578080659927173,1.3744962222914807,-0.6344628156646394,0.052785295481101,0.00014542127094597856,59.13090615166401,88.29474739528236,82.51369577402957,99.85685063778794,1138159.0,6.550000000000011,1.0,2.349999999999966,44.0,0.006397343060924392,6.550000000000011,13.0,0.018245125348189447,1.0,2.5,1.3744962222914807,0.052785295481101,-0.6344628156646394,59.13090615166401,88.29474739528236,82.51369577402957,99.85685063778794,41.288534811222576,3.98337374437124,55.035336290671125,-0.2681845547589125,0.3266000658689202,0.12999999999999545,0.07999999999998408,0.9800000000000182,0.0,17307.0,17307.0,2022-02-10,2022-02-10 10:10:00,4.897925584458354,258.0,1.0,best_within_2.0d,17564.0,346.59,0.5832424107187206,4.3760036431226785,32.22527881040892,0.012230020343504162,2.285057100371749,15.890706319702602,0.006381710269403211,0.23829787234042996,2.349999999999966,44.0,0.006397343060924392,6.550000000000011,13.0,0.018245125348189447,1.0,0.00402220134195386,1.9444468750000041,16.553125,0.005470102952261012,1.0,1
17311.0,2022-02-10 10:35:00,364.84,366.01,364.63,365.995,1158293.0,2s,2s,0.0,sell,False,0.43404255319148793,4.163492493946733,28.239017640954685,0.011578080659927173,0.9927601486914314,0.011293255237326572,0.5076733295830422,0.0013964641125700386,66.24461358417147,85.11493302594631,80.71235316541944,93.92009274700007,1158293.0,7.009999999999991,1.0,2.349999999999966,44.0,0.006397343060924392,7.009999999999991,18.0,0.01952646239554315,1.0,2.5,0.9927601486914314,0.5076733295830422,0.011293255237326572,66.24461358417147,85.11493302594631,80.71235316541944,93.92009274700007,46.37059724349173,5.421133231240396,60.56335105924928,0.31657712970069884,0.3784658420864974,0.014999999999986358,0.20999999999997954,1.1550000000000296,1.0,17312.0,17312.0,2022-02-10,2022-02-10 10:35:00,5.301984999795087,253.0,1.0,best_within_2.0d,17564.0,346.59,0.5832424107187206,4.3760036431226785,32.22527881040892,0.012230020343504162,2.285057100371749,15.890706319702602,0.006381710269403211,0.43404255319148793,2.349999999999966,44.0,0.006397343060924392,7.009999999999991,18.0,0.01952646239554315,1.0,0.00402220134195386,1.9444468750000041,16.553125,0.005470102952261012,0.0,1
17312.0,2022-02-10 10:40:00,365.995,366.4885,365.655,365.89,991970.0,2s,2s,0.0,sell,False,0.6376595744680853,4.163492493946733,28.239017640954685,0.011578080659927173,0.9689325777066075,0.1324098274506525,0.6168761163039562,0.0016960383159033167,65.335393889034,83.97290471578299,81.79920368220729,88.32030678293438,991970.0,7.488499999999988,1.0,2.349999999999966,44.0,0.006397343060924392,7.488499999999988,19.0,0.020859331476323087,1.0,2.5,0.9689325777066075,0.6168761163039562,0.1324098274506525,65.335393889034,83.97290471578299,81.79920368220729,88.32030678293438,45.131449279969665,5.626728550084206,61.79663118896758,-0.028688916515257908,0.2279471086133145,0.4934999999999832,0.23500000000001364,0.10500000000001819,0.0,17313.0,17313.0,2022-02-10,2022-02-10 10:40:00,5.2748093689360225,252.0,1.0,best_within_2.0d,17564.0,346.59,0.5832424107187206,4.3760036431226785,32.22527881040892,0.012230020343504162,2.285057100371749,15.890706319702602,0.006381710269403211,0.6376595744680853,2.349999999999966,44.0,0.006397343060924392,7.488499999999988,19.0,0.020859331476323087,1.0,0.00402220134195386,1.9444468750000041,16.553125,0.005470102952261012,1.0,1
17316.0,2022-02-10 11:00:00,363.85,364.29,363.0,363.88,1418500.0,2,2,1.0,buy,False,0.465847633037323,4.163492493946733,28.239017640954685,0.011578080659927173,0.12098627074468493,0.3734004774953922,0.43389361286773465,0.001192358760277174,49.9534904527464,39.07049390509602,56.786187442339696,3.6391068306086822,1418500.0,3.4884999999999877,1.0,7.488499999999988,19.0,0.020859331476323087,3.4884999999999877,5.0,0.009518716139796986,2.0,2.0,0.12098627074468493,0.43389361286773465,0.3734004774953922,49.9534904527464,39.07049390509602,56.786187442339696,3.6391068306086822,25.34494349649485,21.801069244805845,54.544387073086384,0.008245155970859615,0.3553719008264519,0.410000000000025,0.8500000000000227,0.029999999999972715,1.0,17317.0,17317.0,2022-02-10,2022-02-10 11:00:00,0.2803121908321375,16.0,1.0,best_within_2.0d,17332.0,364.9,0.465847633037323,7.488499999999988,19.0,0.020859331476323087,3.4884999999999877,5.0,0.009518716139796986,0.4929364202292669,5.6011759621451125,36.843533123028394,0.015614239272951093,2.82998018927445,22.52492113564669,0.007835530045022196,1.8630914826498424,0.00402220134195386,1.9444468750000041,16.553125,0.005470102952261012,0.0,0
17320.0,2022-02-10 11:20:00,363.55,363.86,362.83,363.62,826164.0,2,2,1.0,buy,False,0.4885491086332389,4.163492493946733,28.239017640954685,0.011578080659927173,-0.2633517742177772,0.2997473010777348,0.16807141396884617,0.0004619377056485689,48.29073471942783,23.635487666399666,32.63120727060117,5.644048457996647,826164.0,3.6585000000000036,1.0,7.488499999999988,19.0,0.020859331476323087,3.6585000000000036,9.0,0.009982577898078668,2.0,2.0,-0.2633517742177772,0.16807141396884617,0.2997473010777348,48.29073471942783,23.635487666399666,32.63120727060117,5.644048457996647,16.224070548151076,27.624678491498848,44.600855716494664,0.01925457296107638,0.2838795027974615,0.2400000000000091,0.7200000000000273,0.06999999999999318,1.0,17321.0,17321.0,2022-02-10,2022-02-10 11:20:00,0.3520158407128246,12.0,1.0,best_within_2.0d,17332.0,364.9,0.4885491086332389,7.488499999999988,19.0,0.020859331476323087,3.6585000000000036,9.0,0.009982577898078668,0.4929364202292669,5.6011759621451125,36.843533123028394,0.015614239272951093,2.82998018927445,22.52492113564669,0.007835530045022196,1.8630914826498424,0.00402220134195386,1.9444468750000041,16.553125,0.005470102952261012,0.0,0
17322.0,2022-02-10 11:30:00,363.44,363.55,362.275,362.32,1037365.0,2,2,1.0,buy,False,0.5626627495493113,4.163492493946733,28.239017640954685,0.011578080659927173,-0.45913105252053993,0.20462712125339158,-0.024938405006878384,-6.856849042514026e-05,39.581870186926416,15.079212736981741,24.422411485978,-3.607184761010778,1037365.0,4.2135000000000105,1.0,7.488499999999988,19.0,0.020859331476323087,4.2135000000000105,11.0,0.011496950108939327,2.0,2.0,-0.45913105252053993,-0.024938405006878384,0.20462712125339158,39.581870186926416,15.079212736981741,24.422411485978,-3.607184761010778,15.848207002316583,27.735177994583438,41.562214931610136,-0.3081664098613264,0.35194258505280085,0.11000000000001364,0.045000000000015916,1.1200000000000045,0.0,17323.0,17323.0,2022-02-10,2022-02-10 11:30:00,0.7120777213512873,10.0,1.0,best_within_2.0d,17332.0,364.9,0.5626627495493113,7.488499999999988,19.0,0.020859331476323087,4.2135000000000105,11.0,0.011496950108939327,0.4929364202292669,5.6011759621451125,36.843533123028394,0.015614239272951093,2.82998018927445,22.52492113564669,0.007835530045022196,1.8630914826498424,0.00402220134195386,1.9444468750000041,16.553125,0.005470102952261012,0.0,0
17323.0,2022-02-10 11:35:00,362.32,362.77,362.1808,362.52,747013.0,2,2,1.0,buy,False,0.5752420377912824,4.163492493946733,28.239017640954685,0.011578080659927173,-0.5118596816599107,0.14064466104590273,-0.11528517978405262,-0.00031705444008726713,41.35078497981094,14.805106182421833,21.21664305145928,1.9820324443469417,747013.0,4.307700000000011,1.0,7.488499999999988,19.0,0.020859331476323087,4.307700000000011,12.0,0.011753984094998919,2.0,2.0,-0.5118596816599107,-0.11528517978405262,0.14064466104590273,41.35078497981094,14.805106182421833,21.21664305145928,1.9820324443469417,14.39805557238725,29.24855413493838,41.02379982307793,0.05519982336056211,0.16268118022821898,0.25,0.13920000000001664,0.19999999999998863,1.0,17324.0,17324.0,2022-02-10,2022-02-10 11:35:00,0.6565155025929591,9.0,1.0,best_within_2.0d,17332.0,364.9,0.5752420377912824,7.488499999999988,19.0,0.020859331476323087,4.307700000000011,12.0,0.011753984094998919,0.4929364202292669,5.6011759621451125,36.843533123028394,0.015614239272951093,2.82998018927445,22.52492113564669,0.007835530045022196,1.8630914826498424,0.00402220134195386,1.9444468750000041,16.553125,0.005470102952261012,1.0,0
17331.0,2022-02-10 12:15:00,364.39,365.0,363.9627,364.73,530992.0,2s,2s,0.0,sell,False,0.004255319148932362,4.163492493946733,28.239017640954685,0.011578080659927173,0.1696643292816329,0.10664530542949413,0.19147747007031057,0.0005261568516599692,57.09268514478712,81.01333251462023,71.7834393805939,99.47311878267288,530992.0,2.8192000000000235,1.0,2.349999999999966,44.0,0.006397343060924392,2.8192000000000235,9.0,0.007783957625583752,2.0,2.5,0.1696643292816329,0.19147747007031057,0.10664530542949413,57.09268514478712,81.01333251462023,71.7834393805939,99.47311878267288,22.786209242018263,14.872252688857813,32.082830844166786,0.09330662202586015,0.28500173232037684,0.2699999999999818,0.42730000000000246,0.34000000000003183,1.0,17332.0,17332.0,2022-02-10,2022-02-10 12:15:00,4.973542072217817,233.0,1.0,best_within_2.0d,17564.0,346.59,0.5832424107187206,4.3760036431226785,32.22527881040892,0.012230020343504162,2.285057100371749,15.890706319702602,0.006381710269403211,0.004255319148932362,2.349999999999966,44.0,0.006397343060924392,2.8192000000000235,9.0,0.007783957625583752,2.0,0.00402220134195386,1.9444468750000041,16.553125,0.005470102952261012,0.0,1
17332.0,2022-02-10 12:20:00,364.75,365.15,364.72,364.9,509811.0,2s,2s,0.0,sell,False,0.06808510638296617,4.163492493946733,28.239017640954685,0.011578080659927173,0.21405265294004233,0.13340188704699943,0.2404282135170206,0.000660535402365078,58.318948027169604,84.25580192332706,75.94089356150495,100.88561864697127,509811.0,2.9692000000000007,1.0,2.349999999999966,44.0,0.006397343060924392,2.9692000000000007,10.0,0.008198115416388723,2.0,2.5,0.21405265294004233,0.2404282135170206,0.13340188704699943,58.318948027169604,84.25580192332706,75.94089356150495,100.88561864697127,25.152201928631424,13.679953783940274,31.901426197936335,0.04112405757367437,0.11789866198726419,0.25,0.029999999999972715,0.14999999999997726,1.0,17333.0,17333.0,2022-02-10,2022-02-10 12:20:00,5.01781309947931,232.0,1.0,best_within_2.0d,17564.0,346.59,0.5832424107187206,4.3760036431226785,32.22527881040892,0.012230020343504162,2.285057100371749,15.890706319702602,0.006381710269403211,0.06808510638296617,2.349999999999966,44.0,0.006397343060924392,2.9692000000000007,10.0,0.008198115416388723,2.0,0.00402220134195386,1.9444468750000041,16.553125,0.005470102952261012,0.0,1
17334.0,2022-02-10 12:30:00,364.8,365.24,364.08,364.25,600530.0,2s,2s,0.0,sell,False,0.1063829787234058,4.163492493946733,28.239017640954685,0.011578080659927173,0.13265061884383733,0.17707494214307357,0.24340025156499223,0.0006685618652632207,51.81702370310069,65.221167397941,74.03484446848898,47.59381325684504,600530.0,3.0592000000000326,1.0,2.349999999999966,44.0,0.006397343060924392,3.0592000000000326,12.0,0.008446610090871831,2.0,2.5,0.13265061884383733,0.24340025156499223,0.17707494214307357,51.81702370310069,65.221167397941,74.03484446848898,47.59381325684504,26.47210139843761,15.529675880454844,31.893150499245603,-0.15076754385965224,0.3186112942210572,0.4399999999999977,0.17000000000001592,0.5500000000000114,0.0,17335.0,17335.0,2022-02-10,2022-02-10 12:30:00,4.848318462594379,230.0,1.0,best_within_2.0d,17564.0,346.59,0.5832424107187206,4.3760036431226785,32.22527881040892,0.012230020343504162,2.285057100371749,15.890706319702602,0.006381710269403211,0.1063829787234058,2.349999999999966,44.0,0.006397343060924392,3.0592000000000326,12.0,0.008446610090871831,2.0,0.00402220134195386,1.9444468750000041,16.553125,0.005470102952261012,1.0,1
17338.0,2022-02-10 12:50:00,362.15,362.6788,360.98,362.3401,2100283.0,2s,2s,1.0,buy,False,0.7355945783534724,4.163492493946733,28.239017640954685,0.011578080659927173,-0.41023410423193024,0.1313667254483011,-0.07375032666766401,-0.00020267043970662645,38.70305533314036,44.28616966796703,56.634999734137494,19.588509535626088,2100283.0,4.259999999999991,1.0,7.488499999999988,19.0,0.020859331476323087,4.259999999999991,5.0,0.011663563684152861,1.0,2.5,-0.41023410423193024,-0.07375032666766401,0.1313667254483011,38.70305533314036,44.28616966796703,56.634999734137494,19.588509535626088,15.991039122776884,31.326224567246747,32.06654515988905,0.0524920613005742,0.4706077899052595,0.3387000000000171,1.169999999999959,0.19010000000002947,1.0,17339.0,17339.0,2022-02-10,2022-02-10 12:50:00,-0.8334986936306563,143.0,1.0,best_within_2.0d,17481.0,359.32,0.5832424107187206,4.3760036431226785,32.22527881040892,0.012230020343504162,2.285057100371749,15.890706319702602,0.006381710269403211,0.7355945783534724,7.488499999999988,19.0,0.020859331476323087,4.259999999999991,5.0,0.011663563684152861,1.0,0.00402220134195386,1.9444468750000041,16.553125,0.005470102952261012,1.0,0
17344.0,2022-02-10 13:20:00,361.05,361.42,360.76,361.34,1032028.0,2s,2s,1.0,buy,False,0.7649729585364233,4.163492493946733,28.239017640954685,0.011578080659927173,-0.621283388664108,-0.2323116045522453,-0.5429532988842993,-0.0014946747052302697,35.92894473683151,23.71217759292726,34.76942268040487,1.5976874179720397,1032028.0,4.480000000000018,1.0,7.488499999999988,19.0,0.020859331476323087,4.480000000000018,11.0,0.012265907348592755,1.0,2.5,-0.621283388664108,-0.5429532988842993,-0.2323116045522453,35.92894473683151,23.71217759292726,34.76942268040487,1.5976874179720397,9.37064095133111,37.776829446945634,38.10460587599347,0.08032128514055217,0.18294711165318356,0.08000000000004093,0.29000000000002046,0.2899999999999636,1.0,17345.0,17345.0,2022-02-10,2022-02-10 13:20:00,-0.5590302761941611,137.0,1.0,best_within_2.0d,17481.0,359.32,0.5832424107187206,4.3760036431226785,32.22527881040892,0.012230020343504162,2.285057100371749,15.890706319702602,0.006381710269403211,0.7649729585364233,7.488499999999988,19.0,0.020859331476323087,4.480000000000018,11.0,0.012265907348592755,1.0,0.00402220134195386,1.9444468750000041,16.553125,0.005470102952261012,0.0,0
17345.0,2022-02-10 13:25:00,361.35,361.4519,360.36,360.37,942681.0,2s,2s,1.0,buy,False,0.818388195232688,4.163492493946733,28.239017640954685,0.011578080659927173,-0.7320519502686785,-0.32381809833583014,-0.6898440734701694,-0.0019001637383170961,31.49209763717421,15.881378468544847,28.473407943118197,-9.30268048060185,942681.0,4.8799999999999955,1.0,7.488499999999988,19.0,0.020859331476323087,4.8799999999999955,12.0,0.013361077647574184,1.0,2.5,-0.7320519502686785,-0.6898440734701694,-0.32381809833583014,31.49209763717421,15.881378468544847,28.473407943118197,-9.30268048060185,6.291455883005856,40.1848337321554,40.59186043702324,-0.27120520271205706,0.3030025530025557,0.10190000000000055,0.009999999999990905,0.9800000000000182,0.0,17346.0,17346.0,2022-02-10,2022-02-10 13:25:00,-0.2913672059272446,136.0,1.0,best_within_2.0d,17481.0,359.32,0.5832424107187206,4.3760036431226785,32.22527881040892,0.012230020343504162,2.285057100371749,15.890706319702602,0.006381710269403211,0.818388195232688,7.488499999999988,19.0,0.020859331476323087,4.8799999999999955,12.0,0.013361077647574184,1.0,0.00402220134195386,1.9444468750000041,16.553125,0.005470102952261012,0.0,0
17346.0,2022-02-10 13:30:00,360.37,360.72,359.78,359.86,965101.0,2s,2s,1.0,buy,False,0.8958402884422816,4.163492493946733,28.239017640954685,0.011578080659927173,-0.8222938073589905,-0.4266048242557039,-0.8377517279351991,-0.0023090731950478694,29.434015779449453,11.316183095605856,22.754332993947415,-11.560116701077263,965101.0,5.460000000000036,1.0,7.488499999999988,19.0,0.020859331476323087,5.460000000000036,13.0,0.01494907458109746,1.0,2.5,-0.8222938073589905,-0.8377517279351991,-0.4266048242557039,29.434015779449453,11.316183095605856,22.754332993947415,-11.560116701077263,5.17193677104369,42.49079294422817,43.285139944039834,-0.14152121430751474,0.26127077658570647,0.35000000000002274,0.08000000000004093,0.5099999999999909,0.0,17347.0,17347.0,2022-02-10,2022-02-10 13:30:00,-0.15005835602734965,135.0,1.0,best_within_2.0d,17481.0,359.32,0.5832424107187206,4.3760036431226785,32.22527881040892,0.012230020343504162,2.285057100371749,15.890706319702602,0.006381710269403211,0.8958402884422816,7.488499999999988,19.0,0.020859331476323087,5.460000000000036,13.0,0.01494907458109746,1.0,0.00402220134195386,1.9444468750000041,16.553125,0.005470102952261012,0.0,0
17347.0,2022-02-10 13:35:00,359.88,360.19,359.14,360.085,1333637.0,2s,2s,1.0,buy,False,0.9813046671563082,4.163492493946733,28.239017640954685,0.011578080659927173,-0.7992531567301981,-0.5265114688469786,-0.9261380472120777,-0.0025541103952252957,31.55908882747042,14.869703459086002,20.12612314899361,4.356864079270785,1333637.0,6.100000000000023,1.0,7.488499999999988,19.0,0.020859331476323087,6.100000000000023,14.0,0.016701347059467807,1.0,2.5,-0.7992531567301981,-0.9261380472120777,-0.5265114688469786,31.55908882747042,14.869703459086002,20.12612314899361,4.356864079270785,4.9465767360352215,44.40275907489748,45.90425947136994,0.05696343225519175,0.29236509439216224,0.10500000000001819,0.7400000000000091,0.20499999999998408,1.0,17348.0,17348.0,2022-02-10,2022-02-10 13:35:00,-0.21244983823263575,134.0,1.0,best_within_2.0d,17481.0,359.32,0.5832424107187206,4.3760036431226785,32.22527881040892,0.012230020343504162,2.285057100371749,15.890706319702602,0.006381710269403211,0.9813046671563082,7.488499999999988,19.0,0.020859331476323087,6.100000000000023,14.0,0.016701347059467807,1.0,0.00402220134195386,1.9444468750000041,16.553125,0.005470102952261012,1.0,0
17355.0,2022-02-10 14:15:00,359.82,359.88,359.01,359.14,789477.0,2s,2s,1.0,buy,False,0.9986646190825945,4.163492493946733,28.239017640954685,0.011578080659927173,-0.22159168934311135,-0.8525198591894864,-0.963315703861042,-0.0026646052265490916,31.97432172926584,29.84287551583206,36.40070006801227,16.727226411471634,789477.0,6.230000000000018,1.0,7.488499999999988,19.0,0.020859331476323087,6.230000000000018,22.0,0.017057277406636782,1.0,2.5,-0.22159168934311135,-0.963315703861042,-0.8525198591894864,31.97432172926584,29.84287551583206,36.40070006801227,16.727226411471634,10.153621508516702,35.22531405474915,46.55705623804187,-0.18898338057918038,0.2423330826439388,0.060000000000002274,0.12999999999999545,0.6800000000000068,0.0,17356.0,17356.0,2022-02-10,2022-02-10 14:15:00,0.05011973046722916,126.0,1.0,best_within_2.0d,17481.0,359.32,0.5832424107187206,4.3760036431226785,32.22527881040892,0.012230020343504162,2.285057100371749,15.890706319702602,0.006381710269403211,0.9986646190825945,7.488499999999988,19.0,0.020859331476323087,6.230000000000018,22.0,0.017057277406636782,1.0,0.00402220134195386,1.9444468750000041,16.553125,0.005470102952261012,0.0,0
17356.0,2022-02-10 14:20:00,359.14,359.8919,358.87,359.88,993979.0,1,1,1.0,buy,False,3.9327600714371025,6.3700000000000045,23.0,0.017440587011280265,-0.1498365363366454,-0.8712494262315669,-0.9461676943998896,-0.002618053786826402,38.694191020244666,32.79435634644213,35.19858549415555,27.985898051015283,993979.0,6.3700000000000045,1.0,6.3700000000000045,23.0,0.017440587011280265,6.3700000000000045,23.0,0.017440587011280265,1.0,1.0,-0.1498365363366454,-0.9461676943998896,-0.8712494262315669,38.694191020244666,32.79435634644213,35.19858549415555,27.985898051015283,9.986822428522931,34.054398199557866,47.134969361974825,0.20604778080971464,0.28475492518182527,0.011900000000025557,0.2699999999999818,0.7400000000000091,1.0,17357.0,17357.0,2022-02-10,2022-02-10 14:20:00,-0.1556074246971219,125.0,1.0,best_within_2.0d,17481.0,359.32,0.5832424107187206,4.3760036431226785,32.22527881040892,0.012230020343504162,2.285057100371749,15.890706319702602,0.006381710269403211,0.4929364202292669,5.6011759621451125,36.843533123028394,0.015614239272951093,2.82998018927445,22.52492113564669,0.007835530045022196,1.8630914826498424,0.00402220134195386,1.9444468750000041,16.553125,0.005470102952261012,1.0,0
17360.0,2022-02-10 14:40:00,354.08,354.1,352.8,353.07,1186989.0,1p,1p,1.0,buy,False,0.8534304859140027,3.4103999999999814,25.0,0.009574116870254158,-0.08812109820268069,-0.0027064988551668695,-0.04676704795650721,-0.00013204598263322445,35.7835029072541,29.983744878377593,40.619610474439504,8.71201368625377,1186989.0,3.4103999999999814,0.0,3.4103999999999814,25.0,0.009574116870254158,3.4103999999999814,0.0,0.0,1.0,1.0,-0.08812109820268069,-0.04676704795650721,-0.0027064988551668695,35.7835029072541,29.983744878377593,40.619610474439504,8.71201368625377,18.06569343065723,18.430656934307052,37.431257827899174,-0.28524627202891745,0.36848072562358597,0.020000000000038654,0.2699999999999818,1.009999999999991,0.0,17361.0,17361.0,2022-02-10,2022-02-10 14:40:00,1.7701872149998583,121.0,1.0,best_within_2.0d,17481.0,359.32,0.5832424107187206,4.3760036431226785,32.22527881040892,0.012230020343504162,2.285057100371749,15.890706319702602,0.006381710269403211,0.4929364202292669,5.6011759621451125,36.843533123028394,0.015614239272951093,2.82998018927445,22.52492113564669,0.007835530045022196,1.8630914826498424,0.00402220134195386,1.9444468750000041,16.553125,0.005470102952261012,0.0,0
17363.0,2022-02-10 14:55:00,359.19,359.51,358.66,359.16,710577.0,1,1,1.0,buy,False,3.932760071433188,6.579999999999984,30.0,0.01801555141824549,0.03042116460674471,-0.7952213242062856,-0.7800107419029132,-0.002162243484478344,35.41766568518187,26.54834019905954,34.993787335453945,9.657445926270725,710577.0,6.579999999999984,1.0,6.579999999999984,30.0,0.01801555141824549,6.579999999999984,30.0,0.01801555141824549,1.0,1.0,0.03042116460674471,-0.7800107419029132,-0.7952213242062856,35.41766568518187,26.54834019905954,34.993787335453945,9.657445926270725,17.236581504802455,20.79946617069714,34.20858256956709,-0.008352125615961669,0.23699325266267937,0.3199999999999932,0.5,0.029999999999972715,0.0,17364.0,17364.0,2022-02-10,2022-02-10 14:55:00,0.04454839068937748,118.0,1.0,best_within_2.0d,17481.0,359.32,0.5832424107187206,4.3760036431226785,32.22527881040892,0.012230020343504162,2.285057100371749,15.890706319702602,0.006381710269403211,0.4929364202292669,5.6011759621451125,36.843533123028394,0.015614239272951093,2.82998018927445,22.52492113564669,0.007835530045022196,1.8630914826498424,0.00402220134195386,1.9444468750000041,16.553125,0.005470102952261012,0.0,0
17364.0,2022-02-10 15:00:00,359.14,359.36,358.29,359.13,1122249.0,1,1,1.0,buy,False,3.9327600714331474,6.949999999999989,31.0,0.019028583944803387,0.010667998781884958,-0.7938878243585499,-0.7885538249676074,-0.002186649022578182,35.228776261405784,25.86215877216188,31.94991114768992,13.686654021105802,1122249.0,6.949999999999989,1.0,6.949999999999989,31.0,0.019028583944803387,6.949999999999989,31.0,0.019028583944803387,1.0,1.0,0.010667998781884958,-0.7885538249676074,-0.7938878243585499,35.228776261405784,25.86215877216188,31.94991114768992,13.686654021105802,16.79544023960888,22.82647040513483,32.85235896741599,-0.0027844294703989825,0.29864076586005556,0.22000000000002728,0.839999999999975,0.009999999999990905,0.0,17365.0,17365.0,2022-02-10,2022-02-10 15:00:00,0.05290563305766651,117.0,1.0,best_within_2.0d,17481.0,359.32,0.5832424107187206,4.3760036431226785,32.22527881040892,0.012230020343504162,2.285057100371749,15.890706319702602,0.006381710269403211,0.4929364202292669,5.6011759621451125,36.843533123028394,0.015614239272951093,2.82998018927445,22.52492113564669,0.007835530045022196,1.8630914826498424,0.00402220134195386,1.9444468750000041,16.553125,0.005470102952261012,1.0,0
17370.0,2022-02-10 15:30:00,359.0,359.0,357.66,357.72,1163452.0,1,1,1.0,buy,False,3.932760071433598,7.579999999999984,37.0,0.02075347716569922,-0.06569098038726473,-0.7238085578290212,-0.7566540480226536,-0.0021015339411261753,28.72800531978008,23.097013550608125,30.080559887483545,9.129920876857284,1163452.0,7.579999999999984,1.0,7.579999999999984,37.0,0.02075347716569922,7.579999999999984,37.0,0.02075347716569922,1.0,1.0,-0.06569098038726473,-0.7566540480226536,-0.7238085578290212,28.72800531978008,23.097013550608125,30.080559887483545,9.129920876857284,18.194414218353494,25.86144359811363,25.15277330367715,-0.3565459610027779,0.37465749594586334,0.0,0.060000000000002274,1.2799999999999727,0.0,17371.0,17371.0,2022-02-10,2022-02-10 15:30:00,0.4472772000447181,111.0,1.0,best_within_2.0d,17481.0,359.32,0.5832424107187206,4.3760036431226785,32.22527881040892,0.012230020343504162,2.285057100371749,15.890706319702602,0.006381710269403211,0.4929364202292669,5.6011759621451125,36.843533123028394,0.015614239272951093,2.82998018927445,22.52492113564669,0.007835530045022196,1.8630914826498424,0.00402220134195386,1.9444468750000041,16.553125,0.005470102952261012,0.0,0
17371.0,2022-02-10 15:35:00,357.73,358.2868,357.33,358.16,1128013.0,1,1,1.0,buy,False,3.932760071435271,7.910000000000025,38.0,0.021656992662359063,-0.10733301578961085,-0.7372251848027226,-0.790891692697528,-0.00219747947238056,33.92679545379197,24.97125009486941,28.37745662327883,18.158837038050564,1128013.0,7.910000000000025,1.0,7.910000000000025,38.0,0.021656992662359063,7.910000000000025,38.0,0.021656992662359063,1.0,1.0,-0.10733301578961085,-0.790891692697528,-0.7372251848027226,33.92679545379197,24.97125009486941,28.37745662327883,18.158837038050564,13.729352060840647,27.997814804698095,25.798622337418376,0.12020238727532127,0.26776369182549575,0.1268000000000029,0.4000000000000341,0.4300000000000068,1.0,17372.0,17372.0,2022-02-10,2022-02-10 15:35:00,0.32387759660486043,110.0,1.0,best_within_2.0d,17481.0,359.32,0.5832424107187206,4.3760036431226785,32.22527881040892,0.012230020343504162,2.285057100371749,15.890706319702602,0.006381710269403211,0.4929364202292669,5.6011759621451125,36.843533123028394,0.015614239272951093,2.82998018927445,22.52492113564669,0.007835530045022196,1.8630914826498424,0.00402220134195386,1.9444468750000041,16.553125,0.005470102952261012,0.0,0
17372.0,2022-02-10 15:40:00,358.2,358.35,357.3,357.545,984576.0,1,1,1.0,buy,False,3.932760071433374,7.939999999999998,39.0,0.0217391304347826,-0.1928603067163328,-0.7613327231422642,-0.8577628765004306,-0.002384439871177998,30.570271220359828,19.444303716214346,25.399738987590666,7.533433173461702,984576.0,7.939999999999998,1.0,7.939999999999998,39.0,0.0217391304347826,7.939999999999998,39.0,0.0217391304347826,1.0,1.0,-0.1928603067163328,-0.8577628765004306,-0.7613327231422642,30.570271220359828,19.444303716214346,25.399738987590666,7.533433173461702,13.307415849753404,27.234334139758587,26.409580762485962,-0.18285873813511244,0.2938706968933701,0.1500000000000341,0.24500000000000455,0.6549999999999727,0.0,17373.0,17373.0,2022-02-10,2022-02-10 15:40:00,0.4964410074256323,109.0,1.0,best_within_2.0d,17481.0,359.32,0.5832424107187206,4.3760036431226785,32.22527881040892,0.012230020343504162,2.285057100371749,15.890706319702602,0.006381710269403211,0.4929364202292669,5.6011759621451125,36.843533123028394,0.015614239272951093,2.82998018927445,22.52492113564669,0.007835530045022196,1.8630914826498424,0.00402220134195386,1.9444468750000041,16.553125,0.005470102952261012,0.0,0
17373.0,2022-02-10 15:45:00,357.5,357.67,356.695,357.18,1238465.0,1,1,1.0,buy,False,3.9327600714331443,8.545000000000016,40.0,0.02339557551199216,-0.26906214413006,-0.7949654911585217,-0.9294965632235517,-0.0025852070333660443,28.75216233022789,17.54915756021863,22.782878511799986,7.081715657055923,1238465.0,8.545000000000016,1.0,8.545000000000016,40.0,0.02339557551199216,8.545000000000016,40.0,0.02339557551199216,1.0,1.0,-0.26906214413006,-0.9294965632235517,-0.7949654911585217,28.75216233022789,17.54915756021863,22.782878511799986,7.081715657055923,5.498342803030343,33.29190340909108,29.641103580423394,-0.08951048951048761,0.27334277183588856,0.17000000000001592,0.48500000000001364,0.3199999999999932,0.0,17374.0,17374.0,2022-02-10,2022-02-10 15:45:00,0.5991376896802694,108.0,1.0,best_within_2.0d,17481.0,359.32,0.5832424107187206,4.3760036431226785,32.22527881040892,0.012230020343504162,2.285057100371749,15.890706319702602,0.006381710269403211,0.4929364202292669,5.6011759621451125,36.843533123028394,0.015614239272951093,2.82998018927445,22.52492113564669,0.007835530045022196,1.8630914826498424,0.00402220134195386,1.9444468750000041,16.553125,0.005470102952261012,0.0,0
17374.0,2022-02-10 15:50:00,357.18,358.19,356.54,357.59,1880365.0,1,1,1.0,buy,False,3.9327600714331443,8.699999999999989,41.0,0.02381995400284741,-0.2358937157414167,-0.8244522056261989,-0.9423990634969073,-0.0026221485088866446,33.534010153806676,21.210307938696047,22.258688320765337,19.113547174557468,1880365.0,8.699999999999989,1.0,8.699999999999989,41.0,0.02381995400284741,8.699999999999989,41.0,0.02381995400284741,1.0,1.0,-0.2358937157414167,-0.9423990634969073,-0.8244522056261989,33.534010153806676,21.210307938696047,22.258688320765337,19.113547174557468,8.910332374019472,31.742001015744254,31.53554208489148,0.11478806204153877,0.4627811746227568,0.6000000000000227,0.6399999999999864,0.40999999999996817,1.0,17375.0,17375.0,2022-02-10,2022-02-10 15:50:00,0.4837942895494891,107.0,1.0,best_within_2.0d,17481.0,359.32,0.5832424107187206,4.3760036431226785,32.22527881040892,0.012230020343504162,2.285057100371749,15.890706319702602,0.006381710269403211,0.4929364202292669,5.6011759621451125,36.843533123028394,0.015614239272951093,2.82998018927445,22.52492113564669,0.007835530045022196,1.8630914826498424,0.00402220134195386,1.9444468750000041,16.553125,0.005470102952261012,1.0,0
17416.0,2022-02-10 19:20:00,357.04,357.1,356.5,356.55,59457.0,1,1,1.0,buy,False,3.9327600718918605,8.740000000000009,83.0,0.023929471032745616,-0.2217830315157504,-0.24359708849966472,-0.3544886042575399,-0.0009907649149087483,26.84760236453853,9.467514769898816,13.425674764335854,1.5511947810247406,59457.0,8.740000000000009,1.0,8.740000000000009,83.0,0.023929471032745616,8.740000000000009,83.0,0.023929471032745616,1.0,1.0,-0.2217830315157504,-0.3544886042575399,-0.24359708849966472,26.84760236453853,9.467514769898816,13.425674764335854,1.5511947810247406,10.485957347627316,54.77217107563058,39.03148619226607,-0.1372395249831977,0.16830294530154916,0.060000000000002274,0.05000000000001137,0.4900000000000091,0.0,17417.0,17417.0,2022-02-10,2022-02-10 19:20:00,0.776889636797078,65.0,1.0,best_within_2.0d,17481.0,359.32,0.5832424107187206,4.3760036431226785,32.22527881040892,0.012230020343504162,2.285057100371749,15.890706319702602,0.006381710269403211,0.4929364202292669,5.6011759621451125,36.843533123028394,0.015614239272951093,2.82998018927445,22.52492113564669,0.007835530045022196,1.8630914826498424,0.00402220134195386,1.9444468750000041,16.553125,0.005470102952261012,1.0,0
17424.0,2022-02-11 04:00:00,356.58,356.58,355.8,356.23,27456.0,1,1,1.0,buy,False,3.9327600717843167,9.439999999999998,91.0,0.025846019055963194,-0.0454242028043681,-0.3403811345292602,-0.36309323593144427,-0.0010160347961299552,30.80922695466515,46.30874877649233,41.3266626790771,56.272920971322776,27456.0,9.439999999999998,1.0,9.439999999999998,91.0,0.025846019055963194,9.439999999999998,91.0,0.025846019055963194,1.0,1.0,-0.0454242028043681,-0.36309323593144427,-0.3403811345292602,30.80922695466515,46.30874877649233,41.3266626790771,56.272920971322776,10.098210042767649,50.88705845081597,48.28083539462799,-0.0981546917942582,0.21922428330521998,0.0,0.4300000000000068,0.3499999999999659,0.0,17425.0,17425.0,2022-02-11,2022-02-11 04:00:00,0.8674171181539946,57.0,1.0,best_within_2.0d,17481.0,359.32,0.5832424107187206,4.3760036431226785,32.22527881040892,0.012230020343504162,2.285057100371749,15.890706319702602,0.006381710269403211,0.4929364202292669,5.6011759621451125,36.843533123028394,0.015614239272951093,2.82998018927445,22.52492113564669,0.007835530045022196,1.8630914826498424,0.00402220134195386,1.9444468750000041,16.553125,0.005470102952261012,1.0,0
17427.0,2022-02-11 04:15:00,364.7691,365.2,364.73,365.16,243564.0,3a,3a,1.0,buy,False,0.00024844720496887504,4.163492493946733,28.239017640954685,0.011578080659927173,-0.08244132432618678,0.30031177230802986,0.25909111014493647,0.000710234587896892,56.832306856372675,42.06851795245487,50.11387981193147,25.97779423350167,243564.0,0.839999999999975,2.0,0.839999999999975,9.0,0.002297781546625749,0.839999999999975,9.0,0.002297781546625749,3.0,3.0,-0.08244132432618678,0.25909111014493647,0.30031177230802986,56.832306856372675,42.06851795245487,50.11387981193147,25.97779423350167,17.739045447142285,13.755407141953166,21.779621333605125,0.1071636824500882,0.12886244619306622,0.03999999999996362,0.039099999999962165,0.39090000000004466,1.0,17428.0,17428.0,2022-02-11,2022-02-11 04:15:00,-1.5992989374520845,54.0,1.0,best_within_2.0d,17481.0,359.32,0.5832424107187206,4.3760036431226785,32.22527881040892,0.012230020343504162,2.285057100371749,15.890706319702602,0.006381710269403211,0.4929364202292669,5.6011759621451125,36.843533123028394,0.015614239272951093,2.82998018927445,22.52492113564669,0.007835530045022196,1.8630914826498424,0.00024844720496887504,0.839999999999975,9.0,0.002297781546625749,0.0,0
17432.0,2022-02-11 04:40:00,355.78,355.86,355.65,355.86,9449.0,1,1,1.0,buy,False,3.932760073935766,9.590000000000032,99.0,0.026256707918081348,-0.11041742503485652,-0.369790457925076,-0.42499917044250424,-0.0011908138120889289,32.08070110502632,27.08545176828244,38.93144267183027,3.3934699611867813,9449.0,9.590000000000032,1.0,9.590000000000032,99.0,0.026256707918081348,9.590000000000032,99.0,0.026256707918081348,1.0,1.0,-0.11041742503485652,-0.42499917044250424,-0.369790457925076,32.08070110502632,27.08545176828244,38.93144267183027,3.3934699611867813,16.116504854368692,42.718446601942816,46.36205893416054,0.02248580583507812,0.059046815689592684,0.0,0.12999999999999545,0.08000000000004093,1.0,17433.0,17433.0,2022-02-11,2022-02-11 04:40:00,0.9722924745686448,49.0,1.0,best_within_2.0d,17481.0,359.32,0.5832424107187206,4.3760036431226785,32.22527881040892,0.012230020343504162,2.285057100371749,15.890706319702602,0.006381710269403211,0.4929364202292669,5.6011759621451125,36.843533123028394,0.015614239272951093,2.82998018927445,22.52492113564669,0.007835530045022196,1.8630914826498424,0.00402220134195386,1.9444468750000041,16.553125,0.005470102952261012,0.0,0
17434.0,2022-02-11 04:50:00,355.7,355.7,355.4,355.62,8255.0,1,1,1.0,buy,False,3.932760075714102,9.840000000000032,101.0,0.02694118935494478,-0.1476044164566357,-0.40500153069045286,-0.4788037389187707,-0.0013422298542997602,29.611681239725414,17.700169546230278,27.594060116791205,-2.0876115948915768,8255.0,9.840000000000032,1.0,9.840000000000032,101.0,0.02694118935494478,9.840000000000032,101.0,0.02694118935494478,1.0,1.0,-0.1476044164566357,-0.4788037389187707,-0.40500153069045286,29.611681239725414,17.700169546230278,27.594060116791205,-2.0876115948915768,15.454545454544673,45.272727272728005,46.26415510151209,-0.022490863086866486,0.08441193021947423,0.0,0.22000000000002728,0.07999999999998408,0.0,17435.0,17435.0,2022-02-11,2022-02-11 04:50:00,1.040436420898709,47.0,1.0,best_within_2.0d,17481.0,359.32,0.5832424107187206,4.3760036431226785,32.22527881040892,0.012230020343504162,2.285057100371749,15.890706319702602,0.006381710269403211,0.4929364202292669,5.6011759621451125,36.843533123028394,0.015614239272951093,2.82998018927445,22.52492113564669,0.007835530045022196,1.8630914826498424,0.00402220134195386,1.9444468750000041,16.553125,0.005470102952261012,1.0,0
17444.0,2022-02-11 05:40:00,355.99,356.26,355.99,356.21,2899.0,3a,3a,0.0,sell,False,0.004105591934025531,4.163492493946733,28.239017640954685,0.011578080659927173,0.1706517096462452,-0.3710206938284957,-0.28569483900537307,-0.0008018489078180786,47.497773066416585,84.7574175119722,72.03364273317881,110.20496706955899,2899.0,0.8600000000000136,2.0,0.8600000000000136,11.0,0.002419808666291541,0.8600000000000136,11.0,0.002419808666291541,3.0,3.0,0.1706517096462452,-0.28569483900537307,-0.3710206938284957,47.497773066416585,84.7574175119722,72.03364273317881,110.20496706955899,35.05535055350254,31.734317343175604,37.62600621544065,0.06179948874967567,0.07584482710187977,0.05000000000001137,0.0,0.21999999999997044,1.0,17445.0,17445.0,2022-02-11,2022-02-11 05:40:00,2.7006541085314857,120.0,1.0,best_within_2.0d,17564.0,346.59,0.5832424107187206,4.3760036431226785,32.22527881040892,0.012230020343504162,2.285057100371749,15.890706319702602,0.006381710269403211,0.4929364202292669,5.6011759621451125,36.843533123028394,0.015614239272951093,2.82998018927445,22.52492113564669,0.007835530045022196,1.8630914826498424,0.004105591934025531,0.8600000000000136,11.0,0.002419808666291541,0.0,1
17445.0,2022-02-11 05:45:00,356.32,356.32,356.05,356.11,3170.0,3a,3a,0.0,sell,False,0.004105591934025531,4.163492493946733,28.239017640954685,0.011578080659927173,0.18322060032880505,-0.34811811878739507,-0.25650781862299254,-0.0007199585069152723,45.41445204224626,78.90077834131563,74.32268793589108,88.05695915216472,3170.0,0.9200000000000159,2.0,0.9200000000000159,12.0,0.0025886325267304895,0.9200000000000159,12.0,0.0025886325267304895,3.0,3.0,0.18322060032880505,-0.25650781862299254,-0.34811811878739507,45.41445204224626,78.90077834131563,74.32268793589108,88.05695915216472,34.70790378006616,27.49140893471001,35.7671636246766,-0.058935788055674544,0.07583204606094138,0.0,0.060000000000002274,0.20999999999997954,0.0,17446.0,17446.0,2022-02-11,2022-02-11 05:45:00,2.6733312740445476,119.0,1.0,best_within_2.0d,17564.0,346.59,0.5832424107187206,4.3760036431226785,32.22527881040892,0.012230020343504162,2.285057100371749,15.890706319702602,0.006381710269403211,0.4929364202292669,5.6011759621451125,36.843533123028394,0.015614239272951093,2.82998018927445,22.52492113564669,0.007835530045022196,1.8630914826498424,0.004105591934025531,0.9200000000000159,12.0,0.0025886325267304895,0.0,1
17447.0,2022-02-11 05:55:00,356.23,356.33,356.22,356.25,7100.0,3a,3a,0.0,sell,False,0.004105591934025531,4.163492493946733,28.239017640954685,0.011578080659927173,0.21271066195855115,-0.29629414231759804,-0.18993881133832247,-0.0005331243797113036,48.852562966374975,82.55264478005023,78.48885820801546,90.68021792411977,7100.0,0.9300000000000068,2.0,0.9300000000000068,14.0,0.002616769836803621,0.9300000000000068,14.0,0.002616769836803621,3.0,3.0,0.21271066195855115,-0.18993881133832247,-0.29629414231759804,48.852562966374975,82.55264478005023,78.48885820801546,90.68021792411977,39.430894308939905,20.325203252035003,35.36399259118001,0.00561435027930882,0.030879793386097577,0.07999999999998408,0.009999999999990905,0.01999999999998181,1.0,17448.0,17448.0,2022-02-11,2022-02-11 05:55:00,2.711578947368428,117.0,1.0,best_within_2.0d,17564.0,346.59,0.5832424107187206,4.3760036431226785,32.22527881040892,0.012230020343504162,2.285057100371749,15.890706319702602,0.006381710269403211,0.4929364202292669,5.6011759621451125,36.843533123028394,0.015614239272951093,2.82998018927445,22.52492113564669,0.007835530045022196,1.8630914826498424,0.004105591934025531,0.9300000000000068,14.0,0.002616769836803621,0.0,1
17448.0,2022-02-11 06:00:00,356.34,356.35,356.0,356.0,4652.0,3a,3a,0.0,sell,False,0.004105591934025531,4.163492493946733,28.239017640954685,0.011578080659927173,0.18184142835651584,-0.27356396377303355,-0.18264324959477563,-0.0005126763359817933,43.29639976137531,68.92398540892185,75.30056727498425,56.17082167679706,4652.0,0.9500000000000455,2.0,0.9500000000000455,15.0,0.0026730444569500436,0.9500000000000455,15.0,0.0026730444569500436,3.0,3.0,0.18184142835651584,-0.18264324959477563,-0.27356396377303355,43.29639976137531,68.92398540892185,75.30056727498425,56.17082167679706,38.95582329316996,17.26907630522377,35.59309516119704,-0.09541449177750884,0.09831460674157941,0.010000000000047748,0.0,0.339999999999975,0.0,17449.0,17449.0,2022-02-11,2022-02-11 06:00:00,2.643258426966299,116.0,1.0,best_within_2.0d,17564.0,346.59,0.5832424107187206,4.3760036431226785,32.22527881040892,0.012230020343504162,2.285057100371749,15.890706319702602,0.006381710269403211,0.4929364202292669,5.6011759621451125,36.843533123028394,0.015614239272951093,2.82998018927445,22.52492113564669,0.007835530045022196,1.8630914826498424,0.004105591934025531,0.9500000000000455,15.0,0.0026730444569500436,1.0,1
17461.0,2022-02-11 07:05:00,356.15,356.75,356.15,356.63,52914.0,3a,3a,0.0,sell,False,0.004105591934025531,4.163492493946733,28.239017640954685,0.011578080659927173,0.20186962820409782,-0.1377746311102776,-0.03683981700822869,-0.00010346650532789703,61.670632845358156,76.48469675119736,64.465808349861,100.52247355387007,52914.0,1.3500000000000227,2.0,1.3500000000000227,28.0,0.00379853685987626,1.3500000000000227,28.0,0.00379853685987626,3.0,3.0,0.20186962820409782,-0.03683981700822869,-0.1377746311102776,61.670632845358156,76.48469675119736,64.465808349861,100.52247355387007,25.358851674641507,20.81339712918832,23.63816911420771,0.13477467359259251,0.16846834199074062,0.12000000000000455,0.0,0.4800000000000182,1.0,17462.0,17462.0,2022-02-11,2022-02-11 07:05:00,2.8152426885006925,103.0,1.0,best_within_2.0d,17564.0,346.59,0.5832424107187206,4.3760036431226785,32.22527881040892,0.012230020343504162,2.285057100371749,15.890706319702602,0.006381710269403211,0.4929364202292669,5.6011759621451125,36.843533123028394,0.015614239272951093,2.82998018927445,22.52492113564669,0.007835530045022196,1.8630914826498424,0.004105591934025531,1.3500000000000227,28.0,0.00379853685987626,0.0,1
17462.0,2022-02-11 07:10:00,356.65,357.31,356.65,357.3,58216.0,3a,3a,0.0,sell,False,0.004105591934025531,4.163492493946733,28.239017640954685,0.011578080659927173,0.32940770889270315,-0.0965986674986897,0.06810518694766188,0.00019122738114089513,69.98890996719331,84.12589250868797,71.01916973613666,110.33933805379058,58216.0,1.910000000000025,2.0,1.910000000000025,29.0,0.005374226223973059,1.910000000000025,29.0,0.005374226223973059,3.0,3.0,0.32940770889270315,0.06810518694766188,-0.0965986674986897,69.98890996719331,84.12589250868797,71.01916973613666,110.33933805379058,35.920177383592645,14.412416851442208,25.001962572695557,0.18225150707977963,0.18505537641946587,0.009999999999990905,0.0,0.6500000000000341,1.0,17463.0,17463.0,2022-02-11,2022-02-11 07:10:00,2.9974811083123525,102.0,1.0,best_within_2.0d,17564.0,346.59,0.5832424107187206,4.3760036431226785,32.22527881040892,0.012230020343504162,2.285057100371749,15.890706319702602,0.006381710269403211,0.4929364202292669,5.6011759621451125,36.843533123028394,0.015614239272951093,2.82998018927445,22.52492113564669,0.007835530045022196,1.8630914826498424,0.004105591934025531,1.910000000000025,29.0,0.005374226223973059,0.0,1
17463.0,2022-02-11 07:15:00,357.31,357.45,357.11,357.22,40826.0,3a,3a,0.0,sell,False,0.004105591934025531,4.163492493946733,28.239017640954685,0.011578080659927173,0.38362852763863253,-0.04864510154386063,0.14316916227545562,0.0004019041789394255,68.08880618153518,85.22782633548299,75.75538860258544,104.1727018012781,40826.0,2.0500000000000114,2.0,2.0500000000000114,30.0,0.005768148564997219,2.0500000000000114,30.0,0.005768148564997219,3.0,3.0,0.38362852763863253,0.14316916227545562,-0.04864510154386063,68.08880618153518,85.22782633548299,75.75538860258544,104.1727018012781,39.0243902439033,7.760532150776768,27.98929699962881,-0.025188211916815927,0.09520875920583993,0.13999999999998636,0.11000000000001364,0.08999999999997499,0.0,17464.0,17464.0,2022-02-11,2022-02-11 07:15:00,2.975757236436944,101.0,1.0,best_within_2.0d,17564.0,346.59,0.5832424107187206,4.3760036431226785,32.22527881040892,0.012230020343504162,2.285057100371749,15.890706319702602,0.006381710269403211,0.4929364202292669,5.6011759621451125,36.843533123028394,0.015614239272951093,2.82998018927445,22.52492113564669,0.007835530045022196,1.8630914826498424,0.004105591934025531,2.0500000000000114,30.0,0.005768148564997219,0.0,1
17464.0,2022-02-11 07:20:00,357.22,357.56,357.2,357.35,61315.0,3a,3a,0.0,sell,False,0.004105591934025531,4.163492493946733,28.239017640954685,0.011578080659927173,0.41498221386501466,0.0032276751892661992,0.21071878212177353,0.0005913912462151734,69.53614751809883,86.4085687156343,79.30644864026839,100.61280886636612,61315.0,2.160000000000025,2.0,2.160000000000025,31.0,0.006077658975801984,2.160000000000025,31.0,0.006077658975801984,3.0,3.0,0.41498221386501466,0.21071878212177353,0.0032276751892661992,69.53614751809883,86.4085687156343,79.30644864026839,100.61280886636612,40.30172413793174,5.387931034484065,31.448282523913747,0.036392139297910374,0.10078387458007101,0.20999999999997954,0.020000000000038654,0.12999999999999545,1.0,17465.0,17465.0,2022-02-11,2022-02-11 07:20:00,3.01105358891844,100.0,1.0,best_within_2.0d,17564.0,346.59,0.5832424107187206,4.3760036431226785,32.22527881040892,0.012230020343504162,2.285057100371749,15.890706319702602,0.006381710269403211,0.4929364202292669,5.6011759621451125,36.843533123028394,0.015614239272951093,2.82998018927445,22.52492113564669,0.007835530045022196,1.8630914826498424,0.004105591934025531,2.160000000000025,31.0,0.006077658975801984,0.0,1
17465.0,2022-02-11 07:25:00,357.41,358.21,357.4,358.17,49254.0,3a,3a,0.0,sell,False,0.004105591934025531,4.163492493946733,28.239017640954685,0.011578080659927173,0.5174821600573053,0.06791294519642936,0.326654025225082,0.0009164141445533339,76.7112647515092,90.40994528132282,83.00761418728652,105.21460746939539,49254.0,2.8100000000000023,2.0,2.8100000000000023,32.0,0.007906584130557125,2.8100000000000023,32.0,0.007906584130557125,3.0,3.0,0.5174821600573053,0.326654025225082,0.06791294519642936,76.7112647515092,90.40994528132282,83.00761418728652,105.21460746939539,49.12280701754464,3.508771929824775,35.39245281982463,0.21264094457345648,0.22663682148852893,0.03999999999996362,0.010000000000047748,0.7599999999999909,1.0,17466.0,17466.0,2022-02-11,2022-02-11 07:25:00,3.2331015997989896,99.0,1.0,best_within_2.0d,17564.0,346.59,0.5832424107187206,4.3760036431226785,32.22527881040892,0.012230020343504162,2.285057100371749,15.890706319702602,0.006381710269403211,0.4929364202292669,5.6011759621451125,36.843533123028394,0.015614239272951093,2.82998018927445,22.52492113564669,0.007835530045022196,1.8630914826498424,0.004105591934025531,2.8100000000000023,32.0,0.007906584130557125,0.0,1
17466.0,2022-02-11 07:30:00,358.12,358.47,358.0,358.11,91264.0,3a,3a,0.0,sell,False,0.004105591934025531,4.163492493946733,28.239017640954685,0.011578080659927173,0.5457034522737728,0.13612587673065096,0.40897760286753737,0.00114697334736416,75.31348418345944,89.2900834249585,85.10177059984383,97.66670907518784,91264.0,3.07000000000005,2.0,3.07000000000005,33.0,0.008638154192459342,3.07000000000005,33.0,0.008638154192459342,3.0,3.0,0.5457034522737728,0.40897760286753737,0.13612587673065096,75.31348418345944,89.2900834249585,85.10177059984383,97.66670907518784,51.197053406999714,3.3149171270720137,39.1385517496827,-0.002792360102756312,0.13128491620112492,0.35000000000002274,0.11000000000001364,0.009999999999990905,0.0,17467.0,17467.0,2022-02-11,2022-02-11 07:30:00,3.2168886654938533,98.0,1.0,best_within_2.0d,17564.0,346.59,0.5832424107187206,4.3760036431226785,32.22527881040892,0.012230020343504162,2.285057100371749,15.890706319702602,0.006381710269403211,0.4929364202292669,5.6011759621451125,36.843533123028394,0.015614239272951093,2.82998018927445,22.52492113564669,0.007835530045022196,1.8630914826498424,0.004105591934025531,3.07000000000005,33.0,0.008638154192459342,1.0,1
17475.0,2022-02-11 08:15:00,358.23,358.52,358.06,358.45,43595.0,3a,3a,0.0,sell,False,0.004105591934025531,4.163492493946733,28.239017640954685,0.011578080659927173,0.1511791773915533,0.4149280582497575,0.4905176469455341,0.0013731404184646793,71.21772516534554,84.8358425266121,76.41874147821258,101.67004462341112,43595.0,3.1200000000000045,2.0,3.1200000000000045,42.0,0.008778840742824999,3.1200000000000045,42.0,0.008778840742824999,3.0,3.0,0.1511791773915533,0.4905176469455341,0.4149280582497575,71.21772516534554,84.8358425266121,76.41874147821258,101.67004462341112,24.555903866249096,36.99059561128513,39.3052384058603,0.061413058649462754,0.12847008881192523,0.06999999999999318,0.17000000000001592,0.21999999999997044,1.0,17476.0,17476.0,2022-02-11,2022-02-11 08:15:00,3.308690193890365,89.0,1.0,best_within_2.0d,17564.0,346.59,0.5832424107187206,4.3760036431226785,32.22527881040892,0.012230020343504162,2.285057100371749,15.890706319702602,0.006381710269403211,0.4929364202292669,5.6011759621451125,36.843533123028394,0.015614239272951093,2.82998018927445,22.52492113564669,0.007835530045022196,1.8630914826498424,0.004105591934025531,3.1200000000000045,42.0,0.008778840742824999,0.0,1
17476.0,2022-02-11 08:20:00,358.41,358.79,358.35,358.5,87835.0,3a,3a,0.0,sell,False,0.004105591934025531,4.163492493946733,28.239017640954685,0.011578080659927173,0.16316229148251193,0.4353233446850714,0.5169044904263274,0.0014466239598504205,71.69846028908889,87.63725943110566,80.15824746251027,102.5952833682964,87835.0,3.390000000000043,2.0,3.390000000000043,43.0,0.009538548114800347,3.390000000000043,43.0,0.009538548114800347,3.0,3.0,0.16316229148251193,0.5169044904263274,0.4353233446850714,71.69846028908889,87.63725943110566,80.15824746251027,102.5952833682964,22.079314040729635,37.942122186495084,38.38547647891097,0.025110906503717802,0.12278498674480193,0.29000000000002046,0.060000000000002274,0.08999999999997499,1.0,17477.0,17477.0,2022-02-11,2022-02-11 08:20:00,3.3221757322175804,88.0,1.0,best_within_2.0d,17564.0,346.59,0.5832424107187206,4.3760036431226785,32.22527881040892,0.012230020343504162,2.285057100371749,15.890706319702602,0.006381710269403211,0.4929364202292669,5.6011759621451125,36.843533123028394,0.015614239272951093,2.82998018927445,22.52492113564669,0.007835530045022196,1.8630914826498424,0.004105591934025531,3.390000000000043,43.0,0.009538548114800347,0.0,1
17479.0,2022-02-11 08:35:00,358.63,358.84,358.59,358.66,106267.0,3a,3a,0.0,sell,False,0.004105591934025531,4.163492493946733,28.239017640954685,0.011578080659927173,0.12730814388512823,0.4847513827739801,0.5484054547165442,0.0015336943005389357,70.94832500311402,92.55440821136634,87.85602966765566,101.95116529878771,106267.0,3.4399999999999977,2.0,3.4399999999999977,46.0,0.009679234665166004,3.4399999999999977,46.0,0.009679234665166004,3.0,3.0,0.12730814388512823,0.5484054547165442,0.4847513827739801,70.94832500311402,92.55440821136634,87.85602966765566,101.95116529878771,17.321016166282472,42.60969976905325,37.73702304442387,0.008365167442776555,0.06971750467107281,0.17999999999994998,0.040000000000020464,0.03000000000002956,1.0,17480.0,17480.0,2022-02-11,2022-02-11 08:35:00,3.365304187810196,85.0,1.0,best_within_2.0d,17564.0,346.59,0.5832424107187206,4.3760036431226785,32.22527881040892,0.012230020343504162,2.285057100371749,15.890706319702602,0.006381710269403211,0.4929364202292669,5.6011759621451125,36.843533123028394,0.015614239272951093,2.82998018927445,22.52492113564669,0.007835530045022196,1.8630914826498424,0.004105591934025531,3.4399999999999977,46.0,0.009679234665166004,0.0,1
17480.0,2022-02-11 08:40:00,358.63,359.29,358.6,358.935,127187.0,3a,3a,0.0,sell,False,0.004105591934025531,4.163492493946733,28.239017640954685,0.011578080659927173,0.1408782541448299,0.5023611645420838,0.5728002916144987,0.0016014656179596306,73.66645972947778,92.56584764543408,89.42596899358179,98.84560494913865,127187.0,3.890000000000043,2.0,3.890000000000043,47.0,0.010945413618458197,3.890000000000043,47.0,0.010945413618458197,3.0,3.0,0.1408782541448299,0.5728002916144987,0.5023611645420838,73.66645972947778,92.56584764543408,89.42596899358179,98.84560494913865,19.031531531532277,41.55405405405432,37.69685862622142,0.08504586900147974,0.19241494701617334,0.3550000000000182,0.029999999999972715,0.3050000000000068,1.0,17481.0,17481.0,2022-02-11,2022-02-11 08:40:00,3.439341384930427,84.0,1.0,best_within_2.0d,17564.0,346.59,0.5832424107187206,4.3760036431226785,32.22527881040892,0.012230020343504162,2.285057100371749,15.890706319702602,0.006381710269403211,0.4929364202292669,5.6011759621451125,36.843533123028394,0.015614239272951093,2.82998018927445,22.52492113564669,0.007835530045022196,1.8630914826498424,0.004105591934025531,3.890000000000043,47.0,0.010945413618458197,0.0,1
17481.0,2022-02-11 08:45:00,358.92,359.33,358.77,359.32,77263.0,3a,3a,0.0,sell,False,0.004105591934025531,4.163492493946733,28.239017640954685,0.011578080659927173,0.18197840493641548,0.5251084651591358,0.6160976676273435,0.001721931231007901,76.9219186596304,94.85663251268655,91.23619016661671,102.09751720482623,77263.0,3.930000000000007,2.0,3.930000000000007,48.0,0.011057962858750723,3.930000000000007,48.0,0.011057962858750723,3.0,3.0,0.18197840493641548,0.6160976676273435,0.5251084651591358,76.9219186596304,94.85663251268655,91.23619016661671,102.09751720482623,18.78393051031523,39.630836047774245,37.55334960592037,0.11144544745346517,0.15608885915767826,0.009999999999990905,0.1500000000000341,0.39999999999997726,1.0,17482.0,17482.0,2022-02-11,2022-02-11 08:45:00,3.542803072470227,83.0,1.0,best_within_2.0d,17564.0,346.59,0.5832424107187206,4.3760036431226785,32.22527881040892,0.012230020343504162,2.285057100371749,15.890706319702602,0.006381710269403211,0.4929364202292669,5.6011759621451125,36.843533123028394,0.015614239272951093,2.82998018927445,22.52492113564669,0.007835530045022196,1.8630914826498424,0.004105591934025531,3.930000000000007,48.0,0.011057962858750723,0.0,1
17482.0,2022-02-11 08:50:00,359.3,359.38,359.0,359.11,140269.0,3a,3a,0.0,sell,False,0.004105591934025531,4.163492493946733,28.239017640954685,0.011578080659927173,0.1618215284301865,0.5453361562129091,0.6262469204280023,0.0017498208463468006,71.7141568020813,90.87488581014578,91.11575538112639,90.39314666818458,140269.0,3.980000000000018,2.0,3.980000000000018,49.0,0.01119864940911654,3.980000000000018,49.0,0.01119864940911654,3.0,3.0,0.1618215284301865,0.6262469204280023,0.5453361562129091,71.7141568020813,90.87488581014578,91.11575538112639,90.39314666818458,19.603524229075372,37.00440528634406,37.06663174913279,-0.05288060116893897,0.10584958217270067,0.07999999999998408,0.11000000000001364,0.18999999999999773,0.0,17483.0,17483.0,2022-02-11,2022-02-11 08:50:00,3.486396925733073,82.0,1.0,best_within_2.0d,17564.0,346.59,0.5832424107187206,4.3760036431226785,32.22527881040892,0.012230020343504162,2.285057100371749,15.890706319702602,0.006381710269403211,0.4929364202292669,5.6011759621451125,36.843533123028394,0.015614239272951093,2.82998018927445,22.52492113564669,0.007835530045022196,1.8630914826498424,0.004105591934025531,3.980000000000018,49.0,0.01119864940911654,1.0,1
17486.0,2022-02-11 09:10:00,358.7,358.81,358.46,358.55,43680.0,2,2,1.0,buy,False,0.2311557788944753,4.163492493946733,28.239017640954685,0.011578080659927173,-0.07906034786534866,0.5634215096213058,0.5238913356886314,0.0014627875282712823,56.72896731508187,55.15044635151134,73.14478284821331,19.16177335810741,43680.0,0.9200000000000159,1.0,3.980000000000018,49.0,0.01119864940911654,0.9200000000000159,5.0,0.0025599643831042793,2.0,2.0,-0.07906034786534866,0.5238913356886314,0.5634215096213058,56.72896731508187,55.15044635151134,73.14478284821331,19.16177335810741,28.87836432944479,11.551345731778667,36.10424573895267,-0.041817674937267145,0.09763990403392925,0.11000000000001364,0.09000000000003183,0.14999999999997726,0.0,17487.0,17487.0,2022-02-11,2022-02-11 09:10:00,2.0540172048918044,173.78554736652885,0.0,,14281.267661333814,366.3529484630595,0.2311557788944753,3.980000000000018,49.0,0.01119864940911654,0.9200000000000159,5.0,0.0025599643831042793,0.4929364202292669,5.6011759621451125,36.843533123028394,0.015614239272951093,2.82998018927445,22.52492113564669,0.007835530045022196,1.8630914826498424,0.00402220134195386,1.9444468750000041,16.553125,0.005470102952261012,0.0,0
17488.0,2022-02-11 09:20:00,358.46,358.54,358.07,358.29,57618.0,2,2,1.0,buy,False,0.3291457286432152,4.163492493946733,28.239017640954685,0.011578080659927173,-0.21498169165133585,0.5189704290460092,0.4114795832203413,0.0011487929764705997,52.22056132271517,32.2831869096306,52.16492885787375,-7.480296986855691,57618.0,1.3100000000000023,1.0,3.980000000000018,49.0,0.01119864940911654,1.3100000000000023,7.0,0.003645166675941906,2.0,2.0,-0.21498169165133585,0.4114795832203413,0.5189704290460092,52.22056132271517,32.2831869096306,52.16492885787375,-7.480296986855691,25.517681339334093,18.965844238695396,35.025316007211124,-0.04742509624503685,0.13125925098445201,0.08000000000004093,0.22000000000002728,0.16999999999995907,0.0,17489.0,17489.0,2022-02-11,2022-02-11 09:20:00,2.0540172048918044,173.78554736652885,0.0,,14281.267661333814,366.3529484630595,0.3291457286432152,3.980000000000018,49.0,0.01119864940911654,1.3100000000000023,7.0,0.003645166675941906,0.4929364202292669,5.6011759621451125,36.843533123028394,0.015614239272951093,2.82998018927445,22.52492113564669,0.007835530045022196,1.8630914826498424,0.00402220134195386,1.9444468750000041,16.553125,0.005470102952261012,0.0,0
17491.0,2022-02-11 09:35:00,358.84,358.9,357.66,358.03,1285697.0,2,2,1.0,buy,False,0.4321608040200911,4.163492493946733,28.239017640954685,0.011578080659927173,-0.27858224878437476,0.4287325240099592,0.2894413996177718,0.0008079671571310323,47.5575982326911,30.31633399755565,38.19745918195721,14.554083628752537,1285697.0,1.7199999999999704,1.0,3.980000000000018,49.0,0.01119864940911654,1.7199999999999704,10.0,0.004786020368412184,2.0,2.0,-0.27858224878437476,0.2894413996177718,0.4287325240099592,47.5575982326911,30.31633399755565,38.19745918195721,14.554083628752537,28.20893327450892,22.7275765718803,31.242421219118654,-0.2257273436629145,0.34669798132303087,0.060000000000002274,0.3699999999999477,0.8100000000000023,0.0,17492.0,17492.0,2022-02-11,2022-02-11 09:35:00,2.0540172048918044,173.78554736652885,0.0,,14281.267661333814,366.3529484630595,0.4321608040200911,3.980000000000018,49.0,0.01119864940911654,1.7199999999999704,10.0,0.004786020368412184,0.4929364202292669,5.6011759621451125,36.843533123028394,0.015614239272951093,2.82998018927445,22.52492113564669,0.007835530045022196,1.8630914826498424,0.00402220134195386,1.9444468750000041,16.553125,0.005470102952261012,0.0,0
17492.0,2022-02-11 09:40:00,358.1,358.22,357.4,357.7,1155990.0,2,2,1.0,buy,False,0.49748743718593197,4.163492493946733,28.239017640954685,0.011578080659927173,-0.3622848769470922,0.3834469143915727,0.20230447591802658,0.0005647893730053302,43.63209391600206,24.55871541866043,33.651211260858275,6.373723734264743,1155990.0,1.9800000000000182,1.0,3.980000000000018,49.0,0.01119864940911654,1.9800000000000182,11.0,0.0055094885636374265,2.0,2.0,-0.3622848769470922,0.20230447591802658,0.3834469143915727,43.63209391600206,24.55871541866043,33.651211260858275,6.373723734264743,24.74905463636457,24.62342491739979,29.028994912482005,-0.1117006422787026,0.2294348069390179,0.12000000000000455,0.30000000000001137,0.4000000000000341,0.0,17493.0,17493.0,2022-02-11,2022-02-11 09:40:00,2.0540172048918044,173.78554736652885,0.0,,14281.267661333814,366.3529484630595,0.49748743718593197,3.980000000000018,49.0,0.01119864940911654,1.9800000000000182,11.0,0.0055094885636374265,0.4929364202292669,5.6011759621451125,36.843533123028394,0.015614239272951093,2.82998018927445,22.52492113564669,0.007835530045022196,1.8630914826498424,0.00402220134195386,1.9444468750000041,16.553125,0.005470102952261012,0.0,0
17495.0,2022-02-11 09:55:00,358.76,359.0763,356.62,356.95,1207515.0,2,2,1.0,buy,False,0.6934673366834117,4.163492493946733,28.239017640954685,0.011578080659927173,-0.3581328741571008,0.2988298190595384,0.11976338198098802,0.0003343246662411343,40.64420340558908,33.54732050569593,37.563898254665915,25.514165007755963,1207515.0,2.759999999999991,1.0,3.980000000000018,49.0,0.01119864940911654,2.759999999999991,14.0,0.00767989314931268,2.0,2.0,-0.3581328741571008,0.11976338198098802,0.2988298190595384,40.64420340558908,33.54732050569593,37.563898254665915,25.514165007755963,25.00759016314824,31.95858167814626,27.51044925879443,-0.5045155535734202,0.6887723627390496,0.31630000000001246,0.3299999999999841,1.8100000000000023,0.0,17496.0,17496.0,2022-02-11,2022-02-11 09:55:00,2.0540172048918044,173.78554736652885,0.0,,14281.267661333814,366.3529484630595,0.6934673366834117,3.980000000000018,49.0,0.01119864940911654,2.759999999999991,14.0,0.00767989314931268,0.4929364202292669,5.6011759621451125,36.843533123028394,0.015614239272951093,2.82998018927445,22.52492113564669,0.007835530045022196,1.8630914826498424,0.00402220134195386,1.9444468750000041,16.553125,0.005470102952261012,0.0,0
17498.0,2022-02-11 10:10:00,357.7481,358.05,356.23,356.75,1311842.0,2,2,1.0,buy,False,0.7914572864321515,4.163492493946733,28.239017640954685,0.011578080659927173,-0.4733785017241248,0.1513021687264229,-0.0853870821356395,-0.00023846652336440762,40.99533141818948,27.63386791151045,33.25073416839489,16.400135397741565,1311842.0,3.1499999999999773,1.0,3.980000000000018,49.0,0.01119864940911654,3.1499999999999773,17.0,0.008765095442150306,2.0,2.0,-0.4733785017241248,-0.0853870821356395,0.1513021687264229,40.99533141818948,27.63386791151045,33.25073416839489,16.400135397741565,24.694129531933946,32.42663473890397,23.893892237891485,-0.2789951924273035,0.5109058754175654,0.3018999999999892,0.5199999999999818,0.9981000000000222,0.0,17499.0,17499.0,2022-02-11,2022-02-11 10:10:00,2.0540172048918044,173.78554736652885,0.0,,14281.267661333814,366.3529484630595,0.7914572864321515,3.980000000000018,49.0,0.01119864940911654,3.1499999999999773,17.0,0.008765095442150306,0.4929364202292669,5.6011759621451125,36.843533123028394,0.015614239272951093,2.82998018927445,22.52492113564669,0.007835530045022196,1.8630914826498424,0.00402220134195386,1.9444468750000041,16.553125,0.005470102952261012,0.0,0
17499.0,2022-02-11 10:15:00,356.71,356.96,355.7611,356.48,1228487.0,2,2,1.0,buy,False,0.9092713567839146,4.163492493946733,28.239017640954685,0.011578080659927173,-0.5602896186317459,0.08126596639745468,-0.19887884291841829,-0.0005556054154970755,39.52644361645958,23.98393610804124,30.16180148161034,11.628205360903053,1228487.0,3.6188999999999965,1.0,3.980000000000018,49.0,0.01119864940911654,3.6188999999999965,18.0,0.01006984250653903,2.0,2.0,-0.5602896186317459,-0.19887884291841829,0.08126596639745468,39.52644361645958,23.98393610804124,30.16180148161034,11.628205360903053,23.876709355328828,32.612811422232795,23.291828213089303,-0.0644781475147771,0.3369958098285564,0.25,0.7189000000000192,0.22999999999996135,0.0,17500.0,17500.0,2022-02-11,2022-02-11 10:15:00,2.0540172048918044,173.78554736652885,0.0,,14281.267661333814,366.3529484630595,0.9092713567839146,3.980000000000018,49.0,0.01119864940911654,3.6188999999999965,18.0,0.01006984250653903,0.4929364202292669,5.6011759621451125,36.843533123028394,0.015614239272951093,2.82998018927445,22.52492113564669,0.007835530045022196,1.8630914826498424,0.00402220134195386,1.9444468750000041,16.553125,0.005470102952261012,1.0,0
17509.0,2022-02-11 11:05:00,357.64,357.65,355.84,355.97,713149.0,2s,2s,1.0,buy,False,0.8894472361809056,4.163492493946733,28.239017640954685,0.011578080659927173,-0.2266278459522913,-0.21681016419546614,-0.3301240871716118,-0.0009234097165343316,40.361908481978894,35.75176923815552,42.63455578626066,21.98619614194523,713149.0,2.5200000000000387,1.0,3.980000000000018,49.0,0.01119864940911654,2.5200000000000387,6.0,0.007032034825315433,1.0,2.5,-0.2266278459522913,-0.3301240871716118,-0.21681016419546614,40.361908481978894,35.75176923815552,42.63455578626066,21.98619614194523,15.069991849327835,20.87338012220518,19.391003958639452,-0.46695000559220423,0.508655575539569,0.009999999999990905,0.1300000000000523,1.669999999999959,0.0,17510.0,17510.0,2022-02-11,2022-02-11 11:05:00,2.0540172048918044,173.78554736652885,0.0,,14281.267661333814,366.3529484630595,0.5832424107187206,4.3760036431226785,32.22527881040892,0.012230020343504162,2.285057100371749,15.890706319702602,0.006381710269403211,0.8894472361809056,3.980000000000018,49.0,0.01119864940911654,2.5200000000000387,6.0,0.007032034825315433,1.0,0.00402220134195386,1.9444468750000041,16.553125,0.005470102952261012,0.0,0
17510.0,2022-02-11 11:10:00,356.0,356.35,355.56,355.64,969018.0,2s,2s,1.0,buy,False,0.9597989949748683,4.163492493946733,28.239017640954685,0.011578080659927173,-0.3381494708946755,-0.25907884805730064,-0.4281535835046384,-0.0011980769477233741,38.76675334974783,24.78689377781777,36.6853351167797,0.9900110998939198,969018.0,2.8000000000000114,1.0,3.980000000000018,49.0,0.01119864940911654,2.8000000000000114,7.0,0.00781337202812817,1.0,2.5,-0.3381494708946755,-0.4281535835046384,-0.25907884805730064,38.76675334974783,24.78689377781777,36.6853351167797,0.9900110998939198,15.5024844266127,23.048051005306032,19.404016697489233,-0.1011235955056218,0.22218472269097214,0.35000000000002274,0.07999999999998408,0.36000000000001364,0.0,17511.0,17511.0,2022-02-11,2022-02-11 11:10:00,2.0540172048918044,173.78554736652885,0.0,,14281.267661333814,366.3529484630595,0.5832424107187206,4.3760036431226785,32.22527881040892,0.012230020343504162,2.285057100371749,15.890706319702602,0.006381710269403211,0.9597989949748683,3.980000000000018,49.0,0.01119864940911654,2.8000000000000114,7.0,0.00781337202812817,1.0,0.00402220134195386,1.9444468750000041,16.553125,0.005470102952261012,0.0,0
17511.0,2022-02-11 11:15:00,355.61,355.85,354.96,355.69,902673.0,1,1,1.0,buy,False,0.4611697136262382,3.400000000000034,8.0,0.009487666034155693,-0.37921699965618083,-0.30648097301432325,-0.49608947284241367,-0.0013886607486594186,39.15909790023213,23.681458596976658,32.35070961017868,6.3429565705726105,902673.0,3.400000000000034,2.0,3.400000000000034,8.0,0.009487666034155693,3.400000000000034,8.0,0.009487666034155693,1.0,1.0,-0.37921699965618083,-0.49608947284241367,-0.30648097301432325,39.15909790023213,23.681458596976658,32.35070961017868,6.3429565705726105,10.529908346800433,27.395613948088098,21.194486610120894,0.022496555214978228,0.2507324768988177,0.160000000000025,0.6500000000000341,0.07999999999998408,1.0,17512.0,17512.0,2022-02-11,2022-02-11 11:15:00,2.0540172048918044,173.78554736652885,0.0,,14281.267661333814,366.3529484630595,0.5832424107187206,4.3760036431226785,32.22527881040892,0.012230020343504162,2.285057100371749,15.890706319702602,0.006381710269403211,0.4929364202292669,5.6011759621451125,36.843533123028394,0.015614239272951093,2.82998018927445,22.52492113564669,0.007835530045022196,1.8630914826498424,0.00402220134195386,1.9444468750000041,16.553125,0.005470102952261012,0.0,0
17513.0,2022-02-11 11:25:00,363.65,364.06,359.389,363.76,86020.0,1p,1p,1.0,buy,False,0.29218780510668596,4.61099999999999,11.0,0.01266758241758239,-0.05591708215505409,0.3890332957839918,0.3610747547064648,0.0009940434700461478,69.14722777800255,73.18673076602785,67.27043369722949,85.01932490362458,86020.0,4.61099999999999,0.0,4.61099999999999,11.0,0.01266758241758239,4.61099999999999,0.0,0.0,1.0,1.0,-0.05591708215505409,0.3610747547064648,0.3890332957839918,69.14722777800255,73.18673076602785,67.27043369722949,85.01932490362458,16.08278269542437,61.60079790549965,45.61812116440814,0.03024886566754122,1.2997058897183809,0.30000000000001137,4.260999999999967,0.11000000000001364,1.0,17514.0,17514.0,2022-02-11,2022-02-11 11:25:00,2.0540172048918044,173.78554736652885,0.0,,14281.267661333814,366.3529484630595,0.5832424107187206,4.3760036431226785,32.22527881040892,0.012230020343504162,2.285057100371749,15.890706319702602,0.006381710269403211,0.4929364202292669,5.6011759621451125,36.843533123028394,0.015614239272951093,2.82998018927445,22.52492113564669,0.007835530045022196,1.8630914826498424,0.00402220134195386,1.9444468750000041,16.553125,0.005470102952261012,0.0,0
17513.0,2022-02-11 11:25:00,362.88,363.14,362.12,362.28,719214.0,2,2,1.0,buy,False,0.4698116870510602,4.163492493946733,28.239017640954685,0.011578080659927173,-0.2720195146710502,-0.04911105618939297,-0.18512081352491805,-0.0005094161538655777,35.59747331343945,26.01852188174576,34.09195434076268,9.871656963711914,719214.0,2.420000000000016,1.0,5.1510000000000105,20.0,0.014332659040760875,2.420000000000016,9.0,0.006638503319251703,2.0,2.0,-0.2720195146710502,-0.18512081352491805,-0.04911105618939297,35.59747331343945,26.01852188174576,34.09195434076268,9.871656963711914,11.780993903120725,23.390002493786803,44.61853270944166,-0.1653439153439216,0.2816745830111515,0.2599999999999909,0.15999999999996817,0.6000000000000227,0.0,17514.0,17514.0,2022-02-11,2022-02-11 11:25:00,2.0540172048918044,173.78554736652885,0.0,,14281.267661333814,366.3529484630595,0.4698116870510602,5.1510000000000105,20.0,0.014332659040760875,2.420000000000016,9.0,0.006638503319251703,0.4929364202292669,5.6011759621451125,36.843533123028394,0.015614239272951093,2.82998018927445,22.52492113564669,0.007835530045022196,1.8630914826498424,0.00402220134195386,1.9444468750000041,16.553125,0.005470102952261012,0.0,0
17514.0,2022-02-11 11:30:00,355.41,355.87,354.85,354.92,780811.0,1,1,1.0,buy,False,0.5206988642551875,3.509999999999991,11.0,0.009794619935260606,-0.42816745157574476,-0.45447349079398747,-0.6685572165818598,-0.0018734942672324123,35.19781280475598,14.401426173969389,22.4189934914593,-1.6337084610104355,780811.0,3.509999999999991,2.0,3.509999999999991,11.0,0.009794619935260606,3.509999999999991,11.0,0.009794619935260606,1.0,1.0,-0.42816745157574476,-0.6685572165818598,-0.45447349079398747,35.19781280475598,14.401426173969389,22.4189934914593,-1.6337084610104355,10.522847802862085,22.562485206343037,22.631625498515852,-0.1378689400973549,0.2874453994645573,0.45999999999997954,0.06999999999999318,0.4900000000000091,0.0,17515.0,17515.0,2022-02-11,2022-02-11 11:30:00,2.0540172048918044,173.78554736652885,0.0,,14281.267661333814,366.3529484630595,0.5832424107187206,4.3760036431226785,32.22527881040892,0.012230020343504162,2.285057100371749,15.890706319702602,0.006381710269403211,0.4929364202292669,5.6011759621451125,36.843533123028394,0.015614239272951093,2.82998018927445,22.52492113564669,0.007835530045022196,1.8630914826498424,0.00402220134195386,1.9444468750000041,16.553125,0.005470102952261012,0.0,0
17515.0,2022-02-11 11:35:00,354.93,355.15,354.26,354.54,1086476.0,1,1,1.0,buy,False,0.5750466211569626,4.100000000000023,12.0,0.011441009041187696,-0.4728572755196174,-0.5135806502339396,-0.7500092879937483,-0.002102755428340017,33.28538338509432,12.275334957933294,19.037773980283966,-1.2495430867680497,1086476.0,4.100000000000023,2.0,4.100000000000023,12.0,0.011441009041187696,4.100000000000023,12.0,0.011441009041187696,1.0,1.0,-0.4728572755196174,-0.7500092879937483,-0.5135806502339396,33.28538338509432,12.275334957933294,19.037773980283966,-1.2495430867680497,8.542915987187977,26.74753276116318,24.699731527787357,-0.10988082157044667,0.2512279117032649,0.21999999999997044,0.28000000000002956,0.38999999999998636,0.0,17516.0,17516.0,2022-02-11,2022-02-11 11:35:00,2.0540172048918044,173.78554736652885,0.0,,14281.267661333814,366.3529484630595,0.5832424107187206,4.3760036431226785,32.22527881040892,0.012230020343504162,2.285057100371749,15.890706319702602,0.006381710269403211,0.4929364202292669,5.6011759621451125,36.843533123028394,0.015614239272951093,2.82998018927445,22.52492113564669,0.007835530045022196,1.8630914826498424,0.00402220134195386,1.9444468750000041,16.553125,0.005470102952261012,0.0,0
17516.0,2022-02-11 11:40:00,354.55,354.715,354.16,354.57,871747.0,1,1,1.0,buy,False,0.5750466211572813,4.199999999999989,13.0,0.011720058042192177,-0.4628865383019176,-0.5714414675216793,-0.8028847366726382,-0.002251985586997983,33.59215239487324,11.990533620339125,16.68869386030235,2.594213140412677,871747.0,4.199999999999989,2.0,4.199999999999989,13.0,0.011720058042192177,4.199999999999989,13.0,0.011720058042192177,1.0,1.0,-0.4628865383019176,-0.8028847366726382,-0.5714414675216793,33.59215239487324,11.990533620339125,16.68869386030235,2.594213140412677,5.90911885875935,28.810455908776778,27.646956418884464,0.005640953321106137,0.1567088321662384,0.1449999999999818,0.38999999999998636,0.01999999999998181,1.0,17517.0,17517.0,2022-02-11,2022-02-11 11:40:00,2.0540172048918044,173.78554736652885,0.0,,14281.267661333814,366.3529484630595,0.5832424107187206,4.3760036431226785,32.22527881040892,0.012230020343504162,2.285057100371749,15.890706319702602,0.006381710269403211,0.4929364202292669,5.6011759621451125,36.843533123028394,0.015614239272951093,2.82998018927445,22.52492113564669,0.007835530045022196,1.8630914826498424,0.00402220134195386,1.9444468750000041,16.553125,0.005470102952261012,1.0,0
17530.0,2022-02-11 12:50:00,354.7601,354.851,353.71,353.81,741880.0,1,1,1.0,buy,False,1.216110338018943e-07,2.25,9.0,0.006320934936509721,0.004162185510486749,-0.5420100289937254,-0.539928936238482,-0.0015188506158789988,32.991741160517535,26.91615834694689,39.964797386566026,0.8188802677086215,741880.0,2.25,2.0,2.25,9.0,0.006320934936509721,2.25,9.0,0.006320934936509721,1.0,1.0,0.004162185510486749,-0.539928936238482,-0.5420100289937254,32.991741160517535,26.91615834694689,39.964797386566026,0.8188802677086215,20.449803549655183,18.69665356997717,23.054365349869972,-0.2678147852591146,0.32258064516129586,0.09089999999997644,0.10000000000002274,0.9501000000000204,0.0,17531.0,17531.0,2022-02-11,2022-02-11 12:50:00,2.0540172048918044,173.78554736652885,0.0,,14281.267661333814,366.3529484630595,0.5832424107187206,4.3760036431226785,32.22527881040892,0.012230020343504162,2.285057100371749,15.890706319702602,0.006381710269403211,0.4929364202292669,5.6011759621451125,36.843533123028394,0.015614239272951093,2.82998018927445,22.52492113564669,0.007835530045022196,1.8630914826498424,0.00402220134195386,1.9444468750000041,16.553125,0.005470102952261012,0.0,0
17531.0,2022-02-11 12:55:00,353.8,354.0599,353.69,353.8,482895.0,1,1,1.0,buy,False,0.0958994330002372,2.269999999999982,10.0,0.0063771210248342,-0.07885750988426232,-0.5518672177292582,-0.5912959726713893,-0.0016639332924676966,32.92628104736464,19.698491529543777,33.209362100891944,-7.323249613152555,482895.0,2.269999999999982,2.0,2.269999999999982,10.0,0.0063771210248342,2.269999999999982,10.0,0.0063771210248342,1.0,1.0,-0.07885750988426232,-0.5912959726713893,-0.5518672177292582,32.92628104736464,19.698491529543777,33.209362100891944,-7.323249613152555,16.839194826069033,19.99540775324323,22.0196684397055,0.0,0.10458310950268021,0.259900000000016,0.11000000000001364,0.0,0.0,17532.0,17532.0,2022-02-11,2022-02-11 12:55:00,2.0540172048918044,173.78554736652885,0.0,,14281.267661333814,366.3529484630595,0.5832424107187206,4.3760036431226785,32.22527881040892,0.012230020343504162,2.285057100371749,15.890706319702602,0.006381710269403211,0.4929364202292669,5.6011759621451125,36.843533123028394,0.015614239272951093,2.82998018927445,22.52492113564669,0.007835530045022196,1.8630914826498424,0.00402220134195386,1.9444468750000041,16.553125,0.005470102952261012,0.0,0
17532.0,2022-02-11 13:00:00,353.79,354.1,353.5,353.72,512387.0,1,1,1.0,buy,False,0.15433303101298565,2.4599999999999795,11.0,0.006910888863917237,-0.12690709567201863,-0.5677306046882605,-0.6311841525242698,-0.0017767879578142094,32.37289560211738,16.348701955368803,27.58914205238423,-6.13217823866205,512387.0,2.4599999999999795,2.0,2.4599999999999795,11.0,0.006910888863917237,2.4599999999999795,11.0,0.006910888863917237,1.0,1.0,-0.12690709567201863,-0.6311841525242698,-0.5677306046882605,32.37289560211738,16.348701955368803,27.58914205238423,-6.13217823866205,17.285708673790435,22.39157762413568,21.366013076449654,-0.019785748607929327,0.16973125884017617,0.3100000000000023,0.22000000000002728,0.06999999999999318,0.0,17533.0,17533.0,2022-02-11,2022-02-11 13:00:00,2.0540172048918044,173.78554736652885,0.0,,14281.267661333814,366.3529484630595,0.5832424107187206,4.3760036431226785,32.22527881040892,0.012230020343504162,2.285057100371749,15.890706319702602,0.006381710269403211,0.4929364202292669,5.6011759621451125,36.843533123028394,0.015614239272951093,2.82998018927445,22.52492113564669,0.007835530045022196,1.8630914826498424,0.00402220134195386,1.9444468750000041,16.553125,0.005470102952261012,1.0,0
17537.0,2022-02-11 13:25:00,354.02,354.07,353.09,353.1,644038.0,1,1,1.0,buy,False,0.15433303101089577,2.8700000000000045,16.0,0.008062703674570189,-0.08183416564363899,-0.5806622852551171,-0.6215793680769366,-0.0017517732548611184,33.630143967955775,18.945588388075702,24.772932701816444,7.290899760594215,644038.0,2.8700000000000045,2.0,2.8700000000000045,16.0,0.008062703674570189,2.8700000000000045,16.0,0.008062703674570189,1.0,1.0,-0.08183416564363899,-0.6215793680769366,-0.5806622852551171,33.630143967955775,18.945588388075702,24.772932701816444,7.290899760594215,14.518932585378785,26.863136271159334,19.500564187311966,-0.2598723235975253,0.2775496332379898,0.05000000000001137,0.010000000000047748,0.9199999999999591,0.0,17538.0,17538.0,2022-02-11,2022-02-11 13:25:00,2.0540172048918044,173.78554736652885,0.0,,14281.267661333814,366.3529484630595,0.5832424107187206,4.3760036431226785,32.22527881040892,0.012230020343504162,2.285057100371749,15.890706319702602,0.006381710269403211,0.4929364202292669,5.6011759621451125,36.843533123028394,0.015614239272951093,2.82998018927445,22.52492113564669,0.007835530045022196,1.8630914826498424,0.00402220134195386,1.9444468750000041,16.553125,0.005470102952261012,0.0,0
17538.0,2022-02-11 13:30:00,353.1,353.13,351.755,351.9899,1357050.0,1,1,1.0,buy,False,0.33417505208231263,4.204999999999984,17.0,0.011813125070232567,-0.27479007590102134,-0.6150110447427448,-0.7524060826932555,-0.0021217345438515503,27.898170720905583,15.159462026158796,21.568442476597227,2.341501125281937,1357050.0,4.204999999999984,2.0,4.204999999999984,17.0,0.011813125070232567,4.204999999999984,17.0,0.011813125070232567,1.0,1.0,-0.27479007590102134,-0.7524060826932555,-0.6150110447427448,27.898170720905583,15.159462026158796,21.568442476597227,2.341501125281937,13.303470431201644,35.247273879009654,21.336071488183197,-0.3143868592466852,0.39089707324700435,0.029999999999972715,0.2348999999999819,1.1101000000000454,0.0,17539.0,17539.0,2022-02-11,2022-02-11 13:30:00,2.0540172048918044,173.78554736652885,0.0,,14281.267661333814,366.3529484630595,0.5832424107187206,4.3760036431226785,32.22527881040892,0.012230020343504162,2.285057100371749,15.890706319702602,0.006381710269403211,0.4929364202292669,5.6011759621451125,36.843533123028394,0.015614239272951093,2.82998018927445,22.52492113564669,0.007835530045022196,1.8630914826498424,0.00402220134195386,1.9444468750000041,16.553125,0.005470102952261012,0.0,0
17539.0,2022-02-11 13:35:00,351.96,352.06,350.35,350.39,2075265.0,1,1,1.0,buy,False,0.6984316692765187,5.609999999999957,18.0,0.015760197775030783,-0.5743160365099338,-0.6868005493064866,-0.9739585675614535,-0.002748925615664347,22.06191774478556,10.412118414992438,17.849667789395628,-4.462980333813942,2075265.0,5.609999999999957,2.0,5.609999999999957,18.0,0.015760197775030783,5.609999999999957,18.0,0.015760197775030783,1.0,1.0,-0.5743160365099338,-0.9739585675614535,-0.6868005493064866,22.06191774478556,10.412118414992438,17.849667789395628,-4.462980333813942,7.037596025029464,44.938866183926635,25.020642471374153,-0.44607341743379736,0.4880833452261965,0.10000000000002274,0.03999999999996362,1.5699999999999932,0.0,17540.0,17540.0,2022-02-11,2022-02-11 13:35:00,2.0540172048918044,173.78554736652885,0.0,,14281.267661333814,366.3529484630595,0.5832424107187206,4.3760036431226785,32.22527881040892,0.012230020343504162,2.285057100371749,15.890706319702602,0.006381710269403211,0.4929364202292669,5.6011759621451125,36.843533123028394,0.015614239272951093,2.82998018927445,22.52492113564669,0.007835530045022196,1.8630914826498424,0.00402220134195386,1.9444468750000041,16.553125,0.005470102952261012,0.0,0
17540.0,2022-02-11 13:40:00,350.41,351.31,350.07,350.48,1724500.0,1,1,1.0,buy,False,0.8609288618599031,5.889999999999986,19.0,0.016546803011574296,-0.7079364716854966,-0.7752926082671736,-1.129260844109922,-0.0031898057028943074,23.03729596374528,9.886814575512387,15.195383384767881,-0.7303230429986023,1724500.0,5.889999999999986,2.0,5.889999999999986,19.0,0.016546803011574296,5.889999999999986,19.0,0.016546803011574296,1.0,1.0,-0.7079364716854966,-1.129260844109922,-0.7752926082671736,23.03729596374528,9.886814575512387,15.195383384767881,-0.7303230429986023,4.9417521346745295,45.204880182763524,28.968510266229924,0.01997659884135532,0.35421487131145457,0.8299999999999841,0.34000000000003183,0.06999999999999318,1.0,17541.0,17541.0,2022-02-11,2022-02-11 13:40:00,2.0540172048918044,173.78554736652885,0.0,,14281.267661333814,366.3529484630595,0.5832424107187206,4.3760036431226785,32.22527881040892,0.012230020343504162,2.285057100371749,15.890706319702602,0.006381710269403211,0.4929364202292669,5.6011759621451125,36.843533123028394,0.015614239272951093,2.82998018927445,22.52492113564669,0.007835530045022196,1.8630914826498424,0.00402220134195386,1.9444468750000041,16.553125,0.005470102952261012,0.0,0
17541.0,2022-02-11 13:45:00,350.475,350.475,348.95,350.11,2300505.0,1,1,1.0,buy,False,0.9578871286566547,7.009999999999991,20.0,0.019693223957748036,-0.7876646539267629,-0.873750690008019,-1.2675830169714004,-0.0035834552520328214,21.827871829285783,13.304172679971376,14.56497981650238,10.782558406909374,2300505.0,7.009999999999991,2.0,7.009999999999991,20.0,0.019693223957748036,7.009999999999991,20.0,0.019693223957748036,1.0,1.0,-0.7876646539267629,-1.2675830169714004,-0.873750690008019,21.827871829285783,13.304172679971376,14.56497981650238,10.782558406909374,4.61988215513679,49.90987443008812,32.83187064403898,-0.10414437549040848,0.43702536179969453,0.0,1.160000000000025,0.3650000000000091,0.0,17542.0,17542.0,2022-02-11,2022-02-11 13:45:00,2.0540172048918044,173.78554736652885,0.0,,14281.267661333814,366.3529484630595,0.5832424107187206,4.3760036431226785,32.22527881040892,0.012230020343504162,2.285057100371749,15.890706319702602,0.006381710269403211,0.4929364202292669,5.6011759621451125,36.843533123028394,0.015614239272951093,2.82998018927445,22.52492113564669,0.007835530045022196,1.8630914826498424,0.00402220134195386,1.9444468750000041,16.553125,0.005470102952261012,0.0,0
17544.0,2022-02-11 14:00:00,349.26,350.22,348.19,349.41,1737102.0,1,1,1.0,buy,False,0.9591269967869988,7.769999999999982,23.0,0.021828295314080183,-0.7544887467315577,-1.1563814450976841,-1.533625818463463,-0.004345694414128077,24.114637882302773,16.176680169277468,15.670388218322437,17.18926407118753,1737102.0,7.769999999999982,2.0,7.769999999999982,23.0,0.021828295314080183,7.769999999999982,23.0,0.021828295314080183,1.0,1.0,-0.7544887467315577,-1.533625818463463,-1.1563814450976841,24.114637882302773,16.176680169277468,15.670388218322437,17.18926407118753,5.763266657750539,41.20258041508208,41.273991049032475,0.042947947088138955,0.5830150205347739,0.8100000000000023,1.0699999999999932,0.1500000000000341,1.0,17545.0,17545.0,2022-02-11,2022-02-11 14:00:00,2.0540172048918044,173.78554736652885,0.0,,14281.267661333814,366.3529484630595,0.5832424107187206,4.3760036431226785,32.22527881040892,0.012230020343504162,2.285057100371749,15.890706319702602,0.006381710269403211,0.4929364202292669,5.6011759621451125,36.843533123028394,0.015614239272951093,2.82998018927445,22.52492113564669,0.007835530045022196,1.8630914826498424,0.00402220134195386,1.9444468750000041,16.553125,0.005470102952261012,1.0,0
17549.0,2022-02-11 14:25:00,349.2,349.43,347.9,348.38,991338.0,1,1,1.0,buy,False,0.9591269968021215,8.060000000000002,28.0,0.02264299359478594,-0.3092923661138407,-1.4374279783677277,-1.592074161424648,-0.004526362746921667,27.635121769954253,26.02270965549773,24.999729782752397,28.068669400988398,991338.0,8.060000000000002,2.0,8.060000000000002,28.0,0.02264299359478594,8.060000000000002,28.0,0.02264299359478594,1.0,1.0,-0.3092923661138407,-1.592074161424648,-1.4374279783677277,27.635121769954253,26.02270965549773,24.999729782752397,28.068669400988398,8.588481750113342,37.91827435229533,48.66816575213271,-0.2348224513172947,0.439781546421394,0.2300000000000182,0.4800000000000182,0.8199999999999932,0.0,17550.0,17550.0,2022-02-11,2022-02-11 14:25:00,2.0540172048918044,173.78554736652885,0.0,,14281.267661333814,366.3529484630595,0.5832424107187206,4.3760036431226785,32.22527881040892,0.012230020343504162,2.285057100371749,15.890706319702602,0.006381710269403211,0.4929364202292669,5.6011759621451125,36.843533123028394,0.015614239272951093,2.82998018927445,22.52492113564669,0.007835530045022196,1.8630914826498424,0.00402220134195386,1.9444468750000041,16.553125,0.005470102952261012,0.0,0
17553.0,2022-02-11 14:45:00,348.2,348.45,347.34,347.58,1188969.0,1,1,1.0,buy,False,0.9591269967821375,8.620000000000005,32.0,0.02421620406787281,-0.16521386385847592,-1.505580746756177,-1.588187678685415,-0.004526653617416701,29.152772524721897,18.297800082791362,24.42132355553353,6.0507531373070265,1188969.0,8.620000000000005,2.0,8.620000000000005,32.0,0.02421620406787281,8.620000000000005,32.0,0.02421620406787281,1.0,1.0,-0.16521386385847592,-1.588187678685415,-1.505580746756177,29.152772524721897,18.297800082791362,24.42132355553353,6.0507531373070265,10.57513822327714,25.426613517265928,48.58504928221252,-0.17805858701895594,0.3195716013128386,0.25,0.2400000000000091,0.6200000000000045,0.0,17554.0,17554.0,2022-02-11,2022-02-11 14:45:00,2.0540172048918044,173.78554736652885,0.0,,14281.267661333814,366.3529484630595,0.5832424107187206,4.3760036431226785,32.22527881040892,0.012230020343504162,2.285057100371749,15.890706319702602,0.006381710269403211,0.4929364202292669,5.6011759621451125,36.843533123028394,0.015614239272951093,2.82998018927445,22.52492113564669,0.007835530045022196,1.8630914826498424,0.00402220134195386,1.9444468750000041,16.553125,0.005470102952261012,0.0,0
17554.0,2022-02-11 14:50:00,347.61,347.66,346.475,347.0,1022147.0,1,1,1.0,buy,False,0.9591269968277816,9.484999999999957,33.0,0.026646252387908635,-0.2329460042303766,-1.534698997284974,-1.6511719994001623,-0.0047100024996171285,27.200327934792554,16.14441839416438,21.66235516841048,5.108544845672185,1022147.0,9.484999999999957,2.0,9.484999999999957,33.0,0.026646252387908635,9.484999999999957,33.0,0.026646252387908635,1.0,1.0,-0.2329460042303766,-1.6511719994001623,-1.534698997284974,27.200327934792554,16.14441839416438,21.66235516841048,5.108544845672185,10.60416282005848,28.415663221768657,48.37521066081229,-0.17548401944708542,0.34201601847175184,0.05000000000001137,0.5249999999999773,0.6100000000000136,0.0,17555.0,17555.0,2022-02-11,2022-02-11 14:50:00,2.0540172048918044,173.78554736652885,0.0,,14281.267661333814,366.3529484630595,0.5832424107187206,4.3760036431226785,32.22527881040892,0.012230020343504162,2.285057100371749,15.890706319702602,0.006381710269403211,0.4929364202292669,5.6011759621451125,36.843533123028394,0.015614239272951093,2.82998018927445,22.52492113564669,0.007835530045022196,1.8630914826498424,0.00402220134195386,1.9444468750000041,16.553125,0.005470102952261012,1.0,0
17564.0,2022-02-11 15:40:00,346.775,347.07,345.8,346.59,1442713.0,1,1,1.0,buy,False,0.9591269968842012,10.159999999999968,43.0,0.028542532868861582,0.13160554833689764,-1.327191997904779,-1.2613892237363302,-0.003614934055912623,33.52782097604981,22.900059472325054,28.63644225066465,11.427293915645862,1442713.0,10.159999999999968,2.0,10.159999999999968,43.0,0.028542532868861582,10.159999999999968,43.0,0.028542532868861582,1.0,1.0,0.13160554833689764,-1.2613892237363302,-1.327191997904779,33.52782097604981,22.900059472325054,28.63644225066465,11.427293915645862,16.757774538386467,25.297619047618742,28.6811909997754,-0.05334871314252824,0.3672643146327304,0.2950000000000159,0.7899999999999636,0.18500000000000227,0.0,17565.0,17565.0,2022-02-11,2022-02-11 15:40:00,2.0540172048918044,173.78554736652885,0.0,,14281.267661333814,366.3529484630595,0.5832424107187206,4.3760036431226785,32.22527881040892,0.012230020343504162,2.285057100371749,15.890706319702602,0.006381710269403211,0.4929364202292669,5.6011759621451125,36.843533123028394,0.015614239272951093,2.82998018927445,22.52492113564669,0.007835530045022196,1.8630914826498424,0.00402220134195386,1.9444468750000041,16.553125,0.005470102952261012,1.0,0
17616.0,2022-02-14 04:00:00,345.0,345.0,342.81,342.9,30391.0,1,1,1.0,buy,False,0.9591269693954105,13.149999999999977,95.0,0.03694235307337897,-0.48240610080493707,-0.2630945039194969,-0.5042975543219654,-0.0014539523170409635,10.431026012559443,22.783489098822518,27.933303167521803,12.48386096142395,30391.0,13.149999999999977,2.0,13.149999999999977,95.0,0.03694235307337897,13.149999999999977,95.0,0.03694235307337897,1.0,1.0,-0.48240610080493707,-0.5042975543219654,-0.2630945039194969,10.431026012559443,22.783489098822518,27.933303167521803,12.48386096142395,4.893964110930088,77.97716150081507,71.13465888807558,-0.6086956521739196,0.6388378402030273,0.0,0.08999999999997499,2.1000000000000227,0.0,17617.0,17617.0,2022-02-14,2022-02-14 04:00:00,7.124526100904056,22.0,1.0,best_within_2.0d,17638.0,367.33,0.5832424107187206,4.3760036431226785,32.22527881040892,0.012230020343504162,2.285057100371749,15.890706319702602,0.006381710269403211,0.4929364202292669,5.6011759621451125,36.843533123028394,0.015614239272951093,2.82998018927445,22.52492113564669,0.007835530045022196,1.8630914826498424,0.00402220134195386,1.9444468750000041,16.553125,0.005470102952261012,0.0,0
17617.0,2022-02-14 04:05:00,342.85,343.4,342.58,343.34,15268.0,1,1,1.0,buy,False,0.9591269794098971,13.379999999999995,96.0,0.03758849308911113,-0.7092803437748331,-0.35175454689135105,-0.7063947187787676,-0.002038149559548341,17.650181618431944,20.68429280485484,25.51696637996615,11.018945654632226,15268.0,13.379999999999995,2.0,13.379999999999995,96.0,0.03758849308911113,13.379999999999995,96.0,0.03758849308911113,1.0,1.0,-0.7092803437748331,-0.7063947187787676,-0.35175454689135105,17.650181618431944,20.68429280485484,25.51696637996615,11.018945654632226,4.354136429608337,72.42380261248191,72.38631503825215,0.14291964415923938,0.23936014945414014,0.060000000000002274,0.27000000000003865,0.48999999999995225,1.0,17618.0,17618.0,2022-02-14,2022-02-14 04:05:00,6.987242966156,21.0,1.0,best_within_2.0d,17638.0,367.33,0.5832424107187206,4.3760036431226785,32.22527881040892,0.012230020343504162,2.285057100371749,15.890706319702602,0.006381710269403211,0.4929364202292669,5.6011759621451125,36.843533123028394,0.015614239272951093,2.82998018927445,22.52492113564669,0.007835530045022196,1.8630914826498424,0.00402220134195386,1.9444468750000041,16.553125,0.005470102952261012,1.0,0
17628.0,2022-02-14 05:00:00,343.08,343.09,342.2,343.09,79385.0,1,1,1.0,buy,False,1.0352520597849206,13.759999999999991,107.0,0.0386560287672772,-0.07346008333102683,-0.9606353544204544,-0.9973653960859679,-0.002892793188403603,26.61538223600357,37.27194210172495,33.636767082056735,44.54229214106138,79385.0,13.759999999999991,2.0,13.759999999999991,107.0,0.0386560287672772,13.759999999999991,107.0,0.0386560287672772,1.0,1.0,-0.07346008333102683,-0.9973653960859679,-0.9606353544204544,26.61538223600357,37.27194210172495,33.636767082056735,44.54229214106138,7.718993928881535,51.257588898525675,68.69748669441094,0.00291477206482188,0.2600818234950282,0.0,0.8799999999999955,0.009999999999990905,1.0,17629.0,17629.0,2022-02-14,2022-02-14 05:00:00,7.065201550613545,10.0,1.0,best_within_2.0d,17638.0,367.33,0.5832424107187206,4.3760036431226785,32.22527881040892,0.012230020343504162,2.285057100371749,15.890706319702602,0.006381710269403211,0.4929364202292669,5.6011759621451125,36.843533123028394,0.015614239272951093,2.82998018927445,22.52492113564669,0.007835530045022196,1.8630914826498424,0.00402220134195386,1.9444468750000041,16.553125,0.005470102952261012,1.0,0
17638.0,2022-02-14 05:50:00,367.22,367.34,367.2,367.33,78446.0,1p,1p,0.0,sell,False,2.234232502416563,2.8799999999999955,15.0,0.007902101739559885,0.20265630021995928,0.34436970259746014,0.4456978527074398,0.0012171120825196094,69.80230937146338,96.61970611069786,91.98863351386555,105.8818513043625,78446.0,2.8799999999999955,0.0,2.8799999999999955,15.0,0.007902101739559885,2.8799999999999955,0.0,0.0,1.0,1.0,0.20265630021995928,0.4456978527074398,0.34436970259746014,69.80230937146338,96.61970611069786,91.98863351386555,105.8818513043625,36.98570515348984,11.22097846932261,22.42412169937249,0.02995479549042993,0.03812636165576971,0.009999999999990905,0.020000000000038654,0.1099999999999568,1.0,17639.0,17639.0,2022-02-14,2022-02-14 05:50:00,6.598970952549481,354.0,1.0,best_within_2.0d,17992.0,343.09,0.5832424107187206,4.3760036431226785,32.22527881040892,0.012230020343504162,2.285057100371749,15.890706319702602,0.006381710269403211,0.4929364202292669,5.6011759621451125,36.843533123028394,0.015614239272951093,2.82998018927445,22.52492113564669,0.007835530045022196,1.8630914826498424,0.00402220134195386,1.9444468750000041,16.553125,0.005470102952261012,0.0,1
17654.0,2022-02-14 07:10:00,343.35,343.41,342.97,343.12,26727.0,2,2,1.0,buy,False,0.6652173913043327,4.163492493946733,28.239017640954685,0.011578080659927173,0.016050498457849005,-0.18829956928255148,-0.18027432005362698,-0.0005242877307134252,38.44270932266601,31.983754456475417,49.418115243895315,-2.8849671183643864,26727.0,1.5299999999999727,1.0,2.3000000000000114,11.0,0.0067212156633547964,1.5299999999999727,17.0,0.004441219158200211,2.0,2.0,0.016050498457849005,-0.18027432005362698,-0.18829956928255148,38.44270932266601,31.983754456475417,49.418115243895315,-2.8849671183643864,14.630225080385276,27.33118971061063,25.009531304917022,-0.06698703946410899,0.12829110417820733,0.060000000000002274,0.14999999999997726,0.2300000000000182,0.0,17655.0,17655.0,2022-02-14,2022-02-14 07:10:00,4.660177197481933,211.0,1.0,best_within_2.0d,17865.0,359.11,0.6652173913043327,2.3000000000000114,11.0,0.0067212156633547964,1.5299999999999727,17.0,0.004441219158200211,0.4929364202292669,5.6011759621451125,36.843533123028394,0.015614239272951093,2.82998018927445,22.52492113564669,0.007835530045022196,1.8630914826498424,0.00402220134195386,1.9444468750000041,16.553125,0.005470102952261012,1.0,0
17660.0,2022-02-14 07:40:00,345.16,346.81,344.98,346.18,365298.0,1p,1p,0.0,sell,False,1.26753535034241,3.839999999999975,7.0,0.011196314546461715,0.4938990877060791,-0.09172952703445045,0.1552200168185891,0.00045119121423182134,71.15449286851529,65.3498186621348,51.034438990179275,93.98057800604583,365298.0,3.839999999999975,0.0,3.839999999999975,7.0,0.011196314546461715,3.839999999999975,0.0,0.0,1.0,1.0,0.4938990877060791,0.1552200168185891,-0.09172952703445045,71.15449286851529,65.3498186621348,51.034438990179275,93.98057800604583,43.98663697104628,13.585746102449445,24.278463344035895,0.2955151234210168,0.530465534233864,0.6299999999999955,0.18000000000000682,1.0199999999999818,1.0,17661.0,17661.0,2022-02-14,2022-02-14 07:40:00,0.8925992258362794,332.0,1.0,best_within_2.0d,17992.0,343.09,0.5832424107187206,4.3760036431226785,32.22527881040892,0.012230020343504162,2.285057100371749,15.890706319702602,0.006381710269403211,0.4929364202292669,5.6011759621451125,36.843533123028394,0.015614239272951093,2.82998018927445,22.52492113564669,0.007835530045022196,1.8630914826498424,0.00402220134195386,1.9444468750000041,16.553125,0.005470102952261012,0.0,1
17661.0,2022-02-14 07:45:00,346.2,347.76,346.19,346.88,257871.0,1p,1p,0.0,sell,False,1.851915202992183,4.789999999999964,8.0,0.013966236113945719,0.7216045130573856,-0.001528962902277242,0.3592732936264156,0.0010436881094026222,74.6452552638208,70.77600993620398,57.614962638854166,97.09810453090358,257871.0,4.789999999999964,0.0,4.789999999999964,8.0,0.013966236113945719,4.789999999999964,0.0,0.0,1.0,1.0,0.7216045130573856,0.3592732936264156,-0.001528962902277242,74.6452552638208,70.77600993620398,57.614962638854166,97.09810453090358,46.98318496538048,12.06726013847638,26.7677858354945,0.19641825534373394,0.4535081891446874,0.8799999999999955,0.009999999999990905,0.6800000000000068,1.0,17662.0,17662.0,2022-02-14,2022-02-14 07:45:00,1.0925968634686405,331.0,1.0,best_within_2.0d,17992.0,343.09,0.5832424107187206,4.3760036431226785,32.22527881040892,0.012230020343504162,2.285057100371749,15.890706319702602,0.006381710269403211,0.4929364202292669,5.6011759621451125,36.843533123028394,0.015614239272951093,2.82998018927445,22.52492113564669,0.007835530045022196,1.8630914826498424,0.00402220134195386,1.9444468750000041,16.553125,0.005470102952261012,0.0,1
17664.0,2022-02-14 08:00:00,343.6301,348.3,342.6096,347.33,250089.0,1p,1p,0.0,sell,False,2.2576740839258127,5.329999999999984,11.0,0.015540717847041967,0.8797097217741464,0.3178197239719162,0.7576745848589894,0.00219730957909348,75.8094513298766,79.3577884714076,71.6567497955482,94.7598658231264,250089.0,5.329999999999984,0.0,5.329999999999984,11.0,0.015540717847041967,5.329999999999984,0.0,0.0,1.0,1.0,0.8797097217741464,0.7576745848589894,0.3178197239719162,75.8094513298766,79.3577884714076,71.6567497955482,94.7598658231264,28.13552842225957,31.00523284987164,29.834592546076596,1.076710101938089,1.6608991692001658,0.9700000000000273,1.0205000000000268,3.699899999999957,1.0,17665.0,17665.0,2022-02-14,2022-02-14 08:00:00,1.2207410819681597,328.0,1.0,best_within_2.0d,17992.0,343.09,0.5832424107187206,4.3760036431226785,32.22527881040892,0.012230020343504162,2.285057100371749,15.890706319702602,0.006381710269403211,0.4929364202292669,5.6011759621451125,36.843533123028394,0.015614239272951093,2.82998018927445,22.52492113564669,0.007835530045022196,1.8630914826498424,0.00402220134195386,1.9444468750000041,16.553125,0.005470102952261012,1.0,1
17684.0,2022-02-14 09:40:00,347.43,348.42,347.2,347.48,1160448.0,1p,1p,0.0,sell,False,2.2940570896595296,5.449999999999989,31.0,0.01589060267661891,0.02053232688979667,0.4801733930862591,0.49043955653115745,0.0014159129917762606,60.51571596361782,67.63268542027791,65.08788402929615,72.72228820224143,1160448.0,5.449999999999989,0.0,5.449999999999989,31.0,0.01589060267661891,5.449999999999989,0.0,0.0,1.0,1.0,0.02053232688979667,0.49043955653115745,0.4801733930862591,60.51571596361782,67.63268542027791,65.08788402929615,72.72228820224143,27.96052631578923,16.776315789473816,21.20731352351685,0.014391388193308399,0.3513824884792705,0.9399999999999977,0.2300000000000182,0.05000000000001137,1.0,17685.0,17685.0,2022-02-14,2022-02-14 09:40:00,1.2633820651548415,308.0,1.0,best_within_2.0d,17992.0,343.09,0.5832424107187206,4.3760036431226785,32.22527881040892,0.012230020343504162,2.285057100371749,15.890706319702602,0.006381710269403211,0.4929364202292669,5.6011759621451125,36.843533123028394,0.015614239272951093,2.82998018927445,22.52492113564669,0.007835530045022196,1.8630914826498424,0.00402220134195386,1.9444468750000041,16.553125,0.005470102952261012,0.0,1
17685.0,2022-02-14 09:45:00,347.44,348.63,346.6299,348.42,958730.0,1p,1p,0.0,sell,False,2.2940570896595296,5.659999999999968,32.0,0.016502901128378482,0.15647367641913978,0.49973260263865155,0.5779694408482214,0.0016678855250032083,66.3726890668939,75.9395207766394,68.70509627841056,90.40836977309706,958730.0,5.659999999999968,0.0,5.659999999999968,32.0,0.016502901128378482,5.659999999999968,0.0,0.0,1.0,1.0,0.15647367641913978,0.5779694408482214,0.49973260263865155,66.3726890668939,75.9395207766394,68.70509627841056,90.40836977309706,24.98144760141351,18.663345603632578,20.726518791092385,0.28206309002993846,0.5770131197568285,0.20999999999997954,0.8100999999999772,0.9800000000000182,1.0,17686.0,17686.0,2022-02-14,2022-02-14 09:45:00,1.5297629297973827,307.0,1.0,best_within_2.0d,17992.0,343.09,0.5832424107187206,4.3760036431226785,32.22527881040892,0.012230020343504162,2.285057100371749,15.890706319702602,0.006381710269403211,0.4929364202292669,5.6011759621451125,36.843533123028394,0.015614239272951093,2.82998018927445,22.52492113564669,0.007835530045022196,1.8630914826498424,0.00402220134195386,1.9444468750000041,16.553125,0.005470102952261012,0.0,1
17686.0,2022-02-14 09:50:00,348.41,349.55,348.36,349.49,968125.0,1p,1p,0.0,sell,False,2.2940570896595296,6.579999999999984,33.0,0.01918535148846833,0.36093433907859707,0.5448493950234761,0.7253165645627746,0.002091770776134443,71.54664829232097,83.42492115947081,73.61170457209731,103.05135433421782,968125.0,6.579999999999984,0.0,6.579999999999984,33.0,0.01918535148846833,6.579999999999984,0.0,0.0,1.0,1.0,0.36093433907859707,0.7253165645627746,0.5448493950234761,71.54664829232097,83.42492115947081,73.61170457209731,103.05135433421782,31.741133422972624,13.152732162144268,22.203568471534215,0.30997962171004967,0.3416006430129744,0.060000000000002274,0.05000000000001137,1.079999999999984,1.0,17687.0,17687.0,2022-02-14,2022-02-14 09:50:00,1.8312398065753053,306.0,1.0,best_within_2.0d,17992.0,343.09,0.5832424107187206,4.3760036431226785,32.22527881040892,0.012230020343504162,2.285057100371749,15.890706319702602,0.006381710269403211,0.4929364202292669,5.6011759621451125,36.843533123028394,0.015614239272951093,2.82998018927445,22.52492113564669,0.007835530045022196,1.8630914826498424,0.00402220134195386,1.9444468750000041,16.553125,0.005470102952261012,1.0,1
17703.0,2022-02-14 11:15:00,348.0,349.78,348.0,349.61,849720.0,1p,1p,0.0,sell,False,0.09231227428625885,3.3799999999999955,9.0,0.009757505773672043,0.08251670250817045,0.4725652030151803,0.5138235542692655,0.0014772725093325566,61.12330431459769,74.92690531254627,67.91687434897472,88.94696723968937,849720.0,3.3799999999999955,0.0,3.3799999999999955,9.0,0.009757505773672043,3.3799999999999955,0.0,0.0,1.0,1.0,0.08251670250817045,0.5138235542692655,0.4725652030151803,61.12330431459769,74.92690531254627,67.91687434897472,88.94696723968937,23.787058754387832,9.830687774150524,14.764353227959143,0.46264367816092344,0.5114942528735553,0.16999999999995907,0.0,1.6100000000000136,1.0,17704.0,17704.0,2022-02-14,2022-02-14 11:15:00,1.8649352135236517,289.0,1.0,best_within_2.0d,17992.0,343.09,0.5832424107187206,4.3760036431226785,32.22527881040892,0.012230020343504162,2.285057100371749,15.890706319702602,0.006381710269403211,0.4929364202292669,5.6011759621451125,36.843533123028394,0.015614239272951093,2.82998018927445,22.52492113564669,0.007835530045022196,1.8630914826498424,0.00402220134195386,1.9444468750000041,16.553125,0.005470102952261012,0.0,1
17704.0,2022-02-14 11:20:00,349.6195,349.98,349.23,349.77,712812.0,1p,1p,0.0,sell,False,0.21092269779187303,3.580000000000041,10.0,0.0103348729792149,0.1885409674984413,0.4961328239524855,0.5904033077017061,0.0016967387732341123,61.86659116992361,80.97437251859482,72.26937373884809,98.3843700780883,712812.0,3.580000000000041,0.0,3.580000000000041,10.0,0.0103348729792149,3.580000000000041,0.0,0.0,1.0,1.0,0.1885409674984413,0.5904033077017061,0.4961328239524855,61.86659116992361,80.97437251859482,72.26937373884809,98.3843700780883,18.405648826795325,10.286857979862269,15.73088924931832,0.04304679801897933,0.21475818228674512,0.21000000000003638,0.3894999999999982,0.15049999999996544,1.0,17705.0,17705.0,2022-02-14,2022-02-14 11:20:00,1.9098264573862846,288.0,1.0,best_within_2.0d,17992.0,343.09,0.5832424107187206,4.3760036431226785,32.22527881040892,0.012230020343504162,2.285057100371749,15.890706319702602,0.006381710269403211,0.4929364202292669,5.6011759621451125,36.843533123028394,0.015614239272951093,2.82998018927445,22.52492113564669,0.007835530045022196,1.8630914826498424,0.00402220134195386,1.9444468750000041,16.553125,0.005470102952261012,0.0,1
17705.0,2022-02-14 11:25:00,349.7678,350.569,349.6,350.13,689271.0,1p,1p,0.0,sell,False,0.3154916111925581,4.16900000000004,11.0,0.012035219399538222,0.28201371514118234,0.5313845383451332,0.6723913959157244,0.0019314706203471992,63.554980117269565,82.28588281347339,75.60821009705651,95.64122824630715,689271.0,4.16900000000004,0.0,4.16900000000004,11.0,0.012035219399538222,4.16900000000004,0.0,0.0,1.0,1.0,0.28201371514118234,0.6723913959157244,0.5313845383451332,63.554980117269565,82.28588281347339,75.60821009705651,95.64122824630715,22.689247569552357,7.658176418662623,18.14510957449692,0.10355441524347667,0.27717391304347655,0.4390000000000214,0.16779999999999973,0.362199999999973,1.0,17706.0,17706.0,2022-02-14,2022-02-14 11:25:00,2.0106817467797735,287.0,1.0,best_within_2.0d,17992.0,343.09,0.5832424107187206,4.3760036431226785,32.22527881040892,0.012230020343504162,2.285057100371749,15.890706319702602,0.006381710269403211,0.4929364202292669,5.6011759621451125,36.843533123028394,0.015614239272951093,2.82998018927445,22.52492113564669,0.007835530045022196,1.8630914826498424,0.00402220134195386,1.9444468750000041,16.553125,0.005470102952261012,1.0,1
17718.0,2022-02-14 12:30:00,350.42,350.98,350.31,350.6415,653897.0,1p,1p,0.0,sell,False,0.3308096253406122,4.580000000000041,24.0,0.013221709006928525,0.018530773678720136,0.586029867549058,0.595295254388418,0.0017046076558952675,62.441245331353294,71.650137528987,62.44387890878087,90.06265476939929,653897.0,4.580000000000041,0.0,4.580000000000041,24.0,0.013221709006928525,4.580000000000041,0.0,0.0,1.0,1.0,0.018530773678720136,0.595295254388418,0.586029867549058,62.441245331353294,71.650137528987,62.44387890878087,90.06265476939929,21.149185404605078,7.489565100310017,33.75912456621129,0.06320986245077102,0.1912591704490354,0.33850000000001046,0.11000000000001364,0.22149999999999181,1.0,17719.0,17719.0,2022-02-14,2022-02-14 12:30:00,2.153624143177585,274.0,1.0,best_within_2.0d,17992.0,343.09,0.5832424107187206,4.3760036431226785,32.22527881040892,0.012230020343504162,2.285057100371749,15.890706319702602,0.006381710269403211,0.4929364202292669,5.6011759621451125,36.843533123028394,0.015614239272951093,2.82998018927445,22.52492113564669,0.007835530045022196,1.8630914826498424,0.00402220134195386,1.9444468750000041,16.553125,0.005470102952261012,1.0,1
17746.0,2022-02-14 14:50:00,346.26,347.83,346.21,346.98,923880.0,2,2,0.0,sell,False,0.5557122708039464,4.163492493946733,28.239017640954685,0.011578080659927173,0.3722704264167933,-0.8360904989571141,-0.6499552857487174,-0.001872806346110485,49.10114694043696,68.06591981854405,56.84893217278484,90.49989511006245,923880.0,3.9399999999999977,1.0,7.090000000000032,21.0,0.02020058122969979,3.9399999999999977,9.0,0.011457151996277873,2.0,2.0,0.3722704264167933,-0.6499552857487174,-0.8360904989571141,49.10114694043696,68.06591981854405,56.84893217278484,90.49989511006245,20.71389940508367,23.309897241752537,43.83408723858573,0.20793623288858873,0.46792409231391485,0.8499999999999659,0.05000000000001137,0.7200000000000273,1.0,17747.0,17747.0,2022-02-14,2022-02-14 14:50:00,1.1211020808115866,246.0,1.0,best_within_2.0d,17992.0,343.09,0.5557122708039464,7.090000000000032,21.0,0.02020058122969979,3.9399999999999977,9.0,0.011457151996277873,0.4929364202292669,5.6011759621451125,36.843533123028394,0.015614239272951093,2.82998018927445,22.52492113564669,0.007835530045022196,1.8630914826498424,0.00402220134195386,1.9444468750000041,16.553125,0.005470102952261012,1.0,1
17752.0,2022-02-14 15:20:00,346.56,348.1986,346.0,347.67,796806.0,2,2,0.0,sell,False,0.6077009873060639,4.163492493946733,28.239017640954685,0.011578080659927173,0.5151399483041661,-0.48320872690810945,-0.2256387527560264,-0.0006501785636554478,54.679001583575406,68.29710306252265,67.06085305120091,70.76960308516615,796806.0,4.308600000000013,1.0,7.090000000000032,21.0,0.02020058122969979,4.308600000000013,15.0,0.012529006368315486,2.0,2.0,0.5151399483041661,-0.2256387527560264,-0.48320872690810945,54.679001583575406,68.29710306252265,67.06085305120091,70.76960308516615,27.111050847456987,7.111050847457662,42.02391577979257,0.3202908587257657,0.6354335260115604,0.5285999999999831,0.5600000000000023,1.1100000000000136,1.0,17753.0,17753.0,2022-02-14,2022-02-14 15:20:00,1.3173411568441455,240.0,1.0,best_within_2.0d,17992.0,343.09,0.6077009873060639,7.090000000000032,21.0,0.02020058122969979,4.308600000000013,15.0,0.012529006368315486,0.4929364202292669,5.6011759621451125,36.843533123028394,0.015614239272951093,2.82998018927445,22.52492113564669,0.007835530045022196,1.8630914826498424,0.00402220134195386,1.9444468750000041,16.553125,0.005470102952261012,0.0,1
17754.0,2022-02-14 15:30:00,347.35,348.56,347.15,348.48,740997.0,2,2,0.0,sell,False,0.6586741889985889,4.163492493946733,28.239017640954685,0.011578080659927173,0.6273083565817335,-0.3414118265146927,-0.02775764822382598,-7.99542909131757e-05,59.39119612893689,77.72093569842227,70.80898786690182,91.54483136146317,740997.0,4.670000000000016,1.0,7.090000000000032,21.0,0.02020058122969979,4.670000000000016,17.0,0.013579923812847177,2.0,2.0,0.6273083565817335,-0.02775764822382598,-0.3414118265146927,59.39119612893689,77.72093569842227,70.80898786690182,91.54483136146317,27.47261374520424,6.862134479203237,44.398864179623054,0.3253202821361726,0.4061644822123074,0.07999999999998408,0.20000000000004547,1.1299999999999955,1.0,17755.0,17755.0,2022-02-14,2022-02-14 15:30:00,1.5467171717171841,238.0,1.0,best_within_2.0d,17992.0,343.09,0.6586741889985889,7.090000000000032,21.0,0.02020058122969979,4.670000000000016,17.0,0.013579923812847177,0.4929364202292669,5.6011759621451125,36.843533123028394,0.015614239272951093,2.82998018927445,22.52492113564669,0.007835530045022196,1.8630914826498424,0.00402220134195386,1.9444468750000041,16.553125,0.005470102952261012,1.0,1
17787.0,2022-02-14 18:20:00,348.48,348.6399,348.45,348.6399,33884.0,2,2,0.0,sell,False,0.6699435825105788,4.163492493946733,28.239017640954685,0.011578080659927173,0.16440012160709605,0.13007945659664277,0.2122795174001908,0.0006101919765271342,69.75264899598251,94.532332399117,88.28727966475255,107.02243786784592,33884.0,4.749900000000025,1.0,7.090000000000032,21.0,0.02020058122969979,4.749900000000025,50.0,0.013812265550030607,2.0,2.0,0.16440012160709605,0.2122795174001908,0.13007945659664277,69.75264899598251,94.532332399117,88.28727966475255,107.02243786784592,52.04865227026734,4.123073751480833,40.95691521272302,0.04588498622589338,0.054498493327600185,0.0,0.03000000000002956,0.15989999999999327,1.0,17788.0,17788.0,2022-02-14,2022-02-14 18:20:00,1.5918717278200334,205.0,1.0,best_within_2.0d,17992.0,343.09,0.6699435825105788,7.090000000000032,21.0,0.02020058122969979,4.749900000000025,50.0,0.013812265550030607,0.4929364202292669,5.6011759621451125,36.843533123028394,0.015614239272951093,2.82998018927445,22.52492113564669,0.007835530045022196,1.8630914826498424,0.00402220134195386,1.9444468750000041,16.553125,0.005470102952261012,0.0,1
17789.0,2022-02-14 18:30:00,348.579,348.69,348.51,348.54,13539.0,2,2,0.0,sell,False,0.6770098730606474,4.163492493946733,28.239017640954685,0.011578080659927173,0.15186951008429417,0.1698249098813217,0.2457596649234688,0.0007062372892260336,66.23098706922114,90.93466565880478,90.41745695687072,91.9690830626729,13539.0,4.800000000000011,1.0,7.090000000000032,21.0,0.02020058122969979,4.800000000000011,52.0,0.013957951670592375,2.0,2.0,0.15186951008429417,0.2457596649234688,0.1698249098813217,66.23098706922114,90.93466565880478,90.41745695687072,91.9690830626729,53.14703715398349,4.210083149141268,47.06812261127073,-0.011188281566011512,0.0516484462425775,0.11099999999999,0.03000000000002956,0.03899999999998727,0.0,17790.0,17790.0,2022-02-14,2022-02-14 18:30:00,1.5636655764044427,203.0,1.0,best_within_2.0d,17992.0,343.09,0.6770098730606474,7.090000000000032,21.0,0.02020058122969979,4.800000000000011,52.0,0.013957951670592375,0.4929364202292669,5.6011759621451125,36.843533123028394,0.015614239272951093,2.82998018927445,22.52492113564669,0.007835530045022196,1.8630914826498424,0.00402220134195386,1.9444468750000041,16.553125,0.005470102952261012,1.0,1
17795.0,2022-02-14 19:00:00,348.63,348.76,348.55,348.55,8785.0,2,2,0.0,sell,False,0.6868829337094475,4.163492493946733,28.239017640954685,0.011578080659927173,0.024679871874758064,0.23204947759913086,0.2443894135365099,0.0007018591684999137,63.85078723602716,62.22552824131302,76.85753366876,32.961517386419075,8785.0,4.8700000000000045,1.0,7.090000000000032,21.0,0.02020058122969979,4.8700000000000045,58.0,0.01416150513245516,2.0,2.0,0.024679871874758064,0.2443894135365099,0.23204947759913086,63.85078723602716,62.22552824131302,76.85753366876,32.961517386419075,56.747139897305296,1.3512296189545927,62.30490085257327,-0.022946963829843698,0.06024960550852948,0.12999999999999545,0.0,0.07999999999998408,0.0,17796.0,17796.0,2022-02-14,2022-02-14 19:00:00,1.56648974322193,197.0,1.0,best_within_2.0d,17992.0,343.09,0.6868829337094475,7.090000000000032,21.0,0.02020058122969979,4.8700000000000045,58.0,0.01416150513245516,0.4929364202292669,5.6011759621451125,36.843533123028394,0.015614239272951093,2.82998018927445,22.52492113564669,0.007835530045022196,1.8630914826498424,0.00402220134195386,1.9444468750000041,16.553125,0.005470102952261012,0.0,1
17796.0,2022-02-14 19:05:00,348.59,348.9,348.59,348.89,11862.0,2,2,0.0,sell,False,0.7066290550070478,4.163492493946733,28.239017640954685,0.011578080659927173,0.04728188678596296,0.23795971344737624,0.2616006568403577,0.0007511781467724568,71.3364230742264,74.04182502909302,75.91896412220433,70.2875468428704,11862.0,5.009999999999991,1.0,7.090000000000032,21.0,0.02020058122969979,5.009999999999991,59.0,0.01456861205618073,2.0,2.0,0.04728188678596296,0.2616006568403577,0.23795971344737624,71.3364230742264,74.04182502909302,75.91896412220433,70.2875468428704,53.37821687514839,1.1951238945116034,64.68455923858966,0.0860609885538918,0.08892968817235213,0.009999999999990905,0.0,0.30000000000001137,1.0,17797.0,17797.0,2022-02-14,2022-02-14 19:05:00,1.6624150878500419,196.0,1.0,best_within_2.0d,17992.0,343.09,0.7066290550070478,7.090000000000032,21.0,0.02020058122969979,5.009999999999991,59.0,0.01456861205618073,0.4929364202292669,5.6011759621451125,36.843533123028394,0.015614239272951093,2.82998018927445,22.52492113564669,0.007835530045022196,1.8630914826498424,0.00402220134195386,1.9444468750000041,16.553125,0.005470102952261012,0.0,1
17797.0,2022-02-14 19:10:00,348.93,348.94,348.61,348.61,19150.0,2,2,0.0,sell,False,0.7122708039492227,4.163492493946733,28.239017640954685,0.011578080659927173,0.018893038915833826,0.24032134331185545,0.24976786276977236,0.0007171463153045976,60.26811459111106,57.69455001939642,69.84415942126836,33.39533121565253,19150.0,5.050000000000011,1.0,7.090000000000032,21.0,0.02020058122969979,5.050000000000011,60.0,0.014684928320102392,2.0,2.0,0.018893038915833826,0.24976786276977236,0.24032134331185545,60.26811459111106,57.69455001939642,69.84415942126836,33.39533121565253,46.86743223185712,1.1717834544188261,66.85863033568539,-0.09170893875562239,0.09466165629212704,0.009999999999990905,0.0,0.3199999999999932,0.0,17798.0,17798.0,2022-02-14,2022-02-14 19:10:00,1.5834313416138488,195.0,1.0,best_within_2.0d,17992.0,343.09,0.7122708039492227,7.090000000000032,21.0,0.02020058122969979,5.050000000000011,60.0,0.014684928320102392,0.4929364202292669,5.6011759621451125,36.843533123028394,0.015614239272951093,2.82998018927445,22.52492113564669,0.007835530045022196,1.8630914826498424,0.00402220134195386,1.9444468750000041,16.553125,0.005470102952261012,1.0,1
17807.0,2022-02-15 04:00:00,349.95,353.1,349.95,352.88,31845.0,1,1,0.0,sell,False,0.7017763167073342,9.210000000000036,70.0,0.02678181976794916,0.5271225204591878,0.09558396588472787,0.35914522611432176,0.0010306548590304659,85.66549848026743,57.298209154706484,37.25552238473942,97.38358269464061,31845.0,9.210000000000036,1.0,9.210000000000036,70.0,0.02678181976794916,9.210000000000036,70.0,0.02678181976794916,1.0,1.0,0.5271225204591878,0.35914522611432176,0.09558396588472787,85.66549848026743,57.298209154706484,37.25552238473942,97.38358269464061,69.46472019464859,13.381995133820276,45.922746871456305,0.8372624660665829,0.9001285897985524,0.22000000000002728,0.0,2.930000000000007,1.0,17808.0,17808.0,2022-02-15,2022-02-15 04:00:00,2.774314214463846,185.0,1.0,best_within_2.0d,17992.0,343.09,0.5832424107187206,4.3760036431226785,32.22527881040892,0.012230020343504162,2.285057100371749,15.890706319702602,0.006381710269403211,0.4929364202292669,5.6011759621451125,36.843533123028394,0.015614239272951093,2.82998018927445,22.52492113564669,0.007835530045022196,1.8630914826498424,0.00402220134195386,1.9444468750000041,16.553125,0.005470102952261012,0.0,1
17808.0,2022-02-15 04:05:00,352.87,353.31,352.85,353.29,17511.0,1,1,0.0,sell,False,1.0620713156727817,9.420000000000016,71.0,0.027392480153537516,0.9493711824497728,0.21425536369094944,0.6889409549158358,0.0019750576393314013,86.55276982472166,71.41639869573035,48.64248115506973,116.96423377705159,17511.0,9.420000000000016,1.0,9.420000000000016,71.0,0.027392480153537516,9.420000000000016,71.0,0.027392480153537516,1.0,1.0,0.9493711824497728,0.6889409549158358,0.21425536369094944,86.55276982472166,71.41639869573035,48.64248115506973,116.96423377705159,68.75725900116262,12.775842044135056,47.546905570707175,0.11902400317397792,0.13036701147795934,0.01999999999998181,0.01999999999998181,0.4200000000000159,1.0,17809.0,17809.0,2022-02-15,2022-02-15 04:05:00,2.8871465368394365,184.0,1.0,best_within_2.0d,17992.0,343.09,0.5832424107187206,4.3760036431226785,32.22527881040892,0.012230020343504162,2.285057100371749,15.890706319702602,0.006381710269403211,0.4929364202292669,5.6011759621451125,36.843533123028394,0.015614239272951093,2.82998018927445,22.52492113564669,0.007835530045022196,1.8630914826498424,0.00402220134195386,1.9444468750000041,16.553125,0.005470102952261012,0.0,1
17809.0,2022-02-15 04:10:00,353.38,353.38,352.81,353.06,9201.0,1,1,0.0,sell,False,1.2652591974632115,9.490000000000009,72.0,0.027596033615400303,1.130998081461876,0.355630123873684,0.921129164604622,0.0026383202450434226,83.4328765321763,79.11464887319705,58.7998703944455,119.74420583070018,9201.0,9.490000000000009,1.0,9.490000000000009,72.0,0.027596033615400303,9.490000000000009,72.0,0.027596033615400303,1.0,1.0,1.130998081461876,0.921129164604622,0.355630123873684,83.4328765321763,79.11464887319705,58.7998703944455,119.74420583070018,65.3288740245272,12.263099219621253,49.03575550120673,-0.09055407776331235,0.16156004648394126,0.0,0.25,0.3199999999999932,0.0,17810.0,17810.0,2022-02-15,2022-02-15 04:10:00,2.823882626182526,183.0,1.0,best_within_2.0d,17992.0,343.09,0.5832424107187206,4.3760036431226785,32.22527881040892,0.012230020343504162,2.285057100371749,15.890706319702602,0.006381710269403211,0.4929364202292669,5.6011759621451125,36.843533123028394,0.015614239272951093,2.82998018927445,22.52492113564669,0.007835530045022196,1.8630914826498424,0.00402220134195386,1.9444468750000041,16.553125,0.005470102952261012,0.0,1
17810.0,2022-02-15 04:15:00,353.15,354.37,353.12,354.16,49807.0,1,1,0.0,sell,False,1.476097906251845,10.480000000000018,73.0,0.030474861147459998,1.3194639512366342,0.5205631177782633,1.1802950933965803,0.0033770289592181986,86.02703687187193,85.04398420455036,67.54790833114711,120.03613595135684,49807.0,10.480000000000018,1.0,10.480000000000018,73.0,0.030474861147459998,10.480000000000018,73.0,0.030474861147459998,1.0,1.0,1.3194639512366342,1.1802950933965803,0.5205631177782633,86.02703687187193,85.04398420455036,67.54790833114711,120.03613595135684,67.57301107754368,11.077542799597403,50.6639862450843,0.2859974515078714,0.3539873130946987,0.20999999999997954,0.029999999999972715,1.0100000000000477,1.0,17811.0,17811.0,2022-02-15,2022-02-15 04:15:00,3.1257058956404022,182.0,1.0,best_within_2.0d,17992.0,343.09,0.5832424107187206,4.3760036431226785,32.22527881040892,0.012230020343504162,2.285057100371749,15.890706319702602,0.006381710269403211,0.4929364202292669,5.6011759621451125,36.843533123028394,0.015614239272951093,2.82998018927445,22.52492113564669,0.007835530045022196,1.8630914826498424,0.00402220134195386,1.9444468750000041,16.553125,0.005470102952261012,1.0,1
17819.0,2022-02-15 05:00:00,353.75,354.59,353.75,353.8,30517.0,1,1,0.0,sell,False,1.491692124414185,10.699999999999989,82.0,0.03111460059902873,0.14213070455256283,1.3506523682492966,1.421717720525578,0.004043538613688461,75.31484031442021,51.67503459910995,64.84073244869728,25.343638899935286,30517.0,10.699999999999989,1.0,10.699999999999989,82.0,0.03111460059902873,10.699999999999989,82.0,0.03111460059902873,1.0,1.0,0.14213070455256283,1.421717720525578,1.3506523682492966,75.31484031442021,51.67503459910995,64.84073244869728,25.343638899935286,66.24319419237736,4.809437386570124,66.93873310509237,0.01413427561837777,0.2374558303886855,0.7899999999999636,0.0,0.05000000000001137,1.0,17820.0,17820.0,2022-02-15,2022-02-15 05:00:00,3.0271339739966185,173.0,1.0,best_within_2.0d,17992.0,343.09,0.5832424107187206,4.3760036431226785,32.22527881040892,0.012230020343504162,2.285057100371749,15.890706319702602,0.006381710269403211,0.4929364202292669,5.6011759621451125,36.843533123028394,0.015614239272951093,2.82998018927445,22.52492113564669,0.007835530045022196,1.8630914826498424,0.00402220134195386,1.9444468750000041,16.553125,0.005470102952261012,1.0,1
17834.0,2022-02-15 06:15:00,354.55,354.7,354.25,354.25,10140.0,1,1,0.0,sell,False,1.4916921244032393,10.810000000000002,97.0,0.031434470324813175,-0.2923934303330431,0.9117600796541832,0.7655633644876616,0.0021668179864869808,66.5883221636301,66.82147218795765,68.09950093829377,64.26541468728541,10140.0,10.810000000000002,1.0,10.810000000000002,97.0,0.031434470324813175,10.810000000000002,97.0,0.031434470324813175,1.0,1.0,-0.2923934303330431,0.7655633644876616,0.9117600796541832,66.5883221636301,66.82147218795765,68.09950093829377,64.26541468728541,34.52380952380917,7.936507936508491,60.42791554053141,-0.08461429981667222,0.1270289343683807,0.14999999999997726,0.0,0.30000000000001137,0.0,17835.0,17835.0,2022-02-15,2022-02-15 06:15:00,3.1503175723359282,158.0,1.0,best_within_2.0d,17992.0,343.09,0.5832424107187206,4.3760036431226785,32.22527881040892,0.012230020343504162,2.285057100371749,15.890706319702602,0.006381710269403211,0.4929364202292669,5.6011759621451125,36.843533123028394,0.015614239272951093,2.82998018927445,22.52492113564669,0.007835530045022196,1.8630914826498424,0.00402220134195386,1.9444468750000041,16.553125,0.005470102952261012,0.0,1
17838.0,2022-02-15 06:35:00,354.36,354.75,354.33,354.71,21620.0,1,1,0.0,sell,False,1.4916921244354087,10.860000000000014,101.0,0.03157986565471521,-0.24191633062946805,0.7778680104736979,0.6569098451589639,0.0018576554643528582,68.12811850138155,72.89553446727666,68.14092593378412,82.40475153426175,21620.0,10.860000000000014,1.0,10.860000000000014,101.0,0.03157986565471521,10.860000000000014,101.0,0.03157986565471521,1.0,1.0,-0.24191633062946805,0.6569098451589639,0.7778680104736979,68.12811850138155,72.89553446727666,68.14092593378412,82.40475153426175,37.63676148796393,8.096280087527363,61.198338320131015,0.0987696128231081,0.11853357040047864,0.040000000000020464,0.03000000000002956,0.3499999999999659,1.0,17839.0,17839.0,2022-02-15,2022-02-15 06:35:00,3.275915536635563,154.0,1.0,best_within_2.0d,17992.0,343.09,0.5832424107187206,4.3760036431226785,32.22527881040892,0.012230020343504162,2.285057100371749,15.890706319702602,0.006381710269403211,0.4929364202292669,5.6011759621451125,36.843533123028394,0.015614239272951093,2.82998018927445,22.52492113564669,0.007835530045022196,1.8630914826498424,0.00402220134195386,1.9444468750000041,16.553125,0.005470102952261012,0.0,1
17839.0,2022-02-15 06:40:00,354.59,354.78,354.54,354.74,19639.0,1,1,0.0,sell,False,1.4916921244273067,10.889999999999986,102.0,0.03166710285265634,-0.21267538084885262,0.7512835878675913,0.644945897443165,0.0018233963706476882,68.42855470232107,80.24259259843906,72.17481482200243,96.37814815131233,19639.0,10.889999999999986,1.0,10.889999999999986,102.0,0.03166710285265634,10.889999999999986,102.0,0.03166710285265634,1.0,1.0,-0.21267538084885262,0.644945897443165,0.7512835878675913,68.42855470232107,80.24259259843906,72.17481482200243,96.37814815131233,31.860465116278192,8.604651162790894,60.93211875210839,0.04230237739361914,0.06769334912843465,0.03999999999996362,0.049999999999954525,0.1500000000000341,1.0,17840.0,17840.0,2022-02-15,2022-02-15 06:40:00,3.28409539380956,153.0,1.0,best_within_2.0d,17992.0,343.09,0.5832424107187206,4.3760036431226785,32.22527881040892,0.012230020343504162,2.285057100371749,15.890706319702602,0.006381710269403211,0.4929364202292669,5.6011759621451125,36.843533123028394,0.015614239272951093,2.82998018927445,22.52492113564669,0.007835530045022196,1.8630914826498424,0.00402220134195386,1.9444468750000041,16.553125,0.005470102952261012,0.0,1
17840.0,2022-02-15 06:45:00,354.74,355.32,354.74,355.22,78544.0,1,1,0.0,sell,False,1.4916921244326384,11.430000000000007,103.0,0.03323737241559803,-0.13563258598560624,0.7343295146193906,0.6665132216265874,0.0018837743332860307,72.8399833353611,84.09615462846844,76.1485947574911,99.99127437042313,78544.0,11.430000000000007,1.0,11.430000000000007,103.0,0.03323737241559803,11.430000000000007,103.0,0.03323737241559803,1.0,1.0,-0.13563258598560624,0.6665132216265874,0.7343295146193906,72.8399833353611,84.09615462846844,76.1485947574911,99.99127437042313,36.008676789587945,8.02603036876383,61.11888155764034,0.13531036815696515,0.16350002818965553,0.0999999999999659,0.0,0.4800000000000182,1.0,17841.0,17841.0,2022-02-15,2022-02-15 06:45:00,3.4147852035358515,152.0,1.0,best_within_2.0d,17992.0,343.09,0.5832424107187206,4.3760036431226785,32.22527881040892,0.012230020343504162,2.285057100371749,15.890706319702602,0.006381710269403211,0.4929364202292669,5.6011759621451125,36.843533123028394,0.015614239272951093,2.82998018927445,22.52492113564669,0.007835530045022196,1.8630914826498424,0.00402220134195386,1.9444468750000041,16.553125,0.005470102952261012,1.0,1
17845.0,2022-02-15 07:10:00,355.01,355.32,355.01,355.19,45014.0,1,1,0.0,sell,False,1.4916921245138786,11.430000000000007,108.0,0.03323737241559803,-0.13612823748321845,0.6380235905639103,0.5699594718223011,0.0016092779561185265,67.60823549290284,71.07086339610626,68.73673307092255,75.73912404647368,45014.0,11.430000000000007,1.0,11.430000000000007,108.0,0.03323737241559803,11.430000000000007,108.0,0.03323737241559803,1.0,1.0,-0.13612823748321845,0.5699594718223011,0.6380235905639103,67.60823549290284,71.07086339610626,68.73673307092255,75.73912404647368,31.156716417910996,11.007462686566786,59.01795203652926,0.05070279710430885,0.08732148390186256,0.12999999999999545,0.0,0.18000000000000682,1.0,17846.0,17846.0,2022-02-15,2022-02-15 07:10:00,3.4066274388355593,147.0,1.0,best_within_2.0d,17992.0,343.09,0.5832424107187206,4.3760036431226785,32.22527881040892,0.012230020343504162,2.285057100371749,15.890706319702602,0.006381710269403211,0.4929364202292669,5.6011759621451125,36.843533123028394,0.015614239272951093,2.82998018927445,22.52492113564669,0.007835530045022196,1.8630914826498424,0.00402220134195386,1.9444468750000041,16.553125,0.005470102952261012,1.0,1
17850.0,2022-02-15 07:35:00,354.85,354.9,354.39,354.68,87325.0,3a,3a,1.0,buy,False,0.00909353348729802,4.163492493946733,28.239017640954685,0.011578080659927173,-0.22256504895275642,0.5352978637420007,0.4240153392656225,0.0011963875051687679,55.99770903822506,56.48669806039379,65.4843134680194,38.49146724514259,87325.0,0.9300000000000068,2.0,0.9300000000000068,6.0,0.002617359000337743,0.9300000000000068,6.0,0.002617359000337743,3.0,3.0,-0.22256504895275642,0.4240153392656225,0.5352978637420007,55.99770903822506,56.48669806039379,65.4843134680194,38.49146724514259,28.484848484849056,22.222222222222733,51.20579049815952,-0.047907566577431566,0.14390925251840936,0.049999999999954525,0.29000000000002046,0.17000000000001592,0.0,17851.0,17851.0,2022-02-15,2022-02-15 07:35:00,1.2490131949926713,15.0,1.0,best_within_2.0d,17865.0,359.11,0.5832424107187206,4.3760036431226785,32.22527881040892,0.012230020343504162,2.285057100371749,15.890706319702602,0.006381710269403211,0.4929364202292669,5.6011759621451125,36.843533123028394,0.015614239272951093,2.82998018927445,22.52492113564669,0.007835530045022196,1.8630914826498424,0.00909353348729802,0.9300000000000068,6.0,0.002617359000337743,1.0,0
17857.0,2022-02-15 08:10:00,354.5304,354.56,354.35,354.39,51411.0,3a,3a,1.0,buy,False,0.00909353348729802,4.163492493946733,28.239017640954685,0.011578080659927173,-0.27291735223276903,0.3087728191006899,0.17231414298430536,0.00048608729354653507,48.13129738697811,74.40542718586543,61.54294616529289,100.13038922701051,51411.0,0.9699999999999704,2.0,0.9699999999999704,13.0,0.002729933580997328,0.9699999999999704,13.0,0.002729933580997328,3.0,3.0,-0.27291735223276903,0.17231414298430536,0.3087728191006899,48.13129738697811,74.40542718586543,61.54294616529289,100.13038922701051,4.0852454551646105,69.78960985905935,51.85877153154077,-0.03960168154832411,0.05926344010158869,0.02960000000001628,0.03999999999996362,0.14039999999999964,0.0,17858.0,17858.0,2022-02-15,2022-02-15 08:10:00,1.3318660233076631,8.0,1.0,best_within_2.0d,17865.0,359.11,0.5832424107187206,4.3760036431226785,32.22527881040892,0.012230020343504162,2.285057100371749,15.890706319702602,0.006381710269403211,0.4929364202292669,5.6011759621451125,36.843533123028394,0.015614239272951093,2.82998018927445,22.52492113564669,0.007835530045022196,1.8630914826498424,0.00909353348729802,0.9699999999999704,13.0,0.002729933580997328,0.0,0
17858.0,2022-02-15 08:15:00,354.38,354.42,353.95,354.09,66668.0,3a,3a,1.0,buy,False,0.00909353348729802,4.163492493946733,28.239017640954685,0.011578080659927173,-0.31208168577333184,0.2697626083790234,0.11372176549235746,0.00032082886618613643,41.92245618982452,77.79431066839791,66.96006766632789,99.46279667253796,66668.0,1.3700000000000045,2.0,1.3700000000000045,14.0,0.003855679387594294,1.3700000000000045,14.0,0.003855679387594294,3.0,3.0,-0.31208168577333184,0.11372176549235746,0.2697626083790234,41.92245618982452,77.79431066839791,66.96006766632789,99.46279667253796,2.3952915411992706,73.5696687653986,54.84698025740879,-0.08183306055647058,0.13278711682441793,0.040000000000020464,0.13999999999998636,0.29000000000002046,0.0,17859.0,17859.0,2022-02-15,2022-02-15 08:15:00,1.4177186590979804,7.0,1.0,best_within_2.0d,17865.0,359.11,0.5832424107187206,4.3760036431226785,32.22527881040892,0.012230020343504162,2.285057100371749,15.890706319702602,0.006381710269403211,0.4929364202292669,5.6011759621451125,36.843533123028394,0.015614239272951093,2.82998018927445,22.52492113564669,0.007835530045022196,1.8630914826498424,0.00909353348729802,1.3700000000000045,14.0,0.003855679387594294,0.0,0
17860.0,2022-02-15 08:25:00,354.29,354.29,353.87,354.03,21067.0,3a,3a,1.0,buy,False,0.00909353348729802,4.163492493946733,28.239017640954685,0.011578080659927173,-0.3150484904460947,0.19260483668836384,0.0350805914653165,9.898107423432268e-05,41.775654801645686,81.80666253421298,74.98321617327372,95.45355525609148,21067.0,1.4499999999999886,2.0,1.4499999999999886,16.0,0.004080828548913624,1.4499999999999886,16.0,0.004080828548913624,3.0,3.0,-0.3150484904460947,0.0350805914653165,0.19260483668836384,41.775654801645686,81.80666253421298,74.98321617327372,95.45355525609148,0.9244008201957542,73.19573767185504,60.72134289635674,-0.07338620903780736,0.11868765365812754,0.0,0.15999999999996817,0.26000000000004775,0.0,17861.0,17861.0,2022-02-15,2022-02-15 08:25:00,1.4349066463294189,5.0,1.0,best_within_2.0d,17865.0,359.11,0.5832424107187206,4.3760036431226785,32.22527881040892,0.012230020343504162,2.285057100371749,15.890706319702602,0.006381710269403211,0.4929364202292669,5.6011759621451125,36.843533123028394,0.015614239272951093,2.82998018927445,22.52492113564669,0.007835530045022196,1.8630914826498424,0.00909353348729802,1.4499999999999886,16.0,0.004080828548913624,0.0,0
17861.0,2022-02-15 08:30:00,354.03,354.05,353.15,353.68,244078.0,3a,3a,1.0,buy,False,0.00909353348729802,4.163492493946733,28.239017640954685,0.011578080659927173,-0.35476198432434625,0.14825958864782057,-0.02912140351435255,-8.217968538772308e-05,36.13047195511274,81.04114144419566,77.00252459691436,89.11837513875827,244078.0,2.170000000000016,2.0,2.170000000000016,17.0,0.006107171000788067,2.170000000000016,17.0,0.006107171000788067,3.0,3.0,-0.35476198432434625,-0.02912140351435255,0.14825958864782057,36.13047195511274,81.04114144419566,77.00252459691436,89.11837513875827,0.0,75.62391736703707,63.52696126090269,-0.09886167838882746,0.2548492142149325,0.020000000000038654,0.5300000000000296,0.3499999999999659,0.0,17862.0,17862.0,2022-02-15,2022-02-15 08:30:00,1.5352861343587443,4.0,1.0,best_within_2.0d,17865.0,359.11,0.5832424107187206,4.3760036431226785,32.22527881040892,0.012230020343504162,2.285057100371749,15.890706319702602,0.006381710269403211,0.4929364202292669,5.6011759621451125,36.843533123028394,0.015614239272951093,2.82998018927445,22.52492113564669,0.007835530045022196,1.8630914826498424,0.00909353348729802,2.170000000000016,17.0,0.006107171000788067,1.0,0
17865.0,2022-02-15 08:50:00,359.3,359.38,359.0,359.11,140269.0,1p,1p,0.0,sell,False,2.6600106996055866,3.980000000000018,49.0,0.01119864940911654,0.16171972463068895,0.5454952267110456,0.62635508902639,0.0017501236133854305,71.707228141944,90.87488581014578,91.11575538112639,90.39314666818458,140269.0,3.980000000000018,0.0,3.980000000000018,49.0,0.01119864940911654,3.980000000000018,0.0,0.0,1.0,1.0,0.16171972463068895,0.62635508902639,0.5454952267110456,71.707228141944,90.87488581014578,91.11575538112639,90.39314666818458,19.603524229075372,37.00440528634406,37.05277308420205,-0.05288060116893897,0.10584958217270067,0.07999999999998408,0.11000000000001364,0.18999999999999773,0.0,17866.0,17866.0,2022-02-15,2022-02-15 08:50:00,3.517997750281228,127.0,1.0,best_within_2.0d,17992.0,343.09,0.5832424107187206,4.3760036431226785,32.22527881040892,0.012230020343504162,2.285057100371749,15.890706319702602,0.006381710269403211,0.4929364202292669,5.6011759621451125,36.843533123028394,0.015614239272951093,2.82998018927445,22.52492113564669,0.007835530045022196,1.8630914826498424,0.00402220134195386,1.9444468750000041,16.553125,0.005470102952261012,0.0,1
17865.0,2022-02-15 08:50:00,358.04,358.36,357.56,357.73,487468.0,2,2,0.0,sell,False,0.7181463980767684,4.163492493946733,28.239017640954685,0.011578080659927173,-0.11406538511053435,-0.12084156495568325,-0.17787425751095043,-0.0004971279655053729,49.41128910295401,49.18936100390829,39.23187581578567,69.10433138015352,487468.0,2.5989000000000146,1.0,3.6188999999999965,18.0,0.01006984250653903,2.5989000000000146,6.0,0.007305183169267282,2.0,2.0,-0.11406538511053435,-0.17787425751095043,-0.12084156495568325,49.41128910295401,49.18936100390829,39.23187581578567,69.10433138015352,20.268812618841135,25.36511456394484,17.899282860016612,-0.08658250474807347,0.22373867322967095,0.3199999999999932,0.17000000000001592,0.3100000000000023,0.0,17866.0,17866.0,2022-02-15,2022-02-15 08:50:00,3.517997750281228,127.0,1.0,best_within_2.0d,17992.0,343.09,0.7181463980767684,3.6188999999999965,18.0,0.01006984250653903,2.5989000000000146,6.0,0.007305183169267282,0.4929364202292669,5.6011759621451125,36.843533123028394,0.015614239272951093,2.82998018927445,22.52492113564669,0.007835530045022196,1.8630914826498424,0.00402220134195386,1.9444468750000041,16.553125,0.005470102952261012,0.0,1
17865.0,2022-02-15 08:50:00,355.23,355.96,355.1,355.6,589733.0,2s,2s,0.0,sell,False,0.05496145237502576,4.163492493946733,28.239017640954685,0.011578080659927173,0.10988381807949077,-0.6785999667382374,-0.623658057698492,-0.0017517083756535383,45.37174902207794,57.25613128259934,41.34202221959509,89.08434940860785,589733.0,1.7999999999999545,1.0,3.6188999999999965,18.0,0.01006984250653903,1.7999999999999545,7.0,0.005082448610797251,1.0,2.5,0.10988381807949077,-0.623658057698492,-0.6785999667382374,45.37174902207794,57.25613128259934,41.34202221959509,89.08434940860785,13.286314453486359,21.12636457839658,29.74854634106242,0.10415786954930735,0.24218529991550455,0.3599999999999568,0.12999999999999545,0.37000000000000455,1.0,17866.0,17866.0,2022-02-15,2022-02-15 08:50:00,3.517997750281228,127.0,1.0,best_within_2.0d,17992.0,343.09,0.5832424107187206,4.3760036431226785,32.22527881040892,0.012230020343504162,2.285057100371749,15.890706319702602,0.006381710269403211,0.05496145237502576,3.6188999999999965,18.0,0.01006984250653903,1.7999999999999545,7.0,0.005082448610797251,1.0,0.00402220134195386,1.9444468750000041,16.553125,0.005470102952261012,0.0,1
17866.0,2022-02-15 08:55:00,353.21,353.3,352.65,352.89,121975.0,3a,3a,1.0,buy,False,0.00909353348729802,4.163492493946733,28.239017640954685,0.011578080659927173,-0.386668751216857,-0.0702083778815292,-0.2635427534899577,-0.0007443319702365949,29.390935846634846,35.67505324119755,55.56806063369028,-4.110961543787909,121975.0,2.670000000000016,2.0,2.670000000000016,22.0,0.007514353259034155,2.670000000000016,22.0,0.007514353259034155,3.0,3.0,-0.386668751216857,-0.2635427534899577,-0.0702083778815292,29.390935846634846,35.67505324119755,55.56806063369028,-4.110961543787909,0.0,71.79697573555278,74.82041713914653,-0.09059766144786195,0.18431872961861168,0.09000000000003183,0.2400000000000091,0.3199999999999932,0.0,17867.0,17867.0,2022-02-15,2022-02-15 08:55:00,1.1561676443084363,265.0,1.0,best_within_2.0d,18131.0,356.97,0.5832424107187206,4.3760036431226785,32.22527881040892,0.012230020343504162,2.285057100371749,15.890706319702602,0.006381710269403211,0.4929364202292669,5.6011759621451125,36.843533123028394,0.015614239272951093,2.82998018927445,22.52492113564669,0.007835530045022196,1.8630914826498424,0.00909353348729802,2.670000000000016,22.0,0.007514353259034155,0.0,0
17867.0,2022-02-15 09:00:00,352.85,353.14,352.65,352.86,82370.0,3a,3a,1.0,buy,False,0.00909353348729802,4.163492493946733,28.239017640954685,0.011578080659927173,-0.39841002602238196,-0.12000963113432694,-0.3192146441455179,-0.0009017953743182493,29.084840832564495,28.02579306988992,46.38730477909016,-8.697230348510544,82370.0,2.670000000000016,2.0,2.670000000000016,23.0,0.007514353259034155,2.670000000000016,23.0,0.007514353259034155,3.0,3.0,-0.39841002602238196,-0.3192146441455179,-0.12000963113432694,29.084840832564495,28.02579306988992,46.38730477909016,-8.697230348510544,0.0,70.42355882438477,76.61895877206463,0.002834065466909708,0.13894796540479487,0.2799999999999727,0.20000000000004547,0.009999999999990905,1.0,17868.0,17868.0,2022-02-15,2022-02-15 09:00:00,1.1647678966162256,264.0,1.0,best_within_2.0d,18131.0,356.97,0.5832424107187206,4.3760036431226785,32.22527881040892,0.012230020343504162,2.285057100371749,15.890706319702602,0.006381710269403211,0.4929364202292669,5.6011759621451125,36.843533123028394,0.015614239272951093,2.82998018927445,22.52492113564669,0.007835530045022196,1.8630914826498424,0.00909353348729802,2.670000000000016,23.0,0.007514353259034155,1.0,0
17873.0,2022-02-15 09:30:00,352.91,353.75,352.25,353.64,1515437.0,3a,3a,1.0,buy,False,0.00909353348729802,4.163492493946733,28.239017640954685,0.011578080659927173,-0.050434253880180524,-0.2878155642597038,-0.31303269119979404,-0.0008850719600004203,49.39383622763369,49.41188931980233,38.51144850915422,71.21277094109854,1515437.0,3.069999999999993,2.0,3.069999999999993,29.0,0.00864009906563096,3.069999999999993,29.0,0.00864009906563096,3.0,3.0,-0.050434253880180524,-0.31303269119979404,-0.2878155642597038,49.39383622763369,49.41188931980233,38.51144850915422,71.21277094109854,7.5444584156635655,32.093886593618116,76.12403191434726,0.20685160522511725,0.42583392476933996,0.11000000000001364,0.660000000000025,0.7299999999999613,1.0,17874.0,17874.0,2022-02-15,2022-02-15 09:30:00,0.9416355615880673,258.0,1.0,best_within_2.0d,18131.0,356.97,0.5832424107187206,4.3760036431226785,32.22527881040892,0.012230020343504162,2.285057100371749,15.890706319702602,0.006381710269403211,0.4929364202292669,5.6011759621451125,36.843533123028394,0.015614239272951093,2.82998018927445,22.52492113564669,0.007835530045022196,1.8630914826498424,0.00909353348729802,3.069999999999993,29.0,0.00864009906563096,0.0,0
17877.0,2022-02-15 09:50:00,352.57,353.3,352.22,353.23,915792.0,3a,3a,1.0,buy,False,0.00909353348729802,4.163492493946733,28.239017640954685,0.011578080659927173,0.0021362231151882405,-0.28791889569694074,-0.2868507841393466,-0.0008113734206320498,46.40701823564243,47.65739109599125,46.98285033262944,49.00647262271488,915792.0,3.099999999999966,2.0,3.099999999999966,33.0,0.00872453000112565,3.099999999999966,33.0,0.00872453000112565,3.0,3.0,0.0021362231151882405,-0.2868507841393466,-0.28791889569694074,46.40701823564243,47.65739109599125,46.98285033262944,49.00647262271488,9.240795681143736,25.87422790720301,67.61713566512117,0.18719686870693053,0.30662654023053315,0.06999999999999318,0.3499999999999659,0.660000000000025,1.0,17878.0,17878.0,2022-02-15,2022-02-15 09:50:00,1.0588002151572655,254.0,1.0,best_within_2.0d,18131.0,356.97,0.5832424107187206,4.3760036431226785,32.22527881040892,0.012230020343504162,2.285057100371749,15.890706319702602,0.006381710269403211,0.4929364202292669,5.6011759621451125,36.843533123028394,0.015614239272951093,2.82998018927445,22.52492113564669,0.007835530045022196,1.8630914826498424,0.00909353348729802,3.099999999999966,33.0,0.00872453000112565,1.0,0
17887.0,2022-02-15 10:40:00,353.62,354.52,353.61,354.52,735409.0,2,2,0.0,sell,False,0.7419354838709612,4.163492493946733,28.239017640954685,0.011578080659927173,0.28465017778481444,-0.15263281159066497,-0.010307722698257749,-2.915829035969235e-05,61.200394433521524,74.82773364661168,62.70736678235606,99.0684673751229,735409.0,2.2999999999999545,1.0,3.099999999999966,33.0,0.00872453000112565,2.2999999999999545,11.0,0.006530009653057618,2.0,2.0,0.28465017778481444,-0.010307722698257749,-0.15263281159066497,61.200394433521524,74.82773364661168,62.70736678235606,99.0684673751229,20.0471986999946,18.193547333436356,40.806330658782535,0.25451049148803156,0.2573456633013682,0.0,0.009999999999990905,0.8999999999999773,1.0,17888.0,17888.0,2022-02-15,2022-02-15 10:40:00,3.2240776260859776,105.0,1.0,best_within_2.0d,17992.0,343.09,0.7419354838709612,3.099999999999966,33.0,0.00872453000112565,2.2999999999999545,11.0,0.006530009653057618,0.4929364202292669,5.6011759621451125,36.843533123028394,0.015614239272951093,2.82998018927445,22.52492113564669,0.007835530045022196,1.8630914826498424,0.00402220134195386,1.9444468750000041,16.553125,0.005470102952261012,0.0,1
17888.0,2022-02-15 10:45:00,354.53,354.7,354.181,354.63,559740.0,2,2,0.0,sell,False,0.7999999999999964,4.163492493946733,28.239017640954685,0.011578080659927173,0.3733163565409334,-0.10596826702304829,0.08068991124741842,0.00022820049444908602,62.12847254619419,82.207512783472,69.2074154493947,108.20770745162659,559740.0,2.4799999999999613,1.0,3.099999999999966,33.0,0.00872453000112565,2.4799999999999613,12.0,0.0070410538867752,2.0,2.0,0.3733163565409334,0.08068991124741842,-0.10596826702304829,62.12847254619419,82.207512783472,69.2074154493947,108.20770745162659,19.643448082749018,18.905227787629734,38.028380905899944,0.02820635771303493,0.1465352461029828,0.06999999999999318,0.34899999999998954,0.10000000000002274,1.0,17889.0,17889.0,2022-02-15,2022-02-15 10:45:00,3.254095818176697,104.0,1.0,best_within_2.0d,17992.0,343.09,0.7999999999999964,3.099999999999966,33.0,0.00872453000112565,2.4799999999999613,12.0,0.0070410538867752,0.4929364202292669,5.6011759621451125,36.843533123028394,0.015614239272951093,2.82998018927445,22.52492113564669,0.007835530045022196,1.8630914826498424,0.00402220134195386,1.9444468750000041,16.553125,0.005470102952261012,1.0,1
17898.0,2022-02-15 11:35:00,354.39,354.985,354.31,354.82,554297.0,2,2,0.0,sell,False,0.8919354838709731,4.163492493946733,28.239017640954685,0.011578080659927173,0.12751773726769217,0.18478718211189857,0.24854605074574465,0.0007020706891243986,60.46355358512574,68.46622965315368,68.28619793185703,68.82629309574696,554297.0,2.7649999999999864,1.0,3.099999999999966,33.0,0.00872453000112565,2.7649999999999864,22.0,0.00785020725682808,2.0,2.0,0.12751773726769217,0.24854605074574465,0.18478718211189857,60.46355358512574,68.46622965315368,68.28619793185703,68.82629309574696,27.766155862486784,13.988305272708997,26.46460701313935,0.12133525212336883,0.19051113431740888,0.16500000000002046,0.07999999999998408,0.4300000000000068,1.0,17899.0,17899.0,2022-02-15,2022-02-15 11:35:00,3.305901583901702,94.0,1.0,best_within_2.0d,17992.0,343.09,0.8919354838709731,3.099999999999966,33.0,0.00872453000112565,2.7649999999999864,22.0,0.00785020725682808,0.4929364202292669,5.6011759621451125,36.843533123028394,0.015614239272951093,2.82998018927445,22.52492113564669,0.007835530045022196,1.8630914826498424,0.00402220134195386,1.9444468750000041,16.553125,0.005470102952261012,0.0,1
17902.0,2022-02-15 11:55:00,354.7,355.0974,354.603,354.77,385232.0,2,2,0.0,sell,False,0.928193548387096,4.163492493946733,28.239017640954685,0.011578080659927173,0.08851322996985067,0.23487770849715756,0.2791343234820829,0.0007880800661715496,59.052038160617,72.38396662074251,70.39583447507052,76.36023091208651,385232.0,2.877399999999966,1.0,3.099999999999966,33.0,0.00872453000112565,2.877399999999966,26.0,0.008169325989438323,2.0,2.0,0.08851322996985067,0.2791343234820829,0.23487770849715756,59.052038160617,72.38396662074251,70.39583447507052,76.36023091208651,17.879165140974212,12.449652142071923,26.01290222581525,0.019734987313220518,0.1394235243356612,0.32740000000001146,0.09699999999997999,0.06999999999999318,1.0,17903.0,17903.0,2022-02-15,2022-02-15 11:55:00,3.292273867576178,90.0,1.0,best_within_2.0d,17992.0,343.09,0.928193548387096,3.099999999999966,33.0,0.00872453000112565,2.877399999999966,26.0,0.008169325989438323,0.4929364202292669,5.6011759621451125,36.843533123028394,0.015614239272951093,2.82998018927445,22.52492113564669,0.007835530045022196,1.8630914826498424,0.00402220134195386,1.9444468750000041,16.553125,0.005470102952261012,1.0,1
17912.0,2022-02-15 12:45:00,352.83,352.91,351.82,351.93,637220.0,1p,1p,1.0,buy,False,1.2440810236166242,3.2774,11.0,0.009229580391182815,-0.4956544774011532,-0.13558102701407299,-0.3834082657146496,-0.0010843152003931636,28.366236439846972,10.730284720526033,16.71949840430524,-1.248142647032381,637220.0,3.2774,0.0,3.2774,11.0,0.009229580391182815,3.2774,0.0,0.0,1.0,1.0,-0.4956544774011532,-0.3834082657146496,-0.13558102701407299,28.366236439846972,10.730284720526033,16.71949840430524,-1.248142647032381,4.050776996931715,38.02088488567767,33.047001303336,-0.2550803503103413,0.30981752032290144,0.08000000000004093,0.11000000000001364,0.8999999999999773,0.0,17913.0,17913.0,2022-02-15,2022-02-15 12:45:00,1.432102975023448,219.0,1.0,best_within_2.0d,18131.0,356.97,0.5832424107187206,4.3760036431226785,32.22527881040892,0.012230020343504162,2.285057100371749,15.890706319702602,0.006381710269403211,0.4929364202292669,5.6011759621451125,36.843533123028394,0.015614239272951093,2.82998018927445,22.52492113564669,0.007835530045022196,1.8630914826498424,0.00402220134195386,1.9444468750000041,16.553125,0.005470102952261012,1.0,0
17917.0,2022-02-15 13:10:00,353.41,353.52,353.225,353.41,269180.0,2s,2s,0.0,sell,False,0.4193548387096674,4.163492493946733,28.239017640954685,0.011578080659927173,0.006989653876938173,-0.2743495950555021,-0.270854768117033,-0.000766368276951717,49.619962039421104,72.4509047882889,50.107094358033706,117.13852564879929,269180.0,1.6999999999999886,1.0,3.099999999999966,33.0,0.00872453000112565,1.6999999999999886,6.0,0.004832016372008381,1.0,2.5,0.006989653876938173,-0.270854768117033,-0.2743495950555021,49.619962039421104,72.4509047882889,50.107094358033706,117.13852564879929,14.741040791804247,32.455064600443784,38.982308893574896,0.0,0.08351617241134095,0.1099999999999568,0.18500000000000227,0.0,0.0,17918.0,17918.0,2022-02-15,2022-02-15 13:10:00,2.9201211057978127,75.0,1.0,best_within_2.0d,17992.0,343.09,0.5832424107187206,4.3760036431226785,32.22527881040892,0.012230020343504162,2.285057100371749,15.890706319702602,0.006381710269403211,0.4193548387096674,3.099999999999966,33.0,0.00872453000112565,1.6999999999999886,6.0,0.004832016372008381,1.0,0.00402220134195386,1.9444468750000041,16.553125,0.005470102952261012,0.0,1
17918.0,2022-02-15 13:15:00,353.42,353.53,353.16,353.19,284064.0,2s,2s,0.0,sell,False,0.42258064516127736,4.163492493946733,28.239017640954685,0.011578080659927173,0.042092853023003474,-0.26908798842762666,-0.24804156191612492,-0.0007018543698426127,46.91883383829402,75.0062562136355,58.40681497656763,108.20513868777124,284064.0,1.7099999999999795,1.0,3.099999999999966,33.0,0.00872453000112565,1.7099999999999795,7.0,0.004860439997726052,1.0,2.5,0.042092853023003474,-0.24804156191612492,-0.26908798842762666,46.91883383829402,75.0062562136355,58.40681497656763,108.20513868777124,15.039114335182596,31.78434668318063,38.75232133909848,-0.0650783770018726,0.10476837693961594,0.1099999999999568,0.029999999999972715,0.2300000000000182,0.0,17919.0,17919.0,2022-02-15,2022-02-15 13:15:00,2.859650612984519,74.0,1.0,best_within_2.0d,17992.0,343.09,0.5832424107187206,4.3760036431226785,32.22527881040892,0.012230020343504162,2.285057100371749,15.890706319702602,0.006381710269403211,0.42258064516127736,3.099999999999966,33.0,0.00872453000112565,1.7099999999999795,7.0,0.004860439997726052,1.0,0.00402220134195386,1.9444468750000041,16.553125,0.005470102952261012,0.0,1
17919.0,2022-02-15 13:20:00,353.21,354.42,353.21,354.27,709696.0,2s,2s,0.0,sell,False,0.7096774193548429,4.163492493946733,28.239017640954685,0.011578080659927173,0.20464088277371661,-0.24350787808091207,-0.14118743669405376,-0.0003994295813105021,58.781169162427986,81.41442721934632,66.07601905749385,112.09124354305126,709696.0,2.6000000000000227,1.0,3.099999999999966,33.0,0.00872453000112565,2.6000000000000227,8.0,0.007390142686601168,1.0,2.5,0.20464088277371661,-0.14118743669405376,-0.24350787808091207,58.781169162427986,81.41442721934632,66.07601905749385,112.09124354305126,24.2065939692999,27.52336285451669,36.442276853283104,0.30010475354604976,0.3425724073497456,0.1500000000000341,0.0,1.0600000000000023,1.0,17920.0,17920.0,2022-02-15,2022-02-15 13:20:00,3.1557851356310183,73.0,1.0,best_within_2.0d,17992.0,343.09,0.5832424107187206,4.3760036431226785,32.22527881040892,0.012230020343504162,2.285057100371749,15.890706319702602,0.006381710269403211,0.7096774193548429,3.099999999999966,33.0,0.00872453000112565,2.6000000000000227,8.0,0.007390142686601168,1.0,0.00402220134195386,1.9444468750000041,16.553125,0.005470102952261012,0.0,1
17920.0,2022-02-15 13:25:00,354.27,354.54,354.2681,354.37,467578.0,2s,2s,0.0,sell,False,0.7483870967741996,4.163492493946733,28.239017640954685,0.011578080659927173,0.3129987879641134,-0.2043830295853979,-0.04788363560334119,-0.00013544083683287593,59.679662432151666,85.52628481289736,72.55944097596168,111.45997248676872,467578.0,2.7200000000000273,1.0,3.099999999999966,33.0,0.00872453000112565,2.7200000000000273,9.0,0.007731226195213539,1.0,2.5,0.3129987879641134,-0.04788363560334119,-0.2043830295853979,59.679662432151666,85.52628481289736,72.55944097596168,111.45997248676872,28.044769650460516,19.312648191112732,35.15631149066153,0.02822705845824449,0.07674978356787317,0.17000000000001592,0.0018999999999778083,0.10000000000002274,1.0,17921.0,17921.0,2022-02-15,2022-02-15 13:25:00,3.18311369472586,72.0,1.0,best_within_2.0d,17992.0,343.09,0.5832424107187206,4.3760036431226785,32.22527881040892,0.012230020343504162,2.285057100371749,15.890706319702602,0.006381710269403211,0.7483870967741996,3.099999999999966,33.0,0.00872453000112565,2.7200000000000273,9.0,0.007731226195213539,1.0,0.00402220134195386,1.9444468750000041,16.553125,0.005470102952261012,0.0,1
17921.0,2022-02-15 13:30:00,354.38,354.59,354.161,354.26,304265.0,2s,2s,0.0,sell,False,0.7645161290322496,4.163492493946733,28.239017640954685,0.011578080659927173,0.35419426611994814,-0.16010874632040437,0.016988386739569705,4.804509544341552e-05,58.17738304045138,86.27678246785767,77.13188813992701,104.56657112371897,304265.0,2.769999999999982,1.0,3.099999999999966,33.0,0.00872453000112565,2.769999999999982,10.0,0.007873344323801892,1.0,2.5,0.35419426611994814,0.016988386739569705,-0.16010874632040437,58.17738304045138,86.27678246785767,77.13188813992701,104.56657112371897,28.11286035575602,17.94239419341682,34.22251660143828,-0.03386195609233155,0.1211313498662963,0.20999999999997954,0.09899999999998954,0.12000000000000455,0.0,17922.0,17922.0,2022-02-15,2022-02-15 13:30:00,3.153051431152266,71.0,1.0,best_within_2.0d,17992.0,343.09,0.5832424107187206,4.3760036431226785,32.22527881040892,0.012230020343504162,2.285057100371749,15.890706319702602,0.006381710269403211,0.7645161290322496,3.099999999999966,33.0,0.00872453000112565,2.769999999999982,10.0,0.007873344323801892,1.0,0.00402220134195386,1.9444468750000041,16.553125,0.005470102952261012,0.0,1
17924.0,2022-02-15 13:45:00,354.27,354.6,354.18,354.535,230187.0,2s,2s,0.0,sell,False,0.7677419354838779,4.163492493946733,28.239017640954685,0.011578080659927173,0.36563380945695517,-0.02448278925604954,0.15833411547242804,0.00044758609336228707,61.21772340082891,88.70771901598869,84.09784911512828,97.92745881770949,230187.0,2.7800000000000296,1.0,3.099999999999966,33.0,0.00872453000112565,2.7800000000000296,13.0,0.007901767949519726,1.0,2.5,0.36563380945695517,0.15833411547242804,-0.02448278925604954,61.21772340082891,88.70771901598869,84.09784911512828,97.92745881770949,31.525851197983123,16.21662371840587,33.43780811301752,0.07480170491434307,0.11858377096392114,0.06499999999999773,0.08999999999997499,0.2650000000000432,1.0,17925.0,17925.0,2022-02-15,2022-02-15 13:45:00,3.228172112767442,68.0,1.0,best_within_2.0d,17992.0,343.09,0.5832424107187206,4.3760036431226785,32.22527881040892,0.012230020343504162,2.285057100371749,15.890706319702602,0.006381710269403211,0.7677419354838779,3.099999999999966,33.0,0.00872453000112565,2.7800000000000296,13.0,0.007901767949519726,1.0,0.00402220134195386,1.9444468750000041,16.553125,0.005470102952261012,0.0,1
17925.0,2022-02-15 13:50:00,354.535,354.619,354.37,354.48,207704.0,2s,2s,0.0,sell,False,0.7738709677419443,4.163492493946733,28.239017640954685,0.011578080659927173,0.34655373816973706,0.018836428015167588,0.1921132971000361,0.0005429917580866291,60.27155684224916,89.29612156469135,85.83060659831597,96.2271514974421,207704.0,2.799000000000035,1.0,3.099999999999966,33.0,0.00872453000112565,2.799000000000035,14.0,0.007955772838383364,1.0,2.5,0.34655373816973706,0.1921132971000361,0.018836428015167588,60.27155684224916,89.29612156469135,85.83060659831597,96.2271514974421,32.59494560481343,15.364180698844413,33.61568045258173,-0.015513277955633948,0.07026554166549755,0.08400000000000318,0.11000000000001364,0.05500000000000682,0.0,17926.0,17926.0,2022-02-15,2022-02-15 13:50:00,3.213157300835038,67.0,1.0,best_within_2.0d,17992.0,343.09,0.5832424107187206,4.3760036431226785,32.22527881040892,0.012230020343504162,2.285057100371749,15.890706319702602,0.006381710269403211,0.7738709677419443,3.099999999999966,33.0,0.00872453000112565,2.799000000000035,14.0,0.007955772838383364,1.0,0.00402220134195386,1.9444468750000041,16.553125,0.005470102952261012,0.0,1
17926.0,2022-02-15 13:55:00,354.49,354.71,354.46,354.61,231935.0,2s,2s,0.0,sell,False,0.8032258064516064,4.163492493946733,28.239017640954685,0.011578080659927173,0.3326769358767635,0.06042104499976303,0.22675951293814478,0.0006408083394661191,61.77538724283575,90.71354340871963,87.45825220178385,97.22412582259122,231935.0,2.8899999999999864,1.0,3.099999999999966,33.0,0.00872453000112565,2.8899999999999864,15.0,0.008214427832414264,1.0,2.5,0.3326769358767635,0.22675951293814478,0.06042104499976303,61.77538724283575,90.71354340871963,87.45825220178385,97.22412582259122,38.408822873171474,4.352468683262655,36.90334258587313,0.03385144855990424,0.07052982000789934,0.0999999999999659,0.03000000000002956,0.12000000000000455,1.0,17927.0,17927.0,2022-02-15,2022-02-15 13:55:00,3.248639350272141,66.0,1.0,best_within_2.0d,17992.0,343.09,0.5832424107187206,4.3760036431226785,32.22527881040892,0.012230020343504162,2.285057100371749,15.890706319702602,0.006381710269403211,0.8032258064516064,3.099999999999966,33.0,0.00872453000112565,2.8899999999999864,15.0,0.008214427832414264,1.0,0.00402220134195386,1.9444468750000041,16.553125,0.005470102952261012,0.0,1
17927.0,2022-02-15 14:00:00,354.61,354.8499,354.37,354.48,377865.0,2s,2s,0.0,sell,False,0.8483548387096751,4.163492493946733,28.239017640954685,0.011578080659927173,0.2888454634761854,0.09652672793428621,0.2409494596723789,0.0006808205742430179,59.35577926466577,86.29027779578462,87.0689273997841,84.73297858778565,377865.0,3.029899999999998,1.0,3.099999999999966,33.0,0.00872453000112565,3.029899999999998,16.0,0.008612074356204872,1.0,2.5,0.2888454634761854,0.2409494596723789,0.09652672793428621,59.35577926466577,86.29027779578462,87.0689273997841,84.73297858778565,41.097590458538775,4.401643968087673,40.02823160667372,-0.036659992668000185,0.1354234274910366,0.23989999999997735,0.11000000000001364,0.12999999999999545,0.0,17928.0,17928.0,2022-02-15,2022-02-15 14:00:00,3.213157300835038,65.0,1.0,best_within_2.0d,17992.0,343.09,0.5832424107187206,4.3760036431226785,32.22527881040892,0.012230020343504162,2.285057100371749,15.890706319702602,0.006381710269403211,0.8483548387096751,3.099999999999966,33.0,0.00872453000112565,3.029899999999998,16.0,0.008612074356204872,1.0,0.00402220134195386,1.9444468750000041,16.553125,0.005470102952261012,1.0,1
17934.0,2022-02-15 14:35:00,354.39,354.88,354.39,354.7977,293278.0,2s,2s,0.0,sell,False,0.8580645161290315,4.163492493946733,28.239017640954685,0.011578080659927173,0.0900403217019804,0.20532012597595023,0.25034028682694043,0.0007068822382839751,60.850300401906814,76.14728548297376,71.86844319299776,84.70497006292575,293278.0,3.0600000000000023,1.0,3.099999999999966,33.0,0.00872453000112565,3.0600000000000023,23.0,0.00869762946961515,1.0,2.5,0.0900403217019804,0.25034028682694043,0.20532012597595023,60.850300401906814,76.14728548297376,71.86844319299776,84.70497006292575,17.36523021464937,17.665082746190475,32.945930824804925,0.1150427495132577,0.13826575241965322,0.08229999999997517,0.0,0.4077000000000339,1.0,17935.0,17935.0,2022-02-15,2022-02-15 14:35:00,3.2998240969431434,58.0,1.0,best_within_2.0d,17992.0,343.09,0.5832424107187206,4.3760036431226785,32.22527881040892,0.012230020343504162,2.285057100371749,15.890706319702602,0.006381710269403211,0.8580645161290315,3.099999999999966,33.0,0.00872453000112565,3.0600000000000023,23.0,0.00869762946961515,1.0,0.00402220134195386,1.9444468750000041,16.553125,0.005470102952261012,0.0,1
17935.0,2022-02-15 14:40:00,354.81,355.16,354.04,355.135,625918.0,2s,2s,0.0,sell,False,0.9483870967742033,4.163492493946733,28.239017640954685,0.011578080659927173,0.13650240002681613,0.22238292597930226,0.2906341259927103,0.0008204898271479466,64.74860997834841,83.53512725891868,75.75733788163807,99.09070601347989,625918.0,3.340000000000032,1.0,3.099999999999966,33.0,0.00872453000112565,3.340000000000032,24.0,0.009493490989710739,1.0,2.5,0.13650240002681613,0.2906341259927103,0.22238292597930226,64.74860997834841,83.53512725891868,75.75733788163807,99.09070601347989,15.599057992346868,19.443626729466615,31.376300205214154,0.09159832022772431,0.31634843520506284,0.025000000000034106,0.7699999999999818,0.32499999999998863,1.0,17936.0,17936.0,2022-02-15,2022-02-15 14:40:00,3.391667957255696,57.0,1.0,best_within_2.0d,17992.0,343.09,0.5832424107187206,4.3760036431226785,32.22527881040892,0.012230020343504162,2.285057100371749,15.890706319702602,0.006381710269403211,0.9483870967742033,3.099999999999966,33.0,0.00872453000112565,3.340000000000032,24.0,0.009493490989710739,1.0,0.00402220134195386,1.9444468750000041,16.553125,0.005470102952261012,0.0,1
17936.0,2022-02-15 14:45:00,355.12,355.27,354.77,354.915,448709.0,2s,2s,0.0,sell,False,0.9838709677419316,4.163492493946733,28.239017640954685,0.011578080659927173,0.12633363177815432,0.23817462995157154,0.3013414458406487,0.0008505941092384326,60.51599201571396,81.5810701642274,77.6985819758345,89.34604654101318,448709.0,3.4499999999999886,1.0,3.099999999999966,33.0,0.00872453000112565,3.4499999999999886,25.0,0.009806150872605278,1.0,2.5,0.12633363177815432,0.3013414458406487,0.23817462995157154,60.51599201571396,81.5810701642274,77.6985819758345,89.34604654101318,16.79781734635267,17.51866743250949,29.28517834712607,-0.05772696553277317,0.1409363813174733,0.14999999999997726,0.14500000000003865,0.20499999999998408,0.0,17937.0,17937.0,2022-02-15,2022-02-15 14:45:00,3.3317836665117126,56.0,1.0,best_within_2.0d,17992.0,343.09,0.5832424107187206,4.3760036431226785,32.22527881040892,0.012230020343504162,2.285057100371749,15.890706319702602,0.006381710269403211,0.9838709677419316,3.099999999999966,33.0,0.00872453000112565,3.4499999999999886,25.0,0.009806150872605278,1.0,0.00402220134195386,1.9444468750000041,16.553125,0.005470102952261012,0.0,1
17991.0,2022-02-15 19:20:00,355.01,355.02,354.94,354.94,8209.0,2,2,1.0,buy,False,0.314285714285715,4.163492493946733,28.239017640954685,0.011578080659927173,-0.11076660126101662,-0.07870511241272174,-0.13408841304323005,-0.00037737772189258486,37.08634915581748,11.637870133889187,17.837210574789548,-0.7608107479115347,8209.0,1.4300000000000068,1.0,4.550000000000011,39.0,0.012932749701551963,1.4300000000000068,42.0,0.004012683446979282,2.0,2.0,-0.11076660126101662,-0.13408841304323005,-0.07870511241272174,37.08634915581748,11.637870133889187,17.837210574789548,-0.7608107479115347,7.373271889399015,43.77880184331484,48.850304481097574,-0.01971775442945077,0.022539020679546988,0.009999999999990905,0.0,0.06999999999999318,0.0,17992.0,17992.0,2022-02-15,2022-02-15 19:20:00,0.571927649743627,140.0,1.0,best_within_2.0d,18131.0,356.97,0.314285714285715,4.550000000000011,39.0,0.012932749701551963,1.4300000000000068,42.0,0.004012683446979282,0.4929364202292669,5.6011759621451125,36.843533123028394,0.015614239272951093,2.82998018927445,22.52492113564669,0.007835530045022196,1.8630914826498424,0.00402220134195386,1.9444468750000041,16.553125,0.005470102952261012,0.0,0
17992.0,2022-02-15 19:25:00,343.08,343.09,342.2,343.09,79385.0,1p,1p,1.0,buy,False,2.3587361297895657,13.759999999999991,107.0,0.0386560287672772,-0.0734253736439352,-0.9606895889996603,-0.9974022758216279,-0.0028928998462212554,26.613665672029853,37.27194210172495,33.636767082056735,44.54229214106138,79385.0,13.759999999999991,0.0,13.759999999999991,107.0,0.0386560287672772,13.759999999999991,0.0,0.0,1.0,1.0,-0.0734253736439352,-0.9974022758216279,-0.9606895889996603,26.613665672029853,37.27194210172495,33.636767082056735,44.54229214106138,7.718993928881535,51.257588898525675,68.69549936692783,0.00291477206482188,0.2600818234950282,0.0,0.8799999999999955,0.009999999999990905,1.0,17993.0,17993.0,2022-02-15,2022-02-15 19:25:00,0.5946006875951118,139.0,1.0,best_within_2.0d,18131.0,356.97,0.5832424107187206,4.3760036431226785,32.22527881040892,0.012230020343504162,2.285057100371749,15.890706319702602,0.006381710269403211,0.4929364202292669,5.6011759621451125,36.843533123028394,0.015614239272951093,2.82998018927445,22.52492113564669,0.007835530045022196,1.8630914826498424,0.00402220134195386,1.9444468750000041,16.553125,0.005470102952261012,0.0,0
17992.0,2022-02-15 19:25:00,354.94,354.94,354.86,354.86,2254.0,2,2,1.0,buy,False,0.331868131868129,4.163492493946733,28.239017640954685,0.011578080659927173,-0.11383242605149682,-0.09293416566915884,-0.14985037869490725,-0.0004217782271553454,35.17071277341664,7.758580089259458,14.47766707961285,-5.679593891447325,2254.0,1.509999999999991,1.0,4.550000000000011,39.0,0.012932749701551963,1.509999999999991,43.0,0.004237169234222833,2.0,2.0,-0.11383242605149682,-0.14985037869490725,-0.09293416566915884,35.17071277341664,7.758580089259458,14.47766707961285,-5.679593891447325,7.272727272725488,46.36363636363338,50.56680815617686,-0.022539020679546988,0.0225441018993361,0.0,0.0,0.07999999999998408,0.0,17993.0,17993.0,2022-02-15,2022-02-15 19:25:00,0.5946006875951118,139.0,1.0,best_within_2.0d,18131.0,356.97,0.331868131868129,4.550000000000011,39.0,0.012932749701551963,1.509999999999991,43.0,0.004237169234222833,0.4929364202292669,5.6011759621451125,36.843533123028394,0.015614239272951093,2.82998018927445,22.52492113564669,0.007835530045022196,1.8630914826498424,0.00402220134195386,1.9444468750000041,16.553125,0.005470102952261012,1.0,0
17997.0,2022-02-15 19:50:00,354.96,354.97,354.83,354.86,18834.0,2,2,1.0,buy,False,0.3384615384615421,4.163492493946733,28.239017640954685,0.011578080659927173,-0.0396796816046347,-0.13468813019210515,-0.1545279709944225,-0.0004350846245316468,37.21670421904263,18.581078637838953,17.67938159398762,20.384472725541613,18834.0,1.5400000000000205,1.0,4.550000000000011,39.0,0.012932749701551963,1.5400000000000205,48.0,0.0043213514044392635,2.0,2.0,-0.0396796816046347,-0.1545279709944225,-0.13468813019210515,37.21670421904263,18.581078637838953,17.67938159398762,20.384472725541613,3.9024390243892295,43.90243902438923,56.84528216711332,-0.028172188415586517,0.03945551390808083,0.010000000000047748,0.03000000000002956,0.0999999999999659,0.0,17998.0,17998.0,2022-02-15,2022-02-15 19:50:00,0.5946006875951118,134.0,1.0,best_within_2.0d,18131.0,356.97,0.3384615384615421,4.550000000000011,39.0,0.012932749701551963,1.5400000000000205,48.0,0.0043213514044392635,0.4929364202292669,5.6011759621451125,36.843533123028394,0.015614239272951093,2.82998018927445,22.52492113564669,0.007835530045022196,1.8630914826498424,0.00402220134195386,1.9444468750000041,16.553125,0.005470102952261012,0.0,0
17998.0,2022-02-15 19:55:00,354.87,354.94,354.79,354.79,16315.0,2,2,1.0,buy,False,0.3472527472527429,4.163492493946733,28.239017640954685,0.011578080659927173,-0.041903860920680214,-0.1399261128071902,-0.1608780432675303,-0.00045299938691696883,35.209933798821226,12.3873857585593,15.91538298217818,5.331391311321539,16315.0,1.579999999999984,1.0,4.550000000000011,39.0,0.012932749701551963,1.579999999999984,49.0,0.0044335942980609595,2.0,2.0,-0.041903860920680214,-0.1608780432675303,-0.1399261128071902,35.209933798821226,12.3873857585593,15.91538298217818,5.331391311321539,4.444444444443392,31.666666666665087,58.169520254078044,-0.022543466621575248,0.042278530961971095,0.06999999999999318,0.0,0.07999999999998408,0.0,17999.0,17999.0,2022-02-15,2022-02-15 19:55:00,0.614447983314075,133.0,1.0,best_within_2.0d,18131.0,356.97,0.3472527472527429,4.550000000000011,39.0,0.012932749701551963,1.579999999999984,49.0,0.0044335942980609595,0.4929364202292669,5.6011759621451125,36.843533123028394,0.015614239272951093,2.82998018927445,22.52492113564669,0.007835530045022196,1.8630914826498424,0.00402220134195386,1.9444468750000041,16.553125,0.005470102952261012,1.0,0
18057.0,2022-02-16 08:50:00,354.89,354.89,354.38,354.54,115307.0,2,2,1.0,buy,False,0.43736263736263825,4.163492493946733,28.239017640954685,0.011578080659927173,-0.1542095854235368,-0.12995456161146646,-0.20705935432323486,-0.0005822814123181832,31.585642641099042,16.835566735299885,21.60655901346292,7.293582178973814,115307.0,1.990000000000009,1.0,4.550000000000011,39.0,0.012932749701551963,1.990000000000009,108.0,0.005584083957684454,2.0,2.0,-0.1542095854235368,-0.20705935432323486,-0.12995456161146646,31.585642641099042,16.835566735299885,21.60655901346292,7.293582178973814,34.54545454545617,28.96103896103967,24.068542366945856,-0.09862210825888752,0.14391331339240107,0.0,0.160000000000025,0.3499999999999659,0.0,18058.0,18058.0,2022-02-16,2022-02-16 08:50:00,0.6853951599255392,74.0,1.0,best_within_2.0d,18131.0,356.97,0.43736263736263825,4.550000000000011,39.0,0.012932749701551963,1.990000000000009,108.0,0.005584083957684454,0.4929364202292669,5.6011759621451125,36.843533123028394,0.015614239272951093,2.82998018927445,22.52492113564669,0.007835530045022196,1.8630914826498424,0.00402220134195386,1.9444468750000041,16.553125,0.005470102952261012,0.0,0
18058.0,2022-02-16 08:55:00,354.5,354.5,354.0,354.22,70135.0,2,2,1.0,buy,False,0.5208791208791206,4.163492493946733,28.239017640954685,0.011578080659927173,-0.24855439927064804,-0.16102386152029746,-0.2853010611556215,-0.0008025393452785603,28.449025410765046,14.618772885262032,19.27729697072929,5.30172471432752,70135.0,2.3700000000000045,1.0,4.550000000000011,39.0,0.012932749701551963,2.3700000000000045,109.0,0.006650391447091519,2.0,2.0,-0.24855439927064804,-0.2853010611556215,-0.16102386152029746,28.449025410765046,14.618772885262032,19.27729697072929,5.30172471432752,32.298136645964135,32.42236024844779,22.363070667853528,-0.07898448519040133,0.14124293785310735,0.0,0.22000000000002728,0.2799999999999727,0.0,18059.0,18059.0,2022-02-16,2022-02-16 08:55:00,0.7763536785048839,73.0,1.0,best_within_2.0d,18131.0,356.97,0.5208791208791206,4.550000000000011,39.0,0.012932749701551963,2.3700000000000045,109.0,0.006650391447091519,0.4929364202292669,5.6011759621451125,36.843533123028394,0.015614239272951093,2.82998018927445,22.52492113564669,0.007835530045022196,1.8630914826498424,0.00402220134195386,1.9444468750000041,16.553125,0.005470102952261012,0.0,0
18059.0,2022-02-16 09:00:00,354.25,354.34,354.0,354.24,75006.0,2,2,1.0,buy,False,0.5208791208791206,4.163492493946733,28.239017640954685,0.011578080659927173,-0.28916951433053767,-0.19717005081161468,-0.3417548079768835,-0.0009615932945036186,28.92409681966008,13.44955229387849,17.334715411779023,5.679226058077425,75006.0,2.3700000000000045,1.0,4.550000000000011,39.0,0.012932749701551963,2.3700000000000045,110.0,0.006650391447091519,2.0,2.0,-0.28916951433053767,-0.3417548079768835,-0.19717005081161468,28.92409681966008,13.44955229387849,17.334715411779023,5.679226058077425,32.41895261845539,31.17206982543692,20.905764499701633,-0.002822865208183742,0.09604519774010592,0.08999999999997499,0.2400000000000091,0.009999999999990905,0.0,18060.0,18060.0,2022-02-16,2022-02-16 09:00:00,0.7706639566395715,72.0,1.0,best_within_2.0d,18131.0,356.97,0.5208791208791206,4.550000000000011,39.0,0.012932749701551963,2.3700000000000045,110.0,0.006650391447091519,0.4929364202292669,5.6011759621451125,36.843533123028394,0.015614239272951093,2.82998018927445,22.52492113564669,0.007835530045022196,1.8630914826498424,0.00402220134195386,1.9444468750000041,16.553125,0.005470102952261012,0.0,0
18060.0,2022-02-16 09:05:00,354.19,354.3199,353.67,353.84,81645.0,2,2,1.0,buy,False,0.5934065934065894,4.163492493946733,28.239017640954685,0.011578080659927173,-0.3469265454538908,-0.240535868993351,-0.4139991417202964,-0.0011652467247927477,25.305261289949854,11.2421379415677,15.303856255041914,3.1187013146192726,81645.0,2.6999999999999886,1.0,4.550000000000011,39.0,0.012932749701551963,2.6999999999999886,111.0,0.007576395319471304,2.0,2.0,-0.3469265454538908,-0.4139991417202964,-0.240535868993351,25.305261289949854,11.2421379415677,15.303856255041914,3.1187013146192726,31.363466386809474,30.27780793495734,19.53829935302192,-0.09881701911404125,0.18375887126417348,0.12990000000002055,0.16999999999995907,0.35000000000002274,0.0,18061.0,18061.0,2022-02-16,2022-02-16 09:05:00,0.8845806014017783,71.0,1.0,best_within_2.0d,18131.0,356.97,0.5934065934065894,4.550000000000011,39.0,0.012932749701551963,2.6999999999999886,111.0,0.007576395319471304,0.4929364202292669,5.6011759621451125,36.843533123028394,0.015614239272951093,2.82998018927445,22.52492113564669,0.007835530045022196,1.8630914826498424,0.00402220134195386,1.9444468750000041,16.553125,0.005470102952261012,0.0,0
18061.0,2022-02-16 09:10:00,353.87,353.9,353.51,353.67,44056.0,2,2,1.0,buy,False,0.62857142857143,4.163492493946733,28.239017640954685,0.011578080659927173,-0.3822532373320151,-0.28831752365985286,-0.4794441423258604,-0.001349904577500084,23.934663645507626,9.50733724406429,13.371683251382706,1.778645229427461,44056.0,2.8600000000000136,1.0,4.550000000000011,39.0,0.012932749701551963,2.8600000000000136,112.0,0.008025366893958564,2.0,2.0,-0.3822532373320151,-0.4794441423258604,-0.28831752365985286,23.934663645507626,9.50733724406429,13.371683251382706,1.778645229427461,8.903162212436927,42.44900554857898,22.80878349919021,-0.05651793031338871,0.11032219739186624,0.029999999999972715,0.160000000000025,0.19999999999998863,0.0,18062.0,18062.0,2022-02-16,2022-02-16 09:10:00,0.9330732038340858,70.0,1.0,best_within_2.0d,18131.0,356.97,0.62857142857143,4.550000000000011,39.0,0.012932749701551963,2.8600000000000136,112.0,0.008025366893958564,0.4929364202292669,5.6011759621451125,36.843533123028394,0.015614239272951093,2.82998018927445,22.52492113564669,0.007835530045022196,1.8630914826498424,0.00402220134195386,1.9444468750000041,16.553125,0.005470102952261012,0.0,0
18065.0,2022-02-16 09:30:00,353.92,353.95,352.82,353.4,1329111.0,2,2,1.0,buy,False,0.7802197802197808,4.163492493946733,28.239017640954685,0.011578080659927173,-0.2606908624158434,-0.4294981030708194,-0.5598435342787411,-0.001577880126424649,25.80918473764929,20.173251224056425,16.413386648058605,27.692980376052063,1329111.0,3.5500000000000114,1.0,4.550000000000011,39.0,0.012932749701551963,3.5500000000000114,116.0,0.009961556808934567,2.0,2.0,-0.2606908624158434,-0.5598435342787411,-0.4294981030708194,25.80918473764929,20.173251224056425,16.413386648058605,27.692980376052063,7.483095008096344,49.93265214492781,32.995127216803596,-0.14692585895118632,0.3202766283090515,0.029999999999972715,0.5799999999999841,0.5200000000000387,0.0,18066.0,18066.0,2022-02-16,2022-02-16 09:30:00,1.0101867572156338,66.0,1.0,best_within_2.0d,18131.0,356.97,0.7802197802197808,4.550000000000011,39.0,0.012932749701551963,3.5500000000000114,116.0,0.009961556808934567,0.4929364202292669,5.6011759621451125,36.843533123028394,0.015614239272951093,2.82998018927445,22.52492113564669,0.007835530045022196,1.8630914826498424,0.00402220134195386,1.9444468750000041,16.553125,0.005470102952261012,0.0,0
18066.0,2022-02-16 09:35:00,353.39,353.43,352.46,352.52,1218503.0,2,2,1.0,buy,False,0.8593406593406627,4.163492493946733,28.239017640954685,0.011578080659927173,-0.362697218289885,-0.474835255357055,-0.6561838645019975,-0.0018502922553565472,19.901500911510098,14.429226306233721,15.75199986745031,11.78367918380054,1218503.0,3.910000000000025,1.0,4.550000000000011,39.0,0.012932749701551963,3.910000000000025,117.0,0.010971742851530783,2.0,2.0,-0.362697218289885,-0.6561838645019975,-0.474835255357055,19.901500911510098,14.429226306233721,15.75199986745031,11.78367918380054,5.459124803037955,50.000620355091804,36.37498949454215,-0.24618693228444624,0.2752085343017725,0.040000000000020464,0.060000000000002274,0.8700000000000045,0.0,18067.0,18067.0,2022-02-16,2022-02-16 09:35:00,1.2623397254056636,65.0,1.0,best_within_2.0d,18131.0,356.97,0.8593406593406627,4.550000000000011,39.0,0.012932749701551963,3.910000000000025,117.0,0.010971742851530783,0.4929364202292669,5.6011759621451125,36.843533123028394,0.015614239272951093,2.82998018927445,22.52492113564669,0.007835530045022196,1.8630914826498424,0.00402220134195386,1.9444468750000041,16.553125,0.005470102952261012,0.0,0
18067.0,2022-02-16 09:40:00,352.5,352.8,351.89,351.91,1167318.0,2,2,1.0,buy,False,0.9846153846153861,4.163492493946733,28.239017640954685,0.011578080659927173,-0.4768192235363049,-0.5344376582990931,-0.7728472700672455,-0.002180499495718709,16.997139585142293,9.891593047693757,13.798530927531457,2.0777172880183556,1167318.0,4.480000000000018,1.0,4.550000000000011,39.0,0.012932749701551963,4.480000000000018,118.0,0.012571204085641378,2.0,2.0,-0.4768192235363049,-0.7728472700672455,-0.5344376582990931,16.997139585142293,9.891593047693757,13.798530927531457,2.0777172880183556,5.445611950643622,50.12438272750909,39.5196967355459,-0.16737588652481558,0.2586035408792592,0.30000000000001137,0.020000000000038654,0.589999999999975,0.0,18068.0,18068.0,2022-02-16,2022-02-16 09:40:00,1.4378676366116343,64.0,1.0,best_within_2.0d,18131.0,356.97,0.9846153846153861,4.550000000000011,39.0,0.012932749701551963,4.480000000000018,118.0,0.012571204085641378,0.4929364202292669,5.6011759621451125,36.843533123028394,0.015614239272951093,2.82998018927445,22.52492113564669,0.007835530045022196,1.8630914826498424,0.00402220134195386,1.9444468750000041,16.553125,0.005470102952261012,0.0,0
18068.0,2022-02-16 09:45:00,351.92,352.61,351.78,352.15,770800.0,1,1,1.0,buy,False,1.212258204657288,4.590000000000032,119.0,0.01287987204310136,-0.48297582304633835,-0.5948096361798854,-0.8362975477030545,-0.0023606448932182228,21.830699749484765,11.450229584324124,13.015763813129011,8.319161126714352,770800.0,4.590000000000032,1.0,4.590000000000032,119.0,0.01287987204310136,4.590000000000032,119.0,0.01287987204310136,1.0,1.0,-0.48297582304633835,-0.8362975477030545,-0.5948096361798854,21.830699749484765,11.450229584324124,13.015763813129011,8.319161126714352,1.9116118472147152,49.70190802757513,43.31061786819201,0.06535576267332385,0.2359429188697598,0.4600000000000364,0.1400000000000432,0.22999999999996135,1.0,18069.0,18069.0,2022-02-16,2022-02-16 09:45:00,1.3687349140991198,63.0,1.0,best_within_2.0d,18131.0,356.97,0.5832424107187206,4.3760036431226785,32.22527881040892,0.012230020343504162,2.285057100371749,15.890706319702602,0.006381710269403211,0.4929364202292669,5.6011759621451125,36.843533123028394,0.015614239272951093,2.82998018927445,22.52492113564669,0.007835530045022196,1.8630914826498424,0.00402220134195386,1.9444468750000041,16.553125,0.005470102952261012,0.0,0
18069.0,2022-02-16 09:50:00,352.13,352.24,350.71,351.1213,1281202.0,1,1,1.0,buy,False,1.4607293018244496,5.660000000000025,120.0,0.015882369447484425,-0.5819691993329854,-0.6675557860965086,-0.9585403857630013,-0.002707484385109918,17.20572615542514,11.72602370298262,12.585850443080213,10.006370222787435,1281202.0,5.660000000000025,1.0,5.660000000000025,120.0,0.015882369447484425,5.660000000000025,120.0,0.015882369447484425,1.0,1.0,-0.5819691993329854,-0.9585403857630013,-0.6675557860965086,17.20572615542514,11.72602370298262,12.585850443080213,10.006370222787435,1.6806899232137307,54.202250023634605,46.930213906607875,-0.2864567063300418,0.436257876878341,0.11000000000001364,0.41130000000003974,1.0086999999999762,0.0,18070.0,18070.0,2022-02-16,2022-02-16 09:50:00,1.6657206498153225,62.0,1.0,best_within_2.0d,18131.0,356.97,0.5832424107187206,4.3760036431226785,32.22527881040892,0.012230020343504162,2.285057100371749,15.890706319702602,0.006381710269403211,0.4929364202292669,5.6011759621451125,36.843533123028394,0.015614239272951093,2.82998018927445,22.52492113564669,0.007835530045022196,1.8630914826498424,0.00402220134195386,1.9444468750000041,16.553125,0.005470102952261012,1.0,0
18101.0,2022-02-16 12:30:00,352.11,352.14,350.81,350.9801,705723.0,2,2,1.0,buy,False,0.9579602303779287,4.163492493946733,28.239017640954685,0.011578080659927173,-0.08610614314273635,-0.1836664459337347,-0.22671951750510289,-0.0006435417801148454,32.62053123719464,25.231327706239345,37.91645000686525,-0.13891689501245708,705723.0,2.278700000000015,1.0,2.3787000000000376,16.0,0.006782526874055595,2.278700000000015,18.0,0.006453619161417555,2.0,2.0,-0.08610614314273635,-0.22671951750510289,-0.1836664459337347,32.62053123719464,25.231327706239345,37.91645000686525,-0.13891689501245708,17.304521645242108,30.421524140245428,29.68790972680103,-0.32089403879470063,0.3791226019782743,0.029999999999972715,0.17009999999999081,1.1299000000000206,0.0,18102.0,18102.0,2022-02-16,2022-02-16 12:30:00,1.7066209736677476,30.0,1.0,best_within_2.0d,18131.0,356.97,0.9579602303779287,2.3787000000000376,16.0,0.006782526874055595,2.278700000000015,18.0,0.006453619161417555,0.4929364202292669,5.6011759621451125,36.843533123028394,0.015614239272951093,2.82998018927445,22.52492113564669,0.007835530045022196,1.8630914826498424,0.00402220134195386,1.9444468750000041,16.553125,0.005470102952261012,1.0,0
18120.0,2022-02-16 14:05:00,352.58,353.85,352.28,353.191,1217838.0,1p,1p,0.0,sell,False,0.7531575696380024,3.0400000000000205,20.0,0.008665659473789288,0.33125690245198536,-0.09034228042742964,0.07528617079856303,0.00021386630464957496,66.99273453880852,66.37131149286321,62.73566636866836,73.64260174125292,1217838.0,3.0400000000000205,0.0,3.0400000000000205,20.0,0.008665659473789288,3.0400000000000205,0.0,0.0,1.0,1.0,0.33125690245198536,0.07528617079856303,-0.09034228042742964,66.99273453880852,66.37131149286321,62.73566636866836,73.64260174125292,30.309638028783493,13.81378107282965,25.821300780140326,0.17329400419762608,0.4456682184626008,0.6590000000000487,0.30000000000001137,0.61099999999999,1.0,18121.0,18121.0,2022-02-16,2022-02-16 14:05:00,3.9160114498953713,373.0,1.0,best_within_2.0d,18493.0,339.36,0.5832424107187206,4.3760036431226785,32.22527881040892,0.012230020343504162,2.285057100371749,15.890706319702602,0.006381710269403211,0.4929364202292669,5.6011759621451125,36.843533123028394,0.015614239272951093,2.82998018927445,22.52492113564669,0.007835530045022196,1.8630914826498424,0.00402220134195386,1.9444468750000041,16.553125,0.005470102952261012,0.0,1
18123.0,2022-02-16 14:20:00,353.3669,355.0,353.11,354.97,1065618.0,1p,1p,0.0,sell,False,1.429361500275316,4.189999999999998,23.0,0.011943787235255545,0.6286677345524124,0.08033102740297489,0.3946648946791811,0.0011200051945588325,75.19526875061798,80.11702329521327,70.5271734586303,99.29672296837921,1065618.0,4.189999999999998,0.0,4.189999999999998,23.0,0.011943787235255545,4.189999999999998,0.0,0.0,1.0,1.0,0.6286677345524124,0.3946648946791811,0.08033102740297489,75.19526875061798,80.11702329521327,70.5271734586303,99.29672296837921,36.83564286967225,8.305560427994582,31.626527306148997,0.4536644490471633,0.5352439749653044,0.029999999999972715,0.25689999999997326,1.6031000000000404,1.0,18124.0,18124.0,2022-02-16,2022-02-16 14:20:00,4.397554722934336,370.0,1.0,best_within_2.0d,18493.0,339.36,0.5832424107187206,4.3760036431226785,32.22527881040892,0.012230020343504162,2.285057100371749,15.890706319702602,0.006381710269403211,0.4929364202292669,5.6011759621451125,36.843533123028394,0.015614239272951093,2.82998018927445,22.52492113564669,0.007835530045022196,1.8630914826498424,0.00402220134195386,1.9444468750000041,16.553125,0.005470102952261012,0.0,1
18124.0,2022-02-16 14:25:00,354.953,355.2499,354.62,355.01,702221.0,1p,1p,0.0,sell,False,1.6864825665135241,4.439900000000023,24.0,0.012656138650551646,0.7417557939317508,0.17305050164444374,0.5439283986103192,0.0015427410294469592,75.38610238909662,84.87625847974354,75.31020179900138,104.00837184122787,702221.0,4.439900000000023,0.0,4.439900000000023,24.0,0.012656138650551646,4.439900000000023,0.0,0.0,1.0,1.0,0.7417557939317508,0.5439283986103192,0.17305050164444374,75.38610238909662,84.87625847974354,75.31020179900138,104.00837184122787,37.0050670944416,8.037752824246859,33.96110496164074,0.01605846407834738,0.17762675540015244,0.2399000000000342,0.33299999999997,0.05700000000001637,1.0,18125.0,18125.0,2022-02-16,2022-02-16 14:25:00,4.4083265260133455,369.0,1.0,best_within_2.0d,18493.0,339.36,0.5832424107187206,4.3760036431226785,32.22527881040892,0.012230020343504162,2.285057100371749,15.890706319702602,0.006381710269403211,0.4929364202292669,5.6011759621451125,36.843533123028394,0.015614239272951093,2.82998018927445,22.52492113564669,0.007835530045022196,1.8630914826498424,0.00402220134195386,1.9444468750000041,16.553125,0.005470102952261012,0.0,1
18125.0,2022-02-16 14:30:00,355.03,356.18,355.03,355.47,1108276.0,1p,1p,0.0,sell,False,1.8855490579896916,5.3700000000000045,25.0,0.015307431373107963,0.8293100481896934,0.27671425766815544,0.6913692817630022,0.0019597338658686146,77.52730644851866,85.37495926800571,78.66512095533615,98.79463589334486,1108276.0,5.3700000000000045,0.0,5.3700000000000045,25.0,0.015307431373107963,5.3700000000000045,0.0,0.0,1.0,1.0,0.8293100481896934,0.6913692817630022,0.27671425766815544,77.52730644851866,85.37495926800571,78.66512095533615,98.79463589334486,39.83327845549679,7.605265059950208,36.387907943473415,0.12393318874462851,0.3239162887643394,0.7099999999999795,0.0,0.44000000000005457,1.0,18126.0,18126.0,2022-02-16,2022-02-16 14:30:00,4.532028019242134,368.0,1.0,best_within_2.0d,18493.0,339.36,0.5832424107187206,4.3760036431226785,32.22527881040892,0.012230020343504162,2.285057100371749,15.890706319702602,0.006381710269403211,0.4929364202292669,5.6011759621451125,36.843533123028394,0.015614239272951093,2.82998018927445,22.52492113564669,0.007835530045022196,1.8630914826498424,0.00402220134195386,1.9444468750000041,16.553125,0.005470102952261012,1.0,1
18131.0,2022-02-16 15:00:00,355.6999,357.0,355.59,356.97,983112.0,1p,1p,0.0,sell,False,1.8855490579896916,6.189999999999998,31.0,0.017644878994327408,0.5908484943701455,0.7218924337378019,1.0173166809228746,0.0028756056902854163,77.45306891461725,83.54169640172938,78.46060914583715,93.70387091351384,983112.0,6.189999999999998,0.0,6.189999999999998,31.0,0.017644878994327408,6.189999999999998,0.0,0.0,1.0,1.0,0.5908484943701455,1.0173166809228746,0.7218924337378019,77.45306891461725,83.54169640172938,78.46060914583715,93.70387091351384,41.38088851314809,7.449831234624938,46.397987951201266,0.357070665468282,0.39652408672910516,0.029999999999972715,0.10990000000003874,1.2701000000000136,1.0,18132.0,18132.0,2022-02-16,2022-02-16 15:00:00,4.9331876628288125,362.0,1.0,best_within_2.0d,18493.0,339.36,0.5832424107187206,4.3760036431226785,32.22527881040892,0.012230020343504162,2.285057100371749,15.890706319702602,0.006381710269403211,0.4929364202292669,5.6011759621451125,36.843533123028394,0.015614239272951093,2.82998018927445,22.52492113564669,0.007835530045022196,1.8630914826498424,0.00402220134195386,1.9444468750000041,16.553125,0.005470102952261012,1.0,1
18137.0,2022-02-16 15:30:00,356.9,357.03,355.8307,356.1342,677527.0,1p,1p,0.0,sell,False,1.8855490579896916,6.21999999999997,37.0,0.017730395370713407,0.13956249480629523,1.0057445073673197,1.0755257547704673,0.0030316119197931458,62.32264841960057,78.19378874743978,80.64758566371762,73.2861949148841,677527.0,6.21999999999997,0.0,6.21999999999997,37.0,0.017730395370713407,6.21999999999997,0.0,0.0,1.0,1.0,0.13956249480629523,1.0755257547704673,1.0057445073673197,62.32264841960057,78.19378874743978,80.64758566371762,73.2861949148841,31.19621342512832,14.33681153184171,51.25016923236667,-0.21456990753711294,0.33704230691730475,0.12999999999999545,0.3035000000000423,0.7657999999999561,0.0,18138.0,18138.0,2022-02-16,2022-02-16 15:30:00,4.710078391797251,356.0,1.0,best_within_2.0d,18493.0,339.36,0.5832424107187206,4.3760036431226785,32.22527881040892,0.012230020343504162,2.285057100371749,15.890706319702602,0.006381710269403211,0.4929364202292669,5.6011759621451125,36.843533123028394,0.015614239272951093,2.82998018927445,22.52492113564669,0.007835530045022196,1.8630914826498424,0.00402220134195386,1.9444468750000041,16.553125,0.005470102952261012,0.0,1
18141.0,2022-02-16 15:50:00,356.67,357.0896,355.9516,356.06,834149.0,1p,1p,0.0,sell,False,1.8855490579896916,6.279600000000016,41.0,0.01790028790513388,-0.16117728411015686,0.9899634431867405,0.909374801131662,0.0025601280509847803,57.86521426317232,52.97421439387308,67.55144239673236,23.819758388154554,834149.0,6.279600000000016,0.0,6.279600000000016,41.0,0.01790028790513388,6.279600000000016,0.0,0.0,1.0,1.0,-0.16117728411015686,0.909374801131662,0.9899634431867405,57.86521426317232,52.97421439387308,67.55144239673236,23.819758388154554,24.19509227700039,12.607462673215169,44.668046216354625,-0.17102643900524675,0.31970638704813625,0.41960000000000264,0.10840000000001737,0.6100000000000136,0.0,18142.0,18142.0,2022-02-16,2022-02-16 15:50:00,4.69022074931191,352.0,1.0,best_within_2.0d,18493.0,339.36,0.5832424107187206,4.3760036431226785,32.22527881040892,0.012230020343504162,2.285057100371749,15.890706319702602,0.006381710269403211,0.4929364202292669,5.6011759621451125,36.843533123028394,0.015614239272951093,2.82998018927445,22.52492113564669,0.007835530045022196,1.8630914826498424,0.00402220134195386,1.9444468750000041,16.553125,0.005470102952261012,1.0,1
18167.0,2022-02-16 18:00:00,355.88,356.19,355.76,356.11,18612.0,2,2,0.0,sell,False,0.43407146451936945,4.163492493946733,28.239017640954685,0.011578080659927173,-0.07695797150063044,0.153762768342459,0.11528378259214378,0.0003240108428333504,56.665670575722544,56.51350766621648,57.68577701986305,54.16896895892336,18612.0,0.6899999999999977,1.0,1.5896000000000186,13.0,0.004451543814213628,0.6899999999999977,15.0,0.0019409282700421878,2.0,2.0,-0.07695797150063044,0.11528378259214378,0.153762768342459,56.665670575722544,56.51350766621648,57.68577701986305,54.16896895892336,23.52941176470772,11.76470588235163,36.53409808918725,0.06462852646960161,0.12086800089948471,0.07999999999998408,0.12000000000000455,0.2300000000000182,1.0,18168.0,18168.0,2022-02-16,2022-02-16 18:00:00,4.70360281935357,326.0,1.0,best_within_2.0d,18493.0,339.36,0.43407146451936945,1.5896000000000186,13.0,0.004451543814213628,0.6899999999999977,15.0,0.0019409282700421878,0.4929364202292669,5.6011759621451125,36.843533123028394,0.015614239272951093,2.82998018927445,22.52492113564669,0.007835530045022196,1.8630914826498424,0.00402220134195386,1.9444468750000041,16.553125,0.005470102952261012,0.0,1
18168.0,2022-02-16 18:05:00,356.09,356.21,356.09,356.2,27951.0,2,2,0.0,sell,False,0.44665324609962964,4.163492493946733,28.239017640954685,0.011578080659927173,-0.039175273380440356,0.14886585916990397,0.1292782224796838,0.00036331283088980826,58.214535360529716,70.328733001968,61.900095680564704,87.1860076447746,27951.0,0.7099999999999795,1.0,1.5896000000000186,13.0,0.004451543814213628,0.7099999999999795,16.0,0.001997187060478142,2.0,2.0,-0.039175273380440356,0.1292782224796838,0.14886585916990397,58.214535360529716,70.328733001968,61.900095680564704,87.1860076447746,26.609442060086863,12.875536480685145,36.40899170393525,0.030891066865122205,0.0336993456710395,0.009999999999990905,0.0,0.11000000000001364,1.0,18169.0,18169.0,2022-02-16,2022-02-16 18:05:00,4.727681078046034,325.0,1.0,best_within_2.0d,18493.0,339.36,0.44665324609962964,1.5896000000000186,13.0,0.004451543814213628,0.7099999999999795,16.0,0.001997187060478142,0.4929364202292669,5.6011759621451125,36.843533123028394,0.015614239272951093,2.82998018927445,22.52492113564669,0.007835530045022196,1.8630914826498424,0.00402220134195386,1.9444468750000041,16.553125,0.005470102952261012,0.0,1
18169.0,2022-02-16 18:10:00,356.22,356.25,356.11,356.13,12072.0,2,2,0.0,sell,False,0.4718168092601857,4.163492493946733,28.239017640954685,0.011578080659927173,-0.025089013785216774,0.14572973244675186,0.13318522555414347,0.00037426950820449036,56.52237301796222,72.67198552332391,65.4907256281511,87.03450531366954,12072.0,0.75,1.0,1.5896000000000186,13.0,0.004451543814213628,0.75,17.0,0.002109704641350211,2.0,2.0,-0.025089013785216774,0.13318522555414347,0.14572973244675186,56.52237301796222,72.67198552332391,65.4907256281511,87.03450531366954,28.085106382980875,12.76595744680707,36.486920867940455,-0.02526528549773506,0.039313695206533474,0.029999999999972715,0.01999999999998181,0.09000000000003183,0.0,18170.0,18170.0,2022-02-16,2022-02-16 18:10:00,4.708954595232074,324.0,1.0,best_within_2.0d,18493.0,339.36,0.4718168092601857,1.5896000000000186,13.0,0.004451543814213628,0.75,17.0,0.002109704641350211,0.4929364202292669,5.6011759621451125,36.843533123028394,0.015614239272951093,2.82998018927445,22.52492113564669,0.007835530045022196,1.8630914826498424,0.00402220134195386,1.9444468750000041,16.553125,0.005470102952261012,0.0,1
18172.0,2022-02-16 18:25:00,356.14,356.36,356.13,356.35,17646.0,2,2,0.0,sell,False,0.5410166079516883,4.163492493946733,28.239017640954685,0.011578080659927173,0.009862921826215454,0.13915165568834273,0.14408311660145046,0.0004048207610133443,59.80754326822736,79.50217285946178,70.88228653265199,96.74194551308136,17646.0,0.8600000000000136,1.0,1.5896000000000186,13.0,0.004451543814213628,0.8600000000000136,20.0,0.0024191279887482804,2.0,2.0,0.009862921826215454,0.14408311660145046,0.13915165568834273,59.80754326822736,79.50217285946178,70.88228653265199,96.74194551308136,31.836734693878903,20.408163265303898,32.33611502537478,0.058965575335552425,0.06458315783562693,0.009999999999990905,0.009999999999990905,0.21000000000003638,1.0,18173.0,18173.0,2022-02-16,2022-02-16 18:25:00,4.76778448154904,321.0,1.0,best_within_2.0d,18493.0,339.36,0.5410166079516883,1.5896000000000186,13.0,0.004451543814213628,0.8600000000000136,20.0,0.0024191279887482804,0.4929364202292669,5.6011759621451125,36.843533123028394,0.015614239272951093,2.82998018927445,22.52492113564669,0.007835530045022196,1.8630914826498424,0.00402220134195386,1.9444468750000041,16.553125,0.005470102952261012,0.0,1
18173.0,2022-02-16 18:30:00,356.4,356.41,356.35,356.4,25992.0,2,2,0.0,sell,False,0.5724710619023744,4.163492493946733,28.239017640954685,0.011578080659927173,0.033905807483657235,0.1433898816237999,0.16034278536562852,0.0004504593126770075,60.67175463230622,85.85169011886592,75.87208772805663,105.8108949004845,25992.0,0.910000000000025,1.0,1.5896000000000186,13.0,0.004451543814213628,0.910000000000025,21.0,0.0025597749648383263,2.0,2.0,0.033905807483657235,0.16034278536562852,0.1433898816237999,60.67175463230622,85.85169011886592,75.87208772805663,105.8108949004845,32.76595744681063,21.27659574467874,31.54495270354036,0.0,0.016837378981339208,0.010000000000047748,0.049999999999954525,0.0,0.0,18174.0,18174.0,2022-02-16,2022-02-16 18:30:00,4.781144781144771,320.0,1.0,best_within_2.0d,18493.0,339.36,0.5724710619023744,1.5896000000000186,13.0,0.004451543814213628,0.910000000000025,21.0,0.0025597749648383263,0.4929364202292669,5.6011759621451125,36.843533123028394,0.015614239272951093,2.82998018927445,22.52492113564669,0.007835530045022196,1.8630914826498424,0.00402220134195386,1.9444468750000041,16.553125,0.005470102952261012,0.0,1
18174.0,2022-02-16 18:35:00,356.38,356.48,356.34,356.39,36350.0,2,2,0.0,sell,False,0.6165072974333208,4.163492493946733,28.239017640954685,0.011578080659927173,0.04330715433428167,0.14880327591558512,0.17045685308272596,0.00047882984130626034,60.39206909572945,86.62042499152321,79.45486681587882,100.95154134281196,36350.0,0.9800000000000182,1.0,1.5896000000000186,13.0,0.004451543814213628,0.9800000000000182,22.0,0.002756680731364327,2.0,2.0,0.04330715433428167,0.17045685308272596,0.14880327591558512,60.39206909572945,86.62042499152321,79.45486681587882,100.95154134281196,35.593220338984196,21.18644067796357,31.104108533885004,0.0028059936023320346,0.03928832014369513,0.09000000000003183,0.040000000000020464,0.009999999999990905,1.0,18175.0,18175.0,2022-02-16,2022-02-16 18:35:00,4.778473021128531,319.0,1.0,best_within_2.0d,18493.0,339.36,0.6165072974333208,1.5896000000000186,13.0,0.004451543814213628,0.9800000000000182,22.0,0.002756680731364327,0.4929364202292669,5.6011759621451125,36.843533123028394,0.015614239272951093,2.82998018927445,22.52492113564669,0.007835530045022196,1.8630914826498424,0.00402220134195386,1.9444468750000041,16.553125,0.005470102952261012,1.0,1
18175.0,2022-02-16 18:40:00,355.01,355.32,355.01,355.19,45014.0,1p,1p,0.0,sell,False,3.940548585426073,11.430000000000007,108.0,0.03323737241559803,-0.1361272338302162,0.6380220223561788,0.5699584054410707,0.0016092749403506083,67.60833061051923,71.07086339610626,68.73673307092255,75.73912404647368,45014.0,11.430000000000007,0.0,11.430000000000007,108.0,0.03323737241559803,11.430000000000007,0.0,0.0,1.0,1.0,-0.1361272338302162,0.5699584054410707,0.6380220223561788,67.60833061051923,71.07086339610626,68.73673307092255,75.73912404647368,31.156716417910996,11.007462686566786,59.01775412835891,0.05070279710430885,0.08732148390186256,0.12999999999999545,0.0,0.18000000000000682,1.0,18176.0,18176.0,2022-02-16,2022-02-16 18:40:00,4.456769616261715,318.0,1.0,best_within_2.0d,18493.0,339.36,0.5832424107187206,4.3760036431226785,32.22527881040892,0.012230020343504162,2.285057100371749,15.890706319702602,0.006381710269403211,0.4929364202292669,5.6011759621451125,36.843533123028394,0.015614239272951093,2.82998018927445,22.52492113564669,0.007835530045022196,1.8630914826498424,0.00402220134195386,1.9444468750000041,16.553125,0.005470102952261012,0.0,1
18179.0,2022-02-16 19:00:00,355.39,355.39,355.18,355.18,5299.0,1p,1p,1.0,buy,False,0.6344346307225607,1.3000000000000114,6.0,0.0036467684021544303,-0.2620555491160641,0.03973771752104638,-0.09129005703698567,-0.0002565859439300404,36.784858212234475,14.23322160932333,32.63371320191757,-22.567761575865156,5299.0,1.3000000000000114,0.0,1.3000000000000114,6.0,0.0036467684021544303,1.3000000000000114,0.0,0.0,1.0,1.0,-0.2620555491160641,-0.09129005703698567,0.03973771752104638,36.784858212234475,14.23322160932333,32.63371320191757,-22.567761575865156,18.10584958217378,40.94707520891153,30.14161938717722,-0.05909001378766413,0.059124950729201965,0.0,0.0,0.20999999999997954,0.0,18180.0,18180.0,2022-02-16,2022-02-16 19:00:00,0.24776169829382158,6.0,1.0,best_within_2.0d,18185.0,356.06,0.5832424107187206,4.3760036431226785,32.22527881040892,0.012230020343504162,2.285057100371749,15.890706319702602,0.006381710269403211,0.4929364202292669,5.6011759621451125,36.843533123028394,0.015614239272951093,2.82998018927445,22.52492113564669,0.007835530045022196,1.8630914826498424,0.00402220134195386,1.9444468750000041,16.553125,0.005470102952261012,0.0,0
18180.0,2022-02-16 19:05:00,355.14,355.3,355.1,355.16,7165.0,1p,1p,1.0,buy,False,0.6470273097954063,1.3799999999999955,7.0,0.0038711849192100407,-0.267257001353182,0.006330592351898634,-0.12729790832469234,-0.0003578387658658423,36.465416296142756,10.938089768534454,25.4018387241232,-17.989408142643036,7165.0,1.3799999999999955,0.0,1.3799999999999955,7.0,0.0038711849192100407,1.3799999999999955,0.0,0.0,1.0,1.0,-0.267257001353182,-0.12729790832469234,0.006330592351898634,36.465416296142756,10.938089768534454,25.4018387241232,-17.989408142643036,18.413597733712155,41.359773371102946,30.730691258979743,0.005631581911369784,0.05632216277104721,0.13999999999998636,0.03999999999996362,0.020000000000038654,1.0,18181.0,18181.0,2022-02-16,2022-02-16 19:05:00,0.25340691519314595,5.0,1.0,best_within_2.0d,18185.0,356.06,0.5832424107187206,4.3760036431226785,32.22527881040892,0.012230020343504162,2.285057100371749,15.890706319702602,0.006381710269403211,0.4929364202292669,5.6011759621451125,36.843533123028394,0.015614239272951093,2.82998018927445,22.52492113564669,0.007835530045022196,1.8630914826498424,0.00402220134195386,1.9444468750000041,16.553125,0.005470102952261012,0.0,0
18181.0,2022-02-16 19:10:00,355.15,355.31,355.1,355.1501,11437.0,1p,1p,1.0,buy,False,0.6470273097954063,1.3799999999999955,8.0,0.0038711849192100407,-0.257886136562134,-0.025905174718368118,-0.15484824299943512,-0.0004353372579591511,36.29738582467936,8.50220477322554,19.76862740715731,-14.030640494638003,11437.0,1.3799999999999955,0.0,1.3799999999999955,8.0,0.0038711849192100407,1.3799999999999955,0.0,0.0,1.0,1.0,-0.257886136562134,-0.15484824299943512,-0.025905174718368118,36.29738582467936,8.50220477322554,19.76862740715731,-14.030640494638003,12.844036697248265,44.64831804281134,32.48700966449312,2.8157116720186225e-05,0.05913827090959716,0.15989999999999327,0.049999999999954525,0.00010000000003174137,1.0,18182.0,18182.0,2022-02-16,2022-02-16 19:10:00,0.25620153281668606,4.0,1.0,best_within_2.0d,18185.0,356.06,0.5832424107187206,4.3760036431226785,32.22527881040892,0.012230020343504162,2.285057100371749,15.890706319702602,0.006381710269403211,0.4929364202292669,5.6011759621451125,36.843533123028394,0.015614239272951093,2.82998018927445,22.52492113564669,0.007835530045022196,1.8630914826498424,0.00402220134195386,1.9444468750000041,16.553125,0.005470102952261012,0.0,0
18182.0,2022-02-16 19:15:00,355.14,355.18,355.1,355.16,27278.0,1p,1p,1.0,buy,False,0.6470273097954063,1.3799999999999955,9.0,0.0038711849192100407,-0.23675790783003015,-0.055499913197121886,-0.17387886711213696,-0.0004888942679988863,36.611942565344634,7.117411877802593,15.55155556403907,-9.75087549467036,27278.0,1.3799999999999955,0.0,1.3799999999999955,9.0,0.0038711849192100407,1.3799999999999955,0.0,0.0,1.0,1.0,-0.23675790783003015,-0.17387886711213696,-0.055499913197121886,36.611942565344634,7.117411877802593,15.55155556403907,-9.75087549467036,12.383900928793775,45.20123839009103,34.237169496445276,0.005631581911369784,0.02252886510841568,0.01999999999998181,0.03999999999996362,0.020000000000038654,1.0,18183.0,18183.0,2022-02-16,2022-02-16 19:15:00,0.25340691519314595,3.0,1.0,best_within_2.0d,18185.0,356.06,0.5832424107187206,4.3760036431226785,32.22527881040892,0.012230020343504162,2.285057100371749,15.890706319702602,0.006381710269403211,0.4929364202292669,5.6011759621451125,36.843533123028394,0.015614239272951093,2.82998018927445,22.52492113564669,0.007835530045022196,1.8630914826498424,0.00402220134195386,1.9444468750000041,16.553125,0.005470102952261012,1.0,0
18185.0,2022-02-16 19:30:00,356.67,357.0896,355.9516,356.06,834149.0,1,1,0.0,sell,False,0.6218699480022443,6.279600000000016,41.0,0.01790028790513388,-0.16117728411015686,0.9899634431867405,0.909374801131662,0.0025601280509847803,57.865214263172206,52.97421439387308,67.55144239673236,23.819758388154554,834149.0,6.279600000000016,1.0,6.279600000000016,41.0,0.01790028790513388,6.279600000000016,41.0,0.01790028790513388,1.0,1.0,-0.16117728411015686,0.909374801131662,0.9899634431867405,57.865214263172206,52.97421439387308,67.55144239673236,23.819758388154554,24.19509227700039,12.607462673215169,44.66804621635455,-0.17102643900524675,0.31970638704813625,0.41960000000000264,0.10840000000001737,0.6100000000000136,0.0,18186.0,18186.0,2022-02-16,2022-02-16 19:30:00,4.69022074931191,308.0,1.0,best_within_2.0d,18493.0,339.36,0.5832424107187206,4.3760036431226785,32.22527881040892,0.012230020343504162,2.285057100371749,15.890706319702602,0.006381710269403211,0.4929364202292669,5.6011759621451125,36.843533123028394,0.015614239272951093,2.82998018927445,22.52492113564669,0.007835530045022196,1.8630914826498424,0.00402220134195386,1.9444468750000041,16.553125,0.005470102952261012,0.0,1
18191.0,2022-02-17 04:00:00,352.0,354.21,350.0,353.48,6855.0,1p,1p,1.0,buy,False,0.6470273097954063,6.480000000000018,18.0,0.01817773788150813,-0.22032540502541942,-0.17484859121383106,-0.28501129372654077,-0.0008020998742540596,22.575017381209136,51.17516269834393,42.74582749738616,68.03383310025947,6855.0,6.480000000000018,0.0,6.480000000000018,18.0,0.01817773788150813,6.480000000000018,0.0,0.0,1.0,1.0,-0.22032540502541942,-0.28501129372654077,-0.17484859121383106,22.575017381209136,51.17516269834393,42.74582749738616,68.03383310025947,4.473684210526755,72.7631578947368,42.065945818065146,0.4204545454545506,1.2028571428571369,0.7299999999999613,2.0,1.4800000000000182,1.0,18192.0,18192.0,2022-02-17,2022-02-17 04:00:00,-0.6817924635057216,377.0,1.0,best_within_2.0d,18568.0,351.07,0.5832424107187206,4.3760036431226785,32.22527881040892,0.012230020343504162,2.285057100371749,15.890706319702602,0.006381710269403211,0.4929364202292669,5.6011759621451125,36.843533123028394,0.015614239272951093,2.82998018927445,22.52492113564669,0.007835530045022196,1.8630914826498424,0.00402220134195386,1.9444468750000041,16.553125,0.005470102952261012,1.0,0
18266.0,2022-02-17 10:20:00,350.4067,350.47,349.81,350.18,882277.0,1p,1p,1.0,buy,False,1.056530217147591,6.670000000000016,93.0,0.018710727109515303,-0.39577688206219386,-0.5875011944769141,-0.785389635508011,-0.0022291952960596874,26.25751982570503,16.960562862770203,24.32054193045756,2.2406047273954925,882277.0,6.670000000000016,0.0,6.670000000000016,93.0,0.018710727109515303,6.670000000000016,0.0,0.0,1.0,1.0,-0.39577688206219386,-0.785389635508011,-0.5875011944769141,26.25751982570503,16.960562862770203,24.32054193045756,2.2406047273954925,6.707987871957995,40.611947373599186,45.55654496872012,-0.06469625152715228,0.18867385151940338,0.06330000000002656,0.37000000000000455,0.2266999999999939,0.0,18267.0,18267.0,2022-02-17,2022-02-17 10:20:00,0.25415500599691193,302.0,1.0,best_within_2.0d,18568.0,351.07,0.5832424107187206,4.3760036431226785,32.22527881040892,0.012230020343504162,2.285057100371749,15.890706319702602,0.006381710269403211,0.4929364202292669,5.6011759621451125,36.843533123028394,0.015614239272951093,2.82998018927445,22.52492113564669,0.007835530045022196,1.8630914826498424,0.00402220134195386,1.9444468750000041,16.553125,0.005470102952261012,0.0,0
18267.0,2022-02-17 10:25:00,350.17,350.19,349.6477,349.77,502606.0,1p,1p,1.0,buy,False,1.0863941326796207,6.832300000000032,94.0,0.01916601211849201,-0.4487390776124358,-0.6435935791784686,-0.8679631179846865,-0.0024648875164564824,24.10377769763558,12.491327608965648,20.377470489960253,-3.280958153023562,502606.0,6.832300000000032,0.0,6.832300000000032,94.0,0.01916601211849201,6.832300000000032,0.0,0.0,1.0,1.0,-0.4487390776124358,-0.8679631179846865,-0.6435935791784686,24.10377769763558,12.491327608965648,20.377470489960253,-3.280958153023562,6.5887727312659985,39.73820609681133,47.41360270541954,-0.11423023103065198,0.15509897534003844,0.01999999999998181,0.12229999999999563,0.4000000000000341,0.0,18268.0,18268.0,2022-02-17,2022-02-17 10:25:00,0.3716728135632019,301.0,1.0,best_within_2.0d,18568.0,351.07,0.5832424107187206,4.3760036431226785,32.22527881040892,0.012230020343504162,2.285057100371749,15.890706319702602,0.006381710269403211,0.4929364202292669,5.6011759621451125,36.843533123028394,0.015614239272951093,2.82998018927445,22.52492113564669,0.007835530045022196,1.8630914826498424,0.00402220134195386,1.9444468750000041,16.553125,0.005470102952261012,0.0,0
18268.0,2022-02-17 10:30:00,349.75,350.27,349.57,350.0,695969.0,1p,1p,1.0,buy,False,1.0863941326796207,6.910000000000025,95.0,0.019383976660682294,-0.4173199468039275,-0.6957585725289596,-0.9044185459309233,-0.002569567400883372,27.68708875613956,14.452907864666571,18.402616281529024,6.5534910309416645,695969.0,6.910000000000025,0.0,6.910000000000025,95.0,0.019383976660682294,6.910000000000025,0.0,0.0,1.0,1.0,-0.4173199468039275,-0.9044185459309233,-0.6957585725289596,27.68708875613956,14.452907864666571,18.402616281529024,6.5534910309416645,7.074064604108002,37.785732549220555,48.91702042455136,0.07147962830593281,0.20024601653459642,0.2699999999999818,0.18000000000000682,0.25,1.0,18269.0,18269.0,2022-02-17,2022-02-17 10:30:00,0.3057142857142838,300.0,1.0,best_within_2.0d,18568.0,351.07,0.5832424107187206,4.3760036431226785,32.22527881040892,0.012230020343504162,2.285057100371749,15.890706319702602,0.006381710269403211,0.4929364202292669,5.6011759621451125,36.843533123028394,0.015614239272951093,2.82998018927445,22.52492113564669,0.007835530045022196,1.8630914826498424,0.00402220134195386,1.9444468750000041,16.553125,0.005470102952261012,0.0,0
18272.0,2022-02-17 10:50:00,349.81,349.94,349.26,349.8805,503751.0,1p,1p,1.0,buy,False,1.08639413267956,7.220000000000027,99.0,0.020253590664272965,-0.17286982302595955,-0.8187166685871162,-0.905151580100096,-0.0025754318539237694,29.387536295743445,22.348254938745114,20.730278787206487,25.58420724182237,503751.0,7.220000000000027,0.0,7.220000000000027,99.0,0.020253590664272965,7.220000000000027,0.0,0.0,1.0,1.0,-0.17286982302595955,-0.905151580100096,-0.8187166685871162,29.387536295743445,22.348254938745114,20.730278787206487,25.58420724182237,5.92804543775105,38.78191082583705,53.72357004226931,0.02015379777593018,0.19469736013285427,0.0595000000000141,0.5500000000000114,0.07049999999998136,1.0,18273.0,18273.0,2022-02-17,2022-02-17 10:50:00,0.3399732194277788,296.0,1.0,best_within_2.0d,18568.0,351.07,0.5832424107187206,4.3760036431226785,32.22527881040892,0.012230020343504162,2.285057100371749,15.890706319702602,0.006381710269403211,0.4929364202292669,5.6011759621451125,36.843533123028394,0.015614239272951093,2.82998018927445,22.52492113564669,0.007835530045022196,1.8630914826498424,0.00402220134195386,1.9444468750000041,16.553125,0.005470102952261012,1.0,0
18285.0,2022-02-17 11:55:00,350.76,350.9094,350.08,350.18,350588.0,2,2,1.0,buy,False,0.614661654135339,4.163492493946733,28.239017640954685,0.011578080659927173,0.2346792467643557,-0.41928912243889604,-0.3019494990567182,-0.0008604040152174716,40.9903045600427,43.49307229840255,56.98824760011712,16.502721694973417,350588.0,1.3079999999999927,1.0,2.127999999999986,8.0,0.006092882093569221,1.3079999999999927,7.0,0.003722380957801612,2.0,2.0,0.2346792467643557,-0.3019494990567182,-0.41928912243889604,40.9903045600427,43.49307229840255,56.98824760011712,16.502721694973417,25.38826701048985,14.417159936706042,37.061486168598094,-0.16535522864636337,0.2369172760511943,0.1494000000000142,0.10000000000002274,0.5799999999999841,0.0,18286.0,18286.0,2022-02-17,2022-02-17 11:55:00,0.25415500599691193,283.0,1.0,best_within_2.0d,18568.0,351.07,0.614661654135339,2.127999999999986,8.0,0.006092882093569221,1.3079999999999927,7.0,0.003722380957801612,0.4929364202292669,5.6011759621451125,36.843533123028394,0.015614239272951093,2.82998018927445,22.52492113564669,0.007835530045022196,1.8630914826498424,0.00402220134195386,1.9444468750000041,16.553125,0.005470102952261012,0.0,0
18286.0,2022-02-17 12:00:00,350.1894,350.39,349.99,350.24,309683.0,2,2,1.0,buy,False,0.6569548872180343,4.163492493946733,28.239017640954685,0.011578080659927173,0.1728264687153549,-0.39768581384947665,-0.3112725794917992,-0.0008871010208532193,41.787590575890846,34.95627805110494,49.64425775044639,5.5803186524220365,309683.0,1.3979999999999677,1.0,2.127999999999986,8.0,0.006092882093569221,1.3979999999999677,8.0,0.003978508087925507,2.0,2.0,0.1728264687153549,-0.3112725794917992,-0.39768581384947665,41.787590575890846,34.95627805110494,49.64425775044639,5.5803186524220365,26.249772768586915,14.179240138156954,36.5468168071205,0.014449323708836217,0.11428897968512736,0.14999999999997726,0.1993999999999687,0.05060000000003129,1.0,18287.0,18287.0,2022-02-17,2022-02-17 12:00:00,0.23698035632708547,282.0,1.0,best_within_2.0d,18568.0,351.07,0.6569548872180343,2.127999999999986,8.0,0.006092882093569221,1.3979999999999677,8.0,0.003978508087925507,0.4929364202292669,5.6011759621451125,36.843533123028394,0.015614239272951093,2.82998018927445,22.52492113564669,0.007835530045022196,1.8630914826498424,0.00402220134195386,1.9444468750000041,16.553125,0.005470102952261012,0.0,0
18287.0,2022-02-17 12:05:00,350.25,350.405,349.4,349.5499,431572.0,2,2,1.0,buy,False,0.9342105263157955,4.163492493946733,28.239017640954685,0.011578080659927173,0.0441686083548104,-0.39216473780512534,-0.37008043362772014,-0.0010549964084997647,35.79684370573038,25.81759918363405,41.70203822817561,-5.9512789054490725,431572.0,1.9879999999999995,1.0,2.127999999999986,8.0,0.006092882093569221,1.9879999999999995,9.0,0.00565756371873826,2.0,2.0,0.0441686083548104,-0.37008043362772014,-0.39216473780512534,35.79684370573038,25.81759918363405,41.70203822817561,-5.9512789054490725,21.0293767772775,19.939501739042402,34.126347827490754,-0.19988579586010577,0.28763594733829295,0.15499999999997272,0.14990000000000236,0.7001000000000204,0.0,18288.0,18288.0,2022-02-17,2022-02-17 12:05:00,0.43487353307782767,281.0,1.0,best_within_2.0d,18568.0,351.07,0.9342105263157955,2.127999999999986,8.0,0.006092882093569221,1.9879999999999995,9.0,0.00565756371873826,0.4929364202292669,5.6011759621451125,36.843533123028394,0.015614239272951093,2.82998018927445,22.52492113564669,0.007835530045022196,1.8630914826498424,0.00402220134195386,1.9444468750000041,16.553125,0.005470102952261012,0.0,0
18288.0,2022-02-17 12:10:00,349.55,349.585,349.07,349.489,508467.0,1p,1p,1.0,buy,False,0.08782261220442854,2.3179999999999836,10.0,0.006596696529192755,-0.03940944677639113,-0.3970909186521742,-0.4167956420403698,-0.0011884945691239353,35.31568185906565,23.419140196496517,35.60773888428258,-0.9580571790756096,508467.0,2.3179999999999836,0.0,2.3179999999999836,10.0,0.006596696529192755,2.3179999999999836,0.0,0.0,1.0,1.0,-0.03940944677639113,-0.4167956420403698,-0.3970909186521742,35.31568185906565,23.419140196496517,35.60773888428258,-0.9580571790756096,18.215643082962824,23.853818322928667,32.6460416866466,-0.017451008439432262,0.14753487839114973,0.03499999999996817,0.4189999999999827,0.06100000000003547,0.0,18289.0,18289.0,2022-02-17,2022-02-17 12:10:00,0.45237475285345674,280.0,1.0,best_within_2.0d,18568.0,351.07,0.5832424107187206,4.3760036431226785,32.22527881040892,0.012230020343504162,2.285057100371749,15.890706319702602,0.006381710269403211,0.4929364202292669,5.6011759621451125,36.843533123028394,0.015614239272951093,2.82998018927445,22.52492113564669,0.007835530045022196,1.8630914826498424,0.00402220134195386,1.9444468750000041,16.553125,0.005470102952261012,1.0,0
18300.0,2022-02-17 13:10:00,349.43,349.45,348.82,348.9457,531637.0,1p,1p,1.0,buy,False,0.20629228630470464,2.5679999999999836,22.0,0.0073081607795371034,-0.05115760395751712,-0.3594140573456686,-0.3849928593244272,-0.0010997530403724358,33.51879352123329,23.464893238381933,35.29127332223014,-0.187866929314481,531637.0,2.5679999999999836,0.0,2.5679999999999836,22.0,0.0073081607795371034,2.5679999999999836,0.0,0.0,1.0,1.0,-0.05115760395751712,-0.3849928593244272,-0.3594140573456686,33.51879352123329,23.464893238381933,35.29127332223014,-0.187866929314481,11.470200102340039,28.54757480272655,29.420746150310197,-0.13859714392010383,0.18060891003956064,0.01999999999998181,0.12569999999999482,0.4843000000000188,0.0,18301.0,18301.0,2022-02-17,2022-02-17 13:10:00,0.6087766663982406,268.0,1.0,best_within_2.0d,18568.0,351.07,0.5832424107187206,4.3760036431226785,32.22527881040892,0.012230020343504162,2.285057100371749,15.890706319702602,0.006381710269403211,0.4929364202292669,5.6011759621451125,36.843533123028394,0.015614239272951093,2.82998018927445,22.52492113564669,0.007835530045022196,1.8630914826498424,0.00402220134195386,1.9444468750000041,16.553125,0.005470102952261012,0.0,0
18301.0,2022-02-17 13:15:00,348.94,349.23,348.8,348.95,279595.0,1p,1p,1.0,buy,False,0.20629228630470464,2.5879999999999654,23.0,0.0073650779195646,-0.08937855939990158,-0.3705863772706563,-0.4152756569706071,-0.0011865392225090152,33.60026798500671,19.214690730349375,29.93241245826988,-2.2207527254916357,279595.0,2.5879999999999654,0.0,2.5879999999999654,23.0,0.0073650779195646,2.5879999999999654,0.0,0.0,1.0,1.0,-0.08937855939990158,-0.4152756569706071,-0.3705863772706563,33.60026798500671,19.214690730349375,29.93241245826988,-2.2207527254916357,12.432858477346672,22.623773937412757,29.395683158749993,0.002865822204387833,0.12327981651376342,0.28000000000002956,0.13999999999998636,0.009999999999990905,1.0,18302.0,18302.0,2022-02-17,2022-02-17 13:15:00,0.6075368964034975,267.0,1.0,best_within_2.0d,18568.0,351.07,0.5832424107187206,4.3760036431226785,32.22527881040892,0.012230020343504162,2.285057100371749,15.890706319702602,0.006381710269403211,0.4929364202292669,5.6011759621451125,36.843533123028394,0.015614239272951093,2.82998018927445,22.52492113564669,0.007835530045022196,1.8630914826498424,0.00402220134195386,1.9444468750000041,16.553125,0.005470102952261012,0.0,0
18302.0,2022-02-17 13:20:00,348.95,349.11,348.51,348.68,303610.0,1p,1p,1.0,buy,False,0.3038596957248973,2.877999999999986,24.0,0.008190376449964103,-0.1363537499691554,-0.3876305960168007,-0.4558074710013784,-0.0013027089560310673,31.028873985347204,16.18280969324909,25.34921153659628,-2.1499939934452854,303610.0,2.877999999999986,0.0,2.877999999999986,24.0,0.008190376449964103,2.877999999999986,0.0,0.0,1.0,1.0,-0.1363537499691554,-0.4558074710013784,-0.3876305960168007,31.028873985347204,16.18280969324909,25.34921153659628,-2.1499939934452854,12.28049940889782,21.769845160174896,29.286603991397964,-0.0773749820891193,0.1721614874752583,0.160000000000025,0.17000000000001592,0.2699999999999818,0.0,18303.0,18303.0,2022-02-17,2022-02-17 13:20:00,0.6854422393025085,266.0,1.0,best_within_2.0d,18568.0,351.07,0.5832424107187206,4.3760036431226785,32.22527881040892,0.012230020343504162,2.285057100371749,15.890706319702602,0.006381710269403211,0.4929364202292669,5.6011759621451125,36.843533123028394,0.015614239272951093,2.82998018927445,22.52492113564669,0.007835530045022196,1.8630914826498424,0.00402220134195386,1.9444468750000041,16.553125,0.005470102952261012,0.0,0
18303.0,2022-02-17 13:25:00,348.6527,348.89,348.46,348.8606,306452.0,1p,1p,1.0,buy,False,0.3038596957248973,2.9279999999999973,25.0,0.008332669300033005,-0.12853015199576312,-0.4036968650162711,-0.46796194101415267,-0.0013377388357763923,34.63239550505759,18.507229583553205,23.06855088558192,9.384586979495772,306452.0,2.9279999999999973,0.0,2.9279999999999973,25.0,0.008332669300033005,2.9279999999999973,0.0,0.0,1.0,1.0,-0.12853015199576312,-0.46796194101415267,-0.4036968650162711,34.63239550505759,18.507229583553205,23.06855088558192,9.384586979495772,12.003607564611588,21.983596854655403,29.29212945825599,0.05962953965364246,0.12340010331171637,0.02940000000000964,0.1927000000000021,0.2078999999999951,1.0,18304.0,18304.0,2022-02-17,2022-02-17 13:25:00,0.63331886719223,265.0,1.0,best_within_2.0d,18568.0,351.07,0.5832424107187206,4.3760036431226785,32.22527881040892,0.012230020343504162,2.285057100371749,15.890706319702602,0.006381710269403211,0.4929364202292669,5.6011759621451125,36.843533123028394,0.015614239272951093,2.82998018927445,22.52492113564669,0.007835530045022196,1.8630914826498424,0.00402220134195386,1.9444468750000041,16.553125,0.005470102952261012,0.0,0
18307.0,2022-02-17 13:45:00,348.75,348.76,348.41,348.5013,245043.0,1p,1p,1.0,buy,False,0.3038596957248973,2.977999999999952,29.0,0.008474962150101744,-0.0835510243395422,-0.44436914455170734,-0.48614465672147844,-0.001390841760666747,32.16989263966683,16.44115471107265,20.447377170605407,8.428709792007133,245043.0,2.977999999999952,0.0,2.977999999999952,29.0,0.008474962150101744,2.977999999999952,0.0,0.0,1.0,1.0,-0.0835510243395422,-0.48614465672147844,-0.44436914455170734,32.16989263966683,16.44115471107265,20.447377170605407,8.428709792007133,6.315266036796922,27.495831748911158,34.30189834807886,-0.07131182795698503,0.10045635888750779,0.009999999999990905,0.09129999999998972,0.24869999999998527,0.0,18308.0,18308.0,2022-02-17,2022-02-17 13:45:00,0.7370704212581067,261.0,1.0,best_within_2.0d,18568.0,351.07,0.5832424107187206,4.3760036431226785,32.22527881040892,0.012230020343504162,2.285057100371749,15.890706319702602,0.006381710269403211,0.4929364202292669,5.6011759621451125,36.843533123028394,0.015614239272951093,2.82998018927445,22.52492113564669,0.007835530045022196,1.8630914826498424,0.00402220134195386,1.9444468750000041,16.553125,0.005470102952261012,0.0,0
18308.0,2022-02-17 13:50:00,348.52,348.939,348.4,348.832,270607.0,1p,1p,1.0,buy,False,0.3038596957248973,2.9879999999999995,30.0,0.008503420720115656,-0.03660675848808559,-0.448944989362718,-0.4672483686067608,-0.0013369787141658982,38.9379135526649,24.67505552166785,21.85660328762622,30.311959989751116,270607.0,2.9879999999999995,0.0,2.9879999999999995,30.0,0.008503420720115656,2.9879999999999995,0.0,0.0,1.0,1.0,-0.03660675848808559,-0.4672483686067608,-0.448944989362718,38.9379135526649,24.67505552166785,21.85660328762622,30.311959989751116,8.855510772174702,24.501986255691122,35.20215019466469,0.08952140479743252,0.1547072330654547,0.10700000000002774,0.12000000000000455,0.3120000000000118,1.0,18309.0,18309.0,2022-02-17,2022-02-17 13:50:00,0.6415695807724061,260.0,1.0,best_within_2.0d,18568.0,351.07,0.5832424107187206,4.3760036431226785,32.22527881040892,0.012230020343504162,2.285057100371749,15.890706319702602,0.006381710269403211,0.4929364202292669,5.6011759621451125,36.843533123028394,0.015614239272951093,2.82998018927445,22.52492113564669,0.007835530045022196,1.8630914826498424,0.00402220134195386,1.9444468750000041,16.553125,0.005470102952261012,0.0,0
18310.0,2022-02-17 14:00:00,348.82,348.82,348.4,348.48,216214.0,1p,1p,1.0,buy,False,0.3038596957248973,2.9879999999999995,32.0,0.008503420720115656,-0.009349949462244878,-0.4497804073524293,-0.45445538208355174,-0.0013008150891649077,34.66930905521582,24.85558023185417,25.274331716746232,24.01807726207005,216214.0,2.9879999999999995,0.0,2.9879999999999995,32.0,0.008503420720115656,2.9879999999999995,0.0,0.0,1.0,1.0,-0.009349949462244878,-0.45445538208355174,-0.4497804073524293,34.66930905521582,24.85558023185417,25.274331716746232,24.01807726207005,9.97520737045047,28.771693550856053,36.59372673380451,-0.09747147525943896,0.120551090700349,0.0,0.08000000000004093,0.339999999999975,0.0,18311.0,18311.0,2022-02-17,2022-02-17 14:00:00,0.7432277318640883,258.0,1.0,best_within_2.0d,18568.0,351.07,0.5832424107187206,4.3760036431226785,32.22527881040892,0.012230020343504162,2.285057100371749,15.890706319702602,0.006381710269403211,0.4929364202292669,5.6011759621451125,36.843533123028394,0.015614239272951093,2.82998018927445,22.52492113564669,0.007835530045022196,1.8630914826498424,0.00402220134195386,1.9444468750000041,16.553125,0.005470102952261012,0.0,0
18311.0,2022-02-17 14:05:00,348.48,348.545,348.09,348.215,392803.0,1p,1p,1.0,buy,False,0.3038596957248973,3.298000000000002,33.0,0.009385636390542653,-0.04201379112690573,-0.4550321312432925,-0.47603902680674537,-0.0013629267201947714,31.838383576422913,20.071787381460208,23.54015027165089,13.135061601078839,392803.0,3.298000000000002,0.0,3.298000000000002,33.0,0.009385636390542653,3.298000000000002,0.0,0.0,1.0,1.0,-0.04201379112690573,-0.47603902680674537,-0.4550321312432925,31.838383576422913,20.071787381460208,23.54015027165089,13.135061601078839,9.194778571643925,33.01076241295122,38.010501354859294,-0.0760445362718214,0.13071332126750007,0.06499999999999773,0.125,0.2650000000000432,0.0,18312.0,18312.0,2022-02-17,2022-02-17 14:05:00,0.8198957540599969,257.0,1.0,best_within_2.0d,18568.0,351.07,0.5832424107187206,4.3760036431226785,32.22527881040892,0.012230020343504162,2.285057100371749,15.890706319702602,0.006381710269403211,0.4929364202292669,5.6011759621451125,36.843533123028394,0.015614239272951093,2.82998018927445,22.52492113564669,0.007835530045022196,1.8630914826498424,0.00402220134195386,1.9444468750000041,16.553125,0.005470102952261012,0.0,0
18314.0,2022-02-17 14:20:00,348.44,348.56,347.93,347.96,388117.0,1p,1p,1.0,buy,False,0.3038596957248973,3.45799999999997,36.0,0.009840973510762947,-0.03543242782989575,-0.4592051470612299,-0.47692136097617777,-0.0013662304915208828,32.23658266931426,20.125437862631202,24.007166144647485,12.361981298598636,388117.0,3.45799999999997,0.0,3.45799999999997,36.0,0.009840973510762947,3.45799999999997,0.0,0.0,1.0,1.0,-0.03543242782989575,-0.47692136097617777,-0.4592051470612299,32.23658266931426,20.125437862631202,24.007166144647485,12.361981298598636,11.328823078886368,27.125351033954782,39.09090061757083,-0.13775685914361674,0.18107090506710988,0.12000000000000455,0.029999999999972715,0.4800000000000182,0.0,18315.0,18315.0,2022-02-17,2022-02-17 14:20:00,0.8937808943556771,254.0,1.0,best_within_2.0d,18568.0,351.07,0.5832424107187206,4.3760036431226785,32.22527881040892,0.012230020343504162,2.285057100371749,15.890706319702602,0.006381710269403211,0.4929364202292669,5.6011759621451125,36.843533123028394,0.015614239272951093,2.82998018927445,22.52492113564669,0.007835530045022196,1.8630914826498424,0.00402220134195386,1.9444468750000041,16.553125,0.005470102952261012,0.0,0
18315.0,2022-02-17 14:25:00,347.94,348.13,347.86,348.0601,377590.0,1p,1p,1.0,buy,False,0.3038596957248973,3.527999999999963,37.0,0.010040183500859345,-0.04090293544126633,-0.4643180139913882,-0.4847694817120214,-0.0013890130015636417,34.26746704483463,19.3723157179435,22.462216002412823,13.192515149004855,377590.0,3.527999999999963,0.0,3.527999999999963,37.0,0.010040183500859345,3.527999999999963,0.0,0.0,1.0,1.0,-0.04090293544126633,-0.4847694817120214,-0.4643180139913882,34.26746704483463,19.3723157179435,22.462216002412823,13.192515149004855,11.625622216399806,28.65470264605762,39.31843791376078,0.03451744553658086,0.07761743230034548,0.06990000000001828,0.07999999999998408,0.12009999999997945,1.0,18316.0,18316.0,2022-02-17,2022-02-17 14:25:00,0.8647644472894239,253.0,1.0,best_within_2.0d,18568.0,351.07,0.5832424107187206,4.3760036431226785,32.22527881040892,0.012230020343504162,2.285057100371749,15.890706319702602,0.006381710269403211,0.4929364202292669,5.6011759621451125,36.843533123028394,0.015614239272951093,2.82998018927445,22.52492113564669,0.007835530045022196,1.8630914826498424,0.00402220134195386,1.9444468750000041,16.553125,0.005470102952261012,0.0,0
18316.0,2022-02-17 14:30:00,348.06,348.22,347.67,347.8,325778.0,1p,1p,1.0,buy,False,0.3038596957248973,3.717999999999961,38.0,0.010580896331121043,-0.06691929547785058,-0.4726829259261196,-0.5061425736650449,-0.001450623793721365,31.615991290083855,16.22276518600801,20.382399063611217,7.9034974308016,325778.0,3.717999999999961,0.0,3.717999999999961,38.0,0.010580896331121043,3.717999999999961,0.0,0.0,1.0,1.0,-0.06691929547785058,-0.5061425736650449,-0.4726829259261196,31.615991290083855,16.22276518600801,20.382399063611217,7.9034974308016,11.721587532192599,27.240309053688378,39.35501438239061,-0.0746997644084327,0.15819599045071803,0.160000000000025,0.12999999999999545,0.2599999999999909,0.0,18317.0,18317.0,2022-02-17,2022-02-17 14:30:00,0.9401955146635945,252.0,1.0,best_within_2.0d,18568.0,351.07,0.5832424107187206,4.3760036431226785,32.22527881040892,0.012230020343504162,2.285057100371749,15.890706319702602,0.006381710269403211,0.4929364202292669,5.6011759621451125,36.843533123028394,0.015614239272951093,2.82998018927445,22.52492113564669,0.007835530045022196,1.8630914826498424,0.00402220134195386,1.9444468750000041,16.553125,0.005470102952261012,0.0,0
18317.0,2022-02-17 14:35:00,347.8,347.92,347.51,347.62,424241.0,1p,1p,1.0,buy,False,0.3038596957248973,3.877999999999986,39.0,0.011036233451341498,-0.09407346483774714,-0.484442109030838,-0.5314788414497116,-0.0015236569846656062,29.8922161740025,13.309507856431907,18.02476866121811,3.8789862468594976,424241.0,3.877999999999986,0.0,3.877999999999986,39.0,0.011036233451341498,3.877999999999986,0.0,0.0,1.0,1.0,-0.09407346483774714,-0.5314788414497116,-0.484442109030838,29.8922161740025,13.309507856431907,18.02476866121811,3.8789862468594976,11.760418737162395,29.152587292122494,39.58037917346929,-0.05175388154111754,0.11798221633910536,0.12000000000000455,0.11000000000001364,0.18000000000000682,0.0,18318.0,18318.0,2022-02-17,2022-02-17 14:35:00,0.9924630343478479,251.0,1.0,best_within_2.0d,18568.0,351.07,0.5832424107187206,4.3760036431226785,32.22527881040892,0.012230020343504162,2.285057100371749,15.890706319702602,0.006381710269403211,0.4929364202292669,5.6011759621451125,36.843533123028394,0.015614239272951093,2.82998018927445,22.52492113564669,0.007835530045022196,1.8630914826498424,0.00402220134195386,1.9444468750000041,16.553125,0.005470102952261012,0.0,0
18318.0,2022-02-17 14:40:00,347.61,347.8199,347.45,347.475,462884.0,1p,1p,1.0,buy,False,0.3038596957248973,3.937999999999988,40.0,0.011206984871424148,-0.1158356756878891,-0.4989215684918241,-0.5568394063357687,-0.0015968166679651125,28.54219270529245,9.481277743704824,15.176938355380347,-1.9100434796462196,462884.0,3.937999999999988,0.0,3.937999999999988,40.0,0.011206984871424148,3.937999999999988,0.0,0.0,1.0,1.0,-0.1158356756878891,-0.5568394063357687,-0.4989215684918241,28.54219270529245,9.481277743704824,15.176938355380347,-1.9100434796462196,5.463454610643215,31.0733980980348,41.75988479993051,-0.03883662725467935,0.10646136134696493,0.20990000000000464,0.025000000000034106,0.1349999999999909,0.0,18319.0,18319.0,2022-02-17,2022-02-17 14:40:00,1.034606806245045,250.0,1.0,best_within_2.0d,18568.0,351.07,0.5832424107187206,4.3760036431226785,32.22527881040892,0.012230020343504162,2.285057100371749,15.890706319702602,0.006381710269403211,0.4929364202292669,5.6011759621451125,36.843533123028394,0.015614239272951093,2.82998018927445,22.52492113564669,0.007835530045022196,1.8630914826498424,0.00402220134195386,1.9444468750000041,16.553125,0.005470102952261012,0.0,0
18319.0,2022-02-17 14:45:00,347.49,347.9,347.27,347.81,539456.0,1p,1p,1.0,buy,False,0.3038596957248973,4.117999999999995,41.0,0.011719239131672098,-0.0715485301494474,-0.507865134760505,-0.5436393998352287,-0.0015592646481833881,35.760671495805894,19.411760920046135,16.58854587693561,25.058191006267187,539456.0,4.117999999999995,0.0,4.117999999999995,41.0,0.011719239131672098,4.117999999999995,0.0,0.0,1.0,1.0,-0.0715485301494474,-0.5436393998352287,-0.507865134760505,35.760671495805894,19.411760920046135,16.58854587693561,25.058191006267187,5.395471176381099,32.605506752769045,43.891572604587985,0.0920889809778679,0.18141503729086747,0.08999999999997499,0.22000000000002728,0.3199999999999932,1.0,18320.0,18320.0,2022-02-17,2022-02-17 14:45:00,0.9372933498174264,249.0,1.0,best_within_2.0d,18568.0,351.07,0.5832424107187206,4.3760036431226785,32.22527881040892,0.012230020343504162,2.285057100371749,15.890706319702602,0.006381710269403211,0.4929364202292669,5.6011759621451125,36.843533123028394,0.015614239272951093,2.82998018927445,22.52492113564669,0.007835530045022196,1.8630914826498424,0.00402220134195386,1.9444468750000041,16.553125,0.005470102952261012,0.0,0
18320.0,2022-02-17 14:50:00,347.78,347.79,347.24,347.43,369512.0,1p,1p,1.0,buy,False,0.3038596957248973,4.147999999999968,42.0,0.011804614841713343,-0.07928071865187958,-0.51777522459199,-0.5574155839179298,-0.0015991923503150922,31.832501771883045,17.448884504230076,16.875325419367094,18.596002673956036,369512.0,4.147999999999968,0.0,4.147999999999968,42.0,0.011804614841713343,4.147999999999968,0.0,0.0,1.0,1.0,-0.07928071865187958,-0.5574155839179298,-0.51777522459199,31.832501771883045,17.448884504230076,16.875325419367094,18.596002673956036,5.143950232281322,29.416965390859183,45.773071571369925,-0.10063833457932196,0.1583918903352181,0.010000000000047748,0.18999999999999773,0.3499999999999659,0.0,18321.0,18321.0,2022-02-17,2022-02-17 14:50:00,1.0476930604726093,248.0,1.0,best_within_2.0d,18568.0,351.07,0.5832424107187206,4.3760036431226785,32.22527881040892,0.012230020343504162,2.285057100371749,15.890706319702602,0.006381710269403211,0.4929364202292669,5.6011759621451125,36.843533123028394,0.015614239272951093,2.82998018927445,22.52492113564669,0.007835530045022196,1.8630914826498424,0.00402220134195386,1.9444468750000041,16.553125,0.005470102952261012,0.0,0
18321.0,2022-02-17 14:55:00,347.42,347.64,347.16,347.22,444290.0,1p,1p,1.0,buy,False,0.3038596957248973,4.227999999999952,43.0,0.012032283401823489,-0.0973335813581282,-0.5299419222617561,-0.5786087129408202,-0.0016604672761946658,29.879180657879317,12.979391016288153,15.576680618340779,7.784811812182898,444290.0,4.227999999999952,0.0,4.227999999999952,43.0,0.012032283401823489,4.227999999999952,0.0,0.0,1.0,1.0,-0.0973335813581282,-0.5786087129408202,-0.5299419222617561,29.879180657879317,12.979391016288153,15.576680618340779,7.784811812182898,5.038655938528226,28.184981656143187,47.47986977666482,-0.05756720971734173,0.13826477704803586,0.21999999999997044,0.060000000000002274,0.19999999999998863,0.0,18322.0,18322.0,2022-02-17,2022-02-17 14:55:00,1.1088070963654069,247.0,1.0,best_within_2.0d,18568.0,351.07,0.5832424107187206,4.3760036431226785,32.22527881040892,0.012230020343504162,2.285057100371749,15.890706319702602,0.006381710269403211,0.4929364202292669,5.6011759621451125,36.843533123028394,0.015614239272951093,2.82998018927445,22.52492113564669,0.007835530045022196,1.8630914826498424,0.00402220134195386,1.9444468750000041,16.553125,0.005470102952261012,0.0,0
18322.0,2022-02-17 15:00:00,347.2,347.39,346.73,346.84,643507.0,1p,1p,1.0,buy,False,0.3173002307307079,4.657999999999959,44.0,0.013256001912415789,-0.142385044594334,-0.5477400528360479,-0.6189325751332149,-0.001776799420950731,26.68789173349772,10.656570331440875,13.93664385604081,4.096423282241005,643507.0,4.657999999999959,0.0,4.657999999999959,44.0,0.013256001912415789,4.657999999999959,0.0,0.0,1.0,1.0,-0.142385044594334,-0.6189325751332149,-0.5477400528360479,26.68789173349772,10.656570331440875,13.93664385604081,4.096423282241005,2.178649237472189,34.302136930422684,50.37815825785625,-0.1036866359447044,0.19034983993307997,0.18999999999999773,0.1099999999999568,0.36000000000001364,0.0,18323.0,18323.0,2022-02-17,2022-02-17 15:00:00,1.2195825164340959,246.0,1.0,best_within_2.0d,18568.0,351.07,0.5832424107187206,4.3760036431226785,32.22527881040892,0.012230020343504162,2.285057100371749,15.890706319702602,0.006381710269403211,0.4929364202292669,5.6011759621451125,36.843533123028394,0.015614239272951093,2.82998018927445,22.52492113564669,0.007835530045022196,1.8630914826498424,0.00402220134195386,1.9444468750000041,16.553125,0.005470102952261012,0.0,0
18323.0,2022-02-17 15:05:00,346.87,346.91,346.415,346.42,526283.0,1p,1p,1.0,buy,False,0.4607975736230031,4.972999999999956,45.0,0.014152446867849661,-0.20677792423339225,-0.573587293365222,-0.6769762554819181,-0.001944222519532954,23.67774198264543,7.1967163243769345,11.690001345486184,-1.7898537178415665,526283.0,4.972999999999956,0.0,4.972999999999956,45.0,0.014152446867849661,4.972999999999956,0.0,0.0,1.0,1.0,-0.20677792423339225,-0.6769762554819181,-0.573587293365222,23.67774198264543,7.1967163243769345,11.690001345486184,-1.7898537178415665,1.4977010289200985,37.96672108313782,53.38042318034352,-0.12973159973476767,0.1428921957767431,0.040000000000020464,0.0049999999999954525,0.44999999999998863,0.0,18324.0,18324.0,2022-02-17,2022-02-17 15:05:00,1.342301252814496,245.0,1.0,best_within_2.0d,18568.0,351.07,0.5832424107187206,4.3760036431226785,32.22527881040892,0.012230020343504162,2.285057100371749,15.890706319702602,0.006381710269403211,0.4929364202292669,5.6011759621451125,36.843533123028394,0.015614239272951093,2.82998018927445,22.52492113564669,0.007835530045022196,1.8630914826498424,0.00402220134195386,1.9444468750000041,16.553125,0.005470102952261012,0.0,0
18324.0,2022-02-17 15:10:00,346.42,346.64,346.11,346.2463,796248.0,1p,1p,1.0,buy,False,0.5526822490072505,5.277999999999963,46.0,0.015020433253269785,-0.24801017790050506,-0.6045885656027851,-0.7285936545530376,-0.0020933331942858545,22.54517807882307,6.951049429521506,10.11035070683129,0.6324468749019374,796248.0,5.277999999999963,0.0,5.277999999999963,46.0,0.015020433253269785,5.277999999999963,0.0,0.0,1.0,1.0,-0.24801017790050506,-0.7285936545530376,-0.6045885656027851,22.54517807882307,6.951049429521506,10.11035070683129,0.6324468749019374,1.4756009384817035,37.62782393129644,56.17130939522483,-0.05014144679868271,0.15313050764207123,0.21999999999997044,0.13630000000000564,0.17369999999999663,0.0,18325.0,18325.0,2022-02-17,2022-02-17 15:10:00,1.3931412407872585,244.0,1.0,best_within_2.0d,18568.0,351.07,0.5832424107187206,4.3760036431226785,32.22527881040892,0.012230020343504162,2.285057100371749,15.890706319702602,0.006381710269403211,0.4929364202292669,5.6011759621451125,36.843533123028394,0.015614239272951093,2.82998018927445,22.52492113564669,0.007835530045022196,1.8630914826498424,0.00402220134195386,1.9444468750000041,16.553125,0.005470102952261012,0.0,0
18325.0,2022-02-17 15:15:00,346.24,346.49,345.96,346.47,742358.0,1p,1p,1.0,buy,False,0.5526822490072505,5.427999999999997,47.0,0.015447311803476492,-0.22127679246897936,-0.6322481646614075,-0.7428865608958972,-0.0021351182728693613,27.36383688670753,13.307502340770089,11.176067918144224,17.570371186021823,742358.0,5.427999999999997,0.0,5.427999999999997,47.0,0.015447311803476492,5.427999999999997,0.0,0.0,1.0,1.0,-0.22127679246897936,-0.7428865608958972,-0.6322481646614075,27.36383688670753,13.307502340770089,11.176067918144224,17.570371186021823,1.4594492038699736,34.88083597250489,58.72820668741924,0.06642791127542115,0.15319690137589015,0.01999999999998181,0.28000000000002956,0.2300000000000182,1.0,18326.0,18326.0,2022-02-17,2022-02-17 15:15:00,1.3276762778884075,243.0,1.0,best_within_2.0d,18568.0,351.07,0.5832424107187206,4.3760036431226785,32.22527881040892,0.012230020343504162,2.285057100371749,15.890706319702602,0.006381710269403211,0.4929364202292669,5.6011759621451125,36.843533123028394,0.015614239272951093,2.82998018927445,22.52492113564669,0.007835530045022196,1.8630914826498424,0.00402220134195386,1.9444468750000041,16.553125,0.005470102952261012,0.0,0
18328.0,2022-02-17 15:30:00,346.22,346.72,345.5609,345.76,1030733.0,1p,1p,1.0,buy,False,0.5526822490072505,5.827099999999973,50.0,0.016583093332726142,-0.1969546752647484,-0.7016188018602352,-0.8000961394926094,-0.0023020258727213983,22.079804853575013,13.435331050916929,13.761138063977192,12.783717024796402,1030733.0,5.827099999999973,0.0,5.827099999999973,50.0,0.016583093332726142,5.827099999999973,0.0,0.0,1.0,1.0,-0.1969546752647484,-0.8000961394926094,-0.7016188018602352,22.079804853575013,13.435331050916929,13.761138063977192,12.783717024796402,2.6113069591329006,35.5020237628937,63.83120557334055,-0.13286349719832372,0.33542568039382453,0.5,0.19909999999998718,0.4600000000000364,0.0,18329.0,18329.0,2022-02-17,2022-02-17 15:30:00,1.5357473391948178,240.0,1.0,best_within_2.0d,18568.0,351.07,0.5832424107187206,4.3760036431226785,32.22527881040892,0.012230020343504162,2.285057100371749,15.890706319702602,0.006381710269403211,0.4929364202292669,5.6011759621451125,36.843533123028394,0.015614239272951093,2.82998018927445,22.52492113564669,0.007835530045022196,1.8630914826498424,0.00402220134195386,1.9444468750000041,16.553125,0.005470102952261012,0.0,0
18332.0,2022-02-17 15:50:00,346.31,346.38,345.02,345.345,2396025.0,1p,1p,1.0,buy,False,0.5526822490072516,6.367999999999995,54.0,0.018122417384771237,-0.05973275087885477,-0.7178681263845429,-0.7477345018239703,-0.0021537017801619494,27.16717020025162,33.2154827705304,30.413025925437918,38.820396460715365,2396025.0,6.367999999999995,0.0,6.367999999999995,54.0,0.018122417384771237,6.367999999999995,0.0,0.0,1.0,1.0,-0.05973275087885477,-0.7477345018239703,-0.7178681263845429,27.16717020025162,33.2154827705304,30.413025925437918,38.820396460715365,5.477366211629082,36.04804855611165,67.05681537368861,-0.27865207473072534,0.39418004753348035,0.06999999999999318,0.3250000000000455,0.964999999999975,0.0,18333.0,18333.0,2022-02-17,2022-02-17 15:50:00,1.6577625273277348,236.0,1.0,best_within_2.0d,18568.0,351.07,0.5832424107187206,4.3760036431226785,32.22527881040892,0.012230020343504162,2.285057100371749,15.890706319702602,0.006381710269403211,0.4929364202292669,5.6011759621451125,36.843533123028394,0.015614239272951093,2.82998018927445,22.52492113564669,0.007835530045022196,1.8630914826498424,0.00402220134195386,1.9444468750000041,16.553125,0.005470102952261012,0.0,0
18335.0,2022-02-17 16:05:00,345.64,345.64,344.88,345.05,157831.0,1p,1p,1.0,buy,False,0.5526822490072505,6.507999999999981,57.0,0.018520837364964033,-0.10321158321458457,-0.7491556196292863,-0.8007614112365786,-0.0023089346955109296,27.7614317847777,23.31831664232308,28.035547441045495,13.883855044878246,157831.0,6.507999999999981,0.0,6.507999999999981,57.0,0.018520837364964033,6.507999999999981,0.0,0.0,1.0,1.0,-0.10321158321458457,-0.8007614112365786,-0.7491556196292863,27.7614317847777,23.31831664232308,28.035547441045495,13.883855044878246,5.380644223078321,36.13860871913743,68.22108734353762,-0.17069783589861562,0.22036650429134505,0.0,0.17000000000001592,0.589999999999975,0.0,18336.0,18336.0,2022-02-17,2022-02-17 16:05:00,1.7446746848282804,233.0,1.0,best_within_2.0d,18568.0,351.07,0.5832424107187206,4.3760036431226785,32.22527881040892,0.012230020343504162,2.285057100371749,15.890706319702602,0.006381710269403211,0.4929364202292669,5.6011759621451125,36.843533123028394,0.015614239272951093,2.82998018927445,22.52492113564669,0.007835530045022196,1.8630914826498424,0.00402220134195386,1.9444468750000041,16.553125,0.005470102952261012,0.0,0
18336.0,2022-02-17 16:10:00,345.03,345.41,344.68,345.4,313566.0,1p,1p,1.0,buy,False,0.5526822490072505,6.70799999999997,58.0,0.01909000876523948,-0.0654118347778283,-0.7573320989765149,-0.790038016365429,-0.002278700800577433,33.47930842656598,26.489456876915426,27.520183919668803,24.428002791408673,313566.0,6.70799999999997,0.0,6.70799999999997,58.0,0.01909000876523948,6.70799999999997,0.0,0.0,1.0,1.0,-0.0654118347778283,-0.790038016365429,-0.7573320989765149,33.47930842656598,26.489456876915426,27.520183919668803,24.428002791408673,5.341803219518932,33.50589351455635,68.52663389636464,0.10723705185056505,0.21179064639666303,0.010000000000047748,0.3499999999999659,0.37000000000000455,1.0,18337.0,18337.0,2022-02-17,2022-02-17 16:10:00,1.6415749855240347,232.0,1.0,best_within_2.0d,18568.0,351.07,0.5832424107187206,4.3760036431226785,32.22527881040892,0.012230020343504162,2.285057100371749,15.890706319702602,0.006381710269403211,0.4929364202292669,5.6011759621451125,36.843533123028394,0.015614239272951093,2.82998018927445,22.52492113564669,0.007835530045022196,1.8630914826498424,0.00402220134195386,1.9444468750000041,16.553125,0.005470102952261012,1.0,0
18349.0,2022-02-17 17:15:00,352.13,352.24,350.71,351.1213,1281202.0,1p,1p,1.0,buy,False,1.179265306481663,5.660000000000025,120.0,0.015882369447484425,-0.581969187301816,-0.667555804895155,-0.958540398546063,-0.002707484421119078,17.205724497714684,11.72602370298262,12.585850443080213,10.006370222787435,1281202.0,5.660000000000025,0.0,5.660000000000025,120.0,0.015882369447484425,5.660000000000025,0.0,0.0,1.0,1.0,-0.581969187301816,-0.958540398546063,-0.667555804895155,17.205724497714684,11.72602370298262,12.585850443080213,10.006370222787435,1.6806899232137307,54.202250023634605,46.930197838269315,-0.2864567063300418,0.436257876878341,0.11000000000001364,0.41130000000003974,1.0086999999999762,0.0,18350.0,18350.0,2022-02-17,2022-02-17 17:15:00,-0.014610335516536906,219.0,1.0,best_within_2.0d,18568.0,351.07,0.5832424107187206,4.3760036431226785,32.22527881040892,0.012230020343504162,2.285057100371749,15.890706319702602,0.006381710269403211,0.4929364202292669,5.6011759621451125,36.843533123028394,0.015614239272951093,2.82998018927445,22.52492113564669,0.007835530045022196,1.8630914826498424,0.00402220134195386,1.9444468750000041,16.553125,0.005470102952261012,0.0,0
18373.0,2022-02-17 19:15:00,345.6,345.6,345.25,345.42,61354.0,2,2,1.0,buy,False,0.5250000000000011,4.163492493946733,28.239017640954685,0.011578080659927173,0.06526824079516585,0.0008280937431010285,0.033462214140683955,9.68335710270679e-05,45.58247336740696,48.252426036332416,65.70875460554825,13.33976889790074,61354.0,0.6299999999999955,1.0,1.1999999999999886,29.0,0.0034814900777532455,0.6299999999999955,10.0,0.0018214409621834032,2.0,2.0,0.06526824079516585,0.033462214140683955,0.0008280937431010285,45.58247336740696,48.252426036332416,65.70875460554825,13.33976889790074,34.53453453453402,17.71771771771705,36.86613484808557,-0.052083333333335306,0.1013758146270884,0.0,0.17000000000001592,0.18000000000000682,0.0,18374.0,18374.0,2022-02-17,2022-02-17 19:15:00,1.6356898847779449,195.0,1.0,best_within_2.0d,18568.0,351.07,0.5250000000000011,1.1999999999999886,29.0,0.0034814900777532455,0.6299999999999955,10.0,0.0018214409621834032,0.4929364202292669,5.6011759621451125,36.843533123028394,0.015614239272951093,2.82998018927445,22.52492113564669,0.007835530045022196,1.8630914826498424,0.00402220134195386,1.9444468750000041,16.553125,0.005470102952261012,0.0,0
18374.0,2022-02-17 19:20:00,345.3304,345.35,345.17,345.22,17638.0,2,2,1.0,buy,False,0.5916666666666552,4.163492493946733,28.239017640954685,0.011578080659927173,4.7458590702251875e-05,0.0008340260669388099,0.0008577553622899359,2.4823713971336335e-06,40.79995402912363,34.515701864597794,55.31107035856476,-7.075035123336136,17638.0,0.7099999999999795,1.0,1.1999999999999886,29.0,0.0034814900777532455,0.7099999999999795,11.0,0.0020527350526193464,2.0,2.0,4.7458590702251875e-05,0.0008577553622899359,0.0008340260669388099,40.79995402912363,34.515701864597794,55.31107035856476,-7.075035123336136,28.61445783132502,20.180722891565072,35.46740740302848,-0.03196938352371238,0.05214821682069902,0.019600000000025375,0.05000000000001137,0.11039999999997008,0.0,18375.0,18375.0,2022-02-17,2022-02-17 19:20:00,1.6945715775447439,194.0,1.0,best_within_2.0d,18568.0,351.07,0.5916666666666552,1.1999999999999886,29.0,0.0034814900777532455,0.7099999999999795,11.0,0.0020527350526193464,0.4929364202292669,5.6011759621451125,36.843533123028394,0.015614239272951093,2.82998018927445,22.52492113564669,0.007835530045022196,1.8630914826498424,0.00402220134195386,1.9444468750000041,16.553125,0.005470102952261012,0.0,0
18375.0,2022-02-17 19:25:00,345.13,345.3,345.13,345.3,12650.0,2,2,1.0,buy,False,0.6250000000000059,4.163492493946733,28.239017640954685,0.011578080659927173,-0.030638533118188215,-0.002995790572834717,-0.018315057131928825,-5.3007072244166876e-05,43.35988158483898,30.566023465288126,47.06272139413922,-2.427372392414057,12650.0,0.75,1.0,1.1999999999999886,29.0,0.0034814900777532455,0.75,12.0,0.0021683820978374005,2.0,2.0,-0.030638533118188215,-0.018315057131928825,-0.002995790572834717,43.35988158483898,30.566023465288126,47.06272139413922,-2.427372392414057,21.172638436481392,23.12703583061828,33.249147210375206,0.04925680178483931,0.04925680178483931,0.0,0.0,0.17000000000001592,1.0,18376.0,18376.0,2022-02-17,2022-02-17 19:25:00,1.6710107153200062,193.0,1.0,best_within_2.0d,18568.0,351.07,0.6250000000000059,1.1999999999999886,29.0,0.0034814900777532455,0.75,12.0,0.0021683820978374005,0.4929364202292669,5.6011759621451125,36.843533123028394,0.015614239272951093,2.82998018927445,22.52492113564669,0.007835530045022196,1.8630914826498424,0.00402220134195386,1.9444468750000041,16.553125,0.005470102952261012,0.0,0
18377.0,2022-02-17 19:35:00,345.15,345.15,345.02,345.09,22920.0,2,2,1.0,buy,False,0.7166666666666848,4.163492493946733,28.239017640954685,0.011578080659927173,-0.09282924995876485,-0.02269991734169174,-0.06911454232107417,-0.00020006235256414724,38.51390957188046,17.48326279766496,31.66788083098073,-10.885973268966588,22920.0,0.8600000000000136,1.0,1.1999999999999886,29.0,0.0034814900777532455,0.8600000000000136,14.0,0.002486411472186925,2.0,2.0,-0.09282924995876485,-0.06911454232107417,-0.02269991734169174,38.51390957188046,17.48326279766496,31.66788083098073,-10.885973268966588,15.034965034963212,29.020979020978327,32.565553921489816,-0.017383746197306177,0.0376789751318751,0.0,0.06999999999999318,0.060000000000002274,0.0,18378.0,18378.0,2022-02-17,2022-02-17 19:35:00,1.7328812773479436,191.0,1.0,best_within_2.0d,18568.0,351.07,0.7166666666666848,1.1999999999999886,29.0,0.0034814900777532455,0.8600000000000136,14.0,0.002486411472186925,0.4929364202292669,5.6011759621451125,36.843533123028394,0.015614239272951093,2.82998018927445,22.52492113564669,0.007835530045022196,1.8630914826498424,0.00402220134195386,1.9444468750000041,16.553125,0.005470102952261012,0.0,0
18379.0,2022-02-17 19:45:00,345.09,345.09,344.7,344.78,14928.0,2,2,1.0,buy,False,0.9833333333333484,4.163492493946733,28.239017640954685,0.011578080659927173,-0.14548833363561015,-0.05386577953545043,-0.1266099463532555,-0.0003665717820441309,32.25472914947974,12.261764907959641,21.44104283321723,-6.096790942555543,14928.0,1.1800000000000068,1.0,1.1999999999999886,29.0,0.0034814900777532455,1.1800000000000068,16.0,0.003411587833930863,2.0,2.0,-0.14548833363561015,-0.1266099463532555,-0.05386577953545043,32.25472914947974,12.261764907959641,21.44104283321723,-6.096790942555543,8.275862068963773,39.310344827585276,36.39512510662932,-0.08983163812338876,0.11314186248911702,0.0,0.07999999999998408,0.3100000000000023,0.0,18380.0,18380.0,2022-02-17,2022-02-17 19:45:00,1.824351760542961,189.0,1.0,best_within_2.0d,18568.0,351.07,0.9833333333333484,1.1999999999999886,29.0,0.0034814900777532455,1.1800000000000068,16.0,0.003411587833930863,0.4929364202292669,5.6011759621451125,36.843533123028394,0.015614239272951093,2.82998018927445,22.52492113564669,0.007835530045022196,1.8630914826498424,0.00402220134195386,1.9444468750000041,16.553125,0.005470102952261012,0.0,0
18380.0,2022-02-17 19:50:00,344.78,345.15,344.59,345.13,24591.0,1p,1p,1.0,buy,False,0.5866221951252201,1.2900000000000205,17.0,0.0037296172082803875,-0.1183123308171034,-0.06865482088758837,-0.12781098629614007,-0.0003700697085913066,43.57972084215525,23.050542996491117,21.97754288764186,25.19654321418963,24591.0,1.2900000000000205,0.0,1.2900000000000205,17.0,0.0037296172082803875,1.2900000000000205,0.0,0.0,1.0,1.0,-0.1183123308171034,-0.12781098629614007,-0.06865482088758837,43.57972084215525,23.050542996491117,21.97754288764186,25.19654321418963,7.250755287007491,37.160120845921334,38.60596894012123,0.10151400893323938,0.16251197074784596,0.01999999999998181,0.18999999999999773,0.35000000000002274,1.0,18381.0,18381.0,2022-02-17,2022-02-17 19:50:00,1.7210906035406943,188.0,1.0,best_within_2.0d,18568.0,351.07,0.5832424107187206,4.3760036431226785,32.22527881040892,0.012230020343504162,2.285057100371749,15.890706319702602,0.006381710269403211,0.4929364202292669,5.6011759621451125,36.843533123028394,0.015614239272951093,2.82998018927445,22.52492113564669,0.007835530045022196,1.8630914826498424,0.00402220134195386,1.9444468750000041,16.553125,0.005470102952261012,1.0,0
18408.0,2022-02-18 06:10:00,347.89,347.89,347.65,347.82,4252.0,2,2,1.0,buy,False,0.14525139664805384,4.163492493946733,28.239017640954685,0.011578080659927173,-0.166174386299191,0.419140493442456,0.3360533002928605,0.0009670854250188493,58.2719064455939,40.2923387368302,49.219080504786945,22.43885520091672,4252.0,0.5200000000000387,1.0,3.580000000000041,22.0,0.010389158129951656,0.5200000000000387,8.0,0.00149352327885814,2.0,2.0,-0.166174386299191,0.3360533002928605,0.419140493442456,58.2719064455939,40.2923387368302,49.219080504786945,22.43885520091672,24.91694352159429,24.58471760797522,28.670715093582903,-0.020121302710624962,0.06903494894290496,0.0,0.17000000000001592,0.06999999999999318,0.0,18409.0,18409.0,2022-02-18,2022-02-18 06:10:00,0.9343913518486574,160.0,1.0,best_within_2.0d,18568.0,351.07,0.14525139664805384,3.580000000000041,22.0,0.010389158129951656,0.5200000000000387,8.0,0.00149352327885814,0.4929364202292669,5.6011759621451125,36.843533123028394,0.015614239272951093,2.82998018927445,22.52492113564669,0.007835530045022196,1.8630914826498424,0.00402220134195386,1.9444468750000041,16.553125,0.005470102952261012,1.0,0
18414.0,2022-02-18 06:40:00,347.8,347.8,347.45,347.45,4324.0,2,2,1.0,buy,False,0.2011173184357595,4.163492493946733,28.239017640954685,0.011578080659927173,-0.21666590060620494,0.2973537372634298,0.1890207869603273,0.0005437755041740782,46.55676086441634,29.680618954209052,43.89258836882924,1.2566801249686819,4324.0,0.7200000000000273,1.0,3.580000000000041,22.0,0.010389158129951656,0.7200000000000273,14.0,0.0020679553091881185,2.0,2.0,-0.21666590060620494,0.1890207869603273,0.2973537372634298,46.55676086441634,29.680618954209052,43.89258836882924,1.2566801249686819,19.930069930071188,29.370629370629757,25.5167901765408,-0.10063254744106462,0.10073391854943813,0.0,0.0,0.35000000000002274,0.0,18415.0,18415.0,2022-02-18,2022-02-18 06:40:00,1.0418765289969794,154.0,1.0,best_within_2.0d,18568.0,351.07,0.2011173184357595,3.580000000000041,22.0,0.010389158129951656,0.7200000000000273,14.0,0.0020679553091881185,0.4929364202292669,5.6011759621451125,36.843533123028394,0.015614239272951093,2.82998018927445,22.52492113564669,0.007835530045022196,1.8630914826498424,0.00402220134195386,1.9444468750000041,16.553125,0.005470102952261012,0.0,0
18415.0,2022-02-18 06:45:00,347.49,347.51,347.21,347.22,9081.0,2,2,1.0,buy,False,0.2681564245810127,4.163492493946733,28.239017640954685,0.011578080659927173,-0.26940020510943685,0.2636787116247502,0.12897860907003178,0.00037107669819991864,41.77794144626228,20.161611138013797,35.98226262522409,-11.479691836406786,9081.0,0.9600000000000364,1.0,3.580000000000041,22.0,0.010389158129951656,0.9600000000000364,15.0,0.002757273745584158,2.0,2.0,-0.26940020510943685,0.12897860907003178,0.2636787116247502,41.77794144626228,20.161611138013797,35.98226262522409,-11.479691836406786,12.195121951220043,37.63066202090655,27.340515953141455,-0.07770007770007246,0.08640304138706009,0.01999999999998181,0.010000000000047748,0.2699999999999818,0.0,18416.0,18416.0,2022-02-18,2022-02-18 06:45:00,1.1088070963654069,153.0,1.0,best_within_2.0d,18568.0,351.07,0.2681564245810127,3.580000000000041,22.0,0.010389158129951656,0.9600000000000364,15.0,0.002757273745584158,0.4929364202292669,5.6011759621451125,36.843533123028394,0.015614239272951093,2.82998018927445,22.52492113564669,0.007835530045022196,1.8630914826498424,0.00402220134195386,1.9444468750000041,16.553125,0.005470102952261012,0.0,0
18416.0,2022-02-18 06:50:00,347.05,347.31,346.98,347.29,21939.0,2,2,1.0,buy,False,0.3324022346368671,4.163492493946733,28.239017640954685,0.011578080659927173,-0.28420398565381416,0.22815321341802344,0.08605122059111636,0.00024758812662331446,43.67294401398662,22.667264568199705,31.54392993954929,4.913933825500543,21939.0,1.1899999999999977,1.0,3.580000000000041,22.0,0.010389158129951656,1.1899999999999977,16.0,0.00341787058046356,2.0,2.0,-0.28420398565381416,0.08605122059111636,0.22815321341802344,43.67294401398662,22.667264568199705,31.54392993954929,4.913933825500543,11.784511784512441,44.10774410774378,29.5184309065744,0.06915430053306702,0.09510634618709553,0.01999999999998181,0.06999999999999318,0.2400000000000091,1.0,18417.0,18417.0,2022-02-18,2022-02-18 06:50:00,1.08842753894439,152.0,1.0,best_within_2.0d,18568.0,351.07,0.3324022346368671,3.580000000000041,22.0,0.010389158129951656,1.1899999999999977,16.0,0.00341787058046356,0.4929364202292669,5.6011759621451125,36.843533123028394,0.015614239272951093,2.82998018927445,22.52492113564669,0.007835530045022196,1.8630914826498424,0.00402220134195386,1.9444468750000041,16.553125,0.005470102952261012,1.0,0
18435.0,2022-02-18 08:25:00,345.86,345.95,345.18,345.42,90209.0,2s,2s,1.0,buy,False,0.83519553072625,4.163492493946733,28.239017640954685,0.011578080659927173,-0.4925978470924313,-0.11174994958313286,-0.3580488731293485,-0.0010312381622430864,20.863146780433752,17.766141222708,32.78955673496521,-12.280689801806417,90209.0,2.819999999999993,1.0,3.580000000000041,22.0,0.010389158129951656,2.819999999999993,5.0,0.00810344827586205,1.0,2.5,-0.4925978470924313,-0.3580488731293485,-0.11174994958313286,20.863146780433752,17.766141222708,32.78955673496521,-12.280689801806417,5.48422478869663,46.609458674755224,34.51640248856334,-0.12721910599664538,0.22307202039515087,0.08999999999997499,0.2400000000000091,0.4399999999999977,0.0,18436.0,18436.0,2022-02-18,2022-02-18 08:25:00,1.6356898847779449,133.0,1.0,best_within_2.0d,18568.0,351.07,0.5832424107187206,4.3760036431226785,32.22527881040892,0.012230020343504162,2.285057100371749,15.890706319702602,0.006381710269403211,0.83519553072625,3.580000000000041,22.0,0.010389158129951656,2.819999999999993,5.0,0.00810344827586205,1.0,0.00402220134195386,1.9444468750000041,16.553125,0.005470102952261012,0.0,0
18436.0,2022-02-18 08:30:00,345.39,345.5,344.6,345.09,94750.0,2s,2s,1.0,buy,False,0.9972067039106012,4.163492493946733,28.239017640954685,0.011578080659927173,-0.5756229392871699,-0.1837028169940291,-0.4715142866376141,-0.0013586491914377246,18.8410498621746,16.592156163975417,27.390423211301943,-5.004377930677634,94750.0,3.3999999999999773,1.0,3.580000000000041,22.0,0.010389158129951656,3.3999999999999773,6.0,0.00977011494252867,1.0,2.5,-0.5756229392871699,-0.4715142866376141,-0.1837028169940291,18.8410498621746,16.592156163975417,27.390423211301943,-5.004377930677634,3.4885749171465448,50.433164718880995,38.26955941977703,-0.08685833405715608,0.2611723737666794,0.11000000000001364,0.48999999999995225,0.30000000000001137,0.0,18437.0,18437.0,2022-02-18,2022-02-18 08:30:00,1.7328812773479436,132.0,1.0,best_within_2.0d,18568.0,351.07,0.5832424107187206,4.3760036431226785,32.22527881040892,0.012230020343504162,2.285057100371749,15.890706319702602,0.006381710269403211,0.9972067039106012,3.580000000000041,22.0,0.010389158129951656,3.3999999999999773,6.0,0.00977011494252867,1.0,0.00402220134195386,1.9444468750000041,16.553125,0.005470102952261012,1.0,0
18458.0,2022-02-18 10:20:00,344.55,344.81,343.68,343.9336,599889.0,1p,1p,1.0,buy,False,0.19922972736956832,3.1299999999999955,6.0,0.009025114616072187,-0.11468122118482516,-0.4463266076900747,-0.5036672182824873,-0.0014577102788116475,36.96024627011554,31.898033642562282,41.69575198953877,12.302596948609306,599889.0,3.1299999999999955,0.0,3.1299999999999955,6.0,0.009025114616072187,3.1299999999999955,0.0,0.0,1.0,1.0,-0.11468122118482516,-0.5036672182824873,-0.4463266076900747,36.96024627011554,31.898033642562282,41.69575198953877,12.302596948609306,21.21995692475818,26.620245363693012,26.51065276401024,-0.17890001451168153,0.3287942271880806,0.2599999999999909,0.2536000000000058,0.6163999999999987,0.0,18459.0,18459.0,2022-02-18,2022-02-18 10:20:00,2.074935394506376,110.0,1.0,best_within_2.0d,18568.0,351.07,0.5832424107187206,4.3760036431226785,32.22527881040892,0.012230020343504162,2.285057100371749,15.890706319702602,0.006381710269403211,0.4929364202292669,5.6011759621451125,36.843533123028394,0.015614239272951093,2.82998018927445,22.52492113564669,0.007835530045022196,1.8630914826498424,0.00402220134195386,1.9444468750000041,16.553125,0.005470102952261012,0.0,0
18459.0,2022-02-18 10:25:00,343.9465,344.25,343.53,343.79,462252.0,1p,1p,1.0,buy,False,0.32747327525903214,3.2800000000000296,7.0,0.009457628096075745,-0.18850116198992806,-0.4698892529388157,-0.5641398339337798,-0.0016333352959634294,36.12326764168517,23.907632184472874,35.76637872118347,0.19013911105167836,462252.0,3.2800000000000296,0.0,3.2800000000000296,7.0,0.009457628096075745,3.2800000000000296,0.0,0.0,1.0,1.0,-0.18850116198992806,-0.5641398339337798,-0.4698892529388157,36.12326764168517,23.907632184472874,35.76637872118347,0.19013911105167836,20.668444730474878,26.4853124091111,25.498174566955836,-0.045501262551005485,0.20958868221116855,0.30349999999998545,0.26000000000004775,0.1564999999999941,0.0,18460.0,18460.0,2022-02-18,2022-02-18 10:25:00,2.117571773466352,109.0,1.0,best_within_2.0d,18568.0,351.07,0.5832424107187206,4.3760036431226785,32.22527881040892,0.012230020343504162,2.285057100371749,15.890706319702602,0.006381710269403211,0.4929364202292669,5.6011759621451125,36.843533123028394,0.015614239272951093,2.82998018927445,22.52492113564669,0.007835530045022196,1.8630914826498424,0.00402220134195386,1.9444468750000041,16.553125,0.005470102952261012,0.0,0
18460.0,2022-02-18 10:30:00,343.78,343.78,342.73,343.02,890921.0,1p,1p,1.0,buy,False,0.5465381472227705,4.079999999999984,8.0,0.01176436665609407,-0.31459994939074987,-0.5092142466126595,-0.6665142213080344,-0.0019307183468232035,31.94579017552222,18.307702502066594,29.946819981477844,-4.970532456755905,890921.0,4.079999999999984,0.0,4.079999999999984,8.0,0.01176436665609407,4.079999999999984,0.0,0.0,1.0,1.0,-0.31459994939074987,-0.6665142213080344,-0.5092142466126595,31.94579017552222,18.307702502066594,29.946819981477844,-4.970532456755905,19.77513188355175,29.189041971828804,25.050170562216397,-0.22107161556809324,0.3063636098386352,0.0,0.2899999999999636,0.7599999999999909,0.0,18461.0,18461.0,2022-02-18,2022-02-18 10:30:00,2.34680193574719,108.0,1.0,best_within_2.0d,18568.0,351.07,0.5832424107187206,4.3760036431226785,32.22527881040892,0.012230020343504162,2.285057100371749,15.890706319702602,0.006381710269403211,0.4929364202292669,5.6011759621451125,36.843533123028394,0.015614239272951093,2.82998018927445,22.52492113564669,0.007835530045022196,1.8630914826498424,0.00402220134195386,1.9444468750000041,16.553125,0.005470102952261012,0.0,0
18461.0,2022-02-18 10:35:00,343.02,343.15,342.55,342.73,725696.0,1p,1p,1.0,buy,False,0.7033662247762518,4.259999999999991,9.0,0.01228338283209824,-0.4048738040376487,-0.5598234721173656,-0.76226037413619,-0.002209248368937738,30.51450752039881,13.613585705603137,24.502408556186275,-8.164059995563136,725696.0,4.259999999999991,0.0,4.259999999999991,9.0,0.01228338283209824,4.259999999999991,0.0,0.0,1.0,1.0,-0.4048738040376487,-0.76226037413619,-0.5598234721173656,30.51450752039881,13.613585705603137,24.502408556186275,-8.164059995563136,14.906547414287449,30.839051533201367,25.748622382216336,-0.08454317532504332,0.17515691139978568,0.12999999999999545,0.18000000000000682,0.2899999999999636,0.0,18462.0,18462.0,2022-02-18,2022-02-18 10:35:00,2.4334023867184005,107.0,1.0,best_within_2.0d,18568.0,351.07,0.5832424107187206,4.3760036431226785,32.22527881040892,0.012230020343504162,2.285057100371749,15.890706319702602,0.006381710269403211,0.4929364202292669,5.6011759621451125,36.843533123028394,0.015614239272951093,2.82998018927445,22.52492113564669,0.007835530045022196,1.8630914826498424,0.00402220134195386,1.9444468750000041,16.553125,0.005470102952261012,0.0,0
18462.0,2022-02-18 10:40:00,342.76,343.16,342.2801,343.115,752471.0,1p,1p,1.0,buy,False,0.7033662247762518,4.529899999999998,10.0,0.013061618753784487,-0.38088434479690214,-0.6074340152169784,-0.7978761876154294,-0.0023134250515287396,34.69751731238816,16.2119872018585,21.73893477141035,5.158092062754797,752471.0,4.529899999999998,0.0,4.529899999999998,10.0,0.013061618753784487,4.529899999999998,0.0,0.0,1.0,1.0,-0.38088434479690214,-0.7978761876154294,-0.6074340152169784,34.69751731238816,16.2119872018585,21.73893477141035,5.158092062754797,15.633109279864414,30.569374295876745,26.218566505443587,0.10357101178667821,0.25707015979018955,0.045000000000015916,0.47989999999998645,0.3550000000000182,1.0,18463.0,18463.0,2022-02-18,2022-02-18 10:40:00,2.3184646547076007,106.0,1.0,best_within_2.0d,18568.0,351.07,0.5832424107187206,4.3760036431226785,32.22527881040892,0.012230020343504162,2.285057100371749,15.890706319702602,0.006381710269403211,0.4929364202292669,5.6011759621451125,36.843533123028394,0.015614239272951093,2.82998018927445,22.52492113564669,0.007835530045022196,1.8630914826498424,0.00402220134195386,1.9444468750000041,16.553125,0.005470102952261012,0.0,0
18463.0,2022-02-18 10:45:00,343.09,343.27,342.24,342.62,764580.0,1p,1p,1.0,buy,False,0.7033662247762518,4.569999999999993,11.0,0.013177244024105398,-0.3979853970058955,-0.6571821898427153,-0.856174888345663,-0.0024836715640339543,32.02788100376678,14.427039086953242,19.301636209924645,4.677844841010433,764580.0,4.569999999999993,0.0,4.569999999999993,11.0,0.013177244024105398,4.569999999999993,0.0,0.0,1.0,1.0,-0.3979853970058955,-0.856174888345663,-0.6571821898427153,32.02788100376678,14.427039086953242,19.301636209924645,4.677844841010433,16.401988582181477,26.1916871161742,25.987520693141253,-0.13699029409192065,0.300958391771848,0.18000000000000682,0.37999999999999545,0.46999999999997044,0.0,18464.0,18464.0,2022-02-18,2022-02-18 10:45:00,2.466289183351815,105.0,1.0,best_within_2.0d,18568.0,351.07,0.5832424107187206,4.3760036431226785,32.22527881040892,0.012230020343504162,2.285057100371749,15.890706319702602,0.006381710269403211,0.4929364202292669,5.6011759621451125,36.843533123028394,0.015614239272951093,2.82998018927445,22.52492113564669,0.007835530045022196,1.8630914826498424,0.00402220134195386,1.9444468750000041,16.553125,0.005470102952261012,0.0,0
18466.0,2022-02-18 11:00:00,342.63,342.64,340.98,341.1,1626744.0,1p,1p,1.0,buy,False,0.7918231088824035,5.829999999999984,14.0,0.016810357256134438,-0.4557916245127047,-0.7978275500173566,-1.025723362273709,-0.002980126733138737,25.686834004136458,10.207953559851221,14.362974398267877,1.8979118830179118,1626744.0,5.829999999999984,0.0,5.829999999999984,14.0,0.016810357256134438,5.829999999999984,0.0,0.0,1.0,1.0,-0.4557916245127047,-1.025723362273709,-0.7978275500173566,25.686834004136458,10.207953559851221,14.362974398267877,1.8979118830179118,5.4333622195626425,32.324378602181525,27.801167428282614,-0.4465458366167506,0.4868320722622934,0.009999999999990905,0.12000000000000455,1.5299999999999727,0.0,18467.0,18467.0,2022-02-18,2022-02-18 11:00:00,2.922896511287004,102.0,1.0,best_within_2.0d,18568.0,351.07,0.5832424107187206,4.3760036431226785,32.22527881040892,0.012230020343504162,2.285057100371749,15.890706319702602,0.006381710269403211,0.4929364202292669,5.6011759621451125,36.843533123028394,0.015614239272951093,2.82998018927445,22.52492113564669,0.007835530045022196,1.8630914826498424,0.00402220134195386,1.9444468750000041,16.553125,0.005470102952261012,0.0,0
18468.0,2022-02-18 11:10:00,341.24,341.73,340.861,341.63,752072.0,1p,1p,1.0,buy,False,0.8462462238579163,5.949000000000012,16.0,0.017153484616937262,-0.41705958124912645,-0.9108498505937955,-1.1193796412183588,-0.003255933228593032,31.605247366398743,15.153276825762,13.558546663643195,18.342737149999607,752072.0,5.949000000000012,0.0,5.949000000000012,16.0,0.017153484616937262,5.949000000000012,0.0,0.0,1.0,1.0,-0.41705958124912645,-1.1193796412183588,-0.9108498505937955,31.605247366398743,15.153276825762,13.558546663643195,18.342737149999607,3.7382908821646423,29.107626832301854,34.799552215802265,0.11428906341577376,0.2549426305737612,0.10000000000002274,0.3790000000000191,0.38999999999998636,1.0,18469.0,18469.0,2022-02-18,2022-02-18 11:10:00,2.763223370312911,100.0,1.0,best_within_2.0d,18568.0,351.07,0.5832424107187206,4.3760036431226785,32.22527881040892,0.012230020343504162,2.285057100371749,15.890706319702602,0.006381710269403211,0.4929364202292669,5.6011759621451125,36.843533123028394,0.015614239272951093,2.82998018927445,22.52492113564669,0.007835530045022196,1.8630914826498424,0.00402220134195386,1.9444468750000041,16.553125,0.005470102952261012,1.0,0
18485.0,2022-02-18 12:35:00,341.32,341.565,340.15,340.34,799924.0,1p,1p,1.0,buy,False,0.06779517618126088,2.830000000000041,13.0,0.008251209983089512,0.07721732766294309,-0.7020514601138395,-0.6634427962823679,-0.0019388282749666487,33.297739454365285,32.66824446639469,41.8027545480458,14.399224303092467,799924.0,2.830000000000041,0.0,2.830000000000041,13.0,0.008251209983089512,2.830000000000041,0.0,0.0,1.0,1.0,0.07721732766294309,-0.6634427962823679,-0.7020514601138395,33.297739454365285,32.66824446639469,41.8027545480458,14.399224303092467,15.974238170021671,26.96743285902336,29.185050463874138,-0.28712059064807754,0.4159929442892902,0.24500000000000455,0.18999999999999773,0.9800000000000182,0.0,18486.0,18486.0,2022-02-18,2022-02-18 12:35:00,3.152729623317864,83.0,1.0,best_within_2.0d,18568.0,351.07,0.5832424107187206,4.3760036431226785,32.22527881040892,0.012230020343504162,2.285057100371749,15.890706319702602,0.006381710269403211,0.4929364202292669,5.6011759621451125,36.843533123028394,0.015614239272951093,2.82998018927445,22.52492113564669,0.007835530045022196,1.8630914826498424,0.00402220134195386,1.9444468750000041,16.553125,0.005470102952261012,0.0,0
18486.0,2022-02-18 12:40:00,340.34,340.85,340.14,340.19,436381.0,1p,1p,1.0,buy,False,0.06779517618126088,2.840000000000032,14.0,0.008280366202111002,-0.029868441684578695,-0.7057850153244118,-0.7207192361667012,-0.002107122604870088,32.44117557399599,22.403049369606585,35.336186155232724,-3.463224201645687,436381.0,2.840000000000032,0.0,2.840000000000032,14.0,0.008280366202111002,2.840000000000032,0.0,0.0,1.0,1.0,-0.029868441684578695,-0.7207192361667012,-0.7057850153244118,32.44117557399599,22.403049369606585,35.336186155232724,-3.463224201645687,16.096804616441947,25.096309084224057,28.660911790848893,-0.04407357348533151,0.20873757864409842,0.5100000000000477,0.05000000000001137,0.14999999999997726,0.0,18487.0,18487.0,2022-02-18,2022-02-18 12:40:00,3.198212763455715,82.0,1.0,best_within_2.0d,18568.0,351.07,0.5832424107187206,4.3760036431226785,32.22527881040892,0.012230020343504162,2.285057100371749,15.890706319702602,0.006381710269403211,0.4929364202292669,5.6011759621451125,36.843533123028394,0.015614239272951093,2.82998018927445,22.52492113564669,0.007835530045022196,1.8630914826498424,0.00402220134195386,1.9444468750000041,16.553125,0.005470102952261012,0.0,0
18487.0,2022-02-18 12:45:00,340.19,340.48,340.01,340.32,469020.0,1p,1p,1.0,buy,False,0.13540916594818506,2.9700000000000273,15.0,0.008659397049390715,-0.06596036713007836,-0.7140300612156716,-0.7470102447807108,-0.002184801617262126,34.025192844627995,18.625842436880593,29.766071582448678,-3.6546158542555744,469020.0,2.9700000000000273,0.0,2.9700000000000273,15.0,0.008659397049390715,2.9700000000000273,0.0,0.0,1.0,1.0,-0.06596036713007836,-0.7470102447807108,-0.7140300612156716,34.025192844627995,18.625842436880593,29.766071582448678,-3.6546158542555744,14.373613072422478,27.486382892878247,28.851225320418223,0.038213939269230564,0.13823122849328764,0.160000000000025,0.18000000000000682,0.12999999999999545,1.0,18488.0,18488.0,2022-02-18,2022-02-18 12:45:00,3.158791725434885,81.0,1.0,best_within_2.0d,18568.0,351.07,0.5832424107187206,4.3760036431226785,32.22527881040892,0.012230020343504162,2.285057100371749,15.890706319702602,0.006381710269403211,0.4929364202292669,5.6011759621451125,36.843533123028394,0.015614239272951093,2.82998018927445,22.52492113564669,0.007835530045022196,1.8630914826498424,0.00402220134195386,1.9444468750000041,16.553125,0.005470102952261012,0.0,0
18488.0,2022-02-18 12:50:00,340.3,340.68,339.97,340.3659,509479.0,1p,1p,1.0,buy,False,0.1359966100352306,3.009999999999991,16.0,0.008776021925476676,-0.06624652226129557,-0.7223108764983335,-0.7554341376289813,-0.0022101796038276997,34.608175055449664,17.063941906277048,25.53202835705813,0.12776900471487806,509479.0,3.009999999999991,0.0,3.009999999999991,16.0,0.008776021925476676,3.009999999999991,0.0,0.0,1.0,1.0,-0.06624652226129557,-0.7554341376289813,-0.7223108764983335,34.608175055449664,17.063941906277048,25.53202835705813,0.12776900471487806,16.163428339313093,27.672466319138433,28.66576824430455,0.019365265941815805,0.2088419566432272,0.31409999999999627,0.3299999999999841,0.06589999999999918,1.0,18489.0,18489.0,2022-02-18,2022-02-18 12:50:00,3.1448802597439935,80.0,1.0,best_within_2.0d,18568.0,351.07,0.5832424107187206,4.3760036431226785,32.22527881040892,0.012230020343504162,2.285057100371749,15.890706319702602,0.006381710269403211,0.4929364202292669,5.6011759621451125,36.843533123028394,0.015614239272951093,2.82998018927445,22.52492113564669,0.007835530045022196,1.8630914826498424,0.00402220134195386,1.9444468750000041,16.553125,0.005470102952261012,0.0,0
18490.0,2022-02-18 13:00:00,340.07,340.34,339.765,339.94,518286.0,1p,1p,1.0,buy,False,0.20583495081965242,3.215000000000032,18.0,0.009373724415417901,-0.10026609963361843,-0.745947443020709,-0.7960804928375182,-0.0023308500500559062,31.744417015929812,10.413275428247896,17.581393145668486,-3.922960006593282,518286.0,3.215000000000032,0.0,3.215000000000032,18.0,0.009373724415417901,3.215000000000032,0.0,0.0,1.0,1.0,-0.10026609963361843,-0.7960804928375182,-0.745947443020709,31.744417015929812,10.413275428247896,17.581393145668486,-3.922960006593282,16.914929417807127,22.981278449848524,27.123975869044692,-0.03822742376569396,0.16923461804482176,0.2699999999999818,0.17500000000001137,0.12999999999999545,0.0,18491.0,18491.0,2022-02-18,2022-02-18 13:00:00,3.27410719538742,78.0,1.0,best_within_2.0d,18568.0,351.07,0.5832424107187206,4.3760036431226785,32.22527881040892,0.012230020343504162,2.285057100371749,15.890706319702602,0.006381710269403211,0.4929364202292669,5.6011759621451125,36.843533123028394,0.015614239272951093,2.82998018927445,22.52492113564669,0.007835530045022196,1.8630914826498424,0.00402220134195386,1.9444468750000041,16.553125,0.005470102952261012,0.0,0
18491.0,2022-02-18 13:05:00,339.94,340.225,339.67,340.03,507008.0,1p,1p,1.0,buy,False,0.20583495081965242,3.3100000000000023,19.0,0.00965070849612223,-0.07709164633127186,-0.755583898812118,-0.7941297219777539,-0.0023259005125825143,33.072887148423646,11.611444319220489,15.591410203519152,3.6515125506231634,507008.0,3.3100000000000023,0.0,3.3100000000000023,19.0,0.00965070849612223,3.3100000000000023,0.0,0.0,1.0,1.0,-0.07709164633127186,-0.7941297219777539,-0.755583898812118,33.072887148423646,11.611444319220489,15.591410203519152,3.6515125506231634,17.706826862461,18.263062261281796,25.297005575011315,0.026475260340052653,0.16339388229752608,0.19500000000005002,0.2699999999999818,0.08999999999997499,1.0,18492.0,18492.0,2022-02-18,2022-02-18 13:05:00,3.246772343616746,77.0,1.0,best_within_2.0d,18568.0,351.07,0.5832424107187206,4.3760036431226785,32.22527881040892,0.012230020343504162,2.285057100371749,15.890706319702602,0.006381710269403211,0.4929364202292669,5.6011759621451125,36.843533123028394,0.015614239272951093,2.82998018927445,22.52492113564669,0.007835530045022196,1.8630914826498424,0.00402220134195386,1.9444468750000041,16.553125,0.005470102952261012,0.0,0
18492.0,2022-02-18 13:10:00,340.04,340.07,339.4,339.55,490367.0,1p,1p,1.0,buy,False,0.21763269768961174,3.580000000000041,20.0,0.010437926409703308,-0.10601300538701497,-0.7688355244854949,-0.8218420271790023,-0.0024080477906065086,29.747463602650896,9.501526259762397,13.561448888933565,1.3816810014200591,490367.0,3.580000000000041,0.0,3.580000000000041,20.0,0.010437926409703308,3.580000000000041,0.0,0.0,1.0,1.0,-0.10601300538701497,-0.8218420271790023,-0.7688355244854949,29.747463602650896,9.501526259762397,13.561448888933565,1.3816810014200591,17.352909110731083,20.351055711014883,24.058062836004556,-0.14410069403599843,0.19740718915734118,0.029999999999972715,0.1500000000000341,0.4900000000000091,0.0,18493.0,18493.0,2022-02-18,2022-02-18 13:10:00,3.3927256663230687,76.0,1.0,best_within_2.0d,18568.0,351.07,0.5832424107187206,4.3760036431226785,32.22527881040892,0.012230020343504162,2.285057100371749,15.890706319702602,0.006381710269403211,0.4929364202292669,5.6011759621451125,36.843533123028394,0.015614239272951093,2.82998018927445,22.52492113564669,0.007835530045022196,1.8630914826498424,0.00402220134195386,1.9444468750000041,16.553125,0.005470102952261012,0.0,0
18493.0,2022-02-18 13:15:00,339.54,339.83,339.14,339.36,616827.0,1p,1p,1.0,buy,False,0.26444268259245923,3.840000000000032,21.0,0.01119598810426273,-0.1288150348354995,-0.7849374038399323,-0.849344921257682,-0.0024896757309090696,28.524833664295002,9.358405822659828,12.160434533508987,3.7543484009615113,616827.0,3.840000000000032,0.0,3.840000000000032,21.0,0.01119598810426273,3.840000000000032,0.0,0.0,1.0,1.0,-0.1288150348354995,-0.849344921257682,-0.7849374038399323,28.524833664295002,9.358405822659828,12.160434533508987,3.7543484009615113,11.527591848876954,23.241112598542074,24.746046888589383,-0.05301289980562138,0.20345579996461574,0.2899999999999636,0.22000000000002728,0.18000000000000682,0.0,18494.0,18494.0,2022-02-18,2022-02-18 13:15:00,3.4506129184346945,75.0,1.0,best_within_2.0d,18568.0,351.07,0.5832424107187206,4.3760036431226785,32.22527881040892,0.012230020343504162,2.285057100371749,15.890706319702602,0.006381710269403211,0.4929364202292669,5.6011759621451125,36.843533123028394,0.015614239272951093,2.82998018927445,22.52492113564669,0.007835530045022196,1.8630914826498424,0.00402220134195386,1.9444468750000041,16.553125,0.005470102952261012,1.0,0
18518.0,2022-02-18 15:20:00,342.06,342.44,341.7,342.05,782450.0,2,2,1.0,buy,False,0.5578583765112274,4.163492493946733,28.239017640954685,0.011578080659927173,-0.1991110101654523,0.5225262434761431,0.4229707383934169,0.001235235055702109,47.0040392875441,28.11209663442994,45.98451574422552,-7.632741585161227,782450.0,3.230000000000018,1.0,5.7900000000000205,22.0,0.017072595388335263,3.230000000000018,5.0,0.009364218827008431,2.0,2.0,-0.1991110101654523,0.4229707383934169,0.5225262434761431,47.0040392875441,28.11209663442994,45.98451574422552,-7.632741585161227,34.330520041224325,20.19442355366158,51.17244100464622,-0.0029234637198125783,0.21656423763535532,0.37999999999999545,0.35000000000002274,0.009999999999990905,0.0,18519.0,18519.0,2022-02-18,2022-02-18 15:20:00,2.637041368221015,50.0,1.0,best_within_2.0d,18568.0,351.07,0.5578583765112274,5.7900000000000205,22.0,0.017072595388335263,3.230000000000018,5.0,0.009364218827008431,0.4929364202292669,5.6011759621451125,36.843533123028394,0.015614239272951093,2.82998018927445,22.52492113564669,0.007835530045022196,1.8630914826498424,0.00402220134195386,1.9444468750000041,16.553125,0.005470102952261012,0.0,0
18519.0,2022-02-18 15:25:00,342.005,342.4005,341.69,341.8,805105.0,2,2,1.0,buy,False,0.5595854922279788,4.163492493946733,28.239017640954685,0.011578080659927173,-0.34269880899038263,0.47968889235234524,0.3083394878571539,0.0009005893390231094,45.088133726753114,19.873084999085115,37.28070549584538,-14.942155994435417,805105.0,3.240000000000009,1.0,5.7900000000000205,22.0,0.017072595388335263,3.240000000000009,6.0,0.009393210216565705,2.0,2.0,-0.34269880899038263,0.3083394878571539,0.47968889235234524,45.088133726753114,19.873084999085115,37.28070549584538,-14.942155994435417,29.22776781921958,20.948966589637845,48.695786835734694,-0.059940644142624844,0.20793701893529942,0.39550000000002683,0.11000000000001364,0.20499999999998408,0.0,18520.0,18520.0,2022-02-18,2022-02-18 15:25:00,2.712112346401399,49.0,1.0,best_within_2.0d,18568.0,351.07,0.5595854922279788,5.7900000000000205,22.0,0.017072595388335263,3.240000000000009,6.0,0.009393210216565705,0.4929364202292669,5.6011759621451125,36.843533123028394,0.015614239272951093,2.82998018927445,22.52492113564669,0.007835530045022196,1.8630914826498424,0.00402220134195386,1.9444468750000041,16.553125,0.005470102952261012,0.0,0
18520.0,2022-02-18 15:30:00,341.79,341.79,340.5064,340.94,1070821.0,2,2,1.0,buy,False,0.7640069084628681,4.163492493946733,28.239017640954685,0.011578080659927173,-0.5332448675860448,0.41303328390408967,0.14641085011106725,0.00042776553885680513,39.1729490170473,16.51604708110339,30.35915269093138,-11.170164138552593,1070821.0,4.423600000000022,1.0,5.7900000000000205,22.0,0.017072595388335263,4.423600000000022,7.0,0.012824631084567946,2.0,2.0,-0.5332448675860448,0.14641085011106725,0.41303328390408967,39.1729490170473,16.51604708110339,30.35915269093138,-11.170164138552593,23.708185303739004,28.7987618277112,45.91002015643032,-0.24869071652184752,0.37696795126318783,0.0,0.43360000000001264,0.8500000000000227,0.0,18521.0,18521.0,2022-02-18,2022-02-18 15:30:00,2.9711972781134497,48.0,1.0,best_within_2.0d,18568.0,351.07,0.7640069084628681,5.7900000000000205,22.0,0.017072595388335263,4.423600000000022,7.0,0.012824631084567946,0.4929364202292669,5.6011759621451125,36.843533123028394,0.015614239272951093,2.82998018927445,22.52492113564669,0.007835530045022196,1.8630914826498424,0.00402220134195386,1.9444468750000041,16.553125,0.005470102952261012,1.0,0
18544.0,2022-02-18 17:30:00,340.7199,340.7199,340.5,340.55,6726.0,2,2,1.0,buy,False,0.7651122625215874,4.163492493946733,28.239017640954685,0.011578080659927173,-0.19924194148107877,-0.2519816316321401,-0.3516026023726795,-0.0010296921303480015,34.50018575626957,7.901637996435605,12.45799862404693,-1.211083258787042,6726.0,4.430000000000007,1.0,5.7900000000000205,22.0,0.017072595388335263,4.430000000000007,31.0,0.012843185573884575,2.0,2.0,-0.19924194148107877,-0.3516026023726795,-0.2519816316321401,34.50018575626957,7.901637996435605,12.45799862404693,-1.211083258787042,0.0,48.42931937172915,41.16926979818819,-0.049865006417290025,0.06458149779735552,0.0,0.05000000000001137,0.16989999999998417,0.0,18545.0,18545.0,2022-02-18,2022-02-18 17:30:00,3.0891205403024466,24.0,1.0,best_within_2.0d,18568.0,351.07,0.7651122625215874,5.7900000000000205,22.0,0.017072595388335263,4.430000000000007,31.0,0.012843185573884575,0.4929364202292669,5.6011759621451125,36.843533123028394,0.015614239272951093,2.82998018927445,22.52492113564669,0.007835530045022196,1.8630914826498424,0.00402220134195386,1.9444468750000041,16.553125,0.005470102952261012,0.0,0
18545.0,2022-02-18 17:35:00,340.6,340.6,340.5,340.5,21410.0,2,2,1.0,buy,False,0.7651122625215874,4.163492493946733,28.239017640954685,0.011578080659927173,-0.1958619729340072,-0.27646437824889103,-0.37439536471589463,-0.0010966715781668016,33.93421346061764,5.267758664290403,10.061251970794753,-4.319227948718298,21410.0,4.430000000000007,1.0,5.7900000000000205,22.0,0.017072595388335263,4.430000000000007,32.0,0.012843185573884575,2.0,2.0,-0.1958619729340072,-0.37439536471589463,-0.27646437824889103,33.93421346061764,5.267758664290403,10.061251970794753,-4.319227948718298,0.0,48.68421052631697,45.37146481260332,-0.029359953024081835,0.02936857562408891,0.0,0.0,0.10000000000002274,0.0,18546.0,18546.0,2022-02-18,2022-02-18 17:35:00,3.10425844346549,23.0,1.0,best_within_2.0d,18568.0,351.07,0.7651122625215874,5.7900000000000205,22.0,0.017072595388335263,4.430000000000007,32.0,0.012843185573884575,0.4929364202292669,5.6011759621451125,36.843533123028394,0.015614239272951093,2.82998018927445,22.52492113564669,0.007835530045022196,1.8630914826498424,0.00402220134195386,1.9444468750000041,16.553125,0.005470102952261012,0.0,0
18546.0,2022-02-18 17:40:00,340.5,340.5,340.3,340.3,4584.0,2,2,1.0,buy,False,0.7996545768566458,4.163492493946733,28.239017640954685,0.011578080659927173,-0.20396218546081513,-0.30195965143149295,-0.4039407441619005,-0.00118349584898876,31.69445251081784,3.5118391095269352,7.878114350372147,-5.220711372163489,4584.0,4.6299999999999955,1.0,5.7900000000000205,22.0,0.017072595388335263,4.6299999999999955,33.0,0.013423013365030573,2.0,2.0,-0.20396218546081513,-0.4039407441619005,-0.30195965143149295,31.69445251081784,3.5118391095269352,7.878114350372147,-5.220711372163489,0.0,51.93370165746076,49.27350304027451,-0.058737151248161125,0.058771672054066595,0.0,0.0,0.19999999999998863,0.0,18547.0,18547.0,2022-02-18,2022-02-18 17:40:00,3.1648545401116603,22.0,1.0,best_within_2.0d,18568.0,351.07,0.7996545768566458,5.7900000000000205,22.0,0.017072595388335263,4.6299999999999955,33.0,0.013423013365030573,0.4929364202292669,5.6011759621451125,36.843533123028394,0.015614239272951093,2.82998018927445,22.52492113564669,0.007835530045022196,1.8630914826498424,0.00402220134195386,1.9444468750000041,16.553125,0.005470102952261012,0.0,0
18547.0,2022-02-18 17:45:00,340.29,340.3,340.15,340.29,3958.0,2,2,1.0,buy,False,0.825561312607947,4.163492493946733,28.239017640954685,0.011578080659927173,-0.1941177432221748,-0.3262243693342648,-0.4232832409453522,-0.0012404419434249643,31.582209043877256,7.0078927396860635,7.5880404801434524,5.847597258771286,3958.0,4.78000000000003,1.0,5.7900000000000205,22.0,0.017072595388335263,4.78000000000003,34.0,0.013857884208390193,2.0,2.0,-0.1941177432221748,-0.4232832409453522,-0.3262243693342648,31.582209043877256,7.0078927396860635,7.5880404801434524,5.847597258771286,0.0,49.55752212389588,52.896824251683476,0.0,0.04409819197413909,0.009999999999990905,0.1400000000000432,0.0,0.0,18548.0,18548.0,2022-02-18,2022-02-18 17:45:00,3.167886214699219,21.0,1.0,best_within_2.0d,18568.0,351.07,0.825561312607947,5.7900000000000205,22.0,0.017072595388335263,4.78000000000003,34.0,0.013857884208390193,0.4929364202292669,5.6011759621451125,36.843533123028394,0.015614239272951093,2.82998018927445,22.52492113564669,0.007835530045022196,1.8630914826498424,0.00402220134195386,1.9444468750000041,16.553125,0.005470102952261012,0.0,0
18549.0,2022-02-18 17:55:00,340.23,340.24,339.94,340.0,13496.0,2,2,1.0,buy,False,0.8618307426597567,4.163492493946733,28.239017640954685,0.011578080659927173,-0.18681831177066388,-0.37265000166009854,-0.4660591575454305,-0.001366451636174769,28.295022306484512,5.856510859195738,6.665182213309399,4.239168150968416,13496.0,4.990000000000009,1.0,5.7900000000000205,22.0,0.017072595388335263,4.990000000000009,36.0,0.014466703389093465,2.0,2.0,-0.18681831177066388,-0.4660591575454305,-0.37265000166009854,28.295022306484512,5.856510859195738,6.665182213309399,4.239168150968416,0.0,45.91194968553742,59.38552703333932,-0.06760132851307003,0.08825086780020339,0.009999999999990905,0.060000000000002274,0.2300000000000182,0.0,18550.0,18550.0,2022-02-18,2022-02-18 17:55:00,3.2558823529411742,19.0,1.0,best_within_2.0d,18568.0,351.07,0.8618307426597567,5.7900000000000205,22.0,0.017072595388335263,4.990000000000009,36.0,0.014466703389093465,0.4929364202292669,5.6011759621451125,36.843533123028394,0.015614239272951093,2.82998018927445,22.52492113564669,0.007835530045022196,1.8630914826498424,0.00402220134195386,1.9444468750000041,16.553125,0.005470102952261012,0.0,0
18550.0,2022-02-18 18:00:00,339.95,340.02,339.85,339.88,5876.0,2,2,1.0,buy,False,0.8773747841105296,4.163492493946733,28.239017640954685,0.011578080659927173,-0.18694517028485413,-0.39601814794570533,-0.4894907330881324,-0.0014355231160423521,27.01058011421216,4.751798199915068,6.027387542177955,2.200619515389292,5876.0,5.079999999999984,1.0,5.7900000000000205,22.0,0.017072595388335263,5.079999999999984,37.0,0.014727625895109106,2.0,2.0,-0.18694517028485413,-0.4894907330881324,-0.39601814794570533,27.01058011421216,4.751798199915068,6.027387542177955,2.200619515389292,0.0,50.16181229773724,62.28656081667223,-0.020591263421089332,0.05002206855964663,0.06999999999999318,0.029999999999972715,0.06999999999999318,0.0,18551.0,18551.0,2022-02-18,2022-02-18 18:00:00,3.292338472402024,18.0,1.0,best_within_2.0d,18568.0,351.07,0.8773747841105296,5.7900000000000205,22.0,0.017072595388335263,5.079999999999984,37.0,0.014727625895109106,0.4929364202292669,5.6011759621451125,36.843533123028394,0.015614239272951093,2.82998018927445,22.52492113564669,0.007835530045022196,1.8630914826498424,0.00402220134195386,1.9444468750000041,16.553125,0.005470102952261012,0.0,0
18551.0,2022-02-18 18:05:00,339.9,339.94,339.8,339.85,10510.0,2,2,1.0,buy,False,0.8860103626942966,4.163492493946733,28.239017640954685,0.011578080659927173,-0.1738329241110561,-0.41774726345958735,-0.5046637255151154,-0.001480385511942872,26.68445254620977,4.83453213327709,5.629769072544333,3.2440582547426047,10510.0,5.1299999999999955,1.0,5.7900000000000205,22.0,0.017072595388335263,5.1299999999999955,38.0,0.014872582842895646,2.0,2.0,-0.1738329241110561,-0.5046637255151154,-0.41774726345958735,26.68445254620977,4.83453213327709,5.629769072544333,3.2440582547426047,0.0,50.71942446043509,64.98037790119564,-0.014710208884952789,0.04120070629781823,0.040000000000020464,0.05000000000001137,0.049999999999954525,0.0,18552.0,18552.0,2022-02-18,2022-02-18 18:05:00,3.3014565249374637,17.0,1.0,best_within_2.0d,18568.0,351.07,0.8860103626942966,5.7900000000000205,22.0,0.017072595388335263,5.1299999999999955,38.0,0.014872582842895646,0.4929364202292669,5.6011759621451125,36.843533123028394,0.015614239272951093,2.82998018927445,22.52492113564669,0.007835530045022196,1.8630914826498424,0.00402220134195386,1.9444468750000041,16.553125,0.005470102952261012,0.0,0
18552.0,2022-02-18 18:10:00,339.88,339.88,339.7,339.7,6762.0,2,2,1.0,buy,False,0.9032815198618307,4.163492493946733,28.239017640954685,0.011578080659927173,-0.16803006813381882,-0.4387510219763147,-0.5227660560432241,-0.0015338870913300358,25.055489685345165,3.2230214221847264,4.827519855757797,0.014024555038586684,6762.0,5.230000000000018,1.0,5.7900000000000205,22.0,0.017072595388335263,5.230000000000018,39.0,0.015162496738468726,2.0,2.0,-0.16803006813381882,-0.5227660560432241,-0.4387510219763147,25.055489685345165,3.2230214221847264,4.827519855757797,0.014024555038586684,0.0,56.17529880478435,67.48177947968166,-0.052959868188774524,0.052987930526937545,0.0,0.0,0.18000000000000682,0.0,18553.0,18553.0,2022-02-18,2022-02-18 18:10:00,3.3470709449514295,16.0,1.0,best_within_2.0d,18568.0,351.07,0.9032815198618307,5.7900000000000205,22.0,0.017072595388335263,5.230000000000018,39.0,0.015162496738468726,0.4929364202292669,5.6011759621451125,36.843533123028394,0.015614239272951093,2.82998018927445,22.52492113564669,0.007835530045022196,1.8630914826498424,0.00402220134195386,1.9444468750000041,16.553125,0.005470102952261012,0.0,0
18553.0,2022-02-18 18:15:00,339.75,339.85,339.62,339.8,9365.0,2,2,1.0,buy,False,0.9170984455958521,4.163492493946733,28.239017640954685,0.011578080659927173,-0.1348209852012605,-0.4556036451264722,-0.5230141377271025,-0.0015349523930055418,28.20220474150159,8.271129927715105,5.975389879743566,12.862610023658183,9365.0,5.310000000000002,1.0,5.7900000000000205,22.0,0.017072595388335263,5.310000000000002,40.0,0.015394427854927093,2.0,2.0,-0.1348209852012605,-0.5230141377271025,-0.4556036451264722,28.20220474150159,8.271129927715105,5.975389879743566,12.862610023658183,0.0,55.82329317269229,69.80450951684726,0.01471670345842866,0.06772274895471944,0.05000000000001137,0.12999999999999545,0.05000000000001137,1.0,18554.0,18554.0,2022-02-18,2022-02-18 18:15:00,3.3166568569746855,15.0,1.0,best_within_2.0d,18568.0,351.07,0.9170984455958521,5.7900000000000205,22.0,0.017072595388335263,5.310000000000002,40.0,0.015394427854927093,0.4929364202292669,5.6011759621451125,36.843533123028394,0.015614239272951093,2.82998018927445,22.52492113564669,0.007835530045022196,1.8630914826498424,0.00402220134195386,1.9444468750000041,16.553125,0.005470102952261012,0.0,0
18555.0,2022-02-18 18:25:00,339.68,339.7,339.57,339.57,13502.0,2,2,1.0,buy,False,0.9257340241796191,4.163492493946733,28.239017640954685,0.011578080659927173,-0.0989037242240931,-0.48189096895362526,-0.5313428310656718,-0.0015601166676139195,25.441292008699392,5.696259765852787,6.453235346010109,4.182308605538143,13502.0,5.360000000000014,1.0,5.7900000000000205,22.0,0.017072595388335263,5.360000000000014,42.0,0.015539384802713633,2.0,2.0,-0.0989037242240931,-0.5313428310656718,-0.48189096895362526,25.441292008699392,5.696259765852787,6.453235346010109,4.182308605538143,0.0,56.42023346303569,73.96409238952644,-0.032383419689123186,0.03828371175309817,0.01999999999998181,0.0,0.11000000000001364,0.0,18556.0,18556.0,2022-02-18,2022-02-18 18:25:00,3.386636039697264,13.0,1.0,best_within_2.0d,18568.0,351.07,0.9257340241796191,5.7900000000000205,22.0,0.017072595388335263,5.360000000000014,42.0,0.015539384802713633,0.4929364202292669,5.6011759621451125,36.843533123028394,0.015614239272951093,2.82998018927445,22.52492113564669,0.007835530045022196,1.8630914826498424,0.00402220134195386,1.9444468750000041,16.553125,0.005470102952261012,0.0,0
18556.0,2022-02-18 18:30:00,339.5999,339.5999,339.36,339.5,5916.0,2,2,1.0,buy,False,0.962003454231429,4.163492493946733,28.239017640954685,0.011578080659927173,-0.08603767862804756,-0.4926456787821312,-0.535664518096155,-0.0015731750622543456,24.625806503268393,8.982691695753335,7.296387462591184,12.355300162077636,5916.0,5.569999999999993,1.0,5.7900000000000205,22.0,0.017072595388335263,5.569999999999993,43.0,0.016148203983416907,2.0,2.0,-0.08603767862804756,-0.535664518096155,-0.4926456787821312,24.625806503268393,8.982691695753335,7.296387462591184,12.355300162077636,0.0,57.75417651846858,75.82380007598884,-0.02941696979298021,0.07069189061762651,0.0,0.13999999999998636,0.099899999999991,0.0,18557.0,18557.0,2022-02-18,2022-02-18 18:30:00,3.4079528718703953,12.0,1.0,best_within_2.0d,18568.0,351.07,0.962003454231429,5.7900000000000205,22.0,0.017072595388335263,5.569999999999993,43.0,0.016148203983416907,0.4929364202292669,5.6011759621451125,36.843533123028394,0.015614239272951093,2.82998018927445,22.52492113564669,0.007835530045022196,1.8630914826498424,0.00402220134195386,1.9444468750000041,16.553125,0.005470102952261012,1.0,0
18561.0,2022-02-18 18:55:00,339.38,339.39,339.07,339.39,6949.0,1,1,1.0,buy,False,1.268859688282285,5.860000000000014,48.0,0.016988954280578707,0.019565116908970337,-0.5051398067903777,-0.49535724833589256,-0.001456237134427983,23.65412961743334,22.58168592178896,15.891559601473723,35.961938562419434,6949.0,5.860000000000014,2.0,5.860000000000014,48.0,0.016988954280578707,5.860000000000014,48.0,0.016988954280578707,1.0,1.0,0.019565116908970337,-0.49535724833589256,-0.5051398067903777,23.65412961743334,22.58168592178896,15.891559601473723,35.961938562419434,3.007631865859028,45.86638595435819,81.48303886386998,0.002946549590426927,0.09437579260919374,0.0,0.3100000000000023,0.009999999999990905,1.0,18562.0,18562.0,2022-02-18,2022-02-18 18:55:00,3.4414685170452897,7.0,1.0,best_within_2.0d,18568.0,351.07,0.5832424107187206,4.3760036431226785,32.22527881040892,0.012230020343504162,2.285057100371749,15.890706319702602,0.006381710269403211,0.4929364202292669,5.6011759621451125,36.843533123028394,0.015614239272951093,2.82998018927445,22.52492113564669,0.007835530045022196,1.8630914826498424,0.00402220134195386,1.9444468750000041,16.553125,0.005470102952261012,1.0,0
18568.0,2022-02-18 19:30:00,350.81,351.388,350.79,351.07,449090.0,3a,3a,0.0,sell,False,0.002756680731364327,4.163492493946733,28.239017640954685,0.011578080659927173,0.4072859163559197,-0.6702320127943094,-0.4665890546163496,-0.0013289024857870986,49.001269152874784,76.2768429952008,64.44947186234751,99.93158526090735,449090.0,2.127999999999986,2.0,2.127999999999986,8.0,0.006092882093569221,2.127999999999986,8.0,0.006092882093569221,3.0,3.0,0.4072859163559197,-0.4665890546163496,-0.6702320127943094,49.001269152874784,76.2768429952008,64.44947186234751,99.93158526090735,20.190469649622784,15.936952714536451,42.331352240991365,0.07411419286793161,0.1704723623820395,0.31799999999998363,0.01999999999998181,0.2599999999999909,1.0,18569.0,18569.0,2022-02-18,2022-02-18 19:30:00,2.0540172048918044,173.78554736652885,0.0,,14281.267661333814,366.3529484630595,0.5832424107187206,4.3760036431226785,32.22527881040892,0.012230020343504162,2.285057100371749,15.890706319702602,0.006381710269403211,0.4929364202292669,5.6011759621451125,36.843533123028394,0.015614239272951093,2.82998018927445,22.52492113564669,0.007835530045022196,1.8630914826498424,0.002756680731364327,2.127999999999986,8.0,0.006092882093569221,0.0,1
18574.0,2022-02-22 04:00:00,335.0,336.84,334.33,334.4,69351.0,1,1,1.0,buy,False,1.2688596882821663,10.600000000000023,61.0,0.030730872930739634,-0.484673762026792,-0.42007101845091677,-0.6624078994643128,-0.0019524769456755772,5.697531969159783,46.287312319995415,54.42297502616373,30.015986907658785,69351.0,10.600000000000023,2.0,10.600000000000023,61.0,0.030730872930739634,10.600000000000023,61.0,0.030730872930739634,1.0,1.0,-0.484673762026792,-0.6624078994643128,-0.42007101845091677,5.697531969159783,46.287312319995415,54.42297502616373,30.015986907658785,3.463855421685375,83.88554216867621,69.23252115823702,-0.1791044776119471,0.7507552418269348,1.839999999999975,0.06999999999999318,0.6000000000000227,0.0,18575.0,18575.0,2022-02-22,2022-02-22 04:00:00,6.097488038277525,98.0,1.0,best_within_2.0d,18672.0,354.79,0.5832424107187206,4.3760036431226785,32.22527881040892,0.012230020343504162,2.285057100371749,15.890706319702602,0.006381710269403211,0.4929364202292669,5.6011759621451125,36.843533123028394,0.015614239272951093,2.82998018927445,22.52492113564669,0.007835530045022196,1.8630914826498424,0.00402220134195386,1.9444468750000041,16.553125,0.005470102952261012,0.0,0
18575.0,2022-02-22 04:05:00,334.53,334.81,334.12,334.79,28506.0,1,1,1.0,buy,False,1.6339046290215107,10.810000000000002,62.0,0.031339692111442906,-0.7959057003752756,-0.5195592309978262,-0.917512081185464,-0.002707053133255676,11.90744714408875,35.08800619312838,47.97798541515194,9.308047749081254,28506.0,10.810000000000002,2.0,10.810000000000002,62.0,0.031339692111442906,10.810000000000002,62.0,0.031339692111442906,1.0,1.0,-0.7959057003752756,-0.917512081185464,-0.5195592309978262,11.90744714408875,35.08800619312838,47.97798541515194,9.308047749081254,3.2857142857129746,77.85714285714396,70.85172739341348,0.07772098167579822,0.20651263019274443,0.01999999999998181,0.40999999999996817,0.26000000000004775,1.0,18576.0,18576.0,2022-02-22,2022-02-22 04:05:00,5.97389408285791,97.0,1.0,best_within_2.0d,18672.0,354.79,0.5832424107187206,4.3760036431226785,32.22527881040892,0.012230020343504162,2.285057100371749,15.890706319702602,0.006381710269403211,0.4929364202292669,5.6011759621451125,36.843533123028394,0.015614239272951093,2.82998018927445,22.52492113564669,0.007835530045022196,1.8630914826498424,0.00402220134195386,1.9444468750000041,16.553125,0.005470102952261012,1.0,0
18604.0,2022-02-22 06:30:00,339.32,339.32,338.65,338.69,16702.0,2,2,1.0,buy,False,0.29767441860465416,4.163492493946733,28.239017640954685,0.011578080659927173,0.11141837512730346,0.5130701848502766,0.5687793724139283,0.0016809599445153788,53.67117846300328,24.443263460647128,45.31496171825874,-17.300133054576108,16702.0,1.920000000000016,1.0,6.449999999999989,22.0,0.019304441518017443,1.920000000000016,9.0,0.005637607540300132,2.0,2.0,0.11141837512730346,0.5687793724139283,0.5130701848502766,53.67117846300328,24.443263460647128,45.31496171825874,-17.300133054576108,40.451977401130826,18.19209039548121,68.4816203532994,-0.18566544854414577,0.19784438210542327,0.0,0.040000000000020464,0.6299999999999955,0.0,18605.0,18605.0,2022-02-22,2022-02-22 06:30:00,4.753609495408788,68.0,1.0,best_within_2.0d,18672.0,354.79,0.29767441860465416,6.449999999999989,22.0,0.019304441518017443,1.920000000000016,9.0,0.005637607540300132,0.4929364202292669,5.6011759621451125,36.843533123028394,0.015614239272951093,2.82998018927445,22.52492113564669,0.007835530045022196,1.8630914826498424,0.00402220134195386,1.9444468750000041,16.553125,0.005470102952261012,0.0,0
18605.0,2022-02-22 06:35:00,338.73,338.8,338.36,338.36,11935.0,2,2,1.0,buy,False,0.34263565891472614,4.163492493946733,28.239017640954685,0.011578080659927173,-0.05161403133206233,0.5066184309337688,0.48081141526773763,0.0014209828925525535,50.111331949190216,16.29550897376475,35.64181080342741,-22.397094685560575,11935.0,2.2099999999999795,1.0,6.449999999999989,22.0,0.019304441518017443,2.2099999999999795,10.0,0.006489121179199517,2.0,2.0,-0.05161403133206233,0.48081141526773763,0.5066184309337688,50.111331949190216,16.29550897376475,35.64181080342741,-22.397094685560575,37.699316628701986,21.640091116173714,65.52317173744125,-0.10923154134561584,0.13003901170351037,0.06999999999999318,0.0,0.37000000000000455,0.0,18606.0,18606.0,2022-02-22,2022-02-22 06:35:00,4.855774914292471,67.0,1.0,best_within_2.0d,18672.0,354.79,0.34263565891472614,6.449999999999989,22.0,0.019304441518017443,2.2099999999999795,10.0,0.006489121179199517,0.4929364202292669,5.6011759621451125,36.843533123028394,0.015614239272951093,2.82998018927445,22.52492113564669,0.007835530045022196,1.8630914826498424,0.00402220134195386,1.9444468750000041,16.553125,0.005470102952261012,0.0,0
18606.0,2022-02-22 06:40:00,338.4,338.67,338.2,338.65,7746.0,2,2,1.0,buy,False,0.3674418604651176,4.163492493946733,28.239017640954685,0.011578080659927173,-0.1233171344731071,0.4912037891246304,0.42954522188807687,0.001269392454631385,53.057931423719076,20.66759421780351,30.65040527488611,0.7019721036383118,7746.0,2.3700000000000045,1.0,6.449999999999989,22.0,0.019304441518017443,2.3700000000000045,11.0,0.006958921807557931,2.0,2.0,-0.1233171344731071,0.42954522188807687,0.4912037891246304,53.057931423719076,20.66759421780351,30.65040527488611,0.7019721036383118,36.74157303370839,23.14606741573106,62.46449436729161,0.07387706855791963,0.13897102306328424,0.020000000000038654,0.19999999999998863,0.25,1.0,18607.0,18607.0,2022-02-22,2022-02-22 06:40:00,4.765982577882784,66.0,1.0,best_within_2.0d,18672.0,354.79,0.3674418604651176,6.449999999999989,22.0,0.019304441518017443,2.3700000000000045,11.0,0.006958921807557931,0.4929364202292669,5.6011759621451125,36.843533123028394,0.015614239272951093,2.82998018927445,22.52492113564669,0.007835530045022196,1.8630914826498424,0.00402220134195386,1.9444468750000041,16.553125,0.005470102952261012,1.0,0
18622.0,2022-02-22 08:00:00,339.8701,341.766,332.28,339.62,173412.0,1,1,1.0,buy,False,0.0955752868672814,8.07000000000005,9.0,0.023710885852798735,-0.07606891563267149,0.4141305760931272,0.37609611827679146,0.0011085221371472222,54.745664500306574,72.1784619197222,71.27197922536214,73.9914273084423,173412.0,8.07000000000005,3.0,8.07000000000005,9.0,0.023710885852798735,8.07000000000005,9.0,0.023710885852798735,1.0,1.0,-0.07606891563267149,0.37609611827679146,0.4141305760931272,54.745664500306574,72.1784619197222,71.27197922536214,73.9914273084423,12.814132868872896,57.601393381438236,33.641462998626295,-0.07358693806838992,2.8548212351029396,1.89590000000004,7.340000000000032,0.2500999999999749,0.0,18623.0,18623.0,2022-02-22,2022-02-22 08:00:00,4.4667569636652775,50.0,1.0,best_within_2.0d,18672.0,354.79,0.5832424107187206,4.3760036431226785,32.22527881040892,0.012230020343504162,2.285057100371749,15.890706319702602,0.006381710269403211,0.4929364202292669,5.6011759621451125,36.843533123028394,0.015614239272951093,2.82998018927445,22.52492113564669,0.007835530045022196,1.8630914826498424,0.00402220134195386,1.9444468750000041,16.553125,0.005470102952261012,1.0,0
18656.0,2022-02-22 10:50:00,341.52,341.56,340.34,340.6,873685.0,2,2,1.0,buy,False,0.3146258503401386,4.163492493946733,28.239017640954685,0.011578080659927173,-0.3578139264021476,0.6807124994779643,0.5018055362768905,0.0014707653472426697,46.38106963612178,48.72670009959647,60.766980183673276,24.646139931442846,873685.0,3.7000000000000455,1.0,11.760000000000048,31.0,0.03539183820873976,3.7000000000000455,5.0,0.01075456342285794,2.0,2.0,-0.3578139264021476,0.5018055362768905,0.6807124994779643,46.38106963612178,48.72670009959647,60.766980183673276,24.646139931442846,21.16489243197681,25.136336778480427,27.791951509927365,-0.2693839306629068,0.35846506434742537,0.040000000000020464,0.26000000000004775,0.9199999999999591,0.0,18657.0,18657.0,2022-02-22,2022-02-22 10:50:00,4.166177334116265,16.0,1.0,best_within_2.0d,18672.0,354.79,0.3146258503401386,11.760000000000048,31.0,0.03539183820873976,3.7000000000000455,5.0,0.01075456342285794,0.4929364202292669,5.6011759621451125,36.843533123028394,0.015614239272951093,2.82998018927445,22.52492113564669,0.007835530045022196,1.8630914826498424,0.00402220134195386,1.9444468750000041,16.553125,0.005470102952261012,0.0,0
18657.0,2022-02-22 10:55:00,340.6,340.7932,339.81,340.01,846921.0,2,2,1.0,buy,False,0.3596938775510205,4.163492493946733,28.239017640954685,0.011578080659927173,-0.559957607432241,0.6107177985489342,0.33073899483281366,0.0009696261142034275,43.041164564109835,38.23395338604155,53.25597125112937,8.189917655865912,846921.0,4.230000000000018,1.0,11.760000000000048,31.0,0.03539183820873976,4.230000000000018,6.0,0.012295081967213167,2.0,2.0,-0.559957607432241,0.33073899483281366,0.6107177985489342,43.041164564109835,38.23395338604155,53.25597125112937,8.189917655865912,14.875999717607996,28.84431131685343,28.08890142267188,-0.17322372284205279,0.2893381595597571,0.19319999999999027,0.19999999999998863,0.5900000000000318,0.0,18658.0,18658.0,2022-02-22,2022-02-22 10:55:00,4.346930972618461,15.0,1.0,best_within_2.0d,18672.0,354.79,0.3596938775510205,11.760000000000048,31.0,0.03539183820873976,4.230000000000018,6.0,0.012295081967213167,0.4929364202292669,5.6011759621451125,36.843533123028394,0.015614239272951093,2.82998018927445,22.52492113564669,0.007835530045022196,1.8630914826498424,0.00402220134195386,1.9444468750000041,16.553125,0.005470102952261012,0.0,0
18658.0,2022-02-22 11:00:00,340.03,340.48,339.74,340.01,660547.0,2,2,1.0,buy,False,0.3656462585034008,4.163492493946733,28.239017640954685,0.011578080659927173,-0.6684390426476077,0.5271629182179832,0.1929433968941794,0.0005657852073171356,43.041164564109835,27.58232551317484,44.69808933847786,-6.649202137431189,660547.0,4.300000000000011,1.0,11.760000000000048,31.0,0.03539183820873976,4.300000000000011,7.0,0.012498546680618564,2.0,2.0,-0.6684390426476077,0.1929433968941794,0.5271629182179832,43.041164564109835,27.58232551317484,44.69808933847786,-6.649202137431189,9.143780634322978,30.78051736786664,29.95358042510423,-0.005881833955822078,0.21781362218167102,0.4500000000000455,0.2699999999999818,0.01999999999998181,0.0,18659.0,18659.0,2022-02-22,2022-02-22 11:00:00,4.346930972618461,14.0,1.0,best_within_2.0d,18672.0,354.79,0.3656462585034008,11.760000000000048,31.0,0.03539183820873976,4.300000000000011,7.0,0.012498546680618564,0.4929364202292669,5.6011759621451125,36.843533123028394,0.015614239272951093,2.82998018927445,22.52492113564669,0.007835530045022196,1.8630914826498424,0.00402220134195386,1.9444468750000041,16.553125,0.005470102952261012,0.0,0
18659.0,2022-02-22 11:05:00,339.95,340.36,339.5,339.56,789901.0,2,2,1.0,buy,False,0.38605442176870763,4.163492493946733,28.239017640954685,0.011578080659927173,-0.7684404102808928,0.4311078669328716,0.046887661792425206,0.00013753647271958115,40.46372164210137,18.828745643144472,36.074974773366726,-15.663712617300035,789901.0,4.5400000000000205,1.0,11.760000000000048,31.0,0.03539183820873976,4.5400000000000205,8.0,0.013196139983722882,2.0,2.0,-0.7684404102808928,0.046887661792425206,0.4311078669328716,40.46372164210137,18.828745643144472,36.074974773366726,-15.663712617300035,9.41274332215089,32.452074360671666,31.74494466177981,-0.1147227533460763,0.25331369661266967,0.410000000000025,0.060000000000002274,0.38999999999998636,0.0,18660.0,18660.0,2022-02-22,2022-02-22 11:05:00,4.485216162092125,13.0,1.0,best_within_2.0d,18672.0,354.79,0.38605442176870763,11.760000000000048,31.0,0.03539183820873976,4.5400000000000205,8.0,0.013196139983722882,0.4929364202292669,5.6011759621451125,36.843533123028394,0.015614239272951093,2.82998018927445,22.52492113564669,0.007835530045022196,1.8630914826498424,0.00402220134195386,1.9444468750000041,16.553125,0.005470102952261012,0.0,0
18660.0,2022-02-22 11:10:00,339.57,339.955,339.29,339.43,483859.0,2,2,1.0,buy,False,0.4039115646258487,4.163492493946733,28.239017640954685,0.011578080659927173,-0.8152896629263899,0.32919665906707285,-0.07844817239612212,-0.00023018758132267129,39.72365677809789,13.534953235780428,28.561634260837955,-16.518408814334627,483859.0,4.75,1.0,11.760000000000048,31.0,0.03539183820873976,4.75,9.0,0.013806534123939077,2.0,2.0,-0.8152896629263899,-0.07844817239612212,0.32919665906707285,39.72365677809789,13.534953235780428,28.561634260837955,-16.518408814334627,9.493269161777212,30.52196422362098,33.231143195790615,-0.041228612657180065,0.19599752424178832,0.3849999999999909,0.13999999999998636,0.13999999999998636,0.0,18661.0,18661.0,2022-02-22,2022-02-22 11:10:00,4.525233479657076,12.0,1.0,best_within_2.0d,18672.0,354.79,0.4039115646258487,11.760000000000048,31.0,0.03539183820873976,4.75,9.0,0.013806534123939077,0.4929364202292669,5.6011759621451125,36.843533123028394,0.015614239272951093,2.82998018927445,22.52492113564669,0.007835530045022196,1.8630914826498424,0.00402220134195386,1.9444468750000041,16.553125,0.005470102952261012,0.0,0
18661.0,2022-02-22 11:15:00,339.45,339.655,338.71,338.99,667201.0,2,2,1.0,buy,False,0.45323129251700844,4.163492493946733,28.239017640954685,0.011578080659927173,-0.8640770258955064,0.22118703083013455,-0.21085148211761862,-0.0006189373720594862,37.24098596067801,11.36836078365285,22.83054310177625,-11.556003852593946,667201.0,5.330000000000041,1.0,11.760000000000048,31.0,0.03539183820873976,5.330000000000041,10.0,0.01549238460644123,2.0,2.0,-0.8640770258955064,-0.21085148211761862,0.22118703083013455,37.24098596067801,11.36836078365285,22.83054310177625,-11.556003852593946,9.644986009162508,31.45835552988499,34.648174187554964,-0.13551333038738536,0.27899973428596536,0.20499999999998408,0.28000000000002956,0.45999999999997954,0.0,18662.0,18662.0,2022-02-22,2022-02-22 11:15:00,4.660904451458749,11.0,1.0,best_within_2.0d,18672.0,354.79,0.45323129251700844,11.760000000000048,31.0,0.03539183820873976,5.330000000000041,10.0,0.01549238460644123,0.4929364202292669,5.6011759621451125,36.843533123028394,0.015614239272951093,2.82998018927445,22.52492113564669,0.007835530045022196,1.8630914826498424,0.00402220134195386,1.9444468750000041,16.553125,0.005470102952261012,0.0,0
18662.0,2022-02-22 11:20:00,338.99,338.99,338.49,338.96,707260.0,2,2,1.0,buy,False,0.47193877551020313,4.163492493946733,28.239017640954685,0.011578080659927173,-0.8572217540266779,0.11403431157679982,-0.3145765654365391,-0.0009237567659815141,37.07086575121801,11.859534164337756,19.173540122630083,-2.768477752246902,707260.0,5.550000000000011,1.0,11.760000000000048,31.0,0.03539183820873976,5.550000000000011,11.0,0.016131845134286744,2.0,2.0,-0.8572217540266779,-0.3145765654365391,0.11403431157679982,37.07086575121801,11.859534164337756,19.173540122630083,-2.768477752246902,6.9547229702014155,34.654730697671084,36.92840664354598,-0.008849818578727854,0.1477148512511448,0.0,0.46999999999997044,0.03000000000002956,0.0,18663.0,18663.0,2022-02-22,2022-02-22 11:20:00,4.670167571394867,10.0,1.0,best_within_2.0d,18672.0,354.79,0.47193877551020313,11.760000000000048,31.0,0.03539183820873976,5.550000000000011,11.0,0.016131845134286744,0.4929364202292669,5.6011759621451125,36.843533123028394,0.015614239272951093,2.82998018927445,22.52492113564669,0.007835530045022196,1.8630914826498424,0.00402220134195386,1.9444468750000041,16.553125,0.005470102952261012,0.0,0
18663.0,2022-02-22 11:25:00,338.96,339.83,338.48,338.76,1058695.0,2,2,1.0,buy,False,0.47278911564625675,4.163492493946733,28.239017640954685,0.011578080659927173,-0.8355943452200303,0.009585018424296033,-0.4082121541857191,-0.0011991828982802408,35.89367697510946,10.717601089477913,16.354893778246026,-0.5569842880583096,1058695.0,5.560000000000002,1.0,11.760000000000048,31.0,0.03539183820873976,5.560000000000002,12.0,0.016160911521916062,2.0,2.0,-0.8355943452200303,-0.4082121541857191,0.009585018424296033,35.89367697510946,10.717601089477913,16.354893778246026,-0.5569842880583096,13.87824429852676,27.411258639379422,36.63180043561003,-0.059004012272831204,0.3988418813519161,0.8700000000000045,0.2799999999999727,0.19999999999998863,0.0,18664.0,18664.0,2022-02-22,2022-02-22 11:25:00,4.731963632069911,9.0,1.0,best_within_2.0d,18672.0,354.79,0.47278911564625675,11.760000000000048,31.0,0.03539183820873976,5.560000000000002,12.0,0.016160911521916062,0.4929364202292669,5.6011759621451125,36.843533123028394,0.015614239272951093,2.82998018927445,22.52492113564669,0.007835530045022196,1.8630914826498424,0.00402220134195386,1.9444468750000041,16.553125,0.005470102952261012,0.0,0
18665.0,2022-02-22 11:35:00,339.15,339.3,338.38,338.74,599897.0,2,2,1.0,buy,False,0.48129251700680287,4.163492493946733,28.239017640954685,0.011578080659927173,-0.6735090819552622,-0.16552313013941117,-0.5022776711170422,-0.0014764216084469188,37.29765408073287,14.642233590870601,15.372780598909042,13.181139574793718,599897.0,5.660000000000025,1.0,11.760000000000048,31.0,0.03539183820873976,5.660000000000025,14.0,0.016451575398209583,2.0,2.0,-0.6735090819552622,-0.5022776711170422,-0.16552313013941117,37.29765408073287,14.642233590870601,15.372780598909042,13.181139574793718,6.193274398920382,30.59772470895263,39.516213555633165,-0.12089046144772761,0.27188368106862576,0.1500000000000341,0.36000000000001364,0.40999999999996817,0.0,18666.0,18666.0,2022-02-22,2022-02-22 11:35:00,4.738147251579386,7.0,1.0,best_within_2.0d,18672.0,354.79,0.48129251700680287,11.760000000000048,31.0,0.03539183820873976,5.660000000000025,14.0,0.016451575398209583,0.4929364202292669,5.6011759621451125,36.843533123028394,0.015614239272951093,2.82998018927445,22.52492113564669,0.007835530045022196,1.8630914826498424,0.00402220134195386,1.9444468750000041,16.553125,0.005470102952261012,0.0,0
18669.0,2022-02-22 11:55:00,337.8,338.33,337.34,338.25,780336.0,2,2,1.0,buy,False,0.5697278911564642,4.163492493946733,28.239017640954685,0.011578080659927173,-0.47918414936681475,-0.43041758823329046,-0.6700096629166978,-0.001972217075700921,37.41134102393469,22.005633681429586,18.090624969162747,29.835651105963265,780336.0,6.7000000000000455,1.0,11.760000000000048,31.0,0.03539183820873976,6.7000000000000455,18.0,0.019474479711661566,2.0,2.0,-0.47918414936681475,-0.6700096629166978,-0.43041758823329046,37.41134102393469,22.005633681429586,18.090624969162747,29.835651105963265,7.667023448945915,29.833071439958186,44.43929989556425,0.13321492007104457,0.29347246101855967,0.07999999999998408,0.4600000000000364,0.44999999999998863,1.0,18670.0,18670.0,2022-02-22,2022-02-22 11:55:00,4.8898743532889934,3.0,1.0,best_within_2.0d,18672.0,354.79,0.5697278911564642,11.760000000000048,31.0,0.03539183820873976,6.7000000000000455,18.0,0.019474479711661566,0.4929364202292669,5.6011759621451125,36.843533123028394,0.015614239272951093,2.82998018927445,22.52492113564669,0.007835530045022196,1.8630914826498424,0.00402220134195386,1.9444468750000041,16.553125,0.005470102952261012,1.0,0
18672.0,2022-02-22 12:10:00,354.74,354.93,354.74,354.79,20501.0,1p,1p,0.0,sell,False,1.0837194790116322,1.650000000000034,15.0,0.004670516304347923,0.22336006789610957,0.08038630969020491,0.1920663436382597,0.0005423272057204709,66.9921086010171,85.88931944465543,83.64889492107224,90.3701684918218,20501.0,1.650000000000034,0.0,1.650000000000034,15.0,0.004670516304347923,1.650000000000034,0.0,0.0,1.0,1.0,0.22336006789610957,0.1920663436382597,0.08038630969020491,66.9921086010171,85.88931944465543,83.64889492107224,90.3701684918218,50.27624309391925,6.077348066297327,37.57347721743969,0.014094830016353208,0.05356035406212937,0.13999999999998636,0.0,0.05000000000001137,1.0,18673.0,18673.0,2022-02-22,2022-02-22 12:10:00,9.419773834278063,339.0,1.0,best_within_2.0d,19011.0,318.0,0.5832424107187206,4.3760036431226785,32.22527881040892,0.012230020343504162,2.285057100371749,15.890706319702602,0.006381710269403211,0.4929364202292669,5.6011759621451125,36.843533123028394,0.015614239272951093,2.82998018927445,22.52492113564669,0.007835530045022196,1.8630914826498424,0.00402220134195386,1.9444468750000041,16.553125,0.005470102952261012,0.0,1
18672.0,2022-02-22 12:10:00,350.81,351.388,350.79,351.07,449090.0,2,2,0.0,sell,False,0.3753086419753051,4.163492493946733,28.239017640954685,0.011578080659927173,0.4074064037431371,-0.670420301472624,-0.46671709960105545,-0.0013292666887177182,48.99019018664633,76.2768429952008,64.44947186234751,99.93158526090735,449090.0,2.127999999999986,1.0,5.670000000000016,38.0,0.015974980982165543,2.127999999999986,8.0,0.006092882093569221,2.0,2.0,0.4074064037431371,-0.46671709960105545,-0.670420301472624,48.99019018664633,76.2768429952008,64.44947186234751,99.93158526090735,20.190469649622784,15.936952714536451,42.29284276250597,0.07411419286793161,0.1704723623820395,0.31799999999998363,0.01999999999998181,0.2599999999999909,1.0,18673.0,18673.0,2022-02-22,2022-02-22 12:10:00,9.419773834278063,339.0,1.0,best_within_2.0d,19011.0,318.0,0.3753086419753051,5.670000000000016,38.0,0.015974980982165543,2.127999999999986,8.0,0.006092882093569221,0.4929364202292669,5.6011759621451125,36.843533123028394,0.015614239272951093,2.82998018927445,22.52492113564669,0.007835530045022196,1.8630914826498424,0.00402220134195386,1.9444468750000041,16.553125,0.005470102952261012,0.0,1
18676.0,2022-02-22 12:30:00,337.84,338.15,337.25,337.3,576277.0,2,2,1.0,buy,False,0.5773809523809518,4.163492493946733,28.239017640954685,0.011578080659927173,-0.21274648641198235,-0.6424745778351901,-0.7488478210411813,-0.0022091099173072786,34.23858028520161,17.16107765037785,24.467155626761645,2.548921697610268,576277.0,6.7900000000000205,1.0,11.760000000000048,31.0,0.03539183820873976,6.7900000000000205,25.0,0.0197360772003256,2.0,2.0,-0.21274648641198235,-0.7488478210411813,-0.6424745778351901,34.23858028520161,17.16107765037785,24.467155626761645,2.548921697610268,15.794045644791662,21.20350627813343,35.42269060085754,-0.15983897703053623,0.266864343958481,0.3100000000000023,0.05000000000001137,0.5399999999999636,0.0,18677.0,18677.0,2022-02-22,2022-02-22 12:30:00,3.2226504595315757,136.0,1.0,best_within_2.0d,18812.0,348.17,0.5773809523809518,11.760000000000048,31.0,0.03539183820873976,6.7900000000000205,25.0,0.0197360772003256,0.4929364202292669,5.6011759621451125,36.843533123028394,0.015614239272951093,2.82998018927445,22.52492113564669,0.007835530045022196,1.8630914826498424,0.00402220134195386,1.9444468750000041,16.553125,0.005470102952261012,0.0,0
18679.0,2022-02-22 12:45:00,337.52,337.739,336.865,337.02,610894.0,2,2,1.0,buy,False,0.6101190476190461,4.163492493946733,28.239017640954685,0.011578080659927173,-0.12795194307625324,-0.6883514348485286,-0.7523274063866552,-0.0022214562306568735,34.48622059045823,15.440482103978066,19.843418702353823,6.63460890722655,610894.0,7.175000000000011,1.0,11.760000000000048,31.0,0.03539183820873976,7.175000000000011,28.0,0.020855133124055375,2.0,2.0,-0.12795194307625324,-0.7523274063866552,-0.6883514348485286,34.48622059045823,15.440482103978066,19.843418702353823,6.63460890722655,9.858077674853327,26.00492903883796,36.65073695253902,-0.14813936951884335,0.2594511154319881,0.2189999999999941,0.15499999999997272,0.5,0.0,18680.0,18680.0,2022-02-22,2022-02-22 12:45:00,3.308408996498734,133.0,1.0,best_within_2.0d,18812.0,348.17,0.6101190476190461,11.760000000000048,31.0,0.03539183820873976,7.175000000000011,28.0,0.020855133124055375,0.4929364202292669,5.6011759621451125,36.843533123028394,0.015614239272951093,2.82998018927445,22.52492113564669,0.007835530045022196,1.8630914826498424,0.00402220134195386,1.9444468750000041,16.553125,0.005470102952261012,0.0,0
18682.0,2022-02-22 13:00:00,337.3023,337.46,336.68,337.0,547064.0,2,2,1.0,buy,False,0.625850340136053,4.163492493946733,28.239017640954685,0.011578080659927173,-0.054266265055360474,-0.7177442410156376,-0.7448773735433178,-0.0022015086332524253,35.74402744643301,19.469554254003,18.830506697172382,20.747649367664238,547064.0,7.360000000000014,1.0,11.760000000000048,31.0,0.03539183820873976,7.360000000000014,31.0,0.02139286129519827,2.0,2.0,-0.054266265055360474,-0.7448773735433178,-0.7177442410156376,35.74402744643301,19.469554254003,18.830506697172382,20.747649367664238,10.539773004517981,25.177370716998027,38.21701621089261,-0.08962286945567892,0.2316739931091757,0.15769999999997708,0.3199999999999932,0.30230000000000246,0.0,18683.0,18683.0,2022-02-22,2022-02-22 13:00:00,3.314540059347186,130.0,1.0,best_within_2.0d,18812.0,348.17,0.625850340136053,11.760000000000048,31.0,0.03539183820873976,7.360000000000014,31.0,0.02139286129519827,0.4929364202292669,5.6011759621451125,36.843533123028394,0.015614239272951093,2.82998018927445,22.52492113564669,0.007835530045022196,1.8630914826498424,0.00402220134195386,1.9444468750000041,16.553125,0.005470102952261012,0.0,0
18685.0,2022-02-22 13:15:00,337.57,337.58,336.24,336.505,662405.0,2,2,1.0,buy,False,0.6632653061224473,4.163492493946733,28.239017640954685,0.011578080659927173,0.018331324678889427,-0.7021813328127455,-0.6930156704733008,-0.0020497663111414956,34.8044806611841,29.8595204753248,27.8207220901416,33.9371172456912,662405.0,7.800000000000011,1.0,11.760000000000048,31.0,0.03539183820873976,7.800000000000011,34.0,0.022671782350889465,2.0,2.0,0.018331324678889427,-0.6930156704733008,-0.7021813328127455,34.8044806611841,29.8595204753248,27.8207220901416,33.9371172456912,7.080551102894002,33.13992939117123,40.448989303658585,-0.3154901205675853,0.39852486319294994,0.009999999999990905,0.26499999999998636,1.0649999999999977,0.0,18686.0,18686.0,2022-02-22,2022-02-22 13:15:00,3.4665160993150237,127.0,1.0,best_within_2.0d,18812.0,348.17,0.6632653061224473,11.760000000000048,31.0,0.03539183820873976,7.800000000000011,34.0,0.022671782350889465,0.4929364202292669,5.6011759621451125,36.843533123028394,0.015614239272951093,2.82998018927445,22.52492113564669,0.007835530045022196,1.8630914826498424,0.00402220134195386,1.9444468750000041,16.553125,0.005470102952261012,1.0,0
18690.0,2022-02-22 13:40:00,336.63,336.93,336.08,336.2,415423.0,2,2,1.0,buy,False,0.67687074829932,4.163492493946733,28.239017640954685,0.011578080659927173,0.013104774857003232,-0.6727010743942567,-0.6661486869657551,-0.0019729318039843663,34.655720432217464,24.071878878400312,30.031310572221578,12.153015490757781,415423.0,7.960000000000036,1.0,11.760000000000048,31.0,0.03539183820873976,7.960000000000036,39.0,0.023136844552959064,2.0,2.0,0.013104774857003232,-0.6661486869657551,-0.6727010743942567,34.655720432217464,24.071878878400312,30.031310572221578,12.153015490757781,9.1681142636559,27.824958716678537,43.68692559148695,-0.12773668419333,0.25291597238753355,0.30000000000001137,0.12000000000000455,0.4300000000000068,0.0,18691.0,18691.0,2022-02-22,2022-02-22 13:40:00,3.560380725758485,122.0,1.0,best_within_2.0d,18812.0,348.17,0.67687074829932,11.760000000000048,31.0,0.03539183820873976,7.960000000000036,39.0,0.023136844552959064,0.4929364202292669,5.6011759621451125,36.843533123028394,0.015614239272951093,2.82998018927445,22.52492113564669,0.007835530045022196,1.8630914826498424,0.00402220134195386,1.9444468750000041,16.553125,0.005470102952261012,0.0,0
18691.0,2022-02-22 13:45:00,336.18,336.34,335.82,335.93,466806.0,2,2,1.0,buy,False,0.6989795918367342,4.163492493946733,28.239017640954685,0.011578080659927173,-0.04431460049042535,-0.6782403994555599,-0.7003976997007726,-0.0020751473986111877,32.82645571562561,17.802305217179345,25.954975453874166,1.4969647437897038,466806.0,8.220000000000027,1.0,11.760000000000048,31.0,0.03539183820873976,8.220000000000027,40.0,0.023892570631322017,2.0,2.0,-0.04431460049042535,-0.7003976997007726,-0.6782403994555599,32.82645571562561,17.802305217179345,25.954975453874166,1.4969647437897038,9.483351449677482,31.66552053062402,44.41693900632946,-0.07436492355285859,0.15484485736405867,0.15999999999996817,0.11000000000001364,0.25,0.0,18692.0,18692.0,2022-02-22,2022-02-22 13:45:00,3.6436162295716397,121.0,1.0,best_within_2.0d,18812.0,348.17,0.6989795918367342,11.760000000000048,31.0,0.03539183820873976,8.220000000000027,40.0,0.023892570631322017,0.4929364202292669,5.6011759621451125,36.843533123028394,0.015614239272951093,2.82998018927445,22.52492113564669,0.007835530045022196,1.8630914826498424,0.00402220134195386,1.9444468750000041,16.553125,0.005470102952261012,0.0,0
18692.0,2022-02-22 13:50:00,335.94,335.96,335.36,335.373,485005.0,2,2,1.0,buy,False,0.7380952380952357,4.163492493946733,28.239017640954685,0.011578080659927173,-0.13670700895434185,-0.6953287755748526,-0.7636822800520235,-0.002263712981223046,29.38101674775794,12.038138118642134,21.31602967546349,-6.51764499500058,485005.0,8.680000000000007,1.0,11.760000000000048,31.0,0.03539183820873976,8.680000000000007,41.0,0.02522962446227185,2.0,2.0,-0.13670700895434185,-0.7636822800520235,-0.6953287755748526,29.38101674775794,12.038138118642134,21.31602967546349,-6.51764499500058,9.35878631318573,36.28472602289871,45.458002102010106,-0.16878013931059335,0.17891221374044783,0.01999999999998181,0.012999999999976808,0.5670000000000073,0.0,18693.0,18693.0,2022-02-22,2022-02-22 13:50:00,3.8157514170789018,120.0,1.0,best_within_2.0d,18812.0,348.17,0.7380952380952357,11.760000000000048,31.0,0.03539183820873976,8.680000000000007,41.0,0.02522962446227185,0.4929364202292669,5.6011759621451125,36.843533123028394,0.015614239272951093,2.82998018927445,22.52492113564669,0.007835530045022196,1.8630914826498424,0.00402220134195386,1.9444468750000041,16.553125,0.005470102952261012,0.0,0
18693.0,2022-02-22 13:55:00,335.351,335.71,335.22,335.63,459939.0,2,2,1.0,buy,False,0.7499999999999963,4.163492493946733,28.239017640954685,0.011578080659927173,-0.14196973469117546,-0.7130749924112496,-0.7840598597568373,-0.0023249986443631323,32.88148020813479,13.816385864405145,18.81614840511071,3.816860782994013,459939.0,8.819999999999993,1.0,11.760000000000048,31.0,0.03539183820873976,8.819999999999993,42.0,0.025636553889082644,2.0,2.0,-0.14196973469117546,-0.7840598597568373,-0.7130749924112496,32.88148020813479,13.816385864405145,18.81614840511071,3.816860782994013,9.769418862405715,33.134897963847024,46.1009666836645,0.08319641211745196,0.14617266272893986,0.07999999999998408,0.1309999999999718,0.27899999999999636,1.0,18694.0,18694.0,2022-02-22,2022-02-22 13:55:00,3.736257187974859,119.0,1.0,best_within_2.0d,18812.0,348.17,0.7499999999999963,11.760000000000048,31.0,0.03539183820873976,8.819999999999993,42.0,0.025636553889082644,0.4929364202292669,5.6011759621451125,36.843533123028394,0.015614239272951093,2.82998018927445,22.52492113564669,0.007835530045022196,1.8630914826498424,0.00402220134195386,1.9444468750000041,16.553125,0.005470102952261012,0.0,0
18694.0,2022-02-22 14:00:00,335.63,335.69,335.17,335.21,524068.0,2,2,1.0,buy,False,0.7542517006802695,4.163492493946733,28.239017640954685,0.011578080659927173,-0.17843092156406515,-0.7353788576067577,-0.8245943183887903,-0.002446282366355928,30.243134287505654,9.850412318875437,15.82756970969895,-2.1039024627715897,524068.0,8.870000000000005,1.0,11.760000000000048,31.0,0.03539183820873976,8.870000000000005,43.0,0.025781885827229404,2.0,2.0,-0.17843092156406515,-0.8245943183887903,-0.7353788576067577,30.243134287505654,9.850412318875437,15.82756970969895,-2.1039024627715897,9.680925745601405,33.40089223034919,46.7407513197413,-0.12513780055418644,0.15514515022226982,0.060000000000002274,0.03999999999996362,0.4200000000000159,0.0,18695.0,18695.0,2022-02-22,2022-02-22 14:00:00,3.866233107604199,118.0,1.0,best_within_2.0d,18812.0,348.17,0.7542517006802695,11.760000000000048,31.0,0.03539183820873976,8.870000000000005,43.0,0.025781885827229404,0.4929364202292669,5.6011759621451125,36.843533123028394,0.015614239272951093,2.82998018927445,22.52492113564669,0.007835530045022196,1.8630914826498424,0.00402220134195386,1.9444468750000041,16.553125,0.005470102952261012,0.0,0
18695.0,2022-02-22 14:05:00,335.21,335.3401,334.65,334.66,802561.0,2,2,1.0,buy,False,0.7984693877551025,4.163492493946733,28.239017640954685,0.011578080659927173,-0.24872125622649177,-0.7664690146350692,-0.8908296427483151,-0.002644185884653278,27.16881381688728,6.694900599020575,12.783346672806159,-5.481991548550592,802561.0,9.390000000000043,1.0,11.760000000000048,31.0,0.03539183820873976,9.390000000000043,44.0,0.027293337983955477,2.0,2.0,-0.24872125622649177,-0.8908296427483151,-0.7664690146350692,27.16881381688728,6.694900599020575,12.783346672806159,-5.481991548550592,8.432632634839953,38.24887840474439,47.964386086560225,-0.16407625070849752,0.20621544897655147,0.1301000000000272,0.010000000000047748,0.5499999999999545,0.0,18696.0,18696.0,2022-02-22,2022-02-22 14:05:00,4.036933006633595,117.0,1.0,best_within_2.0d,18812.0,348.17,0.7984693877551025,11.760000000000048,31.0,0.03539183820873976,9.390000000000043,44.0,0.027293337983955477,0.4929364202292669,5.6011759621451125,36.843533123028394,0.015614239272951093,2.82998018927445,22.52492113564669,0.007835530045022196,1.8630914826498424,0.00402220134195386,1.9444468750000041,16.553125,0.005470102952261012,0.0,0
18696.0,2022-02-22 14:10:00,334.6599,335.53,334.35,335.41,898725.0,2,2,1.0,buy,False,0.8239795918367312,4.163492493946733,28.239017640954685,0.011578080659927173,-0.17003749787196765,-0.7877237018690652,-0.872742450805049,-0.002591348640993942,36.62893315070313,16.62620453015614,14.064299291922818,21.75001500662278,898725.0,9.689999999999998,1.0,11.760000000000048,31.0,0.03539183820873976,9.689999999999998,45.0,0.02816532961283571,2.0,2.0,-0.17003749787196765,-0.872742450805049,-0.7877237018690652,36.62893315070313,16.62620453015614,14.064299291922818,21.75001500662278,8.076521078136881,35.57786716498265,49.03820822029077,0.22413799800933182,0.35292358307161653,0.1199999999999477,0.30989999999997053,0.7501000000000317,1.0,18697.0,18697.0,2022-02-22,2022-02-22 14:10:00,3.8042992158850333,116.0,1.0,best_within_2.0d,18812.0,348.17,0.8239795918367312,11.760000000000048,31.0,0.03539183820873976,9.689999999999998,45.0,0.02816532961283571,0.4929364202292669,5.6011759621451125,36.843533123028394,0.015614239272951093,2.82998018927445,22.52492113564669,0.007835530045022196,1.8630914826498424,0.00402220134195386,1.9444468750000041,16.553125,0.005470102952261012,1.0,0
18713.0,2022-02-22 15:35:00,340.0046,340.34,339.4,340.05,862054.0,2s,2s,1.0,buy,False,0.39455782312925375,4.163492493946733,28.239017640954685,0.011578080659927173,0.4393978672016683,0.690985291173793,0.9106842247746272,0.002689176248145358,59.73225212603504,55.891644366390466,69.82276957101796,28.029393957135483,862054.0,2.32000000000005,1.0,11.760000000000048,31.0,0.03539183820873976,2.32000000000005,5.0,0.006789184127355876,1.0,2.5,0.4393978672016683,0.9106842247746272,0.690985291173793,59.73225212603504,55.891644366390466,69.82276957101796,28.029393957135483,27.296540601725837,10.497398063698734,42.44471284464022,0.013352760521483884,0.27695934001178485,0.2899999999999636,0.6046000000000049,0.045400000000029195,1.0,18714.0,18714.0,2022-02-22,2022-02-22 15:35:00,2.3878841346860766,99.0,1.0,best_within_2.0d,18812.0,348.17,0.5832424107187206,4.3760036431226785,32.22527881040892,0.012230020343504162,2.285057100371749,15.890706319702602,0.006381710269403211,0.39455782312925375,11.760000000000048,31.0,0.03539183820873976,2.32000000000005,5.0,0.006789184127355876,1.0,0.00402220134195386,1.9444468750000041,16.553125,0.005470102952261012,0.0,0
18714.0,2022-02-22 15:40:00,340.07,340.22,338.62,339.01,1115016.0,2s,2s,1.0,buy,False,0.46088435374149606,4.163492493946733,28.239017640954685,0.011578080659927173,0.17355069239571752,0.7126791277232577,0.7994544739211165,0.0023605369656802323,52.3438133334355,41.454644631356906,60.36672792446427,3.6304780451421834,1115016.0,3.1000000000000227,1.0,11.760000000000048,31.0,0.03539183820873976,3.1000000000000227,6.0,0.009071754652932291,1.0,2.5,0.17355069239571752,0.7994544739211165,0.7126791277232577,52.3438133334355,41.454644631356906,60.36672792446427,3.6304780451421834,22.99867770465971,14.796845013608797,40.96298624413182,-0.3117005322433623,0.4725060539838234,0.1500000000000341,0.38999999999998636,1.0600000000000023,0.0,18715.0,18715.0,2022-02-22,2022-02-22 15:40:00,2.7019851921772293,98.0,1.0,best_within_2.0d,18812.0,348.17,0.5832424107187206,4.3760036431226785,32.22527881040892,0.012230020343504162,2.285057100371749,15.890706319702602,0.006381710269403211,0.46088435374149606,11.760000000000048,31.0,0.03539183820873976,3.1000000000000227,6.0,0.009071754652932291,1.0,0.00402220134195386,1.9444468750000041,16.553125,0.005470102952261012,0.0,0
18715.0,2022-02-22 15:45:00,338.99,339.02,338.21,338.37,951985.0,2s,2s,1.0,buy,False,0.49574829931972936,4.163492493946733,28.239017640954685,0.011578080659927173,-0.09685630935579526,0.7005720890537833,0.6521439343758857,0.0019257037876079567,48.3780780672372,29.155897940373006,49.96311792976718,-12.458542038415345,951985.0,3.5100000000000477,1.0,11.760000000000048,31.0,0.03539183820873976,3.5100000000000477,7.0,0.010271567365094368,1.0,2.5,-0.09685630935579526,0.6521439343758857,0.7005720890537833,48.3780780672372,29.155897940373006,49.96311792976718,-12.458542038415345,23.2016152891895,17.055522970637337,39.12756486896796,-0.1828962506268635,0.23949617101800724,0.029999999999972715,0.160000000000025,0.6200000000000045,0.0,18716.0,18716.0,2022-02-22,2022-02-22 15:45:00,2.896237846144756,97.0,1.0,best_within_2.0d,18812.0,348.17,0.5832424107187206,4.3760036431226785,32.22527881040892,0.012230020343504162,2.285057100371749,15.890706319702602,0.006381710269403211,0.49574829931972936,11.760000000000048,31.0,0.03539183820873976,3.5100000000000477,7.0,0.010271567365094368,1.0,0.00402220134195386,1.9444468750000041,16.553125,0.005470102952261012,0.0,0
18716.0,2022-02-22 15:50:00,338.36,338.36,336.78,337.26,2004591.0,2s,2s,1.0,buy,False,0.6173469387755117,4.163492493946733,28.239017640954685,0.011578080659927173,-0.4157139893077628,0.6486078403903129,0.44075084573643153,0.001301881501191395,42.380787735545155,22.676131690343222,40.86745584995919,-13.706516628888721,2004591.0,4.940000000000055,1.0,11.760000000000048,31.0,0.03539183820873976,4.940000000000055,8.0,0.014456279995317962,1.0,2.5,-0.4157139893077628,0.44075084573643153,0.6486078403903129,42.380787735545155,22.676131690343222,40.86745584995919,-13.706516628888721,22.857551940846268,19.87072954965016,36.8320438317486,-0.3250975292587843,0.46914899934676674,0.0,0.4800000000000182,1.1000000000000227,0.0,18717.0,18717.0,2022-02-22,2022-02-22 15:50:00,3.234892960920366,96.0,1.0,best_within_2.0d,18812.0,348.17,0.5832424107187206,4.3760036431226785,32.22527881040892,0.012230020343504162,2.285057100371749,15.890706319702602,0.006381710269403211,0.6173469387755117,11.760000000000048,31.0,0.03539183820873976,4.940000000000055,8.0,0.014456279995317962,1.0,0.00402220134195386,1.9444468750000041,16.553125,0.005470102952261012,1.0,0
18762.0,2022-02-22 19:40:00,340.46,340.5,340.42,340.43,22397.0,2s,2s,1.0,buy,False,0.3078231292516998,4.163492493946733,28.239017640954685,0.011578080659927173,-0.1140609535487444,0.24884347134056392,0.19181299456619172,0.0005635779986491782,52.227908222411386,23.990945753046184,34.39140540171658,3.190026455705379,22397.0,0.7299999999999613,1.0,11.760000000000048,31.0,0.03539183820873976,0.7299999999999613,11.0,0.0021398211930234836,2.0,2.5,-0.1140609535487444,0.19181299456619172,0.24884347134056392,52.227908222411386,23.990945753046184,34.39140540171658,3.190026455705379,28.2815324508721,21.57268645402128,34.22278154774584,-0.008811607824699735,0.023500381881200894,0.040000000000020464,0.009999999999990905,0.029999999999972715,0.0,18763.0,18763.0,2022-02-22,2022-02-22 19:40:00,2.27359515906354,50.0,1.0,best_within_2.0d,18812.0,348.17,0.5832424107187206,4.3760036431226785,32.22527881040892,0.012230020343504162,2.285057100371749,15.890706319702602,0.006381710269403211,0.3078231292516998,11.760000000000048,31.0,0.03539183820873976,0.7299999999999613,11.0,0.0021398211930234836,2.0,0.00402220134195386,1.9444468750000041,16.553125,0.005470102952261012,1.0,0
18767.0,2022-02-23 04:05:00,341.98,342.15,341.9,341.98,26119.0,1,1,0.0,sell,False,0.28474203958968436,1.7299999999999613,6.0,0.005081957581810591,0.19411024021243095,0.2506766306949156,0.34773175080113106,0.0010208296285873723,74.2221409385169,77.68172245223464,61.26630999939225,110.51254735791943,26119.0,1.7299999999999613,1.0,1.7299999999999613,6.0,0.005081957581810591,1.7299999999999613,6.0,0.005081957581810591,1.0,1.0,0.19411024021243095,0.34773175080113106,0.2506766306949156,74.2221409385169,77.68172245223464,61.26630999939225,110.51254735791943,51.18733509234641,10.026385224273932,33.47171286039177,0.0,0.07312079555425563,0.16999999999995907,0.08000000000004093,0.0,0.0,18768.0,18768.0,2022-02-23,2022-02-23 04:05:00,7.012105971109427,244.0,1.0,best_within_2.0d,19011.0,318.0,0.5832424107187206,4.3760036431226785,32.22527881040892,0.012230020343504162,2.285057100371749,15.890706319702602,0.006381710269403211,0.4929364202292669,5.6011759621451125,36.843533123028394,0.015614239272951093,2.82998018927445,22.52492113564669,0.007835530045022196,1.8630914826498424,0.00402220134195386,1.9444468750000041,16.553125,0.005470102952261012,0.0,1
18768.0,2022-02-23 04:10:00,341.94,342.55,341.94,342.43,9548.0,1,1,0.0,sell,False,0.43804359719371594,2.1299999999999955,7.0,0.0062569766758709695,0.29861676904935686,0.2880037268260852,0.43731211135076364,0.0012833084995229932,77.77281777973971,83.2862859161686,68.60630197165102,112.64625380520374,9548.0,2.1299999999999955,1.0,2.1299999999999955,7.0,0.0062569766758709695,2.1299999999999955,7.0,0.0062569766758709695,1.0,1.0,0.29861676904935686,0.43731211135076364,0.2880037268260852,77.77281777973971,83.2862859161686,68.60630197165102,112.64625380520374,55.45023696682355,9.004739336492483,36.2279350510361,0.14329999415102332,0.17839387026964193,0.12000000000000455,0.0,0.4900000000000091,1.0,18769.0,18769.0,2022-02-23,2022-02-23 04:10:00,7.134304821423358,243.0,1.0,best_within_2.0d,19011.0,318.0,0.5832424107187206,4.3760036431226785,32.22527881040892,0.012230020343504162,2.285057100371749,15.890706319702602,0.006381710269403211,0.4929364202292669,5.6011759621451125,36.843533123028394,0.015614239272951093,2.82998018927445,22.52492113564669,0.007835530045022196,1.8630914826498424,0.00402220134195386,1.9444468750000041,16.553125,0.005470102952261012,0.0,1
18769.0,2022-02-23 04:15:00,342.63,342.66,342.45,342.63,8824.0,1,1,0.0,sell,False,0.5409097019781165,2.240000000000009,8.0,0.006580106926737586,0.36874116774436927,0.3340963727941314,0.518466956666316,0.0015208452449862455,79.14756616947652,88.42084272140454,75.21114888823553,114.84023038774257,8824.0,2.240000000000009,1.0,2.240000000000009,8.0,0.006580106926737586,2.240000000000009,8.0,0.006580106926737586,1.0,1.0,0.36874116774436927,0.518466956666316,0.3340963727941314,79.14756616947652,88.42084272140454,75.21114888823553,114.84023038774257,57.783018867923154,6.839622641509627,39.27109088941353,0.0,0.06132282084976971,0.03000000000002956,0.18000000000000682,0.0,0.0,18770.0,18770.0,2022-02-23,2022-02-23 04:15:00,7.1885123894580145,242.0,1.0,best_within_2.0d,19011.0,318.0,0.5832424107187206,4.3760036431226785,32.22527881040892,0.012230020343504162,2.285057100371749,15.890706319702602,0.006381710269403211,0.4929364202292669,5.6011759621451125,36.843533123028394,0.015614239272951093,2.82998018927445,22.52492113564669,0.007835530045022196,1.8630914826498424,0.00402220134195386,1.9444468750000041,16.553125,0.005470102952261012,0.0,1
18770.0,2022-02-23 04:20:00,342.6,342.67,342.36,342.44,26643.0,1,1,0.0,sell,False,0.5409097019781817,2.25,9.0,0.006609482404089066,0.36302126301653304,0.379474030671198,0.5609846621794645,0.0016450166597072504,74.43737893688305,88.87315440686201,79.7651507277777,107.08916176503067,26643.0,2.25,1.0,2.25,9.0,0.006609482404089066,2.25,9.0,0.006609482404089066,1.0,1.0,0.36302126301653304,0.5609846621794645,0.379474030671198,74.43737893688305,88.87315440686201,79.7651507277777,107.08916176503067,55.80865603644551,5.2391799544408455,42.38285731842151,-0.046701692936376236,0.09054796121042244,0.06999999999999318,0.07999999999998408,0.160000000000025,0.0,18771.0,18771.0,2022-02-23,2022-02-23 04:20:00,7.137016703656114,241.0,1.0,best_within_2.0d,19011.0,318.0,0.5832424107187206,4.3760036431226785,32.22527881040892,0.012230020343504162,2.285057100371749,15.890706319702602,0.006381710269403211,0.4929364202292669,5.6011759621451125,36.843533123028394,0.015614239272951093,2.82998018927445,22.52492113564669,0.007835530045022196,1.8630914826498424,0.00402220134195386,1.9444468750000041,16.553125,0.005470102952261012,0.0,1
18772.0,2022-02-23 04:30:00,342.5,342.92,342.5,342.78,11454.0,1,1,0.0,sell,False,0.5409097019781115,2.5,11.0,0.00734386933787674,0.3354004783855171,0.4635635702567201,0.6312638094494787,0.0018498552300381494,77.23172165051574,91.12533466715401,85.73574883830466,101.90450632485272,11454.0,2.5,1.0,2.5,11.0,0.00734386933787674,2.5,11.0,0.00734386933787674,1.0,1.0,0.3354004783855171,0.6312638094494787,0.4635635702567201,77.23172165051574,91.12533466715401,85.73574883830466,101.90450632485272,56.70995670995605,4.9783549783540755,47.97055189087262,0.08175182481751028,0.12262773722628202,0.1400000000000432,0.0,0.2799999999999727,1.0,18773.0,18773.0,2022-02-23,2022-02-23 04:30:00,7.229126553474524,239.0,1.0,best_within_2.0d,19011.0,318.0,0.5832424107187206,4.3760036431226785,32.22527881040892,0.012230020343504162,2.285057100371749,15.890706319702602,0.006381710269403211,0.4929364202292669,5.6011759621451125,36.843533123028394,0.015614239272951093,2.82998018927445,22.52492113564669,0.007835530045022196,1.8630914826498424,0.00402220134195386,1.9444468750000041,16.553125,0.005470102952261012,0.0,1
18774.0,2022-02-23 04:40:00,342.87,342.96,342.85,342.91,2878.0,1,1,0.0,sell,False,0.5409097019781232,2.5399999999999636,13.0,0.007461371247282661,0.2860289110693208,0.5386355648670584,0.6816500204017188,0.001996154109914256,78.26295349153457,94.33893447629524,90.17118941945448,102.67442458997678,2878.0,2.5399999999999636,1.0,2.5399999999999636,13.0,0.007461371247282661,2.5399999999999636,13.0,0.007461371247282661,1.0,1.0,0.2860289110693208,0.6816500204017188,0.5386355648670584,78.26295349153457,94.33893447629524,90.17118941945448,102.67442458997678,57.303370786516524,5.168539325841775,52.850520033836155,0.01166622918307827,0.032084001750023856,0.049999999999954525,0.01999999999998181,0.040000000000020464,1.0,18775.0,18775.0,2022-02-23,2022-02-23 04:40:00,7.264296754250394,237.0,1.0,best_within_2.0d,19011.0,318.0,0.5832424107187206,4.3760036431226785,32.22527881040892,0.012230020343504162,2.285057100371749,15.890706319702602,0.006381710269403211,0.4929364202292669,5.6011759621451125,36.843533123028394,0.015614239272951093,2.82998018927445,22.52492113564669,0.007835530045022196,1.8630914826498424,0.00402220134195386,1.9444468750000041,16.553125,0.005470102952261012,1.0,1
18780.0,2022-02-23 05:10:00,341.93,341.93,341.47,341.52,18042.0,2s,2s,1.0,buy,False,0.21853741496598492,4.163492493946733,28.239017640954685,0.011578080659927173,-0.2693056257656745,0.522333526612943,0.3876807137301057,0.001134481497304568,47.218379345444916,22.1110782313051,43.706089148834934,-21.078943603754567,18042.0,1.4899999999999523,1.0,11.760000000000048,31.0,0.03539183820873976,1.4899999999999523,7.0,0.0043445299743408924,3.0,2.5,-0.2693056257656745,0.3876807137301057,0.522333526612943,47.218379345444916,22.1110782313051,43.706089148834934,-21.078943603754567,23.01255230125556,29.70711297071026,50.80810360909345,-0.11990758342351505,0.13471168770315972,0.0,0.049999999999954525,0.410000000000025,0.0,18781.0,18781.0,2022-02-23,2022-02-23 05:10:00,1.9471773249004551,32.0,1.0,best_within_2.0d,18812.0,348.17,0.5832424107187206,4.3760036431226785,32.22527881040892,0.012230020343504162,2.285057100371749,15.890706319702602,0.006381710269403211,0.21853741496598492,11.760000000000048,31.0,0.03539183820873976,1.4899999999999523,7.0,0.0043445299743408924,3.0,0.00402220134195386,1.9444468750000041,16.553125,0.005470102952261012,1.0,0
18787.0,2022-02-23 05:45:00,341.86,341.89,341.01,341.2,19785.0,2s,2s,1.0,buy,False,0.2576530612244913,4.163492493946733,28.239017640954685,0.011578080659927173,-0.3194596198289198,0.27170432597446176,0.11197451606000186,0.0003276571161393932,40.97319187630524,28.332539968766937,30.738283352779746,23.52105320074132,19785.0,1.9499999999999886,1.0,11.760000000000048,31.0,0.03539183820873976,1.9499999999999886,14.0,0.005685794261721451,3.0,2.5,-0.3194596198289198,0.11197451606000186,0.27170432597446176,40.97319187630524,28.332539968766937,30.738283352779746,23.52105320074132,14.653465346533508,46.138613861386325,43.665729936326265,-0.19306148715849325,0.25805694847658295,0.029999999999972715,0.18999999999999773,0.660000000000025,0.0,18788.0,18788.0,2022-02-23,2022-02-23 05:45:00,2.0427901524032905,25.0,1.0,best_within_2.0d,18812.0,348.17,0.5832424107187206,4.3760036431226785,32.22527881040892,0.012230020343504162,2.285057100371749,15.890706319702602,0.006381710269403211,0.2576530612244913,11.760000000000048,31.0,0.03539183820873976,1.9499999999999886,14.0,0.005685794261721451,3.0,0.00402220134195386,1.9444468750000041,16.553125,0.005470102952261012,1.0,0
18794.0,2022-02-23 06:20:00,341.1,341.25,340.76,341.14,11958.0,2s,2s,1.0,buy,False,0.2789115646258517,4.163492493946733,28.239017640954685,0.011578080659927173,-0.24138396526311737,0.026748679027821538,-0.09394330360373715,-0.00027503811574273155,40.80226453559934,25.088482590182203,27.47232419711085,20.320799376324914,11958.0,2.1999999999999886,1.0,11.760000000000048,31.0,0.03539183820873976,2.1999999999999886,21.0,0.006414742243993436,3.0,2.5,-0.24138396526311737,-0.09394330360373715,0.026748679027821538,40.80226453559934,25.088482590182203,27.47232419711085,20.320799376324914,19.612068965516613,34.26724137931113,39.70686595476685,0.011726766344169925,0.14379622021364277,0.11000000000001364,0.34000000000003183,0.03999999999996362,1.0,18795.0,18795.0,2022-02-23,2022-02-23 06:20:00,2.060737527114976,18.0,1.0,best_within_2.0d,18812.0,348.17,0.5832424107187206,4.3760036431226785,32.22527881040892,0.012230020343504162,2.285057100371749,15.890706319702602,0.006381710269403211,0.2789115646258517,11.760000000000048,31.0,0.03539183820873976,2.1999999999999886,21.0,0.006414742243993436,3.0,0.00402220134195386,1.9444468750000041,16.553125,0.005470102952261012,1.0,0
18801.0,2022-02-23 06:55:00,340.83,340.83,340.31,340.45,28811.0,2s,2s,1.0,buy,False,0.3171768707482996,4.163492493946733,28.239017640954685,0.011578080659927173,-0.2052321476145885,-0.11205728383103837,-0.21467335763833262,-0.0006289143409544732,32.89131863109948,26.026175448385246,35.19469561125338,7.6891351226489775,28811.0,2.6499999999999773,1.0,11.760000000000048,31.0,0.03539183820873976,2.6499999999999773,28.0,0.007726848612082976,3.0,2.5,-0.2052321476145885,-0.21467335763833262,-0.11205728383103837,32.89131863109948,26.026175448385246,35.19469561125338,7.6891351226489775,13.145539906103718,40.61032863849792,39.94925914147806,-0.1114925329343061,0.15280185713025823,0.0,0.13999999999998636,0.37999999999999545,0.0,18802.0,18802.0,2022-02-23,2022-02-23 06:55:00,2.267587017183148,11.0,1.0,best_within_2.0d,18812.0,348.17,0.5832424107187206,4.3760036431226785,32.22527881040892,0.012230020343504162,2.285057100371749,15.890706319702602,0.006381710269403211,0.3171768707482996,11.760000000000048,31.0,0.03539183820873976,2.6499999999999773,28.0,0.007726848612082976,3.0,0.00402220134195386,1.9444468750000041,16.553125,0.005470102952261012,0.0,0
18802.0,2022-02-23 07:00:00,340.46,340.92,340.25,340.9,23292.0,2s,2s,1.0,buy,False,0.3222789115646263,4.163492493946733,28.239017640954685,0.011578080659927173,-0.16744911284326414,-0.13298842293644636,-0.21671297935807843,-0.0006349502559296084,42.75741184962095,34.68411696558955,35.02450272936544,34.00334543803778,23292.0,2.7099999999999795,1.0,11.760000000000048,31.0,0.03539183820873976,2.7099999999999795,29.0,0.00790179612782826,3.0,2.5,-0.16744911284326414,-0.21671297935807843,-0.13298842293644636,42.75741184962095,34.68411696558955,35.02450272936544,34.00334543803778,13.771186440678939,36.65254237288121,40.337037149979714,0.12923691476237964,0.1969140337986821,0.020000000000038654,0.20999999999997954,0.4399999999999977,1.0,18803.0,18803.0,2022-02-23,2022-02-23 07:00:00,2.132590202405409,10.0,1.0,best_within_2.0d,18812.0,348.17,0.5832424107187206,4.3760036431226785,32.22527881040892,0.012230020343504162,2.285057100371749,15.890706319702602,0.006381710269403211,0.3222789115646263,11.760000000000048,31.0,0.03539183820873976,2.7099999999999795,29.0,0.00790179612782826,3.0,0.00402220134195386,1.9444468750000041,16.553125,0.005470102952261012,1.0,0
18807.0,2022-02-23 07:25:00,341.54,341.67,341.53,341.63,64170.0,2,2,0.0,sell,False,0.5239852398524083,4.163492493946733,28.239017640954685,0.011578080659927173,0.13101634110429816,-0.12274788241164403,-0.057239711859494946,-0.0001676928598531417,55.73962398909346,84.36180336434633,68.76602598062073,115.55335813179755,64170.0,1.420000000000016,1.0,2.7099999999999795,29.0,0.00790179612782826,1.420000000000016,6.0,0.004173401910360077,2.0,2.0,0.13101634110429816,-0.057239711859494946,-0.12274788241164403,55.73962398909346,84.36180336434633,68.76602598062073,115.55335813179755,24.168514412417302,33.48115299334756,36.724179781916796,0.026351232652097847,0.0409920065587337,0.040000000000020464,0.010000000000047748,0.08999999999997499,1.0,18808.0,18808.0,2022-02-23,2022-02-23 07:25:00,6.916839855984544,204.0,1.0,best_within_2.0d,19011.0,318.0,0.5239852398524083,2.7099999999999795,29.0,0.00790179612782826,1.420000000000016,6.0,0.004173401910360077,0.4929364202292669,5.6011759621451125,36.843533123028394,0.015614239272951093,2.82998018927445,22.52492113564669,0.007835530045022196,1.8630914826498424,0.00402220134195386,1.9444468750000041,16.553125,0.005470102952261012,0.0,1
18808.0,2022-02-23 07:30:00,341.67,341.99,341.645,341.91,22941.0,2,2,0.0,sell,False,0.6420664206642148,4.163492493946733,28.239017640954685,0.011578080659927173,0.19208800654894187,-0.0987368815930263,-0.0026928783185553584,-7.88823472017973e-06,60.13784216429445,88.04196852642276,75.19134016255472,113.74322525415886,22941.0,1.740000000000009,1.0,2.7099999999999795,29.0,0.00790179612782826,1.740000000000009,7.0,0.005113886847905978,2.0,2.0,0.19208800654894187,-0.0026928783185553584,-0.0987368815930263,60.13784216429445,88.04196852642276,75.19134016255472,113.74322525415886,32.191780821917995,26.02739726027335,34.85732660421696,0.07024321713934764,0.1009820134935466,0.07999999999998408,0.025000000000034106,0.2400000000000091,1.0,18809.0,18809.0,2022-02-23,2022-02-23 07:30:00,6.993068351320529,203.0,1.0,best_within_2.0d,19011.0,318.0,0.6420664206642148,2.7099999999999795,29.0,0.00790179612782826,1.740000000000009,7.0,0.005113886847905978,0.4929364202292669,5.6011759621451125,36.843533123028394,0.015614239272951093,2.82998018927445,22.52492113564669,0.007835530045022196,1.8630914826498424,0.00402220134195386,1.9444468750000041,16.553125,0.005470102952261012,0.0,1
18809.0,2022-02-23 07:35:00,341.9,342.16,341.8,342.09,21637.0,2,2,0.0,sell,False,0.7047970479704943,4.163492493946733,28.239017640954685,0.011578080659927173,0.2450716621599888,-0.0681029238230277,0.0544329072569667,0.00015942544477176172,62.70366675760745,90.80633852895812,80.39633961802252,111.62633635082932,21637.0,1.910000000000025,1.0,2.7099999999999795,29.0,0.00790179612782826,1.910000000000025,8.0,0.005613519470977296,2.0,2.0,0.2450716621599888,0.0544329072569667,-0.0681029238230277,62.70366675760745,90.80633852895812,80.39633961802252,111.62633635082932,32.062780269059054,25.560538116591086,33.17352089624502,0.05557180462123362,0.1053247513165634,0.07000000000005002,0.0999999999999659,0.18999999999999773,1.0,18810.0,18810.0,2022-02-23,2022-02-23 07:35:00,7.042006489520294,202.0,1.0,best_within_2.0d,19011.0,318.0,0.7047970479704943,2.7099999999999795,29.0,0.00790179612782826,1.910000000000025,8.0,0.005613519470977296,0.4929364202292669,5.6011759621451125,36.843533123028394,0.015614239272951093,2.82998018927445,22.52492113564669,0.007835530045022196,1.8630914826498424,0.00402220134195386,1.9444468750000041,16.553125,0.005470102952261012,0.0,1
18810.0,2022-02-23 07:40:00,342.09,342.18,342.06,342.1,19659.0,2,2,0.0,sell,False,0.7121771217712256,4.163492493946733,28.239017640954685,0.011578080659927173,0.2679518455309693,-0.034608943131656536,0.09936697963382812,0.0002909881052285562,62.846745528109,92.4891997792366,84.42729300509387,108.61301332752203,19659.0,1.9300000000000068,1.0,2.7099999999999795,29.0,0.00790179612782826,1.9300000000000068,9.0,0.0056722997795738625,2.0,2.0,0.2679518455309693,0.09936697963382812,-0.034608943131656536,62.846745528109,92.4891997792366,84.42729300509387,108.61301332752203,30.133928571428577,25.44642857142784,31.406393327924697,0.0029232073431108042,0.035081564637784175,0.07999999999998408,0.029999999999972715,0.010000000000047748,1.0,18811.0,18811.0,2022-02-23,2022-02-23 07:40:00,7.044723764981006,201.0,1.0,best_within_2.0d,19011.0,318.0,0.7121771217712256,2.7099999999999795,29.0,0.00790179612782826,1.9300000000000068,9.0,0.0056722997795738625,0.4929364202292669,5.6011759621451125,36.843533123028394,0.015614239272951093,2.82998018927445,22.52492113564669,0.007835530045022196,1.8630914826498424,0.00402220134195386,1.9444468750000041,16.553125,0.005470102952261012,0.0,1
18812.0,2022-02-23 07:50:00,347.97,348.17,347.93,348.17,2600.0,1p,1p,0.0,sell,False,1.818399859999582,3.580000000000041,22.0,0.010389158129951656,-0.014641041388116394,0.5219734861604973,0.5146529654664391,0.0014822341436502098,69.06203531811315,86.55971678754275,80.27682625881467,99.12549784499893,2600.0,3.580000000000041,0.0,3.580000000000041,22.0,0.010389158129951656,3.580000000000041,0.0,0.0,1.0,1.0,-0.014641041388116394,0.5146529654664391,0.5219734861604973,69.06203531811315,86.55971678754275,80.27682625881467,99.12549784499893,38.90784982935098,21.843003412970706,35.23804093122977,0.05747621921429681,0.06897939240652116,0.0,0.040000000000020464,0.19999999999998863,1.0,18813.0,18813.0,2022-02-23,2022-02-23 07:50:00,7.061024082300685,199.0,1.0,best_within_2.0d,19011.0,318.0,0.5832424107187206,4.3760036431226785,32.22527881040892,0.012230020343504162,2.285057100371749,15.890706319702602,0.006381710269403211,0.4929364202292669,5.6011759621451125,36.843533123028394,0.015614239272951093,2.82998018927445,22.52492113564669,0.007835530045022196,1.8630914826498424,0.00402220134195386,1.9444468750000041,16.553125,0.005470102952261012,0.0,1
18812.0,2022-02-23 07:50:00,347.86,348.0,347.16,347.16,63687.0,2,2,0.0,sell,False,0.8571428571428434,4.163492493946733,28.239017640954685,0.011578080659927173,-0.08349802472954182,0.05460485558306083,0.01285584321828992,3.6983696214253005e-05,39.36710560193779,55.08352608643776,67.2569772363778,30.736623786557686,63687.0,1.0199999999999818,1.0,1.1899999999999977,16.0,0.00341787058046356,1.0199999999999818,16.0,0.002939650700328497,2.0,2.0,-0.08349802472954182,0.01285584321828992,0.05460485558306083,39.36710560193779,55.08352608643776,67.2569772363778,30.736623786557686,16.436707102510194,23.14103157699868,22.742727440718603,-0.20123038003794302,0.24196335983407508,0.13999999999998636,0.0,0.6999999999999886,0.0,18813.0,18813.0,2022-02-23,2022-02-23 07:50:00,7.061024082300685,199.0,1.0,best_within_2.0d,19011.0,318.0,0.8571428571428434,1.1899999999999977,16.0,0.00341787058046356,1.0199999999999818,16.0,0.002939650700328497,0.4929364202292669,5.6011759621451125,36.843533123028394,0.015614239272951093,2.82998018927445,22.52492113564669,0.007835530045022196,1.8630914826498424,0.00402220134195386,1.9444468750000041,16.553125,0.005470102952261012,0.0,1
18812.0,2022-02-23 07:50:00,339.87,340.57,339.83,340.12,51090.0,3a,3a,0.0,sell,False,0.006216610289824968,4.163492493946733,28.239017640954685,0.011578080659927173,1.3001482240839115,-0.1118251124887943,0.5382489995531614,0.001594336722198209,72.36719963400853,89.70702995923818,87.91617668661289,93.28873650448878,51090.0,6.449999999999989,2.0,6.449999999999989,22.0,0.019304441518017443,6.449999999999989,22.0,0.019304441518017443,3.0,3.0,1.3001482240839115,0.5382489995531614,-0.1118251124887943,72.36719963400853,89.70702995923818,87.91617668661289,93.28873650448878,60.392156862745196,5.196078431372873,71.6337319792864,0.07355753670521081,0.21775593679192803,0.44999999999998863,0.040000000000020464,0.25,1.0,18813.0,18813.0,2022-02-23,2022-02-23 07:50:00,7.061024082300685,199.0,1.0,best_within_2.0d,19011.0,318.0,0.5832424107187206,4.3760036431226785,32.22527881040892,0.012230020343504162,2.285057100371749,15.890706319702602,0.006381710269403211,0.4929364202292669,5.6011759621451125,36.843533123028394,0.015614239272951093,2.82998018927445,22.52492113564669,0.007835530045022196,1.8630914826498424,0.006216610289824968,6.449999999999989,22.0,0.019304441518017443,0.0,1
18812.0,2022-02-23 07:50:00,341.81,342.24,341.79,342.16,12691.0,2,2,0.0,sell,False,0.7343173431734407,4.163492493946733,28.239017640954685,0.011578080659927173,0.23821267560442466,0.023352798513054857,0.1424591363152672,0.0004170952114957605,61.16609644664568,87.65879234808415,85.49544750646162,91.98548203132921,12691.0,1.990000000000009,1.0,2.7099999999999795,29.0,0.00790179612782826,1.990000000000009,11.0,0.00584864070536373,2.0,2.0,0.23821267560442466,0.1424591363152672,0.023352798513054857,61.16609644664568,87.65879234808415,85.49544750646162,91.98548203132921,30.122950819672017,23.56557377049081,28.20751448383431,0.10239606799099579,0.13165979109979478,0.07999999999998408,0.01999999999998181,0.35000000000002274,1.0,18813.0,18813.0,2022-02-23,2022-02-23 07:50:00,7.061024082300685,199.0,1.0,best_within_2.0d,19011.0,318.0,0.7343173431734407,2.7099999999999795,29.0,0.00790179612782826,1.990000000000009,11.0,0.00584864070536373,0.4929364202292669,5.6011759621451125,36.843533123028394,0.015614239272951093,2.82998018927445,22.52492113564669,0.007835530045022196,1.8630914826498424,0.00402220134195386,1.9444468750000041,16.553125,0.005470102952261012,0.0,1
18814.0,2022-02-23 08:00:00,340.88,342.9196,340.0,341.94,142095.0,2,2,0.0,sell,False,0.9850922509225176,4.163492493946733,28.239017640954685,0.011578080659927173,0.1743172841693251,0.07111147255517099,0.15827011463983354,0.0004633097567706327,56.60850046911815,76.84935685854427,81.84783029123841,66.85240999315599,142095.0,2.6696000000000026,1.0,2.7099999999999795,29.0,0.00790179612782826,2.6696000000000026,13.0,0.007845995591476864,2.0,2.0,0.1743172841693251,0.15827011463983354,0.07111147255517099,56.60850046911815,76.84935685854427,81.84783029123841,66.85240999315599,19.706150463831847,37.13335835701554,28.431790919696653,0.31095986857545244,0.858705882352942,0.9796000000000049,0.8799999999999955,1.0600000000000023,1.0,18815.0,18815.0,2022-02-23,2022-02-23 08:00:00,7.001228285664151,197.0,1.0,best_within_2.0d,19011.0,318.0,0.9850922509225176,2.7099999999999795,29.0,0.00790179612782826,2.6696000000000026,13.0,0.007845995591476864,0.4929364202292669,5.6011759621451125,36.843533123028394,0.015614239272951093,2.82998018927445,22.52492113564669,0.007835530045022196,1.8630914826498424,0.00402220134195386,1.9444468750000041,16.553125,0.005470102952261012,1.0,1
18834.0,2022-02-23 09:40:00,341.83,342.183,340.02,340.28,1411492.0,1p,"1p,2s",1.0,buy,False,0.5684900830794877,2.899600000000021,21.0,0.008455626333402992,-0.1960010586157235,0.00697650101199922,-0.09102402829586254,-0.0002664927283506711,32.93509634357308,47.17713533667414,57.26604505833437,26.999315893353668,1411492.0,2.899600000000021,0.0,2.899600000000021,21.0,0.008455626333402992,2.899600000000021,0.0,0.0,1.0,1.0,-0.1960010586157235,-0.09102402829586254,0.00697650101199922,32.93509634357308,47.17713533667414,57.26604505833437,26.999315893353668,8.339997715069341,21.13561064777755,40.252050832407285,-0.4534417693005328,0.636139050644083,0.35300000000000864,0.2599999999999909,1.5500000000000114,0.0,18835.0,18835.0,2022-02-23,2022-02-23 09:40:00,1.1079111320089452,118.0,1.0,best_within_2.0d,18952.0,344.05,0.5832424107187206,4.3760036431226785,32.22527881040892,0.012230020343504162,2.285057100371749,15.890706319702602,0.006381710269403211,0.34183673469387943,11.760000000000048,31.0,0.03539183820873976,2.899600000000021,21.0,0.008455626333402992,4.0,0.00402220134195386,1.9444468750000041,16.553125,0.005470102952261012,0.0,0
18834.0,2022-02-23 09:40:00,341.83,342.183,340.02,340.28,1411492.0,2s,"1p,2s",1.0,buy,False,0.5684900830794877,2.899600000000021,21.0,0.008455626333402992,-0.1960010586157235,0.00697650101199922,-0.09102402829586254,-0.0002664927283506711,32.93509634357308,47.17713533667414,57.26604505833437,26.999315893353668,1411492.0,2.899600000000021,0.0,2.899600000000021,21.0,0.008455626333402992,2.899600000000021,0.0,0.0,1.0,1.0,-0.1960010586157235,-0.09102402829586254,0.00697650101199922,32.93509634357308,47.17713533667414,57.26604505833437,26.999315893353668,8.339997715069341,21.13561064777755,40.252050832407285,-0.4534417693005328,0.636139050644083,0.35300000000000864,0.2599999999999909,1.5500000000000114,0.0,18835.0,18835.0,2022-02-23,2022-02-23 09:40:00,1.1079111320089452,118.0,1.0,best_within_2.0d,18952.0,344.05,0.5832424107187206,4.3760036431226785,32.22527881040892,0.012230020343504162,2.285057100371749,15.890706319702602,0.006381710269403211,0.34183673469387943,11.760000000000048,31.0,0.03539183820873976,2.899600000000021,21.0,0.008455626333402992,4.0,0.00402220134195386,1.9444468750000041,16.553125,0.005470102952261012,0.0,0
18836.0,2022-02-23 09:50:00,340.44,340.47,338.841,338.91,1053471.0,2s,"1p,2s",1.0,buy,False,1.4767659134580093,4.0785999999999945,23.0,0.011893750021871,-0.5091516826423065,-0.09138198992187348,-0.3459578312430267,-0.0010136788950786532,25.119488042872334,25.97082096374957,42.53605267321359,-7.159642455178471,1053471.0,4.0785999999999945,0.0,4.0785999999999945,23.0,0.011893750021871,4.0785999999999945,0.0,0.0,1.0,1.0,-0.5091516826423065,-0.3459578312430267,-0.09138198992187348,25.119488042872334,25.97082096374957,42.53605267321359,-7.159642455178471,6.908299422731313,29.137882085738674,41.855733718991466,-0.44941839971800396,0.4807564609949856,0.03000000000002956,0.06900000000001683,1.5299999999999727,0.0,18837.0,18837.0,2022-02-23,2022-02-23 09:50:00,1.516626833082525,116.0,1.0,best_within_2.0d,18952.0,344.05,0.5832424107187206,4.3760036431226785,32.22527881040892,0.012230020343504162,2.285057100371749,15.890706319702602,0.006381710269403211,0.4420918367346931,11.760000000000048,31.0,0.03539183820873976,4.0785999999999945,23.0,0.011893750021871,4.0,0.00402220134195386,1.9444468750000041,16.553125,0.005470102952261012,0.0,0
18836.0,2022-02-23 09:50:00,340.44,340.47,338.841,338.91,1053471.0,1p,"1p,2s",1.0,buy,False,1.4767659134580093,4.0785999999999945,23.0,0.011893750021871,-0.5091516826423065,-0.09138198992187348,-0.3459578312430267,-0.0010136788950786532,25.119488042872334,25.97082096374957,42.53605267321359,-7.159642455178471,1053471.0,4.0785999999999945,0.0,4.0785999999999945,23.0,0.011893750021871,4.0785999999999945,0.0,0.0,1.0,1.0,-0.5091516826423065,-0.3459578312430267,-0.09138198992187348,25.119488042872334,25.97082096374957,42.53605267321359,-7.159642455178471,6.908299422731313,29.137882085738674,41.855733718991466,-0.44941839971800396,0.4807564609949856,0.03000000000002956,0.06900000000001683,1.5299999999999727,0.0,18837.0,18837.0,2022-02-23,2022-02-23 09:50:00,1.516626833082525,116.0,1.0,best_within_2.0d,18952.0,344.05,0.5832424107187206,4.3760036431226785,32.22527881040892,0.012230020343504162,2.285057100371749,15.890706319702602,0.006381710269403211,0.4420918367346931,11.760000000000048,31.0,0.03539183820873976,4.0785999999999945,23.0,0.011893750021871,4.0,0.00402220134195386,1.9444468750000041,16.553125,0.005470102952261012,0.0,0
18837.0,2022-02-23 09:55:00,338.91,339.61,338.78,339.08,767393.0,1p,"1p,2s",1.0,buy,False,1.752320983953068,4.13960000000003,24.0,0.012071634283954693,-0.6041561288613096,-0.16690150602953718,-0.468979570460192,-0.0013747998258147474,27.679197058196962,20.252464245203303,35.108189863876824,-9.458986992143736,767393.0,4.13960000000003,0.0,4.13960000000003,24.0,0.012071634283954693,4.13960000000003,0.0,0.0,1.0,1.0,-0.6041561288613096,-0.468979570460192,-0.16690150602953718,27.679197058196962,20.252464245203303,35.108189863876824,-9.458986992143736,5.01028898631116,28.09340610181642,43.84673343404422,0.050160809654468466,0.24499675305509208,0.5300000000000296,0.1300000000000523,0.16999999999995907,1.0,18838.0,18838.0,2022-02-23,2022-02-23 09:55:00,1.465730800990925,115.0,1.0,best_within_2.0d,18952.0,344.05,0.5832424107187206,4.3760036431226785,32.22527881040892,0.012230020343504162,2.285057100371749,15.890706319702602,0.006381710269403211,0.44727891156462807,11.760000000000048,31.0,0.03539183820873976,4.13960000000003,24.0,0.012071634283954693,4.0,0.00402220134195386,1.9444468750000041,16.553125,0.005470102952261012,0.0,0
18837.0,2022-02-23 09:55:00,338.91,339.61,338.78,339.08,767393.0,2s,"1p,2s",1.0,buy,False,1.752320983953068,4.13960000000003,24.0,0.012071634283954693,-0.6041561288613096,-0.16690150602953718,-0.468979570460192,-0.0013747998258147474,27.679197058196962,20.252464245203303,35.108189863876824,-9.458986992143736,767393.0,4.13960000000003,0.0,4.13960000000003,24.0,0.012071634283954693,4.13960000000003,0.0,0.0,1.0,1.0,-0.6041561288613096,-0.468979570460192,-0.16690150602953718,27.679197058196962,20.252464245203303,35.108189863876824,-9.458986992143736,5.01028898631116,28.09340610181642,43.84673343404422,0.050160809654468466,0.24499675305509208,0.5300000000000296,0.1300000000000523,0.16999999999995907,1.0,18838.0,18838.0,2022-02-23,2022-02-23 09:55:00,1.465730800990925,115.0,1.0,best_within_2.0d,18952.0,344.05,0.5832424107187206,4.3760036431226785,32.22527881040892,0.012230020343504162,2.285057100371749,15.890706319702602,0.006381710269403211,0.44727891156462807,11.760000000000048,31.0,0.03539183820873976,4.13960000000003,24.0,0.012071634283954693,4.0,0.00402220134195386,1.9444468750000041,16.553125,0.005470102952261012,0.0,0
18838.0,2022-02-23 10:00:00,339.09,339.09,337.63,338.4399,1282872.0,1p,"1p,2s",1.0,buy,False,2.0613117701062196,5.289600000000007,25.0,0.015425190044546906,-0.7106883674897438,-0.25573755196575515,-0.6110817357106271,-0.0017924135059578072,24.30956439731159,19.431066653256025,29.88248212700322,-1.471764294238369,1282872.0,5.289600000000007,0.0,5.289600000000007,25.0,0.015425190044546906,5.289600000000007,0.0,0.0,1.0,1.0,-0.7106883674897438,-0.6110817357106271,-0.25573755196575515,24.30956439731159,19.431066653256025,29.88248212700322,-1.471764294238369,2.7011541294915524,35.11500368339205,46.83727288263294,-0.19171901265149435,0.43242602849272266,0.0,0.8099000000000274,0.6500999999999522,0.0,18839.0,18839.0,2022-02-23,2022-02-23 10:00:00,1.6576355211072893,114.0,1.0,best_within_2.0d,18952.0,344.05,0.5832424107187206,4.3760036431226785,32.22527881040892,0.012230020343504162,2.285057100371749,15.890706319702602,0.006381710269403211,0.5450680272108843,11.760000000000048,31.0,0.03539183820873976,5.289600000000007,25.0,0.015425190044546906,4.0,0.00402220134195386,1.9444468750000041,16.553125,0.005470102952261012,0.0,0
18838.0,2022-02-23 10:00:00,339.09,339.09,337.63,338.4399,1282872.0,2s,"1p,2s",1.0,buy,False,2.0613117701062196,5.289600000000007,25.0,0.015425190044546906,-0.7106883674897438,-0.25573755196575515,-0.6110817357106271,-0.0017924135059578072,24.30956439731159,19.431066653256025,29.88248212700322,-1.471764294238369,1282872.0,5.289600000000007,0.0,5.289600000000007,25.0,0.015425190044546906,5.289600000000007,0.0,0.0,1.0,1.0,-0.7106883674897438,-0.6110817357106271,-0.25573755196575515,24.30956439731159,19.431066653256025,29.88248212700322,-1.471764294238369,2.7011541294915524,35.11500368339205,46.83727288263294,-0.19171901265149435,0.43242602849272266,0.0,0.8099000000000274,0.6500999999999522,0.0,18839.0,18839.0,2022-02-23,2022-02-23 10:00:00,1.6576355211072893,114.0,1.0,best_within_2.0d,18952.0,344.05,0.5832424107187206,4.3760036431226785,32.22527881040892,0.012230020343504162,2.285057100371749,15.890706319702602,0.006381710269403211,0.5450680272108843,11.760000000000048,31.0,0.03539183820873976,5.289600000000007,25.0,0.015425190044546906,4.0,0.00402220134195386,1.9444468750000041,16.553125,0.005470102952261012,0.0,0
18839.0,2022-02-23 10:05:00,338.48,338.5,337.23,337.58,861689.0,1p,"1p,2s",1.0,buy,False,2.4517332259959574,5.6895999999999844,26.0,0.016591644222144153,-0.8452958495519789,-0.3613995331597525,-0.7840474579357419,-0.0023014268302644345,20.66925212767792,15.309519231923478,25.024827828643307,-4.121097961516178,861689.0,5.6895999999999844,0.0,5.6895999999999844,26.0,0.016591644222144153,5.6895999999999844,0.0,0.0,1.0,1.0,-0.8452958495519789,-0.7840474579357419,-0.3613995331597525,20.66925212767792,15.309519231923478,25.024827828643307,-4.121097961516178,0.9820956410062343,35.430988894764596,50.2493111859185,-0.2658945875679609,0.3765975743557755,0.01999999999998181,0.3499999999999659,0.9000000000000341,0.0,18840.0,18840.0,2022-02-23,2022-02-23 10:05:00,1.9165827359440808,113.0,1.0,best_within_2.0d,18952.0,344.05,0.5832424107187206,4.3760036431226785,32.22527881040892,0.012230020343504162,2.285057100371749,15.890706319702602,0.006381710269403211,0.5790816326530591,11.760000000000048,31.0,0.03539183820873976,5.6895999999999844,26.0,0.016591644222144153,4.0,0.00402220134195386,1.9444468750000041,16.553125,0.005470102952261012,0.0,0
18839.0,2022-02-23 10:05:00,338.48,338.5,337.23,337.58,861689.0,2s,"1p,2s",1.0,buy,False,2.4517332259959574,5.6895999999999844,26.0,0.016591644222144153,-0.8452958495519789,-0.3613995331597525,-0.7840474579357419,-0.0023014268302644345,20.66925212767792,15.309519231923478,25.024827828643307,-4.121097961516178,861689.0,5.6895999999999844,0.0,5.6895999999999844,26.0,0.016591644222144153,5.6895999999999844,0.0,0.0,1.0,1.0,-0.8452958495519789,-0.7840474579357419,-0.3613995331597525,20.66925212767792,15.309519231923478,25.024827828643307,-4.121097961516178,0.9820956410062343,35.430988894764596,50.2493111859185,-0.2658945875679609,0.3765975743557755,0.01999999999998181,0.3499999999999659,0.9000000000000341,0.0,18840.0,18840.0,2022-02-23,2022-02-23 10:05:00,1.9165827359440808,113.0,1.0,best_within_2.0d,18952.0,344.05,0.5832424107187206,4.3760036431226785,32.22527881040892,0.012230020343504162,2.285057100371749,15.890706319702602,0.006381710269403211,0.5790816326530591,11.760000000000048,31.0,0.03539183820873976,5.6895999999999844,26.0,0.016591644222144153,4.0,0.00402220134195386,1.9444468750000041,16.553125,0.005470102952261012,0.0,0
18842.0,2022-02-23 10:20:00,337.6,338.45,337.1588,337.37,805216.0,1p,1p,1.0,buy,False,2.4517332259959574,5.7608000000000175,29.0,0.016799273065756574,-0.7573395931176881,-0.6464438292575015,-1.0251136258163456,-0.0030142401156024352,27.16090166642678,11.755020813139005,17.59255720339045,0.07994803263611772,805216.0,5.7608000000000175,0.0,5.7608000000000175,29.0,0.016799273065756574,5.7608000000000175,0.0,0.0,1.0,1.0,-0.7573395931176881,-1.0251136258163456,-0.6464438292575015,27.16090166642678,11.755020813139005,17.59255720339045,0.07994803263611772,1.7501968971511146,30.760960608068405,57.85713530657126,-0.06812796208531344,0.38296494114939417,0.8499999999999659,0.21120000000001937,0.2300000000000182,0.0,18843.0,18843.0,2022-02-23,2022-02-23 10:20:00,1.980021934374724,110.0,1.0,best_within_2.0d,18952.0,344.05,0.5832424107187206,4.3760036431226785,32.22527881040892,0.012230020343504162,2.285057100371749,15.890706319702602,0.006381710269403211,0.4929364202292669,5.6011759621451125,36.843533123028394,0.015614239272951093,2.82998018927445,22.52492113564669,0.007835530045022196,1.8630914826498424,0.00402220134195386,1.9444468750000041,16.553125,0.005470102952261012,0.0,0
18843.0,2022-02-23 10:25:00,337.38,337.51,336.43,336.66,959069.0,1p,"1p,2s",1.0,buy,False,2.4517332259959574,6.489599999999996,30.0,0.018924552577338816,-0.7913550349572089,-0.7453632086271527,-1.1410407261057571,-0.003357620286781235,24.307897122160412,9.534724100601483,14.906612835794126,-1.2090533697838026,959069.0,6.489599999999996,0.0,6.489599999999996,30.0,0.018924552577338816,6.489599999999996,0.0,0.0,1.0,1.0,-0.7913550349572089,-1.1410407261057571,-0.7453632086271527,24.307897122160412,9.534724100601483,14.906612835794126,-1.2090533697838026,1.019294648103611,33.876557422263765,60.45005961334288,-0.21340921216431633,0.32101774514757425,0.12999999999999545,0.2300000000000182,0.7199999999999704,0.0,18844.0,18844.0,2022-02-23,2022-02-23 10:25:00,2.195092972138058,109.0,1.0,best_within_2.0d,18952.0,344.05,0.5832424107187206,4.3760036431226785,32.22527881040892,0.012230020343504162,2.285057100371749,15.890706319702602,0.006381710269403211,0.6471088435374135,11.760000000000048,31.0,0.03539183820873976,6.489599999999996,30.0,0.018924552577338816,4.0,0.00402220134195386,1.9444468750000041,16.553125,0.005470102952261012,0.0,0
18843.0,2022-02-23 10:25:00,337.38,337.51,336.43,336.66,959069.0,2s,"1p,2s",1.0,buy,False,2.4517332259959574,6.489599999999996,30.0,0.018924552577338816,-0.7913550349572089,-0.7453632086271527,-1.1410407261057571,-0.003357620286781235,24.307897122160412,9.534724100601483,14.906612835794126,-1.2090533697838026,959069.0,6.489599999999996,0.0,6.489599999999996,30.0,0.018924552577338816,6.489599999999996,0.0,0.0,1.0,1.0,-0.7913550349572089,-1.1410407261057571,-0.7453632086271527,24.307897122160412,9.534724100601483,14.906612835794126,-1.2090533697838026,1.019294648103611,33.876557422263765,60.45005961334288,-0.21340921216431633,0.32101774514757425,0.12999999999999545,0.2300000000000182,0.7199999999999704,0.0,18844.0,18844.0,2022-02-23,2022-02-23 10:25:00,2.195092972138058,109.0,1.0,best_within_2.0d,18952.0,344.05,0.5832424107187206,4.3760036431226785,32.22527881040892,0.012230020343504162,2.285057100371749,15.890706319702602,0.006381710269403211,0.6471088435374135,11.760000000000048,31.0,0.03539183820873976,6.489599999999996,30.0,0.018924552577338816,4.0,0.00402220134195386,1.9444468750000041,16.553125,0.005470102952261012,0.0,0
18844.0,2022-02-23 10:30:00,336.64,337.17,336.2,336.82,765481.0,1p,"1p,2s",1.0,buy,False,2.4517332259959574,6.719600000000014,31.0,0.019595263729457326,-0.7371787957156151,-0.8375105580916046,-1.206099955949412,-0.0035513980158562667,26.189477930158176,11.196451508129318,13.669892393239188,6.249569737909582,765481.0,6.719600000000014,0.0,6.719600000000014,31.0,0.019595263729457326,6.719600000000014,0.0,0.0,1.0,1.0,-0.7371787957156151,-1.206099955949412,-0.8375105580916046,26.189477930158176,11.196451508129318,13.669892393239188,6.249569737909582,0.9861818519335884,32.36996902228794,62.85269510679972,0.05346958174905146,0.28851873884593315,0.35000000000002274,0.4399999999999977,0.18000000000000682,1.0,18845.0,18845.0,2022-02-23,2022-02-23 10:30:00,2.1465471171545687,108.0,1.0,best_within_2.0d,18952.0,344.05,0.5832424107187206,4.3760036431226785,32.22527881040892,0.012230020343504162,2.285057100371749,15.890706319702602,0.006381710269403211,0.6666666666666666,11.760000000000048,31.0,0.03539183820873976,6.719600000000014,31.0,0.019595263729457326,4.0,0.00402220134195386,1.9444468750000041,16.553125,0.005470102952261012,0.0,0
18844.0,2022-02-23 10:30:00,336.64,337.17,336.2,336.82,765481.0,2s,"1p,2s",1.0,buy,False,2.4517332259959574,6.719600000000014,31.0,0.019595263729457326,-0.7371787957156151,-0.8375105580916046,-1.206099955949412,-0.0035513980158562667,26.189477930158176,11.196451508129318,13.669892393239188,6.249569737909582,765481.0,6.719600000000014,0.0,6.719600000000014,31.0,0.019595263729457326,6.719600000000014,0.0,0.0,1.0,1.0,-0.7371787957156151,-1.206099955949412,-0.8375105580916046,26.189477930158176,11.196451508129318,13.669892393239188,6.249569737909582,0.9861818519335884,32.36996902228794,62.85269510679972,0.05346958174905146,0.28851873884593315,0.35000000000002274,0.4399999999999977,0.18000000000000682,1.0,18845.0,18845.0,2022-02-23,2022-02-23 10:30:00,2.1465471171545687,108.0,1.0,best_within_2.0d,18952.0,344.05,0.5832424107187206,4.3760036431226785,32.22527881040892,0.012230020343504162,2.285057100371749,15.890706319702602,0.006381710269403211,0.6666666666666666,11.760000000000048,31.0,0.03539183820873976,6.719600000000014,31.0,0.019595263729457326,4.0,0.00402220134195386,1.9444468750000041,16.553125,0.005470102952261012,0.0,0
18846.0,2022-02-23 10:40:00,336.945,337.09,335.8821,336.07,833438.0,1p,1p,1.0,buy,False,2.4517332259959574,7.037500000000023,33.0,0.020522303187102815,-0.6274861612629554,-0.9945570217146175,-1.3083001023460952,-0.0038573610452713593,24.24251323936697,12.0117611269812,13.432524647434441,9.170234086074721,833438.0,7.037500000000023,0.0,7.037500000000023,33.0,0.020522303187102815,7.037500000000023,0.0,0.0,1.0,1.0,-0.6274861612629554,-1.3083001023460952,-0.9945570217146175,24.24251323936697,12.0117611269812,13.432524647434441,9.170234086074721,3.2560079058156366,34.204648665322395,65.46803511149902,-0.25968629895086737,0.3596202357910693,0.1449999999999818,0.18790000000001328,0.875,0.0,18847.0,18847.0,2022-02-23,2022-02-23 10:40:00,2.3745053113934653,106.0,1.0,best_within_2.0d,18952.0,344.05,0.5832424107187206,4.3760036431226785,32.22527881040892,0.012230020343504162,2.285057100371749,15.890706319702602,0.006381710269403211,0.4929364202292669,5.6011759621451125,36.843533123028394,0.015614239272951093,2.82998018927445,22.52492113564669,0.007835530045022196,1.8630914826498424,0.00402220134195386,1.9444468750000041,16.553125,0.005470102952261012,0.0,0
18847.0,2022-02-23 10:45:00,336.06,336.6,335.8,335.87,611699.0,1p,"1p,2s",1.0,buy,False,2.4517332259959574,7.119599999999991,34.0,0.020761717907054573,-0.6011078839779804,-1.0696955072118652,-1.3702494492008555,-0.004042924587144796,23.47732544879075,8.82084888140202,11.8952993920903,2.6719478600254583,611699.0,7.119599999999991,0.0,7.119599999999991,34.0,0.020761717907054573,7.119599999999991,0.0,0.0,1.0,1.0,-0.6011078839779804,-1.3702494492008555,-1.0696955072118652,23.47732544879075,8.82084888140202,11.8952993920903,2.6719478600254583,3.4160169242662506,34.28002948561945,66.64003214929906,-0.05653752306135741,0.23823704586063468,0.5400000000000205,0.06999999999999318,0.18999999999999773,0.0,18848.0,18848.0,2022-02-23,2022-02-23 10:45:00,2.4354661029565032,105.0,1.0,best_within_2.0d,18952.0,344.05,0.5832424107187206,4.3760036431226785,32.22527881040892,0.012230020343504162,2.285057100371749,15.890706319702602,0.006381710269403211,0.7006802721088414,11.760000000000048,31.0,0.03539183820873976,7.119599999999991,34.0,0.020761717907054573,4.0,0.00402220134195386,1.9444468750000041,16.553125,0.005470102952261012,0.0,0
18847.0,2022-02-23 10:45:00,336.06,336.6,335.8,335.87,611699.0,2s,"1p,2s",1.0,buy,False,2.4517332259959574,7.119599999999991,34.0,0.020761717907054573,-0.6011078839779804,-1.0696955072118652,-1.3702494492008555,-0.004042924587144796,23.47732544879075,8.82084888140202,11.8952993920903,2.6719478600254583,611699.0,7.119599999999991,0.0,7.119599999999991,34.0,0.020761717907054573,7.119599999999991,0.0,0.0,1.0,1.0,-0.6011078839779804,-1.3702494492008555,-1.0696955072118652,23.47732544879075,8.82084888140202,11.8952993920903,2.6719478600254583,3.4160169242662506,34.28002948561945,66.64003214929906,-0.05653752306135741,0.23823704586063468,0.5400000000000205,0.06999999999999318,0.18999999999999773,0.0,18848.0,18848.0,2022-02-23,2022-02-23 10:45:00,2.4354661029565032,105.0,1.0,best_within_2.0d,18952.0,344.05,0.5832424107187206,4.3760036431226785,32.22527881040892,0.012230020343504162,2.285057100371749,15.890706319702602,0.006381710269403211,0.7006802721088414,11.760000000000048,31.0,0.03539183820873976,7.119599999999991,34.0,0.020761717907054573,4.0,0.00402220134195386,1.9444468750000041,16.553125,0.005470102952261012,0.0,0
18848.0,2022-02-23 10:50:00,335.84,336.39,335.74,335.89,624962.0,1p,"1p,2s",1.0,buy,False,2.4517332259959574,7.1795999999999935,35.0,0.020936686033694175,-0.5310062961887461,-1.1360712942354585,-1.4015744423298315,-0.004138094204305592,23.736559155345788,7.587050562572642,10.459216448917747,1.8427187898824329,624962.0,7.1795999999999935,0.0,7.1795999999999935,35.0,0.020936686033694175,7.1795999999999935,0.0,0.0,1.0,1.0,-0.5310062961887461,-1.4015744423298315,-1.1360712942354585,23.736559155345788,7.587050562572642,10.459216448917747,1.8427187898824329,3.75664827886188,34.86433227224464,67.63332093044372,0.014888041924729445,0.19360219217250768,0.5,0.0999999999999659,0.05000000000001137,1.0,18849.0,18849.0,2022-02-23,2022-02-23 10:50:00,2.429366756974017,104.0,1.0,best_within_2.0d,18952.0,344.05,0.5832424107187206,4.3760036431226785,32.22527881040892,0.012230020343504162,2.285057100371749,15.890706319702602,0.006381710269403211,0.7057823129251681,11.760000000000048,31.0,0.03539183820873976,7.1795999999999935,35.0,0.020936686033694175,4.0,0.00402220134195386,1.9444468750000041,16.553125,0.005470102952261012,0.0,0
18848.0,2022-02-23 10:50:00,335.84,336.39,335.74,335.89,624962.0,2s,"1p,2s",1.0,buy,False,2.4517332259959574,7.1795999999999935,35.0,0.020936686033694175,-0.5310062961887461,-1.1360712942354585,-1.4015744423298315,-0.004138094204305592,23.736559155345788,7.587050562572642,10.459216448917747,1.8427187898824329,624962.0,7.1795999999999935,0.0,7.1795999999999935,35.0,0.020936686033694175,7.1795999999999935,0.0,0.0,1.0,1.0,-0.5310062961887461,-1.4015744423298315,-1.1360712942354585,23.736559155345788,7.587050562572642,10.459216448917747,1.8427187898824329,3.75664827886188,34.86433227224464,67.63332093044372,0.014888041924729445,0.19360219217250768,0.5,0.0999999999999659,0.05000000000001137,1.0,18849.0,18849.0,2022-02-23,2022-02-23 10:50:00,2.429366756974017,104.0,1.0,best_within_2.0d,18952.0,344.05,0.5832424107187206,4.3760036431226785,32.22527881040892,0.012230020343504162,2.285057100371749,15.890706319702602,0.006381710269403211,0.7057823129251681,11.760000000000048,31.0,0.03539183820873976,7.1795999999999935,35.0,0.020936686033694175,4.0,0.00402220134195386,1.9444468750000041,16.553125,0.005470102952261012,0.0,0
18849.0,2022-02-23 10:55:00,335.88,336.49,335.37,336.04,761247.0,1p,"1p,2s",1.0,buy,False,2.4517332259959574,7.549599999999998,36.0,0.022015656147971706,-0.4193717621527271,-1.1884927645045493,-1.3981786455809129,-0.004130471546452009,25.767700695868356,12.059078640461347,10.992503846098947,14.192228229186146,761247.0,7.549599999999998,0.0,7.549599999999998,36.0,0.022015656147971706,7.549599999999998,0.0,0.0,1.0,1.0,-0.4193717621527271,-1.3981786455809129,-1.1884927645045493,25.767700695868356,12.059078640461347,10.992503846098947,14.192228229186146,3.6754986104035354,36.49705637698972,68.63818690846867,0.04763606049780428,0.33395950740972796,0.44999999999998863,0.5099999999999909,0.160000000000025,1.0,18850.0,18850.0,2022-02-23,2022-02-23 10:55:00,2.3836448041899745,103.0,1.0,best_within_2.0d,18952.0,344.05,0.5832424107187206,4.3760036431226785,32.22527881040892,0.012230020343504162,2.285057100371749,15.890706319702602,0.006381710269403211,0.737244897959182,11.760000000000048,31.0,0.03539183820873976,7.549599999999998,36.0,0.022015656147971706,4.0,0.00402220134195386,1.9444468750000041,16.553125,0.005470102952261012,0.0,0
18849.0,2022-02-23 10:55:00,335.88,336.49,335.37,336.04,761247.0,2s,"1p,2s",1.0,buy,False,2.4517332259959574,7.549599999999998,36.0,0.022015656147971706,-0.4193717621527271,-1.1884927645045493,-1.3981786455809129,-0.004130471546452009,25.767700695868356,12.059078640461347,10.992503846098947,14.192228229186146,761247.0,7.549599999999998,0.0,7.549599999999998,36.0,0.022015656147971706,7.549599999999998,0.0,0.0,1.0,1.0,-0.4193717621527271,-1.3981786455809129,-1.1884927645045493,25.767700695868356,12.059078640461347,10.992503846098947,14.192228229186146,3.6754986104035354,36.49705637698972,68.63818690846867,0.04763606049780428,0.33395950740972796,0.44999999999998863,0.5099999999999909,0.160000000000025,1.0,18850.0,18850.0,2022-02-23,2022-02-23 10:55:00,2.3836448041899745,103.0,1.0,best_within_2.0d,18952.0,344.05,0.5832424107187206,4.3760036431226785,32.22527881040892,0.012230020343504162,2.285057100371749,15.890706319702602,0.006381710269403211,0.737244897959182,11.760000000000048,31.0,0.03539183820873976,7.549599999999998,36.0,0.022015656147971706,4.0,0.00402220134195386,1.9444468750000041,16.553125,0.005470102952261012,0.0,0
18850.0,2022-02-23 11:00:00,336.04,336.29,335.12,335.39,691526.0,1p,"1p,2s",1.0,buy,False,2.4517332259959574,7.799599999999998,37.0,0.022744690008970028,-0.38870967780991794,-1.2370814742307892,-1.4314363131357482,-0.004231603672597287,22.91912008674366,10.742088463010097,10.909032051735995,10.408201285558299,691526.0,7.799599999999998,0.0,7.799599999999998,37.0,0.022744690008970028,7.799599999999998,0.0,0.0,1.0,1.0,-0.38870967780991794,-1.4314363131357482,-1.2370814742307892,22.91912008674366,10.742088463010097,10.909032051735995,10.408201285558299,3.787601916393609,30.506807716075585,69.30054909416626,-0.19342935364838534,0.3491286703270518,0.25,0.2699999999999818,0.6500000000000341,0.0,18851.0,18851.0,2022-02-23,2022-02-23 11:00:00,2.582068636512724,102.0,1.0,best_within_2.0d,18952.0,344.05,0.5832424107187206,4.3760036431226785,32.22527881040892,0.012230020343504162,2.285057100371749,15.890706319702602,0.006381710269403211,0.7585034013605425,11.760000000000048,31.0,0.03539183820873976,7.799599999999998,37.0,0.022744690008970028,4.0,0.00402220134195386,1.9444468750000041,16.553125,0.005470102952261012,0.0,0
18850.0,2022-02-23 11:00:00,336.04,336.29,335.12,335.39,691526.0,2s,"1p,2s",1.0,buy,False,2.4517332259959574,7.799599999999998,37.0,0.022744690008970028,-0.38870967780991794,-1.2370814742307892,-1.4314363131357482,-0.004231603672597287,22.91912008674366,10.742088463010097,10.909032051735995,10.408201285558299,691526.0,7.799599999999998,0.0,7.799599999999998,37.0,0.022744690008970028,7.799599999999998,0.0,0.0,1.0,1.0,-0.38870967780991794,-1.4314363131357482,-1.2370814742307892,22.91912008674366,10.742088463010097,10.909032051735995,10.408201285558299,3.787601916393609,30.506807716075585,69.30054909416626,-0.19342935364838534,0.3491286703270518,0.25,0.2699999999999818,0.6500000000000341,0.0,18851.0,18851.0,2022-02-23,2022-02-23 11:00:00,2.582068636512724,102.0,1.0,best_within_2.0d,18952.0,344.05,0.5832424107187206,4.3760036431226785,32.22527881040892,0.012230020343504162,2.285057100371749,15.890706319702602,0.006381710269403211,0.7585034013605425,11.760000000000048,31.0,0.03539183820873976,7.799599999999998,37.0,0.022744690008970028,4.0,0.00402220134195386,1.9444468750000041,16.553125,0.005470102952261012,0.0,0
18851.0,2022-02-23 11:05:00,335.37,335.5725,334.78,335.1,824764.0,1p,"1p,2s",1.0,buy,False,2.4517332259959574,8.13960000000003,38.0,0.023736176059927838,-0.36357224743319794,-1.2825280051599388,-1.4643141288765378,-0.004331806469877236,21.763156747222595,10.98457032540037,10.934211476290786,11.085288023619537,824764.0,8.13960000000003,0.0,8.13960000000003,38.0,0.023736176059927838,8.13960000000003,0.0,0.0,1.0,1.0,-0.36357224743319794,-1.4643141288765378,-1.2825280051599388,21.763156747222595,10.98457032540037,10.934211476290786,11.085288023619537,3.7970636041460706,32.441578512616466,69.99651827651573,-0.08050809553626795,0.23672262381265854,0.20249999999998636,0.32000000000005,0.2699999999999818,0.0,18852.0,18852.0,2022-02-23,2022-02-23 11:05:00,2.670844524022676,101.0,1.0,best_within_2.0d,18952.0,344.05,0.5832424107187206,4.3760036431226785,32.22527881040892,0.012230020343504162,2.285057100371749,15.890706319702602,0.006381710269403211,0.7874149659863954,11.760000000000048,31.0,0.03539183820873976,8.13960000000003,38.0,0.023736176059927838,4.0,0.00402220134195386,1.9444468750000041,16.553125,0.005470102952261012,0.0,0
18851.0,2022-02-23 11:05:00,335.37,335.5725,334.78,335.1,824764.0,2s,"1p,2s",1.0,buy,False,2.4517332259959574,8.13960000000003,38.0,0.023736176059927838,-0.36357224743319794,-1.2825280051599388,-1.4643141288765378,-0.004331806469877236,21.763156747222595,10.98457032540037,10.934211476290786,11.085288023619537,824764.0,8.13960000000003,0.0,8.13960000000003,38.0,0.023736176059927838,8.13960000000003,0.0,0.0,1.0,1.0,-0.36357224743319794,-1.4643141288765378,-1.2825280051599388,21.763156747222595,10.98457032540037,10.934211476290786,11.085288023619537,3.7970636041460706,32.441578512616466,69.99651827651573,-0.08050809553626795,0.23672262381265854,0.20249999999998636,0.32000000000005,0.2699999999999818,0.0,18852.0,18852.0,2022-02-23,2022-02-23 11:05:00,2.670844524022676,101.0,1.0,best_within_2.0d,18952.0,344.05,0.5832424107187206,4.3760036431226785,32.22527881040892,0.012230020343504162,2.285057100371749,15.890706319702602,0.006381710269403211,0.7874149659863954,11.760000000000048,31.0,0.03539183820873976,8.13960000000003,38.0,0.023736176059927838,4.0,0.00402220134195386,1.9444468750000041,16.553125,0.005470102952261012,0.0,0
18853.0,2022-02-23 11:15:00,335.19,335.19,334.42,334.9387,652981.0,2s,"1p,2s",1.0,buy,False,2.4517332259959574,8.499599999999987,40.0,0.024785984819765294,-0.24063738949908897,-1.3488662955070205,-1.469184990256565,-0.004351658881071553,22.24738636928572,13.874703497867952,12.279822247300569,17.064465999002714,652981.0,8.499599999999987,0.0,8.499599999999987,40.0,0.024785984819765294,8.499599999999987,0.0,0.0,1.0,1.0,-0.24063738949908897,-1.469184990256565,-1.3488662955070205,22.24738636928572,13.874703497867952,12.279822247300569,17.064465999002714,4.196885469204363,28.126495600633035,70.51226281900463,-0.07497240371133229,0.23024938699837982,0.0,0.5186999999999671,0.25130000000001473,0.0,18854.0,18854.0,2022-02-23,2022-02-23 11:15:00,2.914354178839294,384.0,1.0,best_within_2.0d,19237.0,344.7,0.5832424107187206,4.3760036431226785,32.22527881040892,0.012230020343504162,2.285057100371749,15.890706319702602,0.006381710269403211,0.8180272108843508,11.760000000000048,31.0,0.03539183820873976,8.499599999999987,40.0,0.024785984819765294,4.0,0.00402220134195386,1.9444468750000041,16.553125,0.005470102952261012,0.0,0
18853.0,2022-02-23 11:15:00,335.19,335.19,334.42,334.9387,652981.0,1p,"1p,2s",1.0,buy,False,2.4517332259959574,8.499599999999987,40.0,0.024785984819765294,-0.24063738949908897,-1.3488662955070205,-1.469184990256565,-0.004351658881071553,22.24738636928572,13.874703497867952,12.279822247300569,17.064465999002714,652981.0,8.499599999999987,0.0,8.499599999999987,40.0,0.024785984819765294,8.499599999999987,0.0,0.0,1.0,1.0,-0.24063738949908897,-1.469184990256565,-1.3488662955070205,22.24738636928572,13.874703497867952,12.279822247300569,17.064465999002714,4.196885469204363,28.126495600633035,70.51226281900463,-0.07497240371133229,0.23024938699837982,0.0,0.5186999999999671,0.25130000000001473,0.0,18854.0,18854.0,2022-02-23,2022-02-23 11:15:00,2.914354178839294,384.0,1.0,best_within_2.0d,19237.0,344.7,0.5832424107187206,4.3760036431226785,32.22527881040892,0.012230020343504162,2.285057100371749,15.890706319702602,0.006381710269403211,0.8180272108843508,11.760000000000048,31.0,0.03539183820873976,8.499599999999987,40.0,0.024785984819765294,4.0,0.00402220134195386,1.9444468750000041,16.553125,0.005470102952261012,1.0,0
18873.0,2022-02-23 12:55:00,335.6721,335.83,335.39,335.69,377807.0,2,2,1.0,buy,False,0.7356948228882885,4.163492493946733,28.239017640954685,0.011578080659927173,-0.006420377561664026,-0.259892042532039,-0.263102231312871,-0.0007812455398920182,38.951249928852384,20.302798252431497,37.29436789157988,-13.680341025865275,377807.0,2.6999999999999886,1.0,3.669999999999959,15.0,0.010974224029663174,2.6999999999999886,7.0,0.007986039220325916,2.0,2.0,-0.006420377561664026,-0.263102231312871,-0.259892042532039,38.951249928852384,20.302798252431497,37.29436789157988,-13.680341025865275,25.65626547795865,23.625557206538435,42.17381236046251,0.005332584983976137,0.13119055428009116,0.13999999999998636,0.282100000000014,0.017899999999997362,1.0,18874.0,18874.0,2022-02-23,2022-02-23 12:55:00,2.893413566087757,372.0,1.0,best_within_2.0d,19245.0,345.4029,0.7356948228882885,3.669999999999959,15.0,0.010974224029663174,2.6999999999999886,7.0,0.007986039220325916,0.4929364202292669,5.6011759621451125,36.843533123028394,0.015614239272951093,2.82998018927445,22.52492113564669,0.007835530045022196,1.8630914826498424,0.00402220134195386,1.9444468750000041,16.553125,0.005470102952261012,0.0,0
18874.0,2022-02-23 13:00:00,335.6997,335.6997,335.23,335.33,367784.0,2,2,1.0,buy,False,0.779291553133512,4.163492493946733,28.239017640954685,0.011578080659927173,-0.12452220738051378,-0.27545731845460325,-0.33771842214486014,-0.001003126292047924,36.35371399438177,14.700700000455116,29.76314526120496,-15.424190521044572,367784.0,2.859999999999957,1.0,3.669999999999959,15.0,0.010974224029663174,2.859999999999957,8.0,0.008459285988937729,2.0,2.0,-0.12452220738051378,-0.33771842214486014,-0.27545731845460325,36.35371399438177,14.700700000455116,29.76314526120496,-15.424190521044572,18.71404723170261,27.060937616298432,40.463869400253756,-0.11012818897366396,0.14011275840467408,0.0,0.0999999999999659,0.369700000000023,0.0,18875.0,18875.0,2022-02-23,2022-02-23 13:00:00,3.0038767780991873,371.0,1.0,best_within_2.0d,19245.0,345.4029,0.779291553133512,3.669999999999959,15.0,0.010974224029663174,2.859999999999957,8.0,0.008459285988937729,0.4929364202292669,5.6011759621451125,36.843533123028394,0.015614239272951093,2.82998018927445,22.52492113564669,0.007835530045022196,1.8630914826498424,0.00402220134195386,1.9444468750000041,16.553125,0.005470102952261012,0.0,0
18875.0,2022-02-23 13:05:00,335.4,335.54,334.8,335.08,563864.0,2,2,1.0,buy,False,0.8964577656675751,4.163492493946733,28.239017640954685,0.011578080659927173,-0.21890473474874628,-0.3028204102981965,-0.41227277767256965,-0.0012250028194499784,34.62678482477608,12.637346099593945,24.054545540667956,-10.197052782554074,563864.0,3.2899999999999636,1.0,3.669999999999959,15.0,0.010974224029663174,3.2899999999999636,9.0,0.009731136679582253,2.0,2.0,-0.21890473474874628,-0.41227277767256965,-0.3028204102981965,34.62678482477608,12.637346099593945,24.054545540667956,-10.197052782554074,13.634409053247074,31.201820718009053,40.37225633950059,-0.09540846750148874,0.2210274790919979,0.1400000000000432,0.2799999999999727,0.3199999999999932,0.0,18876.0,18876.0,2022-02-23,2022-02-23 13:05:00,3.080726990569418,370.0,1.0,best_within_2.0d,19245.0,345.4029,0.8964577656675751,3.669999999999959,15.0,0.010974224029663174,3.2899999999999636,9.0,0.009731136679582253,0.4929364202292669,5.6011759621451125,36.843533123028394,0.015614239272951093,2.82998018927445,22.52492113564669,0.007835530045022196,1.8630914826498424,0.00402220134195386,1.9444468750000041,16.553125,0.005470102952261012,0.0,0
18876.0,2022-02-23 13:10:00,335.09,335.2,333.79,333.82,930831.0,1p,1p,1.0,buy,False,0.49909801150774746,4.2999999999999545,10.0,0.012718506906444896,-0.42188552755694586,-0.3555561012428147,-0.5664988650212877,-0.0016842724949717623,27.528888706324395,8.661864224373632,18.923651768569847,-11.861710864018796,930831.0,4.2999999999999545,0.0,4.2999999999999545,10.0,0.012718506906444896,4.2999999999999545,0.0,0.0,1.0,1.0,-0.42188552755694586,-0.5664988650212877,-0.3555561012428147,27.528888706324395,8.661864224373632,18.923651768569847,-11.861710864018796,12.536524682487936,35.970182358216825,40.939247969894225,-0.3790026560028595,0.4224212828424962,0.11000000000001364,0.029999999999972715,1.2699999999999818,0.0,18877.0,18877.0,2022-02-23,2022-02-23 13:10:00,3.4698040860343884,369.0,1.0,best_within_2.0d,19245.0,345.4029,0.5832424107187206,4.3760036431226785,32.22527881040892,0.012230020343504162,2.285057100371749,15.890706319702602,0.006381710269403211,0.4929364202292669,5.6011759621451125,36.843533123028394,0.015614239272951093,2.82998018927445,22.52492113564669,0.007835530045022196,1.8630914826498424,0.00402220134195386,1.9444468750000041,16.553125,0.005470102952261012,0.0,0
18877.0,2022-02-23 13:15:00,333.79,334.21,333.49,334.02,782573.0,1p,1p,1.0,buy,False,0.5855746500797216,4.599999999999966,11.0,0.013605844597592258,-0.4949838798727061,-0.41742908622690306,-0.6649210261632561,-0.001977907321436427,29.982295006687153,10.562290693394282,16.13653141017799,-0.5861907401731372,782573.0,4.599999999999966,0.0,4.599999999999966,11.0,0.013605844597592258,4.599999999999966,0.0,0.0,1.0,1.0,-0.4949838798727061,-0.6649210261632561,-0.41742908622690306,29.982295006687153,10.562290693394282,16.13653141017799,-0.5861907401731372,11.486819116383137,38.90074036892998,41.901168134059006,0.0689055993289078,0.21589852769197587,0.18999999999999773,0.30000000000001137,0.22999999999996135,1.0,18878.0,18878.0,2022-02-23,2022-02-23 13:15:00,3.407849829351538,368.0,1.0,best_within_2.0d,19245.0,345.4029,0.5832424107187206,4.3760036431226785,32.22527881040892,0.012230020343504162,2.285057100371749,15.890706319702602,0.006381710269403211,0.4929364202292669,5.6011759621451125,36.843533123028394,0.015614239272951093,2.82998018927445,22.52492113564669,0.007835530045022196,1.8630914826498424,0.00402220134195386,1.9444468750000041,16.553125,0.005470102952261012,0.0,0
18879.0,2022-02-23 13:25:00,333.89,334.19,333.2822,333.47,549192.0,1p,1p,1.0,buy,False,0.6616121908116214,4.807799999999986,13.0,0.014220473838327032,-0.5592581050672745,-0.5528155978657582,-0.8324446503993954,-0.0024788635284490055,27.10513901301651,8.709298570428501,12.442646060434678,1.2426035904161488,549192.0,4.807799999999986,0.0,4.807799999999986,13.0,0.014220473838327032,4.807799999999986,0.0,0.0,1.0,1.0,-0.5592581050672745,-0.8324446503993954,-0.5528155978657582,27.10513901301651,8.709298570428501,12.442646060434678,1.2426035904161488,7.095343680709257,43.33875338753414,45.23646125735358,-0.1257899308155258,0.27238178336557095,0.30000000000001137,0.18780000000003838,0.4199999999999591,0.0,18880.0,18880.0,2022-02-23,2022-02-23 13:25:00,3.5784028548295077,366.0,1.0,best_within_2.0d,19245.0,345.4029,0.5832424107187206,4.3760036431226785,32.22527881040892,0.012230020343504162,2.285057100371749,15.890706319702602,0.006381710269403211,0.4929364202292669,5.6011759621451125,36.843533123028394,0.015614239272951093,2.82998018927445,22.52492113564669,0.007835530045022196,1.8630914826498424,0.00402220134195386,1.9444468750000041,16.553125,0.005470102952261012,0.0,0
18880.0,2022-02-23 13:30:00,333.47,333.73,332.99,333.04,684503.0,1p,1p,1.0,buy,False,0.7061992713618682,5.099999999999966,14.0,0.01508474074950447,-0.596947383658746,-0.6274340208231014,-0.9259077126524744,-0.0027588689112305717,25.046716026190182,6.265335869725625,10.38354266353166,-1.9710777178864447,684503.0,5.099999999999966,0.0,5.099999999999966,14.0,0.01508474074950447,5.099999999999966,0.0,0.0,1.0,1.0,-0.596947383658746,-0.9259077126524744,-0.6274340208231014,25.046716026190182,6.265335869725625,10.38354266353166,-1.9710777178864447,3.5896192093130974,45.50084889643459,48.103535029767485,-0.12894713167601488,0.22222889576263824,0.2599999999999909,0.05000000000001137,0.4300000000000068,0.0,18881.0,18881.0,2022-02-23,2022-02-23 13:30:00,3.7121366802786353,365.0,1.0,best_within_2.0d,19245.0,345.4029,0.5832424107187206,4.3760036431226785,32.22527881040892,0.012230020343504162,2.285057100371749,15.890706319702602,0.006381710269403211,0.4929364202292669,5.6011759621451125,36.843533123028394,0.015614239272951093,2.82998018927445,22.52492113564669,0.007835530045022196,1.8630914826498424,0.00402220134195386,1.9444468750000041,16.553125,0.005470102952261012,0.0,0
18881.0,2022-02-23 13:35:00,333.05,334.085,332.95,334.03,815213.0,1p,1p,1.0,buy,False,0.7061992713618682,5.139999999999986,15.0,0.015203052441657507,-0.4514779582955286,-0.6838687656100425,-0.9096077447578068,-0.002711247217059416,36.92357218196954,16.67689057981692,12.481325302293413,25.068021134863933,815213.0,5.139999999999986,0.0,5.139999999999986,15.0,0.015203052441657507,5.139999999999986,0.0,0.0,1.0,1.0,-0.4514779582955286,-0.9096077447578068,-0.6838687656100425,36.92357218196954,16.67689057981692,12.481325302293413,25.068021134863933,5.722133211260631,42.938887617303656,50.13054364845846,0.2942501125956947,0.34089202582970146,0.05500000000000682,0.10000000000002274,0.9799999999999613,1.0,18882.0,18882.0,2022-02-23,2022-02-23 13:35:00,3.4047540640062315,364.0,1.0,best_within_2.0d,19245.0,345.4029,0.5832424107187206,4.3760036431226785,32.22527881040892,0.012230020343504162,2.285057100371749,15.890706319702602,0.006381710269403211,0.4929364202292669,5.6011759621451125,36.843533123028394,0.015614239272951093,2.82998018927445,22.52492113564669,0.007835530045022196,1.8630914826498424,0.00402220134195386,1.9444468750000041,16.553125,0.005470102952261012,1.0,0
18890.0,2022-02-23 14:20:00,333.42,333.62,332.13,332.26,993999.0,1p,1p,1.0,buy,False,0.7061992713618682,5.9599999999999795,24.0,0.017628442130793516,-0.08853711917629603,-0.8032903497792168,-0.8475589093673648,-0.00253400023252451,30.7347290366409,22.812675862523314,28.846402023518724,10.745223540532486,993999.0,5.9599999999999795,0.0,5.9599999999999795,24.0,0.017628442130793516,5.9599999999999795,0.0,0.0,1.0,1.0,-0.08853711917629603,-0.8475589093673648,-0.8032903497792168,30.7347290366409,22.812675862523314,28.846402023518724,10.745223540532486,12.54844210199948,22.39962796465656,46.164288603351075,-0.34790954351869263,0.4486195164544031,0.19999999999998863,0.12999999999999545,1.160000000000025,0.0,18891.0,18891.0,2022-02-23,2022-02-23 14:20:00,3.9556070547161855,355.0,1.0,best_within_2.0d,19245.0,345.4029,0.5832424107187206,4.3760036431226785,32.22527881040892,0.012230020343504162,2.285057100371749,15.890706319702602,0.006381710269403211,0.4929364202292669,5.6011759621451125,36.843533123028394,0.015614239272951093,2.82998018927445,22.52492113564669,0.007835530045022196,1.8630914826498424,0.00402220134195386,1.9444468750000041,16.553125,0.005470102952261012,0.0,0
18891.0,2022-02-23 14:25:00,332.28,332.43,331.91,332.1488,739081.0,1p,1p,1.0,buy,False,0.7061992713618682,6.17999999999995,25.0,0.0182791564376348,-0.15906388671092064,-0.8231733356180818,-0.9027052789735421,-0.002700265706741722,30.165361776224273,18.041190788538305,25.244664945191914,3.6342424752310905,739081.0,6.17999999999995,0.0,6.17999999999995,25.0,0.0182791564376348,6.17999999999995,0.0,0.0,1.0,1.0,-0.15906388671092064,-0.9027052789735421,-0.8231733356180818,30.165361776224273,18.041190788538305,25.244664945191914,3.6342424752310905,12.746024248149673,22.12250039363837,44.78762127721744,-0.039484771879131596,0.15666897652977668,0.1500000000000341,0.23879999999996926,0.13119999999997844,0.0,18892.0,18892.0,2022-02-23,2022-02-23 14:25:00,3.9904103221206864,354.0,1.0,best_within_2.0d,19245.0,345.4029,0.5832424107187206,4.3760036431226785,32.22527881040892,0.012230020343504162,2.285057100371749,15.890706319702602,0.006381710269403211,0.4929364202292669,5.6011759621451125,36.843533123028394,0.015614239272951093,2.82998018927445,22.52492113564669,0.007835530045022196,1.8630914826498424,0.00402220134195386,1.9444468750000041,16.553125,0.005470102952261012,0.0,0
18892.0,2022-02-23 14:30:00,332.15,332.46,331.71,331.84,905303.0,1p,1p,1.0,buy,False,0.7061992713618682,6.3799999999999955,26.0,0.018870714898399824,-0.2193346673212737,-0.8505901690332411,-0.960257502693878,-0.002873989972836056,28.581886868152978,13.532090155321782,21.340473348568537,-2.084676231171727,905303.0,6.3799999999999955,0.0,6.3799999999999955,26.0,0.018870714898399824,6.3799999999999955,0.0,0.0,1.0,1.0,-0.2193346673212737,-0.960257502693878,-0.8505901690332411,28.581886868152978,13.532090155321782,21.340473348568537,-2.084676231171727,12.080798627359053,23.47527686788325,43.877541287827036,-0.09333132620803923,0.2261011124174731,0.3100000000000023,0.12999999999999545,0.3100000000000023,0.0,18893.0,18893.0,2022-02-23,2022-02-23 14:30:00,4.087180568948896,353.0,1.0,best_within_2.0d,19245.0,345.4029,0.5832424107187206,4.3760036431226785,32.22527881040892,0.012230020343504162,2.285057100371749,15.890706319702602,0.006381710269403211,0.4929364202292669,5.6011759621451125,36.843533123028394,0.015614239272951093,2.82998018927445,22.52492113564669,0.007835530045022196,1.8630914826498424,0.00402220134195386,1.9444468750000041,16.553125,0.005470102952261012,0.0,0
18894.0,2022-02-23 14:40:00,331.88,331.925,330.92,331.05,1070329.0,1p,1p,1.0,buy,False,0.7061992713618682,7.169999999999959,28.0,0.02120737081842101,-0.3066689969615777,-0.9170486173726283,-1.0703831158534172,-0.00320724661516787,25.034369108706798,8.774853410583866,14.904534932627913,-3.484509633504228,1070329.0,7.169999999999959,0.0,7.169999999999959,28.0,0.02120737081842101,7.169999999999959,0.0,0.0,1.0,1.0,-0.3066689969615777,-1.0703831158534172,-0.9170486173726283,25.034369108706798,8.774853410583866,14.904534932627913,-3.484509633504228,12.333588126632064,26.036690235046606,42.11411026686566,-0.2500903941183512,0.30369877916112514,0.045000000000015916,0.12999999999999545,0.8299999999999841,0.0,18895.0,18895.0,2022-02-23,2022-02-23 14:40:00,4.335568645219748,351.0,1.0,best_within_2.0d,19245.0,345.4029,0.5832424107187206,4.3760036431226785,32.22527881040892,0.012230020343504162,2.285057100371749,15.890706319702602,0.006381710269403211,0.4929364202292669,5.6011759621451125,36.843533123028394,0.015614239272951093,2.82998018927445,22.52492113564669,0.007835530045022196,1.8630914826498424,0.00402220134195386,1.9444468750000041,16.553125,0.005470102952261012,0.0,0
18898.0,2022-02-23 15:00:00,331.41,331.64,330.5,330.61,719360.0,1p,1p,1.0,buy,False,0.7061992713618682,7.589999999999975,32.0,0.022449643586027315,-0.2090487523461979,-1.0277530680186442,-1.1322774441917431,-0.0033996052647509577,27.27047358340559,9.896297546745703,12.051742651736282,5.585407336764547,719360.0,7.589999999999975,0.0,7.589999999999975,32.0,0.022449643586027315,7.589999999999975,0.0,0.0,1.0,1.0,-0.2090487523461979,-1.1322774441917431,-1.0277530680186442,27.27047358340559,9.896297546745703,12.051742651736282,5.585407336764547,4.805042002978017,27.974559606381256,46.864268246320485,-0.24139283666757533,0.34493192133131206,0.22999999999996135,0.11000000000001364,0.8000000000000114,0.0,18899.0,18899.0,2022-02-23,2022-02-23 15:00:00,4.47442606091769,347.0,1.0,best_within_2.0d,19245.0,345.4029,0.5832424107187206,4.3760036431226785,32.22527881040892,0.012230020343504162,2.285057100371749,15.890706319702602,0.006381710269403211,0.4929364202292669,5.6011759621451125,36.843533123028394,0.015614239272951093,2.82998018927445,22.52492113564669,0.007835530045022196,1.8630914826498424,0.00402220134195386,1.9444468750000041,16.553125,0.005470102952261012,0.0,0
18899.0,2022-02-23 15:05:00,330.59,330.98,330.11,330.34,637897.0,1p,1p,1.0,buy,False,0.7061992713618682,7.979999999999961,33.0,0.023603182584518802,-0.2358771640501507,-1.0572377135249131,-1.1751762955499885,-0.0035305437723125543,26.004633671065974,9.859943045347698,11.321142782940086,6.937543570162923,637897.0,7.979999999999961,0.0,7.979999999999961,33.0,0.023603182584518802,7.979999999999961,0.0,0.0,1.0,1.0,-0.2358771640501507,-1.1751762955499885,-1.0572377135249131,26.004633671065974,9.859943045347698,11.321142782940086,6.937543570162923,4.7183149798417,30.62057153013958,48.75230291041681,-0.07562237212256874,0.2635485141316544,0.3900000000000432,0.22999999999996135,0.25,0.0,18900.0,18900.0,2022-02-23,2022-02-23 15:05:00,4.559817158079558,346.0,1.0,best_within_2.0d,19245.0,345.4029,0.5832424107187206,4.3760036431226785,32.22527881040892,0.012230020343504162,2.285057100371749,15.890706319702602,0.006381710269403211,0.4929364202292669,5.6011759621451125,36.843533123028394,0.015614239272951093,2.82998018927445,22.52492113564669,0.007835530045022196,1.8630914826498424,0.00402220134195386,1.9444468750000041,16.553125,0.005470102952261012,0.0,0
18900.0,2022-02-23 15:10:00,330.33,330.52,329.85,330.34,921297.0,1p,1p,1.0,buy,False,0.7061992713618682,8.239999999999952,34.0,0.024372208583513126,-0.22105035319480004,-1.084869007674263,-1.195394184271663,-0.0035932987105658618,26.004633671065974,12.831277483615711,11.824521016498627,14.844790417849882,921297.0,8.239999999999952,0.0,8.239999999999952,34.0,0.024372208583513126,8.239999999999952,0.0,0.0,1.0,1.0,-0.22105035319480004,-1.195394184271663,-1.084869007674263,26.004633671065974,12.831277483615711,11.824521016498627,14.844790417849882,1.8161391415995198,34.21099313245966,51.69270532353148,0.0030272757545457287,0.20312263149915386,0.18000000000000682,0.47999999999996135,0.009999999999990905,1.0,18901.0,18901.0,2022-02-23,2022-02-23 15:10:00,4.559817158079558,345.0,1.0,best_within_2.0d,19245.0,345.4029,0.5832424107187206,4.3760036431226785,32.22527881040892,0.012230020343504162,2.285057100371749,15.890706319702602,0.006381710269403211,0.4929364202292669,5.6011759621451125,36.843533123028394,0.015614239272951093,2.82998018927445,22.52492113564669,0.007835530045022196,1.8630914826498424,0.00402220134195386,1.9444468750000041,16.553125,0.005470102952261012,1.0,0
18908.0,2022-02-23 15:50:00,329.53,330.15,329.1,329.43,2692532.0,1p,1p,1.0,buy,False,0.007154200095945608,2.394999999999982,5.0,0.0072248450202868275,-0.00427068174486589,-1.0764577999989293,-1.0785931408713623,-0.0032535226582089335,27.556237241479735,15.637596947399409,20.81185277448095,5.289085293236326,2692532.0,2.394999999999982,0.0,2.394999999999982,5.0,0.0072248450202868275,2.394999999999982,0.0,0.0,1.0,1.0,-0.00427068174486589,-1.0785931408713623,-1.0764577999989293,27.556237241479735,15.637596947399409,20.81185277448095,5.289085293236326,12.246813045241339,24.3345765704143,48.1126768098204,-0.030346250720713105,0.3190519598905969,0.6200000000000045,0.3299999999999841,0.0999999999999659,0.0,18909.0,18909.0,2022-02-23,2022-02-23 15:50:00,4.911513826913155,384.0,1.0,best_within_2.0d,19292.0,345.61,0.5832424107187206,4.3760036431226785,32.22527881040892,0.012230020343504162,2.285057100371749,15.890706319702602,0.006381710269403211,0.4929364202292669,5.6011759621451125,36.843533123028394,0.015614239272951093,2.82998018927445,22.52492113564669,0.007835530045022196,1.8630914826498424,0.00402220134195386,1.9444468750000041,16.553125,0.005470102952261012,1.0,0
18918.0,2022-02-23 16:40:00,329.51,329.51,328.57,328.93,301436.0,1p,1p,1.0,buy,False,0.01114154805607286,2.9250000000000114,15.0,0.008823662498680256,0.14948987848337225,-0.855921604281054,-0.7811766650393679,-0.002363732446971922,28.074414060214934,30.882719867182193,33.03372989911547,26.58069980331564,301436.0,2.9250000000000114,0.0,2.9250000000000114,15.0,0.008823662498680256,2.9250000000000114,0.0,0.0,1.0,1.0,0.14948987848337225,-0.7811766650393679,-0.855921604281054,28.074414060214934,30.882719867182193,33.03372989911547,26.58069980331564,3.651384102786454,35.14457198931954,41.82852122242298,-0.17601893720979153,0.2860882003834792,0.0,0.36000000000001364,0.5799999999999841,0.0,18919.0,18919.0,2022-02-23,2022-02-23 16:40:00,5.150031921685464,375.0,1.0,best_within_2.0d,19293.0,345.87,0.5832424107187206,4.3760036431226785,32.22527881040892,0.012230020343504162,2.285057100371749,15.890706319702602,0.006381710269403211,0.4929364202292669,5.6011759621451125,36.843533123028394,0.015614239272951093,2.82998018927445,22.52492113564669,0.007835530045022196,1.8630914826498424,0.00402220134195386,1.9444468750000041,16.553125,0.005470102952261012,1.0,0
18926.0,2022-02-23 17:20:00,328.73,328.8,328.5401,328.64,24747.0,1p,1p,1.0,buy,False,0.01114154805607286,2.954900000000009,23.0,0.008913859937555647,0.12348626175609145,-0.7298628735399749,-0.6681197426619292,-0.002026153662516514,28.24980075721264,20.68303216271728,25.397464070198026,11.25416834775578,24747.0,2.954900000000009,0.0,2.954900000000009,23.0,0.008913859937555647,2.954900000000009,0.0,0.0,1.0,1.0,0.12348626175609145,-0.6681197426619292,-0.7298628735399749,28.24980075721264,20.68303216271728,25.397464070198026,11.25416834775578,0.0,38.425582597363494,60.210457343426135,-0.027378091442835102,0.07910754273223147,0.06999999999999318,0.099899999999991,0.09000000000003183,0.0,18927.0,18927.0,2022-02-23,2022-02-23 17:20:00,5.242818889970795,367.0,1.0,best_within_2.0d,19293.0,345.87,0.5832424107187206,4.3760036431226785,32.22527881040892,0.012230020343504162,2.285057100371749,15.890706319702602,0.006381710269403211,0.4929364202292669,5.6011759621451125,36.843533123028394,0.015614239272951093,2.82998018927445,22.52492113564669,0.007835530045022196,1.8630914826498424,0.00402220134195386,1.9444468750000041,16.553125,0.005470102952261012,0.0,0
18927.0,2022-02-23 17:25:00,328.56,328.64,328.41,328.41,25598.0,1p,1p,1.0,buy,False,0.01114154805607286,3.0849999999999795,24.0,0.009306324378949847,0.09249682355933198,-0.7183007705950584,-0.6720523588153924,-0.002038692472710554,26.010715930103117,13.788688108478185,21.52787208295808,-1.6896798404816025,25598.0,3.0849999999999795,0.0,3.0849999999999795,24.0,0.009306324378949847,3.0849999999999795,0.0,0.0,1.0,1.0,0.09249682355933198,-0.6720523588153924,-0.7183007705950584,26.010715930103117,13.788688108478185,21.52787208295808,-1.6896798404816025,0.0,40.8897975510582,63.05256753318141,-0.045653761869971166,0.07003440820923885,0.07999999999998408,0.0,0.14999999999997726,0.0,18928.0,18928.0,2022-02-23,2022-02-23 17:25:00,5.316525075363106,366.0,1.0,best_within_2.0d,19293.0,345.87,0.5832424107187206,4.3760036431226785,32.22527881040892,0.012230020343504162,2.285057100371749,15.890706319702602,0.006381710269403211,0.4929364202292669,5.6011759621451125,36.843533123028394,0.015614239272951093,2.82998018927445,22.52492113564669,0.007835530045022196,1.8630914826498424,0.00402220134195386,1.9444468750000041,16.553125,0.005470102952261012,0.0,0
18928.0,2022-02-23 17:30:00,328.4,328.53,328.35,328.35,19778.0,1p,1p,1.0,buy,False,0.01114154805607286,3.144999999999982,25.0,0.009487322584050986,0.07366351009783512,-0.709092831832829,-0.6722610767839114,-0.002039920934922886,25.444149045790653,9.192458738985456,17.416067634967206,-7.254759052978045,19778.0,3.144999999999982,0.0,3.144999999999982,25.0,0.009487322584050986,3.144999999999982,0.0,0.0,1.0,1.0,0.07366351009783512,-0.6722610767839114,-0.709092831832829,25.444149045790653,9.192458738985456,17.416067634967206,-7.254759052978045,0.0,39.778661748040584,65.69166985223988,-0.015225334957355216,0.05481955230697426,0.12999999999999545,0.0,0.049999999999954525,0.0,18929.0,18929.0,2022-02-23,2022-02-23 17:30:00,5.460636515912882,384.0,1.0,best_within_2.0d,19312.0,346.28,0.5832424107187206,4.3760036431226785,32.22527881040892,0.012230020343504162,2.285057100371749,15.890706319702602,0.006381710269403211,0.4929364202292669,5.6011759621451125,36.843533123028394,0.015614239272951093,2.82998018927445,22.52492113564669,0.007835530045022196,1.8630914826498424,0.00402220134195386,1.9444468750000041,16.553125,0.005470102952261012,0.0,0
18929.0,2022-02-23 17:35:00,328.35,328.44,328.35,328.4,10957.0,1p,1p,1.0,buy,False,0.01114154805607286,3.144999999999982,26.0,0.009487322584050986,0.07730868552916181,-0.6994292461416838,-0.6607749033771029,-0.0020055866398263904,26.873623413907026,8.475723666363823,14.435952978766078,-3.4447349584406872,10957.0,3.144999999999982,0.0,3.144999999999982,26.0,0.009487322584050986,3.144999999999982,0.0,0.0,1.0,1.0,0.07730868552916181,-0.6607749033771029,-0.6994292461416838,26.873623413907026,8.475723666363823,14.435952978766078,-3.4447349584406872,0.0,39.53580315821527,68.14226486279418,0.01522765341859434,0.02740977615348713,0.040000000000020464,0.0,0.049999999999954525,1.0,18930.0,18930.0,2022-02-23,2022-02-23 17:35:00,5.444579780755176,383.0,1.0,best_within_2.0d,19312.0,346.28,0.5832424107187206,4.3760036431226785,32.22527881040892,0.012230020343504162,2.285057100371749,15.890706319702602,0.006381710269403211,0.4929364202292669,5.6011759621451125,36.843533123028394,0.015614239272951093,2.82998018927445,22.52492113564669,0.007835530045022196,1.8630914826498424,0.00402220134195386,1.9444468750000041,16.553125,0.005470102952261012,0.0,0
18930.0,2022-02-23 17:40:00,328.36,328.43,328.32,328.4,5763.0,1p,1p,1.0,buy,False,0.01114154805607286,3.1750000000000114,27.0,0.009577821686601642,0.08829388768437019,-0.6883925101811375,-0.6442455663389524,-0.0019558859976472093,26.873623413907026,9.630581946729224,12.834162634753794,3.223420570680087,5763.0,3.1750000000000114,0.0,3.1750000000000114,27.0,0.009577821686601642,3.1750000000000114,0.0,0.0,1.0,1.0,0.08829388768437019,-0.6442455663389524,-0.6883925101811375,26.873623413907026,9.630581946729224,12.834162634753794,3.223420570680087,0.0,37.53117508898771,70.4178173725946,0.012181751735888544,0.03350389863548174,0.03000000000002956,0.040000000000020464,0.03999999999996362,1.0,18931.0,18931.0,2022-02-23,2022-02-23 17:40:00,5.444579780755176,382.0,1.0,best_within_2.0d,19312.0,346.28,0.5832424107187206,4.3760036431226785,32.22527881040892,0.012230020343504162,2.285057100371749,15.890706319702602,0.006381710269403211,0.4929364202292669,5.6011759621451125,36.843533123028394,0.015614239272951093,2.82998018927445,22.52492113564669,0.007835530045022196,1.8630914826498424,0.00402220134195386,1.9444468750000041,16.553125,0.005470102952261012,1.0,0
18951.0,2022-02-23 19:25:00,328.81,328.82,327.5,328.01,41644.0,1p,1p,1.0,buy,False,5.162613427253843,2.1200000000000045,10.0,0.006431648565014272,-0.03433664038737955,-0.12534538697295292,-0.1425137071666427,-0.0004332476802212864,37.159865736638906,34.990295053436256,44.5312484064993,15.908388347310165,41644.0,2.1200000000000045,0.0,2.1200000000000045,10.0,0.006431648565014272,2.1200000000000045,0.0,0.0,1.0,1.0,-0.03433664038737955,-0.1425137071666427,-0.12534538697295292,37.159865736638906,34.990295053436256,44.5312484064993,15.908388347310165,21.368715083797973,25.41899441340804,43.2294619953878,-0.24330160274931156,0.4030534351145017,0.009999999999990905,0.5099999999999909,0.8000000000000114,0.0,18952.0,18952.0,2022-02-23,2022-02-23 19:25:00,5.58519557330569,365.0,1.0,best_within_2.0d,19316.0,346.33,0.5832424107187206,4.3760036431226785,32.22527881040892,0.012230020343504162,2.285057100371749,15.890706319702602,0.006381710269403211,0.4929364202292669,5.6011759621451125,36.843533123028394,0.015614239272951093,2.82998018927445,22.52492113564669,0.007835530045022196,1.8630914826498424,0.00402220134195386,1.9444468750000041,16.553125,0.005470102952261012,0.0,0
18952.0,2022-02-23 19:30:00,344.0,344.93,343.85,344.05,991494.0,1p,1p,0.0,sell,False,5.2640564177518545,5.7900000000000205,22.0,0.017072595388335263,0.5023699670640909,0.4697252978651072,0.7209102813971526,0.0021059561213789633,65.02231134854827,72.15192820373001,72.35848153663495,71.73882153792013,991494.0,5.7900000000000205,0.0,5.7900000000000205,22.0,0.017072595388335263,5.7900000000000205,0.0,0.0,1.0,1.0,0.5023699670640909,0.7209102813971526,0.4697252978651072,65.02231134854827,72.15192820373001,72.35848153663495,71.73882153792013,42.79015240328262,7.452687991961026,54.69485460033557,0.014534883720933537,0.31409044641558354,0.8799999999999955,0.14999999999997726,0.05000000000001137,1.0,18953.0,18953.0,2022-02-23,2022-02-23 19:30:00,5.749618320610682,364.0,1.0,best_within_2.0d,19316.0,346.33,0.5832424107187206,4.3760036431226785,32.22527881040892,0.012230020343504162,2.285057100371749,15.890706319702602,0.006381710269403211,0.4929364202292669,5.6011759621451125,36.843533123028394,0.015614239272951093,2.82998018927445,22.52492113564669,0.007835530045022196,1.8630914826498424,0.00402220134195386,1.9444468750000041,16.553125,0.005470102952261012,0.0,1
18952.0,2022-02-23 19:30:00,339.87,340.57,339.83,340.12,51090.0,2,2,0.0,sell,False,0.5966697502312661,4.163492493946733,28.239017640954685,0.011578080659927173,1.3001482496387056,-0.11182515249288164,0.5382489723264712,0.001594336641421912,72.36636649668453,89.70702995923818,87.91617668661289,93.28873650448878,51090.0,6.449999999999989,1.0,10.810000000000002,62.0,0.031339692111442906,6.449999999999989,22.0,0.019304441518017443,2.0,2.0,1.3001482496387056,0.5382489723264712,-0.11182515249288164,72.36636649668453,89.70702995923818,87.91617668661289,93.28873650448878,60.392156862745196,5.196078431372873,71.63191217440949,0.07355753670521081,0.21775593679192803,0.44999999999998863,0.040000000000020464,0.25,1.0,18953.0,18953.0,2022-02-23,2022-02-23 19:30:00,5.749618320610682,364.0,1.0,best_within_2.0d,19316.0,346.33,0.5966697502312661,10.810000000000002,62.0,0.031339692111442906,6.449999999999989,22.0,0.019304441518017443,0.4929364202292669,5.6011759621451125,36.843533123028394,0.015614239272951093,2.82998018927445,22.52492113564669,0.007835530045022196,1.8630914826498424,0.00402220134195386,1.9444468750000041,16.553125,0.005470102952261012,0.0,1
18952.0,2022-02-23 19:30:00,340.21,340.35,339.87,339.87,58682.0,2s,2s,0.0,sell,False,0.5763182238667915,4.163492493946733,28.239017640954685,0.011578080659927173,0.06610550169632035,0.4117332039901065,0.44478595483826666,0.0013126572516718128,60.314701970667926,75.95877598136659,64.85687188922469,98.16258416565037,58682.0,2.150000000000034,1.0,10.810000000000002,62.0,0.031339692111442906,2.150000000000034,9.0,0.0063571850975755,1.0,2.5,0.06610550169632035,0.44478595483826666,0.4117332039901065,60.314701970667926,75.95877598136659,64.85687188922469,98.16258416565037,35.520684736091184,27.24679029957221,41.96594421900597,-0.09993827341935128,0.14123047047401013,0.1400000000000432,0.0,0.339999999999975,0.0,18953.0,18953.0,2022-02-23,2022-02-23 19:30:00,5.749618320610682,364.0,1.0,best_within_2.0d,19316.0,346.33,0.5832424107187206,4.3760036431226785,32.22527881040892,0.012230020343504162,2.285057100371749,15.890706319702602,0.006381710269403211,0.5763182238667915,10.810000000000002,62.0,0.031339692111442906,2.150000000000034,9.0,0.0063571850975755,1.0,0.00402220134195386,1.9444468750000041,16.553125,0.005470102952261012,0.0,1
18952.0,2022-02-23 19:30:00,328.04,328.14,327.32,327.5,74287.0,1p,1p,1.0,buy,False,26.543585973455443,2.3000000000000114,11.0,0.006977731933741919,-0.1765418966584998,-0.14741312405526538,-0.23568407238451528,-0.0007167223850044868,32.660086563347804,26.01744632859884,38.35998104719914,1.3323768913982406,74287.0,2.3000000000000114,0.0,2.3000000000000114,11.0,0.006977731933741919,2.3000000000000114,0.0,0.0,1.0,1.0,-0.1765418966584998,-0.23568407238451528,-0.14741312405526538,32.660086563347804,26.01744632859884,38.35998104719914,1.3323768913982406,19.615384615383793,25.641025641025976,41.092675252293716,-0.16461407145470688,0.25051936942441444,0.0999999999999659,0.18000000000000682,0.5400000000000205,0.0,18953.0,18953.0,2022-02-23,2022-02-23 19:30:00,5.749618320610682,364.0,1.0,best_within_2.0d,19316.0,346.33,0.5832424107187206,4.3760036431226785,32.22527881040892,0.012230020343504162,2.285057100371749,15.890706319702602,0.006381710269403211,0.4929364202292669,5.6011759621451125,36.843533123028394,0.015614239272951093,2.82998018927445,22.52492113564669,0.007835530045022196,1.8630914826498424,0.00402220134195386,1.9444468750000041,16.553125,0.005470102952261012,0.0,0
18953.0,2022-02-23 19:35:00,327.49,328.0,327.12,327.56,56150.0,1p,1p,1.0,buy,False,36.99775647452944,2.5,12.0,0.0075844912323281355,-0.2460727840863179,-0.17817222206605512,-0.30120861410921407,-0.0009162478422632127,33.677606699671855,23.3806295139904,33.3668638694629,3.408160803045405,56150.0,2.5,0.0,2.5,12.0,0.0075844912323281355,2.5,0.0,0.0,1.0,1.0,-0.2460727840863179,-0.30120861410921407,-0.17817222206605512,33.677606699671855,23.3806295139904,33.3668638694629,3.408160803045405,12.204234122041987,27.397260273972744,40.897825582430976,0.021374698464073156,0.26901442895573346,0.4399999999999977,0.37000000000000455,0.06999999999999318,1.0,18954.0,18954.0,2022-02-23,2022-02-23 19:35:00,5.730247893515686,363.0,1.0,best_within_2.0d,19316.0,346.33,0.5832424107187206,4.3760036431226785,32.22527881040892,0.012230020343504162,2.285057100371749,15.890706319702602,0.006381710269403211,0.4929364202292669,5.6011759621451125,36.843533123028394,0.015614239272951093,2.82998018927445,22.52492113564669,0.007835530045022196,1.8630914826498424,0.00402220134195386,1.9444468750000041,16.553125,0.005470102952261012,0.0,0
18956.0,2022-02-23 19:50:00,327.5,327.57,326.97,326.97,17126.0,1p,1p,1.0,buy,False,49.72997647095228,2.6499999999999773,15.0,0.008039560706267754,-0.3307550221640825,-0.28986373061879145,-0.4552412417008327,-0.001386032791298993,29.45920918183701,13.48619375499543,21.8977456848527,-3.3369101047191094,17126.0,2.6499999999999773,0.0,2.6499999999999773,15.0,0.008039560706267754,2.6499999999999773,0.0,0.0,1.0,1.0,-0.3307550221640825,-0.4552412417008327,-0.28986373061879145,29.45920918183701,13.48619375499543,21.8977456848527,-3.3369101047191094,3.8140643623353876,31.34684147794947,43.62294195377364,-0.16183206106869394,0.18350307367647364,0.06999999999999318,0.0,0.5299999999999727,0.0,18957.0,18957.0,2022-02-23,2022-02-23 19:50:00,5.921032510627873,360.0,1.0,best_within_2.0d,19316.0,346.33,0.5832424107187206,4.3760036431226785,32.22527881040892,0.012230020343504162,2.285057100371749,15.890706319702602,0.006381710269403211,0.4929364202292669,5.6011759621451125,36.843533123028394,0.015614239272951093,2.82998018927445,22.52492113564669,0.007835530045022196,1.8630914826498424,0.00402220134195386,1.9444468750000041,16.553125,0.005470102952261012,0.0,0
18957.0,2022-02-23 19:55:00,326.92,327.24,326.38,326.49,69842.0,1p,1p,1.0,buy,False,60.53158692651914,3.240000000000009,16.0,0.009829500637097291,-0.4025967393570443,-0.340188323038422,-0.5414866927169442,-0.0016493454314139451,26.049908233665946,10.37444363540594,18.05664500170378,-4.98995909718974,69842.0,3.240000000000009,0.0,3.240000000000009,16.0,0.009829500637097291,3.240000000000009,0.0,0.0,1.0,1.0,-0.4025967393570443,-0.5414866927169442,-0.340188323038422,26.049908233665946,10.37444363540594,18.05664500170378,-4.98995909718974,3.579418344518327,36.0178970917225,46.35851066813304,-0.13153064970023456,0.2634965377780543,0.3199999999999932,0.11000000000001364,0.4300000000000068,0.0,18958.0,18958.0,2022-02-23,2022-02-23 19:55:00,6.076755796502182,359.0,1.0,best_within_2.0d,19316.0,346.33,0.5832424107187206,4.3760036431226785,32.22527881040892,0.012230020343504162,2.285057100371749,15.890706319702602,0.006381710269403211,0.4929364202292669,5.6011759621451125,36.843533123028394,0.015614239272951093,2.82998018927445,22.52492113564669,0.007835530045022196,1.8630914826498424,0.00402220134195386,1.9444468750000041,16.553125,0.005470102952261012,0.0,0
18958.0,2022-02-24 04:00:00,322.7,322.83,321.18,321.65,116416.0,1p,1p,1.0,buy,False,156.0772957367292,8.439999999999998,17.0,0.02560524240033978,-1.038073071296657,-0.4699474569505041,-0.9889839925988326,-0.0030169325433823287,11.54334199523828,8.961552501932822,15.024947501780126,-3.1652374977617868,116416.0,8.439999999999998,0.0,8.439999999999998,17.0,0.02560524240033978,8.439999999999998,0.0,0.0,1.0,1.0,-1.038073071296657,-0.9889839925988326,-0.4699474569505041,11.54334199523828,8.961552501932822,15.024947501780126,-3.1652374977617868,2.2743425728495934,59.70149253731354,49.665799224603326,-0.3253796095444721,0.5137306183448462,0.12999999999999545,0.46999999999997044,1.0500000000000114,0.0,18959.0,18959.0,2022-02-24,2022-02-24 04:00:00,7.67293642157625,358.0,1.0,best_within_2.0d,19316.0,346.33,0.5832424107187206,4.3760036431226785,32.22527881040892,0.012230020343504162,2.285057100371749,15.890706319702602,0.006381710269403211,0.4929364202292669,5.6011759621451125,36.843533123028394,0.015614239272951093,2.82998018927445,22.52492113564669,0.007835530045022196,1.8630914826498424,0.00402220134195386,1.9444468750000041,16.553125,0.005470102952261012,1.0,0
18966.0,2022-02-24 04:40:00,321.9,322.11,320.55,320.86,32950.0,1p,1p,1.0,buy,False,210.85540254582625,9.069999999999993,25.0,0.027516534190886455,-0.7633041208875291,-1.586411948891941,-1.9680640093357056,-0.006054063697537506,22.349251376901293,12.007036057744678,12.469784481326,11.081539210582033,32950.0,9.069999999999993,0.0,9.069999999999993,25.0,0.027516534190886455,9.069999999999993,0.0,0.0,1.0,1.0,-0.7633041208875291,-1.9680640093357056,-1.586411948891941,22.349251376901293,12.007036057744678,12.469784481326,11.081539210582033,3.814064362336026,47.25864123957054,65.78405927877631,-0.323081702392036,0.4866635470285454,0.21000000000003638,0.3100000000000023,1.0399999999999636,0.0,18967.0,18967.0,2022-02-24,2022-02-24 04:40:00,7.9380415134326405,350.0,1.0,best_within_2.0d,19316.0,346.33,0.5832424107187206,4.3760036431226785,32.22527881040892,0.012230020343504162,2.285057100371749,15.890706319702602,0.006381710269403211,0.4929364202292669,5.6011759621451125,36.843533123028394,0.015614239272951093,2.82998018927445,22.52492113564669,0.007835530045022196,1.8630914826498424,0.00402220134195386,1.9444468750000041,16.553125,0.005470102952261012,1.0,0
18974.0,2022-02-24 05:20:00,320.87,321.03,319.89,320.06,46367.0,1p,1p,1.0,buy,False,210.85540254582625,9.730000000000018,33.0,0.029518839876221156,0.11906926619254676,-1.7102875823215804,-1.650752949225307,-0.005106318704977594,29.456232613902174,28.538146432444087,33.99535416959709,17.623730958138083,46367.0,9.730000000000018,0.0,9.730000000000018,33.0,0.029518839876221156,9.730000000000018,0.0,0.0,1.0,1.0,0.11906926619254676,-1.650752949225307,-1.7102875823215804,29.456232613902174,28.538146432444087,33.99535416959709,17.623730958138083,14.460999123575652,28.921998247151805,59.404184802501746,-0.25243868233240946,0.3563725030479185,0.15999999999996817,0.17000000000001592,0.8100000000000023,0.0,18975.0,18975.0,2022-02-24,2022-02-24 05:20:00,8.207836030744229,342.0,1.0,best_within_2.0d,19316.0,346.33,0.5832424107187206,4.3760036431226785,32.22527881040892,0.012230020343504162,2.285057100371749,15.890706319702602,0.006381710269403211,0.4929364202292669,5.6011759621451125,36.843533123028394,0.015614239272951093,2.82998018927445,22.52492113564669,0.007835530045022196,1.8630914826498424,0.00402220134195386,1.9444468750000041,16.553125,0.005470102952261012,1.0,0
18982.0,2022-02-24 06:00:00,320.44,320.85,319.65,319.8,66474.0,1p,1p,1.0,buy,False,210.85540254582625,9.970000000000027,41.0,0.030246951034524686,0.31738659125002133,-1.3784740010067762,-1.2197807053817655,-0.003787668973402082,33.68880117118384,26.171420087591706,32.26406141122363,13.986137440327852,66474.0,9.970000000000027,0.0,9.970000000000027,41.0,0.030246951034524686,9.970000000000027,0.0,0.0,1.0,1.0,0.31738659125002133,-1.2197807053817655,-1.3784740010067762,33.68880117118384,26.171420087591706,32.26406141122363,13.986137440327852,16.841186736474288,26.090750436300798,41.75123558300665,-0.19972537760578776,0.3754106053496154,0.410000000000025,0.1500000000000341,0.6399999999999864,0.0,18983.0,18983.0,2022-02-24,2022-02-24 06:00:00,8.295809881175726,334.0,1.0,best_within_2.0d,19316.0,346.33,0.5832424107187206,4.3760036431226785,32.22527881040892,0.012230020343504162,2.285057100371749,15.890706319702602,0.006381710269403211,0.4929364202292669,5.6011759621451125,36.843533123028394,0.015614239272951093,2.82998018927445,22.52492113564669,0.007835530045022196,1.8630914826498424,0.00402220134195386,1.9444468750000041,16.553125,0.005470102952261012,0.0,0
18983.0,2022-02-24 06:05:00,319.7,319.94,319.35,319.42,36216.0,1p,1p,1.0,buy,False,210.85540254582625,10.269999999999982,42.0,0.031157089982403924,0.21976553056808346,-1.3510033096857659,-1.2411205444017241,-0.0038562574298950654,31.988680375090553,18.591404241400916,27.706509021282724,0.3611946816373006,36216.0,10.269999999999982,0.0,10.269999999999982,42.0,0.031157089982403924,10.269999999999982,0.0,0.0,1.0,1.0,0.21976553056808346,-1.2411205444017241,-1.3510033096857659,31.988680375090553,18.591404241400916,27.706509021282724,0.3611946816373006,16.90017513134813,27.84588441331064,40.51627872210152,-0.08758210822645378,0.1847502739940426,0.2400000000000091,0.06999999999999318,0.2799999999999727,0.0,18984.0,18984.0,2022-02-24,2022-02-24 06:05:00,8.424644668461575,333.0,1.0,best_within_2.0d,19316.0,346.33,0.5832424107187206,4.3760036431226785,32.22527881040892,0.012230020343504162,2.285057100371749,15.890706319702602,0.006381710269403211,0.4929364202292669,5.6011759621451125,36.843533123028394,0.015614239272951093,2.82998018927445,22.52492113564669,0.007835530045022196,1.8630914826498424,0.00402220134195386,1.9444468750000041,16.553125,0.005470102952261012,0.0,0
18984.0,2022-02-24 06:10:00,319.4,319.91,319.23,319.87,61264.0,1p,1p,1.0,buy,False,210.85540254161668,10.389999999999986,43.0,0.03152114556155569,0.22912764472619163,-1.322362354094992,-1.2077985317318962,-0.0037544307084834937,36.10113365197735,22.270812704143754,25.894610248903067,15.023217614625132,61264.0,10.389999999999986,0.0,10.389999999999986,43.0,0.03152114556155569,10.389999999999986,0.0,0.0,1.0,1.0,0.22912764472619163,-1.2077985317318962,-1.322362354094992,36.10113365197735,22.270812704143754,25.894610248903067,15.023217614625132,16.46757679180849,27.389078498293895,39.40102479448071,0.1471509079524193,0.21301256147605385,0.040000000000020464,0.16999999999995907,0.4700000000000273,1.0,18985.0,18985.0,2022-02-24,2022-02-24 06:10:00,8.272110544908863,332.0,1.0,best_within_2.0d,19316.0,346.33,0.5832424107187206,4.3760036431226785,32.22527881040892,0.012230020343504162,2.285057100371749,15.890706319702602,0.006381710269403211,0.4929364202292669,5.6011759621451125,36.843533123028394,0.015614239272951093,2.82998018927445,22.52492113564669,0.007835530045022196,1.8630914826498424,0.00402220134195386,1.9444468750000041,16.553125,0.005470102952261012,0.0,0
18985.0,2022-02-24 06:15:00,319.65,319.65,318.91,319.05,40433.0,1p,1p,1.0,buy,False,210.85540254161668,10.70999999999998,44.0,0.03249196043929367,0.1424348684242438,-1.3045579955419615,-1.2333405613298396,-0.003836168217643555,32.271754454592596,16.72892889953654,22.83938313244756,4.508020433714506,40433.0,10.70999999999998,0.0,10.70999999999998,44.0,0.03249196043929367,10.70999999999998,0.0,0.0,1.0,1.0,0.1424348684242438,-1.2333405613298396,-1.3045579955419615,32.271754454592596,16.72892889953654,22.83938313244756,4.508020433714506,6.4317180616736875,31.101321585903435,41.28150156134053,-0.1877053026747899,0.2320403875701459,0.0,0.13999999999998636,0.5999999999999659,0.0,18986.0,18986.0,2022-02-24,2022-02-24 06:15:00,8.550383952358557,331.0,1.0,best_within_2.0d,19316.0,346.33,0.5832424107187206,4.3760036431226785,32.22527881040892,0.012230020343504162,2.285057100371749,15.890706319702602,0.006381710269403211,0.4929364202292669,5.6011759621451125,36.843533123028394,0.015614239272951093,2.82998018927445,22.52492113564669,0.007835530045022196,1.8630914826498424,0.00402220134195386,1.9444468750000041,16.553125,0.005470102952261012,0.0,0
18989.0,2022-02-24 06:35:00,319.05,319.09,318.82,318.97,14922.0,1p,1p,1.0,buy,False,210.85540254161668,10.800000000000011,48.0,0.03276500212365758,0.15138221304830513,-1.2110509964447034,-1.1353598899205508,-0.003537789815904601,34.78188037573182,14.518652479337348,19.29908532906015,4.957786779891741,14922.0,10.800000000000011,0.0,10.800000000000011,48.0,0.03276500212365758,10.800000000000011,0.0,0.0,1.0,1.0,0.15138221304830513,-1.1353598899205508,-1.2110509964447034,34.78188037573182,14.518652479337348,19.29908532906015,4.957786779891741,10.351201478743118,19.778188539741105,40.534994570139936,-0.025074439742982003,0.08468728436107578,0.03999999999996362,0.1500000000000341,0.07999999999998408,0.0,18990.0,18990.0,2022-02-24,2022-02-24 06:35:00,8.57760917954665,327.0,1.0,best_within_2.0d,19316.0,346.33,0.5832424107187206,4.3760036431226785,32.22527881040892,0.012230020343504162,2.285057100371749,15.890706319702602,0.006381710269403211,0.4929364202292669,5.6011759621451125,36.843533123028394,0.015614239272951093,2.82998018927445,22.52492113564669,0.007835530045022196,1.8630914826498424,0.00402220134195386,1.9444468750000041,16.553125,0.005470102952261012,1.0,0
19000.0,2022-02-24 07:30:00,319.31,319.38,318.71,318.88,75932.0,1p,1p,1.0,buy,False,210.85540254582625,10.910000000000025,59.0,0.03309871973788006,0.14079803759179033,-0.672155877853966,-0.6017568590580709,-0.0018789740158287954,38.42169414850617,23.16212545179891,36.35088129918579,-3.2153862429748443,75932.0,10.910000000000025,0.0,10.910000000000025,59.0,0.03309871973788006,10.910000000000025,0.0,0.0,1.0,1.0,0.14079803759179033,-0.6017568590580709,-0.672155877853966,38.42169414850617,23.16212545179891,36.35088129918579,-3.2153862429748443,22.1172022684311,18.525519848771438,24.458560281184884,-0.1346653722088274,0.2102224592890138,0.06999999999999318,0.17000000000001592,0.4300000000000068,0.0,19001.0,19001.0,2022-02-24,2022-02-24 07:30:00,8.608253888610133,316.0,1.0,best_within_2.0d,19316.0,346.33,0.5832424107187206,4.3760036431226785,32.22527881040892,0.012230020343504162,2.285057100371749,15.890706319702602,0.006381710269403211,0.4929364202292669,5.6011759621451125,36.843533123028394,0.015614239272951093,2.82998018927445,22.52492113564669,0.007835530045022196,1.8630914826498424,0.00402220134195386,1.9444468750000041,16.553125,0.005470102952261012,0.0,0
19001.0,2022-02-24 07:35:00,318.82,318.92,318.55,318.91,85449.0,1p,1p,1.0,buy,False,210.85540254582625,11.069999999999993,60.0,0.03358412717674896,0.08868369097242312,-0.6610704164824132,-0.6167285709962016,-0.0019263235875675107,38.718372180338264,20.379688572804383,31.027150390391984,-0.9152350623708188,85449.0,11.069999999999993,0.0,11.069999999999993,60.0,0.03358412717674896,11.069999999999993,0.0,0.0,1.0,1.0,0.08868369097242312,-0.6167285709962016,-0.6610704164824132,38.718372180338264,20.379688572804383,31.027150390391984,-0.9152350623708188,22.089552238806093,21.094527363183982,22.876102222917268,0.028229094787037147,0.11615131062627673,0.009999999999990905,0.2699999999999818,0.09000000000003183,1.0,19002.0,19002.0,2022-02-24,2022-02-24 07:35:00,8.598037063748379,315.0,1.0,best_within_2.0d,19316.0,346.33,0.5832424107187206,4.3760036431226785,32.22527881040892,0.012230020343504162,2.285057100371749,15.890706319702602,0.006381710269403211,0.4929364202292669,5.6011759621451125,36.843533123028394,0.015614239272951093,2.82998018927445,22.52492113564669,0.007835530045022196,1.8630914826498424,0.00402220134195386,1.9444468750000041,16.553125,0.005470102952261012,0.0,0
19002.0,2022-02-24 07:40:00,318.919,318.919,318.39,318.71,94716.0,1p,1p,1.0,buy,False,210.85540254582625,11.230000000000018,61.0,0.03406953461561804,0.037897122583052,-0.6563332761595316,-0.6373847148680056,-0.0019915094647763895,37.42387868124537,17.704863166940235,26.586387982574735,-0.058186464328763066,94716.0,11.230000000000018,0.0,11.230000000000018,61.0,0.03406953461561804,11.230000000000018,0.0,0.0,1.0,1.0,0.037897122583052,-0.6373847148680056,-0.6563332761595316,37.42387868124537,17.704863166940235,26.586387982574735,-0.058186464328763066,22.88895762449749,22.167233735436838,21.35651139725285,-0.0655338816439294,0.16614843431012166,0.0,0.3199999999999932,0.20900000000000318,0.0,19003.0,19003.0,2022-02-24,2022-02-24 07:40:00,8.666185560540933,314.0,1.0,best_within_2.0d,19316.0,346.33,0.5832424107187206,4.3760036431226785,32.22527881040892,0.012230020343504162,2.285057100371749,15.890706319702602,0.006381710269403211,0.4929364202292669,5.6011759621451125,36.843533123028394,0.015614239272951093,2.82998018927445,22.52492113564669,0.007835530045022196,1.8630914826498424,0.00402220134195386,1.9444468750000041,16.553125,0.005470102952261012,0.0,0
19006.0,2022-02-24 08:00:00,320.93,329.667,317.82,319.0,679836.0,1p,1p,1.0,buy,False,210.8554025485012,11.800000000000011,65.0,0.035798798616588835,0.1135399830247783,-0.6133362813514434,-0.5565662898390542,-0.0017404787488625977,40.581390141234905,21.63218090637036,24.51602728141861,15.86448815627385,679836.0,11.800000000000011,0.0,11.800000000000011,65.0,0.035798798616588835,11.800000000000011,0.0,0.0,1.0,1.0,0.1135399830247783,-0.5565662898390542,-0.6133362813514434,40.581390141234905,21.63218090637036,24.51602728141861,15.86448815627385,57.115749525616735,11.634874662938346,25.020002548835745,-0.601377247374819,3.7275816499905545,8.736999999999966,1.1800000000000068,1.9300000000000068,0.0,19007.0,19007.0,2022-02-24,2022-02-24 08:00:00,8.567398119122252,310.0,1.0,best_within_2.0d,19316.0,346.33,0.5832424107187206,4.3760036431226785,32.22527881040892,0.012230020343504162,2.285057100371749,15.890706319702602,0.006381710269403211,0.4929364202292669,5.6011759621451125,36.843533123028394,0.015614239272951093,2.82998018927445,22.52492113564669,0.007835530045022196,1.8630914826498424,0.00402220134195386,1.9444468750000041,16.553125,0.005470102952261012,1.0,0
19011.0,2022-02-24 08:25:00,318.0,318.16,317.75,318.0,84538.0,1p,1p,1.0,buy,False,210.85540254874053,11.870000000000005,70.0,0.036011164371094,-0.0519627385456809,-0.6157797929290904,-0.6417611622019308,-0.0020100575977325293,32.50803158434387,5.3229956076304115,10.22915385603493,-4.489320889178625,84538.0,11.870000000000005,0.0,11.870000000000005,70.0,0.036011164371094,11.870000000000005,0.0,0.0,1.0,1.0,-0.0519627385456809,-0.6417611622019308,-0.6157797929290904,32.50803158434387,5.3229956076304115,10.22915385603493,-4.489320889178625,54.416263692884684,10.460870423369203,38.82407850522055,0.0,0.129032258064524,0.160000000000025,0.25,0.0,0.0,19012.0,19012.0,2022-02-24,2022-02-24 08:25:00,8.908805031446535,305.0,1.0,best_within_2.0d,19316.0,346.33,0.5832424107187206,4.3760036431226785,32.22527881040892,0.012230020343504162,2.285057100371749,15.890706319702602,0.006381710269403211,0.4929364202292669,5.6011759621451125,36.843533123028394,0.015614239272951093,2.82998018927445,22.52492113564669,0.007835530045022196,1.8630914826498424,0.00402220134195386,1.9444468750000041,16.553125,0.005470102952261012,1.0,0
19024.0,2022-02-24 09:30:00,318.84,322.29,318.26,321.64,4060169.0,2,2,1.0,buy,False,0.9562982005141396,4.163492493946733,28.239017640954685,0.011578080659927173,0.39654060032511035,-0.012663777554784844,0.18560652260777033,0.00058057569976061,62.36280411752154,34.773286901123655,20.97706760221275,62.365725498945466,4060169.0,11.160000000000025,1.0,11.670000000000016,5.0,0.036726986624705006,11.160000000000025,10.0,0.033877724485459365,2.0,2.0,0.39654060032511035,0.18560652260777033,-0.012663777554784844,62.36280411752154,34.773286901123655,20.97706760221275,62.365725498945466,63.84373813714323,8.74831763122456,64.84361275544282,0.8781834148789398,1.2662602903286715,0.6500000000000341,0.5799999999999841,2.8000000000000114,1.0,19025.0,19025.0,2022-02-24,2022-02-24 09:30:00,7.676284044273101,292.0,1.0,best_within_2.0d,19316.0,346.33,0.9562982005141396,11.670000000000016,5.0,0.036726986624705006,11.160000000000025,10.0,0.033877724485459365,0.4929364202292669,5.6011759621451125,36.843533123028394,0.015614239272951093,2.82998018927445,22.52492113564669,0.007835530045022196,1.8630914826498424,0.00402220134195386,1.9444468750000041,16.553125,0.005470102952261012,1.0,0
19025.0,2022-02-24 09:35:00,339.8701,341.766,332.28,339.62,173412.0,1p,1p,1.0,buy,False,2.6200245505078747,8.07000000000005,9.0,0.023710885852798735,-0.0760264837409107,0.4140642109684583,0.37605096909800295,0.0011083889149397857,54.73918219707426,72.1784619197222,71.27197922536212,73.99142730844235,173412.0,8.07000000000005,0.0,8.07000000000005,9.0,0.023710885852798735,8.07000000000005,0.0,0.0,1.0,1.0,-0.0760264837409107,0.37605096909800295,0.4140642109684583,54.73918219707426,72.1784619197222,71.27197922536212,73.99142730844235,12.814132868872896,57.601393381438236,33.58718885444316,-0.07358693806838992,2.8548212351029396,1.89590000000004,7.340000000000032,0.2500999999999749,0.0,19026.0,19026.0,2022-02-24,2022-02-24 09:35:00,1.9757375890701312,291.0,1.0,best_within_2.0d,19316.0,346.33,0.5832424107187206,4.3760036431226785,32.22527881040892,0.012230020343504162,2.285057100371749,15.890706319702602,0.006381710269403211,0.4929364202292669,5.6011759621451125,36.843533123028394,0.015614239272951093,2.82998018927445,22.52492113564669,0.007835530045022196,1.8630914826498424,0.00402220134195386,1.9444468750000041,16.553125,0.005470102952261012,0.0,0
19038.0,2022-02-24 10:40:00,325.71,326.28,324.6,325.945,1174681.0,2s,2s,1.0,buy,False,0.4130248500428437,4.163492493946733,28.239017640954685,0.011578080659927173,0.17061481711334903,1.6061465586249128,1.6914539671815874,0.005224926842892926,59.433941040352025,58.661310708900885,68.62429494108792,38.735342244526805,1174681.0,4.269999999999982,1.0,11.670000000000016,5.0,0.036726986624705006,4.269999999999982,5.0,0.012983853802414272,1.0,2.5,0.17061481711334903,1.6914539671815874,1.6061465586249128,59.433941040352025,58.661310708900885,68.62429494108792,38.735342244526805,24.55636538507444,12.72156151198984,58.08514495788056,0.07215007215007635,0.517560073937138,0.33499999999997954,1.1099999999999568,0.23500000000001364,1.0,19039.0,19039.0,2022-02-24,2022-02-24 10:40:00,6.254122628050742,278.0,1.0,best_within_2.0d,19316.0,346.33,0.5832424107187206,4.3760036431226785,32.22527881040892,0.012230020343504162,2.285057100371749,15.890706319702602,0.006381710269403211,0.4130248500428437,11.670000000000016,5.0,0.036726986624705006,4.269999999999982,5.0,0.012983853802414272,1.0,0.00402220134195386,1.9444468750000041,16.553125,0.005470102952261012,1.0,0
19043.0,2022-02-24 11:05:00,327.59,329.3,327.38,329.0,913161.0,1,1,0.0,sell,False,0.4713007382247061,4.699999999999989,6.0,0.014479359211336994,0.20559771705071128,1.7404010479346734,1.843199906460029,0.005669098542269978,66.9739574869285,78.15127220768086,72.74378733289325,88.9662419572561,913161.0,4.699999999999989,1.0,4.699999999999989,6.0,0.014479359211336994,4.699999999999989,6.0,0.014479359211336994,1.0,1.0,0.20559771705071128,1.843199906460029,1.7404010479346734,66.9739574869285,78.15127220768086,72.74378733289325,88.9662419572561,24.753868853325304,14.754661303164788,48.42148748579725,0.43041606886657874,0.5864744333801747,0.30000000000001137,0.20999999999997954,1.410000000000025,1.0,19044.0,19044.0,2022-02-24,2022-02-24 11:05:00,0.5714285714285701,15.0,1.0,best_within_2.0d,19058.0,327.12,0.5832424107187206,4.3760036431226785,32.22527881040892,0.012230020343504162,2.285057100371749,15.890706319702602,0.006381710269403211,0.4929364202292669,5.6011759621451125,36.843533123028394,0.015614239272951093,2.82998018927445,22.52492113564669,0.007835530045022196,1.8630914826498424,0.00402220134195386,1.9444468750000041,16.553125,0.005470102952261012,0.0,1
19044.0,2022-02-24 11:10:00,329.02,329.9101,328.252,329.49,1056853.0,1,1,0.0,sell,False,0.48535796535751163,5.310099999999977,7.0,0.01635890326555754,0.267124680302973,1.7737916329725452,1.9073539731240317,0.00586059598517533,68.30131073157149,82.79706854861573,76.0948810714674,96.20144350291238,1056853.0,5.310099999999977,1.0,5.310099999999977,7.0,0.01635890326555754,5.310099999999977,7.0,0.01635890326555754,1.0,1.0,0.267124680302973,1.9073539731240317,1.7737916329725452,68.30131073157149,82.79706854861573,76.0948810714674,96.20144350291238,27.335252292266528,12.84812901504013,47.537990109490174,0.1428484590602478,0.505130204842618,0.4200999999999908,0.7679999999999723,0.4700000000000273,1.0,19045.0,19045.0,2022-02-24,2022-02-24 11:10:00,0.7192934535190763,14.0,1.0,best_within_2.0d,19058.0,327.12,0.5832424107187206,4.3760036431226785,32.22527881040892,0.012230020343504162,2.285057100371749,15.890706319702602,0.006381710269403211,0.4929364202292669,5.6011759621451125,36.843533123028394,0.015614239272951093,2.82998018927445,22.52492113564669,0.007835530045022196,1.8630914826498424,0.00402220134195386,1.9444468750000041,16.553125,0.005470102952261012,0.0,1
19045.0,2022-02-24 11:15:00,329.52,330.6399,329.032,330.63,1257634.0,1,1,0.0,sell,False,0.7355957050674626,6.039899999999989,8.0,0.018607208872458373,0.4048471057926255,1.8243975211966235,2.026821074092936,0.006220346262259655,71.20129956205159,88.47674236624042,80.22216816972507,104.98589075927114,1257634.0,6.039899999999989,1.0,6.039899999999989,8.0,0.018607208872458373,6.039899999999989,8.0,0.018607208872458373,1.0,1.0,0.4048471057926255,2.026821074092936,1.8243975211966235,71.20129956205159,88.47674236624042,80.22216816972507,104.98589075927114,30.88546920328121,11.611813554153155,47.38189636072646,0.33685360524399544,0.4886758734712822,0.009900000000016007,0.48799999999999955,1.1100000000000136,1.0,19046.0,19046.0,2022-02-24,2022-02-24 11:15:00,1.0616096542963405,13.0,1.0,best_within_2.0d,19058.0,327.12,0.5832424107187206,4.3760036431226785,32.22527881040892,0.012230020343504162,2.285057100371749,15.890706319702602,0.006381710269403211,0.4929364202292669,5.6011759621451125,36.843533123028394,0.015614239272951093,2.82998018927445,22.52492113564669,0.007835530045022196,1.8630914826498424,0.00402220134195386,1.9444468750000041,16.553125,0.005470102952261012,0.0,1
19046.0,2022-02-24 11:20:00,330.64,330.8,329.32,329.44,1090611.0,1,1,0.0,sell,False,0.7355957050674626,6.199999999999989,9.0,0.019100431300061577,0.28479469190511875,1.8599968576847634,2.002394203637323,0.006140350802811932,64.56149366892777,85.00600028717093,81.81677887554035,91.3844431104321,1090611.0,6.199999999999989,1.0,6.199999999999989,9.0,0.019100431300061577,6.199999999999989,9.0,0.019100431300061577,1.0,1.0,0.28479469190511875,2.002394203637323,1.8599968576847634,64.56149366892777,85.00600028717093,81.81677887554035,91.3844431104321,27.361545354973813,11.82913472070086,46.82839800412318,-0.3629324945560092,0.4494109073241887,0.160000000000025,0.12000000000000455,1.1999999999999886,0.0,19047.0,19047.0,2022-02-24,2022-02-24 11:20:00,0.704225352112674,12.0,1.0,best_within_2.0d,19058.0,327.12,0.5832424107187206,4.3760036431226785,32.22527881040892,0.012230020343504162,2.285057100371749,15.890706319702602,0.006381710269403211,0.4929364202292669,5.6011759621451125,36.843533123028394,0.015614239272951093,2.82998018927445,22.52492113564669,0.007835530045022196,1.8630914826498424,0.00402220134195386,1.9444468750000041,16.553125,0.005470102952261012,1.0,1
19050.0,2022-02-24 11:40:00,329.73,329.76,327.9201,328.12,947630.0,2s,2s,1.0,buy,False,0.12852613538989058,4.163492493946733,28.239017640954685,0.011578080659927173,-0.33377187630429095,1.82221817913759,1.6553322409854445,0.0050641621327411,56.16025303523427,55.43213744957411,69.06230477020529,28.171802808311753,947630.0,2.8799000000000206,1.0,11.670000000000016,5.0,0.036726986624705006,2.8799000000000206,5.0,0.008705864570737668,2.0,2.5,-0.33377187630429095,1.6553322409854445,1.82221817913759,56.16025303523427,55.43213744957411,69.06230477020529,28.171802808311753,19.763006882682603,11.788543887935123,40.16890965511056,-0.4882782882964891,0.561081800109234,0.029999999999972715,0.19990000000001373,1.6100000000000136,0.0,19051.0,19051.0,2022-02-24,2022-02-24 11:40:00,5.549798854077769,266.0,1.0,best_within_2.0d,19316.0,346.33,0.5832424107187206,4.3760036431226785,32.22527881040892,0.012230020343504162,2.285057100371749,15.890706319702602,0.006381710269403211,0.12852613538989058,11.670000000000016,5.0,0.036726986624705006,2.8799000000000206,5.0,0.008705864570737668,2.0,0.00402220134195386,1.9444468750000041,16.553125,0.005470102952261012,0.0,0
19051.0,2022-02-24 11:45:00,328.15,328.75,327.6,328.75,815693.0,2s,2s,1.0,buy,False,0.1559554413024842,4.163492493946733,28.239017640954685,0.011578080659927173,-0.43477054704148443,1.7678718607574044,1.5504865872366622,0.00474138958342455,58.53073332940738,50.3075848104373,62.810731450282624,25.30129153074664,815693.0,3.1999999999999886,1.0,11.670000000000016,5.0,0.036726986624705006,3.1999999999999886,6.0,0.009673518742442528,2.0,2.5,-0.43477054704148443,1.5504865872366622,1.7678718607574044,58.53073332940738,50.3075848104373,62.810731450282624,25.30129153074664,20.423995664190002,13.362626927710838,38.79255148464018,0.18284321194576347,0.3510378510378441,0.0,0.5499999999999545,0.6000000000000227,1.0,19052.0,19052.0,2022-02-24,2022-02-24 11:45:00,5.347528517110262,265.0,1.0,best_within_2.0d,19316.0,346.33,0.5832424107187206,4.3760036431226785,32.22527881040892,0.012230020343504162,2.285057100371749,15.890706319702602,0.006381710269403211,0.1559554413024842,11.670000000000016,5.0,0.036726986624705006,3.1999999999999886,6.0,0.009673518742442528,2.0,0.00402220134195386,1.9444468750000041,16.553125,0.005470102952261012,1.0,0
19058.0,2022-02-24 12:20:00,328.24,328.39,326.93,327.12,764735.0,2s,2s,1.0,buy,False,0.2133676092544992,4.163492493946733,28.239017640954685,0.011578080659927173,-0.940173575819272,1.337819779245208,0.867732991335572,0.0026471125377570274,47.107939782011734,29.781670452495156,47.073837893812964,-4.802664430140453,764735.0,3.8700000000000045,1.0,11.670000000000016,5.0,0.036726986624705006,3.8700000000000045,13.0,0.011698911729141488,2.0,2.5,-0.940173575819272,0.867732991335572,1.337819779245208,47.107939782011734,29.781670452495156,47.073837893812964,-4.802664430140453,15.015405195004577,26.37577711259477,31.337906345704976,-0.3412137460394847,0.4465787783317467,0.14999999999997726,0.18999999999999773,1.1200000000000045,0.0,19059.0,19059.0,2022-02-24,2022-02-24 12:20:00,5.8724627048177975,258.0,1.0,best_within_2.0d,19316.0,346.33,0.5832424107187206,4.3760036431226785,32.22527881040892,0.012230020343504162,2.285057100371749,15.890706319702602,0.006381710269403211,0.2133676092544992,11.670000000000016,5.0,0.036726986624705006,3.8700000000000045,13.0,0.011698911729141488,2.0,0.00402220134195386,1.9444468750000041,16.553125,0.005470102952261012,1.0,0
19068.0,2022-02-24 13:10:00,329.22,330.06,328.84,330.0037,620716.0,2,2,0.0,sell,False,0.8087855297157601,4.163492493946733,28.239017640954685,0.011578080659927173,-0.19148803740277787,0.6125407511563525,0.5167967324549636,0.0015739103469704677,59.51585903326172,70.36209054258417,56.94146422706547,97.20334317362159,620716.0,3.1299999999999955,1.0,3.8700000000000045,13.0,0.011698911729141488,3.1299999999999955,11.0,0.009573914905331403,2.0,2.0,-0.19148803740277787,0.5167967324549636,0.6125407511563525,59.51585903326172,70.36209054258417,56.94146422706547,97.20334317362159,24.82986207646849,25.633106482768426,21.584662617380765,0.23804750622682505,0.3710010947573371,0.056300000000021555,0.3800000000000523,0.7836999999999534,1.0,19069.0,19069.0,2022-02-24,2022-02-24 13:10:00,-2.3503675867876663,154.0,1.0,best_within_2.0d,19222.0,337.76,0.8087855297157601,3.8700000000000045,13.0,0.011698911729141488,3.1299999999999955,11.0,0.009573914905331403,0.4929364202292669,5.6011759621451125,36.843533123028394,0.015614239272951093,2.82998018927445,22.52492113564669,0.007835530045022196,1.8630914826498424,0.00402220134195386,1.9444468750000041,16.553125,0.005470102952261012,0.0,1
19069.0,2022-02-24 13:15:00,330.01,330.35,329.19,330.12,628208.0,2,2,0.0,sell,False,0.8837209302325613,4.163492493946733,28.239017640954685,0.011578080659927173,-0.05475258430159369,0.6056966781186534,0.5783203859678565,0.0017605791611742618,60.034201384098836,77.28129073495295,63.72140639636129,104.40105941213625,628208.0,3.420000000000016,1.0,3.8700000000000045,13.0,0.011698911729141488,3.420000000000016,12.0,0.010460954944483578,2.0,2.0,-0.05475258430159369,0.5783203859678565,0.6056966781186534,60.034201384098836,77.28129073495295,63.72140639636129,104.40105941213625,26.51626594641544,22.12843948199759,20.687197587205652,0.03333232326293556,0.3523800844497175,0.2300000000000182,0.8199999999999932,0.11000000000001364,1.0,19070.0,19070.0,2022-02-24,2022-02-24 13:15:00,-2.31430994789773,153.0,1.0,best_within_2.0d,19222.0,337.76,0.8837209302325613,3.8700000000000045,13.0,0.011698911729141488,3.420000000000016,12.0,0.010460954944483578,0.4929364202292669,5.6011759621451125,36.843533123028394,0.015614239272951093,2.82998018927445,22.52492113564669,0.007835530045022196,1.8630914826498424,0.00402220134195386,1.9444468750000041,16.553125,0.005470102952261012,0.0,1
19070.0,2022-02-24 13:20:00,330.08,330.38,329.36,329.45,493418.0,2,2,0.0,sell,False,0.8914728682170503,4.163492493946733,28.239017640954685,0.011578080659927173,-0.06273894187016626,0.5978543103848826,0.5664848394497994,0.001724172276742278,55.61632249807684,73.0221327545996,66.82164851577406,85.42310123225067,493418.0,3.4499999999999886,1.0,3.8700000000000045,13.0,0.011698911729141488,3.4499999999999886,13.0,0.010552717707154402,2.0,2.0,-0.06273894187016626,0.5664848394497994,0.5978543103848826,55.61632249807684,73.0221327545996,66.82164851577406,85.42310123225067,28.157031309611696,14.116031233308588,21.58204101422073,-0.1908628211342691,0.3096915229536015,0.30000000000001137,0.08999999999997499,0.6299999999999955,0.0,19071.0,19071.0,2022-02-24,2022-02-24 13:20:00,-2.5223857945059955,152.0,1.0,best_within_2.0d,19222.0,337.76,0.8914728682170503,3.8700000000000045,13.0,0.011698911729141488,3.4499999999999886,13.0,0.010552717707154402,0.4929364202292669,5.6011759621451125,36.843533123028394,0.015614239272951093,2.82998018927445,22.52492113564669,0.007835530045022196,1.8630914826498424,0.00402220134195386,1.9444468750000041,16.553125,0.005470102952261012,0.0,1
19073.0,2022-02-24 13:35:00,329.73,331.64,329.47,331.55,916526.0,1,1,0.0,sell,False,0.2925333956810429,4.7099999999999795,16.0,0.014406753739332517,0.16100053028218064,0.5854684128947908,0.6659686780358811,0.0020250042414040265,63.96442345333468,76.78609027774647,69.30864711145273,91.74097661033395,916526.0,4.7099999999999795,1.0,4.7099999999999795,16.0,0.014406753739332517,4.7099999999999795,16.0,0.014406753739332517,1.0,1.0,0.16100053028218064,0.6659686780358811,0.5854684128947908,63.96442345333468,76.78609027774647,69.30864711145273,91.74097661033395,37.28152346621798,10.612564327554571,25.804154791788797,0.5519667606829809,0.6586335629951009,0.08999999999997499,0.2599999999999909,1.8199999999999932,1.0,19074.0,19074.0,2022-02-24,2022-02-24 13:35:00,-1.8730206605338497,149.0,1.0,best_within_2.0d,19222.0,337.76,0.5832424107187206,4.3760036431226785,32.22527881040892,0.012230020343504162,2.285057100371749,15.890706319702602,0.006381710269403211,0.4929364202292669,5.6011759621451125,36.843533123028394,0.015614239272951093,2.82998018927445,22.52492113564669,0.007835530045022196,1.8630914826498424,0.00402220134195386,1.9444468750000041,16.553125,0.005470102952261012,0.0,1
19074.0,2022-02-24 13:40:00,331.56,331.84,330.85,330.91,726645.0,1,1,0.0,sell,False,0.4086314457078084,4.909999999999968,17.0,0.01501850549047187,0.2248969875585205,0.6135805363396059,0.7260290301188661,0.0022066166054904987,60.03618124312397,76.9260209694784,71.84777173079462,87.08251944684596,726645.0,4.909999999999968,1.0,4.909999999999968,17.0,0.01501850549047187,4.909999999999968,17.0,0.01501850549047187,1.0,1.0,0.2248969875585205,0.7260290301188661,0.6135805363396059,60.03618124312397,76.9260209694784,71.84777173079462,87.08251944684596,35.95933148995548,10.950155382093003,27.769121241594586,-0.19604294848593837,0.29922925797187616,0.2799999999999727,0.060000000000002274,0.6499999999999773,0.0,19075.0,19075.0,2022-02-24,2022-02-24 13:40:00,-2.0700492581064234,148.0,1.0,best_within_2.0d,19222.0,337.76,0.5832424107187206,4.3760036431226785,32.22527881040892,0.012230020343504162,2.285057100371749,15.890706319702602,0.006381710269403211,0.4929364202292669,5.6011759621451125,36.843533123028394,0.015614239272951093,2.82998018927445,22.52492113564669,0.007835530045022196,1.8630914826498424,0.00402220134195386,1.9444468750000041,16.553125,0.005470102952261012,0.0,1
19075.0,2022-02-24 13:45:00,330.915,333.73,330.38,333.64,1717804.0,1,1,0.0,sell,False,1.0727640853582248,6.800000000000011,18.0,0.020799559538739215,0.5904132285760262,0.6873821899116092,0.9825888041996222,0.0029832770124551483,68.8297854787987,84.07485183378107,75.92346509845676,100.3776253044297,1717804.0,6.800000000000011,1.0,6.800000000000011,18.0,0.020799559538739215,6.800000000000011,18.0,0.020799559538739215,1.0,1.0,0.5904132285760262,0.9825888041996222,0.6873821899116092,68.8297854787987,84.07485183378107,75.92346509845676,100.3776253044297,38.82759229428315,9.874881391089296,30.031907733056716,0.8234743060906775,1.0139838973303539,0.09000000000003183,0.535000000000025,2.724999999999966,1.0,19076.0,19076.0,2022-02-24,2022-02-24 13:45:00,-1.2348639251888278,147.0,1.0,best_within_2.0d,19222.0,337.76,0.5832424107187206,4.3760036431226785,32.22527881040892,0.012230020343504162,2.285057100371749,15.890706319702602,0.006381710269403211,0.4929364202292669,5.6011759621451125,36.843533123028394,0.015614239272951093,2.82998018927445,22.52492113564669,0.007835530045022196,1.8630914826498424,0.00402220134195386,1.9444468750000041,16.553125,0.005470102952261012,0.0,1
19076.0,2022-02-24 13:50:00,333.63,334.14,332.745,332.89,1552683.0,1,1,0.0,sell,False,1.2360882153912598,7.2099999999999795,19.0,0.02205365062857486,0.6803013300079219,0.7724198561625994,1.1125705211665604,0.0033752443401926734,64.62281825056448,81.69565768008522,77.84752929233291,89.39191445558984,1552683.0,7.2099999999999795,1.0,7.2099999999999795,19.0,0.02205365062857486,7.2099999999999795,19.0,0.02205365062857486,1.0,1.0,0.6803013300079219,1.1125705211665604,0.7724198561625994,64.62281825056448,81.69565768008522,77.84752929233291,89.39191445558984,36.820560926990304,9.540662409789972,32.089775700455,-0.22180259568983876,0.4192399585267943,0.5099999999999909,0.1449999999999818,0.7400000000000091,0.0,19077.0,19077.0,2022-02-24,2022-02-24 13:50:00,-1.4629457178046816,146.0,1.0,best_within_2.0d,19222.0,337.76,0.5832424107187206,4.3760036431226785,32.22527881040892,0.012230020343504162,2.285057100371749,15.890706319702602,0.006381710269403211,0.4929364202292669,5.6011759621451125,36.843533123028394,0.015614239272951093,2.82998018927445,22.52492113564669,0.007835530045022196,1.8630914826498424,0.00402220134195386,1.9444468750000041,16.553125,0.005470102952261012,1.0,1
19084.0,2022-02-24 14:30:00,333.3,335.39,333.29,335.3099,1287604.0,1,1,0.0,sell,False,1.2360882153912598,8.45999999999998,27.0,0.025877099073196033,0.5068041852650875,1.1249390070759633,1.378341099708507,0.004162273340701913,68.12383102523661,80.6074685954041,73.12343208161923,95.57554162297384,1287604.0,8.45999999999998,1.0,8.45999999999998,27.0,0.025877099073196033,8.45999999999998,27.0,0.025877099073196033,1.0,1.0,0.5068041852650875,1.378341099708507,1.1249390070759633,68.12383102523661,80.6074685954041,73.12343208161923,95.57554162297384,35.865845311430746,11.841204654346253,37.560718960495,0.6030303030303078,0.630081910648374,0.08009999999995898,0.009999999999990905,2.009900000000016,1.0,19085.0,19085.0,2022-02-24,2022-02-24 14:30:00,-0.7306971849026715,138.0,1.0,best_within_2.0d,19222.0,337.76,0.5832424107187206,4.3760036431226785,32.22527881040892,0.012230020343504162,2.285057100371749,15.890706319702602,0.006381710269403211,0.4929364202292669,5.6011759621451125,36.843533123028394,0.015614239272951093,2.82998018927445,22.52492113564669,0.007835530045022196,1.8630914826498424,0.00402220134195386,1.9444468750000041,16.553125,0.005470102952261012,0.0,1
19085.0,2022-02-24 14:35:00,335.28,336.45,335.12,336.4,1233892.0,1,1,0.0,sell,False,1.3374973809363337,9.519999999999982,28.0,0.029119383354234796,0.736113519895575,1.2169531970629102,1.5850099570106977,0.004780752590970012,70.8403062878331,86.78179065780557,77.67621827368134,104.99293542605403,1233892.0,9.519999999999982,1.0,9.519999999999982,28.0,0.029119383354234796,9.519999999999982,28.0,0.029119383354234796,1.0,1.0,0.736113519895575,1.5850099570106977,1.2169531970629102,70.8403062878331,86.78179065780557,77.67621827368134,104.99293542605403,40.20734730673896,8.812260536398417,39.452523106994974,0.33404915294679216,0.39687276199569826,0.05000000000001137,0.15999999999996817,1.1200000000000045,1.0,19086.0,19086.0,2022-02-24,2022-02-24 14:35:00,-0.404280618311538,137.0,1.0,best_within_2.0d,19222.0,337.76,0.5832424107187206,4.3760036431226785,32.22527881040892,0.012230020343504162,2.285057100371749,15.890706319702602,0.006381710269403211,0.4929364202292669,5.6011759621451125,36.843533123028394,0.015614239272951093,2.82998018927445,22.52492113564669,0.007835530045022196,1.8630914826498424,0.00402220134195386,1.9444468750000041,16.553125,0.005470102952261012,0.0,1
19086.0,2022-02-24 14:40:00,336.4,336.62,335.22,335.43,1244757.0,1,1,0.0,sell,False,1.3374973809363337,9.689999999999998,29.0,0.029639372342703325,0.6952561534894302,1.3038602162490889,1.651488292993804,0.0049769407203691385,65.49198070489743,84.48740998808663,79.94661551181643,93.56899894062701,1244757.0,9.689999999999998,1.0,9.689999999999998,29.0,0.029639372342703325,9.689999999999998,29.0,0.029639372342703325,1.0,1.0,0.6952561534894302,1.651488292993804,1.3038602162490889,65.49198070489743,84.48740998808663,79.94661551181643,93.56899894062701,39.62390866353281,8.753078128497831,41.19256070750349,-0.2883472057074823,0.41763617922557633,0.22000000000002728,0.20999999999997954,0.9699999999999704,0.0,19087.0,19087.0,2022-02-24,2022-02-24 14:40:00,-0.6946307724413392,136.0,1.0,best_within_2.0d,19222.0,337.76,0.5832424107187206,4.3760036431226785,32.22527881040892,0.012230020343504162,2.285057100371749,15.890706319702602,0.006381710269403211,0.4929364202292669,5.6011759621451125,36.843533123028394,0.015614239272951093,2.82998018927445,22.52492113564669,0.007835530045022196,1.8630914826498424,0.00402220134195386,1.9444468750000041,16.553125,0.005470102952261012,0.0,1
19088.0,2022-02-24 14:50:00,336.23,336.62,335.55,336.5,744056.0,1,1,0.0,sell,False,1.3374973809362987,9.689999999999998,31.0,0.029639372342703325,0.6964252292303934,1.4804934520457738,1.8287060666609705,0.005500219564241443,68.37523970139142,91.08248187829076,85.37877921016427,102.48988721454376,744056.0,9.689999999999998,1.0,9.689999999999998,31.0,0.029639372342703325,9.689999999999998,31.0,0.029639372342703325,1.0,1.0,0.6964252292303934,1.8287060666609705,1.4804934520457738,68.37523970139142,91.08248187829076,85.37877921016427,102.48988721454376,33.99301513387662,9.569266589057063,43.21952214640942,0.08030217410700467,0.3188794516465484,0.12000000000000455,0.6800000000000068,0.2699999999999818,1.0,19089.0,19089.0,2022-02-24,2022-02-24 14:50:00,-0.37444279346210724,134.0,1.0,best_within_2.0d,19222.0,337.76,0.5832424107187206,4.3760036431226785,32.22527881040892,0.012230020343504162,2.285057100371749,15.890706319702602,0.006381710269403211,0.4929364202292669,5.6011759621451125,36.843533123028394,0.015614239272951093,2.82998018927445,22.52492113564669,0.007835530045022196,1.8630914826498424,0.00402220134195386,1.9444468750000041,16.553125,0.005470102952261012,0.0,1
19090.0,2022-02-24 15:00:00,335.94,337.34,335.4762,337.2099,1130299.0,1,1,0.0,sell,False,1.3374973809362984,10.409999999999968,33.0,0.03184167864680503,0.5613036188412166,1.6192534410847472,1.8999052505053555,0.005704280427740872,68.75231622408918,91.73101129465658,88.28463514510416,98.62376359376142,1130299.0,10.409999999999968,1.0,10.409999999999968,33.0,0.03184167864680503,10.409999999999968,33.0,0.03184167864680503,1.0,1.0,0.5613036188412166,1.8999052505053555,1.6192534410847472,68.75231622408918,91.73101129465658,88.28463514510416,98.62376359376142,29.32566172671906,11.168062885564272,43.26025710449468,0.3780139310591198,0.5555684725175644,0.13009999999997035,0.463799999999992,1.269900000000007,1.0,19091.0,19091.0,2022-02-24,2022-02-24 15:00:00,-0.1631328143094216,132.0,1.0,best_within_2.0d,19222.0,337.76,0.5832424107187206,4.3760036431226785,32.22527881040892,0.012230020343504162,2.285057100371749,15.890706319702602,0.006381710269403211,0.4929364202292669,5.6011759621451125,36.843533123028394,0.015614239272951093,2.82998018927445,22.52492113564669,0.007835530045022196,1.8630914826498424,0.00402220134195386,1.9444468750000041,16.553125,0.005470102952261012,0.0,1
19091.0,2022-02-24 15:05:00,337.19,337.4,336.79,336.81,764084.0,1,1,0.0,sell,False,1.3374973809362984,10.46999999999997,34.0,0.032025204172146854,0.4591648238894166,1.676649044070924,1.9062314560156324,0.0057185133848485555,66.4104742583599,90.50623425041898,89.0251681802091,93.46836639083875,764084.0,10.46999999999997,1.0,10.46999999999997,34.0,0.032025204172146854,10.46999999999997,34.0,0.032025204172146854,1.0,1.0,0.4591648238894166,1.9062314560156324,1.676649044070924,66.4104742583599,90.50623425041898,89.0251681802091,93.46836639083875,31.07767825837494,4.781181270519431,45.408333977983084,-0.11269610605296582,0.18112176727336227,0.20999999999997954,0.01999999999998181,0.37999999999999545,0.0,19092.0,19092.0,2022-02-24,2022-02-24 15:05:00,-0.28205813366586163,131.0,1.0,best_within_2.0d,19222.0,337.76,0.5832424107187206,4.3760036431226785,32.22527881040892,0.012230020343504162,2.285057100371749,15.890706319702602,0.006381710269403211,0.4929364202292669,5.6011759621451125,36.843533123028394,0.015614239272951093,2.82998018927445,22.52492113564669,0.007835530045022196,1.8630914826498424,0.00402220134195386,1.9444468750000041,16.553125,0.005470102952261012,0.0,1
19093.0,2022-02-24 15:15:00,337.11,337.6,336.73,337.54,711605.0,1,1,0.0,sell,False,1.3374973809362949,10.670000000000016,36.0,0.03263695592328638,0.33201254156569604,1.7655000176264046,1.9315062884092526,0.005784459456926118,68.60779602139803,93.40610559382544,90.99518456916654,98.22794764314327,711605.0,10.670000000000016,1.0,10.670000000000016,36.0,0.03263695592328638,10.670000000000016,36.0,0.03263695592328638,1.0,1.0,0.33201254156569604,1.9315062884092526,1.7655000176264046,68.60779602139803,93.40610559382544,90.99518456916654,98.22794764314327,34.45736835444498,2.6461418101916325,50.94274544772487,0.12755480406989017,0.2583672378463471,0.060000000000002274,0.37999999999999545,0.4300000000000068,1.0,19094.0,19094.0,2022-02-24,2022-02-24 15:15:00,-0.06517746044912319,129.0,1.0,best_within_2.0d,19222.0,337.76,0.5832424107187206,4.3760036431226785,32.22527881040892,0.012230020343504162,2.285057100371749,15.890706319702602,0.006381710269403211,0.4929364202292669,5.6011759621451125,36.843533123028394,0.015614239272951093,2.82998018927445,22.52492113564669,0.007835530045022196,1.8630914826498424,0.00402220134195386,1.9444468750000041,16.553125,0.005470102952261012,0.0,1
19094.0,2022-02-24 15:20:00,337.52,337.74,336.78,337.44,675810.0,1,1,0.0,sell,False,1.3374973809362949,10.810000000000002,37.0,0.03306518214908391,0.24033041607759165,1.7955413196361036,1.9157065276748995,0.005732657148872377,67.93238569123125,91.78727650275371,91.2592152136956,92.84339908086997,675810.0,10.810000000000002,1.0,10.810000000000002,37.0,0.03306518214908391,10.810000000000002,37.0,0.03306518214908391,1.0,1.0,0.24033041607759165,1.9157065276748995,1.7955413196361036,67.93238569123125,91.78727650275371,91.2592152136956,92.84339908086997,34.314140815066395,2.7838632760024438,53.374823872397776,-0.02370229912301022,0.2850525565651275,0.22000000000002728,0.660000000000025,0.07999999999998408,0.0,19095.0,19095.0,2022-02-24,2022-02-24 15:20:00,-0.09483167377904018,128.0,1.0,best_within_2.0d,19222.0,337.76,0.5832424107187206,4.3760036431226785,32.22527881040892,0.012230020343504162,2.285057100371749,15.890706319702602,0.006381710269403211,0.4929364202292669,5.6011759621451125,36.843533123028394,0.015614239272951093,2.82998018927445,22.52492113564669,0.007835530045022196,1.8630914826498424,0.00402220134195386,1.9444468750000041,16.553125,0.005470102952261012,0.0,1
19095.0,2022-02-24 15:25:00,343.9964,344.04,342.27,342.63,796061.0,1p,1p,0.0,sell,False,2.82183836871588,11.760000000000048,31.0,0.03539183820873976,0.453745147274661,0.6703219174248496,0.8971944910621801,0.0026297854403865848,59.34538992177825,78.92994590167169,76.73839095448304,83.31305579604899,796061.0,11.760000000000048,0.0,11.760000000000048,31.0,0.03539183820873976,11.760000000000048,0.0,0.0,1.0,1.0,0.453745147274661,0.8971944910621801,0.6703219174248496,59.34538992177825,78.92994590167169,76.73839095448304,83.31305579604899,27.799447494613904,18.590590034053374,30.48770195831599,-0.39721345921061924,0.5171355947059453,0.043600000000026284,0.36000000000001364,1.3663999999999987,0.0,19096.0,19096.0,2022-02-24,2022-02-24 15:25:00,-0.25824453085577026,127.0,1.0,best_within_2.0d,19222.0,337.76,0.5832424107187206,4.3760036431226785,32.22527881040892,0.012230020343504162,2.285057100371749,15.890706319702602,0.006381710269403211,0.4929364202292669,5.6011759621451125,36.843533123028394,0.015614239272951093,2.82998018927445,22.52492113564669,0.007835530045022196,1.8630914826498424,0.00402220134195386,1.9444468750000041,16.553125,0.005470102952261012,0.0,1
19095.0,2022-02-24 15:25:00,340.96,341.72,340.25,340.47,1039517.0,2,2,0.0,sell,False,0.7605779153766776,4.163492493946733,28.239017640954685,0.011578080659927173,1.141318580124167,0.3471230124020777,0.9177823024641611,0.0027143505764812537,64.29653763404757,83.80968935225994,82.144776589396,87.1395148779878,1039517.0,7.3700000000000045,1.0,9.689999999999998,45.0,0.02816532961283571,7.3700000000000045,14.0,0.02204276955286378,2.0,2.0,1.141318580124167,0.9177823024641611,0.3471230124020777,64.29653763404757,83.80968935225994,82.144776589396,87.1395148779878,32.098559730274275,8.849891452961932,40.230605552998384,-0.1437118723603802,0.43203526818516597,0.7600000000000477,0.22000000000002728,0.48999999999995225,0.0,19096.0,19096.0,2022-02-24,2022-02-24 15:25:00,-0.25824453085577026,127.0,1.0,best_within_2.0d,19222.0,337.76,0.7605779153766776,9.689999999999998,45.0,0.02816532961283571,7.3700000000000045,14.0,0.02204276955286378,0.4929364202292669,5.6011759621451125,36.843533123028394,0.015614239272951093,2.82998018927445,22.52492113564669,0.007835530045022196,1.8630914826498424,0.00402220134195386,1.9444468750000041,16.553125,0.005470102952261012,0.0,1
19095.0,2022-02-24 15:25:00,340.93,341.15,340.91,340.95,13377.0,2s,2s,0.0,sell,False,0.7017543859649078,4.163492493946733,28.239017640954685,0.011578080659927173,0.14755011651999783,0.27152189836882995,0.34529695662882887,0.0010153522418148422,66.61354719230957,87.20695529460284,84.51919905911375,92.58246776558101,13377.0,4.3700000000000045,1.0,9.689999999999998,45.0,0.02816532961283571,4.3700000000000045,37.0,0.012975829918641263,1.0,2.5,0.14755011651999783,0.34529695662882887,0.27152189836882995,66.61354719230957,87.20695529460284,84.51919905911375,92.58246776558101,39.111902196825326,14.98665042859339,38.23714928754322,0.0058663068665068515,0.07039981226715328,0.19999999999998863,0.01999999999998181,0.01999999999998181,1.0,19096.0,19096.0,2022-02-24,2022-02-24 15:25:00,-0.25824453085577026,127.0,1.0,best_within_2.0d,19222.0,337.76,0.5832424107187206,4.3760036431226785,32.22527881040892,0.012230020343504162,2.285057100371749,15.890706319702602,0.006381710269403211,0.7017543859649078,9.689999999999998,45.0,0.02816532961283571,4.3700000000000045,37.0,0.012975829918641263,1.0,0.00402220134195386,1.9444468750000041,16.553125,0.005470102952261012,0.0,1
19095.0,2022-02-24 15:25:00,342.87,342.96,342.85,342.91,2878.0,2s,2s,0.0,sell,False,0.8885448916408626,4.163492493946733,28.239017640954685,0.011578080659927173,0.2860315751246252,0.5386314022795842,0.6816471898418968,0.001996145804314397,78.26284183508,94.33893447629524,90.17118941945448,102.67442458997678,2878.0,2.5399999999999636,1.0,9.689999999999998,45.0,0.02816532961283571,2.5399999999999636,13.0,0.007461371247282661,2.0,2.5,0.2860315751246252,0.6816471898418968,0.5386314022795842,78.26284183508,94.33893447629524,90.17118941945448,102.67442458997678,57.303370786516524,5.168539325841775,52.85026770616772,0.01166622918307827,0.032084001750023856,0.049999999999954525,0.01999999999998181,0.040000000000020464,1.0,19096.0,19096.0,2022-02-24,2022-02-24 15:25:00,-0.25824453085577026,127.0,1.0,best_within_2.0d,19222.0,337.76,0.5832424107187206,4.3760036431226785,32.22527881040892,0.012230020343504162,2.285057100371749,15.890706319702602,0.006381710269403211,0.8885448916408626,9.689999999999998,45.0,0.02816532961283571,2.5399999999999636,13.0,0.007461371247282661,2.0,0.00402220134195386,1.9444468750000041,16.553125,0.005470102952261012,0.0,1
19095.0,2022-02-24 15:25:00,340.88,342.9196,340.0,341.94,142095.0,2s,2s,0.0,sell,False,0.8843756449948382,4.163492493946733,28.239017640954685,0.011578080659927173,0.17431740679819888,0.07111128094726209,0.15826998434636153,0.0004633093751811886,56.608493122789554,76.84935685854427,81.84783029123841,66.85240999315599,142095.0,2.6696000000000026,1.0,9.689999999999998,45.0,0.02816532961283571,2.6696000000000026,13.0,0.007845995591476864,3.0,2.5,0.17431740679819888,0.15826998434636153,0.07111128094726209,56.608493122789554,76.84935685854427,81.84783029123841,66.85240999315599,19.706150463831847,37.13335835701554,28.431777900699256,0.31095986857545244,0.858705882352942,0.9796000000000049,0.8799999999999955,1.0600000000000023,1.0,19096.0,19096.0,2022-02-24,2022-02-24 15:25:00,-0.25824453085577026,127.0,1.0,best_within_2.0d,19222.0,337.76,0.5832424107187206,4.3760036431226785,32.22527881040892,0.012230020343504162,2.285057100371749,15.890706319702602,0.006381710269403211,0.8843756449948382,9.689999999999998,45.0,0.02816532961283571,2.6696000000000026,13.0,0.007845995591476864,3.0,0.00402220134195386,1.9444468750000041,16.553125,0.005470102952261012,0.0,1
19095.0,2022-02-24 15:25:00,337.82,338.09,337.57,337.86,455849.0,2s,2s,0.0,sell,False,0.3859649122806969,4.163492493946733,28.239017640954685,0.011578080659927173,0.8354827881045315,-0.5248728585690489,-0.10713146451678313,-0.0003178813969055463,58.55109000881718,89.58536744995229,83.93681564658925,100.88247105667836,455849.0,3.669999999999959,1.0,9.689999999999998,45.0,0.02816532961283571,3.669999999999959,15.0,0.010974224029663174,4.0,2.5,0.8354827881045315,-0.10713146451678313,-0.5248728585690489,58.55109000881718,89.58536744995229,83.93681564658925,100.88247105667836,31.579415558421907,3.8695903571588106,51.900380363940045,0.011840625185015826,0.15404212459637462,0.22999999999996135,0.25,0.040000000000020464,1.0,19096.0,19096.0,2022-02-24,2022-02-24 15:25:00,-0.25824453085577026,127.0,1.0,best_within_2.0d,19222.0,337.76,0.5832424107187206,4.3760036431226785,32.22527881040892,0.012230020343504162,2.285057100371749,15.890706319702602,0.006381710269403211,0.3859649122806969,9.689999999999998,45.0,0.02816532961283571,3.669999999999959,15.0,0.010974224029663174,4.0,0.00402220134195386,1.9444468750000041,16.553125,0.005470102952261012,0.0,1
19095.0,2022-02-24 15:25:00,331.17,331.495,330.53,330.94,1032661.0,3a,3a,0.0,sell,False,0.012975829918641263,4.163492493946733,28.239017640954685,0.011578080659927173,0.13676228469047125,-1.1033136750605808,-1.0349325327153451,-0.003115841677323953,36.76850900223964,39.78598196276643,26.78868726099462,65.78057136631004,1032661.0,1.6449999999999818,2.0,1.6449999999999818,5.0,0.00498711535546455,1.6449999999999818,5.0,0.00498711535546455,3.0,3.0,0.13676228469047125,-1.0349325327153451,-1.1033136750605808,36.76850900223964,39.78598196276643,26.78868726099462,65.78057136631004,13.485468094607947,26.007688468172326,52.54966206880676,-0.06945073527192022,0.2919553444468072,0.32499999999998863,0.410000000000025,0.2300000000000182,0.0,19096.0,19096.0,2022-02-24,2022-02-24 15:25:00,-0.25824453085577026,127.0,1.0,best_within_2.0d,19222.0,337.76,0.5832424107187206,4.3760036431226785,32.22527881040892,0.012230020343504162,2.285057100371749,15.890706319702602,0.006381710269403211,0.4929364202292669,5.6011759621451125,36.843533123028394,0.015614239272951093,2.82998018927445,22.52492113564669,0.007835530045022196,1.8630914826498424,0.012975829918641263,1.6449999999999818,5.0,0.00498711535546455,0.0,1
19095.0,2022-02-24 15:25:00,337.45,338.06,336.772,336.89,853420.0,1,1,0.0,sell,False,1.3374973809362949,11.129999999999995,38.0,0.03404398495090691,0.06732867331724757,1.8039574038007593,1.837621740459383,0.005495684007861985,64.18950787954643,81.25954487938662,87.92599176892594,67.92665110030799,853420.0,11.129999999999995,1.0,11.129999999999995,38.0,0.03404398495090691,11.129999999999995,38.0,0.03404398495090691,1.0,1.0,0.06732867331724757,1.837621740459383,1.8039574038007593,64.18950787954643,81.25954487938662,87.92599176892594,67.92665110030799,32.3653853108158,2.7724538627520356,55.57801888371734,-0.16595051118684317,0.3824545983632876,0.6100000000000136,0.117999999999995,0.5600000000000023,0.0,19096.0,19096.0,2022-02-24,2022-02-24 15:25:00,-0.25824453085577026,127.0,1.0,best_within_2.0d,19222.0,337.76,0.5832424107187206,4.3760036431226785,32.22527881040892,0.012230020343504162,2.285057100371749,15.890706319702602,0.006381710269403211,0.4929364202292669,5.6011759621451125,36.843533123028394,0.015614239272951093,2.82998018927445,22.52492113564669,0.007835530045022196,1.8630914826498424,0.00402220134195386,1.9444468750000041,16.553125,0.005470102952261012,0.0,1
19096.0,2022-02-24 15:30:00,336.875,339.6,336.825,339.55,1323104.0,1,1,0.0,sell,False,1.3374973809362949,12.670000000000016,39.0,0.038754473434680255,0.26198235314453644,1.8367051979438265,1.9676963745160947,0.00587795373994022,72.17451283558177,87.10953785609894,87.65384046465027,86.02093263899627,1323104.0,12.670000000000016,1.0,12.670000000000016,39.0,0.038754473434680255,12.670000000000016,39.0,0.038754473434680255,1.0,1.0,0.26198235314453644,1.9676963745160947,1.8367051979438265,72.17451283558177,87.10953785609894,87.65384046465027,86.02093263899627,36.94391989811574,2.5251416275091803,57.8370497224423,0.7940630797773688,0.8238699621465254,0.05000000000001137,0.05000000000001137,2.6750000000000114,1.0,19097.0,19097.0,2022-02-24,2022-02-24 15:30:00,0.5271683109998587,126.0,1.0,best_within_2.0d,19222.0,337.76,0.5832424107187206,4.3760036431226785,32.22527881040892,0.012230020343504162,2.285057100371749,15.890706319702602,0.006381710269403211,0.4929364202292669,5.6011759621451125,36.843533123028394,0.015614239272951093,2.82998018927445,22.52492113564669,0.007835530045022196,1.8630914826498424,0.00402220134195386,1.9444468750000041,16.553125,0.005470102952261012,0.0,1
19097.0,2022-02-24 15:35:00,339.54,340.04,339.27,339.85,1349968.0,1,1,0.0,sell,False,1.3374973809362949,13.110000000000014,40.0,0.0401003272871869,0.3750547776381872,1.8835870451485999,2.0711144339676935,0.006179924711050333,72.9082265509177,90.04141604199702,88.44969899043252,93.22485014512603,1349968.0,13.110000000000014,1.0,13.110000000000014,40.0,0.0401003272871869,13.110000000000014,40.0,0.0401003272871869,1.0,1.0,0.3750547776381872,2.0711144339676935,1.8835870451485999,72.9082265509177,90.04141604199702,88.44969899043252,93.22485014512603,39.774114096788914,2.551756273992568,59.98742709201492,0.09129999410967847,0.22695788015446067,0.18999999999999773,0.27000000000003865,0.3100000000000023,1.0,19098.0,19098.0,2022-02-24,2022-02-24 15:35:00,0.6149771958216954,125.0,1.0,best_within_2.0d,19222.0,337.76,0.5832424107187206,4.3760036431226785,32.22527881040892,0.012230020343504162,2.285057100371749,15.890706319702602,0.006381710269403211,0.4929364202292669,5.6011759621451125,36.843533123028394,0.015614239272951093,2.82998018927445,22.52492113564669,0.007835530045022196,1.8630914826498424,0.00402220134195386,1.9444468750000041,16.553125,0.005470102952261012,0.0,1
19100.0,2022-02-24 15:50:00,339.05,341.04,338.9,340.78,2801226.0,1,1,0.0,sell,False,1.3374973809362984,14.110000000000014,43.0,0.04315908604288384,0.29539513167682685,1.9796922546285742,2.1273898204669877,0.006330205831258724,72.54210120284904,85.40557980938985,85.44101215342609,85.33471512131737,2801226.0,14.110000000000014,1.0,14.110000000000014,43.0,0.04315908604288384,14.110000000000014,43.0,0.04315908604288384,1.0,1.0,0.29539513167682685,2.1273898204669877,1.9796922546285742,72.54210120284904,85.40557980938985,85.44101215342609,85.33471512131737,31.183590501708885,6.3522128799782225,61.20874839343403,0.5102492257778974,0.6314547064030815,0.26000000000004775,0.1500000000000341,1.7299999999999613,1.0,19101.0,19101.0,2022-02-24,2022-02-24 15:50:00,0.8862022419156,122.0,1.0,best_within_2.0d,19222.0,337.76,0.5832424107187206,4.3760036431226785,32.22527881040892,0.012230020343504162,2.285057100371749,15.890706319702602,0.006381710269403211,0.4929364202292669,5.6011759621451125,36.843533123028394,0.015614239272951093,2.82998018927445,22.52492113564669,0.007835530045022196,1.8630914826498424,0.00402220134195386,1.9444468750000041,16.553125,0.005470102952261012,1.0,1
19196.0,2022-02-25 07:50:00,339.33,341.4,339.33,341.28,170727.0,1,1,0.0,sell,False,1.3374973809833126,14.46999999999997,139.0,0.0442602391949346,0.20302894576147756,0.3422709000959242,0.443785372976663,0.001308128021196992,69.44924997763819,62.577268790988455,59.66707606759446,68.39765423777645,170727.0,14.46999999999997,1.0,14.46999999999997,139.0,0.0442602391949346,14.46999999999997,139.0,0.0442602391949346,1.0,1.0,0.20302894576147756,0.443785372976663,0.3422709000959242,69.44924997763819,62.577268790988455,59.66707606759446,68.39765423777645,40.25974025974082,10.889110889110711,42.650951709559976,0.5746618336132935,0.6100256387587284,0.12000000000000455,0.0,1.9499999999999886,1.0,19197.0,19197.0,2022-02-25,2022-02-25 07:50:00,1.031411157993431,26.0,1.0,best_within_2.0d,19222.0,337.76,0.5832424107187206,4.3760036431226785,32.22527881040892,0.012230020343504162,2.285057100371749,15.890706319702602,0.006381710269403211,0.4929364202292669,5.6011759621451125,36.843533123028394,0.015614239272951093,2.82998018927445,22.52492113564669,0.007835530045022196,1.8630914826498424,0.00402220134195386,1.9444468750000041,16.553125,0.005470102952261012,0.0,1
19197.0,2022-02-25 07:55:00,341.37,342.03,341.24,341.61,102545.0,1,1,0.0,sell,False,1.3374973809993025,15.099999999999966,140.0,0.04618725721102366,0.35411602051333646,0.38653540266009123,0.5635934129167595,0.001660426494651594,71.24891368148133,70.17346374683821,63.16920529400903,84.18198065249658,102545.0,15.099999999999966,1.0,15.099999999999966,140.0,0.04618725721102366,15.099999999999966,140.0,0.04618725721102366,1.0,1.0,0.35411602051333646,0.5635934129167595,0.38653540266009123,71.24891368148133,70.17346374683821,63.16920529400903,84.18198065249658,51.662971175167,5.87583148558796,45.28846286600613,0.0703049477106978,0.2315086156370776,0.4199999999999591,0.12999999999999545,0.2400000000000091,1.0,19198.0,19198.0,2022-02-25,2022-02-25 07:55:00,1.1270161880507077,25.0,1.0,best_within_2.0d,19222.0,337.76,0.5832424107187206,4.3760036431226785,32.22527881040892,0.012230020343504162,2.285057100371749,15.890706319702602,0.006381710269403211,0.4929364202292669,5.6011759621451125,36.843533123028394,0.015614239272951093,2.82998018927445,22.52492113564669,0.007835530045022196,1.8630914826498424,0.00402220134195386,1.9444468750000041,16.553125,0.005470102952261012,0.0,1
19198.0,2022-02-25 08:00:00,339.8399,342.03,336.0296,341.12,115794.0,1,1,0.0,sell,False,1.3374973809287096,15.099999999999966,141.0,0.04618725721102366,0.3606618754732539,0.43161813709424796,0.6119490748308749,0.0018022232598517587,65.11526216282658,75.06042395690612,67.13294484830806,90.91538217410226,115794.0,15.099999999999966,1.0,15.099999999999966,141.0,0.04618725721102366,15.099999999999966,141.0,0.04618725721102366,1.0,1.0,0.3606618754732539,0.6119490748308749,0.43161813709424796,65.11526216282658,75.06042395690612,67.13294484830806,90.91538217410226,32.24824226319037,39.586447433981256,42.78324451539003,0.37667737072662877,1.7856760237788445,0.9099999999999682,3.810299999999984,1.2801000000000045,1.0,19199.0,19199.0,2022-02-25,2022-02-25 08:00:00,0.9849906191369646,24.0,1.0,best_within_2.0d,19222.0,337.76,0.5832424107187206,4.3760036431226785,32.22527881040892,0.012230020343504162,2.285057100371749,15.890706319702602,0.006381710269403211,0.4929364202292669,5.6011759621451125,36.843533123028394,0.015614239272951093,2.82998018927445,22.52492113564669,0.007835530045022196,1.8630914826498424,0.00402220134195386,1.9444468750000041,16.553125,0.005470102952261012,0.0,1
19201.0,2022-02-25 08:15:00,342.87,342.96,342.85,342.91,2878.0,1p,1p,0.0,sell,False,2.628680215455665,2.5399999999999636,13.0,0.007461371247282661,0.2845366731992516,0.5409677174977665,0.6832360540973923,0.0020008079682703817,78.54948218662899,94.33893447628907,90.17118941930643,102.67442459025435,2878.0,2.5399999999999636,0.0,2.5399999999999636,13.0,0.007461371247282661,2.5399999999999636,0.0,0.0,1.0,1.0,0.2845366731992516,0.6832360540973923,0.5409677174977665,78.54948218662899,94.33893447628907,90.17118941930643,102.67442459025435,57.303370786516524,5.168539325841775,52.356679764053816,0.01166622918307827,0.032084001750023856,0.049999999999954525,0.01999999999998181,0.040000000000020464,1.0,19202.0,19202.0,2022-02-25,2022-02-25 08:15:00,1.3234391889917991,21.0,1.0,best_within_2.0d,19222.0,337.76,0.5832424107187206,4.3760036431226785,32.22527881040892,0.012230020343504162,2.285057100371749,15.890706319702602,0.006381710269403211,0.4929364202292669,5.6011759621451125,36.843533123028394,0.015614239272951093,2.82998018927445,22.52492113564669,0.007835530045022196,1.8630914826498424,0.00402220134195386,1.9444468750000041,16.553125,0.005470102952261012,0.0,1
19201.0,2022-02-25 08:15:00,341.98,342.33,341.62,342.29,116290.0,1,1,0.0,sell,False,1.3374973809651147,15.399999999999977,144.0,0.04710488483773278,0.47292880236750645,0.5945977166338133,0.8310621178175666,0.002443957175086526,71.80268113456397,90.97921076968855,81.46832256690931,110.00098717524702,116290.0,15.399999999999977,1.0,15.399999999999977,144.0,0.04710488483773278,15.399999999999977,144.0,0.04710488483773278,1.0,1.0,0.47292880236750645,0.8310621178175666,0.5945977166338133,71.80268113456397,90.97921076968855,81.46832256690931,110.00098717524702,28.406009328560867,38.78132118451055,36.96588162856149,0.09064857594011412,0.20783326503131536,0.03999999999996362,0.36000000000001364,0.3100000000000023,1.0,19202.0,19202.0,2022-02-25,2022-02-25 08:15:00,1.3234391889917991,21.0,1.0,best_within_2.0d,19222.0,337.76,0.5832424107187206,4.3760036431226785,32.22527881040892,0.012230020343504162,2.285057100371749,15.890706319702602,0.006381710269403211,0.4929364202292669,5.6011759621451125,36.843533123028394,0.015614239272951093,2.82998018927445,22.52492113564669,0.007835530045022196,1.8630914826498424,0.00402220134195386,1.9444468750000041,16.553125,0.005470102952261012,0.0,1
19202.0,2022-02-25 08:20:00,342.23,342.97,342.23,342.87,189752.0,1,1,0.0,sell,False,1.337497380822132,16.04000000000002,145.0,0.04906249044137895,0.533993787948476,0.6613469401273728,0.9283438341016108,0.0027283623436974622,74.61497934797535,93.50586079821963,85.48083531067941,109.5559117733001,189752.0,16.04000000000002,1.0,16.04000000000002,145.0,0.04906249044137895,16.04000000000002,145.0,0.04906249044137895,1.0,1.0,0.533993787948476,0.9283438341016108,0.6613469401273728,74.61497934797535,93.50586079821963,85.48083531067941,109.5559117733001,31.735682350437095,38.05886736214641,34.97258377912454,0.18700873681441907,0.21622885194167932,0.10000000000002274,0.0,0.6399999999999864,1.0,19203.0,19203.0,2022-02-25,2022-02-25 08:20:00,1.4903607781374906,20.0,1.0,best_within_2.0d,19222.0,337.76,0.5832424107187206,4.3760036431226785,32.22527881040892,0.012230020343504162,2.285057100371749,15.890706319702602,0.006381710269403211,0.4929364202292669,5.6011759621451125,36.843533123028394,0.015614239272951093,2.82998018927445,22.52492113564669,0.007835530045022196,1.8630914826498424,0.00402220134195386,1.9444468750000041,16.553125,0.005470102952261012,0.0,1
19203.0,2022-02-25 08:25:00,342.89,342.98,342.4,342.55,86505.0,1,1,0.0,sell,False,1.337497380732715,16.05000000000001,146.0,0.049093078028935894,0.4913732486685156,0.7227685962109373,0.9684552205451951,0.002844827745190913,70.4406784272267,93.60834243515437,88.19000435217106,104.44501860112098,86505.0,16.05000000000001,1.0,16.05000000000001,146.0,0.049093078028935894,16.05000000000001,146.0,0.049093078028935894,1.0,1.0,0.4913732486685156,0.9684552205451951,0.7227685962109373,70.4406784272267,93.60834243515437,88.19000435217106,104.44501860112098,28.941189319063653,39.0460328728228,33.53617471728536,-0.0991571641050993,0.16939252336449795,0.09000000000003183,0.1500000000000341,0.339999999999975,0.0,19204.0,19204.0,2022-02-25,2022-02-25 08:25:00,1.3983360093417079,19.0,1.0,best_within_2.0d,19222.0,337.76,0.5832424107187206,4.3760036431226785,32.22527881040892,0.012230020343504162,2.285057100371749,15.890706319702602,0.006381710269403211,0.4929364202292669,5.6011759621451125,36.843533123028394,0.015614239272951093,2.82998018927445,22.52492113564669,0.007835530045022196,1.8630914826498424,0.00402220134195386,1.9444468750000041,16.553125,0.005470102952261012,0.0,1
19204.0,2022-02-25 08:30:00,342.56,343.71,342.36,343.64,174034.0,1,1,0.0,sell,False,1.3374973807143204,16.779999999999973,147.0,0.051325971920594536,0.5648447431619212,0.7933741891061774,1.075796560687138,0.003157933869096737,75.47391325919098,95.43509133543043,90.60503334659084,105.09520731310957,174034.0,16.779999999999973,1.0,16.779999999999973,147.0,0.051325971920594536,16.779999999999973,147.0,0.051325971920594536,1.0,1.0,0.5648447431619212,1.075796560687138,0.7933741891061774,75.47391325919098,95.43509133543043,90.60503334659084,105.09520731310957,31.65524445237104,36.43474051616535,31.642118085716906,0.31527323680522656,0.3943217665615042,0.06999999999999318,0.19999999999998863,1.079999999999984,1.0,19205.0,19205.0,2022-02-25,2022-02-25 08:30:00,1.7110930043068315,18.0,1.0,best_within_2.0d,19222.0,337.76,0.5832424107187206,4.3760036431226785,32.22527881040892,0.012230020343504162,2.285057100371749,15.890706319702602,0.006381710269403211,0.4929364202292669,5.6011759621451125,36.843533123028394,0.015614239272951093,2.82998018927445,22.52492113564669,0.007835530045022196,1.8630914826498424,0.00402220134195386,1.9444468750000041,16.553125,0.005470102952261012,0.0,1
19205.0,2022-02-25 08:35:00,343.6,344.06,343.5,343.88,199719.0,1,1,0.0,sell,False,1.3374973805529708,17.129999999999995,148.0,0.05239653748508854,0.5974515542845844,0.8680556333917504,1.1667814105340426,0.0034226213549717307,76.42574489924218,96.20956676795178,92.47321115371115,103.68227799643304,199719.0,17.129999999999995,1.0,17.129999999999995,148.0,0.05239653748508854,17.129999999999995,148.0,0.05239653748508854,1.0,1.0,0.5974515542845844,1.1667814105340426,0.8680556333917504,76.42574489924218,96.20956676795178,92.47321115371115,103.68227799643304,31.433253949963223,36.62134132288558,29.926496767217877,0.0814901047729839,0.1630276564774388,0.18000000000000682,0.10000000000002274,0.2799999999999727,1.0,19206.0,19206.0,2022-02-25,2022-02-25 08:35:00,1.7796905897406086,17.0,1.0,best_within_2.0d,19222.0,337.76,0.5832424107187206,4.3760036431226785,32.22527881040892,0.012230020343504162,2.285057100371749,15.890706319702602,0.006381710269403211,0.4929364202292669,5.6011759621451125,36.843533123028394,0.015614239272951093,2.82998018927445,22.52492113564669,0.007835530045022196,1.8630914826498424,0.00402220134195386,1.9444468750000041,16.553125,0.005470102952261012,1.0,1
19210.0,2022-02-25 09:00:00,342.41,342.58,341.82,342.22,86069.0,3a,3a,1.0,buy,False,0.013154651879235925,4.163492493946733,28.239017640954685,0.011578080659927173,-0.13893318906883212,0.9600012483703301,0.890534653835914,0.0026082872024848726,57.727553171742706,42.7933952675926,62.60628984608009,3.1676061106176405,86069.0,2.240000000000009,2.0,2.240000000000009,6.0,0.006510492355984447,2.240000000000009,6.0,0.006510492355984447,3.0,3.0,-0.13893318906883212,0.890534653835914,0.9600012483703301,57.727553171742706,42.7933952675926,62.60628984608009,3.1676061106176405,19.24800928123223,45.420028476507476,26.611791414783124,-0.05548903361467181,0.22233924287636503,0.16999999999995907,0.4000000000000341,0.18999999999999773,0.0,19211.0,19211.0,2022-02-25,2022-02-25 09:00:00,1.2009818245572896,106.0,1.0,best_within_2.0d,19316.0,346.33,0.5832424107187206,4.3760036431226785,32.22527881040892,0.012230020343504162,2.285057100371749,15.890706319702602,0.006381710269403211,0.4929364202292669,5.6011759621451125,36.843533123028394,0.015614239272951093,2.82998018927445,22.52492113564669,0.007835530045022196,1.8630914826498424,0.013154651879235925,2.240000000000009,6.0,0.006510492355984447,0.0,0
19212.0,2022-02-25 09:10:00,341.94,341.95,341.43,341.57,69318.0,3a,3a,1.0,buy,False,0.013154651879235925,4.163492493946733,28.239017640954685,0.011578080659927173,-0.39367208226700035,0.8777131798952869,0.6808771387617867,0.0019939522965689983,51.391449208057104,21.98416094818937,41.88965901745636,-17.82683519034461,69318.0,2.6299999999999955,2.0,2.6299999999999955,8.0,0.007644015578678124,2.6299999999999955,8.0,0.007644015578678124,3.0,3.0,-0.39367208226700035,0.6808771387617867,0.8777131798952869,51.391449208057104,21.98416094818937,41.88965901745636,-17.82683519034461,24.438397097273892,22.7309108372021,26.528142161420696,-0.10820611803240468,0.15230061798904074,0.009999999999990905,0.13999999999998636,0.37000000000000455,0.0,19213.0,19213.0,2022-02-25,2022-02-25 09:10:00,1.3935650086365872,104.0,1.0,best_within_2.0d,19316.0,346.33,0.5832424107187206,4.3760036431226785,32.22527881040892,0.012230020343504162,2.285057100371749,15.890706319702602,0.006381710269403211,0.4929364202292669,5.6011759621451125,36.843533123028394,0.015614239272951093,2.82998018927445,22.52492113564669,0.007835530045022196,1.8630914826498424,0.013154651879235925,2.6299999999999955,8.0,0.007644015578678124,0.0,0
19213.0,2022-02-25 09:15:00,341.43,341.57,340.84,341.32,126774.0,3a,3a,1.0,buy,False,0.013154651879235925,4.163492493946733,28.239017640954685,0.011578080659927173,-0.501827392007804,0.8149847558943113,0.5640710598904093,0.0016519392341220495,49.08891181343753,19.62505139817194,34.468123144361556,-10.06109209420729,126774.0,3.2200000000000273,2.0,3.2200000000000273,9.0,0.009358832761727685,3.2200000000000273,9.0,0.009358832761727685,3.0,3.0,-0.501827392007804,0.5640710598904093,0.8149847558943113,49.08891181343753,19.62505139817194,34.468123144361556,-10.06109209420729,24.334519951118907,28.903883959407644,25.246334459271885,-0.032217438420763744,0.2141767398192754,0.13999999999998636,0.4800000000000182,0.11000000000001364,0.0,19214.0,19214.0,2022-02-25,2022-02-25 09:15:00,1.4678307746396317,103.0,1.0,best_within_2.0d,19316.0,346.33,0.5832424107187206,4.3760036431226785,32.22527881040892,0.012230020343504162,2.285057100371749,15.890706319702602,0.006381710269403211,0.4929364202292669,5.6011759621451125,36.843533123028394,0.015614239272951093,2.82998018927445,22.52492113564669,0.007835530045022196,1.8630914826498424,0.013154651879235925,3.2200000000000273,9.0,0.009358832761727685,0.0,0
19216.0,2022-02-25 09:30:00,341.31,341.49,339.51,341.26,2457909.0,3a,3a,1.0,buy,False,0.013154651879235925,4.163492493946733,28.239017640954685,0.011578080659927173,-0.5625141820822646,0.6152133403325506,0.3339562492914183,0.0009780291159753297,48.39045592210683,32.54758942545823,29.53612336812413,38.57052154012642,2457909.0,4.550000000000011,2.0,4.550000000000011,12.0,0.01322443759809339,4.550000000000011,12.0,0.01322443759809339,3.0,3.0,-0.5625141820822646,0.3339562492914183,0.6152133403325506,48.39045592210683,32.54758942545823,29.53612336812413,38.57052154012642,12.687373713641053,41.6333818899497,25.583845880176316,-0.014649438926492446,0.5831934258195688,0.18000000000000682,1.75,0.05000000000001137,0.0,19217.0,19217.0,2022-02-25,2022-02-25 09:30:00,1.485670749575102,100.0,1.0,best_within_2.0d,19316.0,346.33,0.5832424107187206,4.3760036431226785,32.22527881040892,0.012230020343504162,2.285057100371749,15.890706319702602,0.006381710269403211,0.4929364202292669,5.6011759621451125,36.843533123028394,0.015614239272951093,2.82998018927445,22.52492113564669,0.007835530045022196,1.8630914826498424,0.013154651879235925,4.550000000000011,12.0,0.01322443759809339,0.0,0
19217.0,2022-02-25 09:35:00,341.23,341.81,339.43,339.59,1665180.0,3a,3a,1.0,buy,False,0.013154651879235925,4.163492493946733,28.239017640954685,0.011578080659927173,-0.770688788726952,0.5188772417416816,0.1335328473782056,0.0003912248044892701,36.33904644080356,23.329381737257258,27.467209491168504,15.053726229434773,1665180.0,4.6299999999999955,2.0,4.6299999999999955,13.0,0.013456955182235643,4.6299999999999955,13.0,0.013456955182235643,3.0,3.0,-0.770688788726952,0.1335328473782056,0.5188772417416816,36.33904644080356,23.329381737257258,27.467209491168504,15.053726229434773,13.343515132028335,35.60950122583586,27.005314078507705,-0.4806142484541345,0.7011755001031127,0.5799999999999841,0.15999999999996817,1.6400000000000432,0.0,19218.0,19218.0,2022-02-25,2022-02-25 09:35:00,1.9847463117288522,99.0,1.0,best_within_2.0d,19316.0,346.33,0.5832424107187206,4.3760036431226785,32.22527881040892,0.012230020343504162,2.285057100371749,15.890706319702602,0.006381710269403211,0.4929364202292669,5.6011759621451125,36.843533123028394,0.015614239272951093,2.82998018927445,22.52492113564669,0.007835530045022196,1.8630914826498424,0.013154651879235925,4.6299999999999955,13.0,0.013456955182235643,0.0,0
19218.0,2022-02-25 09:40:00,339.57,340.43,338.34,338.51,1531623.0,3a,3a,1.0,buy,False,0.013154651879235925,4.163492493946733,28.239017640954685,0.011578080659927173,-1.0080749827338948,0.39286786889994474,-0.11116962246700268,-0.0003259037295030098,30.96774338609133,16.88939914559301,23.941272709310006,2.78565201815902,1531623.0,5.720000000000027,2.0,5.720000000000027,14.0,0.016625007266174583,5.720000000000027,14.0,0.016625007266174583,3.0,3.0,-1.0080749827338948,-0.11116962246700268,0.39286786889994474,30.96774338609133,16.88939914559301,23.941272709310006,2.78565201815902,7.0558780015933475,41.880050073973834,30.159419551305344,-0.31215949583296587,0.6177218182893043,0.8600000000000136,0.17000000000001592,1.0600000000000023,0.0,19219.0,19219.0,2022-02-25,2022-02-25 09:40:00,2.310123777731823,98.0,1.0,best_within_2.0d,19316.0,346.33,0.5832424107187206,4.3760036431226785,32.22527881040892,0.012230020343504162,2.285057100371749,15.890706319702602,0.006381710269403211,0.4929364202292669,5.6011759621451125,36.843533123028394,0.015614239272951093,2.82998018927445,22.52492113564669,0.007835530045022196,1.8630914826498424,0.013154651879235925,5.720000000000027,14.0,0.016625007266174583,0.0,0
19221.0,2022-02-25 09:55:00,339.65,340.015,338.05,338.28,1080188.0,3a,3a,1.0,buy,False,0.013154651879235925,4.163492493946733,28.239017640954685,0.011578080659927173,-0.9506070416279363,0.06349562356810338,-0.41180789724586475,-0.001208486143578834,36.366456400289145,23.02267763208183,26.14843992133061,16.771153053584264,1080188.0,6.009999999999991,2.0,6.009999999999991,17.0,0.01746788350869032,6.009999999999991,17.0,0.01746788350869032,3.0,3.0,-0.9506070416279363,-0.41180789724586475,0.06349562356810338,36.366456400289145,23.02267763208183,26.14843992133061,16.771153053584264,6.7656236330230906,35.052929340060864,37.591659303747676,-0.4033563962903002,0.5812749593255362,0.3650000000000091,0.22999999999996135,1.3700000000000045,0.0,19222.0,19222.0,2022-02-25,2022-02-25 09:55:00,2.37968546765993,95.0,1.0,best_within_2.0d,19316.0,346.33,0.5832424107187206,4.3760036431226785,32.22527881040892,0.012230020343504162,2.285057100371749,15.890706319702602,0.006381710269403211,0.4929364202292669,5.6011759621451125,36.843533123028394,0.015614239272951093,2.82998018927445,22.52492113564669,0.007835530045022196,1.8630914826498424,0.013154651879235925,6.009999999999991,17.0,0.01746788350869032,0.0,0
19222.0,2022-02-25 10:00:00,338.3,338.59,337.39,337.76,1323138.0,3a,3a,1.0,buy,False,0.013154651879235925,4.163492493946733,28.239017640954685,0.011578080659927173,-1.0424627706392384,-0.06681222276180142,-0.5880436080814206,-0.0017267925732821494,34.399704711056046,18.10758672862131,23.468155523760842,7.386449138342243,1323138.0,6.670000000000016,2.0,6.670000000000016,18.0,0.01938615357786437,6.670000000000016,18.0,0.01938615357786437,3.0,3.0,-1.0424627706392384,-0.5880436080814206,-0.06681222276180142,34.399704711056046,18.10758672862131,23.468155523760842,7.386449138342243,6.511184081277387,34.576632707474744,39.78554156269164,-0.15962163759976955,0.3556714781113811,0.2899999999999636,0.37000000000000455,0.5400000000000205,0.0,19223.0,19223.0,2022-02-25,2022-02-25 10:00:00,2.537304594978681,94.0,1.0,best_within_2.0d,19316.0,346.33,0.5832424107187206,4.3760036431226785,32.22527881040892,0.012230020343504162,2.285057100371749,15.890706319702602,0.006381710269403211,0.4929364202292669,5.6011759621451125,36.843533123028394,0.015614239272951093,2.82998018927445,22.52492113564669,0.007835530045022196,1.8630914826498424,0.013154651879235925,6.670000000000016,18.0,0.01938615357786437,1.0,0
19226.0,2022-02-25 10:20:00,339.77,341.12,339.46,340.9,1201060.0,2,2,0.0,sell,False,0.5592203898050988,4.163492493946733,28.239017640954685,0.011578080659927173,-0.17511716241260444,-0.3362731659016518,-0.423831747107954,-0.0012452355994743995,52.6411576684659,57.22355920322018,39.823999266586014,92.02267907648849,1201060.0,3.730000000000018,1.0,6.670000000000016,18.0,0.01938615357786437,3.730000000000018,5.0,0.011055455111295588,2.0,2.0,-0.17511716241260444,-0.423831747107954,-0.3362731659016518,52.6411576684659,57.22355920322018,39.823999266586014,92.02267907648849,18.08824056164501,26.237552833298068,38.07574405255448,0.3325779203578878,0.4890119601720453,0.22000000000002728,0.3100000000000023,1.1299999999999955,1.0,19227.0,19227.0,2022-02-25,2022-02-25 10:20:00,2.0540172048918044,173.78554736652885,0.0,,14281.267661333814,366.3529484630595,0.5592203898050988,6.670000000000016,18.0,0.01938615357786437,3.730000000000018,5.0,0.011055455111295588,0.4929364202292669,5.6011759621451125,36.843533123028394,0.015614239272951093,2.82998018927445,22.52492113564669,0.007835530045022196,1.8630914826498424,0.00402220134195386,1.9444468750000041,16.553125,0.005470102952261012,0.0,1
19227.0,2022-02-25 10:25:00,340.93,341.61,340.64,341.26,847799.0,2,2,0.0,sell,False,0.6326836581709171,4.163492493946733,28.239017640954685,0.011578080659927173,0.07876163991619478,-0.32642796091212745,-0.28704714095403006,-0.0008431919804719097,54.2858530977823,68.71775984796021,49.45525279371074,107.24277395645913,847799.0,4.220000000000027,1.0,6.670000000000016,18.0,0.01938615357786437,4.220000000000027,6.0,0.012507780313583768,2.0,2.0,0.07876163991619478,-0.28704714095403006,-0.32642796091212745,54.2858530977823,68.71775984796021,49.45525279371074,107.24277395645913,20.06653554468801,23.34502799631481,35.89548504014017,0.09679406329744643,0.28475810239549887,0.35000000000002274,0.29000000000002046,0.3299999999999841,1.0,19228.0,19228.0,2022-02-25,2022-02-25 10:25:00,2.0540172048918044,173.78554736652885,0.0,,14281.267661333814,366.3529484630595,0.6326836581709171,6.670000000000016,18.0,0.01938615357786437,4.220000000000027,6.0,0.012507780313583768,0.4929364202292669,5.6011759621451125,36.843533123028394,0.015614239272951093,2.82998018927445,22.52492113564669,0.007835530045022196,1.8630914826498424,0.00402220134195386,1.9444468750000041,16.553125,0.005470102952261012,0.0,1
19228.0,2022-02-25 10:30:00,341.24,341.86,340.79,341.14,861692.0,2,2,0.0,sell,False,0.6701649175412319,4.163492493946733,28.239017640954685,0.011578080659927173,0.2243948629581155,-0.298378603042363,-0.18618117156330527,-0.0005468167798302517,53.61742638031193,73.77604571519478,57.562183767538755,106.20376961050684,861692.0,4.470000000000027,1.0,6.670000000000016,18.0,0.01938615357786437,4.470000000000027,7.0,0.013248762559649152,2.0,2.0,0.2243948629581155,-0.18618117156330527,-0.298378603042363,53.61742638031193,73.77604571519478,57.562183767538755,106.20376961050684,19.62239085888954,22.878824714340645,33.87880597735632,-0.029304888055334294,0.31397634907127353,0.6200000000000045,0.3499999999999659,0.10000000000002274,0.0,19229.0,19229.0,2022-02-25,2022-02-25 10:30:00,2.0540172048918044,173.78554736652885,0.0,,14281.267661333814,366.3529484630595,0.6701649175412319,6.670000000000016,18.0,0.01938615357786437,4.470000000000027,7.0,0.013248762559649152,0.4929364202292669,5.6011759621451125,36.843533123028394,0.015614239272951093,2.82998018927445,22.52492113564669,0.007835530045022196,1.8630914826498424,0.00402220134195386,1.9444468750000041,16.553125,0.005470102952261012,0.0,1
19230.0,2022-02-25 10:40:00,340.56,342.4,340.56,342.39,674110.0,2,2,0.0,sell,False,0.7511244377811063,4.163492493946733,28.239017640954685,0.011578080659927173,0.4683146477898263,-0.2104237935969245,0.023733530297988636,6.967569766656596e-05,58.81650543358966,81.81553692968177,69.0379508274054,107.37070913423452,674110.0,5.009999999999991,1.0,6.670000000000016,18.0,0.01938615357786437,5.009999999999991,9.0,0.014849284211150275,2.0,2.0,0.4683146477898263,0.023733530297988636,-0.2104237935969245,58.81650543358966,81.81553692968177,69.0379508274054,107.37070913423452,24.015516683415672,18.480352915127018,31.080793105979108,0.5373502466525676,0.5402865867982074,0.009999999999990905,0.0,1.829999999999984,1.0,19231.0,19231.0,2022-02-25,2022-02-25 10:40:00,2.0540172048918044,173.78554736652885,0.0,,14281.267661333814,366.3529484630595,0.7511244377811063,6.670000000000016,18.0,0.01938615357786437,5.009999999999991,9.0,0.014849284211150275,0.4929364202292669,5.6011759621451125,36.843533123028394,0.015614239272951093,2.82998018927445,22.52492113564669,0.007835530045022196,1.8630914826498424,0.00402220134195386,1.9444468750000041,16.553125,0.005470102952261012,0.0,1
19231.0,2022-02-25 10:45:00,342.4,343.365,342.26,343.25,747794.0,2,2,0.0,sell,False,0.895802098950526,4.163492493946733,28.239017640954685,0.011578080659927173,0.7034021211893458,-0.12249852844825629,0.22920253214641662,0.0006724978265587814,62.07710490823186,87.1955431383063,75.09048159770569,111.40566621950751,747794.0,5.975000000000023,1.0,6.670000000000016,18.0,0.01938615357786437,5.975000000000023,10.0,0.017709475680962754,2.0,2.0,0.7034021211893458,0.22920253214641662,-0.12249852844825629,62.07710490823186,87.1955431383063,75.09048159770569,111.40566621950751,28.298378164201203,19.541275315857636,30.168244559829976,0.24824766355140854,0.3228539706655812,0.1150000000000091,0.13999999999998636,0.8500000000000227,1.0,19232.0,19232.0,2022-02-25,2022-02-25 10:45:00,2.0540172048918044,173.78554736652885,0.0,,14281.267661333814,366.3529484630595,0.895802098950526,6.670000000000016,18.0,0.01938615357786437,5.975000000000023,10.0,0.017709475680962754,0.4929364202292669,5.6011759621451125,36.843533123028394,0.015614239272951093,2.82998018927445,22.52492113564669,0.007835530045022196,1.8630914826498424,0.00402220134195386,1.9444468750000041,16.553125,0.005470102952261012,0.0,1
19232.0,2022-02-25 10:50:00,343.24,343.39,342.63,342.97,690971.0,2,2,0.0,sell,False,0.8995502248875541,4.163492493946733,28.239017640954685,0.011578080659927173,0.780372593269286,-0.024951954289595533,0.3652343423450475,0.001071125718241246,60.40039360830783,88.72932042553781,79.63676120698307,106.91443886264727,690971.0,6.0,1.0,6.670000000000016,18.0,0.01938615357786437,6.0,11.0,0.017783573905569224,2.0,2.0,0.780372593269286,0.3652343423450475,-0.024951954289595533,60.40039360830783,88.72932042553781,79.63676120698307,106.91443886264727,30.22069599701185,15.565581386438598,30.29963116154637,-0.07866216058733883,0.22181361818871403,0.14999999999997726,0.34000000000003183,0.2699999999999818,0.0,19233.0,19233.0,2022-02-25,2022-02-25 10:50:00,2.0540172048918044,173.78554736652885,0.0,,14281.267661333814,366.3529484630595,0.8995502248875541,6.670000000000016,18.0,0.01938615357786437,6.0,11.0,0.017783573905569224,0.4929364202292669,5.6011759621451125,36.843533123028394,0.015614239272951093,2.82998018927445,22.52492113564669,0.007835530045022196,1.8630914826498424,0.00402220134195386,1.9444468750000041,16.553125,0.005470102952261012,0.0,1
19233.0,2022-02-25 10:55:00,342.9857,343.63,342.48,342.87,1017990.0,2,2,0.0,sell,False,0.9355322338830576,4.163492493946733,28.239017640954685,0.011578080659927173,0.7753992048046101,0.07197294631098072,0.4596725487132858,0.0013475326611383988,59.77937465298385,87.75984545782129,82.34445595726247,98.59062445893895,1017990.0,6.240000000000009,1.0,6.670000000000016,18.0,0.01938615357786437,6.240000000000009,12.0,0.01849491686179202,2.0,2.0,0.7753992048046101,0.4596725487132858,0.07197294631098072,59.77937465298385,87.75984545782129,82.34445595726247,98.59062445893895,31.699141531088586,16.43123653902578,30.401226926396806,-0.033733184794585876,0.3357860313010912,0.644299999999987,0.38999999999998636,0.11570000000000391,0.0,19234.0,19234.0,2022-02-25,2022-02-25 10:55:00,2.0540172048918044,173.78554736652885,0.0,,14281.267661333814,366.3529484630595,0.9355322338830576,6.670000000000016,18.0,0.01938615357786437,6.240000000000009,12.0,0.01849491686179202,0.4929364202292669,5.6011759621451125,36.843533123028394,0.015614239272951093,2.82998018927445,22.52492113564669,0.007835530045022196,1.8630914826498424,0.00402220134195386,1.9444468750000041,16.553125,0.005470102952261012,0.0,1
19236.0,2022-02-25 11:10:00,343.06,344.15,342.73,343.74,708425.0,1p,1p,0.0,sell,False,1.0601251928734436,6.759999999999991,15.0,0.020036159933607963,0.711107459747405,0.34551384331580237,0.7010675731895049,0.0020524393303875082,63.11976498121496,87.7740047465395,86.0121559005979,91.2977024384227,708425.0,6.759999999999991,0.0,6.759999999999991,15.0,0.020036159933607963,6.759999999999991,0.0,0.0,1.0,1.0,0.711107459747405,0.7010675731895049,0.34551384331580237,63.11976498121496,87.7740047465395,86.0121559005979,91.2977024384227,37.00789513205077,10.244362918624514,32.42604023796229,0.19821605550049753,0.41432031044844597,0.40999999999996817,0.3299999999999841,0.6800000000000068,1.0,19237.0,19237.0,2022-02-25,2022-02-25 11:10:00,2.0540172048918044,173.78554736652885,0.0,,14281.267661333814,366.3529484630595,0.5832424107187206,4.3760036431226785,32.22527881040892,0.012230020343504162,2.285057100371749,15.890706319702602,0.006381710269403211,0.4929364202292669,5.6011759621451125,36.843533123028394,0.015614239272951093,2.82998018927445,22.52492113564669,0.007835530045022196,1.8630914826498424,0.00402220134195386,1.9444468750000041,16.553125,0.005470102952261012,0.0,1
19237.0,2022-02-25 11:15:00,343.74,344.72,343.27,344.7,911014.0,1p,1p,0.0,sell,False,1.0797614164612461,7.330000000000041,16.0,0.02172559945463719,0.7948270848956968,0.4448672289277645,0.8422807713756129,0.002464185384713603,66.92124164756368,91.70779368099068,87.91070182739548,99.30197738818106,911014.0,7.330000000000041,0.0,7.330000000000041,16.0,0.02172559945463719,7.330000000000041,0.0,0.0,1.0,1.0,0.7948270848956968,0.8422807713756129,0.4448672289277645,66.92124164756368,91.70779368099068,87.91070182739548,99.30197738818106,34.82111719411722,10.572989609685205,33.925387827562574,0.279280851806592,0.4224080170128603,0.020000000000038654,0.4700000000000273,0.9599999999999795,1.0,19238.0,19238.0,2022-02-25,2022-02-25 11:15:00,2.0540172048918044,173.78554736652885,0.0,,14281.267661333814,366.3529484630595,0.5832424107187206,4.3760036431226785,32.22527881040892,0.012230020343504162,2.285057100371749,15.890706319702602,0.006381710269403211,0.4929364202292669,5.6011759621451125,36.843533123028394,0.015614239272951093,2.82998018927445,22.52492113564669,0.007835530045022196,1.8630914826498424,0.00402220134195386,1.9444468750000041,16.553125,0.005470102952261012,0.0,1
19238.0,2022-02-25 11:20:00,344.7181,344.97,344.34,344.59,882962.0,1p,1p,0.0,sell,False,1.0797614164609601,7.580000000000041,17.0,0.02246658170070257,0.7834833495834541,0.5428026476256962,0.9345443224174232,0.0027324658053724284,66.0807378723831,91.59960243887625,89.14033536455574,96.51813658751729,882962.0,7.580000000000041,0.0,7.580000000000041,17.0,0.02246658170070257,7.580000000000041,0.0,0.0,1.0,1.0,0.7834833495834541,0.9345443224174232,0.5428026476256962,66.0807378723831,91.59960243887625,89.14033536455574,96.51813658751729,34.958177098356195,11.01817132967996,35.2214503747424,-0.03716079892527188,0.18295870360691538,0.25190000000003465,0.25,0.12810000000001764,0.0,19239.0,19239.0,2022-02-25,2022-02-25 11:20:00,2.0540172048918044,173.78554736652885,0.0,,14281.267661333814,366.3529484630595,0.5832424107187206,4.3760036431226785,32.22527881040892,0.012230020343504162,2.285057100371749,15.890706319702602,0.006381710269403211,0.4929364202292669,5.6011759621451125,36.843533123028394,0.015614239272951093,2.82998018927445,22.52492113564669,0.007835530045022196,1.8630914826498424,0.00402220134195386,1.9444468750000041,16.553125,0.005470102952261012,1.0,1
19244.0,2022-02-25 11:50:00,344.79,345.1,344.31,344.96,683892.0,1p,1p,0.0,sell,False,1.0797614164608162,7.710000000000036,23.0,0.02285189246865656,0.2717676807798406,0.8761160312514444,1.0119998716413647,0.0029510600104653974,65.32107334610613,86.27015871400528,83.93009162810912,90.95029288579758,683892.0,7.710000000000036,0.0,7.710000000000036,23.0,0.02285189246865656,7.710000000000036,0.0,0.0,1.0,1.0,0.2717676807798406,1.0119998716413647,0.8761160312514444,65.32107334610613,86.27015871400528,83.93009162810912,90.95029288579758,26.35724412493384,9.451660484898698,38.76996138023195,0.04930537428578528,0.22944439603845967,0.1400000000000432,0.4800000000000182,0.16999999999995907,1.0,19245.0,19245.0,2022-02-25,2022-02-25 11:50:00,2.0540172048918044,173.78554736652885,0.0,,14281.267661333814,366.3529484630595,0.5832424107187206,4.3760036431226785,32.22527881040892,0.012230020343504162,2.285057100371749,15.890706319702602,0.006381710269403211,0.4929364202292669,5.6011759621451125,36.843533123028394,0.015614239272951093,2.82998018927445,22.52492113564669,0.007835530045022196,1.8630914826498424,0.00402220134195386,1.9444468750000041,16.553125,0.005470102952261012,0.0,1
19245.0,2022-02-25 11:55:00,344.94,345.45,344.89,345.4029,558341.0,1p,1p,0.0,sell,False,1.0797614164605818,8.060000000000002,24.0,0.023889267613147996,0.28424459799664037,0.9116466060010244,1.0537689049993446,0.0030712192109654747,67.43980845540926,90.12658898976497,85.99559074866107,98.38858547197276,558341.0,8.060000000000002,0.0,8.060000000000002,24.0,0.023889267613147996,8.060000000000002,0.0,0.0,1.0,1.0,0.28424459799664037,1.0537689049993446,0.9116466060010244,67.43980845540926,90.12658898976497,85.99559074866107,98.38858547197276,22.845135908440266,9.83547925607999,38.84414139108306,0.13419725169594438,0.16237061091942426,0.047100000000000364,0.05000000000001137,0.46289999999999054,1.0,19246.0,19246.0,2022-02-25,2022-02-25 11:55:00,2.0540172048918044,173.78554736652885,0.0,,14281.267661333814,366.3529484630595,0.5832424107187206,4.3760036431226785,32.22527881040892,0.012230020343504162,2.285057100371749,15.890706319702602,0.006381710269403211,0.4929364202292669,5.6011759621451125,36.843533123028394,0.015614239272951093,2.82998018927445,22.52492113564669,0.007835530045022196,1.8630914826498424,0.00402220134195386,1.9444468750000041,16.553125,0.005470102952261012,0.0,1
19246.0,2022-02-25 12:00:00,345.44,345.74,345.17,345.22,557538.0,1p,1p,0.0,sell,False,1.0797614164562304,8.350000000000023,25.0,0.024748807018583903,0.23719719886890434,0.9412962558596375,1.0598948552940897,0.003087667459235072,65.6558803265254,85.57458873827508,85.85525674519907,85.01325272442708,557538.0,8.350000000000023,0.0,8.350000000000023,25.0,0.024748807018583903,8.350000000000023,0.0,0.0,1.0,1.0,0.23719719886890434,1.0598948552940897,0.9412962558596375,65.6558803265254,85.57458873827508,85.85525674519907,85.01325272442708,25.17610424161798,9.976720984369676,39.15798938675334,-0.06368689207965796,0.16513601993220534,0.30000000000001137,0.05000000000001137,0.21999999999997044,0.0,19247.0,19247.0,2022-02-25,2022-02-25 12:00:00,2.0540172048918044,173.78554736652885,0.0,,14281.267661333814,366.3529484630595,0.5832424107187206,4.3760036431226785,32.22527881040892,0.012230020343504162,2.285057100371749,15.890706319702602,0.006381710269403211,0.4929364202292669,5.6011759621451125,36.843533123028394,0.015614239272951093,2.82998018927445,22.52492113564669,0.007835530045022196,1.8630914826498424,0.00402220134195386,1.9444468750000041,16.553125,0.005470102952261012,1.0,1
19264.0,2022-02-25 13:30:00,343.99,344.72,343.96,344.47,504750.0,2,2,0.0,sell,False,0.6982248520710109,4.163492493946733,28.239017640954685,0.011578080659927173,-0.2387280800048604,0.22018966656405983,0.10082562656162963,0.0002932425548036689,55.52999226963722,56.60871035227079,41.44400162793025,86.93812780095186,504750.0,2.3600000000000136,1.0,3.3799999999999955,15.0,0.009776132353791853,2.3600000000000136,5.0,0.0068933286598902134,2.0,2.0,-0.2387280800048604,0.10082562656162963,0.22018966656405983,55.52999226963722,56.60871035227079,41.44400162793025,86.93812780095186,25.476904841279097,29.679223617438378,27.47935308991983,0.13953894008547288,0.22095592510758452,0.25,0.03000000000002956,0.4800000000000182,1.0,19265.0,19265.0,2022-02-25,2022-02-25 13:30:00,2.0540172048918044,173.78554736652885,0.0,,14281.267661333814,366.3529484630595,0.6982248520710109,3.3799999999999955,15.0,0.009776132353791853,2.3600000000000136,5.0,0.0068933286598902134,0.4929364202292669,5.6011759621451125,36.843533123028394,0.015614239272951093,2.82998018927445,22.52492113564669,0.007835530045022196,1.8630914826498424,0.00402220134195386,1.9444468750000041,16.553125,0.005470102952261012,0.0,1
19266.0,2022-02-25 13:40:00,344.5,345.08,344.46,344.97,402202.0,2,2,0.0,sell,False,0.8047337278106432,4.163492493946733,28.239017640954685,0.011578080659927173,-0.001505365345500831,0.20321911392519687,0.20246643125244645,0.0005886364159444639,59.20095119452917,77.00347800302562,59.093443575214664,112.82354685864752,402202.0,2.7199999999999704,1.0,3.3799999999999955,15.0,0.009776132353791853,2.7199999999999704,7.0,0.007944853370720793,2.0,2.0,-0.001505365345500831,0.20246643125244645,0.20321911392519687,59.20095119452917,77.00347800302562,59.093443575214664,112.82354685864752,22.574025756971235,30.87308145850871,25.804953474667347,0.13642960812772925,0.1799918713348443,0.1099999999999568,0.040000000000020464,0.4700000000000273,1.0,19267.0,19267.0,2022-02-25,2022-02-25 13:40:00,2.0540172048918044,173.78554736652885,0.0,,14281.267661333814,366.3529484630595,0.8047337278106432,3.3799999999999955,15.0,0.009776132353791853,2.7199999999999704,7.0,0.007944853370720793,0.4929364202292669,5.6011759621451125,36.843533123028394,0.015614239272951093,2.82998018927445,22.52492113564669,0.007835530045022196,1.8630914826498424,0.00402220134195386,1.9444468750000041,16.553125,0.005470102952261012,1.0,1
19285.0,2022-02-25 15:15:00,343.98,344.6886,343.79,344.53,560314.0,2s,2s,0.0,sell,False,0.6889349112426029,4.163492493946733,28.239017640954685,0.011578080659927173,-0.018762219590563647,0.010273778032950027,0.0008926682376682038,2.594761093210605e-06,54.56606926624257,56.00725177725497,45.99268151895273,76.03639229385946,560314.0,1.7286000000000286,1.0,3.3799999999999955,15.0,0.009776132353791853,1.7286000000000286,6.0,0.005040237928621497,1.0,2.5,-0.018762219590563647,0.0008926682376682038,0.010273778032950027,54.56606926624257,56.00725177725497,45.99268151895273,76.03639229385946,21.896726290921485,22.35909551130623,17.980393531369362,0.15989301703586095,0.26138049390616,0.15860000000003538,0.18999999999999773,0.5499999999999545,1.0,19286.0,19286.0,2022-02-25,2022-02-25 15:15:00,2.0540172048918044,173.78554736652885,0.0,,14281.267661333814,366.3529484630595,0.5832424107187206,4.3760036431226785,32.22527881040892,0.012230020343504162,2.285057100371749,15.890706319702602,0.006381710269403211,0.6889349112426029,3.3799999999999955,15.0,0.009776132353791853,1.7286000000000286,6.0,0.005040237928621497,1.0,0.00402220134195386,1.9444468750000041,16.553125,0.005470102952261012,0.0,1
19286.0,2022-02-25 15:20:00,344.53,345.44,344.31,345.2,642993.0,2s,2s,0.0,sell,False,0.9112426035502924,4.163492493946733,28.239017640954685,0.011578080659927173,0.1344688714215689,0.027082386960646142,0.0943168226714306,0.0002740859645830457,59.444609821282675,67.44569473322365,53.1436859237097,96.04971235225153,642993.0,2.480000000000018,1.0,3.3799999999999955,15.0,0.009776132353791853,2.480000000000018,7.0,0.007231163984138146,1.0,2.5,0.1344688714215689,0.0943168226714306,0.027082386960646142,59.444609821282675,67.44569473322365,53.1436859237097,96.04971235225153,27.479349022055104,17.98236250472127,18.18822806073785,0.19446782573361274,0.32819261711829323,0.2400000000000091,0.21999999999997044,0.6700000000000159,1.0,19287.0,19287.0,2022-02-25,2022-02-25 15:20:00,2.0540172048918044,173.78554736652885,0.0,,14281.267661333814,366.3529484630595,0.5832424107187206,4.3760036431226785,32.22527881040892,0.012230020343504162,2.285057100371749,15.890706319702602,0.006381710269403211,0.9112426035502924,3.3799999999999955,15.0,0.009776132353791853,2.480000000000018,7.0,0.007231163984138146,1.0,0.00402220134195386,1.9444468750000041,16.553125,0.005470102952261012,1.0,1
19292.0,2022-02-25 15:50:00,345.1,345.87,344.68,345.61,1667697.0,1,1,0.0,sell,False,0.3611196533686439,2.910000000000025,13.0,0.00848495451364598,0.26582505912347715,0.1769655956151697,0.30987812517690827,0.000899602977603659,61.71733572469746,82.11742748689669,75.2241937163549,95.90389502798024,1667697.0,2.910000000000025,2.0,2.910000000000025,13.0,0.00848495451364598,2.910000000000025,13.0,0.00848495451364598,1.0,1.0,0.26582505912347715,0.30987812517690827,0.1769655956151697,61.71733572469746,82.11742748689669,75.2241937163549,95.90389502798024,24.432308134521428,13.357455658320083,18.49072951952886,0.14778325123152447,0.3452477660438661,0.2599999999999909,0.4200000000000159,0.5099999999999909,1.0,19293.0,19293.0,2022-02-25,2022-02-25 15:50:00,2.0540172048918044,173.78554736652885,0.0,,14281.267661333814,366.3529484630595,0.5832424107187206,4.3760036431226785,32.22527881040892,0.012230020343504162,2.285057100371749,15.890706319702602,0.006381710269403211,0.4929364202292669,5.6011759621451125,36.843533123028394,0.015614239272951093,2.82998018927445,22.52492113564669,0.007835530045022196,1.8630914826498424,0.00402220134195386,1.9444468750000041,16.553125,0.005470102952261012,0.0,1
19293.0,2022-02-25 15:55:00,345.61,345.98,345.26,345.87,1948875.0,1,1,0.0,sell,False,0.4295843047526463,3.0200000000000387,14.0,0.008805691625845692,0.3162228146311506,0.21649344744406349,0.3746048547596388,0.0010871808515265566,63.619778473384955,86.40400797452148,78.95079846907709,101.31042698541023,1948875.0,3.0200000000000387,2.0,3.0200000000000387,14.0,0.008805691625845692,3.0200000000000387,14.0,0.008805691625845692,1.0,1.0,0.3162228146311506,0.3746048547596388,0.21649344744406349,63.619778473384955,86.40400797452148,78.95079846907709,101.31042698541023,25.065588289357194,13.201209832395131,19.38456075472151,0.07522930470761578,0.20853849273012437,0.11000000000001364,0.35000000000002274,0.2599999999999909,1.0,19294.0,19294.0,2022-02-25,2022-02-25 15:55:00,2.0540172048918044,173.78554736652885,0.0,,14281.267661333814,366.3529484630595,0.5832424107187206,4.3760036431226785,32.22527881040892,0.012230020343504162,2.285057100371749,15.890706319702602,0.006381710269403211,0.4929364202292669,5.6011759621451125,36.843533123028394,0.015614239272951093,2.82998018927445,22.52492113564669,0.007835530045022196,1.8630914826498424,0.00402220134195386,1.9444468750000041,16.553125,0.005470102952261012,0.0,1
19294.0,2022-02-25 16:00:00,345.88,346.22,345.7,345.86,1107189.0,1,1,0.0,sell,False,0.44288062641783166,3.2600000000000477,15.0,0.009505481688826825,0.32601041679309106,0.25724474954319987,0.4202499579397454,0.001219313031680892,63.48909522691134,84.8135563367557,80.90505109163662,92.63056682699383,1107189.0,3.2600000000000477,2.0,3.2600000000000477,15.0,0.009505481688826825,3.2600000000000477,15.0,0.009505481688826825,1.0,1.0,0.32601041679309106,0.4202499579397454,0.25724474954319987,63.48909522691134,84.8135563367557,80.90505109163662,92.63056682699383,28.42454336497476,5.351534398961402,22.8793555802191,-0.0057823522608944754,0.15041943881979714,0.34000000000003183,0.160000000000025,0.01999999999998181,0.0,19295.0,19295.0,2022-02-25,2022-02-25 16:00:00,2.0540172048918044,173.78554736652885,0.0,,14281.267661333814,366.3529484630595,0.5832424107187206,4.3760036431226785,32.22527881040892,0.012230020343504162,2.285057100371749,15.890706319702602,0.006381710269403211,0.4929364202292669,5.6011759621451125,36.843533123028394,0.015614239272951093,2.82998018927445,22.52492113564669,0.007835530045022196,1.8630914826498424,0.00402220134195386,1.9444468750000041,16.553125,0.005470102952261012,1.0,1
19312.0,2022-02-25 17:30:00,346.15,346.3,346.02,346.28,32042.0,1,1,0.0,sell,False,0.4428806262263941,3.340000000000032,33.0,0.009738745043153814,-0.08196840893159618,0.37732141303937994,0.33633720857358185,0.0009728841257079042,65.79948740620995,79.70871752454924,71.2232206451938,96.67971128326013,32042.0,3.340000000000032,2.0,3.340000000000032,33.0,0.009738745043153814,3.340000000000032,33.0,0.009738745043153814,1.0,1.0,-0.08196840893159618,0.33633720857358185,0.37732141303937994,65.79948740620995,79.70871752454924,71.2232206451938,96.67971128326013,33.48017621145863,15.859030837003822,37.916725556221785,0.0375559728441414,0.0809201780244002,0.020000000000038654,0.12999999999999545,0.12999999999999545,1.0,19313.0,19313.0,2022-02-25,2022-02-25 17:30:00,2.0540172048918044,173.78554736652885,0.0,,14281.267661333814,366.3529484630595,0.5832424107187206,4.3760036431226785,32.22527881040892,0.012230020343504162,2.285057100371749,15.890706319702602,0.006381710269403211,0.4929364202292669,5.6011759621451125,36.843533123028394,0.015614239272951093,2.82998018927445,22.52492113564669,0.007835530045022196,1.8630914826498424,0.00402220134195386,1.9444468750000041,16.553125,0.005470102952261012,0.0,1
19315.0,2022-02-25 17:45:00,346.27,346.3,346.19,346.25,7404.0,1,1,0.0,sell,False,0.44288062622860164,3.340000000000032,36.0,0.009738745043153814,-0.08075776743819829,0.3481668520731337,0.30778796835403455,0.0008900086128282961,64.46556044794477,86.82086098851042,82.0141448994176,96.43429316669608,7404.0,3.340000000000032,2.0,3.340000000000032,36.0,0.009738745043153814,3.340000000000032,36.0,0.009738745043153814,1.0,1.0,-0.08075776743819829,0.30778796835403455,0.3481668520731337,64.46556044794477,86.82086098851042,82.0141448994176,96.43429316669608,27.04081632653844,12.244897959182785,35.423759206751605,-0.005775839662685711,0.03177445911205224,0.03000000000002956,0.060000000000002274,0.01999999999998181,0.0,19316.0,19316.0,2022-02-25,2022-02-25 17:45:00,2.0540172048918044,173.78554736652885,0.0,,14281.267661333814,366.3529484630595,0.5832424107187206,4.3760036431226785,32.22527881040892,0.012230020343504162,2.285057100371749,15.890706319702602,0.006381710269403211,0.4929364202292669,5.6011759621451125,36.843533123028394,0.015614239272951093,2.82998018927445,22.52492113564669,0.007835530045022196,1.8630914826498424,0.00402220134195386,1.9444468750000041,16.553125,0.005470102952261012,0.0,1
19316.0,2022-02-25 17:50:00,346.25,346.33,346.25,346.33,3755.0,1,1,0.0,sell,False,0.44288062625170405,3.3700000000000045,37.0,0.009826218801026373,-0.07601966300555729,0.33866439419743904,0.3006545626946604,0.0008692875755879611,66.21172283069441,91.2139073256736,85.08073237483626,103.48025722734826,3755.0,3.3700000000000045,2.0,3.3700000000000045,37.0,0.009826218801026373,3.3700000000000045,37.0,0.009826218801026373,1.0,1.0,-0.07601966300555729,0.3006545626946604,0.33866439419743904,66.21172283069441,91.2139073256736,85.08073237483626,103.48025722734826,29.015544041457158,11.398963730569719,36.00704380553744,0.02310469314078963,0.02310469314078963,0.0,0.0,0.07999999999998408,1.0,19317.0,19317.0,2022-02-25,2022-02-25 17:50:00,2.0540172048918044,173.78554736652885,0.0,,14281.267661333814,366.3529484630595,0.5832424107187206,4.3760036431226785,32.22527881040892,0.012230020343504162,2.285057100371749,15.890706319702602,0.006381710269403211,0.4929364202292669,5.6011759621451125,36.843533123028394,0.015614239272951093,2.82998018927445,22.52492113564669,0.007835530045022196,1.8630914826498424,0.00402220134195386,1.9444468750000041,16.553125,0.005470102952261012,1.0,1
19338.0,2022-02-25 19:40:00,345.9,345.93,345.84,345.84,1928.0,2,2,0.0,sell,False,0.3650793650793966,4.163492493946733,28.239017640954685,0.011578080659927173,-0.036504483504696136,0.008930846161431685,-0.009321395590916381,-2.6950924960279364e-05,48.944364778120224,47.978980916146185,37.23472330930473,69.4674961298291,1928.0,0.2300000000000182,1.0,0.6299999999999955,19.0,0.0018190742933040611,0.2300000000000182,5.0,0.0006653167486260289,2.0,2.0,-0.036504483504696136,-0.009321395590916381,0.008930846161431685,48.944364778120224,47.978980916146185,37.23472330930473,69.4674961298291,28.000000000005095,36.80000000000124,30.774443215463652,-0.017346053772767354,0.026023594725894005,0.03000000000002956,0.0,0.060000000000002274,0.0,19339.0,19339.0,2022-02-25,2022-02-25 19:40:00,2.0540172048918044,173.78554736652885,0.0,,14281.267661333814,366.3529484630595,0.3650793650793966,0.6299999999999955,19.0,0.0018190742933040611,0.2300000000000182,5.0,0.0006653167486260289,0.4929364202292669,5.6011759621451125,36.843533123028394,0.015614239272951093,2.82998018927445,22.52492113564669,0.007835530045022196,1.8630914826498424,0.00402220134195386,1.9444468750000041,16.553125,0.005470102952261012,1.0,1
19390.0,2022-02-28 08:00:00,341.5399,346.029,337.21,341.68,175126.0,1p,1p,1.0,buy,False,5.979361494432883,8.720000000000027,53.0,0.025207411904142534,0.038954890976569234,0.15854147990837225,0.17801892539665687,0.0005205551643745912,46.00531708734973,56.950528688005576,65.95176602259656,38.9480540188236,175126.0,8.720000000000027,0.0,8.720000000000027,53.0,0.025207411904142534,8.720000000000027,0.0,0.0,1.0,1.0,0.038954890976569234,0.17801892539665687,0.15854147990837225,46.00531708734973,56.950528688005576,65.95176602259656,38.9480540188236,12.825817128672016,33.51261894911094,44.44174659634598,0.04102009750545049,2.6152842442394997,4.3489999999999895,4.329900000000009,0.1401000000000181,1.0,19391.0,19391.0,2022-02-28,2022-02-28 08:00:00,1.7911496136736138,130.0,1.0,best_within_2.0d,19520.0,347.8,0.5832424107187206,4.3760036431226785,32.22527881040892,0.012230020343504162,2.285057100371749,15.890706319702602,0.006381710269403211,0.4929364202292669,5.6011759621451125,36.843533123028394,0.015614239272951093,2.82998018927445,22.52492113564669,0.007835530045022196,1.8630914826498424,0.00402220134195386,1.9444468750000041,16.553125,0.005470102952261012,1.0,0
19421.0,2022-02-28 10:35:00,344.41,345.84,344.34,345.83,939208.0,2s,2s,0.0,sell,False,0.22222222222220217,4.163492493946733,28.239017640954685,0.011578080659927173,0.3477473266606743,0.46169816249099294,0.6355718258213301,0.0018522104503924347,68.57401295150125,67.53981500153188,54.10232697254234,94.41479105951095,939208.0,8.629999999999995,1.0,0.6299999999999955,19.0,0.0018190742933040611,8.629999999999995,32.0,0.025592360843391348,1.0,2.5,0.3477473266606743,0.6355718258213301,0.46169816249099294,68.57401295150125,67.53981500153188,54.10232697254234,94.41479105951095,31.665445409818282,11.357688684183032,50.530074502571246,0.4122992944455617,0.43561596096880995,0.009999999999990905,0.07000000000005002,1.419999999999959,1.0,19422.0,19422.0,2022-02-28,2022-02-28 10:35:00,2.8424370355376873,170.0,1.0,best_within_2.0d,19591.0,336.0,0.5832424107187206,4.3760036431226785,32.22527881040892,0.012230020343504162,2.285057100371749,15.890706319702602,0.006381710269403211,0.22222222222220217,0.6299999999999955,19.0,0.0018190742933040611,8.629999999999995,32.0,0.025592360843391348,1.0,0.00402220134195386,1.9444468750000041,16.553125,0.005470102952261012,0.0,1
19439.0,2022-02-28 12:05:00,347.57,347.6015,345.782,345.905,697640.0,2,2,1.0,buy,False,0.24342453662842262,4.163492493946733,28.239017640954685,0.011578080659927173,-0.4276592060733737,1.0698233225881504,0.8559937195514635,0.0024728547758161882,48.52521327459866,38.1751784004286,55.117248651791215,4.291037897703376,697640.0,2.758000000000038,1.0,11.330000000000041,43.0,0.03359924082915703,2.758000000000038,8.0,0.007913008549951334,2.0,2.0,-0.4276592060733737,0.8559937195514635,1.0698233225881504,48.52521327459866,38.1751784004286,55.117248651791215,4.291037897703376,20.564263322883587,24.225705329153037,48.12493162002911,-0.4790401933423542,0.5261985875493823,0.03149999999999409,0.12299999999999045,1.6650000000000205,0.0,19440.0,19440.0,2022-02-28,2022-02-28 12:05:00,0.5478382792963499,81.0,1.0,best_within_2.0d,19520.0,347.8,0.24342453662842262,11.330000000000041,43.0,0.03359924082915703,2.758000000000038,8.0,0.007913008549951334,0.4929364202292669,5.6011759621451125,36.843533123028394,0.015614239272951093,2.82998018927445,22.52492113564669,0.007835530045022196,1.8630914826498424,0.00402220134195386,1.9444468750000041,16.553125,0.005470102952261012,0.0,0
19440.0,2022-02-28 12:10:00,345.91,345.99,345.01,345.359,722290.0,2,2,1.0,buy,False,0.31156222418358487,4.163492493946733,28.239017640954685,0.011578080659927173,-0.6545692818144757,0.9880021623613409,0.660717521454103,0.001909052802907911,44.70695223788198,28.745680784421584,46.326726029334665,-6.4164097054045754,722290.0,3.5300000000000296,1.0,11.330000000000041,43.0,0.03359924082915703,3.5300000000000296,9.0,0.010127962357261804,2.0,2.0,-0.6545692818144757,0.660717521454103,0.9880021623613409,44.70695223788198,28.745680784421584,46.326726029334665,-6.4164097054045754,19.213973799126414,30.52609690164203,46.31189899834042,-0.15928998872540387,0.2840497376887679,0.07999999999998408,0.34899999999998954,0.5510000000000446,0.0,19441.0,19441.0,2022-02-28,2022-02-28 12:10:00,0.7068007493651624,80.0,1.0,best_within_2.0d,19520.0,347.8,0.31156222418358487,11.330000000000041,43.0,0.03359924082915703,3.5300000000000296,9.0,0.010127962357261804,0.4929364202292669,5.6011759621451125,36.843533123028394,0.015614239272951093,2.82998018927445,22.52492113564669,0.007835530045022196,1.8630914826498424,0.00402220134195386,1.9444468750000041,16.553125,0.005470102952261012,0.0,0
19441.0,2022-02-28 12:15:00,345.34,345.39,344.85,345.36,556914.0,2,2,1.0,buy,False,0.32568402471314956,4.163492493946733,28.239017640954685,0.011578080659927173,-0.7803657368481265,0.8904564452553251,0.5002735768312618,0.0014457000487990046,44.71553235736216,24.178536452151192,38.94399617027351,-5.352382984093438,556914.0,3.6899999999999977,1.0,11.330000000000041,43.0,0.03359924082915703,3.6899999999999977,10.0,0.010587020141160261,2.0,2.0,-0.7803657368481265,0.5002735768312618,0.8904564452553251,44.71553235736216,24.178536452151192,38.94399617027351,-5.352382984093438,19.705694177862966,31.05139688632889,44.60054486820679,0.005791393988544233,0.15658982166158142,0.029999999999972715,0.48999999999995225,0.020000000000038654,1.0,19442.0,19442.0,2022-02-28,2022-02-28 12:15:00,0.706509149872596,79.0,1.0,best_within_2.0d,19520.0,347.8,0.32568402471314956,11.330000000000041,43.0,0.03359924082915703,3.6899999999999977,10.0,0.010587020141160261,0.4929364202292669,5.6011759621451125,36.843533123028394,0.015614239272951093,2.82998018927445,22.52492113564669,0.007835530045022196,1.8630914826498424,0.00402220134195386,1.9444468750000041,16.553125,0.005470102952261012,0.0,0
19442.0,2022-02-28 12:20:00,345.33,345.66,344.55,344.72,597581.0,2,2,1.0,buy,False,0.35216240070608956,4.163492493946733,28.239017640954685,0.011578080659927173,-0.9162273089251367,0.775928031639683,0.3178143771771147,0.0009186860654795483,40.395199381614376,17.738071920481897,31.875354753676305,-10.536493745906924,597581.0,3.990000000000009,1.0,11.330000000000041,43.0,0.03359924082915703,3.990000000000009,11.0,0.011447753485970071,2.0,2.0,-0.9162273089251367,0.3178143771771147,0.775928031639683,40.395199381614376,17.738071920481897,31.875354753676305,-10.536493745906924,19.150259067357442,31.170984455957857,43.121075494824574,-0.17664263168562153,0.32215933826730914,0.3300000000000409,0.17000000000001592,0.6099999999999568,0.0,19443.0,19443.0,2022-02-28,2022-02-28 12:20:00,0.8934787653747922,78.0,1.0,best_within_2.0d,19520.0,347.8,0.35216240070608956,11.330000000000041,43.0,0.03359924082915703,3.990000000000009,11.0,0.011447753485970071,0.4929364202292669,5.6011759621451125,36.843533123028394,0.015614239272951093,2.82998018927445,22.52492113564669,0.007835530045022196,1.8630914826498424,0.00402220134195386,1.9444468750000041,16.553125,0.005470102952261012,0.0,0
19444.0,2022-02-28 12:30:00,345.06,345.35,344.42,344.84,505800.0,2,2,1.0,buy,False,0.3636363636363627,4.163492493946733,28.239017640954685,0.011578080659927173,-0.9207202513632406,0.5453249346181677,0.08496480893654734,0.0002457036319969307,41.984885446268606,14.978432069603752,22.866862610938277,-0.7984290130653022,505800.0,4.1200000000000045,1.0,11.330000000000041,43.0,0.03359924082915703,4.1200000000000045,13.0,0.01182073793538763,2.0,2.0,-0.9207202513632406,0.08496480893654734,0.5453249346181677,41.984885446268606,14.978432069603752,22.866862610938277,-0.7984290130653022,11.45394006659281,36.13762486126455,43.37134738089844,-0.06375702776329546,0.2700191626502546,0.29000000000002046,0.4199999999999591,0.22000000000002728,0.0,19445.0,19445.0,2022-02-28,2022-02-28 12:30:00,0.8583690987124569,76.0,1.0,best_within_2.0d,19520.0,347.8,0.3636363636363627,11.330000000000041,43.0,0.03359924082915703,4.1200000000000045,13.0,0.01182073793538763,0.4929364202292669,5.6011759621451125,36.843533123028394,0.015614239272951093,2.82998018927445,22.52492113564669,0.007835530045022196,1.8630914826498424,0.00402220134195386,1.9444468750000041,16.553125,0.005470102952261012,0.0,0
19445.0,2022-02-28 12:35:00,344.85,344.95,343.97,343.9901,553458.0,2,2,1.0,buy,False,0.4033539276257702,4.163492493946733,28.239017640954685,0.011578080659927173,-0.9887538889656569,0.4217306984974606,-0.07264624598536784,-0.00021016203373232828,36.61975731894776,10.14983706600999,18.62785409596218,-6.8061969938943925,553458.0,4.569999999999993,1.0,11.330000000000041,43.0,0.03359924082915703,4.569999999999993,14.0,0.013111837952602264,2.0,2.0,-0.9887538889656569,-0.07264624598536784,0.4217306984974606,36.61975731894776,10.14983706600999,18.62785409596218,-6.8061969938943925,8.236161081971392,39.18678746369529,44.93518558704215,-0.24935479193853521,0.28490856760762895,0.0999999999999659,0.020099999999956708,0.8599000000000387,0.0,19446.0,19446.0,2022-02-28,2022-02-28 12:35:00,1.1075609443411387,75.0,1.0,best_within_2.0d,19520.0,347.8,0.4033539276257702,11.330000000000041,43.0,0.03359924082915703,4.569999999999993,14.0,0.013111837952602264,0.4929364202292669,5.6011759621451125,36.843533123028394,0.015614239272951093,2.82998018927445,22.52492113564669,0.007835530045022196,1.8630914826498424,0.00402220134195386,1.9444468750000041,16.553125,0.005470102952261012,0.0,0
19446.0,2022-02-28 12:40:00,344.0,344.29,343.57,343.571,645104.0,2,2,1.0,buy,False,0.4386584289496919,4.163492493946733,28.239017640954685,0.011578080659927173,-1.0407455846520715,0.29163750041595166,-0.22873529191008402,-0.0006620174656201801,34.292618511124985,6.773998520197383,14.67656890404058,-9.031142247489012,645104.0,4.970000000000027,1.0,11.330000000000041,43.0,0.03359924082915703,4.970000000000027,15.0,0.014259482412348732,2.0,2.0,-1.0407455846520715,-0.22873529191008402,0.29163750041595166,34.292618511124985,6.773998520197383,14.67656890404058,-9.031142247489012,4.958893383792207,42.80307973378552,47.38517037922454,-0.12470930232557373,0.20956428093256899,0.29000000000002046,0.0010000000000331966,0.4289999999999736,0.0,19447.0,19447.0,2022-02-28,2022-02-28 12:40:00,1.2308955063145566,74.0,1.0,best_within_2.0d,19520.0,347.8,0.4386584289496919,11.330000000000041,43.0,0.03359924082915703,4.970000000000027,15.0,0.014259482412348732,0.4929364202292669,5.6011759621451125,36.843533123028394,0.015614239272951093,2.82998018927445,22.52492113564669,0.007835530045022196,1.8630914826498424,0.00402220134195386,1.9444468750000041,16.553125,0.005470102952261012,0.0,0
19447.0,2022-02-28 12:45:00,343.56,343.81,343.1,343.75,664761.0,2,2,1.0,buy,False,0.48014121800529375,4.163492493946733,28.239017640954685,0.011578080659927173,-1.0012462521622065,0.16648171889567584,-0.3341414071854274,-0.0009674548322036362,36.15869163967546,9.329209424809157,12.894115744296771,2.1993967858339296,664761.0,5.439999999999998,1.0,11.330000000000041,43.0,0.03359924082915703,5.439999999999998,16.0,0.015607964652550632,2.0,2.0,-1.0012462521622065,-0.3341414071854274,0.16648171889567584,36.15869163967546,9.329209424809157,12.894115744296771,2.1993967858339296,4.954582989265032,44.76509192055283,49.719796071417804,0.0553032949120962,0.20693675313319132,0.060000000000002274,0.45999999999997954,0.18999999999999773,1.0,19448.0,19448.0,2022-02-28,2022-02-28 12:45:00,1.1781818181818215,73.0,1.0,best_within_2.0d,19520.0,347.8,0.48014121800529375,11.330000000000041,43.0,0.03359924082915703,5.439999999999998,16.0,0.015607964652550632,0.4929364202292669,5.6011759621451125,36.843533123028394,0.015614239272951093,2.82998018927445,22.52492113564669,0.007835530045022196,1.8630914826498424,0.00402220134195386,1.9444468750000041,16.553125,0.005470102952261012,0.0,0
19448.0,2022-02-28 12:50:00,343.76,343.89,343.07,343.41,528381.0,2,2,1.0,buy,False,0.48278905560459023,4.163492493946733,28.239017640954685,0.011578080659927173,-0.9704334282687247,0.04517754036208525,-0.4400391737722771,-0.0012746045109352522,34.17344776313364,10.100751488685898,11.962994325759812,6.376265814538069,528381.0,5.470000000000027,1.0,11.330000000000041,43.0,0.03359924082915703,5.470000000000027,17.0,0.015694037987031693,2.0,2.0,-0.9704334282687247,-0.4400391737722771,0.04517754036208525,34.17344776313364,10.100751488685898,11.962994325759812,6.376265814538069,5.5463117027175075,42.32262468535336,51.656031671613235,-0.10181521992086512,0.23901827615355267,0.12999999999999545,0.34000000000003183,0.3499999999999659,0.0,19449.0,19449.0,2022-02-28,2022-02-28 12:50:00,1.2783553187152343,72.0,1.0,best_within_2.0d,19520.0,347.8,0.48278905560459023,11.330000000000041,43.0,0.03359924082915703,5.470000000000027,17.0,0.015694037987031693,0.4929364202292669,5.6011759621451125,36.843533123028394,0.015614239272951093,2.82998018927445,22.52492113564669,0.007835530045022196,1.8630914826498424,0.00402220134195386,1.9444468750000041,16.553125,0.005470102952261012,1.0,0
19462.0,2022-02-28 14:00:00,344.81,344.81,342.72,342.8301,779998.0,2s,2s,1.0,buy,False,0.5136804942630161,4.163492493946733,28.239017640954685,0.011578080659927173,-0.07303783818507892,-0.28987404202758116,-0.3263929611201206,-0.0009470249298838677,37.781998284504404,39.811541175763764,46.45796828577848,26.51868695573434,779998.0,3.134999999999991,1.0,11.330000000000041,43.0,0.03359924082915703,3.134999999999991,11.0,0.009064492345057873,1.0,2.5,-0.07303783818507892,-0.3263929611201206,-0.28987404202758116,37.781998284504404,39.811541175763764,46.45796828577848,26.51868695573434,25.945572438631647,27.716317798887435,32.12986314623399,-0.574200284214491,0.6098272642390216,0.0,0.11009999999998854,1.9798999999999864,0.0,19463.0,19463.0,2022-02-28,2022-02-28 14:00:00,1.5109233407451608,373.0,1.0,best_within_2.0d,19835.0,348.01,0.5832424107187206,4.3760036431226785,32.22527881040892,0.012230020343504162,2.285057100371749,15.890706319702602,0.006381710269403211,0.5136804942630161,11.330000000000041,43.0,0.03359924082915703,3.134999999999991,11.0,0.009064492345057873,1.0,0.00402220134195386,1.9444468750000041,16.553125,0.005470102952261012,0.0,0
19463.0,2022-02-28 14:05:00,342.85,343.02,341.6,341.71,994250.0,2s,2s,1.0,buy,False,0.6125330979699888,4.163492493946733,28.239017640954685,0.011578080659927173,-0.3534456366247405,-0.3340547466056737,-0.5107775649180439,-0.0014829517810278814,32.87225354366575,27.481198390679754,40.132378320745566,2.178838530548134,994250.0,4.2549999999999955,1.0,11.330000000000041,43.0,0.03359924082915703,4.2549999999999955,12.0,0.01230284367726358,1.0,2.5,-0.3534456366247405,-0.5107775649180439,-0.3340547466056737,32.87225354366575,27.481198390679754,40.132378320745566,2.178838530548134,23.45952107916704,34.54499806613171,31.199973083439886,-0.3325069272276632,0.4156908665105266,0.16999999999995907,0.1099999999999568,1.1400000000000432,0.0,19464.0,19464.0,2022-02-28,2022-02-28 14:05:00,1.8436686078838815,372.0,1.0,best_within_2.0d,19835.0,348.01,0.5832424107187206,4.3760036431226785,32.22527881040892,0.012230020343504162,2.285057100371749,15.890706319702602,0.006381710269403211,0.6125330979699888,11.330000000000041,43.0,0.03359924082915703,4.2549999999999955,12.0,0.01230284367726358,1.0,0.00402220134195386,1.9444468750000041,16.553125,0.005470102952261012,0.0,0
19464.0,2022-02-28 14:10:00,341.705,342.27,341.46,342.14,757601.0,2s,2s,1.0,buy,False,0.6248896734333641,4.163492493946733,28.239017640954685,0.011578080659927173,-0.4496973903700331,-0.39026692040192784,-0.6151156155869444,-0.0017867598690921081,36.29476906038266,23.931359983225473,34.732038874905534,2.3300021998653477,757601.0,4.395000000000039,1.0,11.330000000000041,43.0,0.03359924082915703,4.395000000000039,13.0,0.012707637593789416,1.0,2.5,-0.4496973903700331,-0.6151156155869444,-0.39026692040192784,36.29476906038266,23.931359983225473,34.732038874905534,2.3300021998653477,18.304367892101535,36.032871126174044,31.301889414551404,0.12730279041863662,0.23721665788086518,0.12999999999999545,0.24500000000000455,0.4350000000000023,1.0,19465.0,19465.0,2022-02-28,2022-02-28 14:10:00,1.7156719471561364,371.0,1.0,best_within_2.0d,19835.0,348.01,0.5832424107187206,4.3760036431226785,32.22527881040892,0.012230020343504162,2.285057100371749,15.890706319702602,0.006381710269403211,0.6248896734333641,11.330000000000041,43.0,0.03359924082915703,4.395000000000039,13.0,0.012707637593789416,1.0,0.00402220134195386,1.9444468750000041,16.553125,0.005470102952261012,0.0,0
19466.0,2022-02-28 14:20:00,342.66,342.73,341.32,341.45,724264.0,2s,2s,1.0,buy,False,0.6372462488967344,4.163492493946733,28.239017640954685,0.011578080659927173,-0.5146764881989654,-0.5062222184533063,-0.763560462552789,-0.0022200085491727085,34.827249964752795,18.27350267418142,27.273235966424533,0.2740360896951941,724264.0,4.535000000000025,1.0,11.330000000000041,43.0,0.03359924082915703,4.535000000000025,15.0,0.013112431510315088,1.0,2.5,-0.5146764881989654,-0.763560462552789,-0.5062222184533063,34.827249964752795,18.27350267418142,27.273235966424533,0.2740360896951941,14.390990979323318,36.46477532491983,32.424767195957045,-0.35311971050021485,0.4131020742997846,0.06999999999999318,0.12999999999999545,1.2100000000000364,0.0,19467.0,19467.0,2022-02-28,2022-02-28 14:20:00,1.9212183335773914,369.0,1.0,best_within_2.0d,19835.0,348.01,0.5832424107187206,4.3760036431226785,32.22527881040892,0.012230020343504162,2.285057100371749,15.890706319702602,0.006381710269403211,0.6372462488967344,11.330000000000041,43.0,0.03359924082915703,4.535000000000025,15.0,0.013112431510315088,1.0,0.00402220134195386,1.9444468750000041,16.553125,0.005470102952261012,1.0,0
19484.0,2022-02-28 15:50:00,344.9,346.37,344.895,346.3,1897044.0,1,1,0.0,sell,False,1.2292456327353287,5.050000000000011,19.0,0.014795499824211918,0.7545954701507378,-0.1261635932033681,0.2511341418720008,0.0007307754669194753,64.30418955634086,78.09777775332593,67.51621702310727,99.26089921376322,1897044.0,5.050000000000011,1.0,5.050000000000011,19.0,0.014795499824211918,5.050000000000011,19.0,0.014795499824211918,1.0,1.0,0.7545954701507378,0.2511341418720008,-0.1261635932033681,64.30418955634086,78.09777775332593,67.51621702310727,99.26089921376322,37.71356480425177,18.38704049175269,27.175027180898777,0.4059147579008508,0.42766639122052297,0.06999999999999318,0.0049999999999954525,1.400000000000034,1.0,19485.0,19485.0,2022-02-28,2022-02-28 15:50:00,2.9742997401097346,107.0,1.0,best_within_2.0d,19591.0,336.0,0.5832424107187206,4.3760036431226785,32.22527881040892,0.012230020343504162,2.285057100371749,15.890706319702602,0.006381710269403211,0.4929364202292669,5.6011759621451125,36.843533123028394,0.015614239272951093,2.82998018927445,22.52492113564669,0.007835530045022196,1.8630914826498424,0.00402220134195386,1.9444468750000041,16.553125,0.005470102952261012,0.0,1
19485.0,2022-02-28 15:55:00,346.29,347.28,346.02,347.15,2822632.0,1,1,0.0,sell,False,1.6095163088273199,5.9599999999999795,20.0,0.01746161959451535,0.9880317516949316,-0.002659624241501635,0.4913562516059642,0.0014287214759356156,67.31288448048645,84.560349578942,73.19759454171884,107.28585965338829,2822632.0,5.9599999999999795,1.0,5.9599999999999795,20.0,0.01746161959451535,5.9599999999999795,20.0,0.01746161959451535,1.0,1.0,0.9880317516949316,0.4913562516059642,-0.002659624241501635,67.31288448048645,84.560349578942,73.19759454171884,107.28585965338829,42.87083601412794,17.988681574075258,28.154280517569028,0.24834676138495385,0.3641408011097598,0.12999999999999545,0.27000000000003865,0.8599999999999568,1.0,19486.0,19486.0,2022-02-28,2022-02-28 15:55:00,3.2118680685582537,106.0,1.0,best_within_2.0d,19591.0,336.0,0.5832424107187206,4.3760036431226785,32.22527881040892,0.012230020343504162,2.285057100371749,15.890706319702602,0.006381710269403211,0.4929364202292669,5.6011759621451125,36.843533123028394,0.015614239272951093,2.82998018927445,22.52492113564669,0.007835530045022196,1.8630914826498424,0.00402220134195386,1.9444468750000041,16.553125,0.005470102952261012,1.0,1
19516.0,2022-02-28 18:30:00,347.08,347.41,347.08,347.41,31240.0,1,1,0.0,sell,False,1.7303009633823156,6.090000000000032,51.0,0.01784249384741601,-0.011525883350558153,0.3590603288023219,0.35329738712704284,0.0010196282027954116,69.86168521833787,81.79912888355047,70.75771406095743,103.88195852873656,31240.0,6.090000000000032,1.0,6.090000000000032,51.0,0.01784249384741601,6.090000000000032,51.0,0.01784249384741601,1.0,1.0,-0.011525883350558153,0.35329738712704284,0.3590603288023219,69.86168521833787,81.79912888355047,70.75771406095743,103.88195852873656,40.863787375416784,8.305647840531744,41.27291390153261,0.09507894433561165,0.09507894433561165,0.0,0.0,0.3300000000000409,1.0,19517.0,19517.0,2022-02-28,2022-02-28 18:30:00,3.28430384847875,75.0,1.0,best_within_2.0d,19591.0,336.0,0.5832424107187206,4.3760036431226785,32.22527881040892,0.012230020343504162,2.285057100371749,15.890706319702602,0.006381710269403211,0.4929364202292669,5.6011759621451125,36.843533123028394,0.015614239272951093,2.82998018927445,22.52492113564669,0.007835530045022196,1.8630914826498424,0.00402220134195386,1.9444468750000041,16.553125,0.005470102952261012,0.0,1
19517.0,2022-02-28 18:35:00,347.4,347.73,347.39,347.62,30577.0,1,1,0.0,sell,False,1.7303009633821185,6.410000000000025,52.0,0.018780030469940305,0.047239167189797815,0.36496522470104664,0.38858480829594555,0.0011211995502174931,72.31544611108133,84.97894681475515,75.49812497888999,103.94059048648546,30577.0,6.410000000000025,1.0,6.410000000000025,52.0,0.018780030469940305,6.410000000000025,52.0,0.018780030469940305,1.0,1.0,0.047239167189797815,0.38858480829594555,0.36496522470104664,72.31544611108133,84.97894681475515,75.49812497888999,103.94059048648546,48.136645962733716,7.763975155279574,43.483578781581876,0.06332757628095202,0.09787270790754825,0.11000000000001364,0.009999999999990905,0.22000000000002728,1.0,19518.0,19518.0,2022-02-28,2022-02-28 18:35:00,3.342730567861459,74.0,1.0,best_within_2.0d,19591.0,336.0,0.5832424107187206,4.3760036431226785,32.22527881040892,0.012230020343504162,2.285057100371749,15.890706319702602,0.006381710269403211,0.4929364202292669,5.6011759621451125,36.843533123028394,0.015614239272951093,2.82998018927445,22.52492113564669,0.007835530045022196,1.8630914826498424,0.00402220134195386,1.9444468750000041,16.553125,0.005470102952261012,0.0,1
19520.0,2022-02-28 18:50:00,347.46,347.94,347.46,347.8,14403.0,1,1,0.0,sell,False,1.7303009633821185,6.6200000000000045,55.0,0.01939528887847183,0.08478318299073195,0.3907930685920541,0.43318466008742007,0.0012491168670407103,72.42966098078608,84.99540859115228,81.63057315046674,91.72507947252336,14403.0,6.6200000000000045,1.0,6.6200000000000045,55.0,0.01939528887847183,6.6200000000000045,55.0,0.01939528887847183,1.0,1.0,0.08478318299073195,0.43318466008742007,0.3907930685920541,72.42966098078608,84.99540859115228,81.63057315046674,91.72507947252336,52.747252747253384,7.142857142858482,48.94308103304004,0.09785299027227072,0.1381453980314333,0.13999999999998636,0.0,0.34000000000003183,1.0,19521.0,19521.0,2022-02-28,2022-02-28 18:50:00,3.392754456584247,71.0,1.0,best_within_2.0d,19591.0,336.0,0.5832424107187206,4.3760036431226785,32.22527881040892,0.012230020343504162,2.285057100371749,15.890706319702602,0.006381710269403211,0.4929364202292669,5.6011759621451125,36.843533123028394,0.015614239272951093,2.82998018927445,22.52492113564669,0.007835530045022196,1.8630914826498424,0.00402220134195386,1.9444468750000041,16.553125,0.005470102952261012,0.0,1
19521.0,2022-02-28 18:55:00,347.77,347.96,347.71,347.71,14620.0,1,1,0.0,sell,False,1.7303009633823156,6.639999999999986,56.0,0.019453884917379545,0.0782713400028443,0.40057698609240966,0.4397126560938318,0.0012676924068919454,69.71586320498331,82.93479216811286,82.06531282301545,84.6737508583077,14620.0,6.639999999999986,1.0,6.639999999999986,56.0,0.019453884917379545,6.639999999999986,56.0,0.019453884917379545,1.0,1.0,0.0782713400028443,0.4397126560938318,0.40057698609240966,69.71586320498331,82.93479216811286,82.06531282301545,84.6737508583077,51.322751322751635,5.820105820106583,51.134977361367696,-0.017252782011099945,0.0718989962900118,0.18999999999999773,0.0,0.060000000000002274,0.0,19522.0,19522.0,2022-02-28,2022-02-28 18:55:00,3.3677489862241465,70.0,1.0,best_within_2.0d,19591.0,336.0,0.5832424107187206,4.3760036431226785,32.22527881040892,0.012230020343504162,2.285057100371749,15.890706319702602,0.006381710269403211,0.4929364202292669,5.6011759621451125,36.843533123028394,0.015614239272951093,2.82998018927445,22.52492113564669,0.007835530045022196,1.8630914826498424,0.00402220134195386,1.9444468750000041,16.553125,0.005470102952261012,1.0,1
19530.0,2022-02-28 19:40:00,347.3,347.43,347.111,347.2,10850.0,3a,3a,1.0,buy,False,0.008117876818142144,4.163492493946733,28.239017640954685,0.011578080659927173,-0.16987632992863844,0.320702750052169,0.2357645850878498,0.0006791680751853129,52.20514700143614,25.35351081744637,38.02665741435586,0.007217623627397529,10850.0,0.8489999999999895,2.0,0.8489999999999895,10.0,0.002439935624784428,0.8489999999999895,10.0,0.002439935624784428,3.0,3.0,-0.16987632992863844,0.2357645850878498,0.320702750052169,52.20514700143614,25.35351081744637,38.02665741435586,0.007217623627397529,30.95442820292385,28.919461163656884,42.71850713873259,-0.028793550244751727,0.09190143786858292,0.12999999999999545,0.08899999999999864,0.10000000000002274,0.0,19531.0,19531.0,2022-02-28,2022-02-28 19:40:00,0.2332949308755767,305.0,1.0,best_within_2.0d,19835.0,348.01,0.5832424107187206,4.3760036431226785,32.22527881040892,0.012230020343504162,2.285057100371749,15.890706319702602,0.006381710269403211,0.4929364202292669,5.6011759621451125,36.843533123028394,0.015614239272951093,2.82998018927445,22.52492113564669,0.007835530045022196,1.8630914826498424,0.008117876818142144,0.8489999999999895,10.0,0.002439935624784428,0.0,0
19531.0,2022-02-28 19:45:00,347.2,347.2,346.02,346.04,42132.0,3a,3a,1.0,buy,False,0.008117876818142144,4.163492493946733,28.239017640954685,0.011578080659927173,-0.33399215312643726,0.2789537309113644,0.11195765434814575,0.00032259244202457614,32.601909217737344,17.294497407710093,31.115937412140603,-10.34838260115093,42132.0,1.9399999999999977,2.0,1.9399999999999977,11.0,0.005575353488906765,1.9399999999999977,11.0,0.005575353488906765,3.0,3.0,-0.33399215312643726,0.11195765434814575,0.2789537309113644,32.601909217737344,17.294497407710093,31.115937412140603,-10.34838260115093,17.556017556018396,48.51004851004831,43.01383854690489,-0.3341013824884701,0.34102075024565254,0.0,0.020000000000038654,1.1599999999999682,0.0,19532.0,19532.0,2022-02-28,2022-02-28 19:45:00,0.5692983470118975,304.0,1.0,best_within_2.0d,19835.0,348.01,0.5832424107187206,4.3760036431226785,32.22527881040892,0.012230020343504162,2.285057100371749,15.890706319702602,0.006381710269403211,0.4929364202292669,5.6011759621451125,36.843533123028394,0.015614239272951093,2.82998018927445,22.52492113564669,0.007835530045022196,1.8630914826498424,0.008117876818142144,1.9399999999999977,11.0,0.005575353488906765,0.0,0
19535.0,2022-03-01 04:05:00,346.4,346.4,345.24,345.46,15896.0,2s,2s,1.0,buy,False,0.29126213592233,4.163492493946733,28.239017640954685,0.011578080659927173,-0.4753409637447022,0.0771854961885993,-0.1604849856837518,-0.00046273748821475455,30.36519609539903,17.943892257827724,22.100575462802563,9.63052584787804,15896.0,2.7199999999999704,1.0,11.330000000000041,43.0,0.03359924082915703,2.7199999999999704,15.0,0.007816990458673326,2.0,2.5,-0.4753409637447022,-0.1604849856837518,0.0771854961885993,30.36519609539903,17.943892257827724,22.100575462802563,9.63052584787804,11.97503794906459,50.9360769101028,44.49811299347112,-0.2713625866050802,0.3359981462171151,0.0,0.21999999999997044,0.9399999999999977,0.0,19536.0,19536.0,2022-03-01,2022-03-01 04:05:00,0.7381462397962171,300.0,1.0,best_within_2.0d,19835.0,348.01,0.5832424107187206,4.3760036431226785,32.22527881040892,0.012230020343504162,2.285057100371749,15.890706319702602,0.006381710269403211,0.29126213592233,11.330000000000041,43.0,0.03359924082915703,2.7199999999999704,15.0,0.007816990458673326,2.0,0.00402220134195386,1.9444468750000041,16.553125,0.005470102952261012,0.0,0
19538.0,2022-03-01 04:20:00,345.48,345.48,345.09,345.09,1400.0,2s,2s,1.0,buy,False,0.3045013239188026,4.163492493946733,28.239017640954685,0.011578080659927173,-0.5339162443564616,-0.11960541203783501,-0.3865635342160658,-0.0011156122407630117,27.175237215511885,8.21036169917818,14.149852348735077,-3.6686195999356173,1400.0,2.8700000000000045,1.0,11.330000000000041,43.0,0.03359924082915703,2.8700000000000045,18.0,0.008248074491320855,2.0,2.5,-0.5339162443564616,-0.3865635342160658,-0.11960541203783501,27.175237215511885,8.21036169917818,14.149852348735077,-3.6686195999356173,15.134068103306708,46.71821023194651,46.09933684223194,-0.1128864188954623,0.1130139963487911,0.0,0.0,0.3900000000000432,0.0,19539.0,19539.0,2022-03-01,2022-03-01 04:20:00,0.8461560752267571,297.0,1.0,best_within_2.0d,19835.0,348.01,0.5832424107187206,4.3760036431226785,32.22527881040892,0.012230020343504162,2.285057100371749,15.890706319702602,0.006381710269403211,0.3045013239188026,11.330000000000041,43.0,0.03359924082915703,2.8700000000000045,18.0,0.008248074491320855,2.0,0.00402220134195386,1.9444468750000041,16.553125,0.005470102952261012,0.0,0
19539.0,2022-03-01 04:25:00,345.18,345.18,344.62,344.74,6200.0,2s,2s,1.0,buy,False,0.3459841129744044,4.163492493946733,28.239017640954685,0.011578080659927173,-0.55706243916851,-0.18923821693389875,-0.4677694365181537,-0.001350479468272025,24.426090993626815,7.023962063018079,11.774555586829411,-2.477224984604586,6200.0,3.339999999999975,1.0,11.330000000000041,43.0,0.03359924082915703,3.339999999999975,19.0,0.00959880446028272,2.0,2.5,-0.55706243916851,-0.4677694365181537,-0.18923821693389875,24.426090993626815,7.023962063018079,11.774555586829411,-2.477224984604586,9.495173286912006,52.38170596613425,47.75720299032984,-0.12746972594008857,0.16249782368986193,0.0,0.12000000000000455,0.4399999999999977,0.0,19540.0,19540.0,2022-03-01,2022-03-01 04:25:00,0.9485409293960613,296.0,1.0,best_within_2.0d,19835.0,348.01,0.5832424107187206,4.3760036431226785,32.22527881040892,0.012230020343504162,2.285057100371749,15.890706319702602,0.006381710269403211,0.3459841129744044,11.330000000000041,43.0,0.03359924082915703,3.339999999999975,19.0,0.00959880446028272,2.0,0.00402220134195386,1.9444468750000041,16.553125,0.005470102952261012,0.0,0
19540.0,2022-03-01 04:30:00,344.75,344.82,344.56,344.8,9100.0,2s,2s,1.0,buy,False,0.3512797881729924,4.163492493946733,28.239017640954685,0.011578080659927173,-0.5312592750362727,-0.25564562631343285,-0.5212752638315692,-0.0015054605072194773,25.811659620811113,8.10144479414897,10.550185322602596,3.2039637372417182,9100.0,3.3999999999999773,1.0,11.330000000000041,43.0,0.03359924082915703,3.3999999999999773,20.0,0.009771238073341699,2.0,2.5,-0.5312592750362727,-0.5212752638315692,-0.25564562631343285,25.811659620811113,8.10144479414897,10.550185322602596,3.2039637372417182,9.495173286912006,51.74869441367399,49.2739919240218,0.014503263234230998,0.07545855583932867,0.01999999999998181,0.18999999999999773,0.05000000000001137,1.0,19541.0,19541.0,2022-03-01,2022-03-01 04:30:00,0.9309744779582306,295.0,1.0,best_within_2.0d,19835.0,348.01,0.5832424107187206,4.3760036431226785,32.22527881040892,0.012230020343504162,2.285057100371749,15.890706319702602,0.006381710269403211,0.3512797881729924,11.330000000000041,43.0,0.03359924082915703,3.3999999999999773,20.0,0.009771238073341699,2.0,0.00402220134195386,1.9444468750000041,16.553125,0.005470102952261012,0.0,0
19542.0,2022-03-01 04:40:00,344.9,344.91,344.42,344.49,3040.0,2s,2s,1.0,buy,False,0.3636363636363627,4.163492493946733,28.239017640954685,0.011578080659927173,-0.4605697955103889,-0.3735387904814219,-0.6038236882366164,-0.001745025933308444,23.25669992068157,6.820704624988951,8.92248759946478,2.6171386760372926,3040.0,3.5399999999999636,1.0,11.330000000000041,43.0,0.03359924082915703,3.5399999999999636,22.0,0.01017358317047926,2.0,2.5,-0.4605697955103889,-0.6038236882366164,-0.3735387904814219,23.25669992068157,6.820704624988951,8.92248759946478,2.6171386760372926,11.585276433494181,50.15398152221786,50.9998858579125,-0.11887503624237988,0.14226816096626474,0.010000000000047748,0.06999999999999318,0.40999999999996817,0.0,19543.0,19543.0,2022-03-01,2022-03-01 04:40:00,1.0218003425353368,293.0,1.0,best_within_2.0d,19835.0,348.01,0.5832424107187206,4.3760036431226785,32.22527881040892,0.012230020343504162,2.285057100371749,15.890706319702602,0.006381710269403211,0.3636363636363627,11.330000000000041,43.0,0.03359924082915703,3.5399999999999636,22.0,0.01017358317047926,2.0,0.00402220134195386,1.9444468750000041,16.553125,0.005470102952261012,0.0,0
19543.0,2022-03-01 04:45:00,344.5,344.64,344.38,344.6,4500.0,2s,2s,1.0,buy,False,0.3671668137687564,4.163492493946733,28.239017640954685,0.011578080659927173,-0.401782355602854,-0.4237615849317787,-0.6246527627332057,-0.0018057722070700254,26.053748213534575,8.177499452963414,8.674158217297657,7.184181924294926,4500.0,3.579999999999984,1.0,11.330000000000041,43.0,0.03359924082915703,3.579999999999984,23.0,0.010288538912518635,2.0,2.5,-0.401782355602854,-0.6246527627332057,-0.4237615849317787,26.053748213534575,8.177499452963414,8.674158217297657,7.184181924294926,11.434360978433508,48.776957591547784,51.78698192300676,0.029027576197394118,0.07549799639932368,0.03999999999996362,0.12000000000000455,0.10000000000002274,1.0,19544.0,19544.0,2022-03-01,2022-03-01 04:45:00,0.9895531050493231,292.0,1.0,best_within_2.0d,19835.0,348.01,0.5832424107187206,4.3760036431226785,32.22527881040892,0.012230020343504162,2.285057100371749,15.890706319702602,0.006381710269403211,0.3671668137687564,11.330000000000041,43.0,0.03359924082915703,3.579999999999984,23.0,0.010288538912518635,2.0,0.00402220134195386,1.9444468750000041,16.553125,0.005470102952261012,0.0,0
19544.0,2022-03-01 04:50:00,344.57,344.57,344.08,344.23,3445.0,2s,2s,1.0,buy,False,0.3936451897616964,4.163492493946733,28.239017640954685,0.011578080659927173,-0.38337179643963815,-0.4716830594867334,-0.6633689577065525,-0.001918388851103863,23.015188640697247,8.519150964553,8.622489133049438,8.312474627560128,3445.0,3.8799999999999955,1.0,11.330000000000041,43.0,0.03359924082915703,3.8799999999999955,24.0,0.01115070697781353,2.0,2.5,-0.38337179643963815,-0.6633689577065525,-0.4716830594867334,23.015188640697247,8.519150964553,8.622489133049438,8.312474627560128,11.111111111110667,49.38115330520458,52.60679443752423,-0.09867370926081058,0.14240874215299032,0.0,0.1500000000000341,0.339999999999975,0.0,19545.0,19545.0,2022-03-01,2022-03-01 04:50:00,1.0981030125206903,291.0,1.0,best_within_2.0d,19835.0,348.01,0.5832424107187206,4.3760036431226785,32.22527881040892,0.012230020343504162,2.285057100371749,15.890706319702602,0.006381710269403211,0.3936451897616964,11.330000000000041,43.0,0.03359924082915703,3.8799999999999955,24.0,0.01115070697781353,2.0,0.00402220134195386,1.9444468750000041,16.553125,0.005470102952261012,0.0,0
19546.0,2022-03-01 05:00:00,344.09,344.23,343.87,343.91,2151.0,2s,2s,1.0,buy,False,0.4121800529567519,4.163492493946733,28.239017640954685,0.011578080659927173,-0.337229710842188,-0.5580049944599528,-0.7266198498810468,-0.0021028384416331303,20.643424148355464,5.568775229166443,7.2686817619450785,2.168962163609173,2151.0,4.089999999999975,1.0,11.330000000000041,43.0,0.03359924082915703,4.089999999999975,26.0,0.011754224623519874,2.0,2.5,-0.337229710842188,-0.7266198498810468,-0.5580049944599528,20.643424148355464,5.568775229166443,7.2686817619450785,2.168962163609173,13.389830508473882,45.76271186440633,52.6370509300071,-0.05231189514369787,0.10469072614651281,0.1400000000000432,0.040000000000020464,0.17999999999994998,0.0,19547.0,19547.0,2022-03-01,2022-03-01 05:00:00,1.1921723706783651,289.0,1.0,best_within_2.0d,19835.0,348.01,0.5832424107187206,4.3760036431226785,32.22527881040892,0.012230020343504162,2.285057100371749,15.890706319702602,0.006381710269403211,0.4121800529567519,11.330000000000041,43.0,0.03359924082915703,4.089999999999975,26.0,0.011754224623519874,2.0,0.00402220134195386,1.9444468750000041,16.553125,0.005470102952261012,0.0,0
19547.0,2022-03-01 05:05:00,344.0,344.0,343.68,343.76,3211.0,2s,2s,1.0,buy,False,0.4289496910856131,4.163492493946733,28.239017640954685,0.011578080659927173,-0.3184211882600896,-0.5978076429924639,-0.7570182371225087,-0.0021916488165708674,19.604999106839372,5.49029459722172,6.675886040370625,3.1191117109239084,3211.0,4.279999999999973,1.0,11.330000000000041,43.0,0.03359924082915703,4.279999999999973,27.0,0.012300264398206614,2.0,2.5,-0.3184211882600896,-0.7570182371225087,-0.5978076429924639,19.604999106839372,5.49029459722172,6.675886040370625,3.1191117109239084,10.659898477156277,48.900169204737296,53.46330053890289,-0.06976744186046777,0.09310986964618051,0.0,0.07999999999998408,0.2400000000000091,0.0,19548.0,19548.0,2022-03-01,2022-03-01 05:05:00,1.2363276704677681,288.0,1.0,best_within_2.0d,19835.0,348.01,0.5832424107187206,4.3760036431226785,32.22527881040892,0.012230020343504162,2.285057100371749,15.890706319702602,0.006381710269403211,0.4289496910856131,11.330000000000041,43.0,0.03359924082915703,4.279999999999973,27.0,0.012300264398206614,2.0,0.00402220134195386,1.9444468750000041,16.553125,0.005470102952261012,0.0,0
19548.0,2022-03-01 05:10:00,343.72,343.85,343.63,343.85,7574.0,2s,2s,1.0,buy,False,0.4333627537511039,4.163492493946733,28.239017640954685,0.011578080659927173,-0.2675528300059118,-0.6312517467432028,-0.7650281617461587,-0.0022155797959552003,22.135851909436894,8.974206059984239,7.4419927135751625,12.038632752802389,7574.0,4.329999999999984,1.0,11.330000000000041,43.0,0.03359924082915703,4.329999999999984,28.0,0.01244395907575579,2.0,2.5,-0.2675528300059118,-0.7650281617461587,-0.6312517467432028,22.135851909436894,8.974206059984239,7.4419927135751625,12.038632752802389,7.312614259597278,53.747714808043014,55.07648651409682,0.03782148260211667,0.064022349620239,0.0,0.09000000000003183,0.12999999999999545,1.0,19549.0,19549.0,2022-03-01,2022-03-01 05:10:00,1.209829867674849,287.0,1.0,best_within_2.0d,19835.0,348.01,0.5832424107187206,4.3760036431226785,32.22527881040892,0.012230020343504162,2.285057100371749,15.890706319702602,0.006381710269403211,0.4333627537511039,11.330000000000041,43.0,0.03359924082915703,4.329999999999984,28.0,0.01244395907575579,2.0,0.00402220134195386,1.9444468750000041,16.553125,0.005470102952261012,1.0,0
19553.0,2022-03-01 05:35:00,343.8,343.84,343.5,343.69,7150.0,2s,2s,1.0,buy,False,0.4448367166813771,4.163492493946733,28.239017640954685,0.011578080659927173,-0.011630399729366081,-0.6605136327767146,-0.6663288326413976,-0.0019320207281840111,28.429175368259024,26.89427194758429,27.00192287779021,26.678970087172452,7150.0,4.4599999999999795,1.0,11.330000000000041,43.0,0.03359924082915703,4.4599999999999795,33.0,0.01281756523738355,2.0,2.5,-0.011630399729366081,-0.6663288326413976,-0.6605136327767146,28.429175368259024,26.89427194758429,27.00192287779021,26.678970087172452,16.810344827585464,40.73275862068898,50.64104350895884,-0.031995346131475755,0.09898107714700873,0.03999999999996362,0.18999999999999773,0.11000000000001364,0.0,19554.0,19554.0,2022-03-01,2022-03-01 05:35:00,1.2569466670546112,282.0,1.0,best_within_2.0d,19835.0,348.01,0.5832424107187206,4.3760036431226785,32.22527881040892,0.012230020343504162,2.285057100371749,15.890706319702602,0.006381710269403211,0.4448367166813771,11.330000000000041,43.0,0.03359924082915703,4.4599999999999795,33.0,0.01281756523738355,2.0,0.00402220134195386,1.9444468750000041,16.553125,0.005470102952261012,1.0,0
19557.0,2022-03-01 05:55:00,345.0,345.45,344.86,345.15,10150.0,2,2,0.0,sell,False,0.43721973094170347,4.163492493946733,28.239017640954685,0.011578080659927173,0.40445023295492577,-0.5267285753298678,-0.32450345885240495,-0.0009408804627645215,53.50879303851231,79.88915181175757,64.25570456520983,111.15604630485305,10150.0,1.9499999999999886,1.0,4.4599999999999795,33.0,0.01281756523738355,1.9499999999999886,5.0,0.005676855895196473,2.0,2.0,0.40445023295492577,-0.32450345885240495,-0.5267285753298678,53.50879303851231,79.88915181175757,64.25570456520983,111.15604630485305,39.14590747330938,27.935943060498076,40.54692144808599,0.043478260869558624,0.17108391811169024,0.30000000000001137,0.13999999999998636,0.14999999999997726,1.0,19558.0,19558.0,2022-03-01,2022-03-01 05:55:00,2.6510212950890852,34.0,1.0,best_within_2.0d,19591.0,336.0,0.43721973094170347,4.4599999999999795,33.0,0.01281756523738355,1.9499999999999886,5.0,0.005676855895196473,0.4929364202292669,5.6011759621451125,36.843533123028394,0.015614239272951093,2.82998018927445,22.52492113564669,0.007835530045022196,1.8630914826498424,0.00402220134195386,1.9444468750000041,16.553125,0.005470102952261012,1.0,1
19561.0,2022-03-01 06:15:00,344.54,344.64,344.43,344.64,1700.0,2s,2s,1.0,buy,False,0.3627537511032656,4.163492493946733,28.239017640954685,0.011578080659927173,0.28023064237700834,-0.3548591322117584,-0.21474381102325424,-0.0006227307395352671,46.330783886033764,63.681807765285264,67.14888697564837,56.74764934455905,1700.0,1.0199999999999818,1.0,11.330000000000041,43.0,0.03359924082915703,1.0199999999999818,5.0,0.0029526704298740245,3.0,2.5,0.28023064237700834,-0.21474381102325424,-0.3548591322117584,46.330783886033764,63.681807765285264,67.14888697564837,56.74764934455905,40.816326530613,22.82003710575227,36.5398192616402,0.02902420618795086,0.06097029875445796,0.0,0.11000000000001364,0.0999999999999659,1.0,19562.0,19562.0,2022-03-01,2022-03-01 06:15:00,0.9778319405756745,274.0,1.0,best_within_2.0d,19835.0,348.01,0.5832424107187206,4.3760036431226785,32.22527881040892,0.012230020343504162,2.285057100371749,15.890706319702602,0.006381710269403211,0.3627537511032656,11.330000000000041,43.0,0.03359924082915703,1.0199999999999818,5.0,0.0029526704298740245,3.0,0.00402220134195386,1.9444468750000041,16.553125,0.005470102952261012,1.0,0
19566.0,2022-03-01 06:40:00,344.89,344.94,344.22,344.28,12350.0,2s,2s,1.0,buy,False,0.38128861429832106,4.163492493946733,28.239017640954685,0.011578080659927173,0.15467342381859694,-0.19563164456984516,-0.11829493266054669,-0.00034305391862746686,41.69624970690348,40.2280349831078,54.82077351088304,11.042557927557311,12350.0,1.2299999999999613,1.0,11.330000000000041,43.0,0.03359924082915703,1.2299999999999613,10.0,0.0035605731654362754,3.0,2.5,0.15467342381859694,-0.11829493266054669,-0.19563164456984516,41.69624970690348,40.2280349831078,54.82077351088304,11.042557927557311,35.16483516483622,21.350078492936404,33.92328036106729,-0.17686798689437608,0.20916855499389064,0.05000000000001137,0.05999999999994543,0.6100000000000136,0.0,19567.0,19567.0,2022-03-01,2022-03-01 06:40:00,1.0834204717090794,269.0,1.0,best_within_2.0d,19835.0,348.01,0.5832424107187206,4.3760036431226785,32.22527881040892,0.012230020343504162,2.285057100371749,15.890706319702602,0.006381710269403211,0.38128861429832106,11.330000000000041,43.0,0.03359924082915703,1.2299999999999613,10.0,0.0035605731654362754,3.0,0.00402220134195386,1.9444468750000041,16.553125,0.005470102952261012,0.0,0
19567.0,2022-03-01 06:45:00,344.2,344.21,344.01,344.01,4200.0,2s,2s,1.0,buy,False,0.3998234774933816,4.163492493946733,28.239017640954685,0.011578080659927173,0.04832677982610961,-0.18959079709158147,-0.16542740717852666,-0.0004798219566860937,38.6285883932676,26.81868998873853,45.486745670168204,-10.517421374120815,4200.0,1.4399999999999977,1.0,11.330000000000041,43.0,0.03359924082915703,1.4399999999999977,11.0,0.004168475900998691,3.0,2.5,0.04832677982610961,-0.16542740717852666,-0.18959079709158147,38.6285883932676,26.81868998873853,45.486745670168204,-10.517421374120815,35.5555555555566,22.222222222223326,33.148540555056925,-0.05520046484601909,0.05813784483008885,0.009999999999990905,0.0,0.18999999999999773,0.0,19568.0,19568.0,2022-03-01,2022-03-01 06:45:00,1.162756896601843,268.0,1.0,best_within_2.0d,19835.0,348.01,0.5832424107187206,4.3760036431226785,32.22527881040892,0.012230020343504162,2.285057100371749,15.890706319702602,0.006381710269403211,0.3998234774933816,11.330000000000041,43.0,0.03359924082915703,1.4399999999999977,11.0,0.004168475900998691,3.0,0.00402220134195386,1.9444468750000041,16.553125,0.005470102952261012,0.0,0
19568.0,2022-03-01 06:50:00,343.99,344.01,343.32,343.51,11719.0,1p,"1p,2s",1.0,buy,False,0.14580650806345885,2.1299999999999955,12.0,0.00616587060356056,-0.0812233436091242,-0.19974371504272198,-0.24035538684728408,-0.0006973389803007678,33.686036349085356,20.89499967503197,37.28949700512279,-11.893994985149675,11719.0,2.1299999999999955,0.0,2.1299999999999955,12.0,0.00616587060356056,2.1299999999999955,0.0,0.0,1.0,1.0,-0.0812233436091242,-0.24035538684728408,-0.19974371504272198,33.686036349085356,20.89499967503197,37.28949700512279,-11.893994985149675,25.44570502431171,33.87358184765129,31.795619820640358,-0.13953894008547288,0.20097867878364142,0.01999999999998181,0.18999999999999773,0.4800000000000182,0.0,19569.0,19569.0,2022-03-01,2022-03-01 06:50:00,1.310005531134465,267.0,1.0,best_within_2.0d,19835.0,348.01,0.5832424107187206,4.3760036431226785,32.22527881040892,0.012230020343504162,2.285057100371749,15.890706319702602,0.006381710269403211,0.4607237422771411,11.330000000000041,43.0,0.03359924082915703,2.1299999999999955,12.0,0.00616587060356056,3.0,0.00402220134195386,1.9444468750000041,16.553125,0.005470102952261012,0.0,0
19568.0,2022-03-01 06:50:00,343.99,344.01,343.32,343.51,11719.0,2s,"1p,2s",1.0,buy,False,0.14580650806345885,2.1299999999999955,12.0,0.00616587060356056,-0.0812233436091242,-0.19974371504272198,-0.24035538684728408,-0.0006973389803007678,33.686036349085356,20.89499967503197,37.28949700512279,-11.893994985149675,11719.0,2.1299999999999955,0.0,2.1299999999999955,12.0,0.00616587060356056,2.1299999999999955,0.0,0.0,1.0,1.0,-0.0812233436091242,-0.24035538684728408,-0.19974371504272198,33.686036349085356,20.89499967503197,37.28949700512279,-11.893994985149675,25.44570502431171,33.87358184765129,31.795619820640358,-0.13953894008547288,0.20097867878364142,0.01999999999998181,0.18999999999999773,0.4800000000000182,0.0,19569.0,19569.0,2022-03-01,2022-03-01 06:50:00,1.310005531134465,267.0,1.0,best_within_2.0d,19835.0,348.01,0.5832424107187206,4.3760036431226785,32.22527881040892,0.012230020343504162,2.285057100371749,15.890706319702602,0.006381710269403211,0.4607237422771411,11.330000000000041,43.0,0.03359924082915703,2.1299999999999955,12.0,0.00616587060356056,3.0,0.00402220134195386,1.9444468750000041,16.553125,0.005470102952261012,0.0,0
19569.0,2022-03-01 06:55:00,343.42,343.77,343.18,343.77,11049.0,2s,"1p,2s",1.0,buy,False,0.21781711195184922,2.269999999999982,13.0,0.006571139093935394,-0.12133775345824871,-0.21491093422500307,-0.2755798109541274,-0.0007996905533142195,38.11989155232442,22.709761688116142,32.42958523278724,3.2701145987739437,11049.0,2.269999999999982,0.0,2.269999999999982,13.0,0.006571139093935394,2.269999999999982,0.0,0.0,1.0,1.0,-0.12133775345824871,-0.2755798109541274,-0.21491093422500307,38.11989155232442,22.709761688116142,32.42958523278724,3.2701145987739437,20.77922077922102,36.20129870130019,31.45775605241808,0.10191602119852249,0.17192144064338685,0.0,0.2400000000000091,0.3499999999999659,1.0,19570.0,19570.0,2022-03-01,2022-03-01 06:55:00,1.2333827850016026,266.0,1.0,best_within_2.0d,19835.0,348.01,0.5832424107187206,4.3760036431226785,32.22527881040892,0.012230020343504162,2.285057100371749,15.890706319702602,0.006381710269403211,0.4730803177405114,11.330000000000041,43.0,0.03359924082915703,2.269999999999982,13.0,0.006571139093935394,3.0,0.00402220134195386,1.9444468750000041,16.553125,0.005470102952261012,1.0,0
19569.0,2022-03-01 06:55:00,343.42,343.77,343.18,343.77,11049.0,1p,"1p,2s",1.0,buy,False,0.21781711195184922,2.269999999999982,13.0,0.006571139093935394,-0.12133775345824871,-0.21491093422500307,-0.2755798109541274,-0.0007996905533142195,38.11989155232442,22.709761688116142,32.42958523278724,3.2701145987739437,11049.0,2.269999999999982,0.0,2.269999999999982,13.0,0.006571139093935394,2.269999999999982,0.0,0.0,1.0,1.0,-0.12133775345824871,-0.2755798109541274,-0.21491093422500307,38.11989155232442,22.709761688116142,32.42958523278724,3.2701145987739437,20.77922077922102,36.20129870130019,31.45775605241808,0.10191602119852249,0.17192144064338685,0.0,0.2400000000000091,0.3499999999999659,1.0,19570.0,19570.0,2022-03-01,2022-03-01 06:55:00,1.2333827850016026,266.0,1.0,best_within_2.0d,19835.0,348.01,0.5832424107187206,4.3760036431226785,32.22527881040892,0.012230020343504162,2.285057100371749,15.890706319702602,0.006381710269403211,0.4730803177405114,11.330000000000041,43.0,0.03359924082915703,2.269999999999982,13.0,0.006571139093935394,3.0,0.00402220134195386,1.9444468750000041,16.553125,0.005470102952261012,1.0,0
19575.0,2022-03-01 07:25:00,344.48,345.17,344.09,345.12,30906.0,2s,2s,0.0,sell,False,0.37443946188341337,4.163492493946733,28.239017640954685,0.011578080659927173,0.15553662004148466,-0.2067999878926071,-0.12903167787186476,-0.0003745076685612878,56.018503559121775,66.12399330998113,49.93486944645936,98.50224103702467,30906.0,1.990000000000009,1.0,4.4599999999999795,33.0,0.01281756523738355,1.990000000000009,7.0,0.005798706218311116,1.0,2.5,0.15553662004148466,-0.12903167787186476,-0.2067999878926071,56.018503559121775,66.12399330998113,49.93486944645936,98.50224103702467,30.63291139240579,30.12658227848147,26.242406403786696,0.18578727357175637,0.31387137086228634,0.05000000000001137,0.3900000000000432,0.6399999999999864,1.0,19576.0,19576.0,2022-03-01,2022-03-01 07:25:00,2.6425591098748273,16.0,1.0,best_within_2.0d,19591.0,336.0,0.5832424107187206,4.3760036431226785,32.22527881040892,0.012230020343504162,2.285057100371749,15.890706319702602,0.006381710269403211,0.37443946188341337,4.4599999999999795,33.0,0.01281756523738355,1.990000000000009,7.0,0.005798706218311116,1.0,0.00402220134195386,1.9444468750000041,16.553125,0.005470102952261012,1.0,1
19582.0,2022-03-01 08:00:00,344.43,349.1,343.75,344.12,66630.0,2,2,1.0,buy,False,0.7135678391959847,4.163492493946733,28.239017640954685,0.011578080659927173,0.008023833260760171,-0.1321423464163634,-0.12813042978598332,-0.00037200370285028143,46.20635162966149,29.304261289929347,41.45466035221044,5.003463165367165,66630.0,1.420000000000016,1.0,1.990000000000009,7.0,0.005798706218311116,1.420000000000016,8.0,0.004113914882521702,2.0,2.0,0.008023833260760171,-0.12813042978598332,-0.1321423464163634,46.20635162966149,29.304261289929347,41.45466035221044,5.003463165367165,50.664581704456666,12.27521501172784,25.295741088942435,-0.09000377435182833,1.556363636363643,4.670000000000016,0.37000000000000455,0.3100000000000023,0.0,19583.0,19583.0,2022-03-01,2022-03-01 08:00:00,1.1304196210624162,253.0,1.0,best_within_2.0d,19835.0,348.01,0.7135678391959847,1.990000000000009,7.0,0.005798706218311116,1.420000000000016,8.0,0.004113914882521702,0.4929364202292669,5.6011759621451125,36.843533123028394,0.015614239272951093,2.82998018927445,22.52492113564669,0.007835530045022196,1.8630914826498424,0.00402220134195386,1.9444468750000041,16.553125,0.005470102952261012,1.0,0
19587.0,2022-03-01 08:25:00,344.82,345.81,344.64,345.71,49110.0,1p,"1p,2s",0.0,sell,False,1.3429094975630014,2.0600000000000023,6.0,0.00599272727272728,0.2788580882668228,-0.04543896796213075,0.09399007617128063,0.0002727594324970389,61.85101098385167,25.835075214672944,25.476856331442207,26.551512981134422,49110.0,2.0600000000000023,0.0,2.0600000000000023,6.0,0.00599272727272728,2.0600000000000023,0.0,0.0,1.0,1.0,0.2788580882668228,0.09399007617128063,-0.04543896796213075,61.85101098385167,25.835075214672944,25.476856331442207,26.551512981134422,52.65879576690222,7.574709211283497,37.80515539614948,0.2581056783249192,0.3394846796657428,0.10000000000002274,0.18000000000000682,0.8899999999999864,1.0,19588.0,19588.0,2022-03-01,2022-03-01 08:25:00,2.8087125047004657,4.0,1.0,best_within_2.0d,19591.0,336.0,0.5832424107187206,4.3760036431226785,32.22527881040892,0.012230020343504162,2.285057100371749,15.890706319702602,0.006381710269403211,0.5179372197309446,4.4599999999999795,33.0,0.01281756523738355,2.0600000000000023,6.0,0.00599272727272728,2.0,0.00402220134195386,1.9444468750000041,16.553125,0.005470102952261012,0.0,1
19587.0,2022-03-01 08:25:00,344.82,345.81,344.64,345.71,49110.0,2s,"1p,2s",0.0,sell,False,1.3429094975630014,2.0600000000000023,6.0,0.00599272727272728,0.2788580882668228,-0.04543896796213075,0.09399007617128063,0.0002727594324970389,61.85101098385167,25.835075214672944,25.476856331442207,26.551512981134422,49110.0,2.0600000000000023,0.0,2.0600000000000023,6.0,0.00599272727272728,2.0600000000000023,0.0,0.0,1.0,1.0,0.2788580882668228,0.09399007617128063,-0.04543896796213075,61.85101098385167,25.835075214672944,25.476856331442207,26.551512981134422,52.65879576690222,7.574709211283497,37.80515539614948,0.2581056783249192,0.3394846796657428,0.10000000000002274,0.18000000000000682,0.8899999999999864,1.0,19588.0,19588.0,2022-03-01,2022-03-01 08:25:00,2.8087125047004657,4.0,1.0,best_within_2.0d,19591.0,336.0,0.5832424107187206,4.3760036431226785,32.22527881040892,0.012230020343504162,2.285057100371749,15.890706319702602,0.006381710269403211,0.5179372197309446,4.4599999999999795,33.0,0.01281756523738355,2.0600000000000023,6.0,0.00599272727272728,2.0,0.00402220134195386,1.9444468750000041,16.553125,0.005470102952261012,0.0,1
19588.0,2022-03-01 08:30:00,345.74,346.16,345.37,346.01,69639.0,1p,"1p,2s",0.0,sell,False,1.8359443635447066,2.410000000000025,7.0,0.007010909090909164,0.38123785430917106,0.0022157638265156375,0.19283469098110118,0.0005594359389398844,64.1334092983144,31.304380361183714,27.419364341356044,39.07441240083905,69639.0,2.410000000000025,0.0,2.410000000000025,7.0,0.007010909090909164,2.410000000000025,0.0,0.0,1.0,1.0,0.38123785430917106,0.19283469098110118,0.0022157638265156375,64.1334092983144,31.304380361183714,27.419364341356044,39.07441240083905,53.070563381310635,7.602394754347689,40.45762708472053,0.0780933649563203,0.22874019167849566,0.1500000000000341,0.37000000000000455,0.2699999999999818,1.0,19589.0,19589.0,2022-03-01,2022-03-01 08:30:00,2.8929799716771165,3.0,1.0,best_within_2.0d,19591.0,336.0,0.5832424107187206,4.3760036431226785,32.22527881040892,0.012230020343504162,2.285057100371749,15.890706319702602,0.006381710269403211,0.59641255605382,4.4599999999999795,33.0,0.01281756523738355,2.410000000000025,7.0,0.007010909090909164,2.0,0.00402220134195386,1.9444468750000041,16.553125,0.005470102952261012,0.0,1
19588.0,2022-03-01 08:30:00,345.74,346.16,345.37,346.01,69639.0,2s,"1p,2s",0.0,sell,False,1.8359443635447066,2.410000000000025,7.0,0.007010909090909164,0.38123785430917106,0.0022157638265156375,0.19283469098110118,0.0005594359389398844,64.1334092983144,31.304380361183714,27.419364341356044,39.07441240083905,69639.0,2.410000000000025,0.0,2.410000000000025,7.0,0.007010909090909164,2.410000000000025,0.0,0.0,1.0,1.0,0.38123785430917106,0.19283469098110118,0.0022157638265156375,64.1334092983144,31.304380361183714,27.419364341356044,39.07441240083905,53.070563381310635,7.602394754347689,40.45762708472053,0.0780933649563203,0.22874019167849566,0.1500000000000341,0.37000000000000455,0.2699999999999818,1.0,19589.0,19589.0,2022-03-01,2022-03-01 08:30:00,2.8929799716771165,3.0,1.0,best_within_2.0d,19591.0,336.0,0.5832424107187206,4.3760036431226785,32.22527881040892,0.012230020343504162,2.285057100371749,15.890706319702602,0.006381710269403211,0.59641255605382,4.4599999999999795,33.0,0.01281756523738355,2.410000000000025,7.0,0.007010909090909164,2.0,0.00402220134195386,1.9444468750000041,16.553125,0.005470102952261012,0.0,1
19591.0,2022-03-01 08:45:00,336.05,336.32,335.84,336.0,6129.0,1p,1p,1.0,buy,False,1.5618645582386548,4.110000000000014,9.0,0.01209001323724081,-0.5952608552754275,-0.0695013236276194,-0.36713175126533315,-0.0010847844779716827,26.06339998881697,18.527127932860033,37.78514383633961,-19.988903874099115,6129.0,4.110000000000014,0.0,4.110000000000014,9.0,0.01209001323724081,4.110000000000014,0.0,0.0,1.0,1.0,-0.5952608552754275,-0.36713175126533315,-0.0695013236276194,26.06339998881697,18.527127932860033,37.78514383633961,-19.988903874099115,24.999702384495667,50.712491517958256,30.06860218582823,-0.014878738282996984,0.14292520247737558,0.2699999999999818,0.160000000000025,0.05000000000001137,0.0,19592.0,19592.0,2022-03-01,2022-03-01 08:45:00,1.4902303878681873,244.0,1.0,best_within_2.0d,19835.0,348.01,0.5832424107187206,4.3760036431226785,32.22527881040892,0.012230020343504162,2.285057100371749,15.890706319702602,0.006381710269403211,0.4929364202292669,5.6011759621451125,36.843533123028394,0.015614239272951093,2.82998018927445,22.52492113564669,0.007835530045022196,1.8630914826498424,0.00402220134195386,1.9444468750000041,16.553125,0.005470102952261012,0.0,0
19591.0,2022-03-01 08:45:00,338.17,338.17,337.47,337.78,17097.0,2,2,1.0,buy,False,0.5594594594594507,4.163492493946733,28.239017640954685,0.011578080659927173,-0.0713781871167562,0.20030697303363673,0.16461787947525863,0.0004865207943823846,43.36592384187239,33.7859074101015,51.16557547959902,-0.9734287288935377,17097.0,2.069999999999993,1.0,3.7000000000000455,16.0,0.011017151024297421,2.069999999999993,10.0,0.006096483477646207,2.0,2.0,-0.0713781871167562,0.16461787947525863,0.20030697303363673,43.36592384187239,33.7859074101015,51.16557547959902,-0.9734287288935377,24.876441515652257,33.44316309720081,49.87876978790048,-0.11532661087619932,0.20742584526031604,0.0,0.30999999999994543,0.3900000000000432,0.0,19592.0,19592.0,2022-03-01,2022-03-01 08:45:00,1.4902303878681873,244.0,1.0,best_within_2.0d,19835.0,348.01,0.5594594594594507,3.7000000000000455,16.0,0.011017151024297421,2.069999999999993,10.0,0.006096483477646207,0.4929364202292669,5.6011759621451125,36.843533123028394,0.015614239272951093,2.82998018927445,22.52492113564669,0.007835530045022196,1.8630914826498424,0.00402220134195386,1.9444468750000041,16.553125,0.005470102952261012,0.0,0
19591.0,2022-03-01 08:45:00,338.3,338.59,337.39,337.76,1323138.0,2s,2s,1.0,buy,False,0.5810810810810831,4.163492493946733,28.239017640954685,0.011578080659927173,-1.0423145038727675,-0.06704389230199907,-0.5882011442383828,-0.0017272543798411753,34.39955357149401,18.10758672862131,23.468155523760842,7.386449138342243,1323138.0,6.670000000000016,1.0,3.7000000000000455,16.0,0.011017151024297421,6.670000000000016,18.0,0.01938615357786437,1.0,2.5,-1.0423145038727675,-0.5882011442383828,-0.06704389230199907,34.39955357149401,18.10758672862131,23.468155523760842,7.386449138342243,6.511184081277387,34.576632707474744,39.77712096954598,-0.15962163759976955,0.3556714781113811,0.2899999999999636,0.37000000000000455,0.5400000000000205,0.0,19592.0,19592.0,2022-03-01,2022-03-01 08:45:00,1.4902303878681873,244.0,1.0,best_within_2.0d,19835.0,348.01,0.5832424107187206,4.3760036431226785,32.22527881040892,0.012230020343504162,2.285057100371749,15.890706319702602,0.006381710269403211,0.5810810810810831,3.7000000000000455,16.0,0.011017151024297421,6.670000000000016,18.0,0.01938615357786437,1.0,0.00402220134195386,1.9444468750000041,16.553125,0.005470102952261012,0.0,0
19591.0,2022-03-01 08:45:00,343.2,343.28,342.36,342.9,777779.0,3a,3a,1.0,buy,False,0.0061338785669837114,4.163492493946733,28.239017640954685,0.011578080659927173,-0.6815700939250524,0.43825550799435886,0.09747046103183266,0.00028351712505268815,43.13685683615432,22.73286981588607,31.05405396838441,6.090501510889396,777779.0,3.3799999999999955,2.0,3.3799999999999955,15.0,0.009776132353791853,3.3799999999999955,15.0,0.009776132353791853,3.0,3.0,-0.6815700939250524,0.09747046103183266,0.43825550799435886,43.13685683615432,22.73286981588607,31.05405396838441,6.090501510889396,12.24264946172296,41.26945593411806,28.919651997596755,-0.08741258741259073,0.26872298165672365,0.07999999999998408,0.5399999999999636,0.30000000000001137,0.0,19592.0,19592.0,2022-03-01,2022-03-01 08:45:00,1.4902303878681873,244.0,1.0,best_within_2.0d,19835.0,348.01,0.5832424107187206,4.3760036431226785,32.22527881040892,0.012230020343504162,2.285057100371749,15.890706319702602,0.006381710269403211,0.4929364202292669,5.6011759621451125,36.843533123028394,0.015614239272951093,2.82998018927445,22.52492113564669,0.007835530045022196,1.8630914826498424,0.0061338785669837114,3.3799999999999955,15.0,0.009776132353791853,0.0,0
19592.0,2022-03-01 08:50:00,345.91,346.48,345.8201,346.48,40066.0,1p,1p,0.0,sell,False,2.0454685987449417,2.730000000000018,11.0,0.007941818181818234,0.42474601906601805,0.1926082261537529,0.4049812356867619,0.0011737311952728035,65.19780284265786,69.95601146328133,49.03694305289858,111.79414828404683,40066.0,2.730000000000018,0.0,2.730000000000018,11.0,0.007941818181818234,2.730000000000018,0.0,0.0,1.0,1.0,0.42474601906601805,0.4049812356867619,0.1926082261537529,65.19780284265786,69.95601146328133,49.03694305289858,111.79414828404683,54.70230898968595,3.2836310989715884,50.26915260345091,0.16478274695729905,0.19082175963745115,0.0,0.08990000000000009,0.5699999999999932,1.0,19593.0,19593.0,2022-03-01,2022-03-01 08:50:00,2.5167397829600633,62.0,1.0,best_within_2.0d,19654.0,337.76,0.5832424107187206,4.3760036431226785,32.22527881040892,0.012230020343504162,2.285057100371749,15.890706319702602,0.006381710269403211,0.4929364202292669,5.6011759621451125,36.843533123028394,0.015614239272951093,2.82998018927445,22.52492113564669,0.007835530045022196,1.8630914826498424,0.00402220134195386,1.9444468750000041,16.553125,0.005470102952261012,0.0,1
19593.0,2022-03-01 08:55:00,346.49,346.54,345.75,345.81,107464.0,1p,"1p,2s",0.0,sell,False,2.0454685987449417,2.7900000000000205,12.0,0.008116363636363696,0.33871194102205004,0.23494721878150915,0.40430318929253417,0.0011715717503261306,57.19036278771245,68.3279310871635,55.46727239765355,94.04924846618341,107464.0,2.7900000000000205,0.0,2.7900000000000205,12.0,0.008116363636363696,2.7900000000000205,0.0,0.0,1.0,1.0,0.33871194102205004,0.40430318929253417,0.23494721878150915,57.19036278771245,68.3279310871635,55.46727239765355,94.04924846618341,53.58265471717366,3.0709513296981252,53.046988100578005,-0.19625386014026575,0.22848879248012163,0.05000000000001137,0.060000000000002274,0.6800000000000068,0.0,19594.0,19594.0,2022-03-01,2022-03-01 08:55:00,2.327867904340537,61.0,1.0,best_within_2.0d,19654.0,337.76,0.5832424107187206,4.3760036431226785,32.22527881040892,0.012230020343504162,2.285057100371749,15.890706319702602,0.006381710269403211,0.6816143497757925,4.4599999999999795,33.0,0.01281756523738355,2.7900000000000205,12.0,0.008116363636363696,2.0,0.00402220134195386,1.9444468750000041,16.553125,0.005470102952261012,1.0,1
19593.0,2022-03-01 08:55:00,346.49,346.54,345.75,345.81,107464.0,2s,"1p,2s",0.0,sell,False,2.0454685987449417,2.7900000000000205,12.0,0.008116363636363696,0.33871194102205004,0.23494721878150915,0.40430318929253417,0.0011715717503261306,57.19036278771245,68.3279310871635,55.46727239765355,94.04924846618341,107464.0,2.7900000000000205,0.0,2.7900000000000205,12.0,0.008116363636363696,2.7900000000000205,0.0,0.0,1.0,1.0,0.33871194102205004,0.40430318929253417,0.23494721878150915,57.19036278771245,68.3279310871635,55.46727239765355,94.04924846618341,53.58265471717366,3.0709513296981252,53.046988100578005,-0.19625386014026575,0.22848879248012163,0.05000000000001137,0.060000000000002274,0.6800000000000068,0.0,19594.0,19594.0,2022-03-01,2022-03-01 08:55:00,2.327867904340537,61.0,1.0,best_within_2.0d,19654.0,337.76,0.5832424107187206,4.3760036431226785,32.22527881040892,0.012230020343504162,2.285057100371749,15.890706319702602,0.006381710269403211,0.6816143497757925,4.4599999999999795,33.0,0.01281756523738355,2.7900000000000205,12.0,0.008116363636363696,2.0,0.00402220134195386,1.9444468750000041,16.553125,0.005470102952261012,0.0,1
19606.0,2022-03-01 10:00:00,346.42,347.8,345.46,345.78,1452280.0,1p,1p,0.0,sell,False,0.5352731989813095,2.420000000000016,9.0,0.007006775146215808,-0.05113745898780475,0.3985658650485719,0.3729971355546695,0.0010786964968209638,50.14323012402383,44.114812182140426,51.39512508470874,29.554186377003788,1452280.0,2.420000000000016,0.0,2.420000000000016,9.0,0.007006775146215808,2.420000000000016,0.0,0.0,1.0,1.0,-0.05113745898780475,0.3729971355546695,0.3985658650485719,50.14323012402383,44.114812182140426,51.39512508470874,29.554186377003788,21.263119797321743,7.27191736963768,56.76287131424072,-0.1847468390970623,0.6773577259306525,1.3799999999999955,0.3199999999999932,0.6400000000000432,0.0,19607.0,19607.0,2022-03-01,2022-03-01 10:00:00,2.319393834229852,48.0,1.0,best_within_2.0d,19654.0,337.76,0.5832424107187206,4.3760036431226785,32.22527881040892,0.012230020343504162,2.285057100371749,15.890706319702602,0.006381710269403211,0.4929364202292669,5.6011759621451125,36.843533123028394,0.015614239272951093,2.82998018927445,22.52492113564669,0.007835530045022196,1.8630914826498424,0.00402220134195386,1.9444468750000041,16.553125,0.005470102952261012,0.0,1
19608.0,2022-03-01 10:10:00,346.04,346.04,345.04,345.77,922299.0,2s,2s,1.0,buy,False,0.06532663316582656,4.163492493946733,28.239017640954685,0.011578080659927173,-0.16732998082624007,0.36509291150314815,0.2814279210900281,0.0008138428940083296,49.88959071829913,35.699513825981406,43.703145325822874,19.692250826298476,922299.0,1.5,1.0,1.990000000000009,7.0,0.005798706218311116,1.5,16.0,0.00432850464592832,1.0,2.5,-0.16732998082624007,0.2814279210900281,0.36509291150314815,49.88959071829913,35.699513825981406,43.703145325822874,19.692250826298476,19.905392374052013,9.152571086032937,55.01074471820879,-0.07802566177321657,0.2898214699744957,0.0,0.7299999999999613,0.27000000000003865,0.0,19609.0,19609.0,2022-03-01,2022-03-01 10:10:00,1.4865372935766676,371.0,1.0,best_within_2.0d,19979.0,350.91,0.5832424107187206,4.3760036431226785,32.22527881040892,0.012230020343504162,2.285057100371749,15.890706319702602,0.006381710269403211,0.06532663316582656,1.990000000000009,7.0,0.005798706218311116,1.5,16.0,0.00432850464592832,1.0,0.00402220134195386,1.9444468750000041,16.553125,0.005470102952261012,1.0,0
19616.0,2022-03-01 10:50:00,345.55,345.86,344.93,345.5898,751916.0,2s,2s,1.0,buy,False,0.1206030150753809,4.163492493946733,28.239017640954685,0.011578080659927173,-0.35761530402210373,0.30899772221616895,0.13019007020511708,0.0003761873572469702,46.13140015377613,30.534834268679127,42.73935409677033,6.125794612496719,751916.0,1.6100000000000136,1.0,1.990000000000009,7.0,0.005798706218311116,1.6100000000000136,24.0,0.004645928319963103,1.0,2.5,-0.35761530402210373,0.13019007020511708,0.30899772221616895,46.13140015377613,30.534834268679127,42.73935409677033,6.125794612496719,16.083524542470375,16.577557719542394,44.61781275417567,0.01151787006222365,0.26961992288290576,0.27019999999998845,0.6200000000000045,0.039800000000013824,1.0,19617.0,19617.0,2022-03-01,2022-03-01 10:50:00,1.539455157530691,363.0,1.0,best_within_2.0d,19979.0,350.91,0.5832424107187206,4.3760036431226785,32.22527881040892,0.012230020343504162,2.285057100371749,15.890706319702602,0.006381710269403211,0.1206030150753809,1.990000000000009,7.0,0.005798706218311116,1.6100000000000136,24.0,0.004645928319963103,1.0,0.00402220134195386,1.9444468750000041,16.553125,0.005470102952261012,0.0,0
19617.0,2022-03-01 10:55:00,345.605,345.68,344.6799,345.14,713370.0,2s,2s,1.0,buy,False,0.24628140703519527,4.163492493946733,28.239017640954685,0.011578080659927173,-0.43782771146894617,0.25426925828255065,0.035355402548077564,0.00010218079991417946,42.96348205270889,24.869862634687834,36.782856942742825,1.0438740185778528,713370.0,1.8601000000000454,1.0,1.990000000000009,7.0,0.005798706218311116,1.8601000000000454,25.0,0.005367634327927643,1.0,2.5,-0.43782771146894617,0.035355402548077564,0.25426925828255065,42.96348205270889,24.869862634687834,36.782856942742825,1.0438740185778528,16.556010735979598,16.613080943635854,41.443116014423246,-0.134546664544793,0.2901532697439078,0.07499999999998863,0.4601000000000113,0.46500000000003183,0.0,19618.0,19618.0,2022-03-01,2022-03-01 10:55:00,1.671785362461621,362.0,1.0,best_within_2.0d,19979.0,350.91,0.5832424107187206,4.3760036431226785,32.22527881040892,0.012230020343504162,2.285057100371749,15.890706319702602,0.006381710269403211,0.24628140703519527,1.990000000000009,7.0,0.005798706218311116,1.8601000000000454,25.0,0.005367634327927643,1.0,0.00402220134195386,1.9444468750000041,16.553125,0.005470102952261012,1.0,0
19621.0,2022-03-01 11:15:00,346.32,346.57,345.5503,345.63,494762.0,1,1,0.0,sell,False,4.815747510215149e-07,1.890100000000018,5.0,0.005483638587570724,-0.2418862229168043,0.09547154343236748,-0.025471568026034674,-7.362729542677651e-05,47.49223476045548,33.85784477196499,32.50131096830971,36.570912379275555,494762.0,1.890100000000018,1.0,1.890100000000018,5.0,0.005483638587570724,1.890100000000018,5.0,0.005483638587570724,1.0,1.0,-0.2418862229168043,-0.025471568026034674,0.09547154343236748,47.49223476045548,33.85784477196499,32.50131096830971,36.570912379275555,18.44585522284917,19.16348372462849,31.523860248392445,-0.19923769923769857,0.2950945202478482,0.25,0.07970000000000255,0.6899999999999977,0.0,19622.0,19622.0,2022-03-01,2022-03-01 11:15:00,2.277001417701011,33.0,1.0,best_within_2.0d,19654.0,337.76,0.5832424107187206,4.3760036431226785,32.22527881040892,0.012230020343504162,2.285057100371749,15.890706319702602,0.006381710269403211,0.4929364202292669,5.6011759621451125,36.843533123028394,0.015614239272951093,2.82998018927445,22.52492113564669,0.007835530045022196,1.8630914826498424,0.00402220134195386,1.9444468750000041,16.553125,0.005470102952261012,1.0,1
19639.0,2022-03-01 12:45:00,343.18,343.96,342.88,343.66,423595.0,2,2,0.0,sell,False,0.49613899613899415,4.163492493946733,28.239017640954685,0.011578080659927173,0.2812347763679053,-0.771141560799092,-0.6305241726151394,-0.001834442124853843,49.21128512641732,76.35401257480709,62.44171785129133,104.1786020218386,423595.0,2.569999999999993,1.0,5.180000000000007,12.0,0.01494647545950315,2.569999999999993,8.0,0.007528047101555386,2.0,2.0,0.2812347763679053,-0.6305241726151394,-0.771141560799092,49.21128512641732,76.35401257480709,62.44171785129133,104.1786020218386,15.398476533704674,14.169874682611866,48.129726423338035,0.13986829069293613,0.31497900139990204,0.2999999999999545,0.30000000000001137,0.4800000000000182,1.0,19640.0,19640.0,2022-03-01,2022-03-01 12:45:00,1.7168131292556694,15.0,1.0,best_within_2.0d,19654.0,337.76,0.49613899613899415,5.180000000000007,12.0,0.01494647545950315,2.569999999999993,8.0,0.007528047101555386,0.4929364202292669,5.6011759621451125,36.843533123028394,0.015614239272951093,2.82998018927445,22.52492113564669,0.007835530045022196,1.8630914826498424,0.00402220134195386,1.9444468750000041,16.553125,0.005470102952261012,0.0,1
19640.0,2022-03-01 12:50:00,343.66,343.9699,343.2357,343.57,428736.0,2,2,0.0,sell,False,0.49805019305019416,4.163492493946733,28.239017640954685,0.011578080659927173,0.36176334572318947,-0.7259211425836933,-0.5450394697220986,-0.0015857829437986865,48.47941344993341,79.06914145037786,67.98419238432017,101.23903958249323,428736.0,2.579900000000009,1.0,5.180000000000007,12.0,0.01494647545950315,2.579900000000009,9.0,0.007557046193503059,2.0,2.0,0.36176334572318947,-0.5450394697220986,-0.7259211425836933,48.47941344993341,79.06914145037786,67.98419238432017,101.23903958249323,15.436323836905547,13.39519079979178,45.19756886926426,-0.026188674853061696,0.2139054882694274,0.30989999999997053,0.3342999999999847,0.09000000000003183,0.0,19641.0,19641.0,2022-03-01,2022-03-01 12:50:00,1.6910673225252502,14.0,1.0,best_within_2.0d,19654.0,337.76,0.49805019305019416,5.180000000000007,12.0,0.01494647545950315,2.579900000000009,9.0,0.007557046193503059,0.4929364202292669,5.6011759621451125,36.843533123028394,0.015614239272951093,2.82998018927445,22.52492113564669,0.007835530045022196,1.8630914826498424,0.00402220134195386,1.9444468750000041,16.553125,0.005470102952261012,0.0,1
19642.0,2022-03-01 13:00:00,343.63,344.33,343.35,343.72,457541.0,2,2,0.0,sell,False,0.5675675675675664,4.163492493946733,28.239017640954685,0.011578080659927173,0.4498110652496956,-0.6177643216218368,-0.392858788996989,-0.0011430263915478299,49.87238465266948,76.74283092854589,73.63800153500239,82.95248971563288,457541.0,2.9399999999999977,1.0,5.180000000000007,12.0,0.01494647545950315,2.9399999999999977,11.0,0.008611851548082831,2.0,2.0,0.4498110652496956,-0.392858788996989,-0.6177643216218368,49.87238465266948,76.74283092854589,73.63800153500239,82.95248971563288,19.199384269068076,10.47487420550933,42.333390268301784,0.02619096120828561,0.28542303771660443,0.6099999999999568,0.2799999999999727,0.09000000000003183,1.0,19643.0,19643.0,2022-03-01,2022-03-01 13:00:00,1.7339695100663435,12.0,1.0,best_within_2.0d,19654.0,337.76,0.5675675675675664,5.180000000000007,12.0,0.01494647545950315,2.9399999999999977,11.0,0.008611851548082831,0.4929364202292669,5.6011759621451125,36.843533123028394,0.015614239272951093,2.82998018927445,22.52492113564669,0.007835530045022196,1.8630914826498424,0.00402220134195386,1.9444468750000041,16.553125,0.005470102952261012,1.0,1
19647.0,2022-03-01 13:25:00,341.89,341.96,340.75,340.8201,949261.0,1p,1p,1.0,buy,False,0.24787969489353398,3.579999999999984,6.0,0.010397002875148794,-0.18865614034280176,-0.5550245679924608,-0.6493526381638617,-0.0018923597159678344,29.594668673225073,15.703852121613972,33.2371833223928,-19.362810279943687,949261.0,3.579999999999984,0.0,3.579999999999984,6.0,0.010397002875148794,3.579999999999984,0.0,0.0,1.0,1.0,-0.18865614034280176,-0.6493526381638617,-0.5550245679924608,29.594668673225073,15.703852121613972,33.2371833223928,-19.362810279943687,14.66306822973805,23.662815214642396,34.4171359933634,-0.3129369095322944,0.3550990462215641,0.06999999999999318,0.07010000000002492,1.0698999999999614,0.0,19648.0,19648.0,2022-03-01,2022-03-01 13:25:00,2.9604768028646196,332.0,1.0,best_within_2.0d,19979.0,350.91,0.5832424107187206,4.3760036431226785,32.22527881040892,0.012230020343504162,2.285057100371749,15.890706319702602,0.006381710269403211,0.4929364202292669,5.6011759621451125,36.843533123028394,0.015614239272951093,2.82998018927445,22.52492113564669,0.007835530045022196,1.8630914826498424,0.00402220134195386,1.9444468750000041,16.553125,0.005470102952261012,1.0,0
19654.0,2022-03-01 14:00:00,338.3,338.59,337.39,337.76,1323138.0,1p,1p,1.0,buy,False,3.05374166731818,6.670000000000016,18.0,0.01938615357786437,-1.0511481753723206,-0.05318100197012313,-0.5787550896562834,-0.0016995632215933854,34.6027246193935,18.10758672886548,23.468155529218926,7.3864491281585885,1323138.0,6.670000000000016,0.0,6.670000000000016,18.0,0.01938615357786437,6.670000000000016,0.0,0.0,1.0,1.0,-1.0511481753723206,-0.5787550896562834,-0.05318100197012313,34.6027246193935,18.10758672886548,23.468155529218926,7.3864491281585885,6.511184081277387,34.576632707474744,38.91317488681183,-0.15962163759976955,0.3556714781113811,0.2899999999999636,0.37000000000000455,0.5400000000000205,0.0,19655.0,19655.0,2022-03-01,2022-03-01 14:00:00,2.139364303178491,325.0,1.0,best_within_2.0d,19979.0,350.91,0.5832424107187206,4.3760036431226785,32.22527881040892,0.012230020343504162,2.285057100371749,15.890706319702602,0.006381710269403211,0.4929364202292669,5.6011759621451125,36.843533123028394,0.015614239272951093,2.82998018927445,22.52492113564669,0.007835530045022196,1.8630914826498424,0.00402220134195386,1.9444468750000041,16.553125,0.005470102952261012,0.0,0
19654.0,2022-03-01 14:00:00,343.2,343.28,342.36,342.9,777779.0,2,2,1.0,buy,False,0.404790419161675,4.163492493946733,28.239017640954685,0.011578080659927173,-0.6820479652481648,0.43900228898761195,0.09797830636352955,0.00028499474076416827,43.15388233773139,22.73286981588607,31.05405396838441,6.090501510889396,777779.0,3.3799999999999955,1.0,8.350000000000023,25.0,0.024748807018583903,3.3799999999999955,15.0,0.009776132353791853,2.0,2.0,-0.6820479652481648,0.09797830636352955,0.43900228898761195,43.15388233773139,22.73286981588607,31.05405396838441,6.090501510889396,12.24264946172296,41.26945593411806,28.867954601181548,-0.08741258741259073,0.26872298165672365,0.07999999999998408,0.5399999999999636,0.30000000000001137,0.0,19655.0,19655.0,2022-03-01,2022-03-01 14:00:00,2.139364303178491,325.0,1.0,best_within_2.0d,19979.0,350.91,0.404790419161675,8.350000000000023,25.0,0.024748807018583903,3.3799999999999955,15.0,0.009776132353791853,0.4929364202292669,5.6011759621451125,36.843533123028394,0.015614239272951093,2.82998018927445,22.52492113564669,0.007835530045022196,1.8630914826498424,0.00402220134195386,1.9444468750000041,16.553125,0.005470102952261012,0.0,0
19654.0,2022-03-01 14:00:00,343.945,344.05,342.96,343.56,658431.0,2s,2s,1.0,buy,False,0.3329341317365296,4.163492493946733,28.239017640954685,0.011578080659927173,-0.1472227233264211,0.08403892796064791,0.010427566297437352,3.03080880083166e-05,45.70489215355414,42.80486852326496,50.21260883246957,27.989387904855732,658431.0,2.1200000000000045,1.0,8.350000000000023,25.0,0.024748807018583903,2.1200000000000045,15.0,0.006143502955836341,1.0,2.5,-0.1472227233264211,0.010427566297437352,0.08403892796064791,45.70489215355414,42.80486852326496,50.21260883246957,27.989387904855732,13.349448108078821,28.005288149382796,18.988145744499935,-0.11193650147552398,0.3178213202705948,0.10500000000001819,0.6000000000000227,0.3849999999999909,0.0,19655.0,19655.0,2022-03-01,2022-03-01 14:00:00,2.139364303178491,325.0,1.0,best_within_2.0d,19979.0,350.91,0.5832424107187206,4.3760036431226785,32.22527881040892,0.012230020343504162,2.285057100371749,15.890706319702602,0.006381710269403211,0.3329341317365296,8.350000000000023,25.0,0.024748807018583903,2.1200000000000045,15.0,0.006143502955836341,1.0,0.00402220134195386,1.9444468750000041,16.553125,0.005470102952261012,0.0,0
19657.0,2022-03-01 14:15:00,341.03,342.02,340.57,341.8782,689147.0,1p,1p,1.0,buy,False,0.3076589503643972,3.759999999999991,16.0,0.010919757209653503,0.11580339654293259,-0.6240888311499632,-0.5661871328784969,-0.001654214208829672,45.928494337979345,52.565732863243966,41.094595802474174,75.50800698478355,689147.0,3.759999999999991,0.0,3.759999999999991,16.0,0.010919757209653503,3.759999999999991,0.0,0.0,1.0,1.0,0.11580339654293259,-0.5661871328784969,-0.6240888311499632,45.928494337979345,52.565732863243966,41.094595802474174,75.50800698478355,9.74048854036064,25.396396174930963,36.81121925784777,0.24871712166085677,0.42575681944974264,0.14179999999998927,0.45999999999997954,0.8482000000000198,1.0,19658.0,19658.0,2022-03-01,2022-03-01 14:15:00,2.641818050990099,322.0,1.0,best_within_2.0d,19979.0,350.91,0.5832424107187206,4.3760036431226785,32.22527881040892,0.012230020343504162,2.285057100371749,15.890706319702602,0.006381710269403211,0.4929364202292669,5.6011759621451125,36.843533123028394,0.015614239272951093,2.82998018927445,22.52492113564669,0.007835530045022196,1.8630914826498424,0.00402220134195386,1.9444468750000041,16.553125,0.005470102952261012,1.0,0
19662.0,2022-03-01 14:40:00,342.92,343.07,342.5,342.75,393404.0,2s,2s,0.0,sell,False,0.32432432432432523,4.163492493946733,28.239017640954685,0.011578080659927173,0.45811068746124417,-0.40268498496219307,-0.17362964123157099,-0.0005071785332104204,53.57304792579698,82.03750291243357,72.30692015997232,101.49866841735604,393404.0,2.5,1.0,5.180000000000007,12.0,0.01494647545950315,2.5,6.0,0.00734063481809907,1.0,2.5,0.45811068746124417,-0.17362964123157099,-0.40268498496219307,53.57304792579698,82.03750291243357,72.30692015997232,101.49866841735604,18.466611706512946,12.113767518549173,31.00970345344078,-0.04957424472180564,0.16642335766423158,0.14999999999997726,0.25,0.17000000000001592,0.0,19663.0,19663.0,2022-03-01,2022-03-01 14:40:00,1.0094821298322332,13.0,1.0,best_within_2.0d,19675.0,339.29,0.5832424107187206,4.3760036431226785,32.22527881040892,0.012230020343504162,2.285057100371749,15.890706319702602,0.006381710269403211,0.32432432432432523,5.180000000000007,12.0,0.01494647545950315,2.5,6.0,0.00734063481809907,1.0,0.00402220134195386,1.9444468750000041,16.553125,0.005470102952261012,0.0,1
19666.0,2022-03-01 15:00:00,341.45,343.0901,341.23,343.04,548334.0,2s,2s,0.0,sell,False,0.3282046332046367,4.163492493946733,28.239017640954685,0.011578080659927173,0.27427732958747486,-0.2723679318028321,-0.13522926700909466,-0.0003950960746283792,55.790350720010814,68.14602382093503,65.75581990523148,72.92643165234213,548334.0,2.5201000000000136,1.0,5.180000000000007,12.0,0.01494647545950315,2.5201000000000136,10.0,0.007399653522036626,1.0,2.5,0.27427732958747486,-0.13522926700909466,-0.2723679318028321,55.790350720010814,68.14602382093503,65.75581990523148,72.92643165234213,25.595509146581186,19.755829473188495,26.0010868391897,0.46566115097379757,0.5451161972862845,0.05009999999998627,0.21999999999997044,1.5900000000000318,1.0,19667.0,19667.0,2022-03-01,2022-03-01 15:00:00,1.0931669776119404,9.0,1.0,best_within_2.0d,19675.0,339.29,0.5832424107187206,4.3760036431226785,32.22527881040892,0.012230020343504162,2.285057100371749,15.890706319702602,0.006381710269403211,0.3282046332046367,5.180000000000007,12.0,0.01494647545950315,2.5201000000000136,10.0,0.007399653522036626,1.0,0.00402220134195386,1.9444468750000041,16.553125,0.005470102952261012,0.0,1
19667.0,2022-03-01 15:05:00,343.07,343.85,343.07,343.6,1267104.0,2s,2s,0.0,sell,False,0.4749034749034813,4.163492493946733,28.239017640954685,0.011578080659927173,0.4225501312540684,-0.21954916539607355,-0.008274099769039367,-2.4167277108394246e-05,59.31125075098887,75.68546353907647,69.06570111651314,88.92498838420312,1267104.0,3.2800000000000296,1.0,5.180000000000007,12.0,0.01494647545950315,3.2800000000000296,11.0,0.009630912881346066,1.0,2.5,0.4225501312540684,-0.008274099769039367,-0.21954916539607355,59.31125075098887,75.68546353907647,69.06570111651314,88.92498838420312,29.409482424148788,19.525878792581853,25.586527997419445,0.1544874223919403,0.22735884804851184,0.25,0.0,0.5300000000000296,1.0,19668.0,19668.0,2022-03-01,2022-03-01 15:05:00,1.254365541327125,8.0,1.0,best_within_2.0d,19675.0,339.29,0.5832424107187206,4.3760036431226785,32.22527881040892,0.012230020343504162,2.285057100371749,15.890706319702602,0.006381710269403211,0.4749034749034813,5.180000000000007,12.0,0.01494647545950315,3.2800000000000296,11.0,0.009630912881346066,1.0,0.00402220134195386,1.9444468750000041,16.553125,0.005470102952261012,1.0,1
19671.0,2022-03-01 15:25:00,341.845,341.86,340.94,340.96,433871.0,2,2,1.0,buy,False,0.8871951219512192,4.163492493946733,28.239017640954685,0.011578080659927173,-0.045974735360949065,-0.12289791816287428,-0.1458852858433488,-0.000426269743633108,40.827139706718455,32.27426040212425,50.867796562544044,-4.9128119187153345,433871.0,2.910000000000025,1.0,3.2800000000000296,11.0,0.009630912881346066,2.910000000000025,5.0,0.008462992583975643,2.0,2.0,-0.045974735360949065,-0.1458852858433488,-0.12289791816287428,40.827139706718455,32.27426040212425,50.867796562544044,-4.9128119187153345,25.379543014875633,29.151203803097786,21.532394449442343,-0.25888926267754325,0.26984220097378303,0.014999999999986358,0.01999999999998181,0.8850000000000477,0.0,19672.0,19672.0,2022-03-01,2022-03-01 15:25:00,2.9182308775223036,308.0,1.0,best_within_2.0d,19979.0,350.91,0.8871951219512192,3.2800000000000296,11.0,0.009630912881346066,2.910000000000025,5.0,0.008462992583975643,0.4929364202292669,5.6011759621451125,36.843533123028394,0.015614239272951093,2.82998018927445,22.52492113564669,0.007835530045022196,1.8630914826498424,0.00402220134195386,1.9444468750000041,16.553125,0.005470102952261012,0.0,0
19672.0,2022-03-01 15:30:00,340.99,341.26,340.29,340.98,771667.0,1,1,1.0,buy,False,0.2119482617864301,3.5600000000000023,6.0,0.010353351752217542,-0.16130944402041714,-0.1430615986654264,-0.22371632067563496,-0.0006538661573638281,40.99448230493479,27.976847758719508,43.23748029460253,-2.5444173130465373,771667.0,3.5600000000000023,1.0,3.5600000000000023,6.0,0.010353351752217542,3.5600000000000023,6.0,0.010353351752217542,1.0,1.0,-0.16130944402041714,-0.22371632067563496,-0.1430615986654264,40.99448230493479,27.976847758719508,43.23748029460253,-2.5444173130465373,21.152044957852468,34.74789260068687,21.73163471681485,-0.0029326373207398766,0.28505098592376216,0.2699999999999818,0.6899999999999977,0.009999999999990905,0.0,19673.0,19673.0,2022-03-01,2022-03-01 15:30:00,2.912194263593175,307.0,1.0,best_within_2.0d,19979.0,350.91,0.5832424107187206,4.3760036431226785,32.22527881040892,0.012230020343504162,2.285057100371749,15.890706319702602,0.006381710269403211,0.4929364202292669,5.6011759621451125,36.843533123028394,0.015614239272951093,2.82998018927445,22.52492113564669,0.007835530045022196,1.8630914826498424,0.00402220134195386,1.9444468750000041,16.553125,0.005470102952261012,0.0,0
19675.0,2022-03-01 15:45:00,340.14,340.22,339.18,339.29,999612.0,1,1,1.0,buy,False,0.6822891381477232,4.670000000000016,9.0,0.013581503562600017,-0.5192761696091689,-0.27917247839098375,-0.5388105631955682,-0.0015767433539221071,31.89881460513425,12.378543226360689,24.54769433910826,-11.959758999134458,999612.0,4.670000000000016,1.0,4.670000000000016,9.0,0.013581503562600017,4.670000000000016,9.0,0.013581503562600017,1.0,1.0,-0.5192761696091689,-0.5388105631955682,-0.27917247839098375,31.89881460513425,12.378543226360689,24.54769433910826,-11.959758999134458,16.59781646503444,40.328267925641654,23.400483577155146,-0.24989710119361613,0.3066218527035852,0.08000000000004093,0.11000000000001364,0.8499999999999659,0.0,19676.0,19676.0,2022-03-01,2022-03-01 15:45:00,3.4247988446461743,304.0,1.0,best_within_2.0d,19979.0,350.91,0.5832424107187206,4.3760036431226785,32.22527881040892,0.012230020343504162,2.285057100371749,15.890706319702602,0.006381710269403211,0.4929364202292669,5.6011759621451125,36.843533123028394,0.015614239272951093,2.82998018927445,22.52492113564669,0.007835530045022196,1.8630914826498424,0.00402220134195386,1.9444468750000041,16.553125,0.005470102952261012,0.0,0
19676.0,2022-03-01 15:50:00,339.16,341.1,338.9,340.8799,1364048.0,1,1,1.0,buy,False,0.6822891381477232,4.9500000000000455,10.0,0.014395812127381257,-0.3904885509371623,-0.32798354725812906,-0.5232278227267102,-0.001531423050329968,44.798719450685006,21.94461664606634,23.680001774760953,18.473846388677117,1364048.0,4.9500000000000455,1.0,4.9500000000000455,10.0,0.014395812127381257,4.9500000000000455,10.0,0.014395812127381257,1.0,1.0,-0.3904885509371623,-0.5232278227267102,-0.32798354725812906,44.798719450685006,21.94461664606634,23.680001774760953,18.473846388677117,20.347688660608693,35.99960489924905,23.713133536157603,0.507105790777213,0.6491590439657852,0.22010000000000218,0.26000000000004775,1.7198999999999955,1.0,19677.0,19677.0,2022-03-01,2022-03-01 15:50:00,2.942414615822172,303.0,1.0,best_within_2.0d,19979.0,350.91,0.5832424107187206,4.3760036431226785,32.22527881040892,0.012230020343504162,2.285057100371749,15.890706319702602,0.006381710269403211,0.4929364202292669,5.6011759621451125,36.843533123028394,0.015614239272951093,2.82998018927445,22.52492113564669,0.007835530045022196,1.8630914826498424,0.00402220134195386,1.9444468750000041,16.553125,0.005470102952261012,1.0,0
19709.0,2022-03-01 18:35:00,342.4,342.55,342.4,342.48,12210.0,2s,2s,0.0,sell,False,0.22393822393822846,4.163492493946733,28.239017640954685,0.011578080659927173,0.13084085945521245,0.03178393482342631,0.09720436455103254,0.0002842710066717842,59.30405348103991,87.41558668639716,77.48412566794315,107.27850872330521,12210.0,3.650000000000034,1.0,5.180000000000007,12.0,0.01494647545950315,3.650000000000034,34.0,0.010770138683977675,2.0,2.5,0.13084085945521245,0.09720436455103254,0.03178393482342631,59.30405348103991,87.41558668639716,77.48412566794315,107.27850872330521,33.937823834198305,28.756476683938075,20.96046948694009,0.023364485981320366,0.04380841121496323,0.06999999999999318,0.0,0.08000000000004093,1.0,19710.0,19710.0,2022-03-01,2022-03-01 18:35:00,0.5022191076851282,91.0,1.0,best_within_2.0d,19800.0,340.76,0.5832424107187206,4.3760036431226785,32.22527881040892,0.012230020343504162,2.285057100371749,15.890706319702602,0.006381710269403211,0.22393822393822846,5.180000000000007,12.0,0.01494647545950315,3.650000000000034,34.0,0.010770138683977675,2.0,0.00402220134195386,1.9444468750000041,16.553125,0.005470102952261012,0.0,1
19713.0,2022-03-01 18:55:00,342.38,342.65,342.38,342.65,13248.0,2s,2s,0.0,sell,False,0.24324324324324118,4.163492493946733,28.239017640954685,0.011578080659927173,0.12559440056440818,0.08866371514443544,0.15146091542663953,0.00044279505588375244,60.87858579030955,83.68372326151331,80.11374319766512,90.82368338920969,13248.0,3.75,1.0,5.180000000000007,12.0,0.01494647545950315,3.75,38.0,0.01106521097668929,2.0,2.5,0.12559440056440818,0.15146091542663953,0.08866371514443544,60.87858579030955,83.68372326151331,80.11374319766512,90.82368338920969,34.975369458128455,29.310344827586132,16.789197261270118,0.07885974648051342,0.07885974648051342,0.0,0.0,0.2699999999999818,1.0,19714.0,19714.0,2022-03-01,2022-03-01 18:55:00,0.5515832482124577,87.0,1.0,best_within_2.0d,19800.0,340.76,0.5832424107187206,4.3760036431226785,32.22527881040892,0.012230020343504162,2.285057100371749,15.890706319702602,0.006381710269403211,0.24324324324324118,5.180000000000007,12.0,0.01494647545950315,3.75,38.0,0.01106521097668929,2.0,0.00402220134195386,1.9444468750000041,16.553125,0.005470102952261012,0.0,1
19714.0,2022-03-01 19:00:00,342.63,342.72,342.45,342.45,21217.0,2s,2s,0.0,sell,False,0.2567567567567643,4.163492493946733,28.239017640954685,0.011578080659927173,0.11342068049743714,0.10284130020661508,0.15955164045533365,0.0004664084934246268,56.75277776782156,79.12248217434114,79.78332285655712,77.80080080990919,21217.0,3.82000000000005,1.0,5.180000000000007,12.0,0.01494647545950315,3.82000000000005,39.0,0.011271761581587637,2.0,2.5,0.11342068049743714,0.15955164045533365,0.10284130020661508,56.75277776782156,79.12248217434114,79.78332285655712,77.80080080990919,38.01020408163363,21.938775510204024,17.504862502486482,-0.05253480430785594,0.07884362680684441,0.09000000000003183,0.0,0.18000000000000682,0.0,19715.0,19715.0,2022-03-01,2022-03-01 19:00:00,0.4935027011242511,86.0,1.0,best_within_2.0d,19800.0,340.76,0.5832424107187206,4.3760036431226785,32.22527881040892,0.012230020343504162,2.285057100371749,15.890706319702602,0.006381710269403211,0.2567567567567643,5.180000000000007,12.0,0.01494647545950315,3.82000000000005,39.0,0.011271761581587637,2.0,0.00402220134195386,1.9444468750000041,16.553125,0.005470102952261012,0.0,1
19715.0,2022-03-01 19:05:00,342.54,342.8,342.54,342.63,19466.0,2s,2s,0.0,sell,False,0.27220077220077665,4.163492493946733,28.239017640954685,0.011578080659927173,0.1209439190809089,0.1179592900917287,0.17843124963218315,0.0005215367342252992,59.418412771952106,80.29934185772359,79.95532919027927,80.98736719261223,19466.0,3.900000000000034,1.0,5.180000000000007,12.0,0.01494647545950315,3.900000000000034,40.0,0.011507819415756963,2.0,2.5,0.1209439190809089,0.17843124963218315,0.1179592900917287,59.418412771952106,80.29934185772359,79.95532919027927,80.98736719261223,39.0957446808507,22.872340425531643,18.124533574503857,0.026274303730943825,0.07590354411163393,0.17000000000001592,0.0,0.08999999999997499,1.0,19716.0,19716.0,2022-03-01,2022-03-01 19:05:00,0.5457782447538173,85.0,1.0,best_within_2.0d,19800.0,340.76,0.5832424107187206,4.3760036431226785,32.22527881040892,0.012230020343504162,2.285057100371749,15.890706319702602,0.006381710269403211,0.27220077220077665,5.180000000000007,12.0,0.01494647545950315,3.900000000000034,40.0,0.011507819415756963,2.0,0.00402220134195386,1.9444468750000041,16.553125,0.005470102952261012,0.0,1
19717.0,2022-03-01 19:15:00,342.63,343.03,342.6,342.85,7641.0,2s,2s,0.0,sell,False,0.3166023166023135,4.163492493946733,28.239017640954685,0.011578080659927173,0.1328614160695959,0.1488939330969034,0.21532464113170136,0.000629212738206308,62.528726020663306,78.67065118269697,79.28133009391611,77.44929336025868,7641.0,4.1299999999999955,1.0,5.180000000000007,12.0,0.01494647545950315,4.1299999999999955,42.0,0.012186485688993791,2.0,2.5,0.1328614160695959,0.21532464113170136,0.1488939330969034,62.528726020663306,78.67065118269697,79.28133009391611,77.44929336025868,54.54545454545454,11.14369501466254,23.273344825795313,0.0642092052651628,0.12551079976647692,0.17999999999994998,0.029999999999972715,0.22000000000002728,1.0,19718.0,19718.0,2022-03-01,2022-03-01 19:15:00,0.609596033250702,83.0,1.0,best_within_2.0d,19800.0,340.76,0.5832424107187206,4.3760036431226785,32.22527881040892,0.012230020343504162,2.285057100371749,15.890706319702602,0.006381710269403211,0.3166023166023135,5.180000000000007,12.0,0.01494647545950315,4.1299999999999955,42.0,0.012186485688993791,2.0,0.00402220134195386,1.9444468750000041,16.553125,0.005470102952261012,1.0,1
19726.0,2022-03-02 04:00:00,341.19,341.19,340.65,340.92,7905.0,2,2,1.0,buy,False,0.5762711864406775,4.163492493946733,28.239017640954685,0.011578080659927173,-0.24686362233983383,0.12784108047909531,0.0044092693091783985,1.2883198291076916e-05,31.784176462119845,31.317349918244094,38.74958906354187,16.45287162764855,7905.0,2.3799999999999955,1.0,4.1299999999999955,42.0,0.012186485688993791,2.3799999999999955,10.0,0.006938168673293868,2.0,2.0,-0.24686362233983383,0.0044092693091783985,0.12784108047909531,31.784176462119845,31.317349918244094,38.74958906354187,16.45287162764855,22.72727272727296,45.81818181818196,28.57300008461346,-0.07913479293061984,0.1585204755614327,0.0,0.27000000000003865,0.2699999999999818,0.0,19727.0,19727.0,2022-03-02,2022-03-02 04:00:00,2.930306230200636,253.0,1.0,best_within_2.0d,19979.0,350.91,0.5762711864406775,4.1299999999999955,42.0,0.012186485688993791,2.3799999999999955,10.0,0.006938168673293868,0.4929364202292669,5.6011759621451125,36.843533123028394,0.015614239272951093,2.82998018927445,22.52492113564669,0.007835530045022196,1.8630914826498424,0.00402220134195386,1.9444468750000041,16.553125,0.005470102952261012,1.0,0
19732.0,2022-03-02 04:30:00,341.67,344.19,341.67,343.23,23775.0,1p,"1p,2s",0.0,sell,False,3.515061582861268e-07,3.5400000000000205,7.0,0.010391897842360255,-0.007479990364108673,-0.017435168925094367,-0.021175164107148703,-6.188471493566082e-05,60.12622133782235,55.815422379501854,49.87442828427828,67.697410569949,23775.0,3.5400000000000205,0.0,3.5400000000000205,7.0,0.010391897842360255,3.5400000000000205,0.0,0.0,1.0,1.0,-0.007479990364108673,-0.021175164107148703,-0.017435168925094367,60.12622133782235,55.815422379501854,49.87442828427828,67.697410569949,44.98886414253882,36.97104677060032,27.274274999460612,0.4565809114057431,0.7375537799631169,0.9599999999999795,0.0,1.5600000000000023,1.0,19733.0,19733.0,2022-03-02,2022-03-02 04:30:00,1.893773854266818,376.0,1.0,best_within_2.0d,20108.0,336.73,0.5832424107187206,4.3760036431226785,32.22527881040892,0.012230020343504162,2.285057100371749,15.890706319702602,0.006381710269403211,0.540540540540542,5.180000000000007,12.0,0.01494647545950315,3.5400000000000205,7.0,0.010391897842360255,3.0,0.00402220134195386,1.9444468750000041,16.553125,0.005470102952261012,1.0,1
19732.0,2022-03-02 04:30:00,341.67,344.19,341.67,343.23,23775.0,2s,"1p,2s",0.0,sell,False,3.515061582861268e-07,3.5400000000000205,7.0,0.010391897842360255,-0.007479990364108673,-0.017435168925094367,-0.021175164107148703,-6.188471493566082e-05,60.12622133782235,55.815422379501854,49.87442828427828,67.697410569949,23775.0,3.5400000000000205,0.0,3.5400000000000205,7.0,0.010391897842360255,3.5400000000000205,0.0,0.0,1.0,1.0,-0.007479990364108673,-0.021175164107148703,-0.017435168925094367,60.12622133782235,55.815422379501854,49.87442828427828,67.697410569949,44.98886414253882,36.97104677060032,27.274274999460612,0.4565809114057431,0.7375537799631169,0.9599999999999795,0.0,1.5600000000000023,1.0,19733.0,19733.0,2022-03-02,2022-03-02 04:30:00,1.893773854266818,376.0,1.0,best_within_2.0d,20108.0,336.73,0.5832424107187206,4.3760036431226785,32.22527881040892,0.012230020343504162,2.285057100371749,15.890706319702602,0.006381710269403211,0.540540540540542,5.180000000000007,12.0,0.01494647545950315,3.5400000000000205,7.0,0.010391897842360255,3.0,0.00402220134195386,1.9444468750000041,16.553125,0.005470102952261012,1.0,1
19733.0,2022-03-02 04:35:00,346.25,346.33,346.25,346.33,3755.0,1p,1p,0.0,sell,False,2.8106481965634456,3.3700000000000045,37.0,0.009826218801026373,-0.07272185478442783,0.3335043959745763,0.2971434685823624,0.0008591271649039773,66.31613531096215,91.21390732567346,85.0807323748323,103.48025722735579,3755.0,3.3700000000000045,0.0,3.3700000000000045,37.0,0.009826218801026373,3.3700000000000045,0.0,0.0,1.0,1.0,-0.07272185478442783,0.2971434685823624,0.3335043959745763,66.31613531096215,91.21390732567346,85.0807323748323,103.48025722735579,29.015544041457158,11.398963730569719,35.77796187212025,0.02310469314078963,0.02310469314078963,0.0,0.0,0.07999999999998408,1.0,19734.0,19734.0,2022-03-02,2022-03-02 04:35:00,2.7719227326538176,375.0,1.0,best_within_2.0d,20108.0,336.73,0.5832424107187206,4.3760036431226785,32.22527881040892,0.012230020343504162,2.285057100371749,15.890706319702602,0.006381710269403211,0.4929364202292669,5.6011759621451125,36.843533123028394,0.015614239272951093,2.82998018927445,22.52492113564669,0.007835530045022196,1.8630914826498424,0.00402220134195386,1.9444468750000041,16.553125,0.005470102952261012,0.0,1
19741.0,2022-03-02 05:15:00,344.0,344.88,344.0,344.55,14689.0,1p,1p,0.0,sell,False,1.2938120745657573,4.230000000000018,16.0,0.012417437252311812,0.36720837346179613,0.3140750075210318,0.49767919425192986,0.0014511401353371268,66.44023090867978,83.47388949777303,79.47102108414018,91.47962632503874,14689.0,4.230000000000018,0.0,4.230000000000018,16.0,0.012417437252311812,4.230000000000018,0.0,0.0,1.0,1.0,0.36720837346179613,0.49767919425192986,0.3140750075210318,66.44023090867978,83.47388949777303,79.47102108414018,91.47962632503874,63.09662398137448,13.736903376018175,30.66033788980598,0.15988372093023587,0.25581395348837077,0.3299999999999841,0.0,0.5500000000000114,1.0,19742.0,19742.0,2022-03-02,2022-03-02 05:15:00,2.269627049775067,367.0,1.0,best_within_2.0d,20108.0,336.73,0.5832424107187206,4.3760036431226785,32.22527881040892,0.012230020343504162,2.285057100371749,15.890706319702602,0.006381710269403211,0.4929364202292669,5.6011759621451125,36.843533123028394,0.015614239272951093,2.82998018927445,22.52492113564669,0.007835530045022196,1.8630914826498424,0.00402220134195386,1.9444468750000041,16.553125,0.005470102952261012,1.0,1
19742.0,2022-03-02 05:20:00,344.0,344.88,344.0,344.55,14689.0,2s,"1p,2s",0.0,sell,False,1.2938120745657573,4.230000000000018,16.0,0.012417437252311812,0.36720837346179613,0.3140750075210318,0.49767919425192986,0.0014511401353371268,66.44023090867978,83.47388949777303,79.47102108414018,91.47962632503874,14689.0,4.230000000000018,0.0,4.230000000000018,16.0,0.012417437252311812,4.230000000000018,0.0,0.0,1.0,1.0,0.36720837346179613,0.49767919425192986,0.3140750075210318,66.44023090867978,83.47388949777303,79.47102108414018,91.47962632503874,63.09662398137448,13.736903376018175,30.66033788980598,0.15988372093023587,0.25581395348837077,0.3299999999999841,0.0,0.5500000000000114,1.0,19743.0,19743.0,2022-03-02,2022-03-02 05:20:00,2.269627049775067,366.0,1.0,best_within_2.0d,20108.0,336.73,0.5832424107187206,4.3760036431226785,32.22527881040892,0.012230020343504162,2.285057100371749,15.890706319702602,0.006381710269403211,0.6737451737451746,5.180000000000007,12.0,0.01494647545950315,4.230000000000018,16.0,0.012417437252311812,3.0,0.00402220134195386,1.9444468750000041,16.553125,0.005470102952261012,0.0,1
19755.0,2022-03-02 06:25:00,344.2,344.62,344.2,344.5,10392.0,2,2,0.0,sell,False,0.8414634146341505,4.163492493946733,28.239017640954685,0.011578080659927173,-0.0238938785361833,0.34084583345899133,0.3288988941908997,0.0009571531397437419,62.06981875658218,71.09090486456651,58.74803138400244,95.77665182569466,10392.0,1.3799999999999955,1.0,1.6399999999999864,8.0,0.004755277197865885,1.3799999999999955,8.0,0.004020510430019798,2.0,2.0,-0.0238938785361833,0.3288988941908997,0.34084583345899133,62.06981875658218,71.09090486456651,58.74803138400244,95.77665182569466,25.185185185185016,23.333333333332774,28.100906862729087,0.08715862870424503,0.12202208018594303,0.12000000000000455,0.0,0.30000000000001137,1.0,19756.0,19756.0,2022-03-02,2022-03-02 06:25:00,2.255442670537005,353.0,1.0,best_within_2.0d,20108.0,336.73,0.8414634146341505,1.6399999999999864,8.0,0.004755277197865885,1.3799999999999955,8.0,0.004020510430019798,0.4929364202292669,5.6011759621451125,36.843533123028394,0.015614239272951093,2.82998018927445,22.52492113564669,0.007835530045022196,1.8630914826498424,0.00402220134195386,1.9444468750000041,16.553125,0.005470102952261012,0.0,1
19756.0,2022-03-02 06:30:00,344.64,344.85,344.39,344.45,8949.0,2,2,0.0,sell,False,0.9817073170731873,4.163492493946733,28.239017640954685,0.011578080659927173,0.005604819588406196,0.3415464359075421,0.3443488457017452,0.0010019363607475427,61.24885065711301,72.44569641074557,63.31391972625014,90.70924977973642,8949.0,1.6100000000000136,1.0,1.6399999999999864,8.0,0.004755277197865885,1.6100000000000136,9.0,0.0046905955016898196,2.0,2.0,0.005604819588406196,0.3443488457017452,0.3415464359075421,61.24885065711301,72.44569641074557,63.31391972625014,90.70924977973642,28.342245989304736,22.45989304812767,26.92076689885004,-0.05512999071494827,0.13356949969512366,0.21000000000003638,0.060000000000002274,0.18999999999999773,0.0,19757.0,19757.0,2022-03-02,2022-03-02 06:30:00,2.241254173319777,352.0,1.0,best_within_2.0d,20108.0,336.73,0.9817073170731873,1.6399999999999864,8.0,0.004755277197865885,1.6100000000000136,9.0,0.0046905955016898196,0.4929364202292669,5.6011759621451125,36.843533123028394,0.015614239272951093,2.82998018927445,22.52492113564669,0.007835530045022196,1.8630914826498424,0.00402220134195386,1.9444468750000041,16.553125,0.005470102952261012,1.0,1
19765.0,2022-03-02 07:15:00,344.41,344.55,344.2,344.23,60526.0,2s,2s,0.0,sell,False,0.7987804878048861,4.163492493946733,28.239017640954685,0.011578080659927173,-0.08443449204125475,0.26118958725145136,0.21897234123082399,0.0006366716600888335,55.51657206777706,42.7609289332975,41.145242479971216,45.99230183995007,60526.0,0.6700000000000159,1.0,1.6399999999999864,8.0,0.004755277197865885,0.6700000000000159,6.0,0.0019483540770036522,1.0,2.5,-0.08443449204125475,0.21897234123082399,0.26118958725145136,55.51657206777706,42.7609289332975,41.145242479971216,45.99230183995007,28.690228690228746,25.36382536382384,18.39311267376022,-0.052263290845215526,0.10168506682162194,0.13999999999998636,0.03000000000002956,0.18000000000000682,0.0,19766.0,19766.0,2022-03-02,2022-03-02 07:15:00,2.178775818493449,343.0,1.0,best_within_2.0d,20108.0,336.73,0.5832424107187206,4.3760036431226785,32.22527881040892,0.012230020343504162,2.285057100371749,15.890706319702602,0.006381710269403211,0.7987804878048861,1.6399999999999864,8.0,0.004755277197865885,0.6700000000000159,6.0,0.0019483540770036522,1.0,0.00402220134195386,1.9444468750000041,16.553125,0.005470102952261012,0.0,1
19768.0,2022-03-02 07:30:00,343.7,343.75,343.08,343.14,53993.0,1p,1p,1.0,buy,False,2.182511612720103,1.7700000000000387,13.0,0.005132666376685627,-0.27933359096695537,0.18608255333735654,0.04641575785387886,0.00013498936920757837,39.25557862993706,17.13135057480965,28.335854511365028,-5.277657298301101,53993.0,1.7700000000000387,0.0,1.7700000000000387,13.0,0.005132666376685627,1.7700000000000387,0.0,0.0,1.0,1.0,-0.27933359096695537,0.04641575785387886,0.18608255333735654,39.25557862993706,17.13135057480965,28.335854511365028,-5.277657298301101,22.909090909091066,38.18181818181638,18.282871631195203,-0.16293279022403323,0.1952897283432482,0.05000000000001137,0.060000000000002274,0.5600000000000023,0.0,19769.0,19769.0,2022-03-02,2022-03-02 07:30:00,2.2643818849449318,211.0,1.0,best_within_2.0d,19979.0,350.91,0.5832424107187206,4.3760036431226785,32.22527881040892,0.012230020343504162,2.285057100371749,15.890706319702602,0.006381710269403211,0.4929364202292669,5.6011759621451125,36.843533123028394,0.015614239272951093,2.82998018927445,22.52492113564669,0.007835530045022196,1.8630914826498424,0.00402220134195386,1.9444468750000041,16.553125,0.005470102952261012,1.0,0
19775.0,2022-03-02 08:05:00,343.47,343.48,340.74,342.97,57256.0,1p,1p,1.0,buy,False,2.6001276802686744,4.110000000000014,20.0,0.01191822531535454,-0.20628949372684116,-0.03609300841381534,-0.13923775527723592,-0.0004052073150611359,39.539688722499804,46.60376323852131,32.94002747156566,73.93123477243262,57256.0,4.110000000000014,0.0,4.110000000000014,20.0,0.01191822531535454,4.110000000000014,0.0,0.0,1.0,1.0,-0.20628949372684116,-0.13923775527723592,-0.03609300841381534,39.539688722499804,46.60376323852131,32.94002747156566,73.93123477243262,5.128374801482223,43.177607199576045,36.85532230334631,-0.1455731213788686,0.8041321828960524,0.009999999999990905,2.230000000000018,0.5,0.0,19776.0,19776.0,2022-03-02,2022-03-02 08:05:00,2.3150712890340253,204.0,1.0,best_within_2.0d,19979.0,350.91,0.5832424107187206,4.3760036431226785,32.22527881040892,0.012230020343504162,2.285057100371749,15.890706319702602,0.006381710269403211,0.4929364202292669,5.6011759621451125,36.843533123028394,0.015614239272951093,2.82998018927445,22.52492113564669,0.007835530045022196,1.8630914826498424,0.00402220134195386,1.9444468750000041,16.553125,0.005470102952261012,1.0,0
19800.0,2022-03-02 10:10:00,341.22,341.51,340.55,340.76,931925.0,1p,1p,1.0,buy,False,2.6001276802686744,4.300000000000011,45.0,0.012469189502682358,-0.2568853002189649,-0.05814463647829802,-0.18658728658778045,-0.0005443561062084691,35.455489426306286,34.0894760360358,51.17981816977492,-0.09120823144243673,931925.0,4.300000000000011,0.0,4.300000000000011,45.0,0.012469189502682358,4.300000000000011,0.0,0.0,1.0,1.0,-0.2568853002189649,-0.18658728658778045,-0.05814463647829802,35.455489426306286,34.0894760360358,51.17981816977492,-0.09120823144243673,17.785741986386775,27.501705024138083,36.005653764679906,-0.1348103862610739,0.2818969314344383,0.2899999999999636,0.20999999999997954,0.4600000000000364,0.0,19801.0,19801.0,2022-03-02,2022-03-02 10:10:00,2.978635990139698,179.0,1.0,best_within_2.0d,19979.0,350.91,0.5832424107187206,4.3760036431226785,32.22527881040892,0.012230020343504162,2.285057100371749,15.890706319702602,0.006381710269403211,0.4929364202292669,5.6011759621451125,36.843533123028394,0.015614239272951093,2.82998018927445,22.52492113564669,0.007835530045022196,1.8630914826498424,0.00402220134195386,1.9444468750000041,16.553125,0.005470102952261012,0.0,0
19801.0,2022-03-02 10:15:00,340.75,341.28,340.53,341.09,607002.0,1p,1p,1.0,buy,False,2.919183245405122,4.32000000000005,46.0,0.012527185732927503,-0.37361814428712425,-0.10484690451418854,-0.29165597665775067,-0.0008511955560834049,38.3874533692766,27.29029453747128,43.2166436256737,-4.56240363893356,607002.0,4.32000000000005,0.0,4.32000000000005,46.0,0.012527185732927503,4.32000000000005,0.0,0.0,1.0,1.0,-0.37361814428712425,-0.29165597665775067,-0.10484690451418854,38.3874533692766,27.29029453747128,43.2166436256737,-4.56240363893356,17.037314299727615,26.67307717129006,35.00843268303185,0.09977989728539251,0.2202449123425249,0.18999999999999773,0.22000000000002728,0.339999999999975,1.0,19802.0,19802.0,2022-03-02,2022-03-02 10:15:00,2.879005541059559,178.0,1.0,best_within_2.0d,19979.0,350.91,0.5832424107187206,4.3760036431226785,32.22527881040892,0.012230020343504162,2.285057100371749,15.890706319702602,0.006381710269403211,0.4929364202292669,5.6011759621451125,36.843533123028394,0.015614239272951093,2.82998018927445,22.52492113564669,0.007835530045022196,1.8630914826498424,0.00402220134195386,1.9444468750000041,16.553125,0.005470102952261012,1.0,0
19833.0,2022-03-02 12:55:00,342.66,342.73,341.32,341.45,724264.0,1p,1p,1.0,buy,False,0.4945190152948832,4.535000000000025,15.0,0.013112431510315088,-0.5146825878224806,-0.5062126876006643,-0.7635539815119046,-0.0022199897477476267,34.826585146726615,18.27350267418142,27.273235966424533,0.2740360896951941,724264.0,4.535000000000025,0.0,4.535000000000025,15.0,0.013112431510315088,4.535000000000025,0.0,0.0,1.0,1.0,-0.5146825878224806,-0.7635539815119046,-0.5062126876006643,34.826585146726615,18.27350267418142,27.273235966424533,0.2740360896951941,14.390990979323318,36.46477532491983,32.41840056019332,-0.35311971050021485,0.4131020742997846,0.06999999999999318,0.12999999999999545,1.2100000000000364,0.0,19834.0,19834.0,2022-03-02,2022-03-02 12:55:00,1.9731489015459784,146.0,1.0,best_within_2.0d,19979.0,350.91,0.5832424107187206,4.3760036431226785,32.22527881040892,0.012230020343504162,2.285057100371749,15.890706319702602,0.006381710269403211,0.4929364202292669,5.6011759621451125,36.843533123028394,0.015614239272951093,2.82998018927445,22.52492113564669,0.007835530045022196,1.8630914826498424,0.00402220134195386,1.9444468750000041,16.553125,0.005470102952261012,0.0,0
19833.0,2022-03-02 12:55:00,343.8,343.84,343.5,343.69,7150.0,2,2,1.0,buy,False,0.6716867469879501,4.163492493946733,28.239017640954685,0.011578080659927173,-0.011630407270736942,-0.6605136209932672,-0.6663288246286356,-0.001932020704995891,28.42917361412387,26.89427194758429,27.00192287779021,26.678970087172452,7150.0,4.4599999999999795,1.0,6.639999999999986,56.0,0.019453884917379545,4.4599999999999795,33.0,0.01281756523738355,2.0,2.0,-0.011630407270736942,-0.6663288246286356,-0.6605136209932672,28.42917361412387,26.89427194758429,27.00192287779021,26.678970087172452,16.810344827585464,40.73275862068898,50.641033420088256,-0.031995346131475755,0.09898107714700873,0.03999999999996362,0.18999999999999773,0.11000000000001364,0.0,19834.0,19834.0,2022-03-02,2022-03-02 12:55:00,1.9731489015459784,146.0,1.0,best_within_2.0d,19979.0,350.91,0.6716867469879501,6.639999999999986,56.0,0.019453884917379545,4.4599999999999795,33.0,0.01281756523738355,0.4929364202292669,5.6011759621451125,36.843533123028394,0.015614239272951093,2.82998018927445,22.52492113564669,0.007835530045022196,1.8630914826498424,0.00402220134195386,1.9444468750000041,16.553125,0.005470102952261012,0.0,0
19833.0,2022-03-02 12:55:00,344.43,349.1,343.75,344.12,66630.0,2s,2s,1.0,buy,False,0.6340361445783115,4.163492493946733,28.239017640954685,0.011578080659927173,0.008023832451235391,-0.1321423451518443,-0.1281304289262266,-0.0003720037003550607,46.20635120944434,29.304261289929347,41.45466035221044,5.003463165367165,66630.0,1.420000000000016,1.0,6.639999999999986,56.0,0.019453884917379545,1.420000000000016,8.0,0.004113914882521702,2.0,2.5,0.008023832451235391,-0.1281304289262266,-0.1321423451518443,46.20635120944434,29.304261289929347,41.45466035221044,5.003463165367165,50.664581704456666,12.27521501172784,25.295739912727395,-0.09000377435182833,1.556363636363643,4.670000000000016,0.37000000000000455,0.3100000000000023,0.0,19834.0,19834.0,2022-03-02,2022-03-02 12:55:00,1.9731489015459784,146.0,1.0,best_within_2.0d,19979.0,350.91,0.5832424107187206,4.3760036431226785,32.22527881040892,0.012230020343504162,2.285057100371749,15.890706319702602,0.006381710269403211,0.6340361445783115,6.639999999999986,56.0,0.019453884917379545,1.420000000000016,8.0,0.004113914882521702,2.0,0.00402220134195386,1.9444468750000041,16.553125,0.005470102952261012,0.0,0
19835.0,2022-03-02 13:05:00,347.88,348.54,347.78,348.01,628392.0,1p,1p,0.0,sell,False,1.2837009183041428,7.9500000000000455,57.0,0.023341847969699774,0.3463937795668919,1.1158621932086934,1.2890590829921393,0.00373226991763939,71.28255275769864,85.17021109689055,84.93511749597546,85.64039829872073,628392.0,7.9500000000000455,0.0,7.9500000000000455,57.0,0.023341847969699774,7.9500000000000455,0.0,0.0,1.0,1.0,0.3463937795668919,1.2890590829921393,1.1158621932086934,71.28255275769864,85.17021109689055,84.93511749597546,85.64039829872073,39.5768906381781,4.0764689344956135,55.590369091386734,0.037369207772793914,0.2185289550865627,0.5300000000000296,0.10000000000002274,0.12999999999999545,1.0,19836.0,19836.0,2022-03-02,2022-03-02 13:05:00,2.9078589216424318,360.0,1.0,best_within_2.0d,20195.0,335.298,0.5832424107187206,4.3760036431226785,32.22527881040892,0.012230020343504162,2.285057100371749,15.890706319702602,0.006381710269403211,0.4929364202292669,5.6011759621451125,36.843533123028394,0.015614239272951093,2.82998018927445,22.52492113564669,0.007835530045022196,1.8630914826498424,0.00402220134195386,1.9444468750000041,16.553125,0.005470102952261012,0.0,1
19835.0,2022-03-02 13:05:00,345.51,345.855,345.25,345.34,472477.0,2,2,0.0,sell,False,0.5091407678244992,4.163492493946733,28.239017640954685,0.011578080659927173,-0.14759882516320155,-0.18734376843553174,-0.2611431810171325,-0.0007565725544440668,51.43531195879758,64.50325023015571,43.51145352564656,106.48684363917403,472477.0,2.785000000000025,1.0,5.470000000000027,17.0,0.015694037987031693,2.785000000000025,5.0,0.008117876818142144,2.0,2.0,-0.14759882516320155,-0.2611431810171325,-0.18734376843553174,51.43531195879758,64.50325023015571,43.51145352564656,106.48684363917403,16.2501489928089,35.91719972982658,50.33289802990165,-0.049202627999194205,0.1752353367125324,0.3450000000000273,0.08999999999997499,0.17000000000001592,0.0,19836.0,19836.0,2022-03-02,2022-03-02 13:05:00,2.9078589216424318,360.0,1.0,best_within_2.0d,20195.0,335.298,0.5091407678244992,5.470000000000027,17.0,0.015694037987031693,2.785000000000025,5.0,0.008117876818142144,0.4929364202292669,5.6011759621451125,36.843533123028394,0.015614239272951093,2.82998018927445,22.52492113564669,0.007835530045022196,1.8630914826498424,0.00402220134195386,1.9444468750000041,16.553125,0.005470102952261012,0.0,1
19872.0,2022-03-02 16:10:00,346.95,347.0,346.69,346.71,98021.0,2,2,1.0,buy,False,0.23573200992555543,4.163492493946733,28.239017640954685,0.011578080659927173,-0.34071191424910297,0.18461243726026538,0.0142564801357139,4.1037069383554085e-05,41.272006871246134,17.610763927167238,34.94945086251371,-17.066609943525705,98021.0,1.8999999999999773,1.0,8.060000000000002,68.0,0.02366898657974335,1.8999999999999773,5.0,0.005450529275079542,2.0,2.0,-0.34071191424910297,0.0142564801357139,0.18461243726026538,41.272006871246134,17.610763927167238,34.94945086251371,-17.066609943525705,14.589665653495466,23.64741641337404,16.555598860581153,-0.06917423259835974,0.0894170584672192,0.05000000000001137,0.01999999999998181,0.2400000000000091,0.0,19873.0,19873.0,2022-03-02,2022-03-02 16:10:00,1.2113870381587049,107.0,1.0,best_within_2.0d,19979.0,350.91,0.23573200992555543,8.060000000000002,68.0,0.02366898657974335,1.8999999999999773,5.0,0.005450529275079542,0.4929364202292669,5.6011759621451125,36.843533123028394,0.015614239272951093,2.82998018927445,22.52492113564669,0.007835530045022196,1.8630914826498424,0.00402220134195386,1.9444468750000041,16.553125,0.005470102952261012,0.0,0
19873.0,2022-03-02 16:15:00,346.73,346.83,346.67,346.76,58196.0,2,2,1.0,buy,False,0.23821339950371695,4.163492493946733,28.239017640954685,0.011578080659927173,-0.3583944190973548,0.13981313487309605,-0.03938407467558136,-0.0001133820738759471,42.014699349456556,13.303009284777756,27.733970336601722,-15.558912818870176,58196.0,1.919999999999959,1.0,8.060000000000002,68.0,0.02366898657974335,1.919999999999959,6.0,0.005507903267448749,2.0,2.0,-0.3583944190973548,-0.03938407467558136,0.13981313487309605,42.014699349456556,13.303009284777756,27.733970336601722,-15.558912818870176,15.180265654649084,24.857685009487792,17.099528664378486,0.008652265451496182,0.046153402371121865,0.06999999999999318,0.060000000000002274,0.029999999999972715,1.0,19874.0,19874.0,2022-03-02,2022-03-02 16:15:00,1.1967931710693374,106.0,1.0,best_within_2.0d,19979.0,350.91,0.23821339950371695,8.060000000000002,68.0,0.02366898657974335,1.919999999999959,6.0,0.005507903267448749,0.4929364202292669,5.6011759621451125,36.843533123028394,0.015614239272951093,2.82998018927445,22.52492113564669,0.007835530045022196,1.8630914826498424,0.00402220134195386,1.9444468750000041,16.553125,0.005470102952261012,0.0,0
19874.0,2022-03-02 16:20:00,346.77,346.8,346.43,346.54,68162.0,2,2,1.0,buy,False,0.2679900744416833,4.163492493946733,28.239017640954685,0.011578080659927173,-0.381318914306624,0.09214827058476804,-0.09851118656854396,-0.00028365143604716864,39.639348669135806,10.56620372071627,22.011381464639904,-12.324151767130996,68162.0,2.159999999999968,1.0,8.060000000000002,68.0,0.02366898657974335,2.159999999999968,7.0,0.006196391175879883,2.0,2.0,-0.381318914306624,-0.09851118656854396,0.09214827058476804,39.639348669135806,10.56620372071627,22.011381464639904,-12.324151767130996,16.053511705685782,22.408026755853438,17.058257983382564,-0.06632638348183562,0.10680368328378159,0.03000000000002956,0.11000000000001364,0.22999999999996135,0.0,19875.0,19875.0,2022-03-02,2022-03-02 16:20:00,1.2610376868471185,105.0,1.0,best_within_2.0d,19979.0,350.91,0.2679900744416833,8.060000000000002,68.0,0.02366898657974335,2.159999999999968,7.0,0.006196391175879883,0.4929364202292669,5.6011759621451125,36.843533123028394,0.015614239272951093,2.82998018927445,22.52492113564669,0.007835530045022196,1.8630914826498424,0.00402220134195386,1.9444468750000041,16.553125,0.005470102952261012,0.0,0
19875.0,2022-03-02 16:25:00,346.52,346.58,346.33,346.35,57023.0,2,2,1.0,buy,False,0.280397022332505,4.163492493946733,28.239017640954685,0.011578080659927173,-0.4016290848323866,0.04194463498071972,-0.15886990743547358,-0.000457539689766715,37.659133420532385,7.339121064548881,17.120627997942893,-12.223892802239142,57023.0,2.259999999999991,1.0,8.060000000000002,68.0,0.02366898657974335,2.259999999999991,8.0,0.006483261137726243,2.0,2.0,-0.4016290848323866,-0.15886990743547358,0.04194463498071972,37.659133420532385,7.339121064548881,17.120627997942893,-12.223892802239142,16.58604008293027,23.289564616448963,17.04060325988535,-0.049059217361179464,0.07218548782952676,0.060000000000002274,0.020000000000038654,0.16999999999995907,0.0,19876.0,19876.0,2022-03-02,2022-03-02 16:25:00,1.3165872672152452,104.0,1.0,best_within_2.0d,19979.0,350.91,0.280397022332505,8.060000000000002,68.0,0.02366898657974335,2.259999999999991,8.0,0.006483261137726243,0.4929364202292669,5.6011759621451125,36.843533123028394,0.015614239272951093,2.82998018927445,22.52492113564669,0.007835530045022196,1.8630914826498424,0.00402220134195386,1.9444468750000041,16.553125,0.005470102952261012,0.0,0
19876.0,2022-03-02 16:30:00,346.34,346.35,346.0,346.26,77056.0,2,2,1.0,buy,False,0.32133995037220525,4.163492493946733,28.239017640954685,0.011578080659927173,-0.4055570279055192,-0.008749993507470178,-0.21152850746022978,-0.0006093202200316818,36.723294468650955,8.238950722569182,14.160068906151654,-3.6032856445957613,77056.0,2.589999999999975,1.0,8.060000000000002,68.0,0.02366898657974335,2.589999999999975,9.0,0.007429932011818971,2.0,2.0,-0.4055570279055192,-0.21152850746022978,-0.008749993507470178,36.723294468650955,8.238950722569182,14.160068906151654,-3.6032856445957613,14.669571532316638,29.26652142338508,18.196498776741336,-0.02309868914938618,0.10115606936416842,0.010000000000047748,0.2599999999999909,0.07999999999998408,0.0,19877.0,19877.0,2022-03-02,2022-03-02 16:30:00,1.3429215040720945,103.0,1.0,best_within_2.0d,19979.0,350.91,0.32133995037220525,8.060000000000002,68.0,0.02366898657974335,2.589999999999975,9.0,0.007429932011818971,0.4929364202292669,5.6011759621451125,36.843533123028394,0.015614239272951093,2.82998018927445,22.52492113564669,0.007835530045022196,1.8630914826498424,0.00402220134195386,1.9444468750000041,16.553125,0.005470102952261012,0.0,0
19877.0,2022-03-02 16:35:00,346.25,346.29,345.93,346.1,78484.0,2,2,1.0,buy,False,0.3300248138957776,4.163492493946733,28.239017640954685,0.011578080659927173,-0.40702112535319906,-0.05962763417662006,-0.2631381968532196,-0.0007581555990123284,35.05547584653321,8.080152840921556,12.133430217741621,-0.026401912718572618,78484.0,2.659999999999968,1.0,8.060000000000002,68.0,0.02366898657974335,2.659999999999968,10.0,0.007630740985111358,2.0,2.0,-0.40702112535319906,-0.2631381968532196,-0.05962763417662006,35.05547584653321,8.080152840921556,12.133430217741621,-0.026401912718572618,12.433661865049233,31.614859742229655,20.007149650937784,-0.043321299638982604,0.10406729685196821,0.040000000000020464,0.17000000000001592,0.14999999999997726,0.0,19878.0,19878.0,2022-03-02,2022-03-02 16:35:00,1.3897717422710205,102.0,1.0,best_within_2.0d,19979.0,350.91,0.3300248138957776,8.060000000000002,68.0,0.02366898657974335,2.659999999999968,10.0,0.007630740985111358,0.4929364202292669,5.6011759621451125,36.843533123028394,0.015614239272951093,2.82998018927445,22.52492113564669,0.007835530045022196,1.8630914826498424,0.00402220134195386,1.9444468750000041,16.553125,0.005470102952261012,0.0,0
19878.0,2022-03-02 16:40:00,346.11,346.1499,345.72,345.83,32020.0,2,2,1.0,buy,False,0.35607940446649466,4.163492493946733,28.239017640954685,0.011578080659927173,-0.41997638425141504,-0.11212468220804694,-0.32211287433375446,-0.0009283208651999698,32.38277864089342,7.692848225183732,10.653236220222325,1.7720722351065454,32020.0,2.8699999999999477,1.0,8.060000000000002,68.0,0.02366898657974335,2.8699999999999477,11.0,0.00823316790498852,2.0,2.0,-0.41997638425141504,-0.32211287433375446,-0.11212468220804694,32.38277864089342,7.692848225183732,10.653236220222325,1.7720722351065454,7.204498112734459,35.94418080157921,23.335651147221693,-0.08089913611280504,0.1243491843109959,0.03989999999998872,0.1099999999999568,0.28000000000002956,0.0,19879.0,19879.0,2022-03-02,2022-03-02 16:40:00,1.468929821010335,101.0,1.0,best_within_2.0d,19979.0,350.91,0.35607940446649466,8.060000000000002,68.0,0.02366898657974335,2.8699999999999477,11.0,0.00823316790498852,0.4929364202292669,5.6011759621451125,36.843533123028394,0.015614239272951093,2.82998018927445,22.52492113564669,0.007835530045022196,1.8630914826498424,0.00402220134195386,1.9444468750000041,16.553125,0.005470102952261012,0.0,0
19879.0,2022-03-02 16:45:00,345.89,345.89,345.65,345.66,40422.0,2,2,1.0,buy,False,0.36476426799007405,4.163492493946733,28.239017640954685,0.011578080659927173,-0.4257342005512344,-0.16534145727695124,-0.37820855755256844,-0.001090295420382886,30.7909830821648,5.340879708509907,8.882450716318186,-1.7422623071066496,40422.0,2.9399999999999977,1.0,8.060000000000002,68.0,0.02366898657974335,2.9399999999999977,12.0,0.008433976878281069,2.0,2.0,-0.4257342005512344,-0.37820855755256844,-0.16534145727695124,30.7909830821648,5.340879708509907,8.882450716318186,-1.7422623071066496,7.461597106197673,38.36234164382342,26.485506659462004,-0.0664951285090524,0.06943439895848666,0.0,0.010000000000047748,0.22999999999996135,0.0,19880.0,19880.0,2022-03-02,2022-03-02 16:45:00,1.5188335358444713,100.0,1.0,best_within_2.0d,19979.0,350.91,0.36476426799007405,8.060000000000002,68.0,0.02366898657974335,2.9399999999999977,12.0,0.008433976878281069,0.4929364202292669,5.6011759621451125,36.843533123028394,0.015614239272951093,2.82998018927445,22.52492113564669,0.007835530045022196,1.8630914826498424,0.00402220134195386,1.9444468750000041,16.553125,0.005470102952261012,1.0,0
19919.0,2022-03-03 04:05:00,346.15,346.15,345.66,345.66,3200.0,2s,2s,1.0,buy,False,0.36352357320098627,4.163492493946733,28.239017640954685,0.011578080659927173,-0.1169177608746001,-0.017520369454117973,-0.07597924989141802,-0.00021941589139082786,33.608819711658526,19.998093247646146,33.150283441356656,-6.306287139774874,3200.0,1.5600000000000023,1.0,8.060000000000002,68.0,0.02366898657974335,1.5600000000000023,35.0,0.004492828754104033,1.0,2.5,-0.1169177608746001,-0.07597924989141802,-0.017520369454117973,33.608819711658526,19.998093247646146,33.150283441356656,-6.306287139774874,16.788321167882756,42.700729927008624,20.268479727672773,-0.14155712841252413,0.14175779667880353,0.0,0.0,0.48999999999995225,0.0,19920.0,19920.0,2022-03-03,2022-03-03 04:05:00,1.5188335358444713,60.0,1.0,best_within_2.0d,19979.0,350.91,0.5832424107187206,4.3760036431226785,32.22527881040892,0.012230020343504162,2.285057100371749,15.890706319702602,0.006381710269403211,0.36352357320098627,8.060000000000002,68.0,0.02366898657974335,1.5600000000000023,35.0,0.004492828754104033,1.0,0.00402220134195386,1.9444468750000041,16.553125,0.005470102952261012,0.0,0
19920.0,2022-03-03 04:10:00,345.52,346.13,345.38,346.0,1974.0,2s,2s,1.0,buy,False,0.39826302729528273,4.163492493946733,28.239017640954685,0.011578080659927173,-0.11052008290573698,-0.0313353798173351,-0.08659542127020359,-0.0002500886507399849,43.67317209100716,31.303076657851538,32.53454784685495,28.84013427984472,1974.0,1.8400000000000318,1.0,8.060000000000002,68.0,0.02366898657974335,1.8400000000000318,36.0,0.005299233915097148,1.0,2.5,-0.11052008290573698,-0.08659542127020359,-0.0313353798173351,43.67317209100716,31.303076657851538,32.53454784685495,28.84013427984472,10.179640718562203,43.413173652696294,23.25010068886477,0.13892104653855586,0.2171521223000753,0.12999999999999545,0.13999999999998636,0.4800000000000182,1.0,19921.0,19921.0,2022-03-03,2022-03-03 04:10:00,1.4190751445086778,59.0,1.0,best_within_2.0d,19979.0,350.91,0.5832424107187206,4.3760036431226785,32.22527881040892,0.012230020343504162,2.285057100371749,15.890706319702602,0.006381710269403211,0.39826302729528273,8.060000000000002,68.0,0.02366898657974335,1.8400000000000318,36.0,0.005299233915097148,1.0,0.00402220134195386,1.9444468750000041,16.553125,0.005470102952261012,1.0,0
19962.0,2022-03-03 07:45:00,346.43,346.44,346.26,346.31,23573.0,2s,2s,1.0,buy,False,0.28908188585607736,4.163492493946733,28.239017640954685,0.011578080659927173,0.011304307917253453,0.08815613881382411,0.09380829277245084,0.0002708439862265381,48.76945025042895,50.81497641807633,64.9134203839452,22.618088486338593,23573.0,0.6800000000000068,1.0,8.060000000000002,68.0,0.02366898657974335,0.6800000000000068,5.0,0.001959993082377376,2.0,2.5,0.011304307917253453,0.09380829277245084,0.08815613881382411,48.76945025042895,50.81497641807633,64.9134203839452,22.618088486338593,27.24719101123714,27.80898876404563,11.916515817909096,-0.034639032416362486,0.05198405822214718,0.009999999999990905,0.05000000000001137,0.12000000000000455,0.0,19963.0,19963.0,2022-03-03,2022-03-03 07:45:00,1.3282896826542758,17.0,1.0,best_within_2.0d,19979.0,350.91,0.5832424107187206,4.3760036431226785,32.22527881040892,0.012230020343504162,2.285057100371749,15.890706319702602,0.006381710269403211,0.28908188585607736,8.060000000000002,68.0,0.02366898657974335,0.6800000000000068,5.0,0.001959993082377376,2.0,0.00402220134195386,1.9444468750000041,16.553125,0.005470102952261012,1.0,0
19972.0,2022-03-03 08:35:00,347.44,347.95,347.44,347.74,35823.0,1,1,0.0,sell,False,0.316263333541418,1.6899999999999977,11.0,0.004880725466412516,0.19693066394067776,0.2425125065441657,0.3409778385145046,0.000983090686331814,68.94171698389812,84.05913047536055,78.21683009024707,95.7437312455875,35823.0,1.6899999999999977,1.0,1.6899999999999977,11.0,0.004880725466412516,1.6899999999999977,11.0,0.004880725466412516,1.0,1.0,0.19693066394067776,0.3409778385145046,0.2425125065441657,68.94171698389812,84.05913047536055,78.21683009024707,95.7437312455875,33.99014778325313,9.523809523809302,34.48324517959879,0.08634584388671752,0.1467879346074116,0.20999999999997954,0.0,0.30000000000001137,1.0,19973.0,19973.0,2022-03-03,2022-03-03 08:35:00,3.5946396733191466,268.0,1.0,best_within_2.0d,20240.0,335.24,0.5832424107187206,4.3760036431226785,32.22527881040892,0.012230020343504162,2.285057100371749,15.890706319702602,0.006381710269403211,0.4929364202292669,5.6011759621451125,36.843533123028394,0.015614239272951093,2.82998018927445,22.52492113564669,0.007835530045022196,1.8630914826498424,0.00402220134195386,1.9444468750000041,16.553125,0.005470102952261012,0.0,1
19973.0,2022-03-03 08:40:00,347.72,348.04,347.58,347.99,56779.0,1,1,0.0,sell,False,0.31626333354182223,1.7800000000000296,12.0,0.005140645757523334,0.22004617002443272,0.27001827779721976,0.3800413628094361,0.00109544832592465,71.86008642824656,88.6449516123945,81.69287059762954,102.54911364192441,56779.0,1.7800000000000296,1.0,1.7800000000000296,12.0,0.005140645757523334,1.7800000000000296,12.0,0.005140645757523334,1.0,1.0,0.22004617002443272,0.3800413628094361,0.27001827779721976,71.86008642824656,88.6449516123945,81.69287059762954,102.54911364192441,34.39490445860077,7.006369426751522,36.74543096347374,0.07764868284826348,0.13234363312044317,0.05000000000001137,0.1400000000000432,0.2699999999999818,1.0,19974.0,19974.0,2022-03-03,2022-03-03 08:40:00,3.6638983878847093,267.0,1.0,best_within_2.0d,20240.0,335.24,0.5832424107187206,4.3760036431226785,32.22527881040892,0.012230020343504162,2.285057100371749,15.890706319702602,0.006381710269403211,0.4929364202292669,5.6011759621451125,36.843533123028394,0.015614239272951093,2.82998018927445,22.52492113564669,0.007835530045022196,1.8630914826498424,0.00402220134195386,1.9444468750000041,16.553125,0.005470102952261012,0.0,1
19974.0,2022-03-03 08:45:00,348.03,348.06,347.87,347.94,19507.0,1,1,0.0,sell,False,0.31626333354206243,1.8000000000000114,13.0,0.005198405822214554,0.21169416099896876,0.2964800479220909,0.40232712842157525,0.001159435217257546,70.43459848399003,89.59308830897216,84.3262765014104,100.12671192409567,19507.0,1.8000000000000114,1.0,1.8000000000000114,13.0,0.005198405822214554,1.8000000000000114,13.0,0.005198405822214554,1.0,1.0,0.21169416099896876,0.40232712842157525,0.2964800479220909,70.43459848399003,89.59308830897216,84.3262765014104,100.12671192409567,34.45512820512961,7.051282051282004,38.83669775345185,-0.02585983966898687,0.05461810446431072,0.03000000000002956,0.06999999999999318,0.08999999999997499,0.0,19975.0,19975.0,2022-03-03,2022-03-03 08:45:00,3.650054607116166,266.0,1.0,best_within_2.0d,20240.0,335.24,0.5832424107187206,4.3760036431226785,32.22527881040892,0.012230020343504162,2.285057100371749,15.890706319702602,0.006381710269403211,0.4929364202292669,5.6011759621451125,36.843533123028394,0.015614239272951093,2.82998018927445,22.52492113564669,0.007835530045022196,1.8630914826498424,0.00402220134195386,1.9444468750000041,16.553125,0.005470102952261012,0.0,1
19975.0,2022-03-03 08:50:00,347.92,348.29,347.68,348.21,59499.0,1,1,0.0,sell,False,0.31626333354309116,2.0300000000000296,14.0,0.00586264656616424,0.22441756027339632,0.3245322429562654,0.4367410230929636,0.001258285649144858,73.49249704899195,90.76320829793433,86.47192043358504,99.34578402663288,59499.0,2.0300000000000296,1.0,2.0300000000000296,14.0,0.00586264656616424,2.0300000000000296,14.0,0.00586264656616424,1.0,1.0,0.22441756027339632,0.4367410230929636,0.3245322429562654,73.49249704899195,90.76320829793433,86.47192043358504,99.34578402663288,35.73573573573724,4.204204204204632,41.701745658280394,0.08335249482638642,0.17544868844915257,0.08000000000004093,0.2400000000000091,0.2899999999999636,1.0,19976.0,19976.0,2022-03-03,2022-03-03 08:50:00,3.724763791964611,265.0,1.0,best_within_2.0d,20240.0,335.24,0.5832424107187206,4.3760036431226785,32.22527881040892,0.012230020343504162,2.285057100371749,15.890706319702602,0.006381710269403211,0.4929364202292669,5.6011759621451125,36.843533123028394,0.015614239272951093,2.82998018927445,22.52492113564669,0.007835530045022196,1.8630914826498424,0.00402220134195386,1.9444468750000041,16.553125,0.005470102952261012,0.0,1
19976.0,2022-03-03 08:55:00,348.18,349.65,348.18,349.46,209603.0,1,1,0.0,sell,False,0.5208751678602157,3.3899999999999864,15.0,0.009790330965170641,0.37425476362502785,0.3713140884093939,0.5584414702219078,0.0016081016875739897,82.51101030328192,91.22505897548237,88.05629994755081,97.56257703134546,209603.0,3.3899999999999864,1.0,3.3899999999999864,15.0,0.009790330965170641,3.3899999999999864,15.0,0.009790330965170641,1.0,1.0,0.37425476362502785,0.5584414702219078,0.3713140884093939,82.51101030328192,91.22505897548237,88.05629994755081,97.56257703134546,47.16267339218238,1.5132408575032086,45.421791212666726,0.36762594060542614,0.4221954161640446,0.18999999999999773,0.0,1.2799999999999727,1.0,19977.0,19977.0,2022-03-03,2022-03-03 08:55:00,4.069135237223136,264.0,1.0,best_within_2.0d,20240.0,335.24,0.5832424107187206,4.3760036431226785,32.22527881040892,0.012230020343504162,2.285057100371749,15.890706319702602,0.006381710269403211,0.4929364202292669,5.6011759621451125,36.843533123028394,0.015614239272951093,2.82998018927445,22.52492113564669,0.007835530045022196,1.8630914826498424,0.00402220134195386,1.9444468750000041,16.553125,0.005470102952261012,0.0,1
19977.0,2022-03-03 09:00:00,349.47,350.57,349.44,350.38,426411.0,1,1,0.0,sell,False,0.7782824915504833,4.310000000000002,16.0,0.01244729394096922,0.5592048688125224,0.4412146970109593,0.7208171314172205,0.002074305450268977,86.22553578712706,92.22501398770763,89.44587129426975,97.78329937458341,426411.0,4.310000000000002,1.0,4.310000000000002,16.0,0.01244729394096922,4.310000000000002,16.0,0.01244729394096922,1.0,1.0,0.5592048688125224,0.7208171314172205,0.4412146970109593,86.22553578712706,92.22501398770763,89.44587129426975,97.78329937458341,52.13004484305025,1.3452914798206765,48.960845658841926,0.26039431138580366,0.32337454212454086,0.18999999999999773,0.03000000000002956,0.9099999999999682,1.0,19978.0,19978.0,2022-03-03,2022-03-03 09:00:00,4.3210228894343246,263.0,1.0,best_within_2.0d,20240.0,335.24,0.5832424107187206,4.3760036431226785,32.22527881040892,0.012230020343504162,2.285057100371749,15.890706319702602,0.006381710269403211,0.4929364202292669,5.6011759621451125,36.843533123028394,0.015614239272951093,2.82998018927445,22.52492113564669,0.007835530045022196,1.8630914826498424,0.00402220134195386,1.9444468750000041,16.553125,0.005470102952261012,0.0,1
19979.0,2022-03-03 09:10:00,350.1,350.93,349.99,350.91,156325.0,1,1,0.0,sell,False,0.9763292123216756,4.670000000000016,18.0,0.013486975105412165,0.7015037020822323,0.6063901200445455,0.9571419710856617,0.0027508912437347053,85.7888281657089,94.09589099042176,91.43493185279607,99.41780926567316,156325.0,4.670000000000016,1.0,4.670000000000016,18.0,0.013486975105412165,4.670000000000016,18.0,0.013486975105412165,1.0,1.0,0.7015037020822323,0.9571419710856617,0.6063901200445455,85.7888281657089,94.09589099042176,91.43493185279607,99.41780926567316,50.55487053021016,1.4796547472256905,55.23719759424281,0.23136246786632456,0.26857910226006393,0.01999999999998181,0.11000000000001364,0.8100000000000023,1.0,19980.0,19980.0,2022-03-03,2022-03-03 09:10:00,4.4655324727138055,261.0,1.0,best_within_2.0d,20240.0,335.24,0.5832424107187206,4.3760036431226785,32.22527881040892,0.012230020343504162,2.285057100371749,15.890706319702602,0.006381710269403211,0.4929364202292669,5.6011759621451125,36.843533123028394,0.015614239272951093,2.82998018927445,22.52492113564669,0.007835530045022196,1.8630914826498424,0.00402220134195386,1.9444468750000041,16.553125,0.005470102952261012,1.0,1
19984.0,2022-03-03 09:35:00,349.22,349.26,348.17,348.81,1103428.0,3a,3a,1.0,buy,False,0.0045421669318676415,4.163492493946733,28.239017640954685,0.011578080659927173,-0.046236881223229886,0.8115916378936454,0.7884731972820305,0.0022626354619665486,54.121075409283264,53.68793547650492,71.52176034874964,18.02028573201548,1103428.0,2.759999999999991,2.0,2.759999999999991,6.0,0.00786481634514003,2.759999999999991,6.0,0.00786481634514003,3.0,3.0,-0.046236881223229886,0.7884731972820305,0.8115916378936454,54.121075409283264,53.68793547650492,71.52176034874964,18.02028573201548,35.46747967479652,23.882113821137647,55.46393821954742,-0.11740450146040461,0.3130654565298489,0.03999999999996362,0.6399999999999864,0.410000000000025,0.0,19985.0,19985.0,2022-03-03,2022-03-03 09:35:00,0.6020469596628603,263.0,1.0,best_within_2.0d,20247.0,350.91,0.5832424107187206,4.3760036431226785,32.22527881040892,0.012230020343504162,2.285057100371749,15.890706319702602,0.006381710269403211,0.4929364202292669,5.6011759621451125,36.843533123028394,0.015614239272951093,2.82998018927445,22.52492113564669,0.007835530045022196,1.8630914826498424,0.0045421669318676415,2.759999999999991,6.0,0.00786481634514003,0.0,0
19985.0,2022-03-03 09:40:00,348.81,349.1474,348.05,348.17,889967.0,3a,3a,1.0,buy,False,0.0045421669318676415,4.163492493946733,28.239017640954685,0.011578080659927173,-0.27007758666016457,0.7778319395611248,0.6427931462310426,0.0018447057551339656,47.52110668422706,37.18084587322555,60.07478885690827,-8.60704009413989,889967.0,2.8799999999999955,2.0,2.8799999999999955,7.0,0.008206764881885263,2.8799999999999955,7.0,0.008206764881885263,3.0,3.0,-0.27007758666016457,0.6427931462310426,0.7778319395611248,47.52110668422706,37.18084587322555,60.07478885690827,-8.60704009413989,32.80876906010854,22.091864553367838,52.89655319995163,-0.18348097818296102,0.3152995259301805,0.33740000000000236,0.12000000000000455,0.6399999999999864,0.0,19986.0,19986.0,2022-03-03,2022-03-03 09:40:00,0.786971881552118,262.0,1.0,best_within_2.0d,20247.0,350.91,0.5832424107187206,4.3760036431226785,32.22527881040892,0.012230020343504162,2.285057100371749,15.890706319702602,0.006381710269403211,0.4929364202292669,5.6011759621451125,36.843533123028394,0.015614239272951093,2.82998018927445,22.52492113564669,0.007835530045022196,1.8630914826498424,0.0045421669318676415,2.8799999999999955,7.0,0.008206764881885263,0.0,0
19986.0,2022-03-03 09:45:00,348.18,349.07,347.14,347.31,1164575.0,2s,2s,1.0,buy,False,0.17990074441687198,4.163492493946733,28.239017640954685,0.011578080659927173,-0.5201677633405097,0.7128109691435611,0.45272708747330626,0.0012995646124350463,40.39285296649736,26.28239329103352,48.81065700161669,-18.774134130132808,1164575.0,3.7900000000000205,1.0,8.060000000000002,68.0,0.02366898657974335,3.7900000000000205,8.0,0.010799874618869918,3.0,2.5,-0.5201677633405097,0.45272708747330626,0.7128109691435611,40.39285296649736,26.28239329103352,48.81065700161669,-18.774134130132808,26.312731377724578,27.05978053355882,49.218205754098555,-0.24987075650525722,0.55597165408769,0.8899999999999864,0.17000000000001592,0.8700000000000045,0.0,19987.0,19987.0,2022-03-03,2022-03-03 09:45:00,1.0365379632029088,261.0,1.0,best_within_2.0d,20247.0,350.91,0.5832424107187206,4.3760036431226785,32.22527881040892,0.012230020343504162,2.285057100371749,15.890706319702602,0.006381710269403211,0.17990074441687198,8.060000000000002,68.0,0.02366898657974335,3.7900000000000205,8.0,0.010799874618869918,3.0,0.00402220134195386,1.9444468750000041,16.553125,0.005470102952261012,0.0,0
19990.0,2022-03-03 10:05:00,347.98,348.01,346.66,347.05,1042163.0,2s,2s,1.0,buy,False,0.2394540942927977,4.163492493946733,28.239017640954685,0.011578080659927173,-0.6873354597056865,0.3864742569173994,0.04280652706455612,0.00012295384564096695,39.77328889481951,17.668521206018355,25.043347455656082,2.9188687067428987,1042163.0,4.269999999999982,1.0,8.060000000000002,68.0,0.02366898657974335,4.269999999999982,12.0,0.012167668765850688,3.0,2.5,-0.6873354597056865,0.04280652706455612,0.3864742569173994,39.77328889481951,17.668521206018355,25.043347455656082,2.9188687067428987,15.982534754614939,31.810604554422,39.39167779819791,-0.26725673889304175,0.38943056597241266,0.029999999999972715,0.38999999999998636,0.9300000000000068,0.0,19991.0,19991.0,2022-03-03,2022-03-03 10:05:00,1.1122316669067898,257.0,1.0,best_within_2.0d,20247.0,350.91,0.5832424107187206,4.3760036431226785,32.22527881040892,0.012230020343504162,2.285057100371749,15.890706319702602,0.006381710269403211,0.2394540942927977,8.060000000000002,68.0,0.02366898657974335,4.269999999999982,12.0,0.012167668765850688,3.0,0.00402220134195386,1.9444468750000041,16.553125,0.005470102952261012,0.0,0
19991.0,2022-03-03 10:10:00,347.02,347.26,346.3646,346.8,876241.0,2s,2s,1.0,buy,False,0.2761042183622802,4.163492493946733,28.239017640954685,0.011578080659927173,-0.7328643037248473,0.2948662189517935,-0.07156593291063018,-0.0002056190412128104,37.97835437503894,15.727790687743827,21.938161866351997,3.3070483305274863,876241.0,4.565400000000011,1.0,8.060000000000002,68.0,0.02366898657974335,4.565400000000011,13.0,0.01300943208047192,3.0,2.5,-0.7328643037248473,-0.07156593291063018,0.2948662189517935,37.97835437503894,15.727790687743827,21.938161866351997,3.3070483305274863,9.110941539228167,34.69181175444617,40.74942525615389,-0.06339692236757836,0.2585137164710236,0.2400000000000091,0.43540000000001555,0.21999999999997044,0.0,19992.0,19992.0,2022-03-03,2022-03-03 10:10:00,1.1851211072664398,256.0,1.0,best_within_2.0d,20247.0,350.91,0.5832424107187206,4.3760036431226785,32.22527881040892,0.012230020343504162,2.285057100371749,15.890706319702602,0.006381710269403211,0.2761042183622802,8.060000000000002,68.0,0.02366898657974335,4.565400000000011,13.0,0.01300943208047192,3.0,0.00402220134195386,1.9444468750000041,16.553125,0.005470102952261012,0.0,0
19992.0,2022-03-03 10:15:00,346.7668,346.7668,345.521,345.8,737570.0,2s,2s,1.0,buy,False,0.3807692307692257,4.163492493946733,28.239017640954685,0.011578080659927173,-0.8559947490153221,0.18786687532487822,-0.24013049918278284,-0.0006902595637284741,31.796948943898528,12.972489860296706,18.949604531000233,1.0182605188896545,737570.0,5.408999999999992,1.0,8.060000000000002,68.0,0.02366898657974335,5.408999999999992,14.0,0.01541333029379076,3.0,2.5,-0.8559947490153221,-0.24013049918278284,0.18786687532487822,31.796948943898528,12.972489860296706,18.949604531000233,1.0182605188896545,8.577313844214082,38.843847586095706,42.39767719973862,-0.2788040838972987,0.36055695601713766,0.0,0.27899999999999636,0.9667999999999779,0.0,19993.0,19993.0,2022-03-03,2022-03-03 10:15:00,1.477732793522271,255.0,1.0,best_within_2.0d,20247.0,350.91,0.5832424107187206,4.3760036431226785,32.22527881040892,0.012230020343504162,2.285057100371749,15.890706319702602,0.006381710269403211,0.3807692307692257,8.060000000000002,68.0,0.02366898657974335,5.408999999999992,14.0,0.01541333029379076,3.0,0.00402220134195386,1.9444468750000041,16.553125,0.005470102952261012,0.0,0
19993.0,2022-03-03 10:20:00,345.82,345.925,344.56,344.8779,1069871.0,2s,2s,1.0,buy,False,0.49999999999999645,4.163492493946733,28.239017640954685,0.011578080659927173,-1.0094158959785422,0.06168988832756046,-0.4430180596617106,-0.0012742793473932649,27.372771262774208,10.958277017500912,16.285828693167126,0.3031736661684832,1069871.0,6.3700000000000045,1.0,8.060000000000002,68.0,0.02366898657974335,6.3700000000000045,15.0,0.0181517681588921,3.0,2.5,-1.0094158959785422,-0.4430180596617106,0.06168988832756046,27.372771262774208,10.958277017500912,16.285828693167126,0.3031736661684832,4.408252054482768,44.50194784883567,45.224564486448344,-0.2724249609623452,0.3961574181564921,0.10500000000001819,0.31790000000000873,0.9420999999999822,0.0,19994.0,19994.0,2022-03-03,2022-03-03 10:20:00,1.7490537955606937,254.0,1.0,best_within_2.0d,20247.0,350.91,0.5832424107187206,4.3760036431226785,32.22527881040892,0.012230020343504162,2.285057100371749,15.890706319702602,0.006381710269403211,0.49999999999999645,8.060000000000002,68.0,0.02366898657974335,6.3700000000000045,15.0,0.0181517681588921,3.0,0.00402220134195386,1.9444468750000041,16.553125,0.005470102952261012,0.0,0
19994.0,2022-03-03 10:25:00,344.9,345.28,344.53,345.0,743201.0,2s,2s,1.0,buy,False,0.5037220843672457,4.163492493946733,28.239017640954685,0.011578080659927173,-1.0382026057540035,-0.06808543739168996,-0.5871867402686917,-0.0016899187022431808,28.785752279597105,10.756325647497121,14.442661011277124,3.383654919937115,743201.0,6.400000000000034,1.0,8.060000000000002,68.0,0.02366898657974335,6.400000000000034,16.0,0.01823725529307849,3.0,2.5,-1.0382026057540035,-0.5871867402686917,-0.06808543739168996,28.785752279597105,10.756325647497121,14.442661011277124,3.383654919937115,4.334302569407442,43.965107501328504,47.8551211761613,0.028993911278638082,0.2176878646271733,0.2799999999999727,0.37000000000000455,0.10000000000002274,1.0,19995.0,19995.0,2022-03-03,2022-03-03 10:25:00,1.713043478260877,253.0,1.0,best_within_2.0d,20247.0,350.91,0.5832424107187206,4.3760036431226785,32.22527881040892,0.012230020343504162,2.285057100371749,15.890706319702602,0.006381710269403211,0.5037220843672457,8.060000000000002,68.0,0.02366898657974335,6.400000000000034,16.0,0.01823725529307849,3.0,0.00402220134195386,1.9444468750000041,16.553125,0.005470102952261012,0.0,0
19996.0,2022-03-03 10:35:00,344.9995,345.2099,343.911,343.97,732323.0,2s,2s,1.0,buy,False,0.580521091811411,4.163492493946733,28.239017640954685,0.011578080659927173,-1.0527226117302382,-0.32479929520593886,-0.851160601071058,-0.002452655203357216,24.183676908407918,7.867776776715573,11.51940195970338,0.5645264107399584,732323.0,7.0190000000000055,1.0,8.060000000000002,68.0,0.02366898657974335,7.0190000000000055,18.0,0.020001139828455833,3.0,2.5,-1.0527226117302382,-0.851160601071058,-0.32479929520593886,24.183676908407918,7.867776776715573,11.51940195970338,0.5645264107399584,5.127464757101618,41.187831655406185,51.86255746382984,-0.2984062295742413,0.3776849242972755,0.21039999999999281,0.05900000000002592,1.0294999999999845,0.0,19997.0,19997.0,2022-03-03,2022-03-03 10:35:00,2.017617815507166,251.0,1.0,best_within_2.0d,20247.0,350.91,0.5832424107187206,4.3760036431226785,32.22527881040892,0.012230020343504162,2.285057100371749,15.890706319702602,0.006381710269403211,0.580521091811411,8.060000000000002,68.0,0.02366898657974335,7.0190000000000055,18.0,0.020001139828455833,3.0,0.00402220134195386,1.9444468750000041,16.553125,0.005470102952261012,0.0,0
19997.0,2022-03-03 10:40:00,343.98,344.37,343.48,343.5962,830499.0,2s,2s,1.0,buy,False,0.6339950372208382,4.163492493946733,28.239017640954685,0.011578080659927173,-1.0717510671804966,-0.45876817860350094,-0.9946437121937493,-0.0028682139735789524,22.761171590334854,6.026082752388939,9.688295557265231,-1.298342857363643,830499.0,7.449999999999989,1.0,8.060000000000002,68.0,0.02366898657974335,7.449999999999989,19.0,0.021229304989599032,3.0,2.5,-1.0717510671804966,-0.9946437121937493,-0.45876817860350094,22.761171590334854,6.026082752388939,9.688295557265231,-1.298342857363643,5.255611751629553,38.08033042414572,53.56843126206239,-0.11157625443339958,0.2591126120880361,0.38999999999998636,0.11619999999999209,0.3838000000000079,0.0,19998.0,19998.0,2022-03-03,2022-03-03 10:40:00,2.1286032849024568,250.0,1.0,best_within_2.0d,20247.0,350.91,0.5832424107187206,4.3760036431226785,32.22527881040892,0.012230020343504162,2.285057100371749,15.890706319702602,0.006381710269403211,0.6339950372208382,8.060000000000002,68.0,0.02366898657974335,7.449999999999989,19.0,0.021229304989599032,3.0,0.00402220134195386,1.9444468750000041,16.553125,0.005470102952261012,0.0,0
19998.0,2022-03-03 10:45:00,343.6,343.83,343.32,343.7004,640103.0,2s,2s,1.0,buy,False,0.6538461538461514,4.163492493946733,28.239017640954685,0.011578080659927173,-1.0058301675220123,-0.5844969495437524,-1.0874120333047586,-0.0031377913757678526,24.10139883953326,6.721013235068169,8.69920144986621,2.764636805472083,640103.0,7.610000000000014,1.0,8.060000000000002,68.0,0.02366898657974335,7.610000000000014,20.0,0.021685236371926063,3.0,2.5,-1.0058301675220123,-1.0874120333047586,-0.5844969495437524,24.10139883953326,6.721013235068169,8.69920144986621,2.764636805472083,5.464043706879582,36.58194698010992,55.02848650041843,0.029220023282881015,0.148549458231385,0.12959999999998217,0.28000000000002956,0.10039999999997917,1.0,19999.0,19999.0,2022-03-03,2022-03-03 10:45:00,2.097640852323716,249.0,1.0,best_within_2.0d,20247.0,350.91,0.5832424107187206,4.3760036431226785,32.22527881040892,0.012230020343504162,2.285057100371749,15.890706319702602,0.006381710269403211,0.6538461538461514,8.060000000000002,68.0,0.02366898657974335,7.610000000000014,20.0,0.021685236371926063,3.0,0.00402220134195386,1.9444468750000041,16.553125,0.005470102952261012,0.0,0
19999.0,2022-03-03 10:50:00,343.72,343.86,343.01,343.1,774812.0,2s,2s,1.0,buy,False,0.6923076923076902,4.163492493946733,28.239017640954685,0.011578080659927173,-0.9777597017547737,-0.7067169122630992,-1.195596763140486,-0.0034525131840866317,21.758617716462467,5.186557842986872,7.528320247573097,0.5030330338144218,774812.0,7.920000000000016,1.0,8.060000000000002,68.0,0.02366898657974335,7.920000000000016,21.0,0.022568603425184554,3.0,2.5,-0.9777597017547737,-1.195596763140486,-0.7067169122630992,21.758617716462467,5.186557842986872,7.528320247573097,0.5030330338144218,5.55806723098229,38.53296516035782,56.43989597523345,-0.1803793785639487,0.24780618640856616,0.13999999999998636,0.09000000000003183,0.6200000000000045,0.0,20000.0,20000.0,2022-03-03,2022-03-03 10:50:00,2.276304284465171,248.0,1.0,best_within_2.0d,20247.0,350.91,0.5832424107187206,4.3760036431226785,32.22527881040892,0.012230020343504162,2.285057100371749,15.890706319702602,0.006381710269403211,0.6923076923076902,8.060000000000002,68.0,0.02366898657974335,7.920000000000016,21.0,0.022568603425184554,3.0,0.00402220134195386,1.9444468750000041,16.553125,0.005470102952261012,0.0,0
20000.0,2022-03-03 10:55:00,343.08,343.285,342.66,342.7,668917.0,2s,2s,1.0,buy,False,0.7357320099255519,4.163492493946733,28.239017640954685,0.011578080659927173,-0.9470780230664186,-0.8251016651464015,-1.2986406766796108,-0.0037529600755246716,20.34006404056025,3.7823700122685437,6.279670169138246,-1.2122303014708606,668917.0,8.269999999999982,1.0,8.060000000000002,68.0,0.02366898657974335,8.269999999999982,22.0,0.023565953324024683,3.0,2.5,-0.9470780230664186,-1.2986406766796108,-0.8251016651464015,20.34006404056025,3.7823700122685437,6.279670169138246,-1.2122303014708606,6.112925804946473,38.0958209343426,57.57598732373219,-0.11076133846333085,0.18239654467985755,0.20500000000004093,0.03999999999996362,0.37999999999999545,0.0,20001.0,20001.0,2022-03-03,2022-03-03 10:55:00,2.3956813539539064,247.0,1.0,best_within_2.0d,20247.0,350.91,0.5832424107187206,4.3760036431226785,32.22527881040892,0.012230020343504162,2.285057100371749,15.890706319702602,0.006381710269403211,0.7357320099255519,8.060000000000002,68.0,0.02366898657974335,8.269999999999982,22.0,0.023565953324024683,3.0,0.00402220134195386,1.9444468750000041,16.553125,0.005470102952261012,0.0,0
20001.0,2022-03-03 11:00:00,342.7,343.29,342.59,343.1701,686955.0,2s,2s,1.0,buy,False,0.7444168734491313,4.163492493946733,28.239017640954685,0.011578080659927173,-0.8031539900384879,-0.9254959139012126,-1.3270729089204565,-0.0038374769904779985,26.412119236295666,8.31968095770436,6.95967376532695,11.039695342459181,686955.0,8.340000000000032,1.0,8.060000000000002,68.0,0.02366898657974335,8.340000000000032,23.0,0.02376542330379287,3.0,2.5,-0.8031539900384879,-1.3270729089204565,-0.9254959139012126,26.412119236295666,8.31968095770436,6.95967376532695,11.039695342459181,6.084996535260497,38.4548022813985,58.654569529843975,0.13717537204552152,0.204325870574169,0.11990000000002965,0.11000000000001364,0.4701000000000022,1.0,20002.0,20002.0,2022-03-03,2022-03-03 11:00:00,2.255412111952654,246.0,1.0,best_within_2.0d,20247.0,350.91,0.5832424107187206,4.3760036431226785,32.22527881040892,0.012230020343504162,2.285057100371749,15.890706319702602,0.006381710269403211,0.7444168734491313,8.060000000000002,68.0,0.02366898657974335,8.340000000000032,23.0,0.02376542330379287,3.0,0.00402220134195386,1.9444468750000041,16.553125,0.005470102952261012,0.0,0
20002.0,2022-03-03 11:05:00,343.19,343.41,342.47,343.33,759127.0,2s,2s,1.0,buy,False,0.7593052109181074,4.163492493946733,28.239017640954685,0.011578080659927173,-0.6335585070420215,-1.0046907272814654,-1.3214699808024761,-0.003823313548802878,28.41099131842826,15.137175506317947,9.685507678990614,26.040511160972613,759127.0,8.45999999999998,1.0,8.060000000000002,68.0,0.02366898657974335,8.45999999999998,24.0,0.02410737184053794,3.0,2.5,-0.6335585070420215,-1.3214699808024761,-1.0046907272814654,28.41099131842826,15.137175506317947,9.685507678990614,26.040511160972613,4.773030707610352,38.30865396286017,60.02509667559523,0.04079372942101645,0.27447659649020284,0.08000000000004093,0.7199999999999704,0.13999999999998636,1.0,20003.0,20003.0,2022-03-03,2022-03-03 11:05:00,2.2077884251303534,245.0,1.0,best_within_2.0d,20247.0,350.91,0.5832424107187206,4.3760036431226785,32.22527881040892,0.012230020343504162,2.285057100371749,15.890706319702602,0.006381710269403211,0.7593052109181074,8.060000000000002,68.0,0.02366898657974335,8.45999999999998,24.0,0.02410737184053794,3.0,0.00402220134195386,1.9444468750000041,16.553125,0.005470102952261012,0.0,0
20004.0,2022-03-03 11:15:00,342.55,343.22,342.2,343.15,705615.0,2s,2s,1.0,buy,False,0.7928039702233232,4.163492493946733,28.239017640954685,0.011578080659927173,-0.4095414333126497,-1.1271716302804031,-1.331942346936728,-0.0038579986588093977,31.669998129053724,18.13319582738746,12.886521699764781,28.62654408263282,705615.0,8.730000000000018,1.0,8.060000000000002,68.0,0.02366898657974335,8.730000000000018,26.0,0.024876756048214797,3.0,2.5,-0.4095414333126497,-1.331942346936728,-1.1271716302804031,31.669998129053724,18.13319582738746,12.886521699764781,28.62654408263282,3.0513541352044427,34.96665969656896,63.42520810044107,0.17515691139978568,0.2980713033313965,0.07000000000005002,0.35000000000002274,0.5999999999999659,1.0,20005.0,20005.0,2022-03-03,2022-03-03 11:15:00,2.2614017193647236,243.0,1.0,best_within_2.0d,20247.0,350.91,0.5832424107187206,4.3760036431226785,32.22527881040892,0.012230020343504162,2.285057100371749,15.890706319702602,0.006381710269403211,0.7928039702233232,8.060000000000002,68.0,0.02366898657974335,8.730000000000018,26.0,0.024876756048214797,3.0,0.00402220134195386,1.9444468750000041,16.553125,0.005470102952261012,1.0,0
20009.0,2022-03-03 11:40:00,343.72,344.63,343.53,344.3629,692219.0,2,2,0.0,sell,False,0.2783505154639177,4.163492493946733,28.239017640954685,0.011578080659927173,0.35091117925906,-1.0557829013950708,-0.8803273117655408,-0.002552850098596554,45.17956404904169,73.44346361559354,57.9759604905462,104.37846986568823,692219.0,2.430000000000007,1.0,8.730000000000018,26.0,0.024876756048214797,2.430000000000007,6.0,0.007101110461718314,2.0,2.0,0.35091117925906,-0.8803273117655408,-1.0557829013950708,45.17956404904169,73.44346361559354,57.9759604905462,104.37846986568823,16.111248814091688,25.25662612500969,54.47855442947297,0.1870417781915505,0.32020493115594645,0.2670999999999708,0.19000000000005457,0.6428999999999974,1.0,20010.0,20010.0,2022-03-03,2022-03-03 11:40:00,2.649211050319304,231.0,1.0,best_within_2.0d,20240.0,335.24,0.2783505154639177,8.730000000000018,26.0,0.024876756048214797,2.430000000000007,6.0,0.007101110461718314,0.4929364202292669,5.6011759621451125,36.843533123028394,0.015614239272951093,2.82998018927445,22.52492113564669,0.007835530045022196,1.8630914826498424,0.00402220134195386,1.9444468750000041,16.553125,0.005470102952261012,1.0,1
20015.0,2022-03-03 12:10:00,344.48,344.93,344.2615,344.59,456860.0,2,2,0.0,sell,False,0.31271477663230385,4.163492493946733,28.239017640954685,0.011578080659927173,0.5339660924123675,-0.7147626165505641,-0.4477795703443803,-0.0012993038845067581,49.096831605353444,78.98850259482252,74.79215186491614,87.38120405463528,456860.0,2.730000000000018,1.0,8.730000000000018,26.0,0.024876756048214797,2.730000000000018,12.0,0.007977790765634185,2.0,2.0,0.5339660924123675,-0.4477795703443803,-0.7147626165505641,49.096831605353444,78.98850259482252,74.79215186491614,87.38120405463528,22.578506918550875,10.397713149391159,42.05952567143441,0.03193218764513376,0.19418378180539925,0.34000000000003183,0.2185000000000059,0.1099999999999568,1.0,20016.0,20016.0,2022-03-03,2022-03-03 12:10:00,2.7133695115934784,225.0,1.0,best_within_2.0d,20240.0,335.24,0.31271477663230385,8.730000000000018,26.0,0.024876756048214797,2.730000000000018,12.0,0.007977790765634185,0.4929364202292669,5.6011759621451125,36.843533123028394,0.015614239272951093,2.82998018927445,22.52492113564669,0.007835530045022196,1.8630914826498424,0.00402220134195386,1.9444468750000041,16.553125,0.005470102952261012,1.0,1
20020.0,2022-03-03 12:35:00,345.67,346.65,344.755,345.04,1445992.0,2,2,0.0,sell,False,0.5097365406643733,4.163492493946733,28.239017640954685,0.011578080659927173,0.489298285560005,-0.4665345908046957,-0.22188544802469323,-0.0006439950626704493,53.05990984453071,59.041175832883674,59.91210279333815,57.299321911974715,1445992.0,4.449999999999989,1.0,8.730000000000018,26.0,0.024876756048214797,4.449999999999989,17.0,0.013004091174751575,2.0,2.0,0.489298285560005,-0.22188544802469323,-0.4665345908046957,53.05990984453071,59.041175832883674,59.91210279333815,57.299321911974715,27.862985685071457,16.11324130879373,35.03989746189617,-0.1822547516417379,0.5496657046308195,0.9799999999999613,0.285000000000025,0.6299999999999955,0.0,20021.0,20021.0,2022-03-03,2022-03-03 12:35:00,2.8402504057500613,220.0,1.0,best_within_2.0d,20240.0,335.24,0.5097365406643733,8.730000000000018,26.0,0.024876756048214797,4.449999999999989,17.0,0.013004091174751575,0.4929364202292669,5.6011759621451125,36.843533123028394,0.015614239272951093,2.82998018927445,22.52492113564669,0.007835530045022196,1.8630914826498424,0.00402220134195386,1.9444468750000041,16.553125,0.005470102952261012,1.0,1
20047.0,2022-03-03 14:50:00,342.86,343.0,342.43,342.65,691668.0,2s,2s,1.0,buy,False,0.7642679900744376,4.163492493946733,28.239017640954685,0.011578080659927173,-0.4877191321054309,-0.1281592762400736,-0.37201884229278903,-0.0010801067847328058,33.11124988265615,16.578006249981314,28.94723575264857,-8.160452755353198,691668.0,4.21999999999997,1.0,8.060000000000002,68.0,0.02366898657974335,4.21999999999997,28.0,0.012173662195297766,4.0,2.5,-0.4877191321054309,-0.37201884229278903,-0.1281592762400736,33.11124988265615,16.578006249981314,28.94723575264857,-8.160452755353198,12.910260923991501,31.720650940812988,27.36446903928928,-0.06124948958759738,0.1664573781502769,0.13999999999998636,0.21999999999997044,0.21000000000003638,0.0,20048.0,20048.0,2022-03-03,2022-03-03 14:50:00,2.410623084780402,200.0,1.0,best_within_2.0d,20247.0,350.91,0.5832424107187206,4.3760036431226785,32.22527881040892,0.012230020343504162,2.285057100371749,15.890706319702602,0.006381710269403211,0.7642679900744376,8.060000000000002,68.0,0.02366898657974335,4.21999999999997,28.0,0.012173662195297766,4.0,0.00402220134195386,1.9444468750000041,16.553125,0.005470102952261012,0.0,0
20049.0,2022-03-03 15:00:00,342.77,342.77,341.77,341.87,722785.0,1p,"1p,2s",1.0,buy,False,0.5657192092404913,4.8799999999999955,30.0,0.014077599884609824,-0.6063102227999242,-0.26715346289621544,-0.5703085742961775,-0.0016572614001737578,29.5657898406197,10.96273075814448,19.859162929962093,-6.830133585490749,722785.0,4.8799999999999955,0.0,4.8799999999999955,30.0,0.014077599884609824,4.8799999999999955,0.0,0.0,1.0,1.0,-0.6063102227999242,-0.5703085742961775,-0.26715346289621544,29.5657898406197,10.96273075814448,19.859162929962093,-6.830133585490749,9.812522244346034,37.93322367471867,30.680588355325064,-0.26256673571198685,0.29259443485384906,0.0,0.10000000000002274,0.8999999999999773,0.0,20050.0,20050.0,2022-03-03,2022-03-03 15:00:00,2.6442799894696876,198.0,1.0,best_within_2.0d,20247.0,350.91,0.5832424107187206,4.3760036431226785,32.22527881040892,0.012230020343504162,2.285057100371749,15.890706319702602,0.006381710269403211,0.846153846153845,8.060000000000002,68.0,0.02366898657974335,4.8799999999999955,30.0,0.014077599884609824,4.0,0.00402220134195386,1.9444468750000041,16.553125,0.005470102952261012,0.0,0
20049.0,2022-03-03 15:00:00,342.77,342.77,341.77,341.87,722785.0,2s,"1p,2s",1.0,buy,False,0.5657192092404913,4.8799999999999955,30.0,0.014077599884609824,-0.6063102227999242,-0.26715346289621544,-0.5703085742961775,-0.0016572614001737578,29.5657898406197,10.96273075814448,19.859162929962093,-6.830133585490749,722785.0,4.8799999999999955,0.0,4.8799999999999955,30.0,0.014077599884609824,4.8799999999999955,0.0,0.0,1.0,1.0,-0.6063102227999242,-0.5703085742961775,-0.26715346289621544,29.5657898406197,10.96273075814448,19.859162929962093,-6.830133585490749,9.812522244346034,37.93322367471867,30.680588355325064,-0.26256673571198685,0.29259443485384906,0.0,0.10000000000002274,0.8999999999999773,0.0,20050.0,20050.0,2022-03-03,2022-03-03 15:00:00,2.6442799894696876,198.0,1.0,best_within_2.0d,20247.0,350.91,0.5832424107187206,4.3760036431226785,32.22527881040892,0.012230020343504162,2.285057100371749,15.890706319702602,0.006381710269403211,0.846153846153845,8.060000000000002,68.0,0.02366898657974335,4.8799999999999955,30.0,0.014077599884609824,4.0,0.00402220134195386,1.9444468750000041,16.553125,0.005470102952261012,0.0,0
20050.0,2022-03-03 15:05:00,341.841,342.3601,341.48,341.64,582515.0,1p,"1p,2s",1.0,buy,False,0.6177809793076441,5.169999999999959,31.0,0.014914178566277107,-0.6621074856348779,-0.3499168986005752,-0.6809706414180141,-0.001979894580777482,28.395689315881626,8.78996865357752,16.16943150450057,-5.968957048268578,582515.0,5.169999999999959,0.0,5.169999999999959,31.0,0.014914178566277107,5.169999999999959,0.0,0.0,1.0,1.0,-0.6621074856348779,-0.6809706414180141,-0.3499168986005752,28.395689315881626,8.78996865357752,16.16943150450057,-5.968957048268578,9.581912625280376,38.16890692366261,32.765333713463775,-0.0587992663255788,0.2577310530631282,0.5190999999999804,0.15999999999996817,0.20100000000002183,0.0,20051.0,20051.0,2022-03-03,2022-03-03 15:05:00,2.7133825079030673,197.0,1.0,best_within_2.0d,20247.0,350.91,0.5832424107187206,4.3760036431226785,32.22527881040892,0.012230020343504162,2.285057100371749,15.890706319702602,0.006381710269403211,0.8821339950372152,8.060000000000002,68.0,0.02366898657974335,5.169999999999959,31.0,0.014914178566277107,4.0,0.00402220134195386,1.9444468750000041,16.553125,0.005470102952261012,0.0,0
20050.0,2022-03-03 15:05:00,341.841,342.3601,341.48,341.64,582515.0,2s,"1p,2s",1.0,buy,False,0.6177809793076441,5.169999999999959,31.0,0.014914178566277107,-0.6621074856348779,-0.3499168986005752,-0.6809706414180141,-0.001979894580777482,28.395689315881626,8.78996865357752,16.16943150450057,-5.968957048268578,582515.0,5.169999999999959,0.0,5.169999999999959,31.0,0.014914178566277107,5.169999999999959,0.0,0.0,1.0,1.0,-0.6621074856348779,-0.6809706414180141,-0.3499168986005752,28.395689315881626,8.78996865357752,16.16943150450057,-5.968957048268578,9.581912625280376,38.16890692366261,32.765333713463775,-0.0587992663255788,0.2577310530631282,0.5190999999999804,0.15999999999996817,0.20100000000002183,0.0,20051.0,20051.0,2022-03-03,2022-03-03 15:05:00,2.7133825079030673,197.0,1.0,best_within_2.0d,20247.0,350.91,0.5832424107187206,4.3760036431226785,32.22527881040892,0.012230020343504162,2.285057100371749,15.890706319702602,0.006381710269403211,0.8821339950372152,8.060000000000002,68.0,0.02366898657974335,5.169999999999959,31.0,0.014914178566277107,4.0,0.00402220134195386,1.9444468750000041,16.553125,0.005470102952261012,0.0,0
20051.0,2022-03-03 15:10:00,341.705,341.93,341.405,341.6301,542337.0,1p,"1p,2s",1.0,buy,False,0.6177809793076441,5.2450000000000045,32.0,0.015130535121880874,-0.6572546991306474,-0.4320737359919061,-0.7607010855572298,-0.002212809814427387,28.343691853627774,7.929864159856778,13.422909056285972,-3.0562256330016098,542337.0,5.2450000000000045,0.0,5.2450000000000045,32.0,0.015130535121880874,5.2450000000000045,0.0,0.0,1.0,1.0,-0.6572546991306474,-0.7607010855572298,-0.4320737359919061,28.343691853627774,7.929864159856778,13.422909056285972,-3.0562256330016098,9.141899420060652,39.410157031168765,34.87794310925118,-0.021919491959426083,0.15377630673248316,0.22500000000002274,0.22510000000005448,0.07489999999995689,0.0,20052.0,20052.0,2022-03-03,2022-03-03 15:10:00,2.7163590093495853,196.0,1.0,best_within_2.0d,20247.0,350.91,0.5832424107187206,4.3760036431226785,32.22527881040892,0.012230020343504162,2.285057100371749,15.890706319702602,0.006381710269403211,0.891439205955335,8.060000000000002,68.0,0.02366898657974335,5.2450000000000045,32.0,0.015130535121880874,4.0,0.00402220134195386,1.9444468750000041,16.553125,0.005470102952261012,0.0,0
20051.0,2022-03-03 15:10:00,341.705,341.93,341.405,341.6301,542337.0,2s,"1p,2s",1.0,buy,False,0.6177809793076441,5.2450000000000045,32.0,0.015130535121880874,-0.6572546991306474,-0.4320737359919061,-0.7607010855572298,-0.002212809814427387,28.343691853627774,7.929864159856778,13.422909056285972,-3.0562256330016098,542337.0,5.2450000000000045,0.0,5.2450000000000045,32.0,0.015130535121880874,5.2450000000000045,0.0,0.0,1.0,1.0,-0.6572546991306474,-0.7607010855572298,-0.4320737359919061,28.343691853627774,7.929864159856778,13.422909056285972,-3.0562256330016098,9.141899420060652,39.410157031168765,34.87794310925118,-0.021919491959426083,0.15377630673248316,0.22500000000002274,0.22510000000005448,0.07489999999995689,0.0,20052.0,20052.0,2022-03-03,2022-03-03 15:10:00,2.7163590093495853,196.0,1.0,best_within_2.0d,20247.0,350.91,0.5832424107187206,4.3760036431226785,32.22527881040892,0.012230020343504162,2.285057100371749,15.890706319702602,0.006381710269403211,0.891439205955335,8.060000000000002,68.0,0.02366898657974335,5.2450000000000045,32.0,0.015130535121880874,4.0,0.00402220134195386,1.9444468750000041,16.553125,0.005470102952261012,0.0,0
20052.0,2022-03-03 15:15:00,341.66,342.27,341.394,341.98,713036.0,1p,"1p,2s",1.0,buy,False,0.6177809793076441,5.255999999999972,33.0,0.015162267416702646,-0.5672208204831355,-0.5029763385522981,-0.7865867487938658,-0.0022889924728870426,33.01260960359275,11.021553597273982,12.622457236615308,7.819746318591335,713036.0,5.255999999999972,0.0,5.255999999999972,33.0,0.015162267416702646,5.255999999999972,0.0,0.0,1.0,1.0,-0.5672208204831355,-0.7865867487938658,-0.5029763385522981,33.01260960359275,11.021553597273982,12.622457236615308,7.819746318591335,11.962713143340624,35.874336299473235,35.957059512974304,0.09366036410466345,0.2565950192446195,0.2899999999999636,0.26600000000001955,0.3199999999999932,1.0,20053.0,20053.0,2022-03-03,2022-03-03 15:15:00,2.6112638165974635,195.0,1.0,best_within_2.0d,20247.0,350.91,0.5832424107187206,4.3760036431226785,32.22527881040892,0.012230020343504162,2.285057100371749,15.890706319702602,0.006381710269403211,0.892803970223321,8.060000000000002,68.0,0.02366898657974335,5.255999999999972,33.0,0.015162267416702646,4.0,0.00402220134195386,1.9444468750000041,16.553125,0.005470102952261012,0.0,0
20052.0,2022-03-03 15:15:00,341.66,342.27,341.394,341.98,713036.0,2s,"1p,2s",1.0,buy,False,0.6177809793076441,5.255999999999972,33.0,0.015162267416702646,-0.5672208204831355,-0.5029763385522981,-0.7865867487938658,-0.0022889924728870426,33.01260960359275,11.021553597273982,12.622457236615308,7.819746318591335,713036.0,5.255999999999972,0.0,5.255999999999972,33.0,0.015162267416702646,5.255999999999972,0.0,0.0,1.0,1.0,-0.5672208204831355,-0.7865867487938658,-0.5029763385522981,33.01260960359275,11.021553597273982,12.622457236615308,7.819746318591335,11.962713143340624,35.874336299473235,35.957059512974304,0.09366036410466345,0.2565950192446195,0.2899999999999636,0.26600000000001955,0.3199999999999932,1.0,20053.0,20053.0,2022-03-03,2022-03-03 15:15:00,2.6112638165974635,195.0,1.0,best_within_2.0d,20247.0,350.91,0.5832424107187206,4.3760036431226785,32.22527881040892,0.012230020343504162,2.285057100371749,15.890706319702602,0.006381710269403211,0.892803970223321,8.060000000000002,68.0,0.02366898657974335,5.255999999999972,33.0,0.015162267416702646,4.0,0.00402220134195386,1.9444468750000041,16.553125,0.005470102952261012,0.0,0
20055.0,2022-03-03 15:30:00,342.46,342.48,341.07,341.2,724017.0,1p,1p,1.0,buy,False,0.6177809793076441,5.579999999999984,36.0,0.016096927736910384,-0.35488601825822785,-0.6505738504438126,-0.8280168595729265,-0.0024122034485834706,32.66216010648887,18.43186707916798,16.92788895719518,21.43982332311358,724017.0,5.579999999999984,0.0,5.579999999999984,36.0,0.016096927736910384,5.579999999999984,0.0,0.0,1.0,1.0,-0.35488601825822785,-0.8280168595729265,-0.6505738504438126,32.66216010648887,18.43186707916798,16.92788895719518,21.43982332311358,5.883001700289222,36.71706263499021,43.89183770102064,-0.3679261811598408,0.41340487289999855,0.020000000000038654,0.12999999999999545,1.259999999999991,0.0,20056.0,20056.0,2022-03-03,2022-03-03 15:30:00,2.845838218053938,192.0,1.0,best_within_2.0d,20247.0,350.91,0.5832424107187206,4.3760036431226785,32.22527881040892,0.012230020343504162,2.285057100371749,15.890706319702602,0.006381710269403211,0.4929364202292669,5.6011759621451125,36.843533123028394,0.015614239272951093,2.82998018927445,22.52492113564669,0.007835530045022196,1.8630914826498424,0.00402220134195386,1.9444468750000041,16.553125,0.005470102952261012,0.0,0
20056.0,2022-03-03 15:35:00,341.21,341.77,340.93,341.57,660239.0,1p,"1p,2s",1.0,buy,False,0.6177809793076441,5.71999999999997,37.0,0.016500793307370462,-0.2959995434804459,-0.6875737933788683,-0.8355735651190912,-0.0024351067862610474,36.53498626937795,23.228082326282756,19.027953413557704,31.628340151732857,660239.0,5.71999999999997,0.0,5.71999999999997,37.0,0.016500793307370462,5.71999999999997,0.0,0.0,1.0,1.0,-0.2959995434804459,-0.8355735651190912,-0.6875737933788683,36.53498626937795,23.228082326282756,19.027953413557704,31.628340151732857,5.64935351484903,36.49441772207845,45.98457002665428,0.10550687260045535,0.24638488839350453,0.19999999999998863,0.2799999999999727,0.36000000000001364,1.0,20057.0,20057.0,2022-03-03,2022-03-03 15:35:00,2.7344321808121417,191.0,1.0,best_within_2.0d,20247.0,350.91,0.5832424107187206,4.3760036431226785,32.22527881040892,0.012230020343504162,2.285057100371749,15.890706319702602,0.006381710269403211,0.9503722084367203,8.060000000000002,68.0,0.02366898657974335,5.71999999999997,37.0,0.016500793307370462,4.0,0.00402220134195386,1.9444468750000041,16.553125,0.005470102952261012,0.0,0
20056.0,2022-03-03 15:35:00,341.21,341.77,340.93,341.57,660239.0,2s,"1p,2s",1.0,buy,False,0.6177809793076441,5.71999999999997,37.0,0.016500793307370462,-0.2959995434804459,-0.6875737933788683,-0.8355735651190912,-0.0024351067862610474,36.53498626937795,23.228082326282756,19.027953413557704,31.628340151732857,660239.0,5.71999999999997,0.0,5.71999999999997,37.0,0.016500793307370462,5.71999999999997,0.0,0.0,1.0,1.0,-0.2959995434804459,-0.8355735651190912,-0.6875737933788683,36.53498626937795,23.228082326282756,19.027953413557704,31.628340151732857,5.64935351484903,36.49441772207845,45.98457002665428,0.10550687260045535,0.24638488839350453,0.19999999999998863,0.2799999999999727,0.36000000000001364,1.0,20057.0,20057.0,2022-03-03,2022-03-03 15:35:00,2.7344321808121417,191.0,1.0,best_within_2.0d,20247.0,350.91,0.5832424107187206,4.3760036431226785,32.22527881040892,0.012230020343504162,2.285057100371749,15.890706319702602,0.006381710269403211,0.9503722084367203,8.060000000000002,68.0,0.02366898657974335,5.71999999999997,37.0,0.016500793307370462,4.0,0.00402220134195386,1.9444468750000041,16.553125,0.005470102952261012,0.0,0
20057.0,2022-03-03 15:40:00,341.57,341.58,340.82,340.8499,630377.0,1p,"1p,2s",1.0,buy,False,0.6177809793076441,5.829999999999984,38.0,0.016818116255589165,-0.3229470980993123,-0.7279421806412822,-0.8894157296909384,-0.002593298658608277,32.60469501311077,15.996499328632915,18.017468718582773,11.954560548733198,630377.0,5.829999999999984,0.0,5.829999999999984,38.0,0.016818116255589165,5.829999999999984,0.0,0.0,1.0,1.0,-0.3229470980993123,-0.8894157296909384,-0.7279421806412822,32.60469501311077,15.996499328632915,18.017468718582773,11.954560548733198,5.554205785883845,35.03462159207354,47.887947095151425,-0.2108206224200024,0.22299160847367847,0.009999999999990905,0.029899999999997817,0.7201000000000022,0.0,20058.0,20058.0,2022-03-03,2022-03-03 15:40:00,2.9514751214537642,190.0,1.0,best_within_2.0d,20247.0,350.91,0.5832424107187206,4.3760036431226785,32.22527881040892,0.012230020343504162,2.285057100371749,15.890706319702602,0.006381710269403211,0.9640198511166228,8.060000000000002,68.0,0.02366898657974335,5.829999999999984,38.0,0.016818116255589165,4.0,0.00402220134195386,1.9444468750000041,16.553125,0.005470102952261012,0.0,0
20057.0,2022-03-03 15:40:00,341.57,341.58,340.82,340.8499,630377.0,2s,"1p,2s",1.0,buy,False,0.6177809793076441,5.829999999999984,38.0,0.016818116255589165,-0.3229470980993123,-0.7279421806412822,-0.8894157296909384,-0.002593298658608277,32.60469501311077,15.996499328632915,18.017468718582773,11.954560548733198,630377.0,5.829999999999984,0.0,5.829999999999984,38.0,0.016818116255589165,5.829999999999984,0.0,0.0,1.0,1.0,-0.3229470980993123,-0.8894157296909384,-0.7279421806412822,32.60469501311077,15.996499328632915,18.017468718582773,11.954560548733198,5.554205785883845,35.03462159207354,47.887947095151425,-0.2108206224200024,0.22299160847367847,0.009999999999990905,0.029899999999997817,0.7201000000000022,0.0,20058.0,20058.0,2022-03-03,2022-03-03 15:40:00,2.9514751214537642,190.0,1.0,best_within_2.0d,20247.0,350.91,0.5832424107187206,4.3760036431226785,32.22527881040892,0.012230020343504162,2.285057100371749,15.890706319702602,0.006381710269403211,0.9640198511166228,8.060000000000002,68.0,0.02366898657974335,5.829999999999984,38.0,0.016818116255589165,4.0,0.00402220134195386,1.9444468750000041,16.553125,0.005470102952261012,0.0,0
20058.0,2022-03-03 15:45:00,340.83,341.1,340.35,341.0,1126408.0,1p,1p,1.0,buy,False,0.6177809793076441,6.2999999999999545,39.0,0.018173950670705194,-0.2904768002502973,-0.7642517806725694,-0.909490180797718,-0.0026529574301462073,34.19380919604481,20.424092645514822,18.81967669422679,23.63292454809089,1126408.0,6.2999999999999545,0.0,6.2999999999999545,39.0,0.018173950670705194,6.2999999999999545,0.0,0.0,1.0,1.0,-0.2904768002502973,-0.909490180797718,-0.7642517806725694,34.19380919604481,20.424092645514822,18.81967669422679,23.63292454809089,5.473466386195069,36.29880457647213,49.73836380902896,0.04987823841798431,0.22036139268400176,0.10000000000002274,0.47999999999996135,0.17000000000001592,1.0,20059.0,20059.0,2022-03-03,2022-03-03 15:45:00,2.906158357771268,189.0,1.0,best_within_2.0d,20247.0,350.91,0.5832424107187206,4.3760036431226785,32.22527881040892,0.012230020343504162,2.285057100371749,15.890706319702602,0.006381710269403211,0.4929364202292669,5.6011759621451125,36.843533123028394,0.015614239272951093,2.82998018927445,22.52492113564669,0.007835530045022196,1.8630914826498424,0.00402220134195386,1.9444468750000041,16.553125,0.005470102952261012,1.0,0
20064.0,2022-03-03 16:15:00,342.63,342.83,342.56,342.7404,114784.0,2s,2s,0.0,sell,False,0.07216494845360757,4.163492493946733,28.239017640954685,0.011578080659927173,0.42650868701153555,-0.6178790178186241,-0.4046246743128563,-0.0011807524113399551,50.226742777194566,87.71508441088083,72.32697980251875,118.49129362760502,114784.0,2.4799999999999613,1.0,8.730000000000018,26.0,0.024876756048214797,2.4799999999999613,7.0,0.007286616718084211,1.0,2.5,0.42650868701153555,-0.4046246743128563,-0.6178790178186241,50.226742777194566,87.71508441088083,72.32697980251875,118.49129362760502,22.357535680932088,13.819581356300278,38.3106235881403,0.03222134664215828,0.07881830920130249,0.08959999999996171,0.06999999999999318,0.11040000000002692,1.0,20065.0,20065.0,2022-03-03,2022-03-03 16:15:00,2.188361803860885,176.0,1.0,best_within_2.0d,20240.0,335.24,0.5832424107187206,4.3760036431226785,32.22527881040892,0.012230020343504162,2.285057100371749,15.890706319702602,0.006381710269403211,0.07216494845360757,8.730000000000018,26.0,0.024876756048214797,2.4799999999999613,7.0,0.007286616718084211,1.0,0.00402220134195386,1.9444468750000041,16.553125,0.005470102952261012,1.0,1
20068.0,2022-03-03 16:35:00,346.32,346.57,345.5503,345.63,494762.0,1p,1p,0.0,sell,False,2.920511225406687e-07,1.890100000000018,5.0,0.005483638587570724,-0.2558171487091304,0.11766141077473143,-0.010247163579833796,-2.962143320279352e-05,47.80425578678357,33.85784489534862,32.5013130556667,36.57090857471246,494762.0,1.890100000000018,0.0,1.890100000000018,5.0,0.005483638587570724,1.890100000000018,0.0,0.0,1.0,1.0,-0.2558171487091304,-0.010247163579833796,0.11766141077473143,47.80425578678357,33.85784489534862,32.5013130556667,36.57090857471246,18.44585522284917,19.16348372462849,30.118315243845448,-0.19923769923769857,0.2950945202478482,0.25,0.07970000000000255,0.6899999999999977,0.0,20069.0,20069.0,2022-03-03,2022-03-03 16:35:00,3.0061047941440227,172.0,1.0,best_within_2.0d,20240.0,335.24,0.5832424107187206,4.3760036431226785,32.22527881040892,0.012230020343504162,2.285057100371749,15.890706319702602,0.006381710269403211,0.4929364202292669,5.6011759621451125,36.843533123028394,0.015614239272951093,2.82998018927445,22.52492113564669,0.007835530045022196,1.8630914826498424,0.00402220134195386,1.9444468750000041,16.553125,0.005470102952261012,0.0,1
20071.0,2022-03-03 16:50:00,342.65,342.9,342.64,342.82,24685.0,2s,2s,0.0,sell,False,0.08018327605956325,4.163492493946733,28.239017640954685,0.011578080659927173,0.3146977717604471,-0.29510074551401855,-0.137751859633795,-0.0004020115286565626,51.875360462333,76.3407429111123,77.0483214411853,74.92558585096631,24685.0,2.5499999999999545,1.0,8.730000000000018,26.0,0.024876756048214797,2.5499999999999545,14.0,0.007492287351255926,1.0,2.5,0.3146977717604471,-0.137751859633795,-0.29510074551401855,51.875360462333,76.3407429111123,77.0483214411853,74.92558585096631,35.16789835342845,11.99273953066261,33.69682546229393,0.04961330804027898,0.07588139154797774,0.07999999999998408,0.009999999999990905,0.17000000000001592,1.0,20072.0,20072.0,2022-03-03,2022-03-03 16:50:00,2.2110728662271697,169.0,1.0,best_within_2.0d,20240.0,335.24,0.5832424107187206,4.3760036431226785,32.22527881040892,0.012230020343504162,2.285057100371749,15.890706319702602,0.006381710269403211,0.08018327605956325,8.730000000000018,26.0,0.024876756048214797,2.5499999999999545,14.0,0.007492287351255926,1.0,0.00402220134195386,1.9444468750000041,16.553125,0.005470102952261012,0.0,1
20072.0,2022-03-03 16:55:00,342.85,342.96,342.8,342.9,21904.0,2s,2s,0.0,sell,False,0.08705612829324047,4.163492493946733,28.239017640954685,0.011578080659927173,0.3167467556820588,-0.2555074010537612,-0.09713402321273179,-0.0002834585449251224,52.86685679588927,80.77888607867234,78.2918429870143,85.75297226198842,21904.0,2.609999999999957,1.0,8.730000000000018,26.0,0.024876756048214797,2.609999999999957,15.0,0.007668576465403134,1.0,2.5,0.3167467556820588,-0.09713402321273179,-0.2555074010537612,52.86685679588927,80.77888607867234,78.2918429870143,85.75297226198842,39.96129309726834,4.838362841374074,36.88990935784414,0.014583637159094217,0.046674445740947534,0.060000000000002274,0.05000000000001137,0.049999999999954525,1.0,20073.0,20073.0,2022-03-03,2022-03-03 16:55:00,2.2338874307378154,168.0,1.0,best_within_2.0d,20240.0,335.24,0.5832424107187206,4.3760036431226785,32.22527881040892,0.012230020343504162,2.285057100371749,15.890706319702602,0.006381710269403211,0.08705612829324047,8.730000000000018,26.0,0.024876756048214797,2.609999999999957,15.0,0.007668576465403134,1.0,0.00402220134195386,1.9444468750000041,16.553125,0.005470102952261012,0.0,1
20073.0,2022-03-03 17:00:00,342.79,343.0,342.79,342.81,3142.0,2s,2s,0.0,sell,False,0.0916380297823608,4.163492493946733,28.239017640954685,0.011578080659927173,0.2945982756961693,-0.21868261659174001,-0.07138347874365536,-0.00020830666559004354,51.579387127362786,76.97087028900756,77.85151875434539,75.20957335833191,3142.0,2.6499999999999773,1.0,8.730000000000018,26.0,0.024876756048214797,2.6499999999999773,16.0,0.007786102541501329,1.0,2.5,0.2945982756961693,-0.07138347874365536,-0.21868261659174001,51.579387127362786,76.97087028900756,77.85151875434539,75.20957335833191,33.40757238307376,6.263919821827238,39.142133877396354,0.005834475918195341,0.06126199714110083,0.18999999999999773,0.0,0.01999999999998181,1.0,20074.0,20074.0,2022-03-03,2022-03-03 17:00:00,2.208220296957496,167.0,1.0,best_within_2.0d,20240.0,335.24,0.5832424107187206,4.3760036431226785,32.22527881040892,0.012230020343504162,2.285057100371749,15.890706319702602,0.006381710269403211,0.0916380297823608,8.730000000000018,26.0,0.024876756048214797,2.6499999999999773,16.0,0.007786102541501329,1.0,0.00402220134195386,1.9444468750000041,16.553125,0.005470102952261012,1.0,1
20083.0,2022-03-03 17:50:00,342.84,342.9,342.26,342.75,232573.0,2,2,1.0,buy,False,0.27924528301887375,4.163492493946733,28.239017640954685,0.011578080659927173,0.0665915714935918,-0.0019250443694800196,0.03137074137731588,9.15187015786635e-05,49.106296851088224,64.7135564992904,67.0579869898617,60.02469551814781,232573.0,0.7400000000000091,1.0,2.6499999999999773,16.0,0.007786102541501329,0.7400000000000091,11.0,0.002157434402332388,2.0,2.0,0.0665915714935918,0.03137074137731588,-0.0019250443694800196,49.106296851088224,64.7135564992904,67.0579869898617,60.02469551814781,33.63379523745906,30.490156509263677,40.904644112756266,-0.026251312565620986,0.18699234500087256,0.060000000000002274,0.4900000000000091,0.08999999999997499,0.0,20084.0,20084.0,2022-03-03,2022-03-03 17:50:00,2.3807439824945367,164.0,1.0,best_within_2.0d,20247.0,350.91,0.27924528301887375,2.6499999999999773,16.0,0.007786102541501329,0.7400000000000091,11.0,0.002157434402332388,0.4929364202292669,5.6011759621451125,36.843533123028394,0.015614239272951093,2.82998018927445,22.52492113564669,0.007835530045022196,1.8630914826498424,0.00402220134195386,1.9444468750000041,16.553125,0.005470102952261012,0.0,0
20085.0,2022-03-03 18:00:00,342.89,343.02,342.83,342.85,13347.0,2s,2s,0.0,sell,False,0.0939289805269177,4.163492493946733,28.239017640954685,0.011578080659927173,0.04695920153038227,0.011400570116344698,0.03488017088153583,0.00010175305708319094,51.42280391866033,74.0832180932527,70.56663084128772,81.11639259718265,13347.0,2.669999999999959,1.0,8.730000000000018,26.0,0.024876756048214797,2.669999999999959,28.0,0.007844865579550341,1.0,2.5,0.04695920153038227,0.03488017088153583,0.011400570116344698,51.42280391866033,74.0832180932527,70.56663084128772,81.11639259718265,22.059904897305255,33.33006519927808,37.24908944666073,-0.011665548718237226,0.055421054166787546,0.12999999999999545,0.020000000000038654,0.03999999999996362,0.0,20086.0,20086.0,2022-03-03,2022-03-03 18:00:00,2.2196295756161626,155.0,1.0,best_within_2.0d,20240.0,335.24,0.5832424107187206,4.3760036431226785,32.22527881040892,0.012230020343504162,2.285057100371749,15.890706319702602,0.006381710269403211,0.0939289805269177,8.730000000000018,26.0,0.024876756048214797,2.669999999999959,28.0,0.007844865579550341,1.0,0.00402220134195386,1.9444468750000041,16.553125,0.005470102952261012,0.0,1
20088.0,2022-03-03 18:15:00,343.0,343.1,342.96,343.07,7150.0,2s,2s,0.0,sell,False,0.10309278350515833,4.163492493946733,28.239017640954685,0.011578080659927173,0.05572481287085129,0.02622907437505878,0.05409148081048443,0.00015778185056232938,56.5541837042034,85.28252410226114,77.55010840054356,100.74735550569628,7150.0,2.75,1.0,8.730000000000018,26.0,0.024876756048214797,2.75,31.0,0.008079917731746732,1.0,2.5,0.05572481287085129,0.05409148081048443,0.02622907437505878,56.5541837042034,85.28252410226114,77.55010840054356,100.74735550569628,24.77589080589784,36.93409613045722,35.68699280239305,0.020408163265304133,0.04082108700724377,0.03000000000002956,0.040000000000020464,0.06999999999999318,1.0,20089.0,20089.0,2022-03-03,2022-03-03 18:15:00,2.2823330515638163,152.0,1.0,best_within_2.0d,20240.0,335.24,0.5832424107187206,4.3760036431226785,32.22527881040892,0.012230020343504162,2.285057100371749,15.890706319702602,0.006381710269403211,0.10309278350515833,8.730000000000018,26.0,0.024876756048214797,2.75,31.0,0.008079917731746732,1.0,0.00402220134195386,1.9444468750000041,16.553125,0.005470102952261012,0.0,1
20091.0,2022-03-03 18:30:00,342.96,343.25,342.96,343.21,9607.0,2s,2s,0.0,sell,False,0.12027491408934814,4.163492493946733,28.239017640954685,0.011578080659927173,0.057569932791470865,0.03977908755638052,0.06856405395211596,0.00019997791192885982,58.33800131358575,84.41592184399023,80.07290441962087,93.10195669272895,9607.0,2.8999999999999773,1.0,8.730000000000018,26.0,0.024876756048214797,2.8999999999999773,34.0,0.008520640517114668,1.0,2.5,0.057569932791470865,0.06856405395211596,0.03977908755638052,58.33800131358575,84.41592184399023,80.07290441962087,93.10195669272895,26.86667412963452,37.68424194932661,34.6800829450986,0.0728947982271985,0.08455796594355625,0.040000000000020464,0.0,0.25,1.0,20092.0,20092.0,2022-03-03,2022-03-03 18:30:00,2.3221934092829377,149.0,1.0,best_within_2.0d,20240.0,335.24,0.5832424107187206,4.3760036431226785,32.22527881040892,0.012230020343504162,2.285057100371749,15.890706319702602,0.006381710269403211,0.12027491408934814,8.730000000000018,26.0,0.024876756048214797,2.8999999999999773,34.0,0.008520640517114668,1.0,0.00402220134195386,1.9444468750000041,16.553125,0.005470102952261012,0.0,1
20092.0,2022-03-03 18:35:00,343.17,343.28,343.17,343.28,39738.0,2s,2s,0.0,sell,False,0.12371134020618349,4.163492493946733,28.239017640954685,0.011578080659927173,0.083023500909716,0.050157025170095015,0.09166877562495301,0.00026734212197782574,59.67885727844552,89.61061456266015,83.25214113396729,102.32756142004587,39738.0,2.92999999999995,1.0,8.730000000000018,26.0,0.024876756048214797,2.92999999999995,35.0,0.008608785074188188,1.0,2.5,0.083023500909716,0.09166877562495301,0.050157025170095015,59.67885727844552,89.61061456266015,83.25214113396729,102.32756142004587,25.736240302954027,37.13004154564571,33.49749608422001,0.032054083981687444,0.032054083981687444,0.0,0.0,0.1099999999999568,1.0,20093.0,20093.0,2022-03-03,2022-03-03 18:35:00,2.342111395944991,148.0,1.0,best_within_2.0d,20240.0,335.24,0.5832424107187206,4.3760036431226785,32.22527881040892,0.012230020343504162,2.285057100371749,15.890706319702602,0.006381710269403211,0.12371134020618349,8.730000000000018,26.0,0.024876756048214797,2.92999999999995,35.0,0.008608785074188188,1.0,0.00402220134195386,1.9444468750000041,16.553125,0.005470102952261012,0.0,1
20094.0,2022-03-03 18:45:00,343.29,343.4,343.2,343.31,9901.0,2s,2s,0.0,sell,False,0.13745704467353792,4.163492493946733,28.239017640954685,0.011578080659927173,0.09308619302673704,0.07238980657317662,0.11893290308654514,0.00034680126338543005,59.75383811633094,89.00457138457534,86.54201090071953,93.92969235228696,9901.0,3.0499999999999545,1.0,8.730000000000018,26.0,0.024876756048214797,3.0499999999999545,37.0,0.008961363302482605,1.0,2.5,0.09308619302673704,0.11893290308654514,0.07238980657317662,59.75383811633094,89.00457138457534,86.54201090071953,93.92969235228696,29.310344827587798,33.79310344827742,30.592554386490423,0.005825978036057505,0.05827505827505497,0.08999999999997499,0.09000000000003183,0.01999999999998181,1.0,20095.0,20095.0,2022-03-03,2022-03-03 18:45:00,2.3506451894788944,146.0,1.0,best_within_2.0d,20240.0,335.24,0.5832424107187206,4.3760036431226785,32.22527881040892,0.012230020343504162,2.285057100371749,15.890706319702602,0.006381710269403211,0.13745704467353792,8.730000000000018,26.0,0.024876756048214797,3.0499999999999545,37.0,0.008961363302482605,1.0,0.00402220134195386,1.9444468750000041,16.553125,0.005470102952261012,0.0,1
20096.0,2022-03-03 18:55:00,343.35,343.45,343.29,343.38,5810.0,2s,2s,0.0,sell,False,0.1431844215349367,4.163492493946733,28.239017640954685,0.011578080659927173,0.09551121925463221,0.09615969284787702,0.14391530247519313,0.0004195762921891264,61.26364927825845,89.21263448610088,87.9708853518379,91.69613275462683,5810.0,3.099999999999966,1.0,8.730000000000018,26.0,0.024876756048214797,3.099999999999966,39.0,0.009108270897605306,1.0,2.5,0.09551121925463221,0.14391530247519313,0.09615969284787702,61.26364927825845,89.21263448610088,87.9708853518379,91.69613275462683,29.6416938110745,31.921824104235778,27.272740971018465,0.008737439930092534,0.04660782428849315,0.06999999999999318,0.060000000000002274,0.029999999999972715,1.0,20097.0,20097.0,2022-03-03,2022-03-03 18:55:00,2.370551575514004,144.0,1.0,best_within_2.0d,20240.0,335.24,0.5832424107187206,4.3760036431226785,32.22527881040892,0.012230020343504162,2.285057100371749,15.890706319702602,0.006381710269403211,0.1431844215349367,8.730000000000018,26.0,0.024876756048214797,3.099999999999966,39.0,0.009108270897605306,1.0,0.00402220134195386,1.9444468750000041,16.553125,0.005470102952261012,0.0,1
20097.0,2022-03-03 19:00:00,343.45,343.45,343.19,343.45,13450.0,2s,2s,0.0,sell,False,0.1431844215349367,4.163492493946733,28.239017640954685,0.011578080659927173,0.09822662711796956,0.10843802123762321,0.157551334796608,0.0004592868290993436,62.79792988286245,92.80842299073392,89.58339789813657,99.25847317592863,13450.0,3.099999999999966,1.0,8.730000000000018,26.0,0.024876756048214797,3.099999999999966,40.0,0.009108270897605306,1.0,2.5,0.09822662711796956,0.157551334796608,0.10843802123762321,62.79792988286245,92.80842299073392,89.58339789813657,99.25847317592863,33.82899628252744,17.843866171004784,27.534348887271282,0.0,0.07575978321046387,0.0,0.2599999999999909,0.0,0.0,20098.0,20098.0,2022-03-03,2022-03-03 19:00:00,2.390449847139316,143.0,1.0,best_within_2.0d,20240.0,335.24,0.5832424107187206,4.3760036431226785,32.22527881040892,0.012230020343504162,2.285057100371749,15.890706319702602,0.006381710269403211,0.1431844215349367,8.730000000000018,26.0,0.024876756048214797,3.099999999999966,40.0,0.009108270897605306,1.0,0.00402220134195386,1.9444468750000041,16.553125,0.005470102952261012,1.0,1
20101.0,2022-03-03 19:20:00,341.37,341.47,340.17,340.61,67852.0,1,1,1.0,buy,False,0.483633898911103,3.2799999999999727,5.0,0.009550152860678332,-0.5183351472826241,-0.030478858713886104,-0.28964643235519816,-0.0008453624926044852,21.509510797395308,27.465032380989157,47.98452084376416,-13.573944544560845,67852.0,3.2799999999999727,1.0,3.2799999999999727,5.0,0.009550152860678332,3.2799999999999727,5.0,0.009550152860678332,1.0,1.0,-0.5183351472826241,-0.28964643235519816,-0.030478858713886104,21.509510797395308,27.465032380989157,47.98452084376416,-13.573944544560845,11.48086522462455,55.07487520798628,32.384356659559536,-0.22263233441719862,0.38216186024635074,0.10000000000002274,0.4399999999999977,0.7599999999999909,0.0,20102.0,20102.0,2022-03-03,2022-03-03 19:20:00,3.0239863773817595,146.0,1.0,best_within_2.0d,20247.0,350.91,0.5832424107187206,4.3760036431226785,32.22527881040892,0.012230020343504162,2.285057100371749,15.890706319702602,0.006381710269403211,0.4929364202292669,5.6011759621451125,36.843533123028394,0.015614239272951093,2.82998018927445,22.52492113564669,0.007835530045022196,1.8630914826498424,0.00402220134195386,1.9444468750000041,16.553125,0.005470102952261012,0.0,0
20103.0,2022-03-03 19:30:00,340.6,340.63,339.58,339.68,81603.0,1,1,1.0,buy,False,0.6930157612283186,3.8700000000000045,7.0,0.01126801572281265,-0.7427403816693255,-0.1994256722488978,-0.5707958630835606,-0.0016676834979493503,16.805995462418778,15.642533246196834,31.46770039156352,-16.007801044536535,81603.0,3.8700000000000045,1.0,3.8700000000000045,7.0,0.01126801572281265,3.8700000000000045,7.0,0.01126801572281265,1.0,1.0,-0.7427403816693255,-0.5707958630835606,-0.1994256722488978,16.805995462418778,15.642533246196834,31.46770039156352,-16.007801044536535,8.17174515235347,54.98614958448814,37.84358285907109,-0.27011156782149615,0.30920548913363904,0.029999999999972715,0.10000000000002274,0.9200000000000159,0.0,20104.0,20104.0,2022-03-03,2022-03-03 19:30:00,3.306052755534626,144.0,1.0,best_within_2.0d,20247.0,350.91,0.5832424107187206,4.3760036431226785,32.22527881040892,0.012230020343504162,2.285057100371749,15.890706319702602,0.006381710269403211,0.4929364202292669,5.6011759621451125,36.843533123028394,0.015614239272951093,2.82998018927445,22.52492113564669,0.007835530045022196,1.8630914826498424,0.00402220134195386,1.9444468750000041,16.553125,0.005470102952261012,0.0,0
20104.0,2022-03-03 19:35:00,339.58,340.1,337.38,337.38,235720.0,1,1,1.0,buy,False,1.005512926467059,6.069999999999993,8.0,0.017673606056194478,-1.0776595520048122,-0.3341331162494993,-0.8729628922519055,-0.0025532205524020505,10.602505434204787,10.428355497464555,24.45458542686386,-17.62410436133406,235720.0,6.069999999999993,1.0,6.069999999999993,8.0,0.017673606056194478,6.069999999999993,8.0,0.017673606056194478,1.0,1.0,-1.0776595520048122,-0.8729628922519055,-0.3341331162494993,10.602505434204787,10.428355497464555,24.45458542686386,-17.62410436133406,6.03889457522947,63.05015353121839,41.03464969188893,-0.647859120089519,0.8062125792874585,0.5200000000000387,0.0,2.1999999999999886,0.0,20105.0,20105.0,2022-03-03,2022-03-03 19:35:00,4.010314778587952,143.0,1.0,best_within_2.0d,20247.0,350.91,0.5832424107187206,4.3760036431226785,32.22527881040892,0.012230020343504162,2.285057100371749,15.890706319702602,0.006381710269403211,0.4929364202292669,5.6011759621451125,36.843533123028394,0.015614239272951093,2.82998018927445,22.52492113564669,0.007835530045022196,1.8630914826498424,0.00402220134195386,1.9444468750000041,16.553125,0.005470102952261012,0.0,0
20105.0,2022-03-03 19:40:00,337.49,337.9,337.0,337.06,170619.0,1,1,1.0,buy,False,1.1810938127048505,6.449999999999989,9.0,0.018780026204687696,-1.2658385542067052,-0.4923629355253375,-1.12528221262869,-0.0032946573646998917,10.046846333197138,7.26231451768956,18.723828457139092,-15.660713361209506,170619.0,6.449999999999989,1.0,6.449999999999989,9.0,0.018780026204687696,6.449999999999989,9.0,0.018780026204687696,1.0,1.0,-1.2658385542067052,-1.12528221262869,-0.4923629355253375,10.046846333197138,7.26231451768956,18.723828457139092,-15.660713361209506,2.702702702701902,63.12741312741359,44.65995016425313,-0.12741118255355915,0.2670623145400526,0.40999999999996817,0.060000000000002274,0.4300000000000068,0.0,20106.0,20106.0,2022-03-03,2022-03-03 19:40:00,4.109060701358815,142.0,1.0,best_within_2.0d,20247.0,350.91,0.5832424107187206,4.3760036431226785,32.22527881040892,0.012230020343504162,2.285057100371749,15.890706319702602,0.006381710269403211,0.4929364202292669,5.6011759621451125,36.843533123028394,0.015614239272951093,2.82998018927445,22.52492113564669,0.007835530045022196,1.8630914826498424,0.00402220134195386,1.9444468750000041,16.553125,0.005470102952261012,0.0,0
20106.0,2022-03-03 19:45:00,337.21,337.82,336.84,337.71,100669.0,1,1,1.0,buy,False,1.1810938127048607,6.610000000000014,10.0,0.01924588731984281,-1.2254876376815866,-0.6455488902355359,-1.2582927090763292,-0.0036871608901803458,19.298695519683847,9.23548240573244,15.56104644000354,-3.4156456628097587,100669.0,6.610000000000014,1.0,6.610000000000014,10.0,0.01924588731984281,6.610000000000014,10.0,0.01924588731984281,1.0,1.0,-1.2254876376815866,-1.2582927090763292,-0.6455488902355359,19.298695519683847,9.23548240573244,15.56104644000354,-3.4156456628097587,2.2261798753334174,59.66162065894955,48.09893625221256,0.14827555529195457,0.29093931837074527,0.11000000000001364,0.37000000000000455,0.5,1.0,20107.0,20107.0,2022-03-03,2022-03-03 19:45:00,3.9086790441503205,141.0,1.0,best_within_2.0d,20247.0,350.91,0.5832424107187206,4.3760036431226785,32.22527881040892,0.012230020343504162,2.285057100371749,15.890706319702602,0.006381710269403211,0.4929364202292669,5.6011759621451125,36.843533123028394,0.015614239272951093,2.82998018927445,22.52492113564669,0.007835530045022196,1.8630914826498424,0.00402220134195386,1.9444468750000041,16.553125,0.005470102952261012,0.0,0
20108.0,2022-03-03 19:55:00,337.29,337.29,335.9,336.73,133894.0,1,1,1.0,buy,False,1.1810938127049422,7.550000000000011,12.0,0.02198282137137869,-1.1453643672688973,-0.9364218840643372,-1.509104067698786,-0.0044300340297675775,16.43918706144528,10.317273640200664,12.279880862824573,6.3920591949528465,133894.0,7.550000000000011,1.0,7.550000000000011,12.0,0.02198282137137869,7.550000000000011,12.0,0.02198282137137869,1.0,1.0,-1.1453643672688973,-1.509104067698786,-0.9364218840643372,16.43918706144528,10.317273640200664,12.279880862824573,6.3920591949528465,2.1341463414631967,61.204268292683295,53.96721336186958,-0.16602923300424033,0.4138136350104326,0.0,0.8300000000000409,0.5600000000000023,0.0,20109.0,20109.0,2022-03-03,2022-03-03 19:55:00,4.211089003058833,139.0,1.0,best_within_2.0d,20247.0,350.91,0.5832424107187206,4.3760036431226785,32.22527881040892,0.012230020343504162,2.285057100371749,15.890706319702602,0.006381710269403211,0.4929364202292669,5.6011759621451125,36.843533123028394,0.015614239272951093,2.82998018927445,22.52492113564669,0.007835530045022196,1.8630914826498424,0.00402220134195386,1.9444468750000041,16.553125,0.005470102952261012,1.0,0
20120.0,2022-03-04 04:55:00,339.16,341.1,338.9,340.8799,1364048.0,1p,1p,1.0,buy,False,2.036216380060742,4.9500000000000455,10.0,0.014395812127381257,-0.39473965090344176,-0.3212044862304091,-0.51857431168213,-0.0015178236079136482,44.37251532883284,21.94461664541979,23.680001765577106,18.473846405105157,1364048.0,4.9500000000000455,0.0,4.9500000000000455,10.0,0.014395812127381257,4.9500000000000455,0.0,0.0,1.0,1.0,-0.39473965090344176,-0.51857431168213,-0.3212044862304091,44.37251532883284,21.94461664541979,23.680001765577106,18.473846405105157,20.347688660608693,35.99960489924905,21.485988470143344,0.507105790777213,0.6491590439657852,0.22010000000000218,0.26000000000004775,1.7198999999999955,1.0,20121.0,20121.0,2022-03-04,2022-03-04 04:55:00,2.942414615822172,127.0,1.0,best_within_2.0d,20247.0,350.91,0.5832424107187206,4.3760036431226785,32.22527881040892,0.012230020343504162,2.285057100371749,15.890706319702602,0.006381710269403211,0.4929364202292669,5.6011759621451125,36.843533123028394,0.015614239272951093,2.82998018927445,22.52492113564669,0.007835530045022196,1.8630914826498424,0.00402220134195386,1.9444468750000041,16.553125,0.005470102952261012,0.0,0
20125.0,2022-03-04 05:20:00,339.77,340.45,339.76,340.45,9577.0,3a,3a,0.0,sell,False,0.003652834599649328,4.163492493946733,28.239017640954685,0.011578080659927173,0.4807282198603591,-0.4778591224567309,-0.23749501252655136,-0.0006987374710789157,55.022005660315564,79.79258981330065,67.55619964245841,104.26537015498513,9577.0,4.550000000000011,2.0,4.550000000000011,18.0,0.013545698124441834,4.550000000000011,18.0,0.013545698124441834,3.0,3.0,0.4807282198603591,-0.23749501252655136,-0.4778591224567309,55.022005660315564,79.79258981330065,67.55619964245841,104.26537015498513,27.98913043478237,27.44565217391253,30.176997305863562,0.2001353857020946,0.20308453025665107,0.0,0.009999999999990905,0.6800000000000068,1.0,20126.0,20126.0,2022-03-04,2022-03-04 05:20:00,1.5303275077103773,115.0,1.0,best_within_2.0d,20240.0,335.24,0.5832424107187206,4.3760036431226785,32.22527881040892,0.012230020343504162,2.285057100371749,15.890706319702602,0.006381710269403211,0.4929364202292669,5.6011759621451125,36.843533123028394,0.015614239272951093,2.82998018927445,22.52492113564669,0.007835530045022196,1.8630914826498424,0.003652834599649328,4.550000000000011,18.0,0.013545698124441834,0.0,1
20126.0,2022-03-04 05:25:00,340.42,341.0,340.27,341.0,19522.0,3a,3a,0.0,sell,False,0.003652834599649328,4.163492493946733,28.239017640954685,0.011578080659927173,0.5845110522082158,-0.40479524093070396,-0.11253971482659608,-0.00033102474338673045,59.284905642192214,86.5283932088671,73.88026416459464,111.82465129741203,19522.0,5.100000000000023,2.0,5.100000000000023,19.0,0.015183090205418349,5.100000000000023,19.0,0.015183090205418349,3.0,3.0,0.5845110522082158,-0.11253971482659608,-0.40479524093070396,59.284905642192214,86.5283932088671,73.88026416459464,111.82465129741203,33.720930232558025,25.452196382428344,29.019626007347487,0.1703777686387357,0.21453551591383851,0.0,0.1500000000000341,0.5799999999999841,1.0,20127.0,20127.0,2022-03-04,2022-03-04 05:25:00,1.6891495601172992,114.0,1.0,best_within_2.0d,20240.0,335.24,0.5832424107187206,4.3760036431226785,32.22527881040892,0.012230020343504162,2.285057100371749,15.890706319702602,0.006381710269403211,0.4929364202292669,5.6011759621451125,36.843533123028394,0.015614239272951093,2.82998018927445,22.52492113564669,0.007835530045022196,1.8630914826498424,0.003652834599649328,5.100000000000023,19.0,0.015183090205418349,0.0,1
20127.0,2022-03-04 05:30:00,341.0,341.0,340.49,340.49,19039.0,3a,3a,0.0,sell,False,0.003652834599649328,4.163492493946733,28.239017640954685,0.011578080659927173,0.5612059504926167,-0.33464449711912686,-0.05404152187281852,-0.00015894005839409126,54.15902957454536,82.9620567679969,76.90752836572872,95.07111357253325,19039.0,5.100000000000023,2.0,5.100000000000023,20.0,0.015183090205418349,5.100000000000023,20.0,0.015183090205418349,3.0,3.0,0.5612059504926167,-0.05404152187281852,-0.33464449711912686,54.15902957454536,82.9620567679969,76.90752836572872,95.07111357253325,35.80246913580255,18.65569272976616,29.19580601365978,-0.14956011730205013,0.14978413462950188,0.0,0.0,0.5099999999999909,0.0,20128.0,20128.0,2022-03-04,2022-03-04 05:30:00,1.5418955035390174,113.0,1.0,best_within_2.0d,20240.0,335.24,0.5832424107187206,4.3760036431226785,32.22527881040892,0.012230020343504162,2.285057100371749,15.890706319702602,0.006381710269403211,0.4929364202292669,5.6011759621451125,36.843533123028394,0.015614239272951093,2.82998018927445,22.52492113564669,0.007835530045022196,1.8630914826498424,0.003652834599649328,5.100000000000023,20.0,0.015183090205418349,1.0,1
20132.0,2022-03-04 05:55:00,339.47,339.64,339.28,339.56,4700.0,2,2,1.0,buy,False,0.33725490196078817,4.163492493946733,28.239017640954685,0.011578080659927173,0.11054792351813297,-0.15576651574687236,-0.10049255398780588,-0.00029562570594713955,45.90122864221658,27.98487327756894,45.2894177339687,-6.62421563523057,4700.0,1.7200000000000273,1.0,5.100000000000023,20.0,0.015183090205418349,1.7200000000000273,6.0,0.005043988269794801,2.0,2.0,0.11054792351813297,-0.10049255398780588,-0.15576651574687236,45.90122864221658,27.98487327756894,45.2894177339687,-6.62421563523057,32.12435233160571,30.569948186528457,23.878656808387113,0.026511915633185546,0.10610705022400779,0.07999999999998408,0.19000000000005457,0.08999999999997499,1.0,20133.0,20133.0,2022-03-04,2022-03-04 05:55:00,3.342560961243969,115.0,1.0,best_within_2.0d,20247.0,350.91,0.33725490196078817,5.100000000000023,20.0,0.015183090205418349,1.7200000000000273,6.0,0.005043988269794801,0.4929364202292669,5.6011759621451125,36.843533123028394,0.015614239272951093,2.82998018927445,22.52492113564669,0.007835530045022196,1.8630914826498424,0.00402220134195386,1.9444468750000041,16.553125,0.005470102952261012,0.0,0
20133.0,2022-03-04 06:00:00,339.21,339.58,339.1,339.46,3105.0,2,2,1.0,buy,False,0.37254901960783704,4.163492493946733,28.239017640954685,0.011578080659927173,0.052967137716444346,-0.1491456235323168,-0.12266205467409463,-0.00036088031278120003,44.95610259767627,24.972371658729486,38.51706904222229,-2.11702310825612,3105.0,1.8999999999999773,1.0,5.100000000000023,20.0,0.015183090205418349,1.8999999999999773,7.0,0.005571847507331312,2.0,2.0,0.052967137716444346,-0.12266205467409463,-0.1491456235323168,44.95610259767627,24.972371658729486,38.51706904222229,-2.11702310825612,29.401993355481903,32.39202657807239,22.51866058474646,0.0737006574098641,0.14155116484811597,0.12000000000000455,0.1099999999999568,0.25,1.0,20134.0,20134.0,2022-03-04,2022-03-04 06:00:00,3.373004183114372,114.0,1.0,best_within_2.0d,20247.0,350.91,0.37254901960783704,5.100000000000023,20.0,0.015183090205418349,1.8999999999999773,7.0,0.005571847507331312,0.4929364202292669,5.6011759621451125,36.843533123028394,0.015614239272951093,2.82998018927445,22.52492113564669,0.007835530045022196,1.8630914826498424,0.00402220134195386,1.9444468750000041,16.553125,0.005470102952261012,0.0,0
20137.0,2022-03-04 06:20:00,339.16,339.6,339.0,339.56,22104.0,2,2,1.0,buy,False,0.3921568627450963,4.163492493946733,28.239017640954685,0.011578080659927173,-0.012125331016539287,-0.13859404666359618,-0.14465671217186582,-0.0004257026753463367,47.073848581290825,31.546085716659448,30.522872759262,33.59251163145434,22104.0,2.0,1.0,5.100000000000023,20.0,0.015183090205418349,2.0,11.0,0.005865102639296188,2.0,2.0,-0.012125331016539287,-0.14465671217186582,-0.13859404666359618,47.073848581290825,31.546085716659448,30.522872759262,33.59251163145434,29.777070063694566,28.66242038216423,19.313966718888118,0.11793843613633012,0.17699115044248456,0.040000000000020464,0.160000000000025,0.39999999999997726,1.0,20138.0,20138.0,2022-03-04,2022-03-04 06:20:00,3.342560961243969,110.0,1.0,best_within_2.0d,20247.0,350.91,0.3921568627450963,5.100000000000023,20.0,0.015183090205418349,2.0,11.0,0.005865102639296188,0.4929364202292669,5.6011759621451125,36.843533123028394,0.015614239272951093,2.82998018927445,22.52492113564669,0.007835530045022196,1.8630914826498424,0.00402220134195386,1.9444468750000041,16.553125,0.005470102952261012,1.0,0
20150.0,2022-03-04 07:25:00,338.95,339.03,338.33,338.48,32163.0,2s,2s,1.0,buy,False,0.5235294117647067,4.163492493946733,28.239017640954685,0.011578080659927173,-0.16917247992174855,-0.15754123761267264,-0.2421274775735469,-0.0007132248725475945,38.3776208551391,23.18164367218925,33.346498956195205,2.851933104177334,32163.0,1.75,1.0,5.100000000000023,20.0,0.015183090205418349,1.75,8.0,0.005145848035756293,1.0,2.5,-0.16917247992174855,-0.2421274775735469,-0.15754123761267264,38.3776208551391,23.18164367218925,33.346498956195205,2.851933104177334,12.898330804247532,27.617602427921096,20.474261719008744,-0.13866351969316135,0.20689859013388961,0.07999999999998408,0.1500000000000341,0.46999999999997044,0.0,20151.0,20151.0,2022-03-04,2022-03-04 07:25:00,3.672299692744034,97.0,1.0,best_within_2.0d,20247.0,350.91,0.5832424107187206,4.3760036431226785,32.22527881040892,0.012230020343504162,2.285057100371749,15.890706319702602,0.006381710269403211,0.5235294117647067,5.100000000000023,20.0,0.015183090205418349,1.75,8.0,0.005145848035756293,1.0,0.00402220134195386,1.9444468750000041,16.553125,0.005470102952261012,1.0,0
20157.0,2022-03-04 08:00:00,339.4401,342.516,338.36,339.75,134698.0,1,1,0.0,sell,False,0.32017630862944235,4.1860000000000355,8.0,0.012372535690006903,0.18714659104913778,-0.141357346493256,-0.0477840509686871,-0.00014076385802341696,53.799443575170685,58.42985032093658,56.14223513305621,63.005080696697334,134698.0,4.1860000000000355,1.0,4.1860000000000355,8.0,0.012372535690006903,4.1860000000000355,8.0,0.012372535690006903,1.0,1.0,0.18714659104913778,-0.0477840509686871,-0.141357346493256,53.799443575170685,58.42985032093658,56.14223513305621,63.005080696697334,38.604738623542545,15.88943211733782,20.66068875443994,0.09129740416645747,1.228277574181347,2.7660000000000196,1.080099999999959,0.3099000000000274,1.0,20158.0,20158.0,2022-03-04,2022-03-04 08:00:00,1.3274466519499606,83.0,1.0,best_within_2.0d,20240.0,335.24,0.5832424107187206,4.3760036431226785,32.22527881040892,0.012230020343504162,2.285057100371749,15.890706319702602,0.006381710269403211,0.4929364202292669,5.6011759621451125,36.843533123028394,0.015614239272951093,2.82998018927445,22.52492113564669,0.007835530045022196,1.8630914826498424,0.00402220134195386,1.9444468750000041,16.553125,0.005470102952261012,1.0,1
20166.0,2022-03-04 08:45:00,339.61,339.93,338.5,338.91,231387.0,2s,2s,1.0,buy,False,0.49019607843137036,4.163492493946733,28.239017640954685,0.011578080659927173,0.002109587830717116,0.017028167182985172,0.01808296109834373,5.3256202199519626e-05,43.015913856262586,28.463080925234156,34.77851499518733,15.832212785327812,231387.0,4.0160000000000196,1.0,5.100000000000023,20.0,0.015183090205418349,4.0160000000000196,10.0,0.011724999708042892,2.0,2.5,0.002109587830717116,0.01808296109834373,0.017028167182985172,43.015913856262586,28.463080925234156,34.77851499518733,15.832212785327812,41.777900518579514,15.575807787903734,37.16475488599533,-0.20611878331026431,0.42245199409158246,0.3199999999999932,0.410000000000025,0.6999999999999886,0.0,20167.0,20167.0,2022-03-04,2022-03-04 08:45:00,3.5407630344339207,81.0,1.0,best_within_2.0d,20247.0,350.91,0.5832424107187206,4.3760036431226785,32.22527881040892,0.012230020343504162,2.285057100371749,15.890706319702602,0.006381710269403211,0.49019607843137036,5.100000000000023,20.0,0.015183090205418349,4.0160000000000196,10.0,0.011724999708042892,2.0,0.00402220134195386,1.9444468750000041,16.553125,0.005470102952261012,1.0,0
20175.0,2022-03-04 09:30:00,339.83,340.99,339.83,340.24,1510177.0,2,2,0.0,sell,False,0.6200199203187243,4.163492493946733,28.239017640954685,0.011578080659927173,0.16110276680307883,-0.0659031269093455,0.014648256492193923,4.315527941120795e-05,59.77429876167657,56.32710076843048,39.797713163504994,89.38587597828146,1510177.0,2.490000000000009,1.0,4.0160000000000196,10.0,0.011724999708042892,2.490000000000009,10.0,0.007355982274741534,2.0,2.0,0.16110276680307883,0.014648256492193923,-0.0659031269093455,59.77429876167657,56.32710076843048,39.797713163504994,89.38587597828146,36.603088101726,17.0753860127162,31.610773464699097,0.12064855957391196,0.34134714416032286,0.75,0.0,0.410000000000025,1.0,20176.0,20176.0,2022-03-04,2022-03-04 09:30:00,1.4695509052433575,65.0,1.0,best_within_2.0d,20240.0,335.24,0.6200199203187243,4.0160000000000196,10.0,0.011724999708042892,2.490000000000009,10.0,0.007355982274741534,0.4929364202292669,5.6011759621451125,36.843533123028394,0.015614239272951093,2.82998018927445,22.52492113564669,0.007835530045022196,1.8630914826498424,0.00402220134195386,1.9444468750000041,16.553125,0.005470102952261012,0.0,1
20176.0,2022-03-04 09:35:00,340.24,341.31,340.01,340.21,1298915.0,2,2,0.0,sell,False,0.6997011952191207,4.163492493946733,28.239017640954685,0.011578080659927173,0.224654584460492,-0.03782130385178399,0.07450598837846201,0.00021946506095759416,59.34233088384262,57.78949575038201,45.79497402579733,81.77853919955137,1298915.0,2.8100000000000023,1.0,4.0160000000000196,10.0,0.011724999708042892,2.8100000000000023,11.0,0.008301329394387009,2.0,2.0,0.224654584460492,0.07450598837846201,-0.03782130385178399,59.34233088384262,57.78949575038201,45.79497402579733,81.77853919955137,35.81081081081096,15.878378378378855,32.10729618173965,-0.008817305431468834,0.38234169583247885,1.0699999999999932,0.19999999999998863,0.03000000000002956,0.0,20177.0,20177.0,2022-03-04,2022-03-04 09:35:00,1.4608624085123807,64.0,1.0,best_within_2.0d,20240.0,335.24,0.6997011952191207,4.0160000000000196,10.0,0.011724999708042892,2.8100000000000023,11.0,0.008301329394387009,0.4929364202292669,5.6011759621451125,36.843533123028394,0.015614239272951093,2.82998018927445,22.52492113564669,0.007835530045022196,1.8630914826498424,0.00402220134195386,1.9444468750000041,16.553125,0.005470102952261012,1.0,1
20183.0,2022-03-04 10:10:00,338.02,338.19,336.82,336.96,1274460.0,1p,"1p,2s",1.0,buy,False,3.6725839456329497,4.490000000000009,8.0,0.013155196155987252,-0.3624854619210736,-0.16599446445821972,-0.34723719541875653,-0.0010243151974990196,36.56478595785364,22.783294273747384,31.429478351882437,5.490926117477272,1274460.0,4.490000000000009,0.0,4.490000000000009,8.0,0.013155196155987252,4.490000000000009,0.0,0.0,1.0,1.0,-0.3624854619210736,-0.34723719541875653,-0.16599446445821972,36.56478595785364,22.783294273747384,31.429478351882437,5.490926117477272,25.899103964649324,33.38652264637315,24.926762858189353,-0.3135909117803687,0.40674544266967655,0.17000000000001592,0.13999999999998636,1.0600000000000023,0.0,20184.0,20184.0,2022-03-04,2022-03-04 10:10:00,4.139957264957279,64.0,1.0,best_within_2.0d,20247.0,350.91,0.5832424107187206,4.3760036431226785,32.22527881040892,0.012230020343504162,2.285057100371749,15.890706319702602,0.006381710269403211,0.8196078431372525,5.100000000000023,20.0,0.015183090205418349,4.490000000000009,8.0,0.013155196155987252,3.0,0.00402220134195386,1.9444468750000041,16.553125,0.005470102952261012,0.0,0
20183.0,2022-03-04 10:10:00,338.02,338.19,336.82,336.96,1274460.0,2s,"1p,2s",1.0,buy,False,3.6725839456329497,4.490000000000009,8.0,0.013155196155987252,-0.3624854619210736,-0.16599446445821972,-0.34723719541875653,-0.0010243151974990196,36.56478595785364,22.783294273747384,31.429478351882437,5.490926117477272,1274460.0,4.490000000000009,0.0,4.490000000000009,8.0,0.013155196155987252,4.490000000000009,0.0,0.0,1.0,1.0,-0.3624854619210736,-0.34723719541875653,-0.16599446445821972,36.56478595785364,22.783294273747384,31.429478351882437,5.490926117477272,25.899103964649324,33.38652264637315,24.926762858189353,-0.3135909117803687,0.40674544266967655,0.17000000000001592,0.13999999999998636,1.0600000000000023,0.0,20184.0,20184.0,2022-03-04,2022-03-04 10:10:00,4.139957264957279,64.0,1.0,best_within_2.0d,20247.0,350.91,0.5832424107187206,4.3760036431226785,32.22527881040892,0.012230020343504162,2.285057100371749,15.890706319702602,0.006381710269403211,0.8196078431372525,5.100000000000023,20.0,0.015183090205418349,4.490000000000009,8.0,0.013155196155987252,3.0,0.00402220134195386,1.9444468750000041,16.553125,0.005470102952261012,0.0,0
20184.0,2022-03-04 10:15:00,336.93,337.4,336.51,336.88,966521.0,1p,"1p,2s",1.0,buy,False,4.806431517397468,4.800000000000011,9.0,0.014063461369429583,-0.4743966576577622,-0.22529404666544,-0.4624923754943211,-0.0013649371692718239,36.18528124132196,17.75830729360939,26.872421332458085,-0.4699207840879964,966521.0,4.800000000000011,0.0,4.800000000000011,9.0,0.014063461369429583,4.800000000000011,0.0,0.0,1.0,1.0,-0.4743966576577622,-0.4624923754943211,-0.22529404666544,36.18528124132196,17.75830729360939,26.872421332458085,-0.4699207840879964,25.29369455765982,31.766962359146504,23.95660392654201,-0.014839877719410966,0.26447951026715,0.46999999999997044,0.37000000000000455,0.05000000000001137,0.0,20185.0,20185.0,2022-03-04,2022-03-04 10:15:00,4.1646877226312125,63.0,1.0,best_within_2.0d,20247.0,350.91,0.5832424107187206,4.3760036431226785,32.22527881040892,0.012230020343504162,2.285057100371749,15.890706319702602,0.006381710269403211,0.880392156862743,5.100000000000023,20.0,0.015183090205418349,4.800000000000011,9.0,0.014063461369429583,3.0,0.00402220134195386,1.9444468750000041,16.553125,0.005470102952261012,0.0,0
20184.0,2022-03-04 10:15:00,336.93,337.4,336.51,336.88,966521.0,2s,"1p,2s",1.0,buy,False,4.806431517397468,4.800000000000011,9.0,0.014063461369429583,-0.4743966576577622,-0.22529404666544,-0.4624923754943211,-0.0013649371692718239,36.18528124132196,17.75830729360939,26.872421332458085,-0.4699207840879964,966521.0,4.800000000000011,0.0,4.800000000000011,9.0,0.014063461369429583,4.800000000000011,0.0,0.0,1.0,1.0,-0.4743966576577622,-0.4624923754943211,-0.22529404666544,36.18528124132196,17.75830729360939,26.872421332458085,-0.4699207840879964,25.29369455765982,31.766962359146504,23.95660392654201,-0.014839877719410966,0.26447951026715,0.46999999999997044,0.37000000000000455,0.05000000000001137,0.0,20185.0,20185.0,2022-03-04,2022-03-04 10:15:00,4.1646877226312125,63.0,1.0,best_within_2.0d,20247.0,350.91,0.5832424107187206,4.3760036431226785,32.22527881040892,0.012230020343504162,2.285057100371749,15.890706319702602,0.006381710269403211,0.880392156862743,5.100000000000023,20.0,0.015183090205418349,4.800000000000011,9.0,0.014063461369429583,3.0,0.00402220134195386,1.9444468750000041,16.553125,0.005470102952261012,0.0,0
20187.0,2022-03-04 10:30:00,337.25,337.26,336.34,336.8,838168.0,1p,1p,1.0,buy,False,4.806431517397468,4.970000000000027,12.0,0.01456154229293026,-0.44193429066929757,-0.3931792825715291,-0.6141464279061779,-0.001814436425547404,36.80176773433817,16.599006582091583,20.41654982901749,8.963920088239767,838168.0,4.970000000000027,0.0,4.970000000000027,12.0,0.01456154229293026,4.970000000000027,0.0,0.0,1.0,1.0,-0.44193429066929757,-0.6141464279061779,-0.3931792825715291,36.80176773433817,16.599006582091583,20.41654982901749,8.963920088239767,21.871338503598743,32.304859677509356,21.361540469415655,-0.1334321719792405,0.2735327347327157,0.009999999999990905,0.4600000000000364,0.44999999999998863,0.0,20188.0,20188.0,2022-03-04,2022-03-04 10:30:00,4.189429928741097,60.0,1.0,best_within_2.0d,20247.0,350.91,0.5832424107187206,4.3760036431226785,32.22527881040892,0.012230020343504162,2.285057100371749,15.890706319702602,0.006381710269403211,0.4929364202292669,5.6011759621451125,36.843533123028394,0.015614239272951093,2.82998018927445,22.52492113564669,0.007835530045022196,1.8630914826498424,0.00402220134195386,1.9444468750000041,16.553125,0.005470102952261012,0.0,0
20190.0,2022-03-04 10:45:00,336.83,336.93,336.11,336.56,894719.0,1p,1p,1.0,buy,False,4.806431517397468,5.199999999999989,15.0,0.015235416483548647,-0.32228418173149254,-0.516915176411692,-0.6780572672774383,-0.00200518101527022,37.22284533933349,16.25090822781434,18.34596735590635,12.06078997163032,894719.0,5.199999999999989,0.0,5.199999999999989,15.0,0.015235416483548647,5.199999999999989,0.0,0.0,1.0,1.0,-0.32228418173149254,-0.6780572672774383,-0.516915176411692,37.22284533933349,16.25090822781434,18.34596735590635,12.06078997163032,18.88146635013535,35.49936509689177,21.20682757447192,-0.08015913071875481,0.2439677486537125,0.10000000000002274,0.44999999999998863,0.2699999999999818,0.0,20191.0,20191.0,2022-03-04,2022-03-04 10:45:00,4.263727121464233,57.0,1.0,best_within_2.0d,20247.0,350.91,0.5832424107187206,4.3760036431226785,32.22527881040892,0.012230020343504162,2.285057100371749,15.890706319702602,0.006381710269403211,0.4929364202292669,5.6011759621451125,36.843533123028394,0.015614239272951093,2.82998018927445,22.52492113564669,0.007835530045022196,1.8630914826498424,0.00402220134195386,1.9444468750000041,16.553125,0.005470102952261012,0.0,0
20192.0,2022-03-04 10:55:00,336.6101,336.65,335.95,336.07,514606.0,1p,1p,1.0,buy,False,4.806431517397468,5.360000000000014,17.0,0.015704198529196373,-0.3077773512737365,-0.5908858564225412,-0.7447745320594095,-0.002204162094770804,34.69633454623832,14.39943870718229,17.17867643040172,8.840963260743429,514606.0,5.360000000000014,0.0,5.360000000000014,17.0,0.015704198529196373,5.360000000000014,0.0,0.0,1.0,1.0,-0.3077773512737365,-0.7447745320594095,-0.5908858564225412,34.69633454623832,14.39943870718229,17.17867643040172,8.840963260743429,21.535986137756172,25.81224085648896,20.21717471262951,-0.1604527018054406,0.20836433993153403,0.03989999999998872,0.12000000000000455,0.5400999999999954,0.0,20193.0,20193.0,2022-03-04,2022-03-04 10:55:00,4.415746719433461,55.0,1.0,best_within_2.0d,20247.0,350.91,0.5832424107187206,4.3760036431226785,32.22527881040892,0.012230020343504162,2.285057100371749,15.890706319702602,0.006381710269403211,0.4929364202292669,5.6011759621451125,36.843533123028394,0.015614239272951093,2.82998018927445,22.52492113564669,0.007835530045022196,1.8630914826498424,0.00402220134195386,1.9444468750000041,16.553125,0.005470102952261012,0.0,0
20193.0,2022-03-04 11:00:00,336.08,336.43,335.64,335.69,759974.0,1p,1p,1.0,buy,False,4.806431517397468,5.670000000000016,18.0,0.016612463742638705,-0.34428124015344785,-0.6339210114417222,-0.8060616315184461,-0.0023866949183657593,32.656622437421476,10.233339366258553,14.863564075687329,0.9728899474010007,759974.0,5.670000000000016,0.0,5.670000000000016,18.0,0.016612463742638705,5.670000000000016,0.0,0.0,1.0,1.0,-0.34428124015344785,-0.8060616315184461,-0.6339210114417222,32.656622437421476,10.233339366258553,14.863564075687329,0.9728899474010007,21.75135945996633,27.376711044440565,19.590975210255234,-0.1160437990954494,0.23537123108092617,0.35000000000002274,0.05000000000001137,0.38999999999998636,0.0,20194.0,20194.0,2022-03-04,2022-03-04 11:00:00,4.533945008787878,54.0,1.0,best_within_2.0d,20247.0,350.91,0.5832424107187206,4.3760036431226785,32.22527881040892,0.012230020343504162,2.285057100371749,15.890706319702602,0.006381710269403211,0.4929364202292669,5.6011759621451125,36.843533123028394,0.015614239272951093,2.82998018927445,22.52492113564669,0.007835530045022196,1.8630914826498424,0.00402220134195386,1.9444468750000041,16.553125,0.005470102952261012,0.0,0
20194.0,2022-03-04 11:05:00,335.75,335.87,335.49,335.5849,624313.0,1p,1p,1.0,buy,False,4.806431517397468,5.819999999999993,19.0,0.01705194691043331,-0.3509691782204627,-0.67779215871928,-0.8532767478295114,-0.0025276857020482195,32.094641468538114,7.9601159324217265,12.562414694598793,-1.2444815919324057,624313.0,5.819999999999993,0.0,5.819999999999993,19.0,0.01705194691043331,5.819999999999993,0.0,0.0,1.0,1.0,-0.3509691782204627,-0.8532767478295114,-0.67779215871928,32.094641468538114,7.9601159324217265,12.562414694598793,-1.2444815919324057,13.63733219688909,32.17558065203514,21.081985286599124,-0.04917349218168141,0.11326716146531801,0.12000000000000455,0.09489999999999554,0.16509999999999536,0.0,20195.0,20195.0,2022-03-04,2022-03-04 11:05:00,4.56668342347943,53.0,1.0,best_within_2.0d,20247.0,350.91,0.5832424107187206,4.3760036431226785,32.22527881040892,0.012230020343504162,2.285057100371749,15.890706319702602,0.006381710269403211,0.4929364202292669,5.6011759621451125,36.843533123028394,0.015614239272951093,2.82998018927445,22.52492113564669,0.007835530045022196,1.8630914826498424,0.00402220134195386,1.9444468750000041,16.553125,0.005470102952261012,0.0,0
20195.0,2022-03-04 11:10:00,335.6,335.64,334.92,335.298,863951.0,1p,1p,1.0,buy,False,4.806431517397468,6.389999999999986,20.0,0.01872198294805305,-0.36102263599724105,-0.7229199882189351,-0.9034313062175556,-0.0026775962411400077,30.549165655497944,9.067937984798462,11.397589124665348,4.40863570506469,863951.0,6.389999999999986,0.0,6.389999999999986,20.0,0.01872198294805305,6.389999999999986,0.0,0.0,1.0,1.0,-0.36102263599724105,-0.9034313062175556,-0.7229199882189351,30.549165655497944,9.067937984798462,11.397589124665348,4.40863570506469,11.632160362865124,37.310703050698876,23.32372688848518,-0.08998808104887393,0.21497671085631506,0.03999999999996362,0.3779999999999859,0.3020000000000209,0.0,20196.0,20196.0,2022-03-04,2022-03-04 11:10:00,4.656156612923437,52.0,1.0,best_within_2.0d,20247.0,350.91,0.5832424107187206,4.3760036431226785,32.22527881040892,0.012230020343504162,2.285057100371749,15.890706319702602,0.006381710269403211,0.4929364202292669,5.6011759621451125,36.843533123028394,0.015614239272951093,2.82998018927445,22.52492113564669,0.007835530045022196,1.8630914826498424,0.00402220134195386,1.9444468750000041,16.553125,0.005470102952261012,1.0,0
20208.0,2022-03-04 12:15:00,337.85,338.68,337.78,338.12,942894.0,2s,2s,0.0,sell,False,0.04482071713147558,4.163492493946733,28.239017640954685,0.011578080659927173,0.6002288004206061,-0.4229688193669274,-0.12285441915662432,-0.00036461069404170347,60.097377501922374,77.15497112444513,69.90620481308737,91.65250374716064,942894.0,3.759999999999991,1.0,4.0160000000000196,10.0,0.011724999708042892,3.759999999999991,14.0,0.011226561566941332,1.0,2.5,0.6002288004206061,-0.12285441915662432,-0.4229688193669274,60.097377501922374,77.15497112444513,69.90620481308737,91.65250374716064,29.95759787003292,10.901671053530054,19.33344350155986,0.0799171229835672,0.2664456154893819,0.5600000000000023,0.07000000000005002,0.2699999999999818,1.0,20209.0,20209.0,2022-03-04,2022-03-04 12:15:00,0.8517686028628876,32.0,1.0,best_within_2.0d,20240.0,335.24,0.5832424107187206,4.3760036431226785,32.22527881040892,0.012230020343504162,2.285057100371749,15.890706319702602,0.006381710269403211,0.04482071713147558,4.0160000000000196,10.0,0.011724999708042892,3.759999999999991,14.0,0.011226561566941332,1.0,0.00402220134195386,1.9444468750000041,16.553125,0.005470102952261012,1.0,1
20216.0,2022-03-04 12:55:00,337.85,338.68,337.78,338.13,407852.0,2s,2s,0.0,sell,False,0.04482071713147558,4.163492493946733,28.239017640954685,0.011578080659927173,0.3202228687595442,0.044021229161031954,0.20413266354080406,0.0006051474897519688,57.0248988788793,65.71535062528248,66.9450928795186,63.25586611681024,407852.0,3.759999999999991,1.0,4.0160000000000196,10.0,0.011724999708042892,3.759999999999991,22.0,0.011226561566941332,1.0,2.5,0.3202228687595442,0.20413266354080406,0.044021229161031954,57.0248988788793,65.71535062528248,66.9450928795186,63.25586611681024,27.51647423921424,16.558662362127965,24.011065227587107,0.08287701642740053,0.2664456154893819,0.5500000000000114,0.07000000000005002,0.2799999999999727,1.0,20217.0,20217.0,2022-03-04,2022-03-04 12:55:00,0.8547008547008507,24.0,1.0,best_within_2.0d,20240.0,335.24,0.5832424107187206,4.3760036431226785,32.22527881040892,0.012230020343504162,2.285057100371749,15.890706319702602,0.006381710269403211,0.04482071713147558,4.0160000000000196,10.0,0.011724999708042892,3.759999999999991,22.0,0.011226561566941332,1.0,0.00402220134195386,1.9444468750000041,16.553125,0.005470102952261012,0.0,1
20217.0,2022-03-04 13:00:00,338.2,339.44,338.185,339.42,792453.0,2s,2s,0.0,sell,False,0.2340637450199186,4.163492493946733,28.239017640954685,0.011578080659927173,0.4730549099275099,0.1031530929019707,0.33968054786572566,0.0010065141048563354,64.96295279861627,76.8779628338539,70.2560495309637,90.12178943963431,792453.0,4.519999999999982,1.0,4.0160000000000196,10.0,0.011724999708042892,4.519999999999982,23.0,0.013495760181535834,1.0,2.5,0.4730549099275099,0.33968054786572566,0.1031530929019707,64.96295279861627,76.8779628338539,70.2560495309637,90.12178943963431,32.10227485805541,15.23472364937283,24.84119716813293,0.3607332939089377,0.37109865901799177,0.01999999999998181,0.014999999999986358,1.2200000000000273,1.0,20218.0,20218.0,2022-03-04,2022-03-04 13:00:00,1.231512580284016,23.0,1.0,best_within_2.0d,20240.0,335.24,0.5832424107187206,4.3760036431226785,32.22527881040892,0.012230020343504162,2.285057100371749,15.890706319702602,0.006381710269403211,0.2340637450199186,4.0160000000000196,10.0,0.011724999708042892,4.519999999999982,23.0,0.013495760181535834,1.0,0.00402220134195386,1.9444468750000041,16.553125,0.005470102952261012,0.0,1
20218.0,2022-03-04 13:05:00,339.43,339.79,339.1,339.64,498909.0,2s,2s,0.0,sell,False,0.3212151394422346,4.163492493946733,28.239017640954685,0.011578080659927173,0.5702476703824326,0.17443405169977477,0.4595578868909911,0.0013610803596526416,66.11257043850289,82.83705680765046,74.44971862319261,99.61173317656613,498909.0,4.8700000000000045,1.0,4.0160000000000196,10.0,0.011724999708042892,4.8700000000000045,24.0,0.014540785859309699,1.0,2.5,0.5702476703824326,0.4595578868909911,0.17443405169977477,66.11257043850289,82.83705680765046,74.44971862319261,99.61173317656613,34.643471754582606,12.579124579124334,26.40426378009159,0.0618684264796805,0.20347979946918246,0.1500000000000341,0.3299999999999841,0.20999999999997954,1.0,20219.0,20219.0,2022-03-04,2022-03-04 13:05:00,1.2954893416558642,22.0,1.0,best_within_2.0d,20240.0,335.24,0.5832424107187206,4.3760036431226785,32.22527881040892,0.012230020343504162,2.285057100371749,15.890706319702602,0.006381710269403211,0.3212151394422346,4.0160000000000196,10.0,0.011724999708042892,4.8700000000000045,24.0,0.014540785859309699,1.0,0.00402220134195386,1.9444468750000041,16.553125,0.005470102952261012,1.0,1
20225.0,2022-03-04 13:40:00,339.25,339.25,337.56,337.57,747862.0,2,2,1.0,buy,False,0.45790554414784723,4.163492493946733,28.239017640954685,0.011578080659927173,-0.04489059563785314,0.35665346241892626,0.3342081645999997,0.0009888773198110593,47.31890090476559,40.094640382246745,53.95145886053008,12.381003425680063,747862.0,2.230000000000018,1.0,4.8700000000000045,24.0,0.014540785859309699,2.230000000000018,8.0,0.006562877071132223,2.0,2.0,-0.04489059563785314,0.3342081645999997,0.35665346241892626,47.31890090476559,40.094640382246745,53.95145886053008,12.381003425680063,21.829767935246043,21.724458656499085,21.855242100318037,-0.49521002210759224,0.5006517359876757,0.0,0.009999999999990905,1.6800000000000068,0.0,20226.0,20226.0,2022-03-04,2022-03-04 13:40:00,3.9517729656071428,22.0,1.0,best_within_2.0d,20247.0,350.91,0.45790554414784723,4.8700000000000045,24.0,0.014540785859309699,2.230000000000018,8.0,0.006562877071132223,0.4929364202292669,5.6011759621451125,36.843533123028394,0.015614239272951093,2.82998018927445,22.52492113564669,0.007835530045022196,1.8630914826498424,0.00402220134195386,1.9444468750000041,16.553125,0.005470102952261012,0.0,0
20226.0,2022-03-04 13:45:00,337.6,337.6299,337.3,337.551,314498.0,2,2,1.0,buy,False,0.5112936344969213,4.163492493946733,28.239017640954685,0.011578080659927173,-0.17130940237765402,0.33523978712171953,0.24958508593289253,0.0007385563153176588,47.19352711244484,30.08986734987769,45.99759502364595,-1.7255879976588346,314498.0,2.490000000000009,1.0,4.8700000000000045,24.0,0.014540785859309699,2.490000000000009,9.0,0.007328055563730566,2.0,2.0,-0.17130940237765402,0.24958508593289253,0.33523978712171953,47.19352711244484,30.08986734987769,45.99759502364595,-1.7255879976588346,22.468985378821213,22.03462244445803,20.36386890396819,-0.014514218009489044,0.09780610732286071,0.029899999999997817,0.25099999999997635,0.049000000000035016,0.0,20227.0,20227.0,2022-03-04,2022-03-04 13:45:00,3.957624181234847,21.0,1.0,best_within_2.0d,20247.0,350.91,0.5112936344969213,4.8700000000000045,24.0,0.014540785859309699,2.490000000000009,9.0,0.007328055563730566,0.4929364202292669,5.6011759621451125,36.843533123028394,0.015614239272951093,2.82998018927445,22.52492113564669,0.007835530045022196,1.8630914826498424,0.00402220134195386,1.9444468750000041,16.553125,0.005470102952261012,0.0,0
20229.0,2022-03-04 14:00:00,336.74,337.05,336.12,336.58,726539.0,2,2,1.0,buy,False,0.7535934291581134,4.163492493946733,28.239017640954685,0.011578080659927173,-0.47956543241809146,0.2007148725474472,-0.039067843661598545,-0.0001156734122560876,41.13583251086467,17.905336688960105,27.885467683416657,-2.0549252999529983,726539.0,3.670000000000016,1.0,4.8700000000000045,24.0,0.014540785859309699,3.670000000000016,12.0,0.010800788722446263,2.0,2.0,-0.47956543241809146,-0.039067843661598545,0.2007148725474472,41.13583251086467,17.905336688960105,27.885467683416657,-2.0549252999529983,19.430062147478367,28.600604721293298,18.661521771033186,-0.04751440280335719,0.27668689753659614,0.3100000000000023,0.45999999999997954,0.160000000000025,0.0,20230.0,20230.0,2022-03-04,2022-03-04 14:00:00,4.257531641808795,18.0,1.0,best_within_2.0d,20247.0,350.91,0.7535934291581134,4.8700000000000045,24.0,0.014540785859309699,3.670000000000016,12.0,0.010800788722446263,0.4929364202292669,5.6011759621451125,36.843533123028394,0.015614239272951093,2.82998018927445,22.52492113564669,0.007835530045022196,1.8630914826498424,0.00402220134195386,1.9444468750000041,16.553125,0.005470102952261012,0.0,0
20231.0,2022-03-04 14:10:00,336.655,336.72,336.07,336.16,545346.0,2,2,1.0,buy,False,0.7638603696098611,4.163492493946733,28.239017640954685,0.011578080659927173,-0.5732464616229617,0.06479080461049076,-0.22183242620099008,-0.0006571836748221298,38.65881444661596,12.554928385320496,20.45388634093063,-3.242987525899771,545346.0,3.7200000000000273,1.0,4.8700000000000045,24.0,0.014540785859309699,3.7200000000000273,14.0,0.010947938432561368,2.0,2.0,-0.5732464616229617,-0.22183242620099008,0.06479080461049076,38.65881444661596,12.554928385320496,20.45388634093063,-3.242987525899771,11.2572476681416,33.25886453923462,21.420366952474485,-0.1470347982355669,0.19341208676764785,0.06500000000005457,0.09000000000003183,0.4949999999999477,0.0,20232.0,20232.0,2022-03-04,2022-03-04 14:10:00,4.387791527843884,16.0,1.0,best_within_2.0d,20247.0,350.91,0.7638603696098611,4.8700000000000045,24.0,0.014540785859309699,3.7200000000000273,14.0,0.010947938432561368,0.4929364202292669,5.6011759621451125,36.843533123028394,0.015614239272951093,2.82998018927445,22.52492113564669,0.007835530045022196,1.8630914826498424,0.00402220134195386,1.9444468750000041,16.553125,0.005470102952261012,0.0,0
20232.0,2022-03-04 14:15:00,336.22,336.34,335.8,336.25,507096.0,2,2,1.0,buy,False,0.8193018480492824,4.163492493946733,28.239017640954685,0.011578080659927173,-0.5699330992318354,-0.00645083279348867,-0.2914173824094064,-0.0008635770946051,39.543868648030205,12.655788995072779,17.854520558978013,2.2583258672623074,507096.0,3.990000000000009,1.0,4.8700000000000045,24.0,0.014540785859309699,3.990000000000009,15.0,0.011742546867182698,2.0,2.0,-0.5699330992318354,-0.2914173824094064,-0.00645083279348867,39.543868648030205,12.655788995072779,17.854520558978013,2.2583258672623074,8.323277874173073,36.07634515620393,24.355157813026178,0.008922729165419283,0.1608100059559153,0.08999999999997499,0.4200000000000159,0.029999999999972715,1.0,20233.0,20233.0,2022-03-04,2022-03-04 14:15:00,4.359851301115249,15.0,1.0,best_within_2.0d,20247.0,350.91,0.8193018480492824,4.8700000000000045,24.0,0.014540785859309699,3.990000000000009,15.0,0.011742546867182698,0.4929364202292669,5.6011759621451125,36.843533123028394,0.015614239272951093,2.82998018927445,22.52492113564669,0.007835530045022196,1.8630914826498424,0.00402220134195386,1.9444468750000041,16.553125,0.005470102952261012,1.0,0
20240.0,2022-03-04 14:55:00,336.13,336.24,335.12,335.24,541032.0,2,2,1.0,buy,False,0.9589322381930209,4.163492493946733,28.239017640954685,0.011578080659927173,-0.35061102908182507,-0.2760584052360396,-0.4513639197769521,-0.001339418947317879,34.67585706791496,20.68333275052054,29.826682408893557,2.396633433774511,541032.0,4.670000000000016,1.0,4.8700000000000045,24.0,0.014540785859309699,4.670000000000016,23.0,0.013743782924747684,2.0,2.0,-0.35061102908182507,-0.4513639197769521,-0.2760584052360396,34.67585706791496,20.68333275052054,29.826682408893557,2.396633433774511,13.798661569491355,29.207490484990707,25.1810085296614,-0.2647785083152311,0.3342086416805934,0.11000000000001364,0.12000000000000455,0.8899999999999864,0.0,20241.0,20241.0,2022-03-04,2022-03-04 14:55:00,4.674263214413559,7.0,1.0,best_within_2.0d,20247.0,350.91,0.9589322381930209,4.8700000000000045,24.0,0.014540785859309699,4.670000000000016,23.0,0.013743782924747684,0.4929364202292669,5.6011759621451125,36.843533123028394,0.015614239272951093,2.82998018927445,22.52492113564669,0.007835530045022196,1.8630914826498424,0.00402220134195386,1.9444468750000041,16.553125,0.005470102952261012,1.0,0
20247.0,2022-03-04 15:30:00,350.1,350.93,349.99,350.91,156325.0,1p,1p,0.0,sell,False,4.33317634617895,4.670000000000016,18.0,0.013486975105412165,0.7015037029644742,0.6063901186660198,0.9571419701482569,0.0027508912410331285,85.78882895520043,94.09589099042176,91.43493185279607,99.41780926567316,156325.0,4.670000000000016,0.0,4.670000000000016,18.0,0.013486975105412165,4.670000000000016,0.0,0.0,1.0,1.0,0.7015037029644742,0.9571419701482569,0.6063901186660198,85.78882895520043,94.09589099042176,91.43493185279607,99.41780926567316,50.55487053021016,1.4796547472256905,55.23719548127179,0.23136246786632456,0.26857910226006393,0.01999999999998181,0.11000000000001364,0.8100000000000023,1.0,20248.0,20248.0,2022-03-04,2022-03-04 15:30:00,2.0540172048918044,173.78554736652885,0.0,,14281.267661333814,366.3529484630595,0.5832424107187206,4.3760036431226785,32.22527881040892,0.012230020343504162,2.285057100371749,15.890706319702602,0.006381710269403211,0.4929364202292669,5.6011759621451125,36.843533123028394,0.015614239272951093,2.82998018927445,22.52492113564669,0.007835530045022196,1.8630914826498424,0.00402220134195386,1.9444468750000041,16.553125,0.005470102952261012,0.0,1
20247.0,2022-03-04 15:30:00,345.52,346.13,345.38,346.0,1974.0,1p,1p,1.0,buy,False,0.2746271665303942,1.8400000000000318,36.0,0.005299233915097148,-0.11052000018948493,-0.03133550906118471,-0.08659550915592718,-0.0002500889044915685,43.67324647287913,31.303076657851538,32.53454784685495,28.84013427984472,1974.0,1.8400000000000318,0.0,1.8400000000000318,36.0,0.005299233915097148,1.8400000000000318,0.0,0.0,1.0,1.0,-0.11052000018948493,-0.08659550915592718,-0.03133550906118471,43.67324647287913,31.303076657851538,32.53454784685495,28.84013427984472,10.179640718562203,43.413173652696294,23.24993327560221,0.13892104653855586,0.2171521223000753,0.12999999999999545,0.13999999999998636,0.4800000000000182,1.0,20248.0,20248.0,2022-03-04,2022-03-04 15:30:00,2.0540172048918044,173.78554736652885,0.0,,14281.267661333814,366.3529484630595,0.5832424107187206,4.3760036431226785,32.22527881040892,0.012230020343504162,2.285057100371749,15.890706319702602,0.006381710269403211,0.4929364202292669,5.6011759621451125,36.843533123028394,0.015614239272951093,2.82998018927445,22.52492113564669,0.007835530045022196,1.8630914826498424,0.00402220134195386,1.9444468750000041,16.553125,0.005470102952261012,0.0,0
20247.0,2022-03-04 15:30:00,346.43,346.44,346.26,346.31,23573.0,2,2,1.0,buy,False,0.4358974358974396,4.163492493946733,28.239017640954685,0.011578080659927173,0.011304311181586313,0.08815613371341333,0.09380828930420648,0.00027084397621028556,48.7694547351188,50.81497641807633,64.9134203839452,22.618088486338593,23573.0,0.6800000000000068,1.0,1.5600000000000023,39.0,0.004516764143841573,0.6800000000000068,5.0,0.001959993082377376,2.0,2.0,0.011304311181586313,0.09380828930420648,0.08815613371341333,48.7694547351188,50.81497641807633,64.9134203839452,22.618088486338593,27.24719101123714,27.80898876404563,11.91650837002073,-0.034639032416362486,0.05198405822214718,0.009999999999990905,0.05000000000001137,0.12000000000000455,0.0,20248.0,20248.0,2022-03-04,2022-03-04 15:30:00,2.0540172048918044,173.78554736652885,0.0,,14281.267661333814,366.3529484630595,0.4358974358974396,1.5600000000000023,39.0,0.004516764143841573,0.6800000000000068,5.0,0.001959993082377376,0.4929364202292669,5.6011759621451125,36.843533123028394,0.015614239272951093,2.82998018927445,22.52492113564669,0.007835530045022196,1.8630914826498424,0.00402220134195386,1.9444468750000041,16.553125,0.005470102952261012,0.0,0
20300.0,2022-03-07 04:00:00,337.19,337.8,337.15,337.35,2769691.0,3a,3a,0.0,sell,False,0.0038109305760709615,4.163492493946733,28.239017640954685,0.011578080659927173,0.35258789370461496,-0.33997459208957137,-0.1636806452372639,-0.00048639582670563486,57.109767953159015,64.91007077461228,50.50931550580083,93.71158131223518,2769691.0,2.680000000000007,2.0,2.680000000000007,13.0,0.0079971353544999,2.680000000000007,13.0,0.0079971353544999,3.0,3.0,0.35258789370461496,-0.1636806452372639,-0.33997459208957137,57.109767953159015,64.91007077461228,50.50931550580083,93.71158131223518,20.114282532590124,14.407811858378675,20.36499549314908,0.04745099202230938,0.19279252558209525,0.44999999999998863,0.040000000000020464,0.160000000000025,1.0,20301.0,20301.0,2022-03-07,2022-03-07 04:00:00,2.3805936417055826,319.0,1.0,best_within_2.0d,20619.0,339.75,0.5832424107187206,4.3760036431226785,32.22527881040892,0.012230020343504162,2.285057100371749,15.890706319702602,0.006381710269403211,0.4929364202292669,5.6011759621451125,36.843533123028394,0.015614239272951093,2.82998018927445,22.52492113564669,0.007835530045022196,1.8630914826498424,0.0038109305760709615,2.680000000000007,13.0,0.0079971353544999,0.0,1
20300.0,2022-03-07 04:00:00,332.92,332.92,331.62,331.85,43631.0,1p,1p,1.0,buy,False,1.0063386074405498,6.180000000000007,49.0,0.018294849023090604,-0.5768801465437348,-0.1501855309426404,-0.4386256042145078,-0.001304881847633367,6.115040843736651,29.58968155796204,40.901978431293756,6.965087811298616,43631.0,6.180000000000007,0.0,6.180000000000007,49.0,0.018294849023090604,6.180000000000007,0.0,0.0,1.0,1.0,-0.5768801465437348,-0.4386256042145078,-0.1501855309426404,6.115040843736651,29.58968155796204,40.901978431293756,6.965087811298616,3.2535360800037236,85.79060926743986,53.65764393772027,-0.32139853418238407,0.39201495687835813,0.0,0.2300000000000182,1.0699999999999932,0.0,20301.0,20301.0,2022-03-07,2022-03-07 04:00:00,2.3805936417055826,319.0,1.0,best_within_2.0d,20619.0,339.75,0.5832424107187206,4.3760036431226785,32.22527881040892,0.012230020343504162,2.285057100371749,15.890706319702602,0.006381710269403211,0.4929364202292669,5.6011759621451125,36.843533123028394,0.015614239272951093,2.82998018927445,22.52492113564669,0.007835530045022196,1.8630914826498424,0.00402220134195386,1.9444468750000041,16.553125,0.005470102952261012,1.0,0
20306.0,2022-03-07 04:30:00,332.18,332.18,331.56,331.56,42175.0,1p,1p,1.0,buy,False,1.657797772772193,6.240000000000009,55.0,0.018472468916518676,-0.8424650053408631,-0.8067460746789157,-1.2279785773493472,-0.0036689965024735553,17.221747498079196,10.661147661539243,18.393004076716906,-4.802565168816084,42175.0,6.240000000000009,0.0,6.240000000000009,55.0,0.018472468916518676,6.240000000000009,0.0,0.0,1.0,1.0,-0.8424650053408631,-1.2279785773493472,-0.8067460746789157,17.221747498079196,10.661147661539243,18.393004076716906,-4.802565168816084,1.5029075480647536,70.52104648608659,68.11289397657556,-0.18664579444879417,0.1869948124019799,0.0,0.0,0.6200000000000045,0.0,20307.0,20307.0,2022-03-07,2022-03-07 04:30:00,2.470141150922909,313.0,1.0,best_within_2.0d,20619.0,339.75,0.5832424107187206,4.3760036431226785,32.22527881040892,0.012230020343504162,2.285057100371749,15.890706319702602,0.006381710269403211,0.4929364202292669,5.6011759621451125,36.843533123028394,0.015614239272951093,2.82998018927445,22.52492113564669,0.007835530045022196,1.8630914826498424,0.00402220134195386,1.9444468750000041,16.553125,0.005470102952261012,0.0,0
20307.0,2022-03-07 04:35:00,331.7,331.74,331.46,331.49,3270.0,1p,1p,1.0,buy,False,1.6577977727721924,6.340000000000032,56.0,0.018768502072232185,-0.7802077764267952,-0.9042720467322651,-1.2943759349456627,-0.0038701222300213064,16.97711206496237,7.3110977621397355,14.699035305191183,-7.464777323963158,3270.0,6.340000000000032,0.0,6.340000000000032,56.0,0.018768502072232185,6.340000000000032,0.0,0.0,1.0,1.0,-0.7802077764267952,-1.2943759349456627,-0.9042720467322651,16.97711206496237,7.3110977621397355,14.699035305191183,-7.464777323963158,1.473939613828411,69.38740802049928,70.0933967953154,-0.06331022007837792,0.08447474808424231,0.040000000000020464,0.03000000000002956,0.20999999999997954,0.0,20308.0,20308.0,2022-03-07,2022-03-07 04:35:00,2.4917795408609584,312.0,1.0,best_within_2.0d,20619.0,339.75,0.5832424107187206,4.3760036431226785,32.22527881040892,0.012230020343504162,2.285057100371749,15.890706319702602,0.006381710269403211,0.4929364202292669,5.6011759621451125,36.843533123028394,0.015614239272951093,2.82998018927445,22.52492113564669,0.007835530045022196,1.8630914826498424,0.00402220134195386,1.9444468750000041,16.553125,0.005470102952261012,0.0,0
20308.0,2022-03-07 04:40:00,331.46,331.89,331.31,331.61,10770.0,1p,1p,1.0,buy,False,1.657797772772193,6.490000000000009,57.0,0.019212551805802277,-0.6684819799982644,-0.9878322942320482,-1.3220732842311804,-0.0039554270031215335,19.098721402488863,11.085245298983608,13.494438636455323,6.266858624040179,10770.0,6.490000000000009,0.0,6.490000000000009,57.0,0.019212551805802277,6.490000000000009,0.0,0.0,1.0,1.0,-0.6684819799982644,-1.3220732842311804,-0.9878322942320482,19.098721402488863,11.085245298983608,13.494438636455323,6.266858624040179,1.067247249170461,65.31446440196851,71.99990518282752,0.04525432933084961,0.17506263016509738,0.2799999999999727,0.14999999999997726,0.1500000000000341,1.0,20309.0,20309.0,2022-03-07,2022-03-07 04:40:00,2.454690751183615,311.0,1.0,best_within_2.0d,20619.0,339.75,0.5832424107187206,4.3760036431226785,32.22527881040892,0.012230020343504162,2.285057100371749,15.890706319702602,0.006381710269403211,0.4929364202292669,5.6011759621451125,36.843533123028394,0.015614239272951093,2.82998018927445,22.52492113564669,0.007835530045022196,1.8630914826498424,0.00402220134195386,1.9444468750000041,16.553125,0.005470102952261012,0.0,0
20309.0,2022-03-07 04:45:00,331.6,331.6,331.08,331.11,9871.0,1p,1p,1.0,buy,False,1.6577977727722033,6.720000000000027,58.0,0.01989342806394324,-0.6092173921654216,-1.0639844682527257,-1.3685931643354365,-0.00409745173321811,17.134004829350516,7.936611620087959,11.641829630999533,0.5261755982648104,9871.0,6.720000000000027,0.0,6.720000000000027,58.0,0.01989342806394324,6.720000000000027,0.0,0.0,1.0,1.0,-0.6092173921654216,-1.3685931643354365,-1.0639844682527257,17.134004829350516,7.936611620087959,11.641829630999533,0.5261755982648104,0.3061255727102279,64.79555913835918,73.93273669747366,-0.1477683956574213,0.15706173734446016,0.0,0.03000000000002956,0.4900000000000091,0.0,20310.0,20310.0,2022-03-07,2022-03-07 04:45:00,2.609404729546068,310.0,1.0,best_within_2.0d,20619.0,339.75,0.5832424107187206,4.3760036431226785,32.22527881040892,0.012230020343504162,2.285057100371749,15.890706319702602,0.006381710269403211,0.4929364202292669,5.6011759621451125,36.843533123028394,0.015614239272951093,2.82998018927445,22.52492113564669,0.007835530045022196,1.8630914826498424,0.00402220134195386,1.9444468750000041,16.553125,0.005470102952261012,0.0,0
20310.0,2022-03-07 04:50:00,331.13,331.55,331.03,331.54,5450.0,1p,1p,1.0,buy,False,1.6577977727722035,6.770000000000039,59.0,0.020041444641799994,-0.4658518367925373,-1.1222159478517928,-1.3551418662480614,-0.004059404058679933,24.34228972607866,15.174795343625298,12.819484868541455,19.885416293792986,5450.0,6.770000000000039,0.0,6.770000000000039,59.0,0.020041444641799994,6.770000000000039,0.0,0.0,1.0,1.0,-0.4658518367925373,-1.3551418662480614,-1.1222159478517928,24.34228972607866,15.174795343625298,12.819484868541455,19.885416293792986,0.2935420743642806,62.426614481409345,75.72782425897564,0.12381843988766496,0.15708546053228972,0.009999999999990905,0.10000000000002274,0.410000000000025,1.0,20311.0,20311.0,2022-03-07,2022-03-07 04:50:00,2.4763226156723106,309.0,1.0,best_within_2.0d,20619.0,339.75,0.5832424107187206,4.3760036431226785,32.22527881040892,0.012230020343504162,2.285057100371749,15.890706319702602,0.006381710269403211,0.4929364202292669,5.6011759621451125,36.843533123028394,0.015614239272951093,2.82998018927445,22.52492113564669,0.007835530045022196,1.8630914826498424,0.00402220134195386,1.9444468750000041,16.553125,0.005470102952261012,1.0,0
20327.0,2022-03-07 06:15:00,331.4,331.46,330.97,331.46,13409.0,1p,1p,1.0,buy,False,1.6577977727722175,6.829999999999984,76.0,0.0202190645352279,0.19846130762761538,-0.7034612020468411,-0.6042305482330335,-0.001818258900054223,37.331744512289816,29.50950361612489,31.74098390093655,25.04654304650157,13409.0,6.829999999999984,0.0,6.829999999999984,76.0,0.0202190645352279,6.829999999999984,0.0,0.0,1.0,1.0,0.19846130762761538,-0.6042305482330335,-0.7034612020468411,37.331744512289816,29.50950361612489,31.74098390093655,25.04654304650157,14.177693761813615,36.483931947068854,41.45773480152998,0.018105009052505214,0.14804967217571147,0.0,0.42999999999995,0.060000000000002274,1.0,20328.0,20328.0,2022-03-07,2022-03-07 06:15:00,2.501055934351059,292.0,1.0,best_within_2.0d,20619.0,339.75,0.5832424107187206,4.3760036431226785,32.22527881040892,0.012230020343504162,2.285057100371749,15.890706319702602,0.006381710269403211,0.4929364202292669,5.6011759621451125,36.843533123028394,0.015614239272951093,2.82998018927445,22.52492113564669,0.007835530045022196,1.8630914826498424,0.00402220134195386,1.9444468750000041,16.553125,0.005470102952261012,1.0,0
20349.0,2022-03-07 08:05:00,334.37,334.67,334.22,334.67,26304.0,2,2,1.0,buy,False,0.3434343434343419,4.163492493946733,28.239017640954685,0.011578080659927173,-0.01835642475241661,0.6012349035823614,0.5920566912061531,0.001772972541083729,58.242105696252274,63.50214619558015,64.6923280047727,61.121782577195034,26304.0,1.6999999999999886,1.0,4.949999999999989,16.0,0.014956038311629418,1.6999999999999886,8.0,0.0050607287449392375,2.0,2.0,-0.01835642475241661,0.5920566912061531,0.6012349035823614,58.242105696252274,63.50214619558015,64.6923280047727,61.121782577195034,21.582733812949677,32.08633093525171,49.71979499875233,0.08972096779017597,0.13464185267188936,0.0,0.14999999999997726,0.30000000000001137,1.0,20350.0,20350.0,2022-03-07,2022-03-07 08:05:00,1.517913168195531,270.0,1.0,best_within_2.0d,20619.0,339.75,0.3434343434343419,4.949999999999989,16.0,0.014956038311629418,1.6999999999999886,8.0,0.0050607287449392375,0.4929364202292669,5.6011759621451125,36.843533123028394,0.015614239272951093,2.82998018927445,22.52492113564669,0.007835530045022196,1.8630914826498424,0.00402220134195386,1.9444468750000041,16.553125,0.005470102952261012,1.0,0
20355.0,2022-03-07 08:35:00,335.71,336.29,335.69,335.95,156838.0,1p,1p,0.0,sell,False,0.09143286223635408,2.069999999999993,7.0,0.006193525222907046,0.0782459499048711,0.6156831392727171,0.6548061142251527,0.0019575191839563298,66.89558276244853,89.78197196025289,83.47243504168887,102.4010457973809,156838.0,2.069999999999993,0.0,2.069999999999993,7.0,0.006193525222907046,2.069999999999993,0.0,0.0,1.0,1.0,0.0782459499048711,0.6548061142251527,0.6156831392727171,66.89558276244853,89.78197196025289,83.47243504168887,102.4010457973809,17.890625000000142,34.92187499999974,43.45423075212581,0.07149027434393052,0.17873633411779402,0.34000000000003183,0.01999999999998181,0.2400000000000091,1.0,20356.0,20356.0,2022-03-07,2022-03-07 08:35:00,4.530436076797134,227.0,1.0,best_within_2.0d,20582.0,320.73,0.5832424107187206,4.3760036431226785,32.22527881040892,0.012230020343504162,2.285057100371749,15.890706319702602,0.006381710269403211,0.4929364202292669,5.6011759621451125,36.843533123028394,0.015614239272951093,2.82998018927445,22.52492113564669,0.007835530045022196,1.8630914826498424,0.00402220134195386,1.9444468750000041,16.553125,0.005470102952261012,0.0,1
20356.0,2022-03-07 08:40:00,336.07,336.35,335.66,335.77,69568.0,1p,1p,0.0,sell,False,0.09143286223635408,2.1299999999999955,8.0,0.0063730476931362435,0.06247078425733643,0.6234919873048842,0.6547273794335524,0.0019567370439146957,64.24726300720098,89.70449782335153,85.54978930224308,98.01391486556844,69568.0,2.1299999999999955,0.0,2.1299999999999955,8.0,0.0063730476931362435,2.1299999999999955,0.0,0.0,1.0,1.0,0.06247078425733643,0.6547273794335524,0.6234919873048842,64.24726300720098,89.70449782335153,85.54978930224308,98.01391486556844,14.976228209191644,35.419968304278676,43.247931250963184,-0.08926711696968231,0.2055651552165875,0.28000000000002956,0.1099999999999568,0.30000000000001137,0.0,20357.0,20357.0,2022-03-07,2022-03-07 08:40:00,4.479256634005409,226.0,1.0,best_within_2.0d,20582.0,320.73,0.5832424107187206,4.3760036431226785,32.22527881040892,0.012230020343504162,2.285057100371749,15.890706319702602,0.006381710269403211,0.4929364202292669,5.6011759621451125,36.843533123028394,0.015614239272951093,2.82998018927445,22.52492113564669,0.007835530045022196,1.8630914826498424,0.00402220134195386,1.9444468750000041,16.553125,0.005470102952261012,0.0,1
20358.0,2022-03-07 08:50:00,336.281,336.5,335.89,336.3,88968.0,1p,1p,0.0,sell,False,0.13407309893585223,2.2799999999999727,10.0,0.006821853868709152,0.1147363948402611,0.65087281788597,0.7082410153061005,0.0021151421415413277,68.24000559944596,91.19463956045269,88.90864504249983,95.7666285963584,88968.0,2.2799999999999727,0.0,2.2799999999999727,10.0,0.006821853868709152,2.2799999999999727,0.0,0.0,1.0,1.0,0.1147363948402611,0.7082410153061005,0.65087281788597,68.24000559944596,91.19463956045269,88.90864504249983,95.7666285963584,16.146645865834515,32.68330733229315,42.39989937617151,0.005650036725240336,0.18160707374438467,0.19999999999998863,0.39100000000001955,0.019000000000005457,1.0,20359.0,20359.0,2022-03-07,2022-03-07 08:50:00,4.629794826048169,224.0,1.0,best_within_2.0d,20582.0,320.73,0.5832424107187206,4.3760036431226785,32.22527881040892,0.012230020343504162,2.285057100371749,15.890706319702602,0.006381710269403211,0.4929364202292669,5.6011759621451125,36.843533123028394,0.015614239272951093,2.82998018927445,22.52492113564669,0.007835530045022196,1.8630914826498424,0.00402220134195386,1.9444468750000041,16.553125,0.005470102952261012,0.0,1
20360.0,2022-03-07 09:00:00,336.26,336.83,336.02,336.73,30655.0,1p,1p,0.0,sell,False,0.14762603281095804,2.609999999999957,12.0,0.007809227454969651,0.12633465567468916,0.6779928160833502,0.7411601439206947,0.0022119162476372223,70.6103390766982,90.28750780336001,89.27302088508523,92.31648163990957,30655.0,2.609999999999957,0.0,2.609999999999957,12.0,0.007809227454969651,2.609999999999957,0.0,0.0,1.0,1.0,0.12633465567468916,0.7411601439206947,0.6779928160833502,70.6103390766982,90.28750780336001,89.27302088508523,92.31648163990957,19.263899765074704,30.148786217697506,40.126840505290424,0.13977279486112748,0.2410570799357188,0.0999999999999659,0.2400000000000091,0.4700000000000273,1.0,20361.0,20361.0,2022-03-07,2022-03-07 09:00:00,4.751581385679922,222.0,1.0,best_within_2.0d,20582.0,320.73,0.5832424107187206,4.3760036431226785,32.22527881040892,0.012230020343504162,2.285057100371749,15.890706319702602,0.006381710269403211,0.4929364202292669,5.6011759621451125,36.843533123028394,0.015614239272951093,2.82998018927445,22.52492113564669,0.007835530045022196,1.8630914826498424,0.00402220134195386,1.9444468750000041,16.553125,0.005470102952261012,0.0,1
20361.0,2022-03-07 09:05:00,336.76,337.5,336.73,337.07,182746.0,1p,1p,0.0,sell,False,0.2023051202487625,3.2799999999999727,13.0,0.009813895039195657,0.17312764707687012,0.699633771967959,0.786197595506394,0.002345292093702422,72.8548998259933,87.3200989973337,88.62204692250138,84.71620314699831,182746.0,3.2799999999999727,0.0,3.2799999999999727,13.0,0.009813895039195657,3.2799999999999727,0.0,0.0,1.0,1.0,0.17312764707687012,0.786197595506394,0.699633771967959,72.8548998259933,87.3200989973337,88.62204692250138,84.71620314699831,24.980047885076402,27.853152434157824,37.6490709310022,0.09205368808647175,0.22866985418584082,0.4300000000000068,0.029999999999972715,0.3100000000000023,1.0,20362.0,20362.0,2022-03-07,2022-03-07 09:05:00,4.8476577565490775,221.0,1.0,best_within_2.0d,20582.0,320.73,0.5832424107187206,4.3760036431226785,32.22527881040892,0.012230020343504162,2.285057100371749,15.890706319702602,0.006381710269403211,0.4929364202292669,5.6011759621451125,36.843533123028394,0.015614239272951093,2.82998018927445,22.52492113564669,0.007835530045022196,1.8630914826498424,0.00402220134195386,1.9444468750000041,16.553125,0.005470102952261012,0.0,1
20364.0,2022-03-07 09:20:00,336.81,337.65,336.81,337.41,115097.0,1p,1p,0.0,sell,False,0.2023051202487625,3.42999999999995,16.0,0.010262701214768565,0.1448161274560893,0.7499801288500583,0.8223881925781029,0.0024505360513761565,72.84445936696942,79.36645128168655,81.45305070484304,75.19325243537358,115097.0,3.42999999999995,0.0,3.42999999999995,16.0,0.010262701214768565,3.42999999999995,0.0,0.0,1.0,1.0,0.1448161274560893,0.8223881925781029,0.7499801288500583,72.84445936696942,79.36645128168655,81.45305070484304,75.19325243537358,42.307692307693095,3.6057692307693947,47.232897094494504,0.17814197915739519,0.2493987708203364,0.23999999999995225,0.0,0.6000000000000227,1.0,20365.0,20365.0,2022-03-07,2022-03-07 09:20:00,4.943540499688807,218.0,1.0,best_within_2.0d,20582.0,320.73,0.5832424107187206,4.3760036431226785,32.22527881040892,0.012230020343504162,2.285057100371749,15.890706319702602,0.006381710269403211,0.4929364202292669,5.6011759621451125,36.843533123028394,0.015614239272951093,2.82998018927445,22.52492113564669,0.007835530045022196,1.8630914826498424,0.00402220134195386,1.9444468750000041,16.553125,0.005470102952261012,0.0,1
20366.0,2022-03-07 09:30:00,337.29,338.48,336.75,336.87,1842956.0,1p,1p,0.0,sell,False,0.2023051202487625,4.259999999999991,18.0,0.012746095386272487,0.04443954978670739,0.7714325224737353,0.793652297367089,0.002363435428732629,63.89518811687852,65.80042315957543,75.86410043766517,45.67306860339596,1842956.0,4.259999999999991,0.0,4.259999999999991,18.0,0.012746095386272487,4.259999999999991,0.0,0.0,1.0,1.0,0.04443954978670739,0.793652297367089,0.7714325224737353,63.89518811687852,65.80042315957543,75.86410043766517,45.67306860339596,42.456896551724846,3.232758620689787,52.303115206769746,-0.12452192475318448,0.5137342242019356,1.1899999999999977,0.12000000000000455,0.4200000000000159,0.0,20367.0,20367.0,2022-03-07,2022-03-07 09:30:00,4.791165731587848,216.0,1.0,best_within_2.0d,20582.0,320.73,0.5832424107187206,4.3760036431226785,32.22527881040892,0.012230020343504162,2.285057100371749,15.890706319702602,0.006381710269403211,0.4929364202292669,5.6011759621451125,36.843533123028394,0.015614239272951093,2.82998018927445,22.52492113564669,0.007835530045022196,1.8630914826498424,0.00402220134195386,1.9444468750000041,16.553125,0.005470102952261012,1.0,1
20370.0,2022-03-07 09:50:00,335.115,335.68,334.44,335.1598,1194073.0,2s,2s,1.0,buy,False,0.29898989898990336,4.163492493946733,28.239017640954685,0.011578080659927173,-0.551779779960555,0.626624557357417,0.35073466737713943,0.0010445345626536766,44.527958343624796,28.37487125969351,44.79879506100117,-4.472976342921811,1194073.0,4.0400000000000205,1.0,4.949999999999989,16.0,0.014956038311629418,4.0400000000000205,5.0,0.011935712597494742,1.0,2.5,-0.551779779960555,0.35073466737713943,0.626624557357417,44.527958343624796,28.37487125969351,44.79879506100117,-4.472976342921811,22.358900144718135,18.81331403762688,46.60196068555041,0.013368545126302695,0.37076904676474376,0.5201999999999884,0.6750000000000114,0.04480000000000928,1.0,20371.0,20371.0,2022-03-07,2022-03-07 09:50:00,1.3695556567344835,249.0,1.0,best_within_2.0d,20619.0,339.75,0.5832424107187206,4.3760036431226785,32.22527881040892,0.012230020343504162,2.285057100371749,15.890706319702602,0.006381710269403211,0.29898989898990336,4.949999999999989,16.0,0.014956038311629418,4.0400000000000205,5.0,0.011935712597494742,1.0,0.00402220134195386,1.9444468750000041,16.553125,0.005470102952261012,0.0,0
20371.0,2022-03-07 09:55:00,335.14,335.7,333.42,333.43,1409655.0,2s,2s,1.0,buy,False,0.5050505050505062,4.163492493946733,28.239017640954685,0.011578080659927173,-0.8278056314820337,0.5231488534221628,0.10924603768114594,0.00032551806572344915,33.667681135277974,18.982456992628286,36.19334903821021,-15.439327098535557,1409655.0,5.060000000000002,1.0,4.949999999999989,16.0,0.014956038311629418,5.060000000000002,6.0,0.014949184589931464,1.0,2.5,-0.8278056314820337,0.10924603768114594,0.5231488534221628,33.667681135277974,18.982456992628286,36.19334903821021,-15.439327098535557,19.974143503555585,23.400129282482386,43.837439116463266,-0.5102345288536073,0.6838222062263729,0.5600000000000023,0.009999999999990905,1.7099999999999795,0.0,20372.0,20372.0,2022-03-07,2022-03-07 09:55:00,1.89545031940737,248.0,1.0,best_within_2.0d,20619.0,339.75,0.5832424107187206,4.3760036431226785,32.22527881040892,0.012230020343504162,2.285057100371749,15.890706319702602,0.006381710269403211,0.5050505050505062,4.949999999999989,16.0,0.014956038311629418,5.060000000000002,6.0,0.014949184589931464,1.0,0.00402220134195386,1.9444468750000041,16.553125,0.005470102952261012,0.0,0
20372.0,2022-03-07 10:00:00,333.44,333.73,332.89,333.4303,1130139.0,2s,2s,1.0,buy,False,0.6121212121212195,4.163492493946733,28.239017640954685,0.011578080659927173,-0.9669189544944496,0.4022839841103566,-0.08117549313686823,-0.0002419931134952504,33.67070264203693,15.876796015359815,29.421164697260075,-11.211941348440703,1130139.0,5.590000000000032,1.0,4.949999999999989,16.0,0.014956038311629418,5.590000000000032,7.0,0.01651500827227615,1.0,2.5,-0.9669189544944496,-0.08117549313686823,0.4022839841103566,33.67070264203693,15.876796015359815,29.421164697260075,-11.211941348440703,18.535031847133997,26.43312101910861,41.96074627791378,-0.002909069097891485,0.2523356063564637,0.29000000000002046,0.540300000000002,0.009700000000009368,0.0,20373.0,20373.0,2022-03-07,2022-03-07 10:00:00,1.8953586401715776,247.0,1.0,best_within_2.0d,20619.0,339.75,0.5832424107187206,4.3760036431226785,32.22527881040892,0.012230020343504162,2.285057100371749,15.890706319702602,0.006381710269403211,0.6121212121212195,4.949999999999989,16.0,0.014956038311629418,5.590000000000032,7.0,0.01651500827227615,1.0,0.00402220134195386,1.9444468750000041,16.553125,0.005470102952261012,0.0,0
20374.0,2022-03-07 10:10:00,333.47,333.87,331.89,332.08,979584.0,2s,2s,1.0,buy,False,0.8141414141414219,4.163492493946733,28.239017640954685,0.011578080659927173,-1.158271354527699,0.13210753173675024,-0.44702814552709924,-0.0013341652398027514,27.54003631377654,10.402617571281802,19.690800879923422,-8.17374904600144,979584.0,6.590000000000032,1.0,4.949999999999989,16.0,0.014956038311629418,6.590000000000032,9.0,0.019469392578586715,1.0,2.5,-1.158271354527699,-0.44702814552709924,0.13210753173675024,27.54003631377654,10.402617571281802,19.690800879923422,-8.17374904600144,15.344827586206957,30.74712643678168,39.52792044375787,-0.41682910006898466,0.5965832052788629,0.39999999999997726,0.18999999999999773,1.3900000000000432,0.0,20375.0,20375.0,2022-03-07,2022-03-07 10:10:00,2.309684413394368,245.0,1.0,best_within_2.0d,20619.0,339.75,0.5832424107187206,4.3760036431226785,32.22527881040892,0.012230020343504162,2.285057100371749,15.890706319702602,0.006381710269403211,0.8141414141414219,4.949999999999989,16.0,0.014956038311629418,6.590000000000032,9.0,0.019469392578586715,1.0,0.00402220134195386,1.9444468750000041,16.553125,0.005470102952261012,0.0,0
20375.0,2022-03-07 10:15:00,332.0669,332.43,331.7706,331.86,996093.0,2s,2s,1.0,buy,False,0.838262626262631,4.163492493946733,28.239017640954685,0.011578080659927173,-1.2252745884149137,-0.021051791815113963,-0.6336890860225708,-0.0018925986470567293,26.656041553267826,7.394997509168946,15.592199756338598,-8.999406985170356,996093.0,6.7094000000000165,1.0,4.949999999999989,16.0,0.014956038311629418,6.7094000000000165,10.0,0.01982214606476015,1.0,2.5,-1.2252745884149137,-0.6336890860225708,-0.021051791815113963,26.656041553267826,7.394997509168946,15.592199756338598,-8.999406985170356,11.56778141520234,31.63441183615388,40.022224356458786,-0.06230672192861195,0.19875178813312724,0.3631000000000313,0.08940000000001191,0.2068999999999619,0.0,20376.0,20376.0,2022-03-07,2022-03-07 10:15:00,2.377508587958774,244.0,1.0,best_within_2.0d,20619.0,339.75,0.5832424107187206,4.3760036431226785,32.22527881040892,0.012230020343504162,2.285057100371749,15.890706319702602,0.006381710269403211,0.838262626262631,4.949999999999989,16.0,0.014956038311629418,6.7094000000000165,10.0,0.01982214606476015,1.0,0.00402220134195386,1.9444468750000041,16.553125,0.005470102952261012,0.0,0
20376.0,2022-03-07 10:20:00,331.88,332.41,331.35,331.41,1131627.0,2s,2s,1.0,buy,False,0.923232323232324,4.163492493946733,28.239017640954685,0.011578080659927173,-1.2600920458529983,-0.17856329754673875,-0.8086093204732379,-0.002416847595228448,24.895748834584225,5.256795725066891,12.147065079248028,-8.523742983295381,1131627.0,7.1299999999999955,1.0,4.949999999999989,16.0,0.014956038311629418,7.1299999999999955,11.0,0.02106476010399431,1.0,2.5,-1.2600920458529983,-0.8086093204732379,-0.17856329754673875,24.895748834584225,5.256795725066891,12.147065079248028,-8.523742983295381,11.192317593203999,32.17791308046118,40.61971524343981,-0.14161745209110838,0.31990342538101774,0.5300000000000296,0.060000000000002274,0.46999999999997044,0.0,20377.0,20377.0,2022-03-07,2022-03-07 10:20:00,2.5165203222594292,243.0,1.0,best_within_2.0d,20619.0,339.75,0.5832424107187206,4.3760036431226785,32.22527881040892,0.012230020343504162,2.285057100371749,15.890706319702602,0.006381710269403211,0.923232323232324,4.949999999999989,16.0,0.014956038311629418,7.1299999999999955,11.0,0.02106476010399431,1.0,0.00402220134195386,1.9444468750000041,16.553125,0.005470102952261012,0.0,0
20377.0,2022-03-07 10:25:00,331.4103,331.66,331.02,331.08,1160238.0,2s,2s,1.0,buy,False,0.989898989898999,4.163492493946733,28.239017640954685,0.011578080659927173,-1.2547226495235337,-0.33540362873718044,-0.9627649534989473,-0.0028798288691517285,23.66172986123388,3.9037320801843305,9.399287412893461,-7.08737858523393,1160238.0,7.460000000000036,1.0,4.949999999999989,16.0,0.014956038311629418,7.460000000000036,12.0,0.02203970692507692,1.0,2.5,-1.2547226495235337,-0.9627649534989473,-0.33540362873718044,23.66172986123388,3.9037320801843305,9.399287412893461,-7.08737858523393,11.062314014845578,32.799761054017175,41.25820973199613,-0.09966497722008714,0.193341792036748,0.24970000000001846,0.060000000000002274,0.33030000000002246,0.0,20378.0,20378.0,2022-03-07,2022-03-07 10:25:00,2.6187024284160976,242.0,1.0,best_within_2.0d,20619.0,339.75,0.5832424107187206,4.3760036431226785,32.22527881040892,0.012230020343504162,2.285057100371749,15.890706319702602,0.006381710269403211,0.989898989898999,4.949999999999989,16.0,0.014956038311629418,7.460000000000036,12.0,0.02203970692507692,1.0,0.00402220134195386,1.9444468750000041,16.553125,0.005470102952261012,0.0,0
20387.0,2022-03-07 11:15:00,331.52,332.72,331.47,332.38,918044.0,2,2,0.0,sell,False,0.3051869722557326,4.163492493946733,28.239017640954685,0.011578080659927173,0.21309061663798357,-1.0218467503704214,-0.9153014420514296,-0.0027509564696791625,46.78757248694665,62.922706109098044,43.41827975156093,101.93155882417227,918044.0,2.5300000000000296,1.0,8.29000000000002,18.0,0.024491845899314642,2.5300000000000296,5.0,0.007662255065265543,2.0,2.0,0.21309061663798357,-0.9153014420514296,-1.0218467503704214,46.78757248694665,62.922706109098044,43.41827975156093,101.93155882417227,12.66672144167883,21.362254539479082,51.98776170205507,0.259411196911201,0.3771080339095544,0.34000000000003183,0.049999999999954525,0.8600000000000136,1.0,20388.0,20388.0,2022-03-07,2022-03-07 11:15:00,3.505024369697327,195.0,1.0,best_within_2.0d,20582.0,320.73,0.3051869722557326,8.29000000000002,18.0,0.024491845899314642,2.5300000000000296,5.0,0.007662255065265543,0.4929364202292669,5.6011759621451125,36.843533123028394,0.015614239272951093,2.82998018927445,22.52492113564669,0.007835530045022196,1.8630914826498424,0.00402220134195386,1.9444468750000041,16.553125,0.005470102952261012,1.0,1
20396.0,2022-03-07 12:00:00,330.61,330.74,329.78,330.015,832599.0,1p,1p,1.0,buy,False,7.935927569194288e-08,2.9400000000000546,10.0,0.008836258716037671,0.040042109148882066,-0.7323313803224194,-0.7123103257479784,-0.0021457113014374273,34.52458882254001,27.12717544080889,40.25694387787189,0.8676385666828992,832599.0,2.9400000000000546,0.0,2.9400000000000546,10.0,0.008836258716037671,2.9400000000000546,0.0,0.0,1.0,1.0,0.040042109148882066,-0.7123103257479784,-0.7323313803224194,34.52458882254001,27.12717544080889,40.25694387787189,0.8676385666828992,21.702941954354014,26.992547878712713,31.08419548709274,-0.17997035782342555,0.29110315968222344,0.12999999999999545,0.23500000000001364,0.5950000000000273,0.0,20397.0,20397.0,2022-03-07,2022-03-07 12:00:00,2.949865915185678,223.0,1.0,best_within_2.0d,20619.0,339.75,0.5832424107187206,4.3760036431226785,32.22527881040892,0.012230020343504162,2.285057100371749,15.890706319702602,0.006381710269403211,0.4929364202292669,5.6011759621451125,36.843533123028394,0.015614239272951093,2.82998018927445,22.52492113564669,0.007835530045022196,1.8630914826498424,0.00402220134195386,1.9444468750000041,16.553125,0.005470102952261012,0.0,0
20400.0,2022-03-07 12:20:00,329.97,330.23,329.36,329.55,712252.0,1p,1p,1.0,buy,False,0.09197270690972803,3.3600000000000136,14.0,0.010098581389757194,-0.11589408560978809,-0.7560252731012478,-0.8139723159061418,-0.0024557760225263846,33.37895847774399,15.812440635178344,23.73004522307041,-0.0227685406057887,712252.0,3.3600000000000136,0.0,3.3600000000000136,14.0,0.010098581389757194,3.3600000000000136,0.0,0.0,1.0,1.0,-0.11589408560978809,-0.8139723159061418,-0.7560252731012478,33.37895847774399,15.812440635178344,23.73004522307041,-0.0227685406057887,14.091611487866354,32.506785591327194,29.201686732320166,-0.12728429857260234,0.2641486519310191,0.2599999999999909,0.18999999999999773,0.4200000000000159,0.0,20401.0,20401.0,2022-03-07,2022-03-07 12:20:00,3.095129722348654,219.0,1.0,best_within_2.0d,20619.0,339.75,0.5832424107187206,4.3760036431226785,32.22527881040892,0.012230020343504162,2.285057100371749,15.890706319702602,0.006381710269403211,0.4929364202292669,5.6011759621451125,36.843533123028394,0.015614239272951093,2.82998018927445,22.52492113564669,0.007835530045022196,1.8630914826498424,0.00402220134195386,1.9444468750000041,16.553125,0.005470102952261012,0.0,0
20401.0,2022-03-07 12:25:00,329.4899,329.93,329.33,329.8,625330.0,1p,1p,1.0,buy,False,0.09197270690972803,3.390000000000043,15.0,0.010188747295022971,-0.10322936958477236,-0.7689289442993443,-0.8205436290917305,-0.0024765162644369803,36.09736155823721,15.562994611486701,21.007695019209173,4.673593796041757,625330.0,3.390000000000043,0.0,3.390000000000043,15.0,0.010188747295022971,3.390000000000043,0.0,0.0,1.0,1.0,-0.10322936958477236,-0.8205436290917305,-0.7689289442993443,36.09736155823721,15.562994611486701,21.007695019209173,4.673593796041757,11.993547133795705,34.544794209312855,30.57709127088531,0.09411517621633746,0.1821880788267157,0.12999999999999545,0.15989999999999327,0.310100000000034,1.0,20402.0,20402.0,2022-03-07,2022-03-07 12:25:00,3.0169799878714336,218.0,1.0,best_within_2.0d,20619.0,339.75,0.5832424107187206,4.3760036431226785,32.22527881040892,0.012230020343504162,2.285057100371749,15.890706319702602,0.006381710269403211,0.4929364202292669,5.6011759621451125,36.843533123028394,0.015614239272951093,2.82998018927445,22.52492113564669,0.007835530045022196,1.8630914826498424,0.00402220134195386,1.9444468750000041,16.553125,0.005470102952261012,0.0,0
20402.0,2022-03-07 12:30:00,329.79,329.87,329.31,329.58,586341.0,1p,1p,1.0,buy,False,0.09197270690972803,3.410000000000025,16.0,0.010248857898533376,-0.10393933206519668,-0.781921360807494,-0.8338910268400923,-0.002517785536012255,34.75345886049075,13.41587028153149,18.47708677331661,3.2934372979612476,586341.0,3.410000000000025,0.0,3.410000000000025,16.0,0.010248857898533376,3.410000000000025,0.0,0.0,1.0,1.0,-0.10393933206519668,-0.8338910268400923,-0.781921360807494,34.75345886049075,13.41587028153149,18.47708677331661,3.2934372979612476,12.126698378267669,35.09910586949276,31.867567701678418,-0.06367688529065052,0.17005253408642382,0.07999999999998408,0.2699999999999818,0.21000000000003638,0.0,20403.0,20403.0,2022-03-07,2022-03-07 12:30:00,3.0857454942654337,217.0,1.0,best_within_2.0d,20619.0,339.75,0.5832424107187206,4.3760036431226785,32.22527881040892,0.012230020343504162,2.285057100371749,15.890706319702602,0.006381710269403211,0.4929364202292669,5.6011759621451125,36.843533123028394,0.015614239272951093,2.82998018927445,22.52492113564669,0.007835530045022196,1.8630914826498424,0.00402220134195386,1.9444468750000041,16.553125,0.005470102952261012,0.0,0
20403.0,2022-03-07 12:35:00,329.61,330.07,329.08,329.54,750074.0,1p,1p,1.0,buy,False,0.09197270690972803,3.640000000000043,17.0,0.010940129838903712,-0.08978380877894199,-0.7931443369048617,-0.8380362412943327,-0.0025312411367866302,34.50194729088594,14.956985416446276,17.30371965435983,10.26351694061917,750074.0,3.640000000000043,0.0,3.640000000000043,17.0,0.010940129838903712,3.640000000000043,0.0,0.0,1.0,1.0,-0.08978380877894199,-0.8380362412943327,-0.7931443369048617,34.50194729088594,14.956985416446276,17.30371965435983,10.26351694061917,11.658456486042763,35.55008210180639,33.206219698142384,-0.021237219744544514,0.3008387018354227,0.45999999999997954,0.4600000000000364,0.06999999999999318,0.0,20404.0,20404.0,2022-03-07,2022-03-07 12:35:00,3.098258178066389,216.0,1.0,best_within_2.0d,20619.0,339.75,0.5832424107187206,4.3760036431226785,32.22527881040892,0.012230020343504162,2.285057100371749,15.890706319702602,0.006381710269403211,0.4929364202292669,5.6011759621451125,36.843533123028394,0.015614239272951093,2.82998018927445,22.52492113564669,0.007835530045022196,1.8630914826498424,0.00402220134195386,1.9444468750000041,16.553125,0.005470102952261012,1.0,0
20410.0,2022-03-07 13:10:00,329.9,330.06,329.0,329.16,781341.0,1p,1p,1.0,buy,False,0.09197270690972803,3.7200000000000273,24.0,0.011180572252945501,0.113982348384295,-0.6773796492354892,-0.6203884750433417,-0.0018766912343447016,37.05980605539583,28.303400136516252,34.058616362736174,16.792967684076416,781341.0,3.7200000000000273,0.0,3.7200000000000273,24.0,0.011180572252945501,3.7200000000000273,0.0,0.0,1.0,1.0,0.113982348384295,-0.6203884750433417,-0.6773796492354892,37.05980605539583,28.303400136516252,34.058616362736174,16.792967684076416,16.073313501583574,18.472315516744427,26.89104057097296,-0.22431039709001283,0.322188449848025,0.160000000000025,0.160000000000025,0.7399999999999523,0.0,20411.0,20411.0,2022-03-07,2022-03-07 13:10:00,3.2172803499817637,209.0,1.0,best_within_2.0d,20619.0,339.75,0.5832424107187206,4.3760036431226785,32.22527881040892,0.012230020343504162,2.285057100371749,15.890706319702602,0.006381710269403211,0.4929364202292669,5.6011759621451125,36.843533123028394,0.015614239272951093,2.82998018927445,22.52492113564669,0.007835530045022196,1.8630914826498424,0.00402220134195386,1.9444468750000041,16.553125,0.005470102952261012,0.0,0
20411.0,2022-03-07 13:15:00,329.2,329.26,328.64,328.6931,633132.0,1p,1p,1.0,buy,False,0.09197270690972803,4.080000000000041,25.0,0.012262563116133808,0.0036135741263914056,-0.6769279524696903,-0.6751211654064946,-0.0020431209135597424,34.23120365004375,19.519668718462164,29.2123004813115,0.13440519276348795,633132.0,4.080000000000041,0.0,4.080000000000041,25.0,0.012262563116133808,4.080000000000041,0.0,0.0,1.0,1.0,0.0036135741263914056,-0.6751211654064946,-0.6769279524696903,34.23120365004375,19.519668718462164,29.2123004813115,0.13440519276348795,16.009302918312947,21.266088951190998,25.97757796608648,-0.15397934386390438,0.18865628042843371,0.060000000000002274,0.05310000000002901,0.5068999999999733,0.0,20412.0,20412.0,2022-03-07,2022-03-07 13:15:00,3.3638978122753365,208.0,1.0,best_within_2.0d,20619.0,339.75,0.5832424107187206,4.3760036431226785,32.22527881040892,0.012230020343504162,2.285057100371749,15.890706319702602,0.006381710269403211,0.4929364202292669,5.6011759621451125,36.843533123028394,0.015614239272951093,2.82998018927445,22.52492113564669,0.007835530045022196,1.8630914826498424,0.00402220134195386,1.9444468750000041,16.553125,0.005470102952261012,0.0,0
20412.0,2022-03-07 13:20:00,328.67,328.98,328.37,328.602,699339.0,1p,1p,1.0,buy,False,0.09197270690972803,4.350000000000023,26.0,0.013074056263524952,-0.06503759739731474,-0.6850576521443547,-0.717576450843012,-0.0021724967391193307,33.690872250922595,15.599511587112682,24.674704183245225,-2.550873605152404,699339.0,4.350000000000023,0.0,4.350000000000023,26.0,0.013074056263524952,4.350000000000023,0.0,0.0,1.0,1.0,-0.06503759739731474,-0.717576450843012,-0.6850576521443547,33.690872250922595,15.599511587112682,24.674704183245225,-2.550873605152404,13.836758063489995,23.37934983141354,25.953538514296334,-0.020689445340323263,0.1857660565825178,0.3100000000000023,0.2319999999999709,0.06800000000004047,0.0,20413.0,20413.0,2022-03-07,2022-03-07 13:20:00,3.392553910201406,207.0,1.0,best_within_2.0d,20619.0,339.75,0.5832424107187206,4.3760036431226785,32.22527881040892,0.012230020343504162,2.285057100371749,15.890706319702602,0.006381710269403211,0.4929364202292669,5.6011759621451125,36.843533123028394,0.015614239272951093,2.82998018927445,22.52492113564669,0.007835530045022196,1.8630914826498424,0.00402220134195386,1.9444468750000041,16.553125,0.005470102952261012,1.0,0
20420.0,2022-03-07 14:00:00,328.6325,329.08,328.175,328.305,492149.0,1p,1p,1.0,buy,False,0.09199447177001308,4.545000000000016,34.0,0.01366013464775191,0.06016386895585768,-0.6467278073186922,-0.6166458728407633,-0.0018707864094966524,34.93277127526841,22.98519013833816,26.59179914295465,15.77197212910518,492149.0,4.545000000000016,0.0,4.545000000000016,34.0,0.01366013464775191,4.545000000000016,0.0,0.0,1.0,1.0,0.06016386895585768,-0.6166458728407633,-0.6467278073186922,34.93277127526841,22.98519013833816,26.59179914295465,15.77197212910518,11.962766979269837,24.318471560048692,19.8580264712289,-0.09965539013943733,0.2757675020949106,0.4474999999999909,0.12999999999999545,0.32749999999998636,0.0,20421.0,20421.0,2022-03-07,2022-03-07 14:00:00,3.4860876319276266,199.0,1.0,best_within_2.0d,20619.0,339.75,0.5832424107187206,4.3760036431226785,32.22527881040892,0.012230020343504162,2.285057100371749,15.890706319702602,0.006381710269403211,0.4929364202292669,5.6011759621451125,36.843533123028394,0.015614239272951093,2.82998018927445,22.52492113564669,0.007835530045022196,1.8630914826498424,0.00402220134195386,1.9444468750000041,16.553125,0.005470102952261012,0.0,0
20421.0,2022-03-07 14:05:00,328.33,328.67,327.85,328.49,816622.0,1p,1p,1.0,buy,False,0.09199447177001308,4.8700000000000045,35.0,0.01463693195479684,0.05588010199714111,-0.6397427945690495,-0.6118027435704789,-0.0018565641216868182,37.495414584065195,25.7299641572661,26.3045208143918,24.5808508430147,816622.0,4.8700000000000045,0.0,4.8700000000000045,35.0,0.01463693195479684,4.8700000000000045,0.0,0.0,1.0,1.0,0.05588010199714111,-0.6118027435704789,-0.6397427945690495,37.495414584065195,25.7299641572661,26.3045208143918,24.5808508430147,11.890090434117974,23.346235961881657,20.7619042426366,0.04873145920263912,0.25011438157693855,0.18000000000000682,0.47999999999996135,0.160000000000025,1.0,20422.0,20422.0,2022-03-07,2022-03-07 14:05:00,3.4278060214922803,198.0,1.0,best_within_2.0d,20619.0,339.75,0.5832424107187206,4.3760036431226785,32.22527881040892,0.012230020343504162,2.285057100371749,15.890706319702602,0.006381710269403211,0.4929364202292669,5.6011759621451125,36.843533123028394,0.015614239272951093,2.82998018927445,22.52492113564669,0.007835530045022196,1.8630914826498424,0.00402220134195386,1.9444468750000041,16.553125,0.005470102952261012,1.0,0
20428.0,2022-03-07 14:40:00,328.5,328.6,327.46,327.6,595208.0,1p,1p,1.0,buy,False,0.09199447177001308,5.260000000000048,42.0,0.015809088723250923,-0.01389348108561661,-0.5049323860315911,-0.5118791265743994,-0.0015551865258293207,34.921074425741324,27.768459438184095,37.23102224108806,8.84333383237616,595208.0,5.260000000000048,0.0,5.260000000000048,42.0,0.015809088723250923,5.260000000000048,0.0,0.0,1.0,1.0,-0.01389348108561661,-0.5118791265743994,-0.5049323860315911,34.921074425741324,27.768459438184095,37.23102224108806,8.84333383237616,15.216094478113218,22.439416601104377,16.44221139427219,-0.2739726027397191,0.3481341232517081,0.10000000000002274,0.1400000000000432,0.8999999999999773,0.0,20429.0,20429.0,2022-03-07,2022-03-07 14:40:00,3.708791208791202,191.0,1.0,best_within_2.0d,20619.0,339.75,0.5832424107187206,4.3760036431226785,32.22527881040892,0.012230020343504162,2.285057100371749,15.890706319702602,0.006381710269403211,0.4929364202292669,5.6011759621451125,36.843533123028394,0.015614239272951093,2.82998018927445,22.52492113564669,0.007835530045022196,1.8630914826498424,0.00402220134195386,1.9444468750000041,16.553125,0.005470102952261012,0.0,0
20429.0,2022-03-07 14:45:00,327.56,327.84,327.38,327.8,498926.0,1p,1p,1.0,buy,False,0.09199447177001308,5.340000000000032,43.0,0.016049531137292714,-0.056558208215971906,-0.5120021620585875,-0.5402812661665735,-0.0016419740128532515,37.309931103182755,24.394659233299436,32.95223457182519,7.279508556247933,498926.0,5.340000000000032,0.0,5.340000000000032,43.0,0.016049531137292714,5.340000000000032,0.0,0.0,1.0,1.0,-0.056558208215971906,-0.5402812661665735,-0.5120021620585875,37.309931103182755,24.394659233299436,32.95223457182519,7.279508556247933,14.432634091878374,24.285856926302117,17.085508065198905,0.07326901941629292,0.14050949966399276,0.03999999999996362,0.18000000000000682,0.2400000000000091,1.0,20430.0,20430.0,2022-03-07,2022-03-07 14:45:00,3.6455155582672325,190.0,1.0,best_within_2.0d,20619.0,339.75,0.5832424107187206,4.3760036431226785,32.22527881040892,0.012230020343504162,2.285057100371749,15.890706319702602,0.006381710269403211,0.4929364202292669,5.6011759621451125,36.843533123028394,0.015614239272951093,2.82998018927445,22.52492113564669,0.007835530045022196,1.8630914826498424,0.00402220134195386,1.9444468750000041,16.553125,0.005470102952261012,0.0,0
20430.0,2022-03-07 14:50:00,327.78,327.85,327.03,327.1,605952.0,1p,1p,1.0,buy,False,0.12724770629687499,5.690000000000055,44.0,0.01710146669872582,-0.1603438352825013,-0.5320451414689001,-0.6122170591101508,-0.0018614092776880814,32.7752343171627,17.117807010234415,27.674092051294927,-3.9947630718866094,605952.0,5.690000000000055,0.0,5.690000000000055,44.0,0.01710146669872582,5.690000000000055,0.0,0.0,1.0,1.0,-0.1603438352825013,-0.6122170591101508,-0.5320451414689001,32.7752343171627,17.117807010234415,27.674092051294927,-3.9947630718866094,12.143891622513404,27.215810447344307,18.600312242039507,-0.20745622063577707,0.2507415221845244,0.07000000000005002,0.07000000000005002,0.67999999999995,0.0,20431.0,20431.0,2022-03-07,2022-03-07 14:50:00,3.867318862733102,189.0,1.0,best_within_2.0d,20619.0,339.75,0.5832424107187206,4.3760036431226785,32.22527881040892,0.012230020343504162,2.285057100371749,15.890706319702602,0.006381710269403211,0.4929364202292669,5.6011759621451125,36.843533123028394,0.015614239272951093,2.82998018927445,22.52492113564669,0.007835530045022196,1.8630914826498424,0.00402220134195386,1.9444468750000041,16.553125,0.005470102952261012,0.0,0
20431.0,2022-03-07 14:55:00,327.11,327.72,326.971,327.25,819282.0,1p,1p,1.0,buy,False,0.1493087313860679,5.749000000000024,45.0,0.01727879297908158,-0.18814275972685923,-0.5555629864347575,-0.6496343662981872,-0.001975908515677467,34.60931154340889,14.746399844996692,23.36486131586218,-2.490523096734279,819282.0,5.749000000000024,0.0,5.749000000000024,45.0,0.01727879297908158,5.749000000000024,0.0,0.0,1.0,1.0,-0.18814275972685923,-0.6496343662981872,-0.5555629864347575,34.60931154340889,14.746399844996692,23.36486131586218,-2.490523096734279,9.786420435495396,27.950197993782734,20.70979202297746,0.04279905842071057,0.2290723030482898,0.4700000000000273,0.13900000000001,0.13999999999998636,1.0,20432.0,20432.0,2022-03-07,2022-03-07 14:55:00,3.819709702062643,188.0,1.0,best_within_2.0d,20619.0,339.75,0.5832424107187206,4.3760036431226785,32.22527881040892,0.012230020343504162,2.285057100371749,15.890706319702602,0.006381710269403211,0.4929364202292669,5.6011759621451125,36.843533123028394,0.015614239272951093,2.82998018927445,22.52492113564669,0.007835530045022196,1.8630914826498424,0.00402220134195386,1.9444468750000041,16.553125,0.005470102952261012,0.0,0
20432.0,2022-03-07 15:00:00,327.26,327.575,326.86,327.1001,556011.0,1p,1p,1.0,buy,False,0.1624535519443427,5.860000000000014,46.0,0.0176124068285646,-0.20470644487098832,-0.581151292043631,-0.6835045144791252,-0.002079712939693826,33.622104441077155,12.59070334494016,19.773475325554838,-1.7748406162891968,556011.0,5.860000000000014,0.0,5.860000000000014,46.0,0.0176124068285646,5.860000000000014,0.0,0.0,1.0,1.0,-0.20470644487098832,-0.6835045144791252,-0.581151292043631,33.622104441077155,12.59070334494016,19.773475325554838,-1.7748406162891968,9.953274903922981,27.237874054207374,22.550166455093716,-0.04886023345352113,0.21874808786635716,0.3149999999999977,0.240099999999984,0.15989999999999327,0.0,20433.0,20433.0,2022-03-07,2022-03-07 15:00:00,3.8672871087474454,187.0,1.0,best_within_2.0d,20619.0,339.75,0.5832424107187206,4.3760036431226785,32.22527881040892,0.012230020343504162,2.285057100371749,15.890706319702602,0.006381710269403211,0.4929364202292669,5.6011759621451125,36.843533123028394,0.015614239272951093,2.82998018927445,22.52492113564669,0.007835530045022196,1.8630914826498424,0.00402220134195386,1.9444468750000041,16.553125,0.005470102952261012,0.0,0
20433.0,2022-03-07 15:05:00,327.07,327.1,326.55,326.81,757460.0,1p,1p,1.0,buy,False,0.18315145462778082,6.170000000000016,47.0,0.018544121182976724,-0.2307877094780184,-0.6099997557283834,-0.7253936104673926,-0.002208087094862363,31.735456606389548,11.67663051278829,17.074527054632654,0.8808374290995573,757460.0,6.170000000000016,0.0,6.170000000000016,47.0,0.018544121182976724,6.170000000000016,0.0,0.0,1.0,1.0,-0.2307877094780184,-0.7253936104673926,-0.6099997557283834,31.735456606389548,11.67663051278829,17.074527054632654,0.8808374290995573,9.959791951012345,27.650411302518435,24.299208530506604,-0.07949368636683,0.1684274996172137,0.03000000000002956,0.2599999999999909,0.2599999999999909,0.0,20434.0,20434.0,2022-03-07,2022-03-07 15:05:00,3.959487163795477,186.0,1.0,best_within_2.0d,20619.0,339.75,0.5832424107187206,4.3760036431226785,32.22527881040892,0.012230020343504162,2.285057100371749,15.890706319702602,0.006381710269403211,0.4929364202292669,5.6011759621451125,36.843533123028394,0.015614239272951093,2.82998018927445,22.52492113564669,0.007835530045022196,1.8630914826498424,0.00402220134195386,1.9444468750000041,16.553125,0.005470102952261012,0.0,0
20434.0,2022-03-07 15:10:00,326.81,327.04,326.12,326.2,967534.0,1p,1p,1.0,buy,False,0.2394838472314926,6.600000000000023,48.0,0.019836499158451617,-0.30177171495506316,-0.6477212200977662,-0.7986070775752978,-0.0024322183226035744,28.15756021802963,8.726705383083647,14.291919830782984,-2.4037235123150253,967534.0,6.600000000000023,0.0,6.600000000000023,48.0,0.019836499158451617,6.600000000000023,0.0,0.0,1.0,1.0,-0.30177171495506316,-0.7986070775752978,-0.6477212200977662,28.15756021802963,8.726705383083647,14.291919830782984,-2.4037235123150253,9.946033558653697,28.000847254709754,25.962063441492568,-0.18665279520210937,0.28210474671900404,0.2300000000000182,0.07999999999998408,0.6100000000000136,0.0,20435.0,20435.0,2022-03-07,2022-03-07 15:10:00,4.153893316983449,185.0,1.0,best_within_2.0d,20619.0,339.75,0.5832424107187206,4.3760036431226785,32.22527881040892,0.012230020343504162,2.285057100371749,15.890706319702602,0.006381710269403211,0.4929364202292669,5.6011759621451125,36.843533123028394,0.015614239272951093,2.82998018927445,22.52492113564669,0.007835530045022196,1.8630914826498424,0.00402220134195386,1.9444468750000041,16.553125,0.005470102952261012,0.0,0
20435.0,2022-03-07 15:15:00,326.19,326.5819,325.88,326.35,997082.0,1p,1p,1.0,buy,False,0.2394838472314926,6.840000000000032,49.0,0.020557826400577156,-0.29948814185308703,-0.6851572378294021,-0.8349013087559456,-0.002543900164008099,30.24029398210567,11.577607510291335,13.387149057285768,7.958524416302467,997082.0,6.840000000000032,0.0,6.840000000000032,49.0,0.020557826400577156,6.840000000000032,0.0,0.0,1.0,1.0,-0.29948814185308703,-0.8349013087559456,-0.6851572378294021,30.24029398210567,11.577607510291335,13.387149057285768,7.958524416302467,10.055397793398512,27.51734090591617,27.427275629429232,0.049051166498060954,0.21538603166810583,0.231899999999996,0.3100000000000023,0.160000000000025,1.0,20436.0,20436.0,2022-03-07,2022-03-07 15:15:00,4.106021142944684,184.0,1.0,best_within_2.0d,20619.0,339.75,0.5832424107187206,4.3760036431226785,32.22527881040892,0.012230020343504162,2.285057100371749,15.890706319702602,0.006381710269403211,0.4929364202292669,5.6011759621451125,36.843533123028394,0.015614239272951093,2.82998018927445,22.52492113564669,0.007835530045022196,1.8630914826498424,0.00402220134195386,1.9444468750000041,16.553125,0.005470102952261012,0.0,0
20439.0,2022-03-07 15:35:00,326.37,326.46,325.85,325.95,849644.0,1p,1p,1.0,buy,False,0.2394838472314926,6.8700000000000045,53.0,0.02064799230584276,-0.13585677550464803,-0.760795060383537,-0.828723448135861,-0.002528620337278746,32.29625676329678,21.071204138242088,22.26379537547359,18.68602166377908,849644.0,6.8700000000000045,0.0,6.8700000000000045,53.0,0.02064799230584276,6.8700000000000045,0.0,0.0,1.0,1.0,-0.13585677550464803,-0.828723448135861,-0.760795060383537,32.29625676329678,21.071204138242088,22.26379537547359,18.68602166377908,7.193256017931709,33.086443816391906,36.28544642436541,-0.12868829855685754,0.18720270062911054,0.08999999999997499,0.0999999999999659,0.4200000000000159,0.0,20440.0,20440.0,2022-03-07,2022-03-07 15:35:00,4.233778186838475,180.0,1.0,best_within_2.0d,20619.0,339.75,0.5832424107187206,4.3760036431226785,32.22527881040892,0.012230020343504162,2.285057100371749,15.890706319702602,0.006381710269403211,0.4929364202292669,5.6011759621451125,36.843533123028394,0.015614239272951093,2.82998018927445,22.52492113564669,0.007835530045022196,1.8630914826498424,0.00402220134195386,1.9444468750000041,16.553125,0.005470102952261012,0.0,0
20441.0,2022-03-07 15:45:00,326.66,326.66,325.65,325.78,913372.0,1p,1p,1.0,buy,False,0.2394838472314926,7.07000000000005,55.0,0.021249098340947493,-0.07891553679187302,-0.7757756977551484,-0.8152334661510849,-0.002489116601494753,34.88363296570337,22.52339708158422,24.045681428186164,19.478828388380336,913372.0,7.07000000000005,0.0,7.07000000000005,55.0,0.021249098340947493,7.07000000000005,0.0,0.0,1.0,1.0,-0.07891553679187302,-0.8152334661510849,-0.7757756977551484,34.88363296570337,22.52339708158422,24.045681428186164,19.478828388380336,10.3423115034681,27.970453112332244,37.4852332421916,-0.26939325292354505,0.3101489329034386,0.0,0.12999999999999545,0.8800000000000523,0.0,20442.0,20442.0,2022-03-07,2022-03-07 15:45:00,4.28816993062804,178.0,1.0,best_within_2.0d,20619.0,339.75,0.5832424107187206,4.3760036431226785,32.22527881040892,0.012230020343504162,2.285057100371749,15.890706319702602,0.006381710269403211,0.4929364202292669,5.6011759621451125,36.843533123028394,0.015614239272951093,2.82998018927445,22.52492113564669,0.007835530045022196,1.8630914826498424,0.00402220134195386,1.9444468750000041,16.553125,0.005470102952261012,0.0,0
20442.0,2022-03-07 15:50:00,325.79,326.14,324.92,325.03,1710883.0,1p,1p,1.0,buy,False,0.2394838472314926,7.800000000000011,56.0,0.02344313536907914,-0.18016882474565077,-0.7982968008483547,-0.8883812132211801,-0.0027139833131244466,30.966581240541274,16.543375832166674,21.544912896179667,6.540301704140688,1710883.0,7.800000000000011,0.0,7.800000000000011,56.0,0.02344313536907914,7.800000000000011,0.0,0.0,1.0,1.0,-0.18016882474565077,-0.8883812132211801,-0.7982968008483547,30.966581240541274,16.543375832166674,21.544912896179667,6.540301704140688,10.268312315535294,28.306949288972085,38.14787298263519,-0.23327910617270256,0.3754770405022684,0.3499999999999659,0.1099999999999568,0.7600000000000477,0.0,20443.0,20443.0,2022-03-07,2022-03-07 15:50:00,4.528812724979241,177.0,1.0,best_within_2.0d,20619.0,339.75,0.5832424107187206,4.3760036431226785,32.22527881040892,0.012230020343504162,2.285057100371749,15.890706319702602,0.006381710269403211,0.4929364202292669,5.6011759621451125,36.843533123028394,0.015614239272951093,2.82998018927445,22.52492113564669,0.007835530045022196,1.8630914826498424,0.00402220134195386,1.9444468750000041,16.553125,0.005470102952261012,0.0,0
20443.0,2022-03-07 15:55:00,325.04,325.79,324.65,324.83,3395302.0,1p,1p,1.0,buy,False,0.2394838472314926,8.07000000000005,57.0,0.024254628516470454,-0.24515890294829967,-0.8289416637168923,-0.9515211151910421,-0.0029085228233333297,29.99919347043179,13.276108232680475,18.78864467501327,2.251035348014888,3395302.0,8.07000000000005,0.0,8.07000000000005,57.0,0.024254628516470454,8.07000000000005,0.0,0.0,1.0,1.0,-0.24515890294829967,-0.9515211151910421,-0.8289416637168923,29.99919347043179,13.276108232680475,18.78864467501327,2.251035348014888,9.679622291543671,28.285979259758914,38.92362925802479,-0.06460743293134272,0.351147389496394,0.75,0.18000000000000682,0.21000000000003638,0.0,20444.0,20444.0,2022-03-07,2022-03-07 15:55:00,4.593171812948317,176.0,1.0,best_within_2.0d,20619.0,339.75,0.5832424107187206,4.3760036431226785,32.22527881040892,0.012230020343504162,2.285057100371749,15.890706319702602,0.006381710269403211,0.4929364202292669,5.6011759621451125,36.843533123028394,0.015614239272951093,2.82998018927445,22.52492113564669,0.007835530045022196,1.8630914826498424,0.00402220134195386,1.9444468750000041,16.553125,0.005470102952261012,0.0,0
20444.0,2022-03-07 16:00:00,324.82,325.03,324.1,324.15,1278876.0,1p,1p,1.0,buy,False,0.2735666658922934,8.620000000000005,58.0,0.025907670113007947,-0.34471920705807024,-0.872031564599151,-1.044391168128186,-0.003194568958976388,26.919942672956765,9.368337165471818,15.648542171832785,-3.1920728472501168,1278876.0,8.620000000000005,0.0,8.620000000000005,58.0,0.025907670113007947,8.620000000000005,0.0,0.0,1.0,1.0,-0.34471920705807024,-1.044391168128186,-0.872031564599151,26.919942672956765,9.368337165471818,15.648542171832785,-3.1920728472501168,9.590677470553876,29.69676718736919,39.798861691899425,-0.20626808694046422,0.28694847269359763,0.20999999999997954,0.049999999999954525,0.6700000000000159,0.0,20445.0,20445.0,2022-03-07,2022-03-07 16:00:00,4.812586765386403,175.0,1.0,best_within_2.0d,20619.0,339.75,0.5832424107187206,4.3760036431226785,32.22527881040892,0.012230020343504162,2.285057100371749,15.890706319702602,0.006381710269403211,0.4929364202292669,5.6011759621451125,36.843533123028394,0.015614239272951093,2.82998018927445,22.52492113564669,0.007835530045022196,1.8630914826498424,0.00402220134195386,1.9444468750000041,16.553125,0.005470102952261012,0.0,0
20445.0,2022-03-07 16:05:00,324.21,324.86,323.6,323.79,337791.0,1p,1p,1.0,buy,False,0.3325942115474426,9.120000000000005,59.0,0.027410435200769426,-0.41909935372710305,-0.9244189838150388,-1.1339686606785904,-0.0034710345191048455,25.431650163499498,7.948067070888015,13.081717138184528,-2.3192330637050134,337791.0,9.120000000000005,0.0,9.120000000000005,59.0,0.027410435200769426,9.120000000000005,0.0,0.0,1.0,1.0,-0.41909935372710305,-1.1339686606785904,-0.9244189838150388,25.431650163499498,7.948067070888015,13.081717138184528,-2.3192330637050134,9.198045185066555,32.01410030443846,40.91054686202081,-0.1295456648468459,0.3893695920889959,0.6500000000000341,0.18999999999999773,0.4199999999999591,0.0,20446.0,20446.0,2022-03-07,2022-03-07 16:05:00,4.929120726396731,174.0,1.0,best_within_2.0d,20619.0,339.75,0.5832424107187206,4.3760036431226785,32.22527881040892,0.012230020343504162,2.285057100371749,15.890706319702602,0.006381710269403211,0.4929364202292669,5.6011759621451125,36.843533123028394,0.015614239272951093,2.82998018927445,22.52492113564669,0.007835530045022196,1.8630914826498424,0.00402220134195386,1.9444468750000041,16.553125,0.005470102952261012,0.0,0
20449.0,2022-03-07 16:25:00,323.94,323.98,323.58,323.59,52701.0,1p,1p,1.0,buy,False,0.3325942115474426,9.140000000000043,63.0,0.027470545804280003,-0.25871497062495674,-1.0798275043334837,-1.209184989645962,-0.003709619420232905,27.174667298438237,7.574367573823588,10.490933320594314,1.741236080282139,52701.0,9.140000000000043,0.0,9.140000000000043,63.0,0.027470545804280003,9.140000000000043,0.0,0.0,1.0,1.0,-0.25871497062495674,-1.209184989645962,-1.0798275043334837,27.174667298438237,7.574367573823588,10.490933320594314,1.741236080282139,14.072662826761274,29.90695613646457,40.846706967153594,-0.10804469963574202,0.12361703442735462,0.040000000000020464,0.009999999999990905,0.35000000000002274,0.0,20450.0,20450.0,2022-03-07,2022-03-07 16:25:00,4.993973855805193,170.0,1.0,best_within_2.0d,20619.0,339.75,0.5832424107187206,4.3760036431226785,32.22527881040892,0.012230020343504162,2.285057100371749,15.890706319702602,0.006381710269403211,0.4929364202292669,5.6011759621451125,36.843533123028394,0.015614239272951093,2.82998018927445,22.52492113564669,0.007835530045022196,1.8630914826498424,0.00402220134195386,1.9444468750000041,16.553125,0.005470102952261012,0.0,0
20450.0,2022-03-07 16:30:00,323.54,323.98,323.5,323.98,105011.0,1p,1p,1.0,buy,False,0.3325942115474426,9.220000000000027,64.0,0.02771098821832179,-0.16195642635920482,-1.1000720576283842,-1.1810502708079866,-0.0036249363151713465,32.1229176764016,11.11018444315538,10.697350361448002,11.935852606570137,105011.0,9.220000000000027,0.0,9.220000000000027,64.0,0.02771098821832179,9.220000000000027,0.0,0.0,1.0,1.0,-0.16195642635920482,-1.1810502708079866,-1.1000720576283842,32.1229176764016,11.11018444315538,10.697350361448002,11.935852606570137,11.585092052088262,31.028289178266768,41.188154738354136,0.13599554923656973,0.148377125193205,0.0,0.040000000000020464,0.4399999999999977,1.0,20451.0,20451.0,2022-03-07,2022-03-07 16:30:00,4.867584418791278,169.0,1.0,best_within_2.0d,20619.0,339.75,0.5832424107187206,4.3760036431226785,32.22527881040892,0.012230020343504162,2.285057100371749,15.890706319702602,0.006381710269403211,0.4929364202292669,5.6011759621451125,36.843533123028394,0.015614239272951093,2.82998018927445,22.52492113564669,0.007835530045022196,1.8630914826498424,0.00402220134195386,1.9444468750000041,16.553125,0.005470102952261012,1.0,0
20460.0,2022-03-07 17:20:00,323.62,323.62,323.5,323.55,18491.0,1p,1p,1.0,buy,False,0.3325942115474426,9.220000000000027,74.0,0.02771098821832179,0.24733615544063703,-0.9416494414240981,-0.8179813637037796,-0.0025193006808009073,31.939458760320065,10.399033861100596,14.373997081688591,2.449107419924605,18491.0,9.220000000000027,0.0,9.220000000000027,74.0,0.02771098821832179,9.220000000000027,0.0,0.0,1.0,1.0,0.24733615544063703,-0.8179813637037796,-0.9416494414240981,31.939458760320065,10.399033861100596,14.373997081688591,2.449107419924605,32.941176470587116,19.019607843135955,34.92064104299108,-0.021630307150359428,0.03709428129830125,0.0,0.05000000000001137,0.06999999999999318,0.0,20461.0,20461.0,2022-03-07,2022-03-07 17:20:00,5.006954102920719,159.0,1.0,best_within_2.0d,20619.0,339.75,0.5832424107187206,4.3760036431226785,32.22527881040892,0.012230020343504162,2.285057100371749,15.890706319702602,0.006381710269403211,0.4929364202292669,5.6011759621451125,36.843533123028394,0.015614239272951093,2.82998018927445,22.52492113564669,0.007835530045022196,1.8630914826498424,0.00402220134195386,1.9444468750000041,16.553125,0.005470102952261012,1.0,0
20466.0,2022-03-07 17:50:00,323.57,323.57,323.49,323.5,2845.0,1p,1p,1.0,buy,False,0.33259421154744656,9.230000000000018,80.0,0.027741043520076995,0.2754233056579827,-0.734116035799084,-0.5964043829700927,-0.0018391981081657804,31.628604252778715,14.27323076259809,14.594949286423395,13.629793714947478,2845.0,9.230000000000018,0.0,9.230000000000018,80.0,0.027741043520076995,9.230000000000018,0.0,0.0,1.0,1.0,0.2754233056579827,-0.5964043829700927,-0.734116035799084,31.628604252778715,14.27323076259809,14.594949286423395,13.629793714947478,39.35610826155526,17.097325720183377,36.186079390345476,-0.021633649596684852,0.024730285325662023,0.0,0.009999999999990905,0.06999999999999318,0.0,20467.0,20467.0,2022-03-07,2022-03-07 17:50:00,5.023183925811438,153.0,1.0,best_within_2.0d,20619.0,339.75,0.5832424107187206,4.3760036431226785,32.22527881040892,0.012230020343504162,2.285057100371749,15.890706319702602,0.006381710269403211,0.4929364202292669,5.6011759621451125,36.843533123028394,0.015614239272951093,2.82998018927445,22.52492113564669,0.007835530045022196,1.8630914826498424,0.00402220134195386,1.9444468750000041,16.553125,0.005470102952261012,0.0,0
20467.0,2022-03-07 17:55:00,323.49,323.55,323.49,323.55,14663.0,1p,1p,1.0,buy,False,0.3325942115474427,9.230000000000018,81.0,0.027741043520076995,0.274720159141147,-0.6997760159064407,-0.5624159363358672,-0.0017346711202626131,33.11465537582903,18.60639626597605,15.932098279607612,23.954992238712926,14663.0,9.230000000000018,0.0,9.230000000000018,81.0,0.027741043520076995,9.230000000000018,0.0,0.0,1.0,1.0,0.274720159141147,-0.5624159363358672,-0.6997760159064407,33.11465537582903,18.60639626597605,15.932098279607612,23.954992238712926,34.76827126420139,18.997096670130258,35.69659752913039,0.01854771399425091,0.01854771399425091,0.0,0.0,0.060000000000002274,1.0,20468.0,20468.0,2022-03-07,2022-03-07 17:55:00,5.006954102920719,152.0,1.0,best_within_2.0d,20619.0,339.75,0.5832424107187206,4.3760036431226785,32.22527881040892,0.012230020343504162,2.285057100371749,15.890706319702602,0.006381710269403211,0.4929364202292669,5.6011759621451125,36.843533123028394,0.015614239272951093,2.82998018927445,22.52492113564669,0.007835530045022196,1.8630914826498424,0.00402220134195386,1.9444468750000041,16.553125,0.005470102952261012,0.0,0
20468.0,2022-03-07 18:00:00,323.58,324.04,323.32,323.97,51144.0,1p,1p,1.0,buy,False,0.33259421154744656,9.400000000000034,82.0,0.028251983649915945,0.3262444421607429,-0.6589954606363478,-0.4958732395559764,-0.0015295196385115997,44.10468116840839,42.496856769910394,24.787017776375205,77.91653475698078,51144.0,9.400000000000034,0.0,9.400000000000034,82.0,0.028251983649915945,9.400000000000034,0.0,0.0,1.0,1.0,0.3262444421607429,-0.4958732395559764,-0.6589954606363478,44.10468116840839,42.496856769910394,24.787017776375205,77.91653475698078,45.06311923207317,12.037408561991894,37.2781146940381,0.12052660856667384,0.22268959544724337,0.06999999999999318,0.2599999999999909,0.3900000000000432,1.0,20469.0,20469.0,2022-03-07,2022-03-07 18:00:00,4.870821372349283,151.0,1.0,best_within_2.0d,20619.0,339.75,0.5832424107187206,4.3760036431226785,32.22527881040892,0.012230020343504162,2.285057100371749,15.890706319702602,0.006381710269403211,0.4929364202292669,5.6011759621451125,36.843533123028394,0.015614239272951093,2.82998018927445,22.52492113564669,0.007835530045022196,1.8630914826498424,0.00402220134195386,1.9444468750000041,16.553125,0.005470102952261012,1.0,0
20474.0,2022-03-07 18:30:00,323.84,323.84,323.25,323.47,22806.0,1p,1p,1.0,buy,False,0.33259421154744795,9.470000000000027,88.0,0.02846237076220253,0.24756679887741928,-0.4382030265597927,-0.31441962712108307,-0.000970375417904994,37.9276047362787,52.195852304195704,52.16201296462644,52.26353098333422,22806.0,9.470000000000027,0.0,9.470000000000027,88.0,0.02846237076220253,9.470000000000027,0.0,0.0,1.0,1.0,0.24756679887741928,-0.31441962712108307,-0.4382030265597927,37.9276047362787,52.195852304195704,52.16201296462644,52.26353098333422,28.44123673506676,20.489923239243236,37.453454266261666,-0.11425395256915381,0.18252126836812838,0.0,0.22000000000002728,0.3699999999999477,0.0,20475.0,20475.0,2022-03-07,2022-03-07 18:30:00,5.032924227903661,145.0,1.0,best_within_2.0d,20619.0,339.75,0.5832424107187206,4.3760036431226785,32.22527881040892,0.012230020343504162,2.285057100371749,15.890706319702602,0.006381710269403211,0.4929364202292669,5.6011759621451125,36.843533123028394,0.015614239272951093,2.82998018927445,22.52492113564669,0.007835530045022196,1.8630914826498424,0.00402220134195386,1.9444468750000041,16.553125,0.005470102952261012,1.0,0
20485.0,2022-03-07 19:25:00,337.29,337.29,335.9,336.73,133894.0,1p,1p,1.0,buy,False,1.8918434828424955,7.550000000000011,12.0,0.02198282137137869,-1.1454476421304491,-0.9362917571707925,-1.509015578236017,-0.004429775416212844,16.436980348488333,10.317273640200664,12.279880862824573,6.3920591949528465,133894.0,7.550000000000011,0.0,7.550000000000011,12.0,0.02198282137137869,7.550000000000011,0.0,0.0,1.0,1.0,-1.1454476421304491,-1.509015578236017,-0.9362917571707925,16.436980348488333,10.317273640200664,12.279880862824573,6.3920591949528465,2.1341463414631967,61.204268292683295,53.94969652372352,-0.16602923300424033,0.4138136350104326,0.0,0.8300000000000409,0.5600000000000023,0.0,20486.0,20486.0,2022-03-07,2022-03-07 19:25:00,0.8968609865470798,134.0,1.0,best_within_2.0d,20619.0,339.75,0.5832424107187206,4.3760036431226785,32.22527881040892,0.012230020343504162,2.285057100371749,15.890706319702602,0.006381710269403211,0.4929364202292669,5.6011759621451125,36.843533123028394,0.015614239272951093,2.82998018927445,22.52492113564669,0.007835530045022196,1.8630914826498424,0.00402220134195386,1.9444468750000041,16.553125,0.005470102952261012,0.0,0
20505.0,2022-03-08 05:05:00,325.18,325.36,324.99,325.1,16589.0,2,2,1.0,buy,False,0.4061433447098959,4.163492493946733,28.239017640954685,0.011578080659927173,-0.08582121351739092,0.3565624375760163,0.31365183081732084,0.0009652389313337384,52.56111512616333,30.42190600168462,42.9495925894348,5.366532826184255,16589.0,1.1899999999999977,1.0,2.930000000000007,22.0,0.00906419180201085,1.1899999999999977,11.0,0.0036482923539150093,2.0,2.0,-0.08582121351739092,0.31365183081732084,0.3565624375760163,52.56111512616333,30.42190600168462,42.9495925894348,5.366532826184255,36.63366336633715,12.871287128712448,44.347508156565695,-0.024601759025765446,0.11384965691252177,0.18000000000000682,0.11000000000001364,0.07999999999998408,0.0,20506.0,20506.0,2022-03-08,2022-03-08 05:05:00,4.506305752076277,114.0,1.0,best_within_2.0d,20619.0,339.75,0.4061433447098959,2.930000000000007,22.0,0.00906419180201085,1.1899999999999977,11.0,0.0036482923539150093,0.4929364202292669,5.6011759621451125,36.843533123028394,0.015614239272951093,2.82998018927445,22.52492113564669,0.007835530045022196,1.8630914826498424,0.00402220134195386,1.9444468750000041,16.553125,0.005470102952261012,0.0,0
20507.0,2022-03-08 05:15:00,325.0,325.21,323.99,324.0,16324.0,2,2,1.0,buy,False,0.7474402730375401,4.163492493946733,28.239017640954685,0.011578080659927173,-0.27937530478335204,0.3085553035302312,0.16886765113855517,0.0005197538104611117,39.34232285369658,20.53961336975593,32.721396923933966,-3.8239537386001388,16324.0,2.1899999999999977,1.0,2.930000000000007,22.0,0.00906419180201085,2.1899999999999977,13.0,0.006714084247961241,2.0,2.0,-0.27937530478335204,0.16886765113855517,0.3085553035302312,39.34232285369658,20.53961336975593,32.721396923933966,-3.8239537386001388,18.307905686546423,29.54230235783557,40.70235621820975,-0.3076923076923077,0.37655483193924827,0.20999999999997954,0.009999999999990905,1.0,0.0,20508.0,20508.0,2022-03-08,2022-03-08 05:15:00,4.861111111111112,112.0,1.0,best_within_2.0d,20619.0,339.75,0.7474402730375401,2.930000000000007,22.0,0.00906419180201085,2.1899999999999977,13.0,0.006714084247961241,0.4929364202292669,5.6011759621451125,36.843533123028394,0.015614239272951093,2.82998018927445,22.52492113564669,0.007835530045022196,1.8630914826498424,0.00402220134195386,1.9444468750000041,16.553125,0.005470102952261012,1.0,0
20529.0,2022-03-08 07:05:00,326.05,326.27,326.0,326.27,37578.0,1p,1p,0.0,sell,False,0.40648360716541776,2.2799999999999727,23.0,0.007037254236241775,0.1886937947013701,0.13574575031602362,0.23009264766670867,0.0007073424050893505,62.63823539650863,89.25873351148778,79.15402031140712,109.46815991164908,37578.0,2.2799999999999727,0.0,2.2799999999999727,23.0,0.007037254236241775,2.2799999999999727,0.0,0.0,1.0,1.0,0.1886937947013701,0.23009264766670867,0.13574575031602362,62.63823539650863,89.25873351148778,79.15402031140712,109.46815991164908,23.376623376622753,26.948051948052743,20.1766917689163,0.0674743137555499,0.08282208588956498,0.0,0.05000000000001137,0.21999999999997044,1.0,20530.0,20530.0,2022-03-08,2022-03-08 07:05:00,1.697980200447471,53.0,1.0,best_within_2.0d,20582.0,320.73,0.5832424107187206,4.3760036431226785,32.22527881040892,0.012230020343504162,2.285057100371749,15.890706319702602,0.006381710269403211,0.4929364202292669,5.6011759621451125,36.843533123028394,0.015614239272951093,2.82998018927445,22.52492113564669,0.007835530045022196,1.8630914826498424,0.00402220134195386,1.9444468750000041,16.553125,0.005470102952261012,0.0,1
20530.0,2022-03-08 07:10:00,326.3,327.17,326.3,327.17,55032.0,1p,1p,0.0,sell,False,0.719605425429087,3.180000000000007,24.0,0.009815117750547877,0.3340481043228165,0.17750176335637569,0.34452581551778394,0.0010586758622335925,69.61722527701887,92.83915567432518,83.71573209904648,111.0860028248826,55032.0,3.180000000000007,0.0,3.180000000000007,24.0,0.009815117750547877,3.180000000000007,0.0,0.0,1.0,1.0,0.3340481043228165,0.34452581551778394,0.17750176335637569,69.61722527701887,92.83915567432518,83.71573209904648,111.0860028248826,35.4009077155823,20.877458396369207,20.578817472058198,0.2666258044744115,0.2666258044744115,0.0,0.0,0.8700000000000045,1.0,20531.0,20531.0,2022-03-08,2022-03-08 07:10:00,1.9683956352966339,52.0,1.0,best_within_2.0d,20582.0,320.73,0.5832424107187206,4.3760036431226785,32.22527881040892,0.012230020343504162,2.285057100371749,15.890706319702602,0.006381710269403211,0.4929364202292669,5.6011759621451125,36.843533123028394,0.015614239272951093,2.82998018927445,22.52492113564669,0.007835530045022196,1.8630914826498424,0.00402220134195386,1.9444468750000041,16.553125,0.005470102952261012,0.0,1
20531.0,2022-03-08 07:15:00,327.14,327.3,326.65,326.7,53380.0,1p,1p,0.0,sell,False,0.7419418811914017,3.3100000000000023,25.0,0.010216364702614285,0.3444169126183384,0.220553877433668,0.3927623337428372,0.0012065508636086495,62.99903681352054,87.41360378288317,84.94835599365871,92.3440993613321,53380.0,3.3100000000000023,0.0,3.3100000000000023,25.0,0.010216364702614285,3.3100000000000023,0.0,0.0,1.0,1.0,0.3444169126183384,0.3927623337428372,0.220553877433668,62.99903681352054,87.41360378288317,84.94835599365871,92.3440993613321,37.48103186646403,15.17450682852813,22.13483853776335,-0.13449899125756487,0.19898974437472344,0.160000000000025,0.05000000000001137,0.4399999999999977,0.0,20532.0,20532.0,2022-03-08,2022-03-08 07:15:00,1.827364554637273,51.0,1.0,best_within_2.0d,20582.0,320.73,0.5832424107187206,4.3760036431226785,32.22527881040892,0.012230020343504162,2.285057100371749,15.890706319702602,0.006381710269403211,0.4929364202292669,5.6011759621451125,36.843533123028394,0.015614239272951093,2.82998018927445,22.52492113564669,0.007835530045022196,1.8630914826498424,0.00402220134195386,1.9444468750000041,16.553125,0.005470102952261012,1.0,1
20537.0,2022-03-08 07:45:00,325.0,325.06,324.59,324.7,176585.0,2s,2s,1.0,buy,False,0.5426621160409653,4.163492493946733,28.239017640954685,0.011578080659927173,-0.278429749757657,0.25504354180364125,0.11582866692481275,0.00035577330436301687,41.13573702812011,24.207642336532246,44.91344819211033,-17.203969374623924,176585.0,2.7100000000000364,1.0,2.930000000000007,22.0,0.00906419180201085,2.7100000000000364,7.0,0.008279865566758436,1.0,2.5,-0.278429749757657,0.11582866692481275,0.25504354180364125,41.13573702812011,24.207642336532246,44.91344819211033,-17.203969374623924,25.841346153845723,30.528846153846217,21.392711567783124,-0.09230769230769581,0.144798052928318,0.060000000000002274,0.11000000000001364,0.30000000000001137,0.0,20538.0,20538.0,2022-03-08,2022-03-08 07:45:00,4.63504773637204,82.0,1.0,best_within_2.0d,20619.0,339.75,0.5832424107187206,4.3760036431226785,32.22527881040892,0.012230020343504162,2.285057100371749,15.890706319702602,0.006381710269403211,0.5426621160409653,2.930000000000007,22.0,0.00906419180201085,2.7100000000000364,7.0,0.008279865566758436,1.0,0.00402220134195386,1.9444468750000041,16.553125,0.005470102952261012,0.0,0
20538.0,2022-03-08 07:50:00,324.66,324.74,324.21,324.21,81220.0,2s,2s,1.0,buy,False,0.6723549488054685,4.163492493946733,28.239017640954685,0.011578080659927173,-0.4246788752911422,0.20195868239224848,-0.010380755253322604,-3.189484760032271e-05,37.34864446922492,16.13842822435483,35.32177486952516,-22.228265065985823,81220.0,3.090000000000032,1.0,2.930000000000007,22.0,0.00906419180201085,3.090000000000032,8.0,0.009440879926672875,1.0,2.5,-0.4246788752911422,-0.010380755253322604,0.20195868239224848,37.34864446922492,16.13842822435483,35.32177486952516,-22.228265065985823,25.595238095237548,30.357142857142666,20.472563477075262,-0.1386065422288072,0.16347429135437822,0.07999999999998408,0.0,0.4500000000000455,0.0,20539.0,20539.0,2022-03-08,2022-03-08 07:50:00,4.793189599333772,81.0,1.0,best_within_2.0d,20619.0,339.75,0.5832424107187206,4.3760036431226785,32.22527881040892,0.012230020343504162,2.285057100371749,15.890706319702602,0.006381710269403211,0.6723549488054685,2.930000000000007,22.0,0.00906419180201085,3.090000000000032,8.0,0.009440879926672875,1.0,0.00402220134195386,1.9444468750000041,16.553125,0.005470102952261012,0.0,0
20539.0,2022-03-08 07:55:00,324.28,324.62,324.2,324.58,48863.0,2s,2s,1.0,buy,False,0.6757679180887418,4.163492493946733,28.239017640954685,0.011578080659927173,-0.4505399917563916,0.14564118342269955,-0.07962881245549625,-0.0002447088118770831,41.71233199723328,14.844973654946152,28.496174464665486,-12.457427964492517,48863.0,3.1000000000000227,1.0,2.930000000000007,22.0,0.00906419180201085,3.1000000000000227,9.0,0.009471432936144279,1.0,2.5,-0.4505399917563916,-0.07962881245549625,0.14564118342269955,41.71233199723328,14.844973654946152,28.496174464665486,-12.457427964492517,20.60975609756069,31.21951219512159,20.472422388376618,0.09251264339460077,0.1295496607032745,0.040000000000020464,0.07999999999998408,0.30000000000001137,1.0,20540.0,20540.0,2022-03-08,2022-03-08 07:55:00,4.673732207776208,80.0,1.0,best_within_2.0d,20619.0,339.75,0.5832424107187206,4.3760036431226785,32.22527881040892,0.012230020343504162,2.285057100371749,15.890706319702602,0.006381710269403211,0.6757679180887418,2.930000000000007,22.0,0.00906419180201085,3.1000000000000227,9.0,0.009471432936144279,1.0,0.00402220134195386,1.9444468750000041,16.553125,0.005470102952261012,0.0,0
20556.0,2022-03-08 09:20:00,324.179,324.9,324.12,324.86,119073.0,2,2,0.0,sell,False,0.6756756756756725,4.163492493946733,28.239017640954685,0.011578080659927173,0.22173688052915508,-0.3037062682184154,-0.19283782795383786,-0.000594412223801349,54.45399885756461,73.01427141947387,65.77822044034701,87.4863733777276,119073.0,5.0,1.0,7.400000000000034,10.0,0.022609227008860477,5.0,17.0,0.015629884338855895,2.0,2.0,0.22173688052915508,-0.19283782795383786,-0.3037062682184154,54.45399885756461,73.01427141947387,65.77822044034701,87.4863733777276,25.664852427098612,4.314350192486266,48.65630390829059,0.21006912847533,0.24065161051461578,0.03999999999996362,0.05899999999996908,0.68100000000004,1.0,20557.0,20557.0,2022-03-08,2022-03-08 09:20:00,1.2713168749615205,26.0,1.0,best_within_2.0d,20582.0,320.73,0.6756756756756725,7.400000000000034,10.0,0.022609227008860477,5.0,17.0,0.015629884338855895,0.4929364202292669,5.6011759621451125,36.843533123028394,0.015614239272951093,2.82998018927445,22.52492113564669,0.007835530045022196,1.8630914826498424,0.00402220134195386,1.9444468750000041,16.553125,0.005470102952261012,1.0,1
20561.0,2022-03-08 09:45:00,325.48,326.13,324.22,324.3797,2116410.0,2,2,0.0,sell,False,0.8418918918918905,4.163492493946733,28.239017640954685,0.011578080659927173,0.19824828048648674,-0.24701494387488312,-0.14789080363163976,-0.0004560467400861079,50.48806244388393,49.687819819151926,48.54216104693221,51.97913736359138,2116410.0,6.230000000000018,1.0,7.400000000000034,10.0,0.022609227008860477,6.230000000000018,22.0,0.0194748358862145,2.0,2.0,0.19824828048648674,-0.14789080363163976,-0.24701494387488312,50.48806244388393,49.687819819151926,48.54216104693221,51.97913736359138,15.75378433297599,10.102970387451716,42.416096448725334,-0.33805456556470576,0.5891061624822552,0.6499999999999773,0.15969999999998663,1.1003000000000043,0.0,20562.0,20562.0,2022-03-08,2022-03-08 09:45:00,1.1251320597435646,21.0,1.0,best_within_2.0d,20582.0,320.73,0.8418918918918905,7.400000000000034,10.0,0.022609227008860477,6.230000000000018,22.0,0.0194748358862145,0.4929364202292669,5.6011759621451125,36.843533123028394,0.015614239272951093,2.82998018927445,22.52492113564669,0.007835530045022196,1.8630914826498424,0.00402220134195386,1.9444468750000041,16.553125,0.005470102952261012,1.0,1
20575.0,2022-03-08 10:55:00,323.89,324.93,323.54,324.63,1494902.0,2s,2s,0.0,sell,False,0.6797297297297306,4.163492493946733,28.239017640954685,0.011578080659927173,0.5537939245303174,-0.5953069674969986,-0.31841000523183993,-0.0009858627588526774,57.20185650156349,67.52464225718595,46.869147427768425,108.83563191602099,1494902.0,4.8799999999999955,1.0,7.400000000000034,10.0,0.022609227008860477,4.8799999999999955,5.0,0.015247617559756274,1.0,2.5,0.5537939245303174,-0.31841000523183993,-0.5953069674969986,57.20185650156349,67.52464225718595,46.869147427768425,108.83563191602099,26.293324446267626,26.14890962537625,27.2150287780521,0.22847262959647074,0.4296223032700706,0.30000000000001137,0.3499999999999659,0.7400000000000091,1.0,20576.0,20576.0,2022-03-08,2022-03-08 10:55:00,1.2013677109324392,7.0,1.0,best_within_2.0d,20582.0,320.73,0.5832424107187206,4.3760036431226785,32.22527881040892,0.012230020343504162,2.285057100371749,15.890706319702602,0.006381710269403211,0.6797297297297306,7.400000000000034,10.0,0.022609227008860477,4.8799999999999955,5.0,0.015247617559756274,1.0,0.00402220134195386,1.9444468750000041,16.553125,0.005470102952261012,0.0,1
20576.0,2022-03-08 11:00:00,324.63,325.39,323.91,325.1,1195724.0,2s,2s,0.0,sell,False,0.7418918918918898,4.163492493946733,28.239017640954685,0.011578080659927173,0.7925110924770078,-0.4962430809373727,-0.09998753469886879,-0.0003094312034302596,58.913472615390575,76.53952430129522,56.75927305227735,116.10002679933095,1195724.0,5.339999999999975,1.0,7.400000000000034,10.0,0.022609227008860477,5.339999999999975,6.0,0.01668489298547094,1.0,2.5,0.7925110924770078,-0.09998753469886879,-0.4962430809373727,58.913472615390575,76.53952430129522,56.75927305227735,116.10002679933095,28.888219158935836,20.878540105176867,26.42070069875519,0.14478021131750832,0.4569170448581276,0.2899999999999636,0.7199999999999704,0.4700000000000273,1.0,20577.0,20577.0,2022-03-08,2022-03-08 11:00:00,1.3442017840664424,6.0,1.0,best_within_2.0d,20582.0,320.73,0.5832424107187206,4.3760036431226785,32.22527881040892,0.012230020343504162,2.285057100371749,15.890706319702602,0.006381710269403211,0.7418918918918898,7.400000000000034,10.0,0.022609227008860477,5.339999999999975,6.0,0.01668489298547094,1.0,0.00402220134195386,1.9444468750000041,16.553125,0.005470102952261012,1.0,1
20582.0,2022-03-08 11:30:00,321.81,322.06,319.94,320.73,1323669.0,1,1,1.0,buy,False,0.4039577745881211,5.449999999999989,7.0,0.016749131811057465,-0.18199913243286236,-0.2529152674340133,-0.3439148336504445,-0.0010653060896181712,39.78169699413221,33.36206274801803,47.94555671105046,4.195074821953185,1323669.0,5.449999999999989,1.0,5.449999999999989,7.0,0.016749131811057465,5.449999999999989,7.0,0.016749131811057465,1.0,1.0,-0.18199913243286236,-0.3439148336504445,-0.2529152674340133,39.78169699413221,33.36206274801803,47.94555671105046,4.195074821953185,18.619026215895214,27.769446088531915,23.111849236644883,-0.33560175258692526,0.662624242045385,0.25,0.7900000000000205,1.079999999999984,0.0,20583.0,20583.0,2022-03-08,2022-03-08 11:30:00,5.930221681788414,37.0,1.0,best_within_2.0d,20619.0,339.75,0.5832424107187206,4.3760036431226785,32.22527881040892,0.012230020343504162,2.285057100371749,15.890706319702602,0.006381710269403211,0.4929364202292669,5.6011759621451125,36.843533123028394,0.015614239272951093,2.82998018927445,22.52492113564669,0.007835530045022196,1.8630914826498424,0.00402220134195386,1.9444468750000041,16.553125,0.005470102952261012,1.0,0
20588.0,2022-03-08 12:00:00,322.5,324.7599,322.21,324.3406,789506.0,2s,2s,0.0,sell,False,0.6567432432432454,4.163492493946733,28.239017640954685,0.011578080659927173,0.37286176620396305,-0.3221150802523215,-0.13568419715033997,-0.0004205210324249193,57.96261689039343,65.51337529697975,49.85617769770281,96.82777049553361,789506.0,4.819900000000018,1.0,7.400000000000034,10.0,0.022609227008860477,4.819900000000018,7.0,0.015065012189785641,2.0,2.5,0.37286176620396305,-0.13568419715033997,-0.3221150802523215,57.96261689039343,65.51337529697975,49.85617769770281,96.82777049553361,22.36909311036312,18.77530172903051,19.29010147824375,0.5707286821705411,0.791378293659426,0.4193000000000211,0.29000000000002046,1.840599999999995,1.0,20589.0,20589.0,2022-03-08,2022-03-08 12:00:00,0.841892751015439,56.0,1.0,best_within_2.0d,20644.0,321.61,0.5832424107187206,4.3760036431226785,32.22527881040892,0.012230020343504162,2.285057100371749,15.890706319702602,0.006381710269403211,0.6567432432432454,7.400000000000034,10.0,0.022609227008860477,4.819900000000018,7.0,0.015065012189785641,2.0,0.00402220134195386,1.9444468750000041,16.553125,0.005470102952261012,0.0,1
20589.0,2022-03-08 12:05:00,324.36,325.905,324.36,325.52,1064601.0,2s,2s,0.0,sell,False,0.8114864864864821,4.163492493946733,28.239017640954685,0.011578080659927173,0.6970653248047556,-0.23498191465172705,0.11355074775065077,0.00035169251750733166,62.22461931382525,74.85747791522599,58.1899444368772,108.19254487192356,1064601.0,5.964999999999975,1.0,7.400000000000034,10.0,0.022609227008860477,5.964999999999975,8.0,0.018644120772644792,2.0,2.5,0.6970653248047556,0.11355074775065077,-0.23498191465172705,62.22461931382525,74.85747791522599,58.1899444368772,108.19254487192356,24.50842433111931,18.62171188412344,18.88714581062581,0.35762732766061417,0.47632260451349084,0.3849999999999909,0.0,1.1599999999999682,1.0,20590.0,20590.0,2022-03-08,2022-03-08 12:05:00,1.2011550749569821,55.0,1.0,best_within_2.0d,20644.0,321.61,0.5832424107187206,4.3760036431226785,32.22527881040892,0.012230020343504162,2.285057100371749,15.890706319702602,0.006381710269403211,0.8114864864864821,7.400000000000034,10.0,0.022609227008860477,5.964999999999975,8.0,0.018644120772644792,2.0,0.00402220134195386,1.9444468750000041,16.553125,0.005470102952261012,0.0,1
20590.0,2022-03-08 12:10:00,325.5125,328.19,325.47,328.17,1806986.0,1,1,0.0,sell,False,2.598493601844527,8.25,9.0,0.025786084890917046,1.20624670705413,-0.08420107626996079,0.5189222772571043,0.0016052682846590582,69.66632490125117,83.15751052934264,66.51246646769901,116.44759865262992,1806986.0,8.25,1.0,8.25,9.0,0.025786084890917046,8.25,9.0,0.025786084890917046,1.0,1.0,1.20624670705413,0.5189222772571043,-0.08420107626996079,69.66632490125117,83.15751052934264,66.51246646769901,116.44759865262992,31.25110819532624,17.59814177807742,19.534434202944322,0.8164048999654475,0.8357145051771193,0.01999999999998181,0.042499999999961346,2.6575000000000273,1.0,20591.0,20591.0,2022-03-08,2022-03-08 12:10:00,1.9989639516104465,54.0,1.0,best_within_2.0d,20644.0,321.61,0.5832424107187206,4.3760036431226785,32.22527881040892,0.012230020343504162,2.285057100371749,15.890706319702602,0.006381710269403211,0.4929364202292669,5.6011759621451125,36.843533123028394,0.015614239272951093,2.82998018927445,22.52492113564669,0.007835530045022196,1.8630914826498424,0.00402220134195386,1.9444468750000041,16.553125,0.005470102952261012,0.0,1
20591.0,2022-03-08 12:15:00,328.15,330.35,327.68,330.07,1913773.0,1,1,0.0,sell,False,3.6754932277531616,10.410000000000025,10.0,0.03253735075326632,1.7062007001402173,0.12907401124756637,0.982174361317675,0.003033590280316356,73.67118506681952,87.86287784072363,73.62927025870721,116.33009300475646,1913773.0,10.410000000000025,1.0,10.410000000000025,10.0,0.03253735075326632,10.410000000000025,10.0,0.03253735075326632,1.0,1.0,1.7062007001402173,0.982174361317675,0.12907401124756637,73.67118506681952,87.86287784072363,73.62927025870721,116.33009300475646,39.88877916948208,13.252949430902799,21.71927814478781,0.5850982782264257,0.8148193359375049,0.28000000000002956,0.46999999999997044,1.920000000000016,1.0,20592.0,20592.0,2022-03-08,2022-03-08 12:15:00,2.563092677310867,53.0,1.0,best_within_2.0d,20644.0,321.61,0.5832424107187206,4.3760036431226785,32.22527881040892,0.012230020343504162,2.285057100371749,15.890706319702602,0.006381710269403211,0.4929364202292669,5.6011759621451125,36.843533123028394,0.015614239272951093,2.82998018927445,22.52492113564669,0.007835530045022196,1.8630914826498424,0.00402220134195386,1.9444468750000041,16.553125,0.005470102952261012,0.0,1
20592.0,2022-03-08 12:20:00,330.04,330.47,328.42,328.67,1612478.0,1,1,0.0,sell,False,3.767858046323605,10.53000000000003,11.0,0.0329124210789524,1.749077372289482,0.34770868278375155,1.2222473689284925,0.003770860596100318,66.68486147382501,86.13380178152828,77.7974474329809,102.80651047862301,1612478.0,10.53000000000003,1.0,10.53000000000003,11.0,0.0329124210789524,10.53000000000003,11.0,0.0329124210789524,1.0,1.0,1.749077372289482,1.2222473689284925,0.34770868278375155,66.68486147382501,86.13380178152828,77.7974474329809,102.80651047862301,39.006321281648404,11.371617779858978,24.086099119033836,-0.4151011998545644,0.6242007185920502,0.4300000000000068,0.25,1.3700000000000045,0.0,20593.0,20593.0,2022-03-08,2022-03-08 12:20:00,2.148051236802873,52.0,1.0,best_within_2.0d,20644.0,321.61,0.5832424107187206,4.3760036431226785,32.22527881040892,0.012230020343504162,2.285057100371749,15.890706319702602,0.006381710269403211,0.4929364202292669,5.6011759621451125,36.843533123028394,0.015614239272951093,2.82998018927445,22.52492113564669,0.007835530045022196,1.8630914826498424,0.00402220134195386,1.9444468750000041,16.553125,0.005470102952261012,0.0,1
20594.0,2022-03-08 12:30:00,329.52,330.66,328.49,330.66,959695.0,1,1,0.0,sell,False,3.9926960369325135,10.720000000000027,13.0,0.03350628242795533,1.8534494152301098,0.8031700115131988,1.7298947191282537,0.0053229975983520444,71.06536724477229,91.76375113949499,84.64136628543261,106.00852084761976,959695.0,10.720000000000027,1.0,10.720000000000027,13.0,0.03350628242795533,10.720000000000027,13.0,0.03350628242795533,1.0,1.0,1.8534494152301098,1.7298947191282537,0.8031700115131988,71.06536724477229,91.76375113949499,84.64136628543261,106.00852084761976,40.17404827169143,10.897652390414885,28.068301652150986,0.34595775673708523,0.6605984961490505,0.0,1.0299999999999727,1.1400000000000432,1.0,20595.0,20595.0,2022-03-08,2022-03-08 12:30:00,2.7369503417407643,50.0,1.0,best_within_2.0d,20644.0,321.61,0.5832424107187206,4.3760036431226785,32.22527881040892,0.012230020343504162,2.285057100371749,15.890706319702602,0.006381710269403211,0.4929364202292669,5.6011759621451125,36.843533123028394,0.015614239272951093,2.82998018927445,22.52492113564669,0.007835530045022196,1.8630914826498424,0.00402220134195386,1.9444468750000041,16.553125,0.005470102952261012,0.0,1
20595.0,2022-03-08 12:35:00,330.64,331.3899,329.695,331.38,1006256.0,1,1,0.0,sell,False,4.035154267556789,11.449900000000014,14.0,0.035787647683940785,1.8731589503398087,1.0373148803056749,1.9738943554755792,0.006064959914834755,72.51920262475089,94.47387293120164,87.91886850068894,107.58388179222703,1006256.0,11.449900000000014,1.0,11.449900000000014,14.0,0.035787647683940785,11.449900000000014,14.0,0.035787647683940785,1.0,1.0,1.8731589503398087,1.9738943554755792,1.0373148803056749,72.51920262475089,94.47387293120164,87.91886850068894,107.58388179222703,41.99340207133591,8.19951645842208,30.87256545343945,0.22380837164287717,0.5140811962571523,0.009900000000016007,0.9449999999999932,0.7400000000000091,1.0,20596.0,20596.0,2022-03-08,2022-03-08 12:35:00,2.948276902649521,49.0,1.0,best_within_2.0d,20644.0,321.61,0.5832424107187206,4.3760036431226785,32.22527881040892,0.012230020343504162,2.285057100371749,15.890706319702602,0.006381710269403211,0.4929364202292669,5.6011759621451125,36.843533123028394,0.015614239272951093,2.82998018927445,22.52492113564669,0.007835530045022196,1.8630914826498424,0.00402220134195386,1.9444468750000041,16.553125,0.005470102952261012,0.0,1
20596.0,2022-03-08 12:40:00,331.39,331.51,330.22,331.41,1185735.0,1,1,0.0,sell,False,4.035154267556789,11.569999999999993,15.0,0.03616303056823152,1.772233473997626,1.2588440645553782,2.144960801554191,0.006581661432100494,72.58102162391,95.95749234839977,90.59840978325921,106.67565747868085,1185735.0,11.569999999999993,1.0,11.569999999999993,15.0,0.03616303056823152,11.569999999999993,15.0,0.03616303056823152,1.0,1.0,1.772233473997626,2.144960801554191,1.2588440645553782,72.58102162391,95.95749234839977,90.59840978325921,106.67565747868085,43.84801991364957,3.0867739650404187,34.87070670688563,0.0060351851293155056,0.3906486584700998,0.0999999999999659,1.169999999999959,0.020000000000038654,1.0,20597.0,20597.0,2022-03-08,2022-03-08 12:40:00,2.957062249177759,48.0,1.0,best_within_2.0d,20644.0,321.61,0.5832424107187206,4.3760036431226785,32.22527881040892,0.012230020343504162,2.285057100371749,15.890706319702602,0.006381710269403211,0.4929364202292669,5.6011759621451125,36.843533123028394,0.015614239272951093,2.82998018927445,22.52492113564669,0.007835530045022196,1.8630914826498424,0.00402220134195386,1.9444468750000041,16.553125,0.005470102952261012,0.0,1
20597.0,2022-03-08 12:45:00,331.35,332.07,330.8,331.53,1203864.0,1,1,0.0,sell,False,4.035154267556881,12.129999999999995,16.0,0.03791335875476651,1.608434890721397,1.459898425895553,2.2641158712562515,0.006938401033125185,72.84416982077073,94.97036454873853,92.05572803841898,100.79963756937764,1203864.0,12.129999999999995,1.0,12.129999999999995,16.0,0.03791335875476651,12.129999999999995,16.0,0.03791335875476651,1.0,1.0,1.608434890721397,2.2641158712562515,1.459898425895553,72.84416982077073,94.97036454873853,92.05572803841898,100.79963756937764,45.32869142610154,3.0374896316460833,38.625628622577345,0.054323223177893454,0.3839177750906837,0.5400000000000205,0.5500000000000114,0.17999999999994998,1.0,20598.0,20598.0,2022-03-08,2022-03-08 12:45:00,2.9921877356498534,47.0,1.0,best_within_2.0d,20644.0,321.61,0.5832424107187206,4.3760036431226785,32.22527881040892,0.012230020343504162,2.285057100371749,15.890706319702602,0.006381710269403211,0.4929364202292669,5.6011759621451125,36.843533123028394,0.015614239272951093,2.82998018927445,22.52492113564669,0.007835530045022196,1.8630914826498424,0.00402220134195386,1.9444468750000041,16.553125,0.005470102952261012,0.0,1
20600.0,2022-03-08 13:00:00,331.46,332.88,331.45,332.8,913119.0,1,1,0.0,sell,False,4.035154267558316,12.939999999999998,19.0,0.04044508345314746,1.0779810931659264,1.9181564184507376,2.457146965033701,0.00750289827300562,74.32870320381923,94.00736109268989,93.11308096856413,95.79592134094139,913119.0,12.939999999999998,1.0,12.939999999999998,19.0,0.04044508345314746,12.939999999999998,19.0,0.04044508345314746,1.0,1.0,1.0779810931659264,2.457146965033701,1.9181564184507376,74.32870320381923,94.00736109268989,93.11308096856413,95.79592134094139,42.318178095175064,6.084456942716632,45.79973027091258,0.40427200868884083,0.43143762256750845,0.07999999999998408,0.009999999999990905,1.3400000000000318,1.0,20601.0,20601.0,2022-03-08,2022-03-08 13:00:00,3.362379807692307,44.0,1.0,best_within_2.0d,20644.0,321.61,0.5832424107187206,4.3760036431226785,32.22527881040892,0.012230020343504162,2.285057100371749,15.890706319702602,0.006381710269403211,0.4929364202292669,5.6011759621451125,36.843533123028394,0.015614239272951093,2.82998018927445,22.52492113564669,0.007835530045022196,1.8630914826498424,0.00402220134195386,1.9444468750000041,16.553125,0.005470102952261012,0.0,1
20601.0,2022-03-08 13:05:00,332.81,333.21,332.28,332.95,797111.0,1,1,0.0,sell,False,4.035154267558317,13.269999999999982,20.0,0.04147652684878409,0.9540495624703862,2.0374126137595363,2.5144373949947294,0.0076683696592078545,74.66985319773747,94.4489528768741,93.55837160466746,96.2301154212874,797111.0,13.269999999999982,1.0,13.269999999999982,20.0,0.04147652684878409,13.269999999999982,20.0,0.04147652684878409,1.0,1.0,0.9540495624703862,2.5144373949947294,2.0374126137595363,74.66985319773747,94.4489528768741,93.55837160466746,96.2301154212874,42.79074927394404,6.180886006236587,47.86812679109006,0.04206604368858699,0.27988443481401437,0.2599999999999909,0.5300000000000296,0.13999999999998636,1.0,20602.0,20602.0,2022-03-08,2022-03-08 13:05:00,3.405916804324966,43.0,1.0,best_within_2.0d,20644.0,321.61,0.5832424107187206,4.3760036431226785,32.22527881040892,0.012230020343504162,2.285057100371749,15.890706319702602,0.006381710269403211,0.4929364202292669,5.6011759621451125,36.843533123028394,0.015614239272951093,2.82998018927445,22.52492113564669,0.007835530045022196,1.8630914826498424,0.00402220134195386,1.9444468750000041,16.553125,0.005470102952261012,1.0,1
20605.0,2022-03-08 13:25:00,330.74,330.86,329.47,329.78,1107381.0,3a,3a,1.0,buy,False,0.006759467884811253,4.163492493946733,28.239017640954685,0.011578080659927173,-0.34888656615433344,2.151464198428314,1.9770209153511473,0.006013264516451646,55.03348256659662,46.068460045370806,69.81395718938307,-1.4225342426537395,1107381.0,3.7399999999999523,2.0,3.7399999999999523,5.0,0.011224152936586395,3.7399999999999523,5.0,0.011224152936586395,3.0,3.0,-0.34888656615433344,1.9770209153511473,2.151464198428314,55.03348256659662,46.068460045370806,69.81395718938307,-1.4225342426537395,18.118176040372198,20.726813951944173,45.86380644827397,-0.29025820886498044,0.421889701642027,0.12000000000000455,0.30999999999994543,0.9600000000000364,0.0,20606.0,20606.0,2022-03-08,2022-03-08 13:25:00,3.023227606282985,14.0,1.0,best_within_2.0d,20619.0,339.75,0.5832424107187206,4.3760036431226785,32.22527881040892,0.012230020343504162,2.285057100371749,15.890706319702602,0.006381710269403211,0.4929364202292669,5.6011759621451125,36.843533123028394,0.015614239272951093,2.82998018927445,22.52492113564669,0.007835530045022196,1.8630914826498424,0.006759467884811253,3.7399999999999523,5.0,0.011224152936586395,0.0,0
20606.0,2022-03-08 13:30:00,329.78,329.8,327.93,328.65,1238347.0,3a,3a,1.0,buy,False,0.006759467884811253,4.163492493946733,28.239017640954685,0.011578080659927173,-0.7819245520283626,2.053723629424769,1.6627613534105876,0.005057563662681129,49.953941683482476,35.257761242368254,58.2952252070448,-10.817166686984834,1238347.0,5.279999999999973,2.0,5.279999999999973,6.0,0.01584586296929856,5.279999999999973,6.0,0.01584586296929856,3.0,3.0,-0.7819245520283626,1.6627613534105876,2.053723629424769,49.953941683482476,35.257761242368254,58.2952252070448,-10.817166686984834,17.700131076646304,28.27237153053525,44.23045443424164,-0.3426526775426028,0.5702436495593586,0.020000000000038654,0.7199999999999704,1.1299999999999955,0.0,20607.0,20607.0,2022-03-08,2022-03-08 13:30:00,3.377453217708816,13.0,1.0,best_within_2.0d,20619.0,339.75,0.5832424107187206,4.3760036431226785,32.22527881040892,0.012230020343504162,2.285057100371749,15.890706319702602,0.006381710269403211,0.4929364202292669,5.6011759621451125,36.843533123028394,0.015614239272951093,2.82998018927445,22.52492113564669,0.007835530045022196,1.8630914826498424,0.006759467884811253,5.279999999999973,6.0,0.01584586296929856,0.0,0
20608.0,2022-03-08 13:40:00,328.49,328.67,327.39,328.49,909278.0,3a,3a,1.0,buy,False,0.006759467884811253,4.163492493946733,28.239017640954685,0.011578080659927173,-1.2283673245493483,1.7667189196519548,1.1525352573772807,0.00350603379144239,49.2540646817977,24.411308096333975,40.08315619595233,-6.932388102902735,909278.0,5.819999999999993,2.0,5.819999999999993,8.0,0.01746646259115871,5.819999999999993,8.0,0.01746646259115871,3.0,3.0,-1.2283673245493483,1.1525352573772807,1.7667189196519548,49.2540646817977,24.411308096333975,40.08315619595233,-6.932388102902735,14.930307457688322,31.247000607876856,41.73554743584974,0.0,0.39097101316473615,0.18000000000000682,1.1000000000000227,0.0,0.0,20609.0,20609.0,2022-03-08,2022-03-08 13:40:00,3.4278060214922803,11.0,1.0,best_within_2.0d,20619.0,339.75,0.5832424107187206,4.3760036431226785,32.22527881040892,0.012230020343504162,2.285057100371749,15.890706319702602,0.006381710269403211,0.4929364202292669,5.6011759621451125,36.843533123028394,0.015614239272951093,2.82998018927445,22.52492113564669,0.007835530045022196,1.8630914826498424,0.006759467884811253,5.819999999999993,8.0,0.01746646259115871,0.0,0
20609.0,2022-03-08 13:45:00,328.53,328.93,327.3,327.65,975011.0,3a,3a,1.0,buy,False,0.006759467884811253,4.163492493946733,28.239017640954685,0.011578080659927173,-1.4041233812890672,1.5912034969908215,0.8891418063462879,0.0027054438301952113,45.4166415711892,18.24826067110346,32.80485768766937,-10.86493336202836,975011.0,5.909999999999968,2.0,5.909999999999968,9.0,0.017736562528135314,5.909999999999968,9.0,0.017736562528135314,3.0,3.0,-1.4041233812890672,0.8891418063462879,1.5912034969908215,45.4166415711892,18.24826067110346,32.80485768766937,-10.86493336202836,12.4678284971291,31.355510490184102,41.832979465684126,-0.26785986059111666,0.4980140543843554,0.4000000000000341,0.3499999999999659,0.8799999999999955,0.0,20610.0,20610.0,2022-03-08,2022-03-08 13:45:00,3.692965054173668,10.0,1.0,best_within_2.0d,20619.0,339.75,0.5832424107187206,4.3760036431226785,32.22527881040892,0.012230020343504162,2.285057100371749,15.890706319702602,0.006381710269403211,0.4929364202292669,5.6011759621451125,36.843533123028394,0.015614239272951093,2.82998018927445,22.52492113564669,0.007835530045022196,1.8630914826498424,0.006759467884811253,5.909999999999968,9.0,0.017736562528135314,0.0,0
20610.0,2022-03-08 13:50:00,327.62,327.74,326.42,326.44,1040503.0,3a,3a,1.0,buy,False,0.006759467884811253,4.163492493946733,28.239017640954685,0.011578080659927173,-1.6241295483766285,1.3881873034437429,0.5761225292554286,0.0017538750365241962,40.51940144491506,12.26399532010621,25.957903565148314,-15.123821169978001,1040503.0,6.789999999999964,2.0,6.789999999999964,10.0,0.020377539689685076,6.789999999999964,10.0,0.020377539689685076,3.0,3.0,-1.6241295483766285,0.5761225292554286,1.3881873034437429,40.51940144491506,12.26399532010621,25.957903565148314,-15.123821169978001,11.806249298836882,36.006389264326444,42.46023272811135,-0.36017337158903817,0.40438698609153634,0.12000000000000455,0.01999999999998181,1.1800000000000068,0.0,20611.0,20611.0,2022-03-08,2022-03-08 13:50:00,4.077318956010294,9.0,1.0,best_within_2.0d,20619.0,339.75,0.5832424107187206,4.3760036431226785,32.22527881040892,0.012230020343504162,2.285057100371749,15.890706319702602,0.006381710269403211,0.4929364202292669,5.6011759621451125,36.843533123028394,0.015614239272951093,2.82998018927445,22.52492113564669,0.007835530045022196,1.8630914826498424,0.006759467884811253,6.789999999999964,10.0,0.020377539689685076,0.0,0
20617.0,2022-03-08 14:25:00,326.15,327.48,325.741,327.16,789235.0,2,2,0.0,sell,False,0.37032967032967223,4.163492493946733,28.239017640954685,0.011578080659927173,-0.9297752673301155,0.01754173531969667,-0.4473458983453611,-0.001366246348969993,48.64365137918557,41.01419606400565,28.661604473779256,65.71937924445844,789235.0,3.3700000000000045,1.0,9.099999999999966,12.0,0.027310104738753237,3.3700000000000045,6.0,0.010397704483045894,2.0,2.0,-0.9297752673301155,-0.4473458983453611,0.01754173531969667,48.64365137918557,41.01419606400565,28.661604473779256,65.71937924445844,10.005776569853642,39.47007073930604,53.14368595767904,0.3096734631304761,0.5338597229087014,0.3199999999999932,0.4089999999999918,1.0100000000000477,1.0,20618.0,20618.0,2022-03-08,2022-03-08 14:25:00,1.6964176549700487,27.0,1.0,best_within_2.0d,20644.0,321.61,0.37032967032967223,9.099999999999966,12.0,0.027310104738753237,3.3700000000000045,6.0,0.010397704483045894,0.4929364202292669,5.6011759621451125,36.843533123028394,0.015614239272951093,2.82998018927445,22.52492113564669,0.007835530045022196,1.8630914826498424,0.00402220134195386,1.9444468750000041,16.553125,0.005470102952261012,0.0,1
20618.0,2022-03-08 14:30:00,327.13,327.75,325.83,326.15,791609.0,2,2,0.0,sell,False,0.4,4.163492493946733,28.239017640954685,0.011578080659927173,-0.7966904137414537,-0.08204456639798505,-0.4803897732687119,-0.001467590153355121,43.90955909438246,46.02411605732218,34.44910833496023,69.1741315020461,791609.0,3.6399999999999864,1.0,9.099999999999966,12.0,0.027310104738753237,3.6399999999999864,7.0,0.011230754990589571,2.0,2.0,-0.7966904137414537,-0.4803897732687119,-0.08204456639798505,43.90955909438246,46.02411605732218,34.44910833496023,69.1741315020461,11.24692068825532,34.10131289582716,52.947532367484825,-0.2995750924708887,0.5892643403001614,0.6200000000000045,0.3199999999999932,0.9800000000000182,0.0,20619.0,20619.0,2022-03-08,2022-03-08 14:30:00,1.391997547140875,26.0,1.0,best_within_2.0d,20644.0,321.61,0.4,9.099999999999966,12.0,0.027310104738753237,3.6399999999999864,7.0,0.011230754990589571,0.4929364202292669,5.6011759621451125,36.843533123028394,0.015614239272951093,2.82998018927445,22.52492113564669,0.007835530045022196,1.8630914826498424,0.00402220134195386,1.9444468750000041,16.553125,0.005470102952261012,0.0,1
20619.0,2022-03-08 14:35:00,339.4401,342.516,338.36,339.75,134698.0,1p,1p,0.0,sell,False,819461.5714512881,4.1860000000000355,8.0,0.012372535690006903,0.15160788086093013,-0.08469849762704879,-0.008894557196583719,-2.6204907151631176e-05,55.54065400968427,58.42986502588754,56.14241159306127,63.00477189154009,134698.0,4.1860000000000355,0.0,4.1860000000000355,8.0,0.012372535690006903,4.1860000000000355,0.0,0.0,1.0,1.0,0.15160788086093013,-0.008894557196583719,-0.08469849762704879,55.54065400968427,58.42986502588754,56.14241159306127,63.00477189154009,38.604738623542545,15.88943211733782,16.857830359670395,0.09129740416645747,1.228277574181347,2.7660000000000196,1.080099999999959,0.3099000000000274,1.0,20620.0,20620.0,2022-03-08,2022-03-08 14:35:00,5.339220014716699,25.0,1.0,best_within_2.0d,20644.0,321.61,0.5832424107187206,4.3760036431226785,32.22527881040892,0.012230020343504162,2.285057100371749,15.890706319702602,0.006381710269403211,0.4929364202292669,5.6011759621451125,36.843533123028394,0.015614239272951093,2.82998018927445,22.52492113564669,0.007835530045022196,1.8630914826498424,0.00402220134195386,1.9444468750000041,16.553125,0.005470102952261012,0.0,1
20621.0,2022-03-08 14:45:00,327.375,328.61,327.375,328.36,737501.0,2,2,0.0,sell,False,0.49450549450549636,4.163492493946733,28.239017640954685,0.011578080659927173,-0.032470020320649495,-0.18958712594181765,-0.2058221361021424,-0.0006286333145798193,54.98075648354513,78.03229302361338,60.714124208659904,112.66863065352034,737501.0,4.5,1.0,9.099999999999966,12.0,0.027310104738753237,4.5,10.0,0.013884175125728919,2.0,2.0,-0.032470020320649495,-0.2058221361021424,-0.18958712594181765,54.98075648354513,78.03229302361338,60.714124208659904,112.66863065352034,16.077859065235923,20.971532542359906,47.968955661009545,0.30087819778541847,0.3772432226040515,0.25,0.0,0.9850000000000136,1.0,20622.0,20622.0,2022-03-08,2022-03-08 14:45:00,2.055670605433061,23.0,1.0,best_within_2.0d,20644.0,321.61,0.49450549450549636,9.099999999999966,12.0,0.027310104738753237,4.5,10.0,0.013884175125728919,0.4929364202292669,5.6011759621451125,36.843533123028394,0.015614239272951093,2.82998018927445,22.52492113564669,0.007835530045022196,1.8630914826498424,0.00402220134195386,1.9444468750000041,16.553125,0.005470102952261012,0.0,1
20622.0,2022-03-08 14:50:00,328.3,328.62,327.14,327.29,575933.0,2,2,0.0,sell,False,0.49560439560439645,4.163492493946733,28.239017640954685,0.011578080659927173,0.009107184842522043,-0.1884487278365024,-0.18389513541524138,-0.0005616781725694749,49.47397510521692,74.4888489438469,65.30569912038891,92.8551485907629,575933.0,4.509999999999991,1.0,9.099999999999966,12.0,0.027310104738753237,4.509999999999991,11.0,0.01391502884823051,2.0,2.0,0.009107184842522043,-0.18389513541524138,-0.1884487278365024,49.47397510521692,74.4888489438469,65.30569912038891,92.8551485907629,15.92692726521682,18.45124103488403,45.067086075522305,-0.30764544623819395,0.45240569786636253,0.3199999999999932,0.1500000000000341,1.009999999999991,0.0,20623.0,20623.0,2022-03-08,2022-03-08 14:50:00,1.7354639616242495,22.0,1.0,best_within_2.0d,20644.0,321.61,0.49560439560439645,9.099999999999966,12.0,0.027310104738753237,4.509999999999991,11.0,0.01391502884823051,0.4929364202292669,5.6011759621451125,36.843533123028394,0.015614239272951093,2.82998018927445,22.52492113564669,0.007835530045022196,1.8630914826498424,0.00402220134195386,1.9444468750000041,16.553125,0.005470102952261012,0.0,1
20624.0,2022-03-08 15:00:00,327.28,329.45,327.06,329.18,765032.0,2,2,0.0,sell,False,0.5868131868131863,4.163492493946733,28.239017640954685,0.011578080659927173,0.29885143275363707,-0.14633616388733403,0.003089552489484504,9.432974307986909e-06,58.07529435430982,79.51648812714916,71.5393902366329,95.47068390818168,765032.0,5.339999999999975,1.0,9.099999999999966,12.0,0.027310104738753237,5.339999999999975,13.0,0.016475887815864905,2.0,2.0,0.29885143275363707,0.003089552489484504,-0.14633616388733403,58.07529435430982,79.51648812714916,71.5393902366329,95.47068390818168,20.83386136104371,16.116914387095452,40.91591333476202,0.5805426546076858,0.7307527670763733,0.2699999999999818,0.21999999999997044,1.900000000000034,1.0,20625.0,20625.0,2022-03-08,2022-03-08 15:00:00,2.2996536849140266,20.0,1.0,best_within_2.0d,20644.0,321.61,0.5868131868131863,9.099999999999966,12.0,0.027310104738753237,5.339999999999975,13.0,0.016475887815864905,0.4929364202292669,5.6011759621451125,36.843533123028394,0.015614239272951093,2.82998018927445,22.52492113564669,0.007835530045022196,1.8630914826498424,0.00402220134195386,1.9444468750000041,16.553125,0.005470102952261012,1.0,1
20630.0,2022-03-08 15:30:00,325.66,325.87,324.11,324.89,1420323.0,2,2,1.0,buy,False,0.685757347400149,4.163492493946733,28.239017640954685,0.011578080659927173,-1.9377520335144431,0.9208289675979561,-0.0480470491592655,-0.0001464734193824316,35.09769060096049,8.688672370176123,16.30607507070153,-6.546133030874692,1420323.0,9.099999999999966,1.0,13.269999999999982,20.0,0.04147652684878409,9.099999999999966,12.0,0.027310104738753237,2.0,2.0,-1.9377520335144431,-0.0480470491592655,0.9208289675979561,35.09769060096049,8.688672370176123,16.30607507070153,-6.546133030874692,8.938777500284278,44.802236319607175,45.631373350883315,-0.2364429159245958,0.543025516028506,0.20999999999997954,0.7799999999999727,0.7700000000000387,0.0,20631.0,20631.0,2022-03-08,2022-03-08 15:30:00,3.801214662268392,206.0,1.0,best_within_2.0d,20836.0,336.7,0.685757347400149,13.269999999999982,20.0,0.04147652684878409,9.099999999999966,12.0,0.027310104738753237,0.4929364202292669,5.6011759621451125,36.843533123028394,0.015614239272951093,2.82998018927445,22.52492113564669,0.007835530045022196,1.8630914826498424,0.00402220134195386,1.9444468750000041,16.553125,0.005470102952261012,0.0,0
20630.0,2022-03-08 15:30:00,325.55,325.71,323.99,324.37,1292268.0,2s,2s,1.0,buy,False,0.6948003014317998,4.163492493946733,28.239017640954685,0.011578080659927173,-0.5072621165089235,-0.09232406026048902,-0.34595511851495075,-0.0010571911953653357,36.382143056605244,26.765491549117566,45.96002565524287,-11.62357666313305,1292268.0,5.4599999999999795,1.0,13.269999999999982,20.0,0.04147652684878409,5.4599999999999795,7.0,0.016573076339353406,1.0,2.5,-0.5072621165089235,-0.34595511851495075,-0.09232406026048902,36.382143056605244,26.765491549117566,45.96002565524287,-11.62357666313305,17.425779089064918,24.548220542135223,32.86149171112605,-0.3624635232683172,0.5308805827340258,0.15999999999996817,0.37999999999999545,1.1800000000000068,0.0,20631.0,20631.0,2022-03-08,2022-03-08 15:30:00,3.801214662268392,206.0,1.0,best_within_2.0d,20836.0,336.7,0.5832424107187206,4.3760036431226785,32.22527881040892,0.012230020343504162,2.285057100371749,15.890706319702602,0.006381710269403211,0.6948003014317998,13.269999999999982,20.0,0.04147652684878409,5.4599999999999795,7.0,0.016573076339353406,1.0,0.00402220134195386,1.9444468750000041,16.553125,0.005470102952261012,0.0,0
20633.0,2022-03-08 15:45:00,324.2,325.02,323.76,324.01,1287860.0,2s,2s,1.0,buy,False,0.7121326299924643,4.163492493946733,28.239017640954685,0.011578080659927173,-0.7849757794096646,-0.3487337562075006,-0.7412216459123329,-0.002268994797384995,37.14867236758814,14.05286408782891,26.388342439790286,-10.61809261609384,1287860.0,5.689999999999998,1.0,13.269999999999982,20.0,0.04147652684878409,5.689999999999998,10.0,0.01727120959174381,1.0,2.5,-0.7849757794096646,-0.7412216459123329,-0.3487337562075006,37.14867236758814,14.05286408782891,26.388342439790286,-10.61809261609384,13.634385727408919,27.34129478315505,32.70398807731265,-0.058605798889573645,0.38917716827279186,0.8199999999999932,0.25,0.18999999999999773,0.0,20634.0,20634.0,2022-03-08,2022-03-08 15:45:00,3.9165457856239,203.0,1.0,best_within_2.0d,20836.0,336.7,0.5832424107187206,4.3760036431226785,32.22527881040892,0.012230020343504162,2.285057100371749,15.890706319702602,0.006381710269403211,0.7121326299924643,13.269999999999982,20.0,0.04147652684878409,5.689999999999998,10.0,0.01727120959174381,1.0,0.00402220134195386,1.9444468750000041,16.553125,0.005470102952261012,0.0,0
20635.0,2022-03-08 15:55:00,324.4527,324.52,323.2,323.28,2700739.0,2s,2s,1.0,buy,False,0.7543330821401661,4.163492493946733,28.239017640954685,0.011578080659927173,-0.7961647838056076,-0.5391089225561674,-0.9371913144589712,-0.002872428276515759,35.61505153150571,9.806808974416672,18.09862580761796,-6.7768246919859045,2700739.0,6.25,1.0,13.269999999999982,20.0,0.04147652684878409,6.25,12.0,0.018971012293215968,1.0,2.5,-0.7961647838056076,-0.9371913144589712,-0.5391089225561674,35.61505153150571,9.806808974416672,18.09862580761796,-6.7768246919859045,11.553933950790668,29.58649078491904,32.90888729879906,-0.3614394332363455,0.40841584158415634,0.06729999999998881,0.07999999999998408,1.1727000000000203,0.0,20636.0,20636.0,2022-03-08,2022-03-08 15:55:00,4.151200197970804,201.0,1.0,best_within_2.0d,20836.0,336.7,0.5832424107187206,4.3760036431226785,32.22527881040892,0.012230020343504162,2.285057100371749,15.890706319702602,0.006381710269403211,0.7543330821401661,13.269999999999982,20.0,0.04147652684878409,6.25,12.0,0.018971012293215968,1.0,0.00402220134195386,1.9444468750000041,16.553125,0.005470102952261012,0.0,0
20636.0,2022-03-08 16:00:00,323.27,323.4863,322.1,322.45,994911.0,2s,2s,1.0,buy,False,0.8372268274302918,4.163492493946733,28.239017640954685,0.011578080659927173,-0.8939895216245755,-0.6508576127592394,-1.097852373571527,-0.0033677654437964666,33.0086117462499,8.584656275341914,14.92730263019261,-4.10063643435948,994911.0,7.349999999999966,1.0,13.269999999999982,20.0,0.04147652684878409,7.349999999999966,13.0,0.022309910456821874,1.0,2.5,-0.8939895216245755,-1.097852373571527,-0.6508576127592394,33.0086117462499,8.584656275341914,14.92730263019261,-4.10063643435948,11.604797902679582,33.78076798391279,34.048344180591386,-0.2536579329971829,0.43039428748835934,0.21630000000004657,0.3499999999999659,0.8199999999999932,0.0,20637.0,20637.0,2022-03-08,2022-03-08 16:00:00,4.419289812374012,200.0,1.0,best_within_2.0d,20836.0,336.7,0.5832424107187206,4.3760036431226785,32.22527881040892,0.012230020343504162,2.285057100371749,15.890706319702602,0.006381710269403211,0.8372268274302918,13.269999999999982,20.0,0.04147652684878409,7.349999999999966,13.0,0.022309910456821874,1.0,0.00402220134195386,1.9444468750000041,16.553125,0.005470102952261012,0.0,0
20637.0,2022-03-08 16:05:00,322.46,322.6299,322.09,322.23,182482.0,2s,2s,1.0,buy,False,0.837980406932933,4.163492493946733,28.239017640954685,0.011578080659927173,-0.9246520469823731,-0.7664391186320361,-1.2287651421232226,-0.0037725745008977494,32.333164245117345,6.605271795407795,12.153292351931004,-4.490769317638623,182482.0,7.360000000000014,1.0,13.269999999999982,20.0,0.04147652684878409,7.360000000000014,14.0,0.022340264076491163,1.0,2.5,-0.9246520469823731,-1.2287651421232226,-0.7664391186320361,32.333164245117345,6.605271795407795,12.153292351931004,-4.490769317638623,12.063963427142587,32.67526936339393,34.90702452452291,-0.07132667617687818,0.16762395603714664,0.16990000000004102,0.1400000000000432,0.22999999999996135,0.0,20638.0,20638.0,2022-03-08,2022-03-08 16:05:00,4.4905812618316014,199.0,1.0,best_within_2.0d,20836.0,336.7,0.5832424107187206,4.3760036431226785,32.22527881040892,0.012230020343504162,2.285057100371749,15.890706319702602,0.006381710269403211,0.837980406932933,13.269999999999982,20.0,0.04147652684878409,7.360000000000014,14.0,0.022340264076491163,1.0,0.00402220134195386,1.9444468750000041,16.553125,0.005470102952261012,0.0,0
20639.0,2022-03-08 16:15:00,322.38,322.4,321.9,321.92,108891.0,2s,2s,1.0,buy,False,0.8522984174830458,4.163492493946733,28.239017640954685,0.011578080659927173,-0.8185636430713381,-0.9760657763114888,-1.3853475978471579,-0.004259948482484077,31.876524079882202,5.02897788126401,8.696988653091818,-2.3070436623916066,108891.0,7.550000000000011,1.0,13.269999999999982,20.0,0.04147652684878409,7.550000000000011,16.0,0.022916982850204923,1.0,2.5,-0.8185636430713381,-1.3853475978471579,-0.9760657763114888,31.876524079882202,5.02897788126401,8.696988653091818,-2.3070436623916066,5.88801707915629,38.68120742591153,40.15738041209647,-0.14268875240398893,0.1553277415346381,0.01999999999998181,0.020000000000038654,0.45999999999997954,0.0,20640.0,20640.0,2022-03-08,2022-03-08 16:15:00,4.59120278330019,197.0,1.0,best_within_2.0d,20836.0,336.7,0.5832424107187206,4.3760036431226785,32.22527881040892,0.012230020343504162,2.285057100371749,15.890706319702602,0.006381710269403211,0.8522984174830458,13.269999999999982,20.0,0.04147652684878409,7.550000000000011,16.0,0.022916982850204923,1.0,0.00402220134195386,1.9444468750000041,16.553125,0.005470102952261012,0.0,0
20640.0,2022-03-08 16:20:00,321.92,321.97,321.78,321.85,49394.0,2s,2s,1.0,buy,False,0.8613413715146965,4.163492493946733,28.239017640954685,0.011578080659927173,-0.7417906898936013,-1.068789612548189,-1.4396849574949897,-0.004430419630501548,31.63628958590482,3.9345305575845613,7.109502621256065,-2.4154135697584476,49394.0,7.670000000000016,1.0,13.269999999999982,20.0,0.04147652684878409,7.670000000000016,17.0,0.023281226286234684,1.0,2.5,-0.7417906898936013,-1.4396849574949897,-1.068789612548189,31.63628958590482,3.9345305575845613,7.109502621256065,-2.4154135697584476,6.432358351065864,35.46482970870753,42.23860739582127,-0.021744532803178795,0.059046553545917896,0.05000000000001137,0.07000000000005002,0.06999999999999318,0.0,20641.0,20641.0,2022-03-08,2022-03-08 16:20:00,4.613950598104696,196.0,1.0,best_within_2.0d,20836.0,336.7,0.5832424107187206,4.3760036431226785,32.22527881040892,0.012230020343504162,2.285057100371749,15.890706319702602,0.006381710269403211,0.8613413715146965,13.269999999999982,20.0,0.04147652684878409,7.670000000000016,17.0,0.023281226286234684,1.0,0.00402220134195386,1.9444468750000041,16.553125,0.005470102952261012,0.0,0
20643.0,2022-03-08 16:35:00,321.81,321.919,321.65,321.65,32539.0,2s,2s,1.0,buy,False,0.871137905048984,4.163492493946733,28.239017640954685,0.011578080659927173,-0.4104503799362371,-1.2605361590446047,-1.4657613490127233,-0.00451965939981827,31.320742487599873,2.3243813238051794,4.297947152705268,-1.622750333994997,32539.0,7.800000000000011,1.0,13.269999999999982,20.0,0.04147652684878409,7.800000000000011,20.0,0.02367582334193356,1.0,2.5,-0.4104503799362371,-1.4657613490127233,-1.2605361590446047,31.320742487599873,2.3243813238051794,4.297947152705268,-1.622750333994997,17.18741231269993,28.69128458387114,42.16284968384196,-0.04971877816103447,0.08363127623193081,0.10899999999998045,0.0,0.160000000000025,0.0,20644.0,20644.0,2022-03-08,2022-03-08 16:35:00,4.678998911860722,193.0,1.0,best_within_2.0d,20836.0,336.7,0.5832424107187206,4.3760036431226785,32.22527881040892,0.012230020343504162,2.285057100371749,15.890706319702602,0.006381710269403211,0.871137905048984,13.269999999999982,20.0,0.04147652684878409,7.800000000000011,20.0,0.02367582334193356,1.0,0.00402220134195386,1.9444468750000041,16.553125,0.005470102952261012,0.0,0
20644.0,2022-03-08 16:40:00,321.69,321.7,321.53,321.61,29563.0,2s,2s,1.0,buy,False,0.8801808590806347,4.163492493946733,28.239017640954685,0.011578080659927173,-0.31190769444572286,-1.29952462085032,-1.4554784680731814,-0.0044907195326065515,31.150228865071938,2.912704998811363,3.836199768073966,1.0657154602861567,29563.0,7.920000000000016,1.0,13.269999999999982,20.0,0.04147652684878409,7.920000000000016,21.0,0.02404006677796332,1.0,2.5,-0.31190769444572286,-1.4554784680731814,-1.29952462085032,31.150228865071938,2.912704998811363,3.836199768073966,1.0657154602861567,19.284230079022677,22.195636432327035,39.65256343122527,-0.024868662376817462,0.052872204770943905,0.009999999999990905,0.08000000000004093,0.07999999999998408,0.0,20645.0,20645.0,2022-03-08,2022-03-08 16:40:00,4.69201828301358,192.0,1.0,best_within_2.0d,20836.0,336.7,0.5832424107187206,4.3760036431226785,32.22527881040892,0.012230020343504162,2.285057100371749,15.890706319702602,0.006381710269403211,0.8801808590806347,13.269999999999982,20.0,0.04147652684878409,7.920000000000016,21.0,0.02404006677796332,1.0,0.00402220134195386,1.9444468750000041,16.553125,0.005470102952261012,1.0,0
20655.0,2022-03-08 17:35:00,331.4,331.46,330.97,331.46,13409.0,1,1,1.0,buy,False,2.0858520300457677,6.829999999999984,76.0,0.0202190645352279,0.19846190656548157,-0.7034621378875686,-0.6042311846048278,-0.0018182608115510721,37.33170484550824,29.50950361612489,31.74098390093655,25.04654304650157,13409.0,6.829999999999984,1.0,6.829999999999984,76.0,0.0202190645352279,6.829999999999984,76.0,0.0202190645352279,1.0,1.0,0.19846190656548157,-0.6042311846048278,-0.7034621378875686,37.33170484550824,29.50950361612489,31.74098390093655,25.04654304650157,14.177693761813615,36.483931947068854,41.45742055113725,0.018105009052505214,0.14804967217571147,0.0,0.42999999999995,0.060000000000002274,1.0,20656.0,20656.0,2022-03-08,2022-03-08 17:35:00,1.5808845712906563,181.0,1.0,best_within_2.0d,20836.0,336.7,0.5832424107187206,4.3760036431226785,32.22527881040892,0.012230020343504162,2.285057100371749,15.890706319702602,0.006381710269403211,0.4929364202292669,5.6011759621451125,36.843533123028394,0.015614239272951093,2.82998018927445,22.52492113564669,0.007835530045022196,1.8630914826498424,0.00402220134195386,1.9444468750000041,16.553125,0.005470102952261012,0.0,0
20690.0,2022-03-09 04:30:00,329.03,329.55,329.03,329.55,8317.0,1,1,0.0,sell,False,0.6401752414252458,8.020000000000039,47.0,0.024943240133113675,1.1061314175319996,1.0977854900295219,1.6508511987955217,0.005072326769552804,87.65152766156595,95.59531679907143,90.24120282231209,106.30354475259008,8317.0,8.020000000000039,1.0,8.020000000000039,47.0,0.024943240133113675,8.020000000000039,47.0,0.024943240133113675,1.0,1.0,1.1061314175319996,1.6508511987955217,1.0977854900295219,87.65152766156595,95.59531679907143,90.24120282231209,106.30354475259008,67.90890269151222,4.244306418219734,66.48475867932287,0.15804030027658228,0.15804030027658228,0.0,0.0,0.5200000000000387,1.0,20691.0,20691.0,2022-03-09,2022-03-09 04:30:00,2.6763768775603074,365.0,1.0,best_within_2.0d,21055.0,320.73,0.5832424107187206,4.3760036431226785,32.22527881040892,0.012230020343504162,2.285057100371749,15.890706319702602,0.006381710269403211,0.4929364202292669,5.6011759621451125,36.843533123028394,0.015614239272951093,2.82998018927445,22.52492113564669,0.007835530045022196,1.8630914826498424,0.00402220134195386,1.9444468750000041,16.553125,0.005470102952261012,0.0,1
20691.0,2022-03-09 04:35:00,329.51,329.66,329.36,329.52,4323.0,1,1,0.0,sell,False,0.640175241425246,8.130000000000052,48.0,0.025285354399278613,0.9964460702132114,1.2223412488061733,1.720564283912779,0.005281646192998574,87.17771040608294,96.2844682945393,92.25562464638782,104.34215559084225,4323.0,8.130000000000052,1.0,8.130000000000052,48.0,0.025285354399278613,8.130000000000052,48.0,0.025285354399278613,1.0,1.0,0.9964460702132114,1.720564283912779,1.2223412488061733,87.17771040608294,96.2844682945393,92.25562464638782,104.34215559084225,67.49740394600269,4.257528556594239,68.03107165767592,0.003034809262235108,0.09108574204518198,0.1400000000000432,0.14999999999997726,0.009999999999990905,1.0,20692.0,20692.0,2022-03-09,2022-03-09 04:35:00,2.6675163874726766,364.0,1.0,best_within_2.0d,21055.0,320.73,0.5832424107187206,4.3760036431226785,32.22527881040892,0.012230020343504162,2.285057100371749,15.890706319702602,0.006381710269403211,0.4929364202292669,5.6011759621451125,36.843533123028394,0.015614239272951093,2.82998018927445,22.52492113564669,0.007835530045022196,1.8630914826498424,0.00402220134195386,1.9444468750000041,16.553125,0.005470102952261012,0.0,1
20692.0,2022-03-09 04:40:00,329.67,330.16,329.67,330.03,26643.0,1,1,0.0,sell,False,0.6401752414253158,8.630000000000052,49.0,0.0268404192454827,0.9182683833346355,1.3371247967230029,1.7962589883903206,0.005508662574961211,88.33240306693487,95.68682067093506,93.39935665457023,100.26174870366475,26643.0,8.630000000000052,1.0,8.630000000000052,49.0,0.0268404192454827,8.630000000000052,49.0,0.0268404192454827,1.0,1.0,0.9182683833346355,1.7962589883903206,1.3371247967230029,88.33240306693487,95.68682067093506,93.39935665457023,100.26174870366475,71.21057985757912,2.136317395727726,69.89847777366711,0.10920010920009608,0.14863348196681805,0.1300000000000523,0.0,0.3599999999999568,1.0,20693.0,20693.0,2022-03-09,2022-03-09 04:40:00,2.817925643123339,363.0,1.0,best_within_2.0d,21055.0,320.73,0.5832424107187206,4.3760036431226785,32.22527881040892,0.012230020343504162,2.285057100371749,15.890706319702602,0.006381710269403211,0.4929364202292669,5.6011759621451125,36.843533123028394,0.015614239272951093,2.82998018927445,22.52492113564669,0.007835530045022196,1.8630914826498424,0.00402220134195386,1.9444468750000041,16.553125,0.005470102952261012,0.0,1
20694.0,2022-03-09 04:50:00,329.85,330.55,329.85,330.21,7735.0,1,1,0.0,sell,False,0.6401752414253161,9.020000000000039,51.0,0.028053369825521847,0.6529605663608171,1.5133927929044053,1.8398730760848139,0.005632815811931392,84.85069154404053,89.72677016412598,91.62193920083321,85.93643209071152,7735.0,9.020000000000039,1.0,9.020000000000039,51.0,0.028053369825521847,9.020000000000039,51.0,0.028053369825521847,1.0,1.0,0.6529605663608171,1.8398730760848139,1.5133927929044053,84.85069154404053,89.72677016412598,91.62193920083321,85.93643209071152,71.11947318908808,2.163687676387754,73.13067062978062,0.10914051841744937,0.21221767470061803,0.34000000000003183,0.0,0.3599999999999568,1.0,20695.0,20695.0,2022-03-09,2022-03-09 04:50:00,2.8709003361497114,361.0,1.0,best_within_2.0d,21055.0,320.73,0.5832424107187206,4.3760036431226785,32.22527881040892,0.012230020343504162,2.285057100371749,15.890706319702602,0.006381710269403211,0.4929364202292669,5.6011759621451125,36.843533123028394,0.015614239272951093,2.82998018927445,22.52492113564669,0.007835530045022196,1.8630914826498424,0.00402220134195386,1.9444468750000041,16.553125,0.005470102952261012,0.0,1
20697.0,2022-03-09 05:05:00,330.48,330.7,330.23,330.23,2740.0,1,1,0.0,sell,False,0.640175241425246,9.170000000000016,54.0,0.028519889279383003,0.2791590567417801,1.6711009588995274,1.8106804872704174,0.005530477424584001,82.12479710598186,85.17400196681172,89.45798627384124,76.60603335275266,2740.0,9.170000000000016,1.0,9.170000000000016,54.0,0.028519889279383003,9.170000000000016,54.0,0.028519889279383003,1.0,1.0,0.2791590567417801,1.8106804872704174,1.6711009588995274,82.12479710598186,85.17400196681172,89.45798627384124,76.60603335275266,64.50216450216483,2.0779220779221546,77.25001127433386,-0.0756475429678044,0.14232504617992622,0.21999999999997044,0.0,0.25,0.0,20698.0,20698.0,2022-03-09,2022-03-09 05:05:00,2.876782848317839,358.0,1.0,best_within_2.0d,21055.0,320.73,0.5832424107187206,4.3760036431226785,32.22527881040892,0.012230020343504162,2.285057100371749,15.890706319702602,0.006381710269403211,0.4929364202292669,5.6011759621451125,36.843533123028394,0.015614239272951093,2.82998018927445,22.52492113564669,0.007835530045022196,1.8630914826498424,0.00402220134195386,1.9444468750000041,16.553125,0.005470102952261012,1.0,1
20703.0,2022-03-09 05:35:00,330.5,330.84,330.35,330.38,15753.0,1,1,0.0,sell,False,0.640175241425246,9.310000000000002,60.0,0.028955307436320105,-0.3174165077750635,1.5830997937308022,1.4243915398432705,0.004336515466161875,76.17134005840174,58.79410550937138,66.43272093330486,43.5168746615044,15753.0,9.310000000000002,1.0,9.310000000000002,60.0,0.028955307436320105,9.310000000000002,60.0,0.028955307436320105,1.0,1.0,-0.3174165077750635,1.4243915398432705,1.5830997937308022,76.17134005840174,58.79410550937138,66.43272093330486,43.5168746615044,33.93103448275755,7.034482758621348,74.24758270684525,-0.03630862329803466,0.14832753140607,0.339999999999975,0.029999999999972715,0.12000000000000455,0.0,20704.0,20704.0,2022-03-09,2022-03-09 05:35:00,2.9208789878321864,352.0,1.0,best_within_2.0d,21055.0,320.73,0.5832424107187206,4.3760036431226785,32.22527881040892,0.012230020343504162,2.285057100371749,15.890706319702602,0.006381710269403211,0.4929364202292669,5.6011759621451125,36.843533123028394,0.015614239272951093,2.82998018927445,22.52492113564669,0.007835530045022196,1.8630914826498424,0.00402220134195386,1.9444468750000041,16.553125,0.005470102952261012,1.0,1
20707.0,2022-03-09 05:55:00,329.84,329.84,329.42,329.5,43833.0,2s,2s,1.0,buy,False,0.28560663149962084,4.163492493946733,28.239017640954685,0.011578080659927173,-0.5953531990717629,1.360007197825686,1.0623305982898046,0.0032300895441777977,58.41032745854982,30.797188319518245,48.56083588368264,-4.730106808810547,43833.0,1.419999999999959,1.0,13.269999999999982,20.0,0.04147652684878409,1.419999999999959,5.0,0.004292104944988391,2.0,2.5,-0.5953531990717629,1.0623305982898046,1.360007197825686,58.41032745854982,30.797188319518245,48.56083588368264,-4.730106808810547,21.92151556156859,17.86197564276147,64.11530478324296,-0.10308028134852504,0.12749681257967307,0.0,0.07999999999998408,0.339999999999975,0.0,20708.0,20708.0,2022-03-09,2022-03-09 05:55:00,2.1851289833080387,129.0,1.0,best_within_2.0d,20836.0,336.7,0.5832424107187206,4.3760036431226785,32.22527881040892,0.012230020343504162,2.285057100371749,15.890706319702602,0.006381710269403211,0.28560663149962084,13.269999999999982,20.0,0.04147652684878409,1.419999999999959,5.0,0.004292104944988391,2.0,0.00402220134195386,1.9444468750000041,16.553125,0.005470102952261012,0.0,0
20708.0,2022-03-09 06:00:00,329.59,329.71,329.37,329.55,36045.0,2s,2s,1.0,buy,False,0.28937452901280936,4.163492493946733,28.239017640954685,0.011578080659927173,-0.6530045095172996,1.2783816341360237,0.9518793793773739,0.002893822084499065,58.90657501373816,24.61309153274029,40.57825443336852,-7.317234268516174,36045.0,1.4699999999999704,1.0,13.269999999999982,20.0,0.04147652684878409,1.4699999999999704,6.0,0.0044432354007978795,2.0,2.5,-0.6530045095172996,0.9518793793773739,1.2783816341360237,58.90657501373816,24.61309153274029,40.57825443336852,-7.317234268516174,15.362318840578398,19.8550724637694,60.44686884487545,-0.012136290542784558,0.10322737347055741,0.12000000000000455,0.18000000000000682,0.03999999999996362,0.0,20709.0,20709.0,2022-03-09,2022-03-09 06:00:00,2.1696252465483163,128.0,1.0,best_within_2.0d,20836.0,336.7,0.5832424107187206,4.3760036431226785,32.22527881040892,0.012230020343504162,2.285057100371749,15.890706319702602,0.006381710269403211,0.28937452901280936,13.269999999999982,20.0,0.04147652684878409,1.4699999999999704,6.0,0.0044432354007978795,2.0,0.00402220134195386,1.9444468750000041,16.553125,0.005470102952261012,1.0,0
20712.0,2022-03-09 06:20:00,330.29,330.68,329.91,330.62,18046.0,2,2,0.0,sell,False,0.8911564625850534,4.163492493946733,28.239017640954685,0.011578080659927173,-0.4322001697178264,1.008162788288478,0.7920627034295649,0.002405410171310215,65.77244681799645,60.44616852258749,46.1275626588091,89.08338025014427,18046.0,1.3100000000000023,1.0,1.4699999999999704,6.0,0.0044432354007978795,1.3100000000000023,5.0,0.003977289977836483,2.0,2.0,-0.4322001697178264,0.7920627034295649,1.008162788288478,65.77244681799645,60.44616852258749,46.1275626588091,89.08338025014427,25.27027027027003,17.70270270270306,46.752167249314326,0.09991219837112357,0.23339698705707063,0.060000000000002274,0.37999999999999545,0.3299999999999841,1.0,20713.0,20713.0,2022-03-09,2022-03-09 06:20:00,2.991349585627,343.0,1.0,best_within_2.0d,21055.0,320.73,0.8911564625850534,1.4699999999999704,6.0,0.0044432354007978795,1.3100000000000023,5.0,0.003977289977836483,0.4929364202292669,5.6011759621451125,36.843533123028394,0.015614239272951093,2.82998018927445,22.52492113564669,0.007835530045022196,1.8630914826498424,0.00402220134195386,1.9444468750000041,16.553125,0.005470102952261012,0.0,1
20713.0,2022-03-09 06:25:00,330.79,330.99,330.27,330.27,5628.0,1,1,0.0,sell,False,5.3385752438069366e-08,1.6200000000000045,6.0,0.004918480735950465,-0.41486085086435986,0.9563051819304331,0.7488747564982532,0.0022737485596809985,60.98220111987524,58.81596420024299,50.35702983928706,75.73383292215483,5628.0,1.6200000000000045,1.0,1.6200000000000045,6.0,0.004918480735950465,1.6200000000000045,6.0,0.004918480735950465,1.0,1.0,-0.41486085086435986,0.7488747564982532,0.9563051819304331,60.98220111987524,58.81596420024299,50.35702983928706,75.73383292215483,27.968337730871042,17.282321899736345,45.099523899352896,-0.1571994316636049,0.21800345172132718,0.19999999999998863,0.0,0.5200000000000387,0.0,20714.0,20714.0,2022-03-09,2022-03-09 06:25:00,2.888545735307465,342.0,1.0,best_within_2.0d,21055.0,320.73,0.5832424107187206,4.3760036431226785,32.22527881040892,0.012230020343504162,2.285057100371749,15.890706319702602,0.006381710269403211,0.4929364202292669,5.6011759621451125,36.843533123028394,0.015614239272951093,2.82998018927445,22.52492113564669,0.007835530045022196,1.8630914826498424,0.00402220134195386,1.9444468750000041,16.553125,0.005470102952261012,1.0,1
20717.0,2022-03-09 06:45:00,329.29,329.69,329.19,329.69,12129.0,2s,2s,1.0,buy,False,0.3029389600602854,4.163492493946733,28.239017640954685,0.011578080659927173,-0.5044885247415727,0.7257843237055315,0.47354006133474513,0.0014372505860491423,53.21776277933372,33.22617256133867,41.908395446429026,15.861726791157963,12129.0,1.8000000000000114,1.0,13.269999999999982,20.0,0.04147652684878409,1.8000000000000114,5.0,0.005438230762258712,3.0,2.5,-0.5044885247415727,0.47354006133474513,0.7257843237055315,53.21776277933372,33.22617256133867,41.908395446429026,15.861726791157963,18.386243386244093,29.497354497354202,37.65070574844193,0.12147347323027644,0.1518879674352198,0.0,0.10000000000002274,0.39999999999997726,1.0,20718.0,20718.0,2022-03-09,2022-03-09 06:45:00,2.1262398010252026,119.0,1.0,best_within_2.0d,20836.0,336.7,0.5832424107187206,4.3760036431226785,32.22527881040892,0.012230020343504162,2.285057100371749,15.890706319702602,0.006381710269403211,0.3029389600602854,13.269999999999982,20.0,0.04147652684878409,1.8000000000000114,5.0,0.005438230762258712,3.0,0.00402220134195386,1.9444468750000041,16.553125,0.005470102952261012,0.0,0
20720.0,2022-03-09 07:00:00,329.52,329.65,328.95,329.65,71503.0,2s,2s,1.0,buy,False,0.32102486812358677,4.163492493946733,28.239017640954685,0.011578080659927173,-0.4527556269381008,0.5518783838476586,0.32550057037860824,0.0009877967861682013,52.20954457300353,31.653070737128694,34.96361927899017,25.03197365340573,71503.0,2.0400000000000205,1.0,13.269999999999982,20.0,0.04147652684878409,2.0400000000000205,8.0,0.006163328197226564,3.0,2.5,-0.4527556269381008,0.32550057037860824,0.5518783838476586,52.20954457300353,31.653070737128694,34.96361927899017,25.03197365340573,23.13937753721281,33.558863328822014,33.28856787308159,0.03945132313668228,0.21279829761361563,0.0,0.5699999999999932,0.12999999999999545,1.0,20721.0,20721.0,2022-03-09,2022-03-09 07:00:00,2.1386318822994124,116.0,1.0,best_within_2.0d,20836.0,336.7,0.5832424107187206,4.3760036431226785,32.22527881040892,0.012230020343504162,2.285057100371749,15.890706319702602,0.006381710269403211,0.32102486812358677,13.269999999999982,20.0,0.04147652684878409,2.0400000000000205,8.0,0.006163328197226564,3.0,0.00402220134195386,1.9444468750000041,16.553125,0.005470102952261012,1.0,0
20729.0,2022-03-09 07:45:00,330.35,330.6,330.0,330.0,30416.0,2,2,0.0,sell,False,0.8088235294117733,4.163492493946733,28.239017640954685,0.011578080659927173,-0.12866697532340388,0.30485380682806645,0.24052031916636452,0.0007292708280417233,52.79590667200658,69.30795685729042,71.11254848534183,65.69877360118758,30416.0,1.650000000000034,1.0,2.0400000000000205,8.0,0.006163328197226564,1.650000000000034,10.0,0.0050159598723211254,2.0,2.0,-0.12866697532340388,0.24052031916636452,0.30485380682806645,52.79590667200658,69.30795685729042,71.11254848534183,65.69877360118758,26.25368731563454,24.041297935103913,19.98206411743973,-0.10594823671863864,0.1818181818181887,0.25,0.0,0.35000000000002274,0.0,20730.0,20730.0,2022-03-09,2022-03-09 07:45:00,2.8090909090909033,326.0,1.0,best_within_2.0d,21055.0,320.73,0.8088235294117733,2.0400000000000205,8.0,0.006163328197226564,1.650000000000034,10.0,0.0050159598723211254,0.4929364202292669,5.6011759621451125,36.843533123028394,0.015614239272951093,2.82998018927445,22.52492113564669,0.007835530045022196,1.8630914826498424,0.00402220134195386,1.9444468750000041,16.553125,0.005470102952261012,0.0,1
20730.0,2022-03-09 07:50:00,330.26,330.63,330.19,330.52,38324.0,2,2,0.0,sell,False,0.823529411764701,4.163492493946733,28.239017640954685,0.011578080659927173,-0.07143128027908474,0.29592489679318085,0.2602092566536385,0.0007888428572883179,58.2827942508233,76.14357617646475,72.78955771571614,82.85161309796194,38324.0,1.6800000000000068,1.0,2.0400000000000205,8.0,0.006163328197226564,1.6800000000000068,11.0,0.005107159142726879,2.0,2.0,-0.07143128027908474,0.2602092566536385,0.29592489679318085,58.2827942508233,76.14357617646475,72.78955771571614,82.85161309796194,26.384839650145754,15.743440233236717,20.35902493554636,0.0787258523587449,0.13325660983070284,0.11000000000001364,0.06999999999999318,0.2599999999999909,1.0,20731.0,20731.0,2022-03-09,2022-03-09 07:50:00,2.9619992738714642,325.0,1.0,best_within_2.0d,21055.0,320.73,0.823529411764701,2.0400000000000205,8.0,0.006163328197226564,1.6800000000000068,11.0,0.005107159142726879,0.4929364202292669,5.6011759621451125,36.843533123028394,0.015614239272951093,2.82998018927445,22.52492113564669,0.007835530045022196,1.8630914826498424,0.00402220134195386,1.9444468750000041,16.553125,0.005470102952261012,0.0,1
20731.0,2022-03-09 07:55:00,330.54,330.92,330.31,330.82,40409.0,2,2,0.0,sell,False,0.9656862745098076,4.163492493946733,28.239017640954685,0.011578080659927173,0.0010823069785836914,0.2960601851655038,0.29660133865479565,0.0008989746382416618,61.09262962269662,81.29459700279658,75.62457081140963,92.63464938557047,40409.0,1.9700000000000273,1.0,2.0400000000000205,8.0,0.006163328197226564,1.9700000000000273,12.0,0.005988752089983364,2.0,2.0,0.0010823069785836914,0.29660133865479565,0.2960601851655038,61.09262962269662,81.29459700279658,75.62457081140963,92.63464938557047,30.12912482066018,13.773314203730742,21.565873294491844,0.08470986869969525,0.1846750022705984,0.10000000000002274,0.2300000000000182,0.2799999999999727,1.0,20732.0,20732.0,2022-03-09,2022-03-09 07:55:00,3.0499969772081417,324.0,1.0,best_within_2.0d,21055.0,320.73,0.9656862745098076,2.0400000000000205,8.0,0.006163328197226564,1.9700000000000273,12.0,0.005988752089983364,0.4929364202292669,5.6011759621451125,36.843533123028394,0.015614239272951093,2.82998018927445,22.52492113564669,0.007835530045022196,1.8630914826498424,0.00402220134195386,1.9444468750000041,16.553125,0.005470102952261012,0.0,1
20732.0,2022-03-09 08:00:00,329.48,331.4,323.54,325.0,205084.0,1,1,0.0,sell,False,0.0005777977242067692,2.4499999999999886,13.0,0.007447940416476634,-0.701760172898393,0.20834016355320467,-0.14253992289599182,-0.00043250596576838504,25.379253043893115,60.38808587294151,70.54574249858692,40.0727726216507,205084.0,2.4499999999999886,1.0,2.4499999999999886,13.0,0.007447940416476634,2.4499999999999886,13.0,0.007447940416476634,1.0,1.0,-0.701760172898393,-0.14253992289599182,0.20834016355320467,25.379253043893115,60.38808587294151,70.54574249858692,40.0727726216507,12.26740179186789,53.27360441075136,24.494433794487176,-1.359718344057308,2.4293750386350856,1.919999999999959,1.4599999999999795,4.480000000000018,0.0,20733.0,20733.0,2022-03-09,2022-03-09 08:00:00,1.3138461538461483,323.0,1.0,best_within_2.0d,21055.0,320.73,0.5832424107187206,4.3760036431226785,32.22527881040892,0.012230020343504162,2.285057100371749,15.890706319702602,0.006381710269403211,0.4929364202292669,5.6011759621451125,36.843533123028394,0.015614239272951093,2.82998018927445,22.52492113564669,0.007835530045022196,1.8630914826498424,0.00402220134195386,1.9444468750000041,16.553125,0.005470102952261012,1.0,1
20738.0,2022-03-09 08:30:00,331.29,331.85,331.07,331.66,93611.0,1,1,0.0,sell,False,0.15898826524467746,2.900000000000034,19.0,0.008815929472564323,0.29781029204188236,0.22793472869998777,0.37683987472092895,0.0011414655478272889,56.99247229474427,92.90789096710728,86.77035275966581,105.18296738199021,93611.0,2.900000000000034,1.0,2.900000000000034,19.0,0.008815929472564323,2.900000000000034,19.0,0.008815929472564323,1.0,1.0,0.29781029204188236,0.37683987472092895,0.22793472869998777,56.99247229474427,92.90789096710728,86.77035275966581,105.18296738199021,9.738372093023468,34.73837209302326,37.11480336592482,0.11168462676205274,0.23559972211315722,0.18999999999999773,0.22000000000002728,0.37000000000000455,1.0,20739.0,20739.0,2022-03-09,2022-03-09 08:30:00,3.2955436290176707,317.0,1.0,best_within_2.0d,21055.0,320.73,0.5832424107187206,4.3760036431226785,32.22527881040892,0.012230020343504162,2.285057100371749,15.890706319702602,0.006381710269403211,0.4929364202292669,5.6011759621451125,36.843533123028394,0.015614239272951093,2.82998018927445,22.52492113564669,0.007835530045022196,1.8630914826498424,0.00402220134195386,1.9444468750000041,16.553125,0.005470102952261012,1.0,1
20745.0,2022-03-09 09:05:00,330.669,332.5,330.55,332.26,311779.0,1,1,0.0,sell,False,0.15898826524464776,3.5500000000000114,26.0,0.010791913664690718,0.1296305475666093,0.3380026815142029,0.4028179552975075,0.0012186991912655407,59.26540023502396,53.84919219454739,54.9956371038535,51.55630237593519,311779.0,3.5500000000000114,1.0,3.5500000000000114,26.0,0.010791913664690718,3.5500000000000114,26.0,0.010791913664690718,1.0,1.0,0.1296305475666093,0.4028179552975075,0.3380026815142029,59.26540023502396,53.84919219454739,54.9956371038535,51.55630237593519,14.265926065687834,36.539178374696945,46.20557484726574,0.48114579836634463,0.589925881107242,0.2400000000000091,0.11899999999997135,1.5910000000000082,1.0,20746.0,20746.0,2022-03-09,2022-03-09 09:05:00,3.4701739601516803,310.0,1.0,best_within_2.0d,21055.0,320.73,0.5832424107187206,4.3760036431226785,32.22527881040892,0.012230020343504162,2.285057100371749,15.890706319702602,0.006381710269403211,0.4929364202292669,5.6011759621451125,36.843533123028394,0.015614239272951093,2.82998018927445,22.52492113564669,0.007835530045022196,1.8630914826498424,0.00402220134195386,1.9444468750000041,16.553125,0.005470102952261012,0.0,1
20746.0,2022-03-09 09:10:00,332.3,332.67,330.79,331.04,450648.0,1,1,0.0,sell,False,0.15898826524467816,3.7200000000000273,27.0,0.01130870953032384,0.06950590035736737,0.3466909190588738,0.38144386923755746,0.001153901695806993,52.50747489451731,47.14607392915664,52.37911604562121,36.67998969622751,450648.0,3.7200000000000273,1.0,3.7200000000000273,27.0,0.01130870953032384,3.7200000000000273,27.0,0.01130870953032384,1.0,1.0,0.06950590035736737,0.38144386923755746,0.3466909190588738,52.50747489451731,47.14607392915664,52.37911604562121,36.67998969622751,20.761772941124462,7.428524263338124,46.28355502226798,-0.3791754438760129,0.5683364067837587,0.37000000000000455,0.25,1.259999999999991,0.0,20747.0,20747.0,2022-03-09,2022-03-09 09:10:00,3.114427259545675,309.0,1.0,best_within_2.0d,21055.0,320.73,0.5832424107187206,4.3760036431226785,32.22527881040892,0.012230020343504162,2.285057100371749,15.890706319702602,0.006381710269403211,0.4929364202292669,5.6011759621451125,36.843533123028394,0.015614239272951093,2.82998018927445,22.52492113564669,0.007835530045022196,1.8630914826498424,0.00402220134195386,1.9444468750000041,16.553125,0.005470102952261012,1.0,1
20754.0,2022-03-09 09:50:00,330.29,330.8,329.09,329.58,1141878.0,2s,2s,1.0,buy,False,0.3104747550866624,4.163492493946733,28.239017640954685,0.011578080659927173,-0.38748172427584954,0.24561079735763794,0.05186993521971317,0.00015688282480233253,43.96567850491607,24.263716854827624,33.0834409637126,6.624268637057682,1141878.0,3.580000000000041,1.0,13.269999999999982,20.0,0.04147652684878409,3.580000000000041,9.0,0.010761415216280521,4.0,2.5,-0.38748172427584954,0.05186993521971317,0.24561079735763794,43.96567850491607,24.263716854827624,33.0834409637126,6.624268637057682,20.12598425196839,21.92125984252044,35.42340324208254,-0.2149626086166812,0.5196146950682295,0.5099999999999909,0.4900000000000091,0.7100000000000364,0.0,20755.0,20755.0,2022-03-09,2022-03-09 09:50:00,2.1603252624552476,82.0,1.0,best_within_2.0d,20836.0,336.7,0.5832424107187206,4.3760036431226785,32.22527881040892,0.012230020343504162,2.285057100371749,15.890706319702602,0.006381710269403211,0.3104747550866624,13.269999999999982,20.0,0.04147652684878409,3.580000000000041,9.0,0.010761415216280521,4.0,0.00402220134195386,1.9444468750000041,16.553125,0.005470102952261012,1.0,0
20763.0,2022-03-09 10:35:00,332.44,332.95,332.145,332.705,634281.0,1,1,0.0,sell,False,0.14565135771987323,3.8600000000000136,10.0,0.011729314169376202,0.2694678638856679,0.3794572033810926,0.5141911353239266,0.001551520971382975,59.70083617119683,88.61471266121507,81.6401484541894,102.56384107526637,634281.0,3.8600000000000136,1.0,3.8600000000000136,10.0,0.011729314169376202,3.8600000000000136,10.0,0.011729314169376202,1.0,1.0,0.2694678638856679,0.5141911353239266,0.3794572033810926,59.70083617119683,88.61471266121507,81.6401484541894,102.56384107526637,13.77939114814041,19.776224819962327,25.57580219659091,0.07971363253519022,0.24236402775896274,0.24500000000000455,0.2950000000000159,0.26499999999998636,1.0,20764.0,20764.0,2022-03-09,2022-03-09 10:35:00,3.5992846515681958,292.0,1.0,best_within_2.0d,21055.0,320.73,0.5832424107187206,4.3760036431226785,32.22527881040892,0.012230020343504162,2.285057100371749,15.890706319702602,0.006381710269403211,0.4929364202292669,5.6011759621451125,36.843533123028394,0.015614239272951093,2.82998018927445,22.52492113564669,0.007835530045022196,1.8630914826498424,0.00402220134195386,1.9444468750000041,16.553125,0.005470102952261012,0.0,1
20764.0,2022-03-09 10:40:00,332.71,332.99,332.3,332.3701,475484.0,1,1,0.0,sell,False,0.14565135771976417,3.900000000000034,11.0,0.011850861466468243,0.21141767177487236,0.4058844123529516,0.5115932482403878,0.001543351260233169,56.9069615140254,84.17740472235012,82.48590054357629,87.56041307989778,475484.0,3.900000000000034,1.0,3.900000000000034,11.0,0.011850861466468243,3.900000000000034,11.0,0.011850861466468243,1.0,1.0,0.21141767177487236,0.5115932482403878,0.4058844123529516,56.9069615140254,84.17740472235012,82.48590054357629,87.56041307989778,14.82213438735189,15.527950310559444,23.915072139359406,-0.10216104114694483,0.20764369545591263,0.28000000000002956,0.07009999999996808,0.3399000000000001,0.0,20765.0,20765.0,2022-03-09,2022-03-09 10:40:00,3.5021501633269545,291.0,1.0,best_within_2.0d,21055.0,320.73,0.5832424107187206,4.3760036431226785,32.22527881040892,0.012230020343504162,2.285057100371749,15.890706319702602,0.006381710269403211,0.4929364202292669,5.6011759621451125,36.843533123028394,0.015614239272951093,2.82998018927445,22.52492113564669,0.007835530045022196,1.8630914826498424,0.00402220134195386,1.9444468750000041,16.553125,0.005470102952261012,0.0,1
20766.0,2022-03-09 10:50:00,332.74,333.17,332.22,332.49,500610.0,1,1,0.0,sell,False,0.14565135771971546,4.080000000000041,13.0,0.012397824303382179,0.14850747612244353,0.44991805168624827,0.52417178974747,0.0015805302528273711,56.99194052709317,80.70910928464063,82.58423188244198,76.95886408903792,500610.0,4.080000000000041,1.0,4.080000000000041,13.0,0.012397824303382179,4.080000000000041,13.0,0.012397824303382179,1.0,1.0,0.14850747612244353,0.52417178974747,0.44991805168624827,56.99194052709317,80.70910928464063,82.58423188244198,76.95886408903792,15.93075765178146,14.60737581535459,21.32648642821822,-0.07513373805373565,0.2859550900005986,0.4300000000000068,0.2699999999999818,0.25,0.0,20767.0,20767.0,2022-03-09,2022-03-09 10:50:00,3.5369484796535207,289.0,1.0,best_within_2.0d,21055.0,320.73,0.5832424107187206,4.3760036431226785,32.22527881040892,0.012230020343504162,2.285057100371749,15.890706319702602,0.006381710269403211,0.4929364202292669,5.6011759621451125,36.843533123028394,0.015614239272951093,2.82998018927445,22.52492113564669,0.007835530045022196,1.8630914826498424,0.00402220134195386,1.9444468750000041,16.553125,0.005470102952261012,0.0,1
20767.0,2022-03-09 10:55:00,332.48,333.63,332.48,333.2299,569701.0,1,1,0.0,sell,False,0.14565135771970525,4.5400000000000205,14.0,0.013795618219939897,0.19232397519884648,0.47395854858610403,0.5701205361855273,0.0017184699756851135,61.52447417553613,82.37631095166509,82.51492490551635,82.09908304396257,569701.0,4.5400000000000205,1.0,4.5400000000000205,14.0,0.013795618219939897,4.5400000000000205,14.0,0.013795618219939897,1.0,1.0,0.19232397519884648,0.5701205361855273,0.47395854858610403,61.52447417553613,82.37631095166509,82.51492490551635,82.09908304396257,18.982536066818696,11.889395089851257,21.444310231642724,0.2255474013474399,0.3458854667949883,0.400100000000009,0.0,0.7498999999999683,1.0,20768.0,20768.0,2022-03-09,2022-03-09 10:55:00,3.7511339768730148,288.0,1.0,best_within_2.0d,21055.0,320.73,0.5832424107187206,4.3760036431226785,32.22527881040892,0.012230020343504162,2.285057100371749,15.890706319702602,0.006381710269403211,0.4929364202292669,5.6011759621451125,36.843533123028394,0.015614239272951093,2.82998018927445,22.52492113564669,0.007835530045022196,1.8630914826498424,0.00402220134195386,1.9444468750000041,16.553125,0.005470102952261012,1.0,1
20771.0,2022-03-09 11:15:00,331.665,332.17,331.15,332.1,552075.0,3a,3a,1.0,buy,False,0.016475887815864905,4.163492493946733,28.239017640954685,0.011578080659927173,-0.16908719513468873,0.45295995188916766,0.3684163543218233,0.00111014950676741,52.02001047422299,40.0247130590282,54.25481688787281,11.564505401338977,552075.0,2.480000000000018,2.0,2.480000000000018,5.0,0.007433384287983749,2.480000000000018,5.0,0.007433384287983749,3.0,3.0,-0.16908719513468873,0.3684163543218233,0.45295995188916766,52.02001047422299,40.0247130590282,54.25481688787281,11.564505401338977,10.15877793663955,18.05252464444373,23.74816856075677,0.1311564379720508,0.308017514721437,0.06999999999999318,0.5150000000000432,0.4350000000000023,1.0,20772.0,20772.0,2022-03-09,2022-03-09 11:15:00,1.3851249623607242,65.0,1.0,best_within_2.0d,20836.0,336.7,0.5832424107187206,4.3760036431226785,32.22527881040892,0.012230020343504162,2.285057100371749,15.890706319702602,0.006381710269403211,0.4929364202292669,5.6011759621451125,36.843533123028394,0.015614239272951093,2.82998018927445,22.52492113564669,0.007835530045022196,1.8630914826498424,0.016475887815864905,2.480000000000018,5.0,0.007433384287983749,1.0,0
20775.0,2022-03-09 11:35:00,332.75,333.12,332.18,332.515,386531.0,2,2,0.0,sell,False,0.7943548387096826,4.163492493946733,28.239017640954685,0.011578080659927173,-0.13312676395757173,0.3595398611994556,0.2929764792206697,0.0008825316919516272,54.138359248362775,47.14098274682536,45.029728957688505,51.363490325099065,386531.0,1.9700000000000273,1.0,2.480000000000018,5.0,0.007433384287983749,1.9700000000000273,5.0,0.0059489657255021216,2.0,2.0,-0.13312676395757173,0.2929764792206697,0.3595398611994556,54.138359248362775,47.14098274682536,45.029728957688505,51.363490325099065,19.8113955147001,16.23741976384848,19.890757644814435,-0.0706235912847524,0.2829791077126852,0.37000000000000455,0.33499999999997954,0.23500000000001364,0.0,20776.0,20776.0,2022-03-09,2022-03-09 11:35:00,3.544201013488104,280.0,1.0,best_within_2.0d,21055.0,320.73,0.7943548387096826,2.480000000000018,5.0,0.007433384287983749,1.9700000000000273,5.0,0.0059489657255021216,0.4929364202292669,5.6011759621451125,36.843533123028394,0.015614239272951093,2.82998018927445,22.52492113564669,0.007835530045022196,1.8630914826498424,0.00402220134195386,1.9444468750000041,16.553125,0.005470102952261012,0.0,1
20776.0,2022-03-09 11:40:00,332.52,333.16,332.46,332.79,363865.0,2,2,0.0,sell,False,0.8104838709677552,4.163492493946733,28.239017640954685,0.011578080659927173,-0.07430966420582341,0.3502511531737277,0.313096321070816,0.0009429666448583993,55.909449625892286,55.83208373597935,48.630513883785454,70.23522344036715,363865.0,2.0100000000000477,1.0,2.480000000000018,5.0,0.007433384287983749,2.0100000000000477,6.0,0.006069756907745879,2.0,2.0,-0.07430966420582341,0.313096321070816,0.3502511531737277,55.909449625892286,55.83208373597935,48.630513883785454,70.23522344036715,20.32162573005853,16.393311464917442,19.23423915600493,0.08119812342115923,0.2105516453107278,0.37000000000000455,0.060000000000002274,0.27000000000003865,1.0,20777.0,20777.0,2022-03-09,2022-03-09 11:40:00,3.6239069683584244,279.0,1.0,best_within_2.0d,21055.0,320.73,0.8104838709677552,2.480000000000018,5.0,0.007433384287983749,2.0100000000000477,6.0,0.006069756907745879,0.4929364202292669,5.6011759621451125,36.843533123028394,0.015614239272951093,2.82998018927445,22.52492113564669,0.007835530045022196,1.8630914826498424,0.00402220134195386,1.9444468750000041,16.553125,0.005470102952261012,0.0,1
20779.0,2022-03-09 11:55:00,332.97,333.33,332.81,333.2499,320559.0,2,2,0.0,sell,False,0.8790322580645125,4.163492493946733,28.239017640954685,0.011578080659927173,0.06389817867906677,0.3589758960499842,0.3909249853895176,0.0011765965510190585,58.97360028223326,82.65766728804638,68.88008971454559,110.21282243504797,320559.0,2.180000000000007,1.0,2.480000000000018,5.0,0.007433384287983749,2.180000000000007,9.0,0.006583119432281464,2.0,2.0,0.06389817867906677,0.3909249853895176,0.3589758960499842,58.97360028223326,82.65766728804638,68.88008971454559,110.21282243504797,20.94633437035008,16.062491546057366,16.64527563816812,0.08406162717361858,0.15624530512904716,0.08009999999995898,0.160000000000025,0.2798999999999978,1.0,20780.0,20780.0,2022-03-09,2022-03-09 11:55:00,3.7569103546617737,276.0,1.0,best_within_2.0d,21055.0,320.73,0.8790322580645125,2.480000000000018,5.0,0.007433384287983749,2.180000000000007,9.0,0.006583119432281464,0.4929364202292669,5.6011759621451125,36.843533123028394,0.015614239272951093,2.82998018927445,22.52492113564669,0.007835530045022196,1.8630914826498424,0.00402220134195386,1.9444468750000041,16.553125,0.005470102952261012,0.0,1
20780.0,2022-03-09 12:00:00,333.24,333.76,333.08,333.46,412042.0,1p,1p,0.0,sell,False,0.4004161859851752,2.6100000000000136,10.0,0.007881624641401219,0.10924484502845544,0.37263150167854114,0.42725392419276886,0.001285591893491675,60.427473961570996,84.18312570976119,73.98110171295079,104.58717370338198,412042.0,2.6100000000000136,0.0,2.6100000000000136,10.0,0.007881624641401219,2.6100000000000136,0.0,0.0,1.0,1.0,0.10924484502845544,0.42725392419276886,0.37263150167854114,60.427473961570996,84.18312570976119,73.98110171295079,104.58717370338198,22.041215351074154,16.437692494030788,16.496511871728845,0.06601848517584037,0.20415515792002129,0.30000000000001137,0.160000000000025,0.21999999999997044,1.0,20781.0,20781.0,2022-03-09,2022-03-09 12:00:00,3.817549331254112,275.0,1.0,best_within_2.0d,21055.0,320.73,0.5832424107187206,4.3760036431226785,32.22527881040892,0.012230020343504162,2.285057100371749,15.890706319702602,0.006381710269403211,0.4929364202292669,5.6011759621451125,36.843533123028394,0.015614239272951093,2.82998018927445,22.52492113564669,0.007835530045022196,1.8630914826498424,0.00402220134195386,1.9444468750000041,16.553125,0.005470102952261012,1.0,1
20786.0,2022-03-09 12:30:00,333.43,334.24,333.41,334.22,513367.0,1p,1p,0.0,sell,False,0.4004161859851752,3.090000000000032,16.0,0.00933111882832563,0.10469823299077441,0.417626062465123,0.4699751789605102,0.0014124210323062706,64.1162846511486,77.00470841408868,72.94994218667296,85.11424086892015,513367.0,3.090000000000032,0.0,3.090000000000032,16.0,0.00933111882832563,3.090000000000032,0.0,0.0,1.0,1.0,0.10469823299077441,0.4699751789605102,0.417626062465123,64.1162846511486,77.00470841408868,72.94994218667296,85.11424086892015,21.61794827619195,12.251383066291107,16.104216916293293,0.2369312899259276,0.2489427431690663,0.01999999999998181,0.01999999999998181,0.7900000000000205,1.0,20787.0,20787.0,2022-03-09,2022-03-09 12:30:00,4.036263538986299,269.0,1.0,best_within_2.0d,21055.0,320.73,0.5832424107187206,4.3760036431226785,32.22527881040892,0.012230020343504162,2.285057100371749,15.890706319702602,0.006381710269403211,0.4929364202292669,5.6011759621451125,36.843533123028394,0.015614239272951093,2.82998018927445,22.52492113564669,0.007835530045022196,1.8630914826498424,0.00402220134195386,1.9444468750000041,16.553125,0.005470102952261012,0.0,1
20787.0,2022-03-09 12:35:00,334.24,335.27,334.23,335.0801,642662.0,1p,1p,0.0,sell,False,0.9756729032842518,4.1200000000000045,17.0,0.012441491771100724,0.26619112525510524,0.45089995312201114,0.5839955157495638,0.001754175363739795,69.09848612248813,82.40098840509175,76.10029092614589,95.00238336298347,642662.0,4.1200000000000045,0.0,4.1200000000000045,17.0,0.012441491771100724,4.1200000000000045,0.0,0.0,1.0,1.0,0.26619112525510524,0.5839955157495638,0.45089995312201114,69.09848612248813,82.40098840509175,76.10029092614589,95.00238336298347,31.030968691614806,6.88822208382885,19.50169709596105,0.2513463379607488,0.31116297160636797,0.18989999999996598,0.009999999999990905,0.8401000000000067,1.0,20788.0,20788.0,2022-03-09,2022-03-09 12:35:00,4.282587954342857,268.0,1.0,best_within_2.0d,21055.0,320.73,0.5832424107187206,4.3760036431226785,32.22527881040892,0.012230020343504162,2.285057100371749,15.890706319702602,0.006381710269403211,0.4929364202292669,5.6011759621451125,36.843533123028394,0.015614239272951093,2.82998018927445,22.52492113564669,0.007835530045022196,1.8630914826498424,0.00402220134195386,1.9444468750000041,16.553125,0.005470102952261012,1.0,1
20811.0,2022-03-09 14:35:00,334.77,335.09,334.62,334.82,342434.0,2,2,0.0,sell,False,0.917808219178079,4.163492493946733,28.239017640954685,0.011578080659927173,-0.00708734301649494,0.2663584616400036,0.2628147901317561,0.0007865928868756196,57.876928091900645,75.03019284265324,67.42805858936917,90.23446134922136,342434.0,2.009999999999991,1.0,2.1899999999999977,15.0,0.006532048796492372,2.009999999999991,11.0,0.0060345862855770115,2.0,2.0,-0.00708734301649494,0.2628147901317561,0.2663584616400036,57.876928091900645,75.03019284265324,67.42805858936917,90.23446134922136,19.753457606734603,21.875125275606802,16.846760347537803,0.014935627445712392,0.14045783276551624,0.2699999999999818,0.14999999999997726,0.05000000000001137,1.0,20812.0,20812.0,2022-03-09,2022-03-09 14:35:00,4.20823128845349,244.0,1.0,best_within_2.0d,21055.0,320.73,0.917808219178079,2.1899999999999977,15.0,0.006532048796492372,2.009999999999991,11.0,0.0060345862855770115,0.4929364202292669,5.6011759621451125,36.843533123028394,0.015614239272951093,2.82998018927445,22.52492113564669,0.007835530045022196,1.8630914826498424,0.00402220134195386,1.9444468750000041,16.553125,0.005470102952261012,0.0,1
20812.0,2022-03-09 14:40:00,334.83,335.16,334.61,334.83,304042.0,2,2,0.0,sell,False,0.9497716894977366,4.163492493946733,28.239017640954685,0.011578080659927173,0.020522052507896182,0.2689237182034906,0.2791847444574387,0.0008354555369577375,57.9682969054306,76.0201285617679,70.29208191350207,87.47622185829957,304042.0,2.080000000000041,1.0,2.1899999999999977,15.0,0.006532048796492372,2.080000000000041,12.0,0.006244746006965417,2.0,2.0,0.020522052507896182,0.2791847444574387,0.2689237182034906,57.9682969054306,76.0201285617679,70.29208191350207,87.47622185829957,20.916171346587788,18.958803033409087,15.99404630942287,0.0,0.1643704611338607,0.3300000000000409,0.21999999999997044,0.0,0.0,20813.0,20813.0,2022-03-09,2022-03-09 14:40:00,4.211092196039772,243.0,1.0,best_within_2.0d,21055.0,320.73,0.9497716894977366,2.1899999999999977,15.0,0.006532048796492372,2.080000000000041,12.0,0.006244746006965417,0.4929364202292669,5.6011759621451125,36.843533123028394,0.015614239272951093,2.82998018927445,22.52492113564669,0.007835530045022196,1.8630914826498424,0.00402220134195386,1.9444468750000041,16.553125,0.005470102952261012,1.0,1
20817.0,2022-03-09 15:05:00,334.95,335.8399,334.93,335.8288,643637.0,1,1,0.0,sell,False,0.4750569868150911,2.759900000000016,17.0,0.008285997357992122,0.12960891616946368,0.2730650962982872,0.337869554383019,0.0010103526284900247,65.97079619832834,78.75081051157674,70.65962088269501,94.93318976934023,643637.0,2.759900000000016,2.0,2.759900000000016,17.0,0.008285997357992122,2.759900000000016,17.0,0.008285997357992122,1.0,1.0,0.12960891616946368,0.337869554383019,0.2730650962982872,65.97079619832834,78.75081051157674,70.65962088269501,94.93318976934023,27.599460836967392,10.491565047071802,19.547230391130075,0.2623675175399351,0.2716687068939758,0.011099999999999,0.01999999999998181,0.8788000000000125,1.0,20818.0,20818.0,2022-03-09,2022-03-09 15:05:00,4.49598128570271,238.0,1.0,best_within_2.0d,21055.0,320.73,0.5832424107187206,4.3760036431226785,32.22527881040892,0.012230020343504162,2.285057100371749,15.890706319702602,0.006381710269403211,0.4929364202292669,5.6011759621451125,36.843533123028394,0.015614239272951093,2.82998018927445,22.52492113564669,0.007835530045022196,1.8630914826498424,0.00402220134195386,1.9444468750000041,16.553125,0.005470102952261012,0.0,1
20818.0,2022-03-09 15:10:00,335.82,336.08,335.47,335.7422,494035.0,1,1,0.0,sell,False,0.6995862424106241,3.0,18.0,0.00900684520235379,0.19086681632408375,0.29692344833879764,0.3923568565008395,0.0011729426806150994,64.73155174765833,79.47229175348124,73.59717783962375,91.22251958119622,494035.0,3.0,2.0,3.0,18.0,0.00900684520235379,3.0,18.0,0.00900684520235379,1.0,1.0,0.19086681632408375,0.3923568565008395,0.29692344833879764,64.73155174765833,79.47229175348124,73.59717783962375,91.22251958119622,23.857216808085514,11.211766559384607,20.7266273392536,-0.023167172890229258,0.18183444123169187,0.2599999999999909,0.272199999999998,0.0777999999999679,0.0,20819.0,20819.0,2022-03-09,2022-03-09 15:10:00,4.471347361159844,237.0,1.0,best_within_2.0d,21055.0,320.73,0.5832424107187206,4.3760036431226785,32.22527881040892,0.012230020343504162,2.285057100371749,15.890706319702602,0.006381710269403211,0.4929364202292669,5.6011759621451125,36.843533123028394,0.015614239272951093,2.82998018927445,22.52492113564669,0.007835530045022196,1.8630914826498424,0.00402220134195386,1.9444468750000041,16.553125,0.005470102952261012,0.0,1
20822.0,2022-03-09 15:30:00,335.79,336.38,335.79,336.07,534493.0,1,1,0.0,sell,False,0.7695484934359328,3.3000000000000114,22.0,0.009907529722589202,0.20834017668788374,0.39922056098584585,0.5033906493297877,0.0015032945007736648,67.20580520693227,82.33214515090083,79.56741714192852,87.86160116884545,534493.0,3.3000000000000114,2.0,3.3000000000000114,22.0,0.009907529722589202,3.3000000000000114,22.0,0.009907529722589202,1.0,1.0,0.20834017668788374,0.5033906493297877,0.39922056098584585,67.20580520693227,82.33214515090083,79.56741714192852,87.86160116884545,31.323694052071467,8.17393582811301,26.68281660567335,0.08338544923909964,0.17570505375382678,0.3100000000000023,0.0,0.2799999999999727,1.0,20823.0,20823.0,2022-03-09,2022-03-09 15:30:00,4.564525247716243,233.0,1.0,best_within_2.0d,21055.0,320.73,0.5832424107187206,4.3760036431226785,32.22527881040892,0.012230020343504162,2.285057100371749,15.890706319702602,0.006381710269403211,0.4929364202292669,5.6011759621451125,36.843533123028394,0.015614239272951093,2.82998018927445,22.52492113564669,0.007835530045022196,1.8630914826498424,0.00402220134195386,1.9444468750000041,16.553125,0.005470102952261012,1.0,1
20836.0,2022-03-09 16:40:00,335.6,337.05,335.47,336.7,427530.0,1,1,0.0,sell,False,0.7695484934359309,3.9700000000000273,36.0,0.011919058484448262,0.10976229339256527,0.16981711220274232,0.22469825889902495,0.0006705522468400076,65.1405523073875,69.2761053724812,54.844275417502665,98.13976528243826,427530.0,3.9700000000000273,2.0,3.9700000000000273,36.0,0.011919058484448262,3.9700000000000273,36.0,0.011919058484448262,1.0,1.0,0.10976229339256527,0.22469825889902495,0.16981711220274232,65.1405523073875,69.2761053724812,54.844275417502665,98.13976528243826,25.08337371376464,18.81253028532321,21.238356015547286,0.32777115613824964,0.47098101171490264,0.35000000000002274,0.12999999999999545,1.099999999999966,1.0,20837.0,20837.0,2022-03-09,2022-03-09 16:40:00,4.743094743094734,219.0,1.0,best_within_2.0d,21055.0,320.73,0.5832424107187206,4.3760036431226785,32.22527881040892,0.012230020343504162,2.285057100371749,15.890706319702602,0.006381710269403211,0.4929364202292669,5.6011759621451125,36.843533123028394,0.015614239272951093,2.82998018927445,22.52492113564669,0.007835530045022196,1.8630914826498424,0.00402220134195386,1.9444468750000041,16.553125,0.005470102952261012,1.0,1
20947.0,2022-03-10 09:55:00,329.62,331.51,329.5716,331.17,1021944.0,2,2,0.0,sell,False,0.31857318573185445,4.163492493946733,28.239017640954685,0.011578080659927173,0.12468252529749124,-0.20048856185244035,-0.13814729920369473,-0.0004183603750714507,56.92799687280273,48.818095648996106,37.439029232469366,71.57622848204957,1021944.0,2.589999999999975,1.0,8.129999999999995,108.0,0.024121050289274575,2.589999999999975,5.0,0.007874255138027407,2.0,2.0,0.12468252529749124,-0.13814729920369473,-0.20048856185244035,56.92799687280273,48.818095648996106,37.439029232469366,71.57622848204957,20.5894930233296,16.3084622816324,39.20567507189306,0.4702384564043478,0.588157474733867,0.339999999999975,0.0484000000000151,1.5500000000000114,1.0,20948.0,20948.0,2022-03-10,2022-03-10 09:55:00,3.152459461907781,108.0,1.0,best_within_2.0d,21055.0,320.73,0.31857318573185445,8.129999999999995,108.0,0.024121050289274575,2.589999999999975,5.0,0.007874255138027407,0.4929364202292669,5.6011759621451125,36.843533123028394,0.015614239272951093,2.82998018927445,22.52492113564669,0.007835530045022196,1.8630914826498424,0.00402220134195386,1.9444468750000041,16.553125,0.005470102952261012,0.0,1
20951.0,2022-03-10 10:15:00,330.49,331.98,330.345,331.8,926167.0,2,2,0.0,sell,False,0.3763837638376389,4.163492493946733,28.239017640954685,0.011578080659927173,0.3398267906683826,-0.12409142445321204,0.04582197088097928,0.0001387265876050087,59.1927359452829,63.68591897858761,49.80242894923758,91.45289903728766,926167.0,3.0600000000000023,1.0,8.129999999999995,108.0,0.024121050289274575,3.0600000000000023,9.0,0.00930317402407881,2.0,2.0,0.3398267906683826,0.04582197088097928,-0.12409142445321204,59.1927359452829,63.68591897858761,49.80242894923758,91.45289903728766,27.659336424548915,10.759171090088218,36.33263291130227,0.39638113104783873,0.49493711120192246,0.18000000000000682,0.1449999999999818,1.3100000000000023,1.0,20952.0,20952.0,2022-03-10,2022-03-10 10:15:00,3.3363471971066887,104.0,1.0,best_within_2.0d,21055.0,320.73,0.3763837638376389,8.129999999999995,108.0,0.024121050289274575,3.0600000000000023,9.0,0.00930317402407881,0.4929364202292669,5.6011759621451125,36.843533123028394,0.015614239272951093,2.82998018927445,22.52492113564669,0.007835530045022196,1.8630914826498424,0.00402220134195386,1.9444468750000041,16.553125,0.005470102952261012,1.0,1
20958.0,2022-03-10 10:50:00,329.21,329.21,327.97,328.04,918029.0,1p,1p,1.0,buy,False,0.8506185765203683,4.009999999999991,8.0,0.01207904090607865,-0.36175795131133803,-0.22654262713627293,-0.40742160279194195,-0.0012355177901451104,39.692921242503644,14.56312789272882,23.9593121788915,-4.229240679596543,918029.0,4.009999999999991,0.0,4.009999999999991,8.0,0.01207904090607865,4.009999999999991,0.0,0.0,1.0,1.0,-0.36175795131133803,-0.40742160279194195,-0.22654262713627293,39.692921242503644,14.56312789272882,23.9593121788915,-4.229240679596543,22.647607775299168,16.42236081394806,29.90894884190116,-0.35539625163268407,0.3780833612830296,0.0,0.06999999999999318,1.169999999999959,0.0,20959.0,20959.0,2022-03-10,2022-03-10 10:50:00,2.6399219607364857,226.0,1.0,best_within_2.0d,21184.0,336.7,0.5832424107187206,4.3760036431226785,32.22527881040892,0.012230020343504162,2.285057100371749,15.890706319702602,0.006381710269403211,0.4929364202292669,5.6011759621451125,36.843533123028394,0.015614239272951093,2.82998018927445,22.52492113564669,0.007835530045022196,1.8630914826498424,0.00402220134195386,1.9444468750000041,16.553125,0.005470102952261012,0.0,0
20959.0,2022-03-10 10:55:00,328.02,328.21,327.58,327.88,740142.0,1p,1p,1.0,buy,False,1.0082317229181812,4.400000000000034,9.0,0.013253810470510373,-0.42878894559534475,-0.280141245335691,-0.4945357181333634,-0.0015003267147808191,38.95421215062362,11.98147920121322,19.966701186332074,-3.9889647690244843,740142.0,4.400000000000034,0.0,4.400000000000034,9.0,0.013253810470510373,4.400000000000034,0.0,0.0,1.0,1.0,-0.42878894559534475,-0.4945357181333634,-0.280141245335691,38.95421215062362,11.98147920121322,19.966701186332074,-3.9889647690244843,23.622610895034445,19.542341740437745,28.447790804508763,-0.042680324370461056,0.19231943342084237,0.18999999999999773,0.30000000000001137,0.13999999999998636,0.0,20960.0,20960.0,2022-03-10,2022-03-10 10:55:00,2.690008539709648,225.0,1.0,best_within_2.0d,21184.0,336.7,0.5832424107187206,4.3760036431226785,32.22527881040892,0.012230020343504162,2.285057100371749,15.890706319702602,0.006381710269403211,0.4929364202292669,5.6011759621451125,36.843533123028394,0.015614239272951093,2.82998018927445,22.52492113564669,0.007835530045022196,1.8630914826498424,0.00402220134195386,1.9444468750000041,16.553125,0.005470102952261012,0.0,0
20960.0,2022-03-10 11:00:00,327.87,327.87,327.35,327.6,616396.0,1p,1p,1.0,buy,False,1.126188956430483,4.6299999999999955,10.0,0.013946623290559658,-0.478954752357198,-0.3400105893803408,-0.5794879655589398,-0.0017588534811012542,37.63423560817488,9.856113189448584,16.59650518737091,-3.624670806396068,616396.0,4.6299999999999955,0.0,4.6299999999999955,10.0,0.013946623290559658,4.6299999999999955,0.0,0.0,1.0,1.0,-0.478954752357198,-0.5794879655589398,-0.3400105893803408,37.63423560817488,9.856113189448584,16.59650518737091,-3.624670806396068,24.559357983651903,21.127249724017233,26.952397545547537,-0.08234971177600324,0.15885138231250398,0.0,0.25,0.2699999999999818,0.0,20961.0,20961.0,2022-03-10,2022-03-10 11:00:00,2.777777777777767,224.0,1.0,best_within_2.0d,21184.0,336.7,0.5832424107187206,4.3760036431226785,32.22527881040892,0.012230020343504162,2.285057100371749,15.890706319702602,0.006381710269403211,0.4929364202292669,5.6011759621451125,36.843533123028394,0.015614239272951093,2.82998018927445,22.52492113564669,0.007835530045022196,1.8630914826498424,0.00402220134195386,1.9444468750000041,16.553125,0.005470102952261012,0.0,0
20961.0,2022-03-10 11:05:00,327.61,327.78,327.0,327.31,682734.0,1p,1p,1.0,buy,False,1.2135414562871014,4.980000000000018,11.0,0.01500090366889577,-0.5161047303406585,-0.4045236806729231,-0.6625760458432524,-0.002012017931320898,36.26364457074772,9.300816983190295,14.164609119310702,-0.4267672890505203,682734.0,4.980000000000018,0.0,4.980000000000018,11.0,0.01500090366889577,4.980000000000018,0.0,0.0,1.0,1.0,-0.5161047303406585,-0.6625760458432524,-0.4045236806729231,36.26364457074772,9.300816983190295,14.164609119310702,-0.4267672890505203,17.23930561680634,25.101230806238355,26.353534677593167,-0.09157229632795438,0.23853211009173475,0.16999999999995907,0.3100000000000023,0.30000000000001137,0.0,20962.0,20962.0,2022-03-10,2022-03-10 11:05:00,2.8688399376737608,223.0,1.0,best_within_2.0d,21184.0,336.7,0.5832424107187206,4.3760036431226785,32.22527881040892,0.012230020343504162,2.285057100371749,15.890706319702602,0.006381710269403211,0.4929364202292669,5.6011759621451125,36.843533123028394,0.015614239272951093,2.82998018927445,22.52492113564669,0.007835530045022196,1.8630914826498424,0.00402220134195386,1.9444468750000041,16.553125,0.005470102952261012,0.0,0
20965.0,2022-03-10 11:25:00,327.15,327.2,326.71,327.07,557135.0,1p,1p,1.0,buy,False,1.2135414562871014,5.270000000000039,15.0,0.015874450268088553,-0.37061046447968193,-0.6102690538876347,-0.7955742861274757,-0.0024197746260671243,36.39717111066702,11.832169578070706,12.86310537338344,9.77029798744524,557135.0,5.270000000000039,0.0,5.270000000000039,15.0,0.015874450268088553,5.270000000000039,0.0,0.0,1.0,1.0,-0.37061046447968193,-0.7955742861274757,-0.6102690538876347,36.39717111066702,11.832169578070706,12.86310537338344,9.77029798744524,7.0494599204093875,32.85145780882056,27.545576513168175,-0.024453614549895794,0.14998010467999423,0.05000000000001137,0.36000000000001364,0.07999999999998408,0.0,20966.0,20966.0,2022-03-10,2022-03-10 11:25:00,2.9443238450484595,219.0,1.0,best_within_2.0d,21184.0,336.7,0.5832424107187206,4.3760036431226785,32.22527881040892,0.012230020343504162,2.285057100371749,15.890706319702602,0.006381710269403211,0.4929364202292669,5.6011759621451125,36.843533123028394,0.015614239272951093,2.82998018927445,22.52492113564669,0.007835530045022196,1.8630914826498424,0.00402220134195386,1.9444468750000041,16.553125,0.005470102952261012,1.0,0
20976.0,2022-03-10 12:20:00,328.38,329.42,328.23,329.36,685044.0,2s,2s,0.0,sell,False,0.061500615006150096,4.163492493946733,28.239017640954685,0.011578080659927173,0.4942613337902604,-0.42218952543042454,-0.17505885853529435,-0.0005330306485419129,58.63569757777849,84.3133720508751,75.51674550648751,101.90662513965029,685044.0,2.7100000000000364,1.0,8.129999999999995,108.0,0.024121050289274575,2.7100000000000364,12.0,0.008294818034342495,1.0,2.5,0.4942613337902604,-0.17505885853529435,-0.42218952543042454,58.63569757777849,84.3133720508751,75.51674550648751,101.90662513965029,29.030817329165004,11.085305940152338,25.470876348236654,0.2984347402399714,0.36255065045851925,0.060000000000002274,0.14999999999997726,0.9800000000000182,1.0,20977.0,20977.0,2022-03-10,2022-03-10 12:20:00,2.620233179499634,79.0,1.0,best_within_2.0d,21055.0,320.73,0.5832424107187206,4.3760036431226785,32.22527881040892,0.012230020343504162,2.285057100371749,15.890706319702602,0.006381710269403211,0.061500615006150096,8.129999999999995,108.0,0.024121050289274575,2.7100000000000364,12.0,0.008294818034342495,1.0,0.00402220134195386,1.9444468750000041,16.553125,0.005470102952261012,0.0,1
20977.0,2022-03-10 12:25:00,329.39,329.43,328.82,328.97,442502.0,2s,2s,0.0,sell,False,0.06273062730627198,4.163492493946733,28.239017640954685,0.011578080659927173,0.5084765138095216,-0.35862996120423435,-0.10439170429947353,-0.0003178193807972883,54.61189445535634,82.87558136725039,77.96969079340846,92.68736251493425,442502.0,2.7200000000000273,1.0,8.129999999999995,108.0,0.024121050289274575,2.7200000000000273,13.0,0.008325426218971036,1.0,2.5,0.5084765138095216,-0.10439170429947353,-0.35862996120423435,54.61189445535634,82.87558136725039,77.96969079340846,92.68736251493425,28.788881535407068,10.950805206265628,26.85776445694114,-0.12750842466376,0.1855118301806501,0.040000000000020464,0.1500000000000341,0.4199999999999591,0.0,20978.0,20978.0,2022-03-10,2022-03-10 12:25:00,2.504787670608265,78.0,1.0,best_within_2.0d,21055.0,320.73,0.5832424107187206,4.3760036431226785,32.22527881040892,0.012230020343504162,2.285057100371749,15.890706319702602,0.006381710269403211,0.06273062730627198,8.129999999999995,108.0,0.024121050289274575,2.7200000000000273,13.0,0.008325426218971036,1.0,0.00402220134195386,1.9444468750000041,16.553125,0.005470102952261012,1.0,1
20982.0,2022-03-10 12:50:00,328.16,328.2719,327.4,327.495,441646.0,2,2,1.0,buy,False,0.746323529411768,4.163492493946733,28.239017640954685,0.011578080659927173,0.05732880807683144,-0.21502651099610368,-0.18636210695768796,-0.000567656060658571,42.31745251853052,25.466189793937232,42.14316474234282,-7.887760102873941,441646.0,2.0300000000000296,1.0,2.7200000000000273,13.0,0.008325426218971036,2.0300000000000296,6.0,0.006162158880490634,2.0,2.0,0.05732880807683144,-0.18636210695768796,-0.21502651099610368,42.31745251853052,25.466189793937232,42.14316474234282,-7.887760102873941,26.531063453459698,21.472474021667146,26.097844201387087,-0.20264505119454548,0.2663103237629931,0.11189999999999145,0.09500000000002728,0.6650000000000205,0.0,20983.0,20983.0,2022-03-10,2022-03-10 12:50:00,2.81072993480816,202.0,1.0,best_within_2.0d,21184.0,336.7,0.746323529411768,2.7200000000000273,13.0,0.008325426218971036,2.0300000000000296,6.0,0.006162158880490634,0.4929364202292669,5.6011759621451125,36.843533123028394,0.015614239272951093,2.82998018927445,22.52492113564669,0.007835530045022196,1.8630914826498424,0.00402220134195386,1.9444468750000041,16.553125,0.005470102952261012,0.0,0
20984.0,2022-03-10 13:00:00,327.58,328.23,327.331,327.365,353521.0,2,2,1.0,buy,False,0.7716911764705766,4.163492493946733,28.239017640954685,0.011578080659927173,-0.06065613349460408,-0.2228056404842389,-0.25313370723154094,-0.0007713220303167081,41.43274016622837,13.71922050365401,27.696462558876163,-14.235263606790298,353521.0,2.0989999999999895,1.0,2.7200000000000273,13.0,0.008325426218971036,2.0989999999999895,8.0,0.00637161157150226,2.0,2.0,-0.06065613349460408,-0.25313370723154094,-0.2228056404842389,41.43274016622837,13.71922050365401,27.696462558876163,-14.235263606790298,26.624389466372822,22.11469493242854,23.835132237897664,-0.06563282251662952,0.2746455422798332,0.6500000000000341,0.033999999999991815,0.214999999999975,0.0,20985.0,20985.0,2022-03-10,2022-03-10 13:00:00,2.851557130420167,200.0,1.0,best_within_2.0d,21184.0,336.7,0.7716911764705766,2.7200000000000273,13.0,0.008325426218971036,2.0989999999999895,8.0,0.00637161157150226,0.4929364202292669,5.6011759621451125,36.843533123028394,0.015614239272951093,2.82998018927445,22.52492113564669,0.007835530045022196,1.8630914826498424,0.00402220134195386,1.9444468750000041,16.553125,0.005470102952261012,0.0,0
20985.0,2022-03-10 13:05:00,327.35,327.93,327.3,327.56,265333.0,2,2,1.0,buy,False,0.7830882352941081,4.163492493946733,28.239017640954685,0.011578080659927173,-0.06555471435831384,-0.23099997977902814,-0.26377733695818506,-0.000803866949520098,43.679206712531546,13.215004592420222,22.869309903390846,-6.093606029521027,265333.0,2.1299999999999955,1.0,2.7200000000000273,13.0,0.008325426218971036,2.1299999999999955,9.0,0.006465713505145237,2.0,2.0,-0.06555471435831384,-0.26377733695818506,-0.23099997977902814,43.679206712531546,13.215004592420222,22.869309903390846,-6.093606029521027,24.963407577183833,22.39115881678835,22.520615056448857,0.06415151978004567,0.1924839596700261,0.37000000000000455,0.05000000000001137,0.20999999999997954,1.0,20986.0,20986.0,2022-03-10,2022-03-10 13:05:00,2.7903284894370457,199.0,1.0,best_within_2.0d,21184.0,336.7,0.7830882352941081,2.7200000000000273,13.0,0.008325426218971036,2.1299999999999955,9.0,0.006465713505145237,0.4929364202292669,5.6011759621451125,36.843533123028394,0.015614239272951093,2.82998018927445,22.52492113564669,0.007835530045022196,1.8630914826498424,0.00402220134195386,1.9444468750000041,16.553125,0.005470102952261012,1.0,0
20990.0,2022-03-10 13:30:00,328.58,329.16,328.34,328.98,419166.0,2s,2s,0.0,sell,False,0.029520295202953163,4.163492493946733,28.239017640954685,0.011578080659927173,0.28146674798729643,-0.14859763748783256,-0.007864263494184343,-2.3958839036932176e-05,57.945887699946766,73.23837063237755,54.97247752276612,109.77015685160042,419166.0,1.8600000000000136,1.0,8.129999999999995,108.0,0.024121050289274575,1.8600000000000136,6.0,0.005682859761686567,2.0,2.5,0.28146674798729643,-0.007864263494184343,-0.14859763748783256,57.945887699946766,73.23837063237755,54.97247752276612,109.77015685160042,22.588176526799735,16.94683346364351,21.614418366452064,0.12173595471423523,0.24974112200769022,0.18000000000000682,0.2400000000000091,0.4000000000000341,1.0,20991.0,20991.0,2022-03-10,2022-03-10 13:30:00,2.507751231077877,65.0,1.0,best_within_2.0d,21055.0,320.73,0.5832424107187206,4.3760036431226785,32.22527881040892,0.012230020343504162,2.285057100371749,15.890706319702602,0.006381710269403211,0.029520295202953163,8.129999999999995,108.0,0.024121050289274575,1.8600000000000136,6.0,0.005682859761686567,2.0,0.00402220134195386,1.9444468750000041,16.553125,0.005470102952261012,0.0,1
20991.0,2022-03-10 13:35:00,328.97,329.33,328.69,328.82,489235.0,2s,2s,0.0,sell,False,0.05043050430503916,4.163492493946733,28.239017640954685,0.011578080659927173,0.3010622265521884,-0.11096485916880901,0.039566254107285204,0.00012052464664739131,55.99143748041997,73.78452951846519,61.24316152133247,98.86726551273063,489235.0,2.0299999999999727,1.0,8.129999999999995,108.0,0.024121050289274575,2.0299999999999727,7.0,0.006202260922700802,2.0,2.5,0.3010622265521884,0.039566254107285204,-0.11096485916880901,55.99143748041997,73.78452951846519,61.24316152133247,98.86726551273063,24.246655409792474,16.891804130406634,21.347551738774776,-0.04559686293584038,0.19471234293710984,0.3599999999999568,0.12999999999999545,0.1500000000000341,0.0,20992.0,20992.0,2022-03-10,2022-03-10 13:35:00,2.46031263305151,64.0,1.0,best_within_2.0d,21055.0,320.73,0.5832424107187206,4.3760036431226785,32.22527881040892,0.012230020343504162,2.285057100371749,15.890706319702602,0.006381710269403211,0.05043050430503916,8.129999999999995,108.0,0.024121050289274575,2.0299999999999727,7.0,0.006202260922700802,2.0,0.00402220134195386,1.9444468750000041,16.553125,0.005470102952261012,0.0,1
20993.0,2022-03-10 13:45:00,328.51,330.05,328.51,329.98,694711.0,1p,"1p,2s",0.0,sell,False,0.8100815611831935,2.75,9.0,0.008402077604644058,0.41190752913996104,-0.026495478947194305,0.1794582856227862,0.0005464179626918611,64.42192907696497,78.85213801358105,68.95899207914115,98.63842988246085,694711.0,2.75,0.0,2.75,9.0,0.008402077604644058,2.75,0.0,0.0,1.0,1.0,0.41190752913996104,0.1794582856227862,-0.026495478947194305,64.42192907696497,78.85213801358105,68.95899207914115,98.63842988246085,31.746233862910035,8.42948655160957,23.884815464521,0.4474749627104281,0.4687832942680651,0.06999999999999318,0.0,1.4700000000000273,1.0,20994.0,20994.0,2022-03-10,2022-03-10 13:45:00,2.8032001939511484,62.0,1.0,best_within_2.0d,21055.0,320.73,0.5832424107187206,4.3760036431226785,32.22527881040892,0.012230020343504162,2.285057100371749,15.890706319702602,0.006381710269403211,0.13899138991389864,8.129999999999995,108.0,0.024121050289274575,2.75,9.0,0.008402077604644058,2.0,0.00402220134195386,1.9444468750000041,16.553125,0.005470102952261012,0.0,1
20993.0,2022-03-10 13:45:00,328.51,330.05,328.51,329.98,694711.0,2s,"1p,2s",0.0,sell,False,0.8100815611831935,2.75,9.0,0.008402077604644058,0.41190752913996104,-0.026495478947194305,0.1794582856227862,0.0005464179626918611,64.42192907696497,78.85213801358105,68.95899207914115,98.63842988246085,694711.0,2.75,0.0,2.75,9.0,0.008402077604644058,2.75,0.0,0.0,1.0,1.0,0.41190752913996104,0.1794582856227862,-0.026495478947194305,64.42192907696497,78.85213801358105,68.95899207914115,98.63842988246085,31.746233862910035,8.42948655160957,23.884815464521,0.4474749627104281,0.4687832942680651,0.06999999999999318,0.0,1.4700000000000273,1.0,20994.0,20994.0,2022-03-10,2022-03-10 13:45:00,2.8032001939511484,62.0,1.0,best_within_2.0d,21055.0,320.73,0.5832424107187206,4.3760036431226785,32.22527881040892,0.012230020343504162,2.285057100371749,15.890706319702602,0.006381710269403211,0.13899138991389864,8.129999999999995,108.0,0.024121050289274575,2.75,9.0,0.008402077604644058,2.0,0.00402220134195386,1.9444468750000041,16.553125,0.005470102952261012,0.0,1
20994.0,2022-03-10 13:50:00,329.97,330.2,329.722,329.89,571174.0,1p,"1p,2s",0.0,sell,False,0.928482691049674,2.8999999999999773,10.0,0.008860372746715481,0.4721117347256904,0.032518487893516995,0.2685743552563622,0.0008174904587677515,63.36132090474365,82.07426484856016,73.33074966894749,99.56129520778549,571174.0,2.8999999999999773,0.0,2.8999999999999773,10.0,0.008860372746715481,2.8999999999999773,0.0,0.0,1.0,1.0,0.4721117347256904,0.2685743552563622,0.032518487893516995,63.36132090474365,82.07426484856016,73.33074966894749,99.56129520778549,32.613629806304345,6.5494623862743575,26.932534664283065,-0.024244628299554784,0.14497061160614358,0.22999999999996135,0.16800000000000637,0.08000000000004093,0.0,20995.0,20995.0,2022-03-10,2022-03-10 13:50:00,2.7766831368031673,61.0,1.0,best_within_2.0d,21055.0,320.73,0.5832424107187206,4.3760036431226785,32.22527881040892,0.012230020343504162,2.285057100371749,15.890706319702602,0.006381710269403211,0.1574415744157409,8.129999999999995,108.0,0.024121050289274575,2.8999999999999773,10.0,0.008860372746715481,2.0,0.00402220134195386,1.9444468750000041,16.553125,0.005470102952261012,0.0,1
20994.0,2022-03-10 13:50:00,329.97,330.2,329.722,329.89,571174.0,2s,"1p,2s",0.0,sell,False,0.928482691049674,2.8999999999999773,10.0,0.008860372746715481,0.4721117347256904,0.032518487893516995,0.2685743552563622,0.0008174904587677515,63.36132090474365,82.07426484856016,73.33074966894749,99.56129520778549,571174.0,2.8999999999999773,0.0,2.8999999999999773,10.0,0.008860372746715481,2.8999999999999773,0.0,0.0,1.0,1.0,0.4721117347256904,0.2685743552563622,0.032518487893516995,63.36132090474365,82.07426484856016,73.33074966894749,99.56129520778549,32.613629806304345,6.5494623862743575,26.932534664283065,-0.024244628299554784,0.14497061160614358,0.22999999999996135,0.16800000000000637,0.08000000000004093,0.0,20995.0,20995.0,2022-03-10,2022-03-10 13:50:00,2.7766831368031673,61.0,1.0,best_within_2.0d,21055.0,320.73,0.5832424107187206,4.3760036431226785,32.22527881040892,0.012230020343504162,2.285057100371749,15.890706319702602,0.006381710269403211,0.1574415744157409,8.129999999999995,108.0,0.024121050289274575,2.8999999999999773,10.0,0.008860372746715481,2.0,0.00402220134195386,1.9444468750000041,16.553125,0.005470102952261012,0.0,1
20995.0,2022-03-10 13:55:00,329.9,330.26,329.59,329.885,360659.0,2s,"1p,2s",0.0,sell,False,0.9516004624450941,2.9599999999999795,11.0,0.009043690803544085,0.48386658084365625,0.09300181049897402,0.33493510092080214,0.0010191700636660668,63.298971820697204,83.3853307945625,76.68227671081917,96.7914389620492,360659.0,2.9599999999999795,0.0,2.9599999999999795,11.0,0.009043690803544085,2.9599999999999795,0.0,0.0,1.0,1.0,0.48386658084365625,0.33493510092080214,0.09300181049897402,63.298971820697204,83.3853307945625,76.68227671081917,96.7914389620492,28.791390413951103,7.722411140029591,29.13031165642727,-0.004546832373442364,0.20328286659183104,0.36000000000001364,0.2950000000000159,0.014999999999986358,0.0,20996.0,20996.0,2022-03-10,2022-03-10 13:55:00,2.7752095427194243,60.0,1.0,best_within_2.0d,21055.0,320.73,0.5832424107187206,4.3760036431226785,32.22527881040892,0.012230020343504162,2.285057100371749,15.890706319702602,0.006381710269403211,0.16482164821647918,8.129999999999995,108.0,0.024121050289274575,2.9599999999999795,11.0,0.009043690803544085,2.0,0.00402220134195386,1.9444468750000041,16.553125,0.005470102952261012,0.0,1
20995.0,2022-03-10 13:55:00,329.9,330.26,329.59,329.885,360659.0,1p,"1p,2s",0.0,sell,False,0.9516004624450941,2.9599999999999795,11.0,0.009043690803544085,0.48386658084365625,0.09300181049897402,0.33493510092080214,0.0010191700636660668,63.298971820697204,83.3853307945625,76.68227671081917,96.7914389620492,360659.0,2.9599999999999795,0.0,2.9599999999999795,11.0,0.009043690803544085,2.9599999999999795,0.0,0.0,1.0,1.0,0.48386658084365625,0.33493510092080214,0.09300181049897402,63.298971820697204,83.3853307945625,76.68227671081917,96.7914389620492,28.791390413951103,7.722411140029591,29.13031165642727,-0.004546832373442364,0.20328286659183104,0.36000000000001364,0.2950000000000159,0.014999999999986358,0.0,20996.0,20996.0,2022-03-10,2022-03-10 13:55:00,2.7752095427194243,60.0,1.0,best_within_2.0d,21055.0,320.73,0.5832424107187206,4.3760036431226785,32.22527881040892,0.012230020343504162,2.285057100371749,15.890706319702602,0.006381710269403211,0.16482164821647918,8.129999999999995,108.0,0.024121050289274575,2.9599999999999795,11.0,0.009043690803544085,2.0,0.00402220134195386,1.9444468750000041,16.553125,0.005470102952261012,0.0,1
20996.0,2022-03-10 14:00:00,329.88,331.61,329.6935,331.5919,791245.0,1p,"1p,2s",0.0,sell,False,1.3413285245606605,4.310000000000002,12.0,0.013168347082187603,0.6820341861747263,0.1782560837708148,0.519273176858178,0.0015790378682368797,73.04896085970063,88.7545529293348,80.70636878365771,104.850921220689,791245.0,4.310000000000002,0.0,4.310000000000002,12.0,0.013168347082187603,4.310000000000002,0.0,0.0,1.0,1.0,0.6820341861747263,0.519273176858178,0.1782560837708148,73.04896085970063,88.7545529293348,80.70636878365771,104.850921220689,37.85817980712691,4.087311188690401,32.80038370433572,0.5189462834970335,0.5812974778089475,0.018100000000004002,0.18650000000002365,1.7119000000000142,1.0,20997.0,20997.0,2022-03-10,2022-03-10 14:00:00,3.275683151488318,59.0,1.0,best_within_2.0d,21055.0,320.73,0.5832424107187206,4.3760036431226785,32.22527881040892,0.012230020343504162,2.285057100371749,15.890706319702602,0.006381710269403211,0.33087330873308723,8.129999999999995,108.0,0.024121050289274575,4.310000000000002,12.0,0.013168347082187603,2.0,0.00402220134195386,1.9444468750000041,16.553125,0.005470102952261012,0.0,1
20996.0,2022-03-10 14:00:00,329.88,331.61,329.6935,331.5919,791245.0,2s,"1p,2s",0.0,sell,False,1.3413285245606605,4.310000000000002,12.0,0.013168347082187603,0.6820341861747263,0.1782560837708148,0.519273176858178,0.0015790378682368797,73.04896085970063,88.7545529293348,80.70636878365771,104.850921220689,791245.0,4.310000000000002,0.0,4.310000000000002,12.0,0.013168347082187603,4.310000000000002,0.0,0.0,1.0,1.0,0.6820341861747263,0.519273176858178,0.1782560837708148,73.04896085970063,88.7545529293348,80.70636878365771,104.850921220689,37.85817980712691,4.087311188690401,32.80038370433572,0.5189462834970335,0.5812974778089475,0.018100000000004002,0.18650000000002365,1.7119000000000142,1.0,20997.0,20997.0,2022-03-10,2022-03-10 14:00:00,3.275683151488318,59.0,1.0,best_within_2.0d,21055.0,320.73,0.5832424107187206,4.3760036431226785,32.22527881040892,0.012230020343504162,2.285057100371749,15.890706319702602,0.006381710269403211,0.33087330873308723,8.129999999999995,108.0,0.024121050289274575,4.310000000000002,12.0,0.013168347082187603,2.0,0.00402220134195386,1.9444468750000041,16.553125,0.005470102952261012,0.0,1
20997.0,2022-03-10 14:05:00,321.69,321.7,321.53,321.61,29563.0,1p,1p,1.0,buy,False,0.4772075720951085,7.920000000000016,21.0,0.02404006677796332,-0.3118927857146252,-1.2995479158300083,-1.4554943086873209,-0.004490768187603733,31.149892840396674,2.912704998811363,3.836199768073966,1.0657154602861567,29563.0,7.920000000000016,0.0,7.920000000000016,21.0,0.02404006677796332,7.920000000000016,0.0,0.0,1.0,1.0,-0.3118927857146252,-1.4554943086873209,-1.2995479158300083,31.149892840396674,2.912704998811363,3.836199768073966,1.0657154602861567,19.284230079022677,22.195636432327035,39.65083376696481,-0.024868662376817462,0.052872204770943905,0.009999999999990905,0.08000000000004093,0.07999999999998408,0.0,20998.0,20998.0,2022-03-10,2022-03-10 14:05:00,3.0734360834088728,58.0,1.0,best_within_2.0d,21055.0,320.73,0.5832424107187206,4.3760036431226785,32.22527881040892,0.012230020343504162,2.285057100371749,15.890706319702602,0.006381710269403211,0.4929364202292669,5.6011759621451125,36.843533123028394,0.015614239272951093,2.82998018927445,22.52492113564669,0.007835530045022196,1.8630914826498424,0.00402220134195386,1.9444468750000041,16.553125,0.005470102952261012,1.0,0
20997.0,2022-03-10 14:05:00,329.59,329.71,329.37,329.55,36045.0,2,2,1.0,buy,False,0.15789473684210206,4.163492493946733,28.239017640954685,0.011578080659927173,-0.6530044012932978,1.278381465036153,0.951879264389504,0.0028938217339111896,58.906568749944185,24.61309153274029,40.57825443336852,-7.317234268516174,36045.0,1.4699999999999704,1.0,9.310000000000002,60.0,0.028955307436320105,1.4699999999999704,6.0,0.0044432354007978795,2.0,2.0,-0.6530044012932978,0.951879264389504,1.278381465036153,58.906568749944185,24.61309153274029,40.57825443336852,-7.317234268516174,15.362318840578398,19.8550724637694,60.44685377387525,-0.012136290542784558,0.10322737347055741,0.12000000000000455,0.18000000000000682,0.03999999999996362,0.0,20998.0,20998.0,2022-03-10,2022-03-10 14:05:00,3.0734360834088728,58.0,1.0,best_within_2.0d,21055.0,320.73,0.15789473684210206,9.310000000000002,60.0,0.028955307436320105,1.4699999999999704,6.0,0.0044432354007978795,0.4929364202292669,5.6011759621451125,36.843533123028394,0.015614239272951093,2.82998018927445,22.52492113564669,0.007835530045022196,1.8630914826498424,0.00402220134195386,1.9444468750000041,16.553125,0.005470102952261012,0.0,0
20997.0,2022-03-10 14:05:00,331.6,332.11,330.8495,330.9,872743.0,1p,"1p,2s",0.0,sell,False,1.3413285245606605,4.810000000000002,13.0,0.014695997555759248,0.6789273064343272,0.2631219970751057,0.6025856502922693,0.001831535557107952,65.45781500052736,82.59312537631297,81.33528764787613,85.10880083318665,872743.0,4.810000000000002,0.0,4.810000000000002,13.0,0.014695997555759248,4.810000000000002,0.0,0.0,1.0,1.0,0.6789273064343272,0.6025856502922693,0.2631219970751057,65.45781500052736,82.59312537631297,81.33528764787613,85.10880083318665,39.00823143930269,3.7800687285223975,36.338306119048795,-0.21109770808204026,0.38098893907956216,0.5099999999999909,0.050499999999999545,0.7000000000000455,0.0,20998.0,20998.0,2022-03-10,2022-03-10 14:05:00,3.0734360834088728,58.0,1.0,best_within_2.0d,21055.0,320.73,0.5832424107187206,4.3760036431226785,32.22527881040892,0.012230020343504162,2.285057100371749,15.890706319702602,0.006381710269403211,0.39237392373923735,8.129999999999995,108.0,0.024121050289274575,4.810000000000002,13.0,0.014695997555759248,2.0,0.00402220134195386,1.9444468750000041,16.553125,0.005470102952261012,1.0,1
20997.0,2022-03-10 14:05:00,331.6,332.11,330.8495,330.9,872743.0,2s,"1p,2s",0.0,sell,False,1.3413285245606605,4.810000000000002,13.0,0.014695997555759248,0.6789273064343272,0.2631219970751057,0.6025856502922693,0.001831535557107952,65.45781500052736,82.59312537631297,81.33528764787613,85.10880083318665,872743.0,4.810000000000002,0.0,4.810000000000002,13.0,0.014695997555759248,4.810000000000002,0.0,0.0,1.0,1.0,0.6789273064343272,0.6025856502922693,0.2631219970751057,65.45781500052736,82.59312537631297,81.33528764787613,85.10880083318665,39.00823143930269,3.7800687285223975,36.338306119048795,-0.21109770808204026,0.38098893907956216,0.5099999999999909,0.050499999999999545,0.7000000000000455,0.0,20998.0,20998.0,2022-03-10,2022-03-10 14:05:00,3.0734360834088728,58.0,1.0,best_within_2.0d,21055.0,320.73,0.5832424107187206,4.3760036431226785,32.22527881040892,0.012230020343504162,2.285057100371749,15.890706319702602,0.006381710269403211,0.39237392373923735,8.129999999999995,108.0,0.024121050289274575,4.810000000000002,13.0,0.014695997555759248,2.0,0.00402220134195386,1.9444468750000041,16.553125,0.005470102952261012,0.0,1
21005.0,2022-03-10 14:45:00,330.88,332.28,330.88,332.22,558143.0,1p,1p,0.0,sell,False,1.3413285245606605,4.979999999999961,21.0,0.015215398716773484,0.2980248824969356,0.6856876491834979,0.8347000904319657,0.002529101300187548,67.69894840051668,75.10764452292838,71.85157572416591,81.61978212045332,558143.0,4.979999999999961,0.0,4.979999999999961,21.0,0.015215398716773484,4.979999999999961,0.0,0.0,1.0,1.0,0.2980248824969356,0.8347000904319657,0.6856876491834979,67.69894840051668,75.10764452292838,71.85157572416591,81.61978212045332,33.27452051558452,8.574613533346481,49.80294171315798,0.40498065764024177,0.4231141199226237,0.05999999999994543,0.0,1.3400000000000318,1.0,21006.0,21006.0,2022-03-10,2022-03-10 14:45:00,3.45855156221781,50.0,1.0,best_within_2.0d,21055.0,320.73,0.5832424107187206,4.3760036431226785,32.22527881040892,0.012230020343504162,2.285057100371749,15.890706319702602,0.006381710269403211,0.4929364202292669,5.6011759621451125,36.843533123028394,0.015614239272951093,2.82998018927445,22.52492113564669,0.007835530045022196,1.8630914826498424,0.00402220134195386,1.9444468750000041,16.553125,0.005470102952261012,0.0,1
21006.0,2022-03-10 14:50:00,332.24,332.51,331.95,331.99,467726.0,1p,"1p,2s",0.0,sell,False,1.3413285245606605,5.2099999999999795,22.0,0.015918117934616498,0.2820713926172771,0.7209465732606575,0.861982269569296,0.002610621389366404,65.30429453077468,74.99085686641857,72.89800277158346,79.17656505608878,467726.0,5.2099999999999795,0.0,5.2099999999999795,22.0,0.015918117934616498,5.2099999999999795,0.0,0.0,1.0,1.0,0.2820713926172771,0.861982269569296,0.7209465732606575,65.30429453077468,74.99085686641857,72.89800277158346,79.17656505608878,35.25616218147222,6.337074303405899,51.21189890500976,-0.0752468095352757,0.16870010543756658,0.2699999999999818,0.040000000000020464,0.25,0.0,21007.0,21007.0,2022-03-10,2022-03-10 14:50:00,3.3916684237477006,49.0,1.0,best_within_2.0d,21055.0,320.73,0.5832424107187206,4.3760036431226785,32.22527881040892,0.012230020343504162,2.285057100371749,15.890706319702602,0.006381710269403211,0.4415744157441546,8.129999999999995,108.0,0.024121050289274575,5.2099999999999795,22.0,0.015918117934616498,2.0,0.00402220134195386,1.9444468750000041,16.553125,0.005470102952261012,1.0,1
21006.0,2022-03-10 14:50:00,332.24,332.51,331.95,331.99,467726.0,2s,"1p,2s",0.0,sell,False,1.3413285245606605,5.2099999999999795,22.0,0.015918117934616498,0.2820713926172771,0.7209465732606575,0.861982269569296,0.002610621389366404,65.30429453077468,74.99085686641857,72.89800277158346,79.17656505608878,467726.0,5.2099999999999795,0.0,5.2099999999999795,22.0,0.015918117934616498,5.2099999999999795,0.0,0.0,1.0,1.0,0.2820713926172771,0.861982269569296,0.7209465732606575,65.30429453077468,74.99085686641857,72.89800277158346,79.17656505608878,35.25616218147222,6.337074303405899,51.21189890500976,-0.0752468095352757,0.16870010543756658,0.2699999999999818,0.040000000000020464,0.25,0.0,21007.0,21007.0,2022-03-10,2022-03-10 14:50:00,3.3916684237477006,49.0,1.0,best_within_2.0d,21055.0,320.73,0.5832424107187206,4.3760036431226785,32.22527881040892,0.012230020343504162,2.285057100371749,15.890706319702602,0.006381710269403211,0.4415744157441546,8.129999999999995,108.0,0.024121050289274575,5.2099999999999795,22.0,0.015918117934616498,2.0,0.00402220134195386,1.9444468750000041,16.553125,0.005470102952261012,0.0,1
21030.0,2022-03-10 16:50:00,332.81,333.21,332.28,332.95,797111.0,1p,1p,0.0,sell,False,2.2800861262071326,13.269999999999982,20.0,0.04147652684878409,0.9590744571127896,2.0295312225770354,2.5090684511334302,0.007651870356059495,74.53291801762589,94.44895287679809,93.55837160289995,96.23011542459435,797111.0,13.269999999999982,0.0,13.269999999999982,20.0,0.04147652684878409,13.269999999999982,0.0,0.0,1.0,1.0,0.9590744571127896,2.5090684511334302,2.0295312225770354,74.53291801762589,94.44895287679809,93.55837160289995,96.23011542459435,42.79074927394404,6.180886006236587,47.316390871088416,0.04206604368858699,0.27988443481401437,0.2599999999999909,0.5300000000000296,0.13999999999998636,1.0,21031.0,21031.0,2022-03-10,2022-03-10 16:50:00,3.6702207538669382,25.0,1.0,best_within_2.0d,21055.0,320.73,0.5832424107187206,4.3760036431226785,32.22527881040892,0.012230020343504162,2.285057100371749,15.890706319702602,0.006381710269403211,0.4929364202292669,5.6011759621451125,36.843533123028394,0.015614239272951093,2.82998018927445,22.52492113564669,0.007835530045022196,1.8630914826498424,0.00402220134195386,1.9444468750000041,16.553125,0.005470102952261012,0.0,1
21055.0,2022-03-10 19:00:00,321.81,322.06,319.94,320.73,1323669.0,1p,1p,1.0,buy,False,0.4468322259836454,5.449999999999989,7.0,0.016749131811057465,-0.16141509972947665,-0.3147589995832926,-0.39546654944803095,-0.0012247651248344401,38.43148915837833,33.361701190335836,47.94213827473891,4.20082702152969,1323669.0,5.449999999999989,0.0,5.449999999999989,7.0,0.016749131811057465,5.449999999999989,0.0,0.0,1.0,1.0,-0.16141509972947665,-0.39546654944803095,-0.3147589995832926,38.43148915837833,33.361701190335836,47.94213827473891,4.20082702152969,18.619026215895214,27.769446088531915,10.310652192320386,-0.33560175258692526,0.662624242045385,0.25,0.7900000000000205,1.079999999999984,0.0,21056.0,21056.0,2022-03-10,2022-03-10 19:00:00,4.979266049324968,129.0,1.0,best_within_2.0d,21184.0,336.7,0.5832424107187206,4.3760036431226785,32.22527881040892,0.012230020343504162,2.285057100371749,15.890706319702602,0.006381710269403211,0.4929364202292669,5.6011759621451125,36.843533123028394,0.015614239272951093,2.82998018927445,22.52492113564669,0.007835530045022196,1.8630914826498424,0.00402220134195386,1.9444468750000041,16.553125,0.005470102952261012,0.0,0
21071.0,2022-03-11 04:20:00,332.28,332.63,332.28,332.4,8003.0,1p,1p,0.0,sell,False,0.27113065338672454,2.159999999999968,57.0,0.006536145489756916,0.1849204016427018,0.09308722704558534,0.18554742786693623,0.0005596663748286552,66.5449369058214,84.29398858985192,69.14179061316841,114.59838454321894,8003.0,2.159999999999968,0.0,2.159999999999968,57.0,0.006536145489756916,2.159999999999968,0.0,0.0,1.0,1.0,0.1849204016427018,0.18554742786693623,0.09308722704558534,66.5449369058214,84.29398858985192,69.14179061316841,114.59838454321894,47.64150943396237,22.641509433962035,34.1575712580049,0.036114120621164245,0.10533285181173191,0.2300000000000182,0.0,0.12000000000000455,1.0,21072.0,21072.0,2022-03-11,2022-03-11 04:20:00,2.425090252707575,139.0,1.0,best_within_2.0d,21210.0,324.339,0.5832424107187206,4.3760036431226785,32.22527881040892,0.012230020343504162,2.285057100371749,15.890706319702602,0.006381710269403211,0.4929364202292669,5.6011759621451125,36.843533123028394,0.015614239272951093,2.82998018927445,22.52492113564669,0.007835530045022196,1.8630914826498424,0.00402220134195386,1.9444468750000041,16.553125,0.005470102952261012,0.0,1
21072.0,2022-03-11 04:25:00,332.5,332.63,332.17,332.17,8000.0,1p,1p,0.0,sell,False,0.27113065338672454,2.159999999999968,58.0,0.006536145489756916,0.18366815537376807,0.11604574646730634,0.20787982415419037,0.000626938201864956,61.235112723736094,81.82413309675258,73.36923810769646,98.7339230748648,8000.0,2.159999999999968,0.0,2.159999999999968,58.0,0.006536145489756916,2.159999999999968,0.0,0.0,1.0,1.0,0.18366815537376807,0.20787982415419037,0.11604574646730634,61.235112723736094,81.82413309675258,73.36923810769646,98.7339230748648,42.69662921348329,24.044943820223658,33.713896735728135,-0.0992481203007471,0.13848330674051826,0.12999999999999545,0.0,0.3299999999999841,0.0,21073.0,21073.0,2022-03-11,2022-03-11 04:25:00,2.3575277719240195,138.0,1.0,best_within_2.0d,21210.0,324.339,0.5832424107187206,4.3760036431226785,32.22527881040892,0.012230020343504162,2.285057100371749,15.890706319702602,0.006381710269403211,0.4929364202292669,5.6011759621451125,36.843533123028394,0.015614239272951093,2.82998018927445,22.52492113564669,0.007835530045022196,1.8630914826498424,0.00402220134195386,1.9444468750000041,16.553125,0.005470102952261012,1.0,1
21077.0,2022-03-11 04:50:00,332.75,333.0,332.61,332.85,7600.0,1p,1p,0.0,sell,False,0.28339137171699186,2.5299999999999727,63.0,0.007655763004206047,0.19328263191707507,0.2128464270018764,0.3094877429604139,0.000932646142735359,68.85717731207488,84.08638071883318,80.27448497828658,91.71017219992638,7600.0,2.5299999999999727,0.0,2.5299999999999727,63.0,0.007655763004206047,2.5299999999999727,0.0,0.0,1.0,1.0,0.19328263191707507,0.3094877429604139,0.2128464270018764,68.85717731207488,84.08638071883318,80.27448497828658,91.71017219992638,48.66920152091215,18.441064638783622,32.18015536800442,0.030052592036069945,0.11725444213943849,0.14999999999997726,0.13999999999998636,0.10000000000002274,1.0,21078.0,21078.0,2022-03-11,2022-03-11 04:50:00,2.5570076611086145,133.0,1.0,best_within_2.0d,21210.0,324.339,0.5832424107187206,4.3760036431226785,32.22527881040892,0.012230020343504162,2.285057100371749,15.890706319702602,0.006381710269403211,0.4929364202292669,5.6011759621451125,36.843533123028394,0.015614239272951093,2.82998018927445,22.52492113564669,0.007835530045022196,1.8630914826498424,0.00402220134195386,1.9444468750000041,16.553125,0.005470102952261012,0.0,1
21079.0,2022-03-11 05:00:00,332.79,333.25,332.78,333.25,3900.0,1p,1p,0.0,sell,False,0.36570192980783656,2.7799999999999727,65.0,0.008412261324779775,0.2494212546492076,0.269331998053857,0.3940426253784608,0.0011868412513342769,72.56387902994862,88.70505809725924,83.70314316630018,98.70888795917739,3900.0,2.7799999999999727,0.0,2.7799999999999727,65.0,0.008412261324779775,2.7799999999999727,0.0,0.0,1.0,1.0,0.2494212546492076,0.3940426253784608,0.269331998053857,72.56387902994862,88.70505809725924,83.70314316630018,98.70888795917739,59.20792079207858,8.71287128712855,36.26805074511332,0.1382253072508127,0.1412344491856564,0.0,0.010000000000047748,0.45999999999997954,1.0,21080.0,21080.0,2022-03-11,2022-03-11 05:00:00,2.673968492123031,131.0,1.0,best_within_2.0d,21210.0,324.339,0.5832424107187206,4.3760036431226785,32.22527881040892,0.012230020343504162,2.285057100371749,15.890706319702602,0.006381710269403211,0.4929364202292669,5.6011759621451125,36.843533123028394,0.015614239272951093,2.82998018927445,22.52492113564669,0.007835530045022196,1.8630914826498424,0.00402220134195386,1.9444468750000041,16.553125,0.005470102952261012,0.0,1
21080.0,2022-03-11 05:05:00,333.5,333.63,333.25,333.25,2000.0,1p,1p,0.0,sell,False,0.3824845999788475,3.159999999999968,66.0,0.009562138772051828,0.26086761111939816,0.30194044944378173,0.4323742550034808,0.0013019343298832226,72.56387902994862,84.69907758631194,84.03512130630409,86.02699014632765,2000.0,3.159999999999968,0.0,3.159999999999968,66.0,0.009562138772051828,3.159999999999968,0.0,0.0,1.0,1.0,0.26086761111939816,0.4323742550034808,0.30194044944378173,72.56387902994862,84.69907758631194,84.03512130630409,86.02699014632765,64.1904761904756,7.238095238095073,39.37271378712905,-0.07496251874062969,0.11402850712678032,0.12999999999999545,0.0,0.25,0.0,21081.0,21081.0,2022-03-11,2022-03-11 05:05:00,2.673968492123031,130.0,1.0,best_within_2.0d,21210.0,324.339,0.5832424107187206,4.3760036431226785,32.22527881040892,0.012230020343504162,2.285057100371749,15.890706319702602,0.006381710269403211,0.4929364202292669,5.6011759621451125,36.843533123028394,0.015614239272951093,2.82998018927445,22.52492113564669,0.007835530045022196,1.8630914826498424,0.00402220134195386,1.9444468750000041,16.553125,0.005470102952261012,1.0,1
21174.0,2022-03-11 12:55:00,327.7,328.19,327.68,327.97,381427.0,2,2,0.0,sell,False,0.19646681732914037,4.163492493946733,28.239017640954685,0.011578080659927173,0.3014420388669401,-0.8748970518969739,-0.7241760324635038,-0.0022040724023289723,43.190269325671785,42.91411144311391,36.44746498713104,55.84740435507965,381427.0,1.3301000000000158,1.0,6.7701000000000136,91.0,0.02029223990648327,1.3301000000000158,5.0,0.004069327562053394,2.0,2.0,0.3014420388669401,-0.7241760324635038,-0.8748970518969739,43.190269325671785,42.91411144311391,36.44746498713104,55.84740435507965,16.472931853506452,17.951664805937074,36.846464059541795,0.0823924321025446,0.15563964843749722,0.21999999999997044,0.01999999999998181,0.27000000000003865,1.0,21175.0,21175.0,2022-03-11,2022-03-11 12:55:00,1.1071134554989872,36.0,1.0,best_within_2.0d,21210.0,324.339,0.19646681732914037,6.7701000000000136,91.0,0.02029223990648327,1.3301000000000158,5.0,0.004069327562053394,0.4929364202292669,5.6011759621451125,36.843533123028394,0.015614239272951093,2.82998018927445,22.52492113564669,0.007835530045022196,1.8630914826498424,0.00402220134195386,1.9444468750000041,16.553125,0.005470102952261012,0.0,1
21175.0,2022-03-11 13:00:00,327.98,328.47,327.66,328.38,270687.0,2,2,0.0,sell,False,0.23782514290779194,4.163492493946733,28.239017640954685,0.011578080659927173,0.3960903056333922,-0.8253857636927998,-0.6273406108761037,-0.0019094267526536886,47.664226155378984,54.72661808181187,42.54051601869132,79.09882220805298,270687.0,1.6101000000000454,1.0,6.7701000000000136,91.0,0.02029223990648327,1.6101000000000454,6.0,0.0049259636927015075,2.0,2.0,0.3960903056333922,-0.6273406108761037,-0.8253857636927998,47.664226155378984,54.72661808181187,42.54051601869132,79.09882220805298,19.224555735057493,14.648357565966538,35.17956693354406,0.12195865601560375,0.24720747115912906,0.09000000000003183,0.3199999999999932,0.39999999999997726,1.0,21176.0,21176.0,2022-03-11,2022-03-11 13:00:00,1.230586515622144,35.0,1.0,best_within_2.0d,21210.0,324.339,0.23782514290779194,6.7701000000000136,91.0,0.02029223990648327,1.6101000000000454,6.0,0.0049259636927015075,0.4929364202292669,5.6011759621451125,36.843533123028394,0.015614239272951093,2.82998018927445,22.52492113564669,0.007835530045022196,1.8630914826498424,0.00402220134195386,1.9444468750000041,16.553125,0.005470102952261012,0.0,1
21176.0,2022-03-11 13:05:00,328.39,328.778,328.09,328.2,537767.0,2,2,0.0,sell,False,0.2833193010443028,4.163492493946733,28.239017640954685,0.011578080659927173,0.42672570720770775,-0.7720450502918363,-0.5586821966879825,-0.0017005860998508225,45.95319429669949,59.773083135297895,48.284705057560174,82.74983929077334,537767.0,1.918100000000038,1.0,6.7701000000000136,91.0,0.02029223990648327,1.918100000000038,7.0,0.005868263436414311,2.0,2.0,0.42672570720770775,-0.5586821966879825,-0.7720450502918363,45.95319429669949,59.773083135297895,48.284705057560174,82.74983929077334,22.258853557376053,14.464532595979854,34.18276979932897,-0.05785803465391691,0.2096985583224253,0.38800000000003365,0.11000000000001364,0.18999999999999773,0.0,21177.0,21177.0,2022-03-11,2022-03-11 13:05:00,1.1764168190127942,34.0,1.0,best_within_2.0d,21210.0,324.339,0.2833193010443028,6.7701000000000136,91.0,0.02029223990648327,1.918100000000038,7.0,0.005868263436414311,0.4929364202292669,5.6011759621451125,36.843533123028394,0.015614239272951093,2.82998018927445,22.52492113564669,0.007835530045022196,1.8630914826498424,0.00402220134195386,1.9444468750000041,16.553125,0.005470102952261012,0.0,1
21179.0,2022-03-11 13:20:00,328.5572,329.2001,328.5,329.13,540957.0,2,2,0.0,sell,False,0.3456669768541135,4.163492493946733,28.239017640954685,0.011578080659927173,0.5604939072428492,-0.5923166145193434,-0.31206966089791877,-0.0009498750419587661,55.59621979594483,78.55097408230364,64.72043946618325,106.21204331454442,540957.0,2.3402000000000385,1.0,6.7701000000000136,91.0,0.02029223990648327,2.3402000000000385,10.0,0.007159642403366208,2.0,2.0,0.5604939072428492,-0.31206966089791877,-0.5923166145193434,55.59621979594483,78.55097408230364,64.72043946618325,106.21204331454442,30.334426527162396,15.094018451901468,32.599147321257014,0.17433798437531497,0.21312024353120862,0.07010000000002492,0.05720000000002301,0.5727999999999724,1.0,21180.0,21180.0,2022-03-11,2022-03-11 13:20:00,1.4556558198887968,31.0,1.0,best_within_2.0d,21210.0,324.339,0.3456669768541135,6.7701000000000136,91.0,0.02029223990648327,2.3402000000000385,10.0,0.007159642403366208,0.4929364202292669,5.6011759621451125,36.843533123028394,0.015614239272951093,2.82998018927445,22.52492113564669,0.007835530045022196,1.8630914826498424,0.00402220134195386,1.9444468750000041,16.553125,0.005470102952261012,0.0,1
21180.0,2022-03-11 13:25:00,329.125,329.31,328.89,329.05,333255.0,2,2,0.0,sell,False,0.36190011964372987,4.163492493946733,28.239017640954685,0.011578080659927173,0.5906133791536308,-0.5184899421251395,-0.22318325254832416,-0.0006792448572034292,54.705999056968466,81.18652538868868,70.20913477368505,103.14130661869595,333255.0,2.4501000000000204,1.0,6.7701000000000136,91.0,0.02029223990648327,2.4501000000000204,11.0,0.007495872084645502,2.0,2.0,0.5906133791536308,-0.22318325254832416,-0.5184899421251395,54.705999056968466,81.18652538868868,70.20913477368505,103.14130661869595,28.195511390360245,16.04056873409638,32.233311129513154,-0.022787694644888303,0.1277022712761154,0.18500000000000227,0.160000000000025,0.07499999999998863,0.0,21181.0,21181.0,2022-03-11,2022-03-11 13:25:00,1.4316973104391468,30.0,1.0,best_within_2.0d,21210.0,324.339,0.36190011964372987,6.7701000000000136,91.0,0.02029223990648327,2.4501000000000204,11.0,0.007495872084645502,0.4929364202292669,5.6011759621451125,36.843533123028394,0.015614239272951093,2.82998018927445,22.52492113564669,0.007835530045022196,1.8630914826498424,0.00402220134195386,1.9444468750000041,16.553125,0.005470102952261012,0.0,1
21184.0,2022-03-11 13:45:00,328.92,329.4584,328.87,329.43,346603.0,2,2,0.0,sell,False,0.38382003220041006,4.163492493946733,28.239017640954685,0.011578080659927173,0.5016657838471634,-0.2638082877238356,-0.012975395800253864,-3.9476929509428655e-05,57.87930242504623,81.70925039313076,76.01780059973491,93.09214997992245,346603.0,2.5985000000000014,1.0,6.7701000000000136,91.0,0.02029223990648327,2.5985000000000014,15.0,0.007949889233888898,2.0,2.0,0.5016657838471634,-0.012975395800253864,-0.2638082877238356,57.87930242504623,81.70925039313076,76.01780059973491,93.09214997992245,35.68885308106179,7.5369701380042535,35.11523866415959,0.15505290040131062,0.17891568096815724,0.028399999999976444,0.05000000000001137,0.5099999999999909,1.0,21185.0,21185.0,2022-03-11,2022-03-11 13:45:00,1.5453965941171137,26.0,1.0,best_within_2.0d,21210.0,324.339,0.38382003220041006,6.7701000000000136,91.0,0.02029223990648327,2.5985000000000014,15.0,0.007949889233888898,0.4929364202292669,5.6011759621451125,36.843533123028394,0.015614239272951093,2.82998018927445,22.52492113564669,0.007835530045022196,1.8630914826498424,0.00402220134195386,1.9444468750000041,16.553125,0.005470102952261012,0.0,1
21184.0,2022-03-11 13:45:00,335.6,337.05,335.47,336.7,427530.0,1p,1p,0.0,sell,False,0.6842641793711417,3.9700000000000273,36.0,0.011919058484448262,0.10979571685401396,0.16976488788350722,0.2246627463105142,0.0006704461979034676,65.14052077214512,69.2761053724812,54.844275417502665,98.13976528243826,427530.0,3.9700000000000273,0.0,3.9700000000000273,36.0,0.011919058484448262,3.9700000000000273,0.0,0.0,1.0,1.0,0.10979571685401396,0.2246627463105142,0.16976488788350722,65.14052077214512,69.2761053724812,54.844275417502665,98.13976528243826,25.08337371376464,18.81253028532321,21.235575409673196,0.32777115613824964,0.47098101171490264,0.35000000000002274,0.12999999999999545,1.099999999999966,1.0,21185.0,21185.0,2022-03-11,2022-03-11 13:45:00,1.5453965941171137,26.0,1.0,best_within_2.0d,21210.0,324.339,0.5832424107187206,4.3760036431226785,32.22527881040892,0.012230020343504162,2.285057100371749,15.890706319702602,0.006381710269403211,0.4929364202292669,5.6011759621451125,36.843533123028394,0.015614239272951093,2.82998018927445,22.52492113564669,0.007835530045022196,1.8630914826498424,0.00402220134195386,1.9444468750000041,16.553125,0.005470102952261012,0.0,1
21184.0,2022-03-11 13:45:00,333.77,333.87,333.08,333.38,393163.0,3a,3a,1.0,buy,False,0.004590064925260573,4.163492493946733,28.239017640954685,0.011578080659927173,-0.3365600356737364,0.4556755011013722,0.28739548326450404,0.0008610231398807021,46.37795908333235,34.811534476422,48.515169641653074,7.404264145959843,393163.0,2.1899999999999977,2.0,2.1899999999999977,15.0,0.006532048796492372,2.1899999999999977,15.0,0.006532048796492372,3.0,3.0,-0.3365600356737364,0.28739548326450404,0.4556755011013722,46.37795908333235,34.811534476422,48.515169641653074,7.404264145959843,10.256633602995743,28.99186655488164,22.325717451592002,-0.1168469305210134,0.23718025699532258,0.10000000000002274,0.30000000000001137,0.38999999999998636,0.0,21185.0,21185.0,2022-03-11,2022-03-11 13:45:00,1.5453965941171137,26.0,1.0,best_within_2.0d,21210.0,324.339,0.5832424107187206,4.3760036431226785,32.22527881040892,0.012230020343504162,2.285057100371749,15.890706319702602,0.006381710269403211,0.4929364202292669,5.6011759621451125,36.843533123028394,0.015614239272951093,2.82998018927445,22.52492113564669,0.007835530045022196,1.8630914826498424,0.004590064925260573,2.1899999999999977,15.0,0.006532048796492372,0.0,0
21184.0,2022-03-11 13:45:00,331.665,332.17,331.15,332.1,552075.0,2s,2s,1.0,buy,False,0.4086021505376418,4.163492493946733,28.239017640954685,0.011578080659927173,-0.16412391148913874,0.4451965355370417,0.3631345797924723,0.0010942165073355233,52.010882804808425,40.0247130590281,54.25481688787011,11.564505401344078,552075.0,2.480000000000018,1.0,3.7200000000000273,27.0,0.01130870953032384,2.480000000000018,5.0,0.007433384287983749,1.0,2.5,-0.16412391148913874,0.3631345797924723,0.4451965355370417,52.010882804808425,40.0247130590281,54.25481688787011,11.564505401344078,10.15877793663955,18.05252464444373,23.404496794406903,0.1311564379720508,0.308017514721437,0.06999999999999318,0.5150000000000432,0.4350000000000023,1.0,21185.0,21185.0,2022-03-11,2022-03-11 13:45:00,1.5453965941171137,26.0,1.0,best_within_2.0d,21210.0,324.339,0.5832424107187206,4.3760036431226785,32.22527881040892,0.012230020343504162,2.285057100371749,15.890706319702602,0.006381710269403211,0.4086021505376418,3.7200000000000273,27.0,0.01130870953032384,2.480000000000018,5.0,0.007433384287983749,1.0,0.00402220134195386,1.9444468750000041,16.553125,0.005470102952261012,0.0,0
21184.0,2022-03-11 13:45:00,330.29,330.8,329.09,329.58,1141878.0,2,2,1.0,buy,False,0.9623655913978534,4.163492493946733,28.239017640954685,0.011578080659927173,-0.36924316434369453,0.21697284176892556,0.0323512595970783,9.784197520148253e-05,43.931031550651824,24.26371685473419,33.083440961584344,6.624268641033893,1141878.0,3.580000000000041,1.0,3.7200000000000273,27.0,0.01130870953032384,3.580000000000041,9.0,0.010761415216280521,2.0,2.0,-0.36924316434369453,0.0323512595970783,0.21697284176892556,43.931031550651824,24.26371685473419,33.083440961584344,6.624268641033893,20.12598425196839,21.92125984252044,34.2120146699588,-0.2149626086166812,0.5196146950682295,0.5099999999999909,0.4900000000000091,0.7100000000000364,0.0,21185.0,21185.0,2022-03-11,2022-03-11 13:45:00,1.5453965941171137,26.0,1.0,best_within_2.0d,21210.0,324.339,0.9623655913978534,3.7200000000000273,27.0,0.01130870953032384,3.580000000000041,9.0,0.010761415216280521,0.4929364202292669,5.6011759621451125,36.843533123028394,0.015614239272951093,2.82998018927445,22.52492113564669,0.007835530045022196,1.8630914826498424,0.00402220134195386,1.9444468750000041,16.553125,0.005470102952261012,0.0,0
21184.0,2022-03-11 13:45:00,329.52,329.65,328.95,329.65,71503.0,1p,1p,1.0,buy,False,0.8461195611656586,2.0400000000000205,8.0,0.006163328197226564,-0.2438435228502262,0.18875330697895218,0.06683154555383908,0.00020264914511061976,51.51899011908396,31.65298003730247,34.9625812286835,25.033777654540415,71503.0,2.0400000000000205,0.0,2.0400000000000205,8.0,0.006163328197226564,2.0400000000000205,0.0,0.0,1.0,1.0,-0.2438435228502262,0.06683154555383908,0.18875330697895218,51.51899011908396,31.65298003730247,34.9625812286835,25.033777654540415,23.13937753721281,33.558863328822014,18.237659669368064,0.03945132313668228,0.21279829761361563,0.0,0.5699999999999932,0.12999999999999545,1.0,21185.0,21185.0,2022-03-11,2022-03-11 13:45:00,1.5453965941171137,26.0,1.0,best_within_2.0d,21210.0,324.339,0.5832424107187206,4.3760036431226785,32.22527881040892,0.012230020343504162,2.285057100371749,15.890706319702602,0.006381710269403211,0.4929364202292669,5.6011759621451125,36.843533123028394,0.015614239272951093,2.82998018927445,22.52492113564669,0.007835530045022196,1.8630914826498424,0.00402220134195386,1.9444468750000041,16.553125,0.005470102952261012,0.0,0
21185.0,2022-03-11 13:50:00,329.46,329.63,328.17,328.17,710735.0,2,2,0.0,sell,False,0.4091667774478971,4.163492493946733,28.239017640954685,0.011578080659927173,0.3390490710891337,-0.22142715383769387,-0.051902618293127034,-0.00015792912605590745,45.40184582857132,59.836818269750545,70.62413982307345,38.26217516310473,710735.0,2.7701000000000136,1.0,6.7701000000000136,91.0,0.02029223990648327,2.7701000000000136,16.0,0.008474884805386081,2.0,2.0,0.3390490710891337,-0.051902618293127034,-0.22142715383769387,45.40184582857132,59.836818269750545,70.62413982307345,38.26217516310473,30.63931027984554,15.075850372184696,35.03875139978767,-0.39154980877798934,0.44489136727914785,0.17000000000001592,0.0,1.2899999999999636,0.0,21186.0,21186.0,2022-03-11,2022-03-11 13:50:00,1.1673827589359225,25.0,1.0,best_within_2.0d,21210.0,324.339,0.4091667774478971,6.7701000000000136,91.0,0.02029223990648327,2.7701000000000136,16.0,0.008474884805386081,0.4929364202292669,5.6011759621451125,36.843533123028394,0.015614239272951093,2.82998018927445,22.52492113564669,0.007835530045022196,1.8630914826498424,0.00402220134195386,1.9444468750000041,16.553125,0.005470102952261012,1.0,1
21200.0,2022-03-11 15:05:00,327.34,327.56,326.77,326.9574,505241.0,1p,1p,1.0,buy,False,0.20433517498877932,2.8600000000000136,16.0,0.008676394745623922,-0.18837104863705434,-0.23135676298134072,-0.3255422872998679,-0.000992474529074835,38.33932522839183,18.715659399642693,25.909453240191894,4.328071718544294,505241.0,2.8600000000000136,0.0,2.8600000000000136,16.0,0.008676394745623922,2.8600000000000136,0.0,0.0,1.0,1.0,-0.18837104863705434,-0.3255422872998679,-0.23135676298134072,38.33932522839183,18.715659399642693,25.909453240191894,4.328071718544294,14.996222755921565,24.46752133861103,23.155385813413222,-0.11688152990773144,0.24176025950975322,0.22000000000002728,0.1874000000000251,0.3825999999999681,0.0,21201.0,21201.0,2022-03-11,2022-03-11 15:05:00,2.0540172048918044,173.78554736652885,0.0,,14281.267661333814,366.3529484630595,0.5832424107187206,4.3760036431226785,32.22527881040892,0.012230020343504162,2.285057100371749,15.890706319702602,0.006381710269403211,0.4929364202292669,5.6011759621451125,36.843533123028394,0.015614239272951093,2.82998018927445,22.52492113564669,0.007835530045022196,1.8630914826498424,0.00402220134195386,1.9444468750000041,16.553125,0.005470102952261012,0.0,0
21201.0,2022-03-11 15:10:00,326.94,327.25,326.61,326.67,501539.0,1p,1p,1.0,buy,False,0.2621694569945344,3.019999999999982,17.0,0.009161787458665721,-0.24168690259706616,-0.261567625805974,-0.38241107710450706,-0.0011662024126492343,36.091726816383726,13.350468711843355,21.723125064075713,-3.394843992621361,501539.0,3.019999999999982,0.0,3.019999999999982,17.0,0.009161787458665721,3.019999999999982,0.0,0.0,1.0,1.0,-0.24168690259706616,-0.38241107710450706,-0.261567625805974,36.091726816383726,13.350468711843355,21.723125064075713,-3.394843992621361,14.962481296897598,23.174971031286294,23.03956706272924,-0.08258396035969347,0.19595235908269384,0.3100000000000023,0.060000000000002274,0.2699999999999818,0.0,21202.0,21202.0,2022-03-11,2022-03-11 15:10:00,2.0540172048918044,173.78554736652885,0.0,,14281.267661333814,366.3529484630595,0.5832424107187206,4.3760036431226785,32.22527881040892,0.012230020343504162,2.285057100371749,15.890706319702602,0.006381710269403211,0.4929364202292669,5.6011759621451125,36.843533123028394,0.015614239272951093,2.82998018927445,22.52492113564669,0.007835530045022196,1.8630914826498424,0.00402220134195386,1.9444468750000041,16.553125,0.005470102952261012,0.0,0
21202.0,2022-03-11 15:15:00,326.675,327.08,326.61,326.86,489269.0,1p,1p,1.0,buy,False,0.2621694569945344,3.019999999999982,18.0,0.009161787458665721,-0.2334145836747774,-0.29074444876532113,-0.40745174060270983,-0.001242861716226546,38.65222565689661,13.066979141228902,18.83774308979344,1.525451244099827,489269.0,3.019999999999982,0.0,3.019999999999982,18.0,0.009161787458665721,3.019999999999982,0.0,0.0,1.0,1.0,-0.2334145836747774,-0.40745174060270983,-0.29074444876532113,38.65222565689661,13.066979141228902,18.83774308979344,1.525451244099827,13.939749305777696,22.79038378563777,23.115054096975094,0.05663120838754183,0.1439025137013473,0.21999999999997044,0.06499999999999773,0.18500000000000227,1.0,21203.0,21203.0,2022-03-11,2022-03-11 15:15:00,2.0540172048918044,173.78554736652885,0.0,,14281.267661333814,366.3529484630595,0.5832424107187206,4.3760036431226785,32.22527881040892,0.012230020343504162,2.285057100371749,15.890706319702602,0.006381710269403211,0.4929364202292669,5.6011759621451125,36.843533123028394,0.015614239272951093,2.82998018927445,22.52492113564669,0.007835530045022196,1.8630914826498424,0.00402220134195386,1.9444468750000041,16.553125,0.005470102952261012,0.0,0
21204.0,2022-03-11 15:25:00,326.64,326.84,326.065,326.065,734134.0,1p,1p,1.0,buy,False,0.3203615787056199,3.5649999999999977,20.0,0.010815156387464726,-0.2953326392634732,-0.3571086839065908,-0.5047750035383274,-0.0015407219868954491,32.453102799812825,6.4790969565413805,12.691728233158004,-5.946165596691866,734134.0,3.5649999999999977,0.0,3.5649999999999977,20.0,0.010815156387464726,3.5649999999999977,0.0,0.0,1.0,1.0,-0.2953326392634732,-0.5047750035383274,-0.3571086839065908,32.453102799812825,6.4790969565413805,12.691728233158004,-5.946165596691866,11.031992779058722,27.691416218143832,24.347129795422205,-0.17603477834924952,0.23768267063314902,0.19999999999998863,0.0,0.5749999999999886,0.0,21205.0,21205.0,2022-03-11,2022-03-11 15:25:00,2.0540172048918044,173.78554736652885,0.0,,14281.267661333814,366.3529484630595,0.5832424107187206,4.3760036431226785,32.22527881040892,0.012230020343504162,2.285057100371749,15.890706319702602,0.006381710269403211,0.4929364202292669,5.6011759621451125,36.843533123028394,0.015614239272951093,2.82998018927445,22.52492113564669,0.007835530045022196,1.8630914826498424,0.00402220134195386,1.9444468750000041,16.553125,0.005470102952261012,0.0,0
21205.0,2022-03-11 15:30:00,326.06,326.06,325.51,325.53,841112.0,1p,1p,1.0,buy,False,0.41120134134995673,4.1200000000000045,21.0,0.012498862360828823,-0.3790753494855116,-0.4044931025922797,-0.5940307773350355,-0.0018140150692342806,29.01990067594737,4.594880064691246,9.992778843669084,-6.200917493264431,841112.0,4.1200000000000045,0.0,4.1200000000000045,21.0,0.012498862360828823,4.1200000000000045,0.0,0.0,1.0,1.0,-0.3790753494855116,-0.5940307773350355,-0.4044931025922797,29.01990067594737,4.594880064691246,9.992778843669084,-6.200917493264431,10.928479175175273,33.11660356113879,26.206330513579612,-0.1625467705330398,0.1689656231759428,0.0,0.01999999999998181,0.5300000000000296,0.0,21206.0,21206.0,2022-03-11,2022-03-11 15:30:00,2.0540172048918044,173.78554736652885,0.0,,14281.267661333814,366.3529484630595,0.5832424107187206,4.3760036431226785,32.22527881040892,0.012230020343504162,2.285057100371749,15.890706319702602,0.006381710269403211,0.4929364202292669,5.6011759621451125,36.843533123028394,0.015614239272951093,2.82998018927445,22.52492113564669,0.007835530045022196,1.8630914826498424,0.00402220134195386,1.9444468750000041,16.553125,0.005470102952261012,0.0,0
21207.0,2022-03-11 15:40:00,325.7777,325.99,325.44,325.66,946510.0,1p,1p,1.0,buy,False,0.41120134134995673,4.189999999999998,23.0,0.01271122167278463,-0.35701778244565985,-0.4959377262637507,-0.6744466174865806,-0.002061162413611516,31.66472636240117,8.07408389657422,8.702601409957989,6.81704886980668,946510.0,4.189999999999998,0.0,4.189999999999998,23.0,0.01271122167278463,4.189999999999998,0.0,0.0,1.0,1.0,-0.35701778244565985,-0.6744466174865806,-0.4959377262637507,31.66472636240117,8.07408389657422,8.702601409957989,6.81704886980668,1.7525616609608288,36.21960765986289,35.08076308038112,-0.036128930862964724,0.16900196656834177,0.21230000000002747,0.22000000000002728,0.11769999999995662,0.0,21208.0,21208.0,2022-03-11,2022-03-11 15:40:00,2.0540172048918044,173.78554736652885,0.0,,14281.267661333814,366.3529484630595,0.5832424107187206,4.3760036431226785,32.22527881040892,0.012230020343504162,2.285057100371749,15.890706319702602,0.006381710269403211,0.4929364202292669,5.6011759621451125,36.843533123028394,0.015614239272951093,2.82998018927445,22.52492113564669,0.007835530045022196,1.8630914826498424,0.00402220134195386,1.9444468750000041,16.553125,0.005470102952261012,0.0,0
21208.0,2022-03-11 15:45:00,325.65,325.81,325.15,325.29,988197.0,1p,1p,1.0,buy,False,0.41120134134995673,4.480000000000018,24.0,0.013590995965173129,-0.3655025629848243,-0.5416255466368538,-0.724376828129266,-0.002214719036243216,29.18051555759949,7.319098807951855,8.241433875955945,5.474428671943677,988197.0,4.480000000000018,0.0,4.480000000000018,24.0,0.013590995965173129,4.480000000000018,0.0,0.0,1.0,1.0,-0.3655025629848243,-0.724376828129266,-0.5416255466368538,29.18051555759949,7.319098807951855,8.241433875955945,5.474428671943677,1.7204005092382748,36.701877530422614,39.0781925831685,-0.11054813450021704,0.20298323850531297,0.160000000000025,0.1400000000000432,0.3599999999999568,0.0,21209.0,21209.0,2022-03-11,2022-03-11 15:45:00,2.0540172048918044,173.78554736652885,0.0,,14281.267661333814,366.3529484630595,0.5832424107187206,4.3760036431226785,32.22527881040892,0.012230020343504162,2.285057100371749,15.890706319702602,0.006381710269403211,0.4929364202292669,5.6011759621451125,36.843533123028394,0.015614239272951093,2.82998018927445,22.52492113564669,0.007835530045022196,1.8630914826498424,0.00402220134195386,1.9444468750000041,16.553125,0.005470102952261012,0.0,0
21209.0,2022-03-11 15:50:00,325.29,325.42,324.47,324.56,1669935.0,1p,1p,1.0,buy,False,0.4718203924685372,5.159999999999968,25.0,0.015653914995601034,-0.43495840646391604,-0.5959953474448433,-0.8134745506768013,-0.00248854438563179,25.011296361384822,5.95853589594843,7.480467882620106,2.914671922605077,1669935.0,5.159999999999968,0.0,5.159999999999968,25.0,0.015653914995601034,5.159999999999968,0.0,0.0,1.0,1.0,-0.43495840646391604,-0.8134745506768013,-0.5959953474448433,25.011296361384822,5.95853589594843,7.480467882620106,2.914671922605077,1.6668703952702715,39.22701663536603,42.847452119153445,-0.2244151372621409,0.29278515733349414,0.12999999999999545,0.08999999999997499,0.7300000000000182,0.0,21210.0,21210.0,2022-03-11,2022-03-11 15:50:00,2.0540172048918044,173.78554736652885,0.0,,14281.267661333814,366.3529484630595,0.5832424107187206,4.3760036431226785,32.22527881040892,0.012230020343504162,2.285057100371749,15.890706319702602,0.006381710269403211,0.4929364202292669,5.6011759621451125,36.843533123028394,0.015614239272951093,2.82998018927445,22.52492113564669,0.007835530045022196,1.8630914826498424,0.00402220134195386,1.9444468750000041,16.553125,0.005470102952261012,0.0,0
21210.0,2022-03-11 15:55:00,324.57,325.11,323.9,324.339,2529166.0,1p,1p,1.0,buy,False,0.5131195746509806,5.730000000000018,26.0,0.017383126535812938,-0.47303100094495343,-0.6551242225629624,-0.8916397230354391,-0.002729239990423707,23.898081726995358,8.574034412812793,7.844990059351002,10.032123119736376,2529166.0,5.730000000000018,0.0,5.730000000000018,26.0,0.017383126535812938,5.730000000000018,0.0,0.0,1.0,1.0,-0.47303100094495343,-0.8916397230354391,-0.6551242225629624,23.898081726995358,8.574034412812793,7.844990059351002,10.032123119736376,1.5513657189543408,38.990991736392075,46.38312973746473,-0.07117108790091338,0.3735720901512925,0.5400000000000205,0.4390000000000214,0.23099999999999454,0.0,21211.0,21211.0,2022-03-11,2022-03-11 15:55:00,2.0540172048918044,173.78554736652885,0.0,,14281.267661333814,366.3529484630595,0.5832424107187206,4.3760036431226785,32.22527881040892,0.012230020343504162,2.285057100371749,15.890706319702602,0.006381710269403211,0.4929364202292669,5.6011759621451125,36.843533123028394,0.015614239272951093,2.82998018927445,22.52492113564669,0.007835530045022196,1.8630914826498424,0.00402220134195386,1.9444468750000041,16.553125,0.005470102952261012,1.0,0
21258.0,2022-03-14 04:00:00,325.04,328.0,325.04,325.35,16870.0,2s,2s,0.0,sell,False,0.1684022392579158,4.163492493946733,28.239017640954685,0.011578080659927173,0.16888987998588054,-0.12476074402117947,-0.0403158040282392,-0.00012426046414418043,68.3475034780665,34.61256042355936,43.106536485733386,17.624608299211303,16870.0,4.100000000000023,1.0,6.7701000000000136,91.0,0.02029223990648327,4.100000000000023,49.0,0.012658227848101337,1.0,2.5,0.16888987998588054,-0.0403158040282392,-0.12476074402117947,68.3475034780665,34.61256042355936,43.106536485733386,17.624608299211303,67.48681898066677,10.193321616872632,52.64113897176958,0.09537287718434723,0.9106571498892382,2.6499999999999773,0.0,0.3100000000000023,1.0,21259.0,21259.0,2022-03-14,2022-03-14 04:00:00,2.876901798063628,205.0,1.0,best_within_2.0d,21463.0,315.99,0.5832424107187206,4.3760036431226785,32.22527881040892,0.012230020343504162,2.285057100371749,15.890706319702602,0.006381710269403211,0.1684022392579158,6.7701000000000136,91.0,0.02029223990648327,4.100000000000023,49.0,0.012658227848101337,1.0,0.00402220134195386,1.9444468750000041,16.553125,0.005470102952261012,1.0,1
21299.0,2022-03-14 07:25:00,325.72,325.72,323.5,323.79,95959.0,1,1,1.0,buy,False,0.5238416856599003,4.5,42.0,0.013719512195121951,-0.4829153715168247,0.06075768658815409,-0.18069999917025825,-0.0005546461841888865,29.474327020334925,18.87415404249847,20.497445728261837,15.627570670971735,95959.0,4.5,1.0,4.5,42.0,0.013719512195121951,4.5,42.0,0.013719512195121951,1.0,1.0,-0.4829153715168247,-0.18069999917025825,0.06075768658815409,29.474327020334925,18.87415404249847,20.497445728261837,15.627570670971735,9.759358288770272,51.60427807486637,39.7203266908241,-0.5925334643251894,0.6862442040185556,0.0,0.29000000000002046,1.9300000000000068,0.0,21300.0,21300.0,2022-03-14,2022-03-14 07:25:00,3.2922573272800166,369.0,1.0,best_within_2.0d,21668.0,334.45,0.5832424107187206,4.3760036431226785,32.22527881040892,0.012230020343504162,2.285057100371749,15.890706319702602,0.006381710269403211,0.4929364202292669,5.6011759621451125,36.843533123028394,0.015614239272951093,2.82998018927445,22.52492113564669,0.007835530045022196,1.8630914826498424,0.00402220134195386,1.9444468750000041,16.553125,0.005470102952261012,0.0,0
21303.0,2022-03-14 07:45:00,323.61,323.7,322.6,323.01,76691.0,1,1,1.0,buy,False,0.749116906190202,5.399999999999977,46.0,0.016463414634146273,-0.6905904569328486,-0.257195179784761,-0.6024904082511853,-0.0018526538525064837,25.81594095677518,11.948993463946307,14.5008446896138,6.84529101261132,76691.0,5.399999999999977,1.0,5.399999999999977,46.0,0.016463414634146273,5.399999999999977,46.0,0.016463414634146273,1.0,1.0,-0.6905904569328486,-0.6024904082511853,-0.257195179784761,25.81594095677518,11.948993463946307,14.5008446896138,6.84529101261132,6.599552572706657,50.671140939597024,47.49217099277381,-0.18540836191712948,0.3409795412275157,0.08999999999997499,0.40999999999996817,0.6000000000000227,0.0,21304.0,21304.0,2022-03-14,2022-03-14 07:45:00,3.541686015912819,365.0,1.0,best_within_2.0d,21668.0,334.45,0.5832424107187206,4.3760036431226785,32.22527881040892,0.012230020343504162,2.285057100371749,15.890706319702602,0.006381710269403211,0.4929364202292669,5.6011759621451125,36.843533123028394,0.015614239272951093,2.82998018927445,22.52492113564669,0.007835530045022196,1.8630914826498424,0.00402220134195386,1.9444468750000041,16.553125,0.005470102952261012,0.0,0
21305.0,2022-03-14 07:55:00,322.72,323.25,322.54,322.81,31837.0,1,1,1.0,buy,False,0.7740251017333285,5.4599999999999795,48.0,0.016646341463414573,-0.6803942991293634,-0.43143854761047484,-0.7716356971751566,-0.0023752839942833026,25.083503926990957,9.21303639705716,11.691321738695699,4.256465713780081,31837.0,5.4599999999999795,1.0,5.4599999999999795,48.0,0.016646341463414573,5.4599999999999795,48.0,0.016646341463414573,1.0,1.0,-0.6803942991293634,-0.7716356971751566,-0.43143854761047484,25.083503926990957,9.21303639705716,11.691321738695699,4.256465713780081,6.350914962324798,45.31754574811593,51.26431345961125,0.027887952404553478,0.22012773609474157,0.4399999999999977,0.18000000000000682,0.08999999999997499,1.0,21306.0,21306.0,2022-03-14,2022-03-14 07:55:00,3.605836250425943,363.0,1.0,best_within_2.0d,21668.0,334.45,0.5832424107187206,4.3760036431226785,32.22527881040892,0.012230020343504162,2.285057100371749,15.890706319702602,0.006381710269403211,0.4929364202292669,5.6011759621451125,36.843533123028394,0.015614239272951093,2.82998018927445,22.52492113564669,0.007835530045022196,1.8630914826498424,0.00402220134195386,1.9444468750000041,16.553125,0.005470102952261012,1.0,0
21324.0,2022-03-14 09:30:00,323.13,324.08,322.44,322.72,1572634.0,1,1,1.0,buy,False,0.7740251017341254,5.560000000000002,67.0,0.01695121951219513,-0.038053413098659505,-0.30593233793272717,-0.3249590444820569,-0.0010031531389635224,35.11196974032548,19.762153901518467,31.850738184438672,-4.415014664321944,1572634.0,5.560000000000002,1.0,5.560000000000002,67.0,0.01695121951219513,5.560000000000002,67.0,0.01695121951219513,1.0,1.0,-0.038053413098659505,-0.3249590444820569,-0.30593233793272717,35.11196974032548,19.762153901518467,31.850738184438672,-4.415014664321944,20.672550553011057,20.77980113953745,40.04709990222038,-0.1268839166898673,0.5086217590869577,0.9499999999999886,0.28000000000002956,0.40999999999996817,0.0,21325.0,21325.0,2022-03-14,2022-03-14 09:30:00,3.6347297967278016,344.0,1.0,best_within_2.0d,21668.0,334.45,0.5832424107187206,4.3760036431226785,32.22527881040892,0.012230020343504162,2.285057100371749,15.890706319702602,0.006381710269403211,0.4929364202292669,5.6011759621451125,36.843533123028394,0.015614239272951093,2.82998018927445,22.52492113564669,0.007835530045022196,1.8630914826498424,0.00402220134195386,1.9444468750000041,16.553125,0.005470102952261012,0.0,0
21325.0,2022-03-14 09:35:00,322.75,323.83,322.02,322.7,1366513.0,1,1,1.0,buy,False,0.7740251017267511,5.980000000000018,68.0,0.018231707317073225,-0.10841737413396157,-0.3194845096994724,-0.3736931967664532,-0.00115392271774987,34.9442313708942,21.18419211809119,28.29522282898951,6.962130696294551,1366513.0,5.980000000000018,1.0,5.980000000000018,68.0,0.018231707317073225,5.980000000000018,68.0,0.018231707317073225,1.0,1.0,-0.10841737413396157,-0.3736931967664532,-0.3194845096994724,34.9442313708942,21.18419211809119,28.29522282898951,6.962130696294551,17.049804780497272,21.712217884011142,38.04575718683265,-0.0154918667699493,0.562076889634185,1.079999999999984,0.6800000000000068,0.05000000000001137,0.0,21326.0,21326.0,2022-03-14,2022-03-14 09:35:00,3.641152773473815,343.0,1.0,best_within_2.0d,21668.0,334.45,0.5832424107187206,4.3760036431226785,32.22527881040892,0.012230020343504162,2.285057100371749,15.890706319702602,0.006381710269403211,0.4929364202292669,5.6011759621451125,36.843533123028394,0.015614239272951093,2.82998018927445,22.52492113564669,0.007835530045022196,1.8630914826498424,0.00402220134195386,1.9444468750000041,16.553125,0.005470102952261012,1.0,0
21331.0,2022-03-14 10:05:00,323.6,325.39,323.48,325.21,757371.0,3a,3a,0.0,sell,False,0.0034880387591136697,4.163492493946733,28.239017640954685,0.011578080659927173,0.3068144075971527,-0.15035638066667595,0.0030508231319004153,9.414815229138454e-06,59.187114770324285,67.88680634097463,57.64254344186868,88.37533213918653,757371.0,3.3700000000000045,2.0,3.3700000000000045,7.0,0.010465188497608859,3.3700000000000045,7.0,0.010465188497608859,3.0,3.0,0.3068144075971527,0.0030508231319004153,-0.15035638066667595,59.187114770324285,67.88680634097463,57.64254344186868,88.37533213918653,14.043684271350731,20.542008551947294,29.35813039230294,0.4975278121137072,0.5904538147644269,0.18000000000000682,0.12000000000000455,1.6099999999999568,1.0,21332.0,21332.0,2022-03-14,2022-03-14 10:05:00,2.835091171858175,132.0,1.0,best_within_2.0d,21463.0,315.99,0.5832424107187206,4.3760036431226785,32.22527881040892,0.012230020343504162,2.285057100371749,15.890706319702602,0.006381710269403211,0.4929364202292669,5.6011759621451125,36.843533123028394,0.015614239272951093,2.82998018927445,22.52492113564669,0.007835530045022196,1.8630914826498424,0.0034880387591136697,3.3700000000000045,7.0,0.010465188497608859,0.0,1
21332.0,2022-03-14 10:10:00,325.21,326.35,325.03,326.11,1067952.0,3a,3a,0.0,sell,False,0.0034880387591136697,4.163492493946733,28.239017640954685,0.011578080659927173,0.5082765756849945,-0.08682180870605163,0.16731647913644565,0.0005160936594566685,64.29846889741383,76.74362916957963,64.00957201777233,102.21174347319425,1067952.0,4.330000000000041,2.0,4.330000000000041,8.0,0.013446369790696359,4.330000000000041,8.0,0.013446369790696359,3.0,3.0,0.5082765756849945,0.16731647913644565,-0.08682180870605163,64.29846889741383,76.74362916957963,64.00957201777233,102.21174347319425,18.87120115774233,19.787376154959336,27.43040064284184,0.2767442575566662,0.406116358490001,0.2400000000000091,0.18000000000000682,0.9000000000000341,1.0,21333.0,21333.0,2022-03-14,2022-03-14 10:10:00,3.103247370519151,131.0,1.0,best_within_2.0d,21463.0,315.99,0.5832424107187206,4.3760036431226785,32.22527881040892,0.012230020343504162,2.285057100371749,15.890706319702602,0.006381710269403211,0.4929364202292669,5.6011759621451125,36.843533123028394,0.015614239272951093,2.82998018927445,22.52492113564669,0.007835530045022196,1.8630914826498424,0.0034880387591136697,4.330000000000041,8.0,0.013446369790696359,1.0,1
21346.0,2022-03-14 11:20:00,324.47,324.49,323.43,323.55,657999.0,2,2,1.0,buy,False,0.6743648960739003,4.163492493946733,28.239017640954685,0.011578080659927173,-0.33556074867057994,0.2309419333601102,0.06316155902482024,0.0001945239414007272,41.85119909759878,22.99811725132392,39.27544986693168,-9.556547979891604,657999.0,2.920000000000016,1.0,4.330000000000041,8.0,0.013446369790696359,2.920000000000016,15.0,0.008947449057760121,2.0,2.0,-0.33556074867057994,0.06316155902482024,0.2309419333601102,41.85119909759878,22.99811725132392,39.27544986693168,-9.556547979891604,11.415120425975243,24.63822576413953,16.73322041635221,-0.28353931025981316,0.327737068299169,0.01999999999998181,0.12000000000000455,0.9200000000000159,0.0,21347.0,21347.0,2022-03-14,2022-03-14 11:20:00,3.368876526039245,322.0,1.0,best_within_2.0d,21668.0,334.45,0.6743648960739003,4.330000000000041,8.0,0.013446369790696359,2.920000000000016,15.0,0.008947449057760121,0.4929364202292669,5.6011759621451125,36.843533123028394,0.015614239272951093,2.82998018927445,22.52492113564669,0.007835530045022196,1.8630914826498424,0.00402220134195386,1.9444468750000041,16.553125,0.005470102952261012,0.0,0
21347.0,2022-03-14 11:25:00,323.57,323.69,323.13,323.32,543436.0,2,2,1.0,buy,False,0.7436489607390293,4.163492493946733,28.239017640954685,0.011578080659927173,-0.4598934852772964,0.17345524770044815,-0.05649149493820005,-0.00017403630266428214,40.52111605137096,17.305079205970866,31.95199297994474,-11.988748341976887,543436.0,3.2200000000000273,1.0,4.330000000000041,8.0,0.013446369790696359,3.2200000000000273,16.0,0.00986670752259852,2.0,2.0,-0.4598934852772964,-0.05649149493820005,0.17345524770044815,40.52111605137096,17.305079205970866,31.95199297994474,-11.988748341976887,11.587652312852018,27.169805888830606,18.40972403829077,-0.07726303427388201,0.1733048618203207,0.12000000000000455,0.18999999999999773,0.25,0.0,21348.0,21348.0,2022-03-14,2022-03-14 11:25:00,3.4424099962885055,321.0,1.0,best_within_2.0d,21668.0,334.45,0.7436489607390293,4.330000000000041,8.0,0.013446369790696359,3.2200000000000273,16.0,0.00986670752259852,0.4929364202292669,5.6011759621451125,36.843533123028394,0.015614239272951093,2.82998018927445,22.52492113564669,0.007835530045022196,1.8630914826498424,0.00402220134195386,1.9444468750000041,16.553125,0.005470102952261012,0.0,0
21348.0,2022-03-14 11:30:00,323.34,323.49,322.91,323.41,594633.0,2,2,1.0,buy,False,0.7944572748267819,4.163492493946733,28.239017640954685,0.011578080659927173,-0.505389996700846,0.11028149811284241,-0.1424135002375806,-0.00043885949905775995,41.30717518973431,16.395805962386866,26.76659730742545,-4.3457767276903,594633.0,3.4399999999999977,1.0,4.330000000000041,8.0,0.013446369790696359,3.4399999999999977,17.0,0.01054083039681323,2.0,2.0,-0.505389996700846,-0.1424135002375806,0.11028149811284241,41.30717518973431,16.395805962386866,26.76659730742545,-4.3457767276903,11.860823185330679,28.76802145261939,20.06715664972492,0.021649038164177035,0.1796166114397151,0.07999999999998408,0.42999999999995,0.07000000000005002,1.0,21349.0,21349.0,2022-03-14,2022-03-14 11:30:00,3.41362357379177,320.0,1.0,best_within_2.0d,21668.0,334.45,0.7944572748267819,4.330000000000041,8.0,0.013446369790696359,3.4399999999999977,17.0,0.01054083039681323,0.4929364202292669,5.6011759621451125,36.843533123028394,0.015614239272951093,2.82998018927445,22.52492113564669,0.007835530045022196,1.8630914826498424,0.00402220134195386,1.9444468750000041,16.553125,0.005470102952261012,0.0,0
21349.0,2022-03-14 11:35:00,323.4,323.44,322.44,322.64,635146.0,2,2,1.0,buy,False,0.9030023094688194,4.163492493946733,28.239017640954685,0.011578080659927173,-0.6077029829168201,0.0343186252482399,-0.26953286621017014,-0.0008309431524262874,36.82335062070982,12.639939017659533,22.057711210836807,-6.195605368695013,635146.0,3.910000000000025,1.0,4.330000000000041,8.0,0.013446369790696359,3.910000000000025,18.0,0.01198100199172675,2.0,2.0,-0.6077029829168201,-0.26953286621017014,0.0343186252482399,36.82335062070982,12.639939017659533,22.057711210836807,-6.195605368695013,10.057395210260005,33.08353687585568,22.446233541089914,-0.2350030921459465,0.3101352189554646,0.040000000000020464,0.19999999999998863,0.7599999999999909,0.0,21350.0,21350.0,2022-03-14,2022-03-14 11:35:00,3.6604264815274,319.0,1.0,best_within_2.0d,21668.0,334.45,0.9030023094688194,4.330000000000041,8.0,0.013446369790696359,3.910000000000025,18.0,0.01198100199172675,0.4929364202292669,5.6011759621451125,36.843533123028394,0.015614239272951093,2.82998018927445,22.52492113564669,0.007835530045022196,1.8630914826498424,0.00402220134195386,1.9444468750000041,16.553125,0.005470102952261012,0.0,0
21350.0,2022-03-14 11:40:00,322.62,322.65,321.575,321.92,839306.0,1p,1p,1.0,buy,False,1.0265494475418786,4.775000000000034,19.0,0.01463153056534406,-0.7324971746076361,-0.05724352157771462,-0.42349210888153266,-0.0013063150717007649,33.194902124580366,10.91850033463345,18.34464091876902,-3.933780833637691,839306.0,4.775000000000034,0.0,4.775000000000034,19.0,0.01463153056534406,4.775000000000034,0.0,0.0,1.0,1.0,-0.7324971746076361,-0.42349210888153266,-0.05724352157771462,33.194902124580366,10.91850033463345,18.34464091876902,-3.933780833637691,10.165009438937275,31.450386346787578,24.49634843507874,-0.2169735292294305,0.33429215579568955,0.029999999999972715,0.3450000000000273,0.6999999999999886,0.0,21351.0,21351.0,2022-03-14,2022-03-14 11:40:00,3.892271371769375,318.0,1.0,best_within_2.0d,21668.0,334.45,0.5832424107187206,4.3760036431226785,32.22527881040892,0.012230020343504162,2.285057100371749,15.890706319702602,0.006381710269403211,0.4929364202292669,5.6011759621451125,36.843533123028394,0.015614239272951093,2.82998018927445,22.52492113564669,0.007835530045022196,1.8630914826498424,0.00402220134195386,1.9444468750000041,16.553125,0.005470102952261012,0.0,0
21351.0,2022-03-14 11:45:00,321.93,321.97,321.33,321.38,786828.0,1p,1p,1.0,buy,False,1.1774831953107565,5.020000000000039,20.0,0.015382258311628738,-0.840196364411286,-0.16226806712912537,-0.5823662493347683,-0.0017975359304420399,30.74777098110208,7.631428098724296,14.77356997875411,-6.652855661335334,786828.0,5.020000000000039,0.0,5.020000000000039,20.0,0.015382258311628738,5.020000000000039,0.0,0.0,1.0,1.0,-0.840196364411286,-0.5823662493347683,-0.16226806712912537,30.74777098110208,7.631428098724296,14.77356997875411,-6.652855661335334,9.47971263152107,34.158303366473305,26.786106568146387,-0.17084459354518414,0.1991721905829033,0.040000000000020464,0.05000000000001137,0.5500000000000114,0.0,21352.0,21352.0,2022-03-14,2022-03-14 11:45:00,4.066836766444705,317.0,1.0,best_within_2.0d,21668.0,334.45,0.5832424107187206,4.3760036431226785,32.22527881040892,0.012230020343504162,2.285057100371749,15.890706319702602,0.006381710269403211,0.4929364202292669,5.6011759621451125,36.843533123028394,0.015614239272951093,2.82998018927445,22.52492113564669,0.007835530045022196,1.8630914826498424,0.00402220134195386,1.9444468750000041,16.553125,0.005470102952261012,0.0,0
21352.0,2022-03-14 11:50:00,321.3988,321.9,321.26,321.785,541241.0,1p,1p,1.0,buy,False,1.1774831953107565,5.090000000000032,21.0,0.015596751953424335,-0.8090046066391225,-0.2633936429590157,-0.667895946278577,-0.002062567785203576,34.63953866375482,9.335191548017114,12.960777168508443,2.084020307034457,541241.0,5.090000000000032,0.0,5.090000000000032,21.0,0.015596751953424335,5.090000000000032,0.0,0.0,1.0,1.0,-0.8090046066391225,-0.667895946278577,-0.2633936429590157,34.63953866375482,9.335191548017114,12.960777168508443,2.084020307034457,9.700098604307989,35.5135841463514,28.950827426247425,0.12016224080489123,0.19921558861980526,0.11499999999995225,0.13880000000000337,0.38620000000003074,1.0,21353.0,21353.0,2022-03-14,2022-03-14 11:50:00,3.935857793247032,316.0,1.0,best_within_2.0d,21668.0,334.45,0.5832424107187206,4.3760036431226785,32.22527881040892,0.012230020343504162,2.285057100371749,15.890706319702602,0.006381710269403211,0.4929364202292669,5.6011759621451125,36.843533123028394,0.015614239272951093,2.82998018927445,22.52492113564669,0.007835530045022196,1.8630914826498424,0.00402220134195386,1.9444468750000041,16.553125,0.005470102952261012,0.0,0
21354.0,2022-03-14 12:00:00,321.6,321.65,320.86,320.91,640934.0,1p,1p,1.0,buy,False,1.1774831953107565,5.490000000000009,23.0,0.016822429906542084,-0.7765312637211729,-0.4553941770436058,-0.8436598089041922,-0.002608286688504578,30.405327073372177,7.164649683838832,10.383732923194097,0.7264832051283001,640934.0,5.490000000000009,0.0,5.490000000000009,23.0,0.016822429906542084,5.490000000000009,0.0,0.0,1.0,1.0,-0.7765312637211729,-0.8436598089041922,-0.4553941770436058,30.405327073372177,7.164649683838832,10.383732923194097,0.7264832051283001,1.7882529662645152,42.29218265215784,35.197228402633144,-0.2145522388059694,0.2462133017515314,0.049999999999954525,0.05000000000001137,0.6899999999999977,0.0,21355.0,21355.0,2022-03-14,2022-03-14 12:00:00,4.219251503536806,314.0,1.0,best_within_2.0d,21668.0,334.45,0.5832424107187206,4.3760036431226785,32.22527881040892,0.012230020343504162,2.285057100371749,15.890706319702602,0.006381710269403211,0.4929364202292669,5.6011759621451125,36.843533123028394,0.015614239272951093,2.82998018927445,22.52492113564669,0.007835530045022196,1.8630914826498424,0.00402220134195386,1.9444468750000041,16.553125,0.005470102952261012,0.0,0
21355.0,2022-03-14 12:05:00,320.92,321.13,320.36,320.38,1039079.0,1p,1p,1.0,buy,False,1.1774831953107565,5.990000000000009,24.0,0.018354527347939357,-0.8058592354104046,-0.5561265814699065,-0.9590561991751088,-0.002967138548590456,28.13681757376709,4.976633322759239,8.58136638971581,-2.2328328111539033,1039079.0,5.990000000000009,0.0,5.990000000000009,24.0,0.018354527347939357,5.990000000000009,0.0,0.0,1.0,1.0,-0.8058592354104046,-0.9590561991751088,-0.5561265814699065,28.13681757376709,4.976633322759239,8.58136638971581,-2.2328328111539033,0.0,47.48458793728035,39.82599780244506,-0.16826623457560153,0.24035460107378628,0.20999999999997954,0.01999999999998181,0.5400000000000205,0.0,21356.0,21356.0,2022-03-14,2022-03-14 12:05:00,4.391659903864159,313.0,1.0,best_within_2.0d,21668.0,334.45,0.5832424107187206,4.3760036431226785,32.22527881040892,0.012230020343504162,2.285057100371749,15.890706319702602,0.006381710269403211,0.4929364202292669,5.6011759621451125,36.843533123028394,0.015614239272951093,2.82998018927445,22.52492113564669,0.007835530045022196,1.8630914826498424,0.00402220134195386,1.9444468750000041,16.553125,0.005470102952261012,0.0,0
21356.0,2022-03-14 12:10:00,320.38,320.81,320.19,320.55,715898.0,1p,1p,1.0,buy,False,1.1774831953107565,6.160000000000025,25.0,0.018875440478014475,-0.7501587616742957,-0.6498964266791935,-1.0249758075163413,-0.003173027219726409,29.942345666304334,6.954119184869921,8.03895065476718,4.7844562450754005,715898.0,6.160000000000025,0.0,6.160000000000025,25.0,0.018875440478014475,6.160000000000025,0.0,0.0,1.0,1.0,-0.7501587616742957,-1.0249758075163413,-0.6498964266791935,29.942345666304334,6.954119184869921,8.03895065476718,4.7844562450754005,0.0,49.329399391294174,44.12414081655613,0.05306198888820024,0.1936350292014131,0.2599999999999909,0.18999999999999773,0.17000000000001592,1.0,21357.0,21357.0,2022-03-14,2022-03-14 12:10:00,4.336296989549205,312.0,1.0,best_within_2.0d,21668.0,334.45,0.5832424107187206,4.3760036431226785,32.22527881040892,0.012230020343504162,2.285057100371749,15.890706319702602,0.006381710269403211,0.4929364202292669,5.6011759621451125,36.843533123028394,0.015614239272951093,2.82998018927445,22.52492113564669,0.007835530045022196,1.8630914826498424,0.00402220134195386,1.9444468750000041,16.553125,0.005470102952261012,1.0,0
21363.0,2022-03-14 12:45:00,320.59,320.63,319.84,320.12,853270.0,1p,1p,1.0,buy,False,1.1774831953107565,6.510000000000048,32.0,0.019947908686992637,-0.14289131002808597,-0.9183637283778576,-0.9898093833919006,-0.0030733551731587667,30.369227689948843,25.842852706016235,26.085955130073373,25.35664785790196,853270.0,6.510000000000048,0.0,6.510000000000048,32.0,0.019947908686992637,6.510000000000048,0.0,0.0,1.0,1.0,-0.14289131002808597,-0.9898093833919006,-0.9183637283778576,30.369227689948843,25.842852706016235,26.085955130073373,25.35664785790196,6.630167261037366,34.251845898839655,56.26935206042818,-0.1466046975888114,0.24699849924963124,0.040000000000020464,0.28000000000002956,0.46999999999997044,0.0,21364.0,21364.0,2022-03-14,2022-03-14 12:45:00,4.476446332625261,305.0,1.0,best_within_2.0d,21668.0,334.45,0.5832424107187206,4.3760036431226785,32.22527881040892,0.012230020343504162,2.285057100371749,15.890706319702602,0.006381710269403211,0.4929364202292669,5.6011759621451125,36.843533123028394,0.015614239272951093,2.82998018927445,22.52492113564669,0.007835530045022196,1.8630914826498424,0.00402220134195386,1.9444468750000041,16.553125,0.005470102952261012,0.0,0
21364.0,2022-03-14 12:50:00,320.1,320.306,319.04,319.08,833660.0,1p,1p,1.0,buy,False,1.1774831953107565,7.310000000000002,33.0,0.022399264593228135,-0.25121265197514786,-0.9497653098747512,-1.075371635862325,-0.0033413170018033534,25.209429713747497,17.81336379231439,23.32842468415371,6.783242008635753,833660.0,7.310000000000002,0.0,7.310000000000002,33.0,0.022399264593228135,7.310000000000002,0.0,0.0,1.0,1.0,-0.25121265197514786,-1.075371635862325,-0.9497653098747512,25.209429713747497,17.81336379231439,23.32842468415371,6.783242008635753,6.505347198264911,32.9663397565418,57.038534513799895,-0.31865042174321734,0.39681544633900534,0.20599999999996044,0.03999999999996362,1.0200000000000387,0.0,21365.0,21365.0,2022-03-14,2022-03-14 12:50:00,4.816973799674065,304.0,1.0,best_within_2.0d,21668.0,334.45,0.5832424107187206,4.3760036431226785,32.22527881040892,0.012230020343504162,2.285057100371749,15.890706319702602,0.006381710269403211,0.4929364202292669,5.6011759621451125,36.843533123028394,0.015614239272951093,2.82998018927445,22.52492113564669,0.007835530045022196,1.8630914826498424,0.00402220134195386,1.9444468750000041,16.553125,0.005470102952261012,0.0,0
21365.0,2022-03-14 12:55:00,319.0889,319.47,318.91,318.96,714032.0,1p,1p,1.0,buy,False,1.1774831953107565,7.439999999999998,34.0,0.022797609927991413,-0.30393596949324686,-0.987757306061407,-1.1397252908080304,-0.0035436214594446085,24.688209635877058,12.56713879376914,19.741329387358853,-1.7812423934102881,714032.0,7.439999999999998,0.0,7.439999999999998,34.0,0.022797609927991413,7.439999999999998,0.0,0.0,1.0,1.0,-0.30393596949324686,-1.1397252908080304,-0.987757306061407,24.688209635877058,12.56713879376914,19.741329387358853,-1.7812423934102881,6.5570513138936874,32.08583776265414,57.683164078263516,-0.04039626574288362,0.1755981311341765,0.38110000000000355,0.049999999999954525,0.1289000000000442,0.0,21366.0,21366.0,2022-03-14,2022-03-14 12:55:00,4.856408327062957,303.0,1.0,best_within_2.0d,21668.0,334.45,0.5832424107187206,4.3760036431226785,32.22527881040892,0.012230020343504162,2.285057100371749,15.890706319702602,0.006381710269403211,0.4929364202292669,5.6011759621451125,36.843533123028394,0.015614239272951093,2.82998018927445,22.52492113564669,0.007835530045022196,1.8630914826498424,0.00402220134195386,1.9444468750000041,16.553125,0.005470102952261012,0.0,0
21366.0,2022-03-14 13:00:00,318.95,319.0799,318.4,318.4182,906220.0,1p,1p,1.0,buy,False,1.1774831953107565,7.9500000000000455,35.0,0.024360349318216776,-0.37219152862849736,-1.0342812471399694,-1.220377011454218,-0.003797189343368056,22.432995321848793,8.585855086257459,16.02283795365839,-6.288110648544404,906220.0,7.9500000000000455,0.0,7.9500000000000455,35.0,0.024360349318216776,7.9500000000000455,0.0,0.0,1.0,1.0,-0.37219152862849736,-1.220377011454218,-1.0342812471399694,22.432995321848793,8.585855086257459,16.02283795365839,-6.288110648544404,6.531161557186911,36.313258257961,58.52809486709844,-0.16673459789934963,0.21353643216081405,0.12990000000002055,0.018200000000035743,0.5317999999999756,0.0,21367.0,21367.0,2022-03-14,2022-03-14 13:00:00,5.034825270666053,302.0,1.0,best_within_2.0d,21668.0,334.45,0.5832424107187206,4.3760036431226785,32.22527881040892,0.012230020343504162,2.285057100371749,15.890706319702602,0.006381710269403211,0.4929364202292669,5.6011759621451125,36.843533123028394,0.015614239272951093,2.82998018927445,22.52492113564669,0.007835530045022196,1.8630914826498424,0.00402220134195386,1.9444468750000041,16.553125,0.005470102952261012,0.0,0
21367.0,2022-03-14 13:05:00,318.41,318.9,318.21,318.2475,707812.0,1p,1p,1.0,buy,False,1.1774831953107565,8.140000000000043,36.0,0.02494254634594773,-0.39839055683742597,-1.0840800667446477,-1.2832753451633607,-0.003995790488609486,21.75860929893068,6.132400122864697,12.726025343393825,-7.054850318193559,707812.0,8.140000000000043,0.0,8.140000000000043,36.0,0.02494254634594773,8.140000000000043,0.0,0.0,1.0,1.0,-0.39839055683742597,-1.2832753451633607,-1.0840800667446477,21.75860929893068,6.132400122864697,12.726025343393825,-7.054850318193559,6.355075394303232,37.16371059371809,59.4042220597493,-0.051034829308131885,0.2168379372112749,0.48999999999995225,0.03750000000002274,0.16250000000002274,0.0,21368.0,21368.0,2022-03-14,2022-03-14 13:05:00,5.091163324142369,301.0,1.0,best_within_2.0d,21668.0,334.45,0.5832424107187206,4.3760036431226785,32.22527881040892,0.012230020343504162,2.285057100371749,15.890706319702602,0.006381710269403211,0.4929364202292669,5.6011759621451125,36.843533123028394,0.015614239272951093,2.82998018927445,22.52492113564669,0.007835530045022196,1.8630914826498424,0.00402220134195386,1.9444468750000041,16.553125,0.005470102952261012,1.0,0
21372.0,2022-03-14 13:30:00,318.31,318.62,317.65,318.235,1285116.0,1p,1p,1.0,buy,False,1.1774831953107565,8.700000000000045,41.0,0.026658495480312686,-0.054227079694318725,-1.1787781012407712,-1.2058916410879306,-0.003764451550141499,27.268869734728554,16.07149377656121,14.42510912812153,19.36426307344056,1285116.0,8.700000000000045,0.0,8.700000000000045,41.0,0.026658495480312686,8.700000000000045,0.0,0.0,1.0,1.0,-0.054227079694318725,-1.2058916410879306,-1.1787781012407712,27.268869734728554,16.07149377656121,14.42510912812153,19.36426307344056,3.5449120664869147,34.75589341631055,61.431210523363966,-0.023561936477015686,0.30536754289313,0.3100000000000023,0.5850000000000364,0.07499999999998863,0.0,21373.0,21373.0,2022-03-14,2022-03-14 13:30:00,5.0952912156110965,296.0,1.0,best_within_2.0d,21668.0,334.45,0.5832424107187206,4.3760036431226785,32.22527881040892,0.012230020343504162,2.285057100371749,15.890706319702602,0.006381710269403211,0.4929364202292669,5.6011759621451125,36.843533123028394,0.015614239272951093,2.82998018927445,22.52492113564669,0.007835530045022196,1.8630914826498424,0.00402220134195386,1.9444468750000041,16.553125,0.005470102952261012,0.0,0
21373.0,2022-03-14 13:35:00,318.21,318.23,317.61,317.89,1196094.0,1p,1p,1.0,buy,False,1.1774831953107565,8.740000000000009,42.0,0.026781063275624354,-0.05882043008040583,-1.186130655000822,-1.2155408700410248,-0.0037967216980027752,25.43430279103839,15.732250331327018,14.860822862523358,17.47510526893434,1196094.0,8.740000000000009,0.0,8.740000000000009,42.0,0.026781063275624354,8.740000000000009,0.0,0.0,1.0,1.0,-0.05882043008040583,-1.2155408700410248,-1.186130655000822,25.43430279103839,15.732250331327018,14.860822862523358,17.47510526893434,3.4882368900431517,34.5878066741597,62.87737580240702,-0.1005625216052271,0.1952079594471221,0.020000000000038654,0.2799999999999727,0.3199999999999932,0.0,21374.0,21374.0,2022-03-14,2022-03-14 13:35:00,5.209349145930983,295.0,1.0,best_within_2.0d,21668.0,334.45,0.5832424107187206,4.3760036431226785,32.22527881040892,0.012230020343504162,2.285057100371749,15.890706319702602,0.006381710269403211,0.4929364202292669,5.6011759621451125,36.843533123028394,0.015614239272951093,2.82998018927445,22.52492113564669,0.007835530045022196,1.8630914826498424,0.00402220134195386,1.9444468750000041,16.553125,0.005470102952261012,1.0,0
21397.0,2022-03-14 15:35:00,317.99,318.34,317.56,318.19,800742.0,1p,1p,1.0,buy,False,1.1901978196262534e-07,2.420000000000016,5.0,0.0075629726857929114,0.05777726616976098,-0.2600040259951066,-0.2311153929102261,-0.0007246045028257082,43.059772863357445,36.36980225607891,47.91369250223366,13.282021763769421,800742.0,2.420000000000016,0.0,2.420000000000016,5.0,0.0075629726857929114,2.420000000000016,0.0,0.0,1.0,1.0,0.05777726616976098,-0.2311153929102261,-0.2600040259951066,43.059772863357445,36.36980225607891,47.91369250223366,13.282021763769421,24.852224187773032,17.51736635457607,33.07673778594606,0.06289505959306539,0.24562287441742434,0.14999999999997726,0.4300000000000068,0.19999999999998863,1.0,21398.0,21398.0,2022-03-14,2022-03-14 15:35:00,5.110154310317732,271.0,1.0,best_within_2.0d,21668.0,334.45,0.5832424107187206,4.3760036431226785,32.22527881040892,0.012230020343504162,2.285057100371749,15.890706319702602,0.006381710269403211,0.4929364202292669,5.6011759621451125,36.843533123028394,0.015614239272951093,2.82998018927445,22.52492113564669,0.007835530045022196,1.8630914826498424,0.00402220134195386,1.9444468750000041,16.553125,0.005470102952261012,0.0,0
21400.0,2022-03-14 15:50:00,318.57,318.71,317.45,317.91,1472525.0,1p,1p,1.0,buy,False,0.030318011608085248,2.5300000000000296,8.0,0.007906744171510811,-0.02547308616109356,-0.246963344413149,-0.25969988749369577,-0.000814533142627267,41.624237386305,32.967850806209114,40.032575122756846,18.83840217311365,1472525.0,2.5300000000000296,0.0,2.5300000000000296,8.0,0.007906744171510811,2.5300000000000296,0.0,0.0,1.0,1.0,-0.02547308616109356,-0.25969988749369577,-0.246963344413149,41.624237386305,32.967850806209114,40.032575122756846,18.83840217311365,23.132028654901486,21.010925681354884,29.13352340808701,-0.20717581693190454,0.3969128996692364,0.13999999999998636,0.4600000000000364,0.6599999999999682,0.0,21401.0,21401.0,2022-03-14,2022-03-14 15:50:00,5.202730332484024,268.0,1.0,best_within_2.0d,21668.0,334.45,0.5832424107187206,4.3760036431226785,32.22527881040892,0.012230020343504162,2.285057100371749,15.890706319702602,0.006381710269403211,0.4929364202292669,5.6011759621451125,36.843533123028394,0.015614239272951093,2.82998018927445,22.52492113564669,0.007835530045022196,1.8630914826498424,0.00402220134195386,1.9444468750000041,16.553125,0.005470102952261012,1.0,0
21456.0,2022-03-15 04:30:00,317.04,317.04,316.6,316.93,8449.0,1,1,1.0,buy,False,0.7302420364695816,3.269999999999982,11.0,0.01022290305436578,-0.5812467776526147,-0.26835489501973775,-0.5589782838460451,-0.0017547908775576626,30.30901481957123,17.61881017714227,28.471513977460617,-4.086597423494425,8449.0,3.269999999999982,2.0,3.269999999999982,11.0,0.01022290305436578,3.269999999999982,11.0,0.01022290305436578,1.0,1.0,-0.5812467776526147,-0.5589782838460451,-0.26835489501973775,30.30901481957123,17.61881017714227,28.471513977460617,-4.086597423494425,14.898688915375372,47.67580452920118,35.98973790699481,-0.034695937421149896,0.13897662665824312,0.0,0.3299999999999841,0.11000000000001364,0.0,21457.0,21457.0,2022-03-15,2022-03-15 04:30:00,5.528034581768839,212.0,1.0,best_within_2.0d,21668.0,334.45,0.5832424107187206,4.3760036431226785,32.22527881040892,0.012230020343504162,2.285057100371749,15.890706319702602,0.006381710269403211,0.4929364202292669,5.6011759621451125,36.843533123028394,0.015614239272951093,2.82998018927445,22.52492113564669,0.007835530045022196,1.8630914826498424,0.00402220134195386,1.9444468750000041,16.553125,0.005470102952261012,0.0,0
21460.0,2022-03-15 04:50:00,316.6,316.75,316.5,316.75,5880.0,1,1,1.0,buy,False,0.7302420364696587,3.3700000000000045,15.0,0.010535530059086518,-0.35992465353368763,-0.4931923717400479,-0.6731546985068917,-0.0021162614269836085,31.916293648642252,13.259241869035087,16.252356114721554,7.273013377662153,5880.0,3.3700000000000045,2.0,3.3700000000000045,15.0,0.010535530059086518,3.3700000000000045,15.0,0.010535530059086518,1.0,1.0,-0.35992465353368763,-0.6731546985068917,-0.4931923717400479,31.916293648642252,13.259241869035087,16.252356114721554,7.273013377662153,14.349276974415599,50.61179087875425,39.85845172549973,0.04737839545166685,0.07898894154818326,0.0,0.10000000000002274,0.14999999999997726,1.0,21461.0,21461.0,2022-03-15,2022-03-15 04:50:00,5.588003157063927,208.0,1.0,best_within_2.0d,21668.0,334.45,0.5832424107187206,4.3760036431226785,32.22527881040892,0.012230020343504162,2.285057100371749,15.890706319702602,0.006381710269403211,0.4929364202292669,5.6011759621451125,36.843533123028394,0.015614239272951093,2.82998018927445,22.52492113564669,0.007835530045022196,1.8630914826498424,0.00402220134195386,1.9444468750000041,16.553125,0.005470102952261012,0.0,0
21461.0,2022-03-15 04:55:00,316.68,316.68,316.24,316.27,8968.0,1,1,1.0,buy,False,0.7302420364696668,3.6299999999999955,16.0,0.011348360271360226,-0.3541203225221854,-0.537457412055321,-0.7145175733164137,-0.0022472486368023026,28.317723784744288,9.510635518953425,14.005115916132176,0.5216747245959219,8968.0,3.6299999999999955,2.0,3.6299999999999955,16.0,0.011348360271360226,3.6299999999999955,16.0,0.011348360271360226,1.0,1.0,-0.3541203225221854,-0.7145175733164137,-0.537457412055321,28.317723784744288,9.510635518953425,14.005115916132176,0.5216747245959219,14.006514657980093,50.70575461454969,41.062234416247904,-0.12946823291651668,0.13913483430306023,0.0,0.029999999999972715,0.410000000000025,0.0,21462.0,21462.0,2022-03-15,2022-03-15 04:55:00,5.748253074904356,207.0,1.0,best_within_2.0d,21668.0,334.45,0.5832424107187206,4.3760036431226785,32.22527881040892,0.012230020343504162,2.285057100371749,15.890706319702602,0.006381710269403211,0.4929364202292669,5.6011759621451125,36.843533123028394,0.015614239272951093,2.82998018927445,22.52492113564669,0.007835530045022196,1.8630914826498424,0.00402220134195386,1.9444468750000041,16.553125,0.005470102952261012,0.0,0
21463.0,2022-03-15 05:05:00,316.44,316.44,315.71,315.99,19295.0,1,1,1.0,buy,False,0.7302420364696405,4.160000000000025,18.0,0.013005283396379857,-0.29796598039601596,-0.6122557732127938,-0.7612387634108018,-0.0023960696297848057,27.98410643399147,13.473561585659764,13.309851382975403,13.800981991028486,19295.0,4.160000000000025,2.0,4.160000000000025,18.0,0.013005283396379857,4.160000000000025,18.0,0.013005283396379857,1.0,1.0,-0.29796598039601596,-0.7612387634108018,-0.6122557732127938,27.98410643399147,13.473561585659764,13.309851382975403,13.800981991028486,12.848605577688781,52.19123505976064,43.48789072285139,-0.1422070534698485,0.23122485825600023,0.0,0.28000000000002956,0.44999999999998863,0.0,21464.0,21464.0,2022-03-15,2022-03-15 05:05:00,5.841957023956447,205.0,1.0,best_within_2.0d,21668.0,334.45,0.5832424107187206,4.3760036431226785,32.22527881040892,0.012230020343504162,2.285057100371749,15.890706319702602,0.006381710269403211,0.4929364202292669,5.6011759621451125,36.843533123028394,0.015614239272951093,2.82998018927445,22.52492113564669,0.007835530045022196,1.8630914826498424,0.00402220134195386,1.9444468750000041,16.553125,0.005470102952261012,0.0,0
21464.0,2022-03-15 05:10:00,315.91,316.28,315.71,316.28,7187.0,1,1,1.0,buy,False,0.7302420364696404,4.160000000000025,19.0,0.013005283396379857,-0.23262952669026715,-0.6413344640490772,-0.7576492273942108,-0.0023855627721297546,32.88315942548232,21.084285218465226,15.901329328138676,31.450196999118326,7187.0,4.160000000000025,2.0,4.160000000000025,19.0,0.013005283396379857,4.160000000000025,19.0,0.013005283396379857,1.0,1.0,-0.23262952669026715,-0.7576492273942108,-0.6413344640490772,32.88315942548232,21.084285218465226,15.901329328138676,31.450196999118326,16.731517509726952,30.60959792477283,42.47554627787288,0.11712196511663057,0.18054543726837705,0.0,0.20000000000004547,0.3699999999999477,1.0,21465.0,21465.0,2022-03-15,2022-03-15 05:10:00,5.744909573795376,204.0,1.0,best_within_2.0d,21668.0,334.45,0.5832424107187206,4.3760036431226785,32.22527881040892,0.012230020343504162,2.285057100371749,15.890706319702602,0.006381710269403211,0.4929364202292669,5.6011759621451125,36.843533123028394,0.015614239272951093,2.82998018927445,22.52492113564669,0.007835530045022196,1.8630914826498424,0.00402220134195386,1.9444468750000041,16.553125,0.005470102952261012,1.0,0
21494.0,2022-03-15 07:40:00,319.44,319.45,319.01,319.13,25706.0,2,2,1.0,buy,False,0.23787528868360736,4.163492493946733,28.239017640954685,0.011578080659927173,0.036291385316167935,0.4498560684482523,0.4680017611063363,0.00146848405337367,56.584449672505116,50.5024133747639,65.04963115979248,21.407977804706718,25706.0,1.0300000000000296,1.0,4.330000000000041,26.0,0.013715118304773498,1.0300000000000296,6.0,0.003218347706536775,2.0,2.0,0.036291385316167935,0.4680017611063363,0.4498560684482523,56.584449672505116,50.5024133747639,65.04963115979248,21.407977804706718,34.22291993720574,18.053375196232864,47.05364878044362,-0.09704482844978785,0.13792671076141744,0.009999999999990905,0.12000000000000455,0.3100000000000023,0.0,21495.0,21495.0,2022-03-15,2022-03-15 07:40:00,4.800551499388962,174.0,1.0,best_within_2.0d,21668.0,334.45,0.23787528868360736,4.330000000000041,26.0,0.013715118304773498,1.0300000000000296,6.0,0.003218347706536775,0.4929364202292669,5.6011759621451125,36.843533123028394,0.015614239272951093,2.82998018927445,22.52492113564669,0.007835530045022196,1.8630914826498424,0.00402220134195386,1.9444468750000041,16.553125,0.005470102952261012,0.0,0
21495.0,2022-03-15 07:45:00,319.08,319.08,318.54,318.54,61667.0,2,2,1.0,buy,False,0.34642032332563183,4.163492493946733,28.239017640954685,0.011578080659927173,-0.10623203781235069,0.43657706372170846,0.3834610448155331,0.0012032583036734204,48.3281322997103,33.66827558317593,54.58917930092029,-8.173531852312806,61667.0,1.5,1.0,4.330000000000041,26.0,0.013715118304773498,1.5,7.0,0.004686914135733033,2.0,2.0,-0.10623203781235069,0.3834610448155331,0.43657706372170846,48.3281322997103,33.66827558317593,54.58917930092029,-8.173531852312806,28.01204819277135,24.3975903614459,44.18528470499324,-0.16923655509588933,0.16952345074400815,0.0,0.0,0.5399999999999636,0.0,21496.0,21496.0,2022-03-15,2022-03-15 07:45:00,4.9946631506247146,173.0,1.0,best_within_2.0d,21668.0,334.45,0.34642032332563183,4.330000000000041,26.0,0.013715118304773498,1.5,7.0,0.004686914135733033,0.4929364202292669,5.6011759621451125,36.843533123028394,0.015614239272951093,2.82998018927445,22.52492113564669,0.007835530045022196,1.8630914826498424,0.00402220134195386,1.9444468750000041,16.553125,0.005470102952261012,0.0,0
21496.0,2022-03-15 07:50:00,318.55,318.81,318.49,318.79,46458.0,2,2,1.0,buy,False,0.35796766743648883,4.163492493946733,28.239017640954685,0.011578080659927173,-0.16604564693008383,0.415821357855448,0.3327985343904061,0.0010442596046910135,51.553814311381366,28.89712995867662,46.02516285350573,-5.358935830981608,46458.0,1.5500000000000114,1.0,4.330000000000041,26.0,0.013715118304773498,1.5500000000000114,8.0,0.0048431446069241695,2.0,2.0,-0.16604564693008383,0.3327985343904061,0.415821357855448,51.553814311381366,28.89712995867662,46.02516285350573,-5.358935830981608,27.927927927928266,21.921921921922575,41.88977813828539,0.07534139067650575,0.10047411221702195,0.01999999999998181,0.060000000000002274,0.2400000000000091,1.0,21497.0,21497.0,2022-03-15,2022-03-15 07:50:00,4.912324727877276,172.0,1.0,best_within_2.0d,21668.0,334.45,0.35796766743648883,4.330000000000041,26.0,0.013715118304773498,1.5500000000000114,8.0,0.0048431446069241695,0.4929364202292669,5.6011759621451125,36.843533123028394,0.015614239272951093,2.82998018927445,22.52492113564669,0.007835530045022196,1.8630914826498424,0.00402220134195386,1.9444468750000041,16.553125,0.005470102952261012,1.0,0
21505.0,2022-03-15 08:35:00,321.18,321.32,320.83,321.09,117825.0,1p,1p,0.0,sell,False,0.6175666512549796,2.829999999999984,10.0,0.008885679299193016,0.28009443740506135,0.3979993944112189,0.5380466131137496,0.001685035008717992,70.43840597765784,87.91261987007758,80.7498741933134,102.2381112236059,117825.0,2.829999999999984,0.0,2.829999999999984,10.0,0.008885679299193016,2.829999999999984,0.0,0.0,1.0,1.0,0.28009443740506135,0.5380466131137496,0.3979993944112189,70.43840597765784,87.91261987007758,80.7498741933134,102.2381112236059,24.48909936430694,33.70109646316002,41.92929337522907,-0.02802167009154737,0.15272885952062124,0.13999999999998636,0.2599999999999909,0.09000000000003183,0.0,21506.0,21506.0,2022-03-15,2022-03-15 08:35:00,1.4980223613317145,356.0,1.0,best_within_2.0d,21861.0,316.28,0.5832424107187206,4.3760036431226785,32.22527881040892,0.012230020343504162,2.285057100371749,15.890706319702602,0.006381710269403211,0.4929364202292669,5.6011759621451125,36.843533123028394,0.015614239272951093,2.82998018927445,22.52492113564669,0.007835530045022196,1.8630914826498424,0.00402220134195386,1.9444468750000041,16.553125,0.005470102952261012,1.0,1
21512.0,2022-03-15 09:10:00,320.79,321.5,320.79,321.1,193379.0,1p,1p,0.0,sell,False,0.6175666512549796,3.009999999999991,17.0,0.009450846180413799,0.07994142216289646,0.5385540587067545,0.5785247697882028,0.0018083529230364537,65.89563882589084,70.53651060208661,70.79997476578376,70.00958227469232,193379.0,3.009999999999991,0.0,3.009999999999991,17.0,0.009450846180413799,3.009999999999991,0.0,0.0,1.0,1.0,0.07994142216289646,0.5785247697882028,0.5385540587067545,65.89563882589084,70.53651060208661,70.79997476578376,70.00958227469232,37.34974937953222,6.929777604749463,35.194596063250614,0.09663642881636031,0.22132859503101077,0.39999999999997726,0.0,0.3100000000000023,1.0,21513.0,21513.0,2022-03-15,2022-03-15 09:10:00,1.5010900031143102,349.0,1.0,best_within_2.0d,21861.0,316.28,0.5832424107187206,4.3760036431226785,32.22527881040892,0.012230020343504162,2.285057100371749,15.890706319702602,0.006381710269403211,0.4929364202292669,5.6011759621451125,36.843533123028394,0.015614239272951093,2.82998018927445,22.52492113564669,0.007835530045022196,1.8630914826498424,0.00402220134195386,1.9444468750000041,16.553125,0.005470102952261012,0.0,1
21516.0,2022-03-15 09:30:00,320.88,322.17,320.78,321.4027,2344458.0,1p,1p,0.0,sell,False,0.6175666512549796,3.680000000000007,21.0,0.01155452290495779,0.006573912597283904,0.5356328477822345,0.5389198040808765,0.0016831077629121866,64.55161103226607,52.05502457986242,54.56524742461054,47.03457889036618,2344458.0,3.680000000000007,0.0,3.680000000000007,21.0,0.01155452290495779,3.680000000000007,0.0,0.0,1.0,1.0,0.006573912597283904,0.5389198040808765,0.5356328477822345,64.55161103226607,52.05502457986242,54.56524742461054,47.03457889036618,38.05657744513525,11.201319294684621,40.00367635318129,0.16289578658688175,0.4333187854604537,0.7673000000000343,0.10000000000002274,0.5226999999999862,1.0,21517.0,21517.0,2022-03-15,2022-03-15 09:30:00,1.5938571766820904,345.0,1.0,best_within_2.0d,21861.0,316.28,0.5832424107187206,4.3760036431226785,32.22527881040892,0.012230020343504162,2.285057100371749,15.890706319702602,0.006381710269403211,0.4929364202292669,5.6011759621451125,36.843533123028394,0.015614239272951093,2.82998018927445,22.52492113564669,0.007835530045022196,1.8630914826498424,0.00402220134195386,1.9444468750000041,16.553125,0.005470102952261012,1.0,1
21522.0,2022-03-15 10:00:00,321.5296,322.58,321.06,322.36,1124538.0,1p,1p,0.0,sell,False,0.6175666512549796,4.089999999999975,27.0,0.012841847467738312,0.07370032489216705,0.4084495531036252,0.4452997155497087,0.0013896831746563721,66.05338193315266,62.73160463008685,47.786582545582014,92.62164879909652,1124538.0,4.089999999999975,0.0,4.089999999999975,27.0,0.012841847467738312,4.089999999999975,0.0,0.0,1.0,1.0,0.07370032489216705,0.4452997155497087,0.4084495531036252,66.05338193315266,62.73160463008685,47.786582545582014,92.62164879909652,30.68602583165726,15.23076474532762,33.08288410460392,0.25826549095324264,0.47343175730392506,0.21999999999997044,0.469600000000014,0.8303999999999974,1.0,21523.0,21523.0,2022-03-15,2022-03-15 10:00:00,1.8860900856185758,339.0,1.0,best_within_2.0d,21861.0,316.28,0.5832424107187206,4.3760036431226785,32.22527881040892,0.012230020343504162,2.285057100371749,15.890706319702602,0.006381710269403211,0.4929364202292669,5.6011759621451125,36.843533123028394,0.015614239272951093,2.82998018927445,22.52492113564669,0.007835530045022196,1.8630914826498424,0.00402220134195386,1.9444468750000041,16.553125,0.005470102952261012,0.0,1
21523.0,2022-03-15 10:05:00,322.3699,322.64,321.551,321.86,1249479.0,1p,1p,0.0,sell,False,0.6175666512549796,4.149999999999977,28.0,0.013030236428145239,0.13154178683630136,0.42489227645816285,0.49066316987631353,0.0015307474884347758,61.047813407633534,67.52976965563971,54.36764491560125,93.85401913571664,1249479.0,4.149999999999977,0.0,4.149999999999977,28.0,0.013030236428145239,4.149999999999977,0.0,0.0,1.0,1.0,0.13154178683630136,0.49066316987631353,0.42489227645816285,61.047813407633534,67.52976965563971,54.36764491560125,93.85401913571664,29.43082034103937,14.40249231490262,33.16876203772155,-0.15817233556853763,0.33867100397759564,0.27010000000001355,0.3090000000000259,0.5098999999999592,0.0,21524.0,21524.0,2022-03-15,2022-03-15 10:05:00,1.7336730255390669,338.0,1.0,best_within_2.0d,21861.0,316.28,0.5832424107187206,4.3760036431226785,32.22527881040892,0.012230020343504162,2.285057100371749,15.890706319702602,0.006381710269403211,0.4929364202292669,5.6011759621451125,36.843533123028394,0.015614239272951093,2.82998018927445,22.52492113564669,0.007835530045022196,1.8630914826498424,0.00402220134195386,1.9444468750000041,16.553125,0.005470102952261012,0.0,1
21526.0,2022-03-15 10:20:00,322.04,322.96,321.88,322.85,892883.0,1p,1p,0.0,sell,False,0.6175666512549796,4.46999999999997,31.0,0.014034977550315459,0.2544388689891566,0.4839334571702798,0.6111528916648581,0.0019047184861374785,65.02809021463433,79.816502810829,68.21106298141828,103.02738246965043,892883.0,4.46999999999997,0.0,4.46999999999997,31.0,0.014034977550315459,4.46999999999997,0.0,0.0,1.0,1.0,0.2544388689891566,0.6111528916648581,0.4839334571702798,65.02809021463433,79.816502810829,68.21106298141828,103.02738246965043,26.769924995426813,15.799743886822071,31.322565113711708,0.2515215501179985,0.3355287684851448,0.1099999999999568,0.160000000000025,0.8100000000000023,1.0,21527.0,21527.0,2022-03-15,2022-03-15 10:20:00,2.0350007743534304,335.0,1.0,best_within_2.0d,21861.0,316.28,0.5832424107187206,4.3760036431226785,32.22527881040892,0.012230020343504162,2.285057100371749,15.890706319702602,0.006381710269403211,0.4929364202292669,5.6011759621451125,36.843533123028394,0.015614239272951093,2.82998018927445,22.52492113564669,0.007835530045022196,1.8630914826498424,0.00402220134195386,1.9444468750000041,16.553125,0.005470102952261012,0.0,1
21527.0,2022-03-15 10:25:00,322.84,323.48,322.49,323.45,971403.0,1p,1p,0.0,sell,False,0.8452505403349555,4.990000000000009,32.0,0.01566768187384222,0.38335938976033646,0.5318533808903219,0.7235330757704901,0.0022536163038592524,67.88904595260294,86.30904108957203,74.24372235080286,110.4396785671104,971403.0,4.990000000000009,0.0,4.990000000000009,32.0,0.01566768187384222,4.990000000000009,0.0,0.0,1.0,1.0,0.38335938976033646,0.7235330757704901,0.5318533808903219,67.88904595260294,86.30904108957203,74.24372235080286,110.4396785671104,28.799343069975297,15.197372279898849,31.293516025800194,0.18894808573907004,0.30698626313994515,0.03000000000002956,0.3499999999999659,0.6100000000000136,1.0,21528.0,21528.0,2022-03-15,2022-03-15 10:25:00,2.216725923635807,334.0,1.0,best_within_2.0d,21861.0,316.28,0.5832424107187206,4.3760036431226785,32.22527881040892,0.012230020343504162,2.285057100371749,15.890706319702602,0.006381710269403211,0.4929364202292669,5.6011759621451125,36.843533123028394,0.015614239272951093,2.82998018927445,22.52492113564669,0.007835530045022196,1.8630914826498424,0.00402220134195386,1.9444468750000041,16.553125,0.005470102952261012,0.0,1
21528.0,2022-03-15 10:30:00,323.47,324.308,323.34,323.78,907064.0,1p,1p,0.0,sell,False,1.0505896842706306,5.817999999999984,33.0,0.018267449527457638,0.47648998850789326,0.5914146294538085,0.8296596237077551,0.0025825486050162234,69.37307550756599,87.06975542531522,78.51906670897364,104.17113285799837,907064.0,5.817999999999984,0.0,5.817999999999984,33.0,0.018267449527457638,5.817999999999984,0.0,0.0,1.0,1.0,0.47648998850789326,0.8296596237077551,0.5914146294538085,69.37307550756599,87.06975542531522,78.51906670897364,104.17113285799837,32.888175617585105,12.042184902848334,32.372280881683444,0.09583578075244857,0.2993752706129826,0.52800000000002,0.1300000000000523,0.30999999999994543,1.0,21529.0,21529.0,2022-03-15,2022-03-15 10:30:00,2.316387670640559,333.0,1.0,best_within_2.0d,21861.0,316.28,0.5832424107187206,4.3760036431226785,32.22527881040892,0.012230020343504162,2.285057100371749,15.890706319702602,0.006381710269403211,0.4929364202292669,5.6011759621451125,36.843533123028394,0.015614239272951093,2.82998018927445,22.52492113564669,0.007835530045022196,1.8630914826498424,0.00402220134195386,1.9444468750000041,16.553125,0.005470102952261012,0.0,1
21529.0,2022-03-15 10:35:00,323.79,324.47,323.66,324.27,653982.0,1p,1p,0.0,sell,False,1.2383366390663888,5.980000000000018,34.0,0.01877609972055643,0.5616417329733168,0.6616198460754731,0.9424407125621315,0.002931574204235805,71.48070808656456,89.74183531220815,82.25998957671848,104.70552678318751,653982.0,5.980000000000018,0.0,5.980000000000018,34.0,0.01877609972055643,5.980000000000018,0.0,0.0,1.0,1.0,0.5616417329733168,0.9424407125621315,0.6616198460754731,71.48070808656456,89.74183531220815,82.25998957671848,104.70552678318751,32.916354412867356,12.111604311984463,33.36026590311096,0.14824423237282228,0.2502626212692338,0.20000000000004547,0.12999999999999545,0.47999999999996135,1.0,21530.0,21530.0,2022-03-15,2022-03-15 10:35:00,2.463996052672159,332.0,1.0,best_within_2.0d,21861.0,316.28,0.5832424107187206,4.3760036431226785,32.22527881040892,0.012230020343504162,2.285057100371749,15.890706319702602,0.006381710269403211,0.4929364202292669,5.6011759621451125,36.843533123028394,0.015614239272951093,2.82998018927445,22.52492113564669,0.007835530045022196,1.8630914826498424,0.00402220134195386,1.9444468750000041,16.553125,0.005470102952261012,0.0,1
21530.0,2022-03-15 10:40:00,324.28,324.67,323.83,324.48,629863.0,1p,1p,0.0,sell,False,1.323595979646074,6.180000000000007,35.0,0.019404062921912796,0.6003107041437397,0.7366586840934406,1.0368140361653104,0.003222905403771346,72.35863605081983,91.43551963593171,85.31849959645622,103.6695597148827,629863.0,6.180000000000007,0.0,6.180000000000007,35.0,0.019404062921912796,6.180000000000007,0.0,0.0,1.0,1.0,0.6003107041437397,1.0368140361653104,0.7366586840934406,72.35863605081983,91.43551963593171,85.31849959645622,103.6695597148827,29.052807048878144,12.508185985592347,33.82082194021569,0.0616750955964122,0.25939536176389827,0.18999999999999773,0.44999999999998863,0.20000000000004547,1.0,21531.0,21531.0,2022-03-15,2022-03-15 10:40:00,2.527120315581868,331.0,1.0,best_within_2.0d,21861.0,316.28,0.5832424107187206,4.3760036431226785,32.22527881040892,0.012230020343504162,2.285057100371749,15.890706319702602,0.006381710269403211,0.4929364202292669,5.6011759621451125,36.843533123028394,0.015614239272951093,2.82998018927445,22.52492113564669,0.007835530045022196,1.8630914826498424,0.00402220134195386,1.9444468750000041,16.553125,0.005470102952261012,0.0,1
21531.0,2022-03-15 10:45:00,324.4601,324.8891,324.2809,324.78,493463.0,1p,1p,0.0,sell,False,1.362459416025213,6.399099999999976,36.0,0.020091996608998637,0.6179370321297502,0.8139008131096593,1.1228693291745344,0.003487933431000098,73.60852231398465,93.3552543289538,87.99741784062208,104.07092730561723,493463.0,6.399099999999976,0.0,6.399099999999976,36.0,0.020091996608998637,6.399099999999976,0.0,0.0,1.0,1.0,0.6179370321297502,1.1228693291745344,0.8139008131096593,73.60852231398465,93.3552543289538,87.99741784062208,104.07092730561723,32.696598953524344,9.817123217399914,35.2490978383834,0.0985945575434272,0.18755344517670045,0.10910000000001219,0.1792000000000371,0.31989999999996144,1.0,21532.0,21532.0,2022-03-15,2022-03-15 10:45:00,2.617156228831825,330.0,1.0,best_within_2.0d,21861.0,316.28,0.5832424107187206,4.3760036431226785,32.22527881040892,0.012230020343504162,2.285057100371749,15.890706319702602,0.006381710269403211,0.4929364202292669,5.6011759621451125,36.843533123028394,0.015614239272951093,2.82998018927445,22.52492113564669,0.007835530045022196,1.8630914826498424,0.00402220134195386,1.9444468750000041,16.553125,0.005470102952261012,0.0,1
21535.0,2022-03-15 11:05:00,324.7523,325.06,324.57,324.87,473476.0,1p,1p,0.0,sell,False,1.362459416025213,6.569999999999993,40.0,0.020628591164557734,0.3158977152646125,1.0181303835227875,1.1760792411550938,0.0036452575938117804,70.10823164842935,91.44918060108498,90.20593289741251,93.93567600842988,473476.0,6.569999999999993,0.0,6.569999999999993,40.0,0.020628591164557734,6.569999999999993,0.0,0.0,1.0,1.0,0.3158977152646125,1.1760792411550938,1.0181303835227875,70.10823164842935,91.44918060108498,90.20593289741251,93.93567600842988,30.826329252694997,8.54117181314314,42.36865169832974,0.03624300736284653,0.15096897433527717,0.18999999999999773,0.1822999999999979,0.11770000000001346,1.0,21536.0,21536.0,2022-03-15,2022-03-15 11:05:00,2.644134576907696,326.0,1.0,best_within_2.0d,21861.0,316.28,0.5832424107187206,4.3760036431226785,32.22527881040892,0.012230020343504162,2.285057100371749,15.890706319702602,0.006381710269403211,0.4929364202292669,5.6011759621451125,36.843533123028394,0.015614239272951093,2.82998018927445,22.52492113564669,0.007835530045022196,1.8630914826498424,0.00402220134195386,1.9444468750000041,16.553125,0.005470102952261012,0.0,1
21536.0,2022-03-15 11:10:00,324.8751,325.19,324.46,324.9245,571263.0,1p,1p,0.0,sell,False,1.362459416025213,6.699999999999989,41.0,0.021036767245439382,0.25573843693487186,1.0500976881396464,1.1779669066070824,0.003649188268420631,70.38998438279891,89.51566995027338,89.97584524836613,88.59531935408788,571263.0,6.699999999999989,0.0,6.699999999999989,41.0,0.021036767245439382,6.699999999999989,0.0,0.0,1.0,1.0,0.25573843693487186,1.1779669066070824,1.0500976881396464,70.38998438279891,89.51566995027338,89.97584524836613,88.59531935408788,28.26280659689581,9.087742604412842,43.00932690078048,0.015205843722725532,0.22498921284596507,0.26549999999997453,0.41509999999999536,0.049400000000048294,1.0,21537.0,21537.0,2022-03-15,2022-03-15 11:10:00,2.660464200144972,325.0,1.0,best_within_2.0d,21861.0,316.28,0.5832424107187206,4.3760036431226785,32.22527881040892,0.012230020343504162,2.285057100371749,15.890706319702602,0.006381710269403211,0.4929364202292669,5.6011759621451125,36.843533123028394,0.015614239272951093,2.82998018927445,22.52492113564669,0.007835530045022196,1.8630914826498424,0.00402220134195386,1.9444468750000041,16.553125,0.005470102952261012,0.0,1
21539.0,2022-03-15 11:25:00,324.61,325.78,324.56,325.74,602945.0,1p,1p,0.0,sell,False,1.362459416025213,7.289999999999964,44.0,0.022889258689440684,0.12045394308153234,1.096132663869815,1.1563596354105812,0.003577004187441726,72.63180024394478,84.59232753534619,84.90447538395708,83.9680318381244,602945.0,7.289999999999964,0.0,7.289999999999964,44.0,0.022889258689440684,7.289999999999964,0.0,0.0,1.0,1.0,0.12045394308153234,1.1563596354105812,1.096132663869815,72.63180024394478,84.59232753534619,84.90447538395708,83.9680318381244,35.83546583262178,6.556035188392166,46.6948650290724,0.34811003973999427,0.3758935173773633,0.03999999999996362,0.05000000000001137,1.1299999999999955,1.0,21540.0,21540.0,2022-03-15,2022-03-15 11:25:00,2.9041566893841826,322.0,1.0,best_within_2.0d,21861.0,316.28,0.5832424107187206,4.3760036431226785,32.22527881040892,0.012230020343504162,2.285057100371749,15.890706319702602,0.006381710269403211,0.4929364202292669,5.6011759621451125,36.843533123028394,0.015614239272951093,2.82998018927445,22.52492113564669,0.007835530045022196,1.8630914826498424,0.00402220134195386,1.9444468750000041,16.553125,0.005470102952261012,0.0,1
21540.0,2022-03-15 11:30:00,325.73,326.505,325.585,326.49,655159.0,1p,1p,0.0,sell,False,1.362459416025213,8.014999999999986,45.0,0.025165625294357705,0.22193966553240063,1.123875122061365,1.2348449548275653,0.003816974358861742,75.86531500899997,89.54932748033232,86.45275941608216,95.74246360883268,655159.0,8.014999999999986,0.0,8.014999999999986,45.0,0.025165625294357705,8.014999999999986,0.0,0.0,1.0,1.0,0.22193966553240063,1.2348449548275653,1.123875122061365,75.86531500899997,89.54932748033232,86.45275941608216,95.74246360883268,35.59378303526901,6.647679122146241,48.2541843906389,0.23332207656647863,0.282568300136682,0.014999999999986358,0.14500000000003865,0.7599999999999909,1.0,21541.0,21541.0,2022-03-15,2022-03-15 11:30:00,3.127201445679818,321.0,1.0,best_within_2.0d,21861.0,316.28,0.5832424107187206,4.3760036431226785,32.22527881040892,0.012230020343504162,2.285057100371749,15.890706319702602,0.006381710269403211,0.4929364202292669,5.6011759621451125,36.843533123028394,0.015614239272951093,2.82998018927445,22.52492113564669,0.007835530045022196,1.8630914826498424,0.00402220134195386,1.9444468750000041,16.553125,0.005470102952261012,0.0,1
21541.0,2022-03-15 11:35:00,326.46,326.93,326.44,326.55,828466.0,1p,1p,0.0,sell,False,1.362459416025213,8.439999999999998,46.0,0.026500047097240093,0.26108031599448855,1.156510161560676,1.2870503195579204,0.003975580514873554,76.10850550856404,89.09913757488,87.33488546901478,92.62764178661047,828466.0,8.439999999999998,0.0,8.439999999999998,46.0,0.026500047097240093,8.439999999999998,0.0,0.0,1.0,1.0,0.26108031599448855,1.2870503195579204,1.156510161560676,76.10850550856404,89.09913757488,87.33488546901478,92.62764178661047,36.351759987574546,6.951334265171892,49.657065131874155,0.027568461679848017,0.15010415390271079,0.37999999999999545,0.01999999999998181,0.09000000000003183,1.0,21542.0,21542.0,2022-03-15,2022-03-15 11:35:00,3.1450007655795553,320.0,1.0,best_within_2.0d,21861.0,316.28,0.5832424107187206,4.3760036431226785,32.22527881040892,0.012230020343504162,2.285057100371749,15.890706319702602,0.006381710269403211,0.4929364202292669,5.6011759621451125,36.843533123028394,0.015614239272951093,2.82998018927445,22.52492113564669,0.007835530045022196,1.8630914826498424,0.00402220134195386,1.9444468750000041,16.553125,0.005470102952261012,1.0,1
21569.0,2022-03-15 13:55:00,324.7,325.43,324.61,325.2199,383082.0,2,2,0.0,sell,False,0.5041322314049642,4.163492493946733,28.239017640954685,0.011578080659927173,-0.1647311789444709,0.04850466335770749,-0.033860926114527956,-0.00010423382625797806,53.61900979816564,53.33101785285459,37.86794335443764,84.2571668496885,383082.0,1.525000000000034,1.0,3.025000000000034,24.0,0.009252745235983342,1.525000000000034,6.0,0.004708170605578902,2.0,2.0,-0.1647311789444709,-0.033860926114527956,0.04850466335770749,53.61900979816564,53.33101785285459,37.86794335443764,84.2571668496885,17.576309886236295,22.52543662874467,31.49557192923695,0.1601170311056381,0.25261082529804785,0.21010000000001128,0.08999999999997499,0.5199000000000069,1.0,21570.0,21570.0,2022-03-15,2022-03-15 13:55:00,2.7488785280359607,292.0,1.0,best_within_2.0d,21861.0,316.28,0.5041322314049642,3.025000000000034,24.0,0.009252745235983342,1.525000000000034,6.0,0.004708170605578902,0.4929364202292669,5.6011759621451125,36.843533123028394,0.015614239272951093,2.82998018927445,22.52492113564669,0.007835530045022196,1.8630914826498424,0.00402220134195386,1.9444468750000041,16.553125,0.005470102952261012,1.0,1
21579.0,2022-03-15 14:45:00,325.03,325.82,324.97,325.77,437344.0,2,2,0.0,sell,False,0.6330578512396691,4.163492493946733,28.239017640954685,0.011578080659927173,0.20372563369245622,-0.07790792339307684,0.02395489345315127,7.376515163456876e-05,59.27119120171331,73.7530253790582,57.806183322436205,105.64670949230218,437344.0,1.9150000000000205,1.0,3.025000000000034,24.0,0.009252745235983342,1.9150000000000205,16.0,0.005912227350612126,2.0,2.0,0.20372563369245622,0.02395489345315127,-0.07790792339307684,59.27119120171331,73.7530253790582,57.806183322436205,105.64670949230218,23.536110847489766,13.580715573692965,25.976883136072384,0.22767129188075227,0.2615626057789845,0.05000000000001137,0.05999999999994543,0.7400000000000091,1.0,21580.0,21580.0,2022-03-15,2022-03-15 14:45:00,2.9130981981152373,282.0,1.0,best_within_2.0d,21861.0,316.28,0.6330578512396691,3.025000000000034,24.0,0.009252745235983342,1.9150000000000205,16.0,0.005912227350612126,0.4929364202292669,5.6011759621451125,36.843533123028394,0.015614239272951093,2.82998018927445,22.52492113564669,0.007835530045022196,1.8630914826498424,0.00402220134195386,1.9444468750000041,16.553125,0.005470102952261012,0.0,1
21580.0,2022-03-15 14:50:00,325.78,326.16,325.7045,325.89,505739.0,2,2,0.0,sell,False,0.7454545454545544,4.163492493946733,28.239017640954685,0.011578080659927173,0.30317569529817023,-0.04001096148080556,0.11157688616827954,0.0003434929763540596,60.13210507804324,79.24114735415432,64.95117133300892,107.82109939644513,505739.0,2.2550000000000523,1.0,3.025000000000034,24.0,0.009252745235983342,2.2550000000000523,17.0,0.006961917846282251,2.0,2.0,0.30317569529817023,0.11157688616827954,-0.04001096148080556,60.13210507804324,79.24114735415432,64.95117133300892,107.82109939644513,27.64028424405805,12.947806910071192,26.707033322941047,0.03376511756400444,0.1398506928826679,0.27000000000003865,0.07549999999997681,0.11000000000001364,1.0,21581.0,21581.0,2022-03-15,2022-03-15 14:50:00,2.9488477707201857,281.0,1.0,best_within_2.0d,21861.0,316.28,0.7454545454545544,3.025000000000034,24.0,0.009252745235983342,2.2550000000000523,17.0,0.006961917846282251,0.4929364202292669,5.6011759621451125,36.843533123028394,0.015614239272951093,2.82998018927445,22.52492113564669,0.007835530045022196,1.8630914826498424,0.00402220134195386,1.9444468750000041,16.553125,0.005470102952261012,0.0,1
21581.0,2022-03-15 14:55:00,325.9,326.33,325.71,326.25,379401.0,2,2,0.0,sell,False,0.8016528925619781,4.163492493946733,28.239017640954685,0.011578080659927173,0.3962943588687534,0.009525833377788617,0.20767301281216533,0.0006391210134504568,62.680681395703765,85.25063976056268,71.71766080886016,112.31659766396771,379401.0,2.4250000000000114,1.0,3.025000000000034,24.0,0.009252745235983342,2.4250000000000114,18.0,0.007486763094117138,2.0,2.0,0.3962943588687534,0.20767301281216533,0.009525833377788617,62.680681395703765,85.25063976056268,71.71766080886016,112.31659766396771,28.909838046893572,12.772540488276608,27.56473918079302,0.1073949064130171,0.19035338184274495,0.07999999999998408,0.18999999999999773,0.35000000000002274,1.0,21582.0,21582.0,2022-03-15,2022-03-15 14:55:00,3.055938697318016,280.0,1.0,best_within_2.0d,21861.0,316.28,0.8016528925619781,3.025000000000034,24.0,0.009252745235983342,2.4250000000000114,18.0,0.007486763094117138,0.4929364202292669,5.6011759621451125,36.843533123028394,0.015614239272951093,2.82998018927445,22.52492113564669,0.007835530045022196,1.8630914826498424,0.00402220134195386,1.9444468750000041,16.553125,0.005470102952261012,0.0,1
21582.0,2022-03-15 15:00:00,326.23,326.62,325.97,326.325,446307.0,2,2,0.0,sell,False,0.8975206611570252,4.163492493946733,28.239017640954685,0.011578080659927173,0.4432838872126772,0.06493631927937327,0.28657826288571187,0.0008816753932553192,63.20835694076364,87.06509527675772,76.83347229815934,107.5283412339545,446307.0,2.715000000000032,1.0,3.025000000000034,24.0,0.009252745235983342,2.715000000000032,19.0,0.00838208734042399,2.0,2.0,0.4432838872126772,0.28657826288571187,0.06493631927937327,63.20835694076364,87.06509527675772,76.83347229815934,107.5283412339545,29.763892201287533,12.601955640353065,28.489321695961653,0.02912055911472594,0.19940485320734339,0.2950000000000159,0.2599999999999909,0.09499999999997044,1.0,21583.0,21583.0,2022-03-15,2022-03-15 15:00:00,3.078219566383212,279.0,1.0,best_within_2.0d,21861.0,316.28,0.8975206611570252,3.025000000000034,24.0,0.009252745235983342,2.715000000000032,19.0,0.00838208734042399,0.4929364202292669,5.6011759621451125,36.843533123028394,0.015614239272951093,2.82998018927445,22.52492113564669,0.007835530045022196,1.8630914826498424,0.00402220134195386,1.9444468750000041,16.553125,0.005470102952261012,0.0,1
21583.0,2022-03-15 15:05:00,326.31,326.67,326.23,326.52,352028.0,2,2,0.0,sell,False,0.9140495867768634,4.163492493946733,28.239017640954685,0.011578080659927173,0.47320320421437534,0.12408671980617018,0.36068832191335787,0.0011093049002601771,64.6094860715096,89.59101589879046,81.08598683170304,106.60107403296527,352028.0,2.765000000000043,1.0,3.025000000000034,24.0,0.009252745235983342,2.765000000000043,20.0,0.008536453589787264,2.0,2.0,0.47320320421437534,0.36068832191335787,0.12408671980617018,64.6094860715096,89.59101589879046,81.08598683170304,106.60107403296527,25.736203909923173,13.075971294234186,28.784315131130022,0.06435598050932535,0.13487416853140352,0.1500000000000341,0.07999999999998408,0.20999999999997954,1.0,21584.0,21584.0,2022-03-15,2022-03-15 15:05:00,3.1361019233125105,278.0,1.0,best_within_2.0d,21861.0,316.28,0.9140495867768634,3.025000000000034,24.0,0.009252745235983342,2.765000000000043,20.0,0.008536453589787264,0.4929364202292669,5.6011759621451125,36.843533123028394,0.015614239272951093,2.82998018927445,22.52492113564669,0.007835530045022196,1.8630914826498424,0.00402220134195386,1.9444468750000041,16.553125,0.005470102952261012,0.0,1
21584.0,2022-03-15 15:10:00,326.5283,326.82,326.2,326.48,497614.0,2,2,0.0,sell,False,0.9636363636363595,4.163492493946733,28.239017640954685,0.011578080659927173,0.45978199559899935,0.1815594692560451,0.4114504670555448,0.0012650411337022992,64.07047586085766,89.21886935625605,83.7969476732207,100.06271272232675,497614.0,2.9150000000000205,1.0,3.025000000000034,24.0,0.009252745235983342,2.9150000000000205,21.0,0.00899955233787691,2.0,2.0,0.45978199559899935,0.4114504670555448,0.1815594692560451,64.07047586085766,89.21886935625605,83.7969476732207,100.06271272232675,28.812405050028385,9.565718476609538,30.31044620391714,-0.014791979745701478,0.19006744328632882,0.29169999999999163,0.28000000000002956,0.048299999999983356,0.0,21585.0,21585.0,2022-03-15,2022-03-15 15:10:00,3.124234256309742,277.0,1.0,best_within_2.0d,21861.0,316.28,0.9636363636363595,3.025000000000034,24.0,0.009252745235983342,2.9150000000000205,21.0,0.00899955233787691,0.4929364202292669,5.6011759621451125,36.843533123028394,0.015614239272951093,2.82998018927445,22.52492113564669,0.007835530045022196,1.8630914826498424,0.00402220134195386,1.9444468750000041,16.553125,0.005470102952261012,0.0,1
21585.0,2022-03-15 15:15:00,326.51,327.57,326.48,327.495,738004.0,1p,1p,0.0,sell,False,0.8957330006710503,3.6650000000000205,22.0,0.0113150460783255,0.5535066815886446,0.2507478044546257,0.527501145248948,0.0016210192574765137,70.74088691509816,92.01129751955543,86.53506428866561,102.96376398133503,738004.0,3.6650000000000205,0.0,3.6650000000000205,22.0,0.0113150460783255,3.6650000000000205,0.0,0.0,1.0,1.0,0.5535066815886446,0.527501145248948,0.2507478044546257,70.74088691509816,92.01129751955543,86.53506428866561,102.96376398133503,35.48076435703758,8.626894419382559,32.49416831323121,0.3016752932528908,0.3338642489585809,0.07499999999998863,0.029999999999972715,0.9850000000000136,1.0,21586.0,21586.0,2022-03-15,2022-03-15 15:15:00,3.424479763049827,276.0,1.0,best_within_2.0d,21861.0,316.28,0.5832424107187206,4.3760036431226785,32.22527881040892,0.012230020343504162,2.285057100371749,15.890706319702602,0.006381710269403211,0.4929364202292669,5.6011759621451125,36.843533123028394,0.015614239272951093,2.82998018927445,22.52492113564669,0.007835530045022196,1.8630914826498424,0.00402220134195386,1.9444468750000041,16.553125,0.005470102952261012,0.0,1
21586.0,2022-03-15 15:20:00,327.49,327.89,327.3301,327.795,455025.0,1p,1p,0.0,sell,False,0.9984095316747593,3.9850000000000136,23.0,0.01230299007425021,0.6169543226941079,0.3278670947913892,0.6363442561384431,0.0019544362207611424,72.3734418704087,93.69983937201161,88.92332264978094,103.25287281647292,455025.0,3.9850000000000136,0.0,3.9850000000000136,23.0,0.01230299007425021,3.9850000000000136,0.0,0.0,1.0,1.0,0.6169543226941079,0.6363442561384431,0.3278670947913892,72.3734418704087,93.69983937201161,88.92332264978094,103.25287281647292,38.91843429712482,8.670049106506085,34.71332817206989,0.0931326147363299,0.1710505694404427,0.09499999999997044,0.15989999999999327,0.3050000000000068,1.0,21587.0,21587.0,2022-03-15,2022-03-15 15:20:00,3.5128662731280356,275.0,1.0,best_within_2.0d,21861.0,316.28,0.5832424107187206,4.3760036431226785,32.22527881040892,0.012230020343504162,2.285057100371749,15.890706319702602,0.006381710269403211,0.4929364202292669,5.6011759621451125,36.843533123028394,0.015614239272951093,2.82998018927445,22.52492113564669,0.007835530045022196,1.8630914826498424,0.00402220134195386,1.9444468750000041,16.553125,0.005470102952261012,0.0,1
21587.0,2022-03-15 15:25:00,327.79,327.96,327.57,327.7,503241.0,1p,1p,0.0,sell,False,0.9984095316747593,4.055000000000007,24.0,0.012519102823358722,0.6062767503264427,0.4036516885821945,0.7067900637454159,0.002169758251877804,71.0220329373569,92.90134219003679,90.24932916319955,98.20536824371129,503241.0,4.055000000000007,0.0,4.055000000000007,24.0,0.012519102823358722,4.055000000000007,0.0,0.0,1.0,1.0,0.6062767503264427,0.7067900637454159,0.4036516885821945,71.0220329373569,92.90134219003679,90.24932916319955,98.20536824371129,43.29245220023593,0.0,39.3766618740649,-0.027456603313106506,0.11905852184265543,0.16999999999995907,0.12999999999999545,0.09000000000003183,0.0,21588.0,21588.0,2022-03-15,2022-03-15 15:25:00,3.4848947207812073,274.0,1.0,best_within_2.0d,21861.0,316.28,0.5832424107187206,4.3760036431226785,32.22527881040892,0.012230020343504162,2.285057100371749,15.890706319702602,0.006381710269403211,0.4929364202292669,5.6011759621451125,36.843533123028394,0.015614239272951093,2.82998018927445,22.52492113564669,0.007835530045022196,1.8630914826498424,0.00402220134195386,1.9444468750000041,16.553125,0.005470102952261012,0.0,1
21588.0,2022-03-15 15:30:00,327.7,328.63,327.7,328.07,936615.0,1p,1p,0.0,sell,False,0.9984095316747597,4.725000000000023,25.0,0.014587610564826178,0.6076672661845226,0.4796100968552599,0.7834437299475212,0.0024038051957839617,73.12673575822807,88.88688579204751,89.79518137281553,87.07029463051146,936615.0,4.725000000000023,0.0,4.725000000000023,25.0,0.014587610564826178,4.725000000000023,0.0,0.0,1.0,1.0,0.6076672661845226,0.7834437299475212,0.4796100968552599,73.12673575822807,88.88688579204751,89.79518137281553,87.07029463051146,49.32182490752181,0.0,43.70690031163169,0.11290814769606486,0.2837961550198373,0.5600000000000023,0.0,0.37000000000000455,1.0,21589.0,21589.0,2022-03-15,2022-03-15 15:30:00,3.5937452372969245,273.0,1.0,best_within_2.0d,21861.0,316.28,0.5832424107187206,4.3760036431226785,32.22527881040892,0.012230020343504162,2.285057100371749,15.890706319702602,0.006381710269403211,0.4929364202292669,5.6011759621451125,36.843533123028394,0.015614239272951093,2.82998018927445,22.52492113564669,0.007835530045022196,1.8630914826498424,0.00402220134195386,1.9444468750000041,16.553125,0.005470102952261012,0.0,1
21592.0,2022-03-15 15:50:00,328.19,328.95,328.15,328.4568,1686859.0,1p,1p,0.0,sell,False,0.9984095316747597,5.045000000000016,29.0,0.015575554560750889,0.3951680123275976,0.7165910548211749,0.9141750609849737,0.0027997488668313215,73.64116432522823,82.21110297821623,84.26835026671097,78.09660840122677,1686859.0,5.045000000000016,0.0,5.045000000000016,29.0,0.015575554560750889,5.045000000000016,0.0,0.0,1.0,1.0,0.3951680123275976,0.9141750609849737,0.7165910548211749,73.64116432522823,82.21110297821623,84.26835026671097,78.09660840122677,44.712202278218946,2.9124956851914003,55.91962331874365,0.08129437216246359,0.2437909492610122,0.49320000000000164,0.040000000000020464,0.26679999999998927,1.0,21593.0,21593.0,2022-03-15,2022-03-15 15:50:00,3.707275964449515,269.0,1.0,best_within_2.0d,21861.0,316.28,0.5832424107187206,4.3760036431226785,32.22527881040892,0.012230020343504162,2.285057100371749,15.890706319702602,0.006381710269403211,0.4929364202292669,5.6011759621451125,36.843533123028394,0.015614239272951093,2.82998018927445,22.52492113564669,0.007835530045022196,1.8630914826498424,0.00402220134195386,1.9444468750000041,16.553125,0.005470102952261012,1.0,1
21642.0,2022-03-16 04:00:00,330.06,332.62,330.06,332.57,15784.0,1p,1p,0.0,sell,False,1.0048822230163157,8.715000000000032,79.0,0.026906037264012698,0.6209540390186304,0.15801889660618545,0.4684959161155007,0.0014269814696051973,86.93350245941753,73.46899391190345,65.16699950283174,90.07298273004687,15784.0,8.715000000000032,0.0,8.715000000000032,79.0,0.026906037264012698,8.715000000000032,0.0,0.0,1.0,1.0,0.6209540390186304,0.4684959161155007,0.15801889660618545,86.93350245941753,73.46899391190345,65.16699950283174,90.07298273004687,74.1708169969247,10.066758503762196,37.92448500332203,0.7604677937344697,0.7756165545658372,0.05000000000001137,0.0,2.509999999999991,1.0,21643.0,21643.0,2022-03-16,2022-03-16 04:00:00,4.898216916739339,219.0,1.0,best_within_2.0d,21861.0,316.28,0.5832424107187206,4.3760036431226785,32.22527881040892,0.012230020343504162,2.285057100371749,15.890706319702602,0.006381710269403211,0.4929364202292669,5.6011759621451125,36.843533123028394,0.015614239272951093,2.82998018927445,22.52492113564669,0.007835530045022196,1.8630914826498424,0.00402220134195386,1.9444468750000041,16.553125,0.005470102952261012,0.0,1
21644.0,2022-03-16 04:10:00,332.48,332.82,332.14,332.14,8990.0,1p,1p,0.0,sell,False,1.6153721503235048,8.91500000000002,81.0,0.02752350226146562,0.9981984338924959,0.3964845444044308,0.8955837613506787,0.0027231336970210598,80.61583002869129,83.00328999439873,74.66610874246894,99.67765249825831,8990.0,8.91500000000002,0.0,8.91500000000002,81.0,0.02752350226146562,8.91500000000002,0.0,0.0,1.0,1.0,0.9981984338924959,0.8955837613506787,0.3964845444044308,80.61583002869129,83.00328999439873,74.66610874246894,99.67765249825831,70.8180708180693,8.547008547008986,43.463225876620946,-0.10226179018287772,0.20473294393930477,0.339999999999975,0.0,0.34000000000003183,0.0,21645.0,21645.0,2022-03-16,2022-03-16 04:10:00,4.775094839525506,217.0,1.0,best_within_2.0d,21861.0,316.28,0.5832424107187206,4.3760036431226785,32.22527881040892,0.012230020343504162,2.285057100371749,15.890706319702602,0.006381710269403211,0.4929364202292669,5.6011759621451125,36.843533123028394,0.015614239272951093,2.82998018927445,22.52492113564669,0.007835530045022196,1.8630914826498424,0.00402220134195386,1.9444468750000041,16.553125,0.005470102952261012,0.0,1
21645.0,2022-03-16 04:15:00,332.56,333.15,332.38,333.0,32950.0,1p,1p,0.0,sell,False,1.7865667778194048,9.245000000000005,82.0,0.028542319507262947,1.1039859510435905,0.5344827882848796,1.0864757638066749,0.0033005017130387656,83.28531394920222,87.70546885946442,79.01256211480076,105.09128234879174,32950.0,9.245000000000005,0.0,9.245000000000005,82.0,0.028542319507262947,9.245000000000005,0.0,0.0,1.0,1.0,1.1039859510435905,1.0864757638066749,0.5344827882848796,83.28531394920222,87.70546885946442,79.01256211480076,105.09128234879174,67.58544652701065,6.284454244763432,46.28621507306689,0.13230695212893845,0.23166255490702864,0.14999999999997726,0.18000000000000682,0.4399999999999977,1.0,21646.0,21646.0,2022-03-16,2022-03-16 04:15:00,5.0210210210210295,216.0,1.0,best_within_2.0d,21861.0,316.28,0.5832424107187206,4.3760036431226785,32.22527881040892,0.012230020343504162,2.285057100371749,15.890706319702602,0.006381710269403211,0.4929364202292669,5.6011759621451125,36.843533123028394,0.015614239272951093,2.82998018927445,22.52492113564669,0.007835530045022196,1.8630914826498424,0.00402220134195386,1.9444468750000041,16.553125,0.005470102952261012,0.0,1
21648.0,2022-03-16 04:30:00,332.81,333.33,332.61,333.19,18262.0,1p,1p,0.0,sell,False,1.786566777819107,9.425000000000011,85.0,0.02909803800497063,0.9137366873060127,0.9024664962842694,1.3593348399372758,0.004119865547790607,80.23538911307784,92.35273121051975,87.25224446096968,102.55370470961986,18262.0,9.425000000000011,0.0,9.425000000000011,85.0,0.02909803800497063,9.425000000000011,0.0,0.0,1.0,1.0,0.9137366873060127,1.3593348399372758,0.9024664962842694,80.23538911307784,92.35273121051975,87.25224446096968,102.55370470961986,60.65573770491732,5.303760848601814,53.74027239129739,0.11417926144046016,0.21646973933434666,0.13999999999998636,0.19999999999998863,0.37999999999999545,1.0,21649.0,21649.0,2022-03-16,2022-03-16 04:30:00,5.07518232840122,213.0,1.0,best_within_2.0d,21861.0,316.28,0.5832424107187206,4.3760036431226785,32.22527881040892,0.012230020343504162,2.285057100371749,15.890706319702602,0.006381710269403211,0.4929364202292669,5.6011759621451125,36.843533123028394,0.015614239272951093,2.82998018927445,22.52492113564669,0.007835530045022196,1.8630914826498424,0.00402220134195386,1.9444468750000041,16.553125,0.005470102952261012,0.0,1
21649.0,2022-03-16 04:35:00,332.98,333.57,332.84,333.32,15681.0,1p,1p,0.0,sell,False,1.7865667778190775,9.66500000000002,86.0,0.029838996001914208,0.8269733400056678,1.0058381637849778,1.4193248337878117,0.004298427380624399,80.69456146518962,93.40301984778054,89.30250292323996,101.60405369686168,15681.0,9.66500000000002,0.0,9.66500000000002,86.0,0.029838996001914208,9.66500000000002,0.0,0.0,1.0,1.0,0.8269733400056678,1.4193248337878117,1.0058381637849778,80.69456146518962,93.40301984778054,89.30250292323996,101.60405369686168,60.01838235294032,4.77941176470619,55.9908405740871,0.10210823472880504,0.21932460040861024,0.25,0.1400000000000432,0.339999999999975,1.0,21650.0,21650.0,2022-03-16,2022-03-16 04:35:00,5.112204488179533,212.0,1.0,best_within_2.0d,21861.0,316.28,0.5832424107187206,4.3760036431226785,32.22527881040892,0.012230020343504162,2.285057100371749,15.890706319702602,0.006381710269403211,0.4929364202292669,5.6011759621451125,36.843533123028394,0.015614239272951093,2.82998018927445,22.52492113564669,0.007835530045022196,1.8630914826498424,0.00402220134195386,1.9444468750000041,16.553125,0.005470102952261012,1.0,1
21654.0,2022-03-16 05:00:00,319.3301,319.98,319.0,319.05,708476.0,3a,3a,0.0,sell,False,0.007564062982402117,4.163492493946733,28.239017640954685,0.011578080659927173,0.38991397646088755,-0.3760014302166034,-0.18104444198615965,-0.0005673783483330554,49.33313197009685,59.68056113321193,60.2743768435717,58.49292971249238,708476.0,2.3700000000000045,2.0,2.3700000000000045,21.0,0.00746198167563995,2.3700000000000045,21.0,0.00746198167563995,3.0,3.0,0.38991397646088755,-0.18104444198615965,-0.3760014302166034,49.33313197009685,59.68056113321193,60.2743768435717,58.49292971249238,26.58052607291267,13.567143516382515,35.370288425200705,-0.08771487560991101,0.3072100313479681,0.6499000000000024,0.05000000000001137,0.28010000000000446,0.0,21655.0,21655.0,2022-03-16,2022-03-16 05:00:00,0.8682024761009367,207.0,1.0,best_within_2.0d,21861.0,316.28,0.5832424107187206,4.3760036431226785,32.22527881040892,0.012230020343504162,2.285057100371749,15.890706319702602,0.006381710269403211,0.4929364202292669,5.6011759621451125,36.843533123028394,0.015614239272951093,2.82998018927445,22.52492113564669,0.007835530045022196,1.8630914826498424,0.007564062982402117,2.3700000000000045,21.0,0.00746198167563995,0.0,1
21656.0,2022-03-16 05:10:00,333.42,333.6,333.36,333.41,1750.0,1p,1p,0.0,sell,False,1.7865667778212782,9.69500000000005,93.0,0.02993161575153224,0.020377239737819686,1.281100336834999,1.2912889567039088,0.003895620066877264,77.35234083706908,79.86839578144725,79.3877763954767,80.82963455338833,1750.0,9.69500000000005,0.0,9.69500000000005,93.0,0.02993161575153224,9.69500000000005,0.0,0.0,1.0,1.0,0.020377239737819686,1.2912889567039088,1.281100336834999,77.35234083706908,79.86839578144725,79.3877763954767,80.82963455338833,27.646129541864706,5.055292259083724,66.17594030161179,-0.0029992202027445576,0.07199424046076587,0.18000000000000682,0.05000000000001137,0.009999999999990905,0.0,21657.0,21657.0,2022-03-16,2022-03-16 05:10:00,5.137818301790603,205.0,1.0,best_within_2.0d,21861.0,316.28,0.5832424107187206,4.3760036431226785,32.22527881040892,0.012230020343504162,2.285057100371749,15.890706319702602,0.006381710269403211,0.4929364202292669,5.6011759621451125,36.843533123028394,0.015614239272951093,2.82998018927445,22.52492113564669,0.007835530045022196,1.8630914826498424,0.00402220134195386,1.9444468750000041,16.553125,0.005470102952261012,0.0,1
21657.0,2022-03-16 05:15:00,333.4,333.75,333.39,333.7,1970.0,1p,1p,0.0,sell,False,1.786566777820939,9.845000000000027,94.0,0.03039471449962189,-0.01718184826989333,1.2789526058012624,1.2703616816663157,0.0038305784827270617,79.00629407562883,84.74742868946262,81.17432716013867,91.89363174811052,1970.0,9.845000000000027,0.0,9.845000000000027,94.0,0.03039471449962189,9.845000000000027,0.0,0.0,1.0,1.0,-0.01718184826989333,1.2703616816663157,1.2789526058012624,79.00629407562883,84.74742868946262,81.17432716013867,91.89363174811052,29.8742138364781,5.031446540880475,66.53274250658033,0.08998200359928356,0.10798164312067358,0.05000000000001137,0.009999999999990905,0.30000000000001137,1.0,21658.0,21658.0,2022-03-16,2022-03-16 05:15:00,5.220257716511842,204.0,1.0,best_within_2.0d,21861.0,316.28,0.5832424107187206,4.3760036431226785,32.22527881040892,0.012230020343504162,2.285057100371749,15.890706319702602,0.006381710269403211,0.4929364202292669,5.6011759621451125,36.843533123028394,0.015614239272951093,2.82998018927445,22.52492113564669,0.007835530045022196,1.8630914826498424,0.00402220134195386,1.9444468750000041,16.553125,0.005470102952261012,0.0,1
21659.0,2022-03-16 05:25:00,333.75,333.95,333.75,333.93,4615.0,1p,1p,0.0,sell,False,1.7865667778204815,10.045000000000016,96.0,0.031012179497074813,-0.08391978390969168,1.260250745784972,1.2182908538301263,0.0036701366225680362,80.03029792362223,90.81003156659496,85.71407299095861,101.00194871786766,4615.0,10.045000000000016,0.0,10.045000000000016,96.0,0.031012179497074813,10.045000000000016,0.0,0.0,1.0,1.0,-0.08391978390969168,1.2182908538301263,1.260250745784972,80.03029792362223,90.81003156659496,85.71407299095861,101.00194871786766,31.163708086785434,6.3116370808678655,66.57124867512907,0.05393258426966496,0.0599250936329554,0.01999999999998181,0.0,0.18000000000000682,1.0,21660.0,21660.0,2022-03-16,2022-03-16 05:25:00,5.2855388853951535,202.0,1.0,best_within_2.0d,21861.0,316.28,0.5832424107187206,4.3760036431226785,32.22527881040892,0.012230020343504162,2.285057100371749,15.890706319702602,0.006381710269403211,0.4929364202292669,5.6011759621451125,36.843533123028394,0.015614239272951093,2.82998018927445,22.52492113564669,0.007835530045022196,1.8630914826498424,0.00402220134195386,1.9444468750000041,16.553125,0.005470102952261012,0.0,1
21660.0,2022-03-16 05:30:00,334.0,334.17,333.98,334.09,2760.0,1p,1p,0.0,sell,False,1.786566777820939,10.265000000000043,97.0,0.03169139099427315,-0.09350072989438951,1.2485631545481735,1.2018127896009787,0.0036187654438590397,80.92061518538542,91.80617091519665,87.74477229903795,99.92896814751407,2760.0,10.265000000000043,0.0,10.265000000000043,97.0,0.03169139099427315,10.265000000000043,0.0,0.0,1.0,1.0,-0.09350072989438951,1.2018127896009787,1.2485631545481735,80.92061518538542,91.80617091519665,87.74477229903795,99.92896814751407,37.42203742203852,6.652806652806666,66.8026823950997,0.02694610778442365,0.056889634109826254,0.08000000000004093,0.01999999999998181,0.08999999999997499,1.0,21661.0,21661.0,2022-03-16,2022-03-16 05:30:00,5.330898859588735,201.0,1.0,best_within_2.0d,21861.0,316.28,0.5832424107187206,4.3760036431226785,32.22527881040892,0.012230020343504162,2.285057100371749,15.890706319702602,0.006381710269403211,0.4929364202292669,5.6011759621451125,36.843533123028394,0.015614239272951093,2.82998018927445,22.52492113564669,0.007835530045022196,1.8630914826498424,0.00402220134195386,1.9444468750000041,16.553125,0.005470102952261012,1.0,1
21668.0,2022-03-16 06:10:00,333.58,334.51,333.58,334.45,18837.0,1p,1p,0.0,sell,False,1.7865667778222962,10.605000000000018,105.0,0.0327410814899431,-0.31265045913824396,0.9583442256364967,0.8020189960673747,0.002409246952620311,73.40066487898272,52.58136894957102,50.56349200435885,56.617122839995375,18837.0,10.605000000000018,0.0,10.605000000000018,105.0,0.0327410814899431,10.605000000000018,0.0,0.0,1.0,1.0,-0.31265045913824396,0.8020189960673747,0.9583442256364967,73.40066487898272,52.58136894957102,50.56349200435885,56.617122839995375,43.26923076923197,18.75000000000111,50.364810055560504,0.26080700281791613,0.27879369266742815,0.060000000000002274,0.0,0.8700000000000045,1.0,21669.0,21669.0,2022-03-16,2022-03-16 06:10:00,5.432800119599348,193.0,1.0,best_within_2.0d,21861.0,316.28,0.5832424107187206,4.3760036431226785,32.22527881040892,0.012230020343504162,2.285057100371749,15.890706319702602,0.006381710269403211,0.4929364202292669,5.6011759621451125,36.843533123028394,0.015614239272951093,2.82998018927445,22.52492113564669,0.007835530045022196,1.8630914826498424,0.00402220134195386,1.9444468750000041,16.553125,0.005470102952261012,0.0,1
21669.0,2022-03-16 06:15:00,334.49,335.0,334.09,334.3,38600.0,1p,1p,0.0,sell,False,1.7865667778230447,11.095000000000027,106.0,0.03425387073370287,-0.26782774182238756,0.9248657579086983,0.7909518869975045,0.0023752574210325447,70.35529934266683,53.61964681026262,51.582210272993436,57.694519884801,38600.0,11.095000000000027,0.0,11.095000000000027,106.0,0.03425387073370287,11.095000000000027,0.0,0.0,1.0,1.0,-0.26782774182238756,0.7909518869975045,0.9248657579086983,70.35529934266683,53.61964681026262,51.582210272993436,57.694519884801,46.391752577321085,16.082474226804848,50.2326701576739,-0.05680289395796517,0.27238169355563624,0.5099999999999909,0.21000000000003638,0.18999999999999773,0.0,21670.0,21670.0,2022-03-16,2022-03-16 06:15:00,5.3903679329943275,192.0,1.0,best_within_2.0d,21861.0,316.28,0.5832424107187206,4.3760036431226785,32.22527881040892,0.012230020343504162,2.285057100371749,15.890706319702602,0.006381710269403211,0.4929364202292669,5.6011759621451125,36.843533123028394,0.015614239272951093,2.82998018927445,22.52492113564669,0.007835530045022196,1.8630914826498424,0.00402220134195386,1.9444468750000041,16.553125,0.005470102952261012,1.0,1
21689.0,2022-03-16 07:55:00,334.1,334.2,333.95,334.14,43741.0,2,2,0.0,sell,False,0.5209580838323331,4.163492493946733,28.239017640954685,0.011578080659927173,-0.10834602502402679,0.2676240970179046,0.21345108450589123,0.0006395301555247367,58.000243284804654,77.3200569332108,67.03227578756673,97.89561922449892,43741.0,0.8700000000000045,1.0,1.670000000000016,13.0,0.004985074626865719,0.8700000000000045,9.0,0.002610026100261016,2.0,2.0,-0.10834602502402679,0.21345108450589123,0.2676240970179046,58.000243284804654,77.3200569332108,67.03227578756673,97.89561922449892,16.107382550334812,23.48993288590615,24.916276903827338,0.011972463334320149,0.07486150621350501,0.060000000000002274,0.1500000000000341,0.03999999999996362,1.0,21690.0,21690.0,2022-03-16,2022-03-16 07:55:00,5.345064942838335,172.0,1.0,best_within_2.0d,21861.0,316.28,0.5209580838323331,1.670000000000016,13.0,0.004985074626865719,0.8700000000000045,9.0,0.002610026100261016,0.4929364202292669,5.6011759621451125,36.843533123028394,0.015614239272951093,2.82998018927445,22.52492113564669,0.007835530045022196,1.8630914826498424,0.00402220134195386,1.9444468750000041,16.553125,0.005470102952261012,0.0,1
21690.0,2022-03-16 08:00:00,334.16,334.42,328.0,334.29,179855.0,2,2,0.0,sell,False,0.6526946107784559,4.163492493946733,28.239017640954685,0.011578080659927173,-0.07187122653847977,0.25864019370059466,0.22270458043135477,0.0006671768301422686,60.35453438475525,84.20506391601386,72.7565384970491,107.10211475394337,179855.0,1.0900000000000318,1.0,1.670000000000016,13.0,0.004985074626865719,1.0900000000000318,10.0,0.003270032700327099,2.0,2.0,-0.07187122653847977,0.22270458043135477,0.25864019370059466,60.35453438475525,84.20506391601386,72.7565384970491,107.10211475394337,6.805293005670772,65.31190926275937,28.931337821481357,0.03890351927220357,1.9573170731707366,0.12999999999999545,6.160000000000025,0.12999999999999545,1.0,21691.0,21691.0,2022-03-16,2022-03-16 08:00:00,5.387537766609843,171.0,1.0,best_within_2.0d,21861.0,316.28,0.6526946107784559,1.670000000000016,13.0,0.004985074626865719,1.0900000000000318,10.0,0.003270032700327099,0.4929364202292669,5.6011759621451125,36.843533123028394,0.015614239272951093,2.82998018927445,22.52492113564669,0.007835530045022196,1.8630914826498424,0.00402220134195386,1.9444468750000041,16.553125,0.005470102952261012,0.0,1
21692.0,2022-03-16 08:10:00,330.97,334.45,330.97,334.11,38611.0,2,2,0.0,sell,False,0.6706586826347268,4.163492493946733,28.239017640954685,0.011578080659927173,-0.052418455485887694,0.2477576832322562,0.22154845548931235,0.0006635849026654758,55.31960589256402,91.18830841065932,82.6030358090677,108.35885361384254,38611.0,1.1200000000000045,1.0,1.670000000000016,13.0,0.004985074626865719,1.1200000000000045,12.0,0.003360033600336017,2.0,2.0,-0.052418455485887694,0.22154845548931235,0.2477576832322562,55.31960589256402,91.18830841065932,82.6030358090677,108.35885361384254,5.309734513274096,71.0914454277282,36.44999534488377,0.9487264706770965,1.0514548146357559,0.339999999999975,0.0,3.1399999999999864,1.0,21693.0,21693.0,2022-03-16,2022-03-16 08:10:00,5.336565801682093,169.0,1.0,best_within_2.0d,21861.0,316.28,0.6706586826347268,1.670000000000016,13.0,0.004985074626865719,1.1200000000000045,12.0,0.003360033600336017,0.4929364202292669,5.6011759621451125,36.843533123028394,0.015614239272951093,2.82998018927445,22.52492113564669,0.007835530045022196,1.8630914826498424,0.00402220134195386,1.9444468750000041,16.553125,0.005470102952261012,1.0,1
21699.0,2022-03-16 08:45:00,333.17,333.2001,332.84,333.01,72482.0,1p,1p,1.0,buy,False,0.8309024054839389,1.6100000000000136,8.0,0.00481387352369566,-0.3257859494961669,0.05640918725433958,-0.10648378749374388,-0.00031913975667075396,37.71053775148168,73.95192039233487,81.3354601903648,59.18484079627501,72482.0,1.6100000000000136,0.0,1.6100000000000136,8.0,0.00481387352369566,1.6100000000000136,0.0,0.0,1.0,1.0,-0.3257859494961669,-0.10648378749374388,0.05640918725433958,37.71053775148168,73.95192039233487,81.3354601903648,59.18484079627501,2.9106529899432023,68.9858214398029,56.752116006849185,-0.04802353153045742,0.10819012137965553,0.030100000000004457,0.17000000000001592,0.160000000000025,0.0,21700.0,21700.0,2022-03-16,2022-03-16 08:45:00,3.4083060568751757,278.0,1.0,best_within_2.0d,21977.0,344.36,0.5832424107187206,4.3760036431226785,32.22527881040892,0.012230020343504162,2.285057100371749,15.890706319702602,0.006381710269403211,0.4929364202292669,5.6011759621451125,36.843533123028394,0.015614239272951093,2.82998018927445,22.52492113564669,0.007835530045022196,1.8630914826498424,0.00402220134195386,1.9444468750000041,16.553125,0.005470102952261012,0.0,0
21700.0,2022-03-16 08:50:00,333.019,333.12,332.72,332.9,31127.0,1p,1p,1.0,buy,False,0.8448809474102849,1.7299999999999613,9.0,0.005172671550306358,-0.33126675268555494,0.015000843168645205,-0.15063253317413228,-0.0004515328642536031,36.183763204797025,67.47453826532276,76.71515288201745,48.99330903193339,31127.0,1.7299999999999613,0.0,1.7299999999999613,9.0,0.005172671550306358,1.7299999999999613,0.0,0.0,1.0,1.0,-0.33126675268555494,-0.15063253317413228,0.015000843168645205,36.183763204797025,67.47453826532276,76.71515288201745,48.99330903193339,2.8703208820793145,68.75573239371535,59.26876916698376,-0.03573369687616268,0.12022120702091166,0.10099999999999909,0.17999999999994998,0.1190000000000282,0.0,21701.0,21701.0,2022-03-16,2022-03-16 08:50:00,3.4424752177831293,277.0,1.0,best_within_2.0d,21977.0,344.36,0.5832424107187206,4.3760036431226785,32.22527881040892,0.012230020343504162,2.285057100371749,15.890706319702602,0.006381710269403211,0.4929364202292669,5.6011759621451125,36.843533123028394,0.015614239272951093,2.82998018927445,22.52492113564669,0.007835530045022196,1.8630914826498424,0.00402220134195386,1.9444468750000041,16.553125,0.005470102952261012,0.0,0
21701.0,2022-03-16 08:55:00,332.939,333.05,332.71,332.89,74593.0,1p,1p,1.0,buy,False,0.8448809474102849,1.740000000000009,10.0,0.0052025713858574055,-0.3188863362995938,-0.024859948868804018,-0.18430311701860091,-0.0005525505148997573,36.040906742004836,48.31635884354861,67.24888820252784,10.451300125590166,74593.0,1.740000000000009,0.0,1.740000000000009,10.0,0.0052025713858574055,1.740000000000009,0.0,0.0,1.0,1.0,-0.3188863362995938,-0.18430311701860091,-0.024859948868804018,36.040906742004836,48.31635884354861,67.24888820252784,10.451300125590166,2.8836401482257346,67.35122737005376,61.59161276353069,-0.014717410696864894,0.1021910973520579,0.11099999999999,0.18000000000000682,0.049000000000035016,0.0,21702.0,21702.0,2022-03-16,2022-03-16 08:55:00,3.445582624891114,276.0,1.0,best_within_2.0d,21977.0,344.36,0.5832424107187206,4.3760036431226785,32.22527881040892,0.012230020343504162,2.285057100371749,15.890706319702602,0.006381710269403211,0.4929364202292669,5.6011759621451125,36.843533123028394,0.015614239272951093,2.82998018927445,22.52492113564669,0.007835530045022196,1.8630914826498424,0.00402220134195386,1.9444468750000041,16.553125,0.005470102952261012,0.0,0
21702.0,2022-03-16 09:00:00,332.89,332.91,332.51,332.59,103422.0,1p,1p,1.0,buy,False,0.8473817737796273,1.9399999999999977,11.0,0.005800568096875461,-0.332247293947542,-0.06639086061224678,-0.23251450758601777,-0.0006972394373817573,31.963813148105046,33.54423922903214,56.0140052113626,-11.3952927356288,103422.0,1.9399999999999977,0.0,1.9399999999999977,11.0,0.005800568096875461,1.9399999999999977,0.0,0.0,1.0,1.0,-0.332247293947542,-0.23251450758601777,-0.06639086061224678,31.963813148105046,33.54423922903214,56.0140052113626,-11.3952927356288,2.1091254829227513,69.36679366057108,63.913523327259774,-0.09011985941302272,0.1202971339207946,0.020000000000038654,0.07999999999998408,0.30000000000001137,0.0,21703.0,21703.0,2022-03-16,2022-03-16 09:00:00,3.538891728554689,275.0,1.0,best_within_2.0d,21977.0,344.36,0.5832424107187206,4.3760036431226785,32.22527881040892,0.012230020343504162,2.285057100371749,15.890706319702602,0.006381710269403211,0.4929364202292669,5.6011759621451125,36.843533123028394,0.015614239272951093,2.82998018927445,22.52492113564669,0.007835530045022196,1.8630914826498424,0.00402220134195386,1.9444468750000041,16.553125,0.005470102952261012,0.0,0
21703.0,2022-03-16 09:05:00,332.51,332.55,332.25,332.52,97089.0,1p,1p,1.0,buy,False,0.8473817737796273,2.1999999999999886,12.0,0.00657796382119895,-0.33092865852299513,-0.10775694292762117,-0.27322127218911874,-0.0008194810058189763,31.0803224981441,27.074868037504466,46.36762615340989,-11.510648194306384,97089.0,2.1999999999999886,0.0,2.1999999999999886,12.0,0.00657796382119895,2.1999999999999886,0.0,0.0,1.0,1.0,-0.33092865852299513,-0.27322127218911874,-0.10775694292762117,31.0803224981441,27.074868037504466,46.36762615340989,-11.510648194306384,2.09649187027039,70.68172591197369,66.07960617013921,0.003007428348016873,0.09029345372460838,0.03000000000002956,0.2599999999999909,0.009999999999990905,1.0,21704.0,21704.0,2022-03-16,2022-03-16 09:05:00,3.5606880789125563,274.0,1.0,best_within_2.0d,21977.0,344.36,0.5832424107187206,4.3760036431226785,32.22527881040892,0.012230020343504162,2.285057100371749,15.890706319702602,0.006381710269403211,0.4929364202292669,5.6011759621451125,36.843533123028394,0.015614239272951093,2.82998018927445,22.52492113564669,0.007835530045022196,1.8630914826498424,0.00402220134195386,1.9444468750000041,16.553125,0.005470102952261012,0.0,0
21707.0,2022-03-16 09:25:00,332.96,333.0,332.07,332.13,60708.0,1p,1p,1.0,buy,False,0.8473817737796273,2.3799999999999955,16.0,0.00711616086111525,-0.21374838516147454,-0.22913210538001327,-0.33600629796075054,-0.0010084814429651345,32.29908058565876,28.547253500551893,33.69838438033244,18.2449917409908,60708.0,2.3799999999999955,0.0,2.3799999999999955,16.0,0.00711616086111525,2.3799999999999955,0.0,0.0,1.0,1.0,-0.21374838516147454,-0.33600629796075054,-0.22913210538001327,32.29908058565876,28.547253500551893,33.69838438033244,18.2449917409908,12.55758771051271,32.5110552996099,64.15934630236335,-0.24927919269581456,0.2800614328304294,0.040000000000020464,0.060000000000002274,0.8299999999999841,0.0,21708.0,21708.0,2022-03-16,2022-03-16 09:25:00,3.6822930780116274,270.0,1.0,best_within_2.0d,21977.0,344.36,0.5832424107187206,4.3760036431226785,32.22527881040892,0.012230020343504162,2.285057100371749,15.890706319702602,0.006381710269403211,0.4929364202292669,5.6011759621451125,36.843533123028394,0.015614239272951093,2.82998018927445,22.52492113564669,0.007835530045022196,1.8630914826498424,0.00402220134195386,1.9444468750000041,16.553125,0.005470102952261012,0.0,0
21708.0,2022-03-16 09:30:00,332.17,333.09,332.01,332.86,1533409.0,1p,1p,1.0,buy,False,0.8473817737796273,2.4399999999999977,17.0,0.007295559874420684,-0.12918982369547616,-0.24528083334194778,-0.30987574518968586,-0.0009301200777717281,45.57596986279335,44.557027859227155,37.31793220663067,59.03521916442011,1533409.0,2.4399999999999977,0.0,2.4399999999999977,17.0,0.007295559874420684,2.4399999999999977,0.0,0.0,1.0,1.0,-0.12918982369547616,-0.30987574518968586,-0.24528083334194778,45.57596986279335,44.557027859227155,37.31793220663067,59.03521916442011,8.6891209260536,31.07465280334575,63.59769987335868,0.20772496011078595,0.32529140688533,0.22999999999996135,0.160000000000025,0.6899999999999977,1.0,21709.0,21709.0,2022-03-16,2022-03-16 09:30:00,3.4549059664723907,269.0,1.0,best_within_2.0d,21977.0,344.36,0.5832424107187206,4.3760036431226785,32.22527881040892,0.012230020343504162,2.285057100371749,15.890706319702602,0.006381710269403211,0.4929364202292669,5.6011759621451125,36.843533123028394,0.015614239272951093,2.82998018927445,22.52492113564669,0.007835530045022196,1.8630914826498424,0.00402220134195386,1.9444468750000041,16.553125,0.005470102952261012,1.0,0
21723.0,2022-03-16 10:45:00,325.04,328.0,325.04,325.35,16870.0,1p,1p,0.0,sell,False,17.276748284940723,3.9700000000000273,7.0,0.012251951979755047,0.11220849436779712,-0.03202176300459575,0.02408248417930281,7.42414547645682e-05,71.368637665231,34.61305757525611,43.11159863446703,17.615975456834263,16870.0,3.9700000000000273,0.0,3.9700000000000273,7.0,0.012251951979755047,3.9700000000000273,0.0,0.0,1.0,1.0,0.11220849436779712,0.02408248417930281,-0.03202176300459575,71.368637665231,34.61305757525611,43.11159863446703,17.615975456834263,67.48681898066677,10.193321616872632,43.616854194775826,0.09537287718434723,0.9106571498892382,2.6499999999999773,0.0,0.3100000000000023,1.0,21724.0,21724.0,2022-03-16,2022-03-16 10:45:00,3.0143203213639693,138.0,1.0,best_within_2.0d,21861.0,316.28,0.5832424107187206,4.3760036431226785,32.22527881040892,0.012230020343504162,2.285057100371749,15.890706319702602,0.006381710269403211,0.4929364202292669,5.6011759621451125,36.843533123028394,0.015614239272951093,2.82998018927445,22.52492113564669,0.007835530045022196,1.8630914826498424,0.00402220134195386,1.9444468750000041,16.553125,0.005470102952261012,0.0,1
21723.0,2022-03-16 10:45:00,325.21,326.35,325.03,326.11,1067952.0,2,2,0.0,sell,False,0.724080267558533,4.163492493946733,28.239017640954685,0.011578080659927173,0.5080696547492054,-0.08649847489369411,0.1675363524809086,0.0005167722171309269,64.30227914836547,76.74362916957963,64.00957201777233,102.21174347319425,1067952.0,4.330000000000041,1.0,5.980000000000018,68.0,0.018231707317073225,4.330000000000041,8.0,0.013446369790696359,2.0,2.0,0.5080696547492054,0.1675363524809086,-0.08649847489369411,64.30227914836547,76.74362916957963,64.00957201777233,102.21174347319425,18.87120115774233,19.787376154959336,27.39292524756807,0.2767442575566662,0.406116358490001,0.2400000000000091,0.18000000000000682,0.9000000000000341,1.0,21724.0,21724.0,2022-03-16,2022-03-16 10:45:00,3.0143203213639693,138.0,1.0,best_within_2.0d,21861.0,316.28,0.724080267558533,5.980000000000018,68.0,0.018231707317073225,4.330000000000041,8.0,0.013446369790696359,0.4929364202292669,5.6011759621451125,36.843533123028394,0.015614239272951093,2.82998018927445,22.52492113564669,0.007835530045022196,1.8630914826498424,0.00402220134195386,1.9444468750000041,16.553125,0.005470102952261012,0.0,1
21734.0,2022-03-16 11:40:00,336.9,336.92,336.33,336.78,333427.0,2,2,1.0,buy,False,0.2975609756097611,4.163492493946733,28.239017640954685,0.011578080659927173,-0.2667021012955648,0.7719915074122883,0.6386404567645059,0.0018993186257968855,56.965844163891774,46.29333065590319,50.026176515031736,38.8276389376461,333427.0,1.830000000000041,1.0,6.150000000000034,15.0,0.01852353844763722,1.830000000000041,13.0,0.005411639460610482,2.0,2.0,-0.2667021012955648,0.6386404567645059,0.7719915074122883,56.965844163891774,46.29333065590319,50.026176515031736,38.8276389376461,7.41928097091822,14.56377375772861,50.92506810776176,-0.03561887800534418,0.1754229477001849,0.020000000000038654,0.44999999999998863,0.12000000000000455,0.0,21735.0,21735.0,2022-03-16,2022-03-16 11:40:00,3.2929508878199516,382.0,1.0,best_within_2.0d,22116.0,347.87,0.2975609756097611,6.150000000000034,15.0,0.01852353844763722,1.830000000000041,13.0,0.005411639460610482,0.4929364202292669,5.6011759621451125,36.843533123028394,0.015614239272951093,2.82998018927445,22.52492113564669,0.007835530045022196,1.8630914826498424,0.00402220134195386,1.9444468750000041,16.553125,0.005470102952261012,1.0,0
21743.0,2022-03-16 12:25:00,336.73,336.7862,336.12,336.43,369801.0,2,2,1.0,buy,False,0.3317073170731722,4.163492493946733,28.239017640954685,0.011578080659927173,-0.33391544334338086,0.4363277383016113,0.2693700166299209,0.0008004522615075808,49.10505538625279,39.366436346286235,45.257637115895825,27.584034807067056,369801.0,2.0400000000000205,1.0,6.150000000000034,15.0,0.01852353844763722,2.0400000000000205,22.0,0.0060326472675657095,2.0,2.0,-0.33391544334338086,0.2693700166299209,0.4363277383016113,49.10505538625279,39.366436346286235,45.257637115895825,27.584034807067056,12.99517322137522,24.29097763687794,34.64315122157376,-0.0890921509815019,0.19820302272997842,0.056199999999989814,0.3100000000000023,0.30000000000001137,0.0,21744.0,21744.0,2022-03-16,2022-03-16 12:25:00,3.400410189341021,373.0,1.0,best_within_2.0d,22116.0,347.87,0.3317073170731722,6.150000000000034,15.0,0.01852353844763722,2.0400000000000205,22.0,0.0060326472675657095,0.4929364202292669,5.6011759621451125,36.843533123028394,0.015614239272951093,2.82998018927445,22.52492113564669,0.007835530045022196,1.8630914826498424,0.00402220134195386,1.9444468750000041,16.553125,0.005470102952261012,0.0,0
21744.0,2022-03-16 12:30:00,336.43,336.54,336.06,336.3299,380101.0,2,2,1.0,buy,False,0.34146341463414814,4.163492493946733,28.239017640954685,0.011578080659927173,-0.35799275551473353,0.3915786438622696,0.21258226610490283,0.000631730151745354,47.73044163146787,33.49966724161031,41.33831382446732,17.822374075896292,380101.0,2.1000000000000227,1.0,6.150000000000034,15.0,0.01852353844763722,2.1000000000000227,23.0,0.0062100780695529415,2.0,2.0,-0.35799275551473353,0.21258226610490283,0.3915786438622696,47.73044163146787,33.49966724161031,41.33831382446732,17.822374075896292,12.656407306198641,25.327196893427526,34.55139586980835,-0.029753589156733234,0.1428316372076469,0.11000000000001364,0.2699000000000069,0.10009999999999764,0.0,21745.0,21745.0,2022-03-16,2022-03-16 12:30:00,3.5649818823720354,383.0,1.0,best_within_2.0d,22127.0,348.32,0.34146341463414814,6.150000000000034,15.0,0.01852353844763722,2.1000000000000227,23.0,0.0062100780695529415,0.4929364202292669,5.6011759621451125,36.843533123028394,0.015614239272951093,2.82998018927445,22.52492113564669,0.007835530045022196,1.8630914826498424,0.00402220134195386,1.9444468750000041,16.553125,0.005470102952261012,0.0,0
21745.0,2022-03-16 12:35:00,336.33,336.43,335.69,335.775,311228.0,2,2,1.0,buy,False,0.4016260162601648,4.163492493946733,28.239017640954685,0.011578080659927173,-0.43228211533507077,0.33754337944538576,0.12140232177785037,0.0003608291776047516,40.89603230569168,24.092945862936453,35.58985783729037,1.0991219142286184,311228.0,2.4700000000000273,1.0,6.150000000000034,15.0,0.01852353844763722,2.4700000000000273,24.0,0.007304234681807509,2.0,2.0,-0.43228211533507077,0.12140232177785037,0.33754337944538576,40.89603230569168,24.092945862936453,35.58985783729037,1.0991219142286184,11.16763866484676,29.380540734307033,35.291774379229224,-0.16501650165016707,0.22044147874527362,0.10000000000002274,0.08499999999997954,0.5550000000000068,0.0,21746.0,21746.0,2022-03-16,2022-03-16 12:35:00,3.852282034100217,383.0,1.0,best_within_2.0d,22128.0,348.71,0.4016260162601648,6.150000000000034,15.0,0.01852353844763722,2.4700000000000273,24.0,0.007304234681807509,0.4929364202292669,5.6011759621451125,36.843533123028394,0.015614239272951093,2.82998018927445,22.52492113564669,0.007835530045022196,1.8630914826498424,0.00402220134195386,1.9444468750000041,16.553125,0.005470102952261012,0.0,0
21746.0,2022-03-16 12:40:00,335.78,336.24,335.56,336.07,354643.0,2,2,1.0,buy,False,0.4227642276422778,4.163492493946733,28.239017640954685,0.011578080659927173,-0.4246865195138644,0.2844575645061527,0.07211430474922054,0.0002143545805397788,45.37415202054844,25.832078851152808,32.33726484191118,12.821706869636074,354643.0,2.6000000000000227,1.0,6.150000000000034,15.0,0.01852353844763722,2.6000000000000227,25.0,0.00768866808611315,2.0,2.0,-0.4246865195138644,0.07211430474922054,0.2844575645061527,45.37415202054844,25.832078851152808,32.33726484191118,12.821706869636074,8.870529981067552,29.93472878685593,36.64820585786835,0.0863660730240099,0.20264632256526607,0.17000000000001592,0.21999999999997044,0.29000000000002046,1.0,21747.0,21747.0,2022-03-16,2022-03-16 12:40:00,3.828071532716401,383.0,1.0,best_within_2.0d,22129.0,348.935,0.4227642276422778,6.150000000000034,15.0,0.01852353844763722,2.6000000000000227,25.0,0.00768866808611315,0.4929364202292669,5.6011759621451125,36.843533123028394,0.015614239272951093,2.82998018927445,22.52492113564669,0.007835530045022196,1.8630914826498424,0.00402220134195386,1.9444468750000041,16.553125,0.005470102952261012,0.0,0
21747.0,2022-03-16 12:45:00,336.1,336.1,334.4,334.6599,984746.0,2,2,1.0,buy,False,0.6113821138211426,4.163492493946733,28.239017640954685,0.011578080659927173,-0.5828282442237381,0.21160403397818545,-0.07981008813368362,-0.00023732199129024634,32.64270465868701,20.304422674196957,28.326317452673102,4.260633117244666,984746.0,3.7600000000000477,1.0,6.150000000000034,15.0,0.01852353844763722,3.7600000000000477,26.0,0.011118996924532906,2.0,2.0,-0.5828282442237381,-0.07981008813368362,0.21160403397818545,32.64270465868701,20.304422674196957,28.326317452673102,4.260633117244666,7.935379950729672,34.71551070684143,38.51541599376394,-0.42847366855103525,0.5083732057416405,0.0,0.259900000000016,1.4401000000000295,0.0,21748.0,21748.0,2022-03-16,2022-03-16 12:45:00,4.265554373260737,382.0,1.0,best_within_2.0d,22129.0,348.935,0.6113821138211426,6.150000000000034,15.0,0.01852353844763722,3.7600000000000477,26.0,0.011118996924532906,0.4929364202292669,5.6011759621451125,36.843533123028394,0.015614239272951093,2.82998018927445,22.52492113564669,0.007835530045022196,1.8630914826498424,0.00402220134195386,1.9444468750000041,16.553125,0.005470102952261012,0.0,0
21750.0,2022-03-16 13:00:00,334.8,335.17,334.4,334.515,495832.0,2,2,1.0,buy,False,0.6113821138211426,4.163492493946733,28.239017640954685,0.011578080659927173,-0.6473643775832919,-0.02946749558507126,-0.35314968437671723,-0.0010511534256461366,32.320607801909944,12.711281931956444,19.109962886594445,-0.08607997731955663,495832.0,3.7600000000000477,1.0,6.150000000000034,15.0,0.01852353844763722,3.7600000000000477,29.0,0.011118996924532906,2.0,2.0,-0.6473643775832919,-0.35314968437671723,-0.02946749558507126,32.320607801909944,12.711281931956444,19.109962886594445,-0.08607997731955663,7.819760194021179,30.497064756680537,42.75667622020272,-0.0851254480286813,0.2302631578947484,0.37000000000000455,0.1150000000000091,0.285000000000025,0.0,21751.0,21751.0,2022-03-16,2022-03-16 13:00:00,4.310718502907199,379.0,1.0,best_within_2.0d,22129.0,348.935,0.6113821138211426,6.150000000000034,15.0,0.01852353844763722,3.7600000000000477,29.0,0.011118996924532906,0.4929364202292669,5.6011759621451125,36.843533123028394,0.015614239272951093,2.82998018927445,22.52492113564669,0.007835530045022196,1.8630914826498424,0.00402220134195386,1.9444468750000041,16.553125,0.005470102952261012,0.0,0
21751.0,2022-03-16 13:05:00,334.52,334.77,333.64,333.74,699714.0,2,2,1.0,buy,False,0.7349593495934982,4.163492493946733,28.239017640954685,0.011578080659927173,-0.7148202678344586,-0.11882002906437858,-0.4762301629816079,-0.0014181990615746683,27.1780547603654,9.533667114682784,15.917864295957223,-3.234727247866097,699714.0,4.520000000000039,1.0,6.150000000000034,15.0,0.01852353844763722,4.520000000000039,30.0,0.013366453749704396,2.0,2.0,-0.7148202678344586,-0.4762301629816079,-0.11882002906437858,27.1780547603654,9.533667114682784,15.917864295957223,-3.234727247866097,7.337459324954197,35.304876751950665,44.387344698239374,-0.2331699151022279,0.338688406665866,0.25,0.10000000000002274,0.7799999999999727,0.0,21752.0,21752.0,2022-03-16,2022-03-16 13:05:00,4.557439923293575,383.0,1.0,best_within_2.0d,22134.0,348.95,0.7349593495934982,6.150000000000034,15.0,0.01852353844763722,4.520000000000039,30.0,0.013366453749704396,0.4929364202292669,5.6011759621451125,36.843533123028394,0.015614239272951093,2.82998018927445,22.52492113564669,0.007835530045022196,1.8630914826498424,0.00402220134195386,1.9444468750000041,16.553125,0.005470102952261012,0.0,0
21752.0,2022-03-16 13:10:00,333.7399,333.82,333.33,333.63,712062.0,2,2,1.0,buy,False,0.7853658536585388,4.163492493946733,28.239017640954685,0.011578080659927173,-0.7315016203731407,-0.21025773161102118,-0.5760085417975915,-0.0017161572674437903,26.53276113654897,9.47104287396306,13.768923821959167,0.8752809779708492,712062.0,4.830000000000041,1.0,6.150000000000034,15.0,0.01852353844763722,4.830000000000041,31.0,0.01428317955997173,2.0,2.0,-0.7315016203731407,-0.5760085417975915,-0.21025773161102118,26.53276113654897,9.47104287396306,13.768923821959167,0.8752809779708492,5.045192039331247,38.966057665470935,46.722046557772714,-0.03292983547966003,0.14700147001470287,0.08010000000001583,0.30000000000001137,0.1098999999999819,0.0,21753.0,21753.0,2022-03-16,2022-03-16 13:10:00,4.591913197254441,382.0,1.0,best_within_2.0d,22134.0,348.95,0.7853658536585388,6.150000000000034,15.0,0.01852353844763722,4.830000000000041,31.0,0.01428317955997173,0.4929364202292669,5.6011759621451125,36.843533123028394,0.015614239272951093,2.82998018927445,22.52492113564669,0.007835530045022196,1.8630914826498424,0.00402220134195386,1.9444468750000041,16.553125,0.005470102952261012,1.0,0
21765.0,2022-03-16 14:15:00,329.92,331.57,329.72,331.53,1652001.0,1,1,1.0,buy,False,1.8935562641990085,5.759999999999991,5.0,0.017169428878025486,-0.708711493339107,-0.6899022401793371,-1.0442579868488906,-0.003125592664253518,34.544349439066465,27.18567906862078,38.182472485244155,5.192092235374034,1652001.0,5.759999999999991,1.0,5.759999999999991,5.0,0.017169428878025486,5.759999999999991,5.0,0.017169428878025486,1.0,1.0,-0.708711493339107,-1.0442579868488906,-0.6899022401793371,34.544349439066465,27.18567906862078,38.182472485244155,5.192092235374034,13.080709325062772,40.19958195671233,43.82037421718337,0.48799709020367266,0.5610821302923589,0.040000000000020464,0.19999999999998863,1.6099999999999568,1.0,21766.0,21766.0,2022-03-16,2022-03-16 14:15:00,5.369046541791094,374.0,1.0,best_within_2.0d,22139.0,349.33,0.5832424107187206,4.3760036431226785,32.22527881040892,0.012230020343504162,2.285057100371749,15.890706319702602,0.006381710269403211,0.4929364202292669,5.6011759621451125,36.843533123028394,0.015614239272951093,2.82998018927445,22.52492113564669,0.007835530045022196,1.8630914826498424,0.00402220134195386,1.9444468750000041,16.553125,0.005470102952261012,0.0,0
21768.0,2022-03-16 14:30:00,330.03,330.04,328.401,329.15,2027811.0,1,1,1.0,buy,False,2.314272449101187,7.079000000000008,8.0,0.021101108858948395,-0.9073956820364133,-1.011691880875778,-1.4653897218939846,-0.004397950807662142,26.604442773627582,13.71665317584365,22.267213394271725,-3.384467261012496,2027811.0,7.079000000000008,1.0,7.079000000000008,8.0,0.021101108858948395,7.079000000000008,8.0,0.021101108858948395,1.0,1.0,-0.9073956820364133,-1.4653897218939846,-1.011691880875778,26.604442773627582,13.71665317584365,22.267213394271725,-3.384467261012496,11.794298490777374,39.41307993292338,44.70624584550633,-0.26664242644607933,0.49908496015542275,0.010000000000047748,0.7489999999999668,0.8799999999999955,0.0,21769.0,21769.0,2022-03-16,2022-03-16 14:30:00,6.130943338903238,371.0,1.0,best_within_2.0d,22139.0,349.33,0.5832424107187206,4.3760036431226785,32.22527881040892,0.012230020343504162,2.285057100371749,15.890706319702602,0.006381710269403211,0.4929364202292669,5.6011759621451125,36.843533123028394,0.015614239272951093,2.82998018927445,22.52492113564669,0.007835530045022196,1.8630914826498424,0.00402220134195386,1.9444468750000041,16.553125,0.005470102952261012,1.0,0
21824.0,2022-03-16 19:10:00,340.32,340.32,340.14,340.17,20459.0,2,2,1.0,buy,False,0.13740906752884174,4.163492493946733,28.239017640954685,0.011578080659927173,-0.302645619375938,0.18328805375827564,0.03196524407030665,9.388233454243925e-05,43.000471842710034,12.073652512021862,17.843787419212994,0.5333826976395954,20459.0,1.8700000000000045,1.0,13.60899999999998,27.0,0.04144019049881084,1.8700000000000045,31.0,0.0054676763837314835,2.0,2.0,-0.302645619375938,0.03196524407030665,0.18328805375827564,43.000471842710034,12.073652512021862,17.843787419212994,0.5333826976395954,13.8075313807546,31.799163179915364,70.05869000248808,-0.04407616361071264,0.052919386135122835,0.0,0.03000000000002956,0.14999999999997726,0.0,21825.0,21825.0,2022-03-16,2022-03-16 19:10:00,3.5335273539700682,349.0,1.0,best_within_2.0d,22173.0,352.19,0.13740906752884174,13.60899999999998,27.0,0.04144019049881084,1.8700000000000045,31.0,0.0054676763837314835,0.4929364202292669,5.6011759621451125,36.843533123028394,0.015614239272951093,2.82998018927445,22.52492113564669,0.007835530045022196,1.8630914826498424,0.00402220134195386,1.9444468750000041,16.553125,0.005470102952261012,1.0,0
21841.0,2022-03-17 04:35:00,340.21,340.21,339.95,340.1,6736.0,2s,2s,1.0,buy,False,0.15137041663605005,4.163492493946733,28.239017640954685,0.011578080659927173,-0.0895583906326275,0.005124775857202224,-0.03965441945911152,-0.0001164756221778108,42.103932975847606,28.45978034602304,37.45569392707223,10.467953183924664,6736.0,1.25,1.0,13.60899999999998,27.0,0.04144019049881084,1.25,9.0,0.003663540445486518,1.0,2.5,-0.0895583906326275,-0.03965441945911152,0.005124775857202224,42.103932975847606,28.45978034602304,37.45569392707223,10.467953183924664,25.70194384449333,36.069114470843495,29.533377717770417,-0.032332970812132746,0.07648183556405087,0.0,0.1500000000000341,0.1099999999999568,0.0,21842.0,21842.0,2022-03-17,2022-03-17 04:35:00,3.645986474566297,375.0,1.0,best_within_2.0d,22216.0,352.5,0.5832424107187206,4.3760036431226785,32.22527881040892,0.012230020343504162,2.285057100371749,15.890706319702602,0.006381710269403211,0.15137041663605005,13.60899999999998,27.0,0.04144019049881084,1.25,9.0,0.003663540445486518,1.0,0.00402220134195386,1.9444468750000041,16.553125,0.005470102952261012,0.0,0
21842.0,2022-03-17 04:40:00,340.11,340.24,339.77,339.8,10158.0,2s,2s,1.0,buy,False,0.16459695789551124,4.163492493946733,28.239017640954685,0.011578080659927173,-0.14517063419633205,-0.013021553417339283,-0.0856068705155053,-0.00025148594964840475,37.05019147462911,19.786195027430782,31.56586096052508,-3.7731368387578073,10158.0,1.4300000000000068,1.0,13.60899999999998,27.0,0.04144019049881084,1.4300000000000068,10.0,0.004191090269636597,1.0,2.5,-0.14517063419633205,-0.0856068705155053,-0.013021553417339283,37.05019147462911,19.786195027430782,31.56586096052508,-3.7731368387578073,23.30677290836754,36.852589641435145,29.032176187314658,-0.09114698185881105,0.13832886952939558,0.12999999999999545,0.03000000000002956,0.3100000000000023,0.0,21843.0,21843.0,2022-03-17,2022-03-17 04:40:00,3.7374926427310147,374.0,1.0,best_within_2.0d,22216.0,352.5,0.5832424107187206,4.3760036431226785,32.22527881040892,0.012230020343504162,2.285057100371749,15.890706319702602,0.006381710269403211,0.16459695789551124,13.60899999999998,27.0,0.04144019049881084,1.4300000000000068,10.0,0.004191090269636597,1.0,0.00402220134195386,1.9444468750000041,16.553125,0.005470102952261012,0.0,0
21845.0,2022-03-17 04:55:00,339.81,339.95,339.47,339.76,19185.0,2s,2s,1.0,buy,False,0.18664119332794235,4.163492493946733,28.239017640954685,0.011578080659927173,-0.16797595570046858,-0.07019732243534169,-0.15418530028557598,-0.0004530912575176978,38.852400260661554,18.65876458157679,22.708151494841697,10.559990755046975,19185.0,1.7299999999999613,1.0,13.60899999999998,27.0,0.04144019049881084,1.7299999999999613,13.0,0.005070339976553228,1.0,2.5,-0.16797595570046858,-0.15418530028557598,-0.07019732243534169,38.852400260661554,18.65876458157679,22.708151494841697,10.559990755046975,19.36619718309897,40.84507042253605,28.617400992641958,-0.014714104940999784,0.1413968833770175,0.13999999999998636,0.2899999999999636,0.05000000000001137,0.0,21846.0,21846.0,2022-03-17,2022-03-17 04:55:00,3.7497056745938337,371.0,1.0,best_within_2.0d,22216.0,352.5,0.5832424107187206,4.3760036431226785,32.22527881040892,0.012230020343504162,2.285057100371749,15.890706319702602,0.006381710269403211,0.18664119332794235,13.60899999999998,27.0,0.04144019049881084,1.7299999999999613,13.0,0.005070339976553228,1.0,0.00402220134195386,1.9444468750000041,16.553125,0.005470102952261012,0.0,0
21848.0,2022-03-17 05:10:00,339.56,339.64,339.32,339.5,7129.0,2s,2s,1.0,buy,False,0.19766331104416207,4.163492493946733,28.239017640954685,0.011578080659927173,-0.18130018841231427,-0.13542312416856514,-0.22607321837472227,-0.0006646198733529095,34.724026894791606,15.061544826259787,18.33139813310793,8.521838212563502,7129.0,1.8799999999999955,1.0,13.60899999999998,27.0,0.04144019049881084,1.8799999999999955,16.0,0.00550996483001171,1.0,2.5,-0.18130018841231427,-0.22607321837472227,-0.13542312416856514,34.724026894791606,15.061544826259787,18.33139813310793,8.521838212563502,10.780669144982182,47.39776951672888,34.349919823310664,-0.01766992578631237,0.09430625957797749,0.07999999999998408,0.18000000000000682,0.060000000000002274,0.0,21849.0,21849.0,2022-03-17,2022-03-17 05:10:00,3.829160530191458,368.0,1.0,best_within_2.0d,22216.0,352.5,0.5832424107187206,4.3760036431226785,32.22527881040892,0.012230020343504162,2.285057100371749,15.890706319702602,0.006381710269403211,0.19766331104416207,13.60899999999998,27.0,0.04144019049881084,1.8799999999999955,16.0,0.00550996483001171,1.0,0.00402220134195386,1.9444468750000041,16.553125,0.005470102952261012,0.0,0
21849.0,2022-03-17 05:15:00,339.38,339.47,339.14,339.18,13093.0,2s,2s,1.0,buy,False,0.21088985230362323,4.163492493946733,28.239017640954685,0.011578080659927173,-0.21372928736960178,-0.16213928508976536,-0.26900392877456625,-0.0007909972441022095,30.243044654951532,11.220970887123652,15.961255717779835,1.7404012258112829,13093.0,2.0600000000000023,1.0,13.60899999999998,27.0,0.04144019049881084,2.0600000000000023,17.0,0.006037514654161789,1.0,2.5,-0.21372928736960178,-0.26900392877456625,-0.16213928508976536,30.243044654951532,11.220970887123652,15.961255717779835,1.7404012258112829,12.00828157349971,44.09937888198829,35.98175211848262,-0.05893099180858879,0.09730494780917644,0.09000000000003183,0.040000000000020464,0.19999999999998863,0.0,21850.0,21850.0,2022-03-17,2022-03-17 05:15:00,3.9271183442419937,367.0,1.0,best_within_2.0d,22216.0,352.5,0.5832424107187206,4.3760036431226785,32.22527881040892,0.012230020343504162,2.285057100371749,15.890706319702602,0.006381710269403211,0.21088985230362323,13.60899999999998,27.0,0.04144019049881084,2.0600000000000023,17.0,0.006037514654161789,1.0,0.00402220134195386,1.9444468750000041,16.553125,0.005470102952261012,0.0,0
21850.0,2022-03-17 05:20:00,339.1,339.59,339.0,339.55,27049.0,2s,2s,1.0,buy,False,0.22117716217209166,4.163492493946733,28.239017640954685,0.011578080659927173,-0.1726697188750443,-0.1837229999491459,-0.27005785938666804,-0.0007941883209501055,39.90026469759794,21.916342796140682,17.946284743900115,29.856458900621817,27049.0,2.1999999999999886,1.0,13.60899999999998,27.0,0.04144019049881084,2.1999999999999886,18.0,0.006447831184056239,1.0,2.5,-0.1726697188750443,-0.27005785938666804,-0.1837229999491459,39.90026469759794,21.916342796140682,17.946284743900115,29.856458900621817,11.17533718689855,43.73795761079027,37.64721593959338,0.13270421704511606,0.17404129793509587,0.03999999999996362,0.10000000000002274,0.44999999999998863,1.0,21851.0,21851.0,2022-03-17,2022-03-17 05:20:00,3.813871300250328,366.0,1.0,best_within_2.0d,22216.0,352.5,0.5832424107187206,4.3760036431226785,32.22527881040892,0.012230020343504162,2.285057100371749,15.890706319702602,0.006381710269403211,0.22117716217209166,13.60899999999998,27.0,0.04144019049881084,2.1999999999999886,18.0,0.006447831184056239,1.0,0.00402220134195386,1.9444468750000041,16.553125,0.005470102952261012,0.0,0
21853.0,2022-03-17 05:35:00,339.09,339.16,338.98,338.98,11198.0,2s,2s,1.0,buy,False,0.22264677786758594,4.163492493946733,28.239017640954685,0.011578080659927173,-0.1587301881432297,-0.23585625650011788,-0.31522135057173273,-0.0009274374639709304,32.142397896826125,19.848696132447138,23.008616531214955,13.528855334911505,11198.0,2.2199999999999704,1.0,13.60899999999998,27.0,0.04144019049881084,2.2199999999999704,21.0,0.00650644783118397,1.0,2.5,-0.1587301881432297,-0.31522135057173273,-0.23585625650011788,32.142397896826125,19.848696132447138,23.008616531214955,13.528855334911505,4.743833017077815,48.19734345350991,43.54219829635217,-0.0324397652540496,0.053100477904303146,0.07000000000005002,0.0,0.1099999999999568,0.0,21854.0,21854.0,2022-03-17,2022-03-17 05:35:00,3.988435895923058,363.0,1.0,best_within_2.0d,22216.0,352.5,0.5832424107187206,4.3760036431226785,32.22527881040892,0.012230020343504162,2.285057100371749,15.890706319702602,0.006381710269403211,0.22264677786758594,13.60899999999998,27.0,0.04144019049881084,2.2199999999999704,21.0,0.00650644783118397,1.0,0.00402220134195386,1.9444468750000041,16.553125,0.005470102952261012,1.0,0
21858.0,2022-03-17 06:00:00,338.91,338.91,337.92,338.17,44787.0,2s,2s,1.0,buy,False,0.3005364097288545,4.163492493946733,28.239017640954685,0.011578080659927173,-0.13323938262263035,-0.29002722895835287,-0.35664692026966804,-0.0010501133569974016,28.906171883197686,36.67348597670466,34.80380593572865,40.4128460586567,44787.0,3.2799999999999727,1.0,13.60899999999998,27.0,0.04144019049881084,3.2799999999999727,26.0,0.009613130128956544,1.0,2.5,-0.13323938262263035,-0.35664692026966804,-0.29002722895835287,28.906171883197686,36.67348597670466,34.80380593572865,40.4128460586567,13.117546848381537,53.4923339011923,48.45562516862623,-0.21834705379009442,0.29296875000000266,0.0,0.25,0.7400000000000091,0.0,21859.0,21859.0,2022-03-17,2022-03-17 06:00:00,4.237513676553208,358.0,1.0,best_within_2.0d,22216.0,352.5,0.5832424107187206,4.3760036431226785,32.22527881040892,0.012230020343504162,2.285057100371749,15.890706319702602,0.006381710269403211,0.3005364097288545,13.60899999999998,27.0,0.04144019049881084,3.2799999999999727,26.0,0.009613130128956544,1.0,0.00402220134195386,1.9444468750000041,16.553125,0.005470102952261012,0.0,0
21859.0,2022-03-17 06:05:00,338.12,338.21,337.51,337.68,38077.0,2s,2s,1.0,buy,False,0.3306635314865167,4.163492493946733,28.239017640954685,0.011578080659927173,-0.26731612850055364,-0.32344174502092204,-0.45709980927119886,-0.0013464592453415784,25.3504301201381,27.001543203689202,32.2030516917155,16.598526227636597,38077.0,3.6899999999999977,1.0,13.60899999999998,27.0,0.04144019049881084,3.6899999999999977,27.0,0.010814771395076195,1.0,2.5,-0.26731612850055364,-0.45709980927119886,-0.32344174502092204,25.3504301201381,27.001543203689202,32.2030516917155,16.598526227636597,12.64367816091941,52.87356321839103,49.38047399743367,-0.130131314326274,0.2074012621848208,0.08999999999997499,0.17000000000001592,0.4399999999999977,0.0,21860.0,21860.0,2022-03-17,2022-03-17 06:05:00,4.388770433546551,357.0,1.0,best_within_2.0d,22216.0,352.5,0.5832424107187206,4.3760036431226785,32.22527881040892,0.012230020343504162,2.285057100371749,15.890706319702602,0.006381710269403211,0.3306635314865167,13.60899999999998,27.0,0.04144019049881084,3.6899999999999977,27.0,0.010814771395076195,1.0,0.00402220134195386,1.9444468750000041,16.553125,0.005470102952261012,0.0,0
21860.0,2022-03-17 06:10:00,337.65,338.27,337.5,338.03,25951.0,2s,2s,1.0,buy,False,0.3313983393342639,4.163492493946733,28.239017640954685,0.011578080659927173,-0.2867698041717064,-0.35928797054238537,-0.5026728726282386,-0.0014811713966771864,31.803391376012897,26.031331832762124,30.14581173873104,17.802372020824293,25951.0,3.6999999999999886,1.0,13.60899999999998,27.0,0.04144019049881084,3.6999999999999886,28.0,0.01084407971864006,1.0,2.5,-0.2867698041717064,-0.5026728726282386,-0.35928797054238537,31.803391376012897,26.031331832762124,30.14581173873104,17.802372020824293,11.380880121396196,48.86191198786055,50.29734190369828,0.11254257367095971,0.22814814814814277,0.2400000000000091,0.14999999999997726,0.37999999999999545,1.0,21861.0,21861.0,2022-03-17,2022-03-17 06:10:00,4.280685146288799,356.0,1.0,best_within_2.0d,22216.0,352.5,0.5832424107187206,4.3760036431226785,32.22527881040892,0.012230020343504162,2.285057100371749,15.890706319702602,0.006381710269403211,0.3313983393342639,13.60899999999998,27.0,0.04144019049881084,3.6999999999999886,28.0,0.01084407971864006,1.0,0.00402220134195386,1.9444468750000041,16.553125,0.005470102952261012,1.0,0
21861.0,2022-03-17 06:15:00,315.91,316.28,315.71,316.28,7187.0,1p,1p,1.0,buy,False,5.778341795250777,4.160000000000025,19.0,0.013005283396379857,-0.2332187999310107,-0.6404136069737725,-0.7570230069392778,-0.0023835957309431824,32.87182171540617,21.084285218465226,15.901329328138676,31.450196999118326,7187.0,4.160000000000025,0.0,4.160000000000025,19.0,0.013005283396379857,4.160000000000025,0.0,0.0,1.0,1.0,-0.2332187999310107,-0.7570230069392778,-0.6404136069737725,32.87182171540617,21.084285218465226,15.901329328138676,31.450196999118326,16.731517509726952,30.60959792477283,42.38780017611765,0.11712196511663057,0.18054543726837705,0.0,0.20000000000004547,0.3699999999999477,1.0,21862.0,21862.0,2022-03-17,2022-03-17 06:15:00,11.45187808271153,355.0,1.0,best_within_2.0d,22216.0,352.5,0.5832424107187206,4.3760036431226785,32.22527881040892,0.012230020343504162,2.285057100371749,15.890706319702602,0.006381710269403211,0.4929364202292669,5.6011759621451125,36.843533123028394,0.015614239272951093,2.82998018927445,22.52492113564669,0.007835530045022196,1.8630914826498424,0.00402220134195386,1.9444468750000041,16.553125,0.005470102952261012,0.0,0
21903.0,2022-03-17 09:45:00,338.79,339.79,338.63,338.68,1108814.0,1p,1p,0.0,sell,False,0.6453377736998349,2.3799999999999955,11.0,0.007053732847277778,0.20262169808289376,-0.15608713763298726,-0.05477628859154038,-0.00016180609839890964,52.68272866980356,75.5331194347406,72.91194295023253,80.77547240375674,1108814.0,2.3799999999999955,0.0,2.3799999999999955,11.0,0.007053732847277778,2.3799999999999955,0.0,0.0,1.0,1.0,0.20262169808289376,-0.05477628859154038,-0.15608713763298726,52.68272866980356,75.5331194347406,72.91194295023253,80.77547240375674,17.47154962327042,25.257674335413228,34.83360525324249,-0.032468490805517766,0.3425567728789608,1.0,0.05000000000001137,0.11000000000001364,0.0,21904.0,21904.0,2022-03-17,2022-03-17 09:45:00,2.813865595842692,154.0,1.0,best_within_2.0d,22057.0,329.15,0.5832424107187206,4.3760036431226785,32.22527881040892,0.012230020343504162,2.285057100371749,15.890706319702602,0.006381710269403211,0.4929364202292669,5.6011759621451125,36.843533123028394,0.015614239272951093,2.82998018927445,22.52492113564669,0.007835530045022196,1.8630914826498424,0.00402220134195386,1.9444468750000041,16.553125,0.005470102952261012,0.0,1
21905.0,2022-03-17 09:55:00,339.42,341.045,339.41,341.0,1318586.0,1p,1p,0.0,sell,False,1.6898081649389396,3.634999999999991,13.0,0.010773243235233071,0.5312941333235814,-0.05369639835655573,0.211950668305235,0.0006256408871091421,75.50672820812758,85.67905746011131,78.53843115792807,99.96031006447777,1318586.0,3.634999999999991,0.0,3.634999999999991,13.0,0.010773243235233071,3.634999999999991,0.0,0.0,1.0,1.0,0.5312941333235814,0.211950668305235,-0.05369639835655573,75.50672820812758,85.67905746011131,78.53843115792807,99.96031006447777,27.386695060414496,18.23434100273152,32.23136795936964,0.4654999705379718,0.48171827583158744,0.045000000000015916,0.009999999999990905,1.579999999999984,1.0,21906.0,21906.0,2022-03-17,2022-03-17 09:55:00,3.4750733137829974,152.0,1.0,best_within_2.0d,22057.0,329.15,0.5832424107187206,4.3760036431226785,32.22527881040892,0.012230020343504162,2.285057100371749,15.890706319702602,0.006381710269403211,0.4929364202292669,5.6011759621451125,36.843533123028394,0.015614239272951093,2.82998018927445,22.52492113564669,0.007835530045022196,1.8630914826498424,0.00402220134195386,1.9444468750000041,16.553125,0.005470102952261012,0.0,1
21906.0,2022-03-17 10:00:00,341.0,341.34,340.49,341.2899,1117746.0,1p,1p,0.0,sell,False,2.207368854459504,3.92999999999995,14.0,0.011647550457899735,0.6940208638996048,0.03305620963089487,0.38006664158069725,0.001121272605853527,77.0318809023213,90.06427868136689,82.38038033240767,105.43207537928532,1117746.0,3.92999999999995,0.0,3.92999999999995,14.0,0.011647550457899735,3.92999999999995,0.0,0.0,1.0,1.0,0.6940208638996048,0.38006664158069725,0.03305620963089487,77.0318809023213,90.06427868136689,82.38038033240767,105.43207537928532,29.383231261178622,15.892544216212192,32.057463113536905,0.08501466275659494,0.24964022438249753,0.05009999999998627,0.5099999999999909,0.2898999999999887,1.0,21907.0,21907.0,2022-03-17,2022-03-17 10:00:00,3.5570639506179385,151.0,1.0,best_within_2.0d,22057.0,329.15,0.5832424107187206,4.3760036431226785,32.22527881040892,0.012230020343504162,2.285057100371749,15.890706319702602,0.006381710269403211,0.4929364202292669,5.6011759621451125,36.843533123028394,0.015614239272951093,2.82998018927445,22.52492113564669,0.007835530045022196,1.8630914826498424,0.00402220134195386,1.9444468750000041,16.553125,0.005470102952261012,0.0,1
21907.0,2022-03-17 10:05:00,341.31,341.68,341.08,341.51,1147830.0,1p,1p,0.0,sell,False,2.5034846640428348,4.269999999999982,15.0,0.012655226578939515,0.7871229068890062,0.13144657299202064,0.5250080264365238,0.001548016055840457,78.14459086380529,92.15476347722159,85.63850804734564,105.1872743369735,1147830.0,4.269999999999982,0.0,4.269999999999982,15.0,0.012655226578939515,4.269999999999982,0.0,0.0,1.0,1.0,0.7871229068890062,0.5250080264365238,0.13144657299202064,78.14459086380529,92.15476347722159,85.63850804734564,105.1872743369735,32.366718916095216,12.696610994000451,32.885495822307384,0.05859775570595313,0.1759118095461542,0.17000000000001592,0.2300000000000182,0.19999999999998863,1.0,21908.0,21908.0,2022-03-17,2022-03-17 10:05:00,3.6192205206289754,150.0,1.0,best_within_2.0d,22057.0,329.15,0.5832424107187206,4.3760036431226785,32.22527881040892,0.012230020343504162,2.285057100371749,15.890706319702602,0.006381710269403211,0.4929364202292669,5.6011759621451125,36.843533123028394,0.015614239272951093,2.82998018927445,22.52492113564669,0.007835530045022196,1.8630914826498424,0.00402220134195386,1.9444468750000041,16.553125,0.005470102952261012,0.0,1
21908.0,2022-03-17 10:10:00,341.5,341.8,340.34,340.6,1046716.0,1p,1p,0.0,sell,False,2.5034846640428348,4.389999999999986,16.0,0.013010876974600592,0.6856702855322933,0.21715535868355734,0.559990501449704,0.0016506407452864312,64.2791757351938,86.36542159284635,85.88081256251253,87.33463965351396,1046716.0,4.389999999999986,0.0,4.389999999999986,16.0,0.013010876974600592,4.389999999999986,0.0,0.0,1.0,1.0,0.6856702855322933,0.559990501449704,0.21715535868355734,64.2791757351938,86.36542159284635,85.88081256251253,87.33463965351396,28.943842622094472,17.559596751793368,32.28513458407685,-0.2635431918008718,0.4289827819239691,0.30000000000001137,0.26000000000004775,0.8999999999999773,0.0,21909.0,21909.0,2022-03-17,2022-03-17 10:10:00,3.3617146212566196,149.0,1.0,best_within_2.0d,22057.0,329.15,0.5832424107187206,4.3760036431226785,32.22527881040892,0.012230020343504162,2.285057100371749,15.890706319702602,0.006381710269403211,0.4929364202292669,5.6011759621451125,36.843533123028394,0.015614239272951093,2.82998018927445,22.52492113564669,0.007835530045022196,1.8630914826498424,0.00402220134195386,1.9444468750000041,16.553125,0.005470102952261012,1.0,1
21923.0,2022-03-17 11:25:00,339.73,339.8499,339.2,339.43,577517.0,2,2,0.0,sell,False,0.5323501199040737,4.163492493946733,28.239017640954685,0.011578080659927173,-0.04051877456105179,-0.006953562328596566,-0.02721294960912246,-8.024060206344722e-05,52.169867016702625,64.26138089153994,47.14195655477977,98.5002295650603,577517.0,2.2198999999999955,1.0,4.170000000000016,11.0,0.01220011702750151,2.2198999999999955,6.0,0.006574948908568538,2.0,2.0,-0.04051877456105179,-0.02721294960912246,-0.006953562328596566,52.169867016702625,64.26138089153994,47.14195655477977,98.5002295650603,10.881077778100803,18.295166875199786,29.854797403904467,-0.08830541900921654,0.19159787735849126,0.1198999999999728,0.2300000000000182,0.30000000000001137,0.0,21924.0,21924.0,2022-03-17,2022-03-17 11:25:00,3.028606781957997,134.0,1.0,best_within_2.0d,22057.0,329.15,0.5323501199040737,4.170000000000016,11.0,0.01220011702750151,2.2198999999999955,6.0,0.006574948908568538,0.4929364202292669,5.6011759621451125,36.843533123028394,0.015614239272951093,2.82998018927445,22.52492113564669,0.007835530045022196,1.8630914826498424,0.00402220134195386,1.9444468750000041,16.553125,0.005470102952261012,0.0,1
21924.0,2022-03-17 11:30:00,339.41,339.86,339.21,339.59,334916.0,2,2,0.0,sell,False,0.534772182254199,4.163492493946733,28.239017640954685,0.011578080659927173,0.031477947883660214,-0.0030188188431390394,0.012720155098691066,3.750321191007464e-05,53.2899558897253,72.13837948823087,55.4740975325968,105.466943399499,334916.0,2.230000000000018,1.0,4.170000000000016,11.0,0.01220011702750151,2.230000000000018,7.0,0.006604863311909541,2.0,2.0,0.031477947883660214,0.012720155098691066,-0.0030188188431390394,53.2899558897253,72.13837948823087,55.4740975325968,105.466943399499,11.177335075114135,18.667240662668142,29.514909836420284,0.05303320467869243,0.19162170926565672,0.27000000000003865,0.20000000000004547,0.17999999999994998,1.0,21925.0,21925.0,2022-03-17,2022-03-17 11:30:00,3.074295473953885,133.0,1.0,best_within_2.0d,22057.0,329.15,0.534772182254199,4.170000000000016,11.0,0.01220011702750151,2.230000000000018,7.0,0.006604863311909541,0.4929364202292669,5.6011759621451125,36.843533123028394,0.015614239272951093,2.82998018927445,22.52492113564669,0.007835530045022196,1.8630914826498424,0.00402220134195386,1.9444468750000041,16.553125,0.005470102952261012,0.0,1
21925.0,2022-03-17 11:35:00,339.62,340.0,339.33,339.97,281652.0,2,2,0.0,sell,False,0.5683453237410061,4.163492493946733,28.239017640954685,0.011578080659927173,0.12351044115247448,0.01241998630092027,0.0741752068771575,0.00021865501070676138,55.92960462884208,81.00364539721758,63.98394682080372,115.0430425500453,281652.0,2.3700000000000045,1.0,4.170000000000016,11.0,0.01220011702750151,2.3700000000000045,8.0,0.007019518407724446,2.0,2.0,0.12351044115247448,0.0741752068771575,0.01241998630092027,55.92960462884208,81.00364539721758,63.98394682080372,115.0430425500453,11.644379176586417,18.653257088608154,29.05908877186744,0.1030563571050064,0.19744791206200923,0.029999999999972715,0.29000000000002046,0.35000000000002274,1.0,21926.0,21926.0,2022-03-17,2022-03-17 11:35:00,3.1826337618025264,132.0,1.0,best_within_2.0d,22057.0,329.15,0.5683453237410061,4.170000000000016,11.0,0.01220011702750151,2.3700000000000045,8.0,0.007019518407724446,0.4929364202292669,5.6011759621451125,36.843533123028394,0.015614239272951093,2.82998018927445,22.52492113564669,0.007835530045022196,1.8630914826498424,0.00402220134195386,1.9444468750000041,16.553125,0.005470102952261012,0.0,1
21926.0,2022-03-17 11:40:00,339.965,340.34,339.74,339.815,464653.0,2,2,0.0,sell,False,0.649880095923254,4.163492493946733,28.239017640954685,0.011578080659927173,0.154710066479048,0.03175874461080127,0.10911377785032528,0.000321606756444316,54.574848315650996,80.87819902249953,69.61536422136899,103.4038686247606,464653.0,2.7099999999999795,1.0,4.170000000000016,11.0,0.01220011702750151,2.7099999999999795,9.0,0.008026537926132097,2.0,2.0,0.154710066479048,0.10911377785032528,0.03175874461080127,54.574848315650996,80.87819902249953,69.61536422136899,103.4038686247606,14.768536059197398,13.028787046988516,27.43048904735191,-0.044122189048865994,0.17660563960674808,0.375,0.07499999999998863,0.14999999999997726,0.0,21927.0,21927.0,2022-03-17,2022-03-17 11:40:00,3.138472404102238,131.0,1.0,best_within_2.0d,22057.0,329.15,0.649880095923254,4.170000000000016,11.0,0.01220011702750151,2.7099999999999795,9.0,0.008026537926132097,0.4929364202292669,5.6011759621451125,36.843533123028394,0.015614239272951093,2.82998018927445,22.52492113564669,0.007835530045022196,1.8630914826498424,0.00402220134195386,1.9444468750000041,16.553125,0.005470102952261012,1.0,1
21934.0,2022-03-17 12:20:00,340.09,340.76,340.07,340.675,527839.0,2,2,0.0,sell,False,0.750599520383689,4.163492493946733,28.239017640954685,0.011578080659927173,0.23443225301332415,0.13709873507838205,0.2543148615850441,0.0007490110434349715,59.972504037452225,82.58845078130481,74.60297287879848,98.5594065863175,527839.0,3.1299999999999955,1.0,4.170000000000016,11.0,0.01220011702750151,3.1299999999999955,17.0,0.009270503213576978,2.0,2.0,0.23443225301332415,0.2543148615850441,0.13709873507838205,59.972504037452225,82.58845078130481,74.60297287879848,98.5594065863175,23.057601670758935,17.3096642489583,20.822001693333362,0.1720132905995579,0.2028994030640744,0.08499999999997954,0.01999999999998181,0.5850000000000364,1.0,21935.0,21935.0,2022-03-17,2022-03-17 12:20:00,3.382989652894998,123.0,1.0,best_within_2.0d,22057.0,329.15,0.750599520383689,4.170000000000016,11.0,0.01220011702750151,3.1299999999999955,17.0,0.009270503213576978,0.4929364202292669,5.6011759621451125,36.843533123028394,0.015614239272951093,2.82998018927445,22.52492113564669,0.007835530045022196,1.8630914826498424,0.00402220134195386,1.9444468750000041,16.553125,0.005470102952261012,0.0,1
21935.0,2022-03-17 12:25:00,340.6801,340.85,340.37,340.69,423396.0,2,2,0.0,sell,False,0.7721822541966463,4.163492493946733,28.239017640954685,0.011578080659927173,0.27246678693209114,0.17115708344489344,0.307390476910939,0.0009051017278651476,60.07615778362933,86.1419489034293,78.44929822034209,101.52725026960371,423396.0,3.2200000000000273,1.0,4.170000000000016,11.0,0.01220011702750151,3.2200000000000273,18.0,0.009537067203743824,2.0,2.0,0.27246678693209114,0.307390476910939,0.17115708344489344,60.07615778362933,86.1419489034293,78.44929822034209,101.52725026960371,23.094757161762853,18.308639886964194,20.160410231013845,0.0029059519473007105,0.14102300437759444,0.160000000000025,0.31009999999997717,0.009900000000016007,1.0,21936.0,21936.0,2022-03-17,2022-03-17 12:25:00,3.387243535178614,122.0,1.0,best_within_2.0d,22057.0,329.15,0.7721822541966463,4.170000000000016,11.0,0.01220011702750151,3.2200000000000273,18.0,0.009537067203743824,0.4929364202292669,5.6011759621451125,36.843533123028394,0.015614239272951093,2.82998018927445,22.52492113564669,0.007835530045022196,1.8630914826498424,0.00402220134195386,1.9444468750000041,16.553125,0.005470102952261012,0.0,1
21936.0,2022-03-17 12:30:00,340.67,340.89,340.26,340.61,389317.0,2,2,0.0,sell,False,0.7817745803357262,4.163492493946733,28.239017640954685,0.011578080659927173,0.2686912976116037,0.20474349564634392,0.3390891444521458,0.000998221886410942,59.19571674994234,86.88854684848292,81.26238109638902,98.14087835267071,389317.0,3.259999999999991,1.0,4.170000000000016,11.0,0.01220011702750151,3.259999999999991,19.0,0.009655540088262271,2.0,2.0,0.2686912976116037,0.3390891444521458,0.20474349564634392,59.19571674994234,86.88854684848292,81.26238109638902,98.14087835267071,18.69054508167595,19.79715530106941,18.925754558070974,-0.01761235212962758,0.18515253041791438,0.21999999999997044,0.35000000000002274,0.060000000000002274,0.0,21937.0,21937.0,2022-03-17,2022-03-17 12:30:00,3.3645518334752462,121.0,1.0,best_within_2.0d,22057.0,329.15,0.7817745803357262,4.170000000000016,11.0,0.01220011702750151,3.259999999999991,19.0,0.009655540088262271,0.4929364202292669,5.6011759621451125,36.843533123028394,0.015614239272951093,2.82998018927445,22.52492113564669,0.007835530045022196,1.8630914826498424,0.00402220134195386,1.9444468750000041,16.553125,0.005470102952261012,0.0,1
21938.0,2022-03-17 12:40:00,340.85,340.97,340.44,340.85,245176.0,2,2,0.0,sell,False,0.8009592326139134,4.163492493946733,28.239017640954685,0.011578080659927173,0.26668492899123086,0.2729714762869661,0.40631394078258154,0.001195539633782896,61.040386814832075,91.49372393968628,86.72595635045651,101.0292591181458,245176.0,3.340000000000032,1.0,4.170000000000016,11.0,0.01220011702750151,3.340000000000032,21.0,0.009892485857299505,2.0,2.0,0.26668492899123086,0.40631394078258154,0.2729714762869661,61.040386814832075,91.49372393968628,86.72595635045651,101.0292591181458,18.850452368281083,22.08621607237932,17.183477263569294,0.0,0.1556808835624573,0.12000000000000455,0.410000000000025,0.0,0.0,21939.0,21939.0,2022-03-17,2022-03-17 12:40:00,3.4325949831304223,119.0,1.0,best_within_2.0d,22057.0,329.15,0.8009592326139134,4.170000000000016,11.0,0.01220011702750151,3.340000000000032,21.0,0.009892485857299505,0.4929364202292669,5.6011759621451125,36.843533123028394,0.015614239272951093,2.82998018927445,22.52492113564669,0.007835530045022196,1.8630914826498424,0.00402220134195386,1.9444468750000041,16.553125,0.005470102952261012,0.0,1
21939.0,2022-03-17 12:45:00,340.85,341.07,340.512,340.6964,298435.0,2,2,0.0,sell,False,0.824940047961627,4.163492493946733,28.239017640954685,0.011578080659927173,0.22031690245847146,0.30051108909427504,0.4106695403235108,0.0012081348494594891,59.05865077161873,87.13069071894293,86.86086780661864,87.67033654359153,298435.0,3.4399999999999977,1.0,4.170000000000016,11.0,0.01220011702750151,3.4399999999999977,22.0,0.010188668068595794,2.0,2.0,0.22031690245847146,0.4106695403235108,0.30051108909427504,59.05865077161873,87.13069071894293,86.86086780661864,87.67033654359153,18.646989119896496,22.352687708715308,16.601683207846374,-0.045063811060595545,0.16387087679729134,0.21999999999997044,0.18439999999998236,0.15360000000003993,0.0,21940.0,21940.0,2022-03-17,2022-03-17 12:45:00,3.38905841094887,118.0,1.0,best_within_2.0d,22057.0,329.15,0.824940047961627,4.170000000000016,11.0,0.01220011702750151,3.4399999999999977,22.0,0.010188668068595794,0.4929364202292669,5.6011759621451125,36.843533123028394,0.015614239272951093,2.82998018927445,22.52492113564669,0.007835530045022196,1.8630914826498424,0.00402220134195386,1.9444468750000041,16.553125,0.005470102952261012,0.0,1
21941.0,2022-03-17 12:55:00,340.91,341.29,340.78,341.05,315919.0,2,2,0.0,sell,False,0.8776978417266214,4.163492493946733,28.239017640954685,0.011578080659927173,0.1917852631483541,0.3498298470413168,0.44572247861549386,0.0013106688556883796,62.18814301855231,88.25096061002992,87.69521413270517,89.36245356467944,315919.0,3.660000000000025,1.0,4.170000000000016,11.0,0.01220011702750151,3.660000000000025,24.0,0.010840268933447932,2.0,2.0,0.1917852631483541,0.44572247861549386,0.3498298470413168,62.18814301855231,88.25096061002992,87.69521413270517,89.36245356467944,20.07783047549621,10.884105557582767,17.744615906253344,0.04106655715584358,0.14965666999238447,0.2400000000000091,0.1300000000000523,0.13999999999998636,1.0,21942.0,21942.0,2022-03-17,2022-03-17 12:55:00,3.489224453892401,116.0,1.0,best_within_2.0d,22057.0,329.15,0.8776978417266214,4.170000000000016,11.0,0.01220011702750151,3.660000000000025,24.0,0.010840268933447932,0.4929364202292669,5.6011759621451125,36.843533123028394,0.015614239272951093,2.82998018927445,22.52492113564669,0.007835530045022196,1.8630914826498424,0.00402220134195386,1.9444468750000041,16.553125,0.005470102952261012,1.0,1
21946.0,2022-03-17 13:20:00,340.82,341.47,340.69,341.36,324289.0,2,2,0.0,sell,False,0.9208633093525221,4.163492493946733,28.239017640954685,0.011578080659927173,0.03364065012263329,0.3833067905817282,0.4001271156430448,0.0011757143011240073,62.43109410643714,67.03858937578534,66.56228796109292,67.99119220517017,324289.0,3.840000000000032,1.0,4.170000000000016,11.0,0.01220011702750151,3.840000000000032,29.0,0.011373396913781452,2.0,2.0,0.03364065012263329,0.4001271156430448,0.3833067905817282,62.43109410643714,67.03858937578534,66.56228796109292,67.99119220517017,21.000840033602355,16.98067922716973,16.432329819287514,0.15844140602077944,0.22894713669319014,0.11000000000001364,0.12999999999999545,0.5400000000000205,1.0,21947.0,21947.0,2022-03-17,2022-03-17 13:20:00,3.5768689946098067,111.0,1.0,best_within_2.0d,22057.0,329.15,0.9208633093525221,4.170000000000016,11.0,0.01220011702750151,3.840000000000032,29.0,0.011373396913781452,0.4929364202292669,5.6011759621451125,36.843533123028394,0.015614239272951093,2.82998018927445,22.52492113564669,0.007835530045022196,1.8630914826498424,0.00402220134195386,1.9444468750000041,16.553125,0.005470102952261012,0.0,1
21947.0,2022-03-17 13:25:00,341.34,342.4,341.32,342.3,603362.0,1,1,0.0,sell,False,0.8878158821520109,4.769999999999982,30.0,0.014127891478837726,0.1802664820787172,0.40584010084156785,0.49597334188092645,0.001456718628539571,69.23605888642943,76.58894464132864,69.90450685450483,89.95782021497627,603362.0,4.769999999999982,2.0,4.769999999999982,30.0,0.014127891478837726,4.769999999999982,30.0,0.014127891478837726,1.0,1.0,0.1802664820787172,0.49597334188092645,0.40584010084156785,69.23605888642943,76.58894464132864,69.90450685450483,89.95782021497627,30.900495791537274,13.08659056843114,18.151308694768044,0.28124450694323444,0.31641861010195244,0.0999999999999659,0.01999999999998181,0.9600000000000364,1.0,21948.0,21948.0,2022-03-17,2022-03-17 13:25:00,3.8416593631317655,110.0,1.0,best_within_2.0d,22057.0,329.15,0.5832424107187206,4.3760036431226785,32.22527881040892,0.012230020343504162,2.285057100371749,15.890706319702602,0.006381710269403211,0.4929364202292669,5.6011759621451125,36.843533123028394,0.015614239272951093,2.82998018927445,22.52492113564669,0.007835530045022196,1.8630914826498424,0.00402220134195386,1.9444468750000041,16.553125,0.005470102952261012,0.0,1
21948.0,2022-03-17 13:30:00,342.3,342.53,342.18,342.36,822303.0,1,1,0.0,sell,False,0.8878158821520109,4.899999999999977,31.0,0.01451292835352302,0.26297703226306,0.43871222987445035,0.5702007460059804,0.001674043970763861,69.61439113160876,82.07970459081827,73.96290609994264,98.31330157256951,822303.0,4.899999999999977,2.0,4.899999999999977,31.0,0.01451292835352302,4.899999999999977,31.0,0.01451292835352302,1.0,1.0,0.26297703226306,0.5702007460059804,0.43871222987445035,69.61439113160876,82.07970459081827,73.96290609994264,98.31330157256951,25.561022440898007,13.620544821793306,19.031553217007815,0.01752848378615316,0.10228534689343792,0.16999999999995907,0.12000000000000455,0.060000000000002274,1.0,21949.0,21949.0,2022-03-17,2022-03-17 13:30:00,3.85851150835379,109.0,1.0,best_within_2.0d,22057.0,329.15,0.5832424107187206,4.3760036431226785,32.22527881040892,0.012230020343504162,2.285057100371749,15.890706319702602,0.006381710269403211,0.4929364202292669,5.6011759621451125,36.843533123028394,0.015614239272951093,2.82998018927445,22.52492113564669,0.007835530045022196,1.8630914826498424,0.00402220134195386,1.9444468750000041,16.553125,0.005470102952261012,0.0,1
21950.0,2022-03-17 13:40:00,342.35,343.08,342.32,342.9582,501036.0,1,1,0.0,sell,False,1.146729745198722,5.449999999999989,33.0,0.016141930515653196,0.3605442351371362,0.5196117135757229,0.699883831144291,0.002053029796786206,72.97339130991396,88.68662607664503,81.33682009551566,103.38623803890374,501036.0,5.449999999999989,2.0,5.449999999999989,33.0,0.016141930515653196,5.449999999999989,33.0,0.016141930515653196,1.0,1.0,0.3605442351371362,0.699883831144291,0.5196117135757229,72.97339130991396,88.68662607664503,81.33682009551566,103.38623803890374,32.16128645145804,13.260530421217023,21.06320575979668,0.1776544472031412,0.2220144893666718,0.12180000000000746,0.03000000000002956,0.6081999999999539,1.0,21951.0,21951.0,2022-03-17,2022-03-17 13:40:00,4.026204942759788,107.0,1.0,best_within_2.0d,22057.0,329.15,0.5832424107187206,4.3760036431226785,32.22527881040892,0.012230020343504162,2.285057100371749,15.890706319702602,0.006381710269403211,0.4929364202292669,5.6011759621451125,36.843533123028394,0.015614239272951093,2.82998018927445,22.52492113564669,0.007835530045022196,1.8630914826498424,0.00402220134195386,1.9444468750000041,16.553125,0.005470102952261012,0.0,1
21951.0,2022-03-17 13:45:00,342.964,343.3,342.88,343.245,478522.0,1,1,0.0,sell,False,1.320214668502485,5.670000000000016,34.0,0.016793531380505333,0.4150897714696007,0.5714979350094229,0.7790428207442233,0.0022840713280011136,74.57550961657715,91.88839253970946,84.85401091024693,105.95715579863452,478522.0,5.670000000000016,2.0,5.670000000000016,34.0,0.016793531380505333,5.670000000000016,34.0,0.016793531380505333,1.0,1.0,0.4150897714696007,0.7790428207442233,0.5714979350094229,74.57550961657715,91.88839253970946,84.85401091024693,105.95715579863452,34.36833372837187,13.095520265465895,22.760046511214785,0.08193279761141284,0.12249183387774613,0.05500000000000682,0.08400000000000318,0.2810000000000059,1.0,21952.0,21952.0,2022-03-17,2022-03-17 13:45:00,4.106396305845687,106.0,1.0,best_within_2.0d,22057.0,329.15,0.5832424107187206,4.3760036431226785,32.22527881040892,0.012230020343504162,2.285057100371749,15.890706319702602,0.006381710269403211,0.4929364202292669,5.6011759621451125,36.843533123028394,0.015614239272951093,2.82998018927445,22.52492113564669,0.007835530045022196,1.8630914826498424,0.00402220134195386,1.9444468750000041,16.553125,0.005470102952261012,0.0,1
21952.0,2022-03-17 13:50:00,343.255,343.66,343.18,343.55,459217.0,1,1,0.0,sell,False,1.4504159573240907,6.03000000000003,35.0,0.017859787341172377,0.4560264649569643,0.6285012431290434,0.8565144756075256,0.002509861719596573,76.19185429156617,93.5680531270315,87.75869164917512,105.1867760827443,459217.0,6.03000000000003,2.0,6.03000000000003,35.0,0.017859787341172377,6.03000000000003,35.0,0.017859787341172377,1.0,1.0,0.4560264649569643,0.8565144756075256,0.6285012431290434,76.19185429156617,93.5680531270315,87.75869164917512,105.1867760827443,38.865045302813954,11.683357176919579,24.97529925367518,0.08594193820920772,0.13986829069293613,0.11000000000001364,0.07499999999998863,0.2950000000000159,1.0,21953.0,21953.0,2022-03-17,2022-03-17 13:50:00,4.191529617231854,105.0,1.0,best_within_2.0d,22057.0,329.15,0.5832424107187206,4.3760036431226785,32.22527881040892,0.012230020343504162,2.285057100371749,15.890706319702602,0.006381710269403211,0.4929364202292669,5.6011759621451125,36.843533123028394,0.015614239272951093,2.82998018927445,22.52492113564669,0.007835530045022196,1.8630914826498424,0.00402220134195386,1.9444468750000041,16.553125,0.005470102952261012,0.0,1
21953.0,2022-03-17 13:55:00,343.5684,343.69,343.13,343.1579,491305.0,1,1,0.0,sell,False,1.4504159573240911,6.060000000000002,36.0,0.017948642004561213,0.39627346682583586,0.6780354264822729,0.8761721598951908,0.0025664075663397617,70.02822480927853,90.79883135523234,88.77207155119419,94.85235096330865,491305.0,6.060000000000002,2.0,6.060000000000002,36.0,0.017948642004561213,6.060000000000002,36.0,0.017948642004561213,1.0,1.0,0.39627346682583586,0.8761721598951908,0.6780354264822729,70.02822480927853,90.79883135523234,88.77207155119419,94.85235096330865,37.66388557806991,12.276519666269657,26.82244374953438,-0.11948130270421063,0.16320345058724164,0.12160000000000082,0.027899999999988268,0.4105000000000132,0.0,21954.0,21954.0,2022-03-17,2022-03-17 13:55:00,4.082056685858029,104.0,1.0,best_within_2.0d,22057.0,329.15,0.5832424107187206,4.3760036431226785,32.22527881040892,0.012230020343504162,2.285057100371749,15.890706319702602,0.006381710269403211,0.4929364202292669,5.6011759621451125,36.843533123028394,0.015614239272951093,2.82998018927445,22.52492113564669,0.007835530045022196,1.8630914826498424,0.00402220134195386,1.9444468750000041,16.553125,0.005470102952261012,1.0,1
21964.0,2022-03-17 14:50:00,342.8699,342.93,342.5,342.68,232106.0,2,2,0.0,sell,False,0.5957446808510677,4.163492493946733,28.239017640954685,0.011578080659927173,-0.197514648238462,0.5673682278662229,0.4686109037469919,0.0013698370350919886,57.59687929752621,52.28864859402081,46.50516890388933,63.8556079742838,232106.0,1.1200000000000045,1.0,1.8799999999999955,7.0,0.005470045680700618,1.1200000000000045,6.0,0.003276674175711666,2.0,2.0,-0.197514648238462,0.4686109037469919,0.5673682278662229,57.59687929752621,52.28864859402081,46.50516890388933,63.8556079742838,15.910604602975873,21.187005106194178,22.386245198210528,-0.055385439200106516,0.12554744525547645,0.060100000000034015,0.18000000000000682,0.18989999999996598,0.0,21965.0,21965.0,2022-03-17,2022-03-17 14:50:00,3.948289949807409,93.0,1.0,best_within_2.0d,22057.0,329.15,0.5957446808510677,1.8799999999999955,7.0,0.005470045680700618,1.1200000000000045,6.0,0.003276674175711666,0.4929364202292669,5.6011759621451125,36.843533123028394,0.015614239272951093,2.82998018927445,22.52492113564669,0.007835530045022196,1.8630914826498424,0.00402220134195386,1.9444468750000041,16.553125,0.005470102952261012,0.0,1
21965.0,2022-03-17 14:55:00,342.695,343.09,342.38,342.95,292131.0,2,2,0.0,sell,False,0.6808510638297743,4.163492493946733,28.239017640954685,0.011578080659927173,-0.163908076018761,0.5468797183638777,0.4649256803544972,0.0013588121251328128,60.212448166114974,64.54659906268083,52.51897895681982,88.60183927440283,292131.0,1.2799999999999727,1.0,1.8799999999999955,7.0,0.005470045680700618,1.2799999999999727,7.0,0.0037447704865275233,2.0,2.0,-0.163908076018761,0.4649256803544972,0.5468797183638777,60.212448166114974,64.54659906268083,52.51897895681982,88.60183927440283,14.646693181547832,20.455357355498098,21.969222973517873,0.07441018981893388,0.20737192593024695,0.13999999999998636,0.3149999999999977,0.25499999999999545,1.0,21966.0,21966.0,2022-03-17,2022-03-17 14:55:00,4.023910190989944,92.0,1.0,best_within_2.0d,22057.0,329.15,0.6808510638297743,1.8799999999999955,7.0,0.005470045680700618,1.2799999999999727,7.0,0.0037447704865275233,0.4929364202292669,5.6011759621451125,36.843533123028394,0.015614239272951093,2.82998018927445,22.52492113564669,0.007835530045022196,1.8630914826498424,0.00402220134195386,1.9444468750000041,16.553125,0.005470102952261012,0.0,1
21966.0,2022-03-17 15:00:00,342.935,343.39,342.76,343.33,332991.0,2,2,0.0,sell,False,0.8404255319148872,4.163492493946733,28.239017640954685,0.011578080659927173,-0.09572196693181123,0.5349144724974013,0.4870534890314957,0.0014231221139010544,63.614215441811766,75.09857659031036,60.04551150131667,105.20470676829774,332991.0,1.579999999999984,1.0,1.8799999999999955,7.0,0.005470045680700618,1.579999999999984,8.0,0.004622451069307463,2.0,2.0,-0.09572196693181123,0.4870534890314957,0.5349144724974013,63.614215441811766,75.09857659031036,60.04551150131667,105.20470676829774,13.687732515969305,20.096399073446072,21.75495402674361,0.11518217738054785,0.183802077255221,0.060000000000002274,0.17500000000001137,0.3949999999999818,1.0,21967.0,21967.0,2022-03-17,2022-03-17 15:00:00,4.130137185797922,91.0,1.0,best_within_2.0d,22057.0,329.15,0.8404255319148872,1.8799999999999955,7.0,0.005470045680700618,1.579999999999984,8.0,0.004622451069307463,0.4929364202292669,5.6011759621451125,36.843533123028394,0.015614239272951093,2.82998018927445,22.52492113564669,0.007835530045022196,1.8630914826498424,0.00402220134195386,1.9444468750000041,16.553125,0.005470102952261012,0.0,1
21967.0,2022-03-17 15:05:00,343.32,343.39,342.47,342.7,377838.0,2,2,0.0,sell,False,0.8404255319148872,4.163492493946733,28.239017640954685,0.011578080659927173,-0.13813001375028122,0.5176482207786162,0.44858321390347555,0.0013105861247524637,55.18949601970128,68.84208903489035,62.97770401250789,80.57085907965525,377838.0,1.579999999999984,1.0,1.8799999999999955,7.0,0.005470045680700618,1.579999999999984,9.0,0.004622451069307463,2.0,2.0,-0.13813001375028122,0.44858321390347555,0.5176482207786162,55.18949601970128,68.84208903489035,62.97770401250789,80.57085907965525,13.134556231617566,21.97849076090602,22.00010248332986,-0.18058953745776668,0.26863666890529364,0.06999999999999318,0.22999999999996135,0.6200000000000045,0.0,21968.0,21968.0,2022-03-17,2022-03-17 15:05:00,3.953895535453753,90.0,1.0,best_within_2.0d,22057.0,329.15,0.8404255319148872,1.8799999999999955,7.0,0.005470045680700618,1.579999999999984,9.0,0.004622451069307463,0.4929364202292669,5.6011759621451125,36.843533123028394,0.015614239272951093,2.82998018927445,22.52492113564669,0.007835530045022196,1.8630914826498424,0.00402220134195386,1.9444468750000041,16.553125,0.005470102952261012,0.0,1
21974.0,2022-03-17 15:40:00,342.985,344.04,342.98,343.955,748293.0,1p,1p,0.0,sell,False,0.03254413419757915,2.390000000000043,7.0,0.00699546319332663,0.01484098972762049,0.3468201150684659,0.35424060993227613,0.0010342621410307804,63.93619443729198,73.58699805423512,62.28543218528618,96.190129792133,748293.0,2.390000000000043,0.0,2.390000000000043,7.0,0.00699546319332663,2.390000000000043,0.0,0.0,1.0,1.0,0.01484098972762049,0.35424060993227613,0.3468201150684659,63.93619443729198,73.58699805423512,62.28543218528618,96.190129792133,20.830397532907014,11.56756425573665,22.29453305880773,0.28281120165604046,0.30905592162808393,0.08500000000003638,0.0049999999999954525,0.9699999999999704,1.0,21975.0,21975.0,2022-03-17,2022-03-17 15:40:00,4.304342137779654,83.0,1.0,best_within_2.0d,22057.0,329.15,0.5832424107187206,4.3760036431226785,32.22527881040892,0.012230020343504162,2.285057100371749,15.890706319702602,0.006381710269403211,0.4929364202292669,5.6011759621451125,36.843533123028394,0.015614239272951093,2.82998018927445,22.52492113564669,0.007835530045022196,1.8630914826498424,0.00402220134195386,1.9444468750000041,16.553125,0.005470102952261012,0.0,1
21975.0,2022-03-17 15:45:00,343.95,344.19,343.71,343.9001,835405.0,1p,1p,0.0,sell,False,0.22511468777037558,2.5400000000000205,8.0,0.007434509000439106,0.10265827778528391,0.3596523997916264,0.41098153868426834,0.0011995645933206489,63.28104758477906,78.5868700938997,67.71924482149069,100.32212063871773,835405.0,2.5400000000000205,0.0,2.5400000000000205,8.0,0.007434509000439106,2.5400000000000205,0.0,0.0,1.0,1.0,0.10265827778528391,0.41098153868426834,0.3596523997916264,63.28104758477906,78.5868700938997,67.71924482149069,100.32212063871773,21.00715106231051,11.723188690766063,22.728138167799244,-0.014507922663171866,0.1396526141223759,0.2400000000000091,0.19010000000002947,0.04989999999997963,0.0,21976.0,21976.0,2022-03-17,2022-03-17 15:45:00,4.289065341940881,82.0,1.0,best_within_2.0d,22057.0,329.15,0.5832424107187206,4.3760036431226785,32.22527881040892,0.012230020343504162,2.285057100371749,15.890706319702602,0.006381710269403211,0.4929364202292669,5.6011759621451125,36.843533123028394,0.015614239272951093,2.82998018927445,22.52492113564669,0.007835530045022196,1.8630914826498424,0.00402220134195386,1.9444468750000041,16.553125,0.005470102952261012,0.0,1
21977.0,2022-03-17 15:55:00,343.6,344.5,343.37,344.36,1844670.0,1p,1p,0.0,sell,False,0.42447694242038597,2.8500000000000227,10.0,0.008341870335138366,0.19357276195540374,0.3969621329297037,0.4937485139074056,0.0014403178742222206,65.00679016754955,83.4492507822089,75.1848214522361,99.97810944215453,1844670.0,2.8500000000000227,0.0,2.8500000000000227,10.0,0.008341870335138366,2.8500000000000227,0.0,0.0,1.0,1.0,0.19357276195540374,0.4937485139074056,0.3969621329297037,65.00679016754955,83.4492507822089,75.1848214522361,99.97810944215453,24.198453875199263,17.419798306983733,21.068165614935406,0.22118742724097523,0.3290910679441988,0.13999999999998636,0.2300000000000182,0.7599999999999909,1.0,21978.0,21978.0,2022-03-17,2022-03-17 15:55:00,4.416889301893378,80.0,1.0,best_within_2.0d,22057.0,329.15,0.5832424107187206,4.3760036431226785,32.22527881040892,0.012230020343504162,2.285057100371749,15.890706319702602,0.006381710269403211,0.4929364202292669,5.6011759621451125,36.843533123028394,0.015614239272951093,2.82998018927445,22.52492113564669,0.007835530045022196,1.8630914826498424,0.00402220134195386,1.9444468750000041,16.553125,0.005470102952261012,0.0,1
21978.0,2022-03-17 16:00:00,344.38,344.67,344.2,344.2,816022.0,1p,1p,0.0,sell,False,0.4634397127387032,3.0200000000000387,11.0,0.008839455583199294,0.2113408202648731,0.4233797354628129,0.5290501455952494,0.0015428315732003539,63.098328809829546,82.94052616249795,77.7700563556567,93.28146577618043,816022.0,3.0200000000000387,0.0,3.0200000000000387,11.0,0.008839455583199294,3.0200000000000387,0.0,0.0,1.0,1.0,0.2113408202648731,0.5290501455952494,0.4233797354628129,63.098328809829546,82.94052616249795,77.7700563556567,93.28146577618043,25.32715452950749,17.354433823322253,20.897548886602454,-0.05226784366107406,0.13654851830331996,0.29000000000002046,0.0,0.18000000000000682,0.0,21979.0,21979.0,2022-03-17,2022-03-17 16:00:00,4.372457873329464,79.0,1.0,best_within_2.0d,22057.0,329.15,0.5832424107187206,4.3760036431226785,32.22527881040892,0.012230020343504162,2.285057100371749,15.890706319702602,0.006381710269403211,0.4929364202292669,5.6011759621451125,36.843533123028394,0.015614239272951093,2.82998018927445,22.52492113564669,0.007835530045022196,1.8630914826498424,0.00402220134195386,1.9444468750000041,16.553125,0.005470102952261012,1.0,1
22025.0,2022-03-18 04:00:00,342.58,342.66,342.17,342.17,23379.0,2,2,0.0,sell,False,0.2795698924731268,4.163492493946733,28.239017640954685,0.011578080659927173,0.05085167224839571,-0.18819475108180778,-0.16276891495760992,-0.000475497342367736,45.512284972347416,32.969279499624506,39.39871421925923,20.11041006035505,23379.0,0.7800000000000296,1.0,2.7900000000000205,35.0,0.008094699277569908,0.7800000000000296,14.0,0.0022815022815023678,2.0,2.0,0.05085167224839571,-0.16276891495760992,-0.18819475108180778,45.512284972347416,32.969279499624506,39.39871421925923,20.11041006035505,24.482758620687704,12.758620689654679,47.34588891162081,-0.11968007472706176,0.14320367069001053,0.08000000000004093,0.0,0.40999999999996817,0.0,22026.0,22026.0,2022-03-18,2022-03-18 04:00:00,3.8051261069059352,32.0,1.0,best_within_2.0d,22057.0,329.15,0.2795698924731268,2.7900000000000205,35.0,0.008094699277569908,0.7800000000000296,14.0,0.0022815022815023678,0.4929364202292669,5.6011759621451125,36.843533123028394,0.015614239272951093,2.82998018927445,22.52492113564669,0.007835530045022196,1.8630914826498424,0.00402220134195386,1.9444468750000041,16.553125,0.005470102952261012,0.0,1
22029.0,2022-03-18 04:20:00,342.27,342.72,342.27,342.63,5449.0,2,2,0.0,sell,False,0.3010752688172135,4.163492493946733,28.239017640954685,0.011578080659927173,0.15957419159328723,-0.12579628589368191,-0.0460091900970383,-0.00013439106579306588,56.237058009940675,64.40465620295048,52.90183840863489,87.41029179158164,5449.0,0.8400000000000318,1.0,2.7900000000000205,35.0,0.008094699277569908,0.8400000000000318,18.0,0.00245700245700255,2.0,2.0,0.15957419159328723,-0.0460091900970383,-0.12579628589368191,56.237058009940675,64.40465620295048,52.90183840863489,87.41029179158164,35.988200589968436,9.144542772860694,48.47456616511282,0.10518012095714309,0.13147515119643718,0.09000000000003183,0.0,0.36000000000001364,1.0,22030.0,22030.0,2022-03-18,2022-03-18 04:20:00,3.9342731226104015,28.0,1.0,best_within_2.0d,22057.0,329.15,0.3010752688172135,2.7900000000000205,35.0,0.008094699277569908,0.8400000000000318,18.0,0.00245700245700255,0.4929364202292669,5.6011759621451125,36.843533123028394,0.015614239272951093,2.82998018927445,22.52492113564669,0.007835530045022196,1.8630914826498424,0.00402220134195386,1.9444468750000041,16.553125,0.005470102952261012,1.0,1
22042.0,2022-03-18 05:25:00,341.65,341.8,341.47,341.8,2000.0,1p,1p,1.0,buy,False,0.12308337815417572,1.25,14.0,0.0036472922502334263,-0.043467198204839574,-0.11412214360373574,-0.13585574270615552,-0.00039711596344167444,43.1885487998323,39.14322493682345,38.12885728158181,41.17196024730673,2000.0,1.25,0.0,1.25,14.0,0.0036472922502334263,1.25,0.0,0.0,1.0,1.0,-0.043467198204839574,-0.13585574270615552,-0.11412214360373574,43.1885487998323,39.14322493682345,38.12885728158181,41.17196024730673,11.93058568329739,34.49023861171302,32.1407162001032,0.04390458071126419,0.09664099335226639,0.0,0.17999999999994998,0.1500000000000341,1.0,22043.0,22043.0,2022-03-18,2022-03-18 05:25:00,3.1304856641310677,174.0,1.0,best_within_2.0d,22216.0,352.5,0.5832424107187206,4.3760036431226785,32.22527881040892,0.012230020343504162,2.285057100371749,15.890706319702602,0.006381710269403211,0.4929364202292669,5.6011759621451125,36.843533123028394,0.015614239272951093,2.82998018927445,22.52492113564669,0.007835530045022196,1.8630914826498424,0.00402220134195386,1.9444468750000041,16.553125,0.005470102952261012,1.0,0
22057.0,2022-03-18 06:40:00,337.89,338.16,336.33,336.74,1454512.0,1,1,0.0,sell,False,0.800840269535561,6.150000000000034,15.0,0.01852353844763722,0.6659560728111307,0.7093839731867303,1.0423620095922956,0.0031107639610176794,64.09289282872703,82.69851267126148,85.35710694810669,77.38132411757107,1454512.0,6.150000000000034,1.0,6.150000000000034,15.0,0.01852353844763722,6.150000000000034,15.0,0.01852353844763722,1.0,1.0,0.6659560728111307,1.0423620095922956,0.7093839731867303,64.09289282872703,82.69851267126148,85.35710694810669,77.38132411757107,39.20436316971446,7.53930060956053,59.47224937931927,-0.34034745035365865,0.5441084649005563,0.27000000000003865,0.410000000000025,1.1499999999999773,0.0,22058.0,22058.0,2022-03-18,2022-03-18 06:40:00,7.094030077472284,159.0,1.0,best_within_2.0d,22216.0,352.5,0.5832424107187206,4.3760036431226785,32.22527881040892,0.012230020343504162,2.285057100371749,15.890706319702602,0.006381710269403211,0.4929364202292669,5.6011759621451125,36.843533123028394,0.015614239272951093,2.82998018927445,22.52492113564669,0.007835530045022196,1.8630914826498424,0.00402220134195386,1.9444468750000041,16.553125,0.005470102952261012,0.0,1
22057.0,2022-03-18 06:40:00,334.91,335.48,334.84,335.28,660871.0,2,2,0.0,sell,False,0.4451345755693615,4.163492493946733,28.239017640954685,0.011578080659927173,0.2290415892444978,-0.4532587014678005,-0.3387379068455516,-0.0010108212028323974,52.06090631505883,78.7473620283635,63.66012701601001,108.92183205307046,660871.0,2.150000000000034,1.0,4.830000000000041,31.0,0.01428317955997173,2.150000000000034,10.0,0.006450064500645109,2.0,2.0,0.2290415892444978,-0.3387379068455516,-0.4532587014678005,52.06090631505883,78.7473620283635,63.66012701601001,108.92183205307046,24.895527696275042,17.804747932782256,43.6358588107713,0.1104774417007398,0.19113606498627503,0.20000000000004547,0.07000000000005002,0.3699999999999477,1.0,22058.0,22058.0,2022-03-18,2022-03-18 06:40:00,7.094030077472284,159.0,1.0,best_within_2.0d,22216.0,352.5,0.4451345755693615,4.830000000000041,31.0,0.01428317955997173,2.150000000000034,10.0,0.006450064500645109,0.4929364202292669,5.6011759621451125,36.843533123028394,0.015614239272951093,2.82998018927445,22.52492113564669,0.007835530045022196,1.8630914826498424,0.00402220134195386,1.9444468750000041,16.553125,0.005470102952261012,0.0,1
22057.0,2022-03-18 06:40:00,330.03,330.04,328.401,329.15,2027811.0,1p,1p,1.0,buy,False,1.2404562350548431,7.079000000000008,8.0,0.021101108858948395,-0.9073956241996255,-1.0116919712456025,-1.4653897833454153,-0.0043979509912800375,26.60444058673974,13.71665317584365,22.267213394271725,-3.384467261012496,2027811.0,7.079000000000008,0.0,7.079000000000008,8.0,0.021101108858948395,7.079000000000008,0.0,0.0,1.0,1.0,-0.9073956241996255,-1.4653897833454153,-1.0116919712456025,26.60444058673974,13.71665317584365,22.267213394271725,-3.384467261012496,11.794298490777374,39.41307993292338,44.70623250610823,-0.26664242644607933,0.49908496015542275,0.010000000000047748,0.7489999999999668,0.8799999999999955,0.0,22058.0,22058.0,2022-03-18,2022-03-18 06:40:00,7.094030077472284,159.0,1.0,best_within_2.0d,22216.0,352.5,0.5832424107187206,4.3760036431226785,32.22527881040892,0.012230020343504162,2.285057100371749,15.890706319702602,0.006381710269403211,0.4929364202292669,5.6011759621451125,36.843533123028394,0.015614239272951093,2.82998018927445,22.52492113564669,0.007835530045022196,1.8630914826498424,0.00402220134195386,1.9444468750000041,16.553125,0.005470102952261012,0.0,0
22059.0,2022-03-18 06:50:00,341.49,341.5,341.4,341.45,19460.0,1p,1p,1.0,buy,False,0.24212645496082935,1.32000000000005,31.0,0.003851540616246644,-0.09062512744449641,-0.07698711822000373,-0.12229968194225194,-0.00035766334232663555,38.748507703613605,14.327044131173048,24.225225106865413,-5.469317820211678,19460.0,1.32000000000005,0.0,1.32000000000005,31.0,0.003851540616246644,1.32000000000005,0.0,0.0,1.0,1.0,-0.09062512744449641,-0.12229968194225194,-0.07698711822000373,38.748507703613605,14.327044131173048,24.225225106865413,-5.469317820211678,26.027397260271574,41.09589041095829,23.86018802097077,-0.011713373744478743,0.029291154071477078,0.009999999999990905,0.05000000000001137,0.040000000000020464,0.0,22060.0,22060.0,2022-03-18,2022-03-18 06:50:00,3.2361985649436265,157.0,1.0,best_within_2.0d,22216.0,352.5,0.5832424107187206,4.3760036431226785,32.22527881040892,0.012230020343504162,2.285057100371749,15.890706319702602,0.006381710269403211,0.4929364202292669,5.6011759621451125,36.843533123028394,0.015614239272951093,2.82998018927445,22.52492113564669,0.007835530045022196,1.8630914826498424,0.00402220134195386,1.9444468750000041,16.553125,0.005470102952261012,0.0,0
22062.0,2022-03-18 07:05:00,341.59,341.59,341.14,341.37,24677.0,1p,1p,1.0,buy,False,0.24212645496082935,1.580000000000041,34.0,0.00461017740429517,-0.0817896184602466,-0.10262558811096882,-0.14352039734109212,-0.00041981067726029326,39.02869612616694,28.10162721500106,26.56915423079134,31.166573183420496,24677.0,1.580000000000041,0.0,1.580000000000041,34.0,0.00461017740429517,1.580000000000041,0.0,0.0,1.0,1.0,-0.0817896184602466,-0.14352039734109212,-0.10262558811096882,39.02869612616694,28.10162721500106,26.56915423079134,31.166573183420496,18.435754189943037,44.692737430167725,24.73298700978638,-0.06440469568780423,0.13191065251802445,0.0,0.2300000000000182,0.21999999999997044,0.0,22063.0,22063.0,2022-03-18,2022-03-18 07:05:00,3.2603919500834855,154.0,1.0,best_within_2.0d,22216.0,352.5,0.5832424107187206,4.3760036431226785,32.22527881040892,0.012230020343504162,2.285057100371749,15.890706319702602,0.006381710269403211,0.4929364202292669,5.6011759621451125,36.843533123028394,0.015614239272951093,2.82998018927445,22.52492113564669,0.007835530045022196,1.8630914826498424,0.00402220134195386,1.9444468750000041,16.553125,0.005470102952261012,0.0,0
22063.0,2022-03-18 07:10:00,341.26,341.42,341.1,341.37,9990.0,1p,1p,1.0,buy,False,0.2507063118125936,1.6200000000000045,35.0,0.004726890756302534,-0.0938364684802063,-0.11435514667099463,-0.16127338091109777,-0.00047179087037854347,39.02869612616695,29.71002789943095,27.616112120337874,33.8978594576171,9990.0,1.6200000000000045,0.0,1.6200000000000045,35.0,0.004726890756302534,1.6200000000000045,0.0,0.0,1.0,1.0,-0.0938364684802063,-0.16127338091109777,-0.11435514667099463,39.02869612616695,29.71002789943095,27.616112120337874,33.8978594576171,17.277486910993705,41.09947643978986,25.88114328679408,0.03223348766336918,0.09381413075344273,0.05000000000001137,0.15999999999996817,0.11000000000001364,1.0,22064.0,22064.0,2022-03-18,2022-03-18 07:10:00,3.2603919500834855,153.0,1.0,best_within_2.0d,22216.0,352.5,0.5832424107187206,4.3760036431226785,32.22527881040892,0.012230020343504162,2.285057100371749,15.890706319702602,0.006381710269403211,0.4929364202292669,5.6011759621451125,36.843533123028394,0.015614239272951093,2.82998018927445,22.52492113564669,0.007835530045022196,1.8630914826498424,0.00402220134195386,1.9444468750000041,16.553125,0.005470102952261012,0.0,0
22066.0,2022-03-18 07:25:00,341.51,341.51,341.0,341.37,35121.0,1p,1p,1.0,buy,False,0.2507063118125936,1.7200000000000273,38.0,0.0050186741363212745,-0.05115109297345455,-0.1324241642557174,-0.15799971074244468,-0.0004622978463321162,40.954949483581615,48.08508562233505,41.67668565048955,60.90188556602605,35121.0,1.7200000000000273,0.0,1.7200000000000273,38.0,0.0050186741363212745,1.7200000000000273,0.0,0.0,1.0,1.0,-0.05115109297345455,-0.15799971074244468,-0.1324241642557174,40.954949483581615,48.08508562233505,41.67668565048955,60.90188556602605,17.073170731706945,40.9756097560975,28.258605925739428,-0.04099440719158629,0.14956011730205013,0.0,0.37000000000000455,0.13999999999998636,0.0,22067.0,22067.0,2022-03-18,2022-03-18 07:25:00,3.2603919500834855,150.0,1.0,best_within_2.0d,22216.0,352.5,0.5832424107187206,4.3760036431226785,32.22527881040892,0.012230020343504162,2.285057100371749,15.890706319702602,0.006381710269403211,0.4929364202292669,5.6011759621451125,36.843533123028394,0.015614239272951093,2.82998018927445,22.52492113564669,0.007835530045022196,1.8630914826498424,0.00402220134195386,1.9444468750000041,16.553125,0.005470102952261012,1.0,0
22073.0,2022-03-18 08:00:00,341.52,344.18,341.0,341.22,80331.0,1p,1p,1.0,buy,False,0.2507063118125934,1.7200000000000273,45.0,0.0050186741363212745,-0.027592974304692264,-0.1319228112970752,-0.14571929844942133,-0.0004265198072062806,39.35113162944629,43.466355173764434,57.38661568312416,15.62583415504497,80331.0,1.7200000000000273,0.0,1.7200000000000273,45.0,0.0050186741363212745,1.7200000000000273,0.0,0.0,1.0,1.0,-0.027592974304692264,-0.14571929844942133,-0.1319228112970752,39.35113162944629,43.466355173764434,57.38661568312416,15.62583415504497,46.334716459197985,16.044260027662823,29.534963162750664,-0.08784258608572106,0.9325513196480959,2.660000000000025,0.22000000000002728,0.2999999999999545,0.0,22074.0,22074.0,2022-03-18,2022-03-18 08:00:00,3.305785123966934,143.0,1.0,best_within_2.0d,22216.0,352.5,0.5832424107187206,4.3760036431226785,32.22527881040892,0.012230020343504162,2.285057100371749,15.890706319702602,0.006381710269403211,0.4929364202292669,5.6011759621451125,36.843533123028394,0.015614239272951093,2.82998018927445,22.52492113564669,0.007835530045022196,1.8630914826498424,0.00402220134195386,1.9444468750000041,16.553125,0.005470102952261012,1.0,0
22080.0,2022-03-18 08:35:00,341.75,342.06,341.72,342.04,40561.0,2s,2s,0.0,sell,False,0.06451612903226003,4.163492493946733,28.239017640954685,0.011578080659927173,0.14649986667895587,-0.07981093962866714,-0.0065610062891892085,-1.9202699385004205e-05,58.55593759011951,26.74674897262131,27.090121856543274,26.060003204777395,40561.0,1.0600000000000023,1.0,2.7900000000000205,35.0,0.008094699277569908,1.0600000000000023,8.0,0.003108504398826986,1.0,2.5,0.14649986667895587,-0.0065610062891892085,-0.07981093962866714,58.55593759011951,26.74674897262131,27.090121856543274,26.060003204777395,52.71317829457427,3.565891472868506,43.15779466692923,0.08485735186540468,0.09949666393537836,0.01999999999998181,0.029999999999972715,0.29000000000002046,1.0,22081.0,22081.0,2022-03-18,2022-03-18 08:35:00,-1.0554321132031215,25.0,1.0,best_within_2.0d,22105.0,345.65,0.5832424107187206,4.3760036431226785,32.22527881040892,0.012230020343504162,2.285057100371749,15.890706319702602,0.006381710269403211,0.06451612903226003,2.7900000000000205,35.0,0.008094699277569908,1.0600000000000023,8.0,0.003108504398826986,1.0,0.00402220134195386,1.9444468750000041,16.553125,0.005470102952261012,0.0,1
22081.0,2022-03-18 08:40:00,342.02,342.18,341.94,342.15,43151.0,2s,2s,0.0,sell,False,0.1075268817204334,4.163492493946733,28.239017640954685,0.011578080659927173,0.1799469971391014,-0.05731756498627947,0.032655933583271235,9.556719501565188e-05,60.590644115117684,29.88567331927348,28.021972344120005,33.61307526958043,43151.0,1.1800000000000068,1.0,2.7900000000000205,35.0,0.008094699277569908,1.1800000000000068,9.0,0.0034604105571847707,1.0,2.5,0.1799469971391014,0.032655933583271235,-0.05731756498627947,60.590644115117684,29.88567331927348,28.021972344120005,33.61307526958043,53.85802469135849,3.5493827160496845,46.33469566230212,0.03800947313022497,0.07018775223723726,0.03000000000002956,0.07999999999998408,0.12999999999999545,1.0,22082.0,22082.0,2022-03-18,2022-03-18 08:40:00,-1.022943153587608,24.0,1.0,best_within_2.0d,22105.0,345.65,0.5832424107187206,4.3760036431226785,32.22527881040892,0.012230020343504162,2.285057100371749,15.890706319702602,0.006381710269403211,0.1075268817204334,2.7900000000000205,35.0,0.008094699277569908,1.1800000000000068,9.0,0.0034604105571847707,1.0,0.00402220134195386,1.9444468750000041,16.553125,0.005470102952261012,1.0,1
22090.0,2022-03-18 09:25:00,341.55,342.99,341.55,342.8,1117538.0,2s,2s,0.0,sell,False,0.3978494623655934,4.163492493946733,28.239017640954685,0.011578080659927173,0.13616245259391055,-0.0077245550075999815,0.06035667128935529,0.00017662037121556306,66.93214054043523,60.1214539937299,49.26231965082529,81.83972267953911,1117538.0,1.990000000000009,1.0,2.7900000000000205,35.0,0.008094699277569908,1.990000000000009,18.0,0.005835777126099733,1.0,2.5,0.13616245259391055,0.06035667128935529,-0.0077245550075999815,66.93214054043523,60.1214539937299,49.26231965082529,81.83972267953911,40.88657249673043,21.9156890550477,41.733086726192006,0.36597862684819205,0.42160737812911664,0.18999999999999773,0.0,1.25,1.0,22091.0,22091.0,2022-03-18,2022-03-18 09:25:00,-0.8313885647607835,15.0,1.0,best_within_2.0d,22105.0,345.65,0.5832424107187206,4.3760036431226785,32.22527881040892,0.012230020343504162,2.285057100371749,15.890706319702602,0.006381710269403211,0.3978494623655934,2.7900000000000205,35.0,0.008094699277569908,1.990000000000009,18.0,0.005835777126099733,1.0,0.00402220134195386,1.9444468750000041,16.553125,0.005470102952261012,0.0,1
22091.0,2022-03-18 09:30:00,342.74,343.2385,341.55,341.94,1761444.0,2s,2s,0.0,sell,False,0.486917562724008,4.163492493946733,28.239017640954685,0.011578080659927173,0.12073772469075485,0.007367660578744375,0.0677365229241218,0.00019820688956989223,52.59955447480956,53.99167159525166,50.838770298967404,60.29747418782017,1761444.0,2.2384999999999877,1.0,2.7900000000000205,35.0,0.008094699277569908,2.2384999999999877,19.0,0.006564516129032222,1.0,2.5,0.12073772469075485,0.0677365229241218,0.007367660578744375,52.59955447480956,53.99167159525166,50.838770298967404,60.29747418782017,34.505956967577106,17.63380949558479,41.06354204212962,-0.23341308280329445,0.4943639291465309,0.4984999999999786,0.38999999999998636,0.8000000000000114,0.0,22092.0,22092.0,2022-03-18,2022-03-18 09:30:00,-1.0849856700005789,14.0,1.0,best_within_2.0d,22105.0,345.65,0.5832424107187206,4.3760036431226785,32.22527881040892,0.012230020343504162,2.285057100371749,15.890706319702602,0.006381710269403211,0.486917562724008,2.7900000000000205,35.0,0.008094699277569908,2.2384999999999877,19.0,0.006564516129032222,1.0,0.00402220134195386,1.9444468750000041,16.553125,0.005470102952261012,0.0,1
22092.0,2022-03-18 09:35:00,341.97,343.54,341.73,342.97,1088853.0,2s,2s,0.0,sell,False,0.5949820788530512,4.163492493946733,28.239017640954685,0.011578080659927173,0.23607058138373935,0.03687648325171179,0.15491177394358147,0.000453174142948592,62.857945028019984,60.73049599562805,54.136012197854285,73.91946359117557,1088853.0,2.5400000000000205,1.0,2.7900000000000205,35.0,0.008094699277569908,2.5400000000000205,20.0,0.007448680351906219,1.0,2.5,0.23607058138373935,0.15491177394358147,0.03687648325171179,62.857945028019984,60.73049599562805,54.136012197854285,73.91946359117557,29.538686902646344,14.288458767590992,40.61588239272698,0.29242331198643157,0.5296579170690318,0.5699999999999932,0.2400000000000091,1.0,1.0,22093.0,22093.0,2022-03-18,2022-03-18 09:35:00,-0.7814094527217978,13.0,1.0,best_within_2.0d,22105.0,345.65,0.5832424107187206,4.3760036431226785,32.22527881040892,0.012230020343504162,2.285057100371749,15.890706319702602,0.006381710269403211,0.5949820788530512,2.7900000000000205,35.0,0.008094699277569908,2.5400000000000205,20.0,0.007448680351906219,1.0,0.00402220134195386,1.9444468750000041,16.553125,0.005470102952261012,0.0,1
22094.0,2022-03-18 09:45:00,343.25,344.3,343.07,344.181,582025.0,2s,2s,0.0,sell,False,0.8673835125448022,4.163492493946733,28.239017640954685,0.011578080659927173,0.4891671430810017,0.13908444677353934,0.3836680183140402,0.0011214876291518062,71.22058325372804,78.07548388776453,65.44635804314171,103.33373557701017,582025.0,3.3000000000000114,1.0,2.7900000000000205,35.0,0.008094699277569908,3.3000000000000114,22.0,0.009677419354838743,1.0,2.5,0.4891671430810017,0.3836680183140402,0.13908444677353934,71.22058325372804,78.07548388776453,65.44635804314171,103.33373557701017,29.642534647245682,11.679949746771241,40.43370399197115,0.2712308812818596,0.3585274142303373,0.1190000000000282,0.18000000000000682,0.9309999999999832,1.0,22095.0,22095.0,2022-03-18,2022-03-18 09:45:00,-0.4268103120160596,11.0,1.0,best_within_2.0d,22105.0,345.65,0.5832424107187206,4.3760036431226785,32.22527881040892,0.012230020343504162,2.285057100371749,15.890706319702602,0.006381710269403211,0.8673835125448022,2.7900000000000205,35.0,0.008094699277569908,3.3000000000000114,22.0,0.009677419354838743,1.0,0.00402220134195386,1.9444468750000041,16.553125,0.005470102952261012,0.0,1
22095.0,2022-03-18 09:50:00,344.21,344.5315,343.77,343.89,731688.0,2s,2s,0.0,sell,False,0.9503584229390606,4.163492493946733,28.239017640954685,0.011578080659927173,0.524551505659858,0.20465338498102162,0.4669291378109506,0.0013643386101731562,67.24169854753498,78.68356714769446,69.85876107799263,96.33317928709812,731688.0,3.531499999999994,1.0,2.7900000000000205,35.0,0.008094699277569908,3.531499999999994,23.0,0.010356304985337225,1.0,2.5,0.524551505659858,0.4669291378109506,0.20465338498102162,67.24169854753498,78.68356714769446,69.85876107799263,96.33317928709812,29.24023566980044,11.111214857281967,40.75471117231918,-0.09296650300688336,0.22151438461762582,0.32150000000001455,0.12000000000000455,0.3199999999999932,0.0,22096.0,22096.0,2022-03-18,2022-03-18 09:50:00,-0.5117915612550499,10.0,1.0,best_within_2.0d,22105.0,345.65,0.5832424107187206,4.3760036431226785,32.22527881040892,0.012230020343504162,2.285057100371749,15.890706319702602,0.006381710269403211,0.9503584229390606,2.7900000000000205,35.0,0.008094699277569908,3.531499999999994,23.0,0.010356304985337225,1.0,0.00402220134195386,1.9444468750000041,16.553125,0.005470102952261012,0.0,1
22105.0,2022-03-18 10:40:00,345.3,345.96,344.895,345.65,807623.0,2,2,1.0,buy,False,0.399845916795073,4.163492493946733,28.239017640954685,0.011578080659927173,0.09755916298105216,1.0554916730990223,1.1042712545895483,0.0032073070557252577,62.05832607280383,52.02957288126416,68.00759196387449,20.073534716043497,807623.0,2.5950000000000273,1.0,6.490000000000009,27.0,0.019032258064516156,2.5950000000000273,7.0,0.007467840801174213,2.0,2.0,0.09755916298105216,1.1042712545895483,1.0554916730990223,62.05832607280383,52.02957288126416,68.00759196387449,20.073534716043497,29.628749023470764,10.767297306477555,59.62805924062791,0.10136113524470486,0.3087896316270163,0.3100000000000023,0.40500000000002956,0.3499999999999659,1.0,22106.0,22106.0,2022-03-18,2022-03-18 10:40:00,1.981773470273405,111.0,1.0,best_within_2.0d,22216.0,352.5,0.399845916795073,6.490000000000009,27.0,0.019032258064516156,2.5950000000000273,7.0,0.007467840801174213,0.4929364202292669,5.6011759621451125,36.843533123028394,0.015614239272951093,2.82998018927445,22.52492113564669,0.007835530045022196,1.8630914826498424,0.00402220134195386,1.9444468750000041,16.553125,0.005470102952261012,1.0,0
22110.0,2022-03-18 11:05:00,347.36,347.748,347.1279,347.47,580427.0,1p,1p,0.0,sell,False,0.11089784879318133,2.8530000000000086,6.0,0.008272082807811098,0.11310471550908607,1.0557413271472857,1.1122936849018288,0.003223558851215775,71.94854401917641,75.90645746828345,64.49332675071358,98.73271890342318,580427.0,2.8530000000000086,0.0,2.8530000000000086,6.0,0.008272082807811098,2.8530000000000086,0.0,0.0,1.0,1.0,0.11310471550908607,1.1122936849018288,1.0557413271472857,71.94854401917641,75.90645746828345,64.49332675071358,98.73271890342318,35.42565618518634,15.893071415516886,53.48865789240144,0.031667434362049066,0.17863732647245567,0.27799999999996317,0.23210000000000264,0.11000000000001364,1.0,22111.0,22111.0,2022-03-18,2022-03-18 11:05:00,2.0540172048918044,173.78554736652885,0.0,,14281.267661333814,366.3529484630595,0.5832424107187206,4.3760036431226785,32.22527881040892,0.012230020343504162,2.285057100371749,15.890706319702602,0.006381710269403211,0.4929364202292669,5.6011759621451125,36.843533123028394,0.015614239272951093,2.82998018927445,22.52492113564669,0.007835530045022196,1.8630914826498424,0.00402220134195386,1.9444468750000041,16.553125,0.005470102952261012,0.0,1
22111.0,2022-03-18 11:10:00,347.48,347.9099,347.23,347.39,566031.0,1p,1p,0.0,sell,False,0.11292170445387364,3.0149000000000115,7.0,0.008741501036547389,0.11516884588875609,1.0701374328833801,1.1277218558277582,0.003266631579770349,70.9451292041214,78.18952063001039,69.05872471047917,96.45111246907283,566031.0,3.0149000000000115,0.0,3.0149000000000115,7.0,0.008741501036547389,3.0149000000000115,0.0,0.0,1.0,1.0,0.11516884588875609,1.1277218558277582,1.0701374328833801,70.9451292041214,78.18952063001039,69.05872471047917,96.45111246907283,29.989170276574967,16.66111296234641,51.708764688547504,-0.02590077126742023,0.19580681392736085,0.4298999999999751,0.15999999999996817,0.09000000000003183,0.0,22112.0,22112.0,2022-03-18,2022-03-18 11:10:00,2.0540172048918044,173.78554736652885,0.0,,14281.267661333814,366.3529484630595,0.5832424107187206,4.3760036431226785,32.22527881040892,0.012230020343504162,2.285057100371749,15.890706319702602,0.006381710269403211,0.4929364202292669,5.6011759621451125,36.843533123028394,0.015614239272951093,2.82998018927445,22.52492113564669,0.007835530045022196,1.8630914826498424,0.00402220134195386,1.9444468750000041,16.553125,0.005470102952261012,1.0,1
22116.0,2022-03-18 11:35:00,347.68,348.24,347.4499,347.87,918670.0,1p,1p,0.0,sell,False,0.11292170445387364,3.3450000000000273,12.0,0.009698603922933147,-0.02657798632198549,1.0734350840688283,1.0601460909078355,0.0030644891244379466,70.53606880190519,82.66821314459673,79.11922496645465,89.7661895008809,918670.0,3.3450000000000273,0.0,3.3450000000000273,12.0,0.009698603922933147,3.3450000000000273,0.0,0.0,1.0,1.0,-0.02657798632198549,1.0601460909078355,1.0734350840688283,70.53606880190519,82.66821314459673,79.11922496645465,89.7661895008809,27.225739759659135,19.72692423655109,38.93203775571,0.05464795213989811,0.22739969129362114,0.37000000000000455,0.2300999999999931,0.18999999999999773,1.0,22117.0,22117.0,2022-03-18,2022-03-18 11:35:00,2.0540172048918044,173.78554736652885,0.0,,14281.267661333814,366.3529484630595,0.5832424107187206,4.3760036431226785,32.22527881040892,0.012230020343504162,2.285057100371749,15.890706319702602,0.006381710269403211,0.4929364202292669,5.6011759621451125,36.843533123028394,0.015614239272951093,2.82998018927445,22.52492113564669,0.007835530045022196,1.8630914826498424,0.00402220134195386,1.9444468750000041,16.553125,0.005470102952261012,1.0,1
22127.0,2022-03-18 12:30:00,348.17,348.41,348.01,348.32,398998.0,1p,1p,0.0,sell,False,0.11292170445387364,3.515000000000043,23.0,0.010191507560272093,-0.08854596836738637,0.7606881477194075,0.7164151635357143,0.0020651533925654924,67.17490356846972,82.54171054717149,68.259800514223,111.10553061306848,398998.0,3.515000000000043,0.0,3.515000000000043,23.0,0.010191507560272093,3.515000000000043,0.0,0.0,1.0,1.0,-0.08854596836738637,0.7164151635357143,0.7606881477194075,67.17490356846972,82.54171054717149,68.259800514223,111.10553061306848,21.45969988318773,12.129346751729704,28.535868418454033,0.04308240227474431,0.11493922588432348,0.09000000000003183,0.160000000000025,0.14999999999997726,1.0,22128.0,22128.0,2022-03-18,2022-03-18 12:30:00,2.0540172048918044,173.78554736652885,0.0,,14281.267661333814,366.3529484630595,0.5832424107187206,4.3760036431226785,32.22527881040892,0.012230020343504162,2.285057100371749,15.890706319702602,0.006381710269403211,0.4929364202292669,5.6011759621451125,36.843533123028394,0.015614239272951093,2.82998018927445,22.52492113564669,0.007835530045022196,1.8630914826498424,0.00402220134195386,1.9444468750000041,16.553125,0.005470102952261012,0.0,1
22128.0,2022-03-18 12:35:00,348.32,348.75,348.31,348.71,475638.0,1p,1p,0.0,sell,False,0.11292170445387364,3.855000000000018,24.0,0.01117731483494982,-0.01699654951699059,0.7585635790297837,0.7500653042712884,0.0021613216829843144,69.91904731595972,87.71073386071562,74.74344496305386,113.64531165603915,475638.0,3.855000000000018,0.0,3.855000000000018,24.0,0.01117731483494982,3.855000000000018,0.0,0.0,1.0,1.0,-0.01699654951699059,0.7500653042712884,0.7585635790297837,69.91904731595972,87.71073386071562,74.74344496305386,113.64531165603915,26.12784137082288,9.286261580255275,29.89445912699123,0.11196600826825515,0.1263242513852596,0.040000000000020464,0.009999999999990905,0.38999999999998636,1.0,22129.0,22129.0,2022-03-18,2022-03-18 12:35:00,2.0540172048918044,173.78554736652885,0.0,,14281.267661333814,366.3529484630595,0.5832424107187206,4.3760036431226785,32.22527881040892,0.012230020343504162,2.285057100371749,15.890706319702602,0.006381710269403211,0.4929364202292669,5.6011759621451125,36.843533123028394,0.015614239272951093,2.82998018927445,22.52492113564669,0.007835530045022196,1.8630914826498424,0.00402220134195386,1.9444468750000041,16.553125,0.005470102952261012,0.0,1
22129.0,2022-03-18 12:40:00,348.74,348.97,348.72,348.935,514322.0,1p,1p,0.0,sell,False,0.11292170445387364,4.0750000000000455,25.0,0.011815190130329653,0.04362681729908102,0.7640169311921687,0.7858303398417092,0.0022634635664713233,71.40431244384231,91.2208912505269,80.2359270588782,113.1908196338243,514322.0,4.0750000000000455,0.0,4.0750000000000455,25.0,0.011815190130329653,4.0750000000000455,0.0,0.0,1.0,1.0,0.04362681729908102,0.7858303398417092,0.7640169311921687,71.40431244384231,91.2208912505269,80.2359270588782,113.1908196338243,25.1423500702505,9.858512657448085,30.878214227152036,0.055915581808795425,0.07169075476026611,0.03500000000002501,0.01999999999998181,0.19499999999999318,1.0,22130.0,22130.0,2022-03-18,2022-03-18 12:40:00,2.0540172048918044,173.78554736652885,0.0,,14281.267661333814,366.3529484630595,0.5832424107187206,4.3760036431226785,32.22527881040892,0.012230020343504162,2.285057100371749,15.890706319702602,0.006381710269403211,0.4929364202292669,5.6011759621451125,36.843533123028394,0.015614239272951093,2.82998018927445,22.52492113564669,0.007835530045022196,1.8630914826498424,0.00402220134195386,1.9444468750000041,16.553125,0.005470102952261012,0.0,1
22130.0,2022-03-18 12:45:00,348.93,349.0,348.42,348.5,441981.0,1p,1p,0.0,sell,False,0.11292170445387364,4.105000000000018,26.0,0.011902173125154085,0.009885218728012735,0.7652525835331703,0.7701951928971766,0.002217804540216937,64.74804893598402,85.68659447160191,82.05281619645277,92.9541510219002,441981.0,4.105000000000018,0.0,4.105000000000018,26.0,0.011902173125154085,4.105000000000018,0.0,0.0,1.0,1.0,0.009885218728012735,0.7701951928971766,0.7652525835331703,64.74804893598402,85.68659447160191,82.05281619645277,92.9541510219002,20.4967293799104,13.916267064792818,30.03848653557629,-0.12323388645287216,0.16646575971528157,0.06999999999999318,0.07999999999998408,0.4300000000000068,0.0,22131.0,22131.0,2022-03-18,2022-03-18 12:45:00,2.0540172048918044,173.78554736652885,0.0,,14281.267661333814,366.3529484630595,0.5832424107187206,4.3760036431226785,32.22527881040892,0.012230020343504162,2.285057100371749,15.890706319702602,0.006381710269403211,0.4929364202292669,5.6011759621451125,36.843533123028394,0.015614239272951093,2.82998018927445,22.52492113564669,0.007835530045022196,1.8630914826498424,0.00402220134195386,1.9444468750000041,16.553125,0.005470102952261012,0.0,1
22132.0,2022-03-18 12:55:00,348.715,349.07,348.59,348.72,380243.0,1p,1p,0.0,sell,False,0.11292170445387364,4.175000000000011,28.0,0.012105133446411261,-0.016389819182388354,0.7635129214945924,0.7553180119033982,0.00217367730308811,66.44303380303738,83.7801552292934,83.41996552990673,84.50053462806673,380243.0,4.175000000000011,0.0,4.175000000000011,28.0,0.012105133446411261,4.175000000000011,0.0,0.0,1.0,1.0,-0.016389819182388354,0.7553180119033982,0.7635129214945924,66.44303380303738,83.7801552292934,83.41996552990673,84.50053462806673,23.917412033570322,9.719321748952527,30.239120914815853,0.0014338356537723631,0.13769758168622687,0.3499999999999659,0.125,0.005000000000052296,1.0,22133.0,22133.0,2022-03-18,2022-03-18 12:55:00,2.0540172048918044,173.78554736652885,0.0,,14281.267661333814,366.3529484630595,0.5832424107187206,4.3760036431226785,32.22527881040892,0.012230020343504162,2.285057100371749,15.890706319702602,0.006381710269403211,0.4929364202292669,5.6011759621451125,36.843533123028394,0.015614239272951093,2.82998018927445,22.52492113564669,0.007835530045022196,1.8630914826498424,0.00402220134195386,1.9444468750000041,16.553125,0.005470102952261012,0.0,1
22134.0,2022-03-18 13:05:00,348.69,349.2,348.39,348.95,657642.0,1p,1p,0.0,sell,False,0.11292170445387364,4.305000000000007,30.0,0.012482059757317464,-0.039910097307053194,0.7532052662364898,0.7332502175829632,0.0021090004562099155,68.3516352485996,82.28531170130273,82.76380553444008,81.32832403502803,657642.0,4.305000000000007,0.0,4.305000000000007,30.0,0.012482059757317464,4.305000000000007,0.0,0.0,1.0,1.0,-0.039910097307053194,0.7332502175829632,0.7532052662364898,68.3516352485996,82.28531170130273,82.76380553444008,81.32832403502803,29.91218441273248,4.3330059506616205,36.16520142676522,0.07456479967879517,0.23249806251614638,0.25,0.30000000000001137,0.2599999999999909,1.0,22135.0,22135.0,2022-03-18,2022-03-18 13:05:00,2.0540172048918044,173.78554736652885,0.0,,14281.267661333814,366.3529484630595,0.5832424107187206,4.3760036431226785,32.22527881040892,0.012230020343504162,2.285057100371749,15.890706319702602,0.006381710269403211,0.4929364202292669,5.6011759621451125,36.843533123028394,0.015614239272951093,2.82998018927445,22.52492113564669,0.007835530045022196,1.8630914826498424,0.00402220134195386,1.9444468750000041,16.553125,0.005470102952261012,1.0,1
22139.0,2022-03-18 13:30:00,349.14,349.35,348.9413,349.33,315560.0,1p,1p,0.0,sell,False,0.11292170445387364,4.455000000000041,35.0,0.012916974731440123,-0.07614125882028455,0.6845668666221194,0.6464962372119771,0.0018573332189352118,68.10631441388111,77.42806737211609,70.41963865115648,91.44492481403532,315560.0,4.455000000000041,0.0,4.455000000000041,35.0,0.012916974731440123,4.455000000000041,0.0,0.0,1.0,1.0,-0.07614125882028455,0.6464962372119771,0.6845668666221194,68.10631441388111,77.42806737211609,70.41963865115648,91.44492481403532,30.324377457404196,10.484927916120085,41.62601051904435,0.05441943060090443,0.11712571713351509,0.020000000000038654,0.1986999999999739,0.18999999999999773,1.0,22140.0,22140.0,2022-03-18,2022-03-18 13:30:00,2.0540172048918044,173.78554736652885,0.0,,14281.267661333814,366.3529484630595,0.5832424107187206,4.3760036431226785,32.22527881040892,0.012230020343504162,2.285057100371749,15.890706319702602,0.006381710269403211,0.4929364202292669,5.6011759621451125,36.843533123028394,0.015614239272951093,2.82998018927445,22.52492113564669,0.007835530045022196,1.8630914826498424,0.00402220134195386,1.9444468750000041,16.553125,0.005470102952261012,0.0,1
22140.0,2022-03-18 13:35:00,349.345,349.4,349.14,349.2199,341357.0,1p,1p,0.0,sell,False,0.11292170445387364,4.5049999999999955,36.0,0.013061946389480845,-0.07426287569999102,0.6752840071596206,0.638152569309625,0.0018329169764895686,66.0836458925456,79.00815052530567,73.28247594253953,90.45949969083793,341357.0,4.5049999999999955,0.0,4.5049999999999955,36.0,0.013061946389480845,4.5049999999999955,0.0,0.0,1.0,1.0,-0.07426287569999102,0.638152569309625,0.6752840071596206,66.0836458925456,79.00815052530567,73.28247594253953,90.45949969083793,29.32927859435623,10.81263726980858,41.94757734825167,-0.035809872761892035,0.07446869450649908,0.05499999999994998,0.07990000000000919,0.12510000000003174,0.0,22141.0,22141.0,2022-03-18,2022-03-18 13:35:00,2.0540172048918044,173.78554736652885,0.0,,14281.267661333814,366.3529484630595,0.5832424107187206,4.3760036431226785,32.22527881040892,0.012230020343504162,2.285057100371749,15.890706319702602,0.006381710269403211,0.4929364202292669,5.6011759621451125,36.843533123028394,0.015614239272951093,2.82998018927445,22.52492113564669,0.007835530045022196,1.8630914826498424,0.00402220134195386,1.9444468750000041,16.553125,0.005470102952261012,1.0,1
22151.0,2022-03-18 14:30:00,337.89,338.16,336.33,336.74,1454512.0,1p,1p,0.0,sell,False,14.603479925797023,6.150000000000034,15.0,0.01852353844763722,0.6752865893138318,0.6947752295818626,1.0324185242387784,0.003080997720164983,64.07773956070191,82.69851267124139,85.35710694762763,77.38132411846891,1454512.0,6.150000000000034,0.0,6.150000000000034,15.0,0.01852353844763722,6.150000000000034,0.0,0.0,1.0,1.0,0.6752865893138318,1.0324185242387784,0.6947752295818626,64.07773956070191,82.69851267124139,85.35710694762763,77.38132411846891,39.20436316971446,7.53930060956053,58.64935164350883,-0.34034745035365865,0.5441084649005563,0.27000000000003865,0.410000000000025,1.1499999999999773,0.0,22152.0,22152.0,2022-03-18,2022-03-18 14:30:00,2.0540172048918044,173.78554736652885,0.0,,14281.267661333814,366.3529484630595,0.5832424107187206,4.3760036431226785,32.22527881040892,0.012230020343504162,2.285057100371749,15.890706319702602,0.006381710269403211,0.4929364202292669,5.6011759621451125,36.843533123028394,0.015614239272951093,2.82998018927445,22.52492113564669,0.007835530045022196,1.8630914826498424,0.00402220134195386,1.9444468750000041,16.553125,0.005470102952261012,0.0,1
22152.0,2022-03-18 14:35:00,349.07,349.49,349.02,349.48,454683.0,1p,1p,0.0,sell,False,8.682896177290007e-07,1.0500000000000114,6.0,0.003013431293766535,-0.10985816635970647,0.41653846592010835,0.3616093827402551,0.0010369770495804356,64.03597641583175,78.43649316839495,68.81819490329995,97.67308969858493,454683.0,1.0500000000000114,0.0,1.0500000000000114,6.0,0.003013431293766535,1.0500000000000114,0.0,0.0,1.0,1.0,-0.10985816635970647,0.3616093827402551,0.41653846592010835,64.03597641583175,78.43649316839495,68.81819490329995,97.67308969858493,21.355700462768837,20.684335997756065,21.34012249431284,0.11745495172888676,0.13466277004183924,0.009999999999990905,0.05000000000001137,0.410000000000025,1.0,22153.0,22153.0,2022-03-18,2022-03-18 14:35:00,2.0540172048918044,173.78554736652885,0.0,,14281.267661333814,366.3529484630595,0.5832424107187206,4.3760036431226785,32.22527881040892,0.012230020343504162,2.285057100371749,15.890706319702602,0.006381710269403211,0.4929364202292669,5.6011759621451125,36.843533123028394,0.015614239272951093,2.82998018927445,22.52492113564669,0.007835530045022196,1.8630914826498424,0.00402220134195386,1.9444468750000041,16.553125,0.005470102952261012,0.0,1
22153.0,2022-03-18 14:40:00,349.488,349.59,348.83,349.05,560374.0,1p,1p,0.0,sell,False,8.682896177290007e-07,1.1499999999999773,7.0,0.0033004247503156275,-0.13413173307409854,0.39977199928584606,0.3327061327487968,0.0009540241104742213,55.63069203555091,69.97215486588723,69.20284822416238,71.51076814933694,560374.0,1.1499999999999773,0.0,1.1499999999999773,7.0,0.0033004247503156275,1.1499999999999773,0.0,0.0,1.0,1.0,-0.13413173307409854,0.3327061327487968,0.39977199928584606,55.63069203555091,69.97215486588723,69.20284822416238,71.51076814933694,16.8425224154163,22.62181932266621,20.86185313503574,-0.12532619145721402,0.21787116933749706,0.10199999999997544,0.22000000000002728,0.4379999999999882,0.0,22154.0,22154.0,2022-03-18,2022-03-18 14:40:00,2.0540172048918044,173.78554736652885,0.0,,14281.267661333814,366.3529484630595,0.5832424107187206,4.3760036431226785,32.22527881040892,0.012230020343504162,2.285057100371749,15.890706319702602,0.006381710269403211,0.4929364202292669,5.6011759621451125,36.843533123028394,0.015614239272951093,2.82998018927445,22.52492113564669,0.007835530045022196,1.8630914826498424,0.00402220134195386,1.9444468750000041,16.553125,0.005470102952261012,0.0,1
22155.0,2022-03-18 14:50:00,349.29,349.65,349.27,349.5999,313948.0,1p,1p,0.0,sell,False,8.682896177290007e-07,1.2099999999999795,9.0,0.0034726208242451483,-0.0714265412146956,0.3758127201336399,0.3400994495262921,0.0009749424977985863,62.67912083960201,79.28378759799821,72.96162381693404,91.92811516012657,313948.0,1.2099999999999795,0.0,1.2099999999999795,9.0,0.0034726208242451483,1.2099999999999795,0.0,0.0,1.0,1.0,-0.0714265412146956,0.3400994495262921,0.3758127201336399,62.67912083960201,79.28378759799821,72.96162381693404,91.92811516012657,20.175067521396148,17.40913084507467,19.64747808710997,0.0887228377565835,0.10879835084604904,0.05009999999998627,0.020000000000038654,0.30989999999997053,1.0,22156.0,22156.0,2022-03-18,2022-03-18 14:50:00,2.0540172048918044,173.78554736652885,0.0,,14281.267661333814,366.3529484630595,0.5832424107187206,4.3760036431226785,32.22527881040892,0.012230020343504162,2.285057100371749,15.890706319702602,0.006381710269403211,0.4929364202292669,5.6011759621451125,36.843533123028394,0.015614239272951093,2.82998018927445,22.52492113564669,0.007835530045022196,1.8630914826498424,0.00402220134195386,1.9444468750000041,16.553125,0.005470102952261012,0.0,1
22156.0,2022-03-18 14:55:00,349.6,349.72,349.41,349.66,318302.0,1p,1p,0.0,sell,False,8.682896177290007e-07,1.2800000000000296,10.0,0.0036735162438297254,-0.03626363488156459,0.37127976577344435,0.35314794833266205,0.001012171710153774,63.384818765730714,84.33733988014696,76.75352917133834,99.5049612977642,318302.0,1.2800000000000296,0.0,1.2800000000000296,10.0,0.0036735162438297254,1.2800000000000296,0.0,0.0,1.0,1.0,-0.03626363488156459,0.35314794833266205,0.37127976577344435,63.384818765730714,84.33733988014696,76.75352917133834,99.5049612977642,21.418527844087922,16.186521042477374,19.2378756150496,0.017162471395881656,0.08872098680633132,0.060000000000002274,0.18999999999999773,0.060000000000002274,1.0,22157.0,22157.0,2022-03-18,2022-03-18 14:55:00,2.0540172048918044,173.78554736652885,0.0,,14281.267661333814,366.3529484630595,0.5832424107187206,4.3760036431226785,32.22527881040892,0.012230020343504162,2.285057100371749,15.890706319702602,0.006381710269403211,0.4929364202292669,5.6011759621451125,36.843533123028394,0.015614239272951093,2.82998018927445,22.52492113564669,0.007835530045022196,1.8630914826498424,0.00402220134195386,1.9444468750000041,16.553125,0.005470102952261012,0.0,1
22157.0,2022-03-18 15:00:00,349.66,350.03,349.39,349.95,552233.0,1p,1p,0.0,sell,False,0.15560848127494947,1.589999999999975,11.0,0.00456319595913206,0.01792126475978617,0.3735199238684176,0.3824805562483107,0.0010959990541242696,66.66072413106716,87.63976135894725,80.38227323387464,102.1547376090925,552233.0,1.589999999999975,0.0,1.589999999999975,11.0,0.00456319595913206,1.589999999999975,0.0,0.0,1.0,1.0,0.01792126475978617,0.3824805562483107,0.3735199238684176,66.66072413106716,87.63976135894725,80.38227323387464,102.1547376090925,24.937655860349903,15.239678581324503,19.587879573580636,0.08293771091916823,0.1831763931423299,0.07999999999998408,0.27000000000003865,0.2899999999999636,1.0,22158.0,22158.0,2022-03-18,2022-03-18 15:00:00,2.0540172048918044,173.78554736652885,0.0,,14281.267661333814,366.3529484630595,0.5832424107187206,4.3760036431226785,32.22527881040892,0.012230020343504162,2.285057100371749,15.890706319702602,0.006381710269403211,0.4929364202292669,5.6011759621451125,36.843533123028394,0.015614239272951093,2.82998018927445,22.52492113564669,0.007835530045022196,1.8630914826498424,0.00402220134195386,1.9444468750000041,16.553125,0.005470102952261012,0.0,1
22158.0,2022-03-18 15:05:00,349.95,350.26,349.82,350.2222,455625.0,1p,1p,0.0,sell,False,0.6848683356972555,1.8199999999999932,12.0,0.005223280909195251,0.07887556429483966,0.38337936940527256,0.4228171515526924,0.001211264023140395,69.4257592201457,90.98206312818698,83.91553653197874,105.11511632060348,455625.0,1.8199999999999932,0.0,1.8199999999999932,12.0,0.005223280909195251,1.8199999999999932,0.0,0.0,1.0,1.0,0.07887556429483966,0.4228171515526924,0.38337936940527256,69.4257592201457,90.98206312818698,83.91553653197874,105.11511632060348,25.01513654759322,15.77387591217626,19.807048889753524,0.07778254036290841,0.1257789720427642,0.037800000000004275,0.12999999999999545,0.272199999999998,1.0,22159.0,22159.0,2022-03-18,2022-03-18 15:05:00,2.0540172048918044,173.78554736652885,0.0,,14281.267661333814,366.3529484630595,0.5832424107187206,4.3760036431226785,32.22527881040892,0.012230020343504162,2.285057100371749,15.890706319702602,0.006381710269403211,0.4929364202292669,5.6011759621451125,36.843533123028394,0.015614239272951093,2.82998018927445,22.52492113564669,0.007835530045022196,1.8630914826498424,0.00402220134195386,1.9444468750000041,16.553125,0.005470102952261012,0.0,1
22159.0,2022-03-18 15:10:00,350.22,350.57,350.2,350.45,942475.0,1p,1p,0.0,sell,False,1.1724574231299199,2.1299999999999955,13.0,0.006112960624497748,0.13503068552132014,0.4002582050954375,0.4677735478560976,0.0013396606881707987,71.55215517259781,91.91550322535429,86.58219209643725,102.58212548318832,942475.0,2.1299999999999955,0.0,2.1299999999999955,13.0,0.006112960624497748,2.1299999999999955,0.0,0.0,1.0,1.0,0.13503068552132014,0.4677735478560976,0.4002582050954375,71.55215517259781,91.91550322535429,86.58219209643725,102.58212548318832,29.4384767154183,15.502176568225304,20.607292037747794,0.0656730055393642,0.1056539120502583,0.12000000000000455,0.020000000000038654,0.22999999999996135,1.0,22160.0,22160.0,2022-03-18,2022-03-18 15:10:00,2.0540172048918044,173.78554736652885,0.0,,14281.267661333814,366.3529484630595,0.5832424107187206,4.3760036431226785,32.22527881040892,0.012230020343504162,2.285057100371749,15.890706319702602,0.006381710269403211,0.4929364202292669,5.6011759621451125,36.843533123028394,0.015614239272951093,2.82998018927445,22.52492113564669,0.007835530045022196,1.8630914826498424,0.00402220134195386,1.9444468750000041,16.553125,0.005470102952261012,0.0,1
22160.0,2022-03-18 15:15:00,350.44,350.835,350.38,350.798,667163.0,1p,1p,0.0,sell,False,1.7389065524815175,2.394999999999982,14.0,0.006873493284353065,0.2002680346483473,0.4252917094264809,0.5254257267506546,0.0015042527478189814,74.47293938635545,93.99520663901461,89.05319694396303,103.87922602911777,667163.0,2.394999999999982,0.0,2.394999999999982,14.0,0.006873493284353065,2.394999999999982,0.0,0.0,1.0,1.0,0.2002680346483473,0.5254257267506546,0.4252917094264809,74.47293938635545,93.99520663901461,89.05319694396303,103.87922602911777,33.7731452323976,10.076835873535487,22.995306699837467,0.10215728798082528,0.12985901021747362,0.03699999999997772,0.060000000000002274,0.3580000000000041,1.0,22161.0,22161.0,2022-03-18,2022-03-18 15:15:00,2.0540172048918044,173.78554736652885,0.0,,14281.267661333814,366.3529484630595,0.5832424107187206,4.3760036431226785,32.22527881040892,0.012230020343504162,2.285057100371749,15.890706319702602,0.006381710269403211,0.4929364202292669,5.6011759621451125,36.843533123028394,0.015614239272951093,2.82998018927445,22.52492113564669,0.007835530045022196,1.8630914826498424,0.00402220134195386,1.9444468750000041,16.553125,0.005470102952261012,0.0,1
22161.0,2022-03-18 15:20:00,350.799,350.95,350.72,350.92,619387.0,1p,1p,0.0,sell,False,2.0706628977438757,2.509999999999991,15.0,0.00720353575938466,0.2384760632241193,0.4551012173294959,0.5743392489415555,0.0016437213722688576,75.42551571460837,95.52510631280262,91.21050006690956,104.15431880458874,619387.0,2.509999999999991,0.0,2.509999999999991,15.0,0.00720353575938466,2.509999999999991,0.0,0.0,1.0,1.0,0.2384760632241193,0.5743392489415555,0.4551012173294959,75.42551571460837,95.52510631280262,91.21050006690956,104.15431880458874,37.347346851090826,9.254209839208189,25.65876250293929,0.03449268669524079,0.06557937956203276,0.029999999999972715,0.07899999999995089,0.12100000000003774,1.0,22162.0,22162.0,2022-03-18,2022-03-18 15:20:00,2.0540172048918044,173.78554736652885,0.0,,14281.267661333814,366.3529484630595,0.5832424107187206,4.3760036431226785,32.22527881040892,0.012230020343504162,2.285057100371749,15.890706319702602,0.006381710269403211,0.4929364202292669,5.6011759621451125,36.843533123028394,0.015614239272951093,2.82998018927445,22.52492113564669,0.007835530045022196,1.8630914826498424,0.00402220134195386,1.9444468750000041,16.553125,0.005470102952261012,0.0,1
22162.0,2022-03-18 15:25:00,350.93,351.21,350.925,351.01,930668.0,1p,1p,0.0,sell,False,2.1977438597283396,2.769999999999982,16.0,0.00794971874641253,0.2531118436583991,0.48674019778679584,0.6132961196159954,0.0017546197206709736,76.13307495451791,93.95863356633342,92.12654456671751,97.6228115655652,930668.0,2.769999999999982,0.0,2.769999999999982,16.0,0.00794971874641253,2.769999999999982,0.0,0.0,1.0,1.0,0.2531118436583991,0.6132961196159954,0.48674019778679584,76.13307495451791,93.95863356633342,92.12654456671751,97.6228115655652,36.46200893907391,9.409550693954525,28.03844796518356,0.022796569116343455,0.08121393460140149,0.19999999999998863,0.0049999999999954525,0.07999999999998408,1.0,22163.0,22163.0,2022-03-18,2022-03-18 15:25:00,2.0540172048918044,173.78554736652885,0.0,,14281.267661333814,366.3529484630595,0.5832424107187206,4.3760036431226785,32.22527881040892,0.012230020343504162,2.285057100371749,15.890706319702602,0.006381710269403211,0.4929364202292669,5.6011759621451125,36.843533123028394,0.015614239272951093,2.82998018927445,22.52492113564669,0.007835530045022196,1.8630914826498424,0.00402220134195386,1.9444468750000041,16.553125,0.005470102952261012,0.0,1
22163.0,2022-03-18 15:30:00,351.02,351.69,350.94,351.69,1069641.0,1p,1p,0.0,sell,False,2.838731495926824,3.25,17.0,0.009327287337848697,0.32693371404710403,0.5276069120426838,0.6910737690662359,0.001976235276084439,80.66323292626379,95.9724223775556,93.40850383699687,101.10025945867304,1069641.0,3.25,0.0,3.25,17.0,0.009327287337848697,3.25,0.0,0.0,1.0,1.0,0.32693371404710403,0.6910737690662359,0.5276069120426838,80.66323292626379,95.9724223775556,93.40850383699687,101.10025945867304,41.37392661982934,8.743169398907254,30.6863469868071,0.19087231496781265,0.21371174559753803,0.0,0.07999999999998408,0.6700000000000159,1.0,22164.0,22164.0,2022-03-18,2022-03-18 15:30:00,2.0540172048918044,173.78554736652885,0.0,,14281.267661333814,366.3529484630595,0.5832424107187206,4.3760036431226785,32.22527881040892,0.012230020343504162,2.285057100371749,15.890706319702602,0.006381710269403211,0.4929364202292669,5.6011759621451125,36.843533123028394,0.015614239272951093,2.82998018927445,22.52492113564669,0.007835530045022196,1.8630914826498424,0.00402220134195386,1.9444468750000041,16.553125,0.005470102952261012,0.0,1
22164.0,2022-03-18 15:35:00,351.7,351.79,350.52,350.6,1517506.0,1p,1p,0.0,sell,False,2.838731495926824,3.3500000000000227,18.0,0.009614280794397953,0.20732273658252565,0.5535222541154996,0.6571836224067624,0.0018789596398652182,60.75608902476478,80.78717047392621,89.20139271597331,63.958725989832004,1517506.0,3.3500000000000227,0.0,3.3500000000000227,18.0,0.009614280794397953,3.3500000000000227,0.0,0.0,1.0,1.0,0.20732273658252565,0.6571836224067624,0.5535222541154996,60.75608902476478,80.78717047392621,89.20139271597331,63.958725989832004,36.67820069204217,10.657439446367366,32.420947933029225,-0.3127665624111362,0.3623188405797212,0.09000000000003183,0.08000000000004093,1.099999999999966,0.0,22165.0,22165.0,2022-03-18,2022-03-18 15:35:00,2.0540172048918044,173.78554736652885,0.0,,14281.267661333814,366.3529484630595,0.5832424107187206,4.3760036431226785,32.22527881040892,0.012230020343504162,2.285057100371749,15.890706319702602,0.006381710269403211,0.4929364202292669,5.6011759621451125,36.843533123028394,0.015614239272951093,2.82998018927445,22.52492113564669,0.007835530045022196,1.8630914826498424,0.00402220134195386,1.9444468750000041,16.553125,0.005470102952261012,1.0,1
22170.0,2022-03-18 16:05:00,351.39,352.0556,351.35,351.5,224978.0,1p,1p,0.0,sell,False,2.838731495926824,3.615600000000029,24.0,0.010376535414992621,0.0571441110677442,0.6411746168796945,0.6697466724135666,0.0019116742953717452,64.96627018584549,69.89627192662488,73.7122839249536,62.26424792996744,224978.0,3.615600000000029,0.0,3.615600000000029,24.0,0.010376535414992621,3.615600000000029,0.0,0.0,1.0,1.0,0.0571441110677442,0.6697466724135666,0.6411746168796945,64.96627018584549,69.89627192662488,73.7122839249536,62.26424792996744,34.72106984235543,6.893943091414963,43.46690367103123,0.03130424884032376,0.20082538778995415,0.5556000000000267,0.03999999999996362,0.11000000000001364,1.0,22171.0,22171.0,2022-03-18,2022-03-18 16:05:00,2.0540172048918044,173.78554736652885,0.0,,14281.267661333814,366.3529484630595,0.5832424107187206,4.3760036431226785,32.22527881040892,0.012230020343504162,2.285057100371749,15.890706319702602,0.006381710269403211,0.4929364202292669,5.6011759621451125,36.843533123028394,0.015614239272951093,2.82998018927445,22.52492113564669,0.007835530045022196,1.8630914826498424,0.00402220134195386,1.9444468750000041,16.553125,0.005470102952261012,0.0,1
22173.0,2022-03-18 16:20:00,351.68,352.19,351.6004,352.19,508198.0,1p,1p,0.0,sell,False,2.838731495926824,3.75,27.0,0.010762254620594651,0.07242483060921301,0.6592135101238173,0.6954259254284239,0.001983217143929071,70.64851937452055,81.8044514173985,75.66116577292334,94.09102270634881,508198.0,3.75,0.0,3.75,27.0,0.010762254620594651,3.75,0.0,0.0,1.0,1.0,0.07242483060921301,0.6954259254284239,0.6592135101238173,70.64851937452055,81.8044514173985,75.66116577292334,94.09102270634881,31.839695441919467,7.266694104331759,47.262270824262416,0.14501819836214483,0.16769036667763138,0.0,0.07960000000002765,0.5099999999999909,1.0,22174.0,22174.0,2022-03-18,2022-03-18 16:20:00,2.0540172048918044,173.78554736652885,0.0,,14281.267661333814,366.3529484630595,0.5832424107187206,4.3760036431226785,32.22527881040892,0.012230020343504162,2.285057100371749,15.890706319702602,0.006381710269403211,0.4929364202292669,5.6011759621451125,36.843533123028394,0.015614239272951093,2.82998018927445,22.52492113564669,0.007835530045022196,1.8630914826498424,0.00402220134195386,1.9444468750000041,16.553125,0.005470102952261012,1.0,1
22216.0,2022-03-18 19:55:00,352.15,352.5,352.15,352.5,10255.0,1p,1p,0.0,sell,False,2.8387314959240753,4.060000000000002,70.0,0.011651934335897148,0.03958902069262721,0.08272401724414827,0.10251852759046187,0.0002912450355379874,75.58765102676875,88.70939543014751,74.93918588986494,116.24981451071261,10255.0,4.060000000000002,0.0,4.060000000000002,70.0,0.011651934335897148,4.060000000000002,0.0,0.0,1.0,1.0,0.03958902069262721,0.10251852759046187,0.08272401724414827,75.58765102676875,88.70939543014751,74.93918588986494,116.24981451071261,46.508022633904226,20.9286101852547,28.845493029496314,0.09938946471674649,0.09938946471674649,0.0,0.0,0.35000000000002274,1.0,22217.0,22217.0,2022-03-18,2022-03-18 19:55:00,2.0540172048918044,173.78554736652885,0.0,,14281.267661333814,366.3529484630595,0.5832424107187206,4.3760036431226785,32.22527881040892,0.012230020343504162,2.285057100371749,15.890706319702602,0.006381710269403211,0.4929364202292669,5.6011759621451125,36.843533123028394,0.015614239272951093,2.82998018927445,22.52492113564669,0.007835530045022196,1.8630914826498424,0.00402220134195386,1.9444468750000041,16.553125,0.005470102952261012,0.0,1
22217.0,2022-03-21 04:00:00,350.76,355.0,349.52,349.89,47531.0,1p,1p,0.0,sell,False,2.8387314959239767,6.560000000000002,71.0,0.018826770749626916,-0.262995206259396,0.04984961646172377,-0.08164798666797424,-0.00023205696980214618,20.860651907535114,61.39020522593778,70.42285900188922,43.32489767403487,47531.0,6.560000000000002,0.0,6.560000000000002,71.0,0.018826770749626916,6.560000000000002,0.0,0.0,1.0,1.0,-0.262995206259396,-0.08164798666797424,0.04984961646172377,20.860651907535114,61.39020522593778,70.42285900188922,43.32489767403487,8.928438564902567,43.005312420945536,31.471961087765937,-0.24803284296955314,1.5678644998855624,4.240000000000009,0.37000000000000455,0.8700000000000045,0.0,22218.0,22218.0,2022-03-21,2022-03-21 04:00:00,3.41535911286404,34.0,1.0,best_within_2.0d,22251.0,337.94,0.5832424107187206,4.3760036431226785,32.22527881040892,0.012230020343504162,2.285057100371749,15.890706319702602,0.006381710269403211,0.4929364202292669,5.6011759621451125,36.843533123028394,0.015614239272951093,2.82998018927445,22.52492113564669,0.007835530045022196,1.8630914826498424,0.00402220134195386,1.9444468750000041,16.553125,0.005470102952261012,1.0,1
22235.0,2022-03-21 05:30:00,350.03,350.2,349.98,350.2,3292.0,2,2,0.0,sell,False,0.15044247787610077,4.163492493946733,28.239017640954685,0.011578080659927173,0.1900265412046528,-0.4802965873310863,-0.38528331672875993,-0.0010997977861535856,46.84461168353951,80.26689804735324,63.96805530581855,112.8645835304226,3292.0,0.8499999999999659,1.0,5.649999999999977,11.0,0.015915492957746413,0.8499999999999659,9.0,0.0024330900243308023,2.0,2.0,0.1900265412046528,-0.38528331672875993,-0.4802965873310863,46.84461168353951,80.26689804735324,63.96805530581855,112.8645835304226,24.99999999999932,34.28571428571158,43.04840402606506,0.04856726566294773,0.06286073489912865,0.0,0.049999999999954525,0.17000000000001592,1.0,22236.0,22236.0,2022-03-21,2022-03-21 05:30:00,3.5008566533409455,16.0,1.0,best_within_2.0d,22251.0,337.94,0.15044247787610077,5.649999999999977,11.0,0.015915492957746413,0.8499999999999659,9.0,0.0024330900243308023,0.4929364202292669,5.6011759621451125,36.843533123028394,0.015614239272951093,2.82998018927445,22.52492113564669,0.007835530045022196,1.8630914826498424,0.00402220134195386,1.9444468750000041,16.553125,0.005470102952261012,0.0,1
22236.0,2022-03-21 05:35:00,350.21,350.34,350.05,350.05,5820.0,2,2,0.0,sell,False,0.17522123893804536,4.163492493946733,28.239017640954685,0.011578080659927173,0.21214842064151218,-0.45377803475089723,-0.34770382443014114,-0.0009925835641071143,44.01582105532259,79.83976778036195,69.25862613066636,101.00205107975313,5820.0,0.9899999999999523,1.0,5.649999999999977,11.0,0.015915492957746413,0.9899999999999523,10.0,0.0028338342636323234,2.0,2.0,0.21214842064151218,-0.34770382443014114,-0.45377803475089723,44.01582105532259,79.83976778036195,69.25862613066636,101.00205107975313,28.95377128953676,26.520681265205383,40.28680123222339,-0.045686873590122544,0.08284530781315916,0.12999999999999545,0.0,0.15999999999996817,0.0,22237.0,22237.0,2022-03-21,2022-03-21 05:35:00,3.459505784887877,15.0,1.0,best_within_2.0d,22251.0,337.94,0.17522123893804536,5.649999999999977,11.0,0.015915492957746413,0.9899999999999523,10.0,0.0028338342636323234,0.4929364202292669,5.6011759621451125,36.843533123028394,0.015614239272951093,2.82998018927445,22.52492113564669,0.007835530045022196,1.8630914826498424,0.00402220134195386,1.9444468750000041,16.553125,0.005470102952261012,1.0,1
22251.0,2022-03-21 06:50:00,337.95,337.98,337.41,337.95,218803.0,1p,1p,1.0,buy,False,0.5544963314714454,2.3100000000000023,23.0,0.006799717414341228,-0.15927024481148383,-0.18592755966866134,-0.26556268207440326,-0.0007841637289506039,38.17776130529858,21.846105607689665,21.780231233111028,21.97785435684694,218803.0,2.3100000000000023,0.0,2.3100000000000023,23.0,0.006799717414341228,2.3100000000000023,0.0,0.0,1.0,1.0,-0.15927024481148383,-0.26556268207440326,-0.18592755966866134,38.17776130529858,21.846105607689665,21.780231233111028,21.97785435684694,33.19043009265661,20.63763922428002,30.63999806098351,0.0,0.16893393793900394,0.03000000000002956,0.5399999999999636,0.0,0.0,22252.0,22252.0,2022-03-21,2022-03-21 06:50:00,-0.450348634514813,77.0,1.0,best_within_2.0d,22328.0,345.7501,0.5832424107187206,4.3760036431226785,32.22527881040892,0.012230020343504162,2.285057100371749,15.890706319702602,0.006381710269403211,0.4929364202292669,5.6011759621451125,36.843533123028394,0.015614239272951093,2.82998018927445,22.52492113564669,0.007835530045022196,1.8630914826498424,0.00402220134195386,1.9444468750000041,16.553125,0.005470102952261012,0.0,0
22251.0,2022-03-21 06:50:00,338.47,338.47,337.63,337.94,668725.0,2,2,1.0,buy,False,0.9498861047836057,4.163492493946733,28.239017640954685,0.011578080659927173,-0.5522000306815731,0.1613890159529335,-0.11471099938785301,-0.0003382343493590245,39.77700845863808,18.000930622008486,27.45569094118175,-0.9085900163380387,668725.0,4.170000000000016,1.0,4.389999999999986,16.0,0.013010876974600592,4.170000000000016,11.0,0.01220011702750151,2.0,2.0,-0.5522000306815731,-0.11471099938785301,0.1613890159529335,39.77700845863808,18.000930622008486,27.45569094118175,-0.9085900163380387,14.331700013610948,26.847692935891814,23.053362239632385,-0.15658699441605742,0.24879305748897665,0.0,0.3100000000000023,0.5300000000000296,0.0,22252.0,22252.0,2022-03-21,2022-03-21 06:50:00,-0.450348634514813,77.0,1.0,best_within_2.0d,22328.0,345.7501,0.9498861047836057,4.389999999999986,16.0,0.013010876974600592,4.170000000000016,11.0,0.01220011702750151,0.4929364202292669,5.6011759621451125,36.843533123028394,0.015614239272951093,2.82998018927445,22.52492113564669,0.007835530045022196,1.8630914826498424,0.00402220134195386,1.9444468750000041,16.553125,0.005470102952261012,0.0,0
22251.0,2022-03-21 06:50:00,342.7,342.79,341.65,342.01,609958.0,2s,2s,1.0,buy,False,0.034168564920281225,4.163492493946733,28.239017640954685,0.011578080659927173,-0.25497664248239804,0.4857763328958211,0.3582880116546221,0.0010468390161370187,47.7333218834426,52.79127774739839,59.58222859080472,39.209376060585726,609958.0,2.0400000000000205,1.0,4.389999999999986,16.0,0.013010876974600592,2.0400000000000205,16.0,0.00593558148331351,1.0,2.5,-0.25497664248239804,0.3582880116546221,0.4857763328958211,47.7333218834426,52.79127774739839,59.58222859080472,39.209376060585726,12.377285037237929,24.361035883547864,22.75859748881884,-0.20134228187919395,0.33367481340554467,0.09000000000003183,0.36000000000001364,0.6899999999999977,0.0,22252.0,22252.0,2022-03-21,2022-03-21 06:50:00,-0.450348634514813,77.0,1.0,best_within_2.0d,22328.0,345.7501,0.5832424107187206,4.3760036431226785,32.22527881040892,0.012230020343504162,2.285057100371749,15.890706319702602,0.006381710269403211,0.034168564920281225,4.389999999999986,16.0,0.013010876974600592,2.0400000000000205,16.0,0.00593558148331351,1.0,0.00402220134195386,1.9444468750000041,16.553125,0.005470102952261012,0.0,0
22251.0,2022-03-21 06:50:00,344.38,344.67,344.2,344.2,816022.0,1,1,0.0,sell,False,0.2685020520305688,3.0200000000000387,11.0,0.008839455583199294,0.21134076744639008,0.42337981799162916,0.5290502017148242,0.0015428317371104022,63.098329324032115,82.94052616249795,77.7700563556567,93.28146577618043,816022.0,3.0200000000000387,1.0,3.0200000000000387,11.0,0.008839455583199294,3.0200000000000387,11.0,0.008839455583199294,1.0,1.0,0.21134076744639008,0.5290502017148242,0.42337981799162916,63.098329324032115,82.94052616249795,77.7700563556567,93.28146577618043,25.32715452950749,17.354433823322253,20.897542772418195,-0.05226784366107406,0.13654851830331996,0.29000000000002046,0.0,0.18000000000000682,0.0,22252.0,22252.0,2022-03-21,2022-03-21 06:50:00,-0.450348634514813,77.0,1.0,best_within_2.0d,22328.0,345.7501,0.5832424107187206,4.3760036431226785,32.22527881040892,0.012230020343504162,2.285057100371749,15.890706319702602,0.006381710269403211,0.4929364202292669,5.6011759621451125,36.843533123028394,0.015614239272951093,2.82998018927445,22.52492113564669,0.007835530045022196,1.8630914826498424,0.00402220134195386,1.9444468750000041,16.553125,0.005470102952261012,0.0,1
22252.0,2022-03-21 06:55:00,349.73,350.03,349.73,350.03,3198.0,2s,2s,0.0,sell,False,0.12035398230087659,4.163492493946733,28.239017640954685,0.011578080659927173,0.09538018297443018,-0.1779491112653379,-0.13025901977812282,-0.00037216866260159477,50.45519340356672,49.08561115127733,34.82026662136467,77.61630021110264,3198.0,0.42999999999995,1.0,5.649999999999977,11.0,0.015915492957746413,0.42999999999995,5.0,0.0012299771167046624,1.0,2.5,0.09538018297443018,-0.13025901977812282,-0.1779491112653379,50.45519340356672,49.08561115127733,34.82026662136467,77.61630021110264,24.603174603176072,26.587301587303607,23.07874768578551,0.08578045921137864,0.08578045921137864,0.0,0.0,0.2999999999999545,1.0,22253.0,22253.0,2022-03-21,2022-03-21 06:55:00,1.2227237665342965,76.0,1.0,best_within_2.0d,22328.0,345.7501,0.5832424107187206,4.3760036431226785,32.22527881040892,0.012230020343504162,2.285057100371749,15.890706319702602,0.006381710269403211,0.12035398230087659,5.649999999999977,11.0,0.015915492957746413,0.42999999999995,5.0,0.0012299771167046624,1.0,0.00402220134195386,1.9444468750000041,16.553125,0.005470102952261012,0.0,1
22253.0,2022-03-21 07:00:00,349.99,350.42,349.97,350.42,60636.0,2s,2s,0.0,sell,False,0.1893805309734509,4.163492493946733,28.239017640954685,0.011578080659927173,0.161978903522441,-0.15770174832503278,-0.07671229656381229,-0.0002191585283248113,59.265581653503574,66.05707410085154,45.23253578119362,107.70615074016737,60636.0,0.8199999999999932,1.0,5.649999999999977,11.0,0.015915492957746413,0.8199999999999932,6.0,0.0023455377574370514,1.0,2.5,0.161978903522441,-0.07671229656381229,-0.15770174832503278,59.265581653503574,66.05707410085154,45.23253578119362,107.70615074016737,35.68904593639908,20.494699646643486,23.361981790889125,0.12286065316152084,0.12858244992427598,0.0,0.01999999999998181,0.4300000000000068,1.0,22254.0,22254.0,2022-03-21,2022-03-21 07:00:00,1.3326579533131786,75.0,1.0,best_within_2.0d,22328.0,345.7501,0.5832424107187206,4.3760036431226785,32.22527881040892,0.012230020343504162,2.285057100371749,15.890706319702602,0.006381710269403211,0.1893805309734509,5.649999999999977,11.0,0.015915492957746413,0.8199999999999932,6.0,0.0023455377574370514,1.0,0.00402220134195386,1.9444468750000041,16.553125,0.005470102952261012,0.0,1
22254.0,2022-03-21 07:05:00,350.48,350.8,350.39,350.46,26895.0,2s,2s,0.0,sell,False,0.25663716814159193,4.163492493946733,28.239017640954685,0.011578080659927173,0.20321137612924267,-0.13230032630887745,-0.03069463824425611,-8.768322033215582e-05,60.05025869971317,67.92693828945559,52.79733661728094,98.1861416338049,26895.0,1.1999999999999886,1.0,5.649999999999977,11.0,0.015915492957746413,1.1999999999999886,7.0,0.0034324942791761686,1.0,2.5,0.20321137612924267,-0.03069463824425611,-0.13230032630887745,60.05025869971317,67.92693828945559,52.79733661728094,98.1861416338049,41.935483870969335,18.709677419354875,24.428831115856124,-0.005706459712405459,0.11701247181712521,0.3199999999999932,0.06999999999999318,0.020000000000038654,0.0,22255.0,22255.0,2022-03-21,2022-03-21 07:05:00,1.343919420190608,74.0,1.0,best_within_2.0d,22328.0,345.7501,0.5832424107187206,4.3760036431226785,32.22527881040892,0.012230020343504162,2.285057100371749,15.890706319702602,0.006381710269403211,0.25663716814159193,5.649999999999977,11.0,0.015915492957746413,1.1999999999999886,7.0,0.0034324942791761686,1.0,0.00402220134195386,1.9444468750000041,16.553125,0.005470102952261012,0.0,1
22255.0,2022-03-21 07:10:00,350.45,350.91,350.43,350.9,27034.0,2s,2s,0.0,sell,False,0.276106194690267,4.163492493946733,28.239017640954685,0.011578080659927173,0.27697427282762116,-0.0976785422054248,0.040808594208385784,0.00011655440229647681,67.4728118986465,78.36350593342719,61.31939305599636,112.45173168828887,27034.0,1.3100000000000023,1.0,5.649999999999977,11.0,0.015915492957746413,1.3100000000000023,8.0,0.0037471395881006927,1.0,2.5,0.27697427282762116,0.040808594208385784,-0.0976785422054248,67.4728118986465,78.36350593342719,61.31939305599636,112.45173168828887,40.23668639053435,17.159763313609595,25.555785005224397,0.12840633471250923,0.13697457409468886,0.010000000000047748,0.01999999999998181,0.44999999999998863,1.0,22256.0,22256.0,2022-03-21,2022-03-21 07:10:00,1.467626104303221,73.0,1.0,best_within_2.0d,22328.0,345.7501,0.5832424107187206,4.3760036431226785,32.22527881040892,0.012230020343504162,2.285057100371749,15.890706319702602,0.006381710269403211,0.276106194690267,5.649999999999977,11.0,0.015915492957746413,1.3100000000000023,8.0,0.0037471395881006927,1.0,0.00402220134195386,1.9444468750000041,16.553125,0.005470102952261012,0.0,1
22256.0,2022-03-21 07:15:00,350.93,351.27,350.74,351.26,20495.0,2s,2s,0.0,sell,False,0.33982300884955163,4.163492493946733,28.239017640954685,0.011578080659927173,0.3564177295903549,-0.053126326006630434,0.12508253878854703,0.0003571654567239748,72.04870426527108,85.37606982388178,69.33828531195816,117.45163884772901,20495.0,1.669999999999959,1.0,5.649999999999977,11.0,0.015915492957746413,1.669999999999959,9.0,0.004776887871853429,1.0,2.5,0.3564177295903549,0.12508253878854703,-0.053126326006630434,72.04870426527108,85.37606982388178,69.33828531195816,117.45163884772901,45.26315789473796,14.21052631579061,27.459828174889008,0.09403584760493092,0.15110908365170003,0.009999999999990905,0.18999999999999773,0.3299999999999841,1.0,22257.0,22257.0,2022-03-21,2022-03-21 07:15:00,1.5686101463303581,72.0,1.0,best_within_2.0d,22328.0,345.7501,0.5832424107187206,4.3760036431226785,32.22527881040892,0.012230020343504162,2.285057100371749,15.890706319702602,0.006381710269403211,0.33982300884955163,5.649999999999977,11.0,0.015915492957746413,1.669999999999959,9.0,0.004776887871853429,1.0,0.00402220134195386,1.9444468750000041,16.553125,0.005470102952261012,0.0,1
22257.0,2022-03-21 07:20:00,351.22,351.38,351.0,351.3,23812.0,2s,2s,0.0,sell,False,0.3592920353982267,4.163492493946733,28.239017640954685,0.011578080659927173,0.39360144112824297,-0.003926145865600061,0.19287457469852143,0.0005506143574723022,72.51142994478954,88.72690369211196,75.80115810534275,114.57839486565041,23812.0,1.7799999999999727,1.0,5.649999999999977,11.0,0.015915492957746413,1.7799999999999727,10.0,0.005091533180777954,1.0,2.5,0.39360144112824297,0.19287457469852143,-0.003926145865600061,72.51142994478954,88.72690369211196,75.80115810534275,114.57839486565041,40.806045340051966,13.602015113351133,29.06984044811113,0.022777746142014714,0.10826210826210697,0.07999999999998408,0.22000000000002728,0.07999999999998408,1.0,22258.0,22258.0,2022-03-21,2022-03-21 07:20:00,1.5798178195274797,71.0,1.0,best_within_2.0d,22328.0,345.7501,0.5832424107187206,4.3760036431226785,32.22527881040892,0.012230020343504162,2.285057100371749,15.890706319702602,0.006381710269403211,0.3592920353982267,5.649999999999977,11.0,0.015915492957746413,1.7799999999999727,10.0,0.005091533180777954,1.0,0.00402220134195386,1.9444468750000041,16.553125,0.005470102952261012,0.0,1
22259.0,2022-03-21 07:30:00,351.23,351.45,351.16,351.37,14134.0,2s,2s,0.0,sell,False,0.371681415929199,4.163492493946733,28.239017640954685,0.011578080659927173,0.37881996781699134,0.09153368030779935,0.280943664216295,0.0008017045895876592,71.79731493399282,91.19502554256081,83.88583186957335,105.81341288853574,14134.0,1.849999999999966,1.0,5.649999999999977,11.0,0.015915492957746413,1.849999999999966,12.0,0.005291762013729879,1.0,2.5,0.37881996781699134,0.280943664216295,0.09153368030779935,71.79731493399282,91.19502554256081,83.88583186957335,105.81341288853574,46.35416666666763,8.593749999999895,33.7228109820578,0.039859920849581856,0.0825834377491638,0.07999999999998408,0.06999999999999318,0.13999999999998636,1.0,22260.0,22260.0,2022-03-21,2022-03-21 07:30:00,1.5994251074366135,69.0,1.0,best_within_2.0d,22328.0,345.7501,0.5832424107187206,4.3760036431226785,32.22527881040892,0.012230020343504162,2.285057100371749,15.890706319702602,0.006381710269403211,0.371681415929199,5.649999999999977,11.0,0.015915492957746413,1.849999999999966,12.0,0.005291762013729879,1.0,0.00402220134195386,1.9444468750000041,16.553125,0.005470102952261012,0.0,1
22260.0,2022-03-21 07:35:00,351.4,351.52,351.13,351.21,33720.0,2s,2s,0.0,sell,False,0.3840707964601713,4.163492493946733,28.239017640954685,0.011578080659927173,0.3330860328098512,0.13316943440903076,0.29971245081395637,0.0008551229849045846,66.84736067973353,88.3572051103104,85.3762896164857,94.31903609795978,33720.0,1.919999999999959,1.0,5.649999999999977,11.0,0.015915492957746413,1.919999999999959,13.0,0.005491990846681805,1.0,2.5,0.3330860328098512,0.29971245081395637,0.13316943440903076,66.84736067973353,88.3572051103104,85.3762896164857,94.31903609795978,45.012165450122545,7.785888077859012,36.35024680065341,-0.05406943653955542,0.11106997408366884,0.12000000000000455,0.07999999999998408,0.18999999999999773,0.0,22261.0,22261.0,2022-03-21,2022-03-21 07:35:00,1.5545969647789086,68.0,1.0,best_within_2.0d,22328.0,345.7501,0.5832424107187206,4.3760036431226785,32.22527881040892,0.012230020343504162,2.285057100371749,15.890706319702602,0.006381710269403211,0.3840707964601713,5.649999999999977,11.0,0.015915492957746413,1.919999999999959,13.0,0.005491990846681805,1.0,0.00402220134195386,1.9444468750000041,16.553125,0.005470102952261012,1.0,1
22285.0,2022-03-21 09:40:00,351.44,352.48,351.43,351.81,1110838.0,2s,2s,0.0,sell,False,0.5539823008849571,4.163492493946733,28.239017640954685,0.011578080659927173,0.30944211752157186,-0.0003021018936104791,0.15441895686717544,0.000440463435588042,70.4817377778173,76.57895317103174,67.82331012609686,94.09023926090151,1110838.0,2.8799999999999955,1.0,5.649999999999977,11.0,0.015915492957746413,2.8799999999999955,38.0,0.00823798627002287,1.0,2.5,0.30944211752157186,0.15441895686717544,-0.0003021018936104791,70.4817377778173,76.57895317103174,67.82331012609686,94.09023926090151,39.176558625445715,10.852053467932327,43.622247367889436,0.10528112906897466,0.29877927325499,0.6700000000000159,0.009999999999990905,0.37000000000000455,1.0,22286.0,22286.0,2022-03-21,2022-03-21 09:40:00,1.7224922543418402,43.0,1.0,best_within_2.0d,22328.0,345.7501,0.5832424107187206,4.3760036431226785,32.22527881040892,0.012230020343504162,2.285057100371749,15.890706319702602,0.006381710269403211,0.5539823008849571,5.649999999999977,11.0,0.015915492957746413,2.8799999999999955,38.0,0.00823798627002287,1.0,0.00402220134195386,1.9444468750000041,16.553125,0.005470102952261012,1.0,1
22289.0,2022-03-21 10:00:00,348.53,348.88,347.99,347.99,965786.0,1,1,1.0,buy,False,0.9168397940820427,4.490000000000009,5.0,0.01273831139355427,-0.5220119719472793,-0.11265870381478735,-0.37366468978842704,-0.0010673592720256862,30.0018372438969,18.144208151405,36.55388128120415,-18.675138108193295,965786.0,4.490000000000009,1.0,4.490000000000009,5.0,0.01273831139355427,4.490000000000009,5.0,0.01273831139355427,1.0,1.0,-0.5220119719472793,-0.37366468978842704,-0.11265870381478735,30.0018372438969,18.144208151405,36.55388128120415,-18.675138108193295,20.116343876271422,35.00418001950695,37.552465223925154,-0.15493644736463538,0.2557544757033209,0.35000000000002274,0.0,0.5399999999999636,0.0,22290.0,22290.0,2022-03-21,2022-03-21 10:00:00,2.7357107962872442,261.0,1.0,best_within_2.0d,22550.0,357.51,0.5832424107187206,4.3760036431226785,32.22527881040892,0.012230020343504162,2.285057100371749,15.890706319702602,0.006381710269403211,0.4929364202292669,5.6011759621451125,36.843533123028394,0.015614239272951093,2.82998018927445,22.52492113564669,0.007835530045022196,1.8630914826498424,0.00402220134195386,1.9444468750000041,16.553125,0.005470102952261012,0.0,0
22290.0,2022-03-21 10:05:00,348.005,348.42,347.715,348.11,863129.0,1,1,1.0,buy,False,1.0142920249100722,4.765000000000043,6.0,0.01351849750340457,-0.5774973811905968,-0.18484587646361195,-0.47359456705891034,-0.0013533703273177521,31.561305194790762,14.859342685057232,29.322368415821842,-14.066708776471984,863129.0,4.765000000000043,1.0,4.765000000000043,6.0,0.01351849750340457,4.765000000000043,6.0,0.01351849750340457,1.0,1.0,-0.5774973811905968,-0.47359456705891034,-0.18484587646361195,31.561305194790762,14.859342685057232,29.322368415821842,-14.066708776471984,19.6961170512099,35.59454988830383,36.92402337718649,0.03017198028764477,0.20275225400113336,0.3100000000000023,0.29000000000002046,0.10500000000001819,1.0,22291.0,22291.0,2022-03-21,2022-03-21 10:05:00,2.700295883485099,260.0,1.0,best_within_2.0d,22550.0,357.51,0.5832424107187206,4.3760036431226785,32.22527881040892,0.012230020343504162,2.285057100371749,15.890706319702602,0.006381710269403211,0.4929364202292669,5.6011759621451125,36.843533123028394,0.015614239272951093,2.82998018927445,22.52492113564669,0.007835530045022196,1.8630914826498424,0.00402220134195386,1.9444468750000041,16.553125,0.005470102952261012,0.0,0
22291.0,2022-03-21 10:10:00,348.13,348.31,347.3,347.6,963471.0,1,1,1.0,buy,False,1.1306110709768025,5.180000000000007,7.0,0.014695869269178412,-0.6437248017326057,-0.2653114766801877,-0.5871738775464905,-0.0016787714497057142,28.640857438196036,11.83673038720682,23.493822406283503,-11.477453650946543,963471.0,5.180000000000007,1.0,5.180000000000007,7.0,0.014695869269178412,5.180000000000007,7.0,0.014695869269178412,1.0,1.0,-0.6437248017326057,-0.5871738775464905,-0.2653114766801877,28.640857438196036,11.83673038720682,23.493822406283503,-11.477453650946543,18.497461603753955,35.870661904838194,36.5690755881126,-0.15224197857121557,0.2908148574719237,0.18000000000000682,0.30000000000001137,0.5299999999999727,0.0,22292.0,22292.0,2022-03-21,2022-03-21 10:10:00,2.850978135788253,259.0,1.0,best_within_2.0d,22550.0,357.51,0.5832424107187206,4.3760036431226785,32.22527881040892,0.012230020343504162,2.285057100371749,15.890706319702602,0.006381710269403211,0.4929364202292669,5.6011759621451125,36.843533123028394,0.015614239272951093,2.82998018927445,22.52492113564669,0.007835530045022196,1.8630914826498424,0.00402220134195386,1.9444468750000041,16.553125,0.005470102952261012,0.0,0
22292.0,2022-03-21 10:15:00,347.6,347.84,347.17,347.59,825655.0,1,1,1.0,buy,False,1.13799429232265,5.310000000000002,8.0,0.015064684521107586,-0.6479285131759208,-0.34630254082717776,-0.6702667974151382,-0.0019172226918904875,28.585004341550558,10.527688431395624,19.17177774798754,-6.760490201788208,825655.0,5.310000000000002,1.0,5.310000000000002,8.0,0.015064684521107586,5.310000000000002,8.0,0.015064684521107586,1.0,1.0,-0.6479285131759208,-0.6702667974151382,-0.34630254082717776,28.585004341550558,10.527688431395624,19.17177774798754,-6.760490201788208,16.537777007764703,36.301208045234965,36.62865046626165,-0.002876869965491297,0.19298902554943084,0.23999999999995225,0.4199999999999591,0.010000000000047748,0.0,22293.0,22293.0,2022-03-21,2022-03-21 10:15:00,2.8539371098132906,258.0,1.0,best_within_2.0d,22550.0,357.51,0.5832424107187206,4.3760036431226785,32.22527881040892,0.012230020343504162,2.285057100371749,15.890706319702602,0.006381710269403211,0.4929364202292669,5.6011759621451125,36.843533123028394,0.015614239272951093,2.82998018927445,22.52492113564669,0.007835530045022196,1.8630914826498424,0.00402220134195386,1.9444468750000041,16.553125,0.005470102952261012,0.0,0
22293.0,2022-03-21 10:20:00,347.5812,347.59,346.7805,347.175,766558.0,1,1,1.0,buy,False,1.1649080766889595,5.6995000000000005,9.0,0.016169711756695414,-0.663252147403302,-0.42920905925259056,-0.7608351329542415,-0.002177403370963867,26.29339450044715,9.325678885836657,15.889744793937247,-3.802452930364524,766558.0,5.6995000000000005,1.0,5.6995000000000005,9.0,0.016169711756695414,5.6995000000000005,9.0,0.016169711756695414,1.0,1.0,-0.663252147403302,-0.7608351329542415,-0.42920905925259056,26.29339450044715,9.325678885836657,15.889744793937247,-3.802452930364524,15.578316789211122,37.62201133379012,36.971979754380264,-0.11686477864741032,0.23343296407957118,0.00879999999995107,0.39449999999999363,0.40620000000001255,0.0,22294.0,22294.0,2022-03-21,2022-03-21 10:20:00,2.9768848563404564,257.0,1.0,best_within_2.0d,22550.0,357.51,0.5832424107187206,4.3760036431226785,32.22527881040892,0.012230020343504162,2.285057100371749,15.890706319702602,0.006381710269403211,0.4929364202292669,5.6011759621451125,36.843533123028394,0.015614239272951093,2.82998018927445,22.52492113564669,0.007835530045022196,1.8630914826498424,0.00402220134195386,1.9444468750000041,16.553125,0.005470102952261012,0.0,0
22294.0,2022-03-21 10:25:00,347.14,347.2,346.635,346.72,770066.0,1,1,1.0,buy,False,1.20896424547929,5.845000000000027,10.0,0.016582501134816238,-0.68833597087511,-0.5152510556119794,-0.8594190410495344,-0.002460946897607926,24.01976759245217,6.749200634376466,12.84289674075032,-5.438191578371239,770066.0,5.845000000000027,1.0,5.845000000000027,10.0,0.016582501134816238,5.845000000000027,10.0,0.016582501134816238,1.0,1.0,-0.68833597087511,-0.8594190410495344,-0.5152510556119794,24.01976759245217,6.749200634376466,12.84289674075032,-5.438191578371239,15.161836120327882,37.68192372204805,37.37514986245527,-0.12098865011233483,0.162995658257244,0.060000000000002274,0.08500000000003638,0.4199999999999591,0.0,22295.0,22295.0,2022-03-21,2022-03-21 10:25:00,3.1120212275034502,256.0,1.0,best_within_2.0d,22550.0,357.51,0.5832424107187206,4.3760036431226785,32.22527881040892,0.012230020343504162,2.285057100371749,15.890706319702602,0.006381710269403211,0.4929364202292669,5.6011759621451125,36.843533123028394,0.015614239272951093,2.82998018927445,22.52492113564669,0.007835530045022196,1.8630914826498424,0.00402220134195386,1.9444468750000041,16.553125,0.005470102952261012,1.0,0
22298.0,2022-03-21 10:45:00,347.8528,348.62,347.72,348.59,438591.0,3a,3a,0.0,sell,False,0.0021167048054918543,4.163492493946733,28.239017640954685,0.011578080659927173,-0.050004294593951615,-0.6818940659352227,-0.7068962132321985,-0.00202620419647966,47.068256600715216,55.63721985107594,33.087485265569114,100.73668902208959,438591.0,1.9850000000000136,2.0,1.9850000000000136,5.0,0.005726484630807662,1.9850000000000136,5.0,0.005726484630807662,3.0,3.0,-0.050004294593951615,-0.7068962132321985,-0.6818940659352227,47.068256600715216,55.63721985107594,33.087485265569114,100.73668902208959,16.554346546243114,33.21120107494892,36.0507466080992,0.2119287238739987,0.25882894282755586,0.03000000000002956,0.13279999999997472,0.737199999999973,1.0,22299.0,22299.0,2022-03-21,2022-03-21 10:45:00,0.8146820046472933,30.0,1.0,best_within_2.0d,22328.0,345.7501,0.5832424107187206,4.3760036431226785,32.22527881040892,0.012230020343504162,2.285057100371749,15.890706319702602,0.006381710269403211,0.4929364202292669,5.6011759621451125,36.843533123028394,0.015614239272951093,2.82998018927445,22.52492113564669,0.007835530045022196,1.8630914826498424,0.0021167048054918543,1.9850000000000136,5.0,0.005726484630807662,0.0,1
22299.0,2022-03-21 10:50:00,348.5999,349.01,348.55,349.01,668076.0,3a,3a,0.0,sell,False,0.0021167048054918543,4.163492493946733,28.239017640954685,0.011578080659927173,0.150966463987398,-0.663023257936798,-0.587540025943099,-0.0016840413751071932,50.8033618069822,70.42481323405062,45.533261255062946,120.20791719202596,668076.0,2.375,2.0,2.375,6.0,0.006851587404618691,2.375,6.0,0.006851587404618691,3.0,3.0,0.150966463987398,-0.587540025943099,-0.663023257936798,50.8033618069822,70.42481323405062,45.533261255062946,120.20791719202596,13.070573877627794,34.626188808411825,36.703767248885434,0.11764203030465584,0.13197532635202397,0.0,0.04989999999997963,0.4100999999999999,1.0,22300.0,22300.0,2022-03-21,2022-03-21 10:50:00,0.9340420045270956,29.0,1.0,best_within_2.0d,22328.0,345.7501,0.5832424107187206,4.3760036431226785,32.22527881040892,0.012230020343504162,2.285057100371749,15.890706319702602,0.006381710269403211,0.4929364202292669,5.6011759621451125,36.843533123028394,0.015614239272951093,2.82998018927445,22.52492113564669,0.007835530045022196,1.8630914826498424,0.0021167048054918543,2.375,6.0,0.006851587404618691,0.0,1
22300.0,2022-03-21 10:55:00,349.0001,349.81,348.77,349.49,639079.0,2s,2s,0.0,sell,False,0.08141592920353653,4.163492493946733,28.239017640954685,0.011578080659927173,0.34237140074337424,-0.6202268328438761,-0.449041132472189,-0.001286903019595521,54.73460229008308,76.92362877020705,55.99671709344431,118.77745212373252,639079.0,3.1750000000000114,1.0,5.649999999999977,11.0,0.015915492957746413,3.1750000000000114,7.0,0.00915949053038502,2.0,2.5,0.34237140074337424,-0.449041132472189,-0.6202268328438761,54.73460229008308,76.92362877020705,55.99671709344431,118.77745212373252,20.14215266362634,26.200233062456206,35.01581527636777,0.14037245261535292,0.29819078475786925,0.3199999999999932,0.2300999999999931,0.4899000000000342,1.0,22301.0,22301.0,2022-03-21,2022-03-21 10:55:00,1.0701021488454703,28.0,1.0,best_within_2.0d,22328.0,345.7501,0.5832424107187206,4.3760036431226785,32.22527881040892,0.012230020343504162,2.285057100371749,15.890706319702602,0.006381710269403211,0.08141592920353653,5.649999999999977,11.0,0.015915492957746413,3.1750000000000114,7.0,0.00915949053038502,2.0,0.00402220134195386,1.9444468750000041,16.553125,0.005470102952261012,0.0,1
22301.0,2022-03-21 11:00:00,349.5,350.19,349.4341,349.6005,720800.0,2s,2s,0.0,sell,False,0.14867256637167758,4.163492493946733,28.239017640954685,0.011578080659927173,0.4698053153954218,-0.5615011684194484,-0.3265985107217375,-0.0009358628985247531,55.61392174752105,79.08832635313394,63.69392018000751,109.87713869938679,720800.0,3.555000000000007,1.0,5.649999999999977,11.0,0.015915492957746413,3.555000000000007,8.0,0.010255744515123998,2.0,2.5,0.4698053153954218,-0.3265985107217375,-0.5615011684194484,55.61392174752105,79.08832635313394,63.69392018000751,109.87713869938679,26.283634701430557,14.390949287529322,34.603158183753685,0.028755364806870076,0.2163211890310639,0.5894999999999868,0.06589999999999918,0.10050000000001091,1.0,22302.0,22302.0,2022-03-21,2022-03-21 11:00:00,1.1013714225237194,27.0,1.0,best_within_2.0d,22328.0,345.7501,0.5832424107187206,4.3760036431226785,32.22527881040892,0.012230020343504162,2.285057100371749,15.890706319702602,0.006381710269403211,0.14867256637167758,5.649999999999977,11.0,0.015915492957746413,3.555000000000007,8.0,0.010255744515123998,2.0,0.00402220134195386,1.9444468750000041,16.553125,0.005470102952261012,0.0,1
22304.0,2022-03-21 11:15:00,349.9101,351.02,349.67,350.6267,666317.0,2s,2s,0.0,sell,False,0.295575221238932,4.163492493946733,28.239017640954685,0.011578080659927173,0.6876902257465822,-0.34567104895996614,-0.0018259360866750285,-5.229258137836047e-06,62.07706386042761,84.575653233309,76.45748741900033,100.81198486192633,666317.0,4.384999999999991,1.0,5.649999999999977,11.0,0.015915492957746413,4.384999999999991,11.0,0.012650194008106484,2.0,2.5,0.6876902257465822,-0.0018259360866750285,-0.34567104895996614,62.07706386042761,84.575653233309,76.45748741900033,100.81198486192633,35.78942074780662,12.942024491027382,34.1002550358657,0.204795460319673,0.3860783023993954,0.3932999999999538,0.240099999999984,0.7166000000000281,1.0,22305.0,22305.0,2022-03-21,2022-03-21 11:15:00,1.3908239161478726,24.0,1.0,best_within_2.0d,22328.0,345.7501,0.5832424107187206,4.3760036431226785,32.22527881040892,0.012230020343504162,2.285057100371749,15.890706319702602,0.006381710269403211,0.295575221238932,5.649999999999977,11.0,0.015915492957746413,4.384999999999991,11.0,0.012650194008106484,2.0,0.00402220134195386,1.9444468750000041,16.553125,0.005470102952261012,0.0,1
22305.0,2022-03-21 11:20:00,350.625,351.26,350.36,351.09,537339.0,2s,2s,0.0,sell,False,0.33805309734512845,4.163492493946733,28.239017640954685,0.011578080659927173,0.7947822318977302,-0.24632326997274986,0.15106784597611522,0.00043246436262986415,64.8195618770319,88.17305129268723,80.36267537689596,103.7938031242698,537339.0,4.625,1.0,5.649999999999977,11.0,0.015915492957746413,4.625,12.0,0.013342564945836398,2.0,2.5,0.7947822318977302,0.15106784597611522,-0.24632326997274986,64.8195618770319,88.17305129268723,80.36267537689596,103.7938031242698,38.152763325974156,9.551726179901838,35.94699415364855,0.13262032085560785,0.2568786391140476,0.17000000000001592,0.26499999999998636,0.464999999999975,1.0,22306.0,22306.0,2022-03-21,2022-03-21 11:20:00,1.5209490444045688,23.0,1.0,best_within_2.0d,22328.0,345.7501,0.5832424107187206,4.3760036431226785,32.22527881040892,0.012230020343504162,2.285057100371749,15.890706319702602,0.006381710269403211,0.33805309734512845,5.649999999999977,11.0,0.015915492957746413,4.625,12.0,0.013342564945836398,2.0,0.00402220134195386,1.9444468750000041,16.553125,0.005470102952261012,0.0,1
22306.0,2022-03-21 11:25:00,351.1,351.88,351.08,351.62,696339.0,2s,2s,0.0,sell,False,0.447787610619466,4.163492493946733,28.239017640954685,0.011578080659927173,0.8923797168384704,-0.13477580536794107,0.3114140530512941,0.0008910551877959046,67.69748359111895,90.03203419512488,83.58579498297226,102.92451261943012,696339.0,5.2450000000000045,1.0,5.649999999999977,11.0,0.015915492957746413,5.2450000000000045,13.0,0.015131189868305292,2.0,2.5,0.8923797168384704,0.3114140530512941,-0.13477580536794107,67.69748359111895,90.03203419512488,83.58579498297226,102.92451261943012,42.92563739969435,8.360039829636376,38.19350527195388,0.1481059527200176,0.22786829212715376,0.2599999999999909,0.020000000000038654,0.5199999999999818,1.0,22307.0,22307.0,2022-03-21,2022-03-21 11:25:00,1.6693874068596866,22.0,1.0,best_within_2.0d,22328.0,345.7501,0.5832424107187206,4.3760036431226785,32.22527881040892,0.012230020343504162,2.285057100371749,15.890706319702602,0.006381710269403211,0.447787610619466,5.649999999999977,11.0,0.015915492957746413,5.2450000000000045,13.0,0.015131189868305292,2.0,0.00402220134195386,1.9444468750000041,16.553125,0.005470102952261012,0.0,1
22309.0,2022-03-21 11:40:00,351.37,351.89,350.98,351.0785,581904.0,2s,2s,0.0,sell,False,0.44955752212388916,4.163492493946733,28.239017640954685,0.011578080659927173,0.7015527978000942,0.16244866702687047,0.5132250659269175,0.0014669963868519213,61.39192218660108,81.30112430598199,83.85532733672389,76.19271824449817,581904.0,5.2549999999999955,1.0,5.649999999999977,11.0,0.015915492957746413,5.2549999999999955,16.0,0.015160038657377344,2.0,2.5,0.7015527978000942,0.5132250659269175,0.16244866702687047,61.39192218660108,81.30112430598199,83.85532733672389,76.19271824449817,39.09206532510425,7.288602439157237,44.58290309175265,-0.08296098130175741,0.2592740327084073,0.5199999999999818,0.09850000000000136,0.291499999999985,0.0,22310.0,22310.0,2022-03-21,2022-03-21 11:40:00,1.5177232442317157,19.0,1.0,best_within_2.0d,22328.0,345.7501,0.5832424107187206,4.3760036431226785,32.22527881040892,0.012230020343504162,2.285057100371749,15.890706319702602,0.006381710269403211,0.44955752212388916,5.649999999999977,11.0,0.015915492957746413,5.2549999999999955,16.0,0.015160038657377344,2.0,0.00402220134195386,1.9444468750000041,16.553125,0.005470102952261012,0.0,1
22312.0,2022-03-21 11:55:00,351.38,352.1594,351.01,351.8109,673470.0,2s,2s,0.0,sell,False,0.4972389380530962,4.163492493946733,28.239017640954685,0.011578080659927173,0.5040193699646753,0.3621158210638127,0.6141255060461503,0.0017537983132821478,65.81655704655198,81.02850933972492,80.67095410712032,81.74361980493413,673470.0,5.524400000000014,1.0,5.649999999999977,11.0,0.015915492957746413,5.524400000000014,19.0,0.0159372250349792,2.0,2.5,0.5040193699646753,0.6141255060461503,0.3621158210638127,65.81655704655198,81.02850933972492,80.67095410712032,81.74361980493413,35.26460352388566,9.23966477831327,47.22628041161982,0.12263077010643984,0.32745505826045246,0.34850000000000136,0.37000000000000455,0.4309000000000083,1.0,22313.0,22313.0,2022-03-21,2022-03-21 11:55:00,1.7227436671234542,16.0,1.0,best_within_2.0d,22328.0,345.7501,0.5832424107187206,4.3760036431226785,32.22527881040892,0.012230020343504162,2.285057100371749,15.890706319702602,0.006381710269403211,0.4972389380530962,5.649999999999977,11.0,0.015915492957746413,5.524400000000014,19.0,0.0159372250349792,2.0,0.00402220134195386,1.9444468750000041,16.553125,0.005470102952261012,1.0,1
22319.0,2022-03-21 12:30:00,351.0,351.0107,348.68,349.03,1768831.0,2,2,1.0,buy,False,0.6298240532908532,4.163492493946733,28.239017640954685,0.011578080659927173,-0.3142053202041548,0.4233832426139882,0.2662805825119108,0.0007599889395467088,39.65849766930893,32.04761061387269,43.164907379246046,9.813017083125985,1768831.0,3.4793999999999983,1.0,5.524400000000014,19.0,0.0159372250349792,3.4793999999999983,8.0,0.009880184938979332,2.0,2.0,-0.3142053202041548,0.2662805825119108,0.4233832426139882,39.65849766930893,32.04761061387269,43.164907379246046,9.813017083125985,12.827548068742805,26.515796041064103,39.93372714408012,-0.5612535612535691,0.6684352414821553,0.010699999999985721,0.3499999999999659,1.9700000000000273,0.0,22320.0,22320.0,2022-03-21,2022-03-21 12:30:00,2.429590579606343,231.0,1.0,best_within_2.0d,22550.0,357.51,0.6298240532908532,5.524400000000014,19.0,0.0159372250349792,3.4793999999999983,8.0,0.009880184938979332,0.4929364202292669,5.6011759621451125,36.843533123028394,0.015614239272951093,2.82998018927445,22.52492113564669,0.007835530045022196,1.8630914826498424,0.00402220134195386,1.9444468750000041,16.553125,0.005470102952261012,0.0,0
22320.0,2022-03-21 12:35:00,349.07,349.09,347.725,348.67,955954.0,2,2,1.0,buy,False,0.8026935051770275,4.163492493946733,28.239017640954685,0.011578080659927173,-0.5344374233301457,0.35657856469772,0.08935985303264715,0.0002551330543668686,37.55301817034622,28.468627774694344,38.266147511062144,8.873588301958748,955954.0,4.434399999999982,1.0,5.524400000000014,19.0,0.0159372250349792,4.434399999999982,9.0,0.012592025088638787,2.0,2.0,-0.5344374233301457,0.08935985303264715,0.35657856469772,37.55301817034622,28.468627774694344,38.266147511062144,8.873588301958748,8.10713165823682,32.004526305743944,41.33683091617689,-0.11459019680865651,0.3925515853044653,0.01999999999998181,0.9449999999999932,0.39999999999997726,0.0,22321.0,22321.0,2022-03-21,2022-03-21 12:35:00,2.5353486104339273,230.0,1.0,best_within_2.0d,22550.0,357.51,0.8026935051770275,5.524400000000014,19.0,0.0159372250349792,4.434399999999982,9.0,0.012592025088638787,0.4929364202292669,5.6011759621451125,36.843533123028394,0.015614239272951093,2.82998018927445,22.52492113564669,0.007835530045022196,1.8630914826498424,0.00402220134195386,1.9444468750000041,16.553125,0.005470102952261012,0.0,0
22324.0,2022-03-21 12:55:00,347.77,348.33,347.08,347.235,905089.0,2,2,1.0,buy,False,0.9194482658750286,4.163492493946733,28.239017640954685,0.011578080659927173,-0.8772844464253412,0.010356180726805175,-0.42828604248586544,-0.0012246078665697885,31.87093008608562,16.326036882817824,26.14966500016056,-3.321219351867647,905089.0,5.079400000000021,1.0,5.524400000000014,19.0,0.0159372250349792,5.079400000000021,13.0,0.014423582048356571,2.0,2.0,-0.8772844464253412,-0.42828604248586544,0.010356180726805175,31.87093008608562,16.326036882817824,26.14966500016056,-3.321219351867647,10.240532999993983,36.69529694517354,43.910453537769286,-0.1538373062656262,0.36014751642272674,0.5600000000000023,0.15500000000002956,0.5349999999999682,0.0,22325.0,22325.0,2022-03-21,2022-03-21 12:55:00,2.959091105447313,226.0,1.0,best_within_2.0d,22550.0,357.51,0.9194482658750286,5.524400000000014,19.0,0.0159372250349792,5.079400000000021,13.0,0.014423582048356571,0.4929364202292669,5.6011759621451125,36.843533123028394,0.015614239272951093,2.82998018927445,22.52492113564669,0.007835530045022196,1.8630914826498424,0.00402220134195386,1.9444468750000041,16.553125,0.005470102952261012,0.0,0
22325.0,2022-03-21 13:00:00,347.3,347.595,346.71,346.81,806778.0,2,2,1.0,buy,False,0.986423865035119,4.163492493946733,28.239017640954685,0.011578080659927173,-0.9695084083409303,-0.11083237031581113,-0.5955865744862763,-0.0017040290564689826,30.02567313769235,11.56708469783499,21.28880489938537,-7.876355705265766,806778.0,5.449400000000026,1.0,5.524400000000014,19.0,0.0159372250349792,5.449400000000026,14.0,0.015474242629900055,2.0,2.0,-0.9695084083409303,-0.5955865744862763,-0.11083237031581113,30.02567313769235,11.56708469783499,21.28880489938537,-7.876355705265766,8.011886840407891,39.52504773635242,45.50913185571658,-0.14108839619925398,0.2552565544691667,0.2950000000000159,0.10000000000002274,0.4900000000000091,0.0,22326.0,22326.0,2022-03-21,2022-03-21 13:00:00,3.085262824024679,225.0,1.0,best_within_2.0d,22550.0,357.51,0.986423865035119,5.524400000000014,19.0,0.0159372250349792,5.449400000000026,14.0,0.015474242629900055,0.4929364202292669,5.6011759621451125,36.843533123028394,0.015614239272951093,2.82998018927445,22.52492113564669,0.007835530045022196,1.8630914826498424,0.00402220134195386,1.9444468750000041,16.553125,0.005470102952261012,0.0,0
22326.0,2022-03-21 13:05:00,346.8,347.65,346.71,347.35,665169.0,2,2,1.0,buy,False,0.986423865035119,4.163492493946733,28.239017640954685,0.011578080659927173,-0.9055454161413438,-0.22402554733347907,-0.676798255404151,-0.0019372728701166212,35.16231322678867,12.082974498010511,18.220194765593746,-0.191466037155962,665169.0,5.449400000000026,1.0,5.524400000000014,19.0,0.0159372250349792,5.449400000000026,15.0,0.015474242629900055,2.0,2.0,-0.9055454161413438,-0.676798255404151,-0.22402554733347907,35.16231322678867,12.082974498010511,18.220194765593746,-0.191466037155962,5.97939915297341,40.07188493125394,47.54644842638332,0.15859284890427086,0.2711199561593256,0.2999999999999545,0.09000000000003183,0.5500000000000114,1.0,22327.0,22327.0,2022-03-21,2022-03-21 13:05:00,2.925003598675678,224.0,1.0,best_within_2.0d,22550.0,357.51,0.986423865035119,5.524400000000014,19.0,0.0159372250349792,5.449400000000026,15.0,0.015474242629900055,0.4929364202292669,5.6011759621451125,36.843533123028394,0.015614239272951093,2.82998018927445,22.52492113564669,0.007835530045022196,1.8630914826498424,0.00402220134195386,1.9444468750000041,16.553125,0.005470102952261012,0.0,0
22327.0,2022-03-21 13:10:00,347.36,347.42,346.48,346.85,968805.0,1,1,1.0,buy,False,1.7028036467214756,5.679399999999987,16.0,0.016127355964372914,-0.8777173322557531,-0.3337402138654482,-0.7725988799933248,-0.0022126691453644765,32.7640393634298,10.777485827522836,15.739291786236777,0.8538739100949542,968805.0,5.679399999999987,1.0,5.679399999999987,16.0,0.016127355964372914,5.679399999999987,16.0,0.016127355964372914,1.0,1.0,-0.8777173322557531,-0.7725988799933248,-0.3337402138654482,32.7640393634298,10.777485827522836,15.739291786236777,0.8538739100949542,6.081866629032913,41.0946015873338,49.45145383996485,-0.14682174113311575,0.2712999307319319,0.060000000000002274,0.37000000000000455,0.5099999999999909,0.0,22328.0,22328.0,2022-03-21,2022-03-21 13:10:00,3.0733746576329732,223.0,1.0,best_within_2.0d,22550.0,357.51,0.5832424107187206,4.3760036431226785,32.22527881040892,0.012230020343504162,2.285057100371749,15.890706319702602,0.006381710269403211,0.4929364202292669,5.6011759621451125,36.843533123028394,0.015614239272951093,2.82998018927445,22.52492113564669,0.007835530045022196,1.8630914826498424,0.00402220134195386,1.9444468750000041,16.553125,0.005470102952261012,0.0,0
22328.0,2022-03-21 13:15:00,346.82,346.87,345.74,345.7501,920599.0,1,1,1.0,buy,False,1.7028036467214756,6.419399999999996,17.0,0.01822867712745988,-0.9485646406970638,-0.4523107939525811,-0.926593114301113,-0.0026556248402854524,28.20642782361442,7.273123186934646,12.917235586469399,-4.01510161213486,920599.0,6.419399999999996,1.0,6.419399999999996,17.0,0.01822867712745988,6.419399999999996,17.0,0.01822867712745988,1.0,1.0,-0.9485646406970638,-0.926593114301113,-0.4523107939525811,28.20642782361442,7.273123186934646,12.917235586469399,-4.01510161213486,5.9421022566855735,42.776570389290164,51.31966920873136,-0.3084885531399626,0.3268351940764723,0.05000000000001137,0.010099999999965803,1.0699000000000183,0.0,22329.0,22329.0,2022-03-21,2022-03-21 13:15:00,3.401271612068953,222.0,1.0,best_within_2.0d,22550.0,357.51,0.5832424107187206,4.3760036431226785,32.22527881040892,0.012230020343504162,2.285057100371749,15.890706319702602,0.006381710269403211,0.4929364202292669,5.6011759621451125,36.843533123028394,0.015614239272951093,2.82998018927445,22.52492113564669,0.007835530045022196,1.8630914826498424,0.00402220134195386,1.9444468750000041,16.553125,0.005470102952261012,0.0,0
22329.0,2022-03-21 13:20:00,345.76,346.36,345.575,346.18,713066.0,1,1,1.0,buy,False,1.7028036467214762,6.5844000000000165,18.0,0.018697214954364463,-0.8801273455033589,-0.562326712140501,-1.0023903848921805,-0.002874530924197005,32.177541523341574,9.909392873263968,11.914621348734254,5.898935922323396,713066.0,6.5844000000000165,1.0,6.5844000000000165,18.0,0.018697214954364463,6.5844000000000165,18.0,0.018697214954364463,1.0,1.0,-0.8801273455033589,-1.0023903848921805,-0.562326712140501,32.177541523341574,9.909392873263968,11.914621348734254,5.898935922323396,5.848028794272028,43.16556060302582,53.09234374542764,0.12147154095326698,0.22715763582435797,0.18000000000000682,0.18500000000000227,0.4200000000000159,1.0,22330.0,22330.0,2022-03-21,2022-03-21 13:20:00,3.272863828066319,221.0,1.0,best_within_2.0d,22550.0,357.51,0.5832424107187206,4.3760036431226785,32.22527881040892,0.012230020343504162,2.285057100371749,15.890706319702602,0.006381710269403211,0.4929364202292669,5.6011759621451125,36.843533123028394,0.015614239272951093,2.82998018927445,22.52492113564669,0.007835530045022196,1.8630914826498424,0.00402220134195386,1.9444468750000041,16.553125,0.005470102952261012,1.0,0
22337.0,2022-03-21 14:00:00,347.47,347.86,346.88,347.1,576025.0,3a,3a,0.0,sell,False,0.0021167048054918543,4.163492493946733,28.239017640954685,0.011578080659927173,0.16044569516145257,-0.7777242315240736,-0.6975013839433473,-0.0020045842113212476,42.80633775612977,70.75808533011173,59.490121403697486,93.2940131829402,576025.0,2.285000000000025,2.0,2.285000000000025,9.0,0.006612168125587861,2.285000000000025,9.0,0.006612168125587861,3.0,3.0,0.16044569516145257,-0.6975013839433473,-0.7777242315240736,42.80633775612977,70.75808533011173,59.490121403697486,93.2940131829402,13.641548991798821,21.87827588333277,49.36390509792232,-0.10648401300831856,0.2825184501845071,0.38999999999998636,0.22000000000002728,0.37000000000000455,0.0,22338.0,22338.0,2022-03-21,2022-03-21 14:00:00,0.2650532987611685,281.0,1.0,best_within_2.0d,22618.0,346.18,0.5832424107187206,4.3760036431226785,32.22527881040892,0.012230020343504162,2.285057100371749,15.890706319702602,0.006381710269403211,0.4929364202292669,5.6011759621451125,36.843533123028394,0.015614239272951093,2.82998018927445,22.52492113564669,0.007835530045022196,1.8630914826498424,0.0021167048054918543,2.285000000000025,9.0,0.006612168125587861,0.0,1
22341.0,2022-03-21 14:20:00,347.43,348.84,347.4273,348.79,677475.0,3a,3a,0.0,sell,False,0.0021167048054918543,4.163492493946733,28.239017640954685,0.011578080659927173,0.4881521437427201,-0.6139831869324562,-0.3699071150610962,-0.0010632211550000248,56.25006675745643,80.56996255805853,72.64883420658646,96.41221926100269,677475.0,3.2649999999999864,2.0,3.2649999999999864,13.0,0.009448021413586014,3.2649999999999864,13.0,0.009448021413586014,3.0,3.0,0.4881521437427201,-0.3699071150610962,-0.6139831869324562,56.25006675745643,80.56996255805853,72.64883420658646,96.41221926100269,24.841994800734923,15.410177522319907,40.43066262009721,0.39144575885790334,0.40661744197994015,0.049999999999954525,0.0027000000000043656,1.3600000000000136,1.0,22342.0,22342.0,2022-03-21,2022-03-21 14:20:00,0.7483012701052247,277.0,1.0,best_within_2.0d,22618.0,346.18,0.5832424107187206,4.3760036431226785,32.22527881040892,0.012230020343504162,2.285057100371749,15.890706319702602,0.006381710269403211,0.4929364202292669,5.6011759621451125,36.843533123028394,0.015614239272951093,2.82998018927445,22.52492113564669,0.007835530045022196,1.8630914826498424,0.0021167048054918543,3.2649999999999864,13.0,0.009448021413586014,0.0,1
22342.0,2022-03-21 14:25:00,348.78,349.23,348.52,349.01,517124.0,3a,3a,0.0,sell,False,0.0021167048054918543,4.163492493946733,28.239017640954685,0.011578080659927173,0.6217533869078777,-0.5362640135689716,-0.2253873201150327,-0.0006476775799564116,57.626338471490484,84.51790607318816,76.60519149545368,100.34333522865711,517124.0,3.6550000000000296,2.0,3.6550000000000296,14.0,0.010576575273095652,3.6550000000000296,14.0,0.010576575273095652,3.0,3.0,0.6217533869078777,-0.2253873201150327,-0.5362640135689716,57.626338471490484,84.51790607318816,76.60519149545368,100.34333522865711,28.907695724050054,9.856316875982158,41.05326359697302,0.06594414817363903,0.20371858143005747,0.22000000000002728,0.2599999999999909,0.2300000000000182,1.0,22343.0,22343.0,2022-03-21,2022-03-21 14:25:00,0.8108650181943166,276.0,1.0,best_within_2.0d,22618.0,346.18,0.5832424107187206,4.3760036431226785,32.22527881040892,0.012230020343504162,2.285057100371749,15.890706319702602,0.006381710269403211,0.4929364202292669,5.6011759621451125,36.843533123028394,0.015614239272951093,2.82998018927445,22.52492113564669,0.007835530045022196,1.8630914826498424,0.0021167048054918543,3.6550000000000296,14.0,0.010576575273095652,0.0,1
22346.0,2022-03-21 14:45:00,348.89,349.42,348.42,348.5,568616.0,3a,3a,0.0,sell,False,0.0021167048054918543,4.163492493946733,28.239017640954685,0.011578080659927173,0.5383912620896056,-0.23282245421467787,0.036373176830124976,0.0001044675348398282,52.74861664405468,77.60163604812664,79.67509239997145,73.45472334443701,568616.0,3.8450000000000273,2.0,3.8450000000000273,18.0,0.01112638356362592,3.8450000000000273,18.0,0.01112638356362592,3.0,3.0,0.5383912620896056,0.036373176830124976,-0.23282245421467787,52.74861664405468,77.60163604812664,79.67509239997145,73.45472334443701,23.59215052949552,10.795124782356675,41.171626144497345,-0.11178308349336077,0.2870099305435968,0.5300000000000296,0.07999999999998408,0.38999999999998636,0.0,22347.0,22347.0,2022-03-21,2022-03-21 14:45:00,0.6657101865136279,272.0,1.0,best_within_2.0d,22618.0,346.18,0.5832424107187206,4.3760036431226785,32.22527881040892,0.012230020343504162,2.285057100371749,15.890706319702602,0.006381710269403211,0.4929364202292669,5.6011759621451125,36.843533123028394,0.015614239272951093,2.82998018927445,22.52492113564669,0.007835530045022196,1.8630914826498424,0.0021167048054918543,3.8450000000000273,18.0,0.01112638356362592,1.0,1
22355.0,2022-03-21 15:30:00,348.845,349.42,348.52,348.8,695624.0,3a,3a,0.0,sell,False,0.0021167048054918543,4.163492493946733,28.239017640954685,0.011578080659927173,0.2528503393154479,-0.03641867864169721,0.09000649101602676,0.000258503461820322,55.725741779943064,62.93446566360035,53.900224065371646,81.00294886005776,695624.0,3.8450000000000273,2.0,3.8450000000000273,27.0,0.01112638356362592,3.8450000000000273,27.0,0.01112638356362592,3.0,3.0,0.2528503393154479,0.09000649101602676,-0.03641867864169721,55.725741779943064,62.93446566360035,53.900224065371646,81.00294886005776,28.04915315448882,15.742344127642962,34.73612961274379,-0.012899711906438653,0.25823482153105537,0.5749999999999886,0.28000000000002956,0.045000000000015916,0.0,22356.0,22356.0,2022-03-21,2022-03-21 15:30:00,0.751146788990827,263.0,1.0,best_within_2.0d,22618.0,346.18,0.5832424107187206,4.3760036431226785,32.22527881040892,0.012230020343504162,2.285057100371749,15.890706319702602,0.006381710269403211,0.4929364202292669,5.6011759621451125,36.843533123028394,0.015614239272951093,2.82998018927445,22.52492113564669,0.007835530045022196,1.8630914826498424,0.0021167048054918543,3.8450000000000273,27.0,0.01112638356362592,1.0,1
22360.0,2022-03-21 15:55:00,349.36,350.18,349.27,350.12,2043224.0,2s,2s,0.0,sell,False,0.1469026548672544,4.163492493946733,28.239017640954685,0.011578080659927173,0.34032254696629616,0.07445388494907708,0.24461515843222514,0.0007021412869937358,62.46566151505946,73.6632743673138,61.74407614456554,97.50167081281032,2043224.0,4.605000000000018,1.0,5.649999999999977,11.0,0.015915492957746413,4.605000000000018,32.0,0.013325616725746997,3.0,2.5,0.34032254696629616,0.24461515843222514,0.07445388494907708,62.46566151505946,73.6632743673138,61.74407614456554,97.50167081281032,31.179682329583226,20.591495698212935,28.017958371927687,0.21754064575223003,0.26054341913133827,0.060000000000002274,0.09000000000003183,0.7599999999999909,1.0,22361.0,22361.0,2022-03-21,2022-03-21 15:55:00,1.1253284588141201,258.0,1.0,best_within_2.0d,22618.0,346.18,0.5832424107187206,4.3760036431226785,32.22527881040892,0.012230020343504162,2.285057100371749,15.890706319702602,0.006381710269403211,0.1469026548672544,5.649999999999977,11.0,0.015915492957746413,4.605000000000018,32.0,0.013325616725746997,3.0,0.00402220134195386,1.9444468750000041,16.553125,0.005470102952261012,0.0,1
22361.0,2022-03-21 16:00:00,350.14,350.68,350.0,350.66,909633.0,2s,2s,0.0,sell,False,0.2353982300884937,4.163492493946733,28.239017640954685,0.011578080659927173,0.5024761308137651,0.1372634013007977,0.38850146670768027,0.0011146120660384567,65.16301050594541,82.23379096797527,68.57398108570212,109.55341073252157,909633.0,5.105000000000018,1.0,5.649999999999977,11.0,0.015915492957746413,5.105000000000018,33.0,0.01477248064819509,3.0,2.5,0.5024761308137651,0.38850146670768027,0.1372634013007977,65.16301050594541,82.23379096797527,68.57398108570212,109.55341073252157,34.854670150228664,18.444644023513714,28.21584975086998,0.14851202376193484,0.19428571428571623,0.01999999999998181,0.13999999999998636,0.5200000000000387,1.0,22362.0,22362.0,2022-03-21,2022-03-21 16:00:00,1.2775908287229847,257.0,1.0,best_within_2.0d,22618.0,346.18,0.5832424107187206,4.3760036431226785,32.22527881040892,0.012230020343504162,2.285057100371749,15.890706319702602,0.006381710269403211,0.2353982300884937,5.649999999999977,11.0,0.015915492957746413,5.105000000000018,33.0,0.01477248064819509,3.0,0.00402220134195386,1.9444468750000041,16.553125,0.005470102952261012,0.0,1
22362.0,2022-03-21 16:05:00,350.67,350.71,350.08,350.44,720878.0,2s,2s,0.0,sell,False,0.24070796460176325,4.163492493946733,28.239017640954685,0.011578080659927173,0.5471876461160748,0.2056618570653071,0.4792556801233445,0.001374435064455116,63.17123073730575,85.36870632987306,74.1722228337591,107.76167332210099,720878.0,5.134999999999991,1.0,5.649999999999977,11.0,0.015915492957746413,5.134999999999991,34.0,0.014859292483541897,3.0,2.5,0.5471876461160748,0.4792556801233445,0.2056618570653071,63.17123073730575,85.36870632987306,74.1722228337591,107.76167332210099,37.13076524442893,10.529452409742216,30.18718200925253,-0.0655887301451559,0.17995886654478846,0.03999999999996362,0.36000000000001364,0.2300000000000182,0.0,22363.0,22363.0,2022-03-21,2022-03-21 16:05:00,1.2156146558612004,256.0,1.0,best_within_2.0d,22618.0,346.18,0.5832424107187206,4.3760036431226785,32.22527881040892,0.012230020343504162,2.285057100371749,15.890706319702602,0.006381710269403211,0.24070796460176325,5.649999999999977,11.0,0.015915492957746413,5.134999999999991,34.0,0.014859292483541897,3.0,0.00402220134195386,1.9444468750000041,16.553125,0.005470102952261012,1.0,1
22368.0,2022-03-21 16:35:00,350.63,350.71,350.08,350.69,31897.0,2s,2s,0.0,sell,False,0.24070796460176325,4.163492493946733,28.239017640954685,0.011578080659927173,0.2887960961429601,0.533196064482297,0.677594112553777,0.001939339786042929,63.76931063849566,95.58141879113944,92.10075094497282,102.54275448347272,31897.0,5.134999999999991,1.0,5.649999999999977,11.0,0.015915492957746413,5.134999999999991,40.0,0.014859292483541897,3.0,2.5,0.2887960961429601,0.677594112553777,0.533196064482297,63.76931063849566,95.58141879113944,92.10075094497282,102.54275448347272,29.343561451131645,17.684166565923974,35.3377314535231,0.017112055443060284,0.17995886654478846,0.01999999999998181,0.5500000000000114,0.060000000000002274,1.0,22369.0,22369.0,2022-03-21,2022-03-21 16:35:00,1.286036100259486,250.0,1.0,best_within_2.0d,22618.0,346.18,0.5832424107187206,4.3760036431226785,32.22527881040892,0.012230020343504162,2.285057100371749,15.890706319702602,0.006381710269403211,0.24070796460176325,5.649999999999977,11.0,0.015915492957746413,5.134999999999991,40.0,0.014859292483541897,3.0,0.00402220134195386,1.9444468750000041,16.553125,0.005470102952261012,0.0,1
22370.0,2022-03-21 16:45:00,350.66,350.76,350.08,350.69,116813.0,2s,2s,0.0,sell,False,0.24955752212388918,4.163492493946733,28.239017640954685,0.011578080659927173,0.16735211866205657,0.5821824655089903,0.6658585248400186,0.0019047585502586703,63.56753556373412,92.7300091985303,92.78635295757007,92.61732168045074,116813.0,5.185000000000002,1.0,5.649999999999977,11.0,0.015915492957746413,5.185000000000002,42.0,0.01500397887578674,3.0,2.5,0.16735211866205657,0.6658585248400186,0.5821824655089903,63.56753556373412,92.7300091985303,92.78635295757007,92.61732168045074,25.809226798579754,22.811293926467563,31.879649238112,0.008555295728047885,0.19424131627056868,0.06999999999999318,0.5800000000000409,0.029999999999972715,1.0,22371.0,22371.0,2022-03-21,2022-03-21 16:45:00,1.286036100259486,248.0,1.0,best_within_2.0d,22618.0,346.18,0.5832424107187206,4.3760036431226785,32.22527881040892,0.012230020343504162,2.285057100371749,15.890706319702602,0.006381710269403211,0.24955752212388918,5.649999999999977,11.0,0.015915492957746413,5.185000000000002,42.0,0.01500397887578674,3.0,0.00402220134195386,1.9444468750000041,16.553125,0.005470102952261012,1.0,1
22384.0,2022-03-21 17:55:00,350.08,350.58,350.08,350.58,19202.0,2,2,1.0,buy,False,0.1311475409836078,4.163492493946733,28.239017640954685,0.011578080659927173,-0.19057155005769288,0.3956778732368113,0.30039209820796486,0.0008576839841007136,59.39507932376249,77.90909994806415,74.99166872535847,83.74396239347553,19202.0,0.6800000000000068,1.0,5.185000000000002,42.0,0.01500397887578674,0.6800000000000068,15.0,0.0019386475082677809,2.0,2.0,-0.19057155005769288,0.30039209820796486,0.3956778732368113,59.39507932376249,77.90909994806415,74.99166872535847,83.74396239347553,12.163805919720994,47.7406856782472,51.98492169753499,0.14282449725776966,0.14282449725776966,0.0,0.0,0.5,1.0,22385.0,22385.0,2022-03-21,2022-03-21 17:55:00,1.9767242854697948,166.0,1.0,best_within_2.0d,22550.0,357.51,0.1311475409836078,5.185000000000002,42.0,0.01500397887578674,0.6800000000000068,15.0,0.0019386475082677809,0.4929364202292669,5.6011759621451125,36.843533123028394,0.015614239272951093,2.82998018927445,22.52492113564669,0.007835530045022196,1.8630914826498424,0.00402220134195386,1.9444468750000041,16.553125,0.005470102952261012,1.0,0
22391.0,2022-03-21 18:30:00,350.16,350.16,350.0,350.0,27431.0,2,2,1.0,buy,False,0.14657666345226433,4.163492493946733,28.239017640954685,0.011578080659927173,-0.2432221041709724,0.17970221490645813,0.05809116282097193,0.00016588210828754346,45.021107352977815,12.469886686160947,25.855821417574717,-14.301982776666591,27431.0,0.7599999999999909,1.0,5.185000000000002,42.0,0.01500397887578674,0.7599999999999909,22.0,0.0021667236857110016,2.0,2.0,-0.2432221041709724,0.05809116282097193,0.17970221490645813,45.021107352977815,12.469886686160947,25.855821417574717,-14.301982776666591,6.510416666668704,37.68601190476279,59.207878353614504,-0.0456933973040967,0.04571428571429286,0.0,0.0,0.160000000000025,0.0,22392.0,22392.0,2022-03-21,2022-03-21 18:30:00,2.1457142857142832,159.0,1.0,best_within_2.0d,22550.0,357.51,0.14657666345226433,5.185000000000002,42.0,0.01500397887578674,0.7599999999999909,22.0,0.0021667236857110016,0.4929364202292669,5.6011759621451125,36.843533123028394,0.015614239272951093,2.82998018927445,22.52492113564669,0.007835530045022196,1.8630914826498424,0.00402220134195386,1.9444468750000041,16.553125,0.005470102952261012,1.0,0
22397.0,2022-03-21 19:00:00,350.05,350.21,350.0,350.05,6922.0,2,2,1.0,buy,False,0.14657666345226433,4.163492493946733,28.239017640954685,0.011578080659927173,-0.12107011314656665,0.05867421291005985,-0.001860843663223477,-5.314169079071724e-06,46.480555544192136,32.19464258823689,31.37973903573709,33.82444969323649,6922.0,0.7599999999999909,1.0,5.185000000000002,42.0,0.01500397887578674,0.7599999999999909,28.0,0.0021667236857110016,2.0,2.0,-0.12107011314656665,-0.001860843663223477,0.05867421291005985,46.480555544192136,32.19464258823689,31.37973903573709,33.82444969323649,5.13752766361046,35.97850142270249,62.44462799891984,0.0,0.05999999999999415,0.15999999999996817,0.05000000000001137,0.0,0.0,22398.0,22398.0,2022-03-21,2022-03-21 19:00:00,2.1311241251249764,153.0,1.0,best_within_2.0d,22550.0,357.51,0.14657666345226433,5.185000000000002,42.0,0.01500397887578674,0.7599999999999909,28.0,0.0021667236857110016,0.4929364202292669,5.6011759621451125,36.843533123028394,0.015614239272951093,2.82998018927445,22.52492113564669,0.007835530045022196,1.8630914826498424,0.00402220134195386,1.9444468750000041,16.553125,0.005470102952261012,0.0,0
22399.0,2022-03-21 19:10:00,349.99,350.0,349.85,349.86,11459.0,2,2,1.0,buy,False,0.17550626808099667,4.163492493946733,28.239017640954685,0.011578080659927173,-0.12361522786753616,0.0294743810759591,-0.03233323285780898,-9.234466683393477e-05,41.12562617360163,20.47539670588255,27.319037375360644,6.7881153669263625,11459.0,0.9099999999999682,1.0,5.185000000000002,42.0,0.01500397887578674,0.9099999999999682,30.0,0.0025943665184170604,2.0,2.0,-0.12361522786753616,-0.03233323285780898,0.0294743810759591,41.12562617360163,20.47539670588255,27.319037375360644,6.7881153669263625,6.564330438295336,35.366592607555596,62.60198655328496,-0.0371439183976672,0.04287551807917028,0.009999999999990905,0.009999999999990905,0.12999999999999545,0.0,22400.0,22400.0,2022-03-21,2022-03-21 19:10:00,2.1865889212827923,151.0,1.0,best_within_2.0d,22550.0,357.51,0.17550626808099667,5.185000000000002,42.0,0.01500397887578674,0.9099999999999682,30.0,0.0025943665184170604,0.4929364202292669,5.6011759621451125,36.843533123028394,0.015614239272951093,2.82998018927445,22.52492113564669,0.007835530045022196,1.8630914826498424,0.00402220134195386,1.9444468750000041,16.553125,0.005470102952261012,0.0,0
22400.0,2022-03-21 19:15:00,349.86,349.89,349.82,349.88,4685.0,2,2,1.0,buy,False,0.18129218900674973,4.163492493946733,28.239017640954685,0.011578080659927173,-0.12366398023171193,0.01401638354699511,-0.04781560656886086,-0.00013657019203961902,41.88735190335268,18.301427261286143,24.31316733733581,6.277947109186812,4685.0,0.9399999999999977,1.0,5.185000000000002,42.0,0.01500397887578674,0.9399999999999977,31.0,0.0026798950849583696,2.0,2.0,-0.12366398023171193,-0.04781560656886086,0.01401638354699511,41.88735190335268,18.301427261286143,24.31316733733581,6.277947109186812,7.428571428571651,32.57142857143355,62.62021200356078,0.005716572343217804,0.02001029100680155,0.009999999999990905,0.040000000000020464,0.01999999999998181,1.0,22401.0,22401.0,2022-03-21,2022-03-21 19:15:00,2.1807476849205427,150.0,1.0,best_within_2.0d,22550.0,357.51,0.18129218900674973,5.185000000000002,42.0,0.01500397887578674,0.9399999999999977,31.0,0.0026798950849583696,0.4929364202292669,5.6011759621451125,36.843533123028394,0.015614239272951093,2.82998018927445,22.52492113564669,0.007835530045022196,1.8630914826498424,0.00402220134195386,1.9444468750000041,16.553125,0.005470102952261012,0.0,0
22401.0,2022-03-21 19:20:00,349.8999,349.9,349.81,349.81,7902.0,2,2,1.0,buy,False,0.18322082931533043,4.163492493946733,28.239017640954685,0.011578080659927173,-0.12640190940134102,-0.001783855128172518,-0.06498480982884303,-0.00018562067726809092,39.9396208436068,12.200951507524096,20.2757620607319,-3.948669598891513,7902.0,0.9499999999999886,1.0,5.185000000000002,42.0,0.01500397887578674,0.9499999999999886,32.0,0.0027084046071387522,2.0,2.0,-0.12640190940134102,-0.06498480982884303,-0.001783855128172518,39.9396208436068,12.200951507524096,20.2757620607319,-3.948669598891513,7.738095238095459,33.92857142857657,62.63713563595976,-0.025693062501589765,0.02572825247991052,9.999999997489795e-05,0.0,0.08990000000000009,0.0,22402.0,22402.0,2022-03-21,2022-03-21 19:20:00,2.201194934392953,149.0,1.0,best_within_2.0d,22550.0,357.51,0.18322082931533043,5.185000000000002,42.0,0.01500397887578674,0.9499999999999886,32.0,0.0027084046071387522,0.4929364202292669,5.6011759621451125,36.843533123028394,0.015614239272951093,2.82998018927445,22.52492113564669,0.007835530045022196,1.8630914826498424,0.00402220134195386,1.9444468750000041,16.553125,0.005470102952261012,0.0,0
22402.0,2022-03-21 19:25:00,349.87,349.92,349.8,349.92,4430.0,2,2,1.0,buy,False,0.1851494696239111,4.163492493946733,28.239017640954685,0.011578080659927173,-0.10741938122909264,-0.015211277781809099,-0.06892096839635542,-0.00019687107930641156,44.32105613308216,17.02285656057218,19.191460227345324,12.685649227025891,4430.0,0.9599999999999795,1.0,5.185000000000002,42.0,0.01500397887578674,0.9599999999999795,33.0,0.0027369141293191344,2.0,2.0,-0.10741938122909264,-0.06892096839635542,-0.015211277781809099,44.32105613308216,17.02285656057218,19.191460227345324,12.685649227025891,8.771929824563793,33.33333333333777,62.329721185771824,0.014291022379744295,0.03430531732418655,0.0,0.06999999999999318,0.05000000000001137,1.0,22403.0,22403.0,2022-03-21,2022-03-21 19:25:00,2.1690672153635044,148.0,1.0,best_within_2.0d,22550.0,357.51,0.1851494696239111,5.185000000000002,42.0,0.01500397887578674,0.9599999999999795,33.0,0.0027369141293191344,0.4929364202292669,5.6011759621451125,36.843533123028394,0.015614239272951093,2.82998018927445,22.52492113564669,0.007835530045022196,1.8630914826498424,0.00402220134195386,1.9444468750000041,16.553125,0.005470102952261012,0.0,0
22403.0,2022-03-21 19:30:00,349.89,349.9,349.8,349.89,6535.0,2,2,1.0,buy,False,0.1851494696239111,4.163492493946733,28.239017640954685,0.011578080659927173,-0.09344210205437073,-0.02689154053860544,-0.07361259156579081,-0.00021028111824969236,43.39135198780429,18.015237707046435,18.799386053912357,16.446941013314586,6535.0,0.9599999999999795,1.0,5.185000000000002,42.0,0.01500397887578674,0.9599999999999795,34.0,0.0027369141293191344,2.0,2.0,-0.09344210205437073,-0.07361259156579081,-0.02689154053860544,43.39135198780429,18.015237707046435,18.799386053912357,16.446941013314586,8.571428571430799,28.57142857143275,61.72375209008454,0.0,0.028587764436811287,0.009999999999990905,0.08999999999997499,0.0,0.0,22404.0,22404.0,2022-03-21,2022-03-21 19:30:00,2.1778273171568223,147.0,1.0,best_within_2.0d,22550.0,357.51,0.1851494696239111,5.185000000000002,42.0,0.01500397887578674,0.9599999999999795,34.0,0.0027369141293191344,0.4929364202292669,5.6011759621451125,36.843533123028394,0.015614239272951093,2.82998018927445,22.52492113564669,0.007835530045022196,1.8630914826498424,0.00402220134195386,1.9444468750000041,16.553125,0.005470102952261012,0.0,0
22405.0,2022-03-21 19:40:00,349.86,349.86,349.59,349.71,17731.0,2,2,1.0,buy,False,0.22565091610414956,4.163492493946733,28.239017640954685,0.011578080659927173,-0.09149147468962096,-0.048877738359641695,-0.09462347570445218,-0.00027033260846906883,37.941102636151996,17.16841231774069,17.65035326804617,16.204530417129725,17731.0,1.170000000000016,1.0,5.185000000000002,42.0,0.01500397887578674,1.170000000000016,36.0,0.0033356140951078116,2.0,2.0,-0.09149147468962096,-0.09462347570445218,-0.048877738359641695,37.941102636151996,17.16841231774069,17.65035326804617,16.204530417129725,8.021390374333356,33.68983957219523,61.188023289605276,-0.04287429257418227,0.07723333047285068,0.0,0.12000000000000455,0.1500000000000341,0.0,22406.0,22406.0,2022-03-21,2022-03-21 19:40:00,2.2304194904349353,145.0,1.0,best_within_2.0d,22550.0,357.51,0.22565091610414956,5.185000000000002,42.0,0.01500397887578674,1.170000000000016,36.0,0.0033356140951078116,0.4929364202292669,5.6011759621451125,36.843533123028394,0.015614239272951093,2.82998018927445,22.52492113564669,0.007835530045022196,1.8630914826498424,0.00402220134195386,1.9444468750000041,16.553125,0.005470102952261012,0.0,0
22408.0,2022-03-21 19:55:00,349.55,349.59,349.41,349.42,16007.0,2,2,1.0,buy,False,0.260366441658624,4.163492493946733,28.239017640954685,0.011578080659927173,-0.11983198272406778,-0.08878511834356446,-0.14870110970559836,-0.0004249466974358094,30.425354130668794,8.818980839421666,13.070979873516105,0.3149827712327884,16007.0,1.349999999999966,1.0,5.185000000000002,42.0,0.01500397887578674,1.349999999999966,39.0,0.0038487854943550174,2.0,2.0,-0.11983198272406778,-0.14870110970559836,-0.08878511834356446,30.425354130668794,8.818980839421666,13.070979873516105,0.3149827712327884,3.8251366120247434,44.2622950819691,64.16496432428308,-0.037190673723357305,0.05151541169398414,0.03999999999996362,0.009999999999990905,0.12999999999999545,0.0,22409.0,22409.0,2022-03-21,2022-03-21 19:55:00,2.31526529677751,142.0,1.0,best_within_2.0d,22550.0,357.51,0.260366441658624,5.185000000000002,42.0,0.01500397887578674,1.349999999999966,39.0,0.0038487854943550174,0.4929364202292669,5.6011759621451125,36.843533123028394,0.015614239272951093,2.82998018927445,22.52492113564669,0.007835530045022196,1.8630914826498424,0.00402220134195386,1.9444468750000041,16.553125,0.005470102952261012,1.0,0
22415.0,2022-03-22 04:30:00,351.53,351.7,351.48,351.7,6291.0,1p,"1p,2s",0.0,sell,False,0.614449919543304,2.2899999999999636,8.0,0.0065539051544030325,0.39202180541088544,0.13113594695669964,0.32714684966214236,0.0009335386217231245,72.55906553763019,93.04151867947725,79.93546368919982,119.25362866003212,6291.0,2.2899999999999636,0.0,2.2899999999999636,8.0,0.0065539051544030325,2.2899999999999636,0.0,0.0,1.0,1.0,0.39202180541088544,0.32714684966214236,0.13113594695669964,72.55906553763019,93.04151867947725,79.93546368919982,119.25362866003212,49.56331877729298,10.262008733623718,56.37480929863275,0.04836002617131281,0.06259246614315764,0.0,0.049999999999954525,0.17000000000001592,1.0,22416.0,22416.0,2022-03-22,2022-03-22 04:30:00,1.5695194768268357,203.0,1.0,best_within_2.0d,22618.0,346.18,0.5832424107187206,4.3760036431226785,32.22527881040892,0.012230020343504162,2.285057100371749,15.890706319702602,0.006381710269403211,0.41592920353981866,5.649999999999977,11.0,0.015915492957746413,2.2899999999999636,8.0,0.0065539051544030325,4.0,0.00402220134195386,1.9444468750000041,16.553125,0.005470102952261012,0.0,1
22415.0,2022-03-22 04:30:00,351.53,351.7,351.48,351.7,6291.0,2s,"1p,2s",0.0,sell,False,0.614449919543304,2.2899999999999636,8.0,0.0065539051544030325,0.39202180541088544,0.13113594695669964,0.32714684966214236,0.0009335386217231245,72.55906553763019,93.04151867947725,79.93546368919982,119.25362866003212,6291.0,2.2899999999999636,0.0,2.2899999999999636,8.0,0.0065539051544030325,2.2899999999999636,0.0,0.0,1.0,1.0,0.39202180541088544,0.32714684966214236,0.13113594695669964,72.55906553763019,93.04151867947725,79.93546368919982,119.25362866003212,49.56331877729298,10.262008733623718,56.37480929863275,0.04836002617131281,0.06259246614315764,0.0,0.049999999999954525,0.17000000000001592,1.0,22416.0,22416.0,2022-03-22,2022-03-22 04:30:00,1.5695194768268357,203.0,1.0,best_within_2.0d,22618.0,346.18,0.5832424107187206,4.3760036431226785,32.22527881040892,0.012230020343504162,2.285057100371749,15.890706319702602,0.006381710269403211,0.41592920353981866,5.649999999999977,11.0,0.015915492957746413,2.2899999999999636,8.0,0.0065539051544030325,4.0,0.00402220134195386,1.9444468750000041,16.553125,0.005470102952261012,0.0,1
22417.0,2022-03-22 04:40:00,351.75,351.8,351.46,351.8,4589.0,1p,"1p,2s",0.0,sell,False,0.614449919543304,2.3899999999999864,10.0,0.006840101886036422,0.3822486198275926,0.22771852244402874,0.41884283235782505,0.001194567899501122,73.11443231255402,96.61622082018519,88.82657551976783,112.19551142101994,4589.0,2.3899999999999864,0.0,2.3899999999999864,10.0,0.006840101886036422,2.3899999999999864,0.0,0.0,1.0,1.0,0.3822486198275926,0.41884283235782505,0.22771852244402874,73.11443231255402,96.61622082018519,88.82657551976783,112.19551142101994,48.76543209876482,9.670781893003365,57.72804991783922,0.014214641080315954,0.0967393159961395,0.0,0.29000000000002046,0.05000000000001137,1.0,22418.0,22418.0,2022-03-22,2022-03-22 04:40:00,1.5974985787379203,201.0,1.0,best_within_2.0d,22618.0,346.18,0.5832424107187206,4.3760036431226785,32.22527881040892,0.012230020343504162,2.285057100371749,15.890706319702602,0.006381710269403211,0.4336283185840705,5.649999999999977,11.0,0.015915492957746413,2.3899999999999864,10.0,0.006840101886036422,4.0,0.00402220134195386,1.9444468750000041,16.553125,0.005470102952261012,1.0,1
22417.0,2022-03-22 04:40:00,351.75,351.8,351.46,351.8,4589.0,2s,"1p,2s",0.0,sell,False,0.614449919543304,2.3899999999999864,10.0,0.006840101886036422,0.3822486198275926,0.22771852244402874,0.41884283235782505,0.001194567899501122,73.11443231255402,96.61622082018519,88.82657551976783,112.19551142101994,4589.0,2.3899999999999864,0.0,2.3899999999999864,10.0,0.006840101886036422,2.3899999999999864,0.0,0.0,1.0,1.0,0.3822486198275926,0.41884283235782505,0.22771852244402874,73.11443231255402,96.61622082018519,88.82657551976783,112.19551142101994,48.76543209876482,9.670781893003365,57.72804991783922,0.014214641080315954,0.0967393159961395,0.0,0.29000000000002046,0.05000000000001137,1.0,22418.0,22418.0,2022-03-22,2022-03-22 04:40:00,1.5974985787379203,201.0,1.0,best_within_2.0d,22618.0,346.18,0.5832424107187206,4.3760036431226785,32.22527881040892,0.012230020343504162,2.285057100371749,15.890706319702602,0.006381710269403211,0.4336283185840705,5.649999999999977,11.0,0.015915492957746413,2.3899999999999864,10.0,0.006840101886036422,4.0,0.00402220134195386,1.9444468750000041,16.553125,0.005470102952261012,0.0,1
22422.0,2022-03-22 05:05:00,351.69,352.0,351.57,351.88,2269.0,1p,1p,0.0,sell,False,0.614449919543304,2.589999999999975,15.0,0.007412495349303039,0.15882744310564045,0.361610093342582,0.4410238148954022,0.001256679962492745,69.09101960688633,85.45572440933067,85.49958929438088,85.36799463923023,2269.0,2.589999999999975,0.0,2.589999999999975,15.0,0.007412495349303039,2.589999999999975,0.0,0.0,1.0,1.0,0.15882744310564045,0.4410238148954022,0.361610093342582,69.09101960688633,85.45572440933067,85.49958929438088,85.36799463923023,52.4770642201833,2.385321100917328,63.892514533002505,0.054024851431657916,0.12230850186307331,0.12000000000000455,0.12000000000000455,0.18999999999999773,1.0,22423.0,22423.0,2022-03-22,2022-03-22 05:05:00,1.6198704103671673,196.0,1.0,best_within_2.0d,22618.0,346.18,0.5832424107187206,4.3760036431226785,32.22527881040892,0.012230020343504162,2.285057100371749,15.890706319702602,0.006381710269403211,0.4929364202292669,5.6011759621451125,36.843533123028394,0.015614239272951093,2.82998018927445,22.52492113564669,0.007835530045022196,1.8630914826498424,0.00402220134195386,1.9444468750000041,16.553125,0.005470102952261012,0.0,1
22423.0,2022-03-22 05:10:00,351.69,352.0,351.57,351.88,2269.0,2s,"1p,2s",0.0,sell,False,0.6144499195433035,2.589999999999975,15.0,0.007412495349303039,0.15882744310564045,0.361610093342582,0.4410238148954022,0.001256679962492745,69.09101960688633,85.45572440933067,85.49958929438088,85.36799463923023,2269.0,2.589999999999975,0.0,2.589999999999975,15.0,0.007412495349303039,2.589999999999975,0.0,0.0,1.0,1.0,0.15882744310564045,0.4410238148954022,0.361610093342582,69.09101960688633,85.45572440933067,85.49958929438088,85.36799463923023,52.4770642201833,2.385321100917328,63.892514533002505,0.054024851431657916,0.12230850186307331,0.12000000000000455,0.12000000000000455,0.18999999999999773,1.0,22424.0,22424.0,2022-03-22,2022-03-22 05:10:00,1.6198704103671673,195.0,1.0,best_within_2.0d,22618.0,346.18,0.5832424107187206,4.3760036431226785,32.22527881040892,0.012230020343504162,2.285057100371749,15.890706319702602,0.006381710269403211,0.4690265486725642,5.649999999999977,11.0,0.015915492957746413,2.589999999999975,15.0,0.007412495349303039,4.0,0.00402220134195386,1.9444468750000041,16.553125,0.005470102952261012,0.0,1
22424.0,2022-03-22 05:15:00,351.82,352.0,351.74,351.74,10650.0,2s,"1p,2s",0.0,sell,False,0.6144499195433035,2.589999999999975,17.0,0.007412495349303039,0.09004136265573193,0.38947926792717547,0.43449994925504143,0.0012376656012211098,65.25290973723835,74.43865529303503,81.02836543730368,61.259235004497725,10650.0,2.589999999999975,0.0,2.589999999999975,17.0,0.007412495349303039,2.589999999999975,0.0,0.0,1.0,1.0,0.09004136265573193,0.43449994925504143,0.38947926792717547,65.25290973723835,74.43865529303503,81.02836543730368,61.259235004497725,42.316784869975315,3.0732860520093355,66.93584085255938,-0.022738900574152718,0.0739182350599849,0.18000000000000682,0.0,0.07999999999998408,0.0,22425.0,22425.0,2022-03-22,2022-03-22 05:15:00,1.5807130266674254,194.0,1.0,best_within_2.0d,22618.0,346.18,0.5832424107187206,4.3760036431226785,32.22527881040892,0.012230020343504162,2.285057100371749,15.890706319702602,0.006381710269403211,0.4690265486725642,5.649999999999977,11.0,0.015915492957746413,2.589999999999975,17.0,0.007412495349303039,4.0,0.00402220134195386,1.9444468750000041,16.553125,0.005470102952261012,0.0,1
22424.0,2022-03-22 05:15:00,351.82,352.0,351.74,351.74,10650.0,1p,"1p,2s",0.0,sell,False,0.6144499195433035,2.589999999999975,17.0,0.007412495349303039,0.09004136265573193,0.38947926792717547,0.43449994925504143,0.0012376656012211098,65.25290973723835,74.43865529303503,81.02836543730368,61.259235004497725,10650.0,2.589999999999975,0.0,2.589999999999975,17.0,0.007412495349303039,2.589999999999975,0.0,0.0,1.0,1.0,0.09004136265573193,0.43449994925504143,0.38947926792717547,65.25290973723835,74.43865529303503,81.02836543730368,61.259235004497725,42.316784869975315,3.0732860520093355,66.93584085255938,-0.022738900574152718,0.0739182350599849,0.18000000000000682,0.0,0.07999999999998408,0.0,22425.0,22425.0,2022-03-22,2022-03-22 05:15:00,1.5807130266674254,194.0,1.0,best_within_2.0d,22618.0,346.18,0.5832424107187206,4.3760036431226785,32.22527881040892,0.012230020343504162,2.285057100371749,15.890706319702602,0.006381710269403211,0.4690265486725642,5.649999999999977,11.0,0.015915492957746413,2.589999999999975,17.0,0.007412495349303039,4.0,0.00402220134195386,1.9444468750000041,16.553125,0.005470102952261012,1.0,1
22435.0,2022-03-22 06:10:00,350.81,350.94,350.75,350.92,5063.0,2s,2s,1.0,buy,False,0.0019286403085806945,4.163492493946733,28.239017640954685,0.011578080659927173,-0.2408938104788838,0.17884694580308214,0.05840004056364023,0.00016632289140929168,45.06626538500924,13.308543771342896,15.102203964877788,9.72122338427311,5063.0,1.25,1.0,5.185000000000002,42.0,0.01500397887578674,1.25,12.0,0.0035511363636363635,1.0,2.5,-0.2408938104788838,0.05840004056364023,0.17884694580308214,45.06626538500924,13.308543771342896,15.102203964877788,9.72122338427311,17.006802721086515,39.1156462585046,41.124962106927605,0.03135600467489913,0.054169636493228146,0.01999999999998181,0.060000000000002274,0.11000000000001364,1.0,22436.0,22436.0,2022-03-22,2022-03-22 06:10:00,1.8779208936509675,115.0,1.0,best_within_2.0d,22550.0,357.51,0.5832424107187206,4.3760036431226785,32.22527881040892,0.012230020343504162,2.285057100371749,15.890706319702602,0.006381710269403211,0.0019286403085806945,5.185000000000002,42.0,0.01500397887578674,1.25,12.0,0.0035511363636363635,1.0,0.00402220134195386,1.9444468750000041,16.553125,0.005470102952261012,1.0,0
22439.0,2022-03-22 06:30:00,351.3,351.6,351.3,351.53,4088.0,2,2,0.0,sell,False,0.6800000000000181,4.163492493946733,28.239017640954685,0.011578080659927173,-0.0934326217093425,0.09502009881800559,0.048303787963334344,0.00013756365797066084,58.95216261197592,51.38286827893129,34.27401384686933,85.60057714305522,4088.0,0.8500000000000227,1.0,1.25,12.0,0.0035511363636363635,0.8500000000000227,5.0,0.0024233784746971426,2.0,2.0,-0.0934326217093425,0.048303787963334344,0.09502009881800559,58.95216261197592,51.38286827893129,34.27401384686933,85.60057714305522,26.366559485529727,33.44051446945328,41.11670447302084,0.0654711073156736,0.08539709649872228,0.07000000000005002,0.0,0.22999999999996135,1.0,22440.0,22440.0,2022-03-22,2022-03-22 06:30:00,1.5219184706852804,179.0,1.0,best_within_2.0d,22618.0,346.18,0.6800000000000181,1.25,12.0,0.0035511363636363635,0.8500000000000227,5.0,0.0024233784746971426,0.4929364202292669,5.6011759621451125,36.843533123028394,0.015614239272951093,2.82998018927445,22.52492113564669,0.007835530045022196,1.8630914826498424,0.00402220134195386,1.9444468750000041,16.553125,0.005470102952261012,0.0,1
22440.0,2022-03-22 06:35:00,351.58,351.67,351.42,351.42,6542.0,2,2,0.0,sell,False,0.7360000000000128,4.163492493946733,28.239017640954685,0.011578080659927173,-0.050606199242897415,0.08869432391264341,0.0633912242911947,0.00018052019931423413,56.19215503296256,58.53060783812826,42.35954517728897,90.87273315980683,6542.0,0.9200000000000159,1.0,1.25,12.0,0.0035511363636363635,0.9200000000000159,6.0,0.0026229508196721767,2.0,2.0,-0.050606199242897415,0.0633912242911947,0.08869432391264341,56.19215503296256,58.53060783812826,42.35954517728897,90.87273315980683,29.765886287624305,22.40802675585288,39.18712301798808,-0.04550884578188981,0.07113994650276023,0.09000000000003183,0.0,0.15999999999996817,0.0,22441.0,22441.0,2022-03-22,2022-03-22 06:35:00,1.491093278697857,178.0,1.0,best_within_2.0d,22618.0,346.18,0.7360000000000128,1.25,12.0,0.0035511363636363635,0.9200000000000159,6.0,0.0026229508196721767,0.4929364202292669,5.6011759621451125,36.843533123028394,0.015614239272951093,2.82998018927445,22.52492113564669,0.007835530045022196,1.8630914826498424,0.00402220134195386,1.9444468750000041,16.553125,0.005470102952261012,1.0,1
22447.0,2022-03-22 07:10:00,350.93,350.93,350.74,350.74,20830.0,1p,"1p,2s",1.0,buy,False,0.5387795481465408,0.9300000000000068,8.0,0.0026445246964483943,-0.12978871223906627,0.03914793328274373,-0.025746422836789407,-7.33248171864036e-05,41.48029582614043,20.787968483916675,36.49092873712698,-10.617952022503928,20830.0,0.9300000000000068,0.0,0.9300000000000068,8.0,0.0026445246964483943,0.9300000000000068,0.0,0.0,1.0,1.0,-0.12978871223906627,-0.025746422836789407,0.03914793328274373,41.48029582614043,20.787968483916675,36.49092873712698,-10.617952022503928,29.970326409495406,33.82789317507202,26.520400061545395,-0.054141851651325824,0.05417118093174366,0.0,0.0,0.18999999999999773,0.0,22448.0,22448.0,2022-03-22,2022-03-22 07:10:00,1.9302047100416209,103.0,1.0,best_within_2.0d,22550.0,357.51,0.5832424107187206,4.3760036431226785,32.22527881040892,0.012230020343504162,2.285057100371749,15.890706319702602,0.006381710269403211,0.003857280617161389,5.185000000000002,42.0,0.01500397887578674,0.9300000000000068,8.0,0.0026445246964483943,2.0,0.00402220134195386,1.9444468750000041,16.553125,0.005470102952261012,0.0,0
22447.0,2022-03-22 07:10:00,350.93,350.93,350.74,350.74,20830.0,2s,"1p,2s",1.0,buy,False,0.5387795481465408,0.9300000000000068,8.0,0.0026445246964483943,-0.12978871223906627,0.03914793328274373,-0.025746422836789407,-7.33248171864036e-05,41.48029582614043,20.787968483916675,36.49092873712698,-10.617952022503928,20830.0,0.9300000000000068,0.0,0.9300000000000068,8.0,0.0026445246964483943,0.9300000000000068,0.0,0.0,1.0,1.0,-0.12978871223906627,-0.025746422836789407,0.03914793328274373,41.48029582614043,20.787968483916675,36.49092873712698,-10.617952022503928,29.970326409495406,33.82789317507202,26.520400061545395,-0.054141851651325824,0.05417118093174366,0.0,0.0,0.18999999999999773,0.0,22448.0,22448.0,2022-03-22,2022-03-22 07:10:00,1.9302047100416209,103.0,1.0,best_within_2.0d,22550.0,357.51,0.5832424107187206,4.3760036431226785,32.22527881040892,0.012230020343504162,2.285057100371749,15.890706319702602,0.006381710269403211,0.003857280617161389,5.185000000000002,42.0,0.01500397887578674,0.9300000000000068,8.0,0.0026445246964483943,2.0,0.00402220134195386,1.9444468750000041,16.553125,0.005470102952261012,0.0,0
22448.0,2022-03-22 07:15:00,350.79,350.82,350.56,350.64,7618.0,1p,"1p,2s",1.0,buy,False,0.6634681247561282,1.1100000000000136,9.0,0.0031563681860835827,-0.15982543105059566,0.01916975440141927,-0.06074296112387856,-0.00017301143010200828,39.71982930767012,16.261048058346343,29.747635177533432,-10.712126180027838,7618.0,1.1100000000000136,0.0,1.1100000000000136,9.0,0.0031563681860835827,1.1100000000000136,0.0,0.0,1.0,1.0,-0.15982543105059566,-0.06074296112387856,0.01916975440141927,39.71982930767012,16.261048058346343,29.747635177533432,-10.712126180027838,28.531073446327955,35.593220338981446,25.41274404707988,-0.042760626015574586,0.0741670470104949,0.029999999999972715,0.07999999999998408,0.1500000000000341,0.0,22449.0,22449.0,2022-03-22,2022-03-22 07:15:00,1.9592744695414115,102.0,1.0,best_within_2.0d,22550.0,357.51,0.5832424107187206,4.3760036431226785,32.22527881040892,0.012230020343504162,2.285057100371749,15.890706319702602,0.006381710269403211,0.03857280617164678,5.185000000000002,42.0,0.01500397887578674,1.1100000000000136,9.0,0.0031563681860835827,2.0,0.00402220134195386,1.9444468750000041,16.553125,0.005470102952261012,0.0,0
22448.0,2022-03-22 07:15:00,350.79,350.82,350.56,350.64,7618.0,2s,"1p,2s",1.0,buy,False,0.6634681247561282,1.1100000000000136,9.0,0.0031563681860835827,-0.15982543105059566,0.01916975440141927,-0.06074296112387856,-0.00017301143010200828,39.71982930767012,16.261048058346343,29.747635177533432,-10.712126180027838,7618.0,1.1100000000000136,0.0,1.1100000000000136,9.0,0.0031563681860835827,1.1100000000000136,0.0,0.0,1.0,1.0,-0.15982543105059566,-0.06074296112387856,0.01916975440141927,39.71982930767012,16.261048058346343,29.747635177533432,-10.712126180027838,28.531073446327955,35.593220338981446,25.41274404707988,-0.042760626015574586,0.0741670470104949,0.029999999999972715,0.07999999999998408,0.1500000000000341,0.0,22449.0,22449.0,2022-03-22,2022-03-22 07:15:00,1.9592744695414115,102.0,1.0,best_within_2.0d,22550.0,357.51,0.5832424107187206,4.3760036431226785,32.22527881040892,0.012230020343504162,2.285057100371749,15.890706319702602,0.006381710269403211,0.03857280617164678,5.185000000000002,42.0,0.01500397887578674,1.1100000000000136,9.0,0.0031563681860835827,2.0,0.00402220134195386,1.9444468750000041,16.553125,0.005470102952261012,0.0,0
22449.0,2022-03-22 07:20:00,350.63,350.73,350.55,350.63,22488.0,1p,"1p,2s",1.0,buy,False,0.7135898048106323,1.1200000000000045,10.0,0.0031848039355077333,-0.17189943855869663,-0.002317675418417808,-0.08826739469776612,-0.00025143254780822684,39.5391129229972,13.905832805180461,24.467034386749106,-7.216570357956826,22488.0,1.1200000000000045,0.0,1.1200000000000045,10.0,0.0031848039355077333,1.1200000000000045,0.0,0.0,1.0,1.0,-0.17189943855869663,-0.08826739469776612,-0.002317675418417808,39.5391129229972,13.905832805180461,24.467034386749106,-7.216570357956826,28.611898016997362,31.728045325777877,23.966427990061614,0.0,0.051347881899873576,0.10000000000002274,0.07999999999998408,0.0,0.0,22450.0,22450.0,2022-03-22,2022-03-22 07:20:00,1.9621823574708368,101.0,1.0,best_within_2.0d,22550.0,357.51,0.5832424107187206,4.3760036431226785,32.22527881040892,0.012230020343504162,2.285057100371749,15.890706319702602,0.006381710269403211,0.04050144648022747,5.185000000000002,42.0,0.01500397887578674,1.1200000000000045,10.0,0.0031848039355077333,2.0,0.00402220134195386,1.9444468750000041,16.553125,0.005470102952261012,1.0,0
22449.0,2022-03-22 07:20:00,350.63,350.73,350.55,350.63,22488.0,2s,"1p,2s",1.0,buy,False,0.7135898048106323,1.1200000000000045,10.0,0.0031848039355077333,-0.17189943855869663,-0.002317675418417808,-0.08826739469776612,-0.00025143254780822684,39.5391129229972,13.905832805180461,24.467034386749106,-7.216570357956826,22488.0,1.1200000000000045,0.0,1.1200000000000045,10.0,0.0031848039355077333,1.1200000000000045,0.0,0.0,1.0,1.0,-0.17189943855869663,-0.08826739469776612,-0.002317675418417808,39.5391129229972,13.905832805180461,24.467034386749106,-7.216570357956826,28.611898016997362,31.728045325777877,23.966427990061614,0.0,0.051347881899873576,0.10000000000002274,0.07999999999998408,0.0,0.0,22450.0,22450.0,2022-03-22,2022-03-22 07:20:00,1.9621823574708368,101.0,1.0,best_within_2.0d,22550.0,357.51,0.5832424107187206,4.3760036431226785,32.22527881040892,0.012230020343504162,2.285057100371749,15.890706319702602,0.006381710269403211,0.04050144648022747,5.185000000000002,42.0,0.01500397887578674,1.1200000000000045,10.0,0.0031848039355077333,2.0,0.00402220134195386,1.9444468750000041,16.553125,0.005470102952261012,0.0,0
22454.0,2022-03-22 07:45:00,350.75,350.76,350.5,350.5,32054.0,1p,1p,1.0,buy,False,0.7135898048106323,1.170000000000016,15.0,0.003326982682628646,-0.11144016337066537,-0.07448126370448852,-0.1302013453898212,-0.0003709970365873811,38.94162337848215,15.48153984572293,20.690926864762478,5.062765807643835,32054.0,1.170000000000016,0.0,1.170000000000016,15.0,0.003326982682628646,1.170000000000016,0.0,0.0,1.0,1.0,-0.11144016337066537,-0.1302013453898212,-0.07448126370448852,38.94162337848215,15.48153984572293,20.690926864762478,5.062765807643835,18.528995756719237,38.189533239036955,21.429844866513925,-0.07127583749109052,0.07417974322396316,0.009999999999990905,0.0,0.25,0.0,22455.0,22455.0,2022-03-22,2022-03-22 07:45:00,1.9999999999999973,96.0,1.0,best_within_2.0d,22550.0,357.51,0.5832424107187206,4.3760036431226785,32.22527881040892,0.012230020343504162,2.285057100371749,15.890706319702602,0.006381710269403211,0.4929364202292669,5.6011759621451125,36.843533123028394,0.015614239272951093,2.82998018927445,22.52492113564669,0.007835530045022196,1.8630914826498424,0.00402220134195386,1.9444468750000041,16.553125,0.005470102952261012,0.0,0
22455.0,2022-03-22 07:50:00,350.52,350.61,350.41,350.53,21252.0,2s,"1p,2s",1.0,buy,False,0.7135898048106323,1.259999999999991,16.0,0.0035829044274461592,-0.11068718163236818,-0.08831716140853454,-0.14366075222471864,-0.0004093846834066692,39.8237518874872,15.994785429061167,19.125546386195374,9.733263514792753,21252.0,1.259999999999991,0.0,1.259999999999991,16.0,0.0035829044274461592,1.259999999999991,0.0,0.0,1.0,1.0,-0.11068718163236818,-0.14366075222471864,-0.08831716140853454,39.8237518874872,15.994785429061167,19.125546386195374,9.733263514792753,18.068965517242194,36.68965517241178,22.32807293200371,0.002852904256530556,0.057075996689588945,0.08000000000004093,0.1099999999999568,0.009999999999990905,1.0,22456.0,22456.0,2022-03-22,2022-03-22 07:50:00,1.9912703620232273,95.0,1.0,best_within_2.0d,22550.0,357.51,0.5832424107187206,4.3760036431226785,32.22527881040892,0.012230020343504162,2.285057100371749,15.890706319702602,0.006381710269403211,0.06750241080037912,5.185000000000002,42.0,0.01500397887578674,1.259999999999991,16.0,0.0035829044274461592,2.0,0.00402220134195386,1.9444468750000041,16.553125,0.005470102952261012,0.0,0
22455.0,2022-03-22 07:50:00,350.52,350.61,350.41,350.53,21252.0,1p,"1p,2s",1.0,buy,False,0.7135898048106323,1.259999999999991,16.0,0.0035829044274461592,-0.11068718163236818,-0.08831716140853454,-0.14366075222471864,-0.0004093846834066692,39.8237518874872,15.994785429061167,19.125546386195374,9.733263514792753,21252.0,1.259999999999991,0.0,1.259999999999991,16.0,0.0035829044274461592,1.259999999999991,0.0,0.0,1.0,1.0,-0.11068718163236818,-0.14366075222471864,-0.08831716140853454,39.8237518874872,15.994785429061167,19.125546386195374,9.733263514792753,18.068965517242194,36.68965517241178,22.32807293200371,0.002852904256530556,0.057075996689588945,0.08000000000004093,0.1099999999999568,0.009999999999990905,1.0,22456.0,22456.0,2022-03-22,2022-03-22 07:50:00,1.9912703620232273,95.0,1.0,best_within_2.0d,22550.0,357.51,0.5832424107187206,4.3760036431226785,32.22527881040892,0.012230020343504162,2.285057100371749,15.890706319702602,0.006381710269403211,0.06750241080037912,5.185000000000002,42.0,0.01500397887578674,1.259999999999991,16.0,0.0035829044274461592,2.0,0.00402220134195386,1.9444468750000041,16.553125,0.005470102952261012,0.0,0
22456.0,2022-03-22 07:55:00,350.54,350.57,350.4,350.48,6634.0,1p,"1p,2s",1.0,buy,False,0.7135898048106323,1.2700000000000387,17.0,0.003611340176870471,-0.10918424728045859,-0.10196519231859187,-0.15655731595882116,-0.0004461768598453555,38.81718175704561,14.392794015646249,17.547962262679,8.08245752158075,6634.0,1.2700000000000387,0.0,1.2700000000000387,17.0,0.003611340176870471,1.2700000000000387,0.0,0.0,1.0,1.0,-0.10918424728045859,-0.15655731595882116,-0.10196519231859187,38.81718175704561,14.392794015646249,17.547962262679,8.08245752158075,18.321678321679208,34.40559440559343,22.912066206848966,-0.01711644890740066,0.04851598173516437,0.029999999999972715,0.08000000000004093,0.060000000000002274,0.0,22457.0,22457.0,2022-03-22,2022-03-22 07:55:00,2.0058205889066345,94.0,1.0,best_within_2.0d,22550.0,357.51,0.5832424107187206,4.3760036431226785,32.22527881040892,0.012230020343504162,2.285057100371749,15.890706319702602,0.006381710269403211,0.06943105110897078,5.185000000000002,42.0,0.01500397887578674,1.2700000000000387,17.0,0.003611340176870471,2.0,0.00402220134195386,1.9444468750000041,16.553125,0.005470102952261012,0.0,0
22456.0,2022-03-22 07:55:00,350.54,350.57,350.4,350.48,6634.0,2s,"1p,2s",1.0,buy,False,0.7135898048106323,1.2700000000000387,17.0,0.003611340176870471,-0.10918424728045859,-0.10196519231859187,-0.15655731595882116,-0.0004461768598453555,38.81718175704561,14.392794015646249,17.547962262679,8.08245752158075,6634.0,1.2700000000000387,0.0,1.2700000000000387,17.0,0.003611340176870471,1.2700000000000387,0.0,0.0,1.0,1.0,-0.10918424728045859,-0.15655731595882116,-0.10196519231859187,38.81718175704561,14.392794015646249,17.547962262679,8.08245752158075,18.321678321679208,34.40559440559343,22.912066206848966,-0.01711644890740066,0.04851598173516437,0.029999999999972715,0.08000000000004093,0.060000000000002274,0.0,22457.0,22457.0,2022-03-22,2022-03-22 07:55:00,2.0058205889066345,94.0,1.0,best_within_2.0d,22550.0,357.51,0.5832424107187206,4.3760036431226785,32.22527881040892,0.012230020343504162,2.285057100371749,15.890706319702602,0.006381710269403211,0.06943105110897078,5.185000000000002,42.0,0.01500397887578674,1.2700000000000387,17.0,0.003611340176870471,2.0,0.00402220134195386,1.9444468750000041,16.553125,0.005470102952261012,0.0,0
22457.0,2022-03-22 08:00:00,351.18,351.7304,348.8,350.41,100549.0,1p,"1p,2s",1.0,buy,False,0.7135898048106323,2.8700000000000045,18.0,0.008161060084738546,-0.10959389702926953,-0.11566442944725056,-0.17046137796188532,-0.0004858512609714013,37.392243307729835,27.90896432419953,21.001629616519175,41.72363373956024,100549.0,2.8700000000000045,0.0,2.8700000000000045,18.0,0.008161060084738546,2.8700000000000045,0.0,0.0,1.0,1.0,-0.10959389702926953,-0.17046137796188532,-0.11566442944725056,37.392243307729835,27.90896432419953,21.001629616519175,41.72363373956024,10.387921464142376,43.7720049481389,25.678334642398088,-0.21926077794862517,0.8401376146788885,0.5503999999999678,1.6100000000000136,0.7699999999999818,0.0,22458.0,22458.0,2022-03-22,2022-03-22 08:00:00,2.026197882480513,93.0,1.0,best_within_2.0d,22550.0,357.51,0.5832424107187206,4.3760036431226785,32.22527881040892,0.012230020343504162,2.285057100371749,15.890706319702602,0.006381710269403211,0.378013500482156,5.185000000000002,42.0,0.01500397887578674,2.8700000000000045,18.0,0.008161060084738546,2.0,0.00402220134195386,1.9444468750000041,16.553125,0.005470102952261012,1.0,0
22457.0,2022-03-22 08:00:00,351.18,351.7304,348.8,350.41,100549.0,2s,"1p,2s",1.0,buy,False,0.7135898048106323,2.8700000000000045,18.0,0.008161060084738546,-0.10959389702926953,-0.11566442944725056,-0.17046137796188532,-0.0004858512609714013,37.392243307729835,27.90896432419953,21.001629616519175,41.72363373956024,100549.0,2.8700000000000045,0.0,2.8700000000000045,18.0,0.008161060084738546,2.8700000000000045,0.0,0.0,1.0,1.0,-0.10959389702926953,-0.17046137796188532,-0.11566442944725056,37.392243307729835,27.90896432419953,21.001629616519175,41.72363373956024,10.387921464142376,43.7720049481389,25.678334642398088,-0.21926077794862517,0.8401376146788885,0.5503999999999678,1.6100000000000136,0.7699999999999818,0.0,22458.0,22458.0,2022-03-22,2022-03-22 08:00:00,2.026197882480513,93.0,1.0,best_within_2.0d,22550.0,357.51,0.5832424107187206,4.3760036431226785,32.22527881040892,0.012230020343504162,2.285057100371749,15.890706319702602,0.006381710269403211,0.378013500482156,5.185000000000002,42.0,0.01500397887578674,2.8700000000000045,18.0,0.008161060084738546,2.0,0.00402220134195386,1.9444468750000041,16.553125,0.005470102952261012,0.0,0
22468.0,2022-03-22 08:55:00,350.61,350.8,350.58,350.75,26994.0,2s,2s,0.0,sell,False,0.0400000000000091,4.163492493946733,28.239017640954685,0.011578080659927173,0.12468949472849172,-0.16281584065756802,-0.10047109329332216,-0.00028656395080655,53.96206150337004,79.17708594284528,65.97020383155086,105.59085016543412,26994.0,2.0,1.0,1.25,12.0,0.0035511363636363635,2.0,12.0,0.00573394495412844,1.0,2.5,0.12468949472849172,-0.10047109329332216,-0.16281584065756802,53.96206150337004,79.17708594284528,65.97020383155086,105.59085016543412,10.327991987982365,34.11367050575875,47.50193211532129,0.03993040700493036,0.06275315191968375,0.05000000000001137,0.03000000000002956,0.13999999999998636,1.0,22469.0,22469.0,2022-03-22,2022-03-22 08:55:00,1.3029223093371327,150.0,1.0,best_within_2.0d,22618.0,346.18,0.5832424107187206,4.3760036431226785,32.22527881040892,0.012230020343504162,2.285057100371749,15.890706319702602,0.006381710269403211,0.0400000000000091,1.25,12.0,0.0035511363636363635,2.0,12.0,0.00573394495412844,1.0,0.00402220134195386,1.9444468750000041,16.553125,0.005470102952261012,0.0,1
22469.0,2022-03-22 09:00:00,350.75,350.93,350.75,350.91,25321.0,2s,2s,0.0,sell,False,0.14400000000000546,4.163492493946733,28.239017640954685,0.011578080659927173,0.16326058357553186,-0.14240826771062653,-0.060777975922860605,-0.00017333999707547248,57.87764290954387,85.45799128863013,72.46613298391061,111.44170789806915,25321.0,2.1299999999999955,1.0,1.25,12.0,0.0035511363636363635,2.1299999999999955,13.0,0.0061066513761467755,1.0,2.5,0.16326058357553186,-0.060777975922860605,-0.14240826771062653,57.87764290954387,85.45799128863013,72.46613298391061,111.44170789806915,12.401105111139305,32.80798693959604,47.33314331343323,0.04561653599430506,0.05131860299358712,0.01999999999998181,0.0,0.160000000000025,1.0,22470.0,22470.0,2022-03-22,2022-03-22 09:00:00,1.3479239691088936,149.0,1.0,best_within_2.0d,22618.0,346.18,0.5832424107187206,4.3760036431226785,32.22527881040892,0.012230020343504162,2.285057100371749,15.890706319702602,0.006381710269403211,0.14400000000000546,1.25,12.0,0.0035511363636363635,2.1299999999999955,13.0,0.0061066513761467755,1.0,0.00402220134195386,1.9444468750000041,16.553125,0.005470102952261012,1.0,1
22475.0,2022-03-22 09:30:00,350.57,351.61,350.2,351.27,1424196.0,2s,2s,0.0,sell,False,0.6880000000000109,4.163492493946733,28.239017640954685,0.011578080659927173,0.1558960166423757,-0.05904345131142595,0.018904557009761902,5.3911556943488425e-05,63.00832360118185,63.04164625760575,64.16157709804446,60.80178457672832,1424196.0,2.8100000000000023,1.0,1.25,12.0,0.0035511363636363635,2.8100000000000023,19.0,0.008056192660550465,1.0,2.5,0.1558960166423757,0.018904557009761902,-0.05904345131142595,63.00832360118185,63.04164625760575,64.16157709804446,60.80178457672832,34.6303501945543,12.256809338521345,39.14927936256548,0.19967481530079262,0.4026270702455811,0.34000000000003183,0.37000000000000455,0.6999999999999886,1.0,22476.0,22476.0,2022-03-22,2022-03-22 09:30:00,1.4490278133629333,143.0,1.0,best_within_2.0d,22618.0,346.18,0.5832424107187206,4.3760036431226785,32.22527881040892,0.012230020343504162,2.285057100371749,15.890706319702602,0.006381710269403211,0.6880000000000109,1.25,12.0,0.0035511363636363635,2.8100000000000023,19.0,0.008056192660550465,1.0,0.00402220134195386,1.9444468750000041,16.553125,0.005470102952261012,0.0,1
22504.0,2022-03-22 11:55:00,356.885,356.92,356.22,356.24,374712.0,2,2,1.0,buy,False,0.16629213483145674,4.163492493946733,28.239017640954685,0.011578080659927173,-0.45107185621387647,1.1718747600853754,0.9463388319784372,0.0026606556321340474,57.25528727460734,37.16012297222604,58.29008753926766,-5.099806161857202,374712.0,1.4799999999999613,1.0,8.899999999999977,42.0,0.025516055045871493,1.4799999999999613,7.0,0.0041375454291304485,2.0,2.0,-0.45107185621387647,0.9463388319784372,1.1718747600853754,57.25528727460734,37.16012297222604,58.29008753926766,-5.099806161857202,17.78120414811772,22.133247121432973,46.6141188665758,-0.1807304874119063,0.19650777609342218,0.03500000000002501,0.01999999999998181,0.6449999999999818,0.0,22505.0,22505.0,2022-03-22,2022-03-22 11:55:00,0.3565012351223843,46.0,1.0,best_within_2.0d,22550.0,357.51,0.16629213483145674,8.899999999999977,42.0,0.025516055045871493,1.4799999999999613,7.0,0.0041375454291304485,0.4929364202292669,5.6011759621451125,36.843533123028394,0.015614239272951093,2.82998018927445,22.52492113564669,0.007835530045022196,1.8630914826498424,0.00402220134195386,1.9444468750000041,16.553125,0.005470102952261012,0.0,0
22505.0,2022-03-22 12:00:00,356.25,356.34,355.83,356.07,583064.0,2,2,1.0,buy,False,0.21011235955056284,4.163492493946733,28.239017640954685,0.011578080659927173,-0.5438729045437221,1.1038906470174101,0.8319541947455491,0.0023388697765034726,55.103830355147984,29.051490181127672,48.54388841988766,-9.933306296392303,583064.0,1.8700000000000045,1.0,8.899999999999977,42.0,0.025516055045871493,1.8700000000000045,8.0,0.00522784456248254,2.0,2.0,-0.5438729045437221,0.8319541947455491,1.1038906470174101,55.103830355147984,29.051490181127672,48.54388841988766,-9.933306296392303,17.541277201245446,26.618581487205056,44.752792915788696,-0.0505263157894756,0.14332686957254615,0.08999999999997499,0.2400000000000091,0.18000000000000682,0.0,22506.0,22506.0,2022-03-22,2022-03-22 12:00:00,0.40441486224618695,45.0,1.0,best_within_2.0d,22550.0,357.51,0.21011235955056284,8.899999999999977,42.0,0.025516055045871493,1.8700000000000045,8.0,0.00522784456248254,0.4929364202292669,5.6011759621451125,36.843533123028394,0.015614239272951093,2.82998018927445,22.52492113564669,0.007835530045022196,1.8630914826498424,0.00402220134195386,1.9444468750000041,16.553125,0.005470102952261012,0.0,0
22508.0,2022-03-22 12:15:00,356.21,356.34,355.7,356.04,511177.0,2,2,1.0,buy,False,0.22471910112359608,4.163492493946733,28.239017640954685,0.011578080659927173,-0.5931243336522987,0.8878020242000135,0.5912398573738642,0.001661686541033651,53.79114132158394,25.128694654579547,32.93799492713834,9.51009410946196,511177.0,2.0,1.0,8.899999999999977,42.0,0.025516055045871493,2.0,11.0,0.005591277606933185,2.0,2.0,-0.5931243336522987,0.5912398573738642,0.8878020242000135,53.79114132158394,25.128694654579547,32.93799492713834,9.51009410946196,16.821078914514338,27.071423878047117,37.79746547757298,-0.04772465680355944,0.17992690469496384,0.12999999999999545,0.34000000000003183,0.16999999999995907,0.0,22509.0,22509.0,2022-03-22,2022-03-22 12:15:00,0.412874957869894,42.0,1.0,best_within_2.0d,22550.0,357.51,0.22471910112359608,8.899999999999977,42.0,0.025516055045871493,2.0,11.0,0.005591277606933185,0.4929364202292669,5.6011759621451125,36.843533123028394,0.015614239272951093,2.82998018927445,22.52492113564669,0.007835530045022196,1.8630914826498424,0.00402220134195386,1.9444468750000041,16.553125,0.005470102952261012,0.0,0
22509.0,2022-03-22 12:20:00,356.05,356.14,355.15,355.44,633391.0,2,2,1.0,buy,False,0.2865168539325863,4.163492493946733,28.239017640954685,0.011578080659927173,-0.6668894465143016,0.8044408433857259,0.47099612012857506,0.001323841282492051,46.48538764283937,21.24858713406103,29.041525662779236,5.66271007662462,633391.0,2.5500000000000114,1.0,8.899999999999977,42.0,0.025516055045871493,2.5500000000000114,12.0,0.007128878948839842,2.0,2.0,-0.6668894465143016,0.47099612012857506,0.8044408433857259,46.48538764283937,21.24858713406103,29.041525662779236,5.66271007662462,12.316029312149652,32.14483650471076,38.283242082756246,-0.17132425221177183,0.2787554554413654,0.08999999999997499,0.29000000000002046,0.6100000000000136,0.0,22510.0,22510.0,2022-03-22,2022-03-22 12:20:00,0.5823767724510447,41.0,1.0,best_within_2.0d,22550.0,357.51,0.2865168539325863,8.899999999999977,42.0,0.025516055045871493,2.5500000000000114,12.0,0.007128878948839842,0.4929364202292669,5.6011759621451125,36.843533123028394,0.015614239272951093,2.82998018927445,22.52492113564669,0.007835530045022196,1.8630914826498424,0.00402220134195386,1.9444468750000041,16.553125,0.005470102952261012,0.0,0
22510.0,2022-03-22 12:25:00,355.46,355.54,354.99,355.4,558467.0,2,2,1.0,buy,False,0.30449438202247037,4.163492493946733,28.239017640954685,0.011578080659927173,-0.6979378237550558,0.7171986154163439,0.368229703538816,0.001035074861081621,46.036487369584755,21.138513871686474,26.407188399081647,10.60116481689613,558467.0,2.7099999999999795,1.0,8.899999999999977,42.0,0.025516055045871493,2.7099999999999795,13.0,0.007576181157394408,2.0,2.0,-0.6979378237550558,0.368229703538816,0.7171986154163439,46.036487369584755,21.138513871686474,26.407188399081647,10.60116481689613,8.902439024389723,33.78048780487764,39.71199009725336,-0.01687953637540153,0.1549339418011807,0.08000000000004093,0.40999999999996817,0.060000000000002274,0.0,22511.0,22511.0,2022-03-22,2022-03-22 12:25:00,0.5936972425436167,40.0,1.0,best_within_2.0d,22550.0,357.51,0.30449438202247037,8.899999999999977,42.0,0.025516055045871493,2.7099999999999795,13.0,0.007576181157394408,0.4929364202292669,5.6011759621451125,36.843533123028394,0.015614239272951093,2.82998018927445,22.52492113564669,0.007835530045022196,1.8630914826498424,0.00402220134195386,1.9444468750000041,16.553125,0.005470102952261012,0.0,0
22511.0,2022-03-22 12:30:00,355.41,355.43,354.95,355.4,401898.0,2,2,1.0,buy,False,0.30898876404494463,4.163492493946733,28.239017640954685,0.011578080659927173,-0.693888416844755,0.6304625633107495,0.28351835488837196,0.0007970139687761425,46.03648736958475,21.592342581124125,24.802239793095808,15.172548157180756,401898.0,2.75,1.0,8.899999999999977,42.0,0.025516055045871493,2.75,14.0,0.007688006709533128,2.0,2.0,-0.693888416844755,0.28351835488837196,0.6304625633107495,46.03648736958475,21.592342581124125,24.802239793095808,15.172548157180756,7.155963302751983,34.37308868501503,41.55667332089798,-0.0028136518387349113,0.13523031412875566,0.01999999999998181,0.44999999999998863,0.010000000000047748,0.0,22512.0,22512.0,2022-03-22,2022-03-22 12:30:00,0.5936972425436167,39.0,1.0,best_within_2.0d,22550.0,357.51,0.30898876404494463,8.899999999999977,42.0,0.025516055045871493,2.75,14.0,0.007688006709533128,0.4929364202292669,5.6011759621451125,36.843533123028394,0.015614239272951093,2.82998018927445,22.52492113564669,0.007835530045022196,1.8630914826498424,0.00402220134195386,1.9444468750000041,16.553125,0.005470102952261012,1.0,0
22550.0,2022-03-22 15:45:00,357.3,357.75,357.01,357.51,900436.0,1p,1p,0.0,sell,False,0.22255607383445217,2.8000000000000114,40.0,0.007888434990843813,0.06943701394858393,0.24256930573988605,0.277287812714178,0.0007772984576894375,63.109549347022096,66.56138766222566,63.08477445156872,73.51461408353953,900436.0,2.8000000000000114,0.0,2.8000000000000114,40.0,0.007888434990843813,2.8000000000000114,0.0,0.0,1.0,1.0,0.06943701394858393,0.277287812714178,0.24256930573988605,63.109549347022096,66.56138766222566,63.08477445156872,73.51461408353953,26.119973497782667,13.644819326231062,17.47574620282856,0.058774139378667656,0.20727710708383773,0.2400000000000091,0.29000000000002046,0.20999999999997954,1.0,22551.0,22551.0,2022-03-22,2022-03-22 15:45:00,3.169142121898684,68.0,1.0,best_within_2.0d,22618.0,346.18,0.5832424107187206,4.3760036431226785,32.22527881040892,0.012230020343504162,2.285057100371749,15.890706319702602,0.006381710269403211,0.4929364202292669,5.6011759621451125,36.843533123028394,0.015614239272951093,2.82998018927445,22.52492113564669,0.007835530045022196,1.8630914826498424,0.00402220134195386,1.9444468750000041,16.553125,0.005470102952261012,0.0,1
22551.0,2022-03-22 15:50:00,357.51,357.85,356.6101,356.67,1064892.0,1p,1p,0.0,sell,False,0.22255607383445217,2.900000000000034,41.0,0.00817016481194544,-0.020714364920140838,0.23998001012486844,0.22962282766479802,0.0006436914537581945,49.42717664941567,50.201764268989564,58.790437724042334,33.02441735888402,1064892.0,2.900000000000034,0.0,2.900000000000034,41.0,0.00817016481194544,2.900000000000034,0.0,0.0,1.0,1.0,-0.020714364920140838,0.22962282766479802,0.23998001012486844,49.42717664941567,50.201764268989564,58.790437724042334,33.02441735888402,23.459672251212673,16.489288656961367,17.47378022558473,-0.23495846270033707,0.3476906571070293,0.34000000000003183,0.059900000000027376,0.839999999999975,0.0,22552.0,22552.0,2022-03-22,2022-03-22 15:50:00,2.9410940084672132,67.0,1.0,best_within_2.0d,22618.0,346.18,0.5832424107187206,4.3760036431226785,32.22527881040892,0.012230020343504162,2.285057100371749,15.890706319702602,0.006381710269403211,0.4929364202292669,5.6011759621451125,36.843533123028394,0.015614239272951093,2.82998018927445,22.52492113564669,0.007835530045022196,1.8630914826498424,0.00402220134195386,1.9444468750000041,16.553125,0.005470102952261012,1.0,1
22604.0,2022-03-23 04:15:00,356.6,356.71,356.32,356.46,4542.0,2s,2s,1.0,buy,False,0.15505617977528077,4.163492493946733,28.239017640954685,0.011578080659927173,-0.14482106426897146,0.005821812509852637,-0.06658871962463309,-0.00018657406579681833,36.49049370994302,24.53186646822951,34.35073950707219,4.8941203905441455,4542.0,1.5300000000000296,1.0,8.899999999999977,42.0,0.025516055045871493,1.5300000000000296,54.0,0.004275534441805308,1.0,2.5,-0.14482106426897146,-0.06658871962463309,0.005821812509852637,36.49049370994302,24.53186646822951,34.35073950707219,4.8941203905441455,15.002143163310233,46.435205029290195,27.817533219011313,-0.03925967470556455,0.10945217781768814,0.1099999999999568,0.13999999999998636,0.1400000000000432,0.0,22605.0,22605.0,2022-03-23,2022-03-23 04:15:00,0.9285754362340801,379.0,1.0,best_within_2.0d,22983.0,359.77,0.5832424107187206,4.3760036431226785,32.22527881040892,0.012230020343504162,2.285057100371749,15.890706319702602,0.006381710269403211,0.15505617977528077,8.899999999999977,42.0,0.025516055045871493,1.5300000000000296,54.0,0.004275534441805308,1.0,0.00402220134195386,1.9444468750000041,16.553125,0.005470102952261012,0.0,0
22605.0,2022-03-23 04:20:00,356.39,356.39,356.08,356.11,3375.0,2s,2s,1.0,buy,False,0.18202247191011334,4.163492493946733,28.239017640954685,0.011578080659927173,-0.20059564493276738,-0.019252643106743288,-0.11955046557312698,-0.0003350219849093195,30.070378913934093,17.154577645487127,28.6186855532105,-5.773638169959618,3375.0,1.7700000000000387,1.0,8.899999999999977,42.0,0.025516055045871493,1.7700000000000387,55.0,0.004946206511108114,1.0,2.5,-0.20059564493276738,-0.11955046557312698,-0.019252643106743288,30.070378913934093,17.154577645487127,28.6186855532105,-5.773638169959618,13.817607579945737,48.361626529807275,29.79882052876433,-0.07856561631919322,0.08705908784542864,0.0,0.03000000000002956,0.2799999999999727,0.0,22606.0,22606.0,2022-03-23,2022-03-23 04:20:00,1.0277723175423235,378.0,1.0,best_within_2.0d,22983.0,359.77,0.5832424107187206,4.3760036431226785,32.22527881040892,0.012230020343504162,2.285057100371749,15.890706319702602,0.006381710269403211,0.18202247191011334,8.899999999999977,42.0,0.025516055045871493,1.7700000000000387,55.0,0.004946206511108114,1.0,0.00402220134195386,1.9444468750000041,16.553125,0.005470102952261012,0.0,0
22606.0,2022-03-23 04:25:00,356.1,356.21,356.07,356.1,2150.0,2s,2s,1.0,buy,False,0.1831460674157303,4.163492493946733,28.239017640954685,0.011578080659927173,-0.22596382431578865,-0.04749812114621687,-0.1604800333041112,-0.00044979030174754057,29.908468839198832,12.230035890642998,23.155802332354664,-9.62149699278033,2150.0,1.7800000000000296,1.0,8.899999999999977,42.0,0.025516055045871493,1.7800000000000296,56.0,0.004974151180662371,1.0,2.5,-0.22596382431578865,-0.1604800333041112,-0.04749812114621687,29.908468839198832,12.230035890642998,23.155802332354664,-9.62149699278033,14.143318965518253,45.460668103448654,31.423359982520708,0.0,0.03931811160726441,0.1099999999999568,0.03000000000002956,0.0,0.0,22607.0,22607.0,2022-03-23,2022-03-23 04:25:00,1.0306093793878008,377.0,1.0,best_within_2.0d,22983.0,359.77,0.5832424107187206,4.3760036431226785,32.22527881040892,0.012230020343504162,2.285057100371749,15.890706319702602,0.006381710269403211,0.1831460674157303,8.899999999999977,42.0,0.025516055045871493,1.7800000000000296,56.0,0.004974151180662371,1.0,0.00402220134195386,1.9444468750000041,16.553125,0.005470102952261012,1.0,0
22618.0,2022-03-23 05:30:00,356.09,356.09,355.92,355.92,3043.0,2s,2s,1.0,buy,False,0.19999999999999746,4.163492493946733,28.239017640954685,0.011578080659927173,-0.041353781423807245,-0.1518831435689739,-0.17256003428087752,-0.00048405641475645657,34.34747495044216,27.48343265353428,39.362801380831186,3.7246951989404664,3043.0,1.9300000000000068,1.0,8.899999999999977,42.0,0.025516055045871493,1.9300000000000068,68.0,0.005393321223976545,1.0,2.5,-0.041353781423807245,-0.17256003428087752,-0.1518831435689739,34.34747495044216,27.48343265353428,39.362801380831186,3.7246951989404664,23.104693140794357,39.35018050541943,36.53647568920754,-0.04774073970062599,0.0477635423690602,0.0,0.0,0.16999999999995907,0.0,22619.0,22619.0,2022-03-23,2022-03-23 05:30:00,1.0817037536524965,365.0,1.0,best_within_2.0d,22983.0,359.77,0.5832424107187206,4.3760036431226785,32.22527881040892,0.012230020343504162,2.285057100371749,15.890706319702602,0.006381710269403211,0.19999999999999746,8.899999999999977,42.0,0.025516055045871493,1.9300000000000068,68.0,0.005393321223976545,1.0,0.00402220134195386,1.9444468750000041,16.553125,0.005470102952261012,0.0,0
22618.0,2022-03-23 05:30:00,345.76,346.36,345.575,346.18,713066.0,1p,1p,1.0,buy,False,1.4084824596378422,6.5844000000000165,18.0,0.018697214954364463,-0.8801273006098853,-0.5623267822864264,-1.002390432591369,-0.0028745310605896323,32.17754344482644,9.909392873263968,11.914621348734254,5.898935922323396,713066.0,6.5844000000000165,0.0,6.5844000000000165,18.0,0.018697214954364463,6.5844000000000165,0.0,0.0,1.0,1.0,-0.8801273006098853,-1.002390432591369,-0.5623267822864264,32.17754344482644,9.909392873263968,11.914621348734254,5.898935922323396,5.848028794272028,43.16556060302582,53.09232993565473,0.12147154095326698,0.22715763582435797,0.18000000000000682,0.18500000000000227,0.4200000000000159,1.0,22619.0,22619.0,2022-03-23,2022-03-23 05:30:00,1.0817037536524965,365.0,1.0,best_within_2.0d,22983.0,359.77,0.5832424107187206,4.3760036431226785,32.22527881040892,0.012230020343504162,2.285057100371749,15.890706319702602,0.006381710269403211,0.4929364202292669,5.6011759621451125,36.843533123028394,0.015614239272951093,2.82998018927445,22.52492113564669,0.007835530045022196,1.8630914826498424,0.00402220134195386,1.9444468750000041,16.553125,0.005470102952261012,0.0,0
22618.0,2022-03-23 05:30:00,351.44,352.48,351.43,351.81,1110838.0,1,1,0.0,sell,False,1.1445952836441782,2.8799999999999955,38.0,0.00823798627002287,0.3094434443893744,-0.00030417512308448245,0.1544175470716027,0.0004404594125268638,70.48191800828855,76.57895317103174,67.82331012609686,94.09023926090151,1110838.0,2.8799999999999955,1.0,2.8799999999999955,38.0,0.00823798627002287,2.8799999999999955,38.0,0.00823798627002287,1.0,1.0,0.3094434443893744,0.1544175470716027,-0.00030417512308448245,70.48191800828855,76.57895317103174,67.82331012609686,94.09023926090151,39.176558625445715,10.852053467932327,43.621887359513,0.10528112906897466,0.29877927325499,0.6700000000000159,0.009999999999990905,0.37000000000000455,1.0,22619.0,22619.0,2022-03-23,2022-03-23 05:30:00,1.0817037536524965,365.0,1.0,best_within_2.0d,22983.0,359.77,0.5832424107187206,4.3760036431226785,32.22527881040892,0.012230020343504162,2.285057100371749,15.890706319702602,0.006381710269403211,0.4929364202292669,5.6011759621451125,36.843533123028394,0.015614239272951093,2.82998018927445,22.52492113564669,0.007835530045022196,1.8630914826498424,0.00402220134195386,1.9444468750000041,16.553125,0.005470102952261012,0.0,1
22618.0,2022-03-23 05:30:00,351.38,352.1594,351.01,351.8109,673470.0,2,2,0.0,sell,False,0.9451497005988004,4.163492493946733,28.239017640954685,0.011578080659927173,0.5040195360706957,0.36211556152290086,0.6141253295582487,0.0017537978083901934,65.81657043324633,81.02850933972492,80.67095410712032,81.74361980493413,673470.0,5.524400000000014,1.0,5.845000000000027,10.0,0.016582501134816238,5.524400000000014,19.0,0.0159372250349792,2.0,2.0,0.5040195360706957,0.6141253295582487,0.36211556152290086,65.81657043324633,81.02850933972492,80.67095410712032,81.74361980493413,35.26460352388566,9.23966477831327,47.2262317343564,0.12263077010643984,0.32745505826045246,0.34850000000000136,0.37000000000000455,0.4309000000000083,1.0,22619.0,22619.0,2022-03-23,2022-03-23 05:30:00,1.0817037536524965,365.0,1.0,best_within_2.0d,22983.0,359.77,0.9451497005988004,5.845000000000027,10.0,0.016582501134816238,5.524400000000014,19.0,0.0159372250349792,0.4929364202292669,5.6011759621451125,36.843533123028394,0.015614239272951093,2.82998018927445,22.52492113564669,0.007835530045022196,1.8630914826498424,0.00402220134195386,1.9444468750000041,16.553125,0.005470102952261012,0.0,1
22619.0,2022-03-23 05:35:00,355.8,355.86,355.59,355.83,9656.0,2s,2s,1.0,buy,False,0.2370786516853954,4.163492493946733,28.239017640954685,0.011578080659927173,-0.0745198506672628,-0.16119812490238175,-0.19845805023601315,-0.0005567802408732739,32.74708235933507,26.32228843568982,35.01596373245073,8.934937842168011,9656.0,2.2600000000000477,1.0,8.899999999999977,42.0,0.025516055045871493,2.2600000000000477,69.0,0.006315495319267983,1.0,2.5,-0.0745198506672628,-0.19845805023601315,-0.16119812490238175,32.74708235933507,26.32228843568982,35.01596373245073,8.934937842168011,23.52941176470564,43.382352941181374,36.04603668785953,0.008431703204039548,0.07593014426728499,0.03000000000002956,0.21000000000003638,0.029999999999972715,1.0,22620.0,22620.0,2022-03-23,2022-03-23 05:35:00,1.1072703257173364,364.0,1.0,best_within_2.0d,22983.0,359.77,0.5832424107187206,4.3760036431226785,32.22527881040892,0.012230020343504162,2.285057100371749,15.890706319702602,0.006381710269403211,0.2370786516853954,8.899999999999977,42.0,0.025516055045871493,2.2600000000000477,69.0,0.006315495319267983,1.0,0.00402220134195386,1.9444468750000041,16.553125,0.005470102952261012,0.0,0
22620.0,2022-03-23 05:40:00,355.77,355.77,355.49,355.49,7900.0,2s,2s,1.0,buy,False,0.24831460674157138,4.163492493946733,28.239017640954685,0.011578080659927173,-0.13185803295184928,-0.1776803790213629,-0.24360939549728755,-0.0006835885262606222,27.528673603135516,17.54819229045988,29.19337325178711,-5.742169632194582,7900.0,2.3600000000000136,1.0,8.899999999999977,42.0,0.025516055045871493,2.3600000000000136,70.0,0.006594942014810713,1.0,2.5,-0.13185803295184928,-0.24360939549728755,-0.1776803790213629,27.528673603135516,17.54819229045988,29.19337325178711,-5.742169632194582,21.91780821917792,43.49315068493539,35.82734072399253,-0.07870253253505713,0.07876452220877457,0.0,0.0,0.2799999999999727,0.0,22621.0,22621.0,2022-03-23,2022-03-23 05:40:00,1.2039719823342352,363.0,1.0,best_within_2.0d,22983.0,359.77,0.5832424107187206,4.3760036431226785,32.22527881040892,0.012230020343504162,2.285057100371749,15.890706319702602,0.006381710269403211,0.24831460674157138,8.899999999999977,42.0,0.025516055045871493,2.3600000000000136,70.0,0.006594942014810713,1.0,0.00402220134195386,1.9444468750000041,16.553125,0.005470102952261012,0.0,0
22621.0,2022-03-23 05:45:00,355.4,355.51,355.32,355.33,20950.0,2s,2s,1.0,buy,False,0.2674157303370788,4.163492493946733,28.239017640954685,0.011578080659927173,-0.178066175033185,-0.19993865090051105,-0.28897173841710355,-0.0008110541586122703,25.471610404539675,11.9612620519074,23.44933618516054,-11.014886214598874,20950.0,2.5300000000000296,1.0,8.899999999999977,42.0,0.025516055045871493,2.5300000000000296,71.0,0.00707000139723356,1.0,2.5,-0.178066175033185,-0.28897173841710355,-0.19993865090051105,25.471610404539675,11.9612620519074,23.44933618516054,-11.014886214598874,21.192052980132125,47.68211920530199,36.01549770524611,-0.019696117051207985,0.053472925813350704,0.11000000000001364,0.009999999999990905,0.06999999999999318,0.0,22622.0,22622.0,2022-03-23,2022-03-23 05:45:00,1.2495426786367596,362.0,1.0,best_within_2.0d,22983.0,359.77,0.5832424107187206,4.3760036431226785,32.22527881040892,0.012230020343504162,2.285057100371749,15.890706319702602,0.006381710269403211,0.2674157303370788,8.899999999999977,42.0,0.025516055045871493,2.5300000000000296,71.0,0.00707000139723356,1.0,0.00402220134195386,1.9444468750000041,16.553125,0.005470102952261012,1.0,0
22628.0,2022-03-23 06:20:00,355.37,355.41,355.1,355.14,10340.0,2s,2s,1.0,buy,False,0.2921348314606711,4.163492493946733,28.239017640954685,0.011578080659927173,-0.08348346990281763,-0.304028135044866,-0.3457698699962748,-0.0009714862509983192,25.916385006856288,11.038280601338425,13.478289392924614,6.158263018166043,10340.0,2.75,1.0,8.899999999999977,42.0,0.025516055045871493,2.75,78.0,0.007684784127427693,1.0,2.5,-0.08348346990281763,-0.3457698699962748,-0.304028135044866,25.916385006856288,11.038280601338425,13.478289392924614,6.158263018166043,12.85266457680129,52.66457680250715,41.87209848640447,-0.06472127641613479,0.08729935229512877,0.040000000000020464,0.03999999999996362,0.2300000000000182,0.0,22629.0,22629.0,2022-03-23,2022-03-23 06:20:00,1.3037112124795842,355.0,1.0,best_within_2.0d,22983.0,359.77,0.5832424107187206,4.3760036431226785,32.22527881040892,0.012230020343504162,2.285057100371749,15.890706319702602,0.006381710269403211,0.2921348314606711,8.899999999999977,42.0,0.025516055045871493,2.75,78.0,0.007684784127427693,1.0,0.00402220134195386,1.9444468750000041,16.553125,0.005470102952261012,0.0,0
22630.0,2022-03-23 06:30:00,355.03,355.37,355.03,355.26,14768.0,2s,2s,1.0,buy,False,0.30000000000000254,4.163492493946733,28.239017640954685,0.011578080659927173,-0.048359430081901245,-0.3189255247061529,-0.3431052397471035,-0.0009642615391338143,31.042878790642973,23.028457900175447,17.01120601392139,35.06296167268355,14768.0,2.82000000000005,1.0,8.899999999999977,42.0,0.025516055045871493,2.82000000000005,80.0,0.00788039681430781,1.0,2.5,-0.048359430081901245,-0.3431052397471035,-0.3189255247061529,31.042878790642973,23.028457900175447,17.01120601392139,35.06296167268355,2.3333333333330617,53.33333333333308,46.29237290319912,0.06478325775287108,0.0957665549390282,0.11000000000001364,0.0,0.2300000000000182,1.0,22631.0,22631.0,2022-03-23,2022-03-23 06:30:00,1.2920114845465382,382.0,1.0,best_within_2.0d,23012.0,359.85,0.5832424107187206,4.3760036431226785,32.22527881040892,0.012230020343504162,2.285057100371749,15.890706319702602,0.006381710269403211,0.30000000000000254,8.899999999999977,42.0,0.025516055045871493,2.82000000000005,80.0,0.00788039681430781,1.0,0.00402220134195386,1.9444468750000041,16.553125,0.005470102952261012,0.0,0
22632.0,2022-03-23 06:40:00,355.11,355.11,354.7,354.79,11290.0,2s,2s,1.0,buy,False,0.33707865168539414,4.163492493946733,28.239017640954685,0.011578080659927173,-0.0733912260105074,-0.33325539894012113,-0.36995101194537483,-0.001040068861575941,23.4458185424985,17.638865920099015,18.232823431180464,16.450950897936117,11290.0,3.150000000000034,1.0,8.899999999999977,42.0,0.025516055045871493,3.150000000000034,82.0,0.008802570909599088,1.0,2.5,-0.0733912260105074,-0.36995101194537483,-0.33325539894012113,23.4458185424985,17.638865920099015,18.232823431180464,16.450950897936117,2.243589743589481,53.20512820512796,52.53964563234932,-0.09011292275632711,0.1155906399774528,0.0,0.09000000000003183,0.3199999999999932,0.0,22633.0,22633.0,2022-03-23,2022-03-23 06:40:00,1.4261957777840417,380.0,1.0,best_within_2.0d,23012.0,359.85,0.5832424107187206,4.3760036431226785,32.22527881040892,0.012230020343504162,2.285057100371749,15.890706319702602,0.006381710269403211,0.33707865168539414,8.899999999999977,42.0,0.025516055045871493,3.150000000000034,82.0,0.008802570909599088,1.0,0.00402220134195386,1.9444468750000041,16.553125,0.005470102952261012,0.0,0
22633.0,2022-03-23 06:45:00,354.78,354.9,354.69,354.9,9118.0,2s,2s,1.0,buy,False,0.33820224719101105,4.163492493946733,28.239017640954685,0.011578080659927173,-0.0695744957568708,-0.34195221090973,-0.3767394587881654,-0.0010593298612199251,27.97127308124574,19.286125667161997,18.58392417650764,20.69052864847071,9118.0,3.160000000000025,1.0,8.899999999999977,42.0,0.025516055045871493,3.160000000000025,83.0,0.008830515579153346,1.0,2.5,-0.0695744957568708,-0.3767394587881654,-0.34195221090973,27.97127308124574,19.286125667161997,18.58392417650764,20.69052864847071,2.3333333333331057,44.66666666666583,55.22045108616839,0.03382377811601684,0.05920663114268221,0.0,0.08999999999997499,0.12000000000000455,1.0,22634.0,22634.0,2022-03-23,2022-03-23 06:45:00,1.3947590870667923,379.0,1.0,best_within_2.0d,23012.0,359.85,0.5832424107187206,4.3760036431226785,32.22527881040892,0.012230020343504162,2.285057100371749,15.890706319702602,0.006381710269403211,0.33820224719101105,8.899999999999977,42.0,0.025516055045871493,3.160000000000025,83.0,0.008830515579153346,1.0,0.00402220134195386,1.9444468750000041,16.553125,0.005470102952261012,1.0,0
22640.0,2022-03-23 07:20:00,354.92,354.97,354.55,354.64,30035.0,2s,2s,1.0,buy,False,0.3539325842696613,4.163492493946733,28.239017640954685,0.011578080659927173,0.010326528601535157,-0.3330342264211819,-0.32787096212041433,-0.00092269067926749,33.0311597320857,30.163156377787928,33.89740724822001,22.694654636923758,30035.0,3.3000000000000114,1.0,8.899999999999977,42.0,0.025516055045871493,3.3000000000000114,90.0,0.009221740952913263,1.0,2.5,0.010326528601535157,-0.32787096212041433,-0.3330342264211819,33.0311597320857,30.163156377787928,33.89740724822001,22.694654636923758,10.638297872339686,40.95744680851066,55.372296766906864,-0.07889101769413659,0.11846001974334111,0.05000000000001137,0.08999999999997499,0.28000000000002956,0.0,22641.0,22641.0,2022-03-23,2022-03-23 07:20:00,1.6805774870291101,383.0,1.0,best_within_2.0d,23023.0,360.6,0.5832424107187206,4.3760036431226785,32.22527881040892,0.012230020343504162,2.285057100371749,15.890706319702602,0.006381710269403211,0.3539325842696613,8.899999999999977,42.0,0.025516055045871493,3.3000000000000114,90.0,0.009221740952913263,1.0,0.00402220134195386,1.9444468750000041,16.553125,0.005470102952261012,0.0,0
22641.0,2022-03-23 07:25:00,354.679,354.73,354.43,354.49,18128.0,2s,2s,1.0,buy,False,0.36741573033707753,4.163492493946733,28.239017640954685,0.011578080659927173,-0.019806533345254618,-0.33551004308933874,-0.34541330976196605,-0.0009722308725081473,30.86101643044944,22.64041648814557,30.14507699486186,7.631095474712978,18128.0,3.420000000000016,1.0,8.899999999999977,42.0,0.025516055045871493,3.420000000000016,91.0,0.009557076987564667,1.0,2.5,-0.019806533345254618,-0.34541330976196605,-0.33551004308933874,30.86101643044944,22.64041648814557,30.14507699486186,7.631095474712978,10.152284263958673,40.35532994923883,55.68848949604757,-0.05328762063724228,0.08464294783173303,0.051000000000044565,0.060000000000002274,0.18899999999996453,0.0,22642.0,22642.0,2022-03-23,2022-03-23 07:25:00,1.8956811193545573,383.0,1.0,best_within_2.0d,23024.0,361.21,0.5832424107187206,4.3760036431226785,32.22527881040892,0.012230020343504162,2.285057100371749,15.890706319702602,0.006381710269403211,0.36741573033707753,8.899999999999977,42.0,0.025516055045871493,3.420000000000016,91.0,0.009557076987564667,1.0,0.00402220134195386,1.9444468750000041,16.553125,0.005470102952261012,0.0,0
22644.0,2022-03-23 07:40:00,354.55,354.55,354.06,354.2,52326.0,2s,2s,1.0,buy,False,0.40898876404494333,4.163492493946733,28.239017640954685,0.011578080659927173,-0.051506741589463445,-0.34443610595435814,-0.37018947674908986,-0.0010424671625562912,29.73000552090322,17.857373513016356,23.35713863518293,6.8578432686832045,52326.0,3.7900000000000205,1.0,8.899999999999977,42.0,0.025516055045871493,3.7900000000000205,94.0,0.010591029761073132,1.0,2.5,-0.051506741589463445,-0.37018947674908986,-0.34443610595435814,29.73000552090322,17.857373513016356,23.35713863518293,6.8578432686832045,12.70588235294032,37.64705882352861,54.27499582591339,-0.0987166831194536,0.13839462238039008,0.0,0.13999999999998636,0.35000000000002274,0.0,22645.0,22645.0,2022-03-23,2022-03-23 07:40:00,1.9791078486730636,380.0,1.0,best_within_2.0d,23024.0,361.21,0.5832424107187206,4.3760036431226785,32.22527881040892,0.012230020343504162,2.285057100371749,15.890706319702602,0.006381710269403211,0.40898876404494333,8.899999999999977,42.0,0.025516055045871493,3.7900000000000205,94.0,0.010591029761073132,1.0,0.00402220134195386,1.9444468750000041,16.553125,0.005470102952261012,0.0,0
22646.0,2022-03-23 07:50:00,354.38,354.39,354.0,354.27,43430.0,2s,2s,1.0,buy,False,0.4157303370786515,4.163492493946733,28.239017640954685,0.011578080659927173,-0.044007933999782756,-0.3554877181876873,-0.3774916851875787,-0.001063368331503724,33.12146827452227,22.44673633966497,22.48829854049309,22.36361193800873,43430.0,3.8500000000000227,1.0,8.899999999999977,42.0,0.025516055045871493,3.8500000000000227,96.0,0.010758697778398833,1.0,2.5,-0.044007933999782756,-0.3774916851875787,-0.3554877181876873,33.12146827452227,22.44673633966497,22.48829854049309,22.36361193800873,12.558139534882843,30.465116279068415,53.056644035341655,-0.031040126417973265,0.11016949152541987,0.009999999999990905,0.2699999999999818,0.11000000000001364,0.0,22647.0,22647.0,2022-03-23,2022-03-23 07:50:00,1.9589578570017214,378.0,1.0,best_within_2.0d,23024.0,361.21,0.5832424107187206,4.3760036431226785,32.22527881040892,0.012230020343504162,2.285057100371749,15.890706319702602,0.006381710269403211,0.4157303370786515,8.899999999999977,42.0,0.025516055045871493,3.8500000000000227,96.0,0.010758697778398833,1.0,0.00402220134195386,1.9444468750000041,16.553125,0.005470102952261012,0.0,0
22650.0,2022-03-23 08:10:00,350.81,350.94,350.75,350.92,5063.0,3a,3a,1.0,buy,False,0.0021167048054918543,4.163492493946733,28.239017640954685,0.011578080659927173,-0.24089381035256735,0.17884694560617134,0.05840004042988767,0.00016632289102830197,45.06626541856268,13.308543771342896,15.102203964877788,9.72122338427311,5063.0,1.25,2.0,1.25,12.0,0.0035511363636363635,1.25,12.0,0.0035511363636363635,3.0,3.0,-0.24089381035256735,0.05840004042988767,0.17884694560617134,45.06626541856268,13.308543771342896,15.102203964877788,9.72122338427311,17.006802721086515,39.1156462585046,41.124962045441556,0.03135600467489913,0.054169636493228146,0.01999999999998181,0.060000000000002274,0.11000000000001364,1.0,22651.0,22651.0,2022-03-23,2022-03-23 08:10:00,2.932292260344228,374.0,1.0,best_within_2.0d,23024.0,361.21,0.5832424107187206,4.3760036431226785,32.22527881040892,0.012230020343504162,2.285057100371749,15.890706319702602,0.006381710269403211,0.4929364202292669,5.6011759621451125,36.843533123028394,0.015614239272951093,2.82998018927445,22.52492113564669,0.007835530045022196,1.8630914826498424,0.0021167048054918543,1.25,12.0,0.0035511363636363635,0.0,0
22666.0,2022-03-23 09:30:00,351.44,352.48,351.43,351.81,1110838.0,1p,1p,0.0,sell,False,1.8108789386430777,2.8799999999999955,38.0,0.00823798627002287,0.30957752830124685,-0.0005136888815966856,0.15427507526902673,0.0004400528482300623,70.48390618634755,76.57895317103174,67.82331012609686,94.09023926090151,1110838.0,2.8799999999999955,0.0,2.8799999999999955,38.0,0.00823798627002287,2.8799999999999955,0.0,0.0,1.0,1.0,0.30957752830124685,0.15427507526902673,-0.0005136888815966856,70.48390618634755,76.57895317103174,67.82331012609686,94.09023926090151,39.176558625445715,10.852053467932327,43.60072458732356,0.10528112906897466,0.29877927325499,0.6700000000000159,0.009999999999990905,0.37000000000000455,1.0,22667.0,22667.0,2022-03-23,2022-03-23 09:30:00,2.2200840490710654,358.0,1.0,best_within_2.0d,23024.0,361.21,0.5832424107187206,4.3760036431226785,32.22527881040892,0.012230020343504162,2.285057100371749,15.890706319702602,0.006381710269403211,0.4929364202292669,5.6011759621451125,36.843533123028394,0.015614239272951093,2.82998018927445,22.52492113564669,0.007835530045022196,1.8630914826498424,0.00402220134195386,1.9444468750000041,16.553125,0.005470102952261012,0.0,1
22666.0,2022-03-23 09:30:00,353.99,354.34,353.0,353.365,1899763.0,2s,2s,1.0,buy,False,0.5280898876404495,4.163492493946733,28.239017640954685,0.011578080659927173,-0.03463999616663738,-0.2534577620077885,-0.2707777600911072,-0.0007640763801036714,37.39530768109131,30.268887882483618,26.68135273655576,37.44395817433933,1899763.0,4.850000000000023,1.0,8.899999999999977,42.0,0.025516055045871493,4.850000000000023,116.0,0.013553164733827085,1.0,2.5,-0.03463999616663738,-0.2707777600911072,-0.2534577620077885,37.39530768109131,30.268887882483618,26.68135273655576,37.44395817433933,37.4809014514899,20.530939648585882,54.3015036959505,-0.17655865984914826,0.3796033994334207,0.3499999999999659,0.3650000000000091,0.625,0.0,22667.0,22667.0,2022-03-23,2022-03-23 09:30:00,2.2200840490710654,358.0,1.0,best_within_2.0d,23024.0,361.21,0.5832424107187206,4.3760036431226785,32.22527881040892,0.012230020343504162,2.285057100371749,15.890706319702602,0.006381710269403211,0.5280898876404495,8.899999999999977,42.0,0.025516055045871493,4.850000000000023,116.0,0.013553164733827085,1.0,0.00402220134195386,1.9444468750000041,16.553125,0.005470102952261012,0.0,0
22667.0,2022-03-23 09:35:00,353.36,353.78,352.51,352.73,1805877.0,2s,2s,1.0,buy,False,0.5831460674157316,4.163492493946733,28.239017640954685,0.011578080659927173,-0.17238770743985432,-0.2750062254377703,-0.3612000791576975,-0.0010195815006664348,32.4060865128329,23.574320316717856,25.645675263276456,19.431610423600652,1805877.0,5.340000000000032,1.0,8.899999999999977,42.0,0.025516055045871493,5.340000000000032,117.0,0.014922453541986954,1.0,2.5,-0.17238770743985432,-0.3612000791576975,-0.2750062254377703,32.4060865128329,23.574320316717856,25.645675263276456,19.431610423600652,33.519791622187235,23.05820060634512,51.7435795775066,-0.17828843106180536,0.36027346741935884,0.4199999999999591,0.22000000000002728,0.6299999999999955,0.0,22668.0,22668.0,2022-03-23,2022-03-23 09:35:00,2.4041051228985233,357.0,1.0,best_within_2.0d,23024.0,361.21,0.5832424107187206,4.3760036431226785,32.22527881040892,0.012230020343504162,2.285057100371749,15.890706319702602,0.006381710269403211,0.5831460674157316,8.899999999999977,42.0,0.025516055045871493,5.340000000000032,117.0,0.014922453541986954,1.0,0.00402220134195386,1.9444468750000041,16.553125,0.005470102952261012,0.0,0
22668.0,2022-03-23 09:40:00,352.76,353.8,352.49,353.455,1561115.0,2s,2s,1.0,buy,False,0.5853932584269654,4.163492493946733,28.239017640954685,0.011578080659927173,-0.15213848470595048,-0.2940235360260141,-0.37009277837898935,-0.0010448600084819188,41.93190286900052,30.471565226435327,27.254305250996076,36.90608517731383,1561115.0,5.360000000000014,1.0,8.899999999999977,42.0,0.025516055045871493,5.360000000000014,118.0,0.014978342881095468,1.0,2.5,-0.15213848470595048,-0.37009277837898935,-0.2940235360260141,41.93190286900052,30.471565226435327,27.254305250996076,36.90608517731383,30.836488543659318,19.80951637456553,49.60279815709298,0.19701780247193368,0.37164174870209143,0.3450000000000273,0.2699999999999818,0.6949999999999932,1.0,22669.0,22669.0,2022-03-23,2022-03-23 09:40:00,2.1940558204014646,356.0,1.0,best_within_2.0d,23024.0,361.21,0.5832424107187206,4.3760036431226785,32.22527881040892,0.012230020343504162,2.285057100371749,15.890706319702602,0.006381710269403211,0.5853932584269654,8.899999999999977,42.0,0.025516055045871493,5.360000000000014,118.0,0.014978342881095468,1.0,0.00402220134195386,1.9444468750000041,16.553125,0.005470102952261012,0.0,0
22669.0,2022-03-23 09:45:00,353.46,353.52,352.32,352.46,1546195.0,2s,2s,1.0,buy,False,0.604494382022473,4.163492493946733,28.239017640954685,0.011578080659927173,-0.2531073515132729,-0.32566195496517325,-0.4522156307218097,-0.0012771779731941537,34.703564760808916,22.300192420460217,25.602934307484123,15.694708646412401,1546195.0,5.53000000000003,1.0,8.899999999999977,42.0,0.025516055045871493,5.53000000000003,119.0,0.015453402263518316,1.0,2.5,-0.2531073515132729,-0.4522156307218097,-0.32566195496517325,34.703564760808916,22.300192420460217,25.602934307484123,15.694708646412401,9.86353509097689,25.52914964723349,49.22133365172676,-0.2829174446896396,0.34059945504086875,0.060000000000002274,0.13999999999998636,1.0,0.0,22670.0,22670.0,2022-03-23,2022-03-23 09:45:00,2.4825512114849912,355.0,1.0,best_within_2.0d,23024.0,361.21,0.5832424107187206,4.3760036431226785,32.22527881040892,0.012230020343504162,2.285057100371749,15.890706319702602,0.006381710269403211,0.604494382022473,8.899999999999977,42.0,0.025516055045871493,5.53000000000003,119.0,0.015453402263518316,1.0,0.00402220134195386,1.9444468750000041,16.553125,0.005470102952261012,0.0,0
22670.0,2022-03-23 09:50:00,352.48,353.23,352.26,353.23,1169972.0,2s,2s,1.0,buy,False,0.6112359550561811,4.163492493946733,28.239017640954685,0.011578080659927173,-0.19890717749044118,-0.3505253521514784,-0.449978940896699,-0.0012710854211824467,42.905898864507535,28.283115832174268,26.496328149047503,31.85669119842779,1169972.0,5.590000000000032,1.0,8.899999999999977,42.0,0.025516055045871493,5.590000000000032,120.0,0.015621070280844017,1.0,2.5,-0.19890717749044118,-0.449978940896699,-0.3505253521514784,42.905898864507535,28.283115832174268,26.496328149047503,31.85669119842779,9.122520820812444,23.289259036661907,48.827567624569305,0.2127780299591466,0.2753647873729709,0.0,0.22000000000002728,0.75,1.0,22671.0,22671.0,2022-03-23,2022-03-23 09:50:00,2.2591512612178923,354.0,1.0,best_within_2.0d,23024.0,361.21,0.5832424107187206,4.3760036431226785,32.22527881040892,0.012230020343504162,2.285057100371749,15.890706319702602,0.006381710269403211,0.6112359550561811,8.899999999999977,42.0,0.025516055045871493,5.590000000000032,120.0,0.015621070280844017,1.0,0.00402220134195386,1.9444468750000041,16.553125,0.005470102952261012,1.0,0
22674.0,2022-03-23 10:10:00,353.92,354.8,353.5,354.77,961717.0,2,2,0.0,sell,False,0.4543828264758508,4.163492493946733,28.239017640954685,0.011578080659927173,0.2078303928814519,-0.3680645987494862,-0.2641494023087603,-0.0007463337599170061,56.56738692305762,61.29976416989923,42.12809690620337,99.64309869729095,961717.0,2.5400000000000205,1.0,5.590000000000032,120.0,0.015621070280844017,2.5400000000000205,5.0,0.007210583092034351,2.0,2.0,0.2078303928814519,-0.2641494023087603,-0.3680645987494862,56.56738692305762,61.29976416989923,42.12809690620337,99.64309869729095,19.438599701155734,17.153050955997106,39.95368105781024,0.2401672694394117,0.36775106082037096,0.03000000000002956,0.4200000000000159,0.8499999999999659,1.0,22675.0,22675.0,2022-03-23,2022-03-23 10:10:00,0.8258871945203954,69.0,1.0,best_within_2.0d,22743.0,351.84,0.4543828264758508,5.590000000000032,120.0,0.015621070280844017,2.5400000000000205,5.0,0.007210583092034351,0.4929364202292669,5.6011759621451125,36.843533123028394,0.015614239272951093,2.82998018927445,22.52492113564669,0.007835530045022196,1.8630914826498424,0.00402220134195386,1.9444468750000041,16.553125,0.005470102952261012,0.0,1
22675.0,2022-03-23 10:15:00,354.77,355.58,354.765,355.23,1260604.0,2,2,0.0,sell,False,0.5939177101967754,4.163492493946733,28.239017640954685,0.011578080659927173,0.39729805277804975,-0.31840234215223,-0.11975331576320514,-0.0003382616745864853,59.55035162541218,70.68578655503354,51.64732678914676,108.76270608680713,1260604.0,3.319999999999993,1.0,5.590000000000032,120.0,0.015621070280844017,3.319999999999993,6.0,0.009424856639981813,2.0,2.0,0.39729805277804975,-0.11975331576320514,-0.31840234215223,59.55035162541218,70.68578655503354,51.64732678914676,108.76270608680713,23.24789217345229,16.55361163020003,38.30121561542479,0.12966147081208568,0.2297295392724755,0.3499999999999659,0.0049999999999954525,0.4600000000000364,1.0,22676.0,22676.0,2022-03-23,2022-03-23 10:15:00,0.9543112912760868,68.0,1.0,best_within_2.0d,22743.0,351.84,0.5939177101967754,5.590000000000032,120.0,0.015621070280844017,3.319999999999993,6.0,0.009424856639981813,0.4929364202292669,5.6011759621451125,36.843533123028394,0.015614239272951093,2.82998018927445,22.52492113564669,0.007835530045022196,1.8630914826498424,0.00402220134195386,1.9444468750000041,16.553125,0.005470102952261012,0.0,1
22678.0,2022-03-23 10:30:00,355.06,355.78,354.87,355.51,781981.0,2,2,0.0,sell,False,0.6296958855098321,4.163492493946733,28.239017640954685,0.011578080659927173,0.5712275774052551,-0.11785190932523304,0.1677618793773945,0.00047352121647399945,60.820073298202296,83.90474463502377,72.45392417613463,106.80638555280206,781981.0,3.519999999999982,1.0,5.590000000000032,120.0,0.015621070280844017,3.519999999999982,9.0,0.009992619088173458,2.0,2.0,0.5712275774052551,0.1677618793773945,-0.11785190932523304,60.820073298202296,83.90474463502377,72.45392417613463,106.80638555280206,20.968300248964507,16.808456817244043,32.818378444817895,0.1267391426801072,0.2564319328204605,0.2699999999999818,0.18999999999999773,0.44999999999998863,1.0,22679.0,22679.0,2022-03-23,2022-03-23 10:30:00,1.0323197659700194,65.0,1.0,best_within_2.0d,22743.0,351.84,0.6296958855098321,5.590000000000032,120.0,0.015621070280844017,3.519999999999982,9.0,0.009992619088173458,0.4929364202292669,5.6011759621451125,36.843533123028394,0.015614239272951093,2.82998018927445,22.52492113564669,0.007835530045022196,1.8630914826498424,0.00402220134195386,1.9444468750000041,16.553125,0.005470102952261012,0.0,1
22679.0,2022-03-23 10:35:00,355.54,355.88,355.16,355.48,486515.0,2,2,0.0,sell,False,0.6475849731663657,4.163492493946733,28.239017640954685,0.011578080659927173,0.568099131768135,-0.04683951785421616,0.23721004802985135,0.0006693770617122425,60.49804972944498,85.50335141393322,76.80373325540083,102.902587730998,486515.0,3.6200000000000045,1.0,5.590000000000032,120.0,0.015621070280844017,3.6200000000000045,10.0,0.010276500312269359,2.0,2.0,0.568099131768135,0.23721004802985135,-0.04683951785421616,60.49804972944498,85.50335141393322,76.80373325540083,102.902587730998,21.62980612441833,16.006549041271185,31.541424598626264,-0.016875738313551856,0.20272553215451355,0.339999999999975,0.3199999999999932,0.060000000000002274,0.0,22680.0,22680.0,2022-03-23,2022-03-23 10:35:00,1.0239675931135486,64.0,1.0,best_within_2.0d,22743.0,351.84,0.6475849731663657,5.590000000000032,120.0,0.015621070280844017,3.6200000000000045,10.0,0.010276500312269359,0.4929364202292669,5.6011759621451125,36.843533123028394,0.015614239272951093,2.82998018927445,22.52492113564669,0.007835530045022196,1.8630914826498424,0.00402220134195386,1.9444468750000041,16.553125,0.005470102952261012,1.0,1
22684.0,2022-03-23 11:00:00,355.38,356.08,355.22,355.735,539957.0,2,2,0.0,sell,False,0.6833631484794225,4.163492493946733,28.239017640954685,0.011578080659927173,0.32077769010491164,0.15930392759066686,0.3196927726431227,0.0009015168152730124,60.612184036118755,75.8891297612663,74.11686165409424,79.43366597561044,539957.0,3.819999999999993,1.0,5.590000000000032,120.0,0.015621070280844017,3.819999999999993,15.0,0.010844262760461004,2.0,2.0,0.32077769010491164,0.3196927726431227,0.15930392759066686,60.612184036118755,75.8891297612663,74.11686165409424,79.43366597561044,34.53834734541275,15.553781769625324,30.039856968149603,0.09989307220440605,0.24210348516411148,0.34499999999997044,0.15999999999996817,0.3550000000000182,1.0,22685.0,22685.0,2022-03-23,2022-03-23 11:00:00,1.0949161595007628,59.0,1.0,best_within_2.0d,22743.0,351.84,0.6833631484794225,5.590000000000032,120.0,0.015621070280844017,3.819999999999993,15.0,0.010844262760461004,0.4929364202292669,5.6011759621451125,36.843533123028394,0.015614239272951093,2.82998018927445,22.52492113564669,0.007835530045022196,1.8630914826498424,0.00402220134195386,1.9444468750000041,16.553125,0.005470102952261012,0.0,1
22688.0,2022-03-23 11:20:00,355.9,356.65,355.822,356.44,701934.0,2,2,0.0,sell,False,0.7853309481216388,4.163492493946733,28.239017640954685,0.011578080659927173,0.3283833843372006,0.30233183692004684,0.46652352908864714,0.0013143210762272585,64.27372178602417,85.39124490062468,79.78180421764584,96.6101262665824,701934.0,4.389999999999986,1.0,5.590000000000032,120.0,0.015621070280844017,4.389999999999986,19.0,0.012462385737807263,2.0,2.0,0.3283833843372006,0.46652352908864714,0.30233183692004684,64.27372178602417,85.39124490062468,79.78180421764584,96.6101262665824,30.378472865957974,14.61097721393855,31.58223282488916,0.1517280134869403,0.23270061997290062,0.20999999999997954,0.07799999999997453,0.5400000000000205,1.0,22689.0,22689.0,2022-03-23,2022-03-23 11:20:00,1.290539782291556,55.0,1.0,best_within_2.0d,22743.0,351.84,0.7853309481216388,5.590000000000032,120.0,0.015621070280844017,4.389999999999986,19.0,0.012462385737807263,0.4929364202292669,5.6011759621451125,36.843533123028394,0.015614239272951093,2.82998018927445,22.52492113564669,0.007835530045022196,1.8630914826498424,0.00402220134195386,1.9444468750000041,16.553125,0.005470102952261012,1.0,1
22693.0,2022-03-23 11:45:00,356.58,356.73,356.16,356.27,310166.0,2,2,0.0,sell,False,0.7996422182468698,4.163492493946733,28.239017640954685,0.011578080659927173,0.18108301085766487,0.4623836060901271,0.5529251115189595,0.0015557686429175759,59.58999546169105,83.19525895213049,84.602939506974,80.37989784244348,310166.0,4.470000000000027,1.0,5.590000000000032,120.0,0.015621070280844017,4.470000000000027,24.0,0.01268949071708405,2.0,2.0,0.18108301085766487,0.5529251115189595,0.4623836060901271,59.58999546169105,83.19525895213049,84.602939506974,80.37989784244348,24.22291946207112,16.94898154780526,28.357800083513727,-0.08693701273206637,0.16004043126684445,0.1500000000000341,0.1099999999999568,0.3100000000000023,0.0,22694.0,22694.0,2022-03-23,2022-03-23 11:45:00,1.2434389648300466,50.0,1.0,best_within_2.0d,22743.0,351.84,0.7996422182468698,5.590000000000032,120.0,0.015621070280844017,4.470000000000027,24.0,0.01268949071708405,0.4929364202292669,5.6011759621451125,36.843533123028394,0.015614239272951093,2.82998018927445,22.52492113564669,0.007835530045022196,1.8630914826498424,0.00402220134195386,1.9444468750000041,16.553125,0.005470102952261012,0.0,1
22694.0,2022-03-23 11:50:00,356.25,356.84,356.17,356.7,440672.0,2,2,0.0,sell,False,0.8193202146690444,4.163492493946733,28.239017640954685,0.011578080659927173,0.17428275639090507,0.48416895063899024,0.5713103288344428,0.0016070648664697478,63.01005927056642,86.05174126220489,85.08587342538428,87.98347693584611,440672.0,4.579999999999984,1.0,5.590000000000032,120.0,0.015621070280844017,4.579999999999984,25.0,0.01300176006358935,2.0,2.0,0.17428275639090507,0.5713103288344428,0.48416895063899024,63.01005927056642,86.05174126220489,85.08587342538428,87.98347693584611,26.79228774767569,10.776666915632486,29.37723826880898,0.12631578947368102,0.18811241822723954,0.13999999999998636,0.07999999999998408,0.44999999999998863,1.0,22695.0,22695.0,2022-03-23,2022-03-23 11:50:00,1.362489486963839,49.0,1.0,best_within_2.0d,22743.0,351.84,0.8193202146690444,5.590000000000032,120.0,0.015621070280844017,4.579999999999984,25.0,0.01300176006358935,0.4929364202292669,5.6011759621451125,36.843533123028394,0.015614239272951093,2.82998018927445,22.52492113564669,0.007835530045022196,1.8630914826498424,0.00402220134195386,1.9444468750000041,16.553125,0.005470102952261012,0.0,1
22695.0,2022-03-23 11:55:00,356.68,356.96,356.66,356.93,314934.0,2,2,0.0,sell,False,0.8407871198568805,4.163492493946733,28.239017640954685,0.011578080659927173,0.18141227210500954,0.5068454846521164,0.5975516207046212,0.001680379232014359,64.72955202141353,89.9817363810389,86.71782774393581,96.50955365524507,314934.0,4.699999999999989,1.0,5.590000000000032,120.0,0.015621070280844017,4.699999999999989,26.0,0.013342417532504368,2.0,2.0,0.18141227210500954,0.5975516207046212,0.5068454846521164,64.72955202141353,89.9817363810389,86.71782774393581,96.50955365524507,29.75537485438916,4.636907521968454,32.49566309204746,0.0700908377256925,0.0841137217517957,0.029999999999972715,0.01999999999998181,0.25,1.0,22696.0,22696.0,2022-03-23,2022-03-23 11:55:00,1.4260499257557593,48.0,1.0,best_within_2.0d,22743.0,351.84,0.8407871198568805,5.590000000000032,120.0,0.015621070280844017,4.699999999999989,26.0,0.013342417532504368,0.4929364202292669,5.6011759621451125,36.843533123028394,0.015614239272951093,2.82998018927445,22.52492113564669,0.007835530045022196,1.8630914826498424,0.00402220134195386,1.9444468750000041,16.553125,0.005470102952261012,0.0,1
22696.0,2022-03-23 12:00:00,356.94,357.66,356.8199,357.14,983716.0,2,2,0.0,sell,False,0.9660107334525945,4.163492493946733,28.239017640954685,0.011578080659927173,0.19393277509250528,0.5310870815386796,0.6280534690849322,0.0017655892381007218,66.27122895045386,83.8906171448487,85.77542421090678,80.12100301273256,983716.0,5.400000000000034,1.0,5.590000000000032,120.0,0.015621070280844017,5.400000000000034,27.0,0.015329586101175366,2.0,2.0,0.19393277509250528,0.6280534690849322,0.5310870815386796,66.27122895045386,83.8906171448487,85.77542421090678,80.12100301273256,31.246437609721667,4.673856045233475,35.458581113468405,0.05603182607720867,0.23544090450112412,0.5200000000000387,0.12009999999997945,0.19999999999998863,1.0,22697.0,22697.0,2022-03-23,2022-03-23 12:00:00,1.48401187209498,47.0,1.0,best_within_2.0d,22743.0,351.84,0.9660107334525945,5.590000000000032,120.0,0.015621070280844017,5.400000000000034,27.0,0.015329586101175366,0.4929364202292669,5.6011759621451125,36.843533123028394,0.015614239272951093,2.82998018927445,22.52492113564669,0.007835530045022196,1.8630914826498424,0.00402220134195386,1.9444468750000041,16.553125,0.005470102952261012,1.0,1
22704.0,2022-03-23 12:40:00,355.87,355.95,355.06,355.085,421994.0,2s,2s,1.0,buy,False,0.2966292134831453,4.163492493946733,28.239017640954685,0.011578080659927173,-0.37177068550728054,0.37649117059954024,0.19060582784589997,0.0005356627199565044,42.6387523196659,25.28547738262254,38.680150194143295,-1.5038682404189672,421994.0,2.6000000000000227,1.0,8.899999999999977,42.0,0.025516055045871493,2.6000000000000227,9.0,0.007269473801934862,2.0,2.5,-0.37177068550728054,0.19060582784589997,0.37649117059954024,42.6387523196659,25.28547738262254,38.680150194143295,-1.5038682404189672,19.314988600816292,28.523408090769912,24.606338776160474,-0.22058616910670328,0.25066185996732565,0.07999999999998408,0.024999999999977263,0.785000000000025,0.0,22705.0,22705.0,2022-03-23,2022-03-23 12:40:00,1.7249390990889506,320.0,1.0,best_within_2.0d,23024.0,361.21,0.5832424107187206,4.3760036431226785,32.22527881040892,0.012230020343504162,2.285057100371749,15.890706319702602,0.006381710269403211,0.2966292134831453,8.899999999999977,42.0,0.025516055045871493,2.6000000000000227,9.0,0.007269473801934862,2.0,0.00402220134195386,1.9444468750000041,16.553125,0.005470102952261012,0.0,0
22705.0,2022-03-23 12:45:00,355.1,355.49,354.76,355.27,466942.0,2s,2s,1.0,buy,False,0.330337078651686,4.163492493946733,28.239017640954685,0.011578080659927173,-0.4160399591365672,0.32448617570746935,0.11646619613918574,0.000327345166095804,44.70867020454786,23.795760431952345,33.71868694007964,3.9499074156977514,466942.0,2.900000000000034,1.0,8.899999999999977,42.0,0.025516055045871493,2.900000000000034,10.0,0.008108259240619678,2.0,2.5,-0.4160399591365672,0.11646619613918574,0.32448617570746935,44.70867020454786,23.795760431952345,33.71868694007964,3.9499074156977514,17.723035258579984,31.14316962658264,24.810387251874836,0.047873838355381323,0.2057729169015724,0.22000000000002728,0.34000000000003183,0.16999999999995907,1.0,22706.0,22706.0,2022-03-23,2022-03-23 12:45:00,1.6719677991386825,319.0,1.0,best_within_2.0d,23024.0,361.21,0.5832424107187206,4.3760036431226785,32.22527881040892,0.012230020343504162,2.285057100371749,15.890706319702602,0.006381710269403211,0.330337078651686,8.899999999999977,42.0,0.025516055045871493,2.900000000000034,10.0,0.008108259240619678,2.0,0.00402220134195386,1.9444468750000041,16.553125,0.005470102952261012,1.0,0
22711.0,2022-03-23 13:15:00,355.25,355.41,354.48,354.59,435360.0,2s,2s,1.0,buy,False,0.36179775280898635,4.163492493946733,28.239017640954685,0.011578080659927173,-0.37265587010921697,0.05528495604116497,-0.13104297901344353,-0.00036853013000323154,40.1646815903256,22.767448447601016,28.633751983321456,11.034841376160138,435360.0,3.180000000000007,1.0,8.899999999999977,42.0,0.025516055045871493,3.180000000000007,16.0,0.008891125650058734,2.0,2.5,-0.37265587010921697,-0.13104297901344353,0.05528495604116497,40.1646815903256,22.767448447601016,28.633751983321456,11.034841376160138,10.974247660793415,34.45587119615626,29.006718672611296,-0.18578465869106967,0.26235612728503915,0.160000000000025,0.1099999999999568,0.660000000000025,0.0,22712.0,22712.0,2022-03-23,2022-03-23 13:15:00,1.866944922304635,313.0,1.0,best_within_2.0d,23024.0,361.21,0.5832424107187206,4.3760036431226785,32.22527881040892,0.012230020343504162,2.285057100371749,15.890706319702602,0.006381710269403211,0.36179775280898635,8.899999999999977,42.0,0.025516055045871493,3.180000000000007,16.0,0.008891125650058734,2.0,0.00402220134195386,1.9444468750000041,16.553125,0.005470102952261012,0.0,0
22712.0,2022-03-23 13:20:00,354.59,354.73,353.91,354.04,574784.0,2s,2s,1.0,buy,False,0.4258426966292105,4.163492493946733,28.239017640954685,0.011578080659927173,-0.46278495932060965,-0.002563163873911234,-0.23395564353421605,-0.0006581613435626222,36.203748688548416,17.302481971603253,24.856661979415385,2.1941219559789857,574784.0,3.75,1.0,8.899999999999977,42.0,0.025516055045871493,3.75,17.0,0.010484817983559805,2.0,2.5,-0.46278495932060965,-0.23395564353421605,-0.002563163873911234,36.203748688548416,17.302481971603253,24.856661979415385,2.1941219559789857,11.222576613076333,32.43394681263754,30.405306132245748,-0.15510871710988877,0.23169732417846153,0.1400000000000432,0.12999999999999545,0.5499999999999545,0.0,22713.0,22713.0,2022-03-23,2022-03-23 13:20:00,2.0251948932323915,312.0,1.0,best_within_2.0d,23024.0,361.21,0.5832424107187206,4.3760036431226785,32.22527881040892,0.012230020343504162,2.285057100371749,15.890706319702602,0.006381710269403211,0.4258426966292105,8.899999999999977,42.0,0.025516055045871493,3.75,17.0,0.010484817983559805,2.0,0.00402220134195386,1.9444468750000041,16.553125,0.005470102952261012,0.0,0
22713.0,2022-03-23 13:25:00,354.08,354.08,353.06,353.26,875031.0,2s,2s,1.0,buy,False,0.5213483146067414,4.163492493946733,28.239017640954685,0.011578080659927173,-0.5945249938681471,-0.07687878810742961,-0.3741412850415031,-0.0010530146097208922,31.464679340841386,13.941726849901444,21.218350269577403,-0.6115199894504713,875031.0,4.600000000000023,1.0,8.899999999999977,42.0,0.025516055045871493,4.600000000000023,18.0,0.01286137672650009,2.0,2.5,-0.5945249938681471,-0.3741412850415031,-0.07687878810742961,31.464679340841386,13.941726849901444,21.218350269577403,-0.6115199894504713,8.267716535432628,40.41715530239623,32.95034055314092,-0.23158608224129948,0.2889027360788483,0.0,0.19999999999998863,0.8199999999999932,0.0,22714.0,22714.0,2022-03-23,2022-03-23 13:25:00,2.2504670780728047,311.0,1.0,best_within_2.0d,23024.0,361.21,0.5832424107187206,4.3760036431226785,32.22527881040892,0.012230020343504162,2.285057100371749,15.890706319702602,0.006381710269403211,0.5213483146067414,8.899999999999977,42.0,0.025516055045871493,4.600000000000023,18.0,0.01286137672650009,2.0,0.00402220134195386,1.9444468750000041,16.553125,0.005470102952261012,0.0,0
22714.0,2022-03-23 13:30:00,353.23,354.0,353.02,353.845,734395.0,2s,2s,1.0,buy,False,0.5258426966292156,4.163492493946733,28.239017640954685,0.011578080659927173,-0.5698626675702019,-0.14811162155370483,-0.43304295533880577,-0.0012191634837143324,38.01785856583893,19.080961434928895,20.505887324694566,16.231109655397553,734395.0,4.640000000000043,1.0,8.899999999999977,42.0,0.025516055045871493,4.640000000000043,19.0,0.012973214784991452,2.0,2.5,-0.5698626675702019,-0.43304295533880577,-0.14811162155370483,38.01785856583893,19.080961434928895,20.505887324694566,16.231109655397553,7.131371603151332,39.194404245056035,35.540464737858656,0.17410752201115678,0.27760466829075353,0.15499999999997272,0.21000000000003638,0.6150000000000091,1.0,22715.0,22715.0,2022-03-23,2022-03-23 13:30:00,2.0814198307168255,310.0,1.0,best_within_2.0d,23024.0,361.21,0.5832424107187206,4.3760036431226785,32.22527881040892,0.012230020343504162,2.285057100371749,15.890706319702602,0.006381710269403211,0.5258426966292156,8.899999999999977,42.0,0.025516055045871493,4.640000000000043,19.0,0.012973214784991452,2.0,0.00402220134195386,1.9444468750000041,16.553125,0.005470102952261012,1.0,0
22719.0,2022-03-23 13:55:00,354.09,354.18,353.7,353.96,306416.0,2s,2s,0.0,sell,False,0.34347048300536764,4.163492493946733,28.239017640954685,0.011578080659927173,-0.2474497594753109,-0.41864838143318195,-0.5423732611708374,-0.0015290125031976385,42.432738003384046,29.118529558617418,23.272008298086927,40.811572079678406,306416.0,1.160000000000025,1.0,5.590000000000032,120.0,0.015621070280844017,1.160000000000025,6.0,0.0032859328083395417,1.0,2.5,-0.2474497594753109,-0.5423732611708374,-0.41864838143318195,42.432738003384046,29.118529558617418,23.272008298086927,40.811572079678406,10.92184368737454,31.062124248496776,44.585598120762164,-0.03671382981727681,0.13570822731128587,0.09000000000003183,0.2599999999999909,0.12999999999999545,0.0,22720.0,22720.0,2022-03-23,2022-03-23 13:55:00,0.5989377330771851,24.0,1.0,best_within_2.0d,22743.0,351.84,0.5832424107187206,4.3760036431226785,32.22527881040892,0.012230020343504162,2.285057100371749,15.890706319702602,0.006381710269403211,0.34347048300536764,5.590000000000032,120.0,0.015621070280844017,1.160000000000025,6.0,0.0032859328083395417,1.0,0.00402220134195386,1.9444468750000041,16.553125,0.005470102952261012,1.0,1
22729.0,2022-03-23 14:45:00,353.66,354.49,353.63,354.42,414109.0,2s,2s,0.0,sell,False,0.39892665474060923,4.163492493946733,28.239017640954685,0.011578080659927173,0.2839257331242575,-0.506988139724602,-0.36502527316247324,-0.001030984213735335,53.02494250733468,73.5964466174106,56.912497144685744,106.96434556286033,414109.0,1.4700000000000273,1.0,5.590000000000032,120.0,0.015621070280844017,1.4700000000000273,16.0,0.0041640700243613035,1.0,2.5,0.2839257331242575,-0.36502527316247324,-0.506988139724602,53.02494250733468,73.5964466174106,56.912497144685744,106.96434556286033,23.644388398486115,20.00840689365212,39.28468613067298,0.2148956625007043,0.2431920368747034,0.06999999999999318,0.03000000000002956,0.7599999999999909,1.0,22730.0,22730.0,2022-03-23,2022-03-23 14:45:00,0.7279498899610747,14.0,1.0,best_within_2.0d,22743.0,351.84,0.5832424107187206,4.3760036431226785,32.22527881040892,0.012230020343504162,2.285057100371749,15.890706319702602,0.006381710269403211,0.39892665474060923,5.590000000000032,120.0,0.015621070280844017,1.4700000000000273,16.0,0.0041640700243613035,1.0,0.00402220134195386,1.9444468750000041,16.553125,0.005470102952261012,1.0,1
22734.0,2022-03-23 15:10:00,352.84,353.09,352.57,352.78,419582.0,1,1,1.0,buy,False,3.9508927497412504e-07,1.920000000000016,6.0,0.005416231769584518,0.028272433650551987,-0.3973923232645381,-0.3832561064392621,-0.0010832544837959118,40.97827551668657,30.33947462939155,46.08547540212218,-1.1525269160697036,419582.0,1.920000000000016,1.0,1.920000000000016,6.0,0.005416231769584518,1.920000000000016,6.0,0.005416231769584518,1.0,1.0,0.028272433650551987,-0.3832561064392621,-0.3973923232645381,40.97827551668657,30.33947462939155,46.08547540212218,-1.1525269160697036,15.824651071358062,24.6117554550814,32.1928070613258,-0.0170048747307568,0.1474884420115103,0.25,0.20999999999997954,0.060000000000002274,0.0,22735.0,22735.0,2022-03-23,2022-03-23 15:10:00,2.3895912466693146,290.0,1.0,best_within_2.0d,23024.0,361.21,0.5832424107187206,4.3760036431226785,32.22527881040892,0.012230020343504162,2.285057100371749,15.890706319702602,0.006381710269403211,0.4929364202292669,5.6011759621451125,36.843533123028394,0.015614239272951093,2.82998018927445,22.52492113564669,0.007835530045022196,1.8630914826498424,0.00402220134195386,1.9444468750000041,16.553125,0.005470102952261012,0.0,0
22735.0,2022-03-23 15:15:00,352.8,352.96,352.46,352.48,454178.0,1,1,1.0,buy,False,0.2038647727521508,2.0300000000000296,7.0,0.005726536714717001,-0.05159967269815213,-0.40384228235180714,-0.4296421187008832,-0.001214698116057994,38.96241320449514,20.554723644553945,37.5752248162661,-13.486278698870365,454178.0,2.0300000000000296,1.0,2.0300000000000296,7.0,0.005726536714717001,2.0300000000000296,7.0,0.005726536714717001,1.0,1.0,-0.05159967269815213,-0.4296421187008832,-0.40384228235180714,38.96241320449514,20.554723644553945,37.5752248162661,-13.486278698870365,16.807599958241624,18.310888401712372,30.199079293483656,-0.09070294784580306,0.1418600692277138,0.15999999999996817,0.020000000000038654,0.3199999999999932,0.0,22736.0,22736.0,2022-03-23,2022-03-23 15:15:00,2.4767362687244554,289.0,1.0,best_within_2.0d,23024.0,361.21,0.5832424107187206,4.3760036431226785,32.22527881040892,0.012230020343504162,2.285057100371749,15.890706319702602,0.006381710269403211,0.4929364202292669,5.6011759621451125,36.843533123028394,0.015614239272951093,2.82998018927445,22.52492113564669,0.007835530045022196,1.8630914826498424,0.00402220134195386,1.9444468750000041,16.553125,0.005470102952261012,0.0,0
22736.0,2022-03-23 15:20:00,352.48,353.35,352.33,353.33,507935.0,1,1,1.0,buy,False,0.2038647727521508,2.160000000000025,8.0,0.006093260740782603,0.01689651302263573,-0.4017302182239776,-0.3932819617126597,-0.0011119863178421863,46.92859362532745,29.135247861801215,34.7618991647778,17.881945255848038,507935.0,2.160000000000025,1.0,2.160000000000025,8.0,0.006093260740782603,2.160000000000025,8.0,0.006093260740782603,1.0,1.0,0.01689651302263573,-0.3932819617126597,-0.4017302182239776,46.92859362532745,29.135247861801215,34.7618991647778,17.881945255848038,19.629011679262018,15.64432230837177,28.8489025906301,0.2411484339536898,0.2895013197854394,0.020000000000038654,0.1500000000000341,0.8499999999999659,1.0,22737.0,22737.0,2022-03-23,2022-03-23 15:20:00,2.2302097189596117,288.0,1.0,best_within_2.0d,23024.0,361.21,0.5832424107187206,4.3760036431226785,32.22527881040892,0.012230020343504162,2.285057100371749,15.890706319702602,0.006381710269403211,0.4929364202292669,5.6011759621451125,36.843533123028394,0.015614239272951093,2.82998018927445,22.52492113564669,0.007835530045022196,1.8630914826498424,0.00402220134195386,1.9444468750000041,16.553125,0.005470102952261012,1.0,0
22741.0,2022-03-23 15:45:00,353.41,353.97,353.11,353.22,756258.0,2s,2s,0.0,sell,False,0.3059033989266595,4.163492493946733,28.239017640954685,0.011578080659927173,0.1267278388255002,-0.34927907743011033,-0.2859151580173602,-0.0008087632353686211,46.73594431977137,49.552079314329866,42.34165751172491,63.97292291953978,756258.0,1.6400000000000432,1.0,5.590000000000032,120.0,0.015621070280844017,1.6400000000000432,6.0,0.004654727102432502,2.0,2.5,0.1267278388255002,-0.2859151580173602,-0.34927907743011033,46.73594431977137,49.552079314329866,42.34165751172491,63.97292291953978,18.820014936520188,19.417475728155193,22.071230759641498,-0.05376191958348595,0.2435501685027367,0.5600000000000023,0.11000000000001364,0.18999999999999773,0.0,22742.0,22742.0,2022-03-23,2022-03-23 15:45:00,0.39069135383048875,2.0,1.0,best_within_2.0d,22743.0,351.84,0.5832424107187206,4.3760036431226785,32.22527881040892,0.012230020343504162,2.285057100371749,15.890706319702602,0.006381710269403211,0.3059033989266595,5.590000000000032,120.0,0.015621070280844017,1.6400000000000432,6.0,0.004654727102432502,2.0,0.00402220134195386,1.9444468750000041,16.553125,0.005470102952261012,0.0,1
22742.0,2022-03-23 15:50:00,353.23,353.23,352.14,352.2499,1427703.0,1,1,1.0,buy,False,0.2038647727521508,2.3500000000000227,14.0,0.006629242009647727,0.009465684977611355,-0.34809586680790894,-0.34336302431910326,-0.0009715238609052493,39.099824598696834,35.03654103651201,39.90661868665394,25.29638573622816,1427703.0,2.3500000000000227,1.0,2.3500000000000227,14.0,0.006629242009647727,2.3500000000000227,14.0,0.006629242009647727,1.0,1.0,0.009465684977611355,-0.34336302431910326,-0.34809586680790894,39.099824598696834,35.03654103651201,39.90661868665394,25.29638573622816,16.71725426103265,27.270604716320385,22.208393379023967,-0.2774679387367984,0.30953598000796045,0.0,0.10990000000003874,0.9800999999999931,0.0,22743.0,22743.0,2022-03-23,2022-03-23 15:50:00,2.5436770883398276,282.0,1.0,best_within_2.0d,23024.0,361.21,0.5832424107187206,4.3760036431226785,32.22527881040892,0.012230020343504162,2.285057100371749,15.890706319702602,0.006381710269403211,0.4929364202292669,5.6011759621451125,36.843533123028394,0.015614239272951093,2.82998018927445,22.52492113564669,0.007835530045022196,1.8630914826498424,0.00402220134195386,1.9444468750000041,16.553125,0.005470102952261012,0.0,0
22743.0,2022-03-23 15:55:00,352.25,352.62,351.77,351.84,2432969.0,1,1,1.0,buy,False,0.43656907296310427,2.7200000000000273,15.0,0.007672995006911414,-0.11049884181029612,-0.3619082220341959,-0.417157642939344,-0.0011807138362671526,36.39401186668129,24.418300084947276,34.74384581941838,3.767208616005064,2432969.0,2.7200000000000273,1.0,2.7200000000000273,15.0,0.007672995006911414,2.7200000000000273,15.0,0.007672995006911414,1.0,1.0,-0.11049884181029612,-0.417157642939344,-0.3619082220341959,36.39401186668129,24.418300084947276,34.74384581941838,3.767208616005064,10.563215704604321,30.754849263846744,24.112706586275216,-0.11639460610362669,0.2416351593370733,0.37000000000000455,0.06999999999999318,0.410000000000025,0.0,22744.0,22744.0,2022-03-23,2022-03-23 15:55:00,2.6631423374261045,281.0,1.0,best_within_2.0d,23024.0,361.21,0.5832424107187206,4.3760036431226785,32.22527881040892,0.012230020343504162,2.285057100371749,15.890706319702602,0.006381710269403211,0.4929364202292669,5.6011759621451125,36.843533123028394,0.015614239272951093,2.82998018927445,22.52492113564669,0.007835530045022196,1.8630914826498424,0.00402220134195386,1.9444468750000041,16.553125,0.005470102952261012,1.0,0
22792.0,2022-03-24 04:00:00,353.33,353.9,353.33,353.9,18396.0,2s,2s,0.0,sell,False,0.29338103756707995,4.163492493946733,28.239017640954685,0.011578080659927173,0.16786674405905275,0.08975681017428712,0.1736901822038135,0.0004926487380633865,81.56770452746092,59.24403086818134,56.245064488554505,65.24196362743501,18396.0,2.1299999999999955,1.0,5.590000000000032,120.0,0.015621070280844017,2.1299999999999955,50.0,0.0060550928163288385,2.0,2.5,0.16786674405905275,0.1736901822038135,0.08975681017428712,81.56770452746092,59.24403086818134,56.245064488554505,65.24196362743501,63.71013667426195,7.474373576309247,44.019377838962434,0.16132227662524926,0.16132227662524926,0.0,0.0,0.5699999999999932,1.0,22793.0,22793.0,2022-03-24,2022-03-24 04:00:00,0.5820853348403511,244.0,1.0,best_within_2.0d,23036.0,351.84,0.5832424107187206,4.3760036431226785,32.22527881040892,0.012230020343504162,2.285057100371749,15.890706319702602,0.006381710269403211,0.29338103756707995,5.590000000000032,120.0,0.015621070280844017,2.1299999999999955,50.0,0.0060550928163288385,2.0,0.00402220134195386,1.9444468750000041,16.553125,0.005470102952261012,0.0,1
22793.0,2022-03-24 04:05:00,354.0,354.65,354.0,354.45,10720.0,2s,2s,0.0,sell,False,0.4275491949910506,4.163492493946733,28.239017640954685,0.011578080659927173,0.33226623700798974,0.13129008980028584,0.2974232083042807,0.0008432665966892272,85.35932953802339,69.81276266023566,60.76763054578156,87.90302688914389,10720.0,2.8799999999999955,1.0,5.590000000000032,120.0,0.015621070280844017,2.8799999999999955,51.0,0.0081871677516559,2.0,2.5,0.33226623700798974,0.2974232083042807,0.13129008980028584,85.35932953802339,69.81276266023566,60.76763054578156,87.90302688914389,73.8457960227955,5.523898127689316,47.02374985622128,0.12711864406779338,0.18361581920903314,0.19999999999998863,0.0,0.44999999999998863,1.0,22794.0,22794.0,2022-03-24,2022-03-24 04:05:00,0.7363520947947564,243.0,1.0,best_within_2.0d,23036.0,351.84,0.5832424107187206,4.3760036431226785,32.22527881040892,0.012230020343504162,2.285057100371749,15.890706319702602,0.006381710269403211,0.4275491949910506,5.590000000000032,120.0,0.015621070280844017,2.8799999999999955,51.0,0.0081871677516559,2.0,0.00402220134195386,1.9444468750000041,16.553125,0.005470102952261012,0.0,1
22794.0,2022-03-24 04:10:00,354.53,354.67,354.22,354.24,1959.0,2s,2s,0.0,sell,False,0.4311270125223634,4.163492493946733,28.239017640954685,0.011578080659927173,0.38869339687437676,0.17987676440958295,0.3742234628467713,0.001060671621839551,78.70238218616481,73.44767136990295,64.99431082048868,90.3543924687315,1959.0,2.900000000000034,1.0,5.590000000000032,120.0,0.015621070280844017,2.900000000000034,52.0,0.00824402308326473,2.0,2.5,0.38869339687437676,0.3742234628467713,0.17987676440958295,78.70238218616481,73.44767136990295,64.99431082048868,90.3543924687315,64.25806451613204,5.107526881720488,49.755882080212245,-0.08179843736777244,0.12703969284625052,0.1400000000000432,0.01999999999998181,0.2899999999999636,0.0,22795.0,22795.0,2022-03-24,2022-03-24 04:10:00,0.6775067750677602,242.0,1.0,best_within_2.0d,23036.0,351.84,0.5832424107187206,4.3760036431226785,32.22527881040892,0.012230020343504162,2.285057100371749,15.890706319702602,0.006381710269403211,0.4311270125223634,5.590000000000032,120.0,0.015621070280844017,2.900000000000034,52.0,0.00824402308326473,2.0,0.00402220134195386,1.9444468750000041,16.553125,0.005470102952261012,0.0,1
22798.0,2022-03-24 04:30:00,354.44,354.86,354.44,354.5,6630.0,2s,2s,0.0,sell,False,0.4651162790697689,4.163492493946733,28.239017640954685,0.011578080659927173,0.3665523178821728,0.38908608768386166,0.5723622466249481,0.0016201719538316494,78.70042688518046,87.10583493364777,82.1140023579032,97.0895000851369,6630.0,3.090000000000032,1.0,5.590000000000032,120.0,0.015621070280844017,3.090000000000032,56.0,0.008784148733547579,2.0,2.5,0.3665523178821728,0.5723622466249481,0.38908608768386166,78.70042688518046,87.10583493364777,82.1140023579032,97.0895000851369,54.46623093682138,4.357298474946602,58.23284225070863,0.016928111951247677,0.11849678365873374,0.36000000000001364,0.0,0.060000000000002274,1.0,22799.0,22799.0,2022-03-24,2022-03-24 04:30:00,0.7503526093088928,238.0,1.0,best_within_2.0d,23036.0,351.84,0.5832424107187206,4.3760036431226785,32.22527881040892,0.012230020343504162,2.285057100371749,15.890706319702602,0.006381710269403211,0.4651162790697689,5.590000000000032,120.0,0.015621070280844017,3.090000000000032,56.0,0.008784148733547579,2.0,0.00402220134195386,1.9444468750000041,16.553125,0.005470102952261012,0.0,1
22799.0,2022-03-24 04:35:00,354.59,354.88,354.58,354.71,1650.0,2s,2s,0.0,sell,False,0.4686940966010715,4.163492493946733,28.239017640954685,0.011578080659927173,0.3358245253204176,0.43106415334891385,0.5989764160091227,0.0016949971529168825,80.57177753892091,89.03289971866592,84.42030147815744,98.25809619968285,1650.0,3.1100000000000136,1.0,5.590000000000032,120.0,0.015621070280844017,3.1100000000000136,57.0,0.00884100406515625,2.0,2.5,0.3358245253204176,0.5989764160091227,0.43106415334891385,80.57177753892091,89.03289971866592,84.42030147815744,98.25809619968285,51.42857142857306,4.0816326530622185,60.16579049330486,0.0338419019148889,0.08460714084269033,0.17000000000001592,0.009999999999990905,0.12000000000000455,1.0,22800.0,22800.0,2022-03-24,2022-03-24 04:35:00,0.8091116686870979,237.0,1.0,best_within_2.0d,23036.0,351.84,0.5832424107187206,4.3760036431226785,32.22527881040892,0.012230020343504162,2.285057100371749,15.890706319702602,0.006381710269403211,0.4686940966010715,5.590000000000032,120.0,0.015621070280844017,3.1100000000000136,57.0,0.00884100406515625,2.0,0.00402220134195386,1.9444468750000041,16.553125,0.005470102952261012,1.0,1
22805.0,2022-03-24 05:05:00,354.72,354.89,354.55,354.6,16370.0,2s,2s,0.0,sell,False,0.47048300536672283,4.163492493946733,28.239017640954685,0.011578080659927173,0.029110500825703323,0.5411551615170567,0.5557104119299083,0.0015704785680226787,70.36772581755783,62.913925658535554,72.09978682789338,44.54220331981989,16370.0,3.1200000000000045,1.0,5.590000000000032,120.0,0.015621070280844017,3.1200000000000045,63.0,0.008869431730960584,2.0,2.5,0.029110500825703323,0.5557104119299083,0.5411551615170567,70.36772581755783,62.913925658535554,72.09978682789338,44.54220331981989,48.36956521739172,2.5362318840577847,69.51003261747812,-0.0338294993234113,0.0958962064588845,0.16999999999995907,0.05000000000001137,0.12000000000000455,0.0,22806.0,22806.0,2022-03-24,2022-03-24 05:05:00,0.7783417935702334,231.0,1.0,best_within_2.0d,23036.0,351.84,0.5832424107187206,4.3760036431226785,32.22527881040892,0.012230020343504162,2.285057100371749,15.890706319702602,0.006381710269403211,0.47048300536672283,5.590000000000032,120.0,0.015621070280844017,3.1200000000000045,63.0,0.008869431730960584,2.0,0.00402220134195386,1.9444468750000041,16.553125,0.005470102952261012,1.0,1
22814.0,2022-03-24 05:50:00,354.59,354.59,354.43,354.43,2586.0,2,2,1.0,buy,False,0.14743589743589067,4.163492493946733,28.239017640954685,0.011578080659927173,-0.18434960090979013,0.41092062477857977,0.3187458243236847,0.0008998767185868013,57.522910619173956,23.4109478998609,33.21204586949416,3.8087519605943783,2586.0,0.45999999999997954,1.0,3.1200000000000045,63.0,0.008869431730960584,0.45999999999997954,10.0,0.0012961762799740188,2.0,2.0,-0.18434960090979013,0.3187458243236847,0.41092062477857977,57.522910619173956,23.4109478998609,33.21204586949416,3.8087519605943783,26.180257510731014,22.746781115879365,50.767828541158906,-0.045122535886507845,0.045142905510246925,0.0,0.0,0.15999999999996817,0.0,22815.0,22815.0,2022-03-24,2022-03-24 05:50:00,1.9129306209970862,210.0,1.0,best_within_2.0d,23024.0,361.21,0.14743589743589067,3.1200000000000045,63.0,0.008869431730960584,0.45999999999997954,10.0,0.0012961762799740188,0.4929364202292669,5.6011759621451125,36.843533123028394,0.015614239272951093,2.82998018927445,22.52492113564669,0.007835530045022196,1.8630914826498424,0.00402220134195386,1.9444468750000041,16.553125,0.005470102952261012,0.0,0
22815.0,2022-03-24 05:55:00,354.36,354.36,354.24,354.24,2287.0,2,2,1.0,buy,False,0.20833333333332574,4.163492493946733,28.239017640954685,0.011578080659927173,-0.22218089136044317,0.3831480133585244,0.2720575676783028,0.0007680626526033432,51.500383410137104,15.607298599907267,27.34379677963186,-7.865697759541916,2287.0,0.6499999999999773,1.0,3.1200000000000045,63.0,0.008869431730960584,0.6499999999999773,11.0,0.0018315534390937398,2.0,2.0,-0.22218089136044317,0.2720575676783028,0.3831480133585244,51.500383410137104,15.607298599907267,27.34379677963186,-7.865697759541916,25.73839662447372,26.160337552743385,47.19962708322474,-0.03386386725364165,0.03387533875338882,0.0,0.0,0.12000000000000455,0.0,22816.0,22816.0,2022-03-24,2022-03-24 05:55:00,1.9675925925925843,209.0,1.0,best_within_2.0d,23024.0,361.21,0.20833333333332574,3.1200000000000045,63.0,0.008869431730960584,0.6499999999999773,11.0,0.0018315534390937398,0.4929364202292669,5.6011759621451125,36.843533123028394,0.015614239272951093,2.82998018927445,22.52492113564669,0.007835530045022196,1.8630914826498424,0.00402220134195386,1.9444468750000041,16.553125,0.005470102952261012,0.0,0
22816.0,2022-03-24 06:00:00,354.17,354.17,353.89,353.97,9476.0,2,2,1.0,buy,False,0.32051282051282004,4.163492493946733,28.239017640954685,0.011578080659927173,-0.2756934349036372,0.34868633399556975,0.21083961654375116,0.0005952646601475749,44.38823739266851,13.505640927071497,22.731078162111736,-4.945233543008982,9476.0,1.0,1.0,3.1200000000000045,63.0,0.008869431730960584,1.0,12.0,0.002817774521682775,2.0,2.0,-0.2756934349036372,0.21083961654375116,0.34868633399556975,44.38823739266851,13.505640927071497,22.731078162111736,-4.945233543008982,23.106060606061245,36.742424242425464,45.455711586321726,-0.05647005675240382,0.07912063070446454,0.0,0.08000000000004093,0.19999999999998863,0.0,22817.0,22817.0,2022-03-24,2022-03-24 06:00:00,2.0453710766448996,208.0,1.0,best_within_2.0d,23024.0,361.21,0.32051282051282004,3.1200000000000045,63.0,0.008869431730960584,1.0,12.0,0.002817774521682775,0.4929364202292669,5.6011759621451125,36.843533123028394,0.015614239272951093,2.82998018927445,22.52492113564669,0.007835530045022196,1.8630914826498424,0.00402220134195386,1.9444468750000041,16.553125,0.005470102952261012,0.0,0
22817.0,2022-03-24 06:05:00,353.96,354.0,353.81,353.84,6200.0,2,2,1.0,buy,False,0.34615384615384054,4.163492493946733,28.239017640954685,0.011578080659927173,-0.31773216115665837,0.30896981385098743,0.15010373327265825,0.0004238201468109857,41.42212981079009,10.067590405280741,18.509915576501403,-6.817059937160579,6200.0,1.079999999999984,1.0,3.1200000000000045,63.0,0.008869431730960584,1.079999999999984,13.0,0.0030431964834173523,2.0,2.0,-0.31773216115665837,0.15010373327265825,0.30896981385098743,41.42212981079009,10.067590405280741,18.509915576501403,-6.817059937160579,17.968750000001403,41.015625000000405,44.999792736021334,-0.03390213583455886,0.053701139029421925,0.040000000000020464,0.029999999999972715,0.12000000000000455,0.0,22818.0,22818.0,2022-03-24,2022-03-24 06:05:00,2.082862310648882,207.0,1.0,best_within_2.0d,23024.0,361.21,0.34615384615384054,3.1200000000000045,63.0,0.008869431730960584,1.079999999999984,13.0,0.0030431964834173523,0.4929364202292669,5.6011759621451125,36.843533123028394,0.015614239272951093,2.82998018927445,22.52492113564669,0.007835530045022196,1.8630914826498424,0.00402220134195386,1.9444468750000041,16.553125,0.005470102952261012,0.0,0
22818.0,2022-03-24 06:10:00,353.86,353.97,353.63,353.63,13294.0,2,2,1.0,buy,False,0.40384615384615036,4.163492493946733,28.239017640954685,0.011578080659927173,-0.3598622318662047,0.26398703486771186,0.08405591893460951,0.00023735988204263235,37.108409660117744,6.711726936853827,14.57718602995221,-9.019191249342942,13294.0,1.259999999999991,1.0,3.1200000000000045,63.0,0.008869431730960584,1.259999999999991,14.0,0.003550395897320271,2.0,2.0,-0.3598622318662047,0.08405591893460951,0.26398703486771186,37.108409660117744,6.711726936853827,14.57718602995221,-9.019191249342942,15.151515151516195,46.590909090909015,45.422682211931985,-0.06499745662126778,0.09614568899698324,0.11000000000001364,0.0,0.2300000000000182,0.0,22819.0,22819.0,2022-03-24,2022-03-24 06:10:00,2.1434833017560684,206.0,1.0,best_within_2.0d,23024.0,361.21,0.40384615384615036,3.1200000000000045,63.0,0.008869431730960584,1.259999999999991,14.0,0.003550395897320271,0.4929364202292669,5.6011759621451125,36.843533123028394,0.015614239272951093,2.82998018927445,22.52492113564669,0.007835530045022196,1.8630914826498424,0.00402220134195386,1.9444468750000041,16.553125,0.005470102952261012,0.0,0
22819.0,2022-03-24 06:15:00,353.55,353.68,353.41,353.63,10949.0,2,2,1.0,buy,False,0.4743589743589613,4.163492493946733,28.239017640954685,0.011578080659927173,-0.3722174099656077,0.2174598586220109,0.03135115363920704,8.853965766300301e-05,37.10840966011775,9.947121440488981,13.0338311667978,3.7737019878713447,10949.0,1.4799999999999613,1.0,3.1200000000000045,63.0,0.008869431730960584,1.4799999999999613,15.0,0.004170306292090398,2.0,2.0,-0.3722174099656077,0.03135115363920704,0.2174598586220109,37.10840966011775,9.947121440488981,13.0338311667978,3.7737019878713447,13.229571984436777,56.420233463033476,46.60757442424784,0.022627633998015578,0.07639851730284422,0.05000000000001137,0.13999999999998636,0.07999999999998408,1.0,22820.0,22820.0,2022-03-24,2022-03-24 06:15:00,2.1434833017560684,205.0,1.0,best_within_2.0d,23024.0,361.21,0.4743589743589613,3.1200000000000045,63.0,0.008869431730960584,1.4799999999999613,15.0,0.004170306292090398,0.4929364202292669,5.6011759621451125,36.843533123028394,0.015614239272951093,2.82998018927445,22.52492113564669,0.007835530045022196,1.8630914826498424,0.00402220134195386,1.9444468750000041,16.553125,0.005470102952261012,0.0,0
22820.0,2022-03-24 06:20:00,353.61,353.62,353.35,353.59,9650.0,2,2,1.0,buy,False,0.49358974358973123,4.163492493946733,28.239017640954685,0.011578080659927173,-0.36951963769695945,0.17126990390989097,-0.013489914938588754,-3.8101239286280616e-05,36.27391410943579,12.930626892083353,12.999429741892982,12.793021192464096,9650.0,1.5399999999999636,1.0,3.1200000000000045,63.0,0.008869431730960584,1.5399999999999636,16.0,0.004339372763391371,2.0,2.0,-0.36951963769695945,-0.013489914938588754,0.17126990390989097,36.27391410943579,12.930626892083353,12.999429741892982,12.793021192464096,12.592592592593824,52.22222222222126,47.64580890414824,-0.005655948643997244,0.07641149002405032,0.009999999999990905,0.23999999999995225,0.020000000000038654,0.0,22821.0,22821.0,2022-03-24,2022-03-24 06:20:00,2.155038321219493,204.0,1.0,best_within_2.0d,23024.0,361.21,0.49358974358973123,3.1200000000000045,63.0,0.008869431730960584,1.5399999999999636,16.0,0.004339372763391371,0.4929364202292669,5.6011759621451125,36.843533123028394,0.015614239272951093,2.82998018927445,22.52492113564669,0.007835530045022196,1.8630914826498424,0.00402220134195386,1.9444468750000041,16.553125,0.005470102952261012,1.0,0
22826.0,2022-03-24 06:50:00,353.72,353.81,353.72,353.81,4215.0,2s,2s,0.0,sell,False,0.27728085867620794,4.163492493946733,28.239017640954685,0.011578080659927173,-0.15088950084709915,-0.023672544332634004,-0.09911729475618358,-0.00028006153269791775,46.605521460820604,47.612651753223226,32.3953796025468,78.04719605457609,4215.0,0.45999999999997954,1.0,5.590000000000032,120.0,0.015621070280844017,0.45999999999997954,7.0,0.001301825385594961,3.0,2.5,-0.15088950084709915,-0.09911729475618358,-0.023672544332634004,46.605521460820604,47.612651753223226,32.3953796025468,78.04719605457609,13.357400722019861,47.29241877256152,52.18919581372702,0.025443853895729666,0.025443853895729666,0.0,0.0,0.08999999999997499,1.0,22827.0,22827.0,2022-03-24,2022-03-24 06:50:00,0.556796020462968,210.0,1.0,best_within_2.0d,23036.0,351.84,0.5832424107187206,4.3760036431226785,32.22527881040892,0.012230020343504162,2.285057100371749,15.890706319702602,0.006381710269403211,0.27728085867620794,5.590000000000032,120.0,0.015621070280844017,0.45999999999997954,7.0,0.001301825385594961,3.0,0.00402220134195386,1.9444468750000041,16.553125,0.005470102952261012,0.0,1
22829.0,2022-03-24 07:05:00,353.87,354.92,353.76,354.55,40263.0,2s,"1p,2s",0.0,sell,False,0.08752977575053883,1.5699999999999932,10.0,0.004443186642139502,0.039122000833086076,-0.0468925357902051,-0.027331535373662064,-7.722174450957127e-05,63.79112861301132,68.37372320084748,54.00075691627846,97.11965576998551,40263.0,1.5699999999999932,0.0,1.5699999999999932,10.0,0.004443186642139502,1.5699999999999932,0.0,0.0,1.0,1.0,0.039122000833086076,-0.027331535373662064,-0.0468925357902051,63.79112861301132,68.37372320084748,54.00075691627846,97.11965576998551,34.669811320753944,28.301886792452503,49.9681109640965,0.19216096306553446,0.3279059249208574,0.37000000000000455,0.11000000000001364,0.6800000000000068,1.0,22830.0,22830.0,2022-03-24,2022-03-24 07:05:00,0.7643491750105871,207.0,1.0,best_within_2.0d,23036.0,351.84,0.5832424107187206,4.3760036431226785,32.22527881040892,0.012230020343504162,2.285057100371749,15.890706319702602,0.006381710269403211,0.47584973166368694,5.590000000000032,120.0,0.015621070280844017,1.5699999999999932,10.0,0.004443186642139502,3.0,0.00402220134195386,1.9444468750000041,16.553125,0.005470102952261012,1.0,1
22829.0,2022-03-24 07:05:00,353.87,354.92,353.76,354.55,40263.0,1p,"1p,2s",0.0,sell,False,0.08752977575053883,1.5699999999999932,10.0,0.004443186642139502,0.039122000833086076,-0.0468925357902051,-0.027331535373662064,-7.722174450957127e-05,63.79112861301132,68.37372320084748,54.00075691627846,97.11965576998551,40263.0,1.5699999999999932,0.0,1.5699999999999932,10.0,0.004443186642139502,1.5699999999999932,0.0,0.0,1.0,1.0,0.039122000833086076,-0.027331535373662064,-0.0468925357902051,63.79112861301132,68.37372320084748,54.00075691627846,97.11965576998551,34.669811320753944,28.301886792452503,49.9681109640965,0.19216096306553446,0.3279059249208574,0.37000000000000455,0.11000000000001364,0.6800000000000068,1.0,22830.0,22830.0,2022-03-24,2022-03-24 07:05:00,0.7643491750105871,207.0,1.0,best_within_2.0d,23036.0,351.84,0.5832424107187206,4.3760036431226785,32.22527881040892,0.012230020343504162,2.285057100371749,15.890706319702602,0.006381710269403211,0.47584973166368694,5.590000000000032,120.0,0.015621070280844017,1.5699999999999932,10.0,0.004443186642139502,3.0,0.00402220134195386,1.9444468750000041,16.553125,0.005470102952261012,1.0,1
22836.0,2022-03-24 07:40:00,354.64,354.64,353.34,354.04,79920.0,2s,2s,1.0,buy,False,0.4967948717948747,4.163492493946733,28.239017640954685,0.011578080659927173,0.09291287977638146,0.07322395028613302,0.11968039017432375,0.00033794779227803995,48.02698041308126,65.16587165065322,68.20636856054801,59.084877830863604,79920.0,1.580000000000041,1.0,3.1200000000000045,63.0,0.008869431730960584,1.580000000000041,8.0,0.004451707427025923,1.0,2.5,0.09291287977638146,0.11968039017432375,0.07322395028613302,48.02698041308126,65.16587165065322,68.20636856054801,59.084877830863604,34.68559837728149,31.440162271806614,47.47387593515799,-0.16918565305661118,0.36791758646063605,0.0,0.7000000000000455,0.5999999999999659,0.0,22837.0,22837.0,2022-03-24,2022-03-24 07:40:00,2.0251948932323915,188.0,1.0,best_within_2.0d,23024.0,361.21,0.5832424107187206,4.3760036431226785,32.22527881040892,0.012230020343504162,2.285057100371749,15.890706319702602,0.006381710269403211,0.4967948717948747,3.1200000000000045,63.0,0.008869431730960584,1.580000000000041,8.0,0.004451707427025923,1.0,0.00402220134195386,1.9444468750000041,16.553125,0.005470102952261012,0.0,0
22876.0,2022-03-24 11:00:00,353.73,355.12,353.455,354.36,826088.0,1,1,0.0,sell,False,0.6932072902877133,3.5529999999999973,37.0,0.010106181751984678,0.30983342397449914,-0.11502179705228768,0.03989491493496189,0.00011283326567604159,57.42977939091148,75.0166608131595,65.89769721191212,93.25458801565429,826088.0,3.5529999999999973,1.0,3.5529999999999973,37.0,0.010106181751984678,3.5529999999999973,37.0,0.010106181751984678,1.0,1.0,0.30983342397449914,0.03989491493496189,-0.11502179705228768,57.42977939091148,75.0166608131595,65.89769721191212,93.25458801565429,21.223317178592584,12.22928947181135,25.98438371567437,0.17810194215927272,0.47106420902237073,0.7599999999999909,0.2750000000000341,0.6299999999999955,1.0,22877.0,22877.0,2022-03-24,2022-03-24 11:00:00,0.7111412123264585,160.0,1.0,best_within_2.0d,23036.0,351.84,0.5832424107187206,4.3760036431226785,32.22527881040892,0.012230020343504162,2.285057100371749,15.890706319702602,0.006381710269403211,0.4929364202292669,5.6011759621451125,36.843533123028394,0.015614239272951093,2.82998018927445,22.52492113564669,0.007835530045022196,1.8630914826498424,0.00402220134195386,1.9444468750000041,16.553125,0.005470102952261012,0.0,1
22879.0,2022-03-24 11:15:00,354.79,355.21,354.44,355.18,432219.0,1,1,0.0,sell,False,1.0196501094397183,3.6429999999999723,40.0,0.010362178475226549,0.4557391260737585,0.03239706429613084,0.2602666273330101,0.000735586075818465,63.676016072661845,86.54051189621501,77.50642674627133,104.6086821961024,432219.0,3.6429999999999723,1.0,3.6429999999999723,40.0,0.010362178475226549,3.6429999999999723,40.0,0.010362178475226549,1.0,1.0,0.4557391260737585,0.2602666273330101,0.03239706429613084,63.676016072661845,86.54051189621501,77.50642674627133,104.6086821961024,20.20458017416709,13.305455236647168,25.231655336484028,0.10992418050113767,0.21724410337433187,0.029999999999972715,0.35000000000002274,0.38999999999998636,1.0,22880.0,22880.0,2022-03-24,2022-03-24 11:15:00,0.9403682639788367,157.0,1.0,best_within_2.0d,23036.0,351.84,0.5832424107187206,4.3760036431226785,32.22527881040892,0.012230020343504162,2.285057100371749,15.890706319702602,0.006381710269403211,0.4929364202292669,5.6011759621451125,36.843533123028394,0.015614239272951093,2.82998018927445,22.52492113564669,0.007835530045022196,1.8630914826498424,0.00402220134195386,1.9444468750000041,16.553125,0.005470102952261012,0.0,1
22880.0,2022-03-24 11:20:00,355.18,355.5,354.81,355.46,483756.0,1,1,0.0,sell,False,1.140103590522576,3.9329999999999927,41.0,0.011187056805672866,0.5095765784439718,0.09609413660162731,0.3508824258236132,0.000991351664103358,65.60791533349112,90.51220741600922,81.8416869695173,107.85324830899305,483756.0,3.9329999999999927,1.0,3.9329999999999927,41.0,0.011187056805672866,3.9329999999999927,41.0,0.011187056805672866,1.0,1.0,0.5095765784439718,0.3508824258236132,0.09609413660162731,65.60791533349112,90.51220741600922,81.8416869695173,107.85324830899305,22.660939281590423,9.824521144233954,26.251847725725984,0.07883326763893596,0.19447027986809776,0.040000000000020464,0.37000000000000455,0.2799999999999727,1.0,22881.0,22881.0,2022-03-24,2022-03-24 11:20:00,1.0183986946491883,156.0,1.0,best_within_2.0d,23036.0,351.84,0.5832424107187206,4.3760036431226785,32.22527881040892,0.012230020343504162,2.285057100371749,15.890706319702602,0.006381710269403211,0.4929364202292669,5.6011759621451125,36.843533123028394,0.015614239272951093,2.82998018927445,22.52492113564669,0.007835530045022196,1.8630914826498424,0.00402220134195386,1.9444468750000041,16.553125,0.005470102952261012,0.0,1
22881.0,2022-03-24 11:25:00,355.45,356.38,355.36,356.26,926229.0,1,1,0.0,sell,False,1.380367625144959,4.812999999999988,42.0,0.013690135877371846,0.6169641226143219,0.17321465192841753,0.4816967132355785,0.0013602831092238586,70.44456849319904,92.35901547032189,85.34746313645216,106.38212013806137,926229.0,4.812999999999988,1.0,4.812999999999988,42.0,0.013690135877371846,4.812999999999988,42.0,0.013690135877371846,1.0,1.0,0.6169641226143219,0.4816967132355785,0.17321465192841753,70.44456849319904,92.35901547032189,85.34746313645216,106.38212013806137,30.479754351286275,1.810678476314121,30.718504797386373,0.22788015192010194,0.28703286807743744,0.12000000000000455,0.08999999999997499,0.8100000000000023,1.0,22882.0,22882.0,2022-03-24,2022-03-24 11:25:00,1.2406669286476215,155.0,1.0,best_within_2.0d,23036.0,351.84,0.5832424107187206,4.3760036431226785,32.22527881040892,0.012230020343504162,2.285057100371749,15.890706319702602,0.006381710269403211,0.4929364202292669,5.6011759621451125,36.843533123028394,0.015614239272951093,2.82998018927445,22.52492113564669,0.007835530045022196,1.8630914826498424,0.00402220134195386,1.9444468750000041,16.553125,0.005470102952261012,0.0,1
22882.0,2022-03-24 11:30:00,356.28,356.65,356.28,356.3499,649884.0,1,1,0.0,sell,False,1.4772053504779776,5.08299999999997,43.0,0.014458126047097623,0.6602463621842178,0.25574544720144476,0.5858686282935537,0.0016536853739306597,70.93916262119711,91.88385522794887,87.5262605002844,100.59904468327784,649884.0,5.08299999999997,1.0,5.08299999999997,43.0,0.014458126047097623,5.08299999999997,43.0,0.014458126047097623,1.0,1.0,0.6602463621842178,0.5858686282935537,0.25574544720144476,70.93916262119711,91.88385522794887,87.5262605002844,100.59904468327784,33.659515646598024,1.874311776144764,34.91365084404084,0.01961940047154437,0.10385090378354231,0.30009999999998627,0.0,0.06990000000001828,1.0,22883.0,22883.0,2022-03-24,2022-03-24 11:30:00,1.2655819462836992,154.0,1.0,best_within_2.0d,23036.0,351.84,0.5832424107187206,4.3760036431226785,32.22527881040892,0.012230020343504162,2.285057100371749,15.890706319702602,0.006381710269403211,0.4929364202292669,5.6011759621451125,36.843533123028394,0.015614239272951093,2.82998018927445,22.52492113564669,0.007835530045022196,1.8630914826498424,0.00402220134195386,1.9444468750000041,16.553125,0.005470102952261012,0.0,1
22884.0,2022-03-24 11:40:00,356.515,357.17,356.48,357.01,738584.0,1,1,0.0,sell,False,1.5611710764141302,5.603000000000009,45.0,0.015937218225828956,0.6977753794461433,0.42685331760436834,0.77574100732744,0.002187422355636372,74.5019562141959,94.15156371455282,91.03569870589533,100.38329373186781,738584.0,5.603000000000009,1.0,5.603000000000009,45.0,0.015937218225828956,5.603000000000009,45.0,0.015937218225828956,1.0,1.0,0.6977753794461433,0.77574100732744,0.42685331760436834,74.5019562141959,94.15156371455282,91.03569870589533,100.38329373186781,35.80576028435459,3.571864164619075,41.43151650066763,0.13884408790654099,0.19355924596050203,0.160000000000025,0.03499999999996817,0.49500000000000455,1.0,22885.0,22885.0,2022-03-24,2022-03-24 11:40:00,1.4481387075992314,152.0,1.0,best_within_2.0d,23036.0,351.84,0.5832424107187206,4.3760036431226785,32.22527881040892,0.012230020343504162,2.285057100371749,15.890706319702602,0.006381710269403211,0.4929364202292669,5.6011759621451125,36.843533123028394,0.015614239272951093,2.82998018927445,22.52492113564669,0.007835530045022196,1.8630914826498424,0.00402220134195386,1.9444468750000041,16.553125,0.005470102952261012,1.0,1
22893.0,2022-03-24 12:25:00,356.17,356.305,355.44,355.7189,424135.0,3a,3a,1.0,buy,False,0.004358284986557135,4.163492493946733,28.239017640954685,0.011578080659927173,-0.14587840987111522,0.6283667395962377,0.5554275346606801,0.0015629447328195292,54.457361037789155,34.13488637537898,46.28771463559393,9.82922985494909,424135.0,1.7300000000000182,2.0,1.7300000000000182,10.0,0.004843631883976868,1.7300000000000182,10.0,0.004843631883976868,3.0,3.0,-0.14587840987111522,0.5554275346606801,0.6283667395962377,54.457361037789155,34.13488637537898,46.28771463559393,9.82922985494909,32.849364791288544,23.0490018148819,43.64979781766989,-0.12665300277957064,0.2433603421111887,0.1349999999999909,0.27890000000002146,0.4510999999999967,0.0,22894.0,22894.0,2022-03-24,2022-03-24 12:25:00,1.543662706704637,131.0,1.0,best_within_2.0d,23024.0,361.21,0.5832424107187206,4.3760036431226785,32.22527881040892,0.012230020343504162,2.285057100371749,15.890706319702602,0.006381710269403211,0.4929364202292669,5.6011759621451125,36.843533123028394,0.015614239272951093,2.82998018927445,22.52492113564669,0.007835530045022196,1.8630914826498424,0.004358284986557135,1.7300000000000182,10.0,0.004843631883976868,0.0,0
22894.0,2022-03-24 12:30:00,355.71,355.91,355.28,355.36,337707.0,3a,3a,1.0,buy,False,0.004358284986557135,4.163492493946733,28.239017640954685,0.011578080659927173,-0.2550153306184362,0.5964898232689332,0.4689821579597151,0.0013196952860771427,50.22916823764524,24.70306293638503,39.09283073585763,-4.076472662560178,337707.0,1.8900000000000432,2.0,1.8900000000000432,11.0,0.00529159783856439,1.8900000000000432,11.0,0.00529159783856439,3.0,3.0,-0.2550153306184362,0.4689821579597151,0.5964898232689332,50.22916823764524,24.70306293638503,39.09283073585763,-4.076472662560178,29.5551492992073,25.167580743449136,41.10465635726039,-0.09839475977621262,0.1773249268182989,0.20000000000004547,0.08000000000004093,0.3499999999999659,0.0,22895.0,22895.0,2022-03-24,2022-03-24 12:30:00,1.646217919855911,130.0,1.0,best_within_2.0d,23024.0,361.21,0.5832424107187206,4.3760036431226785,32.22527881040892,0.012230020343504162,2.285057100371749,15.890706319702602,0.006381710269403211,0.4929364202292669,5.6011759621451125,36.843533123028394,0.015614239272951093,2.82998018927445,22.52492113564669,0.007835530045022196,1.8630914826498424,0.004358284986557135,1.8900000000000432,11.0,0.00529159783856439,0.0,0
22895.0,2022-03-24 12:35:00,355.29,356.18,355.205,356.08,434256.0,3a,3a,1.0,buy,False,0.004358284986557135,4.163492493946733,28.239017640954685,0.011578080659927173,-0.22903064500577708,0.567860992643211,0.45334567014032245,0.001275506538516428,57.37857318006477,36.653253030254476,38.27963816732324,33.40048275611694,434256.0,1.9650000000000318,2.0,1.9650000000000318,12.0,0.005501581879777226,1.9650000000000318,12.0,0.005501581879777226,3.0,3.0,-0.22903064500577708,0.45334567014032245,0.567860992643211,57.37857318006477,36.653253030254476,38.27963816732324,33.40048275611694,22.242647058822737,25.3063725490195,38.62884511524705,0.2223535703228246,0.27448937937248147,0.10000000000002274,0.08500000000003638,0.7899999999999636,1.0,22896.0,22896.0,2022-03-24,2022-03-24 12:35:00,1.4406874859582104,129.0,1.0,best_within_2.0d,23024.0,361.21,0.5832424107187206,4.3760036431226785,32.22527881040892,0.012230020343504162,2.285057100371749,15.890706319702602,0.006381710269403211,0.4929364202292669,5.6011759621451125,36.843533123028394,0.015614239272951093,2.82998018927445,22.52492113564669,0.007835530045022196,1.8630914826498424,0.004358284986557135,1.9650000000000318,12.0,0.005501581879777226,1.0,0
22912.0,2022-03-24 14:00:00,356.9497,357.72,356.86,357.63,430346.0,1p,1p,0.0,sell,False,0.08372771599952192,2.515000000000043,18.0,0.007080418349967042,0.058423147174496926,0.4146753534189984,0.4438869270062469,0.0012454831796820073,67.88702028896977,81.41576892439707,75.15583949303172,93.93562778712777,430346.0,2.515000000000043,0.0,2.515000000000043,18.0,0.007080418349967042,2.515000000000043,0.0,0.0,1.0,1.0,0.058423147174496926,0.4438869270062469,0.4146753534189984,67.88702028896977,81.41576892439707,75.15583949303172,93.93562778712777,32.22220695530365,9.137251130133917,37.02395667856667,0.19058707711478348,0.24099086476489762,0.09000000000003183,0.08969999999999345,0.6802999999999884,1.0,22913.0,22913.0,2022-03-24,2022-03-24 14:00:00,1.618991695327579,124.0,1.0,best_within_2.0d,23036.0,351.84,0.5832424107187206,4.3760036431226785,32.22527881040892,0.012230020343504162,2.285057100371749,15.890706319702602,0.006381710269403211,0.4929364202292669,5.6011759621451125,36.843533123028394,0.015614239272951093,2.82998018927445,22.52492113564669,0.007835530045022196,1.8630914826498424,0.00402220134195386,1.9444468750000041,16.553125,0.005470102952261012,1.0,1
22920.0,2022-03-24 14:40:00,353.8199,354.89,351.567,354.12,66999.0,1,1,1.0,buy,False,0.336260426284261,3.3530000000000086,12.0,0.009447199368871883,-0.06813399424550867,0.05320821841320815,0.019141221290453814,5.4058098301582494e-05,50.831564039115456,54.43574770335111,54.276739807771925,54.75376349450947,66999.0,3.3530000000000086,1.0,3.3530000000000086,12.0,0.009447199368871883,3.3530000000000086,12.0,0.009447199368871883,1.0,1.0,-0.06813399424550867,0.019141221290453814,0.05320821841320815,50.831564039115456,54.43574770335111,54.276739807771925,54.75376349450947,16.660960858153842,44.65365742325719,39.49625297178057,0.08481716262991038,0.9451967903699663,0.7699999999999818,2.252900000000011,0.30009999999998627,1.0,22921.0,22921.0,2022-03-24,2022-03-24 14:40:00,1.4406874859582104,104.0,1.0,best_within_2.0d,23024.0,361.21,0.5832424107187206,4.3760036431226785,32.22527881040892,0.012230020343504162,2.285057100371749,15.890706319702602,0.006381710269403211,0.4929364202292669,5.6011759621451125,36.843533123028394,0.015614239272951093,2.82998018927445,22.52492113564669,0.007835530045022196,1.8630914826498424,0.00402220134195386,1.9444468750000041,16.553125,0.005470102952261012,0.0,0
22920.0,2022-03-24 14:40:00,356.515,357.17,356.48,357.01,738584.0,2s,2s,0.0,sell,False,0.8783542039355987,4.163492493946733,28.239017640954685,0.011578080659927173,0.6977753794461433,0.42685331760436834,0.77574100732744,0.002187422355636372,74.50195621419589,94.15156371455282,91.03569870589533,100.38329373186781,738584.0,5.603000000000009,1.0,5.590000000000032,120.0,0.015621070280844017,5.603000000000009,45.0,0.015937218225828956,4.0,2.5,0.6977753794461433,0.77574100732744,0.42685331760436834,74.50195621419589,94.15156371455282,91.03569870589533,100.38329373186781,35.80576028435459,3.571864164619075,41.43151650066751,0.13884408790654099,0.19355924596050203,0.160000000000025,0.03499999999996817,0.49500000000000455,1.0,22921.0,22921.0,2022-03-24,2022-03-24 14:40:00,1.4406874859582104,104.0,1.0,best_within_2.0d,23024.0,361.21,0.5832424107187206,4.3760036431226785,32.22527881040892,0.012230020343504162,2.285057100371749,15.890706319702602,0.006381710269403211,0.8783542039355987,5.590000000000032,120.0,0.015621070280844017,5.603000000000009,45.0,0.015937218225828956,4.0,0.00402220134195386,1.9444468750000041,16.553125,0.005470102952261012,0.0,1
22920.0,2022-03-24 14:40:00,355.29,356.18,355.205,356.08,434256.0,2,2,1.0,buy,False,0.3507049794752862,4.163492493946733,28.239017640954685,0.011578080659927173,-0.22903064500577708,0.567860992643211,0.45334567014032245,0.001275506538516428,57.378573180064755,36.653253030254476,38.27963816732324,33.40048275611694,434256.0,1.9650000000000318,1.0,5.603000000000009,45.0,0.015937218225828956,1.9650000000000318,12.0,0.005501581879777226,2.0,2.0,-0.22903064500577708,0.45334567014032245,0.567860992643211,57.378573180064755,36.653253030254476,38.27963816732324,33.40048275611694,22.242647058822737,25.3063725490195,38.62884511524701,0.2223535703228246,0.27448937937248147,0.10000000000002274,0.08500000000003638,0.7899999999999636,1.0,22921.0,22921.0,2022-03-24,2022-03-24 14:40:00,1.4406874859582104,104.0,1.0,best_within_2.0d,23024.0,361.21,0.3507049794752862,5.603000000000009,45.0,0.015937218225828956,1.9650000000000318,12.0,0.005501581879777226,0.4929364202292669,5.6011759621451125,36.843533123028394,0.015614239272951093,2.82998018927445,22.52492113564669,0.007835530045022196,1.8630914826498424,0.00402220134195386,1.9444468750000041,16.553125,0.005470102952261012,0.0,0
22925.0,2022-03-24 15:05:00,357.04,357.92,356.96,357.755,369897.0,1p,1p,0.0,sell,False,0.08372771599952192,2.715000000000032,31.0,0.007643473487141318,0.019549959984357934,0.26676338147786643,0.2765383614700454,0.0007750360525268012,63.550016688872745,71.40841030679755,59.61024271071004,95.00474549897257,369897.0,2.715000000000032,0.0,2.715000000000032,31.0,0.007643473487141318,2.715000000000032,0.0,0.0,1.0,1.0,0.019549959984357934,0.2765383614700454,0.26676338147786643,63.550016688872745,71.40841030679755,59.61024271071004,95.00474549897257,25.52164123092468,16.93770327745844,21.089830761461958,0.20025767421016552,0.2689376961004136,0.16500000000002046,0.08000000000004093,0.714999999999975,1.0,22926.0,22926.0,2022-03-24,2022-03-24 15:05:00,1.65336613045241,111.0,1.0,best_within_2.0d,23036.0,351.84,0.5832424107187206,4.3760036431226785,32.22527881040892,0.012230020343504162,2.285057100371749,15.890706319702602,0.006381710269403211,0.4929364202292669,5.6011759621451125,36.843533123028394,0.015614239272951093,2.82998018927445,22.52492113564669,0.007835530045022196,1.8630914826498424,0.00402220134195386,1.9444468750000041,16.553125,0.005470102952261012,0.0,1
22927.0,2022-03-24 15:15:00,357.785,358.1,357.67,358.025,347991.0,1p,1p,0.0,sell,False,0.1808799855823555,2.8950000000000387,33.0,0.008150223110598214,0.12621361866193959,0.2913488136466692,0.354455622977639,0.0009929748277883196,66.27919036477732,83.46003389701866,71.53360013542444,107.31290142020711,347991.0,2.8950000000000387,0.0,2.8950000000000387,33.0,0.008150223110598214,2.8950000000000387,0.0,0.0,1.0,1.0,0.12621361866193959,0.354455622977639,0.2913488136466692,66.27919036477732,83.46003389701866,71.53360013542444,107.31290142020711,22.656984194790304,19.27951018083493,18.79384235239082,0.06707939125451101,0.12022255151396728,0.07500000000004547,0.1150000000000091,0.23999999999995225,1.0,22928.0,22928.0,2022-03-24,2022-03-24 15:15:00,1.7275329935060406,109.0,1.0,best_within_2.0d,23036.0,351.84,0.5832424107187206,4.3760036431226785,32.22527881040892,0.012230020343504162,2.285057100371749,15.890706319702602,0.006381710269403211,0.4929364202292669,5.6011759621451125,36.843533123028394,0.015614239272951093,2.82998018927445,22.52492113564669,0.007835530045022196,1.8630914826498424,0.00402220134195386,1.9444468750000041,16.553125,0.005470102952261012,0.0,1
22928.0,2022-03-24 15:20:00,358.03,358.49,358.02,358.47,485220.0,1p,1p,0.0,sell,False,0.2952551320444961,3.285000000000025,34.0,0.009248180628088076,0.20602179132128262,0.3171015375618295,0.4201124332224708,0.0011765385017559328,70.24878609505812,88.64332292804573,77.2368410662982,111.45628665154081,485220.0,3.285000000000025,0.0,3.285000000000025,34.0,0.009248180628088076,3.285000000000025,0.0,0.0,1.0,1.0,0.20602179132128262,0.4201124332224708,0.3171015375618295,70.24878609505812,88.64332292804573,77.2368410662982,111.45628665154081,28.659048170115657,13.366121799508548,20.05070515007961,0.12289472949195727,0.13127758225798203,0.01999999999998181,0.009999999999990905,0.44000000000005457,1.0,22929.0,22929.0,2022-03-24,2022-03-24 15:20:00,1.8495271570842895,108.0,1.0,best_within_2.0d,23036.0,351.84,0.5832424107187206,4.3760036431226785,32.22527881040892,0.012230020343504162,2.285057100371749,15.890706319702602,0.006381710269403211,0.4929364202292669,5.6011759621451125,36.843533123028394,0.015614239272951093,2.82998018927445,22.52492113564669,0.007835530045022196,1.8630914826498424,0.00402220134195386,1.9444468750000041,16.553125,0.005470102952261012,0.0,1
22929.0,2022-03-24 15:25:00,358.4701,358.915,358.4701,358.64,470518.0,1p,1p,0.0,sell,False,0.3742752648674851,3.7100000000000364,35.0,0.010444672794583512,0.2611601023877417,0.3497465503602972,0.48032660155416806,0.0013447336481165909,71.6231026840003,88.67973403110295,81.05113872123312,103.93692465084263,470518.0,3.7100000000000364,0.0,3.7100000000000364,35.0,0.010444672794583512,3.7100000000000364,0.0,0.0,1.0,1.0,0.2611601023877417,0.48032660155416806,0.3497465503602972,71.6231026840003,88.67973403110295,81.05113872123312,103.93692465084263,33.765172903023426,13.241806274094362,21.73710151511255,0.047395863699645845,0.12411076962904807,0.2750000000000341,0.0,0.16989999999998417,1.0,22930.0,22930.0,2022-03-24,2022-03-24 15:25:00,1.8960517510595614,107.0,1.0,best_within_2.0d,23036.0,351.84,0.5832424107187206,4.3760036431226785,32.22527881040892,0.012230020343504162,2.285057100371749,15.890706319702602,0.006381710269403211,0.4929364202292669,5.6011759621451125,36.843533123028394,0.015614239272951093,2.82998018927445,22.52492113564669,0.007835530045022196,1.8630914826498424,0.00402220134195386,1.9444468750000041,16.553125,0.005470102952261012,1.0,1
22934.0,2022-03-24 15:50:00,358.7,359.27,358.7,359.1,1632446.0,1p,1p,0.0,sell,False,0.3802278593083148,4.064999999999998,40.0,0.0114440956630678,0.20585024653089568,0.4813036248949511,0.5842287481603989,0.0016334899714164051,72.60109551950931,85.41498107358109,83.61160542225834,89.0217323762266,1632446.0,4.064999999999998,0.0,4.064999999999998,40.0,0.0114440956630678,4.064999999999998,0.0,0.0,1.0,1.0,0.20585024653089568,0.5842287481603989,0.4813036248949511,72.60109551950931,85.41498107358109,83.61160542225834,89.0217323762266,39.38730853391695,13.729808080949427,28.756406857709838,0.11151379983273882,0.15890716476163735,0.16999999999995907,0.0,0.4000000000000341,1.0,22935.0,22935.0,2022-03-24,2022-03-24 15:50:00,2.021720969089403,102.0,1.0,best_within_2.0d,23036.0,351.84,0.5832424107187206,4.3760036431226785,32.22527881040892,0.012230020343504162,2.285057100371749,15.890706319702602,0.006381710269403211,0.4929364202292669,5.6011759621451125,36.843533123028394,0.015614239272951093,2.82998018927445,22.52492113564669,0.007835530045022196,1.8630914826498424,0.00402220134195386,1.9444468750000041,16.553125,0.005470102952261012,0.0,1
22935.0,2022-03-24 15:55:00,359.1,359.7,358.8,359.64,1825313.0,1p,1p,0.0,sell,False,0.39267668811226264,4.4950000000000045,41.0,0.012654664207992581,0.27400016431485774,0.5155536454343084,0.6525537275917372,0.001823775914844293,76.48556826981334,89.29143237417716,85.50488107289794,96.86453497673563,1825313.0,4.4950000000000045,0.0,4.4950000000000045,41.0,0.012654664207992581,4.4950000000000045,0.0,0.0,1.0,1.0,0.27400016431485774,0.6525537275917372,0.5155536454343084,76.48556826981334,89.29143237417716,85.50488107289794,96.86453497673563,42.98406579624843,9.70441854017933,31.214023350660003,0.15037593984961392,0.25083612040133146,0.060000000000002274,0.30000000000001137,0.5399999999999636,1.0,22936.0,22936.0,2022-03-24,2022-03-24 15:55:00,2.1688355021688386,101.0,1.0,best_within_2.0d,23036.0,351.84,0.5832424107187206,4.3760036431226785,32.22527881040892,0.012230020343504162,2.285057100371749,15.890706319702602,0.006381710269403211,0.4929364202292669,5.6011759621451125,36.843533123028394,0.015614239272951093,2.82998018927445,22.52492113564669,0.007835530045022196,1.8630914826498424,0.00402220134195386,1.9444468750000041,16.553125,0.005470102952261012,1.0,1
22940.0,2022-03-24 16:20:00,359.56,359.73,359.56,359.7,48819.0,1p,1p,0.0,sell,False,0.4216651698359068,4.525000000000034,46.0,0.01273912247856881,0.14225186168427828,0.65130597039779,0.7224319012399292,0.0020158839791773156,73.85418346820111,94.48151332969309,91.52351879214449,100.39750240479029,48819.0,4.525000000000034,0.0,4.525000000000034,46.0,0.01273912247856881,4.525000000000034,0.0,0.0,1.0,1.0,0.14225186168427828,0.7224319012399292,0.65130597039779,73.85418346820111,94.48151332969309,91.52351879214449,100.39750240479029,21.771312572578633,56.024785256495846,38.06534352121993,0.03893647791745087,0.047280008899770805,0.03000000000002956,0.0,0.13999999999998636,1.0,22941.0,22941.0,2022-03-24,2022-03-24 16:20:00,2.185154295246042,96.0,1.0,best_within_2.0d,23036.0,351.84,0.5832424107187206,4.3760036431226785,32.22527881040892,0.012230020343504162,2.285057100371749,15.890706319702602,0.006381710269403211,0.4929364202292669,5.6011759621451125,36.843533123028394,0.015614239272951093,2.82998018927445,22.52492113564669,0.007835530045022196,1.8630914826498424,0.00402220134195386,1.9444468750000041,16.553125,0.005470102952261012,1.0,1
22959.0,2022-03-24 18:00:00,359.65,359.81,359.52,359.75,52545.0,1p,1p,0.0,sell,False,0.4216651698359068,4.605000000000018,65.0,0.012964344533438489,-0.14852479577687083,0.3550302320132233,0.2807678341247879,0.0007813703308956707,66.95074539506864,69.21956410010898,62.55028448711676,82.55812332609342,52545.0,4.605000000000018,0.0,4.605000000000018,65.0,0.012964344533438489,4.605000000000018,0.0,0.0,1.0,1.0,-0.14852479577687083,0.2807678341247879,0.3550302320132233,66.95074539506864,69.21956410010898,62.55028448711676,82.55812332609342,20.412844036692082,11.467889908259837,42.33649630547582,0.027804810232176493,0.08066310636404664,0.060000000000002274,0.12999999999999545,0.10000000000002274,1.0,22960.0,22960.0,2022-03-24,2022-03-24 18:00:00,2.1987491313412164,77.0,1.0,best_within_2.0d,23036.0,351.84,0.5832424107187206,4.3760036431226785,32.22527881040892,0.012230020343504162,2.285057100371749,15.890706319702602,0.006381710269403211,0.4929364202292669,5.6011759621451125,36.843533123028394,0.015614239272951093,2.82998018927445,22.52492113564669,0.007835530045022196,1.8630914826498424,0.00402220134195386,1.9444468750000041,16.553125,0.005470102952261012,0.0,1
22960.0,2022-03-24 18:05:00,359.84,359.84,359.55,359.63,23694.0,1p,1p,0.0,sell,False,0.4216651698359068,4.634999999999991,66.0,0.013048802804014558,-0.149320035205874,0.33636522761248905,0.26170521000955205,0.0007282740755527651,61.39378663088672,58.267588187952484,61.122719054062,52.55732645573346,23694.0,4.634999999999991,0.0,4.634999999999991,66.0,0.013048802804014558,4.634999999999991,0.0,0.0,1.0,1.0,-0.149320035205874,0.26170521000955205,0.33636522761248905,61.39378663088672,58.267588187952484,61.122719054062,52.55732645573346,19.3633952254588,9.94694960212497,41.60722491455279,-0.05835927078701077,0.08065637602557742,0.0,0.07999999999998408,0.20999999999997954,0.0,22961.0,22961.0,2022-03-24,2022-03-24 18:05:00,2.166115173928766,76.0,1.0,best_within_2.0d,23036.0,351.84,0.5832424107187206,4.3760036431226785,32.22527881040892,0.012230020343504162,2.285057100371749,15.890706319702602,0.006381710269403211,0.4929364202292669,5.6011759621451125,36.843533123028394,0.015614239272951093,2.82998018927445,22.52492113564669,0.007835530045022196,1.8630914826498424,0.00402220134195386,1.9444468750000041,16.553125,0.005470102952261012,1.0,1
22983.0,2022-03-25 04:00:00,360.1,360.1,359.75,359.77,21520.0,1p,1p,0.0,sell,False,0.16008907070164832,1.1000000000000227,11.0,0.0030640668523677513,0.047102641636791065,0.004095175948524347,0.02764649676691988,7.69405499595618e-05,64.6093029088095,61.0969818562244,62.045939267281774,59.19906703410966,21520.0,1.1000000000000227,0.0,1.1000000000000227,11.0,0.0030640668523677513,1.1000000000000227,0.0,0.0,1.0,1.0,0.047102641636791065,0.02764649676691988,0.004095175948524347,64.6093029088095,61.0969818562244,62.045939267281774,59.19906703410966,42.62948207171496,19.123505976097277,22.98940897422356,-0.09164121077479614,0.09728978457262619,0.0,0.01999999999998181,0.3300000000000409,0.0,22984.0,22984.0,2022-03-25,2022-03-25 04:00:00,2.204186007727161,53.0,1.0,best_within_2.0d,23036.0,351.84,0.5832424107187206,4.3760036431226785,32.22527881040892,0.012230020343504162,2.285057100371749,15.890706319702602,0.006381710269403211,0.4929364202292669,5.6011759621451125,36.843533123028394,0.015614239272951093,2.82998018927445,22.52492113564669,0.007835530045022196,1.8630914826498424,0.00402220134195386,1.9444468750000041,16.553125,0.005470102952261012,0.0,1
22994.0,2022-03-25 04:55:00,358.8,358.84,358.68,358.68,10700.0,2,2,0.0,sell,False,0.4736842105263095,4.163492493946733,28.239017640954685,0.011578080659927173,0.005834575494462091,-0.18998961750278248,-0.18707232975555144,-0.0005213057283814579,45.616366835491235,59.73845506586597,42.219289863002,94.77678547159393,10700.0,0.8999999999999773,1.0,1.8999999999999773,27.0,0.005280124499777616,0.8999999999999773,9.0,0.0025143878862378534,2.0,2.0,0.005834575494462091,-0.18707232975555144,-0.18998961750278248,45.616366835491235,59.73845506586597,42.219289863002,94.77678547159393,31.489361702128814,39.36170212766253,21.744699643322456,-0.033444816053512974,0.04460800713727227,0.03999999999996362,0.0,0.12000000000000455,0.0,22995.0,22995.0,2022-03-25,2022-03-25 04:55:00,1.9069923051187776,42.0,1.0,best_within_2.0d,23036.0,351.84,0.4736842105263095,1.8999999999999773,27.0,0.005280124499777616,0.8999999999999773,9.0,0.0025143878862378534,0.4929364202292669,5.6011759621451125,36.843533123028394,0.015614239272951093,2.82998018927445,22.52492113564669,0.007835530045022196,1.8630914826498424,0.00402220134195386,1.9444468750000041,16.553125,0.005470102952261012,0.0,1
22995.0,2022-03-25 05:00:00,358.78,359.12,358.24,358.42,6814.0,2,2,0.0,sell,False,0.6210526315789584,4.163492493946733,28.239017640954685,0.011578080659927173,-0.004600105826067735,-0.19056463073104096,-0.19286468364407483,-0.0005374950951859294,40.535774391056876,52.691133786600794,45.709904504201596,66.65359235139918,6814.0,1.1800000000000068,1.0,1.8999999999999773,27.0,0.005280124499777616,1.1800000000000068,10.0,0.0032966418952897324,2.0,2.0,-0.004600105826067735,-0.19286468364407483,-0.19056463073104096,40.535774391056876,52.691133786600794,45.709904504201596,66.65359235139918,26.64233576642428,41.78832116788561,21.772459192609013,-0.10034004125089382,0.245645377400624,0.34000000000003183,0.18000000000000682,0.3599999999999568,0.0,22996.0,22996.0,2022-03-25,2022-03-25 05:00:00,1.8358350538474528,41.0,1.0,best_within_2.0d,23036.0,351.84,0.6210526315789584,1.8999999999999773,27.0,0.005280124499777616,1.1800000000000068,10.0,0.0032966418952897324,0.4929364202292669,5.6011759621451125,36.843533123028394,0.015614239272951093,2.82998018927445,22.52492113564669,0.007835530045022196,1.8630914826498424,0.00402220134195386,1.9444468750000041,16.553125,0.005470102952261012,1.0,1
23001.0,2022-03-25 05:30:00,358.95,359.12,358.9,358.9,2239.0,2,2,0.0,sell,False,0.6210526315789584,4.163492493946733,28.239017640954685,0.011578080659927173,0.13854611028334357,-0.1328369490959391,-0.06356389395426731,-0.00017715071377258446,52.15355472147625,69.52025084413133,60.484612964796675,87.59152660280061,2239.0,1.1800000000000068,1.0,1.8999999999999773,27.0,0.005280124499777616,1.1800000000000068,16.0,0.0032966418952897324,2.0,2.0,0.13854611028334357,-0.06356389395426731,-0.1328369490959391,52.15355472147625,69.52025084413133,60.484612964796675,87.59152660280061,33.53293413173806,13.47305389221579,25.625136636100475,-0.01392951664577556,0.06129841181388333,0.17000000000001592,0.0,0.05000000000001137,0.0,23002.0,23002.0,2022-03-25,2022-03-25 05:30:00,1.9671217609361948,35.0,1.0,best_within_2.0d,23036.0,351.84,0.6210526315789584,1.8999999999999773,27.0,0.005280124499777616,1.1800000000000068,16.0,0.0032966418952897324,0.4929364202292669,5.6011759621451125,36.843533123028394,0.015614239272951093,2.82998018927445,22.52492113564669,0.007835530045022196,1.8630914826498424,0.00402220134195386,1.9444468750000041,16.553125,0.005470102952261012,0.0,1
23003.0,2022-03-25 05:40:00,359.18,359.29,359.18,359.23,4875.0,2,2,0.0,sell,False,0.7105263157894941,4.163492493946733,28.239017640954685,0.011578080659927173,0.18505154952969885,-0.0901062208648092,0.0024195539000402277,6.742338811709358e-06,59.49635842819425,82.78100614717536,71.59319716183607,105.15662411785394,4875.0,1.3500000000000227,1.0,1.8999999999999773,27.0,0.005280124499777616,1.3500000000000227,18.0,0.003771581829356939,2.0,2.0,0.18505154952969885,0.0024195539000402277,-0.0901062208648092,59.49635842819425,82.78100614717536,71.59319716183607,105.15662411785394,36.30769230769315,13.538461538461705,27.6960594165075,0.013920596915198888,0.030625313213434386,0.060000000000002274,0.0,0.05000000000001137,1.0,23004.0,23004.0,2022-03-25,2022-03-25 05:40:00,2.0571778526292466,33.0,1.0,best_within_2.0d,23036.0,351.84,0.7105263157894941,1.8999999999999773,27.0,0.005280124499777616,1.3500000000000227,18.0,0.003771581829356939,0.4929364202292669,5.6011759621451125,36.843533123028394,0.015614239272951093,2.82998018927445,22.52492113564669,0.007835530045022196,1.8630914826498424,0.00402220134195386,1.9444468750000041,16.553125,0.005470102952261012,0.0,1
23004.0,2022-03-25 05:45:00,359.38,359.53,359.37,359.41,20167.0,2,2,0.0,sell,False,0.8368421052631547,4.163492493946733,28.239017640954685,0.011578080659927173,0.21767927434011308,-0.06289631157229505,0.045943325597761486,0.00012801131937156585,62.94855190915966,85.07239490271601,76.08626307546271,103.04465855722262,20167.0,1.589999999999975,1.0,1.8999999999999773,27.0,0.005280124499777616,1.589999999999975,19.0,0.004442085265686917,2.0,2.0,0.21767927434011308,0.045943325597761486,-0.06289631157229505,62.94855190915966,85.07239490271601,76.08626307546271,103.04465855722262,38.61671469740658,12.680115273775467,29.329326440528998,0.008347709944913339,0.04452235857193649,0.1199999999999477,0.009999999999990905,0.03000000000002956,1.0,23005.0,23005.0,2022-03-25,2022-03-25 05:45:00,2.106229654155435,32.0,1.0,best_within_2.0d,23036.0,351.84,0.8368421052631547,1.8999999999999773,27.0,0.005280124499777616,1.589999999999975,19.0,0.004442085265686917,0.4929364202292669,5.6011759621451125,36.843533123028394,0.015614239272951093,2.82998018927445,22.52492113564669,0.007835530045022196,1.8630914826498424,0.00402220134195386,1.9444468750000041,16.553125,0.005470102952261012,0.0,1
23005.0,2022-03-25 05:50:00,359.43,359.62,359.38,359.62,3999.0,2,2,0.0,sell,False,0.8842105263158037,4.163492493946733,28.239017640954685,0.011578080659927173,0.2546688390253048,-0.03106270669413196,0.09627171281852043,0.00026820085374966126,66.53245595517654,90.04826326847734,80.74026313980092,108.6642635258302,3999.0,1.6800000000000068,1.0,1.8999999999999773,27.0,0.005280124499777616,1.6800000000000068,20.0,0.004693524054310797,2.0,2.0,0.2546688390253048,0.09627171281852043,-0.03106270669413196,66.53245595517654,90.04826326847734,80.74026313980092,108.6642635258302,36.918604651162894,12.790697674418757,30.701375387341646,0.052861475113373316,0.06678167955924345,0.0,0.05000000000001137,0.18999999999999773,1.0,23006.0,23006.0,2022-03-25,2022-03-25 05:50:00,2.1633946943996523,31.0,1.0,best_within_2.0d,23036.0,351.84,0.8842105263158037,1.8999999999999773,27.0,0.005280124499777616,1.6800000000000068,20.0,0.004693524054310797,0.4929364202292669,5.6011759621451125,36.843533123028394,0.015614239272951093,2.82998018927445,22.52492113564669,0.007835530045022196,1.8630914826498424,0.00402220134195386,1.9444468750000041,16.553125,0.005470102952261012,0.0,1
23007.0,2022-03-25 06:00:00,359.56,359.67,359.41,359.41,2980.0,2,2,0.0,sell,False,0.9105263157894942,4.163492493946733,28.239017640954685,0.011578080659927173,0.21843873298676378,0.02666355993398899,0.13588292642737088,0.0003784811837394983,60.172540525249104,81.68777403034161,82.4779088763687,80.10750433828744,2980.0,1.7300000000000182,1.0,1.8999999999999773,27.0,0.005280124499777616,1.7300000000000182,22.0,0.004833212270212935,2.0,2.0,0.21843873298676378,0.13588292642737088,0.02666355993398899,60.172540525249104,81.68777403034161,82.4779088763687,80.10750433828744,37.428571428573115,12.571428571428505,33.20208858947801,-0.04171765491155225,0.07234078072396175,0.11000000000001364,0.0,0.14999999999997726,0.0,23008.0,23008.0,2022-03-25,2022-03-25 06:00:00,2.106229654155435,29.0,1.0,best_within_2.0d,23036.0,351.84,0.9105263157894942,1.8999999999999773,27.0,0.005280124499777616,1.7300000000000182,22.0,0.004833212270212935,0.4929364202292669,5.6011759621451125,36.843533123028394,0.015614239272951093,2.82998018927445,22.52492113564669,0.007835530045022196,1.8630914826498424,0.00402220134195386,1.9444468750000041,16.553125,0.005470102952261012,0.0,1
23011.0,2022-03-25 06:20:00,359.57,359.8,359.54,359.57,4201.0,2,2,0.0,sell,False,0.9789473684210716,4.163492493946733,28.239017640954685,0.011578080659927173,0.14406758778377413,0.11314898079085685,0.1851827746827439,0.0005156030738707893,63.446405817606454,74.94435232737601,79.13742080992144,66.55821536228515,4201.0,1.8600000000000136,1.0,1.8999999999999773,27.0,0.005280124499777616,1.8600000000000136,26.0,0.0051964016315584,2.0,2.0,0.14406758778377413,0.1851827746827439,0.11314898079085685,63.446405817606454,74.94435232737601,79.13742080992144,66.55821536228515,53.0249110320297,0.7117437722433535,46.969876247153806,0.0,0.07231462424208458,0.2300000000000182,0.029999999999972715,0.0,0.0,23012.0,23012.0,2022-03-25,2022-03-25 06:20:00,2.1497900269766714,25.0,1.0,best_within_2.0d,23036.0,351.84,0.9789473684210716,1.8999999999999773,27.0,0.005280124499777616,1.8600000000000136,26.0,0.0051964016315584,0.4929364202292669,5.6011759621451125,36.843533123028394,0.015614239272951093,2.82998018927445,22.52492113564669,0.007835530045022196,1.8630914826498424,0.00402220134195386,1.9444468750000041,16.553125,0.005470102952261012,0.0,1
23012.0,2022-03-25 06:25:00,359.59,359.87,359.59,359.85,3121.0,1p,1p,0.0,sell,False,0.8655501339097783,1.9300000000000068,27.0,0.00539196513382133,0.15804231892281628,0.13290427065620886,0.211925430117617,0.0005899782099867385,69.01827136077935,81.96290155158522,80.07924772380936,85.73020920713694,3121.0,1.9300000000000068,0.0,1.9300000000000068,27.0,0.00539196513382133,1.9300000000000068,0.0,0.0,1.0,1.0,0.15804231892281628,0.211925430117617,0.13290427065620886,69.01827136077935,81.96290155158522,80.07924772380936,85.73020920713694,48.26388888888951,0.694444444445774,50.555107984312144,0.07230456909259095,0.07786645902278416,0.01999999999998181,0.0,0.26000000000004775,1.0,23013.0,23013.0,2022-03-25,2022-03-25 06:25:00,2.2259274697790876,24.0,1.0,best_within_2.0d,23036.0,351.84,0.5832424107187206,4.3760036431226785,32.22527881040892,0.012230020343504162,2.285057100371749,15.890706319702602,0.006381710269403211,0.4929364202292669,5.6011759621451125,36.843533123028394,0.015614239272951093,2.82998018927445,22.52492113564669,0.007835530045022196,1.8630914826498424,0.00402220134195386,1.9444468750000041,16.553125,0.005470102952261012,0.0,1
23013.0,2022-03-25 06:30:00,359.86,359.96,359.78,359.78,11417.0,1p,1p,0.0,sell,False,0.8655501339097763,2.019999999999982,28.0,0.005643403922445052,0.14715877148751638,0.1512991170921484,0.2248785028359066,0.0006259644904283935,66.29749796428337,77.63044011484924,79.26297852082264,74.36536330290241,11417.0,2.019999999999982,0.0,2.019999999999982,28.0,0.005643403922445052,2.019999999999982,0.0,0.0,1.0,1.0,0.14715877148751638,0.2248785028359066,0.1512991170921484,66.29749796428337,77.63044011484924,79.26297852082264,74.36536330290241,47.163120567376495,0.7092198581573864,53.875245773792095,-0.022230867559617885,0.05003057423981513,0.0999999999999659,0.0,0.08000000000004093,0.0,23014.0,23014.0,2022-03-25,2022-03-25 06:30:00,2.206904219245094,23.0,1.0,best_within_2.0d,23036.0,351.84,0.5832424107187206,4.3760036431226785,32.22527881040892,0.012230020343504162,2.285057100371749,15.890706319702602,0.006381710269403211,0.4929364202292669,5.6011759621451125,36.843533123028394,0.015614239272951093,2.82998018927445,22.52492113564669,0.007835530045022196,1.8630914826498424,0.00402220134195386,1.9444468750000041,16.553125,0.005470102952261012,1.0,1
23018.0,2022-03-25 06:55:00,359.99,360.37,359.99,360.3,16964.0,1p,1p,0.0,sell,False,0.8655501339097763,2.430000000000007,33.0,0.006788847292842395,0.12380506330565993,0.21799026132243085,0.2798927929752608,0.0007786275791708486,74.50255700342765,83.38690641304213,78.16945130224619,93.82181663463399,16964.0,2.430000000000007,0.0,2.430000000000007,33.0,0.006788847292842395,2.430000000000007,0.0,0.0,1.0,1.0,0.12380506330565993,0.2798927929752608,0.21799026132243085,74.50255700342765,83.38690641304213,78.16945130224619,93.82181663463399,47.21189591078426,4.08921933085553,63.03407998689259,0.08611350315286599,0.10555848773576917,0.06999999999999318,0.0,0.3100000000000023,1.0,23019.0,23019.0,2022-03-25,2022-03-25 06:55:00,2.3480432972522998,18.0,1.0,best_within_2.0d,23036.0,351.84,0.5832424107187206,4.3760036431226785,32.22527881040892,0.012230020343504162,2.285057100371749,15.890706319702602,0.006381710269403211,0.4929364202292669,5.6011759621451125,36.843533123028394,0.015614239272951093,2.82998018927445,22.52492113564669,0.007835530045022196,1.8630914826498424,0.00402220134195386,1.9444468750000041,16.553125,0.005470102952261012,1.0,1
23023.0,2022-03-25 07:20:00,360.21,360.65,360.2,360.6,26105.0,1p,1p,0.0,sell,False,0.8655501339097763,2.7099999999999795,38.0,0.007571101301894115,0.09721135480101484,0.27823509458132817,0.3268407719818356,0.00090858683091281,72.57006614043368,76.4928075315668,74.78054576925638,79.91733105618763,26105.0,2.7099999999999795,0.0,2.7099999999999795,38.0,0.007571101301894115,2.7099999999999795,0.0,0.0,1.0,1.0,0.09721135480101484,0.3268407719818356,0.27823509458132817,72.57006614043368,76.4928075315668,74.78054576925638,79.91733105618763,48.942598187309564,8.459214501509745,65.84402941048764,0.10827017573083568,0.12493059411437775,0.049999999999954525,0.009999999999990905,0.3900000000000432,1.0,23024.0,23024.0,2022-03-25,2022-03-25 07:20:00,2.429284525790363,13.0,1.0,best_within_2.0d,23036.0,351.84,0.5832424107187206,4.3760036431226785,32.22527881040892,0.012230020343504162,2.285057100371749,15.890706319702602,0.006381710269403211,0.4929364202292669,5.6011759621451125,36.843533123028394,0.015614239272951093,2.82998018927445,22.52492113564669,0.007835530045022196,1.8630914826498424,0.00402220134195386,1.9444468750000041,16.553125,0.005470102952261012,0.0,1
23024.0,2022-03-25 07:25:00,360.6,361.35,360.52,361.21,69337.0,1p,1p,0.0,sell,False,0.8655501339097763,3.410000000000025,39.0,0.009526736324523733,0.18694233817119243,0.30160288685272724,0.39507405593832345,0.0010979330973958457,79.03726847045282,81.21742724326579,76.92617292725951,89.79993587527835,69337.0,3.410000000000025,0.0,3.410000000000025,39.0,0.009526736324523733,3.410000000000025,0.0,0.0,1.0,1.0,0.18694233817119243,0.39507405593832345,0.30160288685272724,79.03726847045282,81.21742724326579,76.92617292725951,89.79993587527835,57.425742574256965,6.435643564354771,66.844095969761,0.16916250693287765,0.2302230112060471,0.1400000000000432,0.08000000000004093,0.6099999999999568,1.0,23025.0,23025.0,2022-03-25,2022-03-25 07:25:00,2.594058857728193,12.0,1.0,best_within_2.0d,23036.0,351.84,0.5832424107187206,4.3760036431226785,32.22527881040892,0.012230020343504162,2.285057100371749,15.890706319702602,0.006381710269403211,0.4929364202292669,5.6011759621451125,36.843533123028394,0.015614239272951093,2.82998018927445,22.52492113564669,0.007835530045022196,1.8630914826498424,0.00402220134195386,1.9444468750000041,16.553125,0.005470102952261012,1.0,1
23030.0,2022-03-25 07:55:00,361.27,361.4,361.05,361.11,51268.0,1p,1p,0.0,sell,False,0.8655501339097763,3.4599999999999795,45.0,0.009666424540425713,0.10911707669715265,0.4310417637184651,0.4856003020670414,0.0013477303970159278,69.85315353479488,83.39090949922323,82.30156509730722,85.56959830305524,51268.0,3.4599999999999795,0.0,3.4599999999999795,45.0,0.009666424540425713,3.4599999999999795,0.0,0.0,1.0,1.0,0.10911707669715265,0.4856003020670414,0.4310417637184651,69.85315353479488,83.39090949922323,82.30156509730722,85.56959830305524,51.18483412322236,7.582938388624137,68.63487538384928,-0.0442882054972647,0.09693948206618637,0.12999999999999545,0.060000000000002274,0.15999999999996817,0.0,23031.0,23031.0,2022-03-25,2022-03-25 07:55:00,2.567084821799462,6.0,1.0,best_within_2.0d,23036.0,351.84,0.5832424107187206,4.3760036431226785,32.22527881040892,0.012230020343504162,2.285057100371749,15.890706319702602,0.006381710269403211,0.4929364202292669,5.6011759621451125,36.843533123028394,0.015614239272951093,2.82998018927445,22.52492113564669,0.007835530045022196,1.8630914826498424,0.00402220134195386,1.9444468750000041,16.553125,0.005470102952261012,1.0,1
23036.0,2022-03-25 08:25:00,356.94,357.66,356.8199,357.14,983716.0,1p,1p,0.0,sell,False,4.6567038108757215,5.400000000000034,27.0,0.015329586101175366,0.1939326845216931,0.5310872230571516,0.6280535653179982,0.001765589509109582,66.27137246562631,83.8906171448487,85.77542421090678,80.12100301273256,983716.0,5.400000000000034,0.0,5.400000000000034,27.0,0.015329586101175366,5.400000000000034,0.0,0.0,1.0,1.0,0.1939326845216931,0.6280535653179982,0.5310872230571516,66.27137246562631,83.8906171448487,85.77542421090678,80.12100301273256,31.246437609721667,4.673856045233475,35.458231593528794,0.05603182607720867,0.23544090450112412,0.5200000000000387,0.12009999999997945,0.19999999999998863,1.0,23037.0,23037.0,2022-03-25,2022-03-25 08:25:00,2.407344247385183,27.0,1.0,best_within_2.0d,23063.0,360.31,0.5832424107187206,4.3760036431226785,32.22527881040892,0.012230020343504162,2.285057100371749,15.890706319702602,0.006381710269403211,0.4929364202292669,5.6011759621451125,36.843533123028394,0.015614239272951093,2.82998018927445,22.52492113564669,0.007835530045022196,1.8630914826498424,0.00402220134195386,1.9444468750000041,16.553125,0.005470102952261012,0.0,1
23036.0,2022-03-25 08:25:00,353.66,354.49,353.63,354.42,414109.0,2,2,0.0,sell,False,0.31681034482758913,4.163492493946733,28.239017640954685,0.011578080659927173,0.28392572597918275,-0.5069881285604555,-0.3650252655708641,-0.0010309841923155584,53.024951058931876,73.5964466174106,56.912497144685744,106.96434556286033,414109.0,1.4700000000000273,1.0,4.640000000000043,19.0,0.012973214784991452,1.4700000000000273,16.0,0.0041640700243613035,2.0,2.0,0.28392572597918275,-0.3650252655708641,-0.5069881285604555,53.024951058931876,73.5964466174106,56.912497144685744,106.96434556286033,23.644388398486115,20.00840689365212,39.284655835223155,0.2148956625007043,0.2431920368747034,0.06999999999999318,0.03000000000002956,0.7599999999999909,1.0,23037.0,23037.0,2022-03-25,2022-03-25 08:25:00,2.407344247385183,27.0,1.0,best_within_2.0d,23063.0,360.31,0.31681034482758913,4.640000000000043,19.0,0.012973214784991452,1.4700000000000273,16.0,0.0041640700243613035,0.4929364202292669,5.6011759621451125,36.843533123028394,0.015614239272951093,2.82998018927445,22.52492113564669,0.007835530045022196,1.8630914826498424,0.00402220134195386,1.9444468750000041,16.553125,0.005470102952261012,0.0,1
23036.0,2022-03-25 08:25:00,352.25,352.62,351.77,351.84,2432969.0,1p,1p,1.0,buy,False,0.29016379537178516,2.7200000000000273,15.0,0.007672995006911414,-0.11049884424289402,-0.3619082182333404,-0.4171576403547874,-0.0011807138289605178,36.394014356500506,24.418300084947276,34.74384581941838,3.767208616005064,2432969.0,2.7200000000000273,0.0,2.7200000000000273,15.0,0.007672995006911414,2.7200000000000273,0.0,0.0,1.0,1.0,-0.11049884424289402,-0.4171576403547874,-0.3619082182333404,36.394014356500506,24.418300084947276,34.74384581941838,3.767208616005064,10.563215704604321,30.754849263846744,24.1126958515276,-0.11639460610362669,0.2416351593370733,0.37000000000000455,0.06999999999999318,0.410000000000025,0.0,23037.0,23037.0,2022-03-25,2022-03-25 08:25:00,2.407344247385183,27.0,1.0,best_within_2.0d,23063.0,360.31,0.5832424107187206,4.3760036431226785,32.22527881040892,0.012230020343504162,2.285057100371749,15.890706319702602,0.006381710269403211,0.4929364202292669,5.6011759621451125,36.843533123028394,0.015614239272951093,2.82998018927445,22.52492113564669,0.007835530045022196,1.8630914826498424,0.00402220134195386,1.9444468750000041,16.553125,0.005470102952261012,0.0,0
23059.0,2022-03-25 10:20:00,358.625,359.86,358.55,359.6634,549463.0,2,2,0.0,sell,False,0.5599497085381274,4.163492493946733,28.239017640954685,0.011578080659927173,-0.05499647393904228,-0.3999905199533911,-0.4274887569229122,-0.001188879915088554,50.75447405310917,48.820195282344045,35.17839200410424,76.10380183882364,549463.0,1.959600000000023,1.0,3.4995999999999867,26.0,0.009683453237410036,1.959600000000023,5.0,0.00547526630313915,2.0,2.0,-0.05499647393904228,-0.4274887569229122,-0.3999905199533911,50.75447405310917,48.820195282344045,35.17839200410424,76.10380183882364,17.642158224022765,27.480928500252887,64.279937162033,0.2895503659811849,0.36536047970994345,0.19659999999998945,0.07499999999998863,1.0384000000000242,1.0,23060.0,23060.0,2022-03-25,2022-03-25 10:20:00,1.1492412071954086,13.0,1.0,best_within_2.0d,23072.0,355.53,0.5599497085381274,3.4995999999999867,26.0,0.009683453237410036,1.959600000000023,5.0,0.00547526630313915,0.4929364202292669,5.6011759621451125,36.843533123028394,0.015614239272951093,2.82998018927445,22.52492113564669,0.007835530045022196,1.8630914826498424,0.00402220134195386,1.9444468750000041,16.553125,0.005470102952261012,0.0,1
23062.0,2022-03-25 10:35:00,359.8165,360.34,359.8165,359.95,649729.0,2,2,0.0,sell,False,0.6971082409418201,4.163492493946733,28.239017640954685,0.011578080659927173,0.23455148208224252,-0.3537434468995092,-0.23646770585838794,-0.0006576094352849344,53.494188278465685,72.58004367455524,57.22548591278465,103.28915919809643,649729.0,2.4395999999999844,1.0,3.4995999999999867,26.0,0.009683453237410036,2.4395999999999844,8.0,0.006816421551917753,2.0,2.0,0.23455148208224252,-0.23646770585838794,-0.3537434468995092,53.494188278465685,72.58004367455524,57.22548591278465,103.28915919809643,20.79581672556276,20.755129258056158,53.713493583681576,0.03710224517218347,0.14549082657408868,0.38999999999998636,0.0,0.13349999999996953,1.0,23063.0,23063.0,2022-03-25,2022-03-25 10:35:00,1.227948326156415,10.0,1.0,best_within_2.0d,23072.0,355.53,0.6971082409418201,3.4995999999999867,26.0,0.009683453237410036,2.4395999999999844,8.0,0.006816421551917753,0.4929364202292669,5.6011759621451125,36.843533123028394,0.015614239272951093,2.82998018927445,22.52492113564669,0.007835530045022196,1.8630914826498424,0.00402220134195386,1.9444468750000041,16.553125,0.005470102952261012,0.0,1
23063.0,2022-03-25 10:40:00,359.93,360.59,359.73,360.31,460730.0,2,2,0.0,sell,False,0.7685449765687492,4.163492493946733,28.239017640954685,0.011578080659927173,0.3381480122531828,-0.31147494536786136,-0.14240093924126995,-0.0003959536591735319,56.623945443813376,78.24987246358444,64.23361476305124,106.28238786465084,460730.0,2.6895999999999844,1.0,3.4995999999999867,26.0,0.009683453237410036,2.6895999999999844,9.0,0.007514939910656665,2.0,2.0,0.3381480122531828,-0.14240093924126995,-0.31147494536786136,56.623945443813376,78.24987246358444,64.23361476305124,106.28238786465084,23.07945928123953,17.900765992684782,50.77946220077251,0.10557608423860068,0.23906819003140042,0.2799999999999727,0.19999999999998863,0.37999999999999545,1.0,23064.0,23064.0,2022-03-25,2022-03-25 10:40:00,1.3266353972967804,9.0,1.0,best_within_2.0d,23072.0,355.53,0.7685449765687492,3.4995999999999867,26.0,0.009683453237410036,2.6895999999999844,9.0,0.007514939910656665,0.4929364202292669,5.6011759621451125,36.843533123028394,0.015614239272951093,2.82998018927445,22.52492113564669,0.007835530045022196,1.8630914826498424,0.00402220134195386,1.9444468750000041,16.553125,0.005470102952261012,0.0,1
23064.0,2022-03-25 10:45:00,360.31,360.67,359.99,360.125,574825.0,2,2,0.0,sell,False,0.7914047319693782,4.163492493946733,28.239017640954685,0.011578080659927173,0.3674208124313487,-0.26554734381394274,-0.08183693759826838,-0.00022752940569944753,54.59076237834195,78.86974465942109,69.11232472850784,98.38458452124758,574825.0,2.7696000000000254,1.0,3.4995999999999867,26.0,0.009683453237410036,2.7696000000000254,10.0,0.007738465785453231,2.0,2.0,0.3674208124313487,-0.08183693759826838,-0.26554734381394274,54.59076237834195,78.86974465942109,69.11232472850784,98.38458452124758,24.250700444988748,13.613354366303254,49.159037808315915,-0.05134467541839034,0.18889413594822266,0.36000000000001364,0.1349999999999909,0.18500000000000227,0.0,23065.0,23065.0,2022-03-25,2022-03-25 10:45:00,1.275945852134683,8.0,1.0,best_within_2.0d,23072.0,355.53,0.7914047319693782,3.4995999999999867,26.0,0.009683453237410036,2.7696000000000254,10.0,0.007738465785453231,0.4929364202292669,5.6011759621451125,36.843533123028394,0.015614239272951093,2.82998018927445,22.52492113564669,0.007835530045022196,1.8630914826498424,0.00402220134195386,1.9444468750000041,16.553125,0.005470102952261012,1.0,1
23069.0,2022-03-25 11:10:00,357.05,357.1,356.45,356.58,878157.0,1p,1p,1.0,buy,False,0.8663865153887425,4.220000000000027,6.0,0.011700446391438232,-0.46057357412085076,-0.29807404826278716,-0.5283608353232125,-0.0014711991790904164,29.238615439812023,21.38929299699638,40.20415312814126,-16.240427265293363,878157.0,4.220000000000027,0.0,4.220000000000027,6.0,0.011700446391438232,4.220000000000027,0.0,0.0,1.0,1.0,-0.46057357412085076,-0.5283608353232125,-0.29807404826278716,29.238615439812023,21.38929299699638,40.20415312814126,-16.240427265293363,18.925988613632995,30.697030312355572,39.121601125351255,-0.13163422489848126,0.18235376630664446,0.05000000000001137,0.12999999999999545,0.4700000000000273,0.0,23070.0,23070.0,2022-03-25,2022-03-25 11:10:00,0.8329126703685085,92.0,1.0,best_within_2.0d,23161.0,359.55,0.5832424107187206,4.3760036431226785,32.22527881040892,0.012230020343504162,2.285057100371749,15.890706319702602,0.006381710269403211,0.4929364202292669,5.6011759621451125,36.843533123028394,0.015614239272951093,2.82998018927445,22.52492113564669,0.007835530045022196,1.8630914826498424,0.00402220134195386,1.9444468750000041,16.553125,0.005470102952261012,0.0,0
23070.0,2022-03-25 11:15:00,356.61,357.06,356.4,356.55,937032.0,1p,1p,1.0,buy,False,1.0693831819804458,4.270000000000039,7.0,0.011839077272853408,-0.568487188432829,-0.3691349468168908,-0.6533785410333053,-0.0018202768373877679,29.098151257805682,15.43048885201814,31.946265036100215,-17.601063516146013,937032.0,4.270000000000039,0.0,4.270000000000039,7.0,0.011839077272853408,4.270000000000039,0.0,0.0,1.0,1.0,-0.568487188432829,-0.6533785410333053,-0.3691349468168908,29.098151257805682,15.43048885201814,31.946265036100215,-17.601063516146013,17.591392782816904,31.727333411866233,38.374516786552284,-0.01682510305375684,0.18518518518519222,0.44999999999998863,0.1500000000000341,0.060000000000002274,0.0,23071.0,23071.0,2022-03-25,2022-03-25 11:15:00,0.8413967185527976,91.0,1.0,best_within_2.0d,23161.0,359.55,0.5832424107187206,4.3760036431226785,32.22527881040892,0.012230020343504162,2.285057100371749,15.890706319702602,0.006381710269403211,0.4929364202292669,5.6011759621451125,36.843533123028394,0.015614239272951093,2.82998018927445,22.52492113564669,0.007835530045022196,1.8630914826498424,0.00402220134195386,1.9444468750000041,16.553125,0.005470102952261012,0.0,0
23071.0,2022-03-25 11:20:00,356.56,356.56,355.7471,355.7471,749056.0,1p,1p,1.0,buy,False,1.3206701233697187,4.922900000000027,8.0,0.013649319322372325,-0.7020720523126922,-0.45689395335597727,-0.8079299795123234,-0.002252334899293811,25.559154527491046,10.286992568012092,24.72650754673751,-18.59203738943874,749056.0,4.922900000000027,0.0,4.922900000000027,8.0,0.013649319322372325,4.922900000000027,0.0,0.0,1.0,1.0,-0.7020720523126922,-0.8079299795123234,-0.45689395335597727,25.559154527491046,10.286992568012092,24.72650754673751,-18.59203738943874,16.01401028683231,37.02076299264749,38.46272235574419,-0.2279840700022474,0.22850502505853548,0.0,0.0,0.8129000000000133,0.0,23072.0,23072.0,2022-03-25,2022-03-25 11:20:00,1.0689897401834119,90.0,1.0,best_within_2.0d,23161.0,359.55,0.5832424107187206,4.3760036431226785,32.22527881040892,0.012230020343504162,2.285057100371749,15.890706319702602,0.006381710269403211,0.4929364202292669,5.6011759621451125,36.843533123028394,0.015614239272951093,2.82998018927445,22.52492113564669,0.007835530045022196,1.8630914826498424,0.00402220134195386,1.9444468750000041,16.553125,0.005470102952261012,0.0,0
23072.0,2022-03-25 11:25:00,355.76,356.0895,354.9438,355.53,1312224.0,1p,1p,1.0,buy,False,1.4453937258134228,5.726200000000006,9.0,0.015876563063187972,-0.768375479633407,-0.5529408883101532,-0.9371286281268567,-0.002614228416425577,24.684916923322717,10.270380222247324,19.907798438574112,-9.004456210406254,1312224.0,5.726200000000006,0.0,5.726200000000006,9.0,0.015876563063187972,5.726200000000006,0.0,0.0,1.0,1.0,-0.768375479633407,-0.9371286281268567,-0.5529408883101532,24.684916923322717,10.270380222247324,19.907798438574112,-9.004456210406254,15.624879734608053,38.840526165900485,38.759997366810246,-0.06465032606251916,0.3227834941756911,0.3294999999999959,0.5861999999999625,0.2300000000000182,0.0,23073.0,23073.0,2022-03-25,2022-03-25 11:25:00,1.1307062695131322,89.0,1.0,best_within_2.0d,23161.0,359.55,0.5832424107187206,4.3760036431226785,32.22527881040892,0.012230020343504162,2.285057100371749,15.890706319702602,0.006381710269403211,0.4929364202292669,5.6011759621451125,36.843533123028394,0.015614239272951093,2.82998018927445,22.52492113564669,0.007835530045022196,1.8630914826498424,0.00402220134195386,1.9444468750000041,16.553125,0.005470102952261012,1.0,0
23101.0,2022-03-25 13:50:00,357.61,357.93,357.6,357.83,365557.0,2s,2s,0.0,sell,False,0.008458109498233052,4.163492493946733,28.239017640954685,0.011578080659927173,0.3602934601145492,-0.07845889516345113,0.10168783489382349,0.00028474350920803935,57.94510020327409,82.28708048293952,73.22590436233014,100.40943272415825,365557.0,2.9861999999999966,1.0,3.4995999999999867,26.0,0.009683453237410036,2.9861999999999966,30.0,0.008413162872544884,1.0,2.5,0.3602934601145492,0.10168783489382349,-0.07845889516345113,57.94510020327409,82.28708048293952,73.22590436233014,100.40943272415825,31.151905829596604,8.893152811314142,34.56327861838489,0.0615195324515451,0.09228187919462641,0.10000000000002274,0.009999999999990905,0.21999999999997044,1.0,23102.0,23102.0,2022-03-25,2022-03-25 13:50:00,0.31392001788558027,20.0,1.0,best_within_2.0d,23121.0,356.7067,0.5832424107187206,4.3760036431226785,32.22527881040892,0.012230020343504162,2.285057100371749,15.890706319702602,0.006381710269403211,0.008458109498233052,3.4995999999999867,26.0,0.009683453237410036,2.9861999999999966,30.0,0.008413162872544884,1.0,0.00402220134195386,1.9444468750000041,16.553125,0.005470102952261012,0.0,1
23102.0,2022-03-25 13:55:00,357.845,358.46,357.78,358.4189,416787.0,2s,2s,0.0,sell,False,0.15990398902731487,4.163492493946733,28.239017640954685,0.011578080659927173,0.4288850533661173,-0.024848263492686463,0.1895942631903722,0.0005307537938941721,62.907166830883256,87.50638698862682,77.98606523776236,106.54703049035575,416787.0,3.5161999999999694,1.0,3.4995999999999867,26.0,0.009683453237410036,3.5161999999999694,31.0,0.009906357006376697,1.0,2.5,0.4288850533661173,0.1895942631903722,-0.024848263492686463,62.907166830883256,87.50638698862682,77.98606523776236,106.54703049035575,30.737063909284583,8.96076812790535,36.01269628816025,0.16037669940895655,0.19006093129856527,0.041099999999971715,0.06500000000005457,0.5738999999999805,1.0,23103.0,23103.0,2022-03-25,2022-03-25 13:55:00,0.47770918330478546,19.0,1.0,best_within_2.0d,23121.0,356.7067,0.5832424107187206,4.3760036431226785,32.22527881040892,0.012230020343504162,2.285057100371749,15.890706319702602,0.006381710269403211,0.15990398902731487,3.4995999999999867,26.0,0.009683453237410036,3.5161999999999694,31.0,0.009906357006376697,1.0,0.00402220134195386,1.9444468750000041,16.553125,0.005470102952261012,0.0,1
23103.0,2022-03-25 14:00:00,358.43,358.89,358.13,358.63,504190.0,2s,2s,0.0,sell,False,0.2827751743056348,4.163492493946733,28.239017640954685,0.011578080659927173,0.47679096339379706,0.03475060693153817,0.2731460886284367,0.0007644263806269018,64.52309864615097,87.76702075518071,81.24638374356847,100.80829477840516,504190.0,3.946199999999976,1.0,3.4995999999999867,26.0,0.009683453237410036,3.946199999999976,32.0,0.011117816397976175,1.0,2.5,0.47679096339379706,0.2731460886284367,0.03475060693153817,64.52309864615097,87.76702075518071,81.24638374356847,100.80829477840516,33.755383097075274,9.252198097972215,37.5099398557805,0.05579890076165182,0.2122134420461818,0.2599999999999909,0.30000000000001137,0.19999999999998863,1.0,23104.0,23104.0,2022-03-25,2022-03-25 14:00:00,0.5362908847558719,18.0,1.0,best_within_2.0d,23121.0,356.7067,0.5832424107187206,4.3760036431226785,32.22527881040892,0.012230020343504162,2.285057100371749,15.890706319702602,0.006381710269403211,0.2827751743056348,3.4995999999999867,26.0,0.009683453237410036,3.946199999999976,32.0,0.011117816397976175,1.0,0.00402220134195386,1.9444468750000041,16.553125,0.005470102952261012,0.0,1
23104.0,2022-03-25 14:05:00,358.6,358.97,358.57,358.75,315348.0,2s,2s,0.0,sell,False,0.3056349297062638,4.163492493946733,28.239017640954685,0.011578080659927173,0.4965058995627267,0.09681384437687901,0.3450667941582424,0.000965417733778137,65.44466338530749,88.65627470635198,83.71634739782964,98.5361293233967,315348.0,4.026200000000017,1.0,3.4995999999999867,26.0,0.009683453237410036,4.026200000000017,33.0,0.011343204191762237,1.0,2.5,0.4965058995627267,0.3450667941582424,0.09681384437687901,65.44466338530749,88.65627470635198,83.71634739782964,98.5361293233967,36.408304661356816,7.482207663665756,39.538167363924664,0.04182933630785757,0.11155422929972783,0.22000000000002728,0.03000000000002956,0.14999999999997726,1.0,23105.0,23105.0,2022-03-25,2022-03-25 14:05:00,0.5695609756097527,17.0,1.0,best_within_2.0d,23121.0,356.7067,0.5832424107187206,4.3760036431226785,32.22527881040892,0.012230020343504162,2.285057100371749,15.890706319702602,0.006381710269403211,0.3056349297062638,3.4995999999999867,26.0,0.009683453237410036,4.026200000000017,33.0,0.011343204191762237,1.0,0.00402220134195386,1.9444468750000041,16.553125,0.005470102952261012,1.0,1
23109.0,2022-03-25 14:30:00,358.67,359.149,358.65,358.765,424306.0,2s,2s,0.0,sell,False,0.3567836324151375,4.163492493946733,28.239017640954685,0.011578080659927173,0.2603100811993646,0.30667546114312194,0.43683050174280424,0.0012209232040221233,62.96103033928169,78.13969152248266,79.67518255581732,75.06870945581335,424306.0,4.205199999999991,1.0,3.4995999999999867,26.0,0.009683453237410036,4.205199999999991,38.0,0.011847509380358216,1.0,2.5,0.2603100811993646,0.43683050174280424,0.30667546114312194,62.96103033928169,78.13969152248266,79.67518255581732,75.06870945581335,35.0259229717421,9.756722880582542,44.59730953955817,0.02648674268825674,0.13913285933361874,0.38400000000001455,0.020000000000038654,0.09499999999997044,1.0,23110.0,23110.0,2022-03-25,2022-03-25 14:30:00,0.573718172062485,12.0,1.0,best_within_2.0d,23121.0,356.7067,0.5832424107187206,4.3760036431226785,32.22527881040892,0.012230020343504162,2.285057100371749,15.890706319702602,0.006381710269403211,0.3567836324151375,3.4995999999999867,26.0,0.009683453237410036,4.205199999999991,38.0,0.011847509380358216,1.0,0.00402220134195386,1.9444468750000041,16.553125,0.005470102952261012,1.0,1
23114.0,2022-03-25 14:55:00,359.08,359.2,358.79,358.9707,348479.0,2s,2s,0.0,sell,False,0.3713567264830275,4.163492493946733,28.239017640954685,0.011578080659927173,0.11385921040870461,0.40878354679755835,0.46571315200191066,0.0013003810869316615,63.50505646190105,75.99416427624504,74.69791419060678,78.58666444752157,348479.0,4.2561999999999784,1.0,3.4995999999999867,26.0,0.009683453237410036,4.2561999999999784,43.0,0.011991194098896723,1.0,2.5,0.11385921040870461,0.46571315200191066,0.40878354679755835,63.50505646190105,75.99416427624504,74.69791419060678,78.58666444752157,32.546832338039586,8.61452204003517,48.031751287922575,-0.03043889940959173,0.11427297304829236,0.12000000000000455,0.18070000000000164,0.10929999999996198,0.0,23115.0,23115.0,2022-03-25,2022-03-25 14:55:00,0.6306921428406301,7.0,1.0,best_within_2.0d,23121.0,356.7067,0.5832424107187206,4.3760036431226785,32.22527881040892,0.012230020343504162,2.285057100371749,15.890706319702602,0.006381710269403211,0.3713567264830275,3.4995999999999867,26.0,0.009683453237410036,4.2561999999999784,43.0,0.011991194098896723,1.0,0.00402220134195386,1.9444468750000041,16.553125,0.005470102952261012,1.0,1
23119.0,2022-03-25 15:20:00,357.6801,357.7155,356.86,357.21,549478.0,2,2,1.0,buy,False,0.5497861942577855,4.163492493946733,28.239017640954685,0.011578080659927173,-0.37542164518896626,0.2863283848289776,0.09861756223449447,0.0002754434838238103,40.67712762903733,26.024961000379193,40.370862437298136,-2.6668418734586936,549478.0,2.339999999999975,1.0,4.2561999999999784,43.0,0.011991194098896723,2.339999999999975,6.0,0.006514476614699263,2.0,2.0,-0.37542164518896626,0.09861756223449447,0.2863283848289776,40.67712762903733,26.024961000379193,40.370862437298136,-2.6668418734586936,11.277691547904238,29.866892432152024,41.7221258504848,-0.13143029204029025,0.23972986605391647,0.03540000000003829,0.3499999999999659,0.4701000000000022,0.0,23120.0,23120.0,2022-03-25,2022-03-25 15:20:00,0.6550768455530449,42.0,1.0,best_within_2.0d,23161.0,359.55,0.5497861942577855,4.2561999999999784,43.0,0.011991194098896723,2.339999999999975,6.0,0.006514476614699263,0.4929364202292669,5.6011759621451125,36.843533123028394,0.015614239272951093,2.82998018927445,22.52492113564669,0.007835530045022196,1.8630914826498424,0.00402220134195386,1.9444468750000041,16.553125,0.005470102952261012,0.0,0
23120.0,2022-03-25 15:25:00,357.21,357.39,356.65,356.72,594021.0,2,2,1.0,buy,False,0.5991259809219549,4.163492493946733,28.239017640954685,0.011578080659927173,-0.49206107712812025,0.22482075018796258,-0.02120978837609755,-5.925601901789074e-05,36.56276924719226,18.265006679992005,33.00224385152942,-11.209467663082826,594021.0,2.5500000000000114,1.0,4.2561999999999784,43.0,0.011991194098896723,2.5500000000000114,7.0,0.00709910913140315,2.0,2.0,-0.49206107712812025,-0.02120978837609755,0.22482075018796258,36.56276924719226,18.265006679992005,33.00224385152942,-11.209467663082826,11.056672507608209,29.2815641427648,41.96913037484358,-0.13717421124827195,0.20748633113697157,0.18000000000000682,0.07000000000005002,0.48999999999995225,0.0,23121.0,23121.0,2022-03-25,2022-03-25 15:25:00,0.7933393137474725,41.0,1.0,best_within_2.0d,23161.0,359.55,0.5991259809219549,4.2561999999999784,43.0,0.011991194098896723,2.5500000000000114,7.0,0.00709910913140315,0.4929364202292669,5.6011759621451125,36.843533123028394,0.015614239272951093,2.82998018927445,22.52492113564669,0.007835530045022196,1.8630914826498424,0.00402220134195386,1.9444468750000041,16.553125,0.005470102952261012,0.0,0
23121.0,2022-03-25 15:30:00,356.66,356.94,356.27,356.7067,556094.0,2,2,1.0,buy,False,0.6884074996475781,4.163492493946733,28.239017640954685,0.011578080659927173,-0.5451706042182933,0.1566744246606759,-0.11591087744847073,-0.00032391474361431646,36.45498655507035,17.144816740017756,27.716434814358863,-3.9984194086644607,556094.0,2.930000000000007,1.0,4.2561999999999784,43.0,0.011991194098896723,2.930000000000007,8.0,0.008157015590200465,2.0,2.0,-0.5451706042182933,-0.11591087744847073,0.1566744246606759,36.45498655507035,17.144816740017756,27.716434814358863,-3.9984194086644607,10.722790541673268,32.64575996422357,42.582077162260184,0.013093702686027891,0.18805961770567714,0.23329999999998563,0.3900000000000432,0.046699999999987085,1.0,23122.0,23122.0,2022-03-25,2022-03-25 15:30:00,0.7970974472865241,40.0,1.0,best_within_2.0d,23161.0,359.55,0.6884074996475781,4.2561999999999784,43.0,0.011991194098896723,2.930000000000007,8.0,0.008157015590200465,0.4929364202292669,5.6011759621451125,36.843533123028394,0.015614239272951093,2.82998018927445,22.52492113564669,0.007835530045022196,1.8630914826498424,0.00402220134195386,1.9444468750000041,16.553125,0.005470102952261012,1.0,0
23125.0,2022-03-25 15:50:00,358.27,358.8402,358.14,358.8,1322782.0,2s,2s,0.0,sell,False,0.2685449765687492,4.163492493946733,28.239017640954685,0.011578080659927173,-0.03076933495323007,0.0011279833444796015,-0.014256684132135433,-3.9839464065718534e-05,59.670728451738924,64.4438148423256,42.883414730730735,107.56461506551531,1322782.0,2.5702,1.0,3.4995999999999867,26.0,0.009683453237410036,2.5702,5.0,0.007214191483986864,2.0,2.5,-0.03076933495323007,-0.014256684132135433,0.0011279833444796015,59.670728451738924,64.4438148423256,42.883414730730735,107.56461506551531,22.745497857989488,26.56680423892503,39.21825545051717,0.1479331230636195,0.19551013570112116,0.04019999999997026,0.12999999999999545,0.5300000000000296,1.0,23126.0,23126.0,2022-03-25,2022-03-25 15:50:00,2.0540172048918044,173.78554736652885,0.0,,14281.267661333814,366.3529484630595,0.5832424107187206,4.3760036431226785,32.22527881040892,0.012230020343504162,2.285057100371749,15.890706319702602,0.006381710269403211,0.2685449765687492,3.4995999999999867,26.0,0.009683453237410036,2.5702,5.0,0.007214191483986864,2.0,0.00402220134195386,1.9444468750000041,16.553125,0.005470102952261012,0.0,1
23126.0,2022-03-25 15:55:00,358.8,359.47,358.655,359.36,1655574.0,1p,"1p,2s",0.0,sell,False,0.34481071556682047,3.2000000000000455,6.0,0.008981951890420316,0.17120058899244325,0.022528056968535007,0.10812835146475663,0.0003020641020844224,63.801227221074846,75.15004322821693,53.63895756322613,118.17221455819853,1655574.0,3.2000000000000455,0.0,3.2000000000000455,6.0,0.008981951890420316,3.2000000000000455,0.0,0.0,1.0,1.0,0.17120058899244325,0.10812835146475663,0.022528056968535007,63.801227221074846,75.15004322821693,53.63895756322613,118.17221455819853,26.520192153420552,25.57641307322797,36.54635107568722,0.15607580824972192,0.2272378748379514,0.11000000000001364,0.14500000000003865,0.5600000000000023,1.0,23127.0,23127.0,2022-03-25,2022-03-25 15:55:00,2.0540172048918044,173.78554736652885,0.0,,14281.267661333814,366.3529484630595,0.5832424107187206,4.3760036431226785,32.22527881040892,0.012230020343504162,2.285057100371749,15.890706319702602,0.006381710269403211,0.44850840096012196,3.4995999999999867,26.0,0.009683453237410036,3.2000000000000455,6.0,0.008981951890420316,2.0,0.00402220134195386,1.9444468750000041,16.553125,0.005470102952261012,1.0,1
23126.0,2022-03-25 15:55:00,358.8,359.47,358.655,359.36,1655574.0,2s,"1p,2s",0.0,sell,False,0.34481071556682047,3.2000000000000455,6.0,0.008981951890420316,0.17120058899244325,0.022528056968535007,0.10812835146475663,0.0003020641020844224,63.801227221074846,75.15004322821693,53.63895756322613,118.17221455819853,1655574.0,3.2000000000000455,0.0,3.2000000000000455,6.0,0.008981951890420316,3.2000000000000455,0.0,0.0,1.0,1.0,0.17120058899244325,0.10812835146475663,0.022528056968535007,63.801227221074846,75.15004322821693,53.63895756322613,118.17221455819853,26.520192153420552,25.57641307322797,36.54635107568722,0.15607580824972192,0.2272378748379514,0.11000000000001364,0.14500000000003865,0.5600000000000023,1.0,23127.0,23127.0,2022-03-25,2022-03-25 15:55:00,2.0540172048918044,173.78554736652885,0.0,,14281.267661333814,366.3529484630595,0.5832424107187206,4.3760036431226785,32.22527881040892,0.012230020343504162,2.285057100371749,15.890706319702602,0.006381710269403211,0.44850840096012196,3.4995999999999867,26.0,0.009683453237410036,3.2000000000000455,6.0,0.008981951890420316,2.0,0.00402220134195386,1.9444468750000041,16.553125,0.005470102952261012,0.0,1
23158.0,2022-03-25 18:45:00,359.48,359.48,359.4,359.4,303.0,1p,1p,0.0,sell,False,0.6677225566117752,3.2100000000000364,38.0,0.009010020490077852,-0.03410206510919317,0.1460490281952421,0.1289979956406455,0.0003591665981010079,64.19063149522162,85.67330964588254,78.94827745213004,99.1233740333875,303.0,3.2100000000000364,0.0,3.2100000000000364,38.0,0.009010020490077852,3.2100000000000364,0.0,0.0,1.0,1.0,-0.03410206510919317,0.1289979956406455,0.1460490281952421,64.19063149522162,85.67330964588254,78.94827745213004,99.1233740333875,66.12903225807102,25.806451612902638,24.319785614508504,-0.02225436741961748,0.022259321090718123,0.0,0.0,0.08000000000004093,0.0,23159.0,23159.0,2022-03-25,2022-03-25 18:45:00,2.0540172048918044,173.78554736652885,0.0,,14281.267661333814,366.3529484630595,0.5832424107187206,4.3760036431226785,32.22527881040892,0.012230020343504162,2.285057100371749,15.890706319702602,0.006381710269403211,0.4929364202292669,5.6011759621451125,36.843533123028394,0.015614239272951093,2.82998018927445,22.52492113564669,0.007835530045022196,1.8630914826498424,0.00402220134195386,1.9444468750000041,16.553125,0.005470102952261012,0.0,1
23160.0,2022-03-25 18:55:00,359.44,359.48,359.4,359.48,1437.0,1p,1p,0.0,sell,False,0.6677225566117752,3.2100000000000364,40.0,0.009010020490077852,-0.015572422710709855,0.14056458551519588,0.13277837415984095,0.00036965077989644854,67.35156012863985,87.89781503974417,82.57555556077614,98.54233399768026,1437.0,3.2100000000000364,0.0,3.2100000000000364,40.0,0.009010020490077852,3.2100000000000364,0.0,0.0,1.0,1.0,-0.015572422710709855,0.13277837415984095,0.14056458551519588,67.35156012863985,87.89781503974417,82.57555556077614,98.54233399768026,65.27777777777635,22.22222222221871,27.06996080998959,0.011128421989767545,0.022259321090718123,0.0,0.040000000000020464,0.040000000000020464,1.0,23161.0,23161.0,2022-03-25,2022-03-25 18:55:00,2.0540172048918044,173.78554736652885,0.0,,14281.267661333814,366.3529484630595,0.5832424107187206,4.3760036431226785,32.22527881040892,0.012230020343504162,2.285057100371749,15.890706319702602,0.006381710269403211,0.4929364202292669,5.6011759621451125,36.843533123028394,0.015614239272951093,2.82998018927445,22.52492113564669,0.007835530045022196,1.8630914826498424,0.00402220134195386,1.9444468750000041,16.553125,0.005470102952261012,0.0,1
23161.0,2022-03-25 19:00:00,359.49,359.55,359.45,359.55,3302.0,1p,"1p,2s",0.0,sell,False,0.6677225566117752,3.2800000000000296,41.0,0.009206500687680775,-0.000405265004933264,0.1405139273895792,0.14031129488711258,0.00039059395973335795,69.85866898534078,91.93187669316278,85.69432927157168,104.40697153634497,3302.0,3.2800000000000296,0.0,3.2800000000000296,41.0,0.009206500687680775,3.2800000000000296,0.0,0.0,1.0,1.0,-0.000405265004933264,0.14031129488711258,0.1405139273895792,69.85866898534078,91.93187669316278,85.69432927157168,104.40697153634497,61.64383561643526,21.91780821917318,28.532176724030624,0.0166903112743059,0.02782028098484427,0.0,0.040000000000020464,0.060000000000002274,1.0,23162.0,23162.0,2022-03-25,2022-03-25 19:00:00,2.0540172048918044,173.78554736652885,0.0,,14281.267661333814,366.3529484630595,0.5832424107187206,4.3760036431226785,32.22527881040892,0.012230020343504162,2.285057100371749,15.890706319702602,0.006381710269403211,0.4713681563607347,3.4995999999999867,26.0,0.009683453237410036,3.2800000000000296,41.0,0.009206500687680775,2.0,0.00402220134195386,1.9444468750000041,16.553125,0.005470102952261012,1.0,1
23161.0,2022-03-25 19:00:00,359.49,359.55,359.45,359.55,3302.0,2s,"1p,2s",0.0,sell,False,0.6677225566117752,3.2800000000000296,41.0,0.009206500687680775,-0.000405265004933264,0.1405139273895792,0.14031129488711258,0.00039059395973335795,69.85866898534078,91.93187669316278,85.69432927157168,104.40697153634497,3302.0,3.2800000000000296,0.0,3.2800000000000296,41.0,0.009206500687680775,3.2800000000000296,0.0,0.0,1.0,1.0,-0.000405265004933264,0.14031129488711258,0.1405139273895792,69.85866898534078,91.93187669316278,85.69432927157168,104.40697153634497,61.64383561643526,21.91780821917318,28.532176724030624,0.0166903112743059,0.02782028098484427,0.0,0.040000000000020464,0.060000000000002274,1.0,23162.0,23162.0,2022-03-25,2022-03-25 19:00:00,2.0540172048918044,173.78554736652885,0.0,,14281.267661333814,366.3529484630595,0.5832424107187206,4.3760036431226785,32.22527881040892,0.012230020343504162,2.285057100371749,15.890706319702602,0.006381710269403211,0.4713681563607347,3.4995999999999867,26.0,0.009683453237410036,3.2800000000000296,41.0,0.009206500687680775,2.0,0.00402220134195386,1.9444468750000041,16.553125,0.005470102952261012,0.0,1
23172.0,2022-03-28 04:00:00,358.52,358.52,357.86,357.86,16808.0,2s,2s,1.0,buy,False,0.3148348291903533,4.163492493946733,28.239017640954685,0.011578080659927173,-0.24250956529042234,0.08595452131531711,-0.035300261329894056,-9.825939438321927e-05,17.18734247108607,45.943238825122236,60.35088389602711,17.127948683312468,16808.0,1.6899999999999977,1.0,4.2561999999999784,43.0,0.011991194098896723,1.6899999999999977,12.0,0.0047003198442497505,1.0,2.5,-0.24250956529042234,-0.035300261329894056,0.08595452131531711,17.18734247108607,45.943238825122236,60.35088389602711,17.127948683312468,11.570247933884898,73.5537190082594,49.13078312675322,-0.1840901483878077,0.18442966523220483,0.0,0.0,0.6599999999999682,0.0,23173.0,23173.0,2022-03-28,2022-03-28 04:00:00,3.875817358743644,329.0,1.0,best_within_2.0d,23501.0,371.73,0.5832424107187206,4.3760036431226785,32.22527881040892,0.012230020343504162,2.285057100371749,15.890706319702602,0.006381710269403211,0.3148348291903533,4.2561999999999784,43.0,0.011991194098896723,1.6899999999999977,12.0,0.0047003198442497505,1.0,0.00402220134195386,1.9444468750000041,16.553125,0.005470102952261012,0.0,0
23173.0,2022-03-28 04:05:00,358.0,358.09,357.69,357.81,20505.0,2s,2s,1.0,buy,False,0.35477656125182055,4.163492493946733,28.239017640954685,0.011578080659927173,-0.36985870089600026,0.03972218370331708,-0.14520716674468304,-0.0004043092736611178,16.791349045814087,32.8027389268932,51.168168906315806,-3.928121031952017,20505.0,1.8600000000000136,1.0,4.2561999999999784,43.0,0.011991194098896723,1.8600000000000136,13.0,0.00517313308302048,1.0,2.5,-0.36985870089600026,-0.14520716674468304,0.03972218370331708,16.791349045814087,32.8027389268932,51.168168906315806,-3.928121031952017,10.071942446043916,69.42446043165276,50.95434386656803,-0.05307262569832339,0.1118286784645859,0.08999999999997499,0.12000000000000455,0.18999999999999773,0.0,23174.0,23174.0,2022-03-28,2022-03-28 04:05:00,3.8903328582208476,328.0,1.0,best_within_2.0d,23501.0,371.73,0.5832424107187206,4.3760036431226785,32.22527881040892,0.012230020343504162,2.285057100371749,15.890706319702602,0.006381710269403211,0.35477656125182055,4.2561999999999784,43.0,0.011991194098896723,1.8600000000000136,13.0,0.00517313308302048,1.0,0.00402220134195386,1.9444468750000041,16.553125,0.005470102952261012,1.0,0
23181.0,2022-03-28 04:45:00,358.21,358.68,358.21,358.68,7940.0,2,2,0.0,sell,False,0.53225806451613,4.163492493946733,28.239017640954685,0.011578080659927173,-0.07352757980240937,-0.24279391976507356,-0.27955770966627824,-0.0007793374157833896,49.09936836289362,56.729921992059786,38.45488058135802,93.28000481346332,7940.0,0.9900000000000091,1.0,1.8600000000000136,13.0,0.00517313308302048,0.9900000000000091,9.0,0.0027677597919986835,2.0,2.0,-0.07352757980240937,-0.27955770966627824,-0.24279391976507356,49.09936836289362,56.729921992059786,38.45488058135802,93.28000481346332,26.03686635944671,48.15668202765015,53.282450991978656,0.13120795064348492,0.13120795064348492,0.0,0.0,0.4700000000000273,1.0,23182.0,23182.0,2022-03-28,2022-03-28 04:45:00,1.271328203412513,32.0,1.0,best_within_2.0d,23213.0,354.12,0.53225806451613,1.8600000000000136,13.0,0.00517313308302048,0.9900000000000091,9.0,0.0027677597919986835,0.4929364202292669,5.6011759621451125,36.843533123028394,0.015614239272951093,2.82998018927445,22.52492113564669,0.007835530045022196,1.8630914826498424,0.00402220134195386,1.9444468750000041,16.553125,0.005470102952261012,0.0,1
23182.0,2022-03-28 04:50:00,358.47,358.68,358.45,358.68,1718.0,2,2,0.0,sell,False,0.53225806451613,4.163492493946733,28.239017640954685,0.011578080659927173,0.005903458702976927,-0.24205598742720147,-0.239104258075713,-0.0006665676560621792,49.09936836289362,71.15328132803985,49.35434749691863,114.75114899028232,1718.0,0.9900000000000091,1.0,1.8600000000000136,13.0,0.00517313308302048,0.9900000000000091,10.0,0.0027677597919986835,2.0,2.0,0.005903458702976927,-0.239104258075713,-0.24205598742720147,49.09936836289362,71.15328132803985,49.35434749691863,114.75114899028232,23.042505592840413,46.75615212528007,51.903301562148805,0.05858230814293512,0.0641651555307625,0.0,0.020000000000038654,0.20999999999997954,1.0,23183.0,23183.0,2022-03-28,2022-03-28 04:50:00,1.271328203412513,31.0,1.0,best_within_2.0d,23213.0,354.12,0.53225806451613,1.8600000000000136,13.0,0.00517313308302048,0.9900000000000091,10.0,0.0027677597919986835,0.4929364202292669,5.6011759621451125,36.843533123028394,0.015614239272951093,2.82998018927445,22.52492113564669,0.007835530045022196,1.8630914826498424,0.00402220134195386,1.9444468750000041,16.553125,0.005470102952261012,0.0,1
23183.0,2022-03-28 04:55:00,358.69,358.82,358.69,358.82,1800.0,2,2,0.0,sell,False,0.6075268817204232,4.163492493946733,28.239017640954685,0.011578080659927173,0.07766232807799939,-0.23234819641745155,-0.19351703237845186,-0.0005394686681137013,52.104334721990156,80.76885421869324,59.82584973751016,122.65486318105938,1800.0,1.1299999999999955,1.0,1.8600000000000136,13.0,0.00517313308302048,1.1299999999999955,11.0,0.003159160166624718,2.0,2.0,0.07766232807799939,-0.19351703237845186,-0.23234819641745155,52.104334721990156,80.76885421869324,59.82584973751016,122.65486318105938,25.657894736841197,45.83333333333401,50.21169851454588,0.03624299534416779,0.03624299534416779,0.0,0.0,0.12999999999999545,1.0,23184.0,23184.0,2022-03-28,2022-03-28 04:55:00,1.3098489493339247,30.0,1.0,best_within_2.0d,23213.0,354.12,0.6075268817204232,1.8600000000000136,13.0,0.00517313308302048,1.1299999999999955,11.0,0.003159160166624718,0.4929364202292669,5.6011759621451125,36.843533123028394,0.015614239272951093,2.82998018927445,22.52492113564669,0.007835530045022196,1.8630914826498424,0.00402220134195386,1.9444468750000041,16.553125,0.005470102952261012,1.0,1
23187.0,2022-03-28 05:15:00,358.0,358.09,357.77,357.77,945.0,2s,2s,1.0,buy,False,0.3359804520464297,4.163492493946733,28.239017640954685,0.011578080659927173,-0.03969032383667048,-0.21662406643861726,-0.2364692283569525,-0.0006594796011830232,33.88413179648025,36.74043378872726,53.59885155055448,3.0235982650728204,945.0,1.0500000000000114,1.0,4.2561999999999784,43.0,0.011991194098896723,1.0500000000000114,5.0,0.00292625829106519,2.0,2.5,-0.03969032383667048,-0.2364692283569525,-0.21662406643861726,33.88413179648025,36.74043378872726,53.59885155055448,3.0235982650728204,32.11267605633651,33.80281690140854,42.144057508325105,-0.064245810055871,0.08944293820051799,0.08999999999997499,0.0,0.2300000000000182,0.0,23188.0,23188.0,2022-03-28,2022-03-28 05:15:00,3.9019481789976904,314.0,1.0,best_within_2.0d,23501.0,371.73,0.5832424107187206,4.3760036431226785,32.22527881040892,0.012230020343504162,2.285057100371749,15.890706319702602,0.006381710269403211,0.3359804520464297,4.2561999999999784,43.0,0.011991194098896723,1.0500000000000114,5.0,0.00292625829106519,2.0,0.00402220134195386,1.9444468750000041,16.553125,0.005470102952261012,0.0,0
23188.0,2022-03-28 05:20:00,357.73,357.95,357.73,357.95,2200.0,2s,2s,1.0,buy,False,0.34537850664911846,4.163492493946733,28.239017640954685,0.011578080659927173,-0.05260630916281234,-0.2231998550839688,-0.24950300966537498,-0.0006959180468414948,38.295977477384994,31.22145127199479,46.13971812436792,1.3849175672485359,2200.0,1.089999999999975,1.0,4.2561999999999784,43.0,0.011991194098896723,1.089999999999975,6.0,0.00303773479739138,2.0,2.5,-0.05260630916281234,-0.24950300966537498,-0.2231998550839688,38.295977477384994,31.22145127199479,46.13971812436792,1.3849175672485359,31.93277310924236,34.733893557422185,39.43388773432116,0.06149889581527142,0.06149889581527142,0.0,0.0,0.21999999999997044,1.0,23189.0,23189.0,2022-03-28,2022-03-28 05:20:00,3.849699678726087,313.0,1.0,best_within_2.0d,23501.0,371.73,0.5832424107187206,4.3760036431226785,32.22527881040892,0.012230020343504162,2.285057100371749,15.890706319702602,0.006381710269403211,0.34537850664911846,4.2561999999999784,43.0,0.011991194098896723,1.089999999999975,6.0,0.00303773479739138,2.0,0.00402220134195386,1.9444468750000041,16.553125,0.005470102952261012,1.0,0
23192.0,2022-03-28 05:40:00,358.33,358.43,358.33,358.38,2780.0,2s,2s,0.0,sell,False,0.3978494623655934,4.163492493946733,28.239017640954685,0.011578080659927173,0.06597221428211897,-0.21826002681845907,-0.1852739196773996,-0.0005168781763876389,48.26523304155785,47.37990623518278,41.78921094998297,58.5612968055824,2780.0,0.6999999999999886,1.0,1.8600000000000136,13.0,0.00517313308302048,0.6999999999999886,5.0,0.001956783048667958,1.0,2.5,0.06597221428211897,-0.1852739196773996,-0.21826002681845907,48.26523304155785,47.37990623518278,41.78921094998297,58.5612968055824,38.73015873015848,30.476190476188947,31.63697674759086,0.013953618173195481,0.027907236346390963,0.05000000000001137,0.0,0.05000000000001137,1.0,23193.0,23193.0,2022-03-28,2022-03-28 05:40:00,1.188682404152015,21.0,1.0,best_within_2.0d,23213.0,354.12,0.5832424107187206,4.3760036431226785,32.22527881040892,0.012230020343504162,2.285057100371749,15.890706319702602,0.006381710269403211,0.3978494623655934,1.8600000000000136,13.0,0.00517313308302048,0.6999999999999886,5.0,0.001956783048667958,1.0,0.00402220134195386,1.9444468750000041,16.553125,0.005470102952261012,0.0,1
23193.0,2022-03-28 05:45:00,358.48,358.48,358.39,358.39,10798.0,2s,2s,0.0,sell,False,0.4247311827957068,4.163492493946733,28.239017640954685,0.011578080659927173,0.09098794488823458,-0.20688653370742977,-0.16139256126331247,-0.0004502592259255439,48.48934177120298,60.91993749012043,48.166119796695455,86.42757287697037,10798.0,0.75,1.0,1.8600000000000136,13.0,0.00517313308302048,0.75,6.0,0.002096553266429989,1.0,2.5,0.09098794488823458,-0.16139256126331247,-0.20688653370742977,48.48934177120298,60.91993749012043,48.166119796695455,86.42757287697037,41.63934426229464,31.475409836063612,30.370145929297397,-0.025106003124311493,0.025112307821097638,0.0,0.0,0.09000000000003183,0.0,23194.0,23194.0,2022-03-28,2022-03-28 05:45:00,1.1914394932894283,20.0,1.0,best_within_2.0d,23213.0,354.12,0.5832424107187206,4.3760036431226785,32.22527881040892,0.012230020343504162,2.285057100371749,15.890706319702602,0.006381710269403211,0.4247311827957068,1.8600000000000136,13.0,0.00517313308302048,0.75,6.0,0.002096553266429989,1.0,0.00402220134195386,1.9444468750000041,16.553125,0.005470102952261012,0.0,1
23197.0,2022-03-28 06:05:00,358.52,358.52,358.52,358.52,333.0,2s,2s,0.0,sell,False,0.4462365591397731,4.163492493946733,28.239017640954685,0.011578080659927173,0.1416743237562998,-0.14915267003089103,-0.07831550815274113,-0.00021848828385087596,51.700740016801504,79.34445968239609,70.14045631744875,97.75246641229077,333.0,0.7899999999999636,1.0,1.8600000000000136,13.0,0.00517313308302048,0.7899999999999636,10.0,0.0022083694406394867,1.0,2.5,0.1416743237562998,-0.07831550815274113,-0.14915267003089103,51.700740016801504,79.34445968239609,70.14045631744875,97.75246641229077,28.37370242214411,40.138408304495776,26.233741140456726,0.0,0.0,0.0,0.0,0.0,0.0,23198.0,23198.0,2022-03-28,2022-03-28 06:05:00,1.227267655918771,16.0,1.0,best_within_2.0d,23213.0,354.12,0.5832424107187206,4.3760036431226785,32.22527881040892,0.012230020343504162,2.285057100371749,15.890706319702602,0.006381710269403211,0.4462365591397731,1.8600000000000136,13.0,0.00517313308302048,0.7899999999999636,10.0,0.0022083694406394867,1.0,0.00402220134195386,1.9444468750000041,16.553125,0.005470102952261012,0.0,1
23198.0,2022-03-28 06:10:00,358.42,358.7,358.42,358.7,850.0,2s,2s,0.0,sell,False,0.5430107526881631,4.163492493946733,28.239017640954685,0.011578080659927173,0.16547067804820703,-0.12846883527486513,-0.04573349625076162,-0.00012758266980584054,55.62693201466117,86.22963978826405,75.50351747438718,107.68188441601777,850.0,0.9699999999999704,1.0,1.8600000000000136,13.0,0.00517313308302048,0.9699999999999704,11.0,0.002711542224582703,1.0,2.5,0.16547067804820703,-0.04573349625076162,-0.12846883527486513,55.62693201466117,86.22963978826405,75.50351747438718,107.68188441601777,35.087719298244636,34.03508771929626,24.468676961823775,0.07812064058924521,0.07812064058924521,0.0,0.0,0.2799999999999727,1.0,23199.0,23199.0,2022-03-28,2022-03-28 06:10:00,1.276833008084746,15.0,1.0,best_within_2.0d,23213.0,354.12,0.5832424107187206,4.3760036431226785,32.22527881040892,0.012230020343504162,2.285057100371749,15.890706319702602,0.006381710269403211,0.5430107526881631,1.8600000000000136,13.0,0.00517313308302048,0.9699999999999704,11.0,0.002711542224582703,1.0,0.00402220134195386,1.9444468750000041,16.553125,0.005470102952261012,0.0,1
23199.0,2022-03-28 06:15:00,358.76,359.03,358.74,359.03,1805.0,2s,2s,0.0,sell,False,0.720430107526863,4.163492493946733,28.239017640954685,0.011578080659927173,0.21617363535259396,-0.10144713085579089,0.0066396868205060855,1.852054981944639e-05,61.76361880052082,90.8197598588427,80.60893160253902,111.24141637145007,1805.0,1.2999999999999545,1.0,1.8600000000000136,13.0,0.00517313308302048,1.2999999999999545,12.0,0.003634025661811854,1.0,2.5,0.21617363535259396,0.0066396868205060855,-0.10144713085579089,61.76361880052082,90.8197598588427,80.60893160253902,111.24141637145007,44.93243243243134,25.337837837835608,24.712672563451957,0.0752592262236542,0.08083849027149569,0.0,0.01999999999998181,0.2699999999999818,1.0,23200.0,23200.0,2022-03-28,2022-03-28 06:15:00,1.3675737403559505,14.0,1.0,best_within_2.0d,23213.0,354.12,0.5832424107187206,4.3760036431226785,32.22527881040892,0.012230020343504162,2.285057100371749,15.890706319702602,0.006381710269403211,0.720430107526863,1.8600000000000136,13.0,0.00517313308302048,1.2999999999999545,12.0,0.003634025661811854,1.0,0.00402220134195386,1.9444468750000041,16.553125,0.005470102952261012,0.0,1
23200.0,2022-03-28 06:20:00,358.81,359.18,358.81,359.18,2774.0,2s,2s,0.0,sell,False,0.8010752688172034,4.163492493946733,28.239017640954685,0.011578080659927173,0.2576161349365328,-0.0692451139887243,0.0595629534795421,0.00016611996375415658,64.18802180938172,93.87983990589512,85.03256770365772,111.57438431036996,2774.0,1.4499999999999886,1.0,1.8600000000000136,13.0,0.00517313308302048,1.4499999999999886,13.0,0.004053336315097947,1.0,2.5,0.2576161349365328,0.0595629534795421,-0.0692451139887243,64.18802180938172,93.87983990589512,85.03256770365772,111.57438431036996,46.249999999999915,19.374999999998092,25.872651734090027,0.10311864217831292,0.10311864217831292,0.0,0.0,0.37000000000000455,1.0,23201.0,23201.0,2022-03-28,2022-03-28 06:20:00,1.4087644078178079,13.0,1.0,best_within_2.0d,23213.0,354.12,0.5832424107187206,4.3760036431226785,32.22527881040892,0.012230020343504162,2.285057100371749,15.890706319702602,0.006381710269403211,0.8010752688172034,1.8600000000000136,13.0,0.00517313308302048,1.4499999999999886,13.0,0.004053336315097947,1.0,0.00402220134195386,1.9444468750000041,16.553125,0.005470102952261012,1.0,1
23205.0,2022-03-28 06:45:00,359.0,359.21,359.0,359.19,12398.0,2s,2s,0.0,sell,False,0.817204301075253,4.163492493946733,28.239017640954685,0.011578080659927173,0.17481567104151244,0.03789423465423984,0.12530207017499606,0.0003493571869039003,61.50872544133463,81.12441563782278,76.49062534455862,90.39199622435109,12398.0,1.4799999999999613,1.0,1.8600000000000136,13.0,0.00517313308302048,1.4799999999999613,18.0,0.00413719844575507,1.0,2.5,0.17481567104151244,0.12530207017499606,0.03789423465423984,61.50872544133463,81.12441563782278,76.49062534455862,90.39199622435109,44.0579710144931,12.753623188405982,34.819020349056345,0.052924791086350335,0.0584958217270138,0.01999999999998181,0.0,0.18999999999999773,1.0,23206.0,23206.0,2022-03-28,2022-03-28 06:45:00,1.4115092290988036,8.0,1.0,best_within_2.0d,23213.0,354.12,0.5832424107187206,4.3760036431226785,32.22527881040892,0.012230020343504162,2.285057100371749,15.890706319702602,0.006381710269403211,0.817204301075253,1.8600000000000136,13.0,0.00517313308302048,1.4799999999999613,18.0,0.00413719844575507,1.0,0.00402220134195386,1.9444468750000041,16.553125,0.005470102952261012,0.0,1
23208.0,2022-03-28 07:00:00,359.0,359.58,359.0,359.55,26931.0,1,1,0.0,sell,False,0.5188581548847994,1.849999999999966,21.0,0.005171498057193877,0.17075219516973705,0.09314794549719507,0.1785240430820636,0.0004976006405510668,64.97632026628665,80.07063571852254,76.89468074668082,86.42254566220598,26931.0,1.849999999999966,1.0,1.849999999999966,21.0,0.005171498057193877,1.849999999999966,21.0,0.005171498057193877,1.0,1.0,0.17075219516973705,0.1785240430820636,0.09314794549719507,64.97632026628665,80.07063571852254,76.89468074668082,86.42254566220598,48.333333333334124,13.095238095238756,37.73839719429702,0.15320334261838756,0.16155988857938275,0.029999999999972715,0.0,0.5500000000000114,1.0,23209.0,23209.0,2022-03-28,2022-03-28 07:00:00,1.5102211097204858,5.0,1.0,best_within_2.0d,23213.0,354.12,0.5832424107187206,4.3760036431226785,32.22527881040892,0.012230020343504162,2.285057100371749,15.890706319702602,0.006381710269403211,0.4929364202292669,5.6011759621451125,36.843533123028394,0.015614239272951093,2.82998018927445,22.52492113564669,0.007835530045022196,1.8630914826498424,0.00402220134195386,1.9444468750000041,16.553125,0.005470102952261012,0.0,1
23209.0,2022-03-28 07:05:00,359.55,359.83,359.44,359.82,12142.0,1,1,0.0,sell,False,0.5188581548848106,2.099999999999966,22.0,0.0058703491460038735,0.22671005437561895,0.12148670229414744,0.23484172948195692,0.0006544331969220631,68.24666821597938,86.45334047901525,80.08090065745895,99.19822012212785,12142.0,2.099999999999966,1.0,2.099999999999966,22.0,0.0058703491460038735,2.099999999999966,22.0,0.0058703491460038735,1.0,1.0,0.22671005437561895,0.23484172948195692,0.12148670229414744,68.24666821597938,86.45334047901525,80.08090065745895,99.19822012212785,51.46726862302612,10.835214446953408,39.701182487871975,0.07509386733416265,0.10850211440017427,0.009999999999990905,0.11000000000001364,0.2699999999999818,1.0,23210.0,23210.0,2022-03-28,2022-03-28 07:05:00,1.584125396031346,4.0,1.0,best_within_2.0d,23213.0,354.12,0.5832424107187206,4.3760036431226785,32.22527881040892,0.012230020343504162,2.285057100371749,15.890706319702602,0.006381710269403211,0.4929364202292669,5.6011759621451125,36.843533123028394,0.015614239272951093,2.82998018927445,22.52492113564669,0.007835530045022196,1.8630914826498424,0.00402220134195386,1.9444468750000041,16.553125,0.005470102952261012,0.0,1
23210.0,2022-03-28 07:10:00,359.89,359.91,359.61,359.73,13679.0,1,1,0.0,sell,False,0.5188581548848713,2.180000000000007,23.0,0.006093981494423187,0.23619651913375295,0.15101126718586655,0.269109526752743,0.0007497906465259416,66.03327558979632,86.55712894679435,82.23964342057076,95.19209999924152,13679.0,2.180000000000007,1.0,2.180000000000007,23.0,0.006093981494423187,2.180000000000007,23.0,0.006093981494423187,1.0,1.0,0.23619651913375295,0.269109526752743,0.15101126718586655,66.03327558979632,86.55712894679435,82.23964342057076,95.19209999924152,48.36448598131117,11.214953271028833,41.31916525134327,-0.04445802884213737,0.0834237090181061,0.020000000000038654,0.12000000000000455,0.15999999999996817,0.0,23211.0,23211.0,2022-03-28,2022-03-28 07:10:00,1.5595029605537523,3.0,1.0,best_within_2.0d,23213.0,354.12,0.5832424107187206,4.3760036431226785,32.22527881040892,0.012230020343504162,2.285057100371749,15.890706319702602,0.006381710269403211,0.4929364202292669,5.6011759621451125,36.843533123028394,0.015614239272951093,2.82998018927445,22.52492113564669,0.007835530045022196,1.8630914826498424,0.00402220134195386,1.9444468750000041,16.553125,0.005470102952261012,0.0,1
23211.0,2022-03-28 07:15:00,359.75,360.14,359.72,360.12,34640.0,1,1,0.0,sell,False,0.557465552490781,2.409999999999968,24.0,0.006736924496128276,0.27678493561454365,0.18560938413768452,0.32400185194495634,0.0009025063297431402,70.49836242317926,90.6187987527899,85.03269519797713,101.79100586241546,34640.0,2.409999999999968,1.0,2.409999999999968,24.0,0.006736924496128276,2.409999999999968,24.0,0.006736924496128276,1.0,1.0,0.27678493561454365,0.32400185194495634,0.18560938413768452,70.49836242317926,90.6187987527899,85.03269519797713,101.79100586241546,49.67602591792869,10.367170626350678,43.04405529762444,0.1028492008339137,0.11675747803846298,0.01999999999998181,0.029999999999972715,0.37000000000000455,1.0,23212.0,23212.0,2022-03-28,2022-03-28 07:15:00,1.6661112962345885,2.0,1.0,best_within_2.0d,23213.0,354.12,0.5832424107187206,4.3760036431226785,32.22527881040892,0.012230020343504162,2.285057100371749,15.890706319702602,0.006381710269403211,0.4929364202292669,5.6011759621451125,36.843533123028394,0.015614239272951093,2.82998018927445,22.52492113564669,0.007835530045022196,1.8630914826498424,0.00402220134195386,1.9444468750000041,16.553125,0.005470102952261012,0.0,1
23213.0,2022-03-28 07:25:00,354.72,354.89,354.55,354.6,16370.0,1p,1p,0.0,sell,False,2.268766916758021,3.1200000000000045,63.0,0.008869431730960584,0.027955559830028065,0.5429608236374959,0.5569386035525099,0.0015739549921958648,70.39650781030338,62.91392565853558,72.09978682789443,44.54220331981787,16370.0,3.1200000000000045,0.0,3.1200000000000045,63.0,0.008869431730960584,3.1200000000000045,0.0,0.0,1.0,1.0,0.027955559830028065,0.5569386035525099,0.5429608236374959,70.39650781030338,62.91392565853558,72.09978682789443,44.54220331981787,48.36956521739172,2.5362318840577847,69.37319485528403,-0.0338294993234113,0.0958962064588845,0.16999999999995907,0.05000000000001137,0.12000000000000455,0.0,23214.0,23214.0,2022-03-28,2022-03-28 07:25:00,4.972890545577774,288.0,1.0,best_within_2.0d,23501.0,371.73,0.5832424107187206,4.3760036431226785,32.22527881040892,0.012230020343504162,2.285057100371749,15.890706319702602,0.006381710269403211,0.4929364202292669,5.6011759621451125,36.843533123028394,0.015614239272951093,2.82998018927445,22.52492113564669,0.007835530045022196,1.8630914826498424,0.00402220134195386,1.9444468750000041,16.553125,0.005470102952261012,0.0,1
23213.0,2022-03-28 07:25:00,353.8199,354.89,351.567,354.12,66999.0,1p,1p,1.0,buy,False,0.22864174157709444,3.3530000000000086,12.0,0.009447199368871883,-0.06821218714358294,0.053330397910554904,0.01922430433876343,5.4292751847047187e-05,50.83279101516228,54.43574770335111,54.276739807771925,54.75376349450947,66999.0,3.3530000000000086,0.0,3.3530000000000086,12.0,0.009447199368871883,3.3530000000000086,0.0,0.0,1.0,1.0,-0.06821218714358294,0.01922430433876343,0.053330397910554904,50.83279101516228,54.43574770335111,54.276739807771925,54.75376349450947,16.660960858153842,44.65365742325719,39.486026118036094,0.08481716262991038,0.9451967903699663,0.7699999999999818,2.252900000000011,0.30009999999998627,1.0,23214.0,23214.0,2022-03-28,2022-03-28 07:25:00,4.972890545577774,288.0,1.0,best_within_2.0d,23501.0,371.73,0.5832424107187206,4.3760036431226785,32.22527881040892,0.012230020343504162,2.285057100371749,15.890706319702602,0.006381710269403211,0.4929364202292669,5.6011759621451125,36.843533123028394,0.015614239272951093,2.82998018927445,22.52492113564669,0.007835530045022196,1.8630914826498424,0.00402220134195386,1.9444468750000041,16.553125,0.005470102952261012,0.0,0
23214.0,2022-03-28 07:30:00,360.11,360.25,360.08,360.23,8782.0,1,1,0.0,sell,False,0.5574655524906864,2.519999999999982,27.0,0.007044418975204712,0.24766427886295805,0.2809721856045461,0.40480432503602515,0.001126875027752221,69.65786220759509,93.76705306739714,89.95264214268938,101.39587491681269,8782.0,2.519999999999982,1.0,2.519999999999982,27.0,0.007044418975204712,2.519999999999982,27.0,0.007044418975204712,1.0,1.0,0.24766427886295805,0.40480432503602515,0.2809721856045461,69.65786220759509,93.76705306739714,89.95264214268938,101.39587491681269,42.583732057416704,11.483253588517476,46.28469732963067,0.033323151259338685,0.047211730726509644,0.01999999999998181,0.03000000000002956,0.12000000000000455,1.0,23215.0,23215.0,2022-03-28,2022-03-28 07:30:00,0.5257751991783043,57.0,1.0,best_within_2.0d,23271.0,358.336,0.5832424107187206,4.3760036431226785,32.22527881040892,0.012230020343504162,2.285057100371749,15.890706319702602,0.006381710269403211,0.4929364202292669,5.6011759621451125,36.843533123028394,0.015614239272951093,2.82998018927445,22.52492113564669,0.007835530045022196,1.8630914826498424,0.00402220134195386,1.9444468750000041,16.553125,0.005470102952261012,0.0,1
23215.0,2022-03-28 07:35:00,360.25,360.48,360.25,360.38,14239.0,1,1,0.0,sell,False,0.5574655524907183,2.75,28.0,0.007687361976909959,0.24560670425450026,0.3116730236363586,0.43447637576360876,0.0012091872695543782,71.31698729420435,93.90671754880698,91.27066727806192,99.17881809029711,14239.0,2.75,1.0,2.75,28.0,0.007687361976909959,2.75,28.0,0.007687361976909959,1.0,1.0,0.24560670425450026,0.43447637576360876,0.3116730236363586,71.31698729420435,93.90671754880698,91.27066727806192,99.17881809029711,52.07253886010474,7.253886010363648,48.37477977239861,0.036086051353225665,0.06384455239417577,0.10000000000002274,0.0,0.12999999999999545,1.0,23216.0,23216.0,2022-03-28,2022-03-28 07:35:00,0.5671790887396588,56.0,1.0,best_within_2.0d,23271.0,358.336,0.5832424107187206,4.3760036431226785,32.22527881040892,0.012230020343504162,2.285057100371749,15.890706319702602,0.006381710269403211,0.4929364202292669,5.6011759621451125,36.843533123028394,0.015614239272951093,2.82998018927445,22.52492113564669,0.007835530045022196,1.8630914826498424,0.00402220134195386,1.9444468750000041,16.553125,0.005470102952261012,0.0,1
23219.0,2022-03-28 07:55:00,360.46,360.68,360.36,360.66,38664.0,1,1,0.0,sell,False,0.5574655524906864,2.9499999999999886,32.0,0.008246442847957926,0.16444800520473069,0.40486081884908137,0.4870848214514467,0.0013544420567771847,73.43747594364082,95.79061430963574,93.81280306684923,99.74623679520874,38664.0,2.9499999999999886,1.0,2.9499999999999886,32.0,0.008246442847957926,2.9499999999999886,32.0,0.008246442847957926,1.0,1.0,0.16444800520473069,0.4870848214514467,0.40486081884908137,73.43747594364082,95.79061430963574,93.81280306684923,99.74623679520874,46.616541353383695,9.273182957393576,53.316176344385106,0.0554846584919396,0.0888000888000869,0.01999999999998181,0.0999999999999659,0.20000000000004547,1.0,23220.0,23220.0,2022-03-28,2022-03-28 07:55:00,0.6443742028503333,52.0,1.0,best_within_2.0d,23271.0,358.336,0.5832424107187206,4.3760036431226785,32.22527881040892,0.012230020343504162,2.285057100371749,15.890706319702602,0.006381710269403211,0.4929364202292669,5.6011759621451125,36.843533123028394,0.015614239272951093,2.82998018927445,22.52492113564669,0.007835530045022196,1.8630914826498424,0.00402220134195386,1.9444468750000041,16.553125,0.005470102952261012,0.0,1
23220.0,2022-03-28 08:00:00,359.9192,360.81,357.5,360.43,81475.0,1,1,0.0,sell,False,0.5574655524907675,3.079999999999984,33.0,0.00860984541413911,0.11501044540894834,0.41923712452519996,0.4767423472296741,0.0013254615571609571,66.67825469246011,93.36695536050242,93.66418716473362,92.77249175204003,81475.0,3.079999999999984,1.0,3.079999999999984,33.0,0.00860984541413911,3.079999999999984,33.0,0.00860984541413911,1.0,1.0,0.11501044540894834,0.4767423472296741,0.41923712452519996,66.67825469246011,93.36695536050242,93.66418716473362,92.77249175204003,26.160337552742757,45.42897327707471,51.430415221835,0.14192074221103446,0.9258741258741265,0.37999999999999545,2.4191999999999894,0.5108000000000175,1.0,23221.0,23221.0,2022-03-28,2022-03-28 08:00:00,0.5809727270205016,51.0,1.0,best_within_2.0d,23271.0,358.336,0.5832424107187206,4.3760036431226785,32.22527881040892,0.012230020343504162,2.285057100371749,15.890706319702602,0.006381710269403211,0.4929364202292669,5.6011759621451125,36.843533123028394,0.015614239272951093,2.82998018927445,22.52492113564669,0.007835530045022196,1.8630914826498424,0.00402220134195386,1.9444468750000041,16.553125,0.005470102952261012,1.0,1
23228.0,2022-03-28 08:40:00,359.65,359.65,359.33,359.49,33460.0,3a,3a,1.0,buy,False,0.0042215326120383315,4.163492493946733,28.239017640954685,0.011578080659927173,-0.2862346911848399,0.2845287153941076,0.14141136980168767,0.00039305956338347737,44.03870347179523,67.94117686605864,74.30354568954061,55.216439219094696,33460.0,1.4800000000000182,2.0,1.4800000000000182,9.0,0.004101881876888164,1.4800000000000182,9.0,0.004101881876888164,3.0,3.0,-0.2862346911848399,0.14141136980168767,0.2845287153941076,44.03870347179523,67.94117686605864,74.30354568954061,55.216439219094696,8.54247672911571,62.15388240839047,55.17321035986978,-0.044487696371463416,0.08905462944925088,0.0,0.160000000000025,0.15999999999996817,0.0,23229.0,23229.0,2022-03-28,2022-03-28 08:40:00,3.404823499958277,273.0,1.0,best_within_2.0d,23501.0,371.73,0.5832424107187206,4.3760036431226785,32.22527881040892,0.012230020343504162,2.285057100371749,15.890706319702602,0.006381710269403211,0.4929364202292669,5.6011759621451125,36.843533123028394,0.015614239272951093,2.82998018927445,22.52492113564669,0.007835530045022196,1.8630914826498424,0.0042215326120383315,1.4800000000000182,9.0,0.004101881876888164,0.0,0
23230.0,2022-03-28 08:50:00,359.46,359.5,359.25,359.39,33162.0,3a,3a,1.0,buy,False,0.0042215326120383315,4.163492493946733,28.239017640954685,0.011578080659927173,-0.31471748463146154,0.20661697350224428,0.04925823118651351,0.00013693547016066163,42.10604722620491,35.5257985710037,55.47309589700828,-4.368796081005456,33162.0,1.5600000000000023,2.0,1.5600000000000023,11.0,0.004323605221584774,1.5600000000000023,11.0,0.004323605221584774,3.0,3.0,-0.31471748463146154,0.04925823118651351,0.20661697350224428,42.10604722620491,35.5257985710037,55.47309589700828,-4.368796081005456,5.201212625572434,63.014920049932364,59.24315716212396,-0.019473654926832798,0.06958942240779402,0.040000000000020464,0.13999999999998636,0.06999999999999318,0.0,23231.0,23231.0,2022-03-28,2022-03-28 08:50:00,3.4335958151312034,271.0,1.0,best_within_2.0d,23501.0,371.73,0.5832424107187206,4.3760036431226785,32.22527881040892,0.012230020343504162,2.285057100371749,15.890706319702602,0.006381710269403211,0.4929364202292669,5.6011759621451125,36.843533123028394,0.015614239272951093,2.82998018927445,22.52492113564669,0.007835530045022196,1.8630914826498424,0.0042215326120383315,1.5600000000000023,11.0,0.004323605221584774,0.0,0
23232.0,2022-03-28 09:00:00,359.52,359.54,359.16,359.27,15799.0,2s,2s,1.0,buy,False,0.009398054602688742,4.163492493946733,28.239017640954685,0.011578080659927173,-0.30335344750951865,0.13030875711946338,-0.021367966635295943,-5.9411223768299616e-05,39.57677985169524,22.655412303408863,38.337128859341334,-8.708020808456084,15799.0,1.6499999999999773,1.0,4.2561999999999784,43.0,0.011991194098896723,1.6499999999999773,13.0,0.0045730439843684415,3.0,2.5,-0.30335344750951865,-0.021367966635295943,0.13030875711946338,39.57677985169524,22.655412303408863,38.337128859341334,-8.708020808456084,5.723115664167262,63.67538487952942,62.50998559207197,-0.06953716065865599,0.10580242788729129,0.020000000000038654,0.1099999999999568,0.25,0.0,23233.0,23233.0,2022-03-28,2022-03-28 09:00:00,3.4681437359089364,269.0,1.0,best_within_2.0d,23501.0,371.73,0.5832424107187206,4.3760036431226785,32.22527881040892,0.012230020343504162,2.285057100371749,15.890706319702602,0.006381710269403211,0.009398054602688742,4.2561999999999784,43.0,0.011991194098896723,1.6499999999999773,13.0,0.0045730439843684415,3.0,0.00402220134195386,1.9444468750000041,16.553125,0.005470102952261012,0.0,0
23234.0,2022-03-28 09:10:00,359.59,359.59,358.94,359.43,16189.0,2s,2s,1.0,buy,False,0.06108735491753024,4.163492493946733,28.239017640954685,0.011578080659927173,-0.22184065463630526,0.07143110094599817,-0.03948922637215446,-0.0001098025229188516,44.87586285967281,36.92870487683413,36.32016989023265,38.1457748500371,16189.0,1.8700000000000045,1.0,4.2561999999999784,43.0,0.011991194098896723,1.8700000000000045,15.0,0.005182783182284318,3.0,2.5,-0.22184065463630526,-0.03948922637215446,0.07143110094599817,44.87586285967281,36.92870487683413,36.32016989023265,38.1457748500371,8.910273545397372,43.22373696872662,64.1388856326928,-0.0444951194415774,0.181088761352866,0.0,0.4900000000000091,0.15999999999996817,0.0,23235.0,23235.0,2022-03-28,2022-03-28 09:10:00,3.4220849678657905,267.0,1.0,best_within_2.0d,23501.0,371.73,0.5832424107187206,4.3760036431226785,32.22527881040892,0.012230020343504162,2.285057100371749,15.890706319702602,0.006381710269403211,0.06108735491753024,4.2561999999999784,43.0,0.011991194098896723,1.8700000000000045,15.0,0.005182783182284318,3.0,0.00402220134195386,1.9444468750000041,16.553125,0.005470102952261012,1.0,0
23238.0,2022-03-28 09:30:00,359.34,360.865,359.26,360.5801,1339044.0,1,1,0.0,sell,False,0.030369458409256284,1.9250000000000114,5.0,0.005363013316988944,0.015078615266710109,0.009712842226629857,0.01725214985998491,4.796774280645902e-05,65.49338447579647,59.185642664285794,48.72649629704492,80.10393539876753,1339044.0,1.9250000000000114,1.0,1.9250000000000114,5.0,0.005363013316988944,1.9250000000000114,5.0,0.005363013316988944,1.0,1.0,0.015078615266710109,0.01725214985998491,0.009712842226629857,65.49338447579647,59.185642664285794,48.72649629704492,80.10393539876753,34.809565987599974,25.523472099203087,59.7928789209684,0.3451049145656039,0.4467516561821573,0.28489999999999327,0.07999999999998408,1.2401000000000408,1.0,23239.0,23239.0,2022-03-28,2022-03-28 09:30:00,0.7682342980103487,382.0,1.0,best_within_2.0d,23620.0,357.81,0.5832424107187206,4.3760036431226785,32.22527881040892,0.012230020343504162,2.285057100371749,15.890706319702602,0.006381710269403211,0.4929364202292669,5.6011759621451125,36.843533123028394,0.015614239272951093,2.82998018927445,22.52492113564669,0.007835530045022196,1.8630914826498424,0.00402220134195386,1.9444468750000041,16.553125,0.005470102952261012,0.0,1
23239.0,2022-03-28 09:35:00,360.54,362.03,360.46,361.9,1576892.0,1,1,0.0,sell,False,0.5911896300699239,3.089999999999975,6.0,0.008608681116621093,0.2935291390899754,0.04640398461287678,0.1931685541578645,0.000536836841087211,76.08108547139916,71.3880551958238,56.280349263304544,101.6034670608623,1576892.0,3.089999999999975,1.0,3.089999999999975,6.0,0.008608681116621093,3.089999999999975,6.0,0.008608681116621093,1.0,1.0,0.2935291390899754,0.1931685541578645,0.04640398461287678,76.08108547139916,71.3880551958238,56.280349263304544,101.6034670608623,45.19855595667856,20.805776173285516,58.16169696201207,0.3772119598380087,0.43555456916162494,0.12999999999999545,0.08000000000004093,1.3599999999999568,1.0,23240.0,23240.0,2022-03-28,2022-03-28 09:35:00,1.1301464492953786,381.0,1.0,best_within_2.0d,23620.0,357.81,0.5832424107187206,4.3760036431226785,32.22527881040892,0.012230020343504162,2.285057100371749,15.890706319702602,0.006381710269403211,0.4929364202292669,5.6011759621451125,36.843533123028394,0.015614239272951093,2.82998018927445,22.52492113564669,0.007835530045022196,1.8630914826498424,0.00402220134195386,1.9444468750000041,16.553125,0.005470102952261012,0.0,1
23240.0,2022-03-28 09:40:00,361.89,362.51,361.485,361.84,1319307.0,1,1,0.0,sell,False,0.8945815520572981,3.569999999999993,7.0,0.009945951969688508,0.4441650182362586,0.10192461189240912,0.3240071210105384,0.0009000788002103702,74.95519550400753,74.66953446294866,62.410077663185916,99.18844806247415,1319307.0,3.569999999999993,1.0,3.569999999999993,7.0,0.009945951969688508,3.569999999999993,7.0,0.009945951969688508,1.0,1.0,0.4441650182362586,0.3240071210105384,0.10192461189240912,74.95519550400753,74.66953446294866,62.410077663185916,99.18844806247415,46.40102827763496,18.519280205655768,57.07497945452057,-0.013816353035455902,0.28355256787971206,0.6200000000000045,0.35499999999996135,0.05000000000001137,0.0,23241.0,23241.0,2022-03-28,2022-03-28 09:40:00,1.1137519345567026,380.0,1.0,best_within_2.0d,23620.0,357.81,0.5832424107187206,4.3760036431226785,32.22527881040892,0.012230020343504162,2.285057100371749,15.890706319702602,0.006381710269403211,0.4929364202292669,5.6011759621451125,36.843533123028394,0.015614239272951093,2.82998018927445,22.52492113564669,0.007835530045022196,1.8630914826498424,0.00402220134195386,1.9444468750000041,16.553125,0.005470102952261012,0.0,1
23243.0,2022-03-28 09:55:00,362.4,363.19,362.14,362.57,1160519.0,1,1,0.0,sell,False,1.2520808205838143,4.25,10.0,0.011840419011533961,0.6216655141475584,0.3074183166838971,0.6182510737576763,0.0017153415627304824,74.76437970129899,81.98857127721574,74.53531710798572,96.8950796156758,1160519.0,4.25,1.0,4.25,10.0,0.011840419011533961,4.25,10.0,0.011840419011533961,1.0,1.0,0.6216655141475584,0.6182510737576763,0.3074183166838971,74.76437970129899,81.98857127721574,74.53531710798572,96.8950796156758,45.530233612170754,12.668854009636101,55.341068380326874,0.04690949227373508,0.28994311592202227,0.6200000000000045,0.2599999999999909,0.17000000000001592,1.0,23244.0,23244.0,2022-03-28,2022-03-28 09:55:00,1.3128499324268392,377.0,1.0,best_within_2.0d,23620.0,357.81,0.5832424107187206,4.3760036431226785,32.22527881040892,0.012230020343504162,2.285057100371749,15.890706319702602,0.006381710269403211,0.4929364202292669,5.6011759621451125,36.843533123028394,0.015614239272951093,2.82998018927445,22.52492113564669,0.007835530045022196,1.8630914826498424,0.00402220134195386,1.9444468750000041,16.553125,0.005470102952261012,1.0,1
23248.0,2022-03-28 10:20:00,360.82,361.005,360.13,360.5201,704327.0,3a,3a,1.0,buy,False,0.0042215326120383315,4.163492493946733,28.239017640954685,0.011578080659927173,-0.0730295128436419,0.4459050828414893,0.4093903264196683,0.0011351662612684777,48.93835157280668,35.658771109918355,53.28818617296851,0.39994098381805543,704327.0,3.0600000000000023,2.0,3.0600000000000023,6.0,0.008425342107436885,3.0600000000000023,6.0,0.008425342107436885,3.0,3.0,-0.0730295128436419,0.4093903264196683,0.4459050828414893,48.93835157280668,35.658771109918355,53.28818617296851,0.39994098381805543,32.07261039813549,21.128237628542855,46.938334468482886,-0.08311623524194325,0.24296781717713048,0.18500000000000227,0.3901000000000181,0.2998999999999796,0.0,23249.0,23249.0,2022-03-28,2022-03-28 10:20:00,3.1093689367111583,253.0,1.0,best_within_2.0d,23501.0,371.73,0.5832424107187206,4.3760036431226785,32.22527881040892,0.012230020343504162,2.285057100371749,15.890706319702602,0.006381710269403211,0.4929364202292669,5.6011759621451125,36.843533123028394,0.015614239272951093,2.82998018927445,22.52492113564669,0.007835530045022196,1.8630914826498424,0.0042215326120383315,3.0600000000000023,6.0,0.008425342107436885,0.0,0
23249.0,2022-03-28 10:25:00,360.55,361.14,359.97,361.12,792455.0,3a,3a,1.0,buy,False,0.0042215326120383315,4.163492493946733,28.239017640954685,0.011578080659927173,-0.09837757884071896,0.43360788548639934,0.38441909606603986,0.0010658211855221365,54.798622239921336,35.67727597804068,47.417882774659226,12.196062384803597,792455.0,3.2199999999999704,2.0,3.2199999999999704,7.0,0.008865882871224346,3.2199999999999704,7.0,0.008865882871224346,3.0,3.0,-0.09837757884071896,0.38441909606603986,0.43360788548639934,54.798622239921336,35.67727597804068,47.417882774659226,12.196062384803597,29.40575142939762,20.870962966095856,44.798141214217765,0.15809180418804414,0.32502708559045446,0.01999999999998181,0.5799999999999841,0.5699999999999932,1.0,23250.0,23250.0,2022-03-28,2022-03-28 10:25:00,2.9380815241471017,252.0,1.0,best_within_2.0d,23501.0,371.73,0.5832424107187206,4.3760036431226785,32.22527881040892,0.012230020343504162,2.285057100371749,15.890706319702602,0.006381710269403211,0.4929364202292669,5.6011759621451125,36.843533123028394,0.015614239272951093,2.82998018927445,22.52492113564669,0.007835530045022196,1.8630914826498424,0.0042215326120383315,3.2199999999999704,7.0,0.008865882871224346,1.0,0
23253.0,2022-03-28 10:45:00,361.19,362.1,361.19,361.97,862468.0,2,2,0.0,sell,False,0.6614906832298183,4.163492493946733,28.239017640954685,0.011578080659927173,-0.0435260947416829,0.36759569511981915,0.3458326477489777,0.0009584312145371669,62.11050196005158,55.13310644759166,43.669130491092425,78.06105836059011,862468.0,2.1299999999999955,1.0,3.2199999999999704,7.0,0.008865882871224346,2.1299999999999955,5.0,0.005917159763313596,2.0,2.0,-0.0435260947416829,0.3458326477489777,0.36759569511981915,62.11050196005158,55.13310644759166,43.669130491092425,78.06105836059011,20.586913014474064,21.60860863764181,36.22069484577326,0.2159528226141448,0.2519449597164996,0.12999999999999545,0.0,0.7800000000000296,1.0,23254.0,23254.0,2022-03-28,2022-03-28 10:45:00,1.1492665137994929,367.0,1.0,best_within_2.0d,23620.0,357.81,0.6614906832298183,3.2199999999999704,7.0,0.008865882871224346,2.1299999999999955,5.0,0.005917159763313596,0.4929364202292669,5.6011759621451125,36.843533123028394,0.015614239272951093,2.82998018927445,22.52492113564669,0.007835530045022196,1.8630914826498424,0.00402220134195386,1.9444468750000041,16.553125,0.005470102952261012,0.0,1
23254.0,2022-03-28 10:50:00,361.96,362.35,361.73,362.25,518683.0,2,2,0.0,sell,False,0.7391304347826141,4.163492493946733,28.239017640954685,0.011578080659927173,0.0610385490538391,0.37522551375154906,0.4057447882784686,0.0011241428594586883,64.20076246815171,68.68817740763781,52.00881279660755,102.04690662969834,518683.0,2.3799999999999955,1.0,3.2199999999999704,7.0,0.008865882871224346,2.3799999999999955,6.0,0.006611662082951344,2.0,2.0,0.0610385490538391,0.4057447882784686,0.37522551375154906,64.20076246815171,68.68817740763781,52.00881279660755,102.04690662969834,19.491550747807867,22.26239746597066,34.10751171684466,0.08011935020444813,0.17139855693473158,0.10000000000002274,0.22999999999996135,0.29000000000002046,1.0,23255.0,23255.0,2022-03-28,2022-03-28 10:50:00,1.2256728778467902,366.0,1.0,best_within_2.0d,23620.0,357.81,0.7391304347826141,3.2199999999999704,7.0,0.008865882871224346,2.3799999999999955,6.0,0.006611662082951344,0.4929364202292669,5.6011759621451125,36.843533123028394,0.015614239272951093,2.82998018927445,22.52492113564669,0.007835530045022196,1.8630914826498424,0.00402220134195386,1.9444468750000041,16.553125,0.005470102952261012,0.0,1
23255.0,2022-03-28 10:55:00,362.28,362.43,361.96,362.28,388676.0,2,2,0.0,sell,False,0.7639751552795038,4.163492493946733,28.239017640954685,0.011578080659927173,0.12036524148817762,0.39027116893757124,0.45045378968166006,0.0012476682406028354,64.42719953813682,77.09293127988815,60.37018562436775,110.53842259092895,388676.0,2.4599999999999795,1.0,3.2199999999999704,7.0,0.008865882871224346,2.4599999999999795,7.0,0.0068339028252353785,2.0,2.0,0.12036524148817762,0.45045378968166006,0.39027116893757124,64.42719953813682,77.09293127988815,60.37018562436775,110.53842259092895,20.91577997635521,20.806110385164907,31.690036496659793,0.0,0.1298486020554833,0.1500000000000341,0.3199999999999932,0.0,0.0,23256.0,23256.0,2022-03-28,2022-03-28 10:55:00,1.2338522689632248,365.0,1.0,best_within_2.0d,23620.0,357.81,0.7639751552795038,3.2199999999999704,7.0,0.008865882871224346,2.4599999999999795,7.0,0.0068339028252353785,0.4929364202292669,5.6011759621451125,36.843533123028394,0.015614239272951093,2.82998018927445,22.52492113564669,0.007835530045022196,1.8630914826498424,0.00402220134195386,1.9444468750000041,16.553125,0.005470102952261012,0.0,1
23256.0,2022-03-28 11:00:00,362.28,362.53,360.71,360.97,1715893.0,2,2,0.0,sell,False,0.7950310559006115,4.163492493946733,28.239017640954685,0.011578080659927173,-0.023078016600398765,0.3873864168625214,0.375847408562322,0.0010410374715538692,49.65693211159375,64.41612085325905,61.71883070066484,69.81070115844747,1715893.0,2.5599999999999454,1.0,3.2199999999999704,7.0,0.008865882871224346,2.5599999999999454,8.0,0.007111703753090383,2.0,2.0,-0.023078016600398765,0.375847408562322,0.3873864168625214,49.65693211159375,64.41612085325905,61.71883070066484,69.81070115844747,18.238891873790397,28.888120174579022,31.04052439993237,-0.36159876338742014,0.5045604502231691,0.25,0.26000000000004775,1.3099999999999454,0.0,23257.0,23257.0,2022-03-28,2022-03-28 11:00:00,0.8754190098900254,364.0,1.0,best_within_2.0d,23620.0,357.81,0.7950310559006115,3.2199999999999704,7.0,0.008865882871224346,2.5599999999999454,8.0,0.007111703753090383,0.4929364202292669,5.6011759621451125,36.843533123028394,0.015614239272951093,2.82998018927445,22.52492113564669,0.007835530045022196,1.8630914826498424,0.00402220134195386,1.9444468750000041,16.553125,0.005470102952261012,1.0,1
23262.0,2022-03-28 11:30:00,361.17,361.22,359.88,359.97,558645.0,1p,1p,1.0,buy,False,3.465415553058019,2.6499999999999773,7.0,0.007309739883595778,-0.3409195383283743,0.2808978918922995,0.11043812272811238,0.0003058761125158133,40.39798130613196,31.809708972128433,46.560787969812694,2.307550976759913,558645.0,2.6499999999999773,0.0,2.6499999999999773,7.0,0.007309739883595778,2.6499999999999773,0.0,0.0,1.0,1.0,-0.3409195383283743,0.11043812272811238,0.2808978918922995,40.39798130613196,31.809708972128433,46.560787969812694,2.307550976759913,17.9659404280022,26.044606428098298,26.992824706714945,-0.33225350942769016,0.3723463376681204,0.05000000000001137,0.09000000000003183,1.1999999999999886,0.0,23263.0,23263.0,2022-03-28,2022-03-28 11:30:00,3.266938911575962,239.0,1.0,best_within_2.0d,23501.0,371.73,0.5832424107187206,4.3760036431226785,32.22527881040892,0.012230020343504162,2.285057100371749,15.890706319702602,0.006381710269403211,0.4929364202292669,5.6011759621451125,36.843533123028394,0.015614239272951093,2.82998018927445,22.52492113564669,0.007835530045022196,1.8630914826498424,0.00402220134195386,1.9444468750000041,16.553125,0.005470102952261012,0.0,0
23263.0,2022-03-28 11:35:00,359.97,359.97,359.09,359.41,852408.0,1p,1p,1.0,buy,False,5.182985458304013,3.4399999999999977,8.0,0.009488869886630067,-0.5098900788531487,0.21716163203565592,-0.037783407390918455,-0.00010468254390193529,36.705395776764796,24.30724784188456,39.142941260503314,-5.3641389953529455,852408.0,3.4399999999999977,0.0,3.4399999999999977,8.0,0.009488869886630067,3.4399999999999977,0.0,0.0,1.0,1.0,-0.5098900788531487,-0.037783407390918455,0.21716163203565592,36.705395776764796,24.30724784188456,39.142941260503314,-5.3641389953529455,18.396109579087828,31.869746858434876,26.979390816984484,-0.1555685195988561,0.24506391155422105,0.0,0.32000000000005,0.5600000000000023,0.0,23264.0,23264.0,2022-03-28,2022-03-28 11:35:00,3.427840071227844,238.0,1.0,best_within_2.0d,23501.0,371.73,0.5832424107187206,4.3760036431226785,32.22527881040892,0.012230020343504162,2.285057100371749,15.890706319702602,0.006381710269403211,0.4929364202292669,5.6011759621451125,36.843533123028394,0.015614239272951093,2.82998018927445,22.52492113564669,0.007835530045022196,1.8630914826498424,0.00402220134195386,1.9444468750000041,16.553125,0.005470102952261012,0.0,0
23265.0,2022-03-28 11:45:00,359.85,359.85,358.76,358.78,501991.0,1p,1p,1.0,buy,False,6.75905462549857,3.769999999999982,10.0,0.010399139381568372,-0.6649401052141743,0.0669355741591546,-0.26553447844793254,-0.0007361655159509988,34.72136003067571,15.926457200249347,27.943275844720475,-8.107180088692907,501991.0,3.769999999999982,0.0,3.769999999999982,10.0,0.010399139381568372,3.769999999999982,0.0,0.0,1.0,1.0,-0.6649401052141743,-0.26553447844793254,0.0669355741591546,34.72136003067571,15.926457200249347,27.943275844720475,-8.107180088692907,15.497210151877464,34.52906196048286,28.3023341511575,-0.2973461164374184,0.30382428364367037,0.0,0.01999999999998181,1.07000000000005,0.0,23266.0,23266.0,2022-03-28,2022-03-28 11:45:00,3.609454261664543,236.0,1.0,best_within_2.0d,23501.0,371.73,0.5832424107187206,4.3760036431226785,32.22527881040892,0.012230020343504162,2.285057100371749,15.890706319702602,0.006381710269403211,0.4929364202292669,5.6011759621451125,36.843533123028394,0.015614239272951093,2.82998018927445,22.52492113564669,0.007835530045022196,1.8630914826498424,0.00402220134195386,1.9444468750000041,16.553125,0.005470102952261012,0.0,0
23266.0,2022-03-28 11:50:00,358.77,359.19,358.49,359.04,495047.0,1p,1p,1.0,buy,False,6.895782018546877,4.039999999999964,11.0,0.011143905331972426,-0.6783910287762094,-0.017863304437871562,-0.35705881882597623,-0.0009902442729009424,37.317237479908414,16.025701063686522,23.970750917709157,0.1356013556412492,495047.0,4.039999999999964,0.0,4.039999999999964,11.0,0.011143905331972426,4.039999999999964,0.0,0.0,1.0,1.0,-0.6783910287762094,-0.35705881882597623,-0.017863304437871562,37.317237479908414,16.025701063686522,23.970750917709157,0.1356013556412492,14.814936748450489,36.296595033703206,29.28280924802095,0.0752571285224625,0.19526346620546978,0.14999999999997726,0.2799999999999727,0.27000000000003865,1.0,23267.0,23267.0,2022-03-28,2022-03-28 11:50:00,3.5344251336898385,235.0,1.0,best_within_2.0d,23501.0,371.73,0.5832424107187206,4.3760036431226785,32.22527881040892,0.012230020343504162,2.285057100371749,15.890706319702602,0.006381710269403211,0.4929364202292669,5.6011759621451125,36.843533123028394,0.015614239272951093,2.82998018927445,22.52492113564669,0.007835530045022196,1.8630914826498424,0.00402220134195386,1.9444468750000041,16.553125,0.005470102952261012,0.0,0
23270.0,2022-03-28 12:10:00,359.17,359.21,358.43,358.73,299518.0,1p,1p,1.0,buy,False,6.895782018546877,4.099999999999966,15.0,0.011309408876506678,-0.4681452044697172,-0.28746422418918105,-0.5215368264240396,-0.001447986284116978,37.67550628556257,18.03856838279226,20.048333972823734,14.019037202729308,299518.0,4.099999999999966,0.0,4.099999999999966,15.0,0.011309408876506678,4.099999999999966,0.0,0.0,1.0,1.0,-0.4681452044697172,-0.5215368264240396,-0.28746422418918105,37.67550628556257,18.03856838279226,20.048333972823734,14.019037202729308,10.919691112700548,34.94446003566805,36.634639473967304,-0.12250466352980419,0.21761571297044688,0.03999999999996362,0.30000000000001137,0.4399999999999977,0.0,23271.0,23271.0,2022-03-28,2022-03-28 12:10:00,3.623895408803278,231.0,1.0,best_within_2.0d,23501.0,371.73,0.5832424107187206,4.3760036431226785,32.22527881040892,0.012230020343504162,2.285057100371749,15.890706319702602,0.006381710269403211,0.4929364202292669,5.6011759621451125,36.843533123028394,0.015614239272951093,2.82998018927445,22.52492113564669,0.007835530045022196,1.8630914826498424,0.00402220134195386,1.9444468750000041,16.553125,0.005470102952261012,0.0,0
23271.0,2022-03-28 12:15:00,358.7,358.99,358.07,358.336,385487.0,1p,1p,1.0,buy,False,6.895782018546877,4.4599999999999795,16.0,0.01230243014371219,-0.4815967191127326,-0.3476638140782726,-0.5884621736346389,-0.001634416806589021,35.33481880285099,16.692378921861767,18.929682289169744,12.217772187245814,385487.0,4.4599999999999795,0.0,4.4599999999999795,16.0,0.01230243014371219,4.4599999999999795,0.0,0.0,1.0,1.0,-0.4815967191127326,-0.5884621736346389,-0.3476638140782726,35.33481880285099,16.692378921861767,18.929682289169744,12.217772187245814,10.821722396174561,35.70755690331131,37.83818284401127,-0.10147755784777694,0.25693300192700197,0.29000000000002046,0.26600000000001955,0.3639999999999759,0.0,23272.0,23272.0,2022-03-28,2022-03-28 12:15:00,3.737832648687267,230.0,1.0,best_within_2.0d,23501.0,371.73,0.5832424107187206,4.3760036431226785,32.22527881040892,0.012230020343504162,2.285057100371749,15.890706319702602,0.006381710269403211,0.4929364202292669,5.6011759621451125,36.843533123028394,0.015614239272951093,2.82998018927445,22.52492113564669,0.007835530045022196,1.8630914826498424,0.00402220134195386,1.9444468750000041,16.553125,0.005470102952261012,1.0,0
23278.0,2022-03-28 12:50:00,359.5399,360.04,359.4424,360.039,310763.0,2s,2s,0.0,sell,False,0.02173913043478069,4.163492493946733,28.239017640954685,0.011578080659927173,0.220153755910663,-0.4071368226686142,-0.2970599447132827,-0.0008256095003454574,52.02498392000329,82.79596348726889,66.78695740242232,114.81397565696204,310763.0,1.9700000000000273,1.0,3.2199999999999704,7.0,0.008865882871224346,1.9700000000000273,8.0,0.005501717541262958,1.0,2.5,0.220153755910663,-0.2970599447132827,-0.4071368226686142,52.02498392000329,82.79596348726889,66.78695740242232,114.81397565696204,18.968107174608438,20.533624909308056,37.14737874573632,0.13881630383720933,0.1662575144167744,0.0010000000000331966,0.09749999999996817,0.49909999999999854,1.0,23279.0,23279.0,2022-03-28,2022-03-28 12:50:00,0.6190995975435953,342.0,1.0,best_within_2.0d,23620.0,357.81,0.5832424107187206,4.3760036431226785,32.22527881040892,0.012230020343504162,2.285057100371749,15.890706319702602,0.006381710269403211,0.02173913043478069,3.2199999999999704,7.0,0.008865882871224346,1.9700000000000273,8.0,0.005501717541262958,1.0,0.00402220134195386,1.9444468750000041,16.553125,0.005470102952261012,0.0,1
23279.0,2022-03-28 12:55:00,360.0496,360.24,360.01,360.1,204767.0,2s,2s,0.0,sell,False,0.08385093167701375,4.163492493946733,28.239017640954685,0.011578080659927173,0.28666313043155844,-0.3713039313646694,-0.22797236614889016,-0.000633558296339424,52.57028693716369,86.38010469043755,73.3180064984274,112.50430107445789,204767.0,2.170000000000016,1.0,3.2199999999999704,7.0,0.008865882871224346,2.170000000000016,9.0,0.006060267545452051,1.0,2.5,0.28666313043155844,-0.22797236614889016,-0.3713039313646694,52.57028693716369,86.38010469043755,73.3180064984274,112.50430107445789,23.036332470675227,16.126104930595066,35.754354512340974,0.01399807137683937,0.06388711424683154,0.13999999999998636,0.039600000000007185,0.05040000000002465,1.0,23280.0,23280.0,2022-03-28,2022-03-28 12:55:00,0.6359344626492698,341.0,1.0,best_within_2.0d,23620.0,357.81,0.5832424107187206,4.3760036431226785,32.22527881040892,0.012230020343504162,2.285057100371749,15.890706319702602,0.006381710269403211,0.08385093167701375,3.2199999999999704,7.0,0.008865882871224346,2.170000000000016,9.0,0.006060267545452051,1.0,0.00402220134195386,1.9444468750000041,16.553125,0.005470102952261012,0.0,1
23280.0,2022-03-28 13:00:00,360.13,360.41,360.06,360.231,251961.0,2s,2s,0.0,sell,False,0.1366459627329198,4.163492493946733,28.239017640954685,0.011578080659927173,0.33681300494848376,-0.3292023057461089,-0.16079580327186704,-0.0004468308052990514,53.78515854682798,88.03762212856824,78.22454504180767,107.66377630208936,251961.0,2.340000000000032,1.0,3.2199999999999704,7.0,0.008865882871224346,2.340000000000032,10.0,0.006535035049012852,1.0,2.5,0.33681300494848376,-0.16079580327186704,-0.3292023057461089,53.78515854682798,88.03762212856824,78.22454504180767,107.66377630208936,25.95879149710244,13.635886612483791,35.42351699609928,0.02804542803987424,0.09720602121869208,0.17900000000003047,0.06999999999999318,0.10099999999999909,1.0,23281.0,23281.0,2022-03-28,2022-03-28 13:00:00,0.6720687558816405,340.0,1.0,best_within_2.0d,23620.0,357.81,0.5832424107187206,4.3760036431226785,32.22527881040892,0.012230020343504162,2.285057100371749,15.890706319702602,0.006381710269403211,0.1366459627329198,3.2199999999999704,7.0,0.008865882871224346,2.340000000000032,10.0,0.006535035049012852,1.0,0.00402220134195386,1.9444468750000041,16.553125,0.005470102952261012,0.0,1
23281.0,2022-03-28 13:05:00,360.26,360.52,360.08,360.1341,292228.0,2s,2s,0.0,sell,False,0.1708074534161365,4.163492493946733,28.239017640954685,0.011578080659927173,0.3442243663712603,-0.28617425994970136,-0.11406207676407121,-0.0003169458157332533,52.70966621883533,85.21908494638244,80.5560583433326,94.54513815248211,292228.0,2.4499999999999886,1.0,3.2199999999999704,7.0,0.008865882871224346,2.4499999999999886,11.0,0.00684223755131675,1.0,2.5,0.3442243663712603,-0.11406207676407121,-0.28617425994970136,52.70966621883533,85.21908494638244,80.5560583433326,94.54513815248211,26.95853863995611,13.494270647018695,35.27068639890117,-0.03494698273469202,0.12219506776271877,0.2599999999999909,0.054100000000005366,0.12590000000000146,0.0,23282.0,23282.0,2022-03-28,2022-03-28 13:05:00,0.6453429430870299,339.0,1.0,best_within_2.0d,23620.0,357.81,0.5832424107187206,4.3760036431226785,32.22527881040892,0.012230020343504162,2.285057100371749,15.890706319702602,0.006381710269403211,0.1708074534161365,3.2199999999999704,7.0,0.008865882871224346,2.4499999999999886,11.0,0.00684223755131675,1.0,0.00402220134195386,1.9444468750000041,16.553125,0.005470102952261012,0.0,1
23283.0,2022-03-28 13:15:00,360.44,360.69,360.3701,360.59,226215.0,2s,2s,0.0,sell,False,0.22360248447204256,4.163492493946733,28.239017640954685,0.011578080659927173,0.39672804272764284,-0.19003567660597903,0.008328344757842387,2.3136314764593506e-05,57.17394014831175,90.09699352743348,85.46445411934495,99.36207234361055,226215.0,2.6200000000000045,1.0,3.2199999999999704,7.0,0.008865882871224346,2.6200000000000045,13.0,0.007317005054877551,1.0,2.5,0.39672804272764284,0.008328344757842387,-0.19003567660597903,57.17394014831175,90.09699352743348,85.46445411934495,99.36207234361055,24.48843530437345,15.505923380685674,33.36389662112672,0.041615802907551125,0.08876985077286331,0.10000000000002274,0.06990000000001828,0.14999999999997726,1.0,23284.0,23284.0,2022-03-28,2022-03-28 13:15:00,0.7709587065642345,337.0,1.0,best_within_2.0d,23620.0,357.81,0.5832424107187206,4.3760036431226785,32.22527881040892,0.012230020343504162,2.285057100371749,15.890706319702602,0.006381710269403211,0.22360248447204256,3.2199999999999704,7.0,0.008865882871224346,2.6200000000000045,13.0,0.007317005054877551,1.0,0.00402220134195386,1.9444468750000041,16.553125,0.005470102952261012,0.0,1
23284.0,2022-03-28 13:20:00,360.61,361.22,360.49,361.145,294634.0,2s,2s,0.0,sell,False,0.3881987577639787,4.163492493946733,28.239017640954685,0.011578080659927173,0.4654940383381342,-0.13184892181371227,0.10089809735535482,0.00028022916796870476,62.08539739922336,92.14755803177628,87.69215542348871,101.05836324835144,294634.0,3.150000000000034,1.0,3.2199999999999704,7.0,0.008865882871224346,3.150000000000034,14.0,0.008797162565978815,1.0,2.5,0.4654940383381342,0.10089809735535482,-0.13184892181371227,62.08539739922336,92.14755803177628,87.69215542348871,101.05836324835144,31.48549602560038,6.573242489934553,35.65628837406562,0.14835972380132778,0.2025021498515959,0.07500000000004547,0.12000000000000455,0.5349999999999682,1.0,23285.0,23285.0,2022-03-28,2022-03-28 13:20:00,0.9234517991388445,336.0,1.0,best_within_2.0d,23620.0,357.81,0.5832424107187206,4.3760036431226785,32.22527881040892,0.012230020343504162,2.285057100371749,15.890706319702602,0.006381710269403211,0.3881987577639787,3.2199999999999704,7.0,0.008865882871224346,3.150000000000034,14.0,0.008797162565978815,1.0,0.00402220134195386,1.9444468750000041,16.553125,0.005470102952261012,0.0,1
23285.0,2022-03-28 13:25:00,361.15,361.62,361.0135,361.4,455672.0,2s,2s,0.0,sell,False,0.5124223602484449,4.163492493946733,28.239017640954685,0.011578080659927173,0.5191443569380213,-0.06695587719645961,0.19261630127255103,0.0005348146595294922,64.12136135682158,91.70859166858094,89.03096750518611,97.06383999537059,455672.0,3.5500000000000114,1.0,3.2199999999999704,7.0,0.008865882871224346,3.5500000000000114,15.0,0.009914262574357001,1.0,2.5,0.5191443569380213,0.19261630127255103,-0.06695587719645961,64.12136135682158,91.70859166858094,89.03096750518611,97.06383999537059,38.19206304379868,2.009117682655655,39.53831657691988,0.06922331441229407,0.1679992576454849,0.22000000000002728,0.13649999999995543,0.25,1.0,23286.0,23286.0,2022-03-28,2022-03-28 13:25:00,0.9933591588267778,335.0,1.0,best_within_2.0d,23620.0,357.81,0.5832424107187206,4.3760036431226785,32.22527881040892,0.012230020343504162,2.285057100371749,15.890706319702602,0.006381710269403211,0.5124223602484449,3.2199999999999704,7.0,0.008865882871224346,3.5500000000000114,15.0,0.009914262574357001,1.0,0.00402220134195386,1.9444468750000041,16.553125,0.005470102952261012,0.0,1
23287.0,2022-03-28 13:35:00,361.47,361.73,361.35,361.46,278072.0,2s,2s,0.0,sell,False,0.5465838509316792,4.163492493946733,28.239017640954685,0.011578080659927173,0.5160070899930498,0.06434949652545353,0.3223530415219784,0.0008945768146321393,64.60300488207142,89.44958514103848,89.83545058728689,88.67785424854168,278072.0,3.660000000000025,1.0,3.2199999999999704,7.0,0.008865882871224346,3.660000000000025,17.0,0.010221465076661058,1.0,2.5,0.5160070899930498,0.3223530415219784,0.06434949652545353,64.60300488207142,89.44958514103848,89.83545058728689,88.67785424854168,41.61577780793327,2.252680146559277,46.41542625413358,-0.002766481312431944,0.10516120105161075,0.2599999999999909,0.1099999999999568,0.010000000000047748,0.0,23288.0,23288.0,2022-03-28,2022-03-28 13:35:00,1.0097936147844788,333.0,1.0,best_within_2.0d,23620.0,357.81,0.5832424107187206,4.3760036431226785,32.22527881040892,0.012230020343504162,2.285057100371749,15.890706319702602,0.006381710269403211,0.5465838509316792,3.2199999999999704,7.0,0.008865882871224346,3.660000000000025,17.0,0.010221465076661058,1.0,0.00402220134195386,1.9444468750000041,16.553125,0.005470102952261012,1.0,1
23292.0,2022-03-28 14:00:00,361.5499,361.87,361.39,361.48,308985.0,2s,2s,0.0,sell,False,0.5900621118012406,4.163492493946733,28.239017640954685,0.011578080659927173,0.25219427089844104,0.28720528758659547,0.413302423035816,0.0011458624355087806,63.03501149838942,79.3522237866995,82.99288976251314,72.07089183507222,308985.0,3.8000000000000114,1.0,3.2199999999999704,7.0,0.008865882871224346,3.8000000000000114,22.0,0.010612450079593407,1.0,2.5,0.25219427089844104,0.413302423035816,0.28720528758659547,63.03501149838942,79.3522237866995,82.99288976251314,72.07089183507222,33.352139787266125,5.144118281531717,56.129709592632025,-0.019333430876335864,0.13282049863029363,0.3201000000000249,0.09000000000003183,0.06989999999996144,0.0,23293.0,23293.0,2022-03-28,2022-03-28 14:00:00,1.0152705543875225,328.0,1.0,best_within_2.0d,23620.0,357.81,0.5832424107187206,4.3760036431226785,32.22527881040892,0.012230020343504162,2.285057100371749,15.890706319702602,0.006381710269403211,0.5900621118012406,3.2199999999999704,7.0,0.008865882871224346,3.8000000000000114,22.0,0.010612450079593407,1.0,0.00402220134195386,1.9444468750000041,16.553125,0.005470102952261012,0.0,1
23294.0,2022-03-28 14:10:00,361.71,362.02,361.37,361.65,305423.0,2s,2s,0.0,sell,False,0.636645962732911,4.163492493946733,28.239017640954685,0.011578080659927173,0.18891503030214962,0.339185004602487,0.43364251975356183,0.0012017905706448902,64.5938490545302,72.6278954059423,78.6618136433396,60.560058931147694,305423.0,3.9499999999999886,1.0,3.2199999999999704,7.0,0.008865882871224346,3.9499999999999886,24.0,0.011031362582735188,1.0,2.5,0.18891503030214962,0.43364251975356183,0.339185004602487,64.5938490545302,72.6278954059423,78.6618136433396,60.560058931147694,28.321049793277453,7.639762717957042,56.22190445370759,-0.01658787426391371,0.1798710462960338,0.3100000000000023,0.2799999999999727,0.060000000000002274,0.0,23295.0,23295.0,2022-03-28,2022-03-28 14:10:00,1.0618000829531247,326.0,1.0,best_within_2.0d,23620.0,357.81,0.5832424107187206,4.3760036431226785,32.22527881040892,0.012230020343504162,2.285057100371749,15.890706319702602,0.006381710269403211,0.636645962732911,3.2199999999999704,7.0,0.008865882871224346,3.9499999999999886,24.0,0.011031362582735188,1.0,0.00402220134195386,1.9444468750000041,16.553125,0.005470102952261012,0.0,1
23297.0,2022-03-28 14:25:00,361.89,362.2099,361.71,362.0716,334803.0,2s,2s,0.0,sell,False,0.6956211180124217,4.163492493946733,28.239017640954685,0.011578080659927173,0.13152774015104018,0.38471931331012277,0.45048318338564286,0.0012477800243798729,67.2184642728385,73.40449641476341,71.30036441979465,77.61276040470096,334803.0,4.1399000000000115,1.0,3.2199999999999704,7.0,0.008865882871224346,4.1399000000000115,27.0,0.011561705811712826,1.0,2.5,0.13152774015104018,0.45048318338564286,0.38471931331012277,67.2184642728385,73.40449641476341,71.30036441979465,77.61276040470096,30.530119788068173,7.486754204100222,56.483950331754066,0.050180994224765296,0.13820463907550942,0.1383000000000152,0.18000000000000682,0.1816000000000031,1.0,23298.0,23298.0,2022-03-28,2022-03-28 14:25:00,1.1770047692224375,323.0,1.0,best_within_2.0d,23620.0,357.81,0.5832424107187206,4.3760036431226785,32.22527881040892,0.012230020343504162,2.285057100371749,15.890706319702602,0.006381710269403211,0.6956211180124217,3.2199999999999704,7.0,0.008865882871224346,4.1399000000000115,27.0,0.011561705811712826,1.0,0.00402220134195386,1.9444468750000041,16.553125,0.005470102952261012,0.0,1
23300.0,2022-03-28 14:40:00,362.02,362.79,361.92,362.4598,653264.0,2s,2s,0.0,sell,False,0.8757763975155338,4.163492493946733,28.239017640954685,0.011578080659927173,0.1306571586448323,0.4286075441580503,0.49393612348046645,0.0013672435145604647,70.72914822382279,78.7035586561325,76.1201948981784,83.87028617204072,653264.0,4.720000000000027,1.0,3.2199999999999704,7.0,0.008865882871224346,4.720000000000027,30.0,0.013181780098863427,1.0,2.5,0.1306571586448323,0.49393612348046645,0.4286075441580503,70.72914822382279,78.7035586561325,76.1201948981784,83.87028617204072,28.266622807674807,9.404763684753854,53.971396249950075,0.12148500082868105,0.2403846153846166,0.33020000000004757,0.0999999999999659,0.4397999999999911,1.0,23301.0,23301.0,2022-03-28,2022-03-28 14:40:00,1.2828457114416472,320.0,1.0,best_within_2.0d,23620.0,357.81,0.5832424107187206,4.3760036431226785,32.22527881040892,0.012230020343504162,2.285057100371749,15.890706319702602,0.006381710269403211,0.8757763975155338,3.2199999999999704,7.0,0.008865882871224346,4.720000000000027,30.0,0.013181780098863427,1.0,0.00402220134195386,1.9444468750000041,16.553125,0.005470102952261012,0.0,1
23302.0,2022-03-28 14:50:00,362.6586,363.12,362.6586,363.065,583341.0,2s,2s,0.0,sell,False,0.9782608695652193,4.163492493946733,28.239017640954685,0.011578080659927173,0.21450924625060597,0.47539863936907223,0.5826532624943752,0.0016117984384181726,75.93684635758416,87.5886490202112,81.44645979942837,99.87302746177687,583341.0,5.050000000000011,1.0,3.2199999999999704,7.0,0.008865882871224346,5.050000000000011,32.0,0.014103387605775439,1.0,2.5,0.21450924625060597,0.5826532624943752,0.47539863936907223,75.93684635758416,87.5886490202112,81.44645979942837,99.87302746177687,30.221029319019955,7.612091345096204,53.88641826989726,0.11206131606971935,0.12722709457325046,0.05500000000000682,0.0,0.4064000000000192,1.0,23303.0,23303.0,2022-03-28,2022-03-28 14:50:00,1.4473992260339046,318.0,1.0,best_within_2.0d,23620.0,357.81,0.5832424107187206,4.3760036431226785,32.22527881040892,0.012230020343504162,2.285057100371749,15.890706319702602,0.006381710269403211,0.9782608695652193,3.2199999999999704,7.0,0.008865882871224346,5.050000000000011,32.0,0.014103387605775439,1.0,0.00402220134195386,1.9444468750000041,16.553125,0.005470102952261012,0.0,1
23405.0,2022-03-29 07:30:00,365.99,365.99,365.71,365.74,16844.0,2,2,1.0,buy,False,0.17316017316017546,4.163492493946733,28.239017640954685,0.011578080659927173,-0.13107071001856105,0.053636654695885286,-0.011898700313395238,-3.249668651880126e-05,41.29796389671848,35.00295550205161,48.24807769696683,8.512711112221183,16844.0,1.6000000000000227,1.0,9.240000000000009,114.0,0.025805010193537602,1.6000000000000227,22.0,0.004355993574909539,2.0,2.0,-0.13107071001856105,-0.011898700313395238,0.053636654695885286,41.29796389671848,35.00295550205161,48.24807769696683,8.512711112221183,16.578947368422874,31.052631578948386,35.58714714271286,-0.06830787726440612,0.07656339722731935,0.0,0.03000000000002956,0.25,0.0,23406.0,23406.0,2022-03-29,2022-03-29 07:30:00,1.6377754689123447,96.0,1.0,best_within_2.0d,23501.0,371.73,0.17316017316017546,9.240000000000009,114.0,0.025805010193537602,1.6000000000000227,22.0,0.004355993574909539,0.4929364202292669,5.6011759621451125,36.843533123028394,0.015614239272951093,2.82998018927445,22.52492113564669,0.007835530045022196,1.8630914826498424,0.00402220134195386,1.9444468750000041,16.553125,0.005470102952261012,0.0,0
23406.0,2022-03-29 07:35:00,365.74,366.09,365.63,365.99,25981.0,2,2,1.0,buy,False,0.18181818181818238,4.163492493946733,28.239017640954685,0.011578080659927173,-0.1225006987017071,0.0383240673581719,-0.022926281992681652,-6.261629207578859e-05,46.9923729274851,36.818449735450855,44.43820170979484,21.578945786762887,25981.0,1.6800000000000068,1.0,9.240000000000009,114.0,0.025805010193537602,1.6800000000000068,23.0,0.004573793253654969,2.0,2.0,-0.1225006987017071,-0.022926281992681652,0.0383240673581719,46.9923729274851,36.818449735450855,44.43820170979484,21.578945786762887,17.84841075794701,27.13936430317936,34.52036334059357,0.06835456881937989,0.1258102453299728,0.0999999999999659,0.11000000000001364,0.25,1.0,23407.0,23407.0,2022-03-29,2022-03-29 07:35:00,1.5683488619907673,95.0,1.0,best_within_2.0d,23501.0,371.73,0.18181818181818238,9.240000000000009,114.0,0.025805010193537602,1.6800000000000068,23.0,0.004573793253654969,0.4929364202292669,5.6011759621451125,36.843533123028394,0.015614239272951093,2.82998018927445,22.52492113564669,0.007835530045022196,1.8630914826498424,0.00402220134195386,1.9444468750000041,16.553125,0.005470102952261012,1.0,0
23412.0,2022-03-29 08:05:00,367.76,367.79,367.59,367.79,73660.0,1p,1p,0.0,sell,False,0.651801684109624,2.160000000000025,7.0,0.005907611519842532,0.34834628470700446,0.18194902365903753,0.35612216601253976,0.0009714217725887618,71.19723238225754,89.42265331269564,77.16715663898283,113.9336466601213,73660.0,2.160000000000025,0.0,2.160000000000025,7.0,0.005907611519842532,2.160000000000025,0.0,0.0,1.0,1.0,0.34834628470700446,0.35612216601253976,0.18194902365903753,71.19723238225754,89.42265331269564,77.16715663898283,113.9336466601213,24.296962879640848,33.63329583802019,32.062606069642015,0.008157494017845757,0.05440844419055074,0.0,0.17000000000001592,0.03000000000002956,1.0,23413.0,23413.0,2022-03-29,2022-03-29 08:05:00,2.7135049892601804,208.0,1.0,best_within_2.0d,23620.0,357.81,0.5832424107187206,4.3760036431226785,32.22527881040892,0.012230020343504162,2.285057100371749,15.890706319702602,0.006381710269403211,0.4929364202292669,5.6011759621451125,36.843533123028394,0.015614239272951093,2.82998018927445,22.52492113564669,0.007835530045022196,1.8630914826498424,0.00402220134195386,1.9444468750000041,16.553125,0.005470102952261012,0.0,1
23413.0,2022-03-29 08:10:00,367.78,367.82,367.39,367.53,71928.0,1p,1p,0.0,sell,False,0.6518016841096492,2.1899999999999977,8.0,0.0059896616798402694,0.30985576583474206,0.2206809943883803,0.3756088773057513,0.0010243844503790012,65.24713830722413,89.95565948400537,81.429990920657,107.00699661070209,71928.0,2.1899999999999977,0.0,2.1899999999999977,8.0,0.0059896616798402694,2.1899999999999977,0.0,0.0,1.0,1.0,0.30985576583474206,0.3756088773057513,0.2206809943883803,65.24713830722413,89.95565948400537,81.429990920657,107.00699661070209,22.6606538895156,35.963923337091046,31.39329904268948,-0.06797542008809615,0.11704183565148939,0.040000000000020464,0.13999999999998636,0.25,0.0,23414.0,23414.0,2022-03-29,2022-03-29 08:10:00,2.6446820667700517,207.0,1.0,best_within_2.0d,23620.0,357.81,0.5832424107187206,4.3760036431226785,32.22527881040892,0.012230020343504162,2.285057100371749,15.890706319702602,0.006381710269403211,0.4929364202292669,5.6011759621451125,36.843533123028394,0.015614239272951093,2.82998018927445,22.52492113564669,0.007835530045022196,1.8630914826498424,0.00402220134195386,1.9444468750000041,16.553125,0.005470102952261012,0.0,1
23414.0,2022-03-29 08:15:00,367.53,367.86,367.42,367.83,69883.0,1p,1p,0.0,sell,False,0.6518016841096534,2.230000000000018,9.0,0.006099061893170742,0.30375428832093265,0.25865028042849686,0.4105274245889632,0.001119353745114786,68.51659102823714,92.9979625917831,85.28598147769902,108.42192481995122,69883.0,2.230000000000018,0.0,2.230000000000018,9.0,0.006099061893170742,2.230000000000018,0.0,0.0,1.0,1.0,0.30375428832093265,0.4105274245889632,0.25865028042849686,68.51659102823714,92.9979625917831,85.28598147769902,108.42192481995122,22.50274423710266,35.01646542261222,30.70490091041438,0.0816259897151284,0.11975396004572361,0.03000000000002956,0.1099999999999568,0.30000000000001137,1.0,23415.0,23415.0,2022-03-29,2022-03-29 08:15:00,2.724084495555007,206.0,1.0,best_within_2.0d,23620.0,357.81,0.5832424107187206,4.3760036431226785,32.22527881040892,0.012230020343504162,2.285057100371749,15.890706319702602,0.006381710269403211,0.4929364202292669,5.6011759621451125,36.843533123028394,0.015614239272951093,2.82998018927445,22.52492113564669,0.007835530045022196,1.8630914826498424,0.00402220134195386,1.9444468750000041,16.553125,0.005470102952261012,0.0,1
23415.0,2022-03-29 08:20:00,367.87,368.86,367.87,368.82,130090.0,1p,1p,0.0,sell,False,0.7590236113425608,3.230000000000018,10.0,0.008834067226431142,0.4056495425862079,0.30935647325177285,0.5121812445448768,0.0013959429438536869,76.4051861693381,95.01971901122761,88.53056065554188,107.99803572259907,130090.0,3.230000000000018,0.0,3.230000000000018,10.0,0.008834067226431142,3.230000000000018,0.0,0.0,1.0,1.0,0.4056495425862079,0.5121812445448768,0.30935647325177285,76.4051861693381,95.01971901122761,88.53056065554188,107.99803572259907,28.955532574974463,32.98862461220222,28.976754518172672,0.2582434012015083,0.2691168075678933,0.040000000000020464,0.0,0.9499999999999886,1.0,23416.0,23416.0,2022-03-29,2022-03-29 08:20:00,2.985196030584022,205.0,1.0,best_within_2.0d,23620.0,357.81,0.5832424107187206,4.3760036431226785,32.22527881040892,0.012230020343504162,2.285057100371749,15.890706319702602,0.006381710269403211,0.4929364202292669,5.6011759621451125,36.843533123028394,0.015614239272951093,2.82998018927445,22.52492113564669,0.007835530045022196,1.8630914826498424,0.00402220134195386,1.9444468750000041,16.553125,0.005470102952261012,0.0,1
23416.0,2022-03-29 08:25:00,368.81,369.35,368.81,369.1,223736.0,1p,1p,0.0,sell,False,0.8950517904767932,3.7200000000000273,11.0,0.010174219839728762,0.47834789850052495,0.36914996056433846,0.6083239098146009,0.0016572447298403166,78.0782075766382,94.9291123940397,90.66341123504114,103.46051471203685,223736.0,3.7200000000000273,0.0,3.7200000000000273,11.0,0.010174219839728762,3.7200000000000273,0.0,0.0,1.0,1.0,0.47834789850052495,0.6083239098146009,0.36914996056433846,78.0782075766382,94.9291123940397,90.66341123504114,103.46051471203685,32.998996990973225,31.9959879638912,27.017215615199227,0.07863127355549483,0.1464168542067787,0.25,0.0,0.29000000000002046,1.0,23417.0,23417.0,2022-03-29,2022-03-29 08:25:00,3.0587916553779517,204.0,1.0,best_within_2.0d,23620.0,357.81,0.5832424107187206,4.3760036431226785,32.22527881040892,0.012230020343504162,2.285057100371749,15.890706319702602,0.006381710269403211,0.4929364202292669,5.6011759621451125,36.843533123028394,0.015614239272951093,2.82998018927445,22.52492113564669,0.007835530045022196,1.8630914826498424,0.00402220134195386,1.9444468750000041,16.553125,0.005470102952261012,1.0,1
23425.0,2022-03-29 09:10:00,369.06,369.38,369.0,369.38,44915.0,1p,1p,0.0,sell,False,0.8993030289330733,3.75,20.0,0.0102562699997265,0.0975915810818695,0.6585063539597241,0.7073021445006589,0.0019217833442998608,69.95012255663207,85.9965725371182,84.53511779227848,88.91948202679762,44915.0,3.75,0.0,3.75,20.0,0.0102562699997265,3.75,0.0,0.0,1.0,1.0,0.0975915810818695,0.7073021445006589,0.6585063539597241,69.95012255663207,85.9965725371182,84.53511779227848,88.91948202679762,35.53459119496891,15.723270440250502,21.192488856222713,0.08670676854711787,0.10298102981029687,0.0,0.060000000000002274,0.3199999999999932,1.0,23426.0,23426.0,2022-03-29,2022-03-29 09:10:00,3.1322757052357986,195.0,1.0,best_within_2.0d,23620.0,357.81,0.5832424107187206,4.3760036431226785,32.22527881040892,0.012230020343504162,2.285057100371749,15.890706319702602,0.006381710269403211,0.4929364202292669,5.6011759621451125,36.843533123028394,0.015614239272951093,2.82998018927445,22.52492113564669,0.007835530045022196,1.8630914826498424,0.00402220134195386,1.9444468750000041,16.553125,0.005470102952261012,0.0,1
23428.0,2022-03-29 09:25:00,369.23,369.47,368.74,368.9,102795.0,1p,1p,0.0,sell,False,0.8993030289314312,3.840000000000032,23.0,0.010502420479720023,-0.06809170172848589,0.6584538532066633,0.6244080023424203,0.0016955448386763142,60.60288991169477,70.30673550546125,80.00480782573982,50.91059086490412,102795.0,3.840000000000032,0.0,3.840000000000032,23.0,0.010502420479720023,3.840000000000032,0.0,0.0,1.0,1.0,-0.06809170172848589,0.6244080023424203,0.6584538532066633,60.60288991169477,70.30673550546125,80.00480782573982,50.91059086490412,33.84615384615367,18.307692307691397,24.594890636613794,-0.08937518619831566,0.19797147041276186,0.2400000000000091,0.15999999999996817,0.3300000000000409,0.0,23429.0,23429.0,2022-03-29,2022-03-29 09:25:00,3.0062347519652954,192.0,1.0,best_within_2.0d,23620.0,357.81,0.5832424107187206,4.3760036431226785,32.22527881040892,0.012230020343504162,2.285057100371749,15.890706319702602,0.006381710269403211,0.4929364202292669,5.6011759621451125,36.843533123028394,0.015614239272951093,2.82998018927445,22.52492113564669,0.007835530045022196,1.8630914826498424,0.00402220134195386,1.9444468750000041,16.553125,0.005470102952261012,0.0,1
23429.0,2022-03-29 09:30:00,368.86,370.72,368.63,370.29,2976294.0,1p,1p,0.0,sell,False,0.8993030289318529,5.090000000000032,24.0,0.013921177146295522,0.05042457446605075,0.6647569250149197,0.689969212247945,0.0018728093895048344,72.5676071308785,73.41144136383033,77.80701900510331,64.62028608128438,2976294.0,5.090000000000032,0.0,5.090000000000032,24.0,0.013921177146295522,5.090000000000032,0.0,0.0,1.0,1.0,0.05042457446605075,0.689969212247945,0.6647569250149197,72.5676071308785,73.41144136383033,77.80701900510331,64.62028608128438,32.40740740740725,15.740740740739954,25.31064020652612,0.3876809629669812,0.5669641646095087,0.4300000000000068,0.2300000000000182,1.4300000000000068,1.0,23430.0,23430.0,2022-03-29,2022-03-29 09:30:00,3.370331361905538,191.0,1.0,best_within_2.0d,23620.0,357.81,0.5832424107187206,4.3760036431226785,32.22527881040892,0.012230020343504162,2.285057100371749,15.890706319702602,0.006381710269403211,0.4929364202292669,5.6011759621451125,36.843533123028394,0.015614239272951093,2.82998018927445,22.52492113564669,0.007835530045022196,1.8630914826498424,0.00402220134195386,1.9444468750000041,16.553125,0.005470102952261012,1.0,1
23436.0,2022-03-29 10:05:00,368.34,368.78,367.12,367.55,1384372.0,2s,2s,1.0,buy,False,0.020562770562770297,4.163492493946733,28.239017640954685,0.011578080659927173,-0.4913112310438773,0.430991423661821,0.18533580813988237,0.0005030148755084588,42.13820710331659,21.74101550018016,31.00001455692872,3.22301738668304,1384372.0,3.6000000000000227,1.0,9.240000000000009,114.0,0.025805010193537602,3.6000000000000227,8.0,0.009710832973672914,1.0,2.5,-0.4913112310438773,0.18533580813988237,0.430991423661821,42.13820710331659,21.74101550018016,31.00001455692872,3.22301738668304,18.76430205949639,22.730739893210536,19.807631000510728,-0.21447575609490244,0.4521682283721857,0.4399999999999977,0.4300000000000068,0.7899999999999636,0.0,23437.0,23437.0,2022-03-29,2022-03-29 10:05:00,1.1372602367024913,65.0,1.0,best_within_2.0d,23501.0,371.73,0.5832424107187206,4.3760036431226785,32.22527881040892,0.012230020343504162,2.285057100371749,15.890706319702602,0.006381710269403211,0.020562770562770297,9.240000000000009,114.0,0.025805010193537602,3.6000000000000227,8.0,0.009710832973672914,1.0,0.00402220134195386,1.9444468750000041,16.553125,0.005470102952261012,0.0,0
23437.0,2022-03-29 10:10:00,367.56,367.98,366.06,366.5,1249573.0,2s,2s,1.0,buy,False,0.13528138528138514,4.163492493946733,28.239017640954685,0.011578080659927173,-0.6875532253581216,0.34504727049205586,0.0012706578129950685,3.4500102924026435e-06,35.447912862354656,17.641363695399043,26.547130936418824,-0.17017078664051866,1249573.0,4.660000000000025,1.0,9.240000000000009,114.0,0.025805010193537602,4.660000000000025,9.0,0.012570133793698816,1.0,2.5,-0.6875532253581216,0.0012706578129950685,0.34504727049205586,35.447912862354656,17.641363695399043,26.547130936418824,-0.17017078664051866,17.05963938973632,25.65880721220477,19.83064808117922,-0.28838829034715485,0.5245041796426859,0.4200000000000159,0.4399999999999977,1.0600000000000023,0.0,23438.0,23438.0,2022-03-29,2022-03-29 10:10:00,1.427012278308327,64.0,1.0,best_within_2.0d,23501.0,371.73,0.5832424107187206,4.3760036431226785,32.22527881040892,0.012230020343504162,2.285057100371749,15.890706319702602,0.006381710269403211,0.13528138528138514,9.240000000000009,114.0,0.025805010193537602,4.660000000000025,9.0,0.012570133793698816,1.0,0.00402220134195386,1.9444468750000041,16.553125,0.005470102952261012,1.0,0
23452.0,2022-03-29 11:25:00,368.12,368.9789,368.07,368.72,575544.0,2,2,0.0,sell,False,0.6263733905579383,4.163492493946733,28.239017640954685,0.011578080659927173,0.2133132689683625,-0.04721860473188096,0.05943802975230028,0.00016150019118735078,56.30524986215642,81.63060658024364,76.07834009845385,92.73513954382321,575544.0,2.918900000000008,1.0,4.660000000000025,9.0,0.012570133793698816,2.918900000000008,16.0,0.007973829426869933,2.0,2.0,0.2133132689683625,0.05943802975230028,-0.04721860473188096,56.30524986215642,81.63060658024364,76.07834009845385,92.73513954382321,21.22082933090061,12.753969471194793,17.24383677708044,0.16299032924047124,0.24693672399272334,0.2588999999999828,0.05000000000001137,0.6000000000000227,1.0,23453.0,23453.0,2022-03-29,2022-03-29 11:25:00,2.9588847906270406,168.0,1.0,best_within_2.0d,23620.0,357.81,0.6263733905579383,4.660000000000025,9.0,0.012570133793698816,2.918900000000008,16.0,0.007973829426869933,0.4929364202292669,5.6011759621451125,36.843533123028394,0.015614239272951093,2.82998018927445,22.52492113564669,0.007835530045022196,1.8630914826498424,0.00402220134195386,1.9444468750000041,16.553125,0.005470102952261012,0.0,1
23456.0,2022-03-29 11:45:00,368.98,369.42,368.93,369.42,506430.0,2,2,0.0,sell,False,0.721030042918454,4.163492493946733,28.239017640954685,0.011578080659927173,0.32655282902137805,0.08620183143061551,0.24947824594130452,0.0006774138975350598,61.939412498221024,91.27283691569167,84.82257821807292,104.1733543109292,506430.0,3.3600000000000136,1.0,4.660000000000025,9.0,0.012570133793698816,3.3600000000000136,20.0,0.009178823143746963,2.0,2.0,0.32655282902137805,0.24947824594130452,0.08620183143061551,61.939412498221024,91.27283691569167,84.82257821807292,104.1733543109292,26.292769978234364,12.57439938933167,18.127186766597937,0.11924765569949528,0.13281652345973738,0.0,0.05000000000001137,0.4399999999999977,1.0,23457.0,23457.0,2022-03-29,2022-03-29 11:45:00,3.142764333279198,164.0,1.0,best_within_2.0d,23620.0,357.81,0.721030042918454,4.660000000000025,9.0,0.012570133793698816,3.3600000000000136,20.0,0.009178823143746963,0.4929364202292669,5.6011759621451125,36.843533123028394,0.015614239272951093,2.82998018927445,22.52492113564669,0.007835530045022196,1.8630914826498424,0.00402220134195386,1.9444468750000041,16.553125,0.005470102952261012,0.0,1
23457.0,2022-03-29 11:50:00,369.43,369.4399,369.05,369.23,448360.0,2,2,0.0,sell,False,0.7253004291845498,4.163492493946733,28.239017640954685,0.011578080659927173,0.32103760608144744,0.12633153219079643,0.28685033523152015,0.0007787424313114718,59.59044503224833,90.83404369271378,86.8264000429532,98.84933099223497,448360.0,3.3799000000000206,1.0,4.660000000000025,9.0,0.012570133793698816,3.3799000000000206,21.0,0.009233185816532865,2.0,2.0,0.32103760608144744,0.28685033523152015,0.12633153219079643,59.59044503224833,90.83404369271378,86.8264000429532,98.84933099223497,28.784652966091993,10.970170995719215,20.033164048081566,-0.05413745499823746,0.10564964097006135,0.009900000000016007,0.18000000000000682,0.19999999999998863,0.0,23458.0,23458.0,2022-03-29,2022-03-29 11:50:00,3.092923110256484,163.0,1.0,best_within_2.0d,23620.0,357.81,0.7253004291845498,4.660000000000025,9.0,0.012570133793698816,3.3799000000000206,21.0,0.009233185816532865,0.4929364202292669,5.6011759621451125,36.843533123028394,0.015614239272951093,2.82998018927445,22.52492113564669,0.007835530045022196,1.8630914826498424,0.00402220134195386,1.9444468750000041,16.553125,0.005470102952261012,1.0,1
23466.0,2022-03-29 12:35:00,367.38,367.7419,367.21,367.64,397389.0,2s,2s,1.0,buy,False,0.010822510822513273,4.163492493946733,28.239017640954685,0.011578080659927173,-0.29728692845993177,0.12421875767302337,-0.02442470655694251,-6.631147602216892e-05,42.617953402057346,26.45959792566724,40.42566865623869,-1.4725435354756655,397389.0,2.2299000000000433,1.0,9.240000000000009,114.0,0.025805010193537602,2.2299000000000433,10.0,0.00603589379490424,2.0,2.5,-0.29728692845993177,-0.02442470655694251,0.12421875767302337,42.617953402057346,26.45959792566724,40.42566865623869,-1.4725435354756655,12.966664935874682,32.637987434445904,20.40910282922639,0.07077140835102372,0.1448489964870258,0.10190000000000055,0.17000000000001592,0.2599999999999909,1.0,23467.0,23467.0,2022-03-29,2022-03-29 12:35:00,1.112501360026121,35.0,1.0,best_within_2.0d,23501.0,371.73,0.5832424107187206,4.3760036431226785,32.22527881040892,0.012230020343504162,2.285057100371749,15.890706319702602,0.006381710269403211,0.010822510822513273,9.240000000000009,114.0,0.025805010193537602,2.2299000000000433,10.0,0.00603589379490424,2.0,0.00402220134195386,1.9444468750000041,16.553125,0.005470102952261012,1.0,0
23479.0,2022-03-29 13:40:00,368.6,369.095,368.535,369.07,367412.0,2s,2s,0.0,sell,False,0.6512875536480706,4.163492493946733,28.239017640954685,0.011578080659927173,0.1554022262278202,-0.040308018008608906,0.0373930951053012,0.00010153578804824765,59.22927226285314,78.05284649147622,62.92366958579145,108.31120030284576,367412.0,1.8850000000000477,1.0,4.660000000000025,9.0,0.012570133793698816,1.8850000000000477,14.0,0.005133302469976438,1.0,2.5,0.1554022262278202,0.0373930951053012,-0.040308018008608906,59.22927226285314,78.05284649147622,62.92366958579145,108.31120030284576,26.78863583244692,17.966863167736083,24.315563968067767,0.1275094953879464,0.15195300310689683,0.025000000000034106,0.06499999999999773,0.46999999999997044,1.0,23480.0,23480.0,2022-03-29,2022-03-29 13:40:00,3.0509117511583144,141.0,1.0,best_within_2.0d,23620.0,357.81,0.5832424107187206,4.3760036431226785,32.22527881040892,0.012230020343504162,2.285057100371749,15.890706319702602,0.006381710269403211,0.6512875536480706,4.660000000000025,9.0,0.012570133793698816,1.8850000000000477,14.0,0.005133302469976438,1.0,0.00402220134195386,1.9444468750000041,16.553125,0.005470102952261012,0.0,1
23480.0,2022-03-29 13:45:00,369.07,369.88,368.77,369.6,699952.0,2s,2s,0.0,sell,False,0.8197424892703804,4.163492493946733,28.239017640954685,0.011578080659927173,0.2842306641637259,-0.00477918498814317,0.13733614709371977,0.00037281799282719557,63.68805129285616,81.49516901999294,69.11416939719194,106.25716826559494,699952.0,2.670000000000016,1.0,4.660000000000025,9.0,0.012570133793698816,2.670000000000016,15.0,0.007271043816889562,1.0,2.5,0.2842306641637259,0.13733614709371977,-0.00477918498814317,63.68805129285616,81.49516901999294,69.11416939719194,106.25716826559494,34.39942025484668,15.366869980071543,25.310442243165404,0.1436041943262876,0.30100062369498976,0.2799999999999727,0.30000000000001137,0.5300000000000296,1.0,23481.0,23481.0,2022-03-29,2022-03-29 13:45:00,3.1899350649350704,140.0,1.0,best_within_2.0d,23620.0,357.81,0.5832424107187206,4.3760036431226785,32.22527881040892,0.012230020343504162,2.285057100371749,15.890706319702602,0.006381710269403211,0.8197424892703804,4.660000000000025,9.0,0.012570133793698816,2.670000000000016,15.0,0.007271043816889562,1.0,0.00402220134195386,1.9444468750000041,16.553125,0.005470102952261012,0.0,1
23483.0,2022-03-29 14:00:00,369.8,369.94,369.511,369.6501,296829.0,2s,2s,0.0,sell,False,0.8326180257510675,4.163492493946733,28.239017640954685,0.011578080659927173,0.38922365708101103,0.13952028333167388,0.3341321118721794,0.0009063694014586338,62.97361385561881,88.66747509110814,82.37065731766353,101.26111063799738,296829.0,2.730000000000018,1.0,4.660000000000025,9.0,0.012570133793698816,2.730000000000018,18.0,0.007434438059965737,1.0,2.5,0.38922365708101103,0.3341321118721794,0.13952028333167388,62.97361385561881,88.66747509110814,82.37065731766353,101.26111063799738,28.7692411104396,12.099213551119673,26.604880565816377,-0.04053542455381351,0.11609938540394565,0.13999999999998636,0.1390999999999849,0.14990000000000236,0.0,23484.0,23484.0,2022-03-29,2022-03-29 14:00:00,3.2030560792489995,137.0,1.0,best_within_2.0d,23620.0,357.81,0.5832424107187206,4.3760036431226785,32.22527881040892,0.012230020343504162,2.285057100371749,15.890706319702602,0.006381710269403211,0.8326180257510675,4.660000000000025,9.0,0.012570133793698816,2.730000000000018,18.0,0.007434438059965737,1.0,0.00402220134195386,1.9444468750000041,16.553125,0.005470102952261012,0.0,1
23485.0,2022-03-29 14:10:00,369.77,369.98,369.65,369.82,286286.0,2s,2s,0.0,sell,False,0.8412017167381963,4.163492493946733,28.239017640954685,0.011578080659927173,0.3435774089995401,0.22867573349838274,0.4004644379981528,0.0010858250546518999,64.56249394757609,90.494353363323,86.67464334343651,98.13377340309597,286286.0,2.7700000000000387,1.0,4.660000000000025,9.0,0.012570133793698816,2.7700000000000387,20.0,0.007543367555349905,1.0,2.5,0.3435774089995401,0.4004644379981528,0.22867573349838274,64.56249394757609,90.494353363323,86.67464334343651,98.13377340309597,31.886500913050003,9.137519314510742,29.30599419565448,0.013521919030751919,0.08927363722441253,0.160000000000025,0.12000000000000455,0.05000000000001137,1.0,23486.0,23486.0,2022-03-29,2022-03-29 14:10:00,3.2475258233735307,135.0,1.0,best_within_2.0d,23620.0,357.81,0.5832424107187206,4.3760036431226785,32.22527881040892,0.012230020343504162,2.285057100371749,15.890706319702602,0.006381710269403211,0.8412017167381963,4.660000000000025,9.0,0.012570133793698816,2.7700000000000387,20.0,0.007543367555349905,1.0,0.00402220134195386,1.9444468750000041,16.553125,0.005470102952261012,0.0,1
23489.0,2022-03-29 14:30:00,369.76,370.05,369.595,370.01,429789.0,2s,2s,0.0,sell,False,0.8562231759656626,4.163492493946733,28.239017640954685,0.011578080659927173,0.1736381813751331,0.32617514024868255,0.4129942309362491,0.0011190910119109607,63.981293373441986,84.9725477936269,82.72133638542688,89.47497061002693,429789.0,2.840000000000032,1.0,4.660000000000025,9.0,0.012570133793698816,2.840000000000032,24.0,0.007733994172272084,1.0,2.5,0.1736381813751331,0.4129942309362491,0.32617514024868255,63.981293373441986,84.9725477936269,82.72133638542688,89.47497061002693,34.53144878301153,9.101203707586498,32.030151897880025,0.06761142362613587,0.12310772602442784,0.040000000000020464,0.16499999999996362,0.25,1.0,23490.0,23490.0,2022-03-29,2022-03-29 14:30:00,3.2972081835626033,131.0,1.0,best_within_2.0d,23620.0,357.81,0.5832424107187206,4.3760036431226785,32.22527881040892,0.012230020343504162,2.285057100371749,15.890706319702602,0.006381710269403211,0.8562231759656626,4.660000000000025,9.0,0.012570133793698816,2.840000000000032,24.0,0.007733994172272084,1.0,0.00402220134195386,1.9444468750000041,16.553125,0.005470102952261012,0.0,1
23490.0,2022-03-29 14:35:00,370.0101,370.38,370.0101,370.25,569212.0,2s,2s,0.0,sell,False,0.9270386266094356,4.163492493946733,28.239017640954685,0.011578080659927173,0.19113215120530147,0.3500666591493452,0.44563273475199594,0.0012072394645485248,66.27684396400393,86.59628186241798,84.01298487775725,91.76287583173945,569212.0,3.170000000000016,1.0,4.660000000000025,9.0,0.012570133793698816,3.170000000000016,25.0,0.00863266250919097,1.0,2.5,0.19113215120530147,0.44563273475199594,0.3500666591493452,66.27684396400393,86.59628186241798,84.01298487775725,91.76287583173945,36.71917119585006,9.485785892260658,33.95231228738827,0.06483606798840824,0.09997024405549275,0.12999999999999545,0.0,0.23989999999997735,1.0,23491.0,23491.0,2022-03-29,2022-03-29 14:35:00,3.359891964888588,130.0,1.0,best_within_2.0d,23620.0,357.81,0.5832424107187206,4.3760036431226785,32.22527881040892,0.012230020343504162,2.285057100371749,15.890706319702602,0.006381710269403211,0.9270386266094356,4.660000000000025,9.0,0.012570133793698816,3.170000000000016,25.0,0.00863266250919097,1.0,0.00402220134195386,1.9444468750000041,16.553125,0.005470102952261012,0.0,1
23491.0,2022-03-29 14:40:00,370.25,370.48,370.18,370.47,385068.0,2s,2s,0.0,sell,False,0.9484978540772515,4.163492493946733,28.239017640954685,0.011578080659927173,0.2137743596438264,0.37678845410482353,0.48367563392673674,0.001309948141330597,68.27295416010668,90.82264201455905,86.28287059002452,99.90218486362812,385068.0,3.2700000000000387,1.0,4.660000000000025,9.0,0.012570133793698816,3.2700000000000387,26.0,0.008904986247651313,1.0,2.5,0.2137743596438264,0.48367563392673674,0.37678845410482353,68.27295416010668,90.82264201455905,86.28287059002452,99.90218486362812,39.49351823937325,9.813084112148896,35.82683703971304,0.05941931127617212,0.08104165541088426,0.009999999999990905,0.06999999999999318,0.22000000000002728,1.0,23492.0,23492.0,2022-03-29,2022-03-29 14:40:00,3.417280751477859,129.0,1.0,best_within_2.0d,23620.0,357.81,0.5832424107187206,4.3760036431226785,32.22527881040892,0.012230020343504162,2.285057100371749,15.890706319702602,0.006381710269403211,0.9484978540772515,4.660000000000025,9.0,0.012570133793698816,3.2700000000000387,26.0,0.008904986247651313,1.0,0.00402220134195386,1.9444468750000041,16.553125,0.005470102952261012,0.0,1
23492.0,2022-03-29 14:45:00,370.47,370.77,370.31,370.55,629665.0,1,1,0.0,sell,False,0.756232792034862,3.5600000000000023,27.0,0.009694725089186031,0.22010026144644557,0.4043009867856292,0.514351117508852,0.0013926590987864995,68.99171763669654,89.49054377816958,87.35209498607287,93.767441362363,629665.0,3.5600000000000023,1.0,3.5600000000000023,27.0,0.009694725089186031,3.5600000000000023,27.0,0.009694725089186031,1.0,1.0,0.22010026144644557,0.514351117508852,0.4043009867856292,68.99171763669654,89.49054377816958,87.35209498607287,93.767441362363,40.66130473637239,9.696157283288045,37.65996891043469,0.02159419116257297,0.12422024790040224,0.21999999999997044,0.160000000000025,0.07999999999998408,1.0,23493.0,23493.0,2022-03-29,2022-03-29 14:45:00,3.4381325057347207,128.0,1.0,best_within_2.0d,23620.0,357.81,0.5832424107187206,4.3760036431226785,32.22527881040892,0.012230020343504162,2.285057100371749,15.890706319702602,0.006381710269403211,0.4929364202292669,5.6011759621451125,36.843533123028394,0.015614239272951093,2.82998018927445,22.52492113564669,0.007835530045022196,1.8630914826498424,0.00402220134195386,1.9444468750000041,16.553125,0.005470102952261012,0.0,1
23493.0,2022-03-29 14:50:00,370.53,370.825,370.45,370.66,716104.0,1,1,0.0,sell,False,0.7562327920412666,3.615000000000009,28.0,0.009844503145339205,0.21919521093525296,0.4317003881525358,0.5412979936201623,0.0014652297874157383,69.99816611649818,89.80529005501225,88.16982667571932,93.07621681359808,716104.0,3.615000000000009,1.0,3.615000000000009,28.0,0.009844503145339205,3.615000000000009,28.0,0.009844503145339205,1.0,1.0,0.21919521093525296,0.5412979936201623,0.4317003881525358,69.99816611649818,89.80529005501225,88.16982667571932,93.07621681359808,34.92112115178425,9.970899065706227,38.939849768345745,0.03508487841741621,0.1012282359292752,0.16499999999996362,0.07999999999998408,0.1300000000000523,1.0,23494.0,23494.0,2022-03-29,2022-03-29 14:50:00,3.4667889710246644,127.0,1.0,best_within_2.0d,23620.0,357.81,0.5832424107187206,4.3760036431226785,32.22527881040892,0.012230020343504162,2.285057100371749,15.890706319702602,0.006381710269403211,0.4929364202292669,5.6011759621451125,36.843533123028394,0.015614239272951093,2.82998018927445,22.52492113564669,0.007835530045022196,1.8630914826498424,0.00402220134195386,1.9444468750000041,16.553125,0.005470102952261012,0.0,1
23494.0,2022-03-29 14:55:00,370.66,370.84,370.49,370.64,463059.0,1,1,0.0,sell,False,0.7562327921014395,3.6299999999999955,29.0,0.009885351706108209,0.1967132010267949,0.45628953828088525,0.5546461387942827,0.001500997094633928,69.55611635832787,89.37210907882053,88.57058747675305,90.97515228295549,463059.0,3.6299999999999955,1.0,3.6299999999999955,29.0,0.009885351706108209,3.6299999999999955,29.0,0.009885351706108209,1.0,1.0,0.1967132010267949,0.5546461387942827,0.45628953828088525,69.55611635832787,89.37210907882053,88.57058747675305,90.97515228295549,26.17438030854601,11.28445137805453,38.99772590540564,-0.005395780499659702,0.09446948635589784,0.17999999999994998,0.14999999999997726,0.020000000000038654,0.0,23495.0,23495.0,2022-03-29,2022-03-29 14:55:00,3.4615799697819942,126.0,1.0,best_within_2.0d,23620.0,357.81,0.5832424107187206,4.3760036431226785,32.22527881040892,0.012230020343504162,2.285057100371749,15.890706319702602,0.006381710269403211,0.4929364202292669,5.6011759621451125,36.843533123028394,0.015614239272951093,2.82998018927445,22.52492113564669,0.007835530045022196,1.8630914826498424,0.00402220134195386,1.9444468750000041,16.553125,0.005470102952261012,0.0,1
23495.0,2022-03-29 15:00:00,370.64,370.97,370.32,370.905,541779.0,1,1,0.0,sell,False,0.7562327920614857,3.7600000000000477,30.0,0.010239372566106719,0.19781343429258325,0.48101621756745816,0.5799229347137498,0.0015689656957392087,72.07271402236506,91.75609410958705,89.63242302103104,96.0034362866991,541779.0,3.7600000000000477,1.0,3.7600000000000477,30.0,0.010239372566106719,3.7600000000000477,30.0,0.010239372566106719,1.0,1.0,0.19781343429258325,0.5799229347137498,0.48101621756745816,72.07271402236506,91.75609410958705,89.63242302103104,96.0034362866991,24.798817539826004,13.483330596156634,38.32346902345745,0.07149794949276558,0.17552387124649874,0.06500000000005457,0.3199999999999932,0.26499999999998636,1.0,23496.0,23496.0,2022-03-29,2022-03-29 15:00:00,3.530553645812262,125.0,1.0,best_within_2.0d,23620.0,357.81,0.5832424107187206,4.3760036431226785,32.22527881040892,0.012230020343504162,2.285057100371749,15.890706319702602,0.006381710269403211,0.4929364202292669,5.6011759621451125,36.843533123028394,0.015614239272951093,2.82998018927445,22.52492113564669,0.007835530045022196,1.8630914826498424,0.00402220134195386,1.9444468750000041,16.553125,0.005470102952261012,0.0,1
23496.0,2022-03-29 15:05:00,370.9,371.2299,370.84,371.16,607966.0,1,1,0.0,sell,False,0.7562327920642189,4.019900000000007,31.0,0.01094714196236488,0.21190967456332066,0.5075049268878733,0.6134597641695336,0.0016591869971913794,74.27628206077748,93.22377261389428,90.82953955198545,98.01223873771193,607966.0,4.019900000000007,1.0,4.019900000000007,31.0,0.01094714196236488,4.019900000000007,31.0,0.01094714196236488,1.0,1.0,0.21190967456332066,0.6134597641695336,0.5075049268878733,74.27628206077748,93.22377261389428,90.82953955198545,98.01223873771193,27.617709065353672,13.417444311885756,38.0578727838905,0.07009975734700667,0.10513968288210858,0.06989999999996144,0.060000000000002274,0.26000000000004775,1.0,23497.0,23497.0,2022-03-29,2022-03-29 15:05:00,3.596831555124481,124.0,1.0,best_within_2.0d,23620.0,357.81,0.5832424107187206,4.3760036431226785,32.22527881040892,0.012230020343504162,2.285057100371749,15.890706319702602,0.006381710269403211,0.4929364202292669,5.6011759621451125,36.843533123028394,0.015614239272951093,2.82998018927445,22.52492113564669,0.007835530045022196,1.8630914826498424,0.00402220134195386,1.9444468750000041,16.553125,0.005470102952261012,0.0,1
23497.0,2022-03-29 15:10:00,371.17,371.35,371.05,371.08,567452.0,1,1,0.0,sell,False,0.7562327920233117,4.140000000000043,32.0,0.011274202772255775,0.19017179227137548,0.5312764009217952,0.6263622970574829,0.001693627371160143,72.34761855703377,90.35430994772364,90.67112968389817,89.72067047537453,567452.0,4.140000000000043,1.0,4.140000000000043,32.0,0.011274202772255775,4.140000000000043,32.0,0.011274202772255775,1.0,1.0,0.19017179227137548,0.6263622970574829,0.5312764009217952,72.34761855703377,90.35430994772364,90.67112968389817,89.72067047537453,28.715003589375065,13.706405783067707,37.86657985242754,-0.02424764932511567,0.08085163724565729,0.18000000000000682,0.029999999999972715,0.09000000000003183,0.0,23498.0,23498.0,2022-03-29,2022-03-29 15:10:00,3.5760482914735316,123.0,1.0,best_within_2.0d,23620.0,357.81,0.5832424107187206,4.3760036431226785,32.22527881040892,0.012230020343504162,2.285057100371749,15.890706319702602,0.006381710269403211,0.4929364202292669,5.6011759621451125,36.843533123028394,0.015614239272951093,2.82998018927445,22.52492113564669,0.007835530045022196,1.8630914826498424,0.00402220134195386,1.9444468750000041,16.553125,0.005470102952261012,0.0,1
23499.0,2022-03-29 15:20:00,371.245,371.45,371.14,371.24,519788.0,1,1,0.0,sell,False,0.7562327919369431,4.240000000000009,34.0,0.011546526510715964,0.14986607339609948,0.5721737039137257,0.6471067406117754,0.0017487705512347033,73.81222067315453,88.37686720243315,89.94235055789514,85.24590049150919,519788.0,4.240000000000009,1.0,4.240000000000009,34.0,0.011546526510715964,4.240000000000009,34.0,0.011546526510715964,1.0,1.0,0.14986607339609948,0.6471067406117754,0.5721737039137257,73.81222067315453,88.37686720243315,89.94235055789514,85.24590049150919,30.13912188839752,14.911968549302781,37.20738986851137,-0.0013468194857830954,0.08352643207415053,0.20499999999998408,0.10000000000002274,0.0049999999999954525,0.0,23500.0,23500.0,2022-03-29,2022-03-29 15:20:00,3.6176058614373465,121.0,1.0,best_within_2.0d,23620.0,357.81,0.5832424107187206,4.3760036431226785,32.22527881040892,0.012230020343504162,2.285057100371749,15.890706319702602,0.006381710269403211,0.4929364202292669,5.6011759621451125,36.843533123028394,0.015614239272951093,2.82998018927445,22.52492113564669,0.007835530045022196,1.8630914826498424,0.00402220134195386,1.9444468750000041,16.553125,0.005470102952261012,0.0,1
23500.0,2022-03-29 15:25:00,371.23,371.565,371.11,371.54,623136.0,1,1,0.0,sell,False,0.7562327919664685,4.355000000000018,35.0,0.011859698809945312,0.15266485280627817,0.5912568105145104,0.6675892369176495,0.0018035800959637996,76.5168854973669,91.58723417745271,90.49064509774766,93.78041233686281,623136.0,4.355000000000018,1.0,4.355000000000018,35.0,0.011859698809945312,4.355000000000018,35.0,0.011859698809945312,1.0,1.0,0.15266485280627817,0.6675892369176495,0.5912568105145104,76.5168854973669,91.58723417745271,90.49064509774766,93.78041233686281,32.95337869585687,8.353201190331623,38.80365531846377,0.08350618215122761,0.12260515750046727,0.024999999999977263,0.12000000000000455,0.3100000000000023,1.0,23501.0,23501.0,2022-03-29,2022-03-29 15:25:00,3.69542983258869,120.0,1.0,best_within_2.0d,23620.0,357.81,0.5832424107187206,4.3760036431226785,32.22527881040892,0.012230020343504162,2.285057100371749,15.890706319702602,0.006381710269403211,0.4929364202292669,5.6011759621451125,36.843533123028394,0.015614239272951093,2.82998018927445,22.52492113564669,0.007835530045022196,1.8630914826498424,0.00402220134195386,1.9444468750000041,16.553125,0.005470102952261012,0.0,1
23501.0,2022-03-29 15:30:00,371.55,371.76,371.25,371.73,625669.0,1,1,0.0,sell,False,0.7562327919070447,4.550000000000011,36.0,0.012390730099942843,0.15988609095799933,0.6112425718842603,0.69118561736326,0.0018667373452366293,78.06222659993917,93.69704500719132,91.55944506756221,97.97224488644954,625669.0,4.550000000000011,1.0,4.550000000000011,36.0,0.012390730099942843,4.550000000000011,36.0,0.012390730099942843,1.0,1.0,0.15988609095799933,0.69118561736326,0.6112425718842603,78.06222659993917,93.69704500719132,91.55944506756221,97.97224488644954,36.47381380647212,5.762883537363487,41.22564322311806,0.04844570044408742,0.13737373737373493,0.029999999999972715,0.30000000000001137,0.18000000000000682,1.0,23502.0,23502.0,2022-03-29,2022-03-29 15:30:00,3.7446533774513804,119.0,1.0,best_within_2.0d,23620.0,357.81,0.5832424107187206,4.3760036431226785,32.22527881040892,0.012230020343504162,2.285057100371749,15.890706319702602,0.006381710269403211,0.4929364202292669,5.6011759621451125,36.843533123028394,0.015614239272951093,2.82998018927445,22.52492113564669,0.007835530045022196,1.8630914826498424,0.00402220134195386,1.9444468750000041,16.553125,0.005470102952261012,0.0,1
23502.0,2022-03-29 15:35:00,371.73,371.83,371.32,371.3684,655043.0,1,1,0.0,sell,False,0.7562327918296444,4.6200000000000045,37.0,0.012581356716865022,0.0987326318688948,0.6235841508678722,0.6729504668023196,0.0018170868158818763,68.7849295722153,85.608184530181,89.5756915551018,77.67317048033942,655043.0,4.6200000000000045,1.0,4.6200000000000045,37.0,0.012581356716865022,4.6200000000000045,37.0,0.012581356716865022,1.0,1.0,0.0987326318688948,0.6729504668023196,0.6235841508678722,68.7849295722153,85.608184530181,89.5756915551018,77.67317048033942,33.5600985136836,5.683481735357162,43.35487198989829,-0.0972749038280499,0.137347840137884,0.0999999999999659,0.0484000000000151,0.3616000000000099,0.0,23503.0,23503.0,2022-03-29,2022-03-29 15:35:00,3.650929912184237,118.0,1.0,best_within_2.0d,23620.0,357.81,0.5832424107187206,4.3760036431226785,32.22527881040892,0.012230020343504162,2.285057100371749,15.890706319702602,0.006381710269403211,0.4929364202292669,5.6011759621451125,36.843533123028394,0.015614239272951093,2.82998018927445,22.52492113564669,0.007835530045022196,1.8630914826498424,0.00402220134195386,1.9444468750000041,16.553125,0.005470102952261012,1.0,1
23555.0,2022-03-30 04:00:00,370.2,370.2,369.27,369.5,10344.0,3a,3a,1.0,buy,False,0.0034147407528820413,4.163492493946733,28.239017640954685,0.011578080659927173,-0.0938421805577468,-0.03706688278965772,-0.08398797306853112,-0.00022668750130068035,23.46474813442613,54.550872203024,63.74633206615981,36.15995247675238,10344.0,2.5600000000000023,2.0,2.5600000000000023,54.0,0.006884866740176969,2.5600000000000023,54.0,0.006884866740176969,3.0,3.0,-0.0938421805577468,-0.08398797306853112,-0.03706688278965772,23.46474813442613,54.550872203024,63.74633206615981,36.15995247675238,12.307692307691937,61.538461538459686,30.322697587894304,-0.1890869800108019,0.2518482411243824,0.0,0.2300000000000182,0.6999999999999886,0.0,23556.0,23556.0,2022-03-30,2022-03-30 04:00:00,0.5056562922868764,349.0,1.0,best_within_2.0d,23904.0,371.3684,0.5832424107187206,4.3760036431226785,32.22527881040892,0.012230020343504162,2.285057100371749,15.890706319702602,0.006381710269403211,0.4929364202292669,5.6011759621451125,36.843533123028394,0.015614239272951093,2.82998018927445,22.52492113564669,0.007835530045022196,1.8630914826498424,0.0034147407528820413,2.5600000000000023,54.0,0.006884866740176969,0.0,0
23557.0,2022-03-30 04:10:00,369.41,369.41,369.06,369.11,8114.0,3a,3a,1.0,buy,False,0.0034147407528820413,4.163492493946733,28.239017640954685,0.011578080659927173,-0.2752214993024994,-0.0939227357578523,-0.231533485409102,-0.0006252072386523853,19.712653841340682,28.98477913787242,47.32615813446847,-7.69797885531969,8114.0,2.769999999999982,2.0,2.769999999999982,56.0,0.007449640964957056,2.769999999999982,56.0,0.007449640964957056,3.0,3.0,-0.2752214993024994,-0.231533485409102,-0.0939227357578523,19.712653841340682,28.98477913787242,47.32615813446847,-7.69797885531969,10.491803278688458,58.03278688524617,35.46381618513566,-0.08121057903143157,0.09483552809841835,0.0,0.05000000000001137,0.30000000000001137,0.0,23558.0,23558.0,2022-03-30,2022-03-30 04:10:00,0.6118501259787041,347.0,1.0,best_within_2.0d,23904.0,371.3684,0.5832424107187206,4.3760036431226785,32.22527881040892,0.012230020343504162,2.285057100371749,15.890706319702602,0.006381710269403211,0.4929364202292669,5.6011759621451125,36.843533123028394,0.015614239272951093,2.82998018927445,22.52492113564669,0.007835530045022196,1.8630914826498424,0.0034147407528820413,2.769999999999982,56.0,0.007449640964957056,0.0,0
23560.0,2022-03-30 04:25:00,369.04,369.29,369.04,369.29,3978.0,3a,3a,1.0,buy,False,0.0034147407528820413,4.163492493946733,28.239017640954685,0.011578080659927173,-0.28346708068290327,-0.20749583590420811,-0.34922937624565975,-0.0009436075042291238,27.75290585898334,15.784410146759862,26.163635304395832,-4.974040168512076,3978.0,2.7899999999999636,2.0,2.7899999999999636,59.0,0.007503428986364639,2.7899999999999636,59.0,0.007503428986364639,3.0,3.0,-0.28346708068290327,-0.34922937624565975,-0.20749583590420811,27.75290585898334,15.784410146759862,26.163635304395832,-4.974040168512076,10.02949852507288,54.277286135690105,42.12731043996051,0.06774333405592889,0.06774333405592889,0.0,0.0,0.25,1.0,23561.0,23561.0,2022-03-30,2022-03-30 04:25:00,0.5628097159413977,344.0,1.0,best_within_2.0d,23904.0,371.3684,0.5832424107187206,4.3760036431226785,32.22527881040892,0.012230020343504162,2.285057100371749,15.890706319702602,0.006381710269403211,0.4929364202292669,5.6011759621451125,36.843533123028394,0.015614239272951093,2.82998018927445,22.52492113564669,0.007835530045022196,1.8630914826498424,0.0034147407528820413,2.7899999999999636,59.0,0.007503428986364639,0.0,0
23564.0,2022-03-30 04:45:00,369.13,369.13,369.0,369.0,3195.0,3a,3a,1.0,buy,False,0.0034147407528820413,4.163492493946733,28.239017640954685,0.011578080659927173,-0.16023796767255527,-0.2992163827014818,-0.37933536653775946,-0.0010255889227181224,25.558383561776168,11.410061006179271,17.27357984257088,-0.3169766666039422,3195.0,2.829999999999984,2.0,2.829999999999984,63.0,0.007611005029179959,2.829999999999984,63.0,0.007611005029179959,3.0,3.0,-0.16023796767255527,-0.37933536653775946,-0.2992163827014818,25.558383561776168,11.410061006179271,17.27357984257088,-0.3169766666039422,11.999999999998364,56.53333333333279,46.754346842696066,-0.03521794489746037,0.035230352303521804,0.0,0.0,0.12999999999999545,0.0,23565.0,23565.0,2022-03-30,2022-03-30 04:45:00,0.6418428184281866,340.0,1.0,best_within_2.0d,23904.0,371.3684,0.5832424107187206,4.3760036431226785,32.22527881040892,0.012230020343504162,2.285057100371749,15.890706319702602,0.006381710269403211,0.4929364202292669,5.6011759621451125,36.843533123028394,0.015614239272951093,2.82998018927445,22.52492113564669,0.007835530045022196,1.8630914826498424,0.0034147407528820413,2.829999999999984,63.0,0.007611005029179959,0.0,0
23565.0,2022-03-30 04:50:00,368.92,369.17,368.92,369.17,1357.0,3a,3a,1.0,buy,False,0.0034147407528820413,4.163492493946733,28.239017640954685,0.011578080659927173,-0.12425877070457814,-0.3147487290395541,-0.37687811439184316,-0.0010190884029818142,31.923164940541156,23.329977777705228,19.292379154282326,31.405175024551035,1357.0,2.909999999999968,2.0,2.909999999999968,64.0,0.007826157114810446,2.909999999999968,64.0,0.007826157114810446,3.0,3.0,-0.12425877070457814,-0.37687811439184316,-0.3147487290395541,31.923164940541156,23.329977777705228,19.292379154282326,31.405175024551035,9.560723514210665,56.847545219637254,48.500909616856106,0.06776536918573133,0.06776536918573133,0.0,0.0,0.25,1.0,23566.0,23566.0,2022-03-30,2022-03-30 04:50:00,0.5954980090473203,339.0,1.0,best_within_2.0d,23904.0,371.3684,0.5832424107187206,4.3760036431226785,32.22527881040892,0.012230020343504162,2.285057100371749,15.890706319702602,0.006381710269403211,0.4929364202292669,5.6011759621451125,36.843533123028394,0.015614239272951093,2.82998018927445,22.52492113564669,0.007835530045022196,1.8630914826498424,0.0034147407528820413,2.909999999999968,64.0,0.007826157114810446,1.0,0
23570.0,2022-03-30 05:15:00,369.37,369.48,369.36,369.47,5970.0,2,2,0.0,sell,False,0.19243986254295822,4.163492493946733,28.239017640954685,0.011578080659927173,0.08370366338893809,-0.30905301549828923,-0.2672011838038202,-0.0007227933477239355,43.15412889147597,80.96914130619108,62.84214005392191,117.2231438107294,5970.0,0.5600000000000023,1.0,2.909999999999968,64.0,0.007826157114810446,0.5600000000000023,6.0,0.0015179442697603877,2.0,2.0,0.08370366338893809,-0.2672011838038202,-0.30905301549828923,43.15412889147597,80.96914130619108,62.84214005392191,117.2231438107294,26.122448979589684,35.10204081632575,47.74798104618003,0.027073124509305775,0.032488628979858276,0.009999999999990905,0.009999999999990905,0.10000000000002274,1.0,23571.0,23571.0,2022-03-30,2022-03-30 05:15:00,3.155871924648828,50.0,1.0,best_within_2.0d,23620.0,357.81,0.19243986254295822,2.909999999999968,64.0,0.007826157114810446,0.5600000000000023,6.0,0.0015179442697603877,0.4929364202292669,5.6011759621451125,36.843533123028394,0.015614239272951093,2.82998018927445,22.52492113564669,0.007835530045022196,1.8630914826498424,0.00402220134195386,1.9444468750000041,16.553125,0.005470102952261012,0.0,1
23571.0,2022-03-30 05:20:00,369.63,369.64,369.57,369.57,1942.0,2,2,0.0,sell,False,0.24742268041236368,4.163492493946733,28.239017640954685,0.011578080659927173,0.11888299867165963,-0.29419264066433176,-0.23475114132850194,-0.0006350280749182491,46.40662159263516,84.07202013005349,69.91876674596577,112.37852689822893,1942.0,0.7199999999999704,1.0,2.909999999999968,64.0,0.007826157114810446,0.7199999999999704,7.0,0.001951642632548982,2.0,2.0,0.11888299867165963,-0.23475114132850194,-0.29419264066433176,46.40662159263516,84.07202013005349,69.91876674596577,112.37852689822893,37.03703703703382,28.70370370370246,45.24284356702617,-0.016232448664881712,0.018940931352651236,0.009999999999990905,0.0,0.060000000000002274,0.0,23572.0,23572.0,2022-03-30,2022-03-30 05:20:00,3.1820764672457154,49.0,1.0,best_within_2.0d,23620.0,357.81,0.24742268041236368,2.909999999999968,64.0,0.007826157114810446,0.7199999999999704,7.0,0.001951642632548982,0.4929364202292669,5.6011759621451125,36.843533123028394,0.015614239272951093,2.82998018927445,22.52492113564669,0.007835530045022196,1.8630914826498424,0.00402220134195386,1.9444468750000041,16.553125,0.005470102952261012,0.0,1
23575.0,2022-03-30 05:40:00,369.56,369.65,369.56,369.65,1330.0,2,2,0.0,sell,False,0.25085910652919907,4.163492493946733,28.239017640954685,0.011578080659927173,0.1562501536683425,-0.2261857515197241,-0.14806067468555284,-0.00040056178556448826,50.13465956929396,84.44265635133459,78.54825879833469,96.2314514573344,1330.0,0.7299999999999613,1.0,2.909999999999968,64.0,0.007826157114810446,0.7299999999999613,11.0,0.00197874878022325,2.0,2.0,0.1562501536683425,-0.14806067468555284,-0.2261857515197241,50.13465956929396,84.44265635133459,78.54825879833469,96.2314514573344,32.70142180094749,36.96682464455122,34.75253310265226,0.024353284987545996,0.024353284987545996,0.0,0.0,0.08999999999997499,1.0,23576.0,23576.0,2022-03-30,2022-03-30 05:40:00,3.203029893142155,45.0,1.0,best_within_2.0d,23620.0,357.81,0.25085910652919907,2.909999999999968,64.0,0.007826157114810446,0.7299999999999613,11.0,0.00197874878022325,0.4929364202292669,5.6011759621451125,36.843533123028394,0.015614239272951093,2.82998018927445,22.52492113564669,0.007835530045022196,1.8630914826498424,0.00402220134195386,1.9444468750000041,16.553125,0.005470102952261012,0.0,1
23579.0,2022-03-30 06:00:00,369.67,369.67,369.1,369.52,6170.0,2,2,0.0,sell,False,0.2577319587628894,4.163492493946733,28.239017640954685,0.011578080659927173,0.12631141991878486,-0.1540485368907871,-0.09089282693139467,-0.0002459114396044625,46.20620869805547,79.13868648378963,80.2877636404522,76.84053217046448,6170.0,0.75,1.0,2.909999999999968,64.0,0.007826157114810446,0.75,15.0,0.0020329610755719396,2.0,2.0,0.12631141991878486,-0.09089282693139467,-0.1540485368907871,46.20620869805547,79.13868648378963,80.2877636404522,76.84053217046448,33.49282296650614,42.10526315789732,28.992889714808076,-0.040576730597569215,0.15442969384990332,0.0,0.4199999999999591,0.1500000000000341,0.0,23580.0,23580.0,2022-03-30,2022-03-30 06:00:00,3.1689759688244155,41.0,1.0,best_within_2.0d,23620.0,357.81,0.2577319587628894,2.909999999999968,64.0,0.007826157114810446,0.75,15.0,0.0020329610755719396,0.4929364202292669,5.6011759621451125,36.843533123028394,0.015614239272951093,2.82998018927445,22.52492113564669,0.007835530045022196,1.8630914826498424,0.00402220134195386,1.9444468750000041,16.553125,0.005470102952261012,1.0,1
23591.0,2022-03-30 07:00:00,369.41,369.819,369.33,369.7,21850.0,2,2,0.0,sell,False,0.30893470790378375,4.163492493946733,28.239017640954685,0.011578080659927173,0.1298697802654593,-0.10545787729232034,-0.040522987159590684,-0.00010968919763779139,57.11864438133412,75.7298798057307,66.66964396641292,93.85035148436626,21850.0,0.8990000000000009,1.0,2.909999999999968,64.0,0.007826157114810446,0.8990000000000009,27.0,0.002436842675918901,2.0,2.0,0.1298697802654593,-0.040522987159590684,-0.10545787729232034,57.11864438133412,75.7298798057307,66.66964396641292,93.85035148436626,24.977934686673073,32.362459546925145,30.83493066310789,0.07850355973037101,0.1324019169848192,0.1190000000000282,0.08000000000004093,0.2899999999999636,1.0,23592.0,23592.0,2022-03-30,2022-03-30 07:00:00,3.216121179334592,29.0,1.0,best_within_2.0d,23620.0,357.81,0.30893470790378375,2.909999999999968,64.0,0.007826157114810446,0.8990000000000009,27.0,0.002436842675918901,0.4929364202292669,5.6011759621451125,36.843533123028394,0.015614239272951093,2.82998018927445,22.52492113564669,0.007835530045022196,1.8630914826498424,0.00402220134195386,1.9444468750000041,16.553125,0.005470102952261012,0.0,1
23592.0,2022-03-30 07:05:00,359.59,359.59,358.94,359.43,16189.0,3a,3a,1.0,buy,False,0.003046990747211514,4.163492493946733,28.239017640954685,0.011578080659927173,-0.2218481299009271,0.07144278108082965,-0.0394812838696339,-0.00010978044066617663,44.877998912330455,36.92870487683413,36.32016989023265,38.1457748500371,16189.0,1.8700000000000045,2.0,1.8700000000000045,15.0,0.005182783182284318,1.8700000000000045,15.0,0.005182783182284318,3.0,3.0,-0.2218481299009271,-0.0394812838696339,0.07144278108082965,44.877998912330455,36.92870487683413,36.32016989023265,38.1457748500371,8.910273545397372,43.22373696872662,64.1357384979689,-0.0444951194415774,0.181088761352866,0.0,0.4900000000000091,0.15999999999996817,0.0,23593.0,23593.0,2022-03-30,2022-03-30 07:05:00,1.3128499324268392,28.0,1.0,best_within_2.0d,23620.0,357.81,0.5832424107187206,4.3760036431226785,32.22527881040892,0.012230020343504162,2.285057100371749,15.890706319702602,0.006381710269403211,0.4929364202292669,5.6011759621451125,36.843533123028394,0.015614239272951093,2.82998018927445,22.52492113564669,0.007835530045022196,1.8630914826498424,0.003046990747211514,1.8700000000000045,15.0,0.005182783182284318,0.0,0
23592.0,2022-03-30 07:05:00,362.4,363.19,362.14,362.57,1160519.0,1p,1p,0.0,sell,False,2.246365539123353,4.25,10.0,0.011840419011533961,0.6216617746434667,0.30742415966671843,0.6182550469884518,0.0017153526053943424,74.76480747923257,81.98857127721574,74.53531710798572,96.8950796156758,1160519.0,4.25,0.0,4.25,10.0,0.011840419011533961,4.25,0.0,0.0,1.0,1.0,0.6216617746434667,0.6182550469884518,0.30742415966671843,74.76480747923257,81.98857127721574,74.53531710798572,96.8950796156758,45.530233612170754,12.668854009636101,55.33945308035901,0.04690949227373508,0.28994311592202227,0.6200000000000045,0.2599999999999909,0.17000000000001592,1.0,23593.0,23593.0,2022-03-30,2022-03-30 07:05:00,1.3128499324268392,28.0,1.0,best_within_2.0d,23620.0,357.81,0.5832424107187206,4.3760036431226785,32.22527881040892,0.012230020343504162,2.285057100371749,15.890706319702602,0.006381710269403211,0.4929364202292669,5.6011759621451125,36.843533123028394,0.015614239272951093,2.82998018927445,22.52492113564669,0.007835530045022196,1.8630914826498424,0.00402220134195386,1.9444468750000041,16.553125,0.005470102952261012,0.0,1
23595.0,2022-03-30 07:20:00,369.73,369.9,369.73,369.83,19696.0,2,2,0.0,sell,False,0.33676975945016224,4.163492493946733,28.239017640954685,0.011578080659927173,0.1458255924916974,-0.04014527787947867,0.03276751836637004,8.868259370680936e-05,59.75853564011484,76.96226477374259,71.82823191004371,87.23033050114034,19696.0,0.9799999999999613,1.0,2.909999999999968,64.0,0.007826157114810446,0.9799999999999613,31.0,0.002656402472080563,2.0,2.0,0.1458255924916974,0.03276751836637004,-0.04014527787947867,59.75853564011484,76.96226477374259,71.82823191004371,87.23033050114034,35.3886520170533,15.086913742211019,29.052116700773325,0.02704676385469556,0.04597949855298706,0.06999999999999318,0.0,0.0999999999999659,1.0,23596.0,23596.0,2022-03-30,2022-03-30 07:20:00,3.2501419571154266,25.0,1.0,best_within_2.0d,23620.0,357.81,0.33676975945016224,2.909999999999968,64.0,0.007826157114810446,0.9799999999999613,31.0,0.002656402472080563,0.4929364202292669,5.6011759621451125,36.843533123028394,0.015614239272951093,2.82998018927445,22.52492113564669,0.007835530045022196,1.8630914826498424,0.00402220134195386,1.9444468750000041,16.553125,0.005470102952261012,0.0,1
23597.0,2022-03-30 07:30:00,369.8,370.0,369.73,370.0,5288.0,2,2,0.0,sell,False,0.37113402061855527,4.163492493946733,28.239017640954685,0.011578080659927173,0.16954805256539235,1.3448657716544355e-05,0.08478747494041272,0.00022943257690090583,63.64316373201949,87.16841397351533,78.92482349791852,103.65559492470894,5288.0,1.079999999999984,1.0,2.909999999999968,64.0,0.007826157114810446,1.079999999999984,33.0,0.00292746394882355,2.0,2.0,0.16954805256539235,0.08478747494041272,1.3448657716544355e-05,63.64316373201949,87.16841397351533,78.92482349791852,103.65559492470894,39.22840559917947,8.193922840559985,33.943473242711654,0.05408328826392337,0.073026262407698,0.0,0.06999999999999318,0.19999999999998863,1.0,23598.0,23598.0,2022-03-30,2022-03-30 07:30:00,3.2945945945945936,23.0,1.0,best_within_2.0d,23620.0,357.81,0.37113402061855527,2.909999999999968,64.0,0.007826157114810446,1.079999999999984,33.0,0.00292746394882355,0.4929364202292669,5.6011759621451125,36.843533123028394,0.015614239272951093,2.82998018927445,22.52492113564669,0.007835530045022196,1.8630914826498424,0.00402220134195386,1.9444468750000041,16.553125,0.005470102952261012,0.0,1
23598.0,2022-03-30 07:35:00,370.03,370.03,369.86,369.86,31461.0,2,2,0.0,sell,False,0.3814432989690615,4.163492493946733,28.239017640954685,0.011578080659927173,0.1539640473937109,0.01925895458193041,0.09624097827878586,0.0002604094126018869,58.62417509017457,83.68305223805277,80.51089974462994,90.02735722489842,31461.0,1.1099999999999568,1.0,2.909999999999968,64.0,0.007826157114810446,1.1099999999999568,34.0,0.0030087823918463538,2.0,2.0,0.1539640473937109,0.09624097827878586,0.01925895458193041,58.62417509017457,83.68305223805277,80.51089974462994,90.02735722489842,36.09902977584273,8.02944128471082,36.062424764040586,-0.04594222090099697,0.04596333747903506,0.0,0.0,0.16999999999995907,0.0,23599.0,23599.0,2022-03-30,2022-03-30 07:35:00,3.2579895095441547,22.0,1.0,best_within_2.0d,23620.0,357.81,0.3814432989690615,2.909999999999968,64.0,0.007826157114810446,1.1099999999999568,34.0,0.0030087823918463538,0.4929364202292669,5.6011759621451125,36.843533123028394,0.015614239272951093,2.82998018927445,22.52492113564669,0.007835530045022196,1.8630914826498424,0.00402220134195386,1.9444468750000041,16.553125,0.005470102952261012,1.0,1
23605.0,2022-03-30 08:10:00,369.6,369.67,368.83,369.02,145714.0,1p,1p,1.0,buy,False,0.3271288534533175,1.1999999999999886,8.0,0.0032429802988946537,-0.10348048508501623,0.06420979196991597,0.012469549427407856,3.373808848466913e-05,35.232934187844194,28.270680190207152,48.652961420005035,-12.493882269388607,145714.0,1.1999999999999886,0.0,1.1999999999999886,8.0,0.0032429802988946537,1.1999999999999886,0.0,0.0,1.0,1.0,-0.10348048508501623,0.012469549427407856,0.06420979196991597,35.232934187844194,28.270680190207152,48.652961420005035,-12.493882269388607,36.7391304347816,16.521739130434707,45.10832297282436,-0.156926406926418,0.2277472006073345,0.06999999999999318,0.18999999999999773,0.5800000000000409,0.0,23606.0,23606.0,2022-03-30,2022-03-30 08:10:00,0.6363882716384008,299.0,1.0,best_within_2.0d,23904.0,371.3684,0.5832424107187206,4.3760036431226785,32.22527881040892,0.012230020343504162,2.285057100371749,15.890706319702602,0.006381710269403211,0.4929364202292669,5.6011759621451125,36.843533123028394,0.015614239272951093,2.82998018927445,22.52492113564669,0.007835530045022196,1.8630914826498424,0.00402220134195386,1.9444468750000041,16.553125,0.005470102952261012,0.0,0
23606.0,2022-03-30 08:15:00,368.9,369.11,368.79,368.83,93060.0,1p,1p,1.0,buy,False,0.5815176163947753,1.2399999999999523,9.0,0.003351079642191045,-0.1839511385032902,0.041215899657004694,-0.0507596695946404,-0.00013735845603326003,32.11763426647792,19.42432070400482,38.9100811813383,-19.547200250662137,93060.0,1.2399999999999523,0.0,1.2399999999999523,9.0,0.003351079642191045,1.2399999999999523,0.0,0.0,1.0,1.0,-0.1839511385032902,-0.0507596695946404,0.041215899657004694,32.11763426647792,19.42432070400482,38.9100811813383,-19.547200250662137,35.95744680850947,17.021276595743753,44.43936932387627,-0.018975332068309345,0.08677024865099194,0.21000000000003638,0.03999999999996362,0.06999999999999318,0.0,23607.0,23607.0,2022-03-30,2022-03-30 08:15:00,0.6882303500257637,298.0,1.0,best_within_2.0d,23904.0,371.3684,0.5832424107187206,4.3760036431226785,32.22527881040892,0.012230020343504162,2.285057100371749,15.890706319702602,0.006381710269403211,0.4929364202292669,5.6011759621451125,36.843533123028394,0.015614239272951093,2.82998018927445,22.52492113564669,0.007835530045022196,1.8630914826498424,0.00402220134195386,1.9444468750000041,16.553125,0.005470102952261012,0.0,0
23607.0,2022-03-30 08:20:00,368.79,368.86,368.48,368.49,84887.0,1p,1p,1.0,buy,False,0.8500413172118462,1.5499999999999545,10.0,0.004188849552738845,-0.26889308882055124,0.0076042635544357915,-0.12684228085583982,-0.00034331455498412224,27.441666276386712,13.076773599107423,30.298978653928007,-21.36763651053375,84887.0,1.5499999999999545,0.0,1.5499999999999545,10.0,0.004188849552738845,1.5499999999999545,0.0,0.0,1.0,1.0,-0.26889308882055124,-0.12684228085583982,0.0076042635544357915,27.441666276386712,13.076773599107423,30.298978653928007,-21.36763651053375,34.419551934825904,22.60692464358379,42.74472049461981,-0.08134710811030976,0.10312635692574779,0.06999999999999318,0.009999999999990905,0.30000000000001137,0.0,23608.0,23608.0,2022-03-30,2022-03-30 08:20:00,0.7811338163857904,297.0,1.0,best_within_2.0d,23904.0,371.3684,0.5832424107187206,4.3760036431226785,32.22527881040892,0.012230020343504162,2.285057100371749,15.890706319702602,0.006381710269403211,0.4929364202292669,5.6011759621451125,36.843533123028394,0.015614239272951093,2.82998018927445,22.52492113564669,0.007835530045022196,1.8630914826498424,0.00402220134195386,1.9444468750000041,16.553125,0.005470102952261012,0.0,0
23608.0,2022-03-30 08:25:00,368.5,368.69,368.41,368.42,103415.0,1p,1p,1.0,buy,False,1.0024687229385945,1.6199999999999477,11.0,0.004378023403507683,-0.31711036381279034,-0.032034531922163004,-0.19058971382855816,-0.0005159629551558595,26.583552632619615,8.84176480337014,23.146574037075382,-19.767853664040345,103415.0,1.6199999999999477,0.0,1.6199999999999477,11.0,0.004378023403507683,1.6199999999999477,0.0,0.0,1.0,1.0,-0.31711036381279034,-0.19058971382855816,-0.032034531922163004,26.583552632619615,8.84176480337014,23.146574037075382,-19.767853664040345,32.6612903225801,23.790322580644524,40.81397515316741,-0.021709633649927836,0.07600228006839464,0.18999999999999773,0.009999999999990905,0.07999999999998408,0.0,23609.0,23609.0,2022-03-30,2022-03-30 08:25:00,0.8002822865208166,296.0,1.0,best_within_2.0d,23904.0,371.3684,0.5832424107187206,4.3760036431226785,32.22527881040892,0.012230020343504162,2.285057100371749,15.890706319702602,0.006381710269403211,0.4929364202292669,5.6011759621451125,36.843533123028394,0.015614239272951093,2.82998018927445,22.52492113564669,0.007835530045022196,1.8630914826498424,0.00402220134195386,1.9444468750000041,16.553125,0.005470102952261012,0.0,0
23609.0,2022-03-30 08:30:00,368.41,368.96,368.41,368.83,44008.0,1p,1p,1.0,buy,False,1.0024687229385945,1.6199999999999477,12.0,0.004378023403507683,-0.2777939786270986,-0.06675877925055032,-0.20565576856409962,-0.0005568117889030068,38.67881672484981,11.098970835455674,19.130706303202146,-4.96450010003727,44008.0,1.6199999999999477,0.0,1.6199999999999477,12.0,0.004378023403507683,1.6199999999999477,0.0,0.0,1.0,1.0,-0.2777939786270986,-0.20565576856409962,-0.06675877925055032,38.67881672484981,11.098970835455674,19.130706303202146,-4.96450010003727,32.76190476190491,22.476190476190013,39.228740474739276,0.11400342010259197,0.14929019299149168,0.12999999999999545,0.0,0.4199999999999591,1.0,23610.0,23610.0,2022-03-30,2022-03-30 08:30:00,0.6882303500257637,295.0,1.0,best_within_2.0d,23904.0,371.3684,0.5832424107187206,4.3760036431226785,32.22527881040892,0.012230020343504162,2.285057100371749,15.890706319702602,0.006381710269403211,0.4929364202292669,5.6011759621451125,36.843533123028394,0.015614239272951093,2.82998018927445,22.52492113564669,0.007835530045022196,1.8630914826498424,0.00402220134195386,1.9444468750000041,16.553125,0.005470102952261012,1.0,0
23619.0,2022-03-30 09:20:00,369.04,369.36,369.0,369.05,29318.0,2s,2s,0.0,sell,False,0.15120274914089435,4.163492493946733,28.239017640954685,0.011578080659927173,0.042494265645885765,-0.15907082510049286,-0.13782369227754998,-0.0003733652067003652,47.685785480210136,56.047443405667835,49.99194133985751,68.1584475372885,29318.0,0.9499999999999886,1.0,2.909999999999968,64.0,0.007826157114810446,0.9499999999999886,11.0,0.0025786487880350385,1.0,2.5,0.042494265645885765,-0.13782369227754998,-0.15907082510049286,47.685785480210136,56.047443405667835,49.99194133985751,68.1584475372885,28.042868633291384,20.21695180539347,27.99130436550806,0.0027097333622346912,0.09756097560975979,0.3100000000000023,0.040000000000020464,0.009999999999990905,1.0,23620.0,23620.0,2022-03-30,2022-03-30 09:20:00,3.0456577699498735,1.0,1.0,best_within_2.0d,23620.0,357.81,0.5832424107187206,4.3760036431226785,32.22527881040892,0.012230020343504162,2.285057100371749,15.890706319702602,0.006381710269403211,0.15120274914089435,2.909999999999968,64.0,0.007826157114810446,0.9499999999999886,11.0,0.0025786487880350385,1.0,0.00402220134195386,1.9444468750000041,16.553125,0.005470102952261012,0.0,1
23620.0,2022-03-30 09:25:00,358.0,358.09,357.69,357.81,20505.0,1p,1p,1.0,buy,False,2.1226671701451716,1.8600000000000136,13.0,0.00517313308302048,-0.3885370544651488,0.06967432994924508,-0.12459419728332932,-0.00034693538947421263,19.28296313417033,32.80273899076403,51.16817002069062,-3.9281230690891533,20505.0,1.8600000000000136,0.0,1.8600000000000136,13.0,0.00517313308302048,1.8600000000000136,0.0,0.0,1.0,1.0,-0.3885370544651488,-0.12459419728332932,0.06967432994924508,19.28296313417033,32.80273899076403,51.16817002069062,-3.9281230690891533,10.071942446043916,69.42446043165276,49.12312184666659,-0.05307262569832339,0.1118286784645859,0.08999999999997499,0.12000000000000455,0.18999999999999773,0.0,23621.0,23621.0,2022-03-30,2022-03-30 09:25:00,1.9767126997021423,268.0,1.0,best_within_2.0d,23888.0,362.0,0.5832424107187206,4.3760036431226785,32.22527881040892,0.012230020343504162,2.285057100371749,15.890706319702602,0.006381710269403211,0.4929364202292669,5.6011759621451125,36.843533123028394,0.015614239272951093,2.82998018927445,22.52492113564669,0.007835530045022196,1.8630914826498424,0.00402220134195386,1.9444468750000041,16.553125,0.005470102952261012,0.0,0
23620.0,2022-03-30 09:25:00,357.73,357.95,357.73,357.95,2200.0,2,2,1.0,buy,False,0.9646017699114862,4.163492493946733,28.239017640954685,0.011578080659927173,-0.05869948638446837,-0.2136149273629476,-0.24296467055518178,-0.0006776935855466174,38.96183732197398,31.221451272140648,46.13971812764206,1.3849175611378115,2200.0,1.089999999999975,1.0,1.1299999999999955,11.0,0.003159160166624718,1.089999999999975,6.0,0.00303773479739138,2.0,2.0,-0.05869948638446837,-0.24296467055518178,-0.2136149273629476,38.96183732197398,31.221451272140648,46.13971812764206,1.3849175611378115,31.93277310924236,34.733893557422185,38.83136872771103,0.06149889581527142,0.06149889581527142,0.0,0.0,0.21999999999997044,1.0,23621.0,23621.0,2022-03-30,2022-03-30 09:25:00,1.9767126997021423,268.0,1.0,best_within_2.0d,23888.0,362.0,0.9646017699114862,1.1299999999999955,11.0,0.003159160166624718,1.089999999999975,6.0,0.00303773479739138,0.4929364202292669,5.6011759621451125,36.843533123028394,0.015614239272951093,2.82998018927445,22.52492113564669,0.007835530045022196,1.8630914826498424,0.00402220134195386,1.9444468750000041,16.553125,0.005470102952261012,0.0,0
23620.0,2022-03-30 09:25:00,369.04,369.4,369.0,369.3,62974.0,2s,2s,0.0,sell,False,0.16494845360823596,4.163492493946733,28.239017640954685,0.011578080659927173,0.08845916860569825,-0.1480134290247806,-0.10378384472193147,-0.00028114197813577203,53.21265504038299,66.19379109927529,55.3925579263301,87.79625744516565,62974.0,0.9899999999999523,1.0,2.909999999999968,64.0,0.007826157114810446,0.9899999999999523,12.0,0.002687223473846943,1.0,2.5,0.08845916860569825,-0.10378384472193147,-0.1480134290247806,53.21265504038299,66.19379109927529,55.3925579263301,87.79625744516565,28.418196192389168,19.016687677612527,27.407626897959123,0.07045306741816358,0.10840108401083395,0.0999999999999659,0.040000000000020464,0.2599999999999909,1.0,23621.0,23621.0,2022-03-30,2022-03-30 09:25:00,1.9767126997021423,268.0,1.0,best_within_2.0d,23888.0,362.0,0.5832424107187206,4.3760036431226785,32.22527881040892,0.012230020343504162,2.285057100371749,15.890706319702602,0.006381710269403211,0.16494845360823596,2.909999999999968,64.0,0.007826157114810446,0.9899999999999523,12.0,0.002687223473846943,1.0,0.00402220134195386,1.9444468750000041,16.553125,0.005470102952261012,0.0,1
23621.0,2022-03-30 09:30:00,369.275,369.98,369.275,369.98,1375622.0,2s,2s,0.0,sell,False,0.3642611683848845,4.163492493946733,28.239017640954685,0.011578080659927173,0.2021227466529038,-0.12274808569316761,-0.02168671236671571,-5.873776578683504e-05,64.26990766303544,77.46252739951686,62.749214417392345,106.88915336376589,1375622.0,1.5699999999999932,1.0,2.909999999999968,64.0,0.007826157114810446,1.5699999999999932,13.0,0.0042615564181210965,1.0,2.5,0.2021227466529038,-0.02168671236671571,-0.12274808569316761,64.26990766303544,77.46252739951686,62.749214417392345,106.88915336376589,38.16107570278389,11.588180056341145,29.265200306567674,0.19091463001829015,0.19091463001829015,0.0,0.0,0.7050000000000409,1.0,23622.0,23622.0,2022-03-30,2022-03-30 09:30:00,2.156873344505113,267.0,1.0,best_within_2.0d,23888.0,362.0,0.5832424107187206,4.3760036431226785,32.22527881040892,0.012230020343504162,2.285057100371749,15.890706319702602,0.006381710269403211,0.3642611683848845,2.909999999999968,64.0,0.007826157114810446,1.5699999999999932,13.0,0.0042615564181210965,1.0,0.00402220134195386,1.9444468750000041,16.553125,0.005470102952261012,0.0,1
23622.0,2022-03-30 09:35:00,369.96,370.08,368.71,368.96,1138882.0,2s,2s,0.0,sell,False,0.398625429553258,4.163492493946733,28.239017640954685,0.011578080659927173,0.1348193745173487,-0.10589566387849902,-0.03848597661982467,-0.00010424331393348564,46.51294707427203,58.116505076895756,61.20497797056015,51.93955928956697,1138882.0,1.669999999999959,1.0,2.909999999999968,64.0,0.007826157114810446,1.669999999999959,14.0,0.004532993132651011,1.0,2.5,0.1348193745173487,-0.03848597661982467,-0.10589566387849902,46.51294707427203,58.116505076895756,61.20497797056015,51.93955928956697,31.336647470919658,17.637118340961287,29.17291452252618,-0.2702994918369554,0.3715657291638428,0.12000000000000455,0.25,1.0,0.0,23623.0,23623.0,2022-03-30,2022-03-30 09:35:00,1.8863833477883725,266.0,1.0,best_within_2.0d,23888.0,362.0,0.5832424107187206,4.3760036431226785,32.22527881040892,0.012230020343504162,2.285057100371749,15.890706319702602,0.006381710269403211,0.398625429553258,2.909999999999968,64.0,0.007826157114810446,1.669999999999959,14.0,0.004532993132651011,1.0,0.00402220134195386,1.9444468750000041,16.553125,0.005470102952261012,0.0,1
23624.0,2022-03-30 09:45:00,369.71,370.31,369.23,370.22,825816.0,2s,2s,0.0,sell,False,0.47766323024055035,4.163492493946733,28.239017640954685,0.011578080659927173,0.2676460471410608,-0.0501749812253842,0.08364804234514622,0.00022650283644985175,61.23820603274993,72.97850532061437,65.36072215127564,88.21407165929185,825816.0,1.8999999999999773,1.0,2.909999999999968,64.0,0.007826157114810446,1.8999999999999773,16.0,0.005157297576070077,1.0,2.5,0.2676460471410608,0.08364804234514622,-0.0501749812253842,61.23820603274993,72.97850532061437,65.36072215127564,88.21407165929185,26.50495573449304,15.37493385202783,28.432762112062143,0.13794595764248946,0.2925006093762652,0.08999999999997499,0.47999999999996135,0.5100000000000477,1.0,23625.0,23625.0,2022-03-30,2022-03-30 09:45:00,2.2203014423856158,264.0,1.0,best_within_2.0d,23888.0,362.0,0.5832424107187206,4.3760036431226785,32.22527881040892,0.012230020343504162,2.285057100371749,15.890706319702602,0.006381710269403211,0.47766323024055035,2.909999999999968,64.0,0.007826157114810446,1.8999999999999773,16.0,0.005157297576070077,1.0,0.00402220134195386,1.9444468750000041,16.553125,0.005470102952261012,0.0,1
23625.0,2022-03-30 09:50:00,370.22,370.3698,369.21,369.56,916577.0,2s,2s,0.0,sell,False,0.49821305841924324,4.163492493946733,28.239017640954685,0.011578080659927173,0.22640471348004565,-0.02187439204037849,0.09132796469964433,0.00024728581473901034,52.70916667976862,65.82006155801585,65.51383528685571,66.43251410033614,916577.0,1.959799999999973,1.0,2.909999999999968,64.0,0.007826157114810446,1.959799999999973,17.0,0.00531961673135901,1.0,2.5,0.22640471348004565,0.09132796469964433,-0.02187439204037849,52.70916667976862,65.82006155801585,65.51383528685571,66.43251410033614,24.20998013085804,13.604667350063037,28.405101632266,-0.17827237858571254,0.3141301698220575,0.14979999999997062,0.35000000000002274,0.660000000000025,0.0,23626.0,23626.0,2022-03-30,2022-03-30 09:50:00,2.362268643792623,381.0,1.0,best_within_2.0d,24006.0,360.83,0.5832424107187206,4.3760036431226785,32.22527881040892,0.012230020343504162,2.285057100371749,15.890706319702602,0.006381710269403211,0.49821305841924324,2.909999999999968,64.0,0.007826157114810446,1.959799999999973,17.0,0.00531961673135901,1.0,0.00402220134195386,1.9444468750000041,16.553125,0.005470102952261012,0.0,1
23629.0,2022-03-30 10:10:00,369.26,370.65,369.26,370.635,839461.0,2s,2s,0.0,sell,False,0.5945017182130516,4.163492493946733,28.239017640954685,0.011578080659927173,0.22319025990996538,0.07217945562298175,0.18377458557796444,0.0004974008846982985,61.14090490542691,69.08224661060198,64.11601933808316,79.01470115563961,839461.0,2.2399999999999523,1.0,2.909999999999968,64.0,0.007826157114810446,2.2399999999999523,21.0,0.006080182405472034,1.0,2.5,0.22319025990996538,0.18377458557796444,0.07217945562298175,61.14090490542691,69.08224661060198,64.11601933808316,79.01470115563961,24.775260360521013,11.419304642900327,30.92631496883129,0.3723663543302822,0.37642853274115434,0.014999999999986358,0.0,1.375,1.0,23630.0,23630.0,2022-03-30,2022-03-30 10:10:00,2.6454598189593557,377.0,1.0,best_within_2.0d,24006.0,360.83,0.5832424107187206,4.3760036431226785,32.22527881040892,0.012230020343504162,2.285057100371749,15.890706319702602,0.006381710269403211,0.5945017182130516,2.909999999999968,64.0,0.007826157114810446,2.2399999999999523,21.0,0.006080182405472034,1.0,0.00402220134195386,1.9444468750000041,16.553125,0.005470102952261012,0.0,1
23630.0,2022-03-30 10:15:00,370.63,370.86,369.89,370.09,877001.0,2s,2s,0.0,sell,False,0.6666666666666732,4.163492493946733,28.239017640954685,0.011578080659927173,0.2124799007416947,0.09873944321569358,0.20497939358654094,0.0005547244445758202,55.39212505273007,67.45017991094355,65.22740619570328,71.89572734142408,877001.0,2.4499999999999886,1.0,2.909999999999968,64.0,0.007826157114810446,2.4499999999999886,22.0,0.006650199505985149,1.0,2.5,0.2124799007416947,0.20497939358654094,0.09873944321569358,55.39212505273007,67.45017991094355,65.22740619570328,71.89572734142408,24.943389957947247,9.42655557401249,31.942043910094895,-0.1456978657960825,0.2622401254427066,0.2300000000000182,0.19999999999998863,0.5400000000000205,0.0,23631.0,23631.0,2022-03-30,2022-03-30 10:15:00,2.5020940852225113,376.0,1.0,best_within_2.0d,24006.0,360.83,0.5832424107187206,4.3760036431226785,32.22527881040892,0.012230020343504162,2.285057100371749,15.890706319702602,0.006381710269403211,0.6666666666666732,2.909999999999968,64.0,0.007826157114810446,2.4499999999999886,22.0,0.006650199505985149,1.0,0.00402220134195386,1.9444468750000041,16.553125,0.005470102952261012,0.0,1
23634.0,2022-03-30 10:35:00,370.37,370.98,370.2,370.78,556101.0,2s,2s,0.0,sell,False,0.707903780068737,4.163492493946733,28.239017640954685,0.011578080659927173,0.2397753838883735,0.22001983102815265,0.3399075229723394,0.0009191870698730996,60.17994665815839,80.18094209901878,74.78607127697228,90.97068374311178,556101.0,2.569999999999993,1.0,2.909999999999968,64.0,0.007826157114810446,2.569999999999993,26.0,0.006975923563421169,1.0,2.5,0.2397753838883735,0.3399075229723394,0.22001983102815265,60.17994665815839,80.18094209901878,74.78607127697228,90.97068374311178,22.10190436811086,10.440087689870971,33.56666686575126,0.11070011070010212,0.2106969205834764,0.20000000000004547,0.17000000000001592,0.40999999999996817,1.0,23635.0,23635.0,2022-03-30,2022-03-30 10:35:00,2.6835320135929632,372.0,1.0,best_within_2.0d,24006.0,360.83,0.5832424107187206,4.3760036431226785,32.22527881040892,0.012230020343504162,2.285057100371749,15.890706319702602,0.006381710269403211,0.707903780068737,2.909999999999968,64.0,0.007826157114810446,2.569999999999993,26.0,0.006975923563421169,1.0,0.00402220134195386,1.9444468750000041,16.553125,0.005470102952261012,1.0,1
23639.0,2022-03-30 11:00:00,369.1,369.23,368.545,368.75,795671.0,2,2,1.0,buy,False,0.947470817120626,4.163492493946733,28.239017640954685,0.011578080659927173,-0.30619282762715777,0.1929321689227879,0.039835755109209,0.00010774924202637298,40.557269090466285,27.576609589468983,47.397302427326835,-12.064776086246724,795671.0,2.4350000000000023,1.0,2.569999999999993,26.0,0.006975923563421169,2.4350000000000023,6.0,0.006563696156127021,2.0,2.0,-0.30619282762715777,0.039835755109209,0.1929321689227879,40.557269090466285,27.576609589468983,47.397302427326835,-12.064776086246724,14.849747554291923,22.663414721949596,29.99369524863976,-0.09482525060959705,0.18586604078199467,0.12999999999999545,0.20499999999998408,0.35000000000002274,0.0,23640.0,23640.0,2022-03-30,2022-03-30 11:00:00,0.7100745762711888,265.0,1.0,best_within_2.0d,23904.0,371.3684,0.947470817120626,2.569999999999993,26.0,0.006975923563421169,2.4350000000000023,6.0,0.006563696156127021,0.4929364202292669,5.6011759621451125,36.843533123028394,0.015614239272951093,2.82998018927445,22.52492113564669,0.007835530045022196,1.8630914826498424,0.00402220134195386,1.9444468750000041,16.553125,0.005470102952261012,0.0,0
23640.0,2022-03-30 11:05:00,368.75,368.8,367.99,368.0,792039.0,1,1,1.0,buy,False,1.4945157040736967,2.990000000000009,7.0,0.008059733678365434,-0.47275915744579644,0.13383727424206332,-0.1025423044808349,-0.0002774552123990346,35.304769767668844,18.49588911315759,37.76349798927042,-20.03932863906806,792039.0,2.990000000000009,1.0,2.990000000000009,7.0,0.008059733678365434,2.990000000000009,7.0,0.008059733678365434,1.0,1.0,-0.47275915744579644,-0.1025423044808349,0.13383727424206332,35.304769767668844,18.49588911315759,37.76349798927042,-20.03932863906806,14.863124138614731,27.68324430472099,30.003582289532424,-0.2033898305084746,0.2201146770292677,0.05000000000001137,0.009999999999990905,0.75,0.0,23641.0,23641.0,2022-03-30,2022-03-30 11:05:00,0.915326086956524,264.0,1.0,best_within_2.0d,23904.0,371.3684,0.5832424107187206,4.3760036431226785,32.22527881040892,0.012230020343504162,2.285057100371749,15.890706319702602,0.006381710269403211,0.4929364202292669,5.6011759621451125,36.843533123028394,0.015614239272951093,2.82998018927445,22.52492113564669,0.007835530045022196,1.8630914826498424,0.00402220134195386,1.9444468750000041,16.553125,0.005470102952261012,0.0,0
23641.0,2022-03-30 11:10:00,367.99,368.309,367.61,368.2416,768249.0,1,1,1.0,buy,False,1.6564399060431738,3.3700000000000045,8.0,0.009084047657555674,-0.5239805324266766,0.06833970768872874,-0.19365055852460955,-0.0005241133380900164,38.08642641817938,18.577872662975395,31.368289547172076,-7.002961105417967,768249.0,3.3700000000000045,1.0,3.3700000000000045,8.0,0.009084047657555674,3.3700000000000045,8.0,0.009084047657555674,1.0,1.0,-0.5239805324266766,-0.19365055852460955,0.06833970768872874,38.08642641817938,18.577872662975395,31.368289547172076,-7.002961105417967,13.17762530104102,31.382741854864264,30.778680116577696,0.06837142313649726,0.19014716683442026,0.06740000000002055,0.37999999999999545,0.25159999999999627,1.0,23642.0,23642.0,2022-03-30,2022-03-30 11:10:00,0.8491164496352402,263.0,1.0,best_within_2.0d,23904.0,371.3684,0.5832424107187206,4.3760036431226785,32.22527881040892,0.012230020343504162,2.285057100371749,15.890706319702602,0.006381710269403211,0.4929364202292669,5.6011759621451125,36.843533123028394,0.015614239272951093,2.82998018927445,22.52492113564669,0.007835530045022196,1.8630914826498424,0.00402220134195386,1.9444468750000041,16.553125,0.005470102952261012,1.0,0
23646.0,2022-03-30 11:35:00,368.73,369.045,368.5889,368.78,563511.0,2s,2s,0.0,sell,False,0.04295532646048157,4.163492493946733,28.239017640954685,0.011578080659927173,-0.2528845572650318,-0.18950046737932635,-0.31594274601184225,-0.0008558291108446537,45.621038639990765,36.23547670241021,28.225181953025903,52.256066201178825,563511.0,1.4350000000000023,1.0,2.909999999999968,64.0,0.007826157114810446,1.4350000000000023,6.0,0.003903593482223014,2.0,2.5,-0.2528845572650318,-0.31594274601184225,-0.18950046737932635,45.621038639990765,36.23547670241021,28.225181953025903,52.256066201178825,14.616907911292202,35.6670058314461,35.222489998605205,0.013560057494631446,0.12374219625170269,0.2650000000000432,0.14109999999999445,0.049999999999954525,1.0,23647.0,23647.0,2022-03-30,2022-03-30 11:35:00,2.353706817072496,381.0,1.0,best_within_2.0d,24027.0,360.1,0.5832424107187206,4.3760036431226785,32.22527881040892,0.012230020343504162,2.285057100371749,15.890706319702602,0.006381710269403211,0.04295532646048157,2.909999999999968,64.0,0.007826157114810446,1.4350000000000023,6.0,0.003903593482223014,2.0,0.00402220134195386,1.9444468750000041,16.553125,0.005470102952261012,0.0,1
23650.0,2022-03-30 11:55:00,368.6975,369.13,368.6,369.04,531452.0,2s,2s,0.0,sell,False,0.07216494845360201,4.163492493946733,28.239017640954685,0.011578080659927173,-0.004410775307613801,-0.24320521653369104,-0.24541060418749794,-0.0006649657576846593,49.6262827453145,71.53806157756307,55.3081823278053,103.99782007707861,531452.0,1.5199999999999818,1.0,2.909999999999968,64.0,0.007826157114810446,1.5199999999999818,10.0,0.004134816789532335,2.0,2.5,-0.004410775307613801,-0.24541060418749794,-0.24320521653369104,49.6262827453145,71.53806157756307,55.3081823278053,103.99782007707861,17.86968207462584,36.30959587399216,36.98644762063339,0.09289458160145636,0.1437873033098135,0.08999999999997499,0.09749999999996817,0.34250000000002956,1.0,23651.0,23651.0,2022-03-30,2022-03-30 11:55:00,2.576956427487548,381.0,1.0,best_within_2.0d,24031.0,359.53,0.5832424107187206,4.3760036431226785,32.22527881040892,0.012230020343504162,2.285057100371749,15.890706319702602,0.006381710269403211,0.07216494845360201,2.909999999999968,64.0,0.007826157114810446,1.5199999999999818,10.0,0.004134816789532335,2.0,0.00402220134195386,1.9444468750000041,16.553125,0.005470102952261012,0.0,1
23651.0,2022-03-30 12:00:00,369.03,369.5271,368.91,369.285,649106.0,2s,2s,0.0,sell,False,0.2086254295532678,4.163492493946733,28.239017640954685,0.011578080659927173,0.08591639953994407,-0.23246566659119802,-0.189507466821226,-0.0005134669016144218,52.59712091547122,76.37970056085243,62.332021738821,104.47505820491529,649106.0,1.917100000000005,1.0,2.909999999999968,64.0,0.007826157114810446,1.917100000000005,11.0,0.005215037675797733,2.0,2.5,0.08591639953994407,-0.189507466821226,-0.23246566659119802,52.59712091547122,76.37970056085243,62.332021738821,104.47505820491529,23.839887997963245,30.53582792414356,35.2241449437609,0.06910007316479752,0.16727657152150754,0.24209999999999354,0.1199999999999477,0.2550000000000523,1.0,23652.0,23652.0,2022-03-30,2022-03-30 12:00:00,2.749908607173329,381.0,1.0,best_within_2.0d,24032.0,359.13,0.5832424107187206,4.3760036431226785,32.22527881040892,0.012230020343504162,2.285057100371749,15.890706319702602,0.006381710269403211,0.2086254295532678,2.909999999999968,64.0,0.007826157114810446,1.917100000000005,11.0,0.005215037675797733,2.0,0.00402220134195386,1.9444468750000041,16.553125,0.005470102952261012,1.0,1
23658.0,2022-03-30 12:35:00,369.26,369.68,369.241,369.6209,359510.0,2s,2s,0.0,sell,False,0.2611683848797248,4.163492493946733,28.239017640954685,0.011578080659927173,0.21887367917473172,-0.1258749538470653,-0.016438114259699432,-4.453704618211454e-05,57.97223273782334,74.39097271948509,65.40224020195589,92.36843775454349,359510.0,2.069999999999993,1.0,2.909999999999968,64.0,0.007826157114810446,2.069999999999993,18.0,0.005630967601534216,2.0,2.5,0.21887367917473172,-0.016438114259699432,-0.1258749538470653,57.97223273782334,74.39097271948509,65.40224020195589,92.36843775454349,34.513837501850865,11.086280893887977,32.16199193506899,0.09773601256567598,0.11889253901923715,0.05910000000000082,0.019000000000005457,0.3609000000000151,1.0,23659.0,23659.0,2022-03-30,2022-03-30 12:35:00,2.8382864713548424,374.0,1.0,best_within_2.0d,24032.0,359.13,0.5832424107187206,4.3760036431226785,32.22527881040892,0.012230020343504162,2.285057100371749,15.890706319702602,0.006381710269403211,0.2611683848797248,2.909999999999968,64.0,0.007826157114810446,2.069999999999993,18.0,0.005630967601534216,2.0,0.00402220134195386,1.9444468750000041,16.553125,0.005470102952261012,0.0,1
23659.0,2022-03-30 12:40:00,369.64,369.8901,369.46,369.8699,248031.0,2s,2s,0.0,sell,False,0.33336769759450613,4.163492493946733,28.239017640954685,0.011578080659927173,0.27887178458857764,-0.09101598077349309,0.04841991152079572,0.0001311672187904649,60.915353407006656,82.4692964174377,71.09125894044982,105.22537137141347,248031.0,2.2801000000000045,1.0,2.909999999999968,64.0,0.007826157114810446,2.2801000000000045,19.0,0.0062024972117189535,2.0,2.5,0.27887178458857764,0.04841991152079572,-0.09101598077349309,60.915353407006656,82.4692964174377,71.09125894044982,105.22537137141347,33.7488827209872,11.74671872794855,33.319069619426905,0.06219564982144424,0.11641314350675001,0.020200000000045293,0.18000000000000682,0.22989999999998645,1.0,23660.0,23660.0,2022-03-30,2022-03-30 12:40:00,2.9036966782103595,373.0,1.0,best_within_2.0d,24032.0,359.13,0.5832424107187206,4.3760036431226785,32.22527881040892,0.012230020343504162,2.285057100371749,15.890706319702602,0.006381710269403211,0.33336769759450613,2.909999999999968,64.0,0.007826157114810446,2.2801000000000045,19.0,0.0062024972117189535,2.0,0.00402220134195386,1.9444468750000041,16.553125,0.005470102952261012,0.0,1
23660.0,2022-03-30 12:45:00,369.86,369.97,369.55,369.78,275922.0,2s,2s,0.0,sell,False,0.3608247422680491,4.163492493946733,28.239017640954685,0.011578080659927173,0.2920436496357324,-0.05451052456902653,0.09151130024883969,0.00024786821267309153,59.300709827374725,84.22684277291431,75.46978688460464,101.74095454953363,275922.0,2.3600000000000136,1.0,2.909999999999968,64.0,0.007826157114810446,2.3600000000000136,20.0,0.006419847120589793,2.0,2.5,0.2920436496357324,0.09151130024883969,-0.05451052456902653,59.300709827374725,84.22684277291431,75.46978688460464,101.74095454953363,30.706513168270767,11.813594070335977,34.11291504452528,-0.02162980587250336,0.11365173860100551,0.11000000000001364,0.22999999999996135,0.08000000000004093,0.0,23661.0,23661.0,2022-03-30,2022-03-30 12:45:00,2.8800908648385466,372.0,1.0,best_within_2.0d,24032.0,359.13,0.5832424107187206,4.3760036431226785,32.22527881040892,0.012230020343504162,2.285057100371749,15.890706319702602,0.006381710269403211,0.3608247422680491,2.909999999999968,64.0,0.007826157114810446,2.3600000000000136,20.0,0.006419847120589793,2.0,0.00402220134195386,1.9444468750000041,16.553125,0.005470102952261012,0.0,1
23662.0,2022-03-30 12:55:00,369.88,370.07,369.82,369.985,248039.0,2s,2s,0.0,sell,False,0.3951890034364226,4.163492493946733,28.239017640954685,0.011578080659927173,0.30027316072555726,0.020207522065992668,0.1703441024287713,0.000461264103035588,61.88851852485456,89.56071097848155,82.80325876691823,103.07561540160819,248039.0,2.4599999999999795,1.0,2.909999999999968,64.0,0.007826157114810446,2.4599999999999795,22.0,0.006691874540953672,2.0,2.5,0.30027316072555726,0.1703441024287713,0.020207522065992668,61.88851852485456,89.56071097848155,82.80325876691823,103.07561540160819,32.337407825683044,9.802032817378254,36.780568990012334,0.028387585162760406,0.06760045427505272,0.08499999999997954,0.060000000000002274,0.10500000000001819,1.0,23663.0,23663.0,2022-03-30,2022-03-30 12:55:00,2.933902725786185,370.0,1.0,best_within_2.0d,24032.0,359.13,0.5832424107187206,4.3760036431226785,32.22527881040892,0.012230020343504162,2.285057100371749,15.890706319702602,0.006381710269403211,0.3951890034364226,2.909999999999968,64.0,0.007826157114810446,2.4599999999999795,22.0,0.006691874540953672,2.0,0.00402220134195386,1.9444468750000041,16.553125,0.005470102952261012,1.0,1
23667.0,2022-03-30 13:20:00,369.3,369.31,368.88,369.2101,377828.0,2,2,1.0,buy,False,0.48373983739837706,4.163492493946733,28.239017640954685,0.011578080659927173,0.009875305998855222,0.10896727107509041,0.11390492407451802,0.0003083779274422161,47.77330468807814,48.261948116664584,64.49711612401028,15.791612101973186,377828.0,1.1899999999999977,1.0,2.4599999999999795,22.0,0.006691874540953672,1.1899999999999977,6.0,0.0032156078579728097,2.0,2.0,0.009875305998855222,0.11390492407451802,0.10896727107509041,47.77330468807814,48.261948116664584,64.49711612401028,15.791612101973186,21.237714229268718,17.121878138325233,31.74053744308059,-0.02434335228811267,0.11656907395359109,0.009999999999990905,0.3301000000000158,0.08990000000000009,0.0,23668.0,23668.0,2022-03-30,2022-03-30 13:20:00,0.5845723072039462,237.0,1.0,best_within_2.0d,23904.0,371.3684,0.48373983739837706,2.4599999999999795,22.0,0.006691874540953672,1.1899999999999977,6.0,0.0032156078579728097,0.4929364202292669,5.6011759621451125,36.843533123028394,0.015614239272951093,2.82998018927445,22.52492113564669,0.007835530045022196,1.8630914826498424,0.00402220134195386,1.9444468750000041,16.553125,0.005470102952261012,0.0,0
23671.0,2022-03-30 13:40:00,368.97,369.08,368.75,368.86,403893.0,2,2,1.0,buy,False,0.5365853658536602,4.163492493946733,28.239017640954685,0.011578080659927173,-0.15883159380848974,0.05778807670481183,-0.021627720199433043,-5.8567354009897335e-05,43.10802152747885,20.459668971277353,34.488035555448086,-7.597064197064114,403893.0,1.3199999999999932,1.0,2.4599999999999795,22.0,0.006691874540953672,1.3199999999999932,10.0,0.003566892750020248,2.0,2.0,-0.15883159380848974,-0.021627720199433043,0.05778807670481183,43.10802152747885,20.459668971277353,34.488035555448086,-7.597064197064114,19.33357384146167,20.82581745433116,25.065717351431854,-0.029812721901513305,0.0894915254237245,0.1099999999999568,0.11000000000001364,0.11000000000001364,0.0,23672.0,23672.0,2022-03-30,2022-03-30 13:40:00,0.6800412080464118,233.0,1.0,best_within_2.0d,23904.0,371.3684,0.5365853658536602,2.4599999999999795,22.0,0.006691874540953672,1.3199999999999932,10.0,0.003566892750020248,0.4929364202292669,5.6011759621451125,36.843533123028394,0.015614239272951093,2.82998018927445,22.52492113564669,0.007835530045022196,1.8630914826498424,0.00402220134195386,1.9444468750000041,16.553125,0.005470102952261012,0.0,0
23672.0,2022-03-30 13:45:00,368.86,369.01,368.59,368.955,420521.0,2,2,1.0,buy,False,0.601626016260175,4.163492493946733,28.239017640954685,0.011578080659927173,-0.16315264213453992,0.037393996437994334,-0.04418232462927563,-0.00011965247571541906,44.830359683144955,22.424376185424286,30.466815765440153,6.339497025392561,420521.0,1.4800000000000182,1.0,2.4599999999999795,22.0,0.006691874540953672,1.4800000000000182,11.0,0.0039992433863864085,2.0,2.0,-0.16315264213453992,-0.04418232462927563,0.037393996437994334,44.830359683144955,22.424376185424286,30.466815765440153,6.339497025392561,12.485195420450152,23.522831951573348,25.464827992876682,0.025755029008287817,0.11394774681896305,0.05500000000000682,0.27000000000003865,0.09499999999997044,1.0,23673.0,23673.0,2022-03-30,2022-03-30 13:45:00,0.6541177108319508,232.0,1.0,best_within_2.0d,23904.0,371.3684,0.601626016260175,2.4599999999999795,22.0,0.006691874540953672,1.4800000000000182,11.0,0.0039992433863864085,0.4929364202292669,5.6011759621451125,36.843533123028394,0.015614239272951093,2.82998018927445,22.52492113564669,0.007835530045022196,1.8630914826498424,0.00402220134195386,1.9444468750000041,16.553125,0.005470102952261012,0.0,0
23674.0,2022-03-30 13:55:00,368.8,368.93,368.26,368.405,484843.0,2,2,1.0,buy,False,0.7357723577235843,4.163492493946733,28.239017640954685,0.011578080659927173,-0.22539038746689952,-0.01236332086390619,-0.12505851459735595,-0.0003387614676891997,37.35130832714192,16.795891029007077,23.798644304464162,2.7903844780929035,484843.0,1.8100000000000023,1.0,2.4599999999999795,22.0,0.006691874540953672,1.8100000000000023,13.0,0.004890966573891432,2.0,2.0,-0.22539038746689952,-0.12505851459735595,-0.01236332086390619,37.35130832714192,16.795891029007077,23.798644304464162,2.7903844780929035,8.305195948216557,30.08433214382928,28.72614091193452,-0.10710412147506472,0.18193667517515233,0.12999999999999545,0.1449999999999818,0.39500000000003865,0.0,23675.0,23675.0,2022-03-30,2022-03-30 13:55:00,0.8043864768393577,230.0,1.0,best_within_2.0d,23904.0,371.3684,0.7357723577235843,2.4599999999999795,22.0,0.006691874540953672,1.8100000000000023,13.0,0.004890966573891432,0.4929364202292669,5.6011759621451125,36.843533123028394,0.015614239272951093,2.82998018927445,22.52492113564669,0.007835530045022196,1.8630914826498424,0.00402220134195386,1.9444468750000041,16.553125,0.005470102952261012,0.0,0
23678.0,2022-03-30 14:15:00,368.64,368.66,368.04,368.165,325985.0,2,2,1.0,buy,False,0.8252032520325161,4.163492493946733,28.239017640954685,0.011578080659927173,-0.20630779462534377,-0.10618472728742134,-0.20933862460009323,-0.000567308010153397,36.054351600617494,23.311349590842255,26.094194420863204,17.745659930800358,325985.0,2.0299999999999727,1.0,2.4599999999999795,22.0,0.006691874540953672,2.0299999999999727,17.0,0.00548544869889473,2.0,2.0,-0.20630779462534377,-0.20933862460009323,-0.10618472728742134,36.054351600617494,23.311349590842255,26.094194420863204,17.745659930800358,7.277403515950182,27.180663734272482,35.570305163704326,-0.12885199652776855,0.16845995000543543,0.020000000000038654,0.125,0.4749999999999659,0.0,23679.0,23679.0,2022-03-30,2022-03-30 14:15:00,0.8700990045224254,226.0,1.0,best_within_2.0d,23904.0,371.3684,0.8252032520325161,2.4599999999999795,22.0,0.006691874540953672,2.0299999999999727,17.0,0.00548544869889473,0.4929364202292669,5.6011759621451125,36.843533123028394,0.015614239272951093,2.82998018927445,22.52492113564669,0.007835530045022196,1.8630914826498424,0.00402220134195386,1.9444468750000041,16.553125,0.005470102952261012,0.0,0
23679.0,2022-03-30 14:20:00,368.18,368.2124,367.89,368.04,362672.0,2,2,1.0,buy,False,0.886178861788628,4.163492493946733,28.239017640954685,0.011578080659927173,-0.2364896035247609,-0.13574592772801647,-0.2539907294903969,-0.0006884484377595788,34.62843057941902,19.74258039949804,23.976989747074814,11.273761704344487,362672.0,2.180000000000007,1.0,2.4599999999999795,22.0,0.006691874540953672,2.180000000000007,18.0,0.005890777420488034,2.0,2.0,-0.2364896035247609,-0.2539907294903969,-0.13574592772801647,34.62843057941902,19.74258039949804,23.976989747074814,11.273761704344487,6.366613357703145,30.614576193740266,37.7130240111545,-0.038024879135201896,0.08763489086412135,0.032399999999995543,0.1500000000000341,0.13999999999998636,0.0,23680.0,23680.0,2022-03-30,2022-03-30 14:20:00,0.9043582219323952,225.0,1.0,best_within_2.0d,23904.0,371.3684,0.886178861788628,2.4599999999999795,22.0,0.006691874540953672,2.180000000000007,18.0,0.005890777420488034,0.4929364202292669,5.6011759621451125,36.843533123028394,0.015614239272951093,2.82998018927445,22.52492113564669,0.007835530045022196,1.8630914826498424,0.00402220134195386,1.9444468750000041,16.553125,0.005470102952261012,0.0,0
23680.0,2022-03-30 14:25:00,368.06,368.16,367.55,367.8039,616889.0,1,1,1.0,buy,False,0.8556568521965195,2.519999999999982,19.0,0.006809522522765914,-0.2706693622586395,-0.16957959801034642,-0.3049142791396662,-0.0008266652917397154,32.050104237715075,18.76657677847306,22.24018542420756,11.819359487004057,616889.0,2.519999999999982,1.0,2.519999999999982,19.0,0.006809522522765914,2.519999999999982,19.0,0.006809522522765914,1.0,1.0,-0.2706693622586395,-0.3049142791396662,-0.16957959801034642,32.050104237715075,18.76657677847306,22.24018542420756,11.819359487004057,6.592540020503135,33.751281444680394,39.827680678737025,-0.06958104656849523,0.16596381444701772,0.10000000000002274,0.25389999999998736,0.25610000000000355,0.0,23681.0,23681.0,2022-03-30,2022-03-30 14:25:00,0.9691305611495717,224.0,1.0,best_within_2.0d,23904.0,371.3684,0.5832424107187206,4.3760036431226785,32.22527881040892,0.012230020343504162,2.285057100371749,15.890706319702602,0.006381710269403211,0.4929364202292669,5.6011759621451125,36.843533123028394,0.015614239272951093,2.82998018927445,22.52492113564669,0.007835530045022196,1.8630914826498424,0.00402220134195386,1.9444468750000041,16.553125,0.005470102952261012,0.0,0
23684.0,2022-03-30 14:45:00,367.8,367.82,367.42,367.59,500288.0,1,1,1.0,buy,False,0.8556568521966328,2.6499999999999773,23.0,0.007160807414813352,-0.2026852734727882,-0.26540790176361995,-0.36675053850001404,-0.0009949457335213273,34.186745960848256,23.64560913905254,26.73770748244461,17.461412452268398,500288.0,2.6499999999999773,1.0,2.6499999999999773,23.0,0.007160807414813352,2.6499999999999773,23.0,0.007160807414813352,1.0,1.0,-0.2026852734727882,-0.36675053850001404,-0.26540790176361995,34.186745960848256,23.64560913905254,26.73770748244461,17.461412452268398,7.31521388571202,36.94256311021119,44.49942395590171,-0.057096247960858174,0.10886723640519766,0.01999999999998181,0.16999999999995907,0.21000000000003638,0.0,23685.0,23685.0,2022-03-30,2022-03-30 14:45:00,1.02788432764766,220.0,1.0,best_within_2.0d,23904.0,371.3684,0.5832424107187206,4.3760036431226785,32.22527881040892,0.012230020343504162,2.285057100371749,15.890706319702602,0.006381710269403211,0.4929364202292669,5.6011759621451125,36.843533123028394,0.015614239272951093,2.82998018927445,22.52492113564669,0.007835530045022196,1.8630914826498424,0.00402220134195386,1.9444468750000041,16.553125,0.005470102952261012,0.0,0
23685.0,2022-03-30 14:50:00,367.6001,367.81,367.41,367.5398,373559.0,1,1,1.0,buy,False,0.8556568521966148,2.659999999999968,24.0,0.007187829329586209,-0.20892724310600097,-0.2915238071518701,-0.3959874287048706,-0.001074493412194127,33.67296885772615,18.87644925816908,24.117288074352764,8.394771625801717,373559.0,2.659999999999968,1.0,2.659999999999968,24.0,0.007187829329586209,2.659999999999968,24.0,0.007187829329586209,1.0,1.0,-0.20892724310600097,-0.3959874287048706,-0.2915238071518701,33.67296885772615,18.87644925816908,24.117288074352764,8.394771625801717,7.240908958991792,33.447485271496646,45.92146428674681,-0.01640369521117753,0.1088701995046344,0.20990000000000464,0.1297999999999888,0.06029999999998381,0.0,23686.0,23686.0,2022-03-30,2022-03-30 14:50:00,1.041683104795724,219.0,1.0,best_within_2.0d,23904.0,371.3684,0.5832424107187206,4.3760036431226785,32.22527881040892,0.012230020343504162,2.285057100371749,15.890706319702602,0.006381710269403211,0.4929364202292669,5.6011759621451125,36.843533123028394,0.015614239272951093,2.82998018927445,22.52492113564669,0.007835530045022196,1.8630914826498424,0.00402220134195386,1.9444468750000041,16.553125,0.005470102952261012,0.0,0
23686.0,2022-03-30 14:55:00,367.54,367.92,367.125,367.26,705637.0,1,1,1.0,buy,False,0.8556568521960052,2.944999999999993,25.0,0.00795795390061338,-0.23228410829241053,-0.3205593206884214,-0.4367013748346267,-0.001185272333938515,30.88673444746199,15.51589559665102,21.25015724845218,4.047372293048703,705637.0,2.944999999999993,1.0,2.944999999999993,25.0,0.00795795390061338,2.944999999999993,25.0,0.00795795390061338,1.0,1.0,-0.23228410829241053,-0.4367013748346267,-0.3205593206884214,30.88673444746199,15.51589559665102,21.25015724845218,4.047372293048703,6.867224485301672,33.441594186941536,47.3504266606463,-0.07618218425206223,0.2165474974463782,0.37999999999999545,0.1349999999999909,0.28000000000002956,0.0,23687.0,23687.0,2022-03-30,2022-03-30 14:55:00,1.1186625279093876,218.0,1.0,best_within_2.0d,23904.0,371.3684,0.5832424107187206,4.3760036431226785,32.22527881040892,0.012230020343504162,2.285057100371749,15.890706319702602,0.006381710269403211,0.4929364202292669,5.6011759621451125,36.843533123028394,0.015614239272951093,2.82998018927445,22.52492113564669,0.007835530045022196,1.8630914826498424,0.00402220134195386,1.9444468750000041,16.553125,0.005470102952261012,0.0,0
23687.0,2022-03-30 15:00:00,367.29,367.34,366.84,366.86,647045.0,1,1,1.0,buy,False,0.8850149724388607,3.230000000000018,26.0,0.00872807847164055,-0.2799561968848756,-0.3555538452990309,-0.4955319437414687,-0.0013453745109823342,27.396687540704946,10.747970801808522,17.749428432904292,-3.2549444603830153,647045.0,3.230000000000018,1.0,3.230000000000018,26.0,0.00872807847164055,3.230000000000018,26.0,0.00872807847164055,1.0,1.0,-0.2799561968848756,-0.4955319437414687,-0.3555538452990309,27.396687540704946,10.747970801808522,17.749428432904292,-3.2549444603830153,6.054150261581783,36.608057817808515,49.08383938517496,-0.1170737019793642,0.13629920401264858,0.049999999999954525,0.020000000000038654,0.4300000000000068,0.0,23688.0,23688.0,2022-03-30,2022-03-30 15:00:00,1.2289156626506008,217.0,1.0,best_within_2.0d,23904.0,371.3684,0.5832424107187206,4.3760036431226785,32.22527881040892,0.012230020343504162,2.285057100371749,15.890706319702602,0.006381710269403211,0.4929364202292669,5.6011759621451125,36.843533123028394,0.015614239272951093,2.82998018927445,22.52492113564669,0.007835530045022196,1.8630914826498424,0.00402220134195386,1.9444468750000041,16.553125,0.005470102952261012,0.0,0
23688.0,2022-03-30 15:05:00,366.8599,367.0699,366.64,366.7,734715.0,1,1,1.0,buy,False,0.9771429900671026,3.430000000000007,27.0,0.009268516767098136,-0.309098991351488,-0.3941912192179669,-0.5487407148937109,-0.0014903232440963852,26.12505632614065,8.246394948953457,14.58175060492068,-4.424316362980992,734715.0,3.430000000000007,1.0,3.430000000000007,27.0,0.009268516767098136,3.430000000000007,27.0,0.009268516767098136,1.0,1.0,-0.309098991351488,-0.5487407148937109,-0.3941912192179669,26.12505632614065,8.246394948953457,14.58175060492068,-4.424316362980992,6.256706102029601,34.34917715257092,50.519511804814314,-0.04358612102330979,0.11725398210779836,0.21000000000003638,0.060000000000002274,0.15989999999999327,0.0,23689.0,23689.0,2022-03-30,2022-03-30 15:05:00,1.2730842650668175,216.0,1.0,best_within_2.0d,23904.0,371.3684,0.5832424107187206,4.3760036431226785,32.22527881040892,0.012230020343504162,2.285057100371749,15.890706319702602,0.006381710269403211,0.4929364202292669,5.6011759621451125,36.843533123028394,0.015614239272951093,2.82998018927445,22.52492113564669,0.007835530045022196,1.8630914826498424,0.00402220134195386,1.9444468750000041,16.553125,0.005470102952261012,0.0,0
23689.0,2022-03-30 15:10:00,366.7195,366.97,366.51,366.93,916734.0,1,1,1.0,buy,False,0.97714299006701,3.5600000000000023,28.0,0.009619801659145574,-0.27461799288661093,-0.4285184683287932,-0.5658274647720987,-0.0015371225911749626,31.077469543746886,12.568303703342911,13.910601637728089,9.883707834572554,916734.0,3.5600000000000023,1.0,3.5600000000000023,28.0,0.009619801659145574,3.5600000000000023,28.0,0.009619801659145574,1.0,1.0,-0.27461799288661093,-0.5658274647720987,-0.4285184683287932,31.077469543746886,12.568303703342911,13.910601637728089,9.883707834572554,4.791427700259562,37.678045097497034,52.44211077846315,0.05740081997276517,0.12550817167336126,0.040000000000020464,0.20949999999999136,0.21050000000002456,1.0,23690.0,23690.0,2022-03-30,2022-03-30 15:10:00,1.2096040116643505,215.0,1.0,best_within_2.0d,23904.0,371.3684,0.5832424107187206,4.3760036431226785,32.22527881040892,0.012230020343504162,2.285057100371749,15.890706319702602,0.006381710269403211,0.4929364202292669,5.6011759621451125,36.843533123028394,0.015614239272951093,2.82998018927445,22.52492113564669,0.007835530045022196,1.8630914826498424,0.00402220134195386,1.9444468750000041,16.553125,0.005470102952261012,0.0,0
23690.0,2022-03-30 15:15:00,366.94,367.029,366.105,366.23,702316.0,1,1,1.0,buy,False,1.012050716701471,3.964999999999975,29.0,0.010714189207447173,-0.3201413292721267,-0.46853613448780906,-0.6286067991238724,-0.0017083141161972567,25.47913044312186,10.125899184478788,12.649034153311653,5.079629246813056,702316.0,3.964999999999975,1.0,3.964999999999975,29.0,0.010714189207447173,3.964999999999975,29.0,0.010714189207447173,1.0,1.0,-0.3201413292721267,-0.6286067991238724,-0.46853613448780906,25.47913044312186,10.125899184478788,12.649034153311653,5.079629246813056,4.431731195358482,40.28846541235102,54.42340145001441,-0.1934921240529731,0.2523866103986501,0.08899999999999864,0.125,0.7099999999999795,0.0,23691.0,23691.0,2022-03-30,2022-03-30 15:15:00,1.4030527264287442,214.0,1.0,best_within_2.0d,23904.0,371.3684,0.5832424107187206,4.3760036431226785,32.22527881040892,0.012230020343504162,2.285057100371749,15.890706319702602,0.006381710269403211,0.4929364202292669,5.6011759621451125,36.843533123028394,0.015614239272951093,2.82998018927445,22.52492113564669,0.007835530045022196,1.8630914826498424,0.00402220134195386,1.9444468750000041,16.553125,0.005470102952261012,0.0,0
23691.0,2022-03-30 15:20:00,366.21,366.239,365.57,365.658,1039284.0,1,1,1.0,buy,False,1.2529866591344685,4.5,30.0,0.012159861647796363,-0.3963564354985416,-0.5180806889251268,-0.7162589066743976,-0.0019474252067897405,21.992743180047995,7.801973410919211,11.033347239180838,1.339225754395958,1039284.0,4.5,1.0,4.5,30.0,0.012159861647796363,4.5,30.0,0.012159861647796363,1.0,1.0,-0.3963564354985416,-0.7162589066743976,-0.5180806889251268,21.992743180047995,7.801973410919211,11.033347239180838,1.339225754395958,4.211708549768113,45.11633249524504,56.45913520340004,-0.15073318587694604,0.18300188746340856,0.028999999999996362,0.08800000000002228,0.5519999999999641,0.0,23692.0,23692.0,2022-03-30,2022-03-30 15:20:00,1.5616778519819046,213.0,1.0,best_within_2.0d,23904.0,371.3684,0.5832424107187206,4.3760036431226785,32.22527881040892,0.012230020343504162,2.285057100371749,15.890706319702602,0.006381710269403211,0.4929364202292669,5.6011759621451125,36.843533123028394,0.015614239272951093,2.82998018927445,22.52492113564669,0.007835530045022196,1.8630914826498424,0.00402220134195386,1.9444468750000041,16.553125,0.005470102952261012,0.0,0
23692.0,2022-03-30 15:25:00,365.66,366.29,365.57,366.1399,851173.0,1,1,1.0,buy,False,1.2529866591344812,4.5,31.0,0.012159861647796363,-0.3523949783689164,-0.5621300612212414,-0.7383275504056996,-0.0020080978428532836,30.60760792908907,13.285003550542067,11.783899342967914,16.287211965690375,851173.0,4.5,1.0,4.5,31.0,0.012159861647796363,4.5,31.0,0.012159861647796363,1.0,1.0,-0.3523949783689164,-0.7383275504056996,-0.5621300612212414,30.60760792908907,13.285003550542067,11.783899342967914,16.287211965690375,4.801330762542361,38.49885952641953,57.98512912160045,0.13124213750478217,0.19695270399650608,0.150100000000009,0.09000000000003183,0.47989999999998645,1.0,23693.0,23693.0,2022-03-30,2022-03-30 15:25:00,1.428006070903498,212.0,1.0,best_within_2.0d,23904.0,371.3684,0.5832424107187206,4.3760036431226785,32.22527881040892,0.012230020343504162,2.285057100371749,15.890706319702602,0.006381710269403211,0.4929364202292669,5.6011759621451125,36.843533123028394,0.015614239272951093,2.82998018927445,22.52492113564669,0.007835530045022196,1.8630914826498424,0.00402220134195386,1.9444468750000041,16.553125,0.005470102952261012,1.0,0
23696.0,2022-03-30 15:45:00,366.11,367.13,366.11,366.72,925998.0,3a,3a,0.0,sell,False,0.0030087823918463538,4.163492493946733,28.239017640954685,0.011578080659927173,-0.0428092227099417,-0.6507715960854019,-0.6721762074403728,-0.001829961442433339,42.12464207082271,40.15647169127397,25.998460799582418,68.47249347465709,925998.0,1.5600000000000023,2.0,1.5600000000000023,5.0,0.00426730858659081,1.5600000000000023,5.0,0.00426730858659081,3.0,3.0,-0.0428092227099417,-0.6721762074403728,-0.6507715960854019,42.12464207082271,40.15647169127397,25.998460799582418,68.47249347465709,12.173393506812454,30.673537539075557,56.477118331240675,0.16661659064216044,0.27860479090983087,0.40999999999996817,0.0,0.6100000000000136,1.0,23697.0,23697.0,2022-03-30,2022-03-30 15:45:00,2.174683682373479,350.0,1.0,best_within_2.0d,24046.0,358.745,0.5832424107187206,4.3760036431226785,32.22527881040892,0.012230020343504162,2.285057100371749,15.890706319702602,0.006381710269403211,0.4929364202292669,5.6011759621451125,36.843533123028394,0.015614239272951093,2.82998018927445,22.52492113564669,0.007835530045022196,1.8630914826498424,0.0030087823918463538,1.5600000000000023,5.0,0.00426730858659081,0.0,1
23698.0,2022-03-30 15:55:00,365.94,367.195,365.94,367.195,2043197.0,3a,3a,0.0,sell,False,0.0030087823918463538,4.163492493946733,28.239017640954685,0.011578080659927173,0.12882739887505035,-0.6402382487464159,-0.5758245493088907,-0.0015680913938278859,49.48176928408517,56.45130935566598,38.077966592480614,93.1979948820367,2043197.0,1.625,2.0,1.625,7.0,0.004445113111032087,1.625,7.0,0.004445113111032087,3.0,3.0,0.12882739887505035,-0.5758245493088907,-0.6402382487464159,49.48176928408517,56.45130935566598,38.077966592480614,93.1979948820367,15.04626293488632,23.347649381720302,52.84977612644603,0.3429523965677421,0.3429523965677421,0.0,0.0,1.2549999999999955,1.0,23699.0,23699.0,2022-03-30,2022-03-30 15:55:00,2.3012295919062047,348.0,1.0,best_within_2.0d,24046.0,358.745,0.5832424107187206,4.3760036431226785,32.22527881040892,0.012230020343504162,2.285057100371749,15.890706319702602,0.006381710269403211,0.4929364202292669,5.6011759621451125,36.843533123028394,0.015614239272951093,2.82998018927445,22.52492113564669,0.007835530045022196,1.8630914826498424,0.0030087823918463538,1.625,7.0,0.004445113111032087,0.0,1
23699.0,2022-03-30 16:00:00,367.19,367.6,367.0689,367.59,1209885.0,3a,3a,0.0,sell,False,0.0030087823918463538,4.163492493946733,28.239017640954685,0.011578080659927173,0.2928401192199124,-0.6036332338439269,-0.4572131742339707,-0.0012449931465884397,52.97551826594715,70.80333595796372,48.98642304764165,114.43716177860787,1209885.0,2.0300000000000296,2.0,2.0300000000000296,8.0,0.005552972071012473,2.0300000000000296,8.0,0.005552972071012473,3.0,3.0,0.2928401192199124,-0.4572131742339707,-0.6036332338439269,52.97551826594715,70.80333595796372,48.98642304764165,114.43716177860787,18.701964133219967,22.962330391878382,49.80518220102675,0.10893542852473577,0.14468673319914535,0.010000000000047748,0.12110000000001264,0.39999999999997726,1.0,23700.0,23700.0,2022-03-30,2022-03-30 16:00:00,2.4062134443265517,347.0,1.0,best_within_2.0d,24046.0,358.745,0.5832424107187206,4.3760036431226785,32.22527881040892,0.012230020343504162,2.285057100371749,15.890706319702602,0.006381710269403211,0.4929364202292669,5.6011759621451125,36.843533123028394,0.015614239272951093,2.82998018927445,22.52492113564669,0.007835530045022196,1.8630914826498424,0.0030087823918463538,2.0300000000000296,8.0,0.005552972071012473,0.0,1
23700.0,2022-03-30 16:05:00,367.59,367.72,367.3,367.63,304395.0,3a,3a,0.0,sell,False,0.0030087823918463538,4.163492493946733,28.239017640954685,0.011578080659927173,0.3964007829771463,-0.5540831359717836,-0.35588274448321044,-0.0009689940869578664,53.327525809033325,79.14020846809937,59.037684854460885,119.34525569537634,304395.0,2.150000000000034,2.0,2.150000000000034,9.0,0.005881226577673316,2.150000000000034,9.0,0.005881226577673316,3.0,3.0,0.3964007829771463,-0.35588274448321044,-0.5540831359717836,53.327525809033325,79.14020846809937,59.037684854460885,119.34525569537634,20.572609208973397,21.005509641873658,46.322038735717776,0.010881688838113242,0.11434794445957418,0.09000000000003183,0.2899999999999636,0.040000000000020464,1.0,23701.0,23701.0,2022-03-30,2022-03-30 16:05:00,2.4168321410113403,346.0,1.0,best_within_2.0d,24046.0,358.745,0.5832424107187206,4.3760036431226785,32.22527881040892,0.012230020343504162,2.285057100371749,15.890706319702602,0.006381710269403211,0.4929364202292669,5.6011759621451125,36.843533123028394,0.015614239272951093,2.82998018927445,22.52492113564669,0.007835530045022196,1.8630914826498424,0.0030087823918463538,2.150000000000034,9.0,0.005881226577673316,0.0,1
23701.0,2022-03-30 16:10:00,367.63,367.9,367.6,367.85,185769.0,3a,3a,0.0,sell,False,0.0030087823918463538,4.163492493946733,28.239017640954685,0.011578080659927173,0.4787133291026352,-0.4942439698339542,-0.2548873052826366,-0.0006939235508464767,55.3090304839117,85.32186737379533,67.79907902757236,120.36744406624126,185769.0,2.329999999999984,2.0,2.329999999999984,10.0,0.006373608337664426,2.329999999999984,10.0,0.006373608337664426,3.0,3.0,0.4787133291026352,-0.2548873052826366,-0.4942439698339542,55.3090304839117,85.32186737379533,67.79907902757236,120.36744406624126,22.792051384986102,18.566840626254745,43.74303361161659,0.05984277670484652,0.08161044613709317,0.049999999999954525,0.029999999999972715,0.22000000000002728,1.0,23702.0,23702.0,2022-03-30,2022-03-30 16:10:00,2.475193693081424,345.0,1.0,best_within_2.0d,24046.0,358.745,0.5832424107187206,4.3760036431226785,32.22527881040892,0.012230020343504162,2.285057100371749,15.890706319702602,0.006381710269403211,0.4929364202292669,5.6011759621451125,36.843533123028394,0.015614239272951093,2.82998018927445,22.52492113564669,0.007835530045022196,1.8630914826498424,0.0030087823918463538,2.329999999999984,10.0,0.006373608337664426,1.0,1
23708.0,2022-03-30 16:45:00,367.89,368.03,367.85,368.01,30949.0,3a,3a,0.0,sell,False,0.0030087823918463538,4.163492493946733,28.239017640954685,0.011578080659927173,0.3687893853986507,-0.11469231409577378,0.06970237860355155,0.00018965693706134436,57.12744307835728,95.41289243789817,91.48018031915123,103.27831667539203,30949.0,2.4599999999999795,2.0,2.4599999999999795,17.0,0.00672921738654698,2.4599999999999795,17.0,0.00672921738654698,3.0,3.0,0.3687893853986507,0.06970237860355155,-0.11469231409577378,57.12744307835728,95.41289243789817,91.48018031915123,103.27831667539203,24.37786934946994,22.521686404079137,33.0337096898723,0.03261844573106215,0.04893298899006388,0.01999999999998181,0.03999999999996362,0.12000000000000455,1.0,23709.0,23709.0,2022-03-30,2022-03-30 16:45:00,2.517594630580687,338.0,1.0,best_within_2.0d,24046.0,358.745,0.5832424107187206,4.3760036431226785,32.22527881040892,0.012230020343504162,2.285057100371749,15.890706319702602,0.006381710269403211,0.4929364202292669,5.6011759621451125,36.843533123028394,0.015614239272951093,2.82998018927445,22.52492113564669,0.007835530045022196,1.8630914826498424,0.0030087823918463538,2.4599999999999795,17.0,0.00672921738654698,1.0,1
23715.0,2022-03-30 17:20:00,367.91,367.95,367.09,367.09,80741.0,2,2,1.0,buy,False,0.3821138211382136,4.163492493946733,28.239017640954685,0.011578080659927173,0.005060414326998303,0.05980290990321514,0.062333117066714294,0.0001695578298090826,40.91227047891875,58.26308224524596,78.97752360254324,16.834199530651404,80741.0,0.9399999999999977,1.0,2.4599999999999795,17.0,0.00672921738654698,0.9399999999999977,8.0,0.0025541396081841094,2.0,2.0,0.005060414326998303,0.062333117066714294,0.05980290990321514,40.91227047891875,58.26308224524596,78.97752360254324,16.834199530651404,4.665314401622973,59.22920892494932,37.10239648223167,-0.22288059579789896,0.23427497343975964,0.03999999999996362,0.0,0.82000000000005,0.0,23716.0,23716.0,2022-03-30,2022-03-30 17:20:00,1.1654907515868136,189.0,1.0,best_within_2.0d,23904.0,371.3684,0.3821138211382136,2.4599999999999795,17.0,0.00672921738654698,0.9399999999999977,8.0,0.0025541396081841094,0.4929364202292669,5.6011759621451125,36.843533123028394,0.015614239272951093,2.82998018927445,22.52492113564669,0.007835530045022196,1.8630914826498424,0.00402220134195386,1.9444468750000041,16.553125,0.005470102952261012,1.0,0
23738.0,2022-03-30 19:15:00,368.02,368.04,367.95,367.96,1998.0,1p,1p,0.0,sell,False,0.07939113193408096,0.9500000000000455,24.0,0.002587921218229986,-0.0008899473241762018,0.05899077222320096,0.05854579856111286,0.00015915685373890342,54.72692862988475,68.95431452170676,73.31407917615854,60.23478521280322,1998.0,0.9500000000000455,0.0,0.9500000000000455,24.0,0.002587921218229986,0.9500000000000455,0.0,0.0,1.0,1.0,-0.0008899473241762018,0.05854579856111286,0.05899077222320096,54.72692862988475,68.95431452170676,73.31407917615854,60.23478521280322,44.85981308410882,15.887850467291308,41.15989969789287,-0.016303461768382772,0.024459845087656428,0.020000000000038654,0.009999999999990905,0.060000000000002274,0.0,23739.0,23739.0,2022-03-30,2022-03-30 19:15:00,2.504348298728116,308.0,1.0,best_within_2.0d,24046.0,358.745,0.5832424107187206,4.3760036431226785,32.22527881040892,0.012230020343504162,2.285057100371749,15.890706319702602,0.006381710269403211,0.4929364202292669,5.6011759621451125,36.843533123028394,0.015614239272951093,2.82998018927445,22.52492113564669,0.007835530045022196,1.8630914826498424,0.00402220134195386,1.9444468750000041,16.553125,0.005470102952261012,1.0,1
23743.0,2022-03-30 19:45:00,367.76,367.8,367.7,367.8,17737.0,2s,2s,1.0,buy,False,0.13414634146340929,4.163492493946733,28.239017640954685,0.011578080659927173,-0.05002754152286967,0.03598993824934581,0.01097616748791097,2.984005128725619e-05,48.499812377258,26.217982958508568,36.451177129231574,5.751594617062551,17737.0,0.34000000000003183,1.0,2.4599999999999795,17.0,0.00672921738654698,0.34000000000003183,6.0,0.0009238126290621449,1.0,2.5,-0.05002754152286967,0.01097616748791097,0.03598993824934581,48.499812377258,26.217982958508568,36.451177129231574,5.751594617062551,27.826086956521696,39.13043478260848,33.04111495017917,0.010876658690455858,0.027196083763944178,0.0,0.060000000000002274,0.040000000000020464,1.0,23744.0,23744.0,2022-03-30,2022-03-30 19:45:00,0.9702011963023373,161.0,1.0,best_within_2.0d,23904.0,371.3684,0.5832424107187206,4.3760036431226785,32.22527881040892,0.012230020343504162,2.285057100371749,15.890706319702602,0.006381710269403211,0.13414634146340929,2.4599999999999795,17.0,0.00672921738654698,0.34000000000003183,6.0,0.0009238126290621449,1.0,0.00402220134195386,1.9444468750000041,16.553125,0.005470102952261012,1.0,0
23784.0,2022-03-31 07:15:00,367.88,367.88,367.63,367.68,9532.0,2s,2s,1.0,buy,False,0.16260162601625228,4.163492493946733,28.239017640954685,0.011578080659927173,-0.173771977795842,-0.061800544804822874,-0.14868653370274387,-0.0004037300931030768,29.289068130909115,14.065778359621067,22.685121667557812,-3.17290825625242,9532.0,0.410000000000025,1.0,2.4599999999999795,17.0,0.00672921738654698,0.410000000000025,47.0,0.0011140093468101973,1.0,2.5,-0.173771977795842,-0.14868653370274387,-0.061800544804822874,29.289068130909115,14.065778359621067,22.685121667557812,-3.17290825625242,9.712230215828626,42.08633093525192,29.81057341349354,-0.054365553984992016,0.06800315534640808,0.0,0.05000000000001137,0.19999999999998863,0.0,23785.0,23785.0,2022-03-31,2022-03-31 07:15:00,1.0031549173194085,120.0,1.0,best_within_2.0d,23904.0,371.3684,0.5832424107187206,4.3760036431226785,32.22527881040892,0.012230020343504162,2.285057100371749,15.890706319702602,0.006381710269403211,0.16260162601625228,2.4599999999999795,17.0,0.00672921738654698,0.410000000000025,47.0,0.0011140093468101973,1.0,0.00402220134195386,1.9444468750000041,16.553125,0.005470102952261012,0.0,0
23785.0,2022-03-31 07:20:00,367.67,367.71,367.49,367.61,7311.0,2s,2s,1.0,buy,False,0.21951219512193826,4.163492493946733,28.239017640954685,0.011578080659927173,-0.18819114856471872,-0.08532443837541272,-0.17942001265777208,-0.00048724688766518993,27.950688906325283,13.678260841898046,19.682834725671224,1.6691130743516922,7311.0,0.5500000000000114,1.0,2.4599999999999795,17.0,0.00672921738654698,0.5500000000000114,48.0,0.001494402782306302,1.0,2.5,-0.18819114856471872,-0.17942001265777208,-0.08532443837541272,27.950688906325283,13.678260841898046,19.682834725671224,1.6691130743516922,9.574468085107776,40.07092198581554,32.069001843141635,-0.016318981695542818,0.05986557457344974,0.03999999999996362,0.12000000000000455,0.060000000000002274,0.0,23786.0,23786.0,2022-03-31,2022-03-31 07:20:00,1.0223878566959534,119.0,1.0,best_within_2.0d,23904.0,371.3684,0.5832424107187206,4.3760036431226785,32.22527881040892,0.012230020343504162,2.285057100371749,15.890706319702602,0.006381710269403211,0.21951219512193826,2.4599999999999795,17.0,0.00672921738654698,0.5500000000000114,48.0,0.001494402782306302,1.0,0.00402220134195386,1.9444468750000041,16.553125,0.005470102952261012,0.0,0
23786.0,2022-03-31 07:25:00,367.54,367.54,367.28,367.3,55068.0,2s,2s,1.0,buy,False,0.30487804878049035,4.163492493946733,28.239017640954685,0.011578080659927173,-0.22537469280963993,-0.1134962749766177,-0.22618362138143766,-0.0006143569773951102,22.949292565927934,9.703635882903898,16.356435111415447,-3.6019625741191987,55068.0,0.7600000000000477,1.0,2.4599999999999795,17.0,0.00672921738654698,0.7600000000000477,49.0,0.0020649929355506134,1.0,2.5,-0.22537469280963993,-0.22618362138143766,-0.1134962749766177,22.949292565927934,9.703635882903898,16.356435111415447,-3.6019625741191987,9.090909090910309,40.40404040404157,34.29730929166336,-0.06529901507319179,0.07079067741234148,0.0,0.020000000000038654,0.2400000000000091,0.0,23787.0,23787.0,2022-03-31,2022-03-31 07:25:00,1.1076504219983656,118.0,1.0,best_within_2.0d,23904.0,371.3684,0.5832424107187206,4.3760036431226785,32.22527881040892,0.012230020343504162,2.285057100371749,15.890706319702602,0.006381710269403211,0.30487804878049035,2.4599999999999795,17.0,0.00672921738654698,0.7600000000000477,49.0,0.0020649929355506134,1.0,0.00402220134195386,1.9444468750000041,16.553125,0.005470102952261012,0.0,0
23787.0,2022-03-31 07:30:00,367.34,367.44,367.24,367.35,20425.0,2s,2s,1.0,buy,False,0.3211382113821017,4.163492493946733,28.239017640954685,0.011578080659927173,-0.22841489003568727,-0.1420481362310786,-0.2562555812489222,-0.0006961519380485219,25.271899366338673,9.576435221371327,14.096435148067407,0.5364353679791662,20425.0,0.8000000000000114,1.0,2.4599999999999795,17.0,0.00672921738654698,0.8000000000000114,50.0,0.0021736767742636977,1.0,2.5,-0.22841489003568727,-0.2562555812489222,-0.1420481362310786,25.271899366338673,9.576435221371327,14.096435148067407,0.5364353679791662,9.030100334449426,36.120401337792,36.1332157708299,0.002722273642959588,0.054460298442432366,0.08999999999997499,0.0999999999999659,0.010000000000047748,1.0,23788.0,23788.0,2022-03-31,2022-03-31 07:30:00,1.0938886620389234,117.0,1.0,best_within_2.0d,23904.0,371.3684,0.5832424107187206,4.3760036431226785,32.22527881040892,0.012230020343504162,2.285057100371749,15.890706319702602,0.006381710269403211,0.3211382113821017,2.4599999999999795,17.0,0.00672921738654698,0.8000000000000114,50.0,0.0021736767742636977,1.0,0.00402220134195386,1.9444468750000041,16.553125,0.005470102952261012,1.0,0
23792.0,2022-03-31 07:55:00,367.76,368.11,367.76,368.04,12410.0,1,1,0.0,sell,False,0.07135537225071095,0.8700000000000045,6.0,0.002369022982245955,0.03468887037670759,-0.18618929061840592,-0.16884485543005212,-0.0004587970533427113,50.426537736437076,67.31026827276929,47.14637601185592,107.63805279459604,12410.0,0.8700000000000045,1.0,0.8700000000000045,6.0,0.002369022982245955,0.8700000000000045,6.0,0.002369022982245955,1.0,1.0,0.03468887037670759,-0.16884485543005212,-0.18618929061840592,50.426537736437076,67.31026827276929,47.14637601185592,107.63805279459604,19.45205479452106,31.506849315067086,35.722707134172175,0.07613661083316009,0.09517076354144625,0.06999999999999318,0.0,0.28000000000002956,1.0,23793.0,23793.0,2022-03-31,2022-03-31 07:55:00,2.525540702097602,254.0,1.0,best_within_2.0d,24046.0,358.745,0.5832424107187206,4.3760036431226785,32.22527881040892,0.012230020343504162,2.285057100371749,15.890706319702602,0.006381710269403211,0.4929364202292669,5.6011759621451125,36.843533123028394,0.015614239272951093,2.82998018927445,22.52492113564669,0.007835530045022196,1.8630914826498424,0.00402220134195386,1.9444468750000041,16.553125,0.005470102952261012,0.0,1
23793.0,2022-03-31 08:00:00,368.13,369.4,367.27,368.01,64002.0,1,1,0.0,sell,False,0.1408881922727098,2.159999999999968,7.0,0.005881712231782943,0.06849172087821309,-0.17762782550862927,-0.14338196506952272,-0.0003896080108463738,49.58111999365768,56.7562282312288,50.349660084980215,69.56936452372597,64002.0,2.159999999999968,1.0,2.159999999999968,7.0,0.005881712231782943,2.159999999999968,7.0,0.005881712231782943,1.0,1.0,0.06849172087821309,-0.14338196506952272,-0.17762782550862927,49.58111999365768,56.7562282312288,50.349660084980215,69.56936452372597,35.714285714285204,19.107142857142463,35.33488231095422,-0.03259718034390149,0.5799548016445655,1.2699999999999818,0.7400000000000091,0.12000000000000455,0.0,23794.0,23794.0,2022-03-31,2022-03-31 08:00:00,2.517594630580687,253.0,1.0,best_within_2.0d,24046.0,358.745,0.5832424107187206,4.3760036431226785,32.22527881040892,0.012230020343504162,2.285057100371749,15.890706319702602,0.006381710269403211,0.4929364202292669,5.6011759621451125,36.843533123028394,0.015614239272951093,2.82998018927445,22.52492113564669,0.007835530045022196,1.8630914826498424,0.00402220134195386,1.9444468750000041,16.553125,0.005470102952261012,1.0,1
23802.0,2022-03-31 08:45:00,367.65,367.68,367.54,367.66,17409.0,2s,2s,1.0,buy,False,0.19918699186990094,4.163492493946733,28.239017640954685,0.011578080659927173,-0.02181774227356248,-0.07857267696591547,-0.0894815481026967,-0.0002431708073178987,39.29668067872125,23.084313908995693,32.183827897731035,4.885285931525004,17409.0,1.8599999999999568,1.0,2.4599999999999795,17.0,0.00672921738654698,1.8599999999999568,10.0,0.005035192203573246,2.0,2.5,-0.02181774227356248,-0.0894815481026967,-0.07857267696591547,39.29668067872125,23.084313908995693,32.183827897731035,4.885285931525004,41.111872442081264,12.963203022276785,43.47829537273837,0.002719978240187066,0.03809109212602338,0.01999999999998181,0.1099999999999568,0.010000000000047748,1.0,23803.0,23803.0,2022-03-31,2022-03-31 08:45:00,1.0086492955447923,102.0,1.0,best_within_2.0d,23904.0,371.3684,0.5832424107187206,4.3760036431226785,32.22527881040892,0.012230020343504162,2.285057100371749,15.890706319702602,0.006381710269403211,0.19918699186990094,2.4599999999999795,17.0,0.00672921738654698,1.8599999999999568,10.0,0.005035192203573246,2.0,0.00402220134195386,1.9444468750000041,16.553125,0.005470102952261012,1.0,0
23807.0,2022-03-31 09:10:00,367.71,367.75,367.24,367.5,25821.0,2s,2s,1.0,buy,False,0.3211382113821017,4.163492493946733,28.239017640954685,0.011578080659927173,-0.033624936803772376,-0.08871730945691939,-0.10552977785880557,-0.00028684464910096397,38.14448342142026,23.396146040414564,25.306103907127294,19.576230306989103,25821.0,2.159999999999968,1.0,2.4599999999999795,17.0,0.00672921738654698,2.159999999999968,15.0,0.005847319978343173,2.0,2.5,-0.033624936803772376,-0.10552977785880557,-0.08871730945691939,38.14448342142026,23.396146040414564,25.306103907127294,19.576230306989103,18.159032200311536,30.691322028694696,43.96907676071935,-0.05711022272986309,0.13887376102820795,0.040000000000020464,0.2599999999999909,0.20999999999997954,0.0,23808.0,23808.0,2022-03-31,2022-03-31 09:10:00,1.0526258503401382,97.0,1.0,best_within_2.0d,23904.0,371.3684,0.5832424107187206,4.3760036431226785,32.22527881040892,0.012230020343504162,2.285057100371749,15.890706319702602,0.006381710269403211,0.3211382113821017,2.4599999999999795,17.0,0.00672921738654698,2.159999999999968,15.0,0.005847319978343173,2.0,0.00402220134195386,1.9444468750000041,16.553125,0.005470102952261012,0.0,0
23809.0,2022-03-31 09:20:00,367.43,367.5599,367.2,367.5599,49665.0,2s,2s,1.0,buy,False,0.3373983739837362,4.163492493946733,28.239017640954685,0.011578080659927173,-0.054767430217678104,-0.10283765035893669,-0.13022136546777574,-0.00035401359143888325,41.02799718972386,30.613419262546554,26.838165046738936,38.163927694161785,49665.0,2.1999999999999886,1.0,2.4599999999999795,17.0,0.00672921738654698,2.1999999999999886,17.0,0.0059556036816458815,2.0,2.5,-0.054767430217678104,-0.13022136546777574,-0.10283765035893669,41.02799718972386,30.613419262546554,26.838165046738936,38.163927694161785,16.55088815329333,29.371998694576202,41.607881480240394,0.03535367280843169,0.09801198257081666,0.0,0.2300000000000182,0.12990000000002055,1.0,23810.0,23810.0,2022-03-31,2022-03-31 09:20:00,1.0361576439649647,95.0,1.0,best_within_2.0d,23904.0,371.3684,0.5832424107187206,4.3760036431226785,32.22527881040892,0.012230020343504162,2.285057100371749,15.890706319702602,0.006381710269403211,0.3373983739837362,2.4599999999999795,17.0,0.00672921738654698,2.1999999999999886,17.0,0.0059556036816458815,2.0,0.00402220134195386,1.9444468750000041,16.553125,0.005470102952261012,0.0,0
23810.0,2022-03-31 09:25:00,367.53,367.59,367.05,367.2,78623.0,2s,2s,1.0,buy,False,0.398373983739825,4.163492493946733,28.239017640954685,0.011578080659927173,-0.09380876249669945,-0.11456374567102412,-0.16146812691937384,-0.0004390163778131189,33.565571879251536,25.510986991356994,26.39577236161162,23.74141625084775,78623.0,2.349999999999966,1.0,2.4599999999999795,17.0,0.00672921738654698,2.349999999999966,18.0,0.006361667569030769,2.0,2.5,-0.09380876249669945,-0.16146812691937384,-0.11456374567102412,33.565571879251536,25.510986991356994,26.39577236161162,23.74141625084775,15.30238372343598,27.802922539762758,40.707318517365934,-0.0897885886866335,0.1471189211279018,0.060000000000002274,0.14999999999997726,0.3299999999999841,0.0,23811.0,23811.0,2022-03-31,2022-03-31 09:25:00,1.1351851851851906,94.0,1.0,best_within_2.0d,23904.0,371.3684,0.5832424107187206,4.3760036431226785,32.22527881040892,0.012230020343504162,2.285057100371749,15.890706319702602,0.006381710269403211,0.398373983739825,2.4599999999999795,17.0,0.00672921738654698,2.349999999999966,18.0,0.006361667569030769,2.0,0.00402220134195386,1.9444468750000041,16.553125,0.005470102952261012,0.0,0
23811.0,2022-03-31 09:30:00,367.24,367.46,365.98,366.06,1233888.0,2s,2s,1.0,buy,False,0.8333333333333218,4.163492493946733,28.239017640954685,0.011578080659927173,-0.2567768647733997,-0.14666085376769908,-0.27504928615439894,-0.000748094115189904,20.71372441676624,18.30813766903451,23.699894130752583,7.5246247455983735,1233888.0,3.419999999999959,1.0,2.4599999999999795,17.0,0.00672921738654698,3.419999999999959,19.0,0.009258256632376716,2.0,2.5,-0.2567768647733997,-0.27504928615439894,-0.14666085376769908,20.71372441676624,18.30813766903451,23.699894130752583,7.5246247455983735,11.973422375122034,38.955782657087376,41.583948084006316,-0.3213157608103711,0.40439368271489184,0.21999999999997044,0.07999999999998408,1.1800000000000068,0.0,23812.0,23812.0,2022-03-31,2022-03-31 09:30:00,1.4501447850079239,93.0,1.0,best_within_2.0d,23904.0,371.3684,0.5832424107187206,4.3760036431226785,32.22527881040892,0.012230020343504162,2.285057100371749,15.890706319702602,0.006381710269403211,0.8333333333333218,2.4599999999999795,17.0,0.00672921738654698,3.419999999999959,19.0,0.009258256632376716,2.0,0.00402220134195386,1.9444468750000041,16.553125,0.005470102952261012,0.0,0
23823.0,2022-03-31 10:30:00,365.69,366.61,365.62,366.4401,566254.0,2,2,0.0,sell,False,0.43292682926829534,4.163492493946733,28.239017640954685,0.011578080659927173,0.1303810688766951,-0.5482018628619197,-0.4830113284235722,-0.001317872370919512,48.94898857688753,65.43465400728829,49.895367473463835,96.51322707493719,566254.0,2.1299999999999955,1.0,4.919999999999959,25.0,0.013318895506226202,2.1299999999999955,7.0,0.005843942054433701,2.0,2.0,0.1303810688766951,-0.4830113284235722,-0.5482018628619197,48.94898857688753,65.43465400728829,49.895367473463835,96.51322707493719,14.611872146119111,23.955040393396104,49.88492465834888,0.20511908993955946,0.2707729336469583,0.16990000000004102,0.06999999999999318,0.7500999999999749,1.0,23824.0,23824.0,2022-03-31,2022-03-31 10:30:00,2.099961221492945,223.0,1.0,best_within_2.0d,24046.0,358.745,0.43292682926829534,4.919999999999959,25.0,0.013318895506226202,2.1299999999999955,7.0,0.005843942054433701,0.4929364202292669,5.6011759621451125,36.843533123028394,0.015614239272951093,2.82998018927445,22.52492113564669,0.007835530045022196,1.8630914826498424,0.00402220134195386,1.9444468750000041,16.553125,0.005470102952261012,0.0,1
23824.0,2022-03-31 10:35:00,366.42,366.78,366.161,366.24,411407.0,2,2,0.0,sell,False,0.46747967479674263,4.163492493946733,28.239017640954685,0.011578080659927173,0.18893930225579592,-0.5245844500799453,-0.4301147989520473,-0.001173610492257107,46.95184152292806,69.1303490483375,56.30702799842172,94.77699114816903,411407.0,2.2999999999999545,1.0,4.919999999999959,25.0,0.013318895506226202,2.2999999999999545,8.0,0.00631035996488135,2.0,2.0,0.18893930225579592,-0.4301147989520473,-0.5245844500799453,46.95184152292806,69.1303490483375,56.30702799842172,94.77699114816903,15.71887662428402,22.77490568673994,47.63102350632,-0.049123956115934404,0.1690513189553151,0.3599999999999568,0.07900000000000773,0.18000000000000682,0.0,23825.0,23825.0,2022-03-31,2022-03-31 10:35:00,2.0464722586282234,222.0,1.0,best_within_2.0d,24046.0,358.745,0.46747967479674263,4.919999999999959,25.0,0.013318895506226202,2.2999999999999545,8.0,0.00631035996488135,0.4929364202292669,5.6011759621451125,36.843533123028394,0.015614239272951093,2.82998018927445,22.52492113564669,0.007835530045022196,1.8630914826498424,0.00402220134195386,1.9444468750000041,16.553125,0.005470102952261012,0.0,1
23826.0,2022-03-31 10:45:00,366.4618,367.4,366.35,367.31,725286.0,2,2,0.0,sell,False,0.5934959349593462,4.163492493946733,28.239017640954685,0.011578080659927173,0.40089028910504965,-0.4421621369638089,-0.24171699241128408,-0.0006594376635559741,57.51519871187196,82.43847748656947,69.2520075357993,108.81141738810982,725286.0,2.919999999999959,1.0,4.919999999999959,25.0,0.013318895506226202,2.919999999999959,10.0,0.00801141352063202,2.0,2.0,0.40089028910504965,-0.24171699241128408,-0.4421621369638089,57.51519871187196,82.43847748656947,69.2520075357993,108.81141738810982,24.165617128463623,14.334068010074999,43.081279022183615,0.2314565938387084,0.2866111641872402,0.08999999999997499,0.11179999999995971,0.8482000000000198,1.0,23827.0,23827.0,2022-03-31,2022-03-31 10:45:00,2.3318178105687286,220.0,1.0,best_within_2.0d,24046.0,358.745,0.5934959349593462,4.919999999999959,25.0,0.013318895506226202,2.919999999999959,10.0,0.00801141352063202,0.4929364202292669,5.6011759621451125,36.843533123028394,0.015614239272951093,2.82998018927445,22.52492113564669,0.007835530045022196,1.8630914826498424,0.00402220134195386,1.9444468750000041,16.553125,0.005470102952261012,0.0,1
23828.0,2022-03-31 10:55:00,366.87,367.6,366.87,367.16,428899.0,2,2,0.0,sell,False,0.6341463414634209,4.163492493946733,28.239017640954685,0.011578080659927173,0.45497267880952674,-0.3328210350347126,-0.10533469562994924,-0.00028731567499308737,55.373588695321374,80.81160674015435,75.60478571422277,91.22524879201751,428899.0,3.1200000000000045,1.0,4.919999999999959,25.0,0.013318895506226202,3.1200000000000045,12.0,0.0085601404741001,2.0,2.0,0.45497267880952674,-0.10533469562994924,-0.3328210350347126,55.373588695321374,80.81160674015435,75.60478571422277,91.22524879201751,27.59418374091252,9.839722405815634,43.07185013651794,0.07904707389539087,0.19898056532287137,0.4399999999999977,0.0,0.29000000000002046,1.0,23829.0,23829.0,2022-03-31,2022-03-31 10:55:00,2.2919163307549892,218.0,1.0,best_within_2.0d,24046.0,358.745,0.6341463414634209,4.919999999999959,25.0,0.013318895506226202,3.1200000000000045,12.0,0.0085601404741001,0.4929364202292669,5.6011759621451125,36.843533123028394,0.015614239272951093,2.82998018927445,22.52492113564669,0.007835530045022196,1.8630914826498424,0.00402220134195386,1.9444468750000041,16.553125,0.005470102952261012,1.0,1
23863.0,2022-03-31 13:50:00,365.48,366.04,365.47,365.675,540047.0,2s,2s,0.0,sell,False,0.31707317073171043,4.163492493946733,28.239017640954685,0.011578080659927173,0.21652260173768278,-0.2464053672220617,-0.1381440663532203,-0.0003780100016774729,53.06295998816946,72.09243212969993,63.66852596804488,88.94024445301001,540047.0,1.5300000000000296,1.0,4.919999999999959,25.0,0.013318895506226202,1.5300000000000296,8.0,0.004197415708759786,1.0,2.5,0.21652260173768278,-0.1381440663532203,-0.2464053672220617,53.06295998816946,72.09243212969993,63.66852596804488,88.94024445301001,20.854179733652618,13.346558338317294,19.817634723452276,0.0533544927218981,0.15596355378006216,0.3650000000000091,0.009999999999990905,0.19499999999999318,1.0,23864.0,23864.0,2022-03-31,2022-03-31 13:50:00,1.8951254529295156,183.0,1.0,best_within_2.0d,24046.0,358.745,0.5832424107187206,4.3760036431226785,32.22527881040892,0.012230020343504162,2.285057100371749,15.890706319702602,0.006381710269403211,0.31707317073171043,4.919999999999959,25.0,0.013318895506226202,1.5300000000000296,8.0,0.004197415708759786,1.0,0.00402220134195386,1.9444468750000041,16.553125,0.005470102952261012,1.0,1
23868.0,2022-03-31 14:15:00,364.62,364.78,364.345,364.685,560505.0,1,1,1.0,buy,False,0.06685199402913025,1.6949999999999932,6.0,0.004630641459949713,-0.03440604159500349,-0.21021298228290514,-0.22741600308040688,-0.0006226293326608668,40.62734998572279,24.008914490443157,36.07165160541223,-0.11655973949498843,560505.0,1.6949999999999932,1.0,1.6949999999999932,6.0,0.004630641459949713,1.6949999999999932,6.0,0.004630641459949713,1.0,1.0,-0.03440604159500349,-0.22741600308040688,-0.21021298228290514,40.62734998572279,24.008914490443157,36.07165160541223,-0.11655973949498843,18.653653877721418,23.876676963483757,15.744013055759021,0.0178267785639838,0.1193923341887347,0.09499999999997044,0.27499999999997726,0.06499999999999773,1.0,23869.0,23869.0,2022-03-31,2022-03-31 14:15:00,1.8326500952877158,36.0,1.0,best_within_2.0d,23904.0,371.3684,0.5832424107187206,4.3760036431226785,32.22527881040892,0.012230020343504162,2.285057100371749,15.890706319702602,0.006381710269403211,0.4929364202292669,5.6011759621451125,36.843533123028394,0.015614239272951093,2.82998018927445,22.52492113564669,0.007835530045022196,1.8630914826498424,0.00402220134195386,1.9444468750000041,16.553125,0.005470102952261012,1.0,0
23877.0,2022-03-31 15:00:00,365.95,366.85,365.95,366.45,784597.0,2s,2s,0.0,sell,False,0.48170731707317566,4.163492493946733,28.239017640954685,0.011578080659927173,0.3270284162977619,-0.07226999645629784,0.09124421169258312,0.0002497309742887975,65.74360251165916,80.01112917868699,69.41820624852393,101.1969750390131,784597.0,2.5049999999999955,1.0,4.919999999999959,25.0,0.013318895506226202,2.5049999999999955,10.0,0.006875351658455571,2.0,2.5,0.3270284162977619,0.09124421169258312,-0.07226999645629784,65.74360251165916,80.01112917868699,69.41820624852393,101.1969750390131,29.71693634797818,15.258582104734874,14.296163221035291,0.13663068725235689,0.2459352370542517,0.4000000000000341,0.0,0.5,1.0,23878.0,23878.0,2022-03-31,2022-03-31 15:00:00,2.102606085414104,169.0,1.0,best_within_2.0d,24046.0,358.745,0.5832424107187206,4.3760036431226785,32.22527881040892,0.012230020343504162,2.285057100371749,15.890706319702602,0.006381710269403211,0.48170731707317566,4.919999999999959,25.0,0.013318895506226202,2.5049999999999955,10.0,0.006875351658455571,2.0,0.00402220134195386,1.9444468750000041,16.553125,0.005470102952261012,1.0,1
23882.0,2022-03-31 15:25:00,364.87,365.02,364.64,364.97,577571.0,2,2,1.0,buy,False,0.8822355289421319,4.163492493946733,28.239017640954685,0.011578080659927173,-0.03369684537748181,0.047059174475764944,0.030210751787024037,8.267644263004983e-05,44.14158091467704,33.13408115048477,51.07910524033097,-2.755967029207639,577571.0,2.2100000000000364,1.0,2.5049999999999955,10.0,0.006875351658455571,2.2100000000000364,6.0,0.006024260596974339,2.0,2.0,-0.03369684537748181,0.030210751787024037,0.047059174475764944,44.14158091467704,33.13408115048477,51.07910524033097,-2.755967029207639,27.56807086416147,20.760984448135805,18.08783356494891,0.02740702167896038,0.10421237384817778,0.049999999999954525,0.2300000000000182,0.10000000000002274,1.0,23883.0,23883.0,2022-03-31,2022-03-31 15:25:00,1.7531303942789764,22.0,1.0,best_within_2.0d,23904.0,371.3684,0.8822355289421319,2.5049999999999955,10.0,0.006875351658455571,2.2100000000000364,6.0,0.006024260596974339,0.4929364202292669,5.6011759621451125,36.843533123028394,0.015614239272951093,2.82998018927445,22.52492113564669,0.007835530045022196,1.8630914826498424,0.00402220134195386,1.9444468750000041,16.553125,0.005470102952261012,0.0,0
23883.0,2022-03-31 15:30:00,364.99,365.13,364.125,364.255,815195.0,1,1,1.0,buy,False,0.35312646679342663,2.7250000000000227,7.0,0.0074281041297533665,-0.18174003754468593,0.024341669782679203,-0.06652834898966375,-0.00018210783891169742,37.10524662470584,23.67960150093473,41.94593732719889,-12.853070151593585,815195.0,2.7250000000000227,1.0,2.7250000000000227,7.0,0.0074281041297533665,2.7250000000000227,7.0,0.0074281041297533665,1.0,1.0,-0.18174003754468593,-0.06652834898966375,0.024341669782679203,37.10524662470584,23.67960150093473,41.94593732719889,-12.853070151593585,22.35786700538745,25.46279961423597,17.259621716254376,-0.20137538014740503,0.27600411946446834,0.13999999999998636,0.12999999999999545,0.7350000000000136,0.0,23884.0,23884.0,2022-03-31,2022-03-31 15:30:00,1.9528626923446522,21.0,1.0,best_within_2.0d,23904.0,371.3684,0.5832424107187206,4.3760036431226785,32.22527881040892,0.012230020343504162,2.285057100371749,15.890706319702602,0.006381710269403211,0.4929364202292669,5.6011759621451125,36.843533123028394,0.015614239272951093,2.82998018927445,22.52492113564669,0.007835530045022196,1.8630914826498424,0.00402220134195386,1.9444468750000041,16.553125,0.005470102952261012,0.0,0
23884.0,2022-03-31 15:35:00,364.25,364.97,364.07,364.68,812999.0,1,1,1.0,buy,False,0.41037264680886393,2.7800000000000296,8.0,0.0075780291672346446,-0.2112023517115296,-0.002058624181261998,-0.1076598000370268,-0.00029473531087695375,42.928740337488655,23.100549681678395,35.66414144535872,-2.0266338456822552,812999.0,2.7800000000000296,1.0,2.7800000000000296,8.0,0.0075780291672346446,2.7800000000000296,8.0,0.0075780291672346446,1.0,1.0,-0.2112023517115296,-0.1076598000370268,-0.002058624181261998,42.928740337488655,23.100549681678395,35.66414144535872,-2.0266338456822552,19.70942545487727,25.2772527497555,16.910835416205124,0.11805078929306982,0.24720520778972016,0.29000000000002046,0.18000000000000682,0.4300000000000068,1.0,23885.0,23885.0,2022-03-31,2022-03-31 15:35:00,1.834046287155863,20.0,1.0,best_within_2.0d,23904.0,371.3684,0.5832424107187206,4.3760036431226785,32.22527881040892,0.012230020343504162,2.285057100371749,15.890706319702602,0.006381710269403211,0.4929364202292669,5.6011759621451125,36.843533123028394,0.015614239272951093,2.82998018927445,22.52492113564669,0.007835530045022196,1.8630914826498424,0.00402220134195386,1.9444468750000041,16.553125,0.005470102952261012,0.0,0
23885.0,2022-03-31 15:40:00,364.68,364.73,363.97,364.04,996882.0,1,1,1.0,buy,False,0.5833876851151917,2.8799999999999955,9.0,0.007850620144473205,-0.3002462566986383,-0.03958940626859179,-0.18971253461791093,-0.0005194975636024697,37.32425129381551,16.21055163963737,29.17961151011827,-9.727568101324437,996882.0,2.8799999999999955,1.0,2.8799999999999955,9.0,0.007850620144473205,2.8799999999999955,9.0,0.007850620144473205,1.0,1.0,-0.3002462566986383,-0.18971253461791093,-0.03958940626859179,37.32425129381551,16.21055163963737,29.17961151011827,-9.727568101324437,18.726470206413726,25.098446492708508,16.741462875544027,-0.17549632554568012,0.20880841827622906,0.05000000000001137,0.06999999999999318,0.6399999999999864,0.0,23886.0,23886.0,2022-03-31,2022-03-31 15:40:00,2.0130754862103033,19.0,1.0,best_within_2.0d,23904.0,371.3684,0.5832424107187206,4.3760036431226785,32.22527881040892,0.012230020343504162,2.285057100371749,15.890706319702602,0.006381710269403211,0.4929364202292669,5.6011759621451125,36.843533123028394,0.015614239272951093,2.82998018927445,22.52492113564669,0.007835530045022196,1.8630914826498424,0.00402220134195386,1.9444468750000041,16.553125,0.005470102952261012,0.0,0
23887.0,2022-03-31 15:50:00,364.25,364.36,362.564,362.605,3563148.0,1,1,1.0,buy,False,0.9949374312836453,4.286000000000001,11.0,0.011683249284448688,-0.5120544142670561,-0.14253573507299638,-0.39856294220652444,-0.0010921622925204556,29.278519694821597,9.860075930352176,19.426944579793027,-9.273661368529524,3563148.0,4.286000000000001,1.0,4.286000000000001,11.0,0.011683249284448688,4.286000000000001,11.0,0.011683249284448688,1.0,1.0,-0.5120544142670561,-0.39856294220652444,-0.14253573507299638,29.278519694821597,9.860075930352176,19.426944579793027,-9.273661368529524,13.483305976451266,35.73156731216248,19.192715399779996,-0.45161290322580144,0.49536081905539214,0.11000000000001364,0.04099999999999682,1.6449999999999818,0.0,23888.0,23888.0,2022-03-31,2022-03-31 15:50:00,2.41678961955847,17.0,1.0,best_within_2.0d,23904.0,371.3684,0.5832424107187206,4.3760036431226785,32.22527881040892,0.012230020343504162,2.285057100371749,15.890706319702602,0.006381710269403211,0.4929364202292669,5.6011759621451125,36.843533123028394,0.015614239272951093,2.82998018927445,22.52492113564669,0.007835530045022196,1.8630914826498424,0.00402220134195386,1.9444468750000041,16.553125,0.005470102952261012,0.0,0
23888.0,2022-03-31 15:55:00,362.62,363.25,361.68,362.0,6569468.0,1,1,1.0,buy,False,1.3319971960030523,5.170000000000016,12.0,0.014092953523238423,-0.685525564280693,-0.228226430608083,-0.5709892127484295,-0.0015655846175431358,26.44728760656676,9.048306032193262,15.967398397259771,-4.789878697939756,6569468.0,5.170000000000016,1.0,5.170000000000016,12.0,0.014092953523238423,5.170000000000016,12.0,0.014092953523238423,1.0,1.0,-0.685525564280693,-0.5709892127484295,-0.228226430608083,26.44728760656676,9.048306032193262,15.967398397259771,-4.789878697939756,12.156856035655569,39.77860851861034,21.620718627441622,-0.17097788318349913,0.4340853793408519,0.6299999999999955,0.3199999999999932,0.6200000000000045,0.0,23889.0,23889.0,2022-03-31,2022-03-31 15:55:00,2.587955801104975,16.0,1.0,best_within_2.0d,23904.0,371.3684,0.5832424107187206,4.3760036431226785,32.22527881040892,0.012230020343504162,2.285057100371749,15.890706319702602,0.006381710269403211,0.4929364202292669,5.6011759621451125,36.843533123028394,0.015614239272951093,2.82998018927445,22.52492113564669,0.007835530045022196,1.8630914826498424,0.00402220134195386,1.9444468750000041,16.553125,0.005470102952261012,0.0,0
23889.0,2022-03-31 16:00:00,362.0,363.03,361.3259,362.37,1626486.0,1,1,1.0,buy,False,1.373588755404869,5.524100000000033,13.0,0.015058198173640541,-0.7069310727260568,-0.3165928146988401,-0.6700583510618685,-0.0018380951583358333,30.851232090297003,14.390152517735956,15.441649770751832,12.287158011704204,1626486.0,5.524100000000033,1.0,5.524100000000033,13.0,0.015058198173640541,5.524100000000033,13.0,0.015058198173640541,1.0,1.0,-0.7069310727260568,-0.6700583510618685,-0.3165928146988401,30.851232090297003,14.390152517735956,15.441649770751832,12.287158011704204,10.868916779478456,38.27256805023374,24.059581660887584,0.10220994475138247,0.47162409337387184,0.6599999999999682,0.6741000000000099,0.37000000000000455,1.0,23890.0,23890.0,2022-03-31,2022-03-31 16:00:00,2.483207771062727,15.0,1.0,best_within_2.0d,23904.0,371.3684,0.5832424107187206,4.3760036431226785,32.22527881040892,0.012230020343504162,2.285057100371749,15.890706319702602,0.006381710269403211,0.4929364202292669,5.6011759621451125,36.843533123028394,0.015614239272951093,2.82998018927445,22.52492113564669,0.007835530045022196,1.8630914826498424,0.00402220134195386,1.9444468750000041,16.553125,0.005470102952261012,1.0,0
23897.0,2022-03-31 16:40:00,363.26,363.38,363.26,363.35,56471.0,3a,3a,0.0,sell,False,0.004197415708759786,4.163492493946733,28.239017640954685,0.011578080659927173,0.04539732590801426,-0.5773907046262472,-0.5546920416722401,-0.0015243663647489033,43.62745634823583,75.1207827911715,56.647001893350534,112.0683445868134,56471.0,2.0541000000000054,2.0,2.0541000000000054,9.0,0.00568489554720546,2.0541000000000054,9.0,0.00568489554720546,3.0,3.0,0.04539732590801426,-0.5546920416722401,-0.5773907046262472,43.62745634823583,75.1207827911715,56.647001893350534,112.0683445868134,7.6207470190791815,32.89095826246943,44.802087557055394,0.02477564279029671,0.033034190387051854,0.029999999999972715,0.0,0.09000000000003183,1.0,23898.0,23898.0,2022-03-31,2022-03-31 16:40:00,1.2673730562818268,149.0,1.0,best_within_2.0d,24046.0,358.745,0.5832424107187206,4.3760036431226785,32.22527881040892,0.012230020343504162,2.285057100371749,15.890706319702602,0.006381710269403211,0.4929364202292669,5.6011759621451125,36.843533123028394,0.015614239272951093,2.82998018927445,22.52492113564669,0.007835530045022196,1.8630914826498424,0.004197415708759786,2.0541000000000054,9.0,0.00568489554720546,0.0,1
23898.0,2022-03-31 16:45:00,363.37,363.39,363.09,363.35,40987.0,3a,3a,0.0,sell,False,0.004197415708759786,4.163492493946733,28.239017640954685,0.011578080659927173,0.10474108561469508,-0.5642980689244104,-0.5119275261170628,-0.0014069967303501076,43.62745634823583,82.21265399291423,65.16888592653842,116.30019012566584,40987.0,2.0640999999999963,2.0,2.0640999999999963,10.0,0.005712571393304483,2.0640999999999963,10.0,0.005712571393304483,3.0,3.0,0.10474108561469508,-0.5119275261170628,-0.5642980689244104,43.62745634823583,82.21265399291423,65.16888592653842,116.30019012566584,8.070786704854687,35.965197192940934,46.126551536418965,-0.005504031703217604,0.08262414277452185,0.01999999999998181,0.26000000000004775,0.01999999999998181,0.0,23899.0,23899.0,2022-03-31,2022-03-31 16:45:00,1.2673730562818268,148.0,1.0,best_within_2.0d,24046.0,358.745,0.5832424107187206,4.3760036431226785,32.22527881040892,0.012230020343504162,2.285057100371749,15.890706319702602,0.006381710269403211,0.4929364202292669,5.6011759621451125,36.843533123028394,0.015614239272951093,2.82998018927445,22.52492113564669,0.007835530045022196,1.8630914826498424,0.004197415708759786,2.0640999999999963,10.0,0.005712571393304483,1.0,1
23904.0,2022-03-31 17:15:00,371.73,371.83,371.32,371.3684,655043.0,1p,1p,0.0,sell,False,1.262468349299356,4.6200000000000045,37.0,0.012581356716865022,0.09851120851142836,0.6239302951364236,0.6731858993921378,0.001817723681776118,68.82978233056397,85.608184530181,89.57569155510181,77.6731704803394,655043.0,4.6200000000000045,0.0,4.6200000000000045,37.0,0.012581356716865022,4.6200000000000045,0.0,0.0,1.0,1.0,0.09851120851142836,0.6731858993921378,0.6239302951364236,68.82978233056397,85.608184530181,89.57569155510181,77.6731704803394,33.5600985136836,5.683481735357162,43.307902136732096,-0.0972749038280499,0.137347840137884,0.0999999999999659,0.0484000000000151,0.3616000000000099,0.0,23905.0,23905.0,2022-03-31,2022-03-31 17:15:00,3.399158355961359,142.0,1.0,best_within_2.0d,24046.0,358.745,0.5832424107187206,4.3760036431226785,32.22527881040892,0.012230020343504162,2.285057100371749,15.890706319702602,0.006381710269403211,0.4929364202292669,5.6011759621451125,36.843533123028394,0.015614239272951093,2.82998018927445,22.52492113564669,0.007835530045022196,1.8630914826498424,0.00402220134195386,1.9444468750000041,16.553125,0.005470102952261012,0.0,1
23937.0,2022-04-01 04:00:00,363.63,363.99,363.5,363.79,27069.0,3a,3a,0.0,sell,False,0.004197415708759786,4.163492493946733,28.239017640954685,0.011578080659927173,0.10778311396635856,-0.03245585981644218,0.0214356971667371,5.9016494610984675e-05,67.00664187592358,47.2701743490799,44.20139398441721,53.407735078405295,27069.0,2.664100000000019,2.0,2.664100000000019,49.0,0.0073731221592474245,2.664100000000019,49.0,0.0073731221592474245,3.0,3.0,0.10778311396635856,0.0214356971667371,-0.03245585981644218,67.00664187592358,47.2701743490799,44.20139398441721,53.407735078405295,53.04186046511806,13.953488372090685,30.741804164026906,0.04400077001348211,0.13480055020632986,0.19999999999998863,0.12999999999999545,0.160000000000025,1.0,23938.0,23938.0,2022-04-01,2022-04-01 04:00:00,1.3867890816130228,109.0,1.0,best_within_2.0d,24046.0,358.745,0.5832424107187206,4.3760036431226785,32.22527881040892,0.012230020343504162,2.285057100371749,15.890706319702602,0.006381710269403211,0.4929364202292669,5.6011759621451125,36.843533123028394,0.015614239272951093,2.82998018927445,22.52492113564669,0.007835530045022196,1.8630914826498424,0.004197415708759786,2.664100000000019,49.0,0.0073731221592474245,1.0,1
23942.0,2022-04-01 04:25:00,365.66,366.29,365.57,366.1399,851173.0,1p,1p,1.0,buy,False,0.7564331490668698,4.5,31.0,0.012159861647796363,-0.3523949814749634,-0.5621300563678322,-0.7383275471053139,-0.002008097833894944,30.60760819716694,13.285003550542067,11.783899342967914,16.287211965690375,851173.0,4.5,0.0,4.5,31.0,0.012159861647796363,4.5,0.0,0.0,1.0,1.0,-0.3523949814749634,-0.7383275471053139,-0.5621300563678322,30.60760819716694,13.285003550542067,11.783899342967914,16.287211965690375,4.801330762542361,38.49885952641953,57.985128661613906,0.13124213750478217,0.19695270399650608,0.150100000000009,0.09000000000003183,0.47989999999998645,1.0,23943.0,23943.0,2022-04-01,2022-04-01 04:25:00,1.2673024709953657,44.0,1.0,best_within_2.0d,23986.0,370.78,0.5832424107187206,4.3760036431226785,32.22527881040892,0.012230020343504162,2.285057100371749,15.890706319702602,0.006381710269403211,0.4929364202292669,5.6011759621451125,36.843533123028394,0.015614239272951093,2.82998018927445,22.52492113564669,0.007835530045022196,1.8630914826498424,0.00402220134195386,1.9444468750000041,16.553125,0.005470102952261012,0.0,0
23942.0,2022-04-01 04:25:00,369.88,370.07,369.82,369.985,248039.0,2,2,0.0,sell,False,0.7299703264094884,4.163492493946733,28.239017640954685,0.011578080659927173,0.30027312946927254,0.020207570904049836,0.1703441356386861,0.00046126419300411195,61.88852363353281,89.56071097848155,82.80325876691823,103.07561540160819,248039.0,2.4599999999999795,1.0,3.3700000000000045,8.0,0.009084047657555674,2.4599999999999795,22.0,0.006691874540953672,2.0,2.0,0.30027312946927254,0.1703441356386861,0.020207570904049836,61.88852363353281,89.56071097848155,82.80325876691823,103.07561540160819,32.337407825683044,9.802032817378254,36.78056474102308,0.028387585162760406,0.06760045427505272,0.08499999999997954,0.060000000000002274,0.10500000000001819,1.0,23943.0,23943.0,2022-04-01,2022-04-01 04:25:00,1.2673024709953657,44.0,1.0,best_within_2.0d,23986.0,370.78,0.7299703264094884,3.3700000000000045,8.0,0.009084047657555674,2.4599999999999795,22.0,0.006691874540953672,0.4929364202292669,5.6011759621451125,36.843533123028394,0.015614239272951093,2.82998018927445,22.52492113564669,0.007835530045022196,1.8630914826498424,0.00402220134195386,1.9444468750000041,16.553125,0.005470102952261012,0.0,1
23942.0,2022-04-01 04:25:00,370.37,370.98,370.2,370.78,556101.0,1,1,0.0,sell,False,0.7146859149011028,2.569999999999993,26.0,0.006975923563421169,0.23977511423666503,0.22002025235899195,0.33990780947732446,0.0009191878453597528,60.17997021265459,80.18094209901878,74.78607127697228,90.97068374311178,556101.0,2.569999999999993,1.0,2.569999999999993,26.0,0.006975923563421169,2.569999999999993,26.0,0.006975923563421169,1.0,1.0,0.23977511423666503,0.33990780947732446,0.22002025235899195,60.17997021265459,80.18094209901878,74.78607127697228,90.97068374311178,22.10190436811086,10.440087689870971,33.56663302369297,0.11070011070010212,0.2106969205834764,0.20000000000004547,0.17000000000001592,0.40999999999996817,1.0,23943.0,23943.0,2022-04-01,2022-04-01 04:25:00,1.2673024709953657,44.0,1.0,best_within_2.0d,23986.0,370.78,0.5832424107187206,4.3760036431226785,32.22527881040892,0.012230020343504162,2.285057100371749,15.890706319702602,0.006381710269403211,0.4929364202292669,5.6011759621451125,36.843533123028394,0.015614239272951093,2.82998018927445,22.52492113564669,0.007835530045022196,1.8630914826498424,0.00402220134195386,1.9444468750000041,16.553125,0.005470102952261012,0.0,1
23952.0,2022-04-01 05:20:00,363.16,363.36,363.03,363.33,4700.0,2,2,1.0,buy,False,0.3603468338275701,4.163492493946733,28.239017640954685,0.011578080659927173,-0.08110480794073746,0.043578892627524554,0.0030264886571558236,8.329312312768169e-06,49.3093855748269,25.888747017099938,28.373992415726207,20.918256219847393,4700.0,0.9600000000000364,1.0,2.664100000000019,49.0,0.0073731221592474245,0.9600000000000364,16.0,0.0026374350943708246,2.0,2.0,-0.08110480794073746,0.0030264886571558236,0.043578892627524554,49.3093855748269,25.888747017099938,28.373992415726207,20.918256219847393,16.296296296298042,36.29629629629426,31.387782594601187,0.04681132283289984,0.09090157838196318,0.03000000000002956,0.1300000000000523,0.16999999999995907,1.0,23953.0,23953.0,2022-04-01,2022-04-01 05:20:00,2.0504775273167613,34.0,1.0,best_within_2.0d,23986.0,370.78,0.3603468338275701,2.664100000000019,49.0,0.0073731221592474245,0.9600000000000364,16.0,0.0026374350943708246,0.4929364202292669,5.6011759621451125,36.843533123028394,0.015614239272951093,2.82998018927445,22.52492113564669,0.007835530045022196,1.8630914826498424,0.00402220134195386,1.9444468750000041,16.553125,0.005470102952261012,1.0,0
23960.0,2022-04-01 06:00:00,364.0,364.28,364.0,364.07,9199.0,1p,1p,0.0,sell,False,0.5668356052246594,1.25,9.0,0.0034432416053769665,0.10075103487287496,0.09724513388206729,0.14762065131850477,0.000406029470412175,63.49405663126906,80.96459507962136,73.64742471612897,95.59893580660616,9199.0,1.25,0.0,1.25,9.0,0.0034432416053769665,1.25,0.0,0.0,1.0,1.0,0.10075103487287496,0.14762065131850477,0.09724513388206729,63.49405663126906,80.96459507962136,73.64742471612897,95.59893580660616,38.43750000000276,23.74999999999929,24.974746917799393,0.01923076923076736,0.07692307692306943,0.20999999999997954,0.0,0.06999999999999318,1.0,23961.0,23961.0,2022-04-01,2022-04-01 06:00:00,1.4626308127557857,86.0,1.0,best_within_2.0d,24046.0,358.745,0.5832424107187206,4.3760036431226785,32.22527881040892,0.012230020343504162,2.285057100371749,15.890706319702602,0.006381710269403211,0.4929364202292669,5.6011759621451125,36.843533123028394,0.015614239272951093,2.82998018927445,22.52492113564669,0.007835530045022196,1.8630914826498424,0.00402220134195386,1.9444468750000041,16.553125,0.005470102952261012,1.0,1
23970.0,2022-04-01 06:50:00,363.87,363.93,363.83,363.85,7563.0,2s,2s,1.0,buy,False,0.06005780563793547,4.163492493946733,28.239017640954685,0.011578080659927173,-0.06057482091753519,0.16400071985448395,0.13371330939571635,0.00036752786128565427,51.532654021505714,22.429039177209287,44.10221253088544,-20.91730753014302,7563.0,0.44999999999998863,1.0,2.664100000000019,49.0,0.0073731221592474245,0.44999999999998863,11.0,0.0012353134951136177,1.0,2.5,-0.06057482091753519,0.13371330939571635,0.16400071985448395,51.532654021505714,22.429039177209287,44.10221253088544,-20.91730753014302,36.2694300518157,24.352331606218943,33.78258059153848,-0.0054964685189715584,0.027485364043653007,0.060000000000002274,0.020000000000038654,0.01999999999998181,0.0,23971.0,23971.0,2022-04-01,2022-04-01 06:50:00,1.9046310292702897,16.0,1.0,best_within_2.0d,23986.0,370.78,0.5832424107187206,4.3760036431226785,32.22527881040892,0.012230020343504162,2.285057100371749,15.890706319702602,0.006381710269403211,0.06005780563793547,2.664100000000019,49.0,0.0073731221592474245,0.44999999999998863,11.0,0.0012353134951136177,1.0,0.00402220134195386,1.9444468750000041,16.553125,0.005470102952261012,0.0,0
23974.0,2022-04-01 07:10:00,363.83,363.89,363.64,363.64,16967.0,2s,2s,1.0,buy,False,0.13137644983297184,4.163492493946733,28.239017640954685,0.011578080659927173,-0.11779959548623936,0.12035345309922349,0.06145365535610381,0.00016891404380559374,43.85577327367609,8.34491108107507,19.476759315646614,-13.918785388068017,16967.0,0.6399999999999864,1.0,2.664100000000019,49.0,0.0073731221592474245,0.6399999999999864,15.0,0.0017568903041615966,1.0,2.5,-0.11779959548623936,0.06145365535610381,0.12035345309922349,43.85577327367609,8.34491108107507,19.476759315646614,-13.918785388068017,16.759776536315403,32.40223463687137,32.508121508580395,-0.05222219168292822,0.06874931250687494,0.060000000000002274,0.0,0.18999999999999773,0.0,23975.0,23975.0,2022-04-01,2022-04-01 07:10:00,1.9634803651963444,12.0,1.0,best_within_2.0d,23986.0,370.78,0.5832424107187206,4.3760036431226785,32.22527881040892,0.012230020343504162,2.285057100371749,15.890706319702602,0.006381710269403211,0.13137644983297184,2.664100000000019,49.0,0.0073731221592474245,0.6399999999999864,15.0,0.0017568903041615966,1.0,0.00402220134195386,1.9444468750000041,16.553125,0.005470102952261012,0.0,0
23976.0,2022-04-01 07:20:00,363.65,363.8,363.63,363.77,34347.0,2s,2s,1.0,buy,False,0.13513006268533878,4.163492493946733,28.239017640954685,0.011578080659927173,-0.11758319600073702,0.08949359484972766,0.030701996849359148,8.439204779610425e-05,48.97062287512453,16.057146765384122,15.567064043497995,17.03731220915638,34347.0,0.6499999999999773,1.0,2.664100000000019,49.0,0.0073731221592474245,0.6499999999999773,17.0,0.001784341715164097,1.0,2.5,-0.11758319600073702,0.030701996849359148,0.08949359484972766,48.97062287512453,16.057146765384122,15.567064043497995,17.03731220915638,13.227513227515136,30.68783068783031,32.980282676583485,0.03299876254640576,0.04675081813932182,0.03000000000002956,0.01999999999998181,0.12000000000000455,1.0,23977.0,23977.0,2022-04-01,2022-04-01 07:20:00,1.9270418121340382,10.0,1.0,best_within_2.0d,23986.0,370.78,0.5832424107187206,4.3760036431226785,32.22527881040892,0.012230020343504162,2.285057100371749,15.890706319702602,0.006381710269403211,0.13513006268533878,2.664100000000019,49.0,0.0073731221592474245,0.6499999999999773,17.0,0.001784341715164097,1.0,0.00402220134195386,1.9444468750000041,16.553125,0.005470102952261012,1.0,0
23983.0,2022-04-01 07:55:00,364.0,364.09,363.99,364.09,11670.0,2,2,0.0,sell,False,0.707692307692301,4.163492493946733,28.239017640954685,0.011578080659927173,0.017960687021667823,0.04273169038473531,0.05171203389556922,0.00014212697548687554,60.53563166690145,78.91704186279361,57.473848273177516,121.8034290420258,11670.0,0.45999999999997954,1.0,0.6499999999999773,17.0,0.001784341715164097,0.45999999999997954,8.0,0.0012650221378873567,2.0,2.0,0.017960687021667823,0.05171203389556922,0.04273169038473531,60.53563166690145,78.91704186279361,57.473848273177516,121.8034290420258,23.95833333332994,13.02083333333207,30.159820091155545,0.02472527472526785,0.02747328223301901,0.0,0.009999999999990905,0.08999999999997499,1.0,23984.0,23984.0,2022-04-01,2022-04-01 07:55:00,1.468043615589544,63.0,1.0,best_within_2.0d,24046.0,358.745,0.707692307692301,0.6499999999999773,17.0,0.001784341715164097,0.45999999999997954,8.0,0.0012650221378873567,0.4929364202292669,5.6011759621451125,36.843533123028394,0.015614239272951093,2.82998018927445,22.52492113564669,0.007835530045022196,1.8630914826498424,0.00402220134195386,1.9444468750000041,16.553125,0.005470102952261012,0.0,1
23984.0,2022-04-01 08:00:00,363.9399,364.1496,362.811,363.83,52701.0,2,2,0.0,sell,False,0.7993846153846824,4.163492493946733,28.239017640954685,0.011578080659927173,-0.0001354511234827327,0.04271475899429997,0.0426470334325586,0.00011721277580155721,49.67392077268356,77.98613090170537,64.31127581602013,105.33584107307584,52701.0,0.5196000000000254,1.0,0.6499999999999773,17.0,0.001784341715164097,0.5196000000000254,9.0,0.0014289250061876781,2.0,2.0,-0.0001354511234827327,0.0426470334325586,0.04271475899429997,49.67392077268356,77.98613090170537,64.31127581602013,105.33584107307584,14.563414170833584,43.658582916479745,31.575033749679935,-0.030197293564140325,0.3689524297774991,0.209699999999998,1.0190000000000055,0.10990000000003874,0.0,23985.0,23985.0,2022-04-01,2022-04-01 08:00:00,1.3976307616194321,62.0,1.0,best_within_2.0d,24046.0,358.745,0.7993846153846824,0.6499999999999773,17.0,0.001784341715164097,0.5196000000000254,9.0,0.0014289250061876781,0.4929364202292669,5.6011759621451125,36.843533123028394,0.015614239272951093,2.82998018927445,22.52492113564669,0.007835530045022196,1.8630914826498424,0.00402220134195386,1.9444468750000041,16.553125,0.005470102952261012,1.0,1
23986.0,2022-04-01 08:10:00,368.92,369.17,368.92,369.17,1357.0,1p,1p,1.0,buy,False,1.4188207841859626,1.829999999999984,14.0,0.004935940660822613,-0.12280111537120064,-0.31702885837012346,-0.3784294160557238,-0.0010232788698399512,32.01174106535076,23.32997777770499,19.292379154275558,31.40517502456386,1357.0,1.829999999999984,0.0,1.829999999999984,14.0,0.004935940660822613,1.829999999999984,0.0,0.0,1.0,1.0,-0.12280111537120064,-0.3784294160557238,-0.31702885837012346,32.01174106535076,23.32997777770499,19.292379154275558,31.40517502456386,9.560723514210665,56.847545219637254,48.186954027598276,0.06776536918573133,0.06776536918573133,0.0,0.0,0.25,1.0,23987.0,23987.0,2022-04-01,2022-04-01 08:10:00,3.245860078752891,60.0,1.0,best_within_2.0d,24046.0,358.745,0.5832424107187206,4.3760036431226785,32.22527881040892,0.012230020343504162,2.285057100371749,15.890706319702602,0.006381710269403211,0.4929364202292669,5.6011759621451125,36.843533123028394,0.015614239272951093,2.82998018927445,22.52492113564669,0.007835530045022196,1.8630914826498424,0.00402220134195386,1.9444468750000041,16.553125,0.005470102952261012,0.0,0
23986.0,2022-04-01 08:10:00,370.37,370.98,370.2,370.78,556101.0,1p,1p,0.0,sell,False,1.5775184601421683,2.569999999999993,26.0,0.006975923563421169,0.23978259961308046,0.22000855643344086,0.3398998562399811,0.0009191663182324526,60.18028229124035,80.18094209901878,74.78607127697228,90.97068374311178,556101.0,2.569999999999993,0.0,2.569999999999993,26.0,0.006975923563421169,2.569999999999993,0.0,0.0,1.0,1.0,0.23978259961308046,0.3398998562399811,0.22000855643344086,60.18028229124035,80.18094209901878,74.78607127697228,90.97068374311178,22.10190436811086,10.440087689870971,33.56477833062741,0.11070011070010212,0.2106969205834764,0.20000000000004547,0.17000000000001592,0.40999999999996817,1.0,23987.0,23987.0,2022-04-01,2022-04-01 08:10:00,3.245860078752891,60.0,1.0,best_within_2.0d,24046.0,358.745,0.5832424107187206,4.3760036431226785,32.22527881040892,0.012230020343504162,2.285057100371749,15.890706319702602,0.006381710269403211,0.4929364202292669,5.6011759621451125,36.843533123028394,0.015614239272951093,2.82998018927445,22.52492113564669,0.007835530045022196,1.8630914826498424,0.00402220134195386,1.9444468750000041,16.553125,0.005470102952261012,0.0,1
23992.0,2022-04-01 08:40:00,363.56,363.59,363.05,363.14,94776.0,2s,"1p,2s",1.0,buy,False,1.247448663867434,1.0996000000000095,9.0,0.003019638082809948,-0.16128983552426032,0.008299775397689594,-0.07234514236444056,-0.0001988724393410192,33.44964926418622,52.088137557972416,67.2763430967134,21.711726480490455,94776.0,1.0996000000000095,0.0,1.0996000000000095,9.0,0.003019638082809948,1.0996000000000095,0.0,0.0,1.0,1.0,-0.16128983552426032,-0.07234514236444056,0.008299775397689594,33.44964926418622,52.088137557972416,67.2763430967134,21.711726480490455,6.611781768545019,49.247110011516554,44.78641669796138,-0.11552426009462426,0.14873984299682236,0.029999999999972715,0.08999999999997499,0.4200000000000159,0.0,23993.0,23993.0,2022-04-01,2022-04-01 08:40:00,-0.34421986010904887,87.0,1.0,best_within_2.0d,24079.0,361.89,0.5832424107187206,4.3760036431226785,32.22527881040892,0.012230020343504162,2.285057100371749,15.890706319702602,0.006381710269403211,0.35283960812281484,2.664100000000019,49.0,0.0073731221592474245,1.0996000000000095,9.0,0.003019638082809948,2.0,0.00402220134195386,1.9444468750000041,16.553125,0.005470102952261012,0.0,0
23992.0,2022-04-01 08:40:00,363.56,363.59,363.05,363.14,94776.0,1p,"1p,2s",1.0,buy,False,1.247448663867434,1.0996000000000095,9.0,0.003019638082809948,-0.16128983552426032,0.008299775397689594,-0.07234514236444056,-0.0001988724393410192,33.44964926418622,52.088137557972416,67.2763430967134,21.711726480490455,94776.0,1.0996000000000095,0.0,1.0996000000000095,9.0,0.003019638082809948,1.0996000000000095,0.0,0.0,1.0,1.0,-0.16128983552426032,-0.07234514236444056,0.008299775397689594,33.44964926418622,52.088137557972416,67.2763430967134,21.711726480490455,6.611781768545019,49.247110011516554,44.78641669796138,-0.11552426009462426,0.14873984299682236,0.029999999999972715,0.08999999999997499,0.4200000000000159,0.0,23993.0,23993.0,2022-04-01,2022-04-01 08:40:00,-0.34421986010904887,87.0,1.0,best_within_2.0d,24079.0,361.89,0.5832424107187206,4.3760036431226785,32.22527881040892,0.012230020343504162,2.285057100371749,15.890706319702602,0.006381710269403211,0.35283960812281484,2.664100000000019,49.0,0.0073731221592474245,1.0996000000000095,9.0,0.003019638082809948,2.0,0.00402220134195386,1.9444468750000041,16.553125,0.005470102952261012,0.0,0
23994.0,2022-04-01 08:50:00,363.07,363.14,362.84,362.96,55907.0,1p,"1p,2s",1.0,buy,False,1.748577366502016,1.3096000000000458,11.0,0.003596324148097501,-0.2260836569981091,-0.044339534766928965,-0.1573813632659835,-0.0004327574243489504,30.410593731619684,27.72907359793573,47.34497933049642,-11.502737867185644,55907.0,1.3096000000000458,0.0,1.3096000000000458,11.0,0.003596324148097501,1.3096000000000458,0.0,0.0,1.0,1.0,-0.2260836569981091,-0.1573813632659835,-0.044339534766928965,30.410593731619684,27.72907359793573,47.34497933049642,-11.502737867185644,5.744166699679564,51.08346868438826,49.42302988170312,-0.03029718787011145,0.08268107154669038,0.06999999999999318,0.12000000000000455,0.11000000000001364,0.0,23995.0,23995.0,2022-04-01,2022-04-01 08:50:00,-0.2947983248842829,85.0,1.0,best_within_2.0d,24079.0,361.89,0.5832424107187206,4.3760036431226785,32.22527881040892,0.012230020343504162,2.285057100371749,15.890706319702602,0.006381710269403211,0.43166547802260646,2.664100000000019,49.0,0.0073731221592474245,1.3096000000000458,11.0,0.003596324148097501,2.0,0.00402220134195386,1.9444468750000041,16.553125,0.005470102952261012,0.0,0
23994.0,2022-04-01 08:50:00,363.07,363.14,362.84,362.96,55907.0,2s,"1p,2s",1.0,buy,False,1.748577366502016,1.3096000000000458,11.0,0.003596324148097501,-0.2260836569981091,-0.044339534766928965,-0.1573813632659835,-0.0004327574243489504,30.410593731619684,27.72907359793573,47.34497933049642,-11.502737867185644,55907.0,1.3096000000000458,0.0,1.3096000000000458,11.0,0.003596324148097501,1.3096000000000458,0.0,0.0,1.0,1.0,-0.2260836569981091,-0.1573813632659835,-0.044339534766928965,30.410593731619684,27.72907359793573,47.34497933049642,-11.502737867185644,5.744166699679564,51.08346868438826,49.42302988170312,-0.03029718787011145,0.08268107154669038,0.06999999999999318,0.12000000000000455,0.11000000000001364,0.0,23995.0,23995.0,2022-04-01,2022-04-01 08:50:00,-0.2947983248842829,85.0,1.0,best_within_2.0d,24079.0,361.89,0.5832424107187206,4.3760036431226785,32.22527881040892,0.012230020343504162,2.285057100371749,15.890706319702602,0.006381710269403211,0.43166547802260646,2.664100000000019,49.0,0.0073731221592474245,1.3096000000000458,11.0,0.003596324148097501,2.0,0.00402220134195386,1.9444468750000041,16.553125,0.005470102952261012,0.0,0
23995.0,2022-04-01 08:55:00,362.95,363.03,362.79,362.81,42310.0,1p,"1p,2s",1.0,buy,False,1.9492681086763874,1.3596000000000004,12.0,0.0037336303541181982,-0.25203212103845857,-0.07584354989673628,-0.20185961041596556,-0.0005551582943006231,28.101013661913797,18.987302198122116,37.89242028637165,-18.82293397837696,42310.0,1.3596000000000004,0.0,1.3596000000000004,12.0,0.0037336303541181982,1.3596000000000004,0.0,0.0,1.0,1.0,-0.25203212103845857,-0.20185961041596556,-0.07584354989673628,28.101013661913797,18.987302198122116,37.89242028637165,-18.82293397837696,4.102684327746657,51.36170046497115,51.978960495245055,-0.038572806171645234,0.06615397337301256,0.07999999999998408,0.01999999999998181,0.13999999999998636,0.0,23996.0,23996.0,2022-04-01,2022-04-01 08:55:00,-0.2535762520327488,84.0,1.0,best_within_2.0d,24079.0,361.89,0.5832424107187206,4.3760036431226785,32.22527881040892,0.012230020343504162,2.285057100371749,15.890706319702602,0.006381710269403211,0.4504335422844413,2.664100000000019,49.0,0.0073731221592474245,1.3596000000000004,12.0,0.0037336303541181982,2.0,0.00402220134195386,1.9444468750000041,16.553125,0.005470102952261012,0.0,0
23995.0,2022-04-01 08:55:00,362.95,363.03,362.79,362.81,42310.0,2s,"1p,2s",1.0,buy,False,1.9492681086763874,1.3596000000000004,12.0,0.0037336303541181982,-0.25203212103845857,-0.07584354989673628,-0.20185961041596556,-0.0005551582943006231,28.101013661913797,18.987302198122116,37.89242028637165,-18.82293397837696,42310.0,1.3596000000000004,0.0,1.3596000000000004,12.0,0.0037336303541181982,1.3596000000000004,0.0,0.0,1.0,1.0,-0.25203212103845857,-0.20185961041596556,-0.07584354989673628,28.101013661913797,18.987302198122116,37.89242028637165,-18.82293397837696,4.102684327746657,51.36170046497115,51.978960495245055,-0.038572806171645234,0.06615397337301256,0.07999999999998408,0.01999999999998181,0.13999999999998636,0.0,23996.0,23996.0,2022-04-01,2022-04-01 08:55:00,-0.2535762520327488,84.0,1.0,best_within_2.0d,24079.0,361.89,0.5832424107187206,4.3760036431226785,32.22527881040892,0.012230020343504162,2.285057100371749,15.890706319702602,0.006381710269403211,0.4504335422844413,2.664100000000019,49.0,0.0073731221592474245,1.3596000000000004,12.0,0.0037336303541181982,2.0,0.00402220134195386,1.9444468750000041,16.553125,0.005470102952261012,0.0,0
23996.0,2022-04-01 09:00:00,362.83,362.93,362.43,362.43,58130.0,1p,"1p,2s",1.0,buy,False,2.3372976356754074,1.719600000000014,13.0,0.004722235037468155,-0.30220269751268164,-0.11361888708582149,-0.2647202358421623,-0.0007282134849342766,23.27788669477458,12.658201465414743,29.48101401271935,-20.987423629194467,58130.0,1.719600000000014,0.0,1.719600000000014,13.0,0.004722235037468155,1.719600000000014,0.0,0.0,1.0,1.0,-0.30220269751268164,-0.2647202358421623,-0.11361888708582149,23.27788669477458,12.658201465414743,29.48101401271935,-20.987423629194467,2.6985212103773764,53.77253265210719,54.72637875869153,-0.11024446710580085,0.1379576745854372,0.10000000000002274,0.0,0.39999999999997726,0.0,23997.0,23997.0,2022-04-01,2022-04-01 09:00:00,-0.1489942885522778,83.0,1.0,best_within_2.0d,24079.0,361.89,0.5832424107187206,4.3760036431226785,32.22527881040892,0.012230020343504162,2.285057100371749,15.890706319702602,0.006381710269403211,0.5855636049697801,2.664100000000019,49.0,0.0073731221592474245,1.719600000000014,13.0,0.004722235037468155,2.0,0.00402220134195386,1.9444468750000041,16.553125,0.005470102952261012,0.0,0
23996.0,2022-04-01 09:00:00,362.83,362.93,362.43,362.43,58130.0,2s,"1p,2s",1.0,buy,False,2.3372976356754074,1.719600000000014,13.0,0.004722235037468155,-0.30220269751268164,-0.11361888708582149,-0.2647202358421623,-0.0007282134849342766,23.27788669477458,12.658201465414743,29.48101401271935,-20.987423629194467,58130.0,1.719600000000014,0.0,1.719600000000014,13.0,0.004722235037468155,1.719600000000014,0.0,0.0,1.0,1.0,-0.30220269751268164,-0.2647202358421623,-0.11361888708582149,23.27788669477458,12.658201465414743,29.48101401271935,-20.987423629194467,2.6985212103773764,53.77253265210719,54.72637875869153,-0.11024446710580085,0.1379576745854372,0.10000000000002274,0.0,0.39999999999997726,0.0,23997.0,23997.0,2022-04-01,2022-04-01 09:00:00,-0.1489942885522778,83.0,1.0,best_within_2.0d,24079.0,361.89,0.5832424107187206,4.3760036431226785,32.22527881040892,0.012230020343504162,2.285057100371749,15.890706319702602,0.006381710269403211,0.5855636049697801,2.664100000000019,49.0,0.0073731221592474245,1.719600000000014,13.0,0.004722235037468155,2.0,0.00402220134195386,1.9444468750000041,16.553125,0.005470102952261012,0.0,0
23997.0,2022-04-01 09:05:00,362.5,362.81,362.43,362.75,35402.0,1p,"1p,2s",1.0,buy,False,2.3372976356754074,1.719600000000014,14.0,0.004722235037468155,-0.2748916898566435,-0.1479803483179019,-0.28542619324622365,-0.0007852963097664203,33.61146755433738,14.750438057810886,24.57082202774986,-4.890329882067057,35402.0,1.719600000000014,0.0,1.719600000000014,14.0,0.004722235037468155,1.719600000000014,0.0,0.0,1.0,1.0,-0.2748916898566435,-0.28542619324622365,-0.1479803483179019,33.61146755433738,14.750438057810886,24.57082202774986,-4.890329882067057,1.1989175487283061,51.19377933066167,57.63330463029179,0.06896551724137931,0.104847832684931,0.060000000000002274,0.06999999999999318,0.25,1.0,23998.0,23998.0,2022-04-01,2022-04-01 09:05:00,-0.23707787732598584,82.0,1.0,best_within_2.0d,24079.0,361.89,0.5832424107187206,4.3760036431226785,32.22527881040892,0.012230020343504162,2.285057100371749,15.890706319702602,0.006381710269403211,0.5855636049697801,2.664100000000019,49.0,0.0073731221592474245,1.719600000000014,14.0,0.004722235037468155,2.0,0.00402220134195386,1.9444468750000041,16.553125,0.005470102952261012,1.0,0
23997.0,2022-04-01 09:05:00,362.5,362.81,362.43,362.75,35402.0,2s,"1p,2s",1.0,buy,False,2.3372976356754074,1.719600000000014,14.0,0.004722235037468155,-0.2748916898566435,-0.1479803483179019,-0.28542619324622365,-0.0007852963097664203,33.61146755433738,14.750438057810886,24.57082202774986,-4.890329882067057,35402.0,1.719600000000014,0.0,1.719600000000014,14.0,0.004722235037468155,1.719600000000014,0.0,0.0,1.0,1.0,-0.2748916898566435,-0.28542619324622365,-0.1479803483179019,33.61146755433738,14.750438057810886,24.57082202774986,-4.890329882067057,1.1989175487283061,51.19377933066167,57.63330463029179,0.06896551724137931,0.104847832684931,0.060000000000002274,0.06999999999999318,0.25,1.0,23998.0,23998.0,2022-04-01,2022-04-01 09:05:00,-0.23707787732598584,82.0,1.0,best_within_2.0d,24079.0,361.89,0.5832424107187206,4.3760036431226785,32.22527881040892,0.012230020343504162,2.285057100371749,15.890706319702602,0.006381710269403211,0.5855636049697801,2.664100000000019,49.0,0.0073731221592474245,1.719600000000014,14.0,0.004722235037468155,2.0,0.00402220134195386,1.9444468750000041,16.553125,0.005470102952261012,0.0,0
24003.0,2022-04-01 09:35:00,362.49,362.94,361.96,362.05,1072157.0,1p,1p,1.0,buy,False,2.3372976356754074,2.1896000000000413,20.0,0.006012913374063959,-0.17586961608850804,-0.2618040048863278,-0.34973881293058184,-0.0009630422009829245,26.617029976765338,17.912348215838392,24.33777027448448,5.061504098546216,1072157.0,2.1896000000000413,0.0,2.1896000000000413,20.0,0.006012913374063959,2.1896000000000413,0.0,0.0,1.0,1.0,-0.17586961608850804,-0.34973881293058184,-0.2618040048863278,26.617029976765338,17.912348215838392,24.33777027448448,5.061504098546216,12.957317073171298,37.50000000000033,59.60740594295218,-0.12138265883196715,0.2707481489667417,0.44999999999998863,0.09000000000003183,0.4399999999999977,0.0,24004.0,24004.0,2022-04-01,2022-04-01 09:35:00,-0.04419279105096672,76.0,1.0,best_within_2.0d,24079.0,361.89,0.5832424107187206,4.3760036431226785,32.22527881040892,0.012230020343504162,2.285057100371749,15.890706319702602,0.006381710269403211,0.4929364202292669,5.6011759621451125,36.843533123028394,0.015614239272951093,2.82998018927445,22.52492113564669,0.007835530045022196,1.8630914826498424,0.00402220134195386,1.9444468750000041,16.553125,0.005470102952261012,0.0,0
24004.0,2022-04-01 09:40:00,362.06,362.74,361.77,362.29,778315.0,2s,"1p,2s",1.0,buy,False,2.3372976356754074,2.379600000000039,21.0,0.006534676956943077,-0.1657028444573848,-0.28251686044350094,-0.36536828267219335,-0.0010062582235022444,33.26711418082597,21.361855332298596,23.345798627089184,17.393968742717412,778315.0,2.379600000000039,0.0,2.379600000000039,21.0,0.006534676956943077,2.379600000000039,0.0,0.0,1.0,1.0,-0.1657028444573848,-0.36536828267219335,-0.28251686044350094,33.26711418082597,21.361855332298596,23.345798627089184,17.393968742717412,12.917933130699577,30.547112462006275,58.24683698698697,0.06352538253328681,0.2681261575033937,0.44999999999998863,0.29000000000002046,0.2300000000000182,1.0,24005.0,24005.0,2022-04-01,2022-04-01 09:40:00,-0.11040878853957715,75.0,1.0,best_within_2.0d,24079.0,361.89,0.5832424107187206,4.3760036431226785,32.22527881040892,0.012230020343504162,2.285057100371749,15.890706319702602,0.006381710269403211,0.8333020532262345,2.664100000000019,49.0,0.0073731221592474245,2.379600000000039,21.0,0.006534676956943077,2.0,0.00402220134195386,1.9444468750000041,16.553125,0.005470102952261012,0.0,0
24004.0,2022-04-01 09:40:00,362.06,362.74,361.77,362.29,778315.0,1p,"1p,2s",1.0,buy,False,2.3372976356754074,2.379600000000039,21.0,0.006534676956943077,-0.1657028444573848,-0.28251686044350094,-0.36536828267219335,-0.0010062582235022444,33.26711418082597,21.361855332298596,23.345798627089184,17.393968742717412,778315.0,2.379600000000039,0.0,2.379600000000039,21.0,0.006534676956943077,2.379600000000039,0.0,0.0,1.0,1.0,-0.1657028444573848,-0.36536828267219335,-0.28251686044350094,33.26711418082597,21.361855332298596,23.345798627089184,17.393968742717412,12.917933130699577,30.547112462006275,58.24683698698697,0.06352538253328681,0.2681261575033937,0.44999999999998863,0.29000000000002046,0.2300000000000182,1.0,24005.0,24005.0,2022-04-01,2022-04-01 09:40:00,-0.11040878853957715,75.0,1.0,best_within_2.0d,24079.0,361.89,0.5832424107187206,4.3760036431226785,32.22527881040892,0.012230020343504162,2.285057100371749,15.890706319702602,0.006381710269403211,0.8333020532262345,2.664100000000019,49.0,0.0073731221592474245,2.379600000000039,21.0,0.006534676956943077,2.0,0.00402220134195386,1.9444468750000041,16.553125,0.005470102952261012,0.0,0
24006.0,2022-04-01 09:50:00,361.94,362.14,360.59,360.83,929780.0,1p,1p,1.0,buy,False,2.559164847714569,3.559600000000046,23.0,0.0097751034190345,-0.3308891895299799,-0.34748910899260654,-0.5129337037575965,-0.0014136265889609716,20.425298750453862,14.317077591460972,19.0376266877303,4.875979398922318,929780.0,3.559600000000046,0.0,3.559600000000046,23.0,0.0097751034190345,3.559600000000046,0.0,0.0,1.0,1.0,-0.3308891895299799,-0.5129337037575965,-0.34748910899260654,20.425298750453862,14.317077591460972,19.0376266877303,4.875979398922318,10.55900621118039,36.14906832298163,56.82657885035328,-0.30668066530364524,0.4298510774009294,0.19999999999998863,0.2400000000000091,1.1100000000000136,0.0,24007.0,24007.0,2022-04-01,2022-04-01 09:50:00,0.293767147964416,73.0,1.0,best_within_2.0d,24079.0,361.89,0.5832424107187206,4.3760036431226785,32.22527881040892,0.012230020343504162,2.285057100371749,15.890706319702602,0.006381710269403211,0.4929364202292669,5.6011759621451125,36.843533123028394,0.015614239272951093,2.82998018927445,22.52492113564669,0.007835530045022196,1.8630914826498424,0.00402220134195386,1.9444468750000041,16.553125,0.005470102952261012,0.0,0
24008.0,2022-04-01 10:00:00,361.41,361.42,360.5512,361.06,1054231.0,1p,1p,1.0,buy,False,2.609809535605831,3.5984000000000265,25.0,0.009881653034906604,-0.33743733344704874,-0.42994153211469327,-0.5986601988382176,-0.0016509380226946827,29.144119411852913,17.94165204999064,18.574049438152414,16.676857273667096,1054231.0,3.5984000000000265,0.0,3.5984000000000265,25.0,0.009881653034906604,3.5984000000000265,0.0,0.0,1.0,1.0,-0.33743733344704874,-0.5986601988382176,-0.42994153211469327,29.144119411852913,17.94165204999064,18.574049438152414,16.676857273667096,9.364843276593641,31.191538588662908,56.4764285654167,-0.09684292078249708,0.2409643900783083,0.009999999999990905,0.5088000000000079,0.35000000000002274,0.0,24009.0,24009.0,2022-04-01,2022-04-01 10:00:00,0.22987869052234644,71.0,1.0,best_within_2.0d,24079.0,361.89,0.5832424107187206,4.3760036431226785,32.22527881040892,0.012230020343504162,2.285057100371749,15.890706319702602,0.006381710269403211,0.4929364202292669,5.6011759621451125,36.843533123028394,0.015614239272951093,2.82998018927445,22.52492113564669,0.007835530045022196,1.8630914826498424,0.00402220134195386,1.9444468750000041,16.553125,0.005470102952261012,1.0,0
24023.0,2022-04-01 11:15:00,361.72,361.97,361.44,361.69,351973.0,2,2,1.0,buy,False,0.5994231115918477,4.163492493946733,28.239017640954685,0.011578080659927173,0.16773331133696584,-0.23338882286014537,-0.14952216719166245,-0.00041284678045289786,43.749920912821544,58.75311472393293,67.91585878706367,40.42762659767146,351973.0,1.329999999999984,1.0,2.2187999999999874,12.0,0.006153911011806333,1.329999999999984,5.0,0.0036662348044214908,2.0,2.0,0.16773331133696584,-0.14952216719166245,-0.23338882286014537,43.749920912821544,58.75311472393293,67.91585878706367,40.42762659767146,19.00022599655796,17.558194113658754,29.316373212484446,-0.00829370784032665,0.14663567950421358,0.25,0.25,0.03000000000002956,0.0,24024.0,24024.0,2022-04-01,2022-04-01 11:15:00,0.05529597168845936,56.0,1.0,best_within_2.0d,24079.0,361.89,0.5994231115918477,2.2187999999999874,12.0,0.006153911011806333,1.329999999999984,5.0,0.0036662348044214908,0.4929364202292669,5.6011759621451125,36.843533123028394,0.015614239272951093,2.82998018927445,22.52492113564669,0.007835530045022196,1.8630914826498424,0.00402220134195386,1.9444468750000041,16.553125,0.005470102952261012,0.0,0
24024.0,2022-04-01 11:20:00,361.6907,362.14,361.36,361.56,361182.0,2,2,1.0,buy,False,0.635478637101125,4.163492493946733,28.239017640954685,0.011578080659927173,0.09268667235482353,-0.22180298881579247,-0.1754596526383807,-0.0004845237640942396,42.37295345262761,49.58540981595555,61.80570913002762,25.1448111878114,361182.0,1.4099999999999682,1.0,2.2187999999999874,12.0,0.006153911011806333,1.4099999999999682,6.0,0.003886760206191163,2.0,2.0,0.09268667235482353,-0.1754596526383807,-0.22180298881579247,42.37295345262761,49.58540981595555,61.80570913002762,25.1448111878114,14.480136450855902,17.944708975907826,27.98555594779632,-0.03613584756256942,0.21585122869160192,0.4492999999999938,0.19999999999998863,0.13069999999999027,0.0,24025.0,24025.0,2022-04-01,2022-04-01 11:20:00,0.09127115831396838,55.0,1.0,best_within_2.0d,24079.0,361.89,0.635478637101125,2.2187999999999874,12.0,0.006153911011806333,1.4099999999999682,6.0,0.003886760206191163,0.4929364202292669,5.6011759621451125,36.843533123028394,0.015614239272951093,2.82998018927445,22.52492113564669,0.007835530045022196,1.8630914826498424,0.00402220134195386,1.9444468750000041,16.553125,0.005470102952261012,0.0,0
24025.0,2022-04-01 11:25:00,361.56,361.67,360.9819,361.11,259831.0,2,2,1.0,buy,False,0.8058860645393888,4.163492493946733,28.239017640954685,0.011578080659927173,-0.01260152200121023,-0.22337817906594376,-0.22967894006654888,-0.0006343799414533417,37.923481715166886,35.444949496452864,53.01878925216936,0.29726998501986657,259831.0,1.7880999999999858,1.0,2.2187999999999874,12.0,0.006153911011806333,1.7880999999999858,7.0,0.0049290183863053335,2.0,2.0,-0.01260152200121023,-0.22967894006654888,-0.22337817906594376,37.923481715166886,35.444949496452864,53.01878925216936,0.29726998501986657,15.226671897915404,21.000663247671927,27.125031749253957,-0.12446067042814156,0.19061897563285582,0.11000000000001364,0.12810000000001764,0.44999999999998863,0.0,24026.0,24026.0,2022-04-01,2022-04-01 11:25:00,0.21600066461742204,54.0,1.0,best_within_2.0d,24079.0,361.89,0.8058860645393888,2.2187999999999874,12.0,0.006153911011806333,1.7880999999999858,7.0,0.0049290183863053335,0.4929364202292669,5.6011759621451125,36.843533123028394,0.015614239272951093,2.82998018927445,22.52492113564669,0.007835530045022196,1.8630914826498424,0.00402220134195386,1.9444468750000041,16.553125,0.005470102952261012,0.0,0
24026.0,2022-04-01 11:30:00,361.1082,361.22,360.63,360.7401,377676.0,2,2,1.0,buy,False,0.9644853073733543,4.163492493946733,28.239017640954685,0.011578080659927173,-0.12107284509957444,-0.23851228470339056,-0.2990487072531778,-0.0008262031343321451,34.698094616901116,25.344919601996445,43.79416603544506,-11.553573264900791,377676.0,2.1399999999999864,1.0,2.2187999999999874,12.0,0.006153911011806333,2.1399999999999864,8.0,0.005899054497339875,2.0,2.0,-0.12107284509957444,-0.2990487072531778,-0.23851228470339056,34.698094616901116,25.344919601996445,43.79416603544506,-11.553573264900791,15.635641588887584,19.472608849965308,25.96816960635271,-0.10193620637804035,0.1636025843662568,0.11180000000001655,0.11009999999998854,0.36810000000002674,0.0,24027.0,24027.0,2022-04-01,2022-04-01 11:30:00,0.3187613464652259,53.0,1.0,best_within_2.0d,24079.0,361.89,0.9644853073733543,2.2187999999999874,12.0,0.006153911011806333,2.1399999999999864,8.0,0.005899054497339875,0.4929364202292669,5.6011759621451125,36.843533123028394,0.015614239272951093,2.82998018927445,22.52492113564669,0.007835530045022196,1.8630914826498424,0.00402220134195386,1.9444468750000041,16.553125,0.005470102952261012,0.0,0
24027.0,2022-04-01 11:35:00,360.72,360.7367,359.85,360.1,650727.0,1p,1p,1.0,buy,False,0.770703353788137,2.919999999999959,9.0,0.008049177164594534,-0.26006416165130175,-0.27102030490980333,-0.4010523857354542,-0.0011084368393729392,29.95095036877315,19.75049434653648,35.77960880580886,-12.307734572008286,650727.0,2.919999999999959,0.0,2.919999999999959,9.0,0.008049177164594534,2.919999999999959,0.0,0.0,1.0,1.0,-0.26006416165130175,-0.4010523857354542,-0.27102030490980333,29.95095036877315,19.75049434653648,35.77960880580886,-12.307734572008286,15.531205335873718,26.7746545974275,26.011627247083112,-0.1718784652916402,0.24640822564956566,0.016699999999957527,0.25,0.6200000000000045,0.0,24028.0,24028.0,2022-04-01,2022-04-01 11:35:00,0.49708414329351946,52.0,1.0,best_within_2.0d,24079.0,361.89,0.5832424107187206,4.3760036431226785,32.22527881040892,0.012230020343504162,2.285057100371749,15.890706319702602,0.006381710269403211,0.4929364202292669,5.6011759621451125,36.843533123028394,0.015614239272951093,2.82998018927445,22.52492113564669,0.007835530045022196,1.8630914826498424,0.00402220134195386,1.9444468750000041,16.553125,0.005470102952261012,0.0,0
24028.0,2022-04-01 11:40:00,360.105,360.16,359.8,359.85,498424.0,1p,1p,1.0,buy,False,1.0683917919838295,2.9699999999999704,10.0,0.008187005540700638,-0.3605153842029166,-0.3160847279351679,-0.4963424200366262,-0.001372354320547115,28.321220476626067,13.739733917164205,28.432983842927307,-15.646765934361994,498424.0,2.9699999999999704,0.0,2.9699999999999704,10.0,0.008187005540700638,2.9699999999999704,0.0,0.0,1.0,1.0,-0.3605153842029166,-0.4963424200366262,-0.3160847279351679,28.321220476626067,13.739733917164205,28.432983842927307,-15.646765934361994,11.947547353083142,27.780475959203738,27.000318210398586,-0.07081267963510517,0.10005558643691317,0.05500000000000682,0.05000000000001137,0.25499999999999545,0.0,24029.0,24029.0,2022-04-01,2022-04-01 11:40:00,0.5669028761984058,51.0,1.0,best_within_2.0d,24079.0,361.89,0.5832424107187206,4.3760036431226785,32.22527881040892,0.012230020343504162,2.285057100371749,15.890706319702602,0.006381710269403211,0.4929364202292669,5.6011759621451125,36.843533123028394,0.015614239272951093,2.82998018927445,22.52492113564669,0.007835530045022196,1.8630914826498424,0.00402220134195386,1.9444468750000041,16.553125,0.005470102952261012,0.0,0
24029.0,2022-04-01 11:45:00,359.84,360.3,359.74,360.07,443417.0,1p,1p,1.0,buy,False,1.0986757104733735,3.0299999999999727,11.0,0.008352399592027932,-0.370734311932748,-0.3624265169267614,-0.5477936728931354,-0.0015151108502198054,31.836225965105896,12.90131921008208,23.255762298645564,-7.807566967044885,443417.0,3.0299999999999727,0.0,3.0299999999999727,11.0,0.008352399592027932,3.0299999999999727,0.0,0.0,1.0,1.0,-0.370734311932748,-0.5477936728931354,-0.3624265169267614,31.836225965105896,12.90131921008208,23.255762298645564,-7.807566967044885,9.6661684105622,28.500249128052047,28.596528230058915,0.06391729657626118,0.1556679824317569,0.2300000000000182,0.0999999999999659,0.2300000000000182,1.0,24030.0,24030.0,2022-04-01,2022-04-01 11:45:00,0.5054572721970709,50.0,1.0,best_within_2.0d,24079.0,361.89,0.5832424107187206,4.3760036431226785,32.22527881040892,0.012230020343504162,2.285057100371749,15.890706319702602,0.006381710269403211,0.4929364202292669,5.6011759621451125,36.843533123028394,0.015614239272951093,2.82998018927445,22.52492113564669,0.007835530045022196,1.8630914826498424,0.00402220134195386,1.9444468750000041,16.553125,0.005470102952261012,0.0,0
24031.0,2022-04-01 11:55:00,360.375,360.375,359.3,359.53,772917.0,1p,1p,1.0,buy,False,1.0986757104733735,3.4699999999999704,13.0,0.009565289301761365,-0.35999205251815347,-0.4465262594392092,-0.6265222856982859,-0.0017339699338338001,30.28134711503364,13.345730867111271,18.33320476088393,3.3707830795659532,772917.0,3.4699999999999704,0.0,3.4699999999999704,13.0,0.009565289301761365,3.4699999999999704,0.0,0.0,1.0,1.0,-0.35999205251815347,-0.6265222856982859,-0.4465262594392092,30.28134711503364,13.345730867111271,18.33320476088393,3.3707830795659532,7.778915046058706,31.013306038894356,30.9397593937643,-0.23447797433230033,0.2991928750347867,0.0,0.22999999999996135,0.8450000000000273,0.0,24032.0,24032.0,2022-04-01,2022-04-01 11:55:00,0.6564125385920546,48.0,1.0,best_within_2.0d,24079.0,361.89,0.5832424107187206,4.3760036431226785,32.22527881040892,0.012230020343504162,2.285057100371749,15.890706319702602,0.006381710269403211,0.4929364202292669,5.6011759621451125,36.843533123028394,0.015614239272951093,2.82998018927445,22.52492113564669,0.007835530045022196,1.8630914826498424,0.00402220134195386,1.9444468750000041,16.553125,0.005470102952261012,0.0,0
24032.0,2022-04-01 12:00:00,359.53,359.57,359.09,359.13,497145.0,1p,1p,1.0,buy,False,1.2257335701734007,3.680000000000007,14.0,0.010144168481406972,-0.41360839000920036,-0.49822730819035926,-0.7050315031949594,-0.001952130332676552,27.8735977929434,9.334312381353092,15.333573967706984,-2.6642107913546944,497145.0,3.680000000000007,0.0,3.680000000000007,14.0,0.010144168481406972,3.680000000000007,0.0,0.0,1.0,1.0,-0.41360839000920036,-0.7050315031949594,-0.49822730819035926,27.8735977929434,9.334312381353092,15.333573967706984,-2.6642107913546944,6.5057712486877834,33.99790136411332,33.578037127666576,-0.11125636247322263,0.1336712244841177,0.040000000000020464,0.040000000000020464,0.39999999999997726,0.0,24033.0,24033.0,2022-04-01,2022-04-01 12:00:00,0.7685239328376886,47.0,1.0,best_within_2.0d,24079.0,361.89,0.5832424107187206,4.3760036431226785,32.22527881040892,0.012230020343504162,2.285057100371749,15.890706319702602,0.006381710269403211,0.4929364202292669,5.6011759621451125,36.843533123028394,0.015614239272951093,2.82998018927445,22.52492113564669,0.007835530045022196,1.8630914826498424,0.00402220134195386,1.9444468750000041,16.553125,0.005470102952261012,0.0,0
24033.0,2022-04-01 12:05:00,359.1,359.56,358.94,359.53,494605.0,1p,1p,1.0,buy,False,1.2257335701734007,3.829999999999984,15.0,0.010557653609725126,-0.3653934187824792,-0.5439014855381691,-0.7265981949294087,-0.00201251822107687,33.5625672644742,13.426782124808911,14.697976686740958,10.884393000944819,494605.0,3.829999999999984,0.0,3.829999999999984,15.0,0.010557653609725126,3.829999999999984,0.0,0.0,1.0,1.0,-0.3653934187824792,-0.7265981949294087,-0.5439014855381691,33.5625672644742,13.426782124808911,14.697976686740958,10.884393000944819,6.334371754932019,35.20249221183767,36.143891618547656,0.11974380395431633,0.1727308185212026,0.03000000000002956,0.160000000000025,0.42999999999995,1.0,24034.0,24034.0,2022-04-01,2022-04-01 12:05:00,0.6564125385920546,46.0,1.0,best_within_2.0d,24079.0,361.89,0.5832424107187206,4.3760036431226785,32.22527881040892,0.012230020343504162,2.285057100371749,15.890706319702602,0.006381710269403211,0.4929364202292669,5.6011759621451125,36.843533123028394,0.015614239272951093,2.82998018927445,22.52492113564669,0.007835530045022196,1.8630914826498424,0.00402220134195386,1.9444468750000041,16.553125,0.005470102952261012,1.0,0
24039.0,2022-04-01 12:35:00,359.01,359.29,358.76,359.19,643352.0,1p,1p,1.0,buy,False,1.2257335701734007,4.009999999999991,21.0,0.011053835763707007,-0.07086079813614687,-0.6663659566110908,-0.7017963556791642,-0.001947029068209908,36.43109445298433,27.34564490431803,26.853061805605304,28.330811101743485,643352.0,4.009999999999991,0.0,4.009999999999991,21.0,0.011053835763707007,4.009999999999991,0.0,0.0,1.0,1.0,-0.07086079813614687,-0.7017963556791642,-0.6663659566110908,36.43109445298433,27.34564490431803,26.853061805605304,28.330811101743485,9.769682541464924,34.945143794005126,43.80696393357331,0.05013787916771311,0.14773107369830238,0.10000000000002274,0.25,0.18000000000000682,1.0,24040.0,24040.0,2022-04-01,2022-04-01 12:35:00,0.7516913054372306,40.0,1.0,best_within_2.0d,24079.0,361.89,0.5832424107187206,4.3760036431226785,32.22527881040892,0.012230020343504162,2.285057100371749,15.890706319702602,0.006381710269403211,0.4929364202292669,5.6011759621451125,36.843533123028394,0.015614239272951093,2.82998018927445,22.52492113564669,0.007835530045022196,1.8630914826498424,0.00402220134195386,1.9444468750000041,16.553125,0.005470102952261012,1.0,0
24046.0,2022-04-01 13:10:00,359.05,359.05,358.59,358.745,274410.0,1p,1p,1.0,buy,False,1.2257335701734007,4.180000000000007,28.0,0.0115224522424677,0.03404014218952822,-0.6122750351339776,-0.5952549640392135,-0.0016538383235767233,34.696060629697214,25.019544826611437,33.3660826975959,8.326469084642511,274410.0,4.180000000000007,0.0,4.180000000000007,28.0,0.0115224522424677,4.180000000000007,0.0,0.0,1.0,1.0,0.03404014218952822,-0.5952549640392135,-0.6122750351339776,34.696060629697214,25.019544826611437,33.3660826975959,8.326469084642511,11.92378610940321,22.249539028887106,38.151042506107395,-0.08494638629717499,0.12828020859478412,0.0,0.15500000000002956,0.3050000000000068,0.0,24047.0,24047.0,2022-04-01,2022-04-01 13:10:00,0.8766672706239758,33.0,1.0,best_within_2.0d,24079.0,361.89,0.5832424107187206,4.3760036431226785,32.22527881040892,0.012230020343504162,2.285057100371749,15.890706319702602,0.006381710269403211,0.4929364202292669,5.6011759621451125,36.843533123028394,0.015614239272951093,2.82998018927445,22.52492113564669,0.007835530045022196,1.8630914826498424,0.00402220134195386,1.9444468750000041,16.553125,0.005470102952261012,0.0,0
24047.0,2022-04-01 13:15:00,358.7299,359.02,358.59,358.97,308226.0,1p,1p,1.0,buy,False,1.2257335701734007,4.180000000000007,29.0,0.0115224522424677,0.052080346559366886,-0.6057649918140567,-0.5797248185343733,-0.00161100591189739,38.187984372554936,27.79080766218651,31.507657685792765,20.357107614973998,308226.0,4.180000000000007,0.0,4.180000000000007,29.0,0.0115224522424677,4.180000000000007,0.0,0.0,1.0,1.0,0.052080346559366886,-0.5797248185343733,-0.6057649918140567,38.187984372554936,27.79080766218651,31.507657685792765,20.357107614973998,12.208936438010705,20.893643801132672,37.299949573161804,0.06693057924640261,0.11991410803424715,0.049999999999954525,0.13990000000001146,0.24010000000004084,1.0,24048.0,24048.0,2022-04-01,2022-04-01 13:15:00,0.8134384488954394,32.0,1.0,best_within_2.0d,24079.0,361.89,0.5832424107187206,4.3760036431226785,32.22527881040892,0.012230020343504162,2.285057100371749,15.890706319702602,0.006381710269403211,0.4929364202292669,5.6011759621451125,36.843533123028394,0.015614239272951093,2.82998018927445,22.52492113564669,0.007835530045022196,1.8630914826498424,0.00402220134195386,1.9444468750000041,16.553125,0.005470102952261012,1.0,0
24070.0,2022-04-01 15:10:00,360.75,360.918,360.2,360.64,544405.0,2,2,1.0,buy,False,0.49371069182389615,4.163492493946733,28.239017640954685,0.011578080659927173,0.02420182830975426,0.2652339757637432,0.2773348899186203,0.0007693567659674257,52.39576951943421,40.6363313463514,53.8549940023141,14.199006034425992,544405.0,1.5699999999999932,1.0,3.180000000000007,19.0,0.008868066594160482,1.5699999999999932,6.0,0.004339773889487778,2.0,2.0,0.02420182830975426,0.2773348899186203,0.2652339757637432,52.39576951943421,40.6363313463514,53.8549940023141,14.199006034425992,24.90858961767326,13.900294643174377,48.20277651146397,-0.030492030492034274,0.19933370349806157,0.16800000000000637,0.4399999999999977,0.11000000000001364,0.0,24071.0,24071.0,2022-04-01,2022-04-01 15:10:00,0.346606033717835,9.0,1.0,best_within_2.0d,24079.0,361.89,0.49371069182389615,3.180000000000007,19.0,0.008868066594160482,1.5699999999999932,6.0,0.004339773889487778,0.4929364202292669,5.6011759621451125,36.843533123028394,0.015614239272951093,2.82998018927445,22.52492113564669,0.007835530045022196,1.8630914826498424,0.00402220134195386,1.9444468750000041,16.553125,0.005470102952261012,0.0,0
24071.0,2022-04-01 15:15:00,360.63,360.87,359.68,359.702,570327.0,2,2,1.0,buy,False,0.6572327044025065,4.163492493946733,28.239017640954685,0.011578080659927173,-0.1477352044912454,0.2467670752023375,0.17289947295671482,0.0004797180340056663,41.545188312753815,27.44176475721659,45.05058425394826,-7.77587423624675,570327.0,2.089999999999975,1.0,3.180000000000007,19.0,0.008868066594160482,2.089999999999975,7.0,0.005777151228681138,2.0,2.0,-0.1477352044912454,0.17289947295671482,0.2467670752023375,41.545188312753815,27.44176475721659,45.05058425394826,-7.77587423624675,18.013723686106626,18.786373865135452,44.909691568652754,-0.25732745473199603,0.33084964412811324,0.2400000000000091,0.02199999999999136,0.9279999999999973,0.0,24072.0,24072.0,2022-04-01,2022-04-01 15:15:00,0.6082812995201551,8.0,1.0,best_within_2.0d,24079.0,361.89,0.6572327044025065,3.180000000000007,19.0,0.008868066594160482,2.089999999999975,7.0,0.005777151228681138,0.4929364202292669,5.6011759621451125,36.843533123028394,0.015614239272951093,2.82998018927445,22.52492113564669,0.007835530045022196,1.8630914826498424,0.00402220134195386,1.9444468750000041,16.553125,0.005470102952261012,0.0,0
24072.0,2022-04-01 15:20:00,359.69,359.93,359.37,359.6602,514485.0,2,2,1.0,buy,False,0.7547169811320668,4.163492493946733,28.239017640954685,0.011578080659927173,-0.2575920954737663,0.21456806326811675,0.08577201553123359,0.0002380157635773237,41.136360185728094,22.325065393699575,37.47541130053203,-7.975626419965337,514485.0,2.3999999999999773,1.0,3.180000000000007,19.0,0.008868066594160482,2.3999999999999773,8.0,0.006634049257815677,2.0,2.0,-0.2575920954737663,0.08577201553123359,0.21456806326811675,41.136360185728094,22.325065393699575,37.47541130053203,-7.975626419965337,17.963939464287655,20.77957969909031,42.22095529938463,-0.008284912007568439,0.15582825500180936,0.2400000000000091,0.29019999999997026,0.02980000000002292,0.0,24073.0,24073.0,2022-04-01,2022-04-01 15:20:00,0.6199740755301842,7.0,1.0,best_within_2.0d,24079.0,361.89,0.7547169811320668,3.180000000000007,19.0,0.008868066594160482,2.3999999999999773,8.0,0.006634049257815677,0.4929364202292669,5.6011759621451125,36.843533123028394,0.015614239272951093,2.82998018927445,22.52492113564669,0.007835530045022196,1.8630914826498424,0.00402220134195386,1.9444468750000041,16.553125,0.005470102952261012,0.0,0
24075.0,2022-04-01 15:35:00,359.37,359.6555,359.12,359.54,530814.0,2,2,1.0,buy,False,0.8333333333333244,4.163492493946733,28.239017640954685,0.011578080659927173,-0.37107322411348553,0.08572398748332577,-0.099812624573417,-0.00027710347250778974,41.467831655982785,17.46545788386941,23.91662584898744,4.563121953633349,530814.0,2.6499999999999773,1.0,3.180000000000007,19.0,0.008868066594160482,2.6499999999999773,11.0,0.007325096055504817,2.0,2.0,-0.37107322411348553,-0.099812624573417,0.08572398748332577,41.467831655982785,17.46545788386941,23.91662584898744,4.563121953633349,11.974568808127707,24.912472882702918,39.32702563585487,0.04730500598269636,0.1491145021162879,0.11549999999999727,0.25,0.17000000000001592,1.0,24076.0,24076.0,2022-04-01,2022-04-01 15:35:00,0.6536129498803932,4.0,1.0,best_within_2.0d,24079.0,361.89,0.8333333333333244,3.180000000000007,19.0,0.008868066594160482,2.6499999999999773,11.0,0.007325096055504817,0.4929364202292669,5.6011759621451125,36.843533123028394,0.015614239272951093,2.82998018927445,22.52492113564669,0.007835530045022196,1.8630914826498424,0.00402220134195386,1.9444468750000041,16.553125,0.005470102952261012,1.0,0
24079.0,2022-04-01 15:55:00,361.43,362.09,361.38,361.89,2597310.0,1p,1p,0.0,sell,False,0.3696332177255536,2.9699999999999704,5.0,0.008270216083760221,0.1907413828273873,0.018704372550571044,0.1140750639642647,0.0003165789801833864,64.7855722405157,60.656551507631384,39.2114277371182,103.54679904865776,2597310.0,2.9699999999999704,0.0,2.9699999999999704,5.0,0.008270216083760221,2.9699999999999704,0.0,0.0,1.0,1.0,0.1907413828273873,0.1140750639642647,0.018704372550571044,64.7855722405157,60.656551507631384,39.2114277371182,103.54679904865776,26.137069942597762,21.294468209571864,35.72637700748249,0.12727222422045198,0.1964690907078365,0.19999999999998863,0.05000000000001137,0.45999999999997954,1.0,24080.0,24080.0,2022-04-01,2022-04-01 15:55:00,2.0540172048918044,173.78554736652885,0.0,,14281.267661333814,366.3529484630595,0.5832424107187206,4.3760036431226785,32.22527881040892,0.012230020343504162,2.285057100371749,15.890706319702602,0.006381710269403211,0.4929364202292669,5.6011759621451125,36.843533123028394,0.015614239272951093,2.82998018927445,22.52492113564669,0.007835530045022196,1.8630914826498424,0.00402220134195386,1.9444468750000041,16.553125,0.005470102952261012,1.0,1
24124.0,2022-04-04 04:25:00,362.0,362.1,361.88,362.1,12170.0,1p,1p,0.0,sell,False,0.6636443307781688,2.980000000000018,50.0,0.00829806192916022,0.0373160842510907,0.09555793402011291,0.11421597614565826,0.0003157737402798036,61.9243059512394,91.40750047250214,83.43570045233584,107.35110051283473,12170.0,2.980000000000018,0.0,2.980000000000018,50.0,0.00829806192916022,2.980000000000018,0.0,0.0,1.0,1.0,0.0373160842510907,0.11421597614565826,0.09555793402011291,61.9243059512394,91.40750047250214,83.43570045233584,107.35110051283473,23.79310344827793,34.48275862068992,39.32250341928077,0.027624309392271472,0.06079363324859823,0.0,0.12000000000000455,0.10000000000002274,1.0,24125.0,24125.0,2022-04-04,2022-04-04 04:25:00,1.0660038663352702,383.0,1.0,best_within_2.0d,24507.0,358.24,0.5832424107187206,4.3760036431226785,32.22527881040892,0.012230020343504162,2.285057100371749,15.890706319702602,0.006381710269403211,0.4929364202292669,5.6011759621451125,36.843533123028394,0.015614239272951093,2.82998018927445,22.52492113564669,0.007835530045022196,1.8630914826498424,0.00402220134195386,1.9444468750000041,16.553125,0.005470102952261012,0.0,1
24125.0,2022-04-04 04:30:00,362.24,362.35,362.24,362.35,2708.0,1p,1p,0.0,sell,False,0.6636443307781688,3.230000000000018,51.0,0.008994208064156878,0.08445283477241397,0.10611453836666467,0.14834095575287165,0.0004100648970496621,66.78748287106808,94.27166698166809,87.04768929544659,108.7196223541111,2708.0,3.230000000000018,0.0,3.230000000000018,51.0,0.008994208064156878,3.230000000000018,0.0,0.0,1.0,1.0,0.08445283477241397,0.14834095575287165,0.10611453836666467,66.78748287106808,94.27166698166809,87.04768929544659,108.7196223541111,28.47896440129642,32.36245954692583,36.969680226717955,0.030366607773855355,0.030366607773855355,0.0,0.0,0.11000000000001364,1.0,24126.0,24126.0,2022-04-04,2022-04-04 04:30:00,1.1342624534290089,382.0,1.0,best_within_2.0d,24507.0,358.24,0.5832424107187206,4.3760036431226785,32.22527881040892,0.012230020343504162,2.285057100371749,15.890706319702602,0.006381710269403211,0.4929364202292669,5.6011759621451125,36.843533123028394,0.015614239272951093,2.82998018927445,22.52492113564669,0.007835530045022196,1.8630914826498424,0.00402220134195386,1.9444468750000041,16.553125,0.005470102952261012,0.0,1
24126.0,2022-04-04 04:35:00,362.3,362.41,362.03,362.12,13221.0,1p,1p,0.0,sell,False,0.6636443307781688,3.2900000000000205,52.0,0.009161283136556083,0.07827910232047683,0.11589942615672429,0.1550389773169627,0.00042854803596405395,59.28523671334796,87.91900305900333,87.33812721663216,89.08075474374567,13221.0,3.2900000000000205,0.0,3.2900000000000205,52.0,0.009161283136556083,3.2900000000000205,0.0,0.0,1.0,1.0,0.07827910232047683,0.1550389773169627,0.11589942615672429,59.28523671334796,87.91900305900333,87.33812721663216,89.08075474374567,29.629629629631115,23.90572390572491,35.09269048905035,-0.04968258349434359,0.10496367704335341,0.11000000000001364,0.09000000000003183,0.18000000000000682,0.0,24127.0,24127.0,2022-04-04,2022-04-04 04:35:00,1.0714680216502803,381.0,1.0,best_within_2.0d,24507.0,358.24,0.5832424107187206,4.3760036431226785,32.22527881040892,0.012230020343504162,2.285057100371749,15.890706319702602,0.006381710269403211,0.4929364202292669,5.6011759621451125,36.843533123028394,0.015614239272951093,2.82998018927445,22.52492113564669,0.007835530045022196,1.8630914826498424,0.00402220134195386,1.9444468750000041,16.553125,0.005470102952261012,1.0,1
24131.0,2022-04-04 05:00:00,362.32,362.55,362.3,362.49,7789.0,1p,1p,0.0,sell,False,0.6636443307781688,3.430000000000007,57.0,0.009551124972154174,0.0831885870224981,0.15318045613071612,0.19477474964196517,0.0005381601409710483,65.19049714594775,82.8791698835671,80.61542565005121,87.40665835059889,7789.0,3.430000000000007,0.0,3.430000000000007,57.0,0.009551124972154174,3.430000000000007,0.0,0.0,1.0,1.0,0.0831885870224981,0.19477474964196517,0.15318045613071612,65.19049714594775,82.8791698835671,80.61542565005121,87.40665835059889,37.46312684365953,19.764011799409918,29.467506024423134,0.046919849856484855,0.0690035881865857,0.060000000000002274,0.01999999999998181,0.17000000000001592,1.0,24132.0,24132.0,2022-04-04,2022-04-04 05:00:00,1.1724461364451433,376.0,1.0,best_within_2.0d,24507.0,358.24,0.5832424107187206,4.3760036431226785,32.22527881040892,0.012230020343504162,2.285057100371749,15.890706319702602,0.006381710269403211,0.4929364202292669,5.6011759621451125,36.843533123028394,0.015614239272951093,2.82998018927445,22.52492113564669,0.007835530045022196,1.8630914826498424,0.00402220134195386,1.9444468750000041,16.553125,0.005470102952261012,0.0,1
24132.0,2022-04-04 05:05:00,362.58,363.0,362.58,363.0,4600.0,1p,1p,0.0,sell,False,0.6636443307781688,3.8799999999999955,58.0,0.010804188015148127,0.1555437722205114,0.17262342765828004,0.25039531376853574,0.0006916871659896725,72.58064758163789,88.5861132557114,83.2723215186046,99.213696729925,4600.0,3.8799999999999955,0.0,3.8799999999999955,58.0,0.010804188015148127,3.8799999999999955,0.0,0.0,1.0,1.0,0.1555437722205114,0.25039531376853574,0.17262342765828004,72.58064758163789,88.5861132557114,83.2723215186046,99.213696729925,41.53005464480887,18.306010928961776,30.135025978973477,0.11583650504716639,0.11583650504716639,0.0,0.0,0.4200000000000159,1.0,24133.0,24133.0,2022-04-04,2022-04-04 05:05:00,1.3112947658402179,375.0,1.0,best_within_2.0d,24507.0,358.24,0.5832424107187206,4.3760036431226785,32.22527881040892,0.012230020343504162,2.285057100371749,15.890706319702602,0.006381710269403211,0.4929364202292669,5.6011759621451125,36.843533123028394,0.015614239272951093,2.82998018927445,22.52492113564669,0.007835530045022196,1.8630914826498424,0.00402220134195386,1.9444468750000041,16.553125,0.005470102952261012,0.0,1
24133.0,2022-04-04 05:10:00,363.04,363.14,363.04,363.09,3540.0,1p,1p,0.0,sell,False,0.6636443307781681,4.019999999999982,59.0,0.011194029850746218,0.20108036879507846,0.19775847375766484,0.29829865815520407,0.0008238318034623524,73.64403471659315,91.00185328158504,85.84883210626475,101.30789563222561,3540.0,4.019999999999982,0.0,4.019999999999982,59.0,0.011194029850746218,4.019999999999982,0.0,0.0,1.0,1.0,0.20108036879507846,0.29829865815520407,0.19775847375766484,73.64403471659315,91.00185328158504,85.84883210626475,101.30789563222561,52.03761755485883,9.404388714733738,32.938792344906815,0.013772587042737582,0.027545174085490825,0.05000000000001137,0.0,0.049999999999954525,1.0,24134.0,24134.0,2022-04-04,2022-04-04 05:10:00,1.3357569748547098,374.0,1.0,best_within_2.0d,24507.0,358.24,0.5832424107187206,4.3760036431226785,32.22527881040892,0.012230020343504162,2.285057100371749,15.890706319702602,0.006381710269403211,0.4929364202292669,5.6011759621451125,36.843533123028394,0.015614239272951093,2.82998018927445,22.52492113564669,0.007835530045022196,1.8630914826498424,0.00402220134195386,1.9444468750000041,16.553125,0.005470102952261012,0.0,1
24134.0,2022-04-04 05:15:00,363.25,363.32,363.12,363.12,4145.0,1p,1p,0.0,sell,False,0.6636443307781688,4.199999999999989,60.0,0.011695255067943831,0.21930406745199438,0.22517148218916416,0.33482351591516135,0.0009245095981911611,74.00592095817078,89.1703176466608,86.95599395306343,93.59896503385556,4145.0,4.199999999999989,0.0,4.199999999999989,60.0,0.011695255067943831,4.199999999999989,0.0,0.0,1.0,1.0,0.21930406745199438,0.33482351591516135,0.22517148218916416,74.00592095817078,89.1703176466608,86.95599395306343,93.59896503385556,58.412698412697736,9.523809523809609,35.726208379015574,-0.03578802477632359,0.05507821105970165,0.06999999999999318,0.0,0.12999999999999545,0.0,24135.0,24135.0,2022-04-04,2022-04-04 05:15:00,1.3439083498567954,373.0,1.0,best_within_2.0d,24507.0,358.24,0.5832424107187206,4.3760036431226785,32.22527881040892,0.012230020343504162,2.285057100371749,15.890706319702602,0.006381710269403211,0.4929364202292669,5.6011759621451125,36.843533123028394,0.015614239272951093,2.82998018927445,22.52492113564669,0.007835530045022196,1.8630914826498424,0.00402220134195386,1.9444468750000041,16.553125,0.005470102952261012,0.0,1
24138.0,2022-04-04 05:35:00,363.1,363.34,363.1,363.31,792.0,1p,1p,0.0,sell,False,0.663644330778169,4.21999999999997,64.0,0.011750946758743512,0.14572311452193643,0.3107255484530457,0.3835871057140139,0.0010584278622260384,72.66488924336991,84.40210769712323,83.7770327743147,85.65225754274027,792.0,4.21999999999997,0.0,4.21999999999997,64.0,0.011750946758743512,4.21999999999997,0.0,0.0,1.0,1.0,0.14572311452193643,0.3835871057140139,0.3107255484530457,72.66488924336991,84.40210769712323,83.7770327743147,85.65225754274027,59.682539682538895,17.142857142857608,41.14285151548264,0.05783530707793432,0.0660974938033468,0.029999999999972715,0.0,0.20999999999997954,1.0,24139.0,24139.0,2022-04-04,2022-04-04 05:35:00,1.4395419889350742,384.0,1.0,best_within_2.0d,24522.0,358.08,0.5832424107187206,4.3760036431226785,32.22527881040892,0.012230020343504162,2.285057100371749,15.890706319702602,0.006381710269403211,0.4929364202292669,5.6011759621451125,36.843533123028394,0.015614239272951093,2.82998018927445,22.52492113564669,0.007835530045022196,1.8630914826498424,0.00402220134195386,1.9444468750000041,16.553125,0.005470102952261012,1.0,1
24143.0,2022-04-04 06:00:00,363.39,363.47,363.17,363.17,6015.0,1p,1p,0.0,sell,False,0.6636443307782549,4.350000000000023,69.0,0.01211294274894192,0.01021559621293644,0.3479601081144037,0.3530679062208719,0.0009735717183786884,64.67326174309781,61.224164409254655,69.85714907397553,43.958195079812896,6015.0,4.350000000000023,0.0,4.350000000000023,69.0,0.01211294274894192,4.350000000000023,0.0,0.0,1.0,1.0,0.01021559621293644,0.3530679062208719,0.3479601081144037,64.67326174309781,61.224164409254655,69.85714907397553,43.958195079812896,57.79220779220798,9.09090909090993,49.17304082692225,-0.06054101653869683,0.08260594212077302,0.08000000000004093,0.0,0.21999999999997044,0.0,24144.0,24144.0,2022-04-04,2022-04-04 06:00:00,1.495167552385937,381.0,1.0,best_within_2.0d,24524.0,357.74,0.5832424107187206,4.3760036431226785,32.22527881040892,0.012230020343504162,2.285057100371749,15.890706319702602,0.006381710269403211,0.4929364202292669,5.6011759621451125,36.843533123028394,0.015614239272951093,2.82998018927445,22.52492113564669,0.007835530045022196,1.8630914826498424,0.00402220134195386,1.9444468750000041,16.553125,0.005470102952261012,0.0,1
24146.0,2022-04-04 06:15:00,363.43,363.73,363.43,363.61,7080.0,1p,1p,0.0,sell,False,0.663644330778169,4.610000000000014,72.0,0.01283693472933842,0.022301786659717937,0.35065157876872965,0.3618024720985886,0.0009972226432687732,72.07984314296561,73.16246428196244,69.69264278975726,80.1021072663728,7080.0,4.610000000000014,0.0,4.610000000000014,72.0,0.01283693472933842,4.610000000000014,0.0,0.0,1.0,1.0,0.022301786659717937,0.3618024720985886,0.35065157876872965,72.07984314296561,73.16246428196244,69.69264278975726,80.1021072663728,51.74825174825214,9.790209790210778,53.33815681431425,0.04952810720083835,0.08254684533473058,0.12000000000000455,0.0,0.18000000000000682,1.0,24147.0,24147.0,2022-04-04,2022-04-04 06:15:00,1.6858722257363647,384.0,1.0,best_within_2.0d,24530.0,357.48,0.5832424107187206,4.3760036431226785,32.22527881040892,0.012230020343504162,2.285057100371749,15.890706319702602,0.006381710269403211,0.4929364202292669,5.6011759621451125,36.843533123028394,0.015614239272951093,2.82998018927445,22.52492113564669,0.007835530045022196,1.8630914826498424,0.00402220134195386,1.9444468750000041,16.553125,0.005470102952261012,0.0,1
24147.0,2022-04-04 06:20:00,363.55,363.73,363.52,363.73,3900.0,1p,1p,0.0,sell,False,0.663644330778169,4.610000000000014,73.0,0.01283693472933842,0.04619087538242783,0.35642543819153316,0.3795208758827471,0.0010458627959169227,73.76952314170799,82.10830952130829,73.83119836694092,98.66253183004301,3900.0,4.610000000000014,0.0,4.610000000000014,73.0,0.01283693472933842,4.610000000000014,0.0,0.0,1.0,1.0,0.04619087538242783,0.3795208758827471,0.35642543819153316,73.76952314170799,82.10830952130829,73.83119836694092,98.66253183004301,45.733788395904526,9.556313993174863,54.2020098108225,0.04951175904277453,0.057768485915502966,0.0,0.03000000000002956,0.18000000000000682,1.0,24148.0,24148.0,2022-04-04,2022-04-04 06:20:00,1.7183075358095288,383.0,1.0,best_within_2.0d,24530.0,357.48,0.5832424107187206,4.3760036431226785,32.22527881040892,0.012230020343504162,2.285057100371749,15.890706319702602,0.006381710269403211,0.4929364202292669,5.6011759621451125,36.843533123028394,0.015614239272951093,2.82998018927445,22.52492113564669,0.007835530045022196,1.8630914826498424,0.00402220134195386,1.9444468750000041,16.553125,0.005470102952261012,1.0,1
24186.0,2022-04-04 09:35:00,363.07,364.49,362.98,364.22,940771.0,1p,1p,0.0,sell,False,0.6265847999664417,2.170000000000016,11.0,0.005989180834621373,0.21458003155021937,-0.07117160789261204,0.03611840788249765,9.949660253971956e-05,69.36698897251364,70.7532444529935,59.65149771604516,92.95673792689018,940771.0,2.170000000000016,0.0,2.170000000000016,11.0,0.005989180834621373,2.170000000000016,0.0,0.0,1.0,1.0,0.21458003155021937,0.03611840788249765,-0.07117160789261204,69.36698897251364,70.7532444529935,59.65149771604516,92.95673792689018,39.62962962962913,14.44444444444385,41.997694272235954,0.31674332773295344,0.41600088159126974,0.2699999999999818,0.08999999999997499,1.150000000000034,1.0,24187.0,24187.0,2022-04-04,2022-04-04 09:35:00,2.471033990445335,365.0,1.0,best_within_2.0d,24551.0,355.22,0.5832424107187206,4.3760036431226785,32.22527881040892,0.012230020343504162,2.285057100371749,15.890706319702602,0.006381710269403211,0.4929364202292669,5.6011759621451125,36.843533123028394,0.015614239272951093,2.82998018927445,22.52492113564669,0.007835530045022196,1.8630914826498424,0.00402220134195386,1.9444468750000041,16.553125,0.005470102952261012,0.0,1
24187.0,2022-04-04 09:40:00,364.24,365.12,364.23,365.03,1000460.0,1p,1p,0.0,sell,False,1.2276165159494699,2.8000000000000114,12.0,0.007727975270479166,0.42040916207689016,-0.018620462633000767,0.19158411840544431,0.0005275459744065516,75.67705623677958,79.3869213329742,66.2299722550215,105.7008194888796,1000460.0,2.8000000000000114,0.0,2.8000000000000114,12.0,0.007727975270479166,2.8000000000000114,0.0,0.0,1.0,1.0,0.42040916207689016,0.19158411840544431,-0.018620462633000767,75.67705623677958,79.3869213329742,66.2299722550215,105.7008194888796,46.24373956594287,12.186978297161273,43.1611242731988,0.2168899626619711,0.24435109683441403,0.09000000000003183,0.009999999999990905,0.7899999999999636,1.0,24188.0,24188.0,2022-04-04,2022-04-04 09:40:00,2.6874503465468442,364.0,1.0,best_within_2.0d,24551.0,355.22,0.5832424107187206,4.3760036431226785,32.22527881040892,0.012230020343504162,2.285057100371749,15.890706319702602,0.006381710269403211,0.4929364202292669,5.6011759621451125,36.843533123028394,0.015614239272951093,2.82998018927445,22.52492113564669,0.007835530045022196,1.8630914826498424,0.00402220134195386,1.9444468750000041,16.553125,0.005470102952261012,0.0,1
24188.0,2022-04-04 09:45:00,365.09,365.4299,364.601,365.36,716632.0,1p,1p,0.0,sell,False,1.6639608586797752,3.109899999999982,13.0,0.008583296533451043,0.5698395070754346,0.05260947575142856,0.33752922928914586,0.0009290037019311412,77.69308795582695,85.47865727804975,72.64620059603091,111.14357064208744,716632.0,3.109899999999982,0.0,3.109899999999982,13.0,0.008583296533451043,3.109899999999982,0.0,0.0,1.0,1.0,0.5698395070754346,0.33752922928914586,0.05260947575142856,77.69308795582695,85.47865727804975,72.64620059603091,111.14357064208744,47.83270434390901,10.560810076255384,44.637388627592664,0.07395436741626413,0.22734441211076656,0.06989999999996144,0.4889999999999759,0.27000000000003865,1.0,24189.0,24189.0,2022-04-04,2022-04-04 09:45:00,3.2379023428946905,384.0,1.0,best_within_2.0d,24572.0,353.53,0.5832424107187206,4.3760036431226785,32.22527881040892,0.012230020343504162,2.285057100371749,15.890706319702602,0.006381710269403211,0.4929364202292669,5.6011759621451125,36.843533123028394,0.015614239272951093,2.82998018927445,22.52492113564669,0.007835530045022196,1.8630914826498424,0.00402220134195386,1.9444468750000041,16.553125,0.005470102952261012,0.0,1
24189.0,2022-04-04 09:50:00,365.39,365.955,365.38,365.86,847419.0,1p,1p,0.0,sell,False,2.0337752513736116,3.634999999999991,14.0,0.01003256789578271,0.6964860265190216,0.13967022906630625,0.487913242325817,0.001342221413922947,80.350578574449,89.41820395113254,78.23686838106478,111.78087509126803,847419.0,3.634999999999991,0.0,3.634999999999991,14.0,0.01003256789578271,3.634999999999991,0.0,0.0,1.0,1.0,0.6964860265190216,0.487913242325817,0.13967022906630625,80.350578574449,89.41820395113254,78.23686838106478,111.78087509126803,52.751723027846566,8.92608905602898,46.52441467291893,0.12862968335204228,0.15737040888937234,0.09499999999997044,0.009999999999990905,0.4700000000000273,1.0,24190.0,24190.0,2022-04-04,2022-04-04 09:50:00,3.3810747280380484,384.0,1.0,best_within_2.0d,24573.0,353.49,0.5832424107187206,4.3760036431226785,32.22527881040892,0.012230020343504162,2.285057100371749,15.890706319702602,0.006381710269403211,0.4929364202292669,5.6011759621451125,36.843533123028394,0.015614239272951093,2.82998018927445,22.52492113564669,0.007835530045022196,1.8630914826498424,0.00402220134195386,1.9444468750000041,16.553125,0.005470102952261012,0.0,1
24190.0,2022-04-04 09:55:00,365.85,366.48,365.82,366.435,858117.0,1p,1p,0.0,sell,False,2.3658209258261356,4.160000000000025,15.0,0.011481563258997641,0.8101982827114936,0.2409450144052429,0.6460441557609897,0.0017761724737713458,82.87694357801203,92.57418217204201,83.01597297805719,111.69060056001166,858117.0,4.160000000000025,0.0,4.160000000000025,15.0,0.011481563258997641,4.160000000000025,0.0,0.0,1.0,1.0,0.8101982827114936,0.6460441557609897,0.2409450144052429,82.87694357801203,92.57418217204201,83.01597297805719,111.69060056001166,59.13601282950823,2.147797076131937,49.843431782396756,0.15990159901598455,0.18041659832705295,0.045000000000015916,0.03000000000002956,0.5849999999999795,1.0,24191.0,24191.0,2022-04-04,2022-04-04 09:55:00,3.6036404819408583,384.0,1.0,best_within_2.0d,24574.0,353.23,0.5832424107187206,4.3760036431226785,32.22527881040892,0.012230020343504162,2.285057100371749,15.890706319702602,0.006381710269403211,0.4929364202292669,5.6011759621451125,36.843533123028394,0.015614239272951093,2.82998018927445,22.52492113564669,0.007835530045022196,1.8630914826498424,0.00402220134195386,1.9444468750000041,16.553125,0.005470102952261012,0.0,1
24191.0,2022-04-04 10:00:00,366.4,366.77,366.23,366.3959,912553.0,1p,1p,0.0,sell,False,2.422519178856609,4.449999999999989,16.0,0.012281960697725736,0.829615148433138,0.34464690795938513,0.7594544821759541,0.0020868383486895787,82.10390046580308,92.16954716011422,86.06716437207619,104.37431273619026,912553.0,4.449999999999989,0.0,4.449999999999989,16.0,0.012281960697725736,4.449999999999989,0.0,0.0,1.0,1.0,0.829615148433138,0.7594544821759541,0.34464690795938513,82.10390046580308,92.16954716011422,86.06716437207619,104.37431273619026,59.859965600834755,2.03144679640813,52.95714726777423,-0.0011189956331861346,0.1474483248231886,0.37000000000000455,0.16589999999996508,0.004099999999993997,0.0,24192.0,24192.0,2022-04-04,2022-04-04 10:00:00,3.8376248205834194,384.0,1.0,best_within_2.0d,24575.0,352.335,0.5832424107187206,4.3760036431226785,32.22527881040892,0.012230020343504162,2.285057100371749,15.890706319702602,0.006381710269403211,0.4929364202292669,5.6011759621451125,36.843533123028394,0.015614239272951093,2.82998018927445,22.52492113564669,0.007835530045022196,1.8630914826498424,0.00402220134195386,1.9444468750000041,16.553125,0.005470102952261012,1.0,1
24196.0,2022-04-04 10:25:00,368.13,369.4,367.27,368.01,64002.0,1p,1p,0.0,sell,False,704817.0093308836,2.159999999999968,7.0,0.005881712231782943,0.06774982277244479,-0.17646830891342974,-0.14259339752720734,-0.00038746608749083776,49.68645272520342,56.7562282312288,50.349660084980215,69.56936452372597,64002.0,2.159999999999968,0.0,2.159999999999968,7.0,0.005881712231782943,2.159999999999968,0.0,0.0,1.0,1.0,0.06774982277244479,-0.14259339752720734,-0.17646830891342974,49.68645272520342,56.7562282312288,50.349660084980215,69.56936452372597,35.714285714285204,19.107142857142463,35.27135878785708,-0.03259718034390149,0.5799548016445655,1.2699999999999818,0.7400000000000091,0.12000000000000455,0.0,24197.0,24197.0,2022-04-04,2022-04-04 10:25:00,4.285209641042358,380.0,1.0,best_within_2.0d,24576.0,352.24,0.5832424107187206,4.3760036431226785,32.22527881040892,0.012230020343504162,2.285057100371749,15.890706319702602,0.006381710269403211,0.4929364202292669,5.6011759621451125,36.843533123028394,0.015614239272951093,2.82998018927445,22.52492113564669,0.007835530045022196,1.8630914826498424,0.00402220134195386,1.9444468750000041,16.553125,0.005470102952261012,0.0,1
24198.0,2022-04-04 10:35:00,366.08,367.02,365.82,366.72,409161.0,1p,1p,0.0,sell,False,2.422519178855286,4.699999999999989,23.0,0.012971958489732802,0.2534693608849081,0.7529875080307271,0.8797221884731812,0.002411012336007594,73.70431553798242,71.5715486606605,74.88377265854035,64.9471006649008,409161.0,4.699999999999989,0.0,4.699999999999989,23.0,0.012971958489732802,4.699999999999989,0.0,0.0,1.0,1.0,0.2534693608849081,0.8797221884731812,0.7529875080307271,73.70431553798242,71.5715486606605,74.88377265854035,64.9471006649008,44.257346393589444,5.431878895815005,63.08595215380189,0.17482517482518664,0.32803017877644436,0.2999999999999545,0.2599999999999909,0.6400000000000432,1.0,24199.0,24199.0,2022-04-04,2022-04-04 10:35:00,3.9485165794066366,378.0,1.0,best_within_2.0d,24576.0,352.24,0.5832424107187206,4.3760036431226785,32.22527881040892,0.012230020343504162,2.285057100371749,15.890706319702602,0.006381710269403211,0.4929364202292669,5.6011759621451125,36.843533123028394,0.015614239272951093,2.82998018927445,22.52492113564669,0.007835530045022196,1.8630914826498424,0.00402220134195386,1.9444468750000041,16.553125,0.005470102952261012,1.0,1
24203.0,2022-04-04 11:00:00,366.72,367.51,366.62,367.48,673504.0,1p,1p,0.0,sell,False,2.422519178855252,5.189999999999998,28.0,0.014324354162066675,0.10748661284146754,0.813529871165849,0.8672731775865827,0.0023730441798079428,74.97962616729697,80.35133738789109,73.11569015358208,94.82263185650913,673504.0,5.189999999999998,0.0,5.189999999999998,28.0,0.014324354162066675,5.189999999999998,0.0,0.0,1.0,1.0,0.10748661284146754,0.8672731775865827,0.813529871165849,74.97962616729697,80.35133738789109,73.11569015358208,94.82263185650913,28.23737107814384,7.330091574524228,63.05658582048817,0.20724258289703065,0.24275816922153357,0.029999999999972715,0.10000000000002274,0.7599999999999909,1.0,24204.0,24204.0,2022-04-04,2022-04-04 11:00:00,4.147164471535868,373.0,1.0,best_within_2.0d,24576.0,352.24,0.5832424107187206,4.3760036431226785,32.22527881040892,0.012230020343504162,2.285057100371749,15.890706319702602,0.006381710269403211,0.4929364202292669,5.6011759621451125,36.843533123028394,0.015614239272951093,2.82998018927445,22.52492113564669,0.007835530045022196,1.8630914826498424,0.00402220134195386,1.9444468750000041,16.553125,0.005470102952261012,0.0,1
24204.0,2022-04-04 11:05:00,367.47,367.669,367.4,367.65,288804.0,1p,1p,0.0,sell,False,2.42251917885524,5.3489999999999895,29.0,0.014763192757783147,0.15092802845216324,0.8323958747223694,0.907859888948451,0.0024830002653886754,75.96996356719309,86.55836409958908,77.59658146891775,104.48192936093176,288804.0,5.3489999999999895,0.0,5.3489999999999895,29.0,0.014763192757783147,5.3489999999999895,0.0,0.0,1.0,1.0,0.15092802845216324,0.907859888948451,0.8323958747223694,75.96996356719309,86.55836409958908,77.59658146891775,104.48192936093176,25.48762251078578,7.638433152951482,62.40130312192918,0.04898359049716983,0.07321720195971843,0.019000000000005457,0.07000000000005002,0.17999999999994998,1.0,24205.0,24205.0,2022-04-04,2022-04-04 11:05:00,4.26220590235277,384.0,1.0,best_within_2.0d,24588.0,351.98,0.5832424107187206,4.3760036431226785,32.22527881040892,0.012230020343504162,2.285057100371749,15.890706319702602,0.006381710269403211,0.4929364202292669,5.6011759621451125,36.843533123028394,0.015614239272951093,2.82998018927445,22.52492113564669,0.007835530045022196,1.8630914826498424,0.00402220134195386,1.9444468750000041,16.553125,0.005470102952261012,0.0,1
24205.0,2022-04-04 11:10:00,367.65,367.755,367.27,367.53,352683.0,1p,1p,0.0,sell,False,2.4225191788552514,5.435000000000002,30.0,0.015000551998233613,0.13975054159351963,0.8498646924215594,0.9197399632183192,0.0025145245098606474,73.75088028020241,87.1629404074776,80.78536778177103,99.91808565889076,352683.0,5.435000000000002,0.0,5.435000000000002,30.0,0.015000551998233613,5.435000000000002,0.0,0.0,1.0,1.0,0.13975054159351963,0.9197399632183192,0.8498646924215594,73.75088028020241,87.1629404074776,80.78536778177103,99.91808565889076,22.500838735512264,9.090810705511702,60.97606824172595,-0.03263973888209018,0.13205543605522196,0.10500000000001819,0.2599999999999909,0.12000000000000455,0.0,24206.0,24206.0,2022-04-04,2022-04-04 11:10:00,4.230947133567316,383.0,1.0,best_within_2.0d,24588.0,351.98,0.5832424107187206,4.3760036431226785,32.22527881040892,0.012230020343504162,2.285057100371749,15.890706319702602,0.006381710269403211,0.4929364202292669,5.6011759621451125,36.843533123028394,0.015614239272951093,2.82998018927445,22.52492113564669,0.007835530045022196,1.8630914826498424,0.00402220134195386,1.9444468750000041,16.553125,0.005470102952261012,0.0,1
24209.0,2022-04-04 11:30:00,367.62,367.89,367.405,367.56,406353.0,1p,1p,0.0,sell,False,2.42251917885508,5.569999999999993,34.0,0.015373150805917403,-0.01888454656352745,0.8605891223813277,0.851146849099564,0.0023241717002564395,70.18935665802584,82.2483366108769,82.21040659306125,82.32419664650823,406353.0,5.569999999999993,0.0,5.569999999999993,34.0,0.015373150805917403,5.569999999999993,0.0,0.0,1.0,1.0,-0.01888454656352745,0.851146849099564,0.8605891223813277,70.18935665802584,82.2483366108769,82.21040659306125,82.32419664650823,30.088518150047012,5.4845539654594395,59.14774725102273,-0.016321201240411913,0.13200691335175452,0.2699999999999818,0.15500000000002956,0.060000000000002274,0.0,24210.0,24210.0,2022-04-04,2022-04-04 11:30:00,4.265970181739038,381.0,1.0,best_within_2.0d,24590.0,351.88,0.5832424107187206,4.3760036431226785,32.22527881040892,0.012230020343504162,2.285057100371749,15.890706319702602,0.006381710269403211,0.4929364202292669,5.6011759621451125,36.843533123028394,0.015614239272951093,2.82998018927445,22.52492113564669,0.007835530045022196,1.8630914826498424,0.00402220134195386,1.9444468750000041,16.553125,0.005470102952261012,0.0,1
24212.0,2022-04-04 11:45:00,367.69,368.09,367.53,367.99,483379.0,1p,1p,0.0,sell,False,2.422519178855074,5.769999999999982,37.0,0.015925149039523023,-0.055694316459649285,0.8380301567866789,0.8101829985568543,0.0022103988988665165,73.87587783905836,84.47195859173569,82.60446408425292,88.20694760670119,483379.0,5.769999999999982,0.0,5.769999999999982,37.0,0.015925149039523023,5.769999999999982,0.0,0.0,1.0,1.0,-0.055694316459649285,0.8101829985568543,0.8380301567866789,73.87587783905836,84.47195859173569,82.60446408425292,88.20694760670119,30.66196976368736,9.158960810214536,58.644711460075946,0.08159047023307986,0.15236851413490118,0.0999999999999659,0.160000000000025,0.30000000000001137,1.0,24213.0,24213.0,2022-04-04,2022-04-04 11:45:00,4.37783635424876,378.0,1.0,best_within_2.0d,24590.0,351.88,0.5832424107187206,4.3760036431226785,32.22527881040892,0.012230020343504162,2.285057100371749,15.890706319702602,0.006381710269403211,0.4929364202292669,5.6011759621451125,36.843533123028394,0.015614239272951093,2.82998018927445,22.52492113564669,0.007835530045022196,1.8630914826498424,0.00402220134195386,1.9444468750000041,16.553125,0.005470102952261012,0.0,1
24213.0,2022-04-04 11:50:00,367.99,368.15,367.96,368.12,284542.0,1p,1p,0.0,sell,False,2.4225191788552385,5.829999999999984,38.0,0.016090748509604725,-0.0413619621046899,0.8328599115235928,0.8121789304712479,0.0022151336659603045,74.90675352606988,88.72204646856535,84.64365821235707,96.87882298098194,284542.0,5.829999999999984,0.0,5.829999999999984,38.0,0.016090748509604725,5.829999999999984,0.0,0.0,1.0,1.0,-0.0413619621046899,0.8121789304712479,0.8328599115235928,74.90675352606988,88.72204646856535,84.64365821235707,96.87882298098194,34.31262973016172,9.963276385117641,58.38398854835639,0.03532704693062188,0.05163604739645552,0.029999999999972715,0.03000000000002956,0.12999999999999545,1.0,24214.0,24214.0,2022-04-04,2022-04-04 11:50:00,4.411604911441923,377.0,1.0,best_within_2.0d,24590.0,351.88,0.5832424107187206,4.3760036431226785,32.22527881040892,0.012230020343504162,2.285057100371749,15.890706319702602,0.006381710269403211,0.4929364202292669,5.6011759621451125,36.843533123028394,0.015614239272951093,2.82998018927445,22.52492113564669,0.007835530045022196,1.8630914826498424,0.00402220134195386,1.9444468750000041,16.553125,0.005470102952261012,0.0,1
24214.0,2022-04-04 11:55:00,368.13,368.16,367.77,367.88,287434.0,1p,1p,0.0,sell,False,2.4225191788576885,5.840000000000032,39.0,0.01611834842128514,-0.07602898595913699,0.8233562882787007,0.7853417952991322,0.002141406070070223,69.45750817269814,83.91867318087778,84.4019965351973,82.95202647223874,287434.0,5.840000000000032,0.0,5.840000000000032,39.0,0.01611834842128514,5.840000000000032,0.0,0.0,1.0,1.0,-0.07602898595913699,0.7853417952991322,0.8233562882787007,69.45750817269814,83.91867318087778,84.4019965351973,82.95202647223874,36.22113601887752,12.371481543905688,57.7194764085987,-0.06791079238312553,0.10604453870626837,0.03000000000002956,0.11000000000001364,0.25,0.0,24215.0,24215.0,2022-04-04,2022-04-04 11:55:00,4.349244318799609,376.0,1.0,best_within_2.0d,24590.0,351.88,0.5832424107187206,4.3760036431226785,32.22527881040892,0.012230020343504162,2.285057100371749,15.890706319702602,0.006381710269403211,0.4929364202292669,5.6011759621451125,36.843533123028394,0.015614239272951093,2.82998018927445,22.52492113564669,0.007835530045022196,1.8630914826498424,0.00402220134195386,1.9444468750000041,16.553125,0.005470102952261012,1.0,1
24220.0,2022-04-04 12:25:00,367.98,368.19,367.92,368.1506,198599.0,1p,1p,0.0,sell,False,2.4225191788544578,5.8700000000000045,45.0,0.016201148156325913,-0.1696691648575568,0.7057480734509007,0.6209134910221223,0.0016909630594871728,71.32482352284377,81.6723679612046,78.83086392035287,87.35537604290806,198599.0,5.8700000000000045,0.0,5.8700000000000045,45.0,0.016201148156325913,5.8700000000000045,0.0,0.0,1.0,1.0,-0.1696691648575568,0.6209134910221223,0.7057480734509007,71.32482352284377,81.6723679612046,78.83086392035287,87.35537604290806,30.64623584277148,10.41527870308547,49.91729633241363,0.04636121528343361,0.0733855185909931,0.039400000000000546,0.060000000000002274,0.170599999999979,1.0,24221.0,24221.0,2022-04-04,2022-04-04 12:25:00,4.500766805758291,383.0,1.0,best_within_2.0d,24603.0,351.581,0.5832424107187206,4.3760036431226785,32.22527881040892,0.012230020343504162,2.285057100371749,15.890706319702602,0.006381710269403211,0.4929364202292669,5.6011759621451125,36.843533123028394,0.015614239272951093,2.82998018927445,22.52492113564669,0.007835530045022196,1.8630914826498424,0.00402220134195386,1.9444468750000041,16.553125,0.005470102952261012,0.0,1
24221.0,2022-04-04 12:30:00,368.17,368.38,368.1,368.2707,324794.0,1p,1p,0.0,sell,False,2.4225191788550786,6.060000000000002,46.0,0.016725546478251276,-0.15130168267491295,0.6868353631165366,0.6111845217790801,0.0016641066475825085,72.71791024022356,82.75629128448051,80.13933970839541,87.99019443665071,324794.0,6.060000000000002,0.0,6.060000000000002,46.0,0.016725546478251276,6.060000000000002,0.0,0.0,1.0,1.0,-0.15130168267491295,0.6111845217790801,0.6868353631165366,72.71791024022356,82.75629128448051,80.13933970839541,87.99019443665071,35.099485803711346,10.149787614575349,50.29022801730924,0.02735149523316965,0.07606628633522756,0.10930000000001883,0.06999999999999318,0.10069999999996071,1.0,24222.0,24222.0,2022-04-04,2022-04-04 12:30:00,4.531910901410283,382.0,1.0,best_within_2.0d,24603.0,351.581,0.5832424107187206,4.3760036431226785,32.22527881040892,0.012230020343504162,2.285057100371749,15.890706319702602,0.006381710269403211,0.4929364202292669,5.6011759621451125,36.843533123028394,0.015614239272951093,2.82998018927445,22.52492113564669,0.007835530045022196,1.8630914826498424,0.00402220134195386,1.9444468750000041,16.553125,0.005470102952261012,0.0,1
24222.0,2022-04-04 12:35:00,368.27,368.41,367.85,367.96,373305.0,1p,1p,0.0,sell,False,2.4225191788556217,6.090000000000032,47.0,0.016808346213292205,-0.18403760655693358,0.6638306622969199,0.5718118590184531,0.0015566893623893037,64.04895027099938,68.63664452077887,76.3051079791899,53.29971760395682,373305.0,6.090000000000032,0.0,6.090000000000032,47.0,0.016808346213292205,6.090000000000032,0.0,0.0,1.0,1.0,-0.18403760655693358,0.5718118590184531,0.6638306622969199,64.04895027099938,68.63664452077887,76.3051079791899,53.29971760395682,28.27541549751797,15.195337794084907,48.847309900312,-0.08417736986450221,0.1522359657469083,0.1400000000000432,0.1099999999999568,0.3100000000000023,0.0,24223.0,24223.0,2022-04-04,2022-04-04 12:35:00,4.451299054245016,381.0,1.0,best_within_2.0d,24603.0,351.581,0.5832424107187206,4.3760036431226785,32.22527881040892,0.012230020343504162,2.285057100371749,15.890706319702602,0.006381710269403211,0.4929364202292669,5.6011759621451125,36.843533123028394,0.015614239272951093,2.82998018927445,22.52492113564669,0.007835530045022196,1.8630914826498424,0.00402220134195386,1.9444468750000041,16.553125,0.005470102952261012,1.0,1
24237.0,2022-04-04 13:50:00,367.78,367.97,367.7604,367.86,170786.0,2,2,0.0,sell,False,0.6000000000000103,4.163492493946733,28.239017640954685,0.011578080659927173,-0.11528247998409558,0.21769314893969843,0.16005190894765065,0.00043539416403098934,58.45136798270418,78.11129206306884,69.38628922808813,95.56129773303027,170786.0,0.660000000000025,1.0,1.1000000000000227,6.0,0.002985803859830142,0.660000000000025,11.0,0.0017968473496502272,2.0,2.0,-0.11528247998409558,0.16005190894765065,0.21769314893969843,58.45136798270418,78.11129206306884,69.38628922808813,95.56129773303027,14.651719224670432,12.635427588246943,27.146705926165765,0.021752134428201897,0.056993629547940204,0.11000000000001364,0.01959999999996853,0.08000000000004093,1.0,24238.0,24238.0,2022-04-04,2022-04-04 13:50:00,4.42532485184581,366.0,1.0,best_within_2.0d,24603.0,351.581,0.6000000000000103,1.1000000000000227,6.0,0.002985803859830142,0.660000000000025,11.0,0.0017968473496502272,0.4929364202292669,5.6011759621451125,36.843533123028394,0.015614239272951093,2.82998018927445,22.52492113564669,0.007835530045022196,1.8630914826498424,0.00402220134195386,1.9444468750000041,16.553125,0.005470102952261012,0.0,1
24238.0,2022-04-04 13:55:00,367.87,368.21,367.87,368.1328,317665.0,2,2,0.0,sell,False,0.8181818181817806,4.163492493946733,28.239017640954685,0.011578080659927173,-0.06391660064263638,0.20970357385936889,0.1777452735380507,0.00048347429160235263,64.35042883106681,82.48328561780328,73.75195469132652,99.94594747075678,317665.0,0.8999999999999773,1.0,1.1000000000000227,6.0,0.002985803859830142,0.8999999999999773,12.0,0.002450246385886519,2.0,2.0,-0.06391660064263638,0.1777452735380507,0.20970357385936889,64.35042883106681,82.48328561780328,73.75195469132652,99.94594747075678,20.605297005014062,11.02449011733243,27.371259533692136,0.07143827982710473,0.09242395411421833,0.07720000000000482,0.0,0.26279999999997017,1.0,24239.0,24239.0,2022-04-04,2022-04-04 13:55:00,4.496149215717795,365.0,1.0,best_within_2.0d,24603.0,351.581,0.8181818181817806,1.1000000000000227,6.0,0.002985803859830142,0.8999999999999773,12.0,0.002450246385886519,0.4929364202292669,5.6011759621451125,36.843533123028394,0.015614239272951093,2.82998018927445,22.52492113564669,0.007835530045022196,1.8630914826498424,0.00402220134195386,1.9444468750000041,16.553125,0.005470102952261012,1.0,1
24245.0,2022-04-04 14:30:00,367.972,368.27,367.85,368.26,783465.0,2,2,0.0,sell,False,0.872727272727236,4.163492493946733,28.239017640954685,0.011578080659927173,0.0069532258857618046,0.0980851777217944,0.1015617906646753,0.00027624256501191605,60.88462830869279,73.04475346025133,60.53018293319765,98.07389451435867,783465.0,0.9599999999999795,1.0,1.1000000000000227,6.0,0.002985803859830142,0.9599999999999795,19.0,0.0026135961449456303,2.0,2.0,0.0069532258857618046,0.1015617906646753,0.0980851777217944,60.88462830869279,73.04475346025133,60.53018293319765,98.07389451435867,29.07915993537969,21.15176280528454,21.356961920832536,0.07826682464970458,0.11417697431016964,0.009999999999990905,0.12199999999995725,0.2880000000000109,1.0,24246.0,24246.0,2022-04-04,2022-04-04 14:30:00,4.529137022755655,358.0,1.0,best_within_2.0d,24603.0,351.581,0.872727272727236,1.1000000000000227,6.0,0.002985803859830142,0.9599999999999795,19.0,0.0026135961449456303,0.4929364202292669,5.6011759621451125,36.843533123028394,0.015614239272951093,2.82998018927445,22.52492113564669,0.007835530045022196,1.8630914826498424,0.00402220134195386,1.9444468750000041,16.553125,0.005470102952261012,0.0,1
24246.0,2022-04-04 14:35:00,368.265,368.34,368.2,368.27,323123.0,2,2,0.0,sell,False,0.9363636363635922,4.163492493946733,28.239017640954685,0.011578080659927173,0.059136832272414314,0.10547728175584618,0.13504569789205334,0.0003672714240032902,61.02168740736484,80.44565929870978,67.16867505503502,106.9996277860593,323123.0,1.0299999999999727,1.0,1.1000000000000227,6.0,0.002985803859830142,1.0299999999999727,20.0,0.0028041708638479016,2.0,2.0,0.059136832272414314,0.13504569789205334,0.10547728175584618,61.02168740736484,80.44565929870978,67.16867505503502,106.9996277860593,28.673835125447972,21.56156156156256,20.842742691273447,0.0013577179476723154,0.03802281368820922,0.06999999999999318,0.06499999999999773,0.0049999999999954525,1.0,24247.0,24247.0,2022-04-04,2022-04-04 14:35:00,4.531729437640852,357.0,1.0,best_within_2.0d,24603.0,351.581,0.9363636363635922,1.1000000000000227,6.0,0.002985803859830142,1.0299999999999727,20.0,0.0028041708638479016,0.4929364202292669,5.6011759621451125,36.843533123028394,0.015614239272951093,2.82998018927445,22.52492113564669,0.007835530045022196,1.8630914826498424,0.00402220134195386,1.9444468750000041,16.553125,0.005470102952261012,0.0,1
24247.0,2022-04-04 14:40:00,368.275,368.38,368.2,368.36,179573.0,2,2,0.0,sell,False,0.9727272727272465,4.163492493946733,28.239017640954685,0.011578080659927173,0.09830840232369775,0.11776583204630842,0.1669200332081573,0.00045389678567553496,62.301971191496875,86.52311805275473,73.62015605427491,112.32904204971433,179573.0,1.0699999999999932,1.0,1.1000000000000227,6.0,0.002985803859830142,1.0699999999999932,21.0,0.002913070703220694,2.0,2.0,0.09830840232369775,0.1669200332081573,0.11776583204630842,62.301971191496875,86.52311805275473,73.62015605427491,112.32904204971433,29.288294444987322,21.729961925218074,20.412186539159176,0.023080578372150266,0.048886474741989906,0.01999999999998181,0.07499999999998863,0.08500000000003638,1.0,24248.0,24248.0,2022-04-04,2022-04-04 14:40:00,4.555054837658811,356.0,1.0,best_within_2.0d,24603.0,351.581,0.9727272727272465,1.1000000000000227,6.0,0.002985803859830142,1.0699999999999932,21.0,0.002913070703220694,0.4929364202292669,5.6011759621451125,36.843533123028394,0.015614239272951093,2.82998018927445,22.52492113564669,0.007835530045022196,1.8630914826498424,0.00402220134195386,1.9444468750000041,16.553125,0.005470102952261012,0.0,1
24248.0,2022-04-04 14:45:00,368.35,368.66,368.33,368.465,444094.0,1p,1p,0.0,sell,False,0.15544712694034865,1.3500000000000227,22.0,0.003675369578829933,0.12896130683483487,0.13388599540066276,0.1983666488180802,0.0005393301022406629,63.79604053162341,87.39000069042021,78.21010426632334,105.74979353861394,444094.0,1.3500000000000227,0.0,1.3500000000000227,22.0,0.003675369578829933,1.3500000000000227,0.0,0.0,1.0,1.0,0.12896130683483487,0.1983666488180802,0.13388599540066276,63.79604053162341,87.39000069042021,78.21010426632334,105.74979353861394,34.45272428142949,19.701925868576627,20.899765061880014,0.0312203067734362,0.08959357098255394,0.19500000000005002,0.020000000000038654,0.11499999999995225,1.0,24249.0,24249.0,2022-04-04,2022-04-04 14:45:00,4.582253402629818,355.0,1.0,best_within_2.0d,24603.0,351.581,0.5832424107187206,4.3760036431226785,32.22527881040892,0.012230020343504162,2.285057100371749,15.890706319702602,0.006381710269403211,0.4929364202292669,5.6011759621451125,36.843533123028394,0.015614239272951093,2.82998018927445,22.52492113564669,0.007835530045022196,1.8630914826498424,0.00402220134195386,1.9444468750000041,16.553125,0.005470102952261012,1.0,1
24253.0,2022-04-04 15:10:00,368.57,368.739,368.26,368.48,424612.0,1p,1p,0.0,sell,False,0.18796074197600526,1.4289999999999736,27.0,0.003890446761590955,0.08866271934693204,0.20809478170641937,0.2524261413798854,0.000685908726090481,60.69355703668223,81.14747737308991,83.50178970704648,76.43885270517677,424612.0,1.4289999999999736,0.0,1.4289999999999736,27.0,0.003890446761590955,1.4289999999999736,0.0,0.0,1.0,1.0,0.08866271934693204,0.2524261413798854,0.20809478170641937,60.69355703668223,81.14747737308991,83.50178970704648,76.43885270517677,29.725971946003433,20.30834755979557,19.45063543726838,-0.024418699297277316,0.13007114538640768,0.16899999999998272,0.22000000000002728,0.08999999999997499,0.0,24254.0,24254.0,2022-04-04,2022-04-04 15:10:00,4.586137646547981,350.0,1.0,best_within_2.0d,24603.0,351.581,0.5832424107187206,4.3760036431226785,32.22527881040892,0.012230020343504162,2.285057100371749,15.890706319702602,0.006381710269403211,0.4929364202292669,5.6011759621451125,36.843533123028394,0.015614239272951093,2.82998018927445,22.52492113564669,0.007835530045022196,1.8630914826498424,0.00402220134195386,1.9444468750000041,16.553125,0.005470102952261012,0.0,1
24255.0,2022-04-04 15:20:00,368.4701,368.85,368.46,368.8001,303847.0,1p,1p,0.0,sell,False,0.18796074197600526,1.5400000000000205,29.0,0.004192643815850427,0.08746706987391262,0.2273532076627076,0.2710867425996639,0.0007364363021467071,65.81197576094105,81.16136540657469,80.78452412458853,81.915047970547,303847.0,1.5400000000000205,0.0,1.5400000000000205,29.0,0.004192643815850427,1.5400000000000205,0.0,0.0,1.0,1.0,0.08746706987391262,0.2710867425996639,0.2273532076627076,65.81197576094105,81.16136540657469,80.78452412458853,81.915047970547,38.21694505936814,7.446166230630006,25.662288309610968,0.08955950564238023,0.10584595342779221,0.04990000000003647,0.010100000000022646,0.3299999999999841,1.0,24256.0,24256.0,2022-04-04,2022-04-04 15:20:00,4.6689520962711155,348.0,1.0,best_within_2.0d,24603.0,351.581,0.5832424107187206,4.3760036431226785,32.22527881040892,0.012230020343504162,2.285057100371749,15.890706319702602,0.006381710269403211,0.4929364202292669,5.6011759621451125,36.843533123028394,0.015614239272951093,2.82998018927445,22.52492113564669,0.007835530045022196,1.8630914826498424,0.00402220134195386,1.9444468750000041,16.553125,0.005470102952261012,0.0,1
24256.0,2022-04-04 15:25:00,368.82,368.86,368.6,368.685,208285.0,1p,1p,0.0,sell,False,0.18796074197600526,1.5500000000000114,30.0,0.0042198687756935865,0.07712446715812826,0.23699376605747363,0.27555599963653776,0.0007484903361930645,62.61141565716067,80.41279782125048,80.66061535680917,79.91716275013309,208285.0,1.5500000000000114,0.0,1.5500000000000114,30.0,0.0042198687756935865,1.5500000000000114,0.0,0.0,1.0,1.0,0.07712446715812826,0.27555599963653776,0.23699376605747363,62.61141565716067,80.41279782125048,80.66061535680917,79.91716275013309,33.03283966516398,7.941618373041537,28.203285526439203,-0.03660322108345288,0.07053716766141913,0.040000000000020464,0.08499999999997954,0.1349999999999909,0.0,24257.0,24257.0,2022-04-04,2022-04-04 15:25:00,4.639190636993636,347.0,1.0,best_within_2.0d,24603.0,351.581,0.5832424107187206,4.3760036431226785,32.22527881040892,0.012230020343504162,2.285057100371749,15.890706319702602,0.006381710269403211,0.4929364202292669,5.6011759621451125,36.843533123028394,0.015614239272951093,2.82998018927445,22.52492113564669,0.007835530045022196,1.8630914826498424,0.00402220134195386,1.9444468750000041,16.553125,0.005470102952261012,0.0,1
24257.0,2022-04-04 15:30:00,368.69,368.98,368.6,368.81,357574.0,1p,1p,0.0,sell,False,0.18796074197600526,1.670000000000016,31.0,0.00454656829381181,0.07823209423514726,0.24677277783686705,0.2858888249544407,0.0007764540385143108,64.62353994799645,80.97695293346496,80.76606121569444,81.398736369006,357574.0,1.670000000000016,0.0,1.670000000000016,31.0,0.00454656829381181,1.670000000000016,0.0,0.0,1.0,1.0,0.07823209423514726,0.2858888249544407,0.24677277783686705,64.62353994799645,80.97695293346496,80.76606121569444,81.398736369006,34.00701175500112,7.630439265828117,30.713636001289505,0.032547668773225354,0.10309278350515341,0.17000000000001592,0.08999999999997499,0.12000000000000455,1.0,24258.0,24258.0,2022-04-04,2022-04-04 15:30:00,4.671511076163874,346.0,1.0,best_within_2.0d,24603.0,351.581,0.5832424107187206,4.3760036431226785,32.22527881040892,0.012230020343504162,2.285057100371749,15.890706319702602,0.006381710269403211,0.4929364202292669,5.6011759621451125,36.843533123028394,0.015614239272951093,2.82998018927445,22.52492113564669,0.007835530045022196,1.8630914826498424,0.00402220134195386,1.9444468750000041,16.553125,0.005470102952261012,0.0,1
24259.0,2022-04-04 15:40:00,368.96,369.1,368.5,368.53,599041.0,1p,1p,0.0,sell,False,0.18796074197600526,1.7900000000000205,33.0,0.004873267811930033,0.03223846234926886,0.2619864626680556,0.27810569384269,0.0007551579712857036,55.735341600693616,73.32046681176736,79.58423041897413,60.792939597353836,599041.0,1.7900000000000205,0.0,1.7900000000000205,33.0,0.004873267811930033,1.7900000000000205,0.0,0.0,1.0,1.0,0.03223846234926886,0.27810569384269,0.2619864626680556,55.735341600693616,73.32046681176736,79.58423041897413,60.792939597353836,21.457148873446794,12.844809433565029,31.895725137466908,-0.11654379878577809,0.16282225237449735,0.1400000000000432,0.029999999999972715,0.4300000000000068,0.0,24260.0,24260.0,2022-04-04,2022-04-04 15:40:00,4.5990828426450925,344.0,1.0,best_within_2.0d,24603.0,351.581,0.5832424107187206,4.3760036431226785,32.22527881040892,0.012230020343504162,2.285057100371749,15.890706319702602,0.006381710269403211,0.4929364202292669,5.6011759621451125,36.843533123028394,0.015614239272951093,2.82998018927445,22.52492113564669,0.007835530045022196,1.8630914826498424,0.00402220134195386,1.9444468750000041,16.553125,0.005470102952261012,0.0,1
24261.0,2022-04-04 15:50:00,368.55,369.13,368.54,369.02,1040990.0,1p,1p,0.0,sell,False,0.18796074197600526,1.8199999999999932,35.0,0.0049549426914595116,0.023139075460121172,0.26393534188229545,0.27550487961235604,0.0007479453900095615,63.72652446157974,69.37760575688084,71.91624826423362,64.3003207421753,1040990.0,1.8199999999999932,0.0,1.8199999999999932,35.0,0.0049549426914595116,1.8199999999999932,0.0,0.0,1.0,1.0,0.023139075460121172,0.27550487961235604,0.26393534188229545,63.72652446157974,69.37760575688084,71.91624826423362,64.3003207421753,20.02166456038945,12.637660227477578,30.118402068141734,0.12752679419345284,0.1600911705649251,0.11000000000001364,0.009999999999990905,0.46999999999997044,1.0,24262.0,24262.0,2022-04-04,2022-04-04 15:50:00,4.725760121402624,342.0,1.0,best_within_2.0d,24603.0,351.581,0.5832424107187206,4.3760036431226785,32.22527881040892,0.012230020343504162,2.285057100371749,15.890706319702602,0.006381710269403211,0.4929364202292669,5.6011759621451125,36.843533123028394,0.015614239272951093,2.82998018927445,22.52492113564669,0.007835530045022196,1.8630914826498424,0.00402220134195386,1.9444468750000041,16.553125,0.005470102952261012,0.0,1
24262.0,2022-04-04 15:55:00,369.01,369.31,368.61,369.27,2143156.0,1p,1p,0.0,sell,False,0.18796074197600526,2.0,36.0,0.005444991968636846,0.06825651309237546,0.2724674060188424,0.3065956625650301,0.0008321970381471261,67.00861890685357,78.18156173265666,74.00468608704129,86.5353130238874,2143156.0,2.0,0.0,2.0,36.0,0.005444991968636846,2.0,0.0,0.0,1.0,1.0,0.06825651309237546,0.3065956625650301,0.2724674060188424,67.00861890685357,78.18156173265666,74.00468608704129,86.5353130238874,17.07564731765035,11.846336097478247,29.258569704417905,0.07045879515460039,0.18990260709150283,0.040000000000020464,0.39999999999997726,0.2599999999999909,1.0,24263.0,24263.0,2022-04-04,2022-04-04 15:55:00,4.790261868009848,341.0,1.0,best_within_2.0d,24603.0,351.581,0.5832424107187206,4.3760036431226785,32.22527881040892,0.012230020343504162,2.285057100371749,15.890706319702602,0.006381710269403211,0.4929364202292669,5.6011759621451125,36.843533123028394,0.015614239272951093,2.82998018927445,22.52492113564669,0.007835530045022196,1.8630914826498424,0.00402220134195386,1.9444468750000041,16.553125,0.005470102952261012,0.0,1
24263.0,2022-04-04 16:00:00,369.26,369.45,368.9924,369.17,835743.0,1p,1p,0.0,sell,False,0.18796074197600526,2.1399999999999864,37.0,0.005826141406441388,0.0752255302993119,0.2818705973062564,0.31948336245591236,0.0008670470651350379,64.4948150899489,76.48001551407935,74.82979589605398,79.7804547501301,835743.0,2.1399999999999864,0.0,2.1399999999999864,37.0,0.005826141406441388,2.1399999999999864,0.0,0.0,1.0,1.0,0.0752255302993119,0.31948336245591236,0.2818705973062564,64.4948150899489,76.48001551407935,74.82979589605398,79.7804547501301,19.160857819430074,10.005669879598816,29.41076939350417,-0.024373070465248062,0.12401339431381611,0.18999999999999773,0.17760000000004084,0.08999999999997499,0.0,24264.0,24264.0,2022-04-04,2022-04-04 16:00:00,4.764471652626161,340.0,1.0,best_within_2.0d,24603.0,351.581,0.5832424107187206,4.3760036431226785,32.22527881040892,0.012230020343504162,2.285057100371749,15.890706319702602,0.006381710269403211,0.4929364202292669,5.6011759621451125,36.843533123028394,0.015614239272951093,2.82998018927445,22.52492113564669,0.007835530045022196,1.8630914826498424,0.00402220134195386,1.9444468750000041,16.553125,0.005470102952261012,1.0,1
24271.0,2022-04-04 16:40:00,369.4,369.45,369.39,369.44,4151.0,1p,1p,0.0,sell,False,0.1879607419760053,2.1399999999999864,45.0,0.005826141406441388,0.019696418446664254,0.3067010111162067,0.3165492203395388,0.0008582599912067654,67.44588900380512,86.57453662867887,79.30121968038759,101.12117052526145,4151.0,2.1399999999999864,0.0,2.1399999999999864,45.0,0.005826141406441388,2.1399999999999864,0.0,0.0,1.0,1.0,0.019696418446664254,0.3165492203395388,0.3067010111162067,67.44588900380512,86.57453662867887,79.30121968038759,101.12117052526145,18.14635031529295,7.9163453250461995,36.04396737954918,0.010828370330270835,0.01624299520831703,0.009999999999990905,0.009999999999990905,0.040000000000020464,1.0,24272.0,24272.0,2022-04-04,2022-04-04 16:40:00,4.834073191857942,332.0,1.0,best_within_2.0d,24603.0,351.581,0.5832424107187206,4.3760036431226785,32.22527881040892,0.012230020343504162,2.285057100371749,15.890706319702602,0.006381710269403211,0.4929364202292669,5.6011759621451125,36.843533123028394,0.015614239272951093,2.82998018927445,22.52492113564669,0.007835530045022196,1.8630914826498424,0.00402220134195386,1.9444468750000041,16.553125,0.005470102952261012,0.0,1
24272.0,2022-04-04 16:45:00,369.45,369.45,369.2,369.2,13535.0,1p,1p,0.0,sell,False,0.1879607419760053,2.1399999999999864,46.0,0.005826141406441388,-0.014519385856584188,0.3048860878841336,0.29762639495584153,0.000806894038299786,59.58304519048191,72.11029714639187,76.90424550238902,62.52240043439758,13535.0,2.1399999999999864,0.0,2.1399999999999864,46.0,0.005826141406441388,2.1399999999999864,0.0,0.0,1.0,1.0,-0.014519385856584188,0.29762639495584153,0.3048860878841336,59.58304519048191,72.11029714639187,76.90424550238902,62.52240043439758,18.064399584519,12.170889220069213,34.86169530437507,-0.06766815536608473,0.06771397616468039,0.0,0.0,0.25,0.0,24273.0,24273.0,2022-04-04,2022-04-04 16:45:00,4.772210184182008,331.0,1.0,best_within_2.0d,24603.0,351.581,0.5832424107187206,4.3760036431226785,32.22527881040892,0.012230020343504162,2.285057100371749,15.890706319702602,0.006381710269403211,0.4929364202292669,5.6011759621451125,36.843533123028394,0.015614239272951093,2.82998018927445,22.52492113564669,0.007835530045022196,1.8630914826498424,0.00402220134195386,1.9444468750000041,16.553125,0.005470102952261012,1.0,1
24299.0,2022-04-04 19:00:00,369.1,369.1,369.1,369.1,1500.0,2,2,0.0,sell,False,0.2708333333333457,4.163492493946733,28.239017640954685,0.011578080659927173,-0.033562267125602493,0.02678807479935546,0.010006941236554212,2.7115005668294363e-05,52.90293728696773,54.33234888918654,38.27826582831477,86.44051501093008,1500.0,0.12999999999999545,1.0,0.47999999999996135,23.0,0.001299228583028722,0.12999999999999545,6.0,0.0003523321679269194,2.0,2.0,-0.033562267125602493,0.010006941236554212,0.02678807479935546,52.90293728696773,54.33234888918654,38.27826582831477,86.44051501093008,26.506024096389336,25.30120481927513,29.330032434000042,0.0,0.0,0.0,0.0,0.0,0.0,24300.0,24300.0,2022-04-04,2022-04-04 19:00:00,4.746410186941209,304.0,1.0,best_within_2.0d,24603.0,351.581,0.2708333333333457,0.47999999999996135,23.0,0.001299228583028722,0.12999999999999545,6.0,0.0003523321679269194,0.4929364202292669,5.6011759621451125,36.843533123028394,0.015614239272951093,2.82998018927445,22.52492113564669,0.007835530045022196,1.8630914826498424,0.00402220134195386,1.9444468750000041,16.553125,0.005470102952261012,1.0,1
24305.0,2022-04-04 19:30:00,369.08,369.14,369.08,369.14,4591.0,2,2,0.0,sell,False,0.3541666666666099,4.163492493946733,28.239017640954685,0.011578080659927173,-0.009465859031300521,0.01095289153451103,0.00621996201886077,1.6853618423690142e-05,55.59549921147082,59.18171211399189,52.791266374904005,71.96260359216767,4591.0,0.16999999999995907,1.0,0.47999999999996135,23.0,0.001299228583028722,0.16999999999995907,12.0,0.00046074206575049206,2.0,2.0,-0.009465859031300521,0.00621996201886077,0.01095289153451103,55.59549921147082,59.18171211399189,52.791266374904005,71.96260359216767,32.928064842973775,25.329280648429737,22.036875550723867,0.016256638127235903,0.016256638127235903,0.0,0.0,0.060000000000002274,1.0,24306.0,24306.0,2022-04-04,2022-04-04 19:30:00,4.7567318632497075,298.0,1.0,best_within_2.0d,24603.0,351.581,0.3541666666666099,0.47999999999996135,23.0,0.001299228583028722,0.16999999999995907,12.0,0.00046074206575049206,0.4929364202292669,5.6011759621451125,36.843533123028394,0.015614239272951093,2.82998018927445,22.52492113564669,0.007835530045022196,1.8630914826498424,0.00402220134195386,1.9444468750000041,16.553125,0.005470102952261012,0.0,1
24306.0,2022-04-04 19:35:00,369.16,369.18,369.13,369.18,10599.0,2,2,0.0,sell,False,0.4374999999999926,4.163492493946733,28.239017640954685,0.011578080659927173,0.006472975733647482,0.011762013501216965,0.014998501368040706,4.0638966371926904e-05,57.819761088299906,72.78780807599459,59.45678027526753,99.44986367744872,10599.0,0.20999999999997954,1.0,0.47999999999996135,23.0,0.001299228583028722,0.20999999999997954,13.0,0.0005691519635742188,2.0,2.0,0.006472975733647482,0.014998501368040706,0.011762013501216965,57.819761088299906,72.78780807599459,59.45678027526753,99.44986367744872,32.928064842973775,25.329280648429737,21.394490030021597,0.005417705060131599,0.013545363422103694,0.0,0.03000000000002956,0.01999999999998181,1.0,24307.0,24307.0,2022-04-04,2022-04-04 19:35:00,4.767051302887477,297.0,1.0,best_within_2.0d,24603.0,351.581,0.4374999999999926,0.47999999999996135,23.0,0.001299228583028722,0.20999999999997954,13.0,0.0005691519635742188,0.4929364202292669,5.6011759621451125,36.843533123028394,0.015614239272951093,2.82998018927445,22.52492113564669,0.007835530045022196,1.8630914826498424,0.00402220134195386,1.9444468750000041,16.553125,0.005470102952261012,0.0,1
24307.0,2022-04-04 19:40:00,369.19,369.19,369.11,369.1104,945.0,2,2,0.0,sell,False,0.45833333333330867,4.163492493946733,28.239017640954685,0.011578080659927173,0.007025921626578412,0.012640253704539268,0.016153214517828474,4.376732096841199e-05,52.85833697318278,67.89362643663293,62.269062329056,79.14275465178679,945.0,0.21999999999997044,1.0,0.47999999999996135,23.0,0.001299228583028722,0.21999999999997044,14.0,0.000596254438030112,2.0,2.0,0.007025921626578412,0.016153214517828474,0.012640253704539268,52.85833697318278,67.89362643663293,62.269062329056,79.14275465178679,33.35043612110532,23.088763468441826,21.165013469437984,-0.021560713995495764,0.021673755790952313,0.0,0.0004000000000132786,0.0795999999999708,0.0,24308.0,24308.0,2022-04-04,2022-04-04 19:40:00,4.74909403798972,296.0,1.0,best_within_2.0d,24603.0,351.581,0.45833333333330867,0.47999999999996135,23.0,0.001299228583028722,0.21999999999997044,14.0,0.000596254438030112,0.4929364202292669,5.6011759621451125,36.843533123028394,0.015614239272951093,2.82998018927445,22.52492113564669,0.007835530045022196,1.8630914826498424,0.00402220134195386,1.9444468750000041,16.553125,0.005470102952261012,0.0,1
24311.0,2022-04-05 04:00:00,369.75,369.85,369.66,369.71,7128.0,1p,1p,0.0,sell,False,0.4147182590540742,0.8799999999999955,18.0,0.002385017752120756,0.06466917369470256,0.01516530636172716,0.047499893209078436,0.00012869020495718104,71.67740411145665,43.638507106388154,41.81677162465523,47.281978069854006,7128.0,0.8799999999999955,0.0,0.8799999999999955,18.0,0.002385017752120756,0.8799999999999955,0.0,0.0,1.0,1.0,0.06466917369470256,0.047499893209078436,0.01516530636172716,71.67740411145665,43.638507106388154,41.81677162465523,47.281978069854006,61.77924217463758,16.47446457990313,21.377672767158653,-0.010818120351594445,0.05139858248119833,0.10000000000002274,0.049999999999954525,0.040000000000020464,0.0,24312.0,24312.0,2022-04-05,2022-04-05 04:00:00,4.9035730707852,292.0,1.0,best_within_2.0d,24603.0,351.581,0.5832424107187206,4.3760036431226785,32.22527881040892,0.012230020343504162,2.285057100371749,15.890706319702602,0.006381710269403211,0.4929364202292669,5.6011759621451125,36.843533123028394,0.015614239272951093,2.82998018927445,22.52492113564669,0.007835530045022196,1.8630914826498424,0.00402220134195386,1.9444468750000041,16.553125,0.005470102952261012,0.0,1
24314.0,2022-04-05 04:15:00,369.88,369.88,369.82,369.83,2613.0,1p,1p,0.0,sell,False,1.1344051373593371,0.9099999999999682,21.0,0.0024663251754884355,0.1768936893094174,0.0727322928703304,0.1611791375250391,0.0004365078501313831,74.01936828902876,79.12135243083071,63.32353406712889,110.71698915823436,2613.0,0.9099999999999682,0.0,0.9099999999999682,21.0,0.0024663251754884355,0.9099999999999682,0.0,0.0,1.0,1.0,0.1768936893094174,0.1611791375250391,0.0727322928703304,74.01936828902876,79.12135243083071,63.32353406712889,110.71698915823436,58.25943493504595,15.467106619925728,27.7052072046908,-0.013517897696553306,0.016224109026013272,0.0,0.009999999999990905,0.05000000000001137,0.0,24315.0,24315.0,2022-04-05,2022-04-05 04:15:00,4.934429332395958,289.0,1.0,best_within_2.0d,24603.0,351.581,0.5832424107187206,4.3760036431226785,32.22527881040892,0.012230020343504162,2.285057100371749,15.890706319702602,0.006381710269403211,0.4929364202292669,5.6011759621451125,36.843533123028394,0.015614239272951093,2.82998018927445,22.52492113564669,0.007835530045022196,1.8630914826498424,0.00402220134195386,1.9444468750000041,16.553125,0.005470102952261012,1.0,1
24339.0,2022-04-05 06:20:00,365.95,366.85,365.95,366.45,784597.0,1p,1p,0.0,sell,False,1.8390864392441006,2.5049999999999955,10.0,0.006875351658455571,0.32578587740431586,-0.07126968679671186,0.09162325190544607,0.00025076848722167306,63.8991358522735,80.01114380993567,69.41839188687003,101.19664765606697,784597.0,2.5049999999999955,0.0,2.5049999999999955,10.0,0.006875351658455571,2.5049999999999955,0.0,0.0,1.0,1.0,0.32578587740431586,0.09162325190544607,-0.07126968679671186,63.8991358522735,80.01114380993567,69.41839188687003,101.19664765606697,29.71693634797818,15.258582104734874,10.765029387135188,0.13663068725235689,0.2459352370542517,0.4000000000000341,0.0,0.5,1.0,24340.0,24340.0,2022-04-05,2022-04-05 06:20:00,3.0308630057643975,264.0,1.0,best_within_2.0d,24603.0,351.581,0.5832424107187206,4.3760036431226785,32.22527881040892,0.012230020343504162,2.285057100371749,15.890706319702602,0.006381710269403211,0.4929364202292669,5.6011759621451125,36.843533123028394,0.015614239272951093,2.82998018927445,22.52492113564669,0.007835530045022196,1.8630914826498424,0.00402220134195386,1.9444468750000041,16.553125,0.005470102952261012,0.0,1
24339.0,2022-04-05 06:20:00,363.63,363.99,363.5,363.79,27069.0,2,2,0.0,sell,False,0.48226860484060813,4.163492493946733,28.239017640954685,0.011578080659927173,0.10778172734513577,-0.03245374179471548,0.021437121877852405,5.902041733770031e-05,66.96233439155992,47.27017434907991,44.20139398441722,53.40773507840527,27069.0,2.664100000000019,1.0,5.524100000000033,13.0,0.015058198173640541,2.664100000000019,49.0,0.0073731221592474245,2.0,2.0,0.10778172734513577,0.021437121877852405,-0.03245374179471548,66.96233439155992,47.27017434907991,44.20139398441722,53.40773507840527,53.04186046511806,13.953488372090685,30.70042009632948,0.04400077001348211,0.13480055020632986,0.19999999999998863,0.12999999999999545,0.160000000000025,1.0,24340.0,24340.0,2022-04-05,2022-04-05 06:20:00,3.0308630057643975,264.0,1.0,best_within_2.0d,24603.0,351.581,0.48226860484060813,5.524100000000033,13.0,0.015058198173640541,2.664100000000019,49.0,0.0073731221592474245,0.4929364202292669,5.6011759621451125,36.843533123028394,0.015614239272951093,2.82998018927445,22.52492113564669,0.007835530045022196,1.8630914826498424,0.00402220134195386,1.9444468750000041,16.553125,0.005470102952261012,0.0,1
24339.0,2022-04-05 06:20:00,364.0,364.28,364.0,364.07,9199.0,2s,2s,0.0,sell,False,0.5347658442099102,4.163492493946733,28.239017640954685,0.011578080659927173,0.10075080697778618,0.09724548892221889,0.14762089241111198,0.00040603013380454165,63.486885731031435,80.96459507962136,73.64742471612897,95.59893580660616,9199.0,1.25,1.0,5.524100000000033,13.0,0.015058198173640541,1.25,9.0,0.0034432416053769665,1.0,2.5,0.10075080697778618,0.14762089241111198,0.09724548892221889,63.486885731031435,80.96459507962136,73.64742471612897,95.59893580660616,38.43750000000276,23.74999999999929,24.967220549642338,0.01923076923076736,0.07692307692306943,0.20999999999997954,0.0,0.06999999999999318,1.0,24340.0,24340.0,2022-04-05,2022-04-05 06:20:00,3.0308630057643975,264.0,1.0,best_within_2.0d,24603.0,351.581,0.5832424107187206,4.3760036431226785,32.22527881040892,0.012230020343504162,2.285057100371749,15.890706319702602,0.006381710269403211,0.5347658442099102,5.524100000000033,13.0,0.015058198173640541,1.25,9.0,0.0034432416053769665,1.0,0.00402220134195386,1.9444468750000041,16.553125,0.005470102952261012,0.0,1
24339.0,2022-04-05 06:20:00,363.9399,364.1496,362.811,363.83,52701.0,2s,2s,0.0,sell,False,0.5111601889900643,4.163492493946733,28.239017640954685,0.011578080659927173,-0.0001354868957510469,0.042714814869175166,0.04264707142129964,0.00011721288022353675,49.67228527417629,77.98613090170537,64.31127581602013,105.33584107307584,52701.0,0.5196000000000254,1.0,5.524100000000033,13.0,0.015058198173640541,0.5196000000000254,9.0,0.0014289250061876781,2.0,2.5,-0.0001354868957510469,0.04264707142129964,0.042714814869175166,49.67228527417629,77.98613090170537,64.31127581602013,105.33584107307584,14.563414170833584,43.658582916479745,31.573762727710385,-0.030197293564140325,0.3689524297774991,0.209699999999998,1.0190000000000055,0.10990000000003874,0.0,24340.0,24340.0,2022-04-05,2022-04-05 06:20:00,3.0308630057643975,264.0,1.0,best_within_2.0d,24603.0,351.581,0.5832424107187206,4.3760036431226785,32.22527881040892,0.012230020343504162,2.285057100371749,15.890706319702602,0.006381710269403211,0.5111601889900643,5.524100000000033,13.0,0.015058198173640541,0.5196000000000254,9.0,0.0014289250061876781,2.0,0.00402220134195386,1.9444468750000041,16.553125,0.005470102952261012,0.0,1
24339.0,2022-04-05 06:20:00,362.525,362.77,362.25,362.57,555057.0,3a,3a,0.0,sell,False,0.0026444095529296104,4.163492493946733,28.239017640954685,0.011578080659927173,0.36887004034148796,-0.37928266764602914,-0.19484764747528516,-0.0005379373988271275,53.85834726397374,78.43968427428649,64.80336755212562,105.71231771860823,555057.0,2.2187999999999874,2.0,2.2187999999999874,12.0,0.006153911011806333,2.2187999999999874,12.0,0.006153911011806333,3.0,3.0,0.36887004034148796,-0.19484764747528516,-0.37928266764602914,53.85834726397374,78.43968427428649,64.80336755212562,105.71231771860823,19.919216824961577,21.421329678083886,34.77386504626719,0.012412937038829302,0.14354727398205158,0.19999999999998863,0.27499999999997726,0.045000000000015916,1.0,24340.0,24340.0,2022-04-05,2022-04-05 06:20:00,3.0308630057643975,264.0,1.0,best_within_2.0d,24603.0,351.581,0.5832424107187206,4.3760036431226785,32.22527881040892,0.012230020343504162,2.285057100371749,15.890706319702602,0.006381710269403211,0.4929364202292669,5.6011759621451125,36.843533123028394,0.015614239272951093,2.82998018927445,22.52492113564669,0.007835530045022196,1.8630914826498424,0.0026444095529296104,2.2187999999999874,12.0,0.006153911011806333,0.0,1
24346.0,2022-04-05 06:55:00,368.44,368.5,368.43,368.46,2100.0,2,2,0.0,sell,False,0.27748691099475475,4.163492493946733,28.239017640954685,0.011578080659927173,0.044929577373662544,-0.2532712594020397,-0.23080647071520843,-0.0006262139069854982,46.18102132118348,57.26031936855996,33.37611889608959,105.0287203135007,2100.0,0.5299999999999727,1.0,1.9099999999999682,29.0,0.005163836920082103,0.5299999999999727,5.0,0.001440334809902907,2.0,2.0,0.044929577373662544,-0.23080647071520843,-0.2532712594020397,46.18102132118348,57.26031936855996,33.37611889608959,105.0287203135007,25.435540069685025,18.815331010453644,48.43902622305553,0.005428292259250301,0.01899953858263257,0.040000000000020464,0.009999999999990905,0.01999999999998181,1.0,24347.0,24347.0,2022-04-05,2022-04-05 06:55:00,4.580958584378212,257.0,1.0,best_within_2.0d,24603.0,351.581,0.27748691099475475,1.9099999999999682,29.0,0.005163836920082103,0.5299999999999727,5.0,0.001440334809902907,0.4929364202292669,5.6011759621451125,36.843533123028394,0.015614239272951093,2.82998018927445,22.52492113564669,0.007835530045022196,1.8630914826498424,0.00402220134195386,1.9444468750000041,16.553125,0.005470102952261012,0.0,1
24347.0,2022-04-05 07:00:00,368.5,368.51,368.31,368.43,16158.0,2,2,0.0,sell,False,0.2827225130889909,4.163492493946733,28.239017640954685,0.011578080659927173,0.07431567307741965,-0.24398180026736224,-0.20682396372865242,-0.0005611619252069393,45.367986720305794,66.56860797410235,44.44028192209384,110.82526007811937,16158.0,0.5399999999999636,1.0,1.9099999999999682,29.0,0.005163836920082103,0.5399999999999636,6.0,0.0014675109383916177,2.0,2.0,0.07431567307741965,-0.20682396372865242,-0.24398180026736224,45.367986720305794,66.56860797410235,44.44028192209384,110.82526007811937,24.914675767916712,22.525597269625376,45.33880800876707,-0.018995929443688785,0.0543020824848602,0.009999999999990905,0.12000000000000455,0.06999999999999318,0.0,24348.0,24348.0,2022-04-05,2022-04-05 07:00:00,4.573188936840102,256.0,1.0,best_within_2.0d,24603.0,351.581,0.2827225130889909,1.9099999999999682,29.0,0.005163836920082103,0.5399999999999636,6.0,0.0014675109383916177,0.4929364202292669,5.6011759621451125,36.843533123028394,0.015614239272951093,2.82998018927445,22.52492113564669,0.007835530045022196,1.8630914826498424,0.00402220134195386,1.9444468750000041,16.553125,0.005470102952261012,1.0,1
24348.0,2022-04-05 07:05:00,362.0,363.03,361.3259,362.37,1626486.0,1p,1p,1.0,buy,False,6.526118406794038,5.524100000000033,13.0,0.015058198173640541,-0.7262556639036315,-0.2857633552476516,-0.6488911871994674,-0.0017801337072161827,30.81797108311723,14.39015625367972,15.44170268043993,12.287063400159301,1626486.0,5.524100000000033,0.0,5.524100000000033,13.0,0.015058198173640541,5.524100000000033,0.0,0.0,1.0,1.0,-0.7262556639036315,-0.6488911871994674,-0.2857633552476516,30.81797108311723,14.39015625367972,15.44170268043993,12.287063400159301,10.868916779478456,38.27256805023374,21.402205540869776,0.10220994475138247,0.47162409337387184,0.6599999999999682,0.6741000000000099,0.37000000000000455,1.0,24349.0,24349.0,2022-04-05,2022-04-05 07:05:00,1.7633910091894986,8.0,1.0,best_within_2.0d,24356.0,368.76,0.5832424107187206,4.3760036431226785,32.22527881040892,0.012230020343504162,2.285057100371749,15.890706319702602,0.006381710269403211,0.4929364202292669,5.6011759621451125,36.843533123028394,0.015614239272951093,2.82998018927445,22.52492113564669,0.007835530045022196,1.8630914826498424,0.00402220134195386,1.9444468750000041,16.553125,0.005470102952261012,0.0,0
24353.0,2022-04-05 07:30:00,368.5,368.51,368.42,368.42,3644.0,2,2,0.0,sell,False,0.2827225130889909,4.163492493946733,28.239017640954685,0.011578080659927173,0.10869527737165569,-0.18326059322366653,-0.1289129545378387,-0.00034985236110319747,47.556372308339455,72.19401763084093,63.79398092503399,88.99409104245481,3644.0,0.5399999999999636,1.0,1.9099999999999682,29.0,0.005163836920082103,0.5399999999999636,12.0,0.0014675109383916177,2.0,2.0,0.10869527737165569,-0.1289129545378387,-0.18326059322366653,47.556372308339455,72.19401763084093,63.79398092503399,88.99409104245481,30.012505210506923,15.839933305544532,33.05658243739324,-0.021709633649927836,0.024428641224682423,0.009999999999990905,0.0,0.07999999999998408,0.0,24354.0,24354.0,2022-04-05,2022-04-05 07:30:00,4.570598773139351,250.0,1.0,best_within_2.0d,24603.0,351.581,0.2827225130889909,1.9099999999999682,29.0,0.005163836920082103,0.5399999999999636,12.0,0.0014675109383916177,0.4929364202292669,5.6011759621451125,36.843533123028394,0.015614239272951093,2.82998018927445,22.52492113564669,0.007835530045022196,1.8630914826498424,0.00402220134195386,1.9444468750000041,16.553125,0.005470102952261012,0.0,1
24354.0,2022-04-05 07:35:00,368.46,368.65,368.46,368.65,8952.0,2,2,0.0,sell,False,0.3560209424083567,4.163492493946733,28.239017640954685,0.011578080659927173,0.14062140610956553,-0.16568291745997082,-0.09537221440518806,-0.00025881837817932197,54.92680522670861,81.46267842056062,69.6835467568762,105.02094174792947,8952.0,0.67999999999995,1.0,1.9099999999999682,29.0,0.005163836920082103,0.67999999999995,13.0,0.0018479767372338776,2.0,2.0,0.14062140610956553,-0.09537221440518806,-0.16568291745997082,54.92680522670861,81.46267842056062,69.6835467568762,105.02094174792947,34.27660422479343,14.348345954562742,33.622798445963916,0.05156597731096937,0.05156597731096937,0.0,0.0,0.18999999999999773,1.0,24355.0,24355.0,2022-04-05,2022-04-05 07:35:00,4.630136986301359,249.0,1.0,best_within_2.0d,24603.0,351.581,0.3560209424083567,1.9099999999999682,29.0,0.005163836920082103,0.67999999999995,13.0,0.0018479767372338776,0.4929364202292669,5.6011759621451125,36.843533123028394,0.015614239272951093,2.82998018927445,22.52492113564669,0.007835530045022196,1.8630914826498424,0.00402220134195386,1.9444468750000041,16.553125,0.005470102952261012,0.0,1
24355.0,2022-04-05 07:40:00,368.69,368.74,368.63,368.73,8845.0,2,2,0.0,sell,False,0.4031413612565417,4.163492493946733,28.239017640954685,0.011578080659927173,0.16649230389206665,-0.14487137947346249,-0.06162522752742916,-0.00016722873574353666,57.18096148339018,87.12095228037421,75.49601526470886,110.37082631170489,8845.0,0.7699999999999818,1.0,1.9099999999999682,29.0,0.005163836920082103,0.7699999999999818,14.0,0.0020925618936325835,2.0,2.0,0.16649230389206665,-0.06162522752742916,-0.14487137947346249,57.18096148339018,87.12095228037421,75.49601526470886,110.37082631170489,36.65373005606206,15.523932729624004,34.113731969009436,0.01084922292441359,0.029840219189977386,0.009999999999990905,0.060000000000002274,0.040000000000020464,1.0,24356.0,24356.0,2022-04-05,2022-04-05 07:40:00,4.650828519512923,248.0,1.0,best_within_2.0d,24603.0,351.581,0.4031413612565417,1.9099999999999682,29.0,0.005163836920082103,0.7699999999999818,14.0,0.0020925618936325835,0.4929364202292669,5.6011759621451125,36.843533123028394,0.015614239272951093,2.82998018927445,22.52492113564669,0.007835530045022196,1.8630914826498424,0.00402220134195386,1.9444468750000041,16.553125,0.005470102952261012,0.0,1
24356.0,2022-04-05 07:45:00,368.74,368.77,368.7,368.76,8890.0,2,2,0.0,sell,False,0.4188481675392502,4.163492493946733,28.239017640954685,0.011578080659927173,0.1804504689893603,-0.12231507084979246,-0.03208983635511231,-8.707589101959365e-05,58.02864668160186,90.91645574910561,80.6361620928411,111.47704306163465,8890.0,0.7999999999999545,1.0,1.9099999999999682,29.0,0.005163836920082103,0.7999999999999545,15.0,0.002174090279098716,2.0,2.0,0.1804504689893603,-0.03208983635511231,-0.12231507084979246,58.02864668160186,90.91645574910561,80.6361620928411,111.47704306163465,39.47958725886255,14.804845222072819,34.92379007511927,0.005423875901714436,0.018985625169512663,0.009999999999990905,0.040000000000020464,0.01999999999998181,1.0,24357.0,24357.0,2022-04-05,2022-04-05 07:45:00,4.658585529883928,247.0,1.0,best_within_2.0d,24603.0,351.581,0.4188481675392502,1.9099999999999682,29.0,0.005163836920082103,0.7999999999999545,15.0,0.002174090279098716,0.4929364202292669,5.6011759621451125,36.843533123028394,0.015614239272951093,2.82998018927445,22.52492113564669,0.007835530045022196,1.8630914826498424,0.00402220134195386,1.9444468750000041,16.553125,0.005470102952261012,0.0,1
24360.0,2022-04-05 08:05:00,368.81,368.81,368.54,368.57,11836.0,2,2,0.0,sell,False,0.4397905759162246,4.163492493946733,28.239017640954685,0.011578080659927173,0.1256470387992204,-0.04514814767321242,0.01767537172639777,4.79567170282748e-05,49.90131880347479,59.16795859040261,73.80843338782637,29.887008995555107,11836.0,0.839999999999975,1.0,1.9099999999999682,29.0,0.005163836920082103,0.839999999999975,19.0,0.0022827947930537133,2.0,2.0,0.1256470387992204,0.01767537172639777,-0.04514814767321242,49.90131880347479,59.16795859040261,73.80843338782637,29.887008995555107,40.590405904062365,12.007262929771997,37.45681544511655,-0.06507415742523497,0.07326206110598085,0.0,0.029999999999972715,0.2400000000000091,0.0,24361.0,24361.0,2022-04-05,2022-04-05 08:05:00,4.609436470683988,243.0,1.0,best_within_2.0d,24603.0,351.581,0.4397905759162246,1.9099999999999682,29.0,0.005163836920082103,0.839999999999975,19.0,0.0022827947930537133,0.4929364202292669,5.6011759621451125,36.843533123028394,0.015614239272951093,2.82998018927445,22.52492113564669,0.007835530045022196,1.8630914826498424,0.00402220134195386,1.9444468750000041,16.553125,0.005470102952261012,1.0,1
24364.0,2022-04-05 08:25:00,367.95,368.17,367.94,368.1,19061.0,1p,1p,1.0,buy,False,0.36118378532612055,0.8700000000000045,5.0,0.0023589382066646907,-0.07061089780217597,-0.04258230280171561,-0.0778877517028036,-0.00021137817093795164,39.017634117387495,19.270547744709283,36.495309904755615,-15.17897657538338,19061.0,0.8700000000000045,0.0,0.8700000000000045,5.0,0.0023589382066646907,0.8700000000000045,0.0,0.0,1.0,1.0,-0.07061089780217597,-0.0778877517028036,-0.04258230280171561,39.017634117387495,19.270547744709283,36.495309904755615,-15.17897657538338,35.9985242186281,17.920202392874522,39.20010553850923,0.040766408479422235,0.06251019187911568,0.06999999999999318,0.009999999999990905,0.1500000000000341,1.0,24365.0,24365.0,2022-04-05,2022-04-05 08:25:00,-1.7794077696278214,139.0,1.0,best_within_2.0d,24503.0,361.55,0.5832424107187206,4.3760036431226785,32.22527881040892,0.012230020343504162,2.285057100371749,15.890706319702602,0.006381710269403211,0.4929364202292669,5.6011759621451125,36.843533123028394,0.015614239272951093,2.82998018927445,22.52492113564669,0.007835530045022196,1.8630914826498424,0.00402220134195386,1.9444468750000041,16.553125,0.005470102952261012,1.0,0
24370.0,2022-04-05 08:55:00,368.06,368.1,367.74,367.82,79780.0,1p,1p,1.0,buy,False,0.48362781536515415,1.0699999999999932,11.0,0.0029012228518749306,-0.09454852524513058,-0.10260214759973962,-0.1498764102223049,-0.00040692035881551865,33.42123842826935,13.90411861650475,16.721582533862446,8.269190781789362,79780.0,1.0699999999999932,0.0,1.0699999999999932,11.0,0.0029012228518749306,1.0699999999999932,0.0,0.0,1.0,1.0,-0.09454852524513058,-0.1498764102223049,-0.10260214759973962,33.42123842826935,13.90411861650475,16.721582533862446,8.269190781789362,22.229690800844505,28.087190320722215,30.713268687110133,-0.06520675976743169,0.09789525208027783,0.040000000000020464,0.07999999999998408,0.2400000000000091,0.0,24371.0,24371.0,2022-04-05,2022-04-05 08:55:00,-1.7046381382197766,133.0,1.0,best_within_2.0d,24503.0,361.55,0.5832424107187206,4.3760036431226785,32.22527881040892,0.012230020343504162,2.285057100371749,15.890706319702602,0.006381710269403211,0.4929364202292669,5.6011759621451125,36.843533123028394,0.015614239272951093,2.82998018927445,22.52492113564669,0.007835530045022196,1.8630914826498424,0.00402220134195386,1.9444468750000041,16.553125,0.005470102952261012,1.0,0
24376.0,2022-04-05 09:25:00,368.13,368.15,367.71,367.75,63556.0,1p,1p,1.0,buy,False,0.48362781536532545,1.1000000000000227,17.0,0.0029825655486565516,-0.02823391918406809,-0.12009286158743374,-0.13420982117946778,-0.00036448151179743234,36.01375178643823,41.8059663717301,46.646441957958494,32.12501519927331,63556.0,1.1000000000000227,0.0,1.1000000000000227,17.0,0.0029825655486565516,1.1000000000000227,0.0,0.0,1.0,1.0,-0.02823391918406809,-0.13420982117946778,-0.12009286158743374,36.01375178643823,41.8059663717301,46.646441957958494,32.12501519927331,10.29642876496891,34.95366607055856,34.72598895597838,-0.10322440442234956,0.11965951429115274,0.01999999999998181,0.040000000000020464,0.37999999999999545,0.0,24377.0,24377.0,2022-04-05,2022-04-05 09:25:00,-1.6859279401767475,127.0,1.0,best_within_2.0d,24503.0,361.55,0.5832424107187206,4.3760036431226785,32.22527881040892,0.012230020343504162,2.285057100371749,15.890706319702602,0.006381710269403211,0.4929364202292669,5.6011759621451125,36.843533123028394,0.015614239272951093,2.82998018927445,22.52492113564669,0.007835530045022196,1.8630914826498424,0.00402220134195386,1.9444468750000041,16.553125,0.005470102952261012,0.0,0
24377.0,2022-04-05 09:30:00,367.81,368.54,367.6,367.89,1026217.0,1p,1p,1.0,buy,False,0.48362781536532545,1.2099999999999795,18.0,0.0032808221035220833,-0.031824227126122956,-0.12407088997819911,-0.1399830035412606,-0.0003801854137712753,40.84278734446692,38.15433219108121,43.81573870233273,26.83151916857817,1026217.0,1.2099999999999795,0.0,1.2099999999999795,18.0,0.0032808221035220833,1.2099999999999795,0.0,0.0,1.0,1.0,-0.031824227126122956,-0.1399830035412606,-0.12407088997819911,40.84278734446692,38.15433219108121,43.81573870233273,26.83151916857817,18.11508963440428,23.52609043429317,33.1737290507292,0.021750360240337153,0.25571273122959676,0.6500000000000341,0.20999999999997954,0.07999999999998408,1.0,24378.0,24378.0,2022-04-05,2022-04-05 09:30:00,-1.7233412161243782,126.0,1.0,best_within_2.0d,24503.0,361.55,0.5832424107187206,4.3760036431226785,32.22527881040892,0.012230020343504162,2.285057100371749,15.890706319702602,0.006381710269403211,0.4929364202292669,5.6011759621451125,36.843533123028394,0.015614239272951093,2.82998018927445,22.52492113564669,0.007835530045022196,1.8630914826498424,0.00402220134195386,1.9444468750000041,16.553125,0.005470102952261012,0.0,0
24378.0,2022-04-05 09:35:00,367.89,368.44,367.28,368.05,942425.0,1p,1p,1.0,buy,False,0.48362781536532545,1.5300000000000296,19.0,0.004148477535858652,-0.009722370352051535,-0.12528618627220553,-0.1301473714482313,-0.0003534828592120652,45.87064781312221,45.806591831091424,44.47935641191896,48.46106266943636,942425.0,1.5300000000000296,0.0,1.5300000000000296,19.0,0.004148477535858652,1.5300000000000296,0.0,0.0,1.0,1.0,-0.009722370352051535,-0.1301473714482313,-0.12528618627220553,45.87064781312221,45.806591831091424,44.47935641191896,48.46106266943636,14.863143265258586,24.707562830561976,32.58118045999796,0.043491260974754684,0.3158353299934723,0.38999999999998636,0.6100000000000136,0.160000000000025,1.0,24379.0,24379.0,2022-04-05,2022-04-05 09:35:00,-1.7660643934248064,125.0,1.0,best_within_2.0d,24503.0,361.55,0.5832424107187206,4.3760036431226785,32.22527881040892,0.012230020343504162,2.285057100371749,15.890706319702602,0.006381710269403211,0.4929364202292669,5.6011759621451125,36.843533123028394,0.015614239272951093,2.82998018927445,22.52492113564669,0.007835530045022196,1.8630914826498424,0.00402220134195386,1.9444468750000041,16.553125,0.005470102952261012,0.0,0
24379.0,2022-04-05 09:40:00,368.05,368.21,367.2,367.35,793409.0,1p,1p,1.0,buy,False,0.48362781536515415,1.6100000000000136,20.0,0.004365391393942718,-0.0824200008452865,-0.13558868637786634,-0.17679868680050959,-0.0004802695218673134,32.75443688705684,34.269071170977135,41.07592799827168,20.65535751638805,793409.0,1.6100000000000136,0.0,1.6100000000000136,20.0,0.004365391393942718,1.6100000000000136,0.0,0.0,1.0,1.0,-0.0824200008452865,-0.17679868680050959,-0.13558868637786634,32.75443688705684,34.269071170977135,41.07592799827168,20.65535751638805,12.314057728302757,22.329491347323486,32.31894989904364,-0.1901915500611299,0.2750544662309343,0.15999999999996817,0.1500000000000341,0.6999999999999886,0.0,24380.0,24380.0,2022-04-05,2022-04-05 09:40:00,-1.5788757315911288,124.0,1.0,best_within_2.0d,24503.0,361.55,0.5832424107187206,4.3760036431226785,32.22527881040892,0.012230020343504162,2.285057100371749,15.890706319702602,0.006381710269403211,0.4929364202292669,5.6011759621451125,36.843533123028394,0.015614239272951093,2.82998018927445,22.52492113564669,0.007835530045022196,1.8630914826498424,0.00402220134195386,1.9444468750000041,16.553125,0.005470102952261012,0.0,0
24381.0,2022-04-05 09:50:00,367.56,367.72,366.54,366.62,896165.0,1p,1p,1.0,buy,False,1.1032991275947341,2.269999999999982,22.0,0.006154930723136525,-0.21569335365783282,-0.17466809183751447,-0.2825147686664309,-0.0007677606591421477,27.057986046706105,22.202505926736233,32.61319417261166,1.3811294349853824,896165.0,2.269999999999982,0.0,2.269999999999982,22.0,0.006154930723136525,2.269999999999982,0.0,0.0,1.0,1.0,-0.21569335365783282,-0.2825147686664309,-0.17466809183751447,27.057986046706105,22.202505926736233,32.61319417261166,1.3811294349853824,9.676638980727779,27.954734833213074,33.091939693863395,-0.2557405593644569,0.32192939379058405,0.160000000000025,0.07999999999998408,0.9399999999999977,0.0,24382.0,24382.0,2022-04-05,2022-04-05 09:50:00,-1.3829032785990925,122.0,1.0,best_within_2.0d,24503.0,361.55,0.5832424107187206,4.3760036431226785,32.22527881040892,0.012230020343504162,2.285057100371749,15.890706319702602,0.006381710269403211,0.4929364202292669,5.6011759621451125,36.843533123028394,0.015614239272951093,2.82998018927445,22.52492113564669,0.007835530045022196,1.8630914826498424,0.00402220134195386,1.9444468750000041,16.553125,0.005470102952261012,0.0,0
24383.0,2022-04-05 10:00:00,367.01,367.72,366.44,366.98,895438.0,1p,1p,1.0,buy,False,1.1422191097528365,2.3700000000000045,24.0,0.006426073045741722,-0.21905331718732163,-0.2299625255882395,-0.3394891841819003,-0.0009229405487892334,35.32325738116907,23.883653427755487,27.560045726965903,16.53086882933465,895438.0,2.3700000000000045,0.0,2.3700000000000045,24.0,0.006426073045741722,2.3700000000000045,0.0,0.0,1.0,1.0,-0.21905331718732163,-0.3394891841819003,-0.2299625255882395,35.32325738116907,23.883653427755487,27.560045726965903,16.53086882933465,14.942812844078295,21.45922746781131,32.90725387183761,-0.008174164191703965,0.34930684423098723,0.7100000000000364,0.5400000000000205,0.029999999999972715,0.0,24384.0,24384.0,2022-04-05,2022-04-05 10:00:00,-1.4796446672843224,120.0,1.0,best_within_2.0d,24503.0,361.55,0.5832424107187206,4.3760036431226785,32.22527881040892,0.012230020343504162,2.285057100371749,15.890706319702602,0.006381710269403211,0.4929364202292669,5.6011759621451125,36.843533123028394,0.015614239272951093,2.82998018927445,22.52492113564669,0.007835530045022196,1.8630914826498424,0.00402220134195386,1.9444468750000041,16.553125,0.005470102952261012,0.0,0
24384.0,2022-04-05 10:05:00,366.95,366.985,364.49,364.53,2076170.0,1p,1p,1.0,buy,False,2.626212103235391,4.319999999999993,25.0,0.011713348336541833,-0.5134205962788579,-0.2941401001230967,-0.5508503982625257,-0.0014985475715936258,19.349816374354802,16.251653725499242,23.790581726477015,1.1737977235437,2076170.0,4.319999999999993,0.0,4.319999999999993,25.0,0.011713348336541833,4.319999999999993,0.0,0.0,1.0,1.0,-0.5134205962788579,-0.5508503982625257,-0.2941401001230967,19.349816374354802,16.251653725499242,23.790581726477015,1.1737977235437,12.051904744644927,32.71231287832106,33.85343903483814,-0.6594903937866238,0.6845180937748647,0.03500000000002501,0.03999999999996362,2.420000000000016,0.0,24385.0,24385.0,2022-04-05,2022-04-05 10:05:00,-0.8174910158285907,119.0,1.0,best_within_2.0d,24503.0,361.55,0.5832424107187206,4.3760036431226785,32.22527881040892,0.012230020343504162,2.285057100371749,15.890706319702602,0.006381710269403211,0.4929364202292669,5.6011759621451125,36.843533123028394,0.015614239272951093,2.82998018927445,22.52492113564669,0.007835530045022196,1.8630914826498424,0.00402220134195386,1.9444468750000041,16.553125,0.005470102952261012,0.0,0
24385.0,2022-04-05 10:10:00,364.54,364.96,364.39,364.71,1330220.0,1p,1p,1.0,buy,False,3.287351380040146,4.420000000000016,26.0,0.011984490659147029,-0.6426723506601169,-0.3744741439556113,-0.6958103192856697,-0.001893999281380671,22.135726341917746,13.40471694149741,20.32862679815048,-0.44310277180873214,1330220.0,4.420000000000016,0.0,4.420000000000016,26.0,0.011984490659147029,4.420000000000016,0.0,0.0,1.0,1.0,-0.6426723506601169,-0.6958103192856697,-0.3744741439556113,22.135726341917746,13.40471694149741,20.32862679815048,-0.44310277180873214,10.957098061574174,33.04945838084398,35.02122404304939,0.046634114226136794,0.15642580751392554,0.25,0.1500000000000341,0.16999999999995907,1.0,24386.0,24386.0,2022-04-05,2022-04-05 10:10:00,-0.8664418304954534,118.0,1.0,best_within_2.0d,24503.0,361.55,0.5832424107187206,4.3760036431226785,32.22527881040892,0.012230020343504162,2.285057100371749,15.890706319702602,0.006381710269403211,0.4929364202292669,5.6011759621451125,36.843533123028394,0.015614239272951093,2.82998018927445,22.52492113564669,0.007835530045022196,1.8630914826498424,0.00402220134195386,1.9444468750000041,16.553125,0.005470102952261012,0.0,0
24386.0,2022-04-05 10:15:00,364.7,364.7,363.715,363.98,1312636.0,1p,1p,1.0,buy,False,3.971081953722246,5.095000000000027,27.0,0.013814701336731725,-0.7763406702910712,-0.4715167277419952,-0.8596870628875308,-0.002341676161873615,19.23394243991585,10.805966497153772,17.154406697818246,-1.8909139041751786,1312636.0,5.095000000000027,0.0,5.095000000000027,27.0,0.013814701336731725,5.095000000000027,0.0,0.0,1.0,1.0,-0.7763406702910712,-0.8596870628875308,-0.4715167277419952,19.23394243991585,10.805966497153772,17.154406697818246,-1.8909139041751786,10.336481898551824,36.849978150526404,36.5331923295049,-0.19742253907320276,0.2708164359457305,0.0,0.2650000000000432,0.7199999999999704,0.0,24387.0,24387.0,2022-04-05,2022-04-05 10:15:00,-0.6676190999505486,117.0,1.0,best_within_2.0d,24503.0,361.55,0.5832424107187206,4.3760036431226785,32.22527881040892,0.012230020343504162,2.285057100371749,15.890706319702602,0.006381710269403211,0.4929364202292669,5.6011759621451125,36.843533123028394,0.015614239272951093,2.82998018927445,22.52492113564669,0.007835530045022196,1.8630914826498424,0.00402220134195386,1.9444468750000041,16.553125,0.005470102952261012,0.0,0
24390.0,2022-04-05 10:35:00,364.16,364.67,363.26,363.38,619278.0,1p,1p,1.0,buy,False,3.971081953722246,5.550000000000011,31.0,0.015048398904585047,-0.6537505188325592,-0.8143818444544915,-1.141257103870771,-0.0031155312560133927,21.1443950549441,9.581324527315338,12.714309463125835,3.315354655694346,619278.0,5.550000000000011,0.0,5.550000000000011,31.0,0.015048398904585047,5.550000000000011,0.0,0.0,1.0,1.0,-0.6537505188325592,-1.141257103870771,-0.8143818444544915,21.1443950549441,9.581324527315338,12.714309463125835,3.315354655694346,7.803891484762401,32.7428690982637,42.3211235079895,-0.2141915641476355,0.38815173704785144,0.5099999999999909,0.12000000000000455,0.7800000000000296,0.0,24391.0,24391.0,2022-04-05,2022-04-05 10:35:00,-0.5036050415542914,113.0,1.0,best_within_2.0d,24503.0,361.55,0.5832424107187206,4.3760036431226785,32.22527881040892,0.012230020343504162,2.285057100371749,15.890706319702602,0.006381710269403211,0.4929364202292669,5.6011759621451125,36.843533123028394,0.015614239272951093,2.82998018927445,22.52492113564669,0.007835530045022196,1.8630914826498424,0.00402220134195386,1.9444468750000041,16.553125,0.005470102952261012,0.0,0
24391.0,2022-04-05 10:40:00,363.38,363.59,363.19,363.47,592043.0,1p,1p,1.0,buy,False,3.971081953722246,5.6200000000000045,32.0,0.015238198530408623,-0.6048405256370581,-0.8899869101591238,-1.1924071729776529,-0.003257038375084697,22.49261721764296,8.44788816905664,11.292169031769435,2.75932644363105,592043.0,5.6200000000000045,0.0,5.6200000000000045,32.0,0.015238198530408623,5.6200000000000045,0.0,0.0,1.0,1.0,-0.6048405256370581,-1.1924071729776529,-0.8899869101591238,22.49261721764296,8.44788816905664,11.292169031769435,2.75932644363105,5.282991521125009,34.53148778897044,44.5454688645746,0.024767461060056093,0.11013519094688104,0.1199999999999477,0.18999999999999773,0.09000000000003183,1.0,24392.0,24392.0,2022-04-05,2022-04-05 10:40:00,-0.5282416705642875,112.0,1.0,best_within_2.0d,24503.0,361.55,0.5832424107187206,4.3760036431226785,32.22527881040892,0.012230020343504162,2.285057100371749,15.890706319702602,0.006381710269403211,0.4929364202292669,5.6011759621451125,36.843533123028394,0.015614239272951093,2.82998018927445,22.52492113564669,0.007835530045022196,1.8630914826498424,0.00402220134195386,1.9444468750000041,16.553125,0.005470102952261012,1.0,0
24403.0,2022-04-05 11:40:00,362.89,363.2201,362.79,363.04,527197.0,1p,1p,1.0,buy,False,3.971081953722246,6.019999999999982,44.0,0.016322767820829105,0.02662289100706583,-0.8944566135795785,-0.8811451680760456,-0.00241590982738059,32.78610450101033,22.545303476367504,31.764830304934314,4.106249819233881,527197.0,6.019999999999982,0.0,6.019999999999982,44.0,0.016322767820829105,6.019999999999982,0.0,0.0,1.0,1.0,0.02662289100706583,-0.8811451680760456,-0.8944566135795785,32.78610450101033,22.545303476367504,31.764830304934314,4.106249819233881,14.38912772153656,24.083576018120716,33.75468014456874,0.041334839758613934,0.11855343311557147,0.18009999999998172,0.0999999999999659,0.1500000000000341,1.0,24404.0,24404.0,2022-04-05,2022-04-05 11:40:00,-0.41042309387395576,100.0,1.0,best_within_2.0d,24503.0,361.55,0.5832424107187206,4.3760036431226785,32.22527881040892,0.012230020343504162,2.285057100371749,15.890706319702602,0.006381710269403211,0.4929364202292669,5.6011759621451125,36.843533123028394,0.015614239272951093,2.82998018927445,22.52492113564669,0.007835530045022196,1.8630914826498424,0.00402220134195386,1.9444468750000041,16.553125,0.005470102952261012,0.0,0
24404.0,2022-04-05 11:45:00,363.04,363.07,362.7,362.94,430630.0,1p,1p,1.0,buy,False,3.971081953722246,6.110000000000014,45.0,0.016566795911173812,0.010236756741438313,-0.8931770189868988,-0.8880586406161797,-0.0024357485987931134,32.15137196967669,18.894936617095404,27.47486574232134,1.7350783666435277,430630.0,6.110000000000014,0.0,6.110000000000014,45.0,0.016566795911173812,6.110000000000014,0.0,0.0,1.0,1.0,0.010236756741438313,-0.8880586406161797,-0.8931770189868988,32.15137196967669,18.894936617095404,27.47486574232134,1.7350783666435277,15.919807702142952,19.58778704035219,32.08149771809087,-0.027545174085506482,0.1020126826578452,0.029999999999972715,0.2400000000000091,0.10000000000002274,0.0,24405.0,24405.0,2022-04-05,2022-04-05 11:45:00,-0.3829834132363439,99.0,1.0,best_within_2.0d,24503.0,361.55,0.5832424107187206,4.3760036431226785,32.22527881040892,0.012230020343504162,2.285057100371749,15.890706319702602,0.006381710269403211,0.4929364202292669,5.6011759621451125,36.843533123028394,0.015614239272951093,2.82998018927445,22.52492113564669,0.007835530045022196,1.8630914826498424,0.00402220134195386,1.9444468750000041,16.553125,0.005470102952261012,0.0,0
24406.0,2022-04-05 11:55:00,362.93,363.07,362.59,362.67,392924.0,1p,1p,1.0,buy,False,3.971081953722246,6.220000000000027,47.0,0.016865052466039497,7.026565429657516e-05,-0.891213375140777,-0.8911782423136287,-0.0024460222044583118,30.31395497244722,12.699658158598872,20.20467697466004,-2.3103794735234615,392924.0,6.220000000000027,0.0,6.220000000000027,47.0,0.016865052466039497,6.220000000000027,0.0,0.0,1.0,1.0,7.026565429657516e-05,-0.8911782423136287,-0.891213375140777,30.31395497244722,12.699658158598872,20.20467697466004,-2.3103794735234615,13.266642603000706,20.471304078792134,29.239257669584426,-0.07163915906648415,0.13238092611490063,0.13999999999998636,0.08000000000004093,0.2599999999999909,0.0,24407.0,24407.0,2022-04-05,2022-04-05 11:55:00,-0.30882069098629733,97.0,1.0,best_within_2.0d,24503.0,361.55,0.5832424107187206,4.3760036431226785,32.22527881040892,0.012230020343504162,2.285057100371749,15.890706319702602,0.006381710269403211,0.4929364202292669,5.6011759621451125,36.843533123028394,0.015614239272951093,2.82998018927445,22.52492113564669,0.007835530045022196,1.8630914826498424,0.00402220134195386,1.9444468750000041,16.553125,0.005470102952261012,0.0,0
24407.0,2022-04-05 12:00:00,362.66,363.09,362.48,362.885,372892.0,1p,1p,1.0,buy,False,3.971081953722246,6.329999999999984,48.0,0.01716330902090503,0.03400011303778783,-0.8869633610110537,-0.8699633044921598,-0.002388498911094953,33.57007425959958,16.36117561450407,18.92350985460805,11.236507134296112,372892.0,6.329999999999984,0.0,6.329999999999984,48.0,0.01716330902090503,6.329999999999984,0.0,0.0,1.0,1.0,0.03400011303778783,-0.8699633044921598,-0.8869633610110537,33.57007425959958,16.36117561450407,18.92350985460805,11.236507134296112,5.092035839264728,22.697478900554078,31.675941158237215,0.062041581646712037,0.16828514676670625,0.20499999999998408,0.18000000000000682,0.2249999999999659,1.0,24408.0,24408.0,2022-04-05,2022-04-05 12:00:00,-0.36788514267604877,96.0,1.0,best_within_2.0d,24503.0,361.55,0.5832424107187206,4.3760036431226785,32.22527881040892,0.012230020343504162,2.285057100371749,15.890706319702602,0.006381710269403211,0.4929364202292669,5.6011759621451125,36.843533123028394,0.015614239272951093,2.82998018927445,22.52492113564669,0.007835530045022196,1.8630914826498424,0.00402220134195386,1.9444468750000041,16.553125,0.005470102952261012,0.0,0
24410.0,2022-04-05 12:15:00,362.85,362.93,362.09,362.13,682254.0,1p,1p,1.0,buy,False,3.971081953722246,6.720000000000027,51.0,0.018220764079065175,0.041935487100121405,-0.8579805812808144,-0.8370128377307537,-0.002300108553766798,28.57876843899234,15.557494636049636,18.90746710467005,8.857549698808803,682254.0,6.720000000000027,0.0,6.720000000000027,51.0,0.018220764079065175,6.720000000000027,0.0,0.0,1.0,1.0,0.041935487100121405,-0.8370128377307537,-0.8579805812808144,28.57876843899234,15.557494636049636,18.90746710467005,8.857549698808803,6.380436421851443,29.698031345344972,37.04873437286766,-0.19842910293510463,0.23198652268773837,0.07999999999998408,0.040000000000020464,0.7200000000000273,0.0,24411.0,24411.0,2022-04-05,2022-04-05 12:15:00,-0.16016347720431448,93.0,1.0,best_within_2.0d,24503.0,361.55,0.5832424107187206,4.3760036431226785,32.22527881040892,0.012230020343504162,2.285057100371749,15.890706319702602,0.006381710269403211,0.4929364202292669,5.6011759621451125,36.843533123028394,0.015614239272951093,2.82998018927445,22.52492113564669,0.007835530045022196,1.8630914826498424,0.00402220134195386,1.9444468750000041,16.553125,0.005470102952261012,0.0,0
24411.0,2022-04-05 12:20:00,362.14,362.3,361.82,362.1,516505.0,1p,1p,1.0,buy,False,3.971081953722246,6.990000000000009,52.0,0.018952848350098993,0.009653665900193342,-0.8567738730432903,-0.8519470400931937,-0.0023420064946399616,28.379407175353606,16.55267854323908,18.12253758419306,13.41296046133111,516505.0,6.990000000000009,0.0,6.990000000000009,52.0,0.018952848350098993,6.990000000000009,0.0,0.0,1.0,1.0,0.009653665900193342,-0.8519470400931937,-0.8567738730432903,28.379407175353606,16.55267854323908,18.12253758419306,13.41296046133111,6.638423193443835,30.114301577531695,38.964910864413945,-0.011045452035114492,0.1326626499364375,0.160000000000025,0.28000000000002956,0.03999999999996362,0.0,24412.0,24412.0,2022-04-05,2022-04-05 12:20:00,-0.1518917426125411,92.0,1.0,best_within_2.0d,24503.0,361.55,0.5832424107187206,4.3760036431226785,32.22527881040892,0.012230020343504162,2.285057100371749,15.890706319702602,0.006381710269403211,0.4929364202292669,5.6011759621451125,36.843533123028394,0.015614239272951093,2.82998018927445,22.52492113564669,0.007835530045022196,1.8630914826498424,0.00402220134195386,1.9444468750000041,16.553125,0.005470102952261012,0.0,0
24412.0,2022-04-05 12:25:00,362.09,362.09,361.63,361.81,372090.0,1p,1p,1.0,buy,False,3.971081953722246,7.180000000000007,53.0,0.019468018763048742,-0.03247817264424002,-0.8608336446238203,-0.8770727309459403,-0.0024120388416832297,26.458015266833783,14.564530793532093,16.936535320639404,9.82052173931747,372090.0,7.180000000000007,0.0,7.180000000000007,53.0,0.019468018763048742,7.180000000000007,0.0,0.0,1.0,1.0,-0.03247817264424002,-0.8770727309459403,-0.8608336446238203,26.458015266833783,14.564530793532093,16.936535320639404,9.82052173931747,7.028664170426115,31.884576554933137,40.74421760656407,-0.07732884089590232,0.12720183613084632,0.0,0.18000000000000682,0.2799999999999727,0.0,24413.0,24413.0,2022-04-05,2022-04-05 12:25:00,-0.07186092147812136,91.0,1.0,best_within_2.0d,24503.0,361.55,0.5832424107187206,4.3760036431226785,32.22527881040892,0.012230020343504162,2.285057100371749,15.890706319702602,0.006381710269403211,0.4929364202292669,5.6011759621451125,36.843533123028394,0.015614239272951093,2.82998018927445,22.52492113564669,0.007835530045022196,1.8630914826498424,0.00402220134195386,1.9444468750000041,16.553125,0.005470102952261012,1.0,0
24427.0,2022-04-05 13:40:00,362.6901,362.7,362.18,362.18,365026.0,2,2,1.0,buy,False,0.7533632286995485,4.163492493946733,28.239017640954685,0.011578080659927173,0.15909631292907123,-0.30505723595242806,-0.22550907948789245,-0.0006210791397178261,37.54980468099146,33.53982180873002,55.471696158428784,-10.323926890667508,365026.0,1.6800000000000068,1.0,2.230000000000018,11.0,0.006166523795039179,1.6800000000000068,6.0,0.004617160446325528,2.0,2.0,0.15909631292907123,-0.22550907948789245,-0.30505723595242806,37.54980468099146,33.53982180873002,55.471696158428784,-10.323926890667508,29.226297314039822,20.01366011722305,33.75595091350816,-0.14064348599533483,0.14357501794687222,0.009900000000016007,0.0,0.5100999999999658,0.0,24428.0,24428.0,2022-04-05,2022-04-05 13:40:00,-0.1739466563587154,76.0,1.0,best_within_2.0d,24503.0,361.55,0.7533632286995485,2.230000000000018,11.0,0.006166523795039179,1.6800000000000068,6.0,0.004617160446325528,0.4929364202292669,5.6011759621451125,36.843533123028394,0.015614239272951093,2.82998018927445,22.52492113564669,0.007835530045022196,1.8630914826498424,0.00402220134195386,1.9444468750000041,16.553125,0.005470102952261012,0.0,0
24428.0,2022-04-05 13:45:00,362.18,362.31,361.83,361.935,451890.0,2,2,1.0,buy,False,0.9103139013452973,4.163492493946733,28.239017640954685,0.011578080659927173,0.03506923572262388,-0.3006735814871001,-0.28313896362578816,-0.0007799829353554592,35.26430490134061,24.084019136854767,45.00913715123744,-17.766216891910574,451890.0,2.0300000000000296,1.0,2.230000000000018,11.0,0.006166523795039179,2.0300000000000296,7.0,0.005579068872643405,2.0,2.0,0.03506923572262388,-0.28313896362578816,-0.3006735814871001,35.26430490134061,24.084019136854767,45.00913715123744,-17.766216891910574,26.68646854202089,25.573010149785407,31.4969997287735,-0.06764592191727994,0.13265898350054395,0.12999999999999545,0.10500000000001819,0.24500000000000455,0.0,24429.0,24429.0,2022-04-05,2022-04-05 13:45:00,-0.10637269122908558,75.0,1.0,best_within_2.0d,24503.0,361.55,0.9103139013452973,2.230000000000018,11.0,0.006166523795039179,2.0300000000000296,7.0,0.005579068872643405,0.4929364202292669,5.6011759621451125,36.843533123028394,0.015614239272951093,2.82998018927445,22.52492113564669,0.007835530045022196,1.8630914826498424,0.00402220134195386,1.9444468750000041,16.553125,0.005470102952261012,0.0,0
24429.0,2022-04-05 13:50:00,361.9212,361.99,361.6,361.8,441820.0,1p,1p,1.0,buy,False,0.07246215172266882,2.259999999999991,8.0,0.006211180124223577,-0.05625532268532518,-0.30770549682276577,-0.33583315816542836,-0.0009253712042083611,34.03502182587496,19.005865265277652,36.34137985591751,-15.665163916002058,441820.0,2.259999999999991,0.0,2.259999999999991,8.0,0.006211180124223577,2.259999999999991,0.0,0.0,1.0,1.0,-0.05625532268532518,-0.33583315816542836,-0.30770549682276577,34.03502182587496,19.005865265277652,36.34137985591751,-15.665163916002058,26.06303393020942,29.60245829110158,29.701384141210347,-0.03348795262614833,0.10785398230088118,0.06880000000001019,0.19999999999998863,0.12119999999998754,0.0,24430.0,24430.0,2022-04-05,2022-04-05 13:50:00,-0.06909894969596463,74.0,1.0,best_within_2.0d,24503.0,361.55,0.5832424107187206,4.3760036431226785,32.22527881040892,0.012230020343504162,2.285057100371749,15.890706319702602,0.006381710269403211,0.4929364202292669,5.6011759621451125,36.843533123028394,0.015614239272951093,2.82998018927445,22.52492113564669,0.007835530045022196,1.8630914826498424,0.00402220134195386,1.9444468750000041,16.553125,0.005470102952261012,1.0,0
24443.0,2022-04-05 15:00:00,362.14,362.44,361.63,361.66,597107.0,2,2,1.0,buy,False,0.9798657718120982,4.163492493946733,28.239017640954685,0.011578080659927173,-0.017219826928183413,-0.18861256140635171,-0.19722247487044342,-0.0005439732241171618,38.40675861256805,31.891073807337502,47.20730833579725,1.2586047504180016,597107.0,1.4599999999999795,1.0,1.4899999999999523,7.0,0.0041205752212388055,1.4599999999999795,9.0,0.004021041615026521,2.0,2.0,-0.017219826928183413,-0.19722247487044342,-0.18861256140635171,38.40675861256805,31.891073807337502,47.20730833579725,1.2586047504180016,16.012718014883873,16.596779024491585,18.33055332395184,-0.1325454244214838,0.2239858418825878,0.30000000000001137,0.03000000000002956,0.47999999999996135,0.0,24444.0,24444.0,2022-04-05,2022-04-05 15:00:00,-0.030415307194606438,60.0,1.0,best_within_2.0d,24503.0,361.55,0.9798657718120982,1.4899999999999523,7.0,0.0041205752212388055,1.4599999999999795,9.0,0.004021041615026521,0.4929364202292669,5.6011759621451125,36.843533123028394,0.015614239272951093,2.82998018927445,22.52492113564669,0.007835530045022196,1.8630914826498424,0.00402220134195386,1.9444468750000041,16.553125,0.005470102952261012,0.0,0
24444.0,2022-04-05 15:05:00,361.67,361.74,361.25,361.33,947173.0,1,1,1.0,buy,False,0.15729300015044687,1.839999999999975,10.0,0.005067614090170413,-0.12211295316889148,-0.20387668055246316,-0.2649331571369089,-0.0007309143878417726,35.45234017982547,22.72591733675951,39.04684466945133,-9.915937328624125,947173.0,1.839999999999975,1.0,1.839999999999975,10.0,0.005067614090170413,1.839999999999975,10.0,0.005067614090170413,1.0,1.0,-0.12211295316889148,-0.2649331571369089,-0.20387668055246316,35.45234017982547,22.72591733675951,39.04684466945133,-9.915937328624125,12.891087729078476,21.144867953452916,18.753383739247347,-0.09400835015346361,0.13564013840830702,0.06999999999999318,0.07999999999998408,0.34000000000003183,0.0,24445.0,24445.0,2022-04-05,2022-04-05 15:05:00,0.060886170536636114,59.0,1.0,best_within_2.0d,24503.0,361.55,0.5832424107187206,4.3760036431226785,32.22527881040892,0.012230020343504162,2.285057100371749,15.890706319702602,0.006381710269403211,0.4929364202292669,5.6011759621451125,36.843533123028394,0.015614239272951093,2.82998018927445,22.52492113564669,0.007835530045022196,1.8630914826498424,0.00402220134195386,1.9444468750000041,16.553125,0.005470102952261012,0.0,0
24445.0,2022-04-05 15:10:00,361.327,361.41,360.87,360.98,749462.0,1,1,1.0,buy,False,0.28648701970096296,2.2199999999999704,11.0,0.006114186565314304,-0.2224115249043369,-0.2316781211655053,-0.34288388361767375,-0.000946257560298514,32.588992588434294,16.817278224506556,31.63698918780307,-12.822143702086471,749462.0,2.2199999999999704,1.0,2.2199999999999704,11.0,0.006114186565314304,2.2199999999999704,11.0,0.006114186565314304,1.0,1.0,-0.2224115249043369,-0.34288388361767375,-0.2316781211655053,32.588992588434294,16.817278224506556,31.63698918780307,-12.822143702086471,11.10943955191918,25.46723293948841,20.217710809999367,-0.09603489360052805,0.14963837392967563,0.08300000000002683,0.11000000000001364,0.34699999999998,0.0,24446.0,24446.0,2022-04-05,2022-04-05 15:10:00,0.1579034849576135,58.0,1.0,best_within_2.0d,24503.0,361.55,0.5832424107187206,4.3760036431226785,32.22527881040892,0.012230020343504162,2.285057100371749,15.890706319702602,0.006381710269403211,0.4929364202292669,5.6011759621451125,36.843533123028394,0.015614239272951093,2.82998018927445,22.52492113564669,0.007835530045022196,1.8630914826498424,0.00402220134195386,1.9444468750000041,16.553125,0.005470102952261012,0.0,0
24446.0,2022-04-05 15:15:00,360.98,361.11,360.69,360.76,695447.0,1,1,1.0,buy,False,0.38317326395182805,2.3999999999999773,12.0,0.006609931421961435,-0.29747298857397975,-0.26886224473725273,-0.4175987390242426,-0.001152824905965668,30.899634092446362,12.191910973200354,25.15529644960216,-13.734859979603257,695447.0,2.3999999999999773,1.0,2.3999999999999773,12.0,0.006609931421961435,2.3999999999999773,12.0,0.006609931421961435,1.0,1.0,-0.29747298857397975,-0.4175987390242426,-0.26886224473725273,30.899634092446362,12.191910973200354,25.15529644960216,-13.734859979603257,11.109439551919106,27.542152222466655,21.81037218499091,-0.06094520472049069,0.11644348332363412,0.12999999999999545,0.06999999999999318,0.22000000000002728,0.0,24447.0,24447.0,2022-04-05,2022-04-05 15:15:00,0.21898214879698982,57.0,1.0,best_within_2.0d,24503.0,361.55,0.5832424107187206,4.3760036431226785,32.22527881040892,0.012230020343504162,2.285057100371749,15.890706319702602,0.006381710269403211,0.4929364202292669,5.6011759621451125,36.843533123028394,0.015614239272951093,2.82998018927445,22.52492113564669,0.007835530045022196,1.8630914826498424,0.00402220134195386,1.9444468750000041,16.553125,0.005470102952261012,0.0,0
24447.0,2022-04-05 15:20:00,360.7796,361.35,360.62,361.33,807053.0,1,1,1.0,buy,False,0.38317326395182805,2.4699999999999704,13.0,0.006802721088435293,-0.25127156592797684,-0.30027119047824985,-0.42590697344223827,-0.0011759793708335036,39.63134314647646,17.78780459437823,22.699465831194182,7.964482120746325,807053.0,2.4699999999999704,1.0,2.4699999999999704,13.0,0.006802721088435293,2.4699999999999704,13.0,0.006802721088435293,1.0,1.0,-0.25127156592797684,-0.42590697344223827,-0.30027119047824985,39.63134314647646,17.78780459437823,22.699465831194182,7.964482120746325,12.780925881940403,26.919118229219663,22.79624100124411,0.1525585149492842,0.20242914979757587,0.020000000000038654,0.15960000000001173,0.5503999999999678,1.0,24448.0,24448.0,2022-04-05,2022-04-05 15:20:00,0.060886170536636114,56.0,1.0,best_within_2.0d,24503.0,361.55,0.5832424107187206,4.3760036431226785,32.22527881040892,0.012230020343504162,2.285057100371749,15.890706319702602,0.006381710269403211,0.4929364202292669,5.6011759621451125,36.843533123028394,0.015614239272951093,2.82998018927445,22.52492113564669,0.007835530045022196,1.8630914826498424,0.00402220134195386,1.9444468750000041,16.553125,0.005470102952261012,0.0,0
24449.0,2022-04-05 15:30:00,360.96,360.96,360.42,360.53,864520.0,1,1,1.0,buy,False,0.38317326395182805,2.669999999999959,15.0,0.007353548706932053,-0.28560709795307804,-0.36717395600816494,-0.509977504984704,-0.0014089019693558106,33.05162255888153,12.523863659243391,17.95670406875793,1.658182840214316,864520.0,2.669999999999959,1.0,2.669999999999959,15.0,0.007353548706932053,2.669999999999959,15.0,0.007353548706932053,1.0,1.0,-0.28560709795307804,-0.509977504984704,-0.36717395600816494,33.05162255888153,12.523863659243391,17.95670406875793,1.658182840214316,5.139406398560929,32.47170406363481,28.95264254244909,-0.11912677304964729,0.1498252039287397,0.0,0.1099999999999568,0.4300000000000068,0.0,24450.0,24450.0,2022-04-05,2022-04-05 15:30:00,0.2829168169084511,54.0,1.0,best_within_2.0d,24503.0,361.55,0.5832424107187206,4.3760036431226785,32.22527881040892,0.012230020343504162,2.285057100371749,15.890706319702602,0.006381710269403211,0.4929364202292669,5.6011759621451125,36.843533123028394,0.015614239272951093,2.82998018927445,22.52492113564669,0.007835530045022196,1.8630914826498424,0.00402220134195386,1.9444468750000041,16.553125,0.005470102952261012,0.0,0
24450.0,2022-04-05 15:35:00,360.52,360.82,360.27,360.4734,546830.0,1,1,1.0,buy,False,0.38317326395182805,2.819999999999993,16.0,0.007766669420804741,-0.2937234849784678,-0.40388939163047344,-0.5507511341197073,-0.0015220117821857454,32.6252178922592,10.937028699038143,15.616812278851334,1.5774615394117575,546830.0,2.819999999999993,1.0,2.819999999999993,16.0,0.007766669420804741,2.819999999999993,16.0,0.007766669420804741,1.0,1.0,-0.2937234849784678,-0.5507511341197073,-0.40388939163047344,32.6252178922592,10.937028699038143,15.616812278851334,1.5774615394117575,5.127428245137623,32.9786862130449,32.10521700479494,-0.012925773882157814,0.15266328031754278,0.30000000000001137,0.20340000000004466,0.046599999999955344,0.0,24451.0,24451.0,2022-04-05,2022-04-05 15:35:00,0.2986628139552003,53.0,1.0,best_within_2.0d,24503.0,361.55,0.5832424107187206,4.3760036431226785,32.22527881040892,0.012230020343504162,2.285057100371749,15.890706319702602,0.006381710269403211,0.4929364202292669,5.6011759621451125,36.843533123028394,0.015614239272951093,2.82998018927445,22.52492113564669,0.007835530045022196,1.8630914826498424,0.00402220134195386,1.9444468750000041,16.553125,0.005470102952261012,1.0,0
24463.0,2022-04-05 16:40:00,361.1,361.57,361.1,361.1,43940.0,3a,3a,0.0,sell,False,0.004037275668500898,4.163492493946733,28.239017640954685,0.011578080659927173,0.1735834653200763,-0.2633643108217488,-0.17657257816171068,-0.0004884629251445454,43.80168699402309,72.02388216177555,81.05808193114842,53.95548262302981,43940.0,1.3000000000000114,2.0,1.3000000000000114,14.0,0.003608404807505514,1.3000000000000114,14.0,0.003608404807505514,3.0,3.0,0.1735834653200763,-0.17657257816171068,-0.2633643108217488,43.80168699402309,72.02388216177555,81.05808193114842,53.95548262302981,13.440000000000632,11.519999999999632,27.129098695586357,0.0,0.13015785101079214,0.46999999999997044,0.0,0.0,0.0,24464.0,24464.0,2022-04-05,2022-04-05 16:40:00,2.666851287731929,319.0,1.0,best_within_2.0d,24782.0,351.47,0.5832424107187206,4.3760036431226785,32.22527881040892,0.012230020343504162,2.285057100371749,15.890706319702602,0.006381710269403211,0.4929364202292669,5.6011759621451125,36.843533123028394,0.015614239272951093,2.82998018927445,22.52492113564669,0.007835530045022196,1.8630914826498424,0.004037275668500898,1.3000000000000114,14.0,0.003608404807505514,0.0,1
24479.0,2022-04-05 18:00:00,361.8,361.83,361.62,361.64,26686.0,2,2,1.0,buy,False,0.17177914110427822,4.163492493946733,28.239017640954685,0.011578080659927173,0.008361672651308202,0.04166374824688094,0.04584458457253504,0.00012674578171131075,47.821243926921504,37.399338603309424,52.68267457242142,6.832666665085441,26686.0,0.2799999999999727,1.0,1.6299999999999955,18.0,0.0045243844894107075,0.2799999999999727,13.0,0.0007736943907155919,2.0,2.0,0.008361672651308202,0.04584458457253504,0.04166374824688094,47.821243926921504,37.399338603309424,52.68267457242142,6.832666665085441,19.791666666666853,31.249999999995932,19.735336837282325,-0.04422332780542427,0.058072009291515826,0.029999999999972715,0.01999999999998181,0.160000000000025,0.0,24480.0,24480.0,2022-04-05,2022-04-05 18:00:00,-0.024886627585437172,24.0,1.0,best_within_2.0d,24503.0,361.55,0.17177914110427822,1.6299999999999955,18.0,0.0045243844894107075,0.2799999999999727,13.0,0.0007736943907155919,0.4929364202292669,5.6011759621451125,36.843533123028394,0.015614239272951093,2.82998018927445,22.52492113564669,0.007835530045022196,1.8630914826498424,0.00402220134195386,1.9444468750000041,16.553125,0.005470102952261012,0.0,0
24480.0,2022-04-05 18:05:00,361.65,361.66,361.55,361.57,14374.0,2,2,1.0,buy,False,0.21472392638034776,4.163492493946733,28.239017640954685,0.011578080659927173,-0.021827861792811792,0.03893526552277947,0.028021334626373573,7.747227283096911e-05,45.73568444717637,27.016225735537766,44.12719162679353,-7.2057060469737735,14374.0,0.3499999999999659,1.0,1.6299999999999955,18.0,0.0045243844894107075,0.3499999999999659,14.0,0.0009671179883944899,2.0,2.0,-0.021827861792811792,0.028021334626373573,0.03893526552277947,45.73568444717637,27.016225735537766,44.12719162679353,-7.2057060469737735,10.20408163265519,37.75510204081029,22.4290133853783,-0.022120835061519174,0.03042456091827234,0.010000000000047748,0.01999999999998181,0.07999999999998408,0.0,24481.0,24481.0,2022-04-05,2022-04-05 18:05:00,-0.005531432364405733,23.0,1.0,best_within_2.0d,24503.0,361.55,0.21472392638034776,1.6299999999999955,18.0,0.0045243844894107075,0.3499999999999659,14.0,0.0009671179883944899,0.4929364202292669,5.6011759621451125,36.843533123028394,0.015614239272951093,2.82998018927445,22.52492113564669,0.007835530045022196,1.8630914826498424,0.00402220134195386,1.9444468750000041,16.553125,0.005470102952261012,0.0,0
24481.0,2022-04-05 18:10:00,361.57,361.58,361.47,361.47,11040.0,2,2,1.0,buy,False,0.26380368098156515,4.163492493946733,28.239017640954685,0.011578080659927173,-0.053079288060732546,0.0323003545151879,0.0057607104848216295,1.5927717481699692e-05,42.86000438692634,18.010817157025176,35.42173347020408,-16.81101546933263,11040.0,0.42999999999995,1.0,1.6299999999999955,18.0,0.0045243844894107075,0.42999999999995,15.0,0.0011881735285989223,2.0,2.0,-0.053079288060732546,0.0057607104848216295,0.0323003545151879,42.86000438692634,18.010817157025176,35.42173347020408,-16.81101546933263,10.869565217393589,41.30434782607957,24.993607667374174,-0.02765716182204439,0.03043129443659413,0.009999999999990905,0.0,0.0999999999999659,0.0,24482.0,24482.0,2022-04-05,2022-04-05 18:10:00,0.022131850499345473,22.0,1.0,best_within_2.0d,24503.0,361.55,0.26380368098156515,1.6299999999999955,18.0,0.0045243844894107075,0.42999999999995,15.0,0.0011881735285989223,0.4929364202292669,5.6011759621451125,36.843533123028394,0.015614239272951093,2.82998018927445,22.52492113564669,0.007835530045022196,1.8630914826498424,0.00402220134195386,1.9444468750000041,16.553125,0.005470102952261012,0.0,0
24482.0,2022-04-05 18:15:00,361.5,361.51,361.46,361.46,10199.0,2,2,1.0,buy,False,0.26993865030674785,4.163492493946733,28.239017640954685,0.011578080659927173,-0.07174987822479834,0.02333161973708811,-0.012543319375311057,-3.468242022035797e-05,42.57173968610125,12.007211438016784,27.616892792808315,-19.212151271566277,10199.0,0.4399999999999977,1.0,1.6299999999999955,18.0,0.0045243844894107075,0.4399999999999977,16.0,0.0012158054711246139,2.0,2.0,-0.07174987822479834,-0.012543319375311057,0.02333161973708811,42.57173968610125,12.007211438016784,27.616892792808315,-19.212151271566277,10.869565217393589,42.39130434782387,27.435755224660237,-0.011065006915634983,0.01383278924362623,0.009999999999990905,0.0,0.040000000000020464,0.0,24483.0,24483.0,2022-04-05,2022-04-05 18:15:00,0.024899020638530358,21.0,1.0,best_within_2.0d,24503.0,361.55,0.26993865030674785,1.6299999999999955,18.0,0.0045243844894107075,0.4399999999999977,16.0,0.0012158054711246139,0.4929364202292669,5.6011759621451125,36.843533123028394,0.015614239272951093,2.82998018927445,22.52492113564669,0.007835530045022196,1.8630914826498424,0.00402220134195386,1.9444468750000041,16.553125,0.005470102952261012,0.0,0
24483.0,2022-04-05 18:20:00,361.49,361.5,361.32,361.32,18931.0,2,2,1.0,buy,False,0.35582822085888693,4.163492493946733,28.239017640954685,0.011578080659927173,-0.09798536096836163,0.011083449616042906,-0.03790923086813791,-0.00010482679941691198,38.652272727609194,8.004807625344522,21.07953107032038,-18.144639264607196,18931.0,0.5799999999999841,1.0,1.6299999999999955,18.0,0.0045243844894107075,0.5799999999999841,17.0,0.0016026526664824098,2.0,2.0,-0.09798536096836163,-0.03790923086813791,0.011083449616042906,38.652272727609194,8.004807625344522,21.07953107032038,-18.144639264607196,9.174311926607324,47.70642201834556,30.31476810031764,-0.047027580292681934,0.049817336433080596,0.009999999999990905,0.0,0.17000000000001592,0.0,24484.0,24484.0,2022-04-05,2022-04-05 18:20:00,0.06365548544227229,20.0,1.0,best_within_2.0d,24503.0,361.55,0.35582822085888693,1.6299999999999955,18.0,0.0045243844894107075,0.5799999999999841,17.0,0.0016026526664824098,0.4929364202292669,5.6011759621451125,36.843533123028394,0.015614239272951093,2.82998018927445,22.52492113564669,0.007835530045022196,1.8630914826498424,0.00402220134195386,1.9444468750000041,16.553125,0.005470102952261012,0.0,0
24484.0,2022-04-05 18:25:00,361.32,361.33,361.24,361.33,11637.0,2,2,1.0,buy,False,0.4049079754601043,4.163492493946733,28.239017640954685,0.011578080659927173,-0.1082184368640208,-0.002443854991959693,-0.05655307342397009,-0.00015639067703545096,39.08368833976765,10.421284179607014,17.52678210674926,-3.789711674677477,11637.0,0.6599999999999682,1.0,1.6299999999999955,18.0,0.0045243844894107075,0.6599999999999682,18.0,0.0018237082066868422,2.0,2.0,-0.1082184368640208,-0.05655307342397009,-0.002443854991959693,39.08368833976765,10.421284179607014,17.52678210674926,-3.789711674677477,8.547008547010373,50.427350427347605,33.221891289838986,0.002767629801835189,0.024914184475687905,0.0,0.07999999999998408,0.009999999999990905,1.0,24485.0,24485.0,2022-04-05,2022-04-05 18:25:00,0.060886170536636114,19.0,1.0,best_within_2.0d,24503.0,361.55,0.4049079754601043,1.6299999999999955,18.0,0.0045243844894107075,0.6599999999999682,18.0,0.0018237082066868422,0.4929364202292669,5.6011759621451125,36.843533123028394,0.015614239272951093,2.82998018927445,22.52492113564669,0.007835530045022196,1.8630914826498424,0.00402220134195386,1.9444468750000041,16.553125,0.005470102952261012,1.0,0
24494.0,2022-04-05 19:15:00,361.29,361.29,361.26,361.29,2522.0,2s,2s,1.0,buy,False,0.3926380368098087,4.163492493946733,28.239017640954685,0.011578080659927173,-0.043851058848836263,-0.05950876821397736,-0.08143429763839549,-0.0002252649417607741,38.645953244781296,27.162048271117197,40.486372814587824,0.5133991841759382,2522.0,0.29000000000002046,1.0,1.6299999999999955,18.0,0.0045243844894107075,0.29000000000002046,6.0,0.0008021020605725915,1.0,2.5,-0.043851058848836263,-0.08143429763839549,-0.05950876821397736,38.645953244781296,27.162048271117197,40.486372814587824,0.5133991841759382,17.736214124477854,44.34053531119005,40.15375347532303,0.0,0.008304268393962675,0.0,0.03000000000002956,0.0,0.0,24495.0,24495.0,2022-04-05,2022-04-05 19:15:00,0.07196434996816709,9.0,1.0,best_within_2.0d,24503.0,361.55,0.5832424107187206,4.3760036431226785,32.22527881040892,0.012230020343504162,2.285057100371749,15.890706319702602,0.006381710269403211,0.3926380368098087,1.6299999999999955,18.0,0.0045243844894107075,0.29000000000002046,6.0,0.0008021020605725915,1.0,0.00402220134195386,1.9444468750000041,16.553125,0.005470102952261012,0.0,0
24496.0,2022-04-05 19:25:00,361.28,361.28,361.19,361.23,5635.0,2s,2s,1.0,buy,False,0.43558282208587823,4.163492493946733,28.239017640954685,0.011578080659927173,-0.04504159668543661,-0.07028161221337109,-0.0928024105560894,-0.00025673601441359356,36.460363186047694,18.840859257153532,29.319948410017346,-2.117319048574096,5635.0,0.36000000000001364,1.0,1.6299999999999955,18.0,0.0045243844894107075,0.36000000000001364,8.0,0.0009957129027797363,1.0,2.5,-0.04504159668543661,-0.0928024105560894,-0.07028161221337109,36.460363186047694,18.840859257153532,29.319948410017346,-2.117319048574096,20.96098032892408,44.340535311183444,39.0877117753601,-0.013839681133734093,0.0249176333785473,0.0,0.040000000000020464,0.049999999999954525,0.0,24497.0,24497.0,2022-04-05,2022-04-05 19:25:00,0.08858621930625728,7.0,1.0,best_within_2.0d,24503.0,361.55,0.5832424107187206,4.3760036431226785,32.22527881040892,0.012230020343504162,2.285057100371749,15.890706319702602,0.006381710269403211,0.43558282208587823,1.6299999999999955,18.0,0.0045243844894107075,0.36000000000001364,8.0,0.0009957129027797363,1.0,0.00402220134195386,1.9444468750000041,16.553125,0.005470102952261012,1.0,0
24502.0,2022-04-05 19:55:00,361.37,361.4,361.16,361.16,17594.0,2s,2s,1.0,buy,False,0.45398773006132165,4.163492493946733,28.239017640954685,0.011578080659927173,-0.00275452169496479,-0.07503002119519804,-0.07640728204268044,-0.00021141181080144676,37.43526666044148,34.07389550962185,38.9187939188653,24.38409869113495,17594.0,0.38999999999998636,1.0,1.6299999999999955,18.0,0.0045243844894107075,0.38999999999998636,14.0,0.0010786889780113023,1.0,2.5,-0.00275452169496479,-0.07640728204268044,-0.07503002119519804,37.43526666044148,34.07389550962185,38.9187939188653,24.38409869113495,24.40176322417716,43.29345088160868,29.64889851224905,-0.05811218418794574,0.066452541809711,0.029999999999972715,0.0,0.20999999999997954,0.0,24503.0,24503.0,2022-04-05,2022-04-05 19:55:00,0.10798538044079807,1.0,1.0,best_within_2.0d,24503.0,361.55,0.5832424107187206,4.3760036431226785,32.22527881040892,0.012230020343504162,2.285057100371749,15.890706319702602,0.006381710269403211,0.45398773006132165,1.6299999999999955,18.0,0.0045243844894107075,0.38999999999998636,14.0,0.0010786889780113023,1.0,0.00402220134195386,1.9444468750000041,16.553125,0.005470102952261012,0.0,0
24503.0,2022-04-06 04:00:00,361.5299,361.55,361.5,361.55,3109.0,3a,3a,0.0,sell,False,0.004037275668500898,4.163492493946733,28.239017640954685,0.011578080659927173,-0.023629131714707735,-0.04100658504440989,-0.05282115090176376,-0.00014608692652329493,48.7299734985427,57.35065277958218,38.20041645873046,95.65112542128563,3109.0,0.3100000000000023,2.0,0.3100000000000023,6.0,0.0008581552430517171,0.3100000000000023,6.0,0.0008581552430517171,3.0,3.0,-0.023629131714707735,-0.05282115090176376,-0.04100658504440989,48.7299734985427,57.35065277958218,38.20041645873046,95.65112542128563,16.176470588237816,43.38235294117601,37.371365182895424,0.005559706126661599,0.013831258644539797,0.0,0.029899999999997817,0.02010000000001355,1.0,24504.0,24504.0,2022-04-06,2022-04-06 04:00:00,-0.7241936382374147,384.0,1.0,best_within_2.0d,24887.0,356.42,0.5832424107187206,4.3760036431226785,32.22527881040892,0.012230020343504162,2.285057100371749,15.890706319702602,0.006381710269403211,0.4929364202292669,5.6011759621451125,36.843533123028394,0.015614239272951093,2.82998018927445,22.52492113564669,0.007835530045022196,1.8630914826498424,0.004037275668500898,0.3100000000000023,6.0,0.0008581552430517171,0.0,1
24503.0,2022-04-06 04:00:00,359.46,359.46,358.81,359.02,13745.0,1p,1p,1.0,buy,False,2.670626640156293,2.740000000000009,15.0,0.007578481537823286,-0.2890113075077898,-0.11115643463367175,-0.25566208838756666,-0.0007077404401594322,12.189664895615948,25.29895617000597,34.37884800257885,7.139172504860213,13745.0,2.740000000000009,0.0,2.740000000000009,15.0,0.007578481537823286,2.740000000000009,0.0,0.0,1.0,1.0,-0.2890113075077898,-0.25566208838756666,-0.11115643463367175,12.189664895615948,25.29895617000597,34.37884800257885,7.139172504860213,8.682500560159783,81.22339233699228,33.29435992247802,-0.12240583096867462,0.18115437139432491,0.0,0.20999999999997954,0.4399999999999977,0.0,24504.0,24504.0,2022-04-06,2022-04-06 04:00:00,-0.7241936382374147,384.0,1.0,best_within_2.0d,24887.0,356.42,0.5832424107187206,4.3760036431226785,32.22527881040892,0.012230020343504162,2.285057100371749,15.890706319702602,0.006381710269403211,0.4929364202292669,5.6011759621451125,36.843533123028394,0.015614239272951093,2.82998018927445,22.52492113564669,0.007835530045022196,1.8630914826498424,0.00402220134195386,1.9444468750000041,16.553125,0.005470102952261012,0.0,0
24506.0,2022-04-06 04:15:00,358.93,358.95,358.46,358.46,6798.0,1p,1p,1.0,buy,False,5.807727568439996,3.090000000000032,18.0,0.008546535748859167,-0.6285037799614136,-0.3158488056762427,-0.6301006956569495,-0.001746772173800993,10.040868582106171,8.56199767344167,18.720989400869726,-11.755985781414442,6798.0,3.090000000000032,0.0,3.090000000000032,18.0,0.008546535748859167,3.090000000000032,0.0,0.0,1.0,1.0,-0.6285037799614136,-0.6301006956569495,-0.3158488056762427,10.040868582106171,8.56199767344167,18.720989400869726,-11.755985781414442,7.578720907489397,78.72090749070946,42.867357599941855,-0.1309447524587043,0.13669586564749459,0.01999999999998181,0.0,0.4700000000000273,0.0,24507.0,24507.0,2022-04-06,2022-04-06 04:15:00,-0.5523628856776102,382.0,1.0,best_within_2.0d,24888.0,356.48,0.5832424107187206,4.3760036431226785,32.22527881040892,0.012230020343504162,2.285057100371749,15.890706319702602,0.006381710269403211,0.4929364202292669,5.6011759621451125,36.843533123028394,0.015614239272951093,2.82998018927445,22.52492113564669,0.007835530045022196,1.8630914826498424,0.00402220134195386,1.9444468750000041,16.553125,0.005470102952261012,0.0,0
24507.0,2022-04-06 04:20:00,358.49,358.5,358.2,358.24,10242.0,1p,1p,1.0,buy,False,6.1413229644583645,3.3500000000000227,19.0,0.009265661734200036,-0.664604985623095,-0.39892442887912954,-0.731226921690677,-0.002028149492581275,9.324621040779434,6.109604874664131,14.517194558801194,-10.705574493609994,10242.0,3.3500000000000227,0.0,3.3500000000000227,19.0,0.009265661734200036,3.3500000000000227,0.0,0.0,1.0,1.0,-0.664604985623095,-0.731226921690677,-0.39892442887912954,9.324621040779434,6.109604874664131,14.517194558801194,-10.705574493609994,7.159353348728558,79.44572748267791,45.767308247565225,-0.06973695221624034,0.08375209380234824,0.009999999999990905,0.040000000000020464,0.25,0.0,24508.0,24508.0,2022-04-06,2022-04-06 04:20:00,-0.491290754801248,381.0,1.0,best_within_2.0d,24888.0,356.48,0.5832424107187206,4.3760036431226785,32.22527881040892,0.012230020343504162,2.285057100371749,15.890706319702602,0.006381710269403211,0.4929364202292669,5.6011759621451125,36.843533123028394,0.015614239272951093,2.82998018927445,22.52492113564669,0.007835530045022196,1.8630914826498424,0.00402220134195386,1.9444468750000041,16.553125,0.005470102952261012,1.0,0
24522.0,2022-04-06 05:35:00,358.38,358.39,358.06,358.08,8384.0,1p,1p,1.0,buy,False,1.5046529459858982e-07,1.0199999999999818,8.0,0.002840592625598702,0.07569012467564962,-0.5977924066479849,-0.5599473443101601,-0.0015588534921516068,26.47460402346381,22.812441130155484,39.1169851900175,-9.796646989568558,8384.0,1.0199999999999818,0.0,1.0199999999999818,8.0,0.002840592625598702,1.0199999999999818,0.0,0.0,1.0,1.0,0.07569012467564962,-0.5599473443101601,-0.5977924066479849,26.47460402346381,22.812441130155484,39.1169851900175,-9.796646989568558,14.647887323943337,29.85915492957631,46.014844639194294,-0.08371002846141284,0.09216332458246776,0.009999999999990905,0.01999999999998181,0.30000000000001137,0.0,24523.0,24523.0,2022-04-06,2022-04-06 05:35:00,-0.4468275245755044,366.0,1.0,best_within_2.0d,24888.0,356.48,0.5832424107187206,4.3760036431226785,32.22527881040892,0.012230020343504162,2.285057100371749,15.890706319702602,0.006381710269403211,0.4929364202292669,5.6011759621451125,36.843533123028394,0.015614239272951093,2.82998018927445,22.52492113564669,0.007835530045022196,1.8630914826498424,0.00402220134195386,1.9444468750000041,16.553125,0.005470102952261012,0.0,0
24523.0,2022-04-06 05:40:00,358.22,358.22,357.87,357.88,18144.0,1p,1p,1.0,buy,False,1.5046529459858982e-07,1.2099999999999795,9.0,0.0033697226244847377,0.029319602437366088,-0.5941274563433142,-0.5794676551246312,-0.001613637418900728,24.491987784008103,15.483776180433988,31.239248853489663,-16.027169165677364,18144.0,1.2099999999999795,0.0,1.2099999999999795,9.0,0.0033697226244847377,1.2099999999999795,0.0,0.0,1.0,1.0,0.029319602437366088,-0.5794676551246312,-0.5941274563433142,24.491987784008103,15.483776180433988,31.239248853489663,-16.027169165677364,14.325068870522934,33.60881542699647,45.60163324049983,-0.09491374015968729,0.0978008774135923,0.0,0.009999999999990905,0.34000000000003183,0.0,24524.0,24524.0,2022-04-06,2022-04-06 05:40:00,-0.3911925785179326,365.0,1.0,best_within_2.0d,24888.0,356.48,0.5832424107187206,4.3760036431226785,32.22527881040892,0.012230020343504162,2.285057100371749,15.890706319702602,0.006381710269403211,0.4929364202292669,5.6011759621451125,36.843533123028394,0.015614239272951093,2.82998018927445,22.52492113564669,0.007835530045022196,1.8630914826498424,0.00402220134195386,1.9444468750000041,16.553125,0.005470102952261012,0.0,0
24524.0,2022-04-06 05:45:00,358.0,358.0,357.74,357.74,11366.0,1p,1p,1.0,buy,False,0.012514766123931844,1.339999999999975,10.0,0.0037317589395120167,-0.008317377211348731,-0.5951671284947329,-0.5993258171004072,-0.0016694067846764924,23.183211243293314,10.322517453622659,24.267005053533993,-17.566457746200008,11366.0,1.339999999999975,0.0,1.339999999999975,10.0,0.0037317589395120167,1.339999999999975,0.0,0.0,1.0,1.0,-0.008317377211348731,-0.5993258171004072,-0.5951671284947329,23.183211243293314,10.322517453622659,24.267005053533993,-17.566457746200008,14.246575342465345,36.98630136986231,45.514732776033284,-0.0726256983240198,0.07267848157879771,0.0,0.0,0.2599999999999909,0.0,24525.0,24525.0,2022-04-06,2022-04-06 05:45:00,-0.35221110303572173,364.0,1.0,best_within_2.0d,24888.0,356.48,0.5832424107187206,4.3760036431226785,32.22527881040892,0.012230020343504162,2.285057100371749,15.890706319702602,0.006381710269403211,0.4929364202292669,5.6011759621451125,36.843533123028394,0.015614239272951093,2.82998018927445,22.52492113564669,0.007835530045022196,1.8630914826498424,0.00402220134195386,1.9444468750000041,16.553125,0.005470102952261012,0.0,0
24525.0,2022-04-06 05:50:00,357.68,357.81,357.55,357.8,17243.0,1p,1p,1.0,buy,False,0.019502297927808304,1.5299999999999727,11.0,0.004260888938398053,-0.012961326384158145,-0.5967872942927526,-0.6032679574848316,-0.0016808055041034864,25.03215787612116,12.964403363242337,20.499471156770106,-2.105732223813206,17243.0,1.5299999999999727,0.0,1.5299999999999727,11.0,0.004260888938398053,1.5299999999999727,0.0,0.0,1.0,1.0,-0.012961326384158145,-0.6032679574848316,-0.5967872942927526,25.03215787612116,12.964403363242337,20.499471156770106,-2.105732223813206,14.016172506738132,41.2398921832879,45.782844197954304,0.03354954148960092,0.07271710250314387,0.009999999999990905,0.12999999999999545,0.12000000000000455,1.0,24526.0,24526.0,2022-04-06,2022-04-06 05:50:00,-0.3689211850195621,363.0,1.0,best_within_2.0d,24888.0,356.48,0.5832424107187206,4.3760036431226785,32.22527881040892,0.012230020343504162,2.285057100371749,15.890706319702602,0.006381710269403211,0.4929364202292669,5.6011759621451125,36.843533123028394,0.015614239272951093,2.82998018927445,22.52492113564669,0.007835530045022196,1.8630914826498424,0.00402220134195386,1.9444468750000041,16.553125,0.005470102952261012,1.0,0
24530.0,2022-04-06 06:15:00,357.74,357.88,357.43,357.48,11518.0,1p,1p,1.0,buy,False,0.019502297927808304,1.6499999999999773,16.0,0.004595076306115566,0.05150020793294674,-0.5460576435782658,-0.5203075396117924,-0.0014509203968452076,27.15751458114474,26.877820241645757,31.267226838045218,18.09900704884683,11518.0,1.6499999999999773,0.0,1.6499999999999773,16.0,0.004595076306115566,1.6499999999999773,0.0,0.0,1.0,1.0,0.05150020793294674,-0.5203075396117924,-0.5460576435782658,27.15751458114474,26.877820241645757,31.267226838045218,18.09900704884683,10.817307692307502,52.64423076922975,47.26508654217396,-0.07267848157879771,0.12589877738298091,0.13999999999998636,0.05000000000001137,0.2599999999999909,0.0,24531.0,24531.0,2022-04-06,2022-04-06 06:15:00,-0.27973592928275703,358.0,1.0,best_within_2.0d,24888.0,356.48,0.5832424107187206,4.3760036431226785,32.22527881040892,0.012230020343504162,2.285057100371749,15.890706319702602,0.006381710269403211,0.4929364202292669,5.6011759621451125,36.843533123028394,0.015614239272951093,2.82998018927445,22.52492113564669,0.007835530045022196,1.8630914826498424,0.00402220134195386,1.9444468750000041,16.553125,0.005470102952261012,0.0,0
24531.0,2022-04-06 06:20:00,357.4,357.56,357.26,357.56,11539.0,1p,1p,1.0,buy,False,0.019502297927808304,1.8199999999999932,17.0,0.005068508410382069,0.03587665658872119,-0.5415730615046757,-0.5236347332103151,-0.0014605138600330655,29.3777618937102,27.918546827764217,30.151000167951548,23.453640147389557,11539.0,1.8199999999999932,0.0,1.8199999999999932,17.0,0.005068508410382069,1.8199999999999932,0.0,0.0,1.0,1.0,0.03587665658872119,-0.5236347332103151,-0.5415730615046757,29.3777618937102,27.918546827764217,30.151000167951548,23.453640147389557,10.922330097087242,50.97087378640759,48.510857671514486,0.04476776720761752,0.083972457034096,0.0,0.13999999999998636,0.160000000000025,1.0,24532.0,24532.0,2022-04-06,2022-04-06 06:20:00,-0.302047208860047,357.0,1.0,best_within_2.0d,24888.0,356.48,0.5832424107187206,4.3760036431226785,32.22527881040892,0.012230020343504162,2.285057100371749,15.890706319702602,0.006381710269403211,0.4929364202292669,5.6011759621451125,36.843533123028394,0.015614239272951093,2.82998018927445,22.52492113564669,0.007835530045022196,1.8630914826498424,0.00402220134195386,1.9444468750000041,16.553125,0.005470102952261012,0.0,0
24534.0,2022-04-06 06:35:00,357.37,357.41,357.16,357.24,38297.0,1p,1p,1.0,buy,False,0.019502297927808304,1.919999999999959,20.0,0.005346997883479891,-0.002349482417775217,-0.5347426381862992,-0.5359173793951868,-0.0014957533901708594,26.468860395976293,17.659367410246208,24.384242880885438,4.209616468967752,38297.0,1.919999999999959,0.0,1.919999999999959,20.0,0.005346997883479891,1.919999999999959,0.0,0.0,1.0,1.0,-0.002349482417775217,-0.5359173793951868,-0.5347426381862992,26.468860395976293,17.659367410246208,24.384242880885438,4.209616468967752,12.713936430317482,53.54523227383752,50.69242826867714,-0.036376864314294835,0.06999664016127226,0.040000000000020464,0.07999999999998408,0.12999999999999545,0.0,24535.0,24535.0,2022-04-06,2022-04-06 06:35:00,-0.21274213413951149,354.0,1.0,best_within_2.0d,24888.0,356.48,0.5832424107187206,4.3760036431226785,32.22527881040892,0.012230020343504162,2.285057100371749,15.890706319702602,0.006381710269403211,0.4929364202292669,5.6011759621451125,36.843533123028394,0.015614239272951093,2.82998018927445,22.52492113564669,0.007835530045022196,1.8630914826498424,0.00402220134195386,1.9444468750000041,16.553125,0.005470102952261012,0.0,0
24535.0,2022-04-06 06:40:00,357.18,357.31,357.03,357.18,26141.0,1p,1p,1.0,buy,False,0.019502297927808304,2.0500000000000114,21.0,0.005709034198507329,-0.011969233171911897,-0.5362387923327882,-0.5422234089187441,-0.0015137017974159784,25.800748322556686,15.905143011790297,21.55787625785372,4.599676519663447,26141.0,2.0500000000000114,0.0,2.0500000000000114,21.0,0.005709034198507329,2.0500000000000114,0.0,0.0,1.0,1.0,-0.011969233171911897,-0.5422234089187441,-0.5362387923327882,25.800748322556686,15.905143011790297,21.55787625785372,4.599676519663447,12.499999999999488,51.442307692307054,51.42170165227867,0.0,0.07842478223119334,0.12999999999999545,0.1500000000000341,0.0,0.0,24536.0,24536.0,2022-04-06,2022-04-06 06:40:00,-0.19597961811971235,353.0,1.0,best_within_2.0d,24888.0,356.48,0.5832424107187206,4.3760036431226785,32.22527881040892,0.012230020343504162,2.285057100371749,15.890706319702602,0.006381710269403211,0.4929364202292669,5.6011759621451125,36.843533123028394,0.015614239272951093,2.82998018927445,22.52492113564669,0.007835530045022196,1.8630914826498424,0.00402220134195386,1.9444468750000041,16.553125,0.005470102952261012,0.0,0
24537.0,2022-04-06 06:50:00,357.15,357.21,356.97,357.1,12188.0,1p,1p,1.0,buy,False,0.019502297927808304,2.109999999999957,23.0,0.005876127882365927,-0.0070595774275996614,-0.5385490827619238,-0.5420788714757236,-0.0015139531922268752,24.85653265578388,12.945125583176704,16.987256597548072,4.860863554433969,12188.0,2.109999999999957,0.0,2.109999999999957,23.0,0.005876127882365927,2.109999999999957,0.0,0.0,1.0,1.0,-0.0070595774275996614,-0.5420788714757236,-0.5385490827619238,24.85653265578388,12.945125583176704,16.987256597548072,4.860863554433969,13.333333333332945,45.89743589743524,51.94993250588932,-0.013999720005587154,0.06723254054961264,0.060000000000002274,0.12999999999999545,0.049999999999954525,0.0,24538.0,24538.0,2022-04-06,2022-04-06 06:50:00,0.5040604872584582,384.0,1.0,best_within_2.0d,24921.0,358.9,0.5832424107187206,4.3760036431226785,32.22527881040892,0.012230020343504162,2.285057100371749,15.890706319702602,0.006381710269403211,0.4929364202292669,5.6011759621451125,36.843533123028394,0.015614239272951093,2.82998018927445,22.52492113564669,0.007835530045022196,1.8630914826498424,0.00402220134195386,1.9444468750000041,16.553125,0.005470102952261012,0.0,0
24540.0,2022-04-06 07:05:00,357.07,357.08,356.53,356.64,32382.0,1p,1p,1.0,buy,False,0.028804395936699822,2.5500000000000114,26.0,0.007101481563996913,-0.019143548027831914,-0.5397839862691901,-0.5493557602831061,-0.001535294347995163,22.039109419319374,12.034430964223862,13.386435163721583,9.330422565228425,32382.0,2.5500000000000114,0.0,2.5500000000000114,26.0,0.007101481563996913,2.5500000000000114,0.0,0.0,1.0,1.0,-0.019143548027831914,-0.5493557602831061,-0.5397839862691901,22.039109419319374,12.034430964223862,13.386435163721583,9.330422565228425,4.221635883904151,51.451187335091774,53.61665617565514,-0.12042456661159068,0.1542647182565314,0.009999999999990905,0.11000000000001364,0.4300000000000068,0.0,24541.0,24541.0,2022-04-06,2022-04-06 07:05:00,0.6336922386720477,381.0,1.0,best_within_2.0d,24921.0,358.9,0.5832424107187206,4.3760036431226785,32.22527881040892,0.012230020343504162,2.285057100371749,15.890706319702602,0.006381710269403211,0.4929364202292669,5.6011759621451125,36.843533123028394,0.015614239272951093,2.82998018927445,22.52492113564669,0.007835530045022196,1.8630914826498424,0.00402220134195386,1.9444468750000041,16.553125,0.005470102952261012,0.0,0
24541.0,2022-04-06 07:10:00,356.61,356.64,356.01,356.13,52061.0,1p,1p,1.0,buy,False,0.14372627892921896,3.069999999999993,27.0,0.00854962682410603,-0.09552121591404239,-0.5517241382584455,-0.5994847462154667,-0.0016759763347122514,17.853098474665018,10.507426025838754,12.426765451093972,6.668747175328317,52061.0,3.069999999999993,0.0,3.069999999999993,27.0,0.00854962682410603,3.069999999999993,0.0,0.0,1.0,1.0,-0.09552121591404239,-0.5994847462154667,-0.5517241382584455,17.853098474665018,10.507426025838754,12.426765451093972,6.668747175328317,3.7825059101647156,58.39243498817872,56.06065927880648,-0.13460082443005472,0.17696132131119785,0.029999999999972715,0.12000000000000455,0.4800000000000182,0.0,24542.0,24542.0,2022-04-06,2022-04-06 07:10:00,0.7778058574116142,380.0,1.0,best_within_2.0d,24921.0,358.9,0.5832424107187206,4.3760036431226785,32.22527881040892,0.012230020343504162,2.285057100371749,15.890706319702602,0.006381710269403211,0.4929364202292669,5.6011759621451125,36.843533123028394,0.015614239272951093,2.82998018927445,22.52492113564669,0.007835530045022196,1.8630914826498424,0.00402220134195386,1.9444468750000041,16.553125,0.005470102952261012,0.0,0
24542.0,2022-04-06 07:15:00,356.13,356.36,356.01,356.26,41065.0,1p,1p,1.0,buy,False,0.16811992715894367,3.069999999999993,28.0,0.00854962682410603,-0.11173335858441824,-0.5656908080814977,-0.6215574873737069,-0.0017382007499278792,21.92392103445701,12.95733163627331,12.603620846153751,13.664753216512427,41065.0,3.069999999999993,0.0,3.069999999999993,28.0,0.00854962682410603,3.069999999999993,0.0,0.0,1.0,1.0,-0.11173335858441824,-0.6215574873737069,-0.5656908080814977,21.92392103445701,12.95733163627331,12.603620846153751,13.664753216512427,3.571428571427846,55.133928571427695,58.33009073173274,0.03650352399404584,0.09831184517289479,0.10000000000002274,0.12000000000000455,0.12999999999999545,1.0,24543.0,24543.0,2022-04-06,2022-04-06 07:15:00,0.7410318306854506,379.0,1.0,best_within_2.0d,24921.0,358.9,0.5832424107187206,4.3760036431226785,32.22527881040892,0.012230020343504162,2.285057100371749,15.890706319702602,0.006381710269403211,0.4929364202292669,5.6011759621451125,36.843533123028394,0.015614239272951093,2.82998018927445,22.52492113564669,0.007835530045022196,1.8630914826498424,0.00402220134195386,1.9444468750000041,16.553125,0.005470102952261012,0.0,0
24543.0,2022-04-06 07:20:00,356.25,356.33,355.89,355.89,40856.0,1p,1p,1.0,buy,False,0.2301337328620328,3.1899999999999977,29.0,0.008883814191823543,-0.15294804923353378,-0.5848093142356895,-0.6612833388524564,-0.0018499452739627162,19.03297076331033,8.638221090848873,11.28182092771879,3.3510214171090382,40856.0,3.1899999999999977,0.0,3.1899999999999977,29.0,0.008883814191823543,3.1899999999999977,0.0,0.0,1.0,1.0,-0.15294804923353378,-0.6612833388524564,-0.5848093142356895,19.03297076331033,8.638221090848873,11.28182092771879,3.3510214171090382,3.547671840354024,48.33702882483335,60.32971184552246,-0.1010526315789512,0.1236337070443108,0.07999999999998408,0.0,0.36000000000001364,0.0,24544.0,24544.0,2022-04-06,2022-04-06 07:20:00,0.8457669504622188,378.0,1.0,best_within_2.0d,24921.0,358.9,0.5832424107187206,4.3760036431226785,32.22527881040892,0.012230020343504162,2.285057100371749,15.890706319702602,0.006381710269403211,0.4929364202292669,5.6011759621451125,36.843533123028394,0.015614239272951093,2.82998018927445,22.52492113564669,0.007835530045022196,1.8630914826498424,0.00402220134195386,1.9444468750000041,16.553125,0.005470102952261012,0.0,0
24544.0,2022-04-06 07:25:00,355.87,355.949,355.8,355.84,25794.0,1p,1p,1.0,buy,False,0.2504967379928454,3.2799999999999727,30.0,0.009134454717611599,-0.16648140600204098,-0.6056194899859446,-0.6888601929869651,-0.0019277392919024084,18.674604783185117,6.641816268070636,9.735152707836072,0.4551433885397671,25794.0,3.2799999999999727,0.0,3.2799999999999727,30.0,0.009134454717611599,3.2799999999999727,0.0,0.0,1.0,1.0,-0.16648140600204098,-0.6888601929869651,-0.6056194899859446,18.674604783185117,6.641816268070636,9.735152707836072,0.4551433885397671,3.8013779995240173,46.566880494177994,62.0851367406538,-0.008430044679245106,0.0418774592467681,0.07900000000000773,0.03999999999996362,0.03000000000002956,0.0,24545.0,24545.0,2022-04-06,2022-04-06 07:25:00,0.8599370503597129,377.0,1.0,best_within_2.0d,24921.0,358.9,0.5832424107187206,4.3760036431226785,32.22527881040892,0.012230020343504162,2.285057100371749,15.890706319702602,0.006381710269403211,0.4929364202292669,5.6011759621451125,36.843533123028394,0.015614239272951093,2.82998018927445,22.52492113564669,0.007835530045022196,1.8630914826498424,0.00402220134195386,1.9444468750000041,16.553125,0.005470102952261012,0.0,0
24545.0,2022-04-06 07:30:00,355.84,356.0,355.57,355.95,95484.0,1p,1p,1.0,buy,False,0.2504967379928454,3.509999999999991,31.0,0.009774980505736858,-0.1411541008247632,-0.62326375258904,-0.6938408030014216,-0.001942237281571595,22.14756462495005,12.15145474781942,10.540586721163855,15.373190801130548,95484.0,3.509999999999991,0.0,3.509999999999991,31.0,0.009774980505736858,3.509999999999991,0.0,0.0,1.0,1.0,-0.1411541008247632,-0.6938408030014216,-0.62326375258904,22.14756462495005,12.15145474781942,10.540586721163855,15.373190801130548,3.6874855957586106,46.5545056464613,63.74484846756666,0.030912769784176498,0.12093258711365043,0.05000000000001137,0.2699999999999818,0.11000000000001364,1.0,24546.0,24546.0,2022-04-06,2022-04-06 07:30:00,0.8287680854052505,376.0,1.0,best_within_2.0d,24921.0,358.9,0.5832424107187206,4.3760036431226785,32.22527881040892,0.012230020343504162,2.285057100371749,15.890706319702602,0.006381710269403211,0.4929364202292669,5.6011759621451125,36.843533123028394,0.015614239272951093,2.82998018927445,22.52492113564669,0.007835530045022196,1.8630914826498424,0.00402220134195386,1.9444468750000041,16.553125,0.005470102952261012,0.0,0
24549.0,2022-04-06 07:50:00,355.81,355.81,355.43,355.59,47755.0,1p,1p,1.0,buy,False,0.2504967379928454,3.6499999999999773,35.0,0.010164865768073903,-0.053336765509627515,-0.6642544748635044,-0.6909228576183182,-0.0019362035634983247,21.88616486919024,13.916487687956774,13.287350997779422,15.17476106831148,47755.0,3.6499999999999773,0.0,3.6499999999999773,35.0,0.010164865768073903,3.6499999999999773,0.0,0.0,1.0,1.0,-0.053336765509627515,-0.6909228576183182,-0.6642544748635044,21.88616486919024,13.916487687956774,13.287350997779422,15.17476106831148,3.547671840354024,46.141906873612825,69.5255185638482,-0.06183075236784444,0.10691275356610175,0.0,0.15999999999996817,0.22000000000002728,0.0,24550.0,24550.0,2022-04-06,2022-04-06 07:50:00,0.9308473241654722,372.0,1.0,best_within_2.0d,24921.0,358.9,0.5832424107187206,4.3760036431226785,32.22527881040892,0.012230020343504162,2.285057100371749,15.890706319702602,0.006381710269403211,0.4929364202292669,5.6011759621451125,36.843533123028394,0.015614239272951093,2.82998018927445,22.52492113564669,0.007835530045022196,1.8630914826498424,0.00402220134195386,1.9444468750000041,16.553125,0.005470102952261012,0.0,0
24550.0,2022-04-06 07:55:00,355.58,355.58,355.14,355.34,54266.0,1p,1p,1.0,buy,False,0.2504967379928454,3.9399999999999977,36.0,0.01097248524005792,-0.0645749993627196,-0.6723263497838443,-0.7046138494652041,-0.001975187139660935,19.75022830288549,14.742139332954356,13.772280442837733,16.681857113187604,54266.0,3.9399999999999977,0.0,3.9399999999999977,36.0,0.01097248524005792,3.9399999999999977,0.0,0.0,1.0,1.0,-0.0645749993627196,-0.7046138494652041,-0.6723263497838443,19.75022830288549,14.742139332954356,13.772280442837733,16.681857113187604,3.3472803347273468,49.602510460250336,70.79917980770736,-0.06749535969402361,0.12389480204989518,0.0,0.19999999999998863,0.2400000000000091,0.0,24551.0,24551.0,2022-04-06,2022-04-06 07:55:00,1.0018573760342213,371.0,1.0,best_within_2.0d,24921.0,358.9,0.5832424107187206,4.3760036431226785,32.22527881040892,0.012230020343504162,2.285057100371749,15.890706319702602,0.006381710269403211,0.4929364202292669,5.6011759621451125,36.843533123028394,0.015614239272951093,2.82998018927445,22.52492113564669,0.007835530045022196,1.8630914826498424,0.00402220134195386,1.9444468750000041,16.553125,0.005470102952261012,0.0,0
24551.0,2022-04-06 08:00:00,356.112,361.37,355.13,355.22,202483.0,1p,1p,1.0,buy,False,0.2504967379928454,3.9499999999999886,37.0,0.011000334187367686,-0.07129107577525273,-0.681237734255751,-0.7168832721433773,-0.002010212443407217,18.80171781917184,10.308862119405637,12.617807668360367,5.690971021496175,202483.0,3.9499999999999886,0.0,3.9499999999999886,37.0,0.011000334187367686,3.9499999999999886,0.0,0.0,1.0,1.0,-0.07129107577525273,-0.7168832721433773,-0.681237734255751,18.80171781917184,10.308862119405637,12.617807668360367,5.690971021496175,55.194805194804644,20.510204081632608,69.01462866367125,-0.2504829941142101,1.7571030326922559,5.257999999999981,0.09000000000003183,0.8919999999999959,0.0,24552.0,24552.0,2022-04-06,2022-04-06 08:00:00,1.0359777039580962,370.0,1.0,best_within_2.0d,24921.0,358.9,0.5832424107187206,4.3760036431226785,32.22527881040892,0.012230020343504162,2.285057100371749,15.890706319702602,0.006381710269403211,0.4929364202292669,5.6011759621451125,36.843533123028394,0.015614239272951093,2.82998018927445,22.52492113564669,0.007835530045022196,1.8630914826498424,0.00402220134195386,1.9444468750000041,16.553125,0.005470102952261012,0.0,0
24552.0,2022-04-06 08:05:00,355.27,355.54,355.13,355.52,39410.0,1p,1p,1.0,buy,False,0.2504967379928454,3.9499999999999886,38.0,0.011000334187367686,-0.021051359300090722,-0.6838691541682623,-0.6943948338183077,-0.0019475978668618082,28.098500040938973,8.955908079603681,11.397174472108137,4.0733752945947685,39410.0,3.9499999999999886,0.0,3.9499999999999886,38.0,0.011000334187367686,3.9499999999999886,0.0,0.0,1.0,1.0,-0.021051359300090722,-0.6943948338183077,-0.6838691541682623,28.098500040938973,8.955908079603681,11.397174472108137,4.0733752945947685,53.74887082204093,19.972899728997213,67.35754545849485,0.07036901511526446,0.11545068003267114,0.020000000000038654,0.13999999999998636,0.25,1.0,24553.0,24553.0,2022-04-06,2022-04-06 08:05:00,0.9507200720071995,369.0,1.0,best_within_2.0d,24921.0,358.9,0.5832424107187206,4.3760036431226785,32.22527881040892,0.012230020343504162,2.285057100371749,15.890706319702602,0.006381710269403211,0.4929364202292669,5.6011759621451125,36.843533123028394,0.015614239272951093,2.82998018927445,22.52492113564669,0.007835530045022196,1.8630914826498424,0.00402220134195386,1.9444468750000041,16.553125,0.005470102952261012,1.0,0
24572.0,2022-04-06 09:45:00,353.95,354.219,353.44,353.53,1615451.0,1p,1p,1.0,buy,False,1.5407635984689247,2.5300000000000296,6.0,0.007107340506222517,-0.25650864426623055,-0.33840490605062856,-0.46665922818374383,-0.0013126384769672455,17.916939245509667,19.799424944022253,37.48582255774553,-15.573370283424296,1615451.0,2.5300000000000296,0.0,2.5300000000000296,6.0,0.007107340506222517,2.5300000000000296,0.0,0.0,1.0,1.0,-0.25650864426623055,-0.46665922818374383,-0.33840490605062856,17.916939245509667,19.799424944022253,37.48582255774553,-15.573370283424296,21.982821371379444,35.08516523511396,50.67138181647498,-0.1186608278005413,0.22040516070620086,0.26900000000000546,0.08999999999997499,0.4200000000000159,0.0,24573.0,24573.0,2022-04-06,2022-04-06 09:45:00,1.5189658586258605,349.0,1.0,best_within_2.0d,24921.0,358.9,0.5832424107187206,4.3760036431226785,32.22527881040892,0.012230020343504162,2.285057100371749,15.890706319702602,0.006381710269403211,0.4929364202292669,5.6011759621451125,36.843533123028394,0.015614239272951093,2.82998018927445,22.52492113564669,0.007835530045022196,1.8630914826498424,0.00402220134195386,1.9444468750000041,16.553125,0.005470102952261012,0.0,0
24573.0,2022-04-06 09:50:00,353.54,353.875,353.2,353.49,1323206.0,1p,1p,1.0,buy,False,2.0931093903859552,2.7700000000000387,7.0,0.007781554625389888,-0.34846400353846774,-0.381962906492937,-0.5561949082621709,-0.0015651476823114851,17.691507878415834,16.034416238341503,30.335353784610852,-12.567458854197199,1323206.0,2.7700000000000387,0.0,2.7700000000000387,7.0,0.007781554625389888,2.7700000000000387,0.0,0.0,1.0,1.0,-0.34846400353846774,-0.5561949082621709,-0.381962906492937,17.691507878415834,16.034416238341503,30.335353784610852,-12.567458854197199,20.58903736024078,36.133078811017135,49.00941498342992,-0.014142671267752267,0.19110985277463516,0.33499999999997954,0.29000000000002046,0.05000000000001137,0.0,24574.0,24574.0,2022-04-06,2022-04-06 09:50:00,1.5304534781747625,348.0,1.0,best_within_2.0d,24921.0,358.9,0.5832424107187206,4.3760036431226785,32.22527881040892,0.012230020343504162,2.285057100371749,15.890706319702602,0.006381710269403211,0.4929364202292669,5.6011759621451125,36.843533123028394,0.015614239272951093,2.82998018927445,22.52492113564669,0.007835530045022196,1.8630914826498424,0.00402220134195386,1.9444468750000041,16.553125,0.005470102952261012,0.0,0
24574.0,2022-04-06 09:55:00,353.46,353.91,353.13,353.23,1064386.0,1p,1p,1.0,buy,False,2.487083470687964,2.840000000000032,8.0,0.007978200410147011,-0.41405340175291516,-0.4337195817120515,-0.6407462825885091,-0.0018038794357837905,16.259468656707725,11.647465231691482,24.106057600304393,-13.26971950553434,1064386.0,2.840000000000032,0.0,2.840000000000032,8.0,0.007978200410147011,2.840000000000032,0.0,0.0,1.0,1.0,-0.41405340175291516,-0.6407462825885091,-0.4337195817120515,16.259468656707725,11.647465231691482,24.106057600304393,-13.26971950553434,19.201424211597818,32.04476093591035,47.29888782314581,-0.06507101227860616,0.22088182822190966,0.4500000000000455,0.10000000000002274,0.22999999999996135,0.0,24575.0,24575.0,2022-04-06,2022-04-06 09:55:00,1.605186422444288,347.0,1.0,best_within_2.0d,24921.0,358.9,0.5832424107187206,4.3760036431226785,32.22527881040892,0.012230020343504162,2.285057100371749,15.890706319702602,0.006381710269403211,0.4929364202292669,5.6011759621451125,36.843533123028394,0.015614239272951093,2.82998018927445,22.52492113564669,0.007835530045022196,1.8630914826498424,0.00402220134195386,1.9444468750000041,16.553125,0.005470102952261012,0.0,0
24575.0,2022-04-06 10:00:00,353.26,353.39,352.18,352.335,1485394.0,1p,1p,1.0,buy,False,3.2423033422030856,3.7900000000000205,9.0,0.010646964631851056,-0.5397835433254206,-0.5011925246277291,-0.7710842962904394,-0.002172117134011278,12.506597818330675,8.931267265070261,19.047794155226345,-11.301786515241908,1485394.0,3.7900000000000205,0.0,3.7900000000000205,9.0,0.010646964631851056,3.7900000000000205,0.0,0.0,1.0,1.0,-0.5397835433254206,-0.7710842962904394,-0.5011925246277291,12.506597818330675,8.931267265070261,19.047794155226345,-11.301786515241908,15.667886550778428,39.68435498627609,47.019569389497114,-0.2618467983921223,0.34357430859219135,0.12999999999999545,0.15499999999997272,0.9250000000000114,0.0,24576.0,24576.0,2022-04-06,2022-04-06 10:00:00,1.863283522783714,346.0,1.0,best_within_2.0d,24921.0,358.9,0.5832424107187206,4.3760036431226785,32.22527881040892,0.012230020343504162,2.285057100371749,15.890706319702602,0.006381710269403211,0.4929364202292669,5.6011759621451125,36.843533123028394,0.015614239272951093,2.82998018927445,22.52492113564669,0.007835530045022196,1.8630914826498424,0.00402220134195386,1.9444468750000041,16.553125,0.005470102952261012,0.0,0
24576.0,2022-04-06 10:05:00,352.33,352.59,352.09,352.24,1039686.0,1p,1p,1.0,buy,False,3.5636343771234036,3.8800000000000523,10.0,0.010899794926538899,-0.5932792179441495,-0.5753524268707478,-0.8719920358428226,-0.0024577820466008126,12.185104623630693,7.060372866979235,15.051987059143974,-8.922855517350243,1039686.0,3.8800000000000523,0.0,3.8800000000000523,10.0,0.010899794926538899,3.8800000000000523,0.0,0.0,1.0,1.0,-0.5932792179441495,-0.8719920358428226,-0.5753524268707478,12.185104623630693,7.060372866979235,15.051987059143974,-8.922855517350243,13.748027946811266,40.11719630380905,47.15774121134708,-0.025544234098707173,0.14200914538896306,0.2599999999999909,0.1500000000000341,0.08999999999997499,0.0,24577.0,24577.0,2022-04-06,2022-04-06 10:05:00,1.8907563025209992,345.0,1.0,best_within_2.0d,24921.0,358.9,0.5832424107187206,4.3760036431226785,32.22527881040892,0.012230020343504162,2.285057100371749,15.890706319702602,0.006381710269403211,0.4929364202292669,5.6011759621451125,36.843533123028394,0.015614239272951093,2.82998018927445,22.52492113564669,0.007835530045022196,1.8630914826498424,0.00402220134195386,1.9444468750000041,16.553125,0.005470102952261012,0.0,0
24577.0,2022-04-06 10:10:00,352.21,352.65,352.01,352.48,1219010.0,1p,1p,1.0,buy,False,3.5636343771234036,3.9600000000000364,11.0,0.011124532966261303,-0.554585358325999,-0.6446755966614977,-0.9219682758244971,-0.0025998971562726848,17.9251461947202,8.112712346102278,12.738895488130074,-1.139653937953316,1219010.0,3.9600000000000364,0.0,3.9600000000000364,11.0,0.011124532966261303,3.9600000000000364,0.0,0.0,1.0,1.0,-0.554585358325999,-0.9219682758244971,-0.6446755966614977,17.9251461947202,8.112712346102278,12.738895488130074,-1.139653937953316,12.535119948131474,39.33434190620274,47.47980731529828,0.07665881150451113,0.18181301667565875,0.16999999999995907,0.19999999999998863,0.27000000000003865,1.0,24578.0,24578.0,2022-04-06,2022-04-06 10:10:00,1.8213799364502834,344.0,1.0,best_within_2.0d,24921.0,358.9,0.5832424107187206,4.3760036431226785,32.22527881040892,0.012230020343504162,2.285057100371749,15.890706319702602,0.006381710269403211,0.4929364202292669,5.6011759621451125,36.843533123028394,0.015614239272951093,2.82998018927445,22.52492113564669,0.007835530045022196,1.8630914826498424,0.00402220134195386,1.9444468750000041,16.553125,0.005470102952261012,0.0,0
24581.0,2022-04-06 10:30:00,352.18,352.84,352.0,352.32,1016497.0,1p,1p,1.0,buy,False,3.5636343771234036,3.9700000000000273,15.0,0.011152625221226583,-0.2661758807728458,-0.8121135710618377,-0.9452015114482606,-0.002669527248018612,25.717494109689724,15.229096806987721,14.866167690372972,15.954955040217222,1016497.0,3.9700000000000273,0.0,3.9700000000000273,15.0,0.011152625221226583,3.9700000000000273,0.0,0.0,1.0,1.0,-0.2661758807728458,-0.9452015114482606,-0.8121135710618377,25.717494109689724,15.229096806987721,14.866167690372972,15.954955040217222,13.25133036726925,36.988571927070076,45.87052836161285,0.03975239934124208,0.23863636363635654,0.5199999999999818,0.18000000000000682,0.13999999999998636,1.0,24582.0,24582.0,2022-04-06,2022-04-06 10:30:00,1.8676203451407767,340.0,1.0,best_within_2.0d,24921.0,358.9,0.5832424107187206,4.3760036431226785,32.22527881040892,0.012230020343504162,2.285057100371749,15.890706319702602,0.006381710269403211,0.4929364202292669,5.6011759621451125,36.843533123028394,0.015614239272951093,2.82998018927445,22.52492113564669,0.007835530045022196,1.8630914826498424,0.00402220134195386,1.9444468750000041,16.553125,0.005470102952261012,1.0,0
24588.0,2022-04-06 11:05:00,352.888,352.96,351.88,351.98,516603.0,1p,1p,1.0,buy,False,3.5636343771234036,4.090000000000032,22.0,0.01148973228081027,0.09815358075872349,-0.7452880698959653,-0.6962112795166036,-0.001969422778165161,33.19897030318478,32.686135717653094,39.73009680661925,18.59821353972079,516603.0,4.090000000000032,0.0,4.090000000000032,22.0,0.01148973228081027,4.090000000000032,0.0,0.0,1.0,1.0,0.09815358075872349,-0.6962112795166036,-0.7452880698959653,33.19897030318478,32.686135717653094,39.73009680661925,18.59821353972079,13.995067817509824,25.54165932710935,40.805092785075395,-0.2573054340187138,0.30692281459588044,0.07200000000000273,0.10000000000002274,0.9079999999999586,0.0,24589.0,24589.0,2022-04-06,2022-04-06 11:05:00,1.9660207966361607,333.0,1.0,best_within_2.0d,24921.0,358.9,0.5832424107187206,4.3760036431226785,32.22527881040892,0.012230020343504162,2.285057100371749,15.890706319702602,0.006381710269403211,0.4929364202292669,5.6011759621451125,36.843533123028394,0.015614239272951093,2.82998018927445,22.52492113564669,0.007835530045022196,1.8630914826498424,0.00402220134195386,1.9444468750000041,16.553125,0.005470102952261012,0.0,0
24589.0,2022-04-06 11:10:00,351.9866,352.4,351.81,352.2,537757.0,1p,1p,1.0,buy,False,3.5636343771234036,4.160000000000025,23.0,0.011686378065567393,0.08265463237199011,-0.7349562408494665,-0.6936289246634715,-0.001962656758708775,36.18584991621631,28.52650844043859,35.995567351225695,13.58839061886438,537757.0,4.160000000000025,0.0,4.160000000000025,23.0,0.011686378065567393,4.160000000000025,0.0,0.0,1.0,1.0,0.08265463237199011,-0.6936289246634715,-0.7349562408494665,36.18584991621631,28.52650844043859,35.995567351225695,13.58839061886438,14.803428358487672,18.81870691261409,38.74346946517386,0.06062730797137695,0.16770415849463488,0.19999999999998863,0.17660000000000764,0.21339999999997872,1.0,24590.0,24590.0,2022-04-06,2022-04-06 11:10:00,1.902328222600792,332.0,1.0,best_within_2.0d,24921.0,358.9,0.5832424107187206,4.3760036431226785,32.22527881040892,0.012230020343504162,2.285057100371749,15.890706319702602,0.006381710269403211,0.4929364202292669,5.6011759621451125,36.843533123028394,0.015614239272951093,2.82998018927445,22.52492113564669,0.007835530045022196,1.8630914826498424,0.00402220134195386,1.9444468750000041,16.553125,0.005470102952261012,0.0,0
24590.0,2022-04-06 11:15:00,352.21,352.45,351.81,351.88,527306.0,1p,1p,1.0,buy,False,3.5636343771234036,4.160000000000025,24.0,0.011686378065567393,0.041164906049055316,-0.7298106275933346,-0.7092281745688069,-0.0020074407169627067,33.81728506092519,20.22665329535272,30.739262665934703,-0.7985654458112492,527306.0,4.160000000000025,0.0,4.160000000000025,24.0,0.011686378065567393,4.160000000000025,0.0,0.0,1.0,1.0,0.041164906049055316,-0.7092281745688069,-0.7298106275933346,33.81728506092519,20.22665329535272,30.739262665934703,-0.7985654458112492,15.072650358654407,17.748758506529022,36.558474818389705,-0.09369410294994013,0.18191637531621796,0.2400000000000091,0.06999999999999318,0.3299999999999841,0.0,24591.0,24591.0,2022-04-06,2022-04-06 11:15:00,1.9949982948732472,331.0,1.0,best_within_2.0d,24921.0,358.9,0.5832424107187206,4.3760036431226785,32.22527881040892,0.012230020343504162,2.285057100371749,15.890706319702602,0.006381710269403211,0.4929364202292669,5.6011759621451125,36.843533123028394,0.015614239272951093,2.82998018927445,22.52492113564669,0.007835530045022196,1.8630914826498424,0.00402220134195386,1.9444468750000041,16.553125,0.005470102952261012,1.0,0
24601.0,2022-04-06 12:10:00,352.59,352.71,352.09,352.1,254915.0,2,2,1.0,buy,False,0.8510638297872481,4.163492493946733,28.239017640954685,0.011578080659927173,0.1611121841724037,-0.3713878709499778,-0.290831778863776,-0.0008239669286688201,39.88734969781133,37.05976403654337,50.31423689795575,10.550818313718608,254915.0,1.6000000000000227,1.0,1.8799999999999955,8.0,0.005343793524914003,1.6000000000000227,5.0,0.004523735474568189,2.0,2.0,0.1611121841724037,-0.290831778863776,-0.3713878709499778,39.88734969781133,37.05976403654337,50.31423689795575,10.550818313718608,20.935172105407716,18.191241780912144,22.88011202201912,-0.13897161008535475,0.1760913402823155,0.12000000000000455,0.010000000000047748,0.48999999999995225,0.0,24602.0,24602.0,2022-04-06,2022-04-06 12:10:00,1.9312695257029122,320.0,1.0,best_within_2.0d,24921.0,358.9,0.8510638297872481,1.8799999999999955,8.0,0.005343793524914003,1.6000000000000227,5.0,0.004523735474568189,0.4929364202292669,5.6011759621451125,36.843533123028394,0.015614239272951093,2.82998018927445,22.52492113564669,0.007835530045022196,1.8630914826498424,0.00402220134195386,1.9444468750000041,16.553125,0.005470102952261012,0.0,0
24602.0,2022-04-06 12:15:00,352.09,352.16,351.78,351.85,364310.0,1p,1p,1.0,buy,False,1.685546705833657e-07,1.910000000000025,6.0,0.00540020922276577,0.058120503795777934,-0.36412280797550556,-0.3350625560776166,-0.0009495011301314142,37.75566834433446,25.928149846352632,42.18554121408805,-6.586632889118192,364310.0,1.910000000000025,0.0,1.910000000000025,6.0,0.00540020922276577,1.910000000000025,0.0,0.0,1.0,1.0,0.058120503795777934,-0.3350625560776166,-0.36412280797550556,37.75566834433446,25.928149846352632,42.18554121408805,-6.586632889118192,22.53853980896946,18.818586636614935,21.888297520068466,-0.0681643897866887,0.10802205924158631,0.07000000000005002,0.07000000000005002,0.23999999999995225,0.0,24603.0,24603.0,2022-04-06,2022-04-06 12:15:00,2.0036947562881777,319.0,1.0,best_within_2.0d,24921.0,358.9,0.5832424107187206,4.3760036431226785,32.22527881040892,0.012230020343504162,2.285057100371749,15.890706319702602,0.006381710269403211,0.4929364202292669,5.6011759621451125,36.843533123028394,0.015614239272951093,2.82998018927445,22.52492113564669,0.007835530045022196,1.8630914826498424,0.00402220134195386,1.9444468750000041,16.553125,0.005470102952261012,0.0,0
24603.0,2022-04-06 12:20:00,351.83,351.8781,351.35,351.581,494163.0,1p,1p,1.0,buy,False,0.06265865802388752,2.339999999999975,7.0,0.006615963131555811,-0.0371740858957077,-0.368769568712469,-0.38735661166032287,-0.0010979921841016602,35.55390151125563,20.5760315215,34.9823713165587,-8.236648068617399,494163.0,2.339999999999975,0.0,2.339999999999975,7.0,0.006615963131555811,2.339999999999975,0.0,0.0,1.0,1.0,-0.0371740858957077,-0.38735661166032287,-0.368769568712469,35.55390151125563,20.5760315215,34.9823713165587,-8.236648068617399,22.692222956598314,22.91253580083631,20.359354253451993,-0.07077281641701015,0.15030596271523974,0.04810000000003356,0.23099999999999454,0.2489999999999668,0.0,24604.0,24604.0,2022-04-06,2022-04-06 12:20:00,2.0817393431385542,318.0,1.0,best_within_2.0d,24921.0,358.9,0.5832424107187206,4.3760036431226785,32.22527881040892,0.012230020343504162,2.285057100371749,15.890706319702602,0.006381710269403211,0.4929364202292669,5.6011759621451125,36.843533123028394,0.015614239272951093,2.82998018927445,22.52492113564669,0.007835530045022196,1.8630914826498424,0.00402220134195386,1.9444468750000041,16.553125,0.005470102952261012,0.0,0
24605.0,2022-04-06 12:30:00,351.5,351.9563,351.25,351.7719,492309.0,1p,1p,1.0,buy,False,0.16829336503762518,2.4399999999999977,9.0,0.006898696598716384,-0.09095986287040037,-0.39262017317427506,-0.43810010460947524,-0.0012424062679250408,39.04467616127044,17.604218982077583,24.90727276626717,2.9981114136984104,492309.0,2.4399999999999977,0.0,2.4399999999999977,9.0,0.006898696598716384,2.4399999999999977,0.0,0.0,1.0,1.0,-0.09095986287040037,-0.43810010460947524,-0.39262017317427506,39.04467616127044,17.604218982077583,24.90727276626717,2.9981114136984104,18.763753488314695,25.57073134750272,18.7649585206244,0.07735419630156941,0.2010818505338075,0.18439999999998236,0.25,0.27190000000001646,1.0,24606.0,24606.0,2022-04-06,2022-04-06 12:30:00,2.02634150141042,316.0,1.0,best_within_2.0d,24921.0,358.9,0.5832424107187206,4.3760036431226785,32.22527881040892,0.012230020343504162,2.285057100371749,15.890706319702602,0.006381710269403211,0.4929364202292669,5.6011759621451125,36.843533123028394,0.015614239272951093,2.82998018927445,22.52492113564669,0.007835530045022196,1.8630914826498424,0.00402220134195386,1.9444468750000041,16.553125,0.005470102952261012,0.0,0
24608.0,2022-04-06 12:45:00,351.59,351.86,351.16,351.68,488205.0,1p,1p,1.0,buy,False,0.16829336503762518,2.5299999999999727,12.0,0.00715315671916077,-0.05886331220482022,-0.42323614259647285,-0.45266779869888296,-0.0012844714697746978,38.92190912601898,20.92763588183874,20.589610044988948,21.603687555538322,488205.0,2.5299999999999727,0.0,2.5299999999999727,12.0,0.00715315671916077,2.5299999999999727,0.0,0.0,1.0,1.0,-0.05886331220482022,-0.45266779869888296,-0.42323614259647285,38.92190912601898,20.92763588183874,20.589610044988948,21.603687555538322,19.44651370679399,24.955303933253095,17.185473527222683,0.025597997667747042,0.19933933249800337,0.18000000000000682,0.42999999999995,0.09000000000003183,1.0,24609.0,24609.0,2022-04-06,2022-04-06 12:45:00,2.0530027297543136,313.0,1.0,best_within_2.0d,24921.0,358.9,0.5832424107187206,4.3760036431226785,32.22527881040892,0.012230020343504162,2.285057100371749,15.890706319702602,0.006381710269403211,0.4929364202292669,5.6011759621451125,36.843533123028394,0.015614239272951093,2.82998018927445,22.52492113564669,0.007835530045022196,1.8630914826498424,0.00402220134195386,1.9444468750000041,16.553125,0.005470102952261012,1.0,0
24640.0,2022-04-06 15:25:00,353.57,353.65,352.66,352.86,846110.0,2,2,1.0,buy,False,0.7330960854092502,4.163492493946733,28.239017640954685,0.011578080659927173,-0.13165598639015774,0.4639360575363513,0.39810806434127244,0.0011257610274187865,46.317206224556784,35.958333370686645,54.32517788588983,-0.7753556597197218,846110.0,4.119999999999948,1.0,5.619999999999948,28.0,0.016004100694839807,4.119999999999948,6.0,0.01154773249621601,2.0,2.0,-0.13165598639015774,0.39810806434127244,0.4639360575363513,46.317206224556784,35.958333370686645,54.32517788588983,-0.7753556597197218,28.545941123996528,15.574896930829233,34.81795757666739,-0.20080889215713427,0.28072364316904447,0.07999999999998408,0.19999999999998863,0.7099999999999795,0.0,24641.0,24641.0,2022-04-06,2022-04-06 15:25:00,1.7117270305503494,281.0,1.0,best_within_2.0d,24921.0,358.9,0.7330960854092502,5.619999999999948,28.0,0.016004100694839807,4.119999999999948,6.0,0.01154773249621601,0.4929364202292669,5.6011759621451125,36.843533123028394,0.015614239272951093,2.82998018927445,22.52492113564669,0.007835530045022196,1.8630914826498424,0.00402220134195386,1.9444468750000041,16.553125,0.005470102952261012,0.0,0
24641.0,2022-04-06 15:30:00,352.83,353.36,352.28,352.46,954879.0,2,2,1.0,buy,False,0.8007117437722494,4.163492493946733,28.239017640954685,0.011578080659927173,-0.35324263107626197,0.4197807286518186,0.2431594131136876,0.0006877699366372505,44.57440738595086,25.305555580457813,44.65197045074582,-13.38727416011821,954879.0,4.5,1.0,5.619999999999948,28.0,0.016004100694839807,4.5,7.0,0.01261281461965357,2.0,2.0,-0.35324263107626197,0.2431594131136876,0.4197807286518186,44.57440738595086,25.305555580457813,44.65197045074582,-13.38727416011821,28.436246607584636,17.340346326584843,34.062335213411146,-0.10486636623869981,0.30657431588510303,0.5300000000000296,0.18000000000000682,0.37000000000000455,0.0,24642.0,24642.0,2022-04-06,2022-04-06 15:30:00,1.827157691652953,280.0,1.0,best_within_2.0d,24921.0,358.9,0.8007117437722494,5.619999999999948,28.0,0.016004100694839807,4.5,7.0,0.01261281461965357,0.4929364202292669,5.6011759621451125,36.843533123028394,0.015614239272951093,2.82998018927445,22.52492113564669,0.007835530045022196,1.8630914826498424,0.00402220134195386,1.9444468750000041,16.553125,0.005470102952261012,1.0,0
24693.0,2022-04-06 19:50:00,352.36,352.36,352.0,352.06,16798.0,2,2,1.0,buy,False,0.8505338078291845,4.163492493946733,28.239017640954685,0.011578080659927173,-0.25250683357569637,-0.10374800242789095,-0.23000141921573913,-0.000651560134318657,21.808989017041796,6.474219831393986,11.821818364797373,-4.220977235412789,16798.0,4.779999999999973,1.0,5.619999999999948,28.0,0.016004100694839807,4.779999999999973,59.0,0.01339761197376527,2.0,2.0,-0.25250683357569637,-0.23000141921573913,-0.10374800242789095,21.808989017041796,6.474219831393986,11.821818364797373,-4.220977235412789,2.2522522522526787,69.36936936936766,36.42997351903376,-0.08514019752526147,0.10227272727273114,0.0,0.060000000000002274,0.30000000000001137,0.0,24694.0,24694.0,2022-04-06,2022-04-06 19:50:00,1.9428506504573013,228.0,1.0,best_within_2.0d,24921.0,358.9,0.8505338078291845,5.619999999999948,28.0,0.016004100694839807,4.779999999999973,59.0,0.01339761197376527,0.4929364202292669,5.6011759621451125,36.843533123028394,0.015614239272951093,2.82998018927445,22.52492113564669,0.007835530045022196,1.8630914826498424,0.00402220134195386,1.9444468750000041,16.553125,0.005470102952261012,0.0,0
24694.0,2022-04-06 19:55:00,352.04,352.04,351.76,351.87,19318.0,2,2,1.0,buy,False,0.8932384341637062,4.163492493946733,28.239017640954685,0.011578080659927173,-0.28975317136291956,-0.1399671488482559,-0.2848437345297157,-0.0008071118960429674,19.598647098980607,6.8104776200225565,10.151371449872434,0.12868996032280222,19318.0,5.019999999999982,1.0,5.619999999999948,28.0,0.016004100694839807,5.019999999999982,60.0,0.01407029542014682,2.0,2.0,-0.28975317136291956,-0.2848437345297157,-0.1399671488482559,19.598647098980607,6.8104776200225565,10.151371449872434,0.12868996032280222,2.0080321285144596,71.48594377509968,40.58036963379434,-0.04828996704920347,0.0795997270866584,0.0,0.11000000000001364,0.17000000000001592,0.0,24695.0,24695.0,2022-04-06,2022-04-06 19:55:00,1.9978969505783306,227.0,1.0,best_within_2.0d,24921.0,358.9,0.8932384341637062,5.619999999999948,28.0,0.016004100694839807,5.019999999999982,60.0,0.01407029542014682,0.4929364202292669,5.6011759621451125,36.843533123028394,0.015614239272951093,2.82998018927445,22.52492113564669,0.007835530045022196,1.8630914826498424,0.00402220134195386,1.9444468750000041,16.553125,0.005470102952261012,1.0,0
24730.0,2022-04-07 06:55:00,354.83,354.83,354.54,354.54,28092.0,2s,2s,1.0,buy,False,0.39857651245551123,4.163492493946733,28.239017640954685,0.011578080659927173,-0.19708480808199247,0.2525954046219122,0.15405300058091598,0.00043431020153695605,46.15733950551046,24.19478062503257,39.38344125752016,-6.1825406399426015,28092.0,0.6299999999999955,1.0,5.619999999999948,28.0,0.016004100694839807,0.6299999999999955,8.0,0.0017737984627079861,1.0,2.5,-0.19708480808199247,0.15405300058091598,0.2525954046219122,46.15733950551046,24.19478062503257,39.38344125752016,-6.1825406399426015,17.57812500000215,26.56250000000083,34.20700359292752,-0.08172927880956053,0.08179613019686456,0.0,0.0,0.2899999999999636,0.0,24731.0,24731.0,2022-04-07,2022-04-07 06:55:00,1.2297625091667954,191.0,1.0,best_within_2.0d,24921.0,358.9,0.5832424107187206,4.3760036431226785,32.22527881040892,0.012230020343504162,2.285057100371749,15.890706319702602,0.006381710269403211,0.39857651245551123,5.619999999999948,28.0,0.016004100694839807,0.6299999999999955,8.0,0.0017737984627079861,1.0,0.00402220134195386,1.9444468750000041,16.553125,0.005470102952261012,0.0,0
24731.0,2022-04-07 07:00:00,354.59,354.67,354.12,354.16,24736.0,2s,2s,1.0,buy,False,0.473309608540924,4.163492493946733,28.239017640954685,0.011578080659927173,-0.26544387928836083,0.2194149197108671,0.08669298006668669,0.0002444350279615996,38.69392891403149,17.399695019863618,32.05552584496798,-11.911966630345106,24736.0,1.0500000000000114,1.0,5.619999999999948,28.0,0.016004100694839807,1.0500000000000114,9.0,0.00295633077118003,1.0,2.5,-0.26544387928836083,0.08669298006668669,0.2194149197108671,38.69392891403149,17.399695019863618,32.05552584496798,-11.911966630345106,14.046822742475673,36.78929765886422,34.95913491523716,-0.12126681519499986,0.15531458262736117,0.08000000000004093,0.040000000000020464,0.42999999999995,0.0,24732.0,24732.0,2022-04-07,2022-04-07 07:00:00,1.3383781341766297,190.0,1.0,best_within_2.0d,24921.0,358.9,0.5832424107187206,4.3760036431226785,32.22527881040892,0.012230020343504162,2.285057100371749,15.890706319702602,0.006381710269403211,0.473309608540924,5.619999999999948,28.0,0.016004100694839807,1.0500000000000114,9.0,0.00295633077118003,1.0,0.00402220134195386,1.9444468750000041,16.553125,0.005470102952261012,0.0,0
24740.0,2022-04-07 07:45:00,354.18,354.24,353.94,354.12,23658.0,2s,2s,1.0,buy,False,0.5053380782918152,4.163492493946733,28.239017640954685,0.011578080659927173,-0.2106935821644904,-0.007373316012144521,-0.11272010709438973,-0.0003179620645114557,42.12938054723281,12.981942491877724,17.575083348244103,3.795660779144967,23658.0,1.6200000000000045,1.0,5.619999999999948,28.0,0.016004100694839807,1.6200000000000045,9.0,0.004556193047586918,1.0,2.5,-0.2106935821644904,-0.11272010709438973,-0.007373316012144521,42.12938054723281,12.981942491877724,17.575083348244103,3.795660779144967,15.695792880259612,25.242718446602414,26.303619249261082,-0.016940538709131592,0.08476012883539905,0.060000000000002274,0.18000000000000682,0.060000000000002274,0.0,24741.0,24741.0,2022-04-07,2022-04-07 07:45:00,1.3498249181068487,181.0,1.0,best_within_2.0d,24921.0,358.9,0.5832424107187206,4.3760036431226785,32.22527881040892,0.012230020343504162,2.285057100371749,15.890706319702602,0.006381710269403211,0.5053380782918152,5.619999999999948,28.0,0.016004100694839807,1.6200000000000045,9.0,0.004556193047586918,1.0,0.00402220134195386,1.9444468750000041,16.553125,0.005470102952261012,0.0,0
24744.0,2022-04-07 08:05:00,353.8,353.95,353.72,353.86,31071.0,2s,2s,1.0,buy,False,0.5444839857651199,4.163492493946733,28.239017640954685,0.011578080659927173,-0.16667297481085352,-0.08862773702506965,-0.17196422443049642,-0.00048525155401266053,39.727977838027144,40.291575342293655,28.794840509224034,63.285045008432895,31071.0,1.839999999999975,1.0,5.619999999999948,28.0,0.016004100694839807,1.839999999999975,13.0,0.005174935313308513,1.0,2.5,-0.16667297481085352,-0.17196422443049642,-0.08862773702506965,39.727977838027144,40.291575342293655,28.794840509224034,63.285045008432895,11.518858307849218,36.08562691131561,28.54432339117338,0.016958733747880803,0.06502318217798296,0.08999999999997499,0.07999999999998408,0.060000000000002274,1.0,24745.0,24745.0,2022-04-07,2022-04-07 08:05:00,1.424292092918093,177.0,1.0,best_within_2.0d,24921.0,358.9,0.5832424107187206,4.3760036431226785,32.22527881040892,0.012230020343504162,2.285057100371749,15.890706319702602,0.006381710269403211,0.5444839857651199,5.619999999999948,28.0,0.016004100694839807,1.839999999999975,13.0,0.005174935313308513,1.0,0.00402220134195386,1.9444468750000041,16.553125,0.005470102952261012,0.0,0
24745.0,2022-04-07 08:10:00,353.84,353.92,353.55,353.55,56409.0,2s,2s,1.0,buy,False,0.5747330960854077,4.163492493946733,28.239017640954685,0.011578080659927173,-0.19715087250537167,-0.11327159608824111,-0.21184703234092694,-0.0005978974647141797,35.426051226704104,42.73406610121186,33.44124903988664,61.3197002238623,56409.0,2.009999999999991,1.0,5.619999999999948,28.0,0.016004100694839807,2.009999999999991,14.0,0.005653054336820764,1.0,2.5,-0.19715087250537167,-0.21184703234092694,-0.11327159608824111,35.426051226704104,42.73406610121186,33.44124903988664,61.3197002238623,11.734164070612765,34.16407061266937,29.996070168985522,-0.0819579470947218,0.10465280724084415,0.08000000000004093,0.0,0.2899999999999636,0.0,24746.0,24746.0,2022-04-07,2022-04-07 08:10:00,1.5132230236175832,176.0,1.0,best_within_2.0d,24921.0,358.9,0.5832424107187206,4.3760036431226785,32.22527881040892,0.012230020343504162,2.285057100371749,15.890706319702602,0.006381710269403211,0.5747330960854077,5.619999999999948,28.0,0.016004100694839807,2.009999999999991,14.0,0.005653054336820764,1.0,0.00402220134195386,1.9444468750000041,16.553125,0.005470102952261012,0.0,0
24746.0,2022-04-07 08:15:00,353.51,353.55,353.28,353.55,48829.0,2s,2s,1.0,buy,False,0.6227758007117495,4.163492493946733,28.239017640954685,0.011578080659927173,-0.20385350277235548,-0.13875328393478553,-0.24068003532096327,-0.0006793824297262539,35.42605122670409,44.36239327382399,37.08163045119909,58.9239189190738,48829.0,2.2800000000000296,1.0,5.619999999999948,28.0,0.016004100694839807,2.2800000000000296,15.0,0.0064124198447520235,1.0,2.5,-0.20385350277235548,-0.24068003532096327,-0.13875328393478553,35.42605122670409,44.36239327382399,37.08163045119909,58.9239189190738,2.8235294117648317,41.882352941177444,34.09409523210308,0.011315097168402722,0.07642663043479356,0.0,0.2300000000000182,0.040000000000020464,1.0,24747.0,24747.0,2022-04-07,2022-04-07 08:15:00,1.5132230236175832,175.0,1.0,best_within_2.0d,24921.0,358.9,0.5832424107187206,4.3760036431226785,32.22527881040892,0.012230020343504162,2.285057100371749,15.890706319702602,0.006381710269403211,0.6227758007117495,5.619999999999948,28.0,0.016004100694839807,2.2800000000000296,15.0,0.0064124198447520235,1.0,0.00402220134195386,1.9444468750000041,16.553125,0.005470102952261012,0.0,0
24748.0,2022-04-07 08:25:00,353.35,353.35,353.13,353.3,29332.0,2s,2s,1.0,buy,False,0.6494661921708205,4.163492493946733,28.239017640954685,0.011578080659927173,-0.21521049279392723,-0.1916048208415982,-0.2992100672385618,-0.000844901876882882,32.0321735605405,43.37917067314008,40.84402831537169,48.44945538867685,29332.0,2.430000000000007,1.0,5.619999999999948,28.0,0.016004100694839807,2.430000000000007,17.0,0.0068342895713803765,1.0,2.5,-0.21521049279392723,-0.2992100672385618,-0.1916048208415982,32.0321735605405,43.37917067314008,40.84402831537169,48.44945538867685,4.8148148148147,46.666666666668256,40.52715678504505,-0.014150275930383859,0.06230000283182603,0.0,0.17000000000001592,0.05000000000001137,0.0,24749.0,24749.0,2022-04-07,2022-04-07 08:25:00,1.5850551938862059,173.0,1.0,best_within_2.0d,24921.0,358.9,0.5832424107187206,4.3760036431226785,32.22527881040892,0.012230020343504162,2.285057100371749,15.890706319702602,0.006381710269403211,0.6494661921708205,5.619999999999948,28.0,0.016004100694839807,2.430000000000007,17.0,0.0068342895713803765,1.0,0.00402220134195386,1.9444468750000041,16.553125,0.005470102952261012,0.0,0
24749.0,2022-04-07 08:30:00,353.25,353.59,353.05,353.57,54488.0,2s,2s,1.0,buy,False,0.6637010676156576,4.163492493946733,28.239017640954685,0.011578080659927173,-0.17074259522274665,-0.2129476452444415,-0.29831894285581484,-0.0008424852618694326,39.026012130689224,44.96882983147616,42.218962154073175,50.468565186282106,54488.0,2.509999999999991,1.0,5.619999999999948,28.0,0.016004100694839807,2.509999999999991,18.0,0.007059286758915488,1.0,2.5,-0.17074259522274665,-0.29831894285581484,-0.2129476452444415,39.026012130689224,44.96882983147616,42.218962154073175,50.468565186282106,7.599517490952352,41.978287092884656,42.5854359927871,0.09058740268931159,0.15295283954113117,0.01999999999998181,0.19999999999998863,0.3199999999999932,1.0,24750.0,24750.0,2022-04-07,2022-04-07 08:30:00,1.5074808383064129,172.0,1.0,best_within_2.0d,24921.0,358.9,0.5832424107187206,4.3760036431226785,32.22527881040892,0.012230020343504162,2.285057100371749,15.890706319702602,0.006381710269403211,0.6637010676156576,5.619999999999948,28.0,0.016004100694839807,2.509999999999991,18.0,0.007059286758915488,1.0,0.00402220134195386,1.9444468750000041,16.553125,0.005470102952261012,0.0,0
24753.0,2022-04-07 08:50:00,353.2,353.38,352.71,352.71,28716.0,2s,2s,1.0,buy,False,0.7241992882562333,4.163492493946733,28.239017640954685,0.011578080659927173,-0.17763655509213871,-0.2831077275800437,-0.37192600512611307,-0.001051082617940241,27.50408749266802,23.365715684262856,35.04677837227077,0.0035903082470269965,28716.0,2.8500000000000227,1.0,5.619999999999948,28.0,0.016004100694839807,2.8500000000000227,22.0,0.00801552480593999,1.0,2.5,-0.17763655509213871,-0.37192600512611307,-0.2831077275800437,27.50408749266802,23.365715684262856,35.04677837227077,0.0035903082470269965,8.058608058607728,45.66544566544749,49.03518548171318,-0.13873159682899466,0.1899577556632973,0.18000000000000682,0.0,0.4900000000000091,0.0,24754.0,24754.0,2022-04-07,2022-04-07 08:50:00,1.7549828470981819,168.0,1.0,best_within_2.0d,24921.0,358.9,0.5832424107187206,4.3760036431226785,32.22527881040892,0.012230020343504162,2.285057100371749,15.890706319702602,0.006381710269403211,0.7241992882562333,5.619999999999948,28.0,0.016004100694839807,2.8500000000000227,22.0,0.00801552480593999,1.0,0.00402220134195386,1.9444468750000041,16.553125,0.005470102952261012,0.0,0
24754.0,2022-04-07 08:55:00,352.7,352.82,352.49,352.65,100675.0,2s,2s,1.0,buy,False,0.763345195729538,4.163492493946733,28.239017640954685,0.011578080659927173,-0.20377171538985095,-0.3085791920037751,-0.41046504969870057,-0.0011602875690067604,26.876691137525796,19.984857288130357,30.026138010890634,-0.09770415739019711,100675.0,3.069999999999993,1.0,5.619999999999948,28.0,0.016004100694839807,3.069999999999993,23.0,0.008634267071661586,1.0,2.5,-0.20377171538985095,-0.41046504969870057,-0.3085791920037751,26.876691137525796,19.984857288130357,30.026138010890634,-0.09770415739019711,8.029197080291668,47.68856447688703,50.61688932597021,-0.014176353841795114,0.09361967715395729,0.12000000000000455,0.15999999999996817,0.05000000000001137,0.0,24755.0,24755.0,2022-04-07,2022-04-07 08:55:00,1.7722954771019424,167.0,1.0,best_within_2.0d,24921.0,358.9,0.5832424107187206,4.3760036431226785,32.22527881040892,0.012230020343504162,2.285057100371749,15.890706319702602,0.006381710269403211,0.763345195729538,5.619999999999948,28.0,0.016004100694839807,3.069999999999993,23.0,0.008634267071661586,1.0,0.00402220134195386,1.9444468750000041,16.553125,0.005470102952261012,0.0,0
24755.0,2022-04-07 09:00:00,352.72,352.87,352.11,352.11,75205.0,2s,2s,1.0,buy,False,0.8309608540925272,4.163492493946733,28.239017640954685,0.011578080659927173,-0.2727672392458792,-0.34267509690951,-0.4790587165324496,-0.0013546540783529496,22.0103835712153,13.323238192086905,24.458504737956055,-8.947294899651396,75205.0,3.4499999999999886,1.0,5.619999999999948,28.0,0.016004100694839807,3.4499999999999886,24.0,0.009703003712453563,1.0,2.5,-0.2727672392458792,-0.4790587165324496,-0.34267509690951,22.0103835712153,13.323238192086905,24.458504737956055,-8.947294899651396,7.183580387685301,49.03078677309128,52.3186965647846,-0.1729417101383572,0.21584164039646442,0.14999999999997726,0.0,0.6100000000000136,0.0,24756.0,24756.0,2022-04-07,2022-04-07 09:00:00,1.9283746556473726,166.0,1.0,best_within_2.0d,24921.0,358.9,0.5832424107187206,4.3760036431226785,32.22527881040892,0.012230020343504162,2.285057100371749,15.890706319702602,0.006381710269403211,0.8309608540925272,5.619999999999948,28.0,0.016004100694839807,3.4499999999999886,24.0,0.009703003712453563,1.0,0.00402220134195386,1.9444468750000041,16.553125,0.005470102952261012,0.0,0
24756.0,2022-04-07 09:05:00,352.11,352.23,351.98,352.11,94731.0,2s,2s,1.0,buy,False,0.8540925266903913,4.163492493946733,28.239017640954685,0.011578080659927173,-0.29546518063049176,-0.3796082444883214,-0.5273408348035673,-0.0014916611922211802,22.0103835712153,11.52443521748876,20.147148231133624,-5.720990809800966,94731.0,3.579999999999984,1.0,5.619999999999948,28.0,0.016004100694839807,3.579999999999984,25.0,0.010068624142198179,1.0,2.5,-0.29546518063049176,-0.5273408348035673,-0.3796082444883214,22.0103835712153,11.52443521748876,20.147148231133624,-5.720990809800966,4.849884526558468,51.15473441108671,54.487390550952554,0.0,0.07102676288425477,0.12000000000000455,0.12999999999999545,0.0,0.0,24757.0,24757.0,2022-04-07,2022-04-07 09:05:00,1.9283746556473726,165.0,1.0,best_within_2.0d,24921.0,358.9,0.5832424107187206,4.3760036431226785,32.22527881040892,0.012230020343504162,2.285057100371749,15.890706319702602,0.006381710269403211,0.8540925266903913,5.619999999999948,28.0,0.016004100694839807,3.579999999999984,25.0,0.010068624142198179,1.0,0.00402220134195386,1.9444468750000041,16.553125,0.005470102952261012,1.0,0
24767.0,2022-04-07 10:00:00,354.57,355.73,354.01,354.37,1361437.0,1,1,0.0,sell,False,0.7038288252274268,3.75,12.0,0.010654014432638217,0.49471155142966194,-0.18585233866952783,0.061503437045303144,0.00017397961976604222,56.6968625136212,63.66311154816732,55.62159794867192,79.74613874715814,1361437.0,3.75,1.0,3.75,12.0,0.010654014432638217,3.75,12.0,0.010654014432638217,1.0,1.0,0.49471155142966194,0.061503437045303144,-0.18585233866952783,56.6968625136212,63.66311154816732,55.62159794867192,79.74613874715814,36.64068036853303,17.78880226789503,38.53663065870579,-0.05640635135515939,0.485861981299971,1.160000000000025,0.36000000000001364,0.19999999999998863,0.0,24768.0,24768.0,2022-04-07,2022-04-07 10:00:00,1.5605158450207495,191.0,1.0,best_within_2.0d,24958.0,348.84,0.5832424107187206,4.3760036431226785,32.22527881040892,0.012230020343504162,2.285057100371749,15.890706319702602,0.006381710269403211,0.4929364202292669,5.6011759621451125,36.843533123028394,0.015614239272951093,2.82998018927445,22.52492113564669,0.007835530045022196,1.8630914826498424,0.00402220134195386,1.9444468750000041,16.553125,0.005470102952261012,1.0,1
24775.0,2022-04-07 10:40:00,352.87,352.87,351.685,351.9,1103220.0,2s,2s,1.0,buy,False,0.9065836298932416,4.163492493946733,28.239017640954685,0.011578080659927173,-0.22441851727907047,-0.007334363823776053,-0.1195436224633113,-0.0003382325185803277,38.925645674448674,22.468855488578676,36.2178643966681,-5.029162327600162,1103220.0,4.045000000000016,1.0,5.619999999999948,28.0,0.016004100694839807,4.045000000000016,9.0,0.011370983611165815,2.0,2.5,-0.22441851727907047,-0.1195436224633113,-0.007334363823776053,38.925645674448674,22.468855488578676,36.2178643966681,-5.029162327600162,18.297895074260172,23.586921679666485,32.13277097941476,-0.27488876923513683,0.33694925856945906,0.0,0.214999999999975,0.9700000000000273,0.0,24776.0,24776.0,2022-04-07,2022-04-07 10:40:00,1.9892014776925264,146.0,1.0,best_within_2.0d,24921.0,358.9,0.5832424107187206,4.3760036431226785,32.22527881040892,0.012230020343504162,2.285057100371749,15.890706319702602,0.006381710269403211,0.9065836298932416,5.619999999999948,28.0,0.016004100694839807,4.045000000000016,9.0,0.011370983611165815,2.0,0.00402220134195386,1.9444468750000041,16.553125,0.005470102952261012,0.0,0
24776.0,2022-04-07 10:45:00,351.9,352.14,351.32,351.6888,645579.0,2s,2s,1.0,buy,False,0.9715302491103257,4.163492493946733,28.239017640954685,0.011578080659927173,-0.37314107037943334,-0.053976997621205225,-0.2405475328109219,-0.0006808460695814208,37.78104063192698,18.532223504910096,30.3226507660821,-5.048631017433905,645579.0,4.410000000000025,1.0,5.619999999999948,28.0,0.016004100694839807,4.410000000000025,10.0,0.012397042700924928,2.0,2.5,-0.37314107037943334,-0.2405475328109219,-0.053976997621205225,37.78104063192698,18.532223504910096,30.3226507660821,-5.048631017433905,13.875151115507403,26.266622705791725,32.04252073980753,-0.060017050298369574,0.23340544233177535,0.2400000000000091,0.36880000000002156,0.21119999999996253,0.0,24777.0,24777.0,2022-04-07,2022-04-07 10:45:00,2.0504491470868453,145.0,1.0,best_within_2.0d,24921.0,358.9,0.5832424107187206,4.3760036431226785,32.22527881040892,0.012230020343504162,2.285057100371749,15.890706319702602,0.006381710269403211,0.9715302491103257,5.619999999999948,28.0,0.016004100694839807,4.410000000000025,10.0,0.012397042700924928,2.0,0.00402220134195386,1.9444468750000041,16.553125,0.005470102952261012,1.0,0
24781.0,2022-04-07 11:10:00,352.0817,352.16,351.291,351.64,610538.0,2s,2s,1.0,buy,False,0.9766903914590795,4.163492493946733,28.239017640954685,0.011578080659927173,-0.31103183929137995,-0.2397448971152342,-0.39526081676092417,-0.0011198503314077907,39.46309679553008,23.082649362802357,27.148070023966962,14.951808040473146,610538.0,4.439000000000021,1.0,5.619999999999948,28.0,0.016004100694839807,4.439000000000021,15.0,0.012478565203946874,2.0,2.5,-0.31103183929137995,-0.39526081676092417,-0.2397448971152342,39.46309679553008,23.082649362802357,27.148070023966962,14.951808040473146,10.541398014532872,29.411523897246443,28.195285117141026,-0.12545383642490526,0.24737326034541965,0.07830000000001291,0.34899999999998954,0.44170000000002574,0.0,24782.0,24782.0,2022-04-07,2022-04-07 11:10:00,2.064611534523942,140.0,1.0,best_within_2.0d,24921.0,358.9,0.5832424107187206,4.3760036431226785,32.22527881040892,0.012230020343504162,2.285057100371749,15.890706319702602,0.006381710269403211,0.9766903914590795,5.619999999999948,28.0,0.016004100694839807,4.439000000000021,15.0,0.012478565203946874,2.0,0.00402220134195386,1.9444468750000041,16.553125,0.005470102952261012,0.0,0
24782.0,2022-04-07 11:15:00,351.61,351.7584,351.24,351.47,382376.0,2s,2s,1.0,buy,False,0.9857651245551629,4.163492493946733,28.239017640954685,0.011578080659927173,-0.3415297694430981,-0.28243611829562143,-0.4532010030171705,-0.0012844073441992947,38.43389803957639,17.74017114984389,24.012103732592603,5.196305984346459,382376.0,4.490000000000009,1.0,5.619999999999948,28.0,0.016004100694839807,4.490000000000009,16.0,0.012621932364433725,2.0,2.5,-0.3415297694430981,-0.4532010030171705,-0.28243611829562143,38.43389803957639,17.74017114984389,24.012103732592603,5.196305984346459,11.159343873917544,26.95360746556435,29.141384262201598,-0.03981684252438394,0.1475913905022166,0.148399999999981,0.2300000000000182,0.13999999999998636,0.0,24783.0,24783.0,2022-04-07,2022-04-07 11:15:00,2.113978433436694,139.0,1.0,best_within_2.0d,24921.0,358.9,0.5832424107187206,4.3760036431226785,32.22527881040892,0.012230020343504162,2.285057100371749,15.890706319702602,0.006381710269403211,0.9857651245551629,5.619999999999948,28.0,0.016004100694839807,4.490000000000009,16.0,0.012621932364433725,2.0,0.00402220134195386,1.9444468750000041,16.553125,0.005470102952261012,0.0,0
24805.0,2022-04-07 13:10:00,350.63,351.62,350.4734,351.2367,699602.0,2,2,0.0,sell,False,0.4161931818181816,4.163492493946733,28.239017640954685,0.011578080659927173,0.44655595491964206,-0.627835708941296,-0.404557731481475,-0.0011538409353367685,55.42187215874406,68.2861867838136,48.36441954020455,108.12972127103171,699602.0,2.930000000000007,1.0,7.0400000000000205,35.0,0.019790290388778064,2.930000000000007,5.0,0.008402879348418385,2.0,2.0,0.44655595491964206,-0.404557731481475,-0.627835708941296,55.42187215874406,68.2861867838136,48.36441954020455,108.12972127103171,29.47654246492658,16.69432292452376,29.278667984910946,0.173031400621735,0.3271574961181014,0.38330000000001974,0.156599999999969,0.6066999999999894,1.0,24806.0,24806.0,2022-04-07,2022-04-07 13:10:00,0.6823603569900326,153.0,1.0,best_within_2.0d,24958.0,348.84,0.4161931818181816,7.0400000000000205,35.0,0.019790290388778064,2.930000000000007,5.0,0.008402879348418385,0.4929364202292669,5.6011759621451125,36.843533123028394,0.015614239272951093,2.82998018927445,22.52492113564669,0.007835530045022196,1.8630914826498424,0.00402220134195386,1.9444468750000041,16.553125,0.005470102952261012,0.0,1
24806.0,2022-04-07 13:15:00,351.21,351.775,351.04,351.56,564568.0,2,2,0.0,sell,False,0.4382102272727231,4.163492493946733,28.239017640954685,0.011578080659927173,0.5770241343256288,-0.5557076921505925,-0.26719562498777805,-0.0007619182643281358,57.955307552781065,76.53438924431467,57.75440944157459,114.09434884979483,564568.0,3.0849999999999795,1.0,7.0400000000000205,35.0,0.019790290388778064,3.0849999999999795,6.0,0.00884740026958037,2.0,2.0,0.5770241343256288,-0.26719562498777805,-0.5557076921505925,57.955307552781065,76.53438924431467,57.75440944157459,114.09434884979483,28.706892249338438,16.56934670858933,29.102174567495332,0.09965547678028039,0.20937784867820097,0.214999999999975,0.16999999999995907,0.35000000000002274,1.0,24807.0,24807.0,2022-04-07,2022-04-07 13:15:00,0.773694390715675,152.0,1.0,best_within_2.0d,24958.0,348.84,0.4382102272727231,7.0400000000000205,35.0,0.019790290388778064,3.0849999999999795,6.0,0.00884740026958037,0.4929364202292669,5.6011759621451125,36.843533123028394,0.015614239272951093,2.82998018927445,22.52492113564669,0.007835530045022196,1.8630914826498424,0.00402220134195386,1.9444468750000041,16.553125,0.005470102952261012,0.0,1
24807.0,2022-04-07 13:20:00,351.5822,352.07,351.39,351.43,574192.0,2,2,0.0,sell,False,0.4801136363636343,4.163492493946733,28.239017640954685,0.011578080659927173,0.622090472295738,-0.4779463831136252,-0.1669011469657562,-0.00047585025410626564,56.56328909267798,78.04462241534205,64.51781376616373,105.09823971369869,574192.0,3.3799999999999955,1.0,7.0400000000000205,35.0,0.019790290388778064,3.3799999999999955,7.0,0.0096934239582437,2.0,2.0,0.622090472295738,-0.1669011469657562,-0.4779463831136252,56.56328909267798,78.04462241534205,64.51781376616373,105.09823971369869,27.725058994828167,16.66917708490257,28.80229552004481,-0.043290018664196725,0.19351717464925206,0.4877999999999929,0.040000000000020464,0.15219999999999345,0.0,24808.0,24808.0,2022-04-07,2022-04-07 13:20:00,0.7369888740289764,151.0,1.0,best_within_2.0d,24958.0,348.84,0.4801136363636343,7.0400000000000205,35.0,0.019790290388778064,3.3799999999999955,7.0,0.0096934239582437,0.4929364202292669,5.6011759621451125,36.843533123028394,0.015614239272951093,2.82998018927445,22.52492113564669,0.007835530045022196,1.8630914826498424,0.00402220134195386,1.9444468750000041,16.553125,0.005470102952261012,0.0,1
24808.0,2022-04-07 13:25:00,351.43,352.46,351.41,352.18,522585.0,2,2,0.0,sell,False,0.5355113636363595,4.163492493946733,28.239017640954685,0.011578080659927173,0.7221673569540707,-0.3876754634943663,-0.02659178501733095,-7.57925806872062e-05,62.20361996607146,82.88739637592232,70.64100796941659,107.38017318893378,522585.0,3.769999999999982,1.0,7.0400000000000205,35.0,0.019790290388778064,3.769999999999982,8.0,0.010811895953425627,2.0,2.0,0.7221673569540707,-0.02659178501733095,-0.3876754634943663,62.20361996607146,82.88739637592232,70.64100796941659,107.38017318893378,30.215275447091866,15.054897636285217,29.137036386838567,0.21341376661070482,0.29879627785206864,0.2799999999999727,0.01999999999998181,0.75,1.0,24809.0,24809.0,2022-04-07,2022-04-07 13:25:00,0.9483786699983053,150.0,1.0,best_within_2.0d,24958.0,348.84,0.5355113636363595,7.0400000000000205,35.0,0.019790290388778064,3.769999999999982,8.0,0.010811895953425627,0.4929364202292669,5.6011759621451125,36.843533123028394,0.015614239272951093,2.82998018927445,22.52492113564669,0.007835530045022196,1.8630914826498424,0.00402220134195386,1.9444468750000041,16.553125,0.005470102952261012,0.0,1
24809.0,2022-04-07 13:30:00,352.18,352.61,351.99,352.07,442768.0,2,2,0.0,sell,False,0.5568181818181824,4.163492493946733,28.239017640954685,0.011578080659927173,0.740065243630133,-0.2951673080405997,0.07486531377446681,0.00021332804469426274,60.95346978813721,83.99976084925419,75.09392559602912,101.81143135570431,442768.0,3.920000000000016,1.0,7.0400000000000205,35.0,0.019790290388778064,3.920000000000016,9.0,0.011242077490034173,2.0,2.0,0.740065243630133,0.07486531377446681,-0.2951673080405997,60.95346978813721,83.99976084925419,75.09392559602912,101.81143135570431,30.121718727086428,15.349269198807278,29.376365006871367,-0.031234028053839978,0.17614136765249142,0.4300000000000068,0.07999999999998408,0.11000000000001364,0.0,24810.0,24810.0,2022-04-07,2022-04-07 13:30:00,0.9174311926605557,149.0,1.0,best_within_2.0d,24958.0,348.84,0.5568181818181824,7.0400000000000205,35.0,0.019790290388778064,3.920000000000016,9.0,0.011242077490034173,0.4929364202292669,5.6011759621451125,36.843533123028394,0.015614239272951093,2.82998018927445,22.52492113564669,0.007835530045022196,1.8630914826498424,0.00402220134195386,1.9444468750000041,16.553125,0.005470102952261012,1.0,1
24814.0,2022-04-07 13:55:00,351.73,353.29,351.65,353.0617,665643.0,2,2,0.0,sell,False,0.6534090909090923,4.163492493946733,28.239017640954685,0.011578080659927173,0.5451072658128159,0.04919999934685441,0.32175363225326237,0.0009159586057393977,66.14484601018154,73.87148681307289,72.3460075232442,76.92244539273028,665643.0,4.600000000000023,1.0,7.0400000000000205,35.0,0.019790290388778064,4.600000000000023,14.0,0.013192233789325828,2.0,2.0,0.5451072658128159,0.32175363225326237,0.04919999934685441,66.14484601018154,73.87148681307289,72.3460075232442,76.92244539273028,38.40867309245316,6.70068553167394,34.06134635404598,0.37861427799731473,0.4663728138774473,0.22830000000004702,0.08000000000004093,1.3316999999999553,1.0,24815.0,24815.0,2022-04-07,2022-04-07 13:55:00,1.1957400080495844,144.0,1.0,best_within_2.0d,24958.0,348.84,0.6534090909090923,7.0400000000000205,35.0,0.019790290388778064,4.600000000000023,14.0,0.013192233789325828,0.4929364202292669,5.6011759621451125,36.843533123028394,0.015614239272951093,2.82998018927445,22.52492113564669,0.007835530045022196,1.8630914826498424,0.00402220134195386,1.9444468750000041,16.553125,0.005470102952261012,0.0,1
24815.0,2022-04-07 14:00:00,353.05,353.6,352.9,353.13,587025.0,2,2,0.0,sell,False,0.6974431818181833,4.163492493946733,28.239017640954685,0.011578080659927173,0.5936104067278385,0.12340130018783421,0.4202065035517535,0.0011957636232292532,66.55788852591229,75.88583451355827,73.52594985334888,80.60560383397703,587025.0,4.910000000000025,1.0,7.0400000000000205,35.0,0.019790290388778064,4.910000000000025,15.0,0.014081275631649962,2.0,2.0,0.5936104067278385,0.4202065035517535,0.12340130018783421,66.55788852591229,75.88583451355827,73.52594985334888,80.60560383397703,41.56812965152751,6.34694303401285,36.8789309283111,0.022659679932016452,0.19835647492208713,0.4700000000000273,0.1500000000000341,0.07999999999998408,1.0,24816.0,24816.0,2022-04-07,2022-04-07 14:00:00,1.2148500552204629,143.0,1.0,best_within_2.0d,24958.0,348.84,0.6974431818181833,7.0400000000000205,35.0,0.019790290388778064,4.910000000000025,15.0,0.014081275631649962,0.4929364202292669,5.6011759621451125,36.843533123028394,0.015614239272951093,2.82998018927445,22.52492113564669,0.007835530045022196,1.8630914826498424,0.00402220134195386,1.9444468750000041,16.553125,0.005470102952261012,1.0,1
24820.0,2022-04-07 14:25:00,352.9,353.95,352.57,352.69,716577.0,2,2,0.0,sell,False,0.7471590909090875,4.163492493946733,28.239017640954685,0.011578080659927173,0.2557947048245073,0.39628284758063026,0.5241801999928839,0.0014896879297968636,57.93376817556484,63.781698680997266,69.54915645630112,52.24678313038956,716577.0,5.259999999999991,1.0,7.0400000000000205,35.0,0.019790290388778064,5.259999999999991,20.0,0.01508503255040291,2.0,2.0,0.2557947048245073,0.5241801999928839,0.39628284758063026,57.93376817556484,63.781698680997266,69.54915645630112,52.24678313038956,30.53167237301629,13.356272572809319,39.0610174896782,-0.059506942476616476,0.39141163456902045,1.0500000000000114,0.12000000000000455,0.20999999999997954,0.0,24821.0,24821.0,2022-04-07,2022-04-07 14:25:00,1.0916101959227715,138.0,1.0,best_within_2.0d,24958.0,348.84,0.7471590909090875,7.0400000000000205,35.0,0.019790290388778064,5.259999999999991,20.0,0.01508503255040291,0.4929364202292669,5.6011759621451125,36.843533123028394,0.015614239272951093,2.82998018927445,22.52492113564669,0.007835530045022196,1.8630914826498424,0.00402220134195386,1.9444468750000041,16.553125,0.005470102952261012,1.0,1
24825.0,2022-04-07 14:50:00,353.39,354.209,353.3,354.02,564757.0,2,2,0.0,sell,False,0.7839488636363622,4.163492493946733,28.239017640954685,0.011578080659927173,0.22407497307056867,0.5057187626155454,0.6177562491508297,0.0017533101295600353,67.94318429270281,71.71658994302307,65.42979344689161,84.290182935286,564757.0,5.5190000000000055,1.0,7.0400000000000205,35.0,0.019790290388778064,5.5190000000000055,25.0,0.015827812670280206,2.0,2.0,0.22407497307056867,0.6177562491508297,0.5057187626155454,67.94318429270281,71.71658994302307,65.42979344689161,84.290182935286,33.028239025231734,11.866634897420846,38.11560870512974,0.17827329579218298,0.2572884234361709,0.18900000000002137,0.08999999999997499,0.6299999999999955,1.0,24826.0,24826.0,2022-04-07,2022-04-07 14:50:00,1.463194169820916,133.0,1.0,best_within_2.0d,24958.0,348.84,0.7839488636363622,7.0400000000000205,35.0,0.019790290388778064,5.5190000000000055,25.0,0.015827812670280206,0.4929364202292669,5.6011759621451125,36.843533123028394,0.015614239272951093,2.82998018927445,22.52492113564669,0.007835530045022196,1.8630914826498424,0.00402220134195386,1.9444468750000041,16.553125,0.005470102952261012,0.0,1
24826.0,2022-04-07 14:55:00,354.02,354.99,354.02,354.72,765556.0,2,2,0.0,sell,False,0.8948863636363626,4.163492493946733,28.239017640954685,0.011578080659927173,0.33133601546773894,0.5471357645490127,0.7128037722828822,0.002022060153756114,72.05097569057345,77.8234826278459,69.56102317387638,94.34840153578494,765556.0,6.300000000000011,1.0,7.0400000000000205,35.0,0.019790290388778064,6.300000000000011,26.0,0.01806762453755488,2.0,2.0,0.33133601546773894,0.7128037722828822,0.5471357645490127,72.05097569057345,77.8234826278459,69.56102317387638,94.34840153578494,39.57514157825726,8.773318165706264,39.943634686738854,0.19772894186770393,0.2739958194452368,0.2699999999999818,0.0,0.7000000000000455,1.0,24827.0,24827.0,2022-04-07,2022-04-07 14:55:00,1.6576454668471055,132.0,1.0,best_within_2.0d,24958.0,348.84,0.8948863636363626,7.0400000000000205,35.0,0.019790290388778064,6.300000000000011,26.0,0.01806762453755488,0.4929364202292669,5.6011759621451125,36.843533123028394,0.015614239272951093,2.82998018927445,22.52492113564669,0.007835530045022196,1.8630914826498424,0.00402220134195386,1.9444468750000041,16.553125,0.005470102952261012,0.0,1
24827.0,2022-04-07 15:00:00,354.67,355.58,354.58,355.25,975397.0,2,2,0.0,sell,False,0.978693181818177,4.163492493946733,28.239017640954685,0.011578080659927173,0.4388664364069865,0.601994069099886,0.8214272873033792,0.0023288609665686757,74.69495265906335,81.7673792231618,73.62980852363819,98.042520622209,975397.0,6.889999999999986,1.0,7.0400000000000205,35.0,0.019790290388778064,6.889999999999986,27.0,0.019759671914881375,2.0,2.0,0.4388664364069865,0.8214272873033792,0.601994069099886,74.69495265906335,81.7673792231618,73.62980852363819,98.042520622209,43.15792844505233,8.04012456869283,41.98995142709956,0.1635322976287772,0.28202380280895706,0.3299999999999841,0.09000000000003183,0.5799999999999841,1.0,24828.0,24828.0,2022-04-07,2022-04-07 15:00:00,1.804363124560176,131.0,1.0,best_within_2.0d,24958.0,348.84,0.978693181818177,7.0400000000000205,35.0,0.019790290388778064,6.889999999999986,27.0,0.019759671914881375,0.4929364202292669,5.6011759621451125,36.843533123028394,0.015614239272951093,2.82998018927445,22.52492113564669,0.007835530045022196,1.8630914826498424,0.00402220134195386,1.9444468750000041,16.553125,0.005470102952261012,0.0,1
24828.0,2022-04-07 15:05:00,355.26,355.69,355.08,355.52,724701.0,2,2,0.0,sell,False,0.9943181818181789,4.163492493946733,28.239017640954685,0.011578080659927173,0.5067433256790341,0.6653369848097652,0.9187086476492823,0.0026031344699076306,75.94347546273417,86.12774776493599,77.79578827073745,102.79166675333309,724701.0,7.0,1.0,7.0400000000000205,35.0,0.019790290388778064,7.0,28.0,0.020075138375060943,2.0,2.0,0.5067433256790341,0.9187086476492823,0.6653369848097652,75.94347546273417,86.12774776493599,77.79578827073745,102.79166675333309,35.86828489411943,8.762684210067025,43.32872048039867,0.07318583572594464,0.17179227216402324,0.17000000000001592,0.18000000000000682,0.2599999999999909,1.0,24829.0,24829.0,2022-04-07,2022-04-07 15:05:00,1.878937893789381,130.0,1.0,best_within_2.0d,24958.0,348.84,0.9943181818181789,7.0400000000000205,35.0,0.019790290388778064,7.0,28.0,0.020075138375060943,0.4929364202292669,5.6011759621451125,36.843533123028394,0.015614239272951093,2.82998018927445,22.52492113564669,0.007835530045022196,1.8630914826498424,0.00402220134195386,1.9444468750000041,16.553125,0.005470102952261012,0.0,1
24829.0,2022-04-07 15:10:00,355.51,356.17,355.39,356.17,715571.0,1,1,0.0,sell,False,1.052894862732453,7.480000000000018,29.0,0.02145171929220803,0.5935543847803118,0.7395312829073042,1.03630847529746,0.0029343510447353426,78.6716985012288,90.75183184329066,82.11446946158851,108.02655660669492,715571.0,7.480000000000018,1.0,7.480000000000018,29.0,0.02145171929220803,7.480000000000018,29.0,0.02145171929220803,1.0,1.0,0.5935543847803118,1.03630847529746,0.7395312829073042,78.6716985012288,90.75183184329066,82.11446946158851,108.02655660669492,37.09265148036099,8.701943488922142,44.6620805710696,0.1856487862507454,0.21947719406849647,0.0,0.12000000000000455,0.660000000000025,1.0,24830.0,24830.0,2022-04-07,2022-04-07 15:10:00,2.0580060083668026,129.0,1.0,best_within_2.0d,24958.0,348.84,0.5832424107187206,4.3760036431226785,32.22527881040892,0.012230020343504162,2.285057100371749,15.890706319702602,0.006381710269403211,0.4929364202292669,5.6011759621451125,36.843533123028394,0.015614239272951093,2.82998018927445,22.52492113564669,0.007835530045022196,1.8630914826498424,0.00402220134195386,1.9444468750000041,16.553125,0.005470102952261012,0.0,1
24830.0,2022-04-07 15:15:00,356.18,356.35,355.6,355.6717,609904.0,1,1,0.0,sell,False,1.0528948627361467,7.660000000000025,30.0,0.021967937136138187,0.539765758318032,0.8070020026970581,1.0768848818560741,0.0030476421525476396,71.93638506263196,88.12495860259756,84.11796584192486,96.13894412394299,609904.0,7.660000000000025,1.0,7.660000000000025,30.0,0.021967937136138187,7.660000000000025,30.0,0.021967937136138187,1.0,1.0,0.539765758318032,1.0768848818560741,0.8070020026970581,71.93638506263196,88.12495860259756,84.11796584192486,96.13894412394299,38.96799329116977,6.2397358398269684,46.64302265513805,-0.14270874277051482,0.21091113610798648,0.17000000000001592,0.07169999999996435,0.5083000000000197,0.0,24831.0,24831.0,2022-04-07,2022-04-07 15:15:00,1.9207881875336195,128.0,1.0,best_within_2.0d,24958.0,348.84,0.5832424107187206,4.3760036431226785,32.22527881040892,0.012230020343504162,2.285057100371749,15.890706319702602,0.006381710269403211,0.4929364202292669,5.6011759621451125,36.843533123028394,0.015614239272951093,2.82998018927445,22.52492113564669,0.007835530045022196,1.8630914826498424,0.00402220134195386,1.9444468750000041,16.553125,0.005470102952261012,1.0,1
24877.0,2022-04-07 19:10:00,354.18,354.35,354.18,354.34,9207.0,2,2,0.0,sell,False,0.26470588235294856,4.163492493946733,28.239017640954685,0.011578080659927173,0.004130386027449487,0.020669652686986305,0.02273484570071105,6.420523356820992e-05,59.139683226029604,53.88774282943835,41.229175652036076,79.20487718424289,9207.0,0.7200000000000273,1.0,2.7200000000000273,15.0,0.007632945138206895,0.7200000000000273,34.0,0.00203602635523012,2.0,2.0,0.004130386027449487,0.02273484570071105,0.020669652686986305,59.139683226029604,53.88774282943835,41.229175652036076,79.20487718424289,35.42896839180324,24.313997915945414,26.82556330088574,0.045174769891006876,0.04799819300920885,0.010000000000047748,0.0,0.15999999999996817,1.0,24878.0,24878.0,2022-04-07,2022-04-07 19:10:00,1.5521815205734606,81.0,1.0,best_within_2.0d,24958.0,348.84,0.26470588235294856,2.7200000000000273,15.0,0.007632945138206895,0.7200000000000273,34.0,0.00203602635523012,0.4929364202292669,5.6011759621451125,36.843533123028394,0.015614239272951093,2.82998018927445,22.52492113564669,0.007835530045022196,1.8630914826498424,0.00402220134195386,1.9444468750000041,16.553125,0.005470102952261012,0.0,1
24878.0,2022-04-07 19:15:00,354.35,354.35,354.25,354.25,2419.0,2,2,0.0,sell,False,0.26470588235294856,4.163492493946733,28.239017640954685,0.011578080659927173,0.017305603199390486,0.022832853086910115,0.03148565468660536,8.891544327438364e-05,55.449057570291245,60.92516188629104,47.79450439678773,87.18647686529766,2419.0,0.7200000000000273,1.0,2.7200000000000273,15.0,0.007632945138206895,0.7200000000000273,35.0,0.00203602635523012,2.0,2.0,0.017305603199390486,0.03148565468660536,0.022832853086910115,55.449057570291245,60.92516188629104,47.79450439678773,87.18647686529766,34.471105103075374,23.65664075701447,26.238355291021524,-0.028220685762670446,0.02822865208186951,0.0,0.0,0.10000000000002274,0.0,24879.0,24879.0,2022-04-07,2022-04-07 19:15:00,1.5271700776288004,80.0,1.0,best_within_2.0d,24958.0,348.84,0.26470588235294856,2.7200000000000273,15.0,0.007632945138206895,0.7200000000000273,35.0,0.00203602635523012,0.4929364202292669,5.6011759621451125,36.843533123028394,0.015614239272951093,2.82998018927445,22.52492113564669,0.007835530045022196,1.8630914826498424,0.00402220134195386,1.9444468750000041,16.553125,0.005470102952261012,0.0,1
24879.0,2022-04-07 19:20:00,354.27,354.37,354.27,354.3499,11565.0,2,2,0.0,sell,False,0.27205882352941235,4.163492493946733,28.239017640954685,0.011578080659927173,0.0369908294649812,0.027456706770032768,0.04595212150252337,0.00012976215381159932,58.54176921431927,72.35486982895492,55.98129287417679,105.10202373851118,11565.0,0.7400000000000091,1.0,2.7200000000000273,15.0,0.007632945138206895,0.7400000000000091,36.0,0.0020925826428753475,2.0,2.0,0.0369908294649812,0.04595212150252337,0.027456706770032768,58.54176921431927,72.35486982895492,55.98129287417679,105.10202373851118,24.656569214510256,24.65656921451426,24.364187055949138,0.02255341970813481,0.02822705845824449,0.02010000000001355,0.0,0.07990000000000919,1.0,24880.0,24880.0,2022-04-07,2022-04-07 19:20:00,1.5549320036495047,79.0,1.0,best_within_2.0d,24958.0,348.84,0.27205882352941235,2.7200000000000273,15.0,0.007632945138206895,0.7400000000000091,36.0,0.0020925826428753475,0.4929364202292669,5.6011759621451125,36.843533123028394,0.015614239272951093,2.82998018927445,22.52492113564669,0.007835530045022196,1.8630914826498424,0.00402220134195386,1.9444468750000041,16.553125,0.005470102952261012,0.0,1
24880.0,2022-04-07 19:25:00,354.37,354.49,354.37,354.46,38468.0,2,2,0.0,sell,False,0.3161764705882371,4.163492493946733,28.239017640954685,0.011578080659927173,0.060942041980579884,0.03507446201760526,0.0655454830078952,0.00018507803705753424,61.69760890853201,79.71806136744968,63.89354903860108,111.36708602514688,38468.0,0.8600000000000136,1.0,2.7200000000000273,15.0,0.007632945138206895,0.8600000000000136,37.0,0.002431920368747034,2.0,2.0,0.060942041980579884,0.0655454830078952,0.03507446201760526,61.69760890853201,79.71806136744968,63.89354903860108,111.36708602514688,31.13407525171964,23.184949655538865,23.66918414777114,0.025397183734507715,0.03386291164602098,0.03000000000002956,0.0,0.08999999999997499,1.0,24881.0,24881.0,2022-04-07,2022-04-07 19:25:00,1.5855103537775785,78.0,1.0,best_within_2.0d,24958.0,348.84,0.3161764705882371,2.7200000000000273,15.0,0.007632945138206895,0.8600000000000136,37.0,0.002431920368747034,0.4929364202292669,5.6011759621451125,36.843533123028394,0.015614239272951093,2.82998018927445,22.52492113564669,0.007835530045022196,1.8630914826498424,0.00402220134195386,1.9444468750000041,16.553125,0.005470102952261012,0.0,1
24883.0,2022-04-07 19:40:00,354.47,354.55,354.47,354.48,14255.0,2,2,0.0,sell,False,0.3382352941176495,4.163492493946733,28.239017640954685,0.011578080659927173,0.07120609764240642,0.06122999555947032,0.09683304438067353,0.0002733755695414964,61.935115361152064,85.90594349268974,78.7680447724971,100.18174093307502,14255.0,0.9200000000000159,1.0,2.7200000000000273,15.0,0.007632945138206895,0.9200000000000159,40.0,0.0026015892316828774,2.0,2.0,0.07120609764240642,0.09683304438067353,0.06122999555947032,61.935115361152064,85.90594349268974,78.7680447724971,100.18174093307502,36.97521819455769,13.378352551441065,25.401431935368187,0.0028211132112706022,0.022568905690180854,0.06999999999999318,0.0,0.009999999999990905,1.0,24884.0,24884.0,2022-04-07,2022-04-07 19:40:00,1.5910629654705604,75.0,1.0,best_within_2.0d,24958.0,348.84,0.3382352941176495,2.7200000000000273,15.0,0.007632945138206895,0.9200000000000159,40.0,0.0026015892316828774,0.4929364202292669,5.6011759621451125,36.843533123028394,0.015614239272951093,2.82998018927445,22.52492113564669,0.007835530045022196,1.8630914826498424,0.00402220134195386,1.9444468750000041,16.553125,0.005470102952261012,0.0,1
24884.0,2022-04-07 19:45:00,354.46,354.67,354.46,354.64,8389.0,2,2,0.0,sell,False,0.3823529411764743,4.163492493946733,28.239017640954685,0.011578080659927173,0.08769294218946314,0.0721916133331532,0.11603808442788477,0.0003275652638561837,66.60154486717263,88.96354238095165,82.16654397531528,102.5575391922244,8389.0,1.0400000000000205,1.0,2.7200000000000273,15.0,0.007632945138206895,1.0400000000000205,41.0,0.0029409269575545642,2.0,2.0,0.08769294218946314,0.11603808442788477,0.0721916133331532,66.60154486717263,88.96354238095165,82.16654397531528,102.5575391922244,39.80223901801305,11.933852361196319,27.43464624980172,0.05078147040568945,0.05924504880664572,0.03000000000002956,0.0,0.18000000000000682,1.0,24885.0,24885.0,2022-04-07,2022-04-07 19:45:00,1.635461312880671,74.0,1.0,best_within_2.0d,24958.0,348.84,0.3823529411764743,2.7200000000000273,15.0,0.007632945138206895,1.0400000000000205,41.0,0.0029409269575545642,0.4929364202292669,5.6011759621451125,36.843533123028394,0.015614239272951093,2.82998018927445,22.52492113564669,0.007835530045022196,1.8630914826498424,0.00402220134195386,1.9444468750000041,16.553125,0.005470102952261012,0.0,1
24885.0,2022-04-07 19:50:00,354.64,354.86,354.64,354.85,54073.0,2,2,0.0,sell,False,0.45220588235294334,4.163492493946733,28.239017640954685,0.011578080659927173,0.11891667249925614,0.08705619739556023,0.1465145336451883,0.00041354519950253713,71.53407249029016,92.15216550887018,85.49508448650025,105.46632755361003,54073.0,1.2300000000000182,1.0,2.7200000000000273,15.0,0.007632945138206895,1.2300000000000182,42.0,0.0034782116901847077,2.0,2.0,0.11891667249925614,0.1465145336451883,0.08705619739556023,71.53407249029016,92.15216550887018,85.49508448650025,105.46632755361003,43.841831211010934,10.826416456151232,29.788764717005133,0.059214978569827534,0.06203473945410199,0.009999999999990905,0.0,0.21000000000003638,1.0,24886.0,24886.0,2022-04-07,2022-04-07 19:50:00,1.6936733831196413,73.0,1.0,best_within_2.0d,24958.0,348.84,0.45220588235294334,2.7200000000000273,15.0,0.007632945138206895,1.2300000000000182,42.0,0.0034782116901847077,0.4929364202292669,5.6011759621451125,36.843533123028394,0.015614239272951093,2.82998018927445,22.52492113564669,0.007835530045022196,1.8630914826498424,0.00402220134195386,1.9444468750000041,16.553125,0.005470102952261012,0.0,1
24886.0,2022-04-07 19:55:00,354.8396,354.89,354.69,354.69,44194.0,2,2,0.0,sell,False,0.4632352941176391,4.163492493946733,28.239017640954685,0.011578080659927173,0.11024429139059982,0.10083673381938521,0.15595887951468512,0.0004401654772749243,63.80252567990555,84.35144367258049,85.11387088186032,82.8265892540208,44194.0,1.259999999999991,1.0,2.7200000000000273,15.0,0.007632945138206895,1.259999999999991,43.0,0.003563046121652549,2.0,2.0,0.11024429139059982,0.15595887951468512,0.10083673381938521,63.80252567990555,84.35144367258049,85.11387088186032,82.8265892540208,41.53417936500222,8.963532575363754,32.268085281207995,-0.04215989421699856,0.05638726775493773,0.050399999999967804,0.0,0.14960000000002083,0.0,24887.0,24887.0,2022-04-07,2022-04-07 19:55:00,1.6493275818320288,72.0,1.0,best_within_2.0d,24958.0,348.84,0.4632352941176391,2.7200000000000273,15.0,0.007632945138206895,1.259999999999991,43.0,0.003563046121652549,0.4929364202292669,5.6011759621451125,36.843533123028394,0.015614239272951093,2.82998018927445,22.52492113564669,0.007835530045022196,1.8630914826498424,0.00402220134195386,1.9444468750000041,16.553125,0.005470102952261012,0.0,1
24887.0,2022-04-08 04:00:00,356.01,356.42,356.01,356.42,12606.0,1,1,0.0,sell,False,0.45242023192763137,2.7900000000000205,44.0,0.007889602126516473,0.31799992129964455,0.14058672398184077,0.29958668463166305,0.0008451574784641659,83.97300758684884,89.56762911505365,86.59845695959143,95.50597342597808,12606.0,2.7900000000000205,1.0,2.7900000000000205,44.0,0.007889602126516473,2.7900000000000205,44.0,0.007889602126516473,1.0,1.0,0.31799992129964455,0.29958668463166305,0.14058672398184077,83.97300758684884,89.56762911505365,86.59845695959143,95.50597342597808,66.04378442063535,0.2739951228865509,37.04705706820206,0.11516530434539059,0.11516530434539059,0.0,0.0,0.410000000000025,1.0,24888.0,24888.0,2022-04-08,2022-04-08 04:00:00,2.12670444980642,71.0,1.0,best_within_2.0d,24958.0,348.84,0.5832424107187206,4.3760036431226785,32.22527881040892,0.012230020343504162,2.285057100371749,15.890706319702602,0.006381710269403211,0.4929364202292669,5.6011759621451125,36.843533123028394,0.015614239272951093,2.82998018927445,22.52492113564669,0.007835530045022196,1.8630914826498424,0.00402220134195386,1.9444468750000041,16.553125,0.005470102952261012,0.0,1
24888.0,2022-04-08 04:05:00,356.36,356.53,356.3,356.48,15492.0,1,1,0.0,sell,False,0.6212126261869638,2.8999999999999773,45.0,0.008200661708565385,0.4366417588909368,0.19516694384320787,0.4134878232886763,0.0011659928246014997,84.29977129447849,92.27703692155718,88.49131694691334,99.84847687084488,15492.0,2.8999999999999773,1.0,2.8999999999999773,45.0,0.008200661708565385,2.8999999999999773,45.0,0.008200661708565385,1.0,1.0,0.4366417588909368,0.4134878232886763,0.19516694384320787,84.29977129447849,92.27703692155718,88.49131694691334,99.84847687084488,66.85943178502053,0.26527309865481613,41.48723950109305,0.03367381299809309,0.06455234353072167,0.049999999999954525,0.060000000000002274,0.12000000000000455,1.0,24889.0,24889.0,2022-04-08,2022-04-08 04:05:00,2.14317773788152,70.0,1.0,best_within_2.0d,24958.0,348.84,0.5832424107187206,4.3760036431226785,32.22527881040892,0.012230020343504162,2.285057100371749,15.890706319702602,0.006381710269403211,0.4929364202292669,5.6011759621451125,36.843533123028394,0.015614239272951093,2.82998018927445,22.52492113564669,0.007835530045022196,1.8630914826498424,0.00402220134195386,1.9444468750000041,16.553125,0.005470102952261012,1.0,1
24895.0,2022-04-08 04:40:00,355.98,355.98,355.83,355.9,1465.0,3a,3a,1.0,buy,False,0.01017103244502524,4.163492493946733,28.239017640954685,0.011578080659927173,0.1096573877103898,0.462531278749798,0.5173599726049929,0.001456393173136237,64.25627552645078,56.031726074974735,74.17418006956152,19.74681808580118,1465.0,0.6999999999999886,2.0,0.6999999999999886,8.0,0.0019633691414466907,0.6999999999999886,8.0,0.0019633691414466907,3.0,3.0,0.1096573877103898,0.5173599726049929,0.462531278749798,64.25627552645078,56.031726074974735,74.17418006956152,19.74681808580118,55.565217391303754,17.149758454105843,53.28757282907933,-0.022473172650160383,0.042154961638994494,0.0,0.06999999999999318,0.08000000000004093,0.0,24896.0,24896.0,2022-04-08,2022-04-08 04:40:00,0.8429334082607475,26.0,1.0,best_within_2.0d,24921.0,358.9,0.5832424107187206,4.3760036431226785,32.22527881040892,0.012230020343504162,2.285057100371749,15.890706319702602,0.006381710269403211,0.4929364202292669,5.6011759621451125,36.843533123028394,0.015614239272951093,2.82998018927445,22.52492113564669,0.007835530045022196,1.8630914826498424,0.01017103244502524,0.6999999999999886,8.0,0.0019633691414466907,0.0,0
24896.0,2022-04-08 04:45:00,355.76,355.76,355.61,355.67,2200.0,3a,3a,1.0,buy,False,0.01017103244502524,4.163492493946733,28.239017640954685,0.011578080659927173,0.016059808906986106,0.4645387548631712,0.47256865931666425,0.0013301824642522378,58.70699325628165,39.5283970934616,62.62558574419488,-6.665980208004953,2200.0,0.9199999999999591,2.0,0.9199999999999591,9.0,0.002580428014472721,0.9199999999999591,9.0,0.002580428014472721,3.0,3.0,0.016059808906986106,0.47256865931666425,0.4645387548631712,58.70699325628165,39.5283970934616,62.62558574419488,-6.665980208004953,52.51575198611983,21.230937813897366,52.51145984733773,-0.025297953676628904,0.04218104102808618,0.0,0.060000000000002274,0.08999999999997499,0.0,24897.0,24897.0,2022-04-08,2022-04-08 04:45:00,0.9081451907667111,25.0,1.0,best_within_2.0d,24921.0,358.9,0.5832424107187206,4.3760036431226785,32.22527881040892,0.012230020343504162,2.285057100371749,15.890706319702602,0.006381710269403211,0.4929364202292669,5.6011759621451125,36.843533123028394,0.015614239272951093,2.82998018927445,22.52492113564669,0.007835530045022196,1.8630914826498424,0.01017103244502524,0.9199999999999591,9.0,0.002580428014472721,0.0,0
24921.0,2022-04-08 06:50:00,359.06,359.08,358.9,358.9,5997.0,3a,3a,0.0,sell,False,0.0008581552430517171,4.163492493946733,28.239017640954685,0.011578080659927173,0.031038228404474122,-0.6936804328260731,-0.678161318623836,-0.0018853654408193521,33.03979476793015,67.04216396051841,48.14413843327716,104.83821501500091,5997.0,0.8799999999999955,2.0,0.8799999999999955,9.0,0.0024567280848687757,0.8799999999999955,9.0,0.0024567280848687757,3.0,3.0,0.031038228404474122,-0.678161318623836,-0.6936804328260731,33.03979476793015,67.04216396051841,48.14413843327716,104.83821501500091,11.186440677965713,56.61016949152577,58.48821207298332,-0.04456079763828469,0.050153246029536594,0.01999999999998181,0.0,0.160000000000025,0.0,24922.0,24922.0,2022-04-08,2022-04-08 06:50:00,1.7379792118531918,37.0,1.0,best_within_2.0d,24958.0,348.84,0.5832424107187206,4.3760036431226785,32.22527881040892,0.012230020343504162,2.285057100371749,15.890706319702602,0.006381710269403211,0.4929364202292669,5.6011759621451125,36.843533123028394,0.015614239272951093,2.82998018927445,22.52492113564669,0.007835530045022196,1.8630914826498424,0.0008581552430517171,0.8799999999999955,9.0,0.0024567280848687757,0.0,1
24921.0,2022-04-08 06:50:00,354.78,355.01,354.77,355.01,5188.0,2,2,0.0,sell,False,0.37448559670781356,4.163492493946733,28.239017640954685,0.011578080659927173,0.05031198217389965,-0.14430348674587162,-0.1191474956589218,-0.00033584643158251473,55.90046985190856,64.41948506294564,43.85880777295982,105.54083964291729,5188.0,0.9099999999999682,1.0,2.42999999999995,28.0,0.006815695733879197,0.9099999999999682,7.0,0.00256989550974292,2.0,2.0,0.05031198217389965,-0.1191474956589218,-0.14430348674587162,55.90046985190856,64.41948506294564,43.85880777295982,105.54083964291729,22.324159021405283,29.35779816513664,59.315514068978,0.06482890805570161,0.06764946303238975,0.0,0.009999999999990905,0.2300000000000182,1.0,24922.0,24922.0,2022-04-08,2022-04-08 06:50:00,1.7379792118531918,37.0,1.0,best_within_2.0d,24958.0,348.84,0.37448559670781356,2.42999999999995,28.0,0.006815695733879197,0.9099999999999682,7.0,0.00256989550974292,0.4929364202292669,5.6011759621451125,36.843533123028394,0.015614239272951093,2.82998018927445,22.52492113564669,0.007835530045022196,1.8630914826498424,0.00402220134195386,1.9444468750000041,16.553125,0.005470102952261012,0.0,1
24922.0,2022-04-08 06:55:00,355.02,355.2,355.01,355.15,7200.0,2,2,0.0,sell,False,0.45267489711933684,4.163492493946733,28.239017640954685,0.011578080659927173,0.11836194679474754,-0.12950824339652817,-0.0703272699991544,-0.0001982188360834159,58.76584186589513,74.76450519347851,54.160706913132714,115.97210175417013,7200.0,1.099999999999966,1.0,2.42999999999995,28.0,0.006815695733879197,1.099999999999966,8.0,0.0031064670996892568,2.0,2.0,0.11836194679474754,-0.0703272699991544,-0.12950824339652817,58.76584186589513,74.76450519347851,54.160706913132714,115.97210175417013,28.253968253967514,30.476190476189498,55.348961905749825,0.03661765534335966,0.053519619165656666,0.05000000000001137,0.009999999999990905,0.12999999999999545,1.0,24923.0,24923.0,2022-04-08,2022-04-08 06:55:00,1.776714064479798,36.0,1.0,best_within_2.0d,24958.0,348.84,0.45267489711933684,2.42999999999995,28.0,0.006815695733879197,1.099999999999966,8.0,0.0031064670996892568,0.4929364202292669,5.6011759621451125,36.843533123028394,0.015614239272951093,2.82998018927445,22.52492113564669,0.007835530045022196,1.8630914826498424,0.00402220134195386,1.9444468750000041,16.553125,0.005470102952261012,0.0,1
24923.0,2022-04-08 07:00:00,355.17,355.2,354.95,355.03,17059.0,2,2,0.0,sell,False,0.45267489711933684,4.163492493946733,28.239017640954685,0.011578080659927173,0.14185478198926224,-0.11177639564787038,-0.04084900465323926,-0.00011512812555258694,55.440674919153196,78.02482164413654,62.11541182346731,109.843641285475,17059.0,1.099999999999966,1.0,2.42999999999995,28.0,0.006815695733879197,1.099999999999966,9.0,0.0031064670996892568,2.0,2.0,0.14185478198926224,-0.04084900465323926,-0.11177639564787038,55.440674919153196,78.02482164413654,62.11541182346731,109.843641285475,26.646706586825687,30.538922155687786,51.881627678375764,-0.039417743615745474,0.07043245527539091,0.029999999999972715,0.07999999999998408,0.1400000000000432,0.0,24924.0,24924.0,2022-04-08,2022-04-08 07:00:00,1.7435146325662614,35.0,1.0,best_within_2.0d,24958.0,348.84,0.45267489711933684,2.42999999999995,28.0,0.006815695733879197,1.099999999999966,9.0,0.0031064670996892568,0.4929364202292669,5.6011759621451125,36.843533123028394,0.015614239272951093,2.82998018927445,22.52492113564669,0.007835530045022196,1.8630914826498424,0.00402220134195386,1.9444468750000041,16.553125,0.005470102952261012,0.0,1
24924.0,2022-04-08 07:05:00,354.99,355.34,354.99,355.31,7258.0,2,2,0.0,sell,False,0.5102880658436123,4.163492493946733,28.239017640954685,0.011578080659927173,0.18691935374514165,-0.08841147642972767,0.005048200442843154,1.4226285659315464e-05,60.987603686296666,84.51654776275844,69.58245713656436,114.3847290151466,7258.0,1.2399999999999523,1.0,2.42999999999995,28.0,0.006815695733879197,1.2399999999999523,10.0,0.0035018356396496813,2.0,2.0,0.18691935374514165,0.005048200442843154,-0.08841147642972767,60.987603686296666,84.51654776275844,69.58245713656436,114.3847290151466,28.374655647382202,27.272727272727558,48.317239845620364,0.09014338432068317,0.0985943266007397,0.029999999999972715,0.0,0.3199999999999932,1.0,24925.0,24925.0,2022-04-08,2022-04-08 07:05:00,1.820945090202929,34.0,1.0,best_within_2.0d,24958.0,348.84,0.5102880658436123,2.42999999999995,28.0,0.006815695733879197,1.2399999999999523,10.0,0.0035018356396496813,0.4929364202292669,5.6011759621451125,36.843533123028394,0.015614239272951093,2.82998018927445,22.52492113564669,0.007835530045022196,1.8630914826498424,0.00402220134195386,1.9444468750000041,16.553125,0.005470102952261012,0.0,1
24925.0,2022-04-08 07:10:00,355.3,355.38,355.21,355.35,7887.0,2,2,0.0,sell,False,0.5267489711934152,4.163492493946733,28.239017640954685,0.011578080659927173,0.2120838070971576,-0.061901000542582976,0.044140903005995824,0.00012438008239926333,61.7207059289753,88.87124689560312,76.01205372291061,114.58963324098815,7887.0,1.2799999999999727,1.0,2.42999999999995,28.0,0.006815695733879197,1.2799999999999727,11.0,0.0036147980796384428,2.0,2.0,0.2120838070971576,0.044140903005995824,-0.061901000542582976,61.7207059289753,88.87124689560312,76.01205372291061,114.58963324098815,31.19533527696767,22.74052478134027,45.985699547767275,0.014072614691812936,0.04785901297824271,0.029999999999972715,0.09000000000003183,0.05000000000001137,1.0,24926.0,24926.0,2022-04-08,2022-04-08 07:10:00,1.8319966230477127,33.0,1.0,best_within_2.0d,24958.0,348.84,0.5267489711934152,2.42999999999995,28.0,0.006815695733879197,1.2799999999999727,11.0,0.0036147980796384428,0.4929364202292669,5.6011759621451125,36.843533123028394,0.015614239272951093,2.82998018927445,22.52492113564669,0.007835530045022196,1.8630914826498424,0.00402220134195386,1.9444468750000041,16.553125,0.005470102952261012,1.0,1
24930.0,2022-04-08 07:35:00,355.1,355.42,355.08,355.42,8777.0,2,2,0.0,sell,False,0.5432098765432183,4.163492493946733,28.239017640954685,0.011578080659927173,0.13812293652809873,0.028702373165817353,0.09776384142986672,0.0002754083455759508,61.113619934324575,79.51172338900702,76.25374570118552,86.02767876465,8777.0,1.3199999999999932,1.0,2.42999999999995,28.0,0.006815695733879197,1.3199999999999932,16.0,0.0037277605196272046,2.0,2.0,0.13812293652809873,0.09776384142986672,0.028702373165817353,61.113619934324575,79.51172338900702,76.25374570118552,86.02767876465,40.923076923075,11.692307692307145,43.17427088598422,0.09011546043367873,0.09575306973077387,0.0,0.020000000000038654,0.3199999999999932,1.0,24931.0,24931.0,2022-04-08,2022-04-08 07:35:00,1.8513308198750886,28.0,1.0,best_within_2.0d,24958.0,348.84,0.5432098765432183,2.42999999999995,28.0,0.006815695733879197,1.3199999999999932,16.0,0.0037277605196272046,0.4929364202292669,5.6011759621451125,36.843533123028394,0.015614239272951093,2.82998018927445,22.52492113564669,0.007835530045022196,1.8630914826498424,0.00402220134195386,1.9444468750000041,16.553125,0.005470102952261012,0.0,1
24931.0,2022-04-08 07:40:00,355.45,355.5,355.33,355.33,46780.0,2,2,0.0,sell,False,0.5761316872428008,4.163492493946733,28.239017640954685,0.011578080659927173,0.13138989553823993,0.04512611010809734,0.1108210578772173,0.00031216859557263465,58.487546978617225,76.03811862297363,76.18187000844821,75.75061585202445,46780.0,1.3999999999999773,1.0,2.42999999999995,28.0,0.006815695733879197,1.3999999999999773,17.0,0.003953685399604567,2.0,2.0,0.13138989553823993,0.1108210578772173,0.04512611010809734,58.487546978617225,76.03811862297363,76.18187000844821,75.75061585202445,42.987804878045935,11.585365853657892,44.20053006850967,-0.03376002250668295,0.047842850308168726,0.05000000000001137,0.0,0.12000000000000455,0.0,24932.0,24932.0,2022-04-08,2022-04-08 07:40:00,1.8264711676469787,27.0,1.0,best_within_2.0d,24958.0,348.84,0.5761316872428008,2.42999999999995,28.0,0.006815695733879197,1.3999999999999773,17.0,0.003953685399604567,0.4929364202292669,5.6011759621451125,36.843533123028394,0.015614239272951093,2.82998018927445,22.52492113564669,0.007835530045022196,1.8630914826498424,0.00402220134195386,1.9444468750000041,16.553125,0.005470102952261012,1.0,1
24943.0,2022-04-08 08:40:00,354.17,354.17,353.69,353.84,78398.0,1p,1p,1.0,buy,False,0.6898079452744545,1.8100000000000023,13.0,0.005091420534458516,-0.2515032711049505,-0.06821782783039552,-0.1939694633828708,-0.000546772648586436,30.373543014181905,16.229174411134014,25.66769659482495,-2.6478699562478525,78398.0,1.8100000000000023,0.0,1.8100000000000023,13.0,0.005091420534458516,1.8100000000000023,0.0,0.0,1.0,1.0,-0.2515032711049505,-0.1939694633828708,-0.06821782783039552,30.373543014181905,16.229174411134014,25.66769659482495,-2.6478699562478525,28.72736612302486,25.041736227043494,35.297507926187926,-0.09317559364148316,0.1357120642370489,0.0,0.14999999999997726,0.3300000000000409,0.0,24944.0,24944.0,2022-04-08,2022-04-08 08:40:00,0.7630567488130358,132.0,1.0,best_within_2.0d,25075.0,356.54,0.5832424107187206,4.3760036431226785,32.22527881040892,0.012230020343504162,2.285057100371749,15.890706319702602,0.006381710269403211,0.4929364202292669,5.6011759621451125,36.843533123028394,0.015614239272951093,2.82998018927445,22.52492113564669,0.007835530045022196,1.8630914826498424,0.00402220134195386,1.9444468750000041,16.553125,0.005470102952261012,0.0,0
24944.0,2022-04-08 08:45:00,353.789,353.85,353.49,353.6,40005.0,1p,1p,1.0,buy,False,0.8246665251545399,2.009999999999991,14.0,0.00565400843881854,-0.3006725713554935,-0.10580189924983223,-0.256138184927579,-0.0007221914657778743,27.55158077690872,13.365745903719292,21.567046364456395,-3.0368550177549167,40005.0,2.009999999999991,0.0,2.009999999999991,14.0,0.00565400843881854,2.009999999999991,0.0,0.0,1.0,1.0,-0.3006725713554935,-0.256138184927579,-0.10580189924983223,27.55158077690872,13.365745903719292,21.567046364456395,-3.0368550177549167,24.475166410649926,28.161802355348982,33.276535292216025,-0.053421672239658255,0.10184163625562637,0.06100000000003547,0.11000000000001364,0.18899999999996453,0.0,24945.0,24945.0,2022-04-08,2022-04-08 08:45:00,0.8314479638009042,131.0,1.0,best_within_2.0d,25075.0,356.54,0.5832424107187206,4.3760036431226785,32.22527881040892,0.012230020343504162,2.285057100371749,15.890706319702602,0.006381710269403211,0.4929364202292669,5.6011759621451125,36.843533123028394,0.015614239272951093,2.82998018927445,22.52492113564669,0.007835530045022196,1.8630914826498424,0.00402220134195386,1.9444468750000041,16.553125,0.005470102952261012,0.0,0
24945.0,2022-04-08 08:50:00,353.59,353.66,353.36,353.48,48261.0,1p,1p,1.0,buy,False,0.9026801825697318,2.1399999999999864,15.0,0.006019690576652564,-0.32911627103334407,-0.14694143312900027,-0.3114995686456723,-0.0008785029859510825,26.238908836993375,11.491142430436597,18.20841171978313,-1.9433961482564683,48261.0,2.1399999999999864,0.0,2.1399999999999864,15.0,0.006019690576652564,2.1399999999999864,0.0,0.0,1.0,1.0,-0.32911627103334407,-0.3114995686456723,-0.14694143312900027,26.238908836993375,11.491142430436597,18.20841171978313,-1.9433961482564683,22.72242773841616,29.6256818609299,31.841583346262393,-0.031109477077959448,0.0848992528865778,0.07000000000005002,0.12000000000000455,0.1099999999999568,0.0,24946.0,24946.0,2022-04-08,2022-04-08 08:50:00,0.8656783976462606,130.0,1.0,best_within_2.0d,25075.0,356.54,0.5832424107187206,4.3760036431226785,32.22527881040892,0.012230020343504162,2.285057100371749,15.890706319702602,0.006381710269403211,0.4929364202292669,5.6011759621451125,36.843533123028394,0.015614239272951093,2.82998018927445,22.52492113564669,0.007835530045022196,1.8630914826498424,0.00402220134195386,1.9444468750000041,16.553125,0.005470102952261012,0.0,0
24947.0,2022-04-08 09:00:00,353.47,353.47,352.73,352.84,175977.0,1p,1p,1.0,buy,False,1.0509133199302305,2.769999999999982,17.0,0.007791842475386728,-0.38316192125774357,-0.2349154697615717,-0.4264964303904435,-0.001203503424585958,21.190932148058636,9.22640758573353,13.682913425989184,0.31339590522221883,175977.0,2.769999999999982,0.0,2.769999999999982,17.0,0.007791842475386728,2.769999999999982,0.0,0.0,1.0,1.0,-0.38316192125774357,-0.4264964303904435,-0.2349154697615717,21.190932148058636,9.22640758573353,13.682913425989184,0.31339590522221883,20.418051721223833,34.368133415965666,30.148674007428095,-0.1782329476334773,0.2097921923284124,0.0,0.1099999999999568,0.6300000000000523,0.0,24948.0,24948.0,2022-04-08,2022-04-08 09:00:00,1.0486339417299757,128.0,1.0,best_within_2.0d,25075.0,356.54,0.5832424107187206,4.3760036431226785,32.22527881040892,0.012230020343504162,2.285057100371749,15.890706319702602,0.006381710269403211,0.4929364202292669,5.6011759621451125,36.843533123028394,0.015614239272951093,2.82998018927445,22.52492113564669,0.007835530045022196,1.8630914826498424,0.00402220134195386,1.9444468750000041,16.553125,0.005470102952261012,0.0,0
24948.0,2022-04-08 09:05:00,352.82,352.95,352.58,352.79,111138.0,1p,1p,1.0,buy,False,1.1090758256857194,2.920000000000016,18.0,0.008213783403656865,-0.40436791135016836,-0.2854614586803428,-0.48764541435542696,-0.0013765131100533453,20.805700761207618,9.155230235983048,12.173685695987139,3.1183193159748654,111138.0,2.920000000000016,0.0,2.920000000000016,18.0,0.008213783403656865,2.920000000000016,0.0,0.0,1.0,1.0,-0.40436791135016836,-0.48764541435542696,-0.2854614586803428,20.805700761207618,9.155230235983048,12.173685695987139,3.1183193159748654,20.13445191399526,33.33518528807057,29.758645814164957,-0.008502919335630835,0.10494072267286986,0.12999999999999545,0.21000000000003638,0.029999999999972715,0.0,24949.0,24949.0,2022-04-08,2022-04-08 09:05:00,1.0629552991864848,127.0,1.0,best_within_2.0d,25075.0,356.54,0.5832424107187206,4.3760036431226785,32.22527881040892,0.012230020343504162,2.285057100371749,15.890706319702602,0.006381710269403211,0.4929364202292669,5.6011759621451125,36.843533123028394,0.015614239272951093,2.82998018927445,22.52492113564669,0.007835530045022196,1.8630914826498424,0.00402220134195386,1.9444468750000041,16.553125,0.005470102952261012,0.0,0
24949.0,2022-04-08 09:10:00,352.75,352.75,352.35,352.43,70777.0,1p,1p,1.0,buy,False,1.199140785912014,3.1499999999999773,19.0,0.008860759493670822,-0.43720550370326594,-0.340112146643251,-0.558714898494884,-0.0015777304054334588,18.235295567548434,7.187497664096892,10.51162301869039,0.5392469549098955,70777.0,3.1499999999999773,0.0,3.1499999999999773,19.0,0.008860759493670822,3.1499999999999773,0.0,0.0,1.0,1.0,-0.43720550370326594,-0.558714898494884,-0.340112146643251,18.235295567548434,7.187497664096892,10.51162301869039,0.5392469549098955,4.158415841584776,52.07920792078957,33.71954737069826,-0.09071580439404484,0.11352348517098829,0.0,0.07999999999998408,0.3199999999999932,0.0,24950.0,24950.0,2022-04-08,2022-04-08 09:10:00,1.166189030445766,126.0,1.0,best_within_2.0d,25075.0,356.54,0.5832424107187206,4.3760036431226785,32.22527881040892,0.012230020343504162,2.285057100371749,15.890706319702602,0.006381710269403211,0.4929364202292669,5.6011759621451125,36.843533123028394,0.015614239272951093,2.82998018927445,22.52492113564669,0.007835530045022196,1.8630914826498424,0.00402220134195386,1.9444468750000041,16.553125,0.005470102952261012,0.0,0
24952.0,2022-04-08 09:25:00,352.64,352.71,352.2,352.37,106820.0,1p,1p,1.0,buy,False,1.1991407859120145,3.3000000000000114,22.0,0.009282700421940961,-0.32291923287138236,-0.4708887675465845,-0.6323483839822757,-0.0017872595371720061,24.104383741985913,12.253918675326311,11.898610173963673,12.964535678051586,106820.0,3.3000000000000114,0.0,3.3000000000000114,22.0,0.009282700421940961,3.3000000000000114,0.0,0.0,1.0,1.0,-0.32291923287138236,-0.6323483839822757,-0.4708887675465845,24.104383741985913,12.253918675326311,11.898610173963673,12.964535678051586,5.054151624549148,49.63898916967287,43.06126487926133,-0.0765653357531709,0.14480408858602808,0.06999999999999318,0.17000000000001592,0.2699999999999818,0.0,24953.0,24953.0,2022-04-08,2022-04-08 09:25:00,1.1834151602009295,123.0,1.0,best_within_2.0d,25075.0,356.54,0.5832424107187206,4.3760036431226785,32.22527881040892,0.012230020343504162,2.285057100371749,15.890706319702602,0.006381710269403211,0.4929364202292669,5.6011759621451125,36.843533123028394,0.015614239272951093,2.82998018927445,22.52492113564669,0.007835530045022196,1.8630914826498424,0.00402220134195386,1.9444468750000041,16.553125,0.005470102952261012,0.0,0
24953.0,2022-04-08 09:30:00,352.32,352.54,350.77,351.08,1433419.0,1p,1p,1.0,buy,False,1.2369432368313573,4.730000000000018,23.0,0.013305203938115382,-0.45098823863279236,-0.5272622973756835,-0.7527564166920797,-0.0021287951612795,16.565767434669937,11.744826983089485,11.847349110338943,11.539782728590573,1433419.0,4.730000000000018,0.0,4.730000000000018,23.0,0.013305203938115382,4.730000000000018,0.0,0.0,1.0,1.0,-0.45098823863279236,-0.7527564166920797,-0.5272622973756835,16.565767434669937,11.744826983089485,11.847349110338943,11.539782728590573,1.2968299711819835,60.23054755043009,46.82721333970876,-0.3519527702089036,0.5046041565698431,0.22000000000002728,0.3100000000000023,1.240000000000009,0.0,24954.0,24954.0,2022-04-08,2022-04-08 09:30:00,1.5552010937678127,122.0,1.0,best_within_2.0d,25075.0,356.54,0.5832424107187206,4.3760036431226785,32.22527881040892,0.012230020343504162,2.285057100371749,15.890706319702602,0.006381710269403211,0.4929364202292669,5.6011759621451125,36.843533123028394,0.015614239272951093,2.82998018927445,22.52492113564669,0.007835530045022196,1.8630914826498424,0.00402220134195386,1.9444468750000041,16.553125,0.005470102952261012,0.0,0
24954.0,2022-04-08 09:35:00,351.07,351.1,350.26,350.51,1428217.0,1p,1p,1.0,buy,False,1.5654352730442227,5.240000000000009,24.0,0.014739803094233499,-0.5707560989559881,-0.598606809745182,-0.883984859223176,-0.002501531991900893,14.419793353434613,10.280865047549828,11.325187756075904,8.192219630497675,1428217.0,5.240000000000009,0.0,5.240000000000009,24.0,0.014739803094233499,5.240000000000009,0.0,0.0,1.0,1.0,-0.5707560989559881,-0.883984859223176,-0.598606809745182,14.419793353434613,10.280865047549828,11.325187756075904,8.192219630497675,0.9308510638296777,62.36702127659369,50.41518549611614,-0.159512347964794,0.2398218466282281,0.03000000000002956,0.25,0.5600000000000023,0.0,24955.0,24955.0,2022-04-08,2022-04-08 09:35:00,1.720350346637765,121.0,1.0,best_within_2.0d,25075.0,356.54,0.5832424107187206,4.3760036431226785,32.22527881040892,0.012230020343504162,2.285057100371749,15.890706319702602,0.006381710269403211,0.4929364202292669,5.6011759621451125,36.843533123028394,0.015614239272951093,2.82998018927445,22.52492113564669,0.007835530045022196,1.8630914826498424,0.00402220134195386,1.9444468750000041,16.553125,0.005470102952261012,0.0,0
24955.0,2022-04-08 09:40:00,350.5,350.71,349.81,349.98,1108441.0,1p,1p,1.0,buy,False,1.8448659867461221,5.689999999999998,25.0,0.016005625879043594,-0.6726362512862967,-0.682686341155969,-1.0190044667991174,-0.0028856703495382446,12.76406995807507,8.402179612756486,10.350851708302764,4.50483542166393,1108441.0,5.689999999999998,0.0,5.689999999999998,25.0,0.016005625879043594,5.689999999999998,0.0,0.0,1.0,1.0,-0.6726362512862967,-1.0190044667991174,-0.682686341155969,12.76406995807507,8.402179612756486,10.350851708302764,4.50483542166393,0.887198986058204,60.45627376425684,53.75034639043135,-0.14835948644792632,0.2572825247991702,0.20999999999997954,0.17000000000001592,0.5199999999999818,0.0,24956.0,24956.0,2022-04-08,2022-04-08 09:40:00,1.8743928224469975,120.0,1.0,best_within_2.0d,25075.0,356.54,0.5832424107187206,4.3760036431226785,32.22527881040892,0.012230020343504162,2.285057100371749,15.890706319702602,0.006381710269403211,0.4929364202292669,5.6011759621451125,36.843533123028394,0.015614239272951093,2.82998018927445,22.52492113564669,0.007835530045022196,1.8630914826498424,0.00402220134195386,1.9444468750000041,16.553125,0.005470102952261012,0.0,0
24956.0,2022-04-08 09:45:00,349.995,350.83,349.71,350.29,1104496.0,1p,1p,1.0,buy,False,1.8448659867461221,5.7900000000000205,26.0,0.016286919831223687,-0.6492172595643333,-0.7638384986015108,-1.0884471283836774,-0.0030841563147816363,18.647999876393214,11.568531264471806,10.756744893692446,13.192104006030526,1104496.0,5.7900000000000205,0.0,5.7900000000000205,26.0,0.016286919831223687,5.7900000000000205,0.0,0.0,1.0,1.0,-0.6492172595643333,-1.0884471283836774,-0.7638384986015108,18.647999876393214,11.568531264471806,10.756744893692446,13.192104006030526,2.1764032073309973,53.03550973653951,56.49076326058726,0.08428691838455289,0.32026536272911976,0.5399999999999636,0.285000000000025,0.2950000000000159,1.0,24957.0,24957.0,2022-04-08,2022-04-08 09:45:00,1.7842359188101287,119.0,1.0,best_within_2.0d,25075.0,356.54,0.5832424107187206,4.3760036431226785,32.22527881040892,0.012230020343504162,2.285057100371749,15.890706319702602,0.006381710269403211,0.4929364202292669,5.6011759621451125,36.843533123028394,0.015614239272951093,2.82998018927445,22.52492113564669,0.007835530045022196,1.8630914826498424,0.00402220134195386,1.9444468750000041,16.553125,0.005470102952261012,0.0,0
24957.0,2022-04-08 09:50:00,350.29,350.42,348.84,349.01,1134402.0,1p,1p,1.0,buy,False,2.0569210969819487,6.660000000000025,27.0,0.018734177215189943,-0.7499513275248166,-0.8575824145421128,-1.2325580783045211,-0.0034953655661677093,14.34550092776557,9.13613977095453,10.21654318611314,6.975332940637312,1134402.0,6.660000000000025,0.0,6.660000000000025,27.0,0.018734177215189943,6.660000000000025,0.0,0.0,1.0,1.0,-0.7499513275248166,-1.2325580783045211,-0.8575824145421128,14.34550092776557,9.13613977095453,10.21654318611314,6.975332940637312,1.9328585961342404,51.37334689725234,59.08057242790627,-0.3654115161723228,0.45292970989566594,0.12999999999999545,0.17000000000001592,1.2800000000000296,0.0,24958.0,24958.0,2022-04-08,2022-04-08 09:50:00,2.1575313028280076,118.0,1.0,best_within_2.0d,25075.0,356.54,0.5832424107187206,4.3760036431226785,32.22527881040892,0.012230020343504162,2.285057100371749,15.890706319702602,0.006381710269403211,0.4929364202292669,5.6011759621451125,36.843533123028394,0.015614239272951093,2.82998018927445,22.52492113564669,0.007835530045022196,1.8630914826498424,0.00402220134195386,1.9444468750000041,16.553125,0.005470102952261012,0.0,0
24958.0,2022-04-08 09:55:00,348.98,349.34,348.62,348.84,804762.0,1p,1p,1.0,buy,False,2.138889647830216,6.8799999999999955,28.0,0.019353023909985924,-0.7798369773021172,-0.9550620367048775,-1.3449805253559362,-0.0038172163361743566,13.887224410575712,7.836791593334536,9.423292655186938,4.663789469629734,804762.0,6.8799999999999955,0.0,6.8799999999999955,28.0,0.019353023909985924,6.8799999999999955,0.0,0.0,1.0,1.0,-0.7798369773021172,-1.3449805253559362,-0.9550620367048775,13.887224410575712,7.836791593334536,9.423292655186938,4.663789469629734,1.864573110893,49.754661432776345,61.4873647830015,-0.04011691214397478,0.20652859847397464,0.3599999999999568,0.21999999999997044,0.1400000000000432,0.0,24959.0,24959.0,2022-04-08,2022-04-08 09:55:00,2.207315674807948,117.0,1.0,best_within_2.0d,25075.0,356.54,0.5832424107187206,4.3760036431226785,32.22527881040892,0.012230020343504162,2.285057100371749,15.890706319702602,0.006381710269403211,0.4929364202292669,5.6011759621451125,36.843533123028394,0.015614239272951093,2.82998018927445,22.52492113564669,0.007835530045022196,1.8630914826498424,0.00402220134195386,1.9444468750000041,16.553125,0.005470102952261012,1.0,0
24978.0,2022-04-08 11:35:00,351.54,351.54,350.49,351.11,692240.0,2,2,1.0,buy,False,0.5769230769230774,4.163492493946733,28.239017640954685,0.011578080659927173,0.24381486273938535,-0.222022654806239,-0.10011522343654633,-0.0002848188746064232,46.33791899197925,46.39063850084304,57.91777171542896,23.336372071671192,692240.0,2.5500000000000114,1.0,4.420000000000016,14.0,0.012678561184097343,2.5500000000000114,8.0,0.007222977566281473,2.0,2.0,0.24381486273938535,-0.10011522343654633,-0.222022654806239,46.33791899197925,46.39063850084304,57.91777171542896,23.336372071671192,24.614413632598357,22.09064731174257,39.733789028357585,-0.12231893952324253,0.2995805871779541,0.0,0.6200000000000045,0.4300000000000068,0.0,24979.0,24979.0,2022-04-08,2022-04-08 11:35:00,1.5465238814046898,97.0,1.0,best_within_2.0d,25075.0,356.54,0.5769230769230774,4.420000000000016,14.0,0.012678561184097343,2.5500000000000114,8.0,0.007222977566281473,0.4929364202292669,5.6011759621451125,36.843533123028394,0.015614239272951093,2.82998018927445,22.52492113564669,0.007835530045022196,1.8630914826498424,0.00402220134195386,1.9444468750000041,16.553125,0.005470102952261012,1.0,0
24988.0,2022-04-08 12:25:00,352.73,353.09,352.63,352.89,462358.0,1p,1p,0.0,sell,False,0.42292641992383345,2.599999999999966,11.0,0.007418185968215829,0.34736878875128824,0.060984374653341354,0.23466876902898548,0.0006670250958277717,62.622603006127626,83.5868405507237,74.77114088496495,101.21823988224116,462358.0,2.599999999999966,0.0,2.599999999999966,11.0,0.007418185968215829,2.599999999999966,0.0,0.0,1.0,1.0,0.34736878875128824,0.23466876902898548,0.060984374653341354,62.622603006127626,83.5868405507237,74.77114088496495,101.21823988224116,22.083748753738718,18.645064805583203,25.49235936853236,0.04536047401694445,0.1304483452910925,0.19999999999998863,0.10000000000002274,0.15999999999996817,1.0,24989.0,24989.0,2022-04-08,2022-04-08 12:25:00,1.0711553175210329,42.0,1.0,best_within_2.0d,25030.0,349.11,0.5832424107187206,4.3760036431226785,32.22527881040892,0.012230020343504162,2.285057100371749,15.890706319702602,0.006381710269403211,0.4929364202292669,5.6011759621451125,36.843533123028394,0.015614239272951093,2.82998018927445,22.52492113564669,0.007835530045022196,1.8630914826498424,0.00402220134195386,1.9444468750000041,16.553125,0.005470102952261012,1.0,1
24992.0,2022-04-08 12:45:00,352.34,352.615,352.05,352.1499,242850.0,2s,2s,1.0,buy,False,0.22398190045248995,4.163492493946733,28.239017640954685,0.011578080659927173,0.12817488531984073,0.17416843194893308,0.23825587460885345,0.0006769365770065053,52.390253934614286,61.46436526842751,69.22294652675114,45.947202751780225,242850.0,1.0399999999999636,1.0,4.420000000000016,14.0,0.012678561184097343,1.0399999999999636,5.0,0.0029454246792601424,1.0,2.5,0.12817488531984073,0.23825587460885345,0.17416843194893308,52.390253934614286,61.46436526842751,69.22294652675114,45.947202751780225,20.010563008344405,12.806591317206587,22.145357089073165,-0.053953567576764665,0.16048856696491912,0.2750000000000341,0.099899999999991,0.19009999999997262,0.0,24993.0,24993.0,2022-04-08,2022-04-08 12:45:00,1.2466566084499862,83.0,1.0,best_within_2.0d,25075.0,356.54,0.5832424107187206,4.3760036431226785,32.22527881040892,0.012230020343504162,2.285057100371749,15.890706319702602,0.006381710269403211,0.22398190045248995,4.420000000000016,14.0,0.012678561184097343,1.0399999999999636,5.0,0.0029454246792601424,1.0,0.00402220134195386,1.9444468750000041,16.553125,0.005470102952261012,0.0,0
24993.0,2022-04-08 12:50:00,352.14,352.64,351.92,352.4699,319090.0,2s,2s,1.0,buy,False,0.25339366515837114,4.163492493946733,28.239017640954685,0.011578080659927173,0.10873279204826408,0.1877600309549661,0.24212642697909814,0.0006878601113554725,55.906076422639856,62.43026650079082,66.95871985143103,53.37335979951041,319090.0,1.169999999999959,1.0,4.420000000000016,14.0,0.012678561184097343,1.169999999999959,6.0,0.0033136027641676603,1.0,2.5,0.10873279204826408,0.24212642697909814,0.1877600309549661,55.906076422639856,62.43026650079082,66.95871985143103,53.37335979951041,19.698450660288753,13.95861495268739,21.781680180973712,0.09368433009598716,0.20459195271651806,0.17009999999999081,0.21999999999997044,0.3299000000000092,1.0,24994.0,24994.0,2022-04-08,2022-04-08 12:50:00,1.1547369009382147,82.0,1.0,best_within_2.0d,25075.0,356.54,0.5832424107187206,4.3760036431226785,32.22527881040892,0.012230020343504162,2.285057100371749,15.890706319702602,0.006381710269403211,0.25339366515837114,4.420000000000016,14.0,0.012678561184097343,1.169999999999959,6.0,0.0033136027641676603,1.0,0.00402220134195386,1.9444468750000041,16.553125,0.005470102952261012,0.0,0
24996.0,2022-04-08 13:05:00,352.4,352.42,351.92,352.305,232374.0,2s,2s,1.0,buy,False,0.25339366515837114,4.163492493946733,28.239017640954685,0.011578080659927173,0.026251411192187823,0.21401279762268835,0.22713850321878226,0.0006451107951219309,52.97942126299884,49.860813039604274,59.28637865560278,31.009681807607265,232374.0,1.169999999999959,1.0,4.420000000000016,14.0,0.012678561184097343,1.169999999999959,9.0,0.0033136027641676603,1.0,2.5,0.026251411192187823,0.22713850321878226,0.21401279762268835,52.97942126299884,49.860813039604274,59.28637865560278,31.009681807607265,16.60053499777023,18.082924654479797,18.327646636319542,-0.02695800227013917,0.1420777449420323,0.020000000000038654,0.3849999999999909,0.09499999999997044,0.0,24997.0,24997.0,2022-04-08,2022-04-08 13:05:00,1.2020834220348884,79.0,1.0,best_within_2.0d,25075.0,356.54,0.5832424107187206,4.3760036431226785,32.22527881040892,0.012230020343504162,2.285057100371749,15.890706319702602,0.006381710269403211,0.25339366515837114,4.420000000000016,14.0,0.012678561184097343,1.169999999999959,9.0,0.0033136027641676603,1.0,0.00402220134195386,1.9444468750000041,16.553125,0.005470102952261012,0.0,0
24997.0,2022-04-08 13:10:00,352.35,352.35,351.54,351.57,312534.0,2s,2s,1.0,buy,False,0.33936651583710287,4.163492493946733,28.239017640954685,0.011578080659927173,-0.10156582757147437,0.20131706917625403,0.15053415539051684,0.0004275887973532698,44.17332561742074,33.959966486833856,50.844241266013135,0.19141692847530578,312534.0,1.5499999999999545,1.0,4.420000000000016,14.0,0.012678561184097343,1.5499999999999545,10.0,0.0043898156277435065,1.0,2.5,-0.10156582757147437,0.15053415539051684,0.20131706917625403,44.17332561742074,33.959966486833856,50.844241266013135,0.19141692847530578,12.614135206320992,21.975417032483858,18.951664733272004,-0.22137079608344815,0.23041474654377944,0.0,0.029999999999972715,0.7800000000000296,0.0,24998.0,24998.0,2022-04-08,2022-04-08 13:10:00,1.4136587308359723,78.0,1.0,best_within_2.0d,25075.0,356.54,0.5832424107187206,4.3760036431226785,32.22527881040892,0.012230020343504162,2.285057100371749,15.890706319702602,0.006381710269403211,0.33936651583710287,4.420000000000016,14.0,0.012678561184097343,1.5499999999999545,10.0,0.0043898156277435065,1.0,0.00402220134195386,1.9444468750000041,16.553125,0.005470102952261012,0.0,0
24998.0,2022-04-08 13:15:00,351.55,351.65,351.26,351.365,292467.0,2s,2s,1.0,buy,False,0.40271493212670206,4.163492493946733,28.239017640954685,0.011578080659927173,-0.206190928834733,0.1755432030719124,0.0724477386545459,0.00020581594882959373,42.07279619002461,24.883567401479365,42.19068331116854,-9.730664417898993,292467.0,1.829999999999984,1.0,4.420000000000016,14.0,0.012678561184097343,1.829999999999984,11.0,0.005182814579852118,1.0,2.5,-0.206190928834733,0.0724477386545459,0.1755432030719124,42.07279619002461,24.883567401479365,42.19068331116854,-9.730664417898993,12.868338557993392,23.985669502910607,19.75267915940051,-0.0526240933010958,0.11102886750554755,0.0999999999999659,0.10500000000001819,0.18500000000000227,0.0,24999.0,24999.0,2022-04-08,2022-04-08 13:15:00,1.472827401704783,77.0,1.0,best_within_2.0d,25075.0,356.54,0.5832424107187206,4.3760036431226785,32.22527881040892,0.012230020343504162,2.285057100371749,15.890706319702602,0.006381710269403211,0.40271493212670206,4.420000000000016,14.0,0.012678561184097343,1.829999999999984,11.0,0.005182814579852118,1.0,0.00402220134195386,1.9444468750000041,16.553125,0.005470102952261012,0.0,0
25000.0,2022-04-08 13:25:00,351.41,351.41,350.95,351.09,364224.0,2s,2s,1.0,buy,False,0.47285067873303716,4.163492493946733,28.239017640954685,0.011578080659927173,-0.3261405874406068,0.10136317176859051,-0.06170712195171291,-0.0001753593536497595,39.19188945702878,14.700206106859499,27.719704318865457,-11.338790317152416,364224.0,2.1399999999999864,1.0,4.420000000000016,14.0,0.012678561184097343,2.1399999999999864,13.0,0.006060777705400851,1.0,2.5,-0.3261405874406068,-0.06170712195171291,0.10136317176859051,39.19188945702878,14.700206106859499,27.719704318865457,-11.338790317152416,12.782563299398909,29.397024275645688,21.514272211808496,-0.09106172277398196,0.1310728023935137,0.0,0.13999999999998636,0.32000000000005,0.0,25001.0,25001.0,2022-04-08,2022-04-08 13:25:00,1.5523085248796735,75.0,1.0,best_within_2.0d,25075.0,356.54,0.5832424107187206,4.3760036431226785,32.22527881040892,0.012230020343504162,2.285057100371749,15.890706319702602,0.006381710269403211,0.47285067873303716,4.420000000000016,14.0,0.012678561184097343,2.1399999999999864,13.0,0.006060777705400851,1.0,0.00402220134195386,1.9444468750000041,16.553125,0.005470102952261012,0.0,0
25001.0,2022-04-08 13:30:00,351.11,351.14,350.675,350.71,317590.0,2s,2s,1.0,buy,False,0.5350678733031675,4.163492493946733,28.239017640954685,0.011578080659927173,-0.39627375231358564,0.05182895272939231,-0.1463079234274005,-0.0004158812481391047,35.54649850472131,10.344037948473053,21.927815528734655,-12.823517212050149,317590.0,2.4149999999999636,1.0,4.420000000000016,14.0,0.012678561184097343,2.4149999999999636,14.0,0.006839615961935948,1.0,2.5,-0.39627375231358564,-0.1463079234274005,0.05182895272939231,35.54649850472131,10.344037948473053,21.927815528734655,-12.823517212050149,7.697621894512624,33.57778663478076,24.456193598360507,-0.11392441115320956,0.13260141156340627,0.029999999999972715,0.03499999999996817,0.4000000000000341,0.0,25002.0,25002.0,2022-04-08,2022-04-08 13:30:00,1.662342106013527,74.0,1.0,best_within_2.0d,25075.0,356.54,0.5832424107187206,4.3760036431226785,32.22527881040892,0.012230020343504162,2.285057100371749,15.890706319702602,0.006381710269403211,0.5350678733031675,4.420000000000016,14.0,0.012678561184097343,2.4149999999999636,14.0,0.006839615961935948,1.0,0.00402220134195386,1.9444468750000041,16.553125,0.005470102952261012,0.0,0
25002.0,2022-04-08 13:35:00,350.71,350.9107,350.57,350.73,333343.0,2s,2s,1.0,buy,False,0.5588235294117688,4.163492493946733,28.239017640954685,0.011578080659927173,-0.41785085922799337,-0.0004024046741068599,-0.20932783428810353,-0.0005951501206867973,35.88451811987591,9.266395669352775,17.707342242274027,-7.615497476489729,333343.0,2.519999999999982,1.0,4.420000000000016,14.0,0.012678561184097343,2.519999999999982,15.0,0.0071369905689766975,1.0,2.5,-0.41785085922799337,-0.20932783428810353,-0.0004024046741068599,35.88451811987591,9.266395669352775,17.707342242274027,-7.615497476489729,5.256692360651277,35.53599632814436,28.011271323663284,0.005702717344825826,0.09718458510426638,0.18070000000000164,0.13999999999998636,0.020000000000038654,1.0,25003.0,25003.0,2022-04-08,2022-04-08 13:35:00,1.6565449205941898,73.0,1.0,best_within_2.0d,25075.0,356.54,0.5832424107187206,4.3760036431226785,32.22527881040892,0.012230020343504162,2.285057100371749,15.890706319702602,0.006381710269403211,0.5588235294117688,4.420000000000016,14.0,0.012678561184097343,2.519999999999982,15.0,0.0071369905689766975,1.0,0.00402220134195386,1.9444468750000041,16.553125,0.005470102952261012,0.0,0
25003.0,2022-04-08 13:40:00,350.74,350.855,350.4,350.75,389999.0,2s,2s,1.0,buy,False,0.5972850678733108,4.163492493946733,28.239017640954685,0.011578080659927173,-0.4069104954714903,-0.05126621660804315,-0.2547214643437883,-0.0007243593473552863,36.24459651900935,11.317097847116486,15.577260777221513,2.796771986906432,389999.0,2.6899999999999977,1.0,4.420000000000016,14.0,0.012678561184097343,2.6899999999999977,16.0,0.007618454218471206,1.0,2.5,-0.4069104954714903,-0.2547214643437883,-0.05126621660804315,36.24459651900935,11.317097847116486,15.577260777221513,2.796771986906432,5.406305968594607,33.90950615741246,31.188898927147566,0.0028511147858786864,0.12985159817352768,0.10500000000001819,0.34000000000003183,0.009999999999990905,1.0,25004.0,25004.0,2022-04-08,2022-04-08 13:40:00,1.6507483962936622,72.0,1.0,best_within_2.0d,25075.0,356.54,0.5832424107187206,4.3760036431226785,32.22527881040892,0.012230020343504162,2.285057100371749,15.890706319702602,0.006381710269403211,0.5972850678733108,4.420000000000016,14.0,0.012678561184097343,2.6899999999999977,16.0,0.007618454218471206,1.0,0.00402220134195386,1.9444468750000041,16.553125,0.005470102952261012,0.0,0
25004.0,2022-04-08 13:45:00,350.77,350.8185,350.29,350.31,383939.0,2s,2s,1.0,buy,False,0.6221719457013553,4.163492493946733,28.239017640954685,0.011578080659927173,-0.4339471423963892,-0.1055096094075918,-0.3224831806057864,-0.0009173145072010858,31.988293018982773,7.857720943460785,13.004080832634603,-2.4349988348868514,383939.0,2.7999999999999545,1.0,4.420000000000016,14.0,0.012678561184097343,2.7999999999999545,17.0,0.007929989521085147,1.0,2.5,-0.4339471423963892,-0.3224831806057864,-0.1055096094075918,31.988293018982773,7.857720943460785,13.004080832634603,-2.4349988348868514,5.362749958684073,33.22315870654909,34.11851924739888,-0.13114006328932906,0.15087498929457058,0.048499999999989996,0.01999999999998181,0.45999999999997954,0.0,25005.0,25005.0,2022-04-08,2022-04-08 13:45:00,1.7784248237275608,71.0,1.0,best_within_2.0d,25075.0,356.54,0.5832424107187206,4.3760036431226785,32.22527881040892,0.012230020343504162,2.285057100371749,15.890706319702602,0.006381710269403211,0.6221719457013553,4.420000000000016,14.0,0.012678561184097343,2.7999999999999545,17.0,0.007929989521085147,1.0,0.00402220134195386,1.9444468750000041,16.553125,0.005470102952261012,0.0,0
25005.0,2022-04-08 13:50:00,350.31,350.78,350.23,350.53,412027.0,2s,2s,1.0,buy,False,0.6357466063348398,4.163492493946733,28.239017640954685,0.011578080659927173,-0.39814136861614136,-0.15527728048460948,-0.35434796479268016,-0.001008171952396234,36.03311321660837,9.955461761048603,11.98787447543927,5.89063633226727,412027.0,2.859999999999957,1.0,4.420000000000016,14.0,0.012678561184097343,2.859999999999957,18.0,0.008099917867965553,1.0,2.5,-0.39814136861614136,-0.35434796479268016,-0.15527728048460948,36.03311321660837,9.955461761048603,11.98787447543927,5.89063633226727,2.467714074196053,33.89542376134408,37.85486690957537,0.0628015186548972,0.15703965965221553,0.25,0.07999999999998408,0.21999999999997044,1.0,25006.0,25006.0,2022-04-08,2022-04-08 13:50:00,1.714546543805109,70.0,1.0,best_within_2.0d,25075.0,356.54,0.5832424107187206,4.3760036431226785,32.22527881040892,0.012230020343504162,2.285057100371749,15.890706319702602,0.006381710269403211,0.6357466063348398,4.420000000000016,14.0,0.012678561184097343,2.859999999999957,18.0,0.008099917867965553,1.0,0.00402220134195386,1.9444468750000041,16.553125,0.005470102952261012,0.0,0
25007.0,2022-04-08 14:00:00,350.5,350.9,350.17,350.24,563904.0,2s,2s,1.0,buy,False,0.6493212669683245,4.163492493946733,28.239017640954685,0.011578080659927173,-0.3394626239453853,-0.24202876032072584,-0.4117600722934185,-0.0011720439312699047,33.04358459921333,10.383072883521082,11.724467274794907,7.700284100973434,563904.0,2.919999999999959,1.0,4.420000000000016,14.0,0.012678561184097343,2.919999999999959,20.0,0.008269846214845958,1.0,2.5,-0.3394626239453853,-0.4117600722934185,-0.24202876032072584,33.04358459921333,10.383072883521082,11.724467274794907,7.700284100973434,2.553481246098971,29.790614537819714,44.297086759030485,-0.07417974322396316,0.20847017163091106,0.39999999999997726,0.06999999999999318,0.2599999999999909,0.0,25008.0,25008.0,2022-04-08,2022-04-08 14:00:00,1.7987665600730958,68.0,1.0,best_within_2.0d,25075.0,356.54,0.5832424107187206,4.3760036431226785,32.22527881040892,0.012230020343504162,2.285057100371749,15.890706319702602,0.006381710269403211,0.6493212669683245,4.420000000000016,14.0,0.012678561184097343,2.919999999999959,20.0,0.008269846214845958,1.0,0.00402220134195386,1.9444468750000041,16.553125,0.005470102952261012,0.0,0
25008.0,2022-04-08 14:05:00,350.25,350.7,350.125,350.665,453943.0,2s,2s,1.0,buy,False,0.6595022624434411,4.163492493946733,28.239017640954685,0.011578080659927173,-0.25355337516406706,-0.2737229322162342,-0.40049961979826776,-0.0011401488709960185,40.82976571478069,20.92983069018163,14.79292174659048,33.20364857736392,453943.0,2.964999999999975,1.0,4.420000000000016,14.0,0.012678561184097343,2.964999999999975,21.0,0.008397292475006302,1.0,2.5,-0.25355337516406706,-0.40049961979826776,-0.2737229322162342,40.82976571478069,20.92983069018163,14.79292174659048,33.20364857736392,0.0,30.150965674285292,48.275866276242596,0.1184867951463299,0.1642270617636526,0.03499999999996817,0.125,0.41500000000002046,1.0,25009.0,25009.0,2022-04-08,2022-04-08 14:05:00,1.6753881910085124,67.0,1.0,best_within_2.0d,25075.0,356.54,0.5832424107187206,4.3760036431226785,32.22527881040892,0.012230020343504162,2.285057100371749,15.890706319702602,0.006381710269403211,0.6595022624434411,4.420000000000016,14.0,0.012678561184097343,2.964999999999975,21.0,0.008397292475006302,1.0,0.00402220134195386,1.9444468750000041,16.553125,0.005470102952261012,0.0,0
25012.0,2022-04-08 14:25:00,350.26,350.27,349.37,349.65,957209.0,2s,2s,1.0,buy,False,0.8303167420814486,4.163492493946733,28.239017640954685,0.011578080659927173,-0.18494767319108285,-0.34190374329138595,-0.4343775798869274,-0.0012374576378089428,31.590358784889816,30.349698237684386,32.484591507140195,26.079911698772776,957209.0,3.7199999999999704,1.0,4.420000000000016,14.0,0.012678561184097343,3.7199999999999704,25.0,0.01053555750658464,1.0,2.5,-0.18494767319108285,-0.4343775798869274,-0.34190374329138595,31.590358784889816,30.349698237684386,32.484591507140195,26.079911698772776,3.511520488371395,31.53615515518239,55.4688523439447,-0.17415634100382962,0.2576065489309263,0.009999999999990905,0.2799999999999727,0.6100000000000136,0.0,25013.0,25013.0,2022-04-08,2022-04-08 14:25:00,1.970541970541983,63.0,1.0,best_within_2.0d,25075.0,356.54,0.5832424107187206,4.3760036431226785,32.22527881040892,0.012230020343504162,2.285057100371749,15.890706319702602,0.006381710269403211,0.8303167420814486,4.420000000000016,14.0,0.012678561184097343,3.7199999999999704,25.0,0.01053555750658464,1.0,0.00402220134195386,1.9444468750000041,16.553125,0.005470102952261012,0.0,0
25013.0,2022-04-08 14:30:00,349.67,349.73,349.33,349.3761,408932.0,2s,2s,1.0,buy,False,0.8393665158371093,4.163492493946733,28.239017640954685,0.011578080659927173,-0.2513904721591361,-0.37332755231127795,-0.499022788390846,-0.0014221139153951347,29.46151734025986,21.082119267112315,28.683767427130903,5.878822947075136,408932.0,3.759999999999991,1.0,4.420000000000016,14.0,0.012678561184097343,3.759999999999991,26.0,0.010648843071171631,1.0,2.5,-0.2513904721591361,-0.499022788390846,-0.37332755231127795,29.46151734025986,21.082119267112315,28.683767427130903,5.878822947075136,3.497350084743399,31.946947889484083,57.24005250858844,-0.08405067635199125,0.11450490939800022,0.060000000000002274,0.04610000000002401,0.2939000000000078,0.0,25014.0,25014.0,2022-04-08,2022-04-08 14:30:00,2.0504837050960303,62.0,1.0,best_within_2.0d,25075.0,356.54,0.5832424107187206,4.3760036431226785,32.22527881040892,0.012230020343504162,2.285057100371749,15.890706319702602,0.006381710269403211,0.8393665158371093,4.420000000000016,14.0,0.012678561184097343,3.759999999999991,26.0,0.010648843071171631,1.0,0.00402220134195386,1.9444468750000041,16.553125,0.005470102952261012,0.0,0
25014.0,2022-04-08 14:35:00,349.37,349.88,349.2,349.7,522406.0,2s,2s,1.0,buy,False,0.8687782805429904,4.163492493946733,28.239017640954685,0.011578080659927173,-0.23170903270170595,-0.4022911813989912,-0.5181456977498442,-0.0014769851395736362,35.03671577827133,22.645811470171104,26.67111544147763,14.595203527558041,522406.0,3.8899999999999864,1.0,4.420000000000016,14.0,0.012678561184097343,3.8899999999999864,27.0,0.011017021156079148,1.0,2.5,-0.23170903270170595,-0.5181456977498442,-0.4022911813989912,35.03671577827133,22.645811470171104,26.67111544147763,14.595203527558041,5.356536280734422,26.7173577904947,57.908532901123245,0.09445573460800415,0.19473081328751626,0.18000000000000682,0.17000000000001592,0.3299999999999841,1.0,25015.0,25015.0,2022-04-08,2022-04-08 14:35:00,1.9559622533600318,61.0,1.0,best_within_2.0d,25075.0,356.54,0.5832424107187206,4.3760036431226785,32.22527881040892,0.012230020343504162,2.285057100371749,15.890706319702602,0.006381710269403211,0.8687782805429904,4.420000000000016,14.0,0.012678561184097343,3.8899999999999864,27.0,0.011017021156079148,1.0,0.00402220134195386,1.9444468750000041,16.553125,0.005470102952261012,1.0,0
25022.0,2022-04-08 15:15:00,350.41,351.0499,350.1802,350.27,595044.0,2,2,0.0,sell,False,0.4755526992287911,4.163492493946733,28.239017640954685,0.011578080659927173,0.15448361510196185,-0.37472398027988635,-0.2974821727289054,-0.0008486779925300839,46.62886584426485,54.78746476041913,49.08305693016439,66.19628042092859,595044.0,1.849899999999991,1.0,3.8899999999999864,27.0,0.011017021156079148,1.849899999999991,9.0,0.005297537227949574,2.0,2.0,0.15448361510196185,-0.2974821727289054,-0.37472398027988635,46.62886584426485,54.78746476041913,49.08305693016439,66.19628042092859,21.909429808621024,17.029937383828493,38.48644008631984,-0.03995319768272686,0.2483578454749772,0.6398999999999546,0.08979999999996835,0.1400000000000432,0.0,25023.0,25023.0,2022-04-08,2022-04-08 15:15:00,0.3311730950409593,8.0,1.0,best_within_2.0d,25030.0,349.11,0.4755526992287911,3.8899999999999864,27.0,0.011017021156079148,1.849899999999991,9.0,0.005297537227949574,0.4929364202292669,5.6011759621451125,36.843533123028394,0.015614239272951093,2.82998018927445,22.52492113564669,0.007835530045022196,1.8630914826498424,0.00402220134195386,1.9444468750000041,16.553125,0.005470102952261012,1.0,1
25030.0,2022-04-08 15:55:00,348.79,349.13,348.5,349.11,2174198.0,1p,1p,1.0,buy,False,0.31969278525316697,2.5498999999999796,9.0,0.007263639727571436,-0.13872980257463285,-0.3351186245369592,-0.4044835258242756,-0.0011553554437314394,39.23991761547712,19.345545008125633,24.966219048038443,8.104196928300013,2174198.0,2.5498999999999796,0.0,2.5498999999999796,9.0,0.007263639727571436,2.5498999999999796,0.0,0.0,1.0,1.0,-0.13872980257463285,-0.4044835258242756,-0.3351186245369592,39.23991761547712,19.345545008125633,24.966219048038443,8.104196928300013,15.716727572793124,21.6138158670287,26.33425439827547,0.09174574959144274,0.18077474892395853,0.01999999999998181,0.29000000000002046,0.3199999999999932,1.0,25031.0,25031.0,2022-04-08,2022-04-08 15:55:00,2.128269026954257,45.0,1.0,best_within_2.0d,25075.0,356.54,0.5832424107187206,4.3760036431226785,32.22527881040892,0.012230020343504162,2.285057100371749,15.890706319702602,0.006381710269403211,0.4929364202292669,5.6011759621451125,36.843533123028394,0.015614239272951093,2.82998018927445,22.52492113564669,0.007835530045022196,1.8630914826498424,0.00402220134195386,1.9444468750000041,16.553125,0.005470102952261012,1.0,0
25075.0,2022-04-08 19:45:00,356.36,356.53,356.3,356.48,15492.0,1p,1p,0.0,sell,False,0.6271533428329197,2.8999999999999773,45.0,0.008200661708565385,0.43664175880146694,0.19516694398304185,0.4134878233837753,0.001165992824869982,84.29977129827591,92.27703692155718,88.49131694691334,99.84847687084488,15492.0,2.8999999999999773,0.0,2.8999999999999773,45.0,0.008200661708565385,2.8999999999999773,0.0,0.0,1.0,1.0,0.43664175880146694,0.4134878233837753,0.19516694398304185,84.29977129827591,92.27703692155718,88.49131694691334,99.84847687084488,66.85943178502053,0.26527309865481613,41.48723949186781,0.03367381299809309,0.06455234353072167,0.049999999999954525,0.060000000000002274,0.12000000000000455,1.0,25076.0,25076.0,2022-04-08,2022-04-08 19:45:00,2.0540172048918044,173.78554736652885,0.0,,14281.267661333814,366.3529484630595,0.5832424107187206,4.3760036431226785,32.22527881040892,0.012230020343504162,2.285057100371749,15.890706319702602,0.006381710269403211,0.4929364202292669,5.6011759621451125,36.843533123028394,0.015614239272951093,2.82998018927445,22.52492113564669,0.007835530045022196,1.8630914826498424,0.00402220134195386,1.9444468750000041,16.553125,0.005470102952261012,0.0,1
25075.0,2022-04-08 19:45:00,353.78,354.1,353.63,353.71,30698.0,2,2,1.0,buy,False,0.35509138381201283,4.163492493946733,28.239017640954685,0.011578080659927173,-0.5847828110292751,0.4869823603059891,0.19459095479135158,0.000549545687601771,45.574945492647686,8.099195879101035,16.485437985503566,-8.673288333704026,30698.0,2.7200000000000273,1.0,7.660000000000025,30.0,0.021967937136138187,2.7200000000000273,15.0,0.007632945138206895,2.0,2.0,-0.5847828110292751,0.19459095479135158,0.4869823603059891,45.574945492647686,8.099195879101035,16.485437985503566,-8.673288333704026,9.042919958854787,32.55451185187672,41.51761607411847,-0.019786307874948606,0.13290727596641327,0.32000000000005,0.07999999999998408,0.06999999999999318,0.0,25076.0,25076.0,2022-04-08,2022-04-08 19:45:00,2.0540172048918044,173.78554736652885,0.0,,14281.267661333814,366.3529484630595,0.35509138381201283,7.660000000000025,30.0,0.021967937136138187,2.7200000000000273,15.0,0.007632945138206895,0.4929364202292669,5.6011759621451125,36.843533123028394,0.015614239272951093,2.82998018927445,22.52492113564669,0.007835530045022196,1.8630914826498424,0.00402220134195386,1.9444468750000041,16.553125,0.005470102952261012,0.0,0
25075.0,2022-04-08 19:45:00,348.75,349.529,348.69,349.31,393343.0,1,1,1.0,buy,False,1.157073261866118,7.0400000000000205,35.0,0.019790290388778064,-0.10456072654119986,-0.7364225741802075,-0.7887029374508074,-0.0022492601305901284,36.24204788557947,16.22858397980745,20.748433584758494,7.188884769905357,393343.0,7.0400000000000205,1.0,7.0400000000000205,35.0,0.019790290388778064,7.0400000000000205,35.0,0.019790290388778064,1.0,1.0,-0.10456072654119986,-0.7887029374508074,-0.7364225741802075,36.24204788557947,16.22858397980745,20.748433584758494,7.188884769905357,12.933073532629397,25.84113951089377,32.16460223186361,0.16057347670250963,0.24061487280965863,0.2189999999999941,0.060000000000002274,0.5600000000000023,1.0,25076.0,25076.0,2022-04-08,2022-04-08 19:45:00,2.0540172048918044,173.78554736652885,0.0,,14281.267661333814,366.3529484630595,0.5832424107187206,4.3760036431226785,32.22527881040892,0.012230020343504162,2.285057100371749,15.890706319702602,0.006381710269403211,0.4929364202292669,5.6011759621451125,36.843533123028394,0.015614239272951093,2.82998018927445,22.52492113564669,0.007835530045022196,1.8630914826498424,0.00402220134195386,1.9444468750000041,16.553125,0.005470102952261012,0.0,0
25075.0,2022-04-08 19:45:00,354.57,355.73,354.01,354.37,1361437.0,2s,2s,0.0,sell,False,0.7908366533864625,4.163492493946733,28.239017640954685,0.011578080659927173,0.49471056067749786,-0.1858507906193237,0.06150448971942524,0.00017398259806638024,56.69687942311204,63.66311154816732,55.62159794867192,79.74613874715814,1361437.0,3.75,1.0,5.019999999999982,60.0,0.01407029542014682,3.75,12.0,0.010654014432638217,1.0,2.5,0.49471056067749786,0.06150448971942524,-0.1858507906193237,56.69687942311204,63.66311154816732,55.62159794867192,79.74613874715814,36.64068036853303,17.78880226789503,38.53655832763924,-0.05640635135515939,0.485861981299971,1.160000000000025,0.36000000000001364,0.19999999999998863,0.0,25076.0,25076.0,2022-04-08,2022-04-08 19:45:00,2.0540172048918044,173.78554736652885,0.0,,14281.267661333814,366.3529484630595,0.5832424107187206,4.3760036431226785,32.22527881040892,0.012230020343504162,2.285057100371749,15.890706319702602,0.006381710269403211,0.7908366533864625,5.019999999999982,60.0,0.01407029542014682,3.75,12.0,0.010654014432638217,1.0,0.00402220134195386,1.9444468750000041,16.553125,0.005470102952261012,0.0,1
25075.0,2022-04-08 19:45:00,354.24,355.56,354.19,354.75,44530.0,2,2,0.0,sell,False,0.7569721115537899,4.163492493946733,28.239017640954685,0.011578080659927173,-0.22308554715214346,0.1915539458140883,0.08001117223801657,0.00022559143743084402,51.7419380570806,26.183130013242327,30.098060567726094,18.353268904274785,44530.0,3.8000000000000114,1.0,5.019999999999982,60.0,0.01407029542014682,3.8000000000000114,39.0,0.010802820104616816,2.0,2.0,-0.22308554715214346,0.08001117223801657,0.1915539458140883,51.7419380570806,26.183130013242327,30.098060567726094,18.353268904274785,27.75119617224974,26.31578947368507,32.65071941827482,0.14397018970189443,0.38679804624636627,0.8100000000000023,0.05000000000001137,0.5099999999999909,1.0,25076.0,25076.0,2022-04-08,2022-04-08 19:45:00,2.0540172048918044,173.78554736652885,0.0,,14281.267661333814,366.3529484630595,0.7569721115537899,5.019999999999982,60.0,0.01407029542014682,3.8000000000000114,39.0,0.010802820104616816,0.4929364202292669,5.6011759621451125,36.843533123028394,0.015614239272951093,2.82998018927445,22.52492113564669,0.007835530045022196,1.8630914826498424,0.00402220134195386,1.9444468750000041,16.553125,0.005470102952261012,0.0,1
25075.0,2022-04-08 19:45:00,355.54,356.78,355.54,356.54,1342989.0,1p,1p,0.0,sell,False,4.391148446198701,5.619999999999948,28.0,0.016004100694839807,0.6777634033309922,0.29729658515704577,0.6361782868225418,0.0018004363404684172,65.56938506549244,80.89897393311438,64.60292775566606,113.49106628801101,1342989.0,5.619999999999948,0.0,5.619999999999948,28.0,0.016004100694839807,5.619999999999948,0.0,0.0,1.0,1.0,0.6777634033309922,0.6361782868225418,0.29729658515704577,65.56938506549244,80.89897393311438,64.60292775566606,113.49106628801101,33.80079108234457,14.129492142056547,35.80830897577552,0.2812623052258536,0.3487652584800451,0.23999999999995225,0.0,1.0,1.0,25076.0,25076.0,2022-04-08,2022-04-08 19:45:00,2.0540172048918044,173.78554736652885,0.0,,14281.267661333814,366.3529484630595,0.5832424107187206,4.3760036431226785,32.22527881040892,0.012230020343504162,2.285057100371749,15.890706319702602,0.006381710269403211,0.4929364202292669,5.6011759621451125,36.843533123028394,0.015614239272951093,2.82998018927445,22.52492113564669,0.007835530045022196,1.8630914826498424,0.00402220134195386,1.9444468750000041,16.553125,0.005470102952261012,0.0,1
25078.0,2022-04-11 04:00:00,348.0,348.0,346.66,346.66,18705.0,1p,1p,1.0,buy,False,0.5410985261113839,4.389899999999955,57.0,0.012505059821979596,-0.23480821327078638,-0.1323859563922672,-0.24979006302766038,-0.0007165388700641444,11.764913905277368,8.71845693364013,12.846493983998663,0.4623828329230655,18705.0,4.389899999999955,0.0,4.389899999999955,57.0,0.012505059821979596,4.389899999999955,0.0,0.0,1.0,1.0,-0.23480821327078638,-0.24979006302766038,-0.1323859563922672,11.764913905277368,8.71845693364013,12.846493983998663,0.4623828329230655,19.000000000001307,74.66666666666745,31.022261423191672,-0.38505747126436063,0.38654589511336035,0.0,0.0,1.339999999999975,0.0,25079.0,25079.0,2022-04-11,2022-04-11 04:00:00,0.25096636473776834,248.0,1.0,best_within_2.0d,25326.0,347.53,0.5832424107187206,4.3760036431226785,32.22527881040892,0.012230020343504162,2.285057100371749,15.890706319702602,0.006381710269403211,0.4929364202292669,5.6011759621451125,36.843533123028394,0.015614239272951093,2.82998018927445,22.52492113564669,0.007835530045022196,1.8630914826498424,0.00402220134195386,1.9444468750000041,16.553125,0.005470102952261012,0.0,0
25079.0,2022-04-11 04:05:00,346.6,346.62,346.06,346.06,19600.0,1p,1p,1.0,buy,False,1.0401614822801881,4.989899999999977,58.0,0.014214218548417127,-0.4513752068824298,-0.18880785725257093,-0.41449546069378584,-0.0011896506019756987,9.533810669642563,5.812304622426753,10.501764196808026,-3.5666145263357905,19600.0,4.989899999999977,0.0,4.989899999999977,58.0,0.014214218548417127,4.989899999999977,0.0,0.0,1.0,1.0,-0.4513752068824298,-0.41449546069378584,-0.18880785725257093,9.533810669642563,5.812304622426753,10.501764196808026,-3.5666145263357905,13.753581661891378,81.37535816619011,33.88383827506352,-0.1557991921523429,0.16182164942495586,0.01999999999998181,0.0,0.5400000000000205,0.0,25080.0,25080.0,2022-04-11,2022-04-11 04:05:00,0.4247818297404989,247.0,1.0,best_within_2.0d,25326.0,347.53,0.5832424107187206,4.3760036431226785,32.22527881040892,0.012230020343504162,2.285057100371749,15.890706319702602,0.006381710269403211,0.4929364202292669,5.6011759621451125,36.843533123028394,0.015614239272951093,2.82998018927445,22.52492113564669,0.007835530045022196,1.8630914826498424,0.00402220134195386,1.9444468750000041,16.553125,0.005470102952261012,0.0,0
25080.0,2022-04-11 04:10:00,346.18,346.27,346.01,346.01,28052.0,1p,1p,1.0,buy,False,1.3052104710627164,5.039899999999989,59.0,0.014356648442286948,-0.5663924846645598,-0.25960691783564094,-0.5428031601679209,-0.0015587066611946288,9.374269856455143,3.874869748284502,8.292799380633516,-4.960989516413527,28052.0,5.039899999999989,0.0,5.039899999999989,59.0,0.014356648442286948,5.039899999999989,0.0,0.0,1.0,1.0,-0.5663924846645598,-0.5428031601679209,-0.25960691783564094,9.374269856455143,3.874869748284502,8.292799380633516,-4.960989516413527,12.800000000000292,77.06666666666817,36.57166076368234,-0.04910740077416832,0.07514233692667578,0.08999999999997499,0.0,0.17000000000001592,0.0,25081.0,25081.0,2022-04-11,2022-04-11 04:10:00,0.43929366203288395,246.0,1.0,best_within_2.0d,25326.0,347.53,0.5832424107187206,4.3760036431226785,32.22527881040892,0.012230020343504162,2.285057100371749,15.890706319702602,0.006381710269403211,0.4929364202292669,5.6011759621451125,36.843533123028394,0.015614239272951093,2.82998018927445,22.52492113564669,0.007835530045022196,1.8630914826498424,0.00402220134195386,1.9444468750000041,16.553125,0.005470102952261012,0.0,0
25081.0,2022-04-11 04:15:00,345.97,346.23,345.15,345.17,43307.0,1p,1p,1.0,buy,False,1.6390747271794808,5.899900000000002,60.0,0.016806442616847356,-0.7112719579411519,-0.34851591257828496,-0.7041518915488609,-0.002023354686626904,7.195696912982427,2.7710399260867438,6.452212895784592,-4.591306013308952,43307.0,5.899900000000002,0.0,5.899900000000002,60.0,0.016806442616847356,5.899900000000002,0.0,0.0,1.0,1.0,-0.7112719579411519,-0.7041518915488609,-0.34851591257828496,7.195696912982427,2.7710399260867438,6.452212895784592,-4.591306013308952,9.937888198757939,77.63975155279581,39.48118246191981,-0.23123392201636309,0.31290743155151124,0.2599999999999909,0.020000000000038654,0.8000000000000114,0.0,25082.0,25082.0,2022-04-11,2022-04-11 04:15:00,0.6837210649824599,245.0,1.0,best_within_2.0d,25326.0,347.53,0.5832424107187206,4.3760036431226785,32.22527881040892,0.012230020343504162,2.285057100371749,15.890706319702602,0.006381710269403211,0.4929364202292669,5.6011759621451125,36.843533123028394,0.015614239272951093,2.82998018927445,22.52492113564669,0.007835530045022196,1.8630914826498424,0.00402220134195386,1.9444468750000041,16.553125,0.005470102952261012,0.0,0
25082.0,2022-04-11 04:20:00,345.12,345.31,344.96,345.13,18210.0,1p,1p,1.0,buy,False,1.7595324640000853,6.0899,61.0,0.017347676213552547,-0.7635442606597633,-0.4439589451607554,-0.8257310754906371,-0.002374164453224602,7.110949270977244,3.362511465876149,5.422312419148444,-0.757090440668442,18210.0,6.0899,0.0,6.0899,61.0,0.017347676213552547,6.0899,0.0,0.0,1.0,1.0,-0.7635442606597633,-0.8257310754906371,-0.4439589451607554,7.110949270977244,3.362511465876149,5.422312419148444,-0.757090440668442,9.320388349514753,75.92233009708764,42.24196360399872,0.0028975428836320424,0.10146103896104557,0.18000000000000682,0.160000000000025,0.009999999999990905,1.0,25083.0,25083.0,2022-04-11,2022-04-11 04:20:00,0.6953901428447186,244.0,1.0,best_within_2.0d,25326.0,347.53,0.5832424107187206,4.3760036431226785,32.22527881040892,0.012230020343504162,2.285057100371749,15.890706319702602,0.006381710269403211,0.4929364202292669,5.6011759621451125,36.843533123028394,0.015614239272951093,2.82998018927445,22.52492113564669,0.007835530045022196,1.8630914826498424,0.00402220134195386,1.9444468750000041,16.553125,0.005470102952261012,0.0,0
25083.0,2022-04-11 04:25:00,345.06,345.26,344.81,345.26,22780.0,1p,1p,1.0,buy,False,1.7595324640000853,6.239899999999977,62.0,0.01777496589516185,-0.7315937049700834,-0.5354081582820158,-0.9012050107670575,-0.002592570892474028,10.78837780789523,6.097715441689413,5.647446759995433,6.998252805077373,22780.0,6.239899999999977,0.0,6.239899999999977,62.0,0.01777496589516185,6.239899999999977,0.0,0.0,1.0,1.0,-0.7315937049700834,-0.9012050107670575,-0.5354081582820158,10.78837780789523,6.097715441689413,5.647446759995433,6.998252805077373,8.664259927798042,72.20216606498197,44.836925387386536,0.057960934330258104,0.1305066558394445,0.0,0.25,0.19999999999998863,1.0,25084.0,25084.0,2022-04-11,2022-04-11 04:25:00,0.6574755256907785,243.0,1.0,best_within_2.0d,25326.0,347.53,0.5832424107187206,4.3760036431226785,32.22527881040892,0.012230020343504162,2.285057100371749,15.890706319702602,0.006381710269403211,0.4929364202292669,5.6011759621451125,36.843533123028394,0.015614239272951093,2.82998018927445,22.52492113564669,0.007835530045022196,1.8630914826498424,0.00402220134195386,1.9444468750000041,16.553125,0.005470102952261012,1.0,0
25109.0,2022-04-11 06:35:00,346.01,346.08,345.91,345.96,5125.0,2,2,1.0,buy,False,0.4444444444444381,4.163492493946733,28.239017640954685,0.011578080659927173,0.18182571201706044,-0.18558897577754957,-0.09467611976901935,-0.0002735015720579385,44.3688584081173,35.44085727075319,56.54490871940391,-6.767245626548231,5125.0,0.8799999999999955,1.0,1.9800000000000182,23.0,0.005742292856935756,0.8799999999999955,5.0,0.00253755875313589,2.0,2.0,0.18182571201706044,-0.09467611976901935,-0.18558897577754957,44.3688584081173,35.44085727075319,56.54490871940391,-6.767245626548231,35.41666666666609,18.749999999998767,49.175898479679816,-0.014450449408979904,0.04914573154865689,0.06999999999999318,0.049999999999954525,0.05000000000001137,0.0,25110.0,25110.0,2022-04-11,2022-04-11 06:35:00,0.4538096889813832,217.0,1.0,best_within_2.0d,25326.0,347.53,0.4444444444444381,1.9800000000000182,23.0,0.005742292856935756,0.8799999999999955,5.0,0.00253755875313589,0.4929364202292669,5.6011759621451125,36.843533123028394,0.015614239272951093,2.82998018927445,22.52492113564669,0.007835530045022196,1.8630914826498424,0.00402220134195386,1.9444468750000041,16.553125,0.005470102952261012,0.0,0
25110.0,2022-04-11 06:40:00,345.99,346.04,345.4,345.44,11542.0,2,2,1.0,buy,False,0.7020202020202174,4.163492493946733,28.239017640954685,0.011578080659927173,0.07648741443674834,-0.17602804897295604,-0.13778434175458187,-0.0003980947373614625,35.0882383847341,24.586470794411458,45.89209607773975,-18.024779772245125,11542.0,1.3900000000000432,1.0,1.9800000000000182,23.0,0.005742292856935756,1.3900000000000432,6.0,0.004008189394157972,2.0,2.0,0.07648741443674834,-0.13778434175458187,-0.17602804897295604,35.0882383847341,24.586470794411458,45.89209607773975,-18.024779772245125,32.278481012657586,27.84810126582259,46.18965009203347,-0.1589641319113302,0.18529241459179016,0.05000000000001137,0.040000000000020464,0.5500000000000114,0.0,25111.0,25111.0,2022-04-11,2022-04-11 06:40:00,0.6050254747568247,216.0,1.0,best_within_2.0d,25326.0,347.53,0.7020202020202174,1.9800000000000182,23.0,0.005742292856935756,1.3900000000000432,6.0,0.004008189394157972,0.4929364202292669,5.6011759621451125,36.843533123028394,0.015614239272951093,2.82998018927445,22.52492113564669,0.007835530045022196,1.8630914826498424,0.00402220134195386,1.9444468750000041,16.553125,0.005470102952261012,1.0,0
25120.0,2022-04-11 07:30:00,346.03,346.03,345.71,345.71,18830.0,2s,2s,1.0,buy,False,0.5454545454545611,4.163492493946733,28.239017640954685,0.011578080659927173,-0.0198701350822639,-0.04477945059105469,-0.05471451813218664,-0.00015807903893398073,42.058500631457036,34.57961958496989,48.20488375559077,7.329091243728129,18830.0,1.0500000000000114,1.0,1.9800000000000182,23.0,0.005742292856935756,1.0500000000000114,7.0,0.003028030914753753,1.0,2.5,-0.0198701350822639,-0.05471451813218664,-0.04477945059105469,42.058500631457036,34.57961958496989,48.20488375559077,7.329091243728129,19.776119402984644,27.985074626867128,29.66142403896612,-0.09247753084992434,0.09256313094790235,0.0,0.0,0.3199999999999932,0.0,25121.0,25121.0,2022-04-11,2022-04-11 07:30:00,0.5264528072662039,206.0,1.0,best_within_2.0d,25326.0,347.53,0.5832424107187206,4.3760036431226785,32.22527881040892,0.012230020343504162,2.285057100371749,15.890706319702602,0.006381710269403211,0.5454545454545611,1.9800000000000182,23.0,0.005742292856935756,1.0500000000000114,7.0,0.003028030914753753,1.0,0.00402220134195386,1.9444468750000041,16.553125,0.005470102952261012,0.0,0
25121.0,2022-04-11 07:35:00,345.75,345.91,345.58,345.58,22429.0,2s,2s,1.0,buy,False,0.6111111111111238,4.163492493946733,28.239017640954685,0.011578080659927173,-0.07151342864275938,-0.053718629171399614,-0.0894753434927793,-0.00025853860044093465,40.090964256980364,23.05307972331326,39.82094907816494,-10.482658986390092,22429.0,1.1800000000000068,1.0,1.9800000000000182,23.0,0.005742292856935756,1.1800000000000068,8.0,0.003402929980389915,1.0,2.5,-0.07151342864275938,-0.0894753434927793,-0.053718629171399614,40.090964256980364,23.05307972331326,39.82094907816494,-10.482658986390092,19.485294117646497,25.55147058823634,28.50485001869036,-0.04916847433116874,0.09549163724753774,0.160000000000025,0.0,0.17000000000001592,0.0,25122.0,25122.0,2022-04-11,2022-04-11 07:35:00,0.5642687655535589,205.0,1.0,best_within_2.0d,25326.0,347.53,0.5832424107187206,4.3760036431226785,32.22527881040892,0.012230020343504162,2.285057100371749,15.890706319702602,0.006381710269403211,0.6111111111111238,1.9800000000000182,23.0,0.005742292856935756,1.1800000000000068,8.0,0.003402929980389915,1.0,0.00402220134195386,1.9444468750000041,16.553125,0.005470102952261012,0.0,0
25122.0,2022-04-11 07:40:00,345.55,345.61,345.17,345.3,58887.0,2s,2s,1.0,buy,False,0.818181818181813,4.163492493946733,28.239017640954685,0.011578080659927173,-0.13489199921148115,-0.07058012907283476,-0.13802612867857533,-0.00039889256987571,36.16654523959227,18.094086691852393,32.57866161606076,-10.875063156564337,58887.0,1.589999999999975,1.0,1.9800000000000182,23.0,0.005742292856935756,1.589999999999975,9.0,0.00458530395662699,1.0,2.5,-0.13489199921148115,-0.13802612867857533,-0.07058012907283476,36.16654523959227,18.094086691852393,32.57866161606076,-10.875063156564337,15.978456014361942,32.31597845601464,28.885146180393207,-0.07234843003906814,0.12747341889503655,0.060000000000002274,0.12999999999999545,0.25,0.0,25123.0,25123.0,2022-04-11,2022-04-11 07:40:00,0.6458152331305999,204.0,1.0,best_within_2.0d,25326.0,347.53,0.5832424107187206,4.3760036431226785,32.22527881040892,0.012230020343504162,2.285057100371749,15.890706319702602,0.006381710269403211,0.818181818181813,1.9800000000000182,23.0,0.005742292856935756,1.589999999999975,9.0,0.00458530395662699,1.0,0.00402220134195386,1.9444468750000041,16.553125,0.005470102952261012,1.0,0
25127.0,2022-04-11 08:05:00,345.36,345.36,344.57,344.67,154564.0,1,1,1.0,buy,False,0.27780567825303426,2.1899999999999977,14.0,0.006315607336486324,-0.21211693120879715,-0.17988472430062785,-0.28594318990502643,-0.000827025742345825,30.684908809927677,6.32402829673947,12.140900334961884,-5.3097157797053605,154564.0,2.1899999999999977,1.0,2.1899999999999977,14.0,0.006315607336486324,2.1899999999999977,14.0,0.006315607336486324,1.0,1.0,-0.21211693120879715,-0.28594318990502643,-0.17988472430062785,30.684908809927677,6.32402829673947,12.140900334961884,-5.3097157797053605,48.319007724947895,20.237188554020687,29.81705173508962,-0.19979152189020088,0.2292712656354356,0.0,0.10000000000002274,0.6899999999999977,0.0,25128.0,25128.0,2022-04-11,2022-04-11 08:05:00,0.8297792090985455,199.0,1.0,best_within_2.0d,25326.0,347.53,0.5832424107187206,4.3760036431226785,32.22527881040892,0.012230020343504162,2.285057100371749,15.890706319702602,0.006381710269403211,0.4929364202292669,5.6011759621451125,36.843533123028394,0.015614239272951093,2.82998018927445,22.52492113564669,0.007835530045022196,1.8630914826498424,0.00402220134195386,1.9444468750000041,16.553125,0.005470102952261012,0.0,0
25128.0,2022-04-11 08:10:00,344.65,348.01,344.46,344.74,102610.0,1,1,1.0,buy,False,0.2987003969083152,2.3000000000000114,15.0,0.006632829622793896,-0.22807097371613738,-0.208393596015145,-0.3224290828732137,-0.0009327545040889515,32.35473085958476,6.101159913439511,10.127653527787759,-1.9518273152569847,102610.0,2.3000000000000114,1.0,2.3000000000000114,15.0,0.006632829622793896,2.3000000000000114,15.0,0.006632829622793896,1.0,1.0,-0.22807097371613738,-0.3224290828732137,-0.208393596015145,32.35473085958476,6.101159913439511,10.127653527787759,-1.9518273152569847,55.6402562646978,15.08393479847573,31.783286700102416,0.026113448425948597,1.0305986181269267,3.269999999999982,0.18999999999999773,0.09000000000003183,1.0,25129.0,25129.0,2022-04-11,2022-04-11 08:10:00,0.8093055636131472,198.0,1.0,best_within_2.0d,25326.0,347.53,0.5832424107187206,4.3760036431226785,32.22527881040892,0.012230020343504162,2.285057100371749,15.890706319702602,0.006381710269403211,0.4929364202292669,5.6011759621451125,36.843533123028394,0.015614239272951093,2.82998018927445,22.52492113564669,0.007835530045022196,1.8630914826498424,0.00402220134195386,1.9444468750000041,16.553125,0.005470102952261012,0.0,0
25130.0,2022-04-11 08:20:00,344.65,344.68,344.11,344.23,70098.0,1,1,1.0,buy,False,0.3613054195501653,2.6499999999999773,17.0,0.0076421732610450375,-0.2758726794427966,-0.27242204568735773,-0.410358385408756,-0.0011877386369364416,26.952842730581708,4.229234518476233,7.06914415514612,-1.450584754863538,70098.0,2.6499999999999773,1.0,2.6499999999999773,17.0,0.0076421732610450375,2.6499999999999773,17.0,0.0076421732610450375,1.0,1.0,-0.2758726794427966,-0.410358385408756,-0.27242204568735773,26.952842730581708,4.229234518476233,7.06914415514612,-1.450584754863538,55.415556094014306,17.365317825700746,35.03937212907447,-0.12186275932103847,0.16564470663450442,0.03000000000002956,0.12000000000000455,0.4199999999999591,0.0,25131.0,25131.0,2022-04-11,2022-04-11 08:20:00,0.9586613601371043,196.0,1.0,best_within_2.0d,25326.0,347.53,0.5832424107187206,4.3760036431226785,32.22527881040892,0.012230020343504162,2.285057100371749,15.890706319702602,0.006381710269403211,0.4929364202292669,5.6011759621451125,36.843533123028394,0.015614239272951093,2.82998018927445,22.52492113564669,0.007835530045022196,1.8630914826498424,0.00402220134195386,1.9444468750000041,16.553125,0.005470102952261012,1.0,0
25134.0,2022-04-11 08:40:00,348.75,349.529,348.69,349.31,393343.0,1p,1p,1.0,buy,False,1.447019445223739,7.0400000000000205,35.0,0.019790290388778064,-0.1045522237176777,-0.7364358598526681,-0.788711971711507,-0.002249285836968326,36.24168221123018,16.22858397980745,20.748433584758494,7.188884769905357,393343.0,7.0400000000000205,0.0,7.0400000000000205,35.0,0.019790290388778064,7.0400000000000205,0.0,0.0,1.0,1.0,-0.1045522237176777,-0.788711971711507,-0.7364358598526681,36.24168221123018,16.22858397980745,20.748433584758494,7.188884769905357,12.933073532629397,25.84113951089377,32.16432575796918,0.16057347670250963,0.24061487280965863,0.2189999999999941,0.060000000000002274,0.5600000000000023,1.0,25135.0,25135.0,2022-04-11,2022-04-11 08:40:00,-0.509576021299141,192.0,1.0,best_within_2.0d,25326.0,347.53,0.5832424107187206,4.3760036431226785,32.22527881040892,0.012230020343504162,2.285057100371749,15.890706319702602,0.006381710269403211,0.4929364202292669,5.6011759621451125,36.843533123028394,0.015614239272951093,2.82998018927445,22.52492113564669,0.007835530045022196,1.8630914826498424,0.00402220134195386,1.9444468750000041,16.553125,0.005470102952261012,0.0,0
25144.0,2022-04-11 09:30:00,344.81,345.27,343.75,343.96,1983134.0,3a,3a,0.0,sell,False,0.0039374638100753145,4.163492493946733,28.239017640954685,0.011578080659927173,0.006668151006234191,-0.2548208077412804,-0.2514867322381633,-0.0007289592251248936,33.522624820997535,43.708783600288456,52.5867059703549,25.95293886015557,1983134.0,1.1599999999999682,2.0,1.1599999999999682,15.0,0.0033710150823863536,1.1599999999999682,15.0,0.0033710150823863536,3.0,3.0,0.006668151006234191,-0.2514867322381633,-0.2548208077412804,33.522624820997535,43.708783600288456,52.5867059703549,25.95293886015557,13.329019734713174,26.366871562602363,44.88219415841705,-0.2465125721411858,0.4421818181818129,0.45999999999997954,0.20999999999997954,0.8500000000000227,0.0,25145.0,25145.0,2022-04-11,2022-04-11 09:30:00,1.6833352715431922,257.0,1.0,best_within_2.0d,25401.0,338.17,0.5832424107187206,4.3760036431226785,32.22527881040892,0.012230020343504162,2.285057100371749,15.890706319702602,0.006381710269403211,0.4929364202292669,5.6011759621451125,36.843533123028394,0.015614239272951093,2.82998018927445,22.52492113564669,0.007835530045022196,1.8630914826498424,0.0039374638100753145,1.1599999999999682,15.0,0.0033710150823863536,0.0,1
25145.0,2022-04-11 09:35:00,343.96,345.15,343.56,343.63,1451545.0,1,1,1.0,buy,False,0.3613054195501653,3.1999999999999886,32.0,0.009228284692582734,-0.10688598768274771,-0.26818155620162387,-0.3216245500429977,-0.0009325337982392409,30.384222625568214,30.503711484012847,45.225707808240884,1.0597188355567653,1451545.0,3.1999999999999886,1.0,3.1999999999999886,32.0,0.009228284692582734,3.1999999999999886,32.0,0.009228284692582734,1.0,1.0,-0.10688598768274771,-0.3216245500429977,-0.26818155620162387,30.384222625568214,30.503711484012847,45.225707808240884,1.0597188355567653,10.96911608093674,24.22790202343021,44.36705148079533,-0.0959413885335458,0.462801257422277,1.1899999999999977,0.06999999999999318,0.3299999999999841,0.0,25146.0,25146.0,2022-04-11,2022-04-11 09:35:00,1.1349416523586349,181.0,1.0,best_within_2.0d,25326.0,347.53,0.5832424107187206,4.3760036431226785,32.22527881040892,0.012230020343504162,2.285057100371749,15.890706319702602,0.006381710269403211,0.4929364202292669,5.6011759621451125,36.843533123028394,0.015614239272951093,2.82998018927445,22.52492113564669,0.007835530045022196,1.8630914826498424,0.00402220134195386,1.9444468750000041,16.553125,0.005470102952261012,0.0,0
25146.0,2022-04-11 09:40:00,343.62,345.04,343.375,344.9,981857.0,1,1,1.0,buy,False,0.3613054195501653,3.384999999999991,33.0,0.009761794901372682,-0.0054695955987906775,-0.2688652556514727,-0.271600053450868,-0.0007874891969363413,49.84497085131104,47.16078566832152,45.870733761601095,49.74088948176238,981857.0,3.384999999999991,1.0,3.384999999999991,33.0,0.009761794901372682,3.384999999999991,33.0,0.009761794901372682,1.0,1.0,-0.0054695955987906775,-0.271600053450868,-0.2688652556514727,49.84497085131104,47.16078566832152,45.870733761601095,49.74088948176238,6.5452013461758245,23.267958686318607,45.204538127790954,0.37250451079680247,0.484892610120137,0.1400000000000432,0.24500000000000455,1.2799999999999727,1.0,25147.0,25147.0,2022-04-11,2022-04-11 09:40:00,0.7625398666280069,180.0,1.0,best_within_2.0d,25326.0,347.53,0.5832424107187206,4.3760036431226785,32.22527881040892,0.012230020343504162,2.285057100371749,15.890706319702602,0.006381710269403211,0.4929364202292669,5.6011759621451125,36.843533123028394,0.015614239272951093,2.82998018927445,22.52492113564669,0.007835530045022196,1.8630914826498424,0.00402220134195386,1.9444468750000041,16.553125,0.005470102952261012,1.0,0
25155.0,2022-04-11 10:25:00,343.6,343.9,342.4696,342.89,864688.0,1,1,1.0,buy,False,0.3613054195501653,4.290399999999977,42.0,0.012372822701580277,-0.251595846863512,-0.26283132073310467,-0.38862924416486067,-0.0011280744901457115,32.822772765819394,23.100404628949136,34.79394895039956,-0.2866840139517137,864688.0,4.290399999999977,1.0,4.290399999999977,42.0,0.012372822701580277,4.290399999999977,42.0,0.012372822701580277,1.0,1.0,-0.251595846863512,-0.38862924416486067,-0.26283132073310467,32.822772765819394,23.100404628949136,34.79394895039956,-0.2866840139517137,8.560106312928825,20.74419050127504,36.3928751849374,-0.2066356228172399,0.4176721087068643,0.2999999999999545,0.42039999999997235,0.7100000000000364,0.0,25156.0,25156.0,2022-04-11,2022-04-11 10:25:00,1.353203651316745,171.0,1.0,best_within_2.0d,25326.0,347.53,0.5832424107187206,4.3760036431226785,32.22527881040892,0.012230020343504162,2.285057100371749,15.890706319702602,0.006381710269403211,0.4929364202292669,5.6011759621451125,36.843533123028394,0.015614239272951093,2.82998018927445,22.52492113564669,0.007835530045022196,1.8630914826498424,0.00402220134195386,1.9444468750000041,16.553125,0.005470102952261012,0.0,0
25158.0,2022-04-11 10:40:00,342.79,342.8,341.94,342.09,1133834.0,1,1,1.0,buy,False,0.5262965222649446,4.819999999999993,45.0,0.013900103818202772,-0.40185068898059184,-0.3785947097953419,-0.5795200542856378,-0.001683927173846454,31.42520034048752,15.446636126975841,24.036449808084804,-1.732991235242082,1133834.0,4.819999999999993,1.0,4.819999999999993,45.0,0.013900103818202772,4.819999999999993,45.0,0.013900103818202772,1.0,1.0,-0.40185068898059184,-0.5795200542856378,-0.3785947097953419,31.42520034048752,15.446636126975841,24.036449808084804,-1.732991235242082,8.170122666912242,16.74529930266233,36.48593312461411,-0.20420665713703595,0.251506112183428,0.009999999999990905,0.14999999999997726,0.7000000000000455,0.0,25159.0,25159.0,2022-04-11,2022-04-11 10:40:00,1.5902247946446835,168.0,1.0,best_within_2.0d,25326.0,347.53,0.5832424107187206,4.3760036431226785,32.22527881040892,0.012230020343504162,2.285057100371749,15.890706319702602,0.006381710269403211,0.4929364202292669,5.6011759621451125,36.843533123028394,0.015614239272951093,2.82998018927445,22.52492113564669,0.007835530045022196,1.8630914826498424,0.00402220134195386,1.9444468750000041,16.553125,0.005470102952261012,0.0,0
25159.0,2022-04-11 10:45:00,342.095,342.32,341.8,341.81,765716.0,1,1,1.0,buy,False,0.6250222609150002,4.9599999999999795,46.0,0.014303841273503228,-0.4772321601062377,-0.4382487298086216,-0.6768648098617405,-0.0019677746883135466,29.93391462607238,10.39165413159883,19.48818458258948,-7.801406770382467,765716.0,4.9599999999999795,1.0,4.9599999999999795,46.0,0.014303841273503228,4.9599999999999795,46.0,0.014303841273503228,1.0,1.0,-0.4772321601062377,-0.6768648098617405,-0.4382487298086216,29.93391462607238,10.39165413159883,19.48818458258948,-7.801406770382467,8.706101628408957,17.537276829507004,36.28344223346565,-0.08331019161344802,0.15213575190169157,0.2249999999999659,0.009999999999990905,0.285000000000025,0.0,25160.0,25160.0,2022-04-11,2022-04-11 10:45:00,1.673444311167014,167.0,1.0,best_within_2.0d,25326.0,347.53,0.5832424107187206,4.3760036431226785,32.22527881040892,0.012230020343504162,2.285057100371749,15.890706319702602,0.006381710269403211,0.4929364202292669,5.6011759621451125,36.843533123028394,0.015614239272951093,2.82998018927445,22.52492113564669,0.007835530045022196,1.8630914826498424,0.00402220134195386,1.9444468750000041,16.553125,0.005470102952261012,0.0,0
25160.0,2022-04-11 10:50:00,341.81,342.4599,341.78,342.385,611206.0,1,1,1.0,buy,False,0.6250222609150005,4.980000000000018,47.0,0.014361518052831982,-0.4180813339835121,-0.4905088965565606,-0.6995495635483167,-0.002034420061646844,36.58883732904455,12.576695658227509,17.18435494113549,3.3613770924115514,611206.0,4.980000000000018,1.0,4.980000000000018,47.0,0.014361518052831982,4.980000000000018,47.0,0.014361518052831982,1.0,1.0,-0.4180813339835121,-0.6995495635483167,-0.4905088965565606,36.58883732904455,12.576695658227509,17.18435494113549,3.3613770924115514,10.178593567499655,17.457407032814405,35.57306477848005,0.16822211169947884,0.1989291357013377,0.07490000000001373,0.03000000000002956,0.5749999999999886,1.0,25161.0,25161.0,2022-04-11,2022-04-11 10:50:00,1.5026943353242643,166.0,1.0,best_within_2.0d,25326.0,347.53,0.5832424107187206,4.3760036431226785,32.22527881040892,0.012230020343504162,2.285057100371749,15.890706319702602,0.006381710269403211,0.4929364202292669,5.6011759621451125,36.843533123028394,0.015614239272951093,2.82998018927445,22.52492113564669,0.007835530045022196,1.8630914826498424,0.00402220134195386,1.9444468750000041,16.553125,0.005470102952261012,1.0,0
25168.0,2022-04-11 11:30:00,342.39,343.08,342.28,342.93,597457.0,3a,3a,0.0,sell,False,0.0039374638100753145,4.163492493946733,28.239017640954685,0.011578080659927173,0.1262230467691754,-0.6381500962745678,-0.5750385728899801,-0.0016756901698733665,46.79393481479165,54.70509308091597,35.810546333453885,92.49418657584016,597457.0,1.3000000000000114,2.0,1.3000000000000114,9.0,0.003803616361402105,1.3000000000000114,9.0,0.003803616361402105,3.0,3.0,0.1262230467691754,-0.5750385728899801,-0.6381500962745678,46.79393481479165,54.70509308091597,35.810546333453885,92.49418657584016,10.163673496782945,18.6532173779632,42.64637342978572,0.15771488653290705,0.23372677340189654,0.14999999999997726,0.11000000000001364,0.5400000000000205,1.0,25169.0,25169.0,2022-04-11,2022-04-11 11:30:00,1.3880383751786052,233.0,1.0,best_within_2.0d,25401.0,338.17,0.5832424107187206,4.3760036431226785,32.22527881040892,0.012230020343504162,2.285057100371749,15.890706319702602,0.006381710269403211,0.4929364202292669,5.6011759621451125,36.843533123028394,0.015614239272951093,2.82998018927445,22.52492113564669,0.007835530045022196,1.8630914826498424,0.0039374638100753145,1.3000000000000114,9.0,0.003803616361402105,0.0,1
25169.0,2022-04-11 11:35:00,342.93,343.26,342.734,342.75,467757.0,3a,3a,0.0,sell,False,0.0039374638100753145,4.163492493946733,28.239017640954685,0.011578080659927173,0.1895306361473721,-0.6144587667561463,-0.5196934486824603,-0.001514547547909116,44.897814717535006,57.39463626318998,43.00524297669925,86.17342283617145,467757.0,1.4800000000000182,2.0,1.4800000000000182,10.0,0.004330270934519335,1.4800000000000182,10.0,0.004330270934519335,3.0,3.0,0.1895306361473721,-0.5196934486824603,-0.6144587667561463,44.897814717535006,57.39463626318998,43.00524297669925,86.17342283617145,13.018509380675694,10.131339961573893,40.49103642257244,-0.052488846120201445,0.1534717886174148,0.3299999999999841,0.016000000000019554,0.18000000000000682,0.0,25170.0,25170.0,2022-04-11,2022-04-11 11:35:00,1.3362509117432484,232.0,1.0,best_within_2.0d,25401.0,338.17,0.5832424107187206,4.3760036431226785,32.22527881040892,0.012230020343504162,2.285057100371749,15.890706319702602,0.006381710269403211,0.4929364202292669,5.6011759621451125,36.843533123028394,0.015614239272951093,2.82998018927445,22.52492113564669,0.007835530045022196,1.8630914826498424,0.0039374638100753145,1.4800000000000182,10.0,0.004330270934519335,1.0,1
25176.0,2022-04-11 12:10:00,342.6,342.72,342.21,342.31,260447.0,2,2,1.0,buy,False,0.7094594594594584,4.163492493946733,28.239017640954685,0.011578080659927173,0.16506259246329213,-0.3908606977515732,-0.30832940151992716,-0.0008990513308551781,41.17882742763735,37.522982747242374,50.50997669312748,11.548994855472174,260447.0,1.0500000000000114,1.0,1.4800000000000182,10.0,0.004330270934519335,1.0500000000000114,8.0,0.0030589057857018337,2.0,2.0,0.16506259246329213,-0.30832940151992716,-0.3908606977515732,41.17882742763735,37.522982747242374,50.50997669312748,11.548994855472174,12.804574838388188,10.478617603182755,31.706166347064592,-0.08464681844717467,0.14903129657229414,0.12000000000000455,0.10000000000002274,0.29000000000002046,0.0,25177.0,25177.0,2022-04-11,2022-04-11 12:10:00,1.5249335397738806,150.0,1.0,best_within_2.0d,25326.0,347.53,0.7094594594594584,1.4800000000000182,10.0,0.004330270934519335,1.0500000000000114,8.0,0.0030589057857018337,0.4929364202292669,5.6011759621451125,36.843533123028394,0.015614239272951093,2.82998018927445,22.52492113564669,0.007835530045022196,1.8630914826498424,0.00402220134195386,1.9444468750000041,16.553125,0.005470102952261012,0.0,0
25177.0,2022-04-11 12:15:00,342.34,342.56,342.18,342.55,238747.0,2,2,1.0,buy,False,0.72972972972971,4.163492493946733,28.239017640954685,0.011578080659927173,0.15692824292536234,-0.37124466738590295,-0.2927805459232218,-0.0008537864564346991,44.68931935614176,35.73995951265468,45.58663763296987,16.0466032720243,238747.0,1.079999999999984,1.0,1.4800000000000182,10.0,0.004330270934519335,1.079999999999984,9.0,0.0031463030938646626,2.0,2.0,0.15692824292536234,-0.2927805459232218,-0.37124466738590295,44.68931935614176,35.73995951265468,45.58663763296987,16.0466032720243,12.413616585614879,11.170975172766754,29.81778801628896,0.061342524975181514,0.11105266234145639,0.009999999999990905,0.15999999999996817,0.21000000000003638,1.0,25178.0,25178.0,2022-04-11,2022-04-11 12:15:00,1.4538023646182925,149.0,1.0,best_within_2.0d,25326.0,347.53,0.72972972972971,1.4800000000000182,10.0,0.004330270934519335,1.079999999999984,9.0,0.0031463030938646626,0.4929364202292669,5.6011759621451125,36.843533123028394,0.015614239272951093,2.82998018927445,22.52492113564669,0.007835530045022196,1.8630914826498424,0.00402220134195386,1.9444468750000041,16.553125,0.005470102952261012,0.0,0
25179.0,2022-04-11 12:25:00,342.34,342.44,342.09,342.16,264758.0,2,2,1.0,buy,False,0.7905405405405416,4.163492493946733,28.239017640954685,0.011578080659927173,0.08115597480690784,-0.3453349488221153,-0.3047569614186614,-0.0008889568003545864,40.31289893885373,21.24440774974302,33.79642619333456,-3.8596291374400664,264758.0,1.170000000000016,1.0,1.4800000000000182,10.0,0.004330270934519335,1.170000000000016,11.0,0.003408495018353481,2.0,2.0,0.08115597480690784,-0.3047569614186614,-0.3453349488221153,40.31289893885373,21.24440774974302,33.79642619333456,-3.8596291374400664,13.635124079628028,14.901827106626902,26.47740350411714,-0.052579307121560434,0.10231225700839627,0.10000000000002274,0.07000000000005002,0.17999999999994998,0.0,25180.0,25180.0,2022-04-11,2022-04-11 12:25:00,1.569441197100756,147.0,1.0,best_within_2.0d,25326.0,347.53,0.7905405405405416,1.4800000000000182,10.0,0.004330270934519335,1.170000000000016,11.0,0.003408495018353481,0.4929364202292669,5.6011759621451125,36.843533123028394,0.015614239272951093,2.82998018927445,22.52492113564669,0.007835530045022196,1.8630914826498424,0.00402220134195386,1.9444468750000041,16.553125,0.005470102952261012,0.0,0
25180.0,2022-04-11 12:30:00,342.17,342.33,342.0,342.2504,259581.0,2,2,1.0,buy,False,0.8513513513513348,4.163492493946733,28.239017640954685,0.011578080659927173,0.06655289212535809,-0.3370158373064455,-0.3037393912437665,-0.00088609869927344,41.78726006202398,20.43862772288673,29.34382670318528,2.628229762289628,259581.0,1.259999999999991,1.0,1.4800000000000182,10.0,0.004330270934519335,1.259999999999991,12.0,0.003670686942842134,2.0,2.0,0.06655289212535809,-0.3037393912437665,-0.3370158373064455,41.78726006202398,20.43862772288673,29.34382670318528,2.628229762289628,13.850415512464318,16.383656509695218,25.18464341075739,0.023497092088727054,0.09649122807017078,0.0795999999999708,0.17000000000001592,0.08039999999999736,1.0,25181.0,25181.0,2022-04-11,2022-04-11 12:30:00,1.5426132445717988,146.0,1.0,best_within_2.0d,25326.0,347.53,0.8513513513513348,1.4800000000000182,10.0,0.004330270934519335,1.259999999999991,12.0,0.003670686942842134,0.4929364202292669,5.6011759621451125,36.843533123028394,0.015614239272951093,2.82998018927445,22.52492113564669,0.007835530045022196,1.8630914826498424,0.00402220134195386,1.9444468750000041,16.553125,0.005470102952261012,1.0,0
25186.0,2022-04-11 13:00:00,343.12,344.05,343.12,343.79,571679.0,1p,1p,0.0,sell,False,1.8636447562196932,2.0500000000000114,7.0,0.005994152046783659,0.35321796256350824,-0.19828953417984402,-0.0216805528980899,-6.323668813563813e-05,62.21328810926299,74.007636312166,59.46754497792014,103.08781898065772,571679.0,2.0500000000000114,0.0,2.0500000000000114,7.0,0.005994152046783659,2.0500000000000114,0.0,0.0,1.0,1.0,0.35321796256350824,-0.0216805528980899,-0.19828953417984402,62.21328810926299,74.007636312166,59.46754497792014,103.08781898065772,28.222976134768317,11.80978006551287,23.10963936516068,0.19526696199580784,0.27104220097925125,0.2599999999999909,0.0,0.6700000000000159,1.0,25187.0,25187.0,2022-04-11,2022-04-11 13:00:00,1.634718869077054,215.0,1.0,best_within_2.0d,25401.0,338.17,0.5832424107187206,4.3760036431226785,32.22527881040892,0.012230020343504162,2.285057100371749,15.890706319702602,0.006381710269403211,0.4929364202292669,5.6011759621451125,36.843533123028394,0.015614239272951093,2.82998018927445,22.52492113564669,0.007835530045022196,1.8630914826498424,0.00402220134195386,1.9444468750000041,16.553125,0.005470102952261012,0.0,1
25187.0,2022-04-11 13:05:00,343.78,344.05,343.64,343.83,273457.0,1p,1p,0.0,sell,False,2.180583927064234,2.0500000000000114,8.0,0.005994152046783659,0.41328767692761187,-0.14662857456389253,0.06001526389991341,0.000175012199199198,62.60679344810894,79.09452176908584,66.00987057497537,105.2638241573068,273457.0,2.0500000000000114,0.0,2.0500000000000114,8.0,0.005994152046783659,2.0500000000000114,0.0,0.0,1.0,1.0,0.41328767692761187,0.06001526389991341,-0.14662857456389253,62.60679344810894,79.09452176908584,66.00987057497537,105.2638241573068,28.64181408049369,11.985040959278582,24.387480520967944,0.01454418523474646,0.11931090676289867,0.22000000000002728,0.13999999999998636,0.05000000000001137,1.0,25188.0,25188.0,2022-04-11,2022-04-11 13:05:00,1.6461623476718052,214.0,1.0,best_within_2.0d,25401.0,338.17,0.5832424107187206,4.3760036431226785,32.22527881040892,0.012230020343504162,2.285057100371749,15.890706319702602,0.006381710269403211,0.4929364202292669,5.6011759621451125,36.843533123028394,0.015614239272951093,2.82998018927445,22.52492113564669,0.007835530045022196,1.8630914826498424,0.00402220134195386,1.9444468750000041,16.553125,0.005470102952261012,0.0,1
25188.0,2022-04-11 13:10:00,343.825,344.12,343.69,343.95,452386.0,1p,1p,0.0,sell,False,2.3598430790477893,2.1200000000000045,9.0,0.006198830409356738,0.4472627959642087,-0.09072072506836644,0.13291067291373793,0.0003874983759627617,63.82392876686889,83.39005853788089,71.80326656261053,106.5636424884216,452386.0,2.1200000000000045,0.0,2.1200000000000045,9.0,0.006198830409356738,2.1200000000000045,0.0,0.0,1.0,1.0,0.4472627959642087,0.13291067291373793,-0.09072072506836644,63.82392876686889,83.39005853788089,71.80326656261053,106.5636424884216,29.636654614426856,7.966332760357904,26.76189305446394,0.03635570420999055,0.1251127469521973,0.17000000000001592,0.1349999999999909,0.125,1.0,25189.0,25189.0,2022-04-11,2022-04-11 13:10:00,1.680476813490325,213.0,1.0,best_within_2.0d,25401.0,338.17,0.5832424107187206,4.3760036431226785,32.22527881040892,0.012230020343504162,2.285057100371749,15.890706319702602,0.006381710269403211,0.4929364202292669,5.6011759621451125,36.843533123028394,0.015614239272951093,2.82998018927445,22.52492113564669,0.007835530045022196,1.8630914826498424,0.00402220134195386,1.9444468750000041,16.553125,0.005470102952261012,1.0,1
25195.0,2022-04-11 13:45:00,343.11,343.25,342.83,342.9585,230805.0,2s,2s,1.0,buy,False,0.29054054054054157,4.163492493946733,28.239017640954685,0.011578080659927173,0.023036166473427294,0.08595757353291812,0.09747565676963177,0.00028409597112894137,47.70339088043018,32.66796651797655,49.32500479075261,-0.6461100275755598,230805.0,1.2900000000000205,1.0,1.4800000000000182,10.0,0.004330270934519335,1.2900000000000205,8.0,0.0037486923166337918,1.0,2.5,0.023036166473427294,0.09747565676963177,0.08595757353291812,47.70339088043018,32.66796651797655,49.32500479075261,-0.6461100275755598,25.32455074502723,13.207136918847032,30.539381358777437,-0.044154935734895116,0.12250969868448384,0.13999999999998636,0.12850000000003092,0.15149999999999864,0.0,25196.0,25196.0,2022-04-11,2022-04-11 13:45:00,1.3329601103340367,131.0,1.0,best_within_2.0d,25326.0,347.53,0.5832424107187206,4.3760036431226785,32.22527881040892,0.012230020343504162,2.285057100371749,15.890706319702602,0.006381710269403211,0.29054054054054157,1.4800000000000182,10.0,0.004330270934519335,1.2900000000000205,8.0,0.0037486923166337918,1.0,0.00402220134195386,1.9444468750000041,16.553125,0.005470102952261012,0.0,0
25196.0,2022-04-11 13:50:00,342.95,343.03,342.8,342.92,224043.0,2s,2s,1.0,buy,False,0.31081081081079315,4.163492493946733,28.239017640954685,0.011578080659927173,-0.029585813424697738,0.08225934685483091,0.06746644014248204,0.00019664112310147265,47.15082891561108,24.80894737562086,41.15298565237536,-7.879129177888132,224043.0,1.3199999999999932,1.0,1.4800000000000182,10.0,0.004330270934519335,1.3199999999999932,9.0,0.003835871207718218,1.0,2.5,-0.029585813424697738,0.06746644014248204,0.08225934685483091,47.15082891561108,24.80894737562086,41.15298565237536,-7.879129177888132,25.671943677311,13.777276440157586,30.511700105849417,-0.008747630849970175,0.06709451575261416,0.07999999999998408,0.12000000000000455,0.029999999999972715,0.0,25197.0,25197.0,2022-04-11,2022-04-11 13:50:00,1.3443368715735322,130.0,1.0,best_within_2.0d,25326.0,347.53,0.5832424107187206,4.3760036431226785,32.22527881040892,0.012230020343504162,2.285057100371749,15.890706319702602,0.006381710269403211,0.31081081081079315,1.4800000000000182,10.0,0.004330270934519335,1.3199999999999932,9.0,0.003835871207718218,1.0,0.00402220134195386,1.9444468750000041,16.553125,0.005470102952261012,0.0,0
25197.0,2022-04-11 13:55:00,342.93,343.249,342.71,343.2,302821.0,2s,2s,1.0,buy,False,0.3716216216216247,4.163492493946733,28.239017640954685,0.011578080659927173,-0.026779307528552787,0.07891193341376182,0.06552227964948543,0.0001909702140847862,51.54662701176395,29.103400814516593,37.1364573730891,13.037287697371582,302821.0,1.410000000000025,1.0,1.4800000000000182,10.0,0.004330270934519335,1.410000000000025,10.0,0.004097407880971827,1.0,2.5,-0.026779307528552787,0.06552227964948543,0.07891193341376182,51.54662701176395,29.103400814516593,37.1364573730891,13.037287697371582,22.189906124622404,13.79695391926486,29.998169292977753,0.07873326918029389,0.1572758308774311,0.049000000000035016,0.22000000000002728,0.2699999999999818,1.0,25198.0,25198.0,2022-04-11,2022-04-11 13:55:00,1.2616550116550072,129.0,1.0,best_within_2.0d,25326.0,347.53,0.5832424107187206,4.3760036431226785,32.22527881040892,0.012230020343504162,2.285057100371749,15.890706319702602,0.006381710269403211,0.3716216216216247,1.4800000000000182,10.0,0.004330270934519335,1.410000000000025,10.0,0.004097407880971827,1.0,0.00402220134195386,1.9444468750000041,16.553125,0.005470102952261012,0.0,0
25198.0,2022-04-11 14:00:00,343.21,343.38,342.64,343.05,262412.0,2s,2s,1.0,buy,False,0.41891891891891686,4.163492493946733,28.239017640954685,0.011578080659927173,-0.04420057766578478,0.07338686120553872,0.05128657237264633,0.0001494807248087673,49.186354734902345,30.79115609856742,35.02135694824854,22.330754399205176,262412.0,1.4800000000000182,1.0,1.4800000000000182,10.0,0.004330270934519335,1.4800000000000182,11.0,0.004300825293502319,1.0,2.5,-0.04420057766578478,0.05128657237264633,0.07338686120553872,49.186354734902345,30.79115609856742,35.02135694824854,22.330754399205176,23.279057704229604,13.284244885565721,29.807988639079948,-0.046618688266649624,0.215970114405793,0.17000000000001592,0.410000000000025,0.15999999999996817,0.0,25199.0,25199.0,2022-04-11,2022-04-11 14:00:00,1.3059320798717275,128.0,1.0,best_within_2.0d,25326.0,347.53,0.5832424107187206,4.3760036431226785,32.22527881040892,0.012230020343504162,2.285057100371749,15.890706319702602,0.006381710269403211,0.41891891891891686,1.4800000000000182,10.0,0.004330270934519335,1.4800000000000182,11.0,0.004300825293502319,1.0,0.00402220134195386,1.9444468750000041,16.553125,0.005470102952261012,0.0,0
25200.0,2022-04-11 14:10:00,343.56,343.66,342.57,342.69,419797.0,2s,2s,1.0,buy,False,0.46621621621620896,4.163492493946733,28.239017640954685,0.011578080659927173,-0.06693192864968822,0.0665043774343102,0.03303841310946609,9.629378587635381e-05,44.70469326201634,34.00493493561377,37.18513538989316,27.644534027054988,419797.0,1.5500000000000114,1.0,1.4800000000000182,10.0,0.004330270934519335,1.5500000000000114,13.0,0.004504242706032812,1.0,2.5,-0.06693192864968822,0.03303841310946609,0.0665043774343102,44.70469326201634,34.00493493561377,37.18513538989316,27.644534027054988,15.077637674639139,16.901545457862017,28.0834413800454,-0.2532308767027607,0.31818314505065587,0.10000000000002274,0.12000000000000455,0.8700000000000045,0.0,25201.0,25201.0,2022-04-11,2022-04-11 14:10:00,1.4123551898216975,126.0,1.0,best_within_2.0d,25326.0,347.53,0.5832424107187206,4.3760036431226785,32.22527881040892,0.012230020343504162,2.285057100371749,15.890706319702602,0.006381710269403211,0.46621621621620896,1.4800000000000182,10.0,0.004330270934519335,1.5500000000000114,13.0,0.004504242706032812,1.0,0.00402220134195386,1.9444468750000041,16.553125,0.005470102952261012,0.0,0
25201.0,2022-04-11 14:15:00,342.67,342.67,342.38,342.39,277277.0,2s,2s,1.0,buy,False,0.5945945945945842,4.163492493946733,28.239017640954685,0.011578080659927173,-0.1523192725156556,0.047464468369853255,-0.02869516788797455,-8.364778471567713e-05,41.49879745026828,22.898267126025413,32.42284596860391,3.8491094408684177,277277.0,1.740000000000009,1.0,1.4800000000000182,10.0,0.004330270934519335,1.740000000000009,14.0,0.00505637568290134,1.0,2.5,-0.1523192725156556,-0.02869516788797455,0.047464468369853255,41.49879745026828,22.898267126025413,32.42284596860391,3.8491094408684177,15.263229157691322,19.448308120284462,26.9386768235174,-0.08171126740013118,0.08470120918278534,0.0,0.009999999999990905,0.28000000000002956,0.0,25202.0,25202.0,2022-04-11,2022-04-11 14:15:00,1.5012120681094618,125.0,1.0,best_within_2.0d,25326.0,347.53,0.5832424107187206,4.3760036431226785,32.22527881040892,0.012230020343504162,2.285057100371749,15.890706319702602,0.006381710269403211,0.5945945945945842,1.4800000000000182,10.0,0.004330270934519335,1.740000000000009,14.0,0.00505637568290134,1.0,0.00402220134195386,1.9444468750000041,16.553125,0.005470102952261012,0.0,0
25202.0,2022-04-11 14:20:00,342.39,342.53,342.28,342.36,253278.0,2s,2s,1.0,buy,False,0.6621621621621663,4.163492493946733,28.239017640954685,0.011578080659927173,-0.20254808628703877,0.02214595758397341,-0.07912808555954598,-0.000230696398009208,41.18076213467207,17.01989738226341,27.288529773157073,-3.51736739952392,253278.0,1.8400000000000318,1.0,1.4800000000000182,10.0,0.004330270934519335,1.8400000000000318,15.0,0.005346971986516424,1.0,2.5,-0.20254808628703877,-0.07912808555954598,0.02214595758397341,41.18076213467207,17.01989738226341,27.288529773157073,-3.51736739952392,14.727911280069597,21.14777004317737,26.292681110559474,-0.008761938140708758,0.07303961668809163,0.13999999999998636,0.08000000000004093,0.029999999999972715,0.0,25203.0,25203.0,2022-04-11,2022-04-11 14:20:00,1.5101063208318608,124.0,1.0,best_within_2.0d,25326.0,347.53,0.5832424107187206,4.3760036431226785,32.22527881040892,0.012230020343504162,2.285057100371749,15.890706319702602,0.006381710269403211,0.6621621621621663,1.4800000000000182,10.0,0.004330270934519335,1.8400000000000318,15.0,0.005346971986516424,1.0,0.00402220134195386,1.9444468750000041,16.553125,0.005470102952261012,0.0,0
25203.0,2022-04-11 14:25:00,342.35,342.6,342.25,342.39,259649.0,2s,2s,1.0,buy,False,0.6824324324324179,4.163492493946733,28.239017640954685,0.011578080659927173,-0.21998736939403948,-0.0053524635902815285,-0.11534614828730128,-0.000336333519254176,41.662237737694134,14.357350943014,22.978136829776048,-2.8842208305100954,259649.0,1.8700000000000045,1.0,1.4800000000000182,10.0,0.004330270934519335,1.8700000000000045,16.0,0.00543415087760085,1.0,2.5,-0.21998736939403948,-0.11534614828730128,-0.0053524635902815285,41.662237737694134,14.357350943014,22.978136829776048,-2.8842208305100954,16.306992280480976,17.227548296314442,24.610710891177746,0.011683949174810462,0.10226442658875755,0.21000000000003638,0.10000000000002274,0.03999999999996362,1.0,25204.0,25204.0,2022-04-11,2022-04-11 14:25:00,1.5012120681094618,123.0,1.0,best_within_2.0d,25326.0,347.53,0.5832424107187206,4.3760036431226785,32.22527881040892,0.012230020343504162,2.285057100371749,15.890706319702602,0.006381710269403211,0.6824324324324179,1.4800000000000182,10.0,0.004330270934519335,1.8700000000000045,16.0,0.00543415087760085,1.0,0.00402220134195386,1.9444468750000041,16.553125,0.005470102952261012,0.0,0
25204.0,2022-04-11 14:30:00,342.37,342.62,342.09,342.61,405825.0,2s,2s,1.0,buy,False,0.7905405405405416,4.163492493946733,28.239017640954685,0.011578080659927173,-0.19120850591733002,-0.02925352682994778,-0.12485777978861279,-0.0003640950004176122,45.20453971589662,19.708019537058604,21.888097732203565,15.347863146768681,405825.0,2.0300000000000296,1.0,1.4800000000000182,10.0,0.004330270934519335,2.0300000000000296,17.0,0.005899104963384951,1.0,2.5,-0.19120850591733002,-0.12485777978861279,-0.02925352682994778,45.20453971589662,19.708019537058604,21.888097732203565,15.347863146768681,16.480376390532438,15.55003256203478,23.060271850047354,0.07009959984812018,0.15492998918414147,0.009999999999990905,0.28000000000002956,0.2400000000000091,1.0,25205.0,25205.0,2022-04-11,2022-04-11 14:30:00,1.4360351419981785,122.0,1.0,best_within_2.0d,25326.0,347.53,0.5832424107187206,4.3760036431226785,32.22527881040892,0.012230020343504162,2.285057100371749,15.890706319702602,0.006381710269403211,0.7905405405405416,1.4800000000000182,10.0,0.004330270934519335,2.0300000000000296,17.0,0.005899104963384951,1.0,0.00402220134195386,1.9444468750000041,16.553125,0.005470102952261012,1.0,0
25208.0,2022-04-11 14:50:00,343.43,343.76,343.16,343.21,1047560.0,1,1,0.0,sell,False,0.25907333567215396,1.670000000000016,5.0,0.00488175626297178,0.04910233411876501,-0.062079121711530814,-0.03752795465214831,-0.00010942982384116433,53.83687600755426,50.89627140465315,36.77677149115498,79.1352712316495,1047560.0,1.670000000000016,1.0,1.670000000000016,5.0,0.00488175626297178,1.670000000000016,5.0,0.00488175626297178,1.0,1.0,0.04910233411876501,-0.03752795465214831,-0.062079121711530814,53.83687600755426,50.89627140465315,36.77677149115498,79.1352712316495,26.474127557160905,14.173017783126799,21.36740838835524,-0.06405963369537526,0.17484555309475633,0.3299999999999841,0.049999999999954525,0.22000000000002728,0.0,25209.0,25209.0,2022-04-11,2022-04-11 14:50:00,1.4684886803997448,193.0,1.0,best_within_2.0d,25401.0,338.17,0.5832424107187206,4.3760036431226785,32.22527881040892,0.012230020343504162,2.285057100371749,15.890706319702602,0.006381710269403211,0.4929364202292669,5.6011759621451125,36.843533123028394,0.015614239272951093,2.82998018927445,22.52492113564669,0.007835530045022196,1.8630914826498424,0.00402220134195386,1.9444468750000041,16.553125,0.005470102952261012,1.0,1
25214.0,2022-04-11 15:20:00,342.61,342.68,342.31,342.3699,303294.0,2s,2s,1.0,buy,False,0.6418918918918763,4.163492493946733,28.239017640954685,0.011578080659927173,-0.07819433268769833,-0.05001421702982758,-0.08911138337367674,-0.0002598983839694471,41.884183410284585,24.364540741020885,36.52029066486002,0.05304089334261164,303294.0,1.4499999999999886,1.0,1.4800000000000182,10.0,0.004330270934519335,1.4499999999999886,7.0,0.004218059111007647,2.0,2.5,-0.07819433268769833,-0.08911138337367674,-0.05001421702982758,41.884183410284585,24.364540741020885,36.52029066486002,0.05304089334261164,25.62120691629582,13.025306309402392,26.747569892327707,-0.07007968243776913,0.10808915894949156,0.06999999999999318,0.05989999999997053,0.24010000000004084,0.0,25215.0,25215.0,2022-04-11,2022-04-11 15:20:00,1.5071710451181604,112.0,1.0,best_within_2.0d,25326.0,347.53,0.5832424107187206,4.3760036431226785,32.22527881040892,0.012230020343504162,2.285057100371749,15.890706319702602,0.006381710269403211,0.6418918918918763,1.4800000000000182,10.0,0.004330270934519335,1.4499999999999886,7.0,0.004218059111007647,2.0,0.00402220134195386,1.9444468750000041,16.553125,0.005470102952261012,0.0,0
25215.0,2022-04-11 15:25:00,342.35,342.39,341.85,342.0,458674.0,2s,2s,1.0,buy,False,0.9527027027026694,4.163492493946733,28.239017640954685,0.011578080659927173,-0.1516751046908643,-0.06897360511618562,-0.14481115746161777,-0.000422429328522241,37.43581349606294,18.6584860978783,30.566355809199443,-5.157253324763985,458674.0,1.9099999999999682,1.0,1.4800000000000182,10.0,0.004330270934519335,1.9099999999999682,8.0,0.005556202001396231,2.0,2.5,-0.1516751046908643,-0.14481115746161777,-0.06897360511618562,37.43581349606294,18.6584860978783,30.566355809199443,-5.157253324763985,24.804611717755392,16.351643478743956,26.304080652784304,-0.10223455527969118,0.15796401930670284,0.03999999999996362,0.14999999999997726,0.35000000000002274,0.0,25216.0,25216.0,2022-04-11,2022-04-11 15:25:00,1.6169590643274774,111.0,1.0,best_within_2.0d,25326.0,347.53,0.5832424107187206,4.3760036431226785,32.22527881040892,0.012230020343504162,2.285057100371749,15.890706319702602,0.006381710269403211,0.9527027027026694,1.4800000000000182,10.0,0.004330270934519335,1.9099999999999682,8.0,0.005556202001396231,2.0,0.00402220134195386,1.9444468750000041,16.553125,0.005470102952261012,0.0,0
25216.0,2022-04-11 15:30:00,341.98,342.12,341.36,341.38,647072.0,1,1,1.0,buy,False,0.5608520475539364,2.3999999999999773,9.0,0.006981615080288508,-0.26765663415417107,-0.102430684385457,-0.23625900146254253,-0.0006894046518884398,31.413548274689987,12.699407398585295,24.610706338994724,-11.12319048223356,647072.0,2.3999999999999773,2.0,2.3999999999999773,9.0,0.006981615080288508,2.3999999999999773,9.0,0.006981615080288508,1.0,1.0,-0.26765663415417107,-0.23625900146254253,-0.102430684385457,31.413548274689987,12.699407398585295,24.610706338994724,-11.12319048223356,23.167322427004823,20.319942016981653,24.892904823843967,-0.17544885665829074,0.22263885633934583,0.13999999999998636,0.01999999999998181,0.6000000000000227,0.0,25217.0,25217.0,2022-04-11,2022-04-11 15:30:00,1.8015115120979488,110.0,1.0,best_within_2.0d,25326.0,347.53,0.5832424107187206,4.3760036431226785,32.22527881040892,0.012230020343504162,2.285057100371749,15.890706319702602,0.006381710269403211,0.4929364202292669,5.6011759621451125,36.843533123028394,0.015614239272951093,2.82998018927445,22.52492113564669,0.007835530045022196,1.8630914826498424,0.00402220134195386,1.9444468750000041,16.553125,0.005470102952261012,0.0,0
25217.0,2022-04-11 15:35:00,341.37,341.49,341.13,341.44,803592.0,1,1,1.0,buy,False,0.6638169672364802,2.6299999999999955,10.0,0.007650686525482882,-0.3167948051894367,-0.14203003503413658,-0.30042743762885493,-0.0008768872142694982,32.5444747613887,12.169975302760566,20.463795993583336,-4.41766607888497,803592.0,2.6299999999999955,2.0,2.6299999999999955,10.0,0.007650686525482882,2.6299999999999955,10.0,0.007650686525482882,1.0,1.0,-0.3167948051894367,-0.30042743762885493,-0.14203003503413658,32.5444747613887,12.169975302760566,20.463795993583336,-4.41766607888497,22.232562949175996,23.26663564448702,23.277177855907137,0.02050560974895075,0.10553161551315147,0.05000000000001137,0.2400000000000091,0.06999999999999318,1.0,25218.0,25218.0,2022-04-11,2022-04-11 15:35:00,1.7836223055295148,109.0,1.0,best_within_2.0d,25326.0,347.53,0.5832424107187206,4.3760036431226785,32.22527881040892,0.012230020343504162,2.285057100371749,15.890706319702602,0.006381710269403211,0.4929364202292669,5.6011759621451125,36.843533123028394,0.015614239272951093,2.82998018927445,22.52492113564669,0.007835530045022196,1.8630914826498424,0.00402220134195386,1.9444468750000041,16.553125,0.005470102952261012,0.0,0
25218.0,2022-04-11 15:40:00,341.43,341.685,341.08,341.205,683954.0,1,1,1.0,buy,False,0.7509790038905588,2.680000000000007,11.0,0.007796136839655594,-0.3583913322211217,-0.18682895156177678,-0.3660246176723376,-0.0010686760494339077,30.428192961697704,9.58045301874177,16.83601500196948,-4.930670947713651,683954.0,2.680000000000007,2.0,2.680000000000007,11.0,0.007796136839655594,2.680000000000007,11.0,0.007796136839655594,1.0,1.0,-0.3583913322211217,-0.3660246176723376,-0.18682895156177678,30.428192961697704,9.58045301874177,16.83601500196948,-4.930670947713651,24.51545177561065,20.994956089818327,22.167063986553053,-0.06589930586065158,0.17737774129237077,0.25499999999999545,0.125,0.22500000000002274,0.0,25219.0,25219.0,2022-04-11,2022-04-11 15:40:00,1.8537243006403743,108.0,1.0,best_within_2.0d,25326.0,347.53,0.5832424107187206,4.3760036431226785,32.22527881040892,0.012230020343504162,2.285057100371749,15.890706319702602,0.006381710269403211,0.4929364202292669,5.6011759621451125,36.843533123028394,0.015614239272951093,2.82998018927445,22.52492113564669,0.007835530045022196,1.8630914826498424,0.00402220134195386,1.9444468750000041,16.553125,0.005470102952261012,0.0,0
25219.0,2022-04-11 15:45:00,341.2,341.44,341.0,341.15,904653.0,1,1,1.0,buy,False,0.773814444560976,2.759999999999991,12.0,0.008028857342331833,-0.3692891388992427,-0.23299009392418216,-0.4176346633738035,-0.0012197179270987404,29.937520628504416,8.680546660812201,14.117525554917052,-2.1934111273975,904653.0,2.759999999999991,2.0,2.759999999999991,12.0,0.008028857342331833,2.759999999999991,12.0,0.008028857342331833,1.0,1.0,-0.3692891388992427,-0.4176346633738035,-0.23299009392418216,29.937520628504416,8.680546660812201,14.117525554917052,-2.1934111273975,22.99972121550079,21.795879058216,20.77566024453511,-0.014654161781949405,0.12903225806451546,0.2400000000000091,0.14999999999997726,0.05000000000001137,0.0,25220.0,25220.0,2022-04-11,2022-04-11 15:45:00,1.8701450974644571,107.0,1.0,best_within_2.0d,25326.0,347.53,0.5832424107187206,4.3760036431226785,32.22527881040892,0.012230020343504162,2.285057100371749,15.890706319702602,0.006381710269403211,0.4929364202292669,5.6011759621451125,36.843533123028394,0.015614239272951093,2.82998018927445,22.52492113564669,0.007835530045022196,1.8630914826498424,0.00402220134195386,1.9444468750000041,16.553125,0.005470102952261012,0.0,0
25220.0,2022-04-11 15:50:00,341.14,341.48,340.535,340.61,1217286.0,1,1,1.0,buy,False,0.8830832995863752,3.224999999999966,13.0,0.009381545264137672,-0.4214357506153492,-0.2856695627511008,-0.4963874380587754,-0.0014502808464178316,25.576636099602965,6.73221069132898,11.655753933721027,-3.114875793455113,1217286.0,3.224999999999966,2.0,3.224999999999966,13.0,0.009381545264137672,3.224999999999966,13.0,0.009381545264137672,1.0,1.0,-0.4214357506153492,-0.4963874380587754,-0.2856695627511008,25.576636099602965,6.73221069132898,11.655753933721027,-3.114875793455113,20.842139871307864,25.65638063031372,20.031222752320776,-0.15536143518789142,0.277504514954408,0.34000000000003183,0.07499999999998863,0.5299999999999727,0.0,25221.0,25221.0,2022-04-11,2022-04-11 15:50:00,2.0316491001438473,106.0,1.0,best_within_2.0d,25326.0,347.53,0.5832424107187206,4.3760036431226785,32.22527881040892,0.012230020343504162,2.285057100371749,15.890706319702602,0.006381710269403211,0.4929364202292669,5.6011759621451125,36.843533123028394,0.015614239272951093,2.82998018927445,22.52492113564669,0.007835530045022196,1.8630914826498424,0.00402220134195386,1.9444468750000041,16.553125,0.005470102952261012,1.0,0
25266.0,2022-04-11 19:50:00,340.61,340.68,340.37,340.42,51065.0,1,1,1.0,buy,False,0.8830832995864798,3.3899999999999864,59.0,0.009861531300907571,-0.09999850552459422,-0.11267010377485398,-0.1626693565371511,-0.0004771004257690084,29.631792318960336,14.592981575524774,19.648700445798745,4.481543834976833,51065.0,3.3899999999999864,2.0,3.3899999999999864,59.0,0.009861531300907571,3.3899999999999864,59.0,0.009861531300907571,1.0,1.0,-0.09999850552459422,-0.1626693565371511,-0.11267010377485398,29.631792318960336,14.592981575524774,19.648700445798745,4.481543834976833,15.45064377682304,41.63090128755714,42.3333001670838,-0.05578227298082784,0.09107735699386028,0.06999999999999318,0.05000000000001137,0.18999999999999773,0.0,25267.0,25267.0,2022-04-11,2022-04-11 19:50:00,2.0885964396921324,60.0,1.0,best_within_2.0d,25326.0,347.53,0.5832424107187206,4.3760036431226785,32.22527881040892,0.012230020343504162,2.285057100371749,15.890706319702602,0.006381710269403211,0.4929364202292669,5.6011759621451125,36.843533123028394,0.015614239272951093,2.82998018927445,22.52492113564669,0.007835530045022196,1.8630914826498424,0.00402220134195386,1.9444468750000041,16.553125,0.005470102952261012,0.0,0
25267.0,2022-04-11 19:55:00,340.36,340.52,340.29,340.48,35059.0,1,1,1.0,buy,False,0.8830832995863802,3.4699999999999704,60.0,0.010094251803583811,-0.10047177013030806,-0.1252290750411425,-0.17546496010629653,-0.0005146822541121478,32.655893720779744,18.64884217711056,19.315414356236015,17.315697818859647,35059.0,3.4699999999999704,2.0,3.4699999999999704,60.0,0.010094251803583811,3.4699999999999704,60.0,0.010094251803583811,1.0,1.0,-0.10047177013030806,-0.17546496010629653,-0.1252290750411425,32.655893720779744,18.64884217711056,19.315414356236015,17.315697818859647,13.999999999999591,42.00000000000332,42.88092158372096,0.035256786931485644,0.0675894090334601,0.03999999999996362,0.06999999999999318,0.12000000000000455,1.0,25268.0,25268.0,2022-04-11,2022-04-11 19:55:00,2.0706062030075056,59.0,1.0,best_within_2.0d,25326.0,347.53,0.5832424107187206,4.3760036431226785,32.22527881040892,0.012230020343504162,2.285057100371749,15.890706319702602,0.006381710269403211,0.4929364202292669,5.6011759621451125,36.843533123028394,0.015614239272951093,2.82998018927445,22.52492113564669,0.007835530045022196,1.8630914826498424,0.00402220134195386,1.9444468750000041,16.553125,0.005470102952261012,0.0,0
25268.0,2022-04-12 04:00:00,340.0,340.36,339.86,340.14,27428.0,1,1,1.0,buy,False,0.88308329958651,3.8999999999999773,61.0,0.011345124505468866,-0.13661413925466048,-0.14230584244797506,-0.2106129120753053,-0.0006178844989652981,25.870970582181556,20.99525258290487,19.8753604317923,23.23503688513002,27428.0,3.8999999999999773,2.0,3.8999999999999773,61.0,0.011345124505468866,3.8999999999999773,61.0,0.011345124505468866,1.0,1.0,-0.13661413925466048,-0.2106129120753053,-0.14230584244797506,25.870970582181556,20.99525258290487,19.8753604317923,23.23503688513002,11.290322580644805,47.741935483874705,44.228615319154095,0.041176470588231276,0.14711940210674984,0.22000000000002728,0.13999999999998636,0.13999999999998636,1.0,25269.0,25269.0,2022-04-12,2022-04-12 04:00:00,2.172634797436346,58.0,1.0,best_within_2.0d,25326.0,347.53,0.5832424107187206,4.3760036431226785,32.22527881040892,0.012230020343504162,2.285057100371749,15.890706319702602,0.006381710269403211,0.4929364202292669,5.6011759621451125,36.843533123028394,0.015614239272951093,2.82998018927445,22.52492113564669,0.007835530045022196,1.8630914826498424,0.00402220134195386,1.9444468750000041,16.553125,0.005470102952261012,1.0,0
25296.0,2022-04-12 06:20:00,341.29,341.39,341.19,341.19,3135.0,2,2,1.0,buy,False,0.37850467289719975,4.163492493946733,28.239017640954685,0.011578080659927173,-0.04353947961817817,0.1770178594962331,0.15524811968714403,0.00045489784452150135,48.21995200824849,32.243046539994815,56.24061483670649,-15.752090053428546,3135.0,0.8100000000000023,1.0,2.1399999999999864,25.0,0.0062967104101688525,0.8100000000000023,5.0,0.0023684210526315856,2.0,2.0,-0.04353947961817817,0.15524811968714403,0.1770178594962331,48.21995200824849,32.243046539994815,56.24061483670649,-15.752090053428546,28.60962566845003,21.390374331550728,27.146409730142555,-0.029300594802081144,0.058618365133793086,0.0999999999999659,0.0,0.10000000000002274,0.0,25297.0,25297.0,2022-04-12,2022-04-12 06:20:00,1.8582021747413393,30.0,1.0,best_within_2.0d,25326.0,347.53,0.37850467289719975,2.1399999999999864,25.0,0.0062967104101688525,0.8100000000000023,5.0,0.0023684210526315856,0.4929364202292669,5.6011759621451125,36.843533123028394,0.015614239272951093,2.82998018927445,22.52492113564669,0.007835530045022196,1.8630914826498424,0.00402220134195386,1.9444468750000041,16.553125,0.005470102952261012,0.0,0
25297.0,2022-04-12 06:25:00,341.23,341.45,341.11,341.45,1453.0,2,2,1.0,buy,False,0.415887850467286,4.163492493946733,28.239017640954685,0.011578080659927173,-0.05151216467766284,0.17057883891152525,0.14482275657269383,0.00042433459120683767,53.39463330919585,34.22944675699955,48.903558810137504,4.881222650723643,1453.0,0.8899999999999864,1.0,2.1399999999999864,25.0,0.0062967104101688525,0.8899999999999864,6.0,0.0026023391812865096,2.0,2.0,-0.05151216467766284,0.14482275657269383,0.17057883891152525,53.39463330919585,34.22944675699955,48.903558810137504,4.881222650723643,26.61691542288656,21.890547263681267,25.90335115967468,0.06447264308530036,0.09967459177390722,0.0,0.12000000000000455,0.21999999999997044,1.0,25298.0,25298.0,2022-04-12,2022-04-12 06:25:00,1.780641382340016,29.0,1.0,best_within_2.0d,25326.0,347.53,0.415887850467286,2.1399999999999864,25.0,0.0062967104101688525,0.8899999999999864,6.0,0.0026023391812865096,0.4929364202292669,5.6011759621451125,36.843533123028394,0.015614239272951093,2.82998018927445,22.52492113564669,0.007835530045022196,1.8630914826498424,0.00402220134195386,1.9444468750000041,16.553125,0.005470102952261012,1.0,0
25305.0,2022-04-12 07:05:00,341.16,341.23,341.09,341.11,20116.0,2,2,1.0,buy,False,0.4252336448598275,4.163492493946733,28.239017640954685,0.011578080659927173,-0.14422000436015597,0.1241031884579897,0.05199318627791172,0.0001523071748884257,44.46240846397564,26.017231031028846,42.58297075899783,-7.114248424909121,20116.0,0.910000000000025,1.0,2.1399999999999864,25.0,0.0062967104101688525,0.910000000000025,14.0,0.0026608187134503653,2.0,2.0,-0.14422000436015597,0.05199318627791172,0.1241031884579897,44.46240846397564,26.017231031028846,42.58297075899783,-7.114248424909121,12.938005390835745,35.040431266845786,23.999275788095932,-0.01465587993903487,0.041044885514099856,0.06999999999999318,0.020000000000038654,0.05000000000001137,0.0,25306.0,25306.0,2022-04-12,2022-04-12 07:05:00,1.8820908211427279,21.0,1.0,best_within_2.0d,25326.0,347.53,0.4252336448598275,2.1399999999999864,25.0,0.0062967104101688525,0.910000000000025,14.0,0.0026608187134503653,0.4929364202292669,5.6011759621451125,36.843533123028394,0.015614239272951093,2.82998018927445,22.52492113564669,0.007835530045022196,1.8630914826498424,0.00402220134195386,1.9444468750000041,16.553125,0.005470102952261012,0.0,0
25306.0,2022-04-12 07:10:00,341.09,341.09,340.88,340.92,8270.0,2,2,1.0,buy,False,0.5233644859813139,4.163492493946733,28.239017640954685,0.011578080659927173,-0.18568228125870295,0.10089290330065184,0.008051762671300366,2.3588881965426566e-05,41.070326188004294,18.691622034154587,34.61918785071675,-13.163509598969739,8270.0,1.1200000000000045,1.0,2.1399999999999864,25.0,0.0062967104101688525,1.1200000000000045,15.0,0.003274853801169604,2.0,2.0,-0.18568228125870295,0.008051762671300366,0.10089290330065184,41.070326188004294,18.691622034154587,34.61918785071675,-13.163509598969739,13.150684931507021,41.36986301369735,25.982098515363912,-0.04984021812423674,0.06160525698192312,0.0,0.040000000000020464,0.16999999999995907,0.0,25307.0,25307.0,2022-04-12,2022-04-12 07:10:00,1.938871289452058,20.0,1.0,best_within_2.0d,25326.0,347.53,0.5233644859813139,2.1399999999999864,25.0,0.0062967104101688525,1.1200000000000045,15.0,0.003274853801169604,0.4929364202292669,5.6011759621451125,36.843533123028394,0.015614239272951093,2.82998018927445,22.52492113564669,0.007835530045022196,1.8630914826498424,0.00402220134195386,1.9444468750000041,16.553125,0.005470102952261012,0.0,0
25307.0,2022-04-12 07:15:00,340.87,340.9,340.65,340.87,30822.0,2,2,1.0,buy,False,0.6308411214953418,4.163492493946733,28.239017640954685,0.011578080659927173,-0.21015767021493414,0.07462319452378507,-0.030455640583681998,-8.923354852853464e-05,40.201139936170534,18.472010317852302,29.236795339761933,-3.0575597259669607,30822.0,1.3500000000000227,1.0,2.1399999999999864,25.0,0.0062967104101688525,1.3500000000000227,16.0,0.0039473684210526985,2.0,2.0,-0.21015767021493414,-0.030455640583681998,0.07462319452378507,40.201139936170534,18.472010317852302,29.236795339761933,-3.0575597259669607,13.043478260869632,40.760869565216055,27.805888015348643,0.0,0.07338910905621607,0.029999999999972715,0.22000000000002728,0.0,0.0,25308.0,25308.0,2022-04-12,2022-04-12 07:15:00,1.9538240384897376,19.0,1.0,best_within_2.0d,25326.0,347.53,0.6308411214953418,2.1399999999999864,25.0,0.0062967104101688525,1.3500000000000227,16.0,0.0039473684210526985,0.4929364202292669,5.6011759621451125,36.843533123028394,0.015614239272951093,2.82998018927445,22.52492113564669,0.007835530045022196,1.8630914826498424,0.00402220134195386,1.9444468750000041,16.553125,0.005470102952261012,1.0,0
25317.0,2022-04-12 08:05:00,341.81,342.49,341.8,342.44,84855.0,1p,1p,0.0,sell,False,0.8480791804751563,1.8400000000000318,11.0,0.005401438426537596,0.2005587560128291,0.05133626051189351,0.15161563851830806,0.00044402429117357457,71.50097120967365,92.15271752287045,80.892953410216,114.67224574817936,84855.0,1.8400000000000318,0.0,1.8400000000000318,11.0,0.005401438426537596,1.8400000000000318,0.0,0.0,1.0,1.0,0.2005587560128291,0.15161563851830806,0.05133626051189351,71.50097120967365,92.15271752287045,80.892953410216,114.67224574817936,22.157434402332697,48.83381924198233,24.678165008677183,0.18431292238377914,0.20187244002340482,0.05000000000001137,0.009999999999990905,0.6299999999999955,1.0,25318.0,25318.0,2022-04-12,2022-04-12 08:05:00,1.2469337694194549,84.0,1.0,best_within_2.0d,25401.0,338.17,0.5832424107187206,4.3760036431226785,32.22527881040892,0.012230020343504162,2.285057100371749,15.890706319702602,0.006381710269403211,0.4929364202292669,5.6011759621451125,36.843533123028394,0.015614239272951093,2.82998018927445,22.52492113564669,0.007835530045022196,1.8630914826498424,0.00402220134195386,1.9444468750000041,16.553125,0.005470102952261012,1.0,1
25322.0,2022-04-12 08:30:00,342.01,345.89,342.01,345.78,1108541.0,1p,1p,0.0,sell,False,2.50033380560523,5.240000000000009,16.0,0.015382357258182914,0.5912936541939998,0.2227232450431011,0.518370072140101,0.001515956371157165,85.62443720753019,92.69031285943974,90.25595813732309,97.55902230367303,1108541.0,5.240000000000009,0.0,5.240000000000009,16.0,0.015382357258182914,5.240000000000009,0.0,0.0,1.0,1.0,0.5912936541939998,0.518370072140101,0.2227232450431011,85.62443720753019,92.69031285943974,90.25595813732309,97.55902230367303,46.13524323318829,26.881220351595275,26.990010754376645,1.1023069500891733,1.1344697523464213,0.11000000000001364,0.0,3.769999999999982,1.0,25323.0,25323.0,2022-04-12,2022-04-12 08:30:00,2.200821331482433,79.0,1.0,best_within_2.0d,25401.0,338.17,0.5832424107187206,4.3760036431226785,32.22527881040892,0.012230020343504162,2.285057100371749,15.890706319702602,0.006381710269403211,0.4929364202292669,5.6011759621451125,36.843533123028394,0.015614239272951093,2.82998018927445,22.52492113564669,0.007835530045022196,1.8630914826498424,0.00402220134195386,1.9444468750000041,16.553125,0.005470102952261012,0.0,1
25324.0,2022-04-12 08:40:00,345.32,346.71,344.45,346.52,399055.0,1p,1p,0.0,sell,False,4.219138492801312,6.060000000000002,18.0,0.01778952003522678,0.9977667027363868,0.4441888602844406,0.943072211652634,0.0027533994718180878,82.54320213919053,94.09771054418614,92.00168434506094,98.28976294243654,399055.0,6.060000000000002,0.0,6.060000000000002,18.0,0.01778952003522678,6.060000000000002,0.0,0.0,1.0,1.0,0.9977667027363868,0.943072211652634,0.4441888602844406,82.54320213919053,94.09771054418614,92.00168434506094,98.28976294243654,42.28121927237031,21.859163452083884,27.200114176666524,0.3475037646241135,0.6561184497024215,0.18999999999999773,0.8700000000000045,1.1999999999999886,1.0,25325.0,25325.0,2022-04-12,2022-04-12 08:40:00,2.409673323329091,77.0,1.0,best_within_2.0d,25401.0,338.17,0.5832424107187206,4.3760036431226785,32.22527881040892,0.012230020343504162,2.285057100371749,15.890706319702602,0.006381710269403211,0.4929364202292669,5.6011759621451125,36.843533123028394,0.015614239272951093,2.82998018927445,22.52492113564669,0.007835530045022196,1.8630914826498424,0.00402220134195386,1.9444468750000041,16.553125,0.005470102952261012,0.0,1
25325.0,2022-04-12 08:45:00,346.52,347.11,346.44,347.06,346943.0,1p,1p,0.0,sell,False,4.848343693687651,6.460000000000036,19.0,0.018963745780126336,1.1465648518618778,0.5875094667671753,1.1607918926981142,0.0033857250208387487,83.93853142378394,95.75126716756156,93.25154528589448,100.75071093089576,346943.0,6.460000000000036,0.0,6.460000000000036,19.0,0.018963745780126336,6.460000000000036,0.0,0.0,1.0,1.0,1.1465648518618778,1.1607918926981142,0.5875094667671753,83.93853142378394,95.75126716756156,93.25154528589448,100.75071093089576,43.943951287507176,20.83486171227344,27.805380248661688,0.1558351610296723,0.19339568179194547,0.05000000000001137,0.07999999999998408,0.5400000000000205,1.0,25326.0,25326.0,2022-04-12,2022-04-12 08:45:00,2.5615167406212143,76.0,1.0,best_within_2.0d,25401.0,338.17,0.5832424107187206,4.3760036431226785,32.22527881040892,0.012230020343504162,2.285057100371749,15.890706319702602,0.006381710269403211,0.4929364202292669,5.6011759621451125,36.843533123028394,0.015614239272951093,2.82998018927445,22.52492113564669,0.007835530045022196,1.8630914826498424,0.00402220134195386,1.9444468750000041,16.553125,0.005470102952261012,0.0,1
25326.0,2022-04-12 08:50:00,347.08,347.53,346.56,347.53,352459.0,1p,1p,0.0,sell,False,5.196927515086194,6.8799999999999955,20.0,0.020196682812270647,1.2290000055543908,0.7411344674614742,1.3556344702386696,0.003950034624613106,85.05799456199489,97.16751144504104,94.55686733894333,102.38879965723646,352459.0,6.8799999999999955,0.0,6.8799999999999955,20.0,0.020196682812270647,6.8799999999999955,0.0,0.0,1.0,1.0,1.2290000055543908,1.3556344702386696,0.7411344674614742,85.05799456199489,97.16751144504104,94.55686733894333,102.38879965723646,44.54358756462064,20.111890092769645,28.51838978026647,0.12965310591217835,0.27989381348106257,0.0,0.5199999999999818,0.44999999999998863,1.0,25327.0,25327.0,2022-04-12,2022-04-12 08:50:00,2.6932926653813936,75.0,1.0,best_within_2.0d,25401.0,338.17,0.5832424107187206,4.3760036431226785,32.22527881040892,0.012230020343504162,2.285057100371749,15.890706319702602,0.006381710269403211,0.4929364202292669,5.6011759621451125,36.843533123028394,0.015614239272951093,2.82998018927445,22.52492113564669,0.007835530045022196,1.8630914826498424,0.00402220134195386,1.9444468750000041,16.553125,0.005470102952261012,0.0,1
25327.0,2022-04-12 08:55:00,347.53,347.83,347.16,347.28,289736.0,1p,1p,0.0,sell,False,5.196927515086194,7.180000000000007,21.0,0.021077352120945272,1.1708201568888916,0.8874869870725857,1.4728970655170315,0.004287933155977914,81.79238505471967,94.97240489030125,94.69537985606263,95.52645495877846,289736.0,7.180000000000007,0.0,7.180000000000007,21.0,0.021077352120945272,7.180000000000007,0.0,0.0,1.0,1.0,1.1708201568888916,1.4728970655170315,0.8874869870725857,81.79238505471967,94.97240489030125,94.69537985606263,95.52645495877846,44.6777846407255,19.49076933635305,29.285028860132893,-0.07193623572065722,0.19299458462955382,0.30000000000001137,0.1199999999999477,0.25,0.0,25328.0,25328.0,2022-04-12,2022-04-12 08:55:00,2.623243492282872,74.0,1.0,best_within_2.0d,25401.0,338.17,0.5832424107187206,4.3760036431226785,32.22527881040892,0.012230020343504162,2.285057100371749,15.890706319702602,0.006381710269403211,0.4929364202292669,5.6011759621451125,36.843533123028394,0.015614239272951093,2.82998018927445,22.52492113564669,0.007835530045022196,1.8630914826498424,0.00402220134195386,1.9444468750000041,16.553125,0.005470102952261012,1.0,1
25349.0,2022-04-12 10:45:00,343.43,343.76,343.16,343.21,1047560.0,2,2,0.0,sell,False,0.8226600985221634,4.163492493946733,28.239017640954685,0.011578080659927173,0.049102334118680924,-0.062079121711375085,-0.03752795465203462,-0.00010942982384083286,53.83687600756943,50.89627140465315,36.77677149115498,79.1352712316495,1047560.0,1.670000000000016,1.0,2.0300000000000296,17.0,0.005899104963384951,1.670000000000016,5.0,0.00488175626297178,2.0,2.0,0.049102334118680924,-0.03752795465203462,-0.062079121711375085,53.83687600756943,50.89627140465315,36.77677149115498,79.1352712316495,26.474127557160905,14.173017783126799,21.36740838804403,-0.06405963369537526,0.17484555309475633,0.3299999999999841,0.049999999999954525,0.22000000000002728,0.0,25350.0,25350.0,2022-04-12,2022-04-12 10:45:00,1.100308552133659,248.0,1.0,best_within_2.0d,25597.0,347.32,0.8226600985221634,2.0300000000000296,17.0,0.005899104963384951,1.670000000000016,5.0,0.00488175626297178,0.4929364202292669,5.6011759621451125,36.843533123028394,0.015614239272951093,2.82998018927445,22.52492113564669,0.007835530045022196,1.8630914826498424,0.00402220134195386,1.9444468750000041,16.553125,0.005470102952261012,0.0,1
25349.0,2022-04-12 10:45:00,340.0,340.36,339.86,340.14,27428.0,1p,1p,1.0,buy,False,1.9157261628402096,3.8999999999999773,61.0,0.011345124505468866,-0.13661413925466054,-0.14230584244797503,-0.2106129120753053,-0.0006178844989652981,25.870970582180632,20.99525258290487,19.8753604317923,23.23503688513002,27428.0,3.8999999999999773,0.0,3.8999999999999773,61.0,0.011345124505468866,3.8999999999999773,0.0,0.0,1.0,1.0,-0.13661413925466054,-0.2106129120753053,-0.14230584244797503,25.870970582180632,20.99525258290487,19.8753604317923,23.23503688513002,11.290322580644805,47.741935483874705,44.22861531915048,0.041176470588231276,0.14711940210674984,0.22000000000002728,0.13999999999998636,0.13999999999998636,1.0,25350.0,25350.0,2022-04-12,2022-04-12 10:45:00,1.100308552133659,248.0,1.0,best_within_2.0d,25597.0,347.32,0.5832424107187206,4.3760036431226785,32.22527881040892,0.012230020343504162,2.285057100371749,15.890706319702602,0.006381710269403211,0.4929364202292669,5.6011759621451125,36.843533123028394,0.015614239272951093,2.82998018927445,22.52492113564669,0.007835530045022196,1.8630914826498424,0.00402220134195386,1.9444468750000041,16.553125,0.005470102952261012,0.0,0
25349.0,2022-04-12 10:45:00,346.9,347.69,346.61,347.01,796925.0,2,2,0.0,sell,False,0.966224366706879,4.163492493946733,28.239017640954685,0.011578080659927173,-0.06368674518916184,0.9677440758302694,0.9359007032356885,0.0027090837560072418,65.00590553705655,81.79715610647912,74.15184817787144,97.08777196369448,796925.0,4.0049999999999955,1.0,4.144999999999982,9.0,0.011916740936664411,4.0049999999999955,8.0,0.011653112588562187,2.0,2.0,-0.06368674518916184,0.9359007032356885,0.9677440758302694,65.00590553705655,81.79715610647912,74.15184817787144,97.08777196369448,18.794035720137366,28.53194081314258,27.884504836966986,0.03170942634765456,0.31158939442023714,0.6800000000000068,0.2899999999999636,0.11000000000001364,1.0,25350.0,25350.0,2022-04-12,2022-04-12 10:45:00,1.100308552133659,248.0,1.0,best_within_2.0d,25597.0,347.32,0.966224366706879,4.144999999999982,9.0,0.011916740936664411,4.0049999999999955,8.0,0.011653112588562187,0.4929364202292669,5.6011759621451125,36.843533123028394,0.015614239272951093,2.82998018927445,22.52492113564669,0.007835530045022196,1.8630914826498424,0.00402220134195386,1.9444468750000041,16.553125,0.005470102952261012,0.0,1
25349.0,2022-04-12 10:45:00,344.385,344.78,343.45,343.54,883475.0,1p,1p,1.0,buy,False,1.7636987590875977,4.240000000000009,8.0,0.012194771204233682,-0.9018443963462082,0.48531744178309666,0.034395243609992576,9.962939537703193e-05,36.12659552064452,15.470347476012513,31.38470828728017,-16.3583741465228,883475.0,4.240000000000009,0.0,4.240000000000009,8.0,0.012194771204233682,4.240000000000009,0.0,0.0,1.0,1.0,-0.9018443963462082,0.034395243609992576,0.48531744178309666,36.12659552064452,15.470347476012513,31.38470828728017,-16.3583741465228,17.42815617361394,24.641606659179523,25.37764702584199,-0.24536492588236145,0.38724705197262604,0.3949999999999818,0.09000000000003183,0.8449999999999704,0.0,25350.0,25350.0,2022-04-12,2022-04-12 10:45:00,1.100308552133659,248.0,1.0,best_within_2.0d,25597.0,347.32,0.5832424107187206,4.3760036431226785,32.22527881040892,0.012230020343504162,2.285057100371749,15.890706319702602,0.006381710269403211,0.4929364202292669,5.6011759621451125,36.843533123028394,0.015614239272951093,2.82998018927445,22.52492113564669,0.007835530045022196,1.8630914826498424,0.00402220134195386,1.9444468750000041,16.553125,0.005470102952261012,0.0,0
25350.0,2022-04-12 10:50:00,343.53,343.74,343.0791,343.53,852356.0,1p,1p,1.0,buy,False,1.852324920920922,4.610900000000015,9.0,0.013261526072075744,-0.947162230249093,0.36692216300196,-0.10665895212258647,-0.00030906158963341806,36.06640945338438,13.573232294077876,25.447549622879404,-10.17540236352518,852356.0,4.610900000000015,0.0,4.610900000000015,9.0,0.013261526072075744,4.610900000000015,0.0,0.0,1.0,1.0,-0.947162230249093,-0.10665895212258647,0.36692216300196,36.06640945338438,13.573232294077876,25.447549622879404,-10.17540236352518,18.425188051319953,28.6417700919828,25.11542114125609,0.0,0.1926377911099879,0.21000000000003638,0.4508999999999901,0.0,0.0,25351.0,25351.0,2022-04-12,2022-04-12 10:50:00,1.1032515355281987,247.0,1.0,best_within_2.0d,25597.0,347.32,0.5832424107187206,4.3760036431226785,32.22527881040892,0.012230020343504162,2.285057100371749,15.890706319702602,0.006381710269403211,0.4929364202292669,5.6011759621451125,36.843533123028394,0.015614239272951093,2.82998018927445,22.52492113564669,0.007835530045022196,1.8630914826498424,0.00402220134195386,1.9444468750000041,16.553125,0.005470102952261012,0.0,0
25353.0,2022-04-12 11:05:00,344.1,344.22,343.01,343.04,665092.0,1p,1p,1.0,buy,False,1.852324920920922,4.680000000000007,12.0,0.01346026632920132,-0.812601846519331,0.05463995783805007,-0.3516609654216154,-0.001019894477304072,35.30882625879677,13.798508624652559,18.820724227750027,3.7540774184576264,665092.0,4.680000000000007,0.0,4.680000000000007,12.0,0.01346026632920132,4.680000000000007,0.0,0.0,1.0,1.0,-0.812601846519331,-0.3516609654216154,0.05463995783805007,35.30882625879677,13.798508624652559,18.820724227750027,3.7540774184576264,8.800326342703427,31.693849751236236,30.19447698853282,-0.3080499854693409,0.3527593947698424,0.12000000000000455,0.03000000000002956,1.0600000000000023,0.0,25354.0,25354.0,2022-04-12,2022-04-12 11:05:00,1.2476679104477533,244.0,1.0,best_within_2.0d,25597.0,347.32,0.5832424107187206,4.3760036431226785,32.22527881040892,0.012230020343504162,2.285057100371749,15.890706319702602,0.006381710269403211,0.4929364202292669,5.6011759621451125,36.843533123028394,0.015614239272951093,2.82998018927445,22.52492113564669,0.007835530045022196,1.8630914826498424,0.00402220134195386,1.9444468750000041,16.553125,0.005470102952261012,1.0,0
25358.0,2022-04-12 11:30:00,345.26,345.86,345.238,345.52,682307.0,2s,2s,0.0,sell,False,0.5247285886610424,4.163492493946733,28.239017640954685,0.011578080659927173,0.056894594842571866,-0.13852551607289443,-0.1100782186516085,-0.00031924858633278815,55.96538711177384,72.30871313302458,52.68032220316593,111.56549499274189,682307.0,2.8500000000000227,1.0,4.144999999999982,9.0,0.011916740936664411,2.8500000000000227,6.0,0.008308795661934121,1.0,2.5,0.056894594842571866,-0.1100782186516085,-0.13852551607289443,55.96538711177384,72.30871313302458,52.68032220316593,111.56549499274189,21.385693879067652,22.30139791427525,30.170750570383316,0.07530556681920608,0.18016556694222943,0.34000000000003183,0.02199999999999136,0.2599999999999909,1.0,25359.0,25359.0,2022-04-12,2022-04-12 11:30:00,2.127228525121546,43.0,1.0,best_within_2.0d,25401.0,338.17,0.5832424107187206,4.3760036431226785,32.22527881040892,0.012230020343504162,2.285057100371749,15.890706319702602,0.006381710269403211,0.5247285886610424,4.144999999999982,9.0,0.011916740936664411,2.8500000000000227,6.0,0.008308795661934121,1.0,0.00402220134195386,1.9444468750000041,16.553125,0.005470102952261012,1.0,1
25364.0,2022-04-12 12:00:00,344.72,344.74,344.18,344.275,341019.0,2,2,1.0,buy,False,0.589473684210524,4.163492493946733,28.239017640954685,0.011578080659927173,-0.0007948029416006419,-0.060601560436643706,-0.06099896190744403,-0.00017690353280435157,45.175377239015,43.2730008712957,58.48808074581686,12.84284112225339,341019.0,1.6800000000000068,1.0,2.8500000000000227,6.0,0.008308795661934121,1.6800000000000068,7.0,0.0048574567744174135,2.0,2.0,-0.0007948029416006419,-0.06099896190744403,-0.060601560436643706,45.175377239015,43.2730008712957,58.48808074581686,12.84284112225339,23.36511831410325,12.792176744940855,24.65877709266167,-0.12909027616617832,0.16270556104364062,0.01999999999998181,0.09499999999997044,0.44500000000005,0.0,25365.0,25365.0,2022-04-12,2022-04-12 12:00:00,0.8844673589427103,233.0,1.0,best_within_2.0d,25597.0,347.32,0.589473684210524,2.8500000000000227,6.0,0.008308795661934121,1.6800000000000068,7.0,0.0048574567744174135,0.4929364202292669,5.6011759621451125,36.843533123028394,0.015614239272951093,2.82998018927445,22.52492113564669,0.007835530045022196,1.8630914826498424,0.00402220134195386,1.9444468750000041,16.553125,0.005470102952261012,0.0,0
25365.0,2022-04-12 12:05:00,344.285,344.38,343.4699,343.74,549431.0,2,2,1.0,buy,False,0.8386315789473681,4.163492493946733,28.239017640954685,0.011578080659927173,-0.12280722126603394,-0.07595246309489795,-0.13735607372791492,-0.0003984393467845338,41.20693144258339,32.61559471221132,49.86391873461501,-1.8810533325960677,549431.0,2.390100000000018,1.0,2.8500000000000227,6.0,0.008308795661934121,2.390100000000018,8.0,0.0069105996646042275,2.0,2.0,-0.12280722126603394,-0.13735607372791492,-0.07595246309489795,41.20693144258339,32.61559471221132,49.86391873461501,-1.8810533325960677,20.683533067022136,18.89125610297349,23.220924097042346,-0.15829908360806189,0.26497227267949824,0.09499999999997044,0.27010000000001355,0.5450000000000159,0.0,25366.0,25366.0,2022-04-12,2022-04-12 12:05:00,1.0414848431954338,232.0,1.0,best_within_2.0d,25597.0,347.32,0.8386315789473681,2.8500000000000227,6.0,0.008308795661934121,2.390100000000018,8.0,0.0069105996646042275,0.4929364202292669,5.6011759621451125,36.843533123028394,0.015614239272951093,2.82998018927445,22.52492113564669,0.007835530045022196,1.8630914826498424,0.00402220134195386,1.9444468750000041,16.553125,0.005470102952261012,0.0,0
25366.0,2022-04-12 12:10:00,343.74,343.79,343.31,343.66,417114.0,2,2,1.0,buy,False,0.89473684210526,4.163492493946733,28.239017640954685,0.011578080659927173,-0.20167042182528486,-0.10116126582305855,-0.20199647673570098,-0.0005860821493934464,40.63214136282865,26.318893206833962,42.01557689202132,-5.074474163540756,417114.0,2.5500000000000114,1.0,2.8500000000000227,6.0,0.008308795661934121,2.5500000000000114,9.0,0.007372925461169292,2.0,2.0,-0.20167042182528486,-0.20199647673570098,-0.10116126582305855,40.63214136282865,26.318893206833962,42.01557689202132,-5.074474163540756,18.044402456306365,21.615493623051098,22.20545007268737,-0.02327340431721187,0.13981532725525567,0.05000000000001137,0.35000000000002274,0.07999999999998408,0.0,25367.0,25367.0,2022-04-12,2022-04-12 12:10:00,1.0650061106907895,231.0,1.0,best_within_2.0d,25597.0,347.32,0.89473684210526,2.8500000000000227,6.0,0.008308795661934121,2.5500000000000114,9.0,0.007372925461169292,0.4929364202292669,5.6011759621451125,36.843533123028394,0.015614239272951093,2.82998018927445,22.52492113564669,0.007835530045022196,1.8630914826498424,0.00402220134195386,1.9444468750000041,16.553125,0.005470102952261012,0.0,0
25368.0,2022-04-12 12:20:00,344.19,344.2,343.25,343.3113,458754.0,2,2,1.0,buy,False,0.915789473684208,4.163492493946733,28.239017640954685,0.011578080659927173,-0.2519280150433866,-0.15384365456987753,-0.2798076620915708,-0.0008121551903131278,39.63589956751249,20.715524772973254,32.185206634966214,-2.2238389510126666,458754.0,2.6100000000000136,1.0,2.8500000000000227,6.0,0.008308795661934121,2.6100000000000136,11.0,0.007546406060255634,2.0,2.0,-0.2519280150433866,-0.2798076620915708,-0.15384365456987753,39.63589956751249,20.715524772973254,32.185206634966214,-2.2238389510126666,26.724073936604704,20.117288991165882,21.289569158498217,-0.2552950405299343,0.27676620538965435,0.009999999999990905,0.06130000000001701,0.8786999999999807,0.0,25369.0,25369.0,2022-04-12,2022-04-12 12:20:00,1.167657458405819,229.0,1.0,best_within_2.0d,25597.0,347.32,0.915789473684208,2.8500000000000227,6.0,0.008308795661934121,2.6100000000000136,11.0,0.007546406060255634,0.4929364202292669,5.6011759621451125,36.843533123028394,0.015614239272951093,2.82998018927445,22.52492113564669,0.007835530045022196,1.8630914826498424,0.00402220134195386,1.9444468750000041,16.553125,0.005470102952261012,0.0,0
25369.0,2022-04-12 12:25:00,343.28,343.28,342.56,342.79,806074.0,1,1,1.0,buy,False,0.69249355838369,3.3000000000000114,12.0,0.009541432949748485,-0.3540974952674191,-0.19810584147830493,-0.3751545891120145,-0.0010893105461282355,36.411112477834095,16.491002529301717,26.95380526641138,-4.434602944917607,806074.0,3.3000000000000114,1.0,3.3000000000000114,12.0,0.009541432949748485,3.3000000000000114,12.0,0.009541432949748485,1.0,1.0,-0.3540974952674191,-0.3751545891120145,-0.19810584147830493,36.411112477834095,16.491002529301717,26.95380526641138,-4.434602944917607,21.659508580487028,26.340528285192484,20.465465425379488,-0.14274061990210682,0.2101821578701455,0.0,0.2300000000000182,0.48999999999995225,0.0,25370.0,25370.0,2022-04-12,2022-04-12 12:25:00,1.3215087954724387,228.0,1.0,best_within_2.0d,25597.0,347.32,0.5832424107187206,4.3760036431226785,32.22527881040892,0.012230020343504162,2.285057100371749,15.890706319702602,0.006381710269403211,0.4929364202292669,5.6011759621451125,36.843533123028394,0.015614239272951093,2.82998018927445,22.52492113564669,0.007835530045022196,1.8630914826498424,0.00402220134195386,1.9444468750000041,16.553125,0.005470102952261012,0.0,0
25373.0,2022-04-12 12:45:00,342.91,343.19,342.44,343.17,433978.0,1,1,1.0,buy,False,0.7843482704742996,3.420000000000016,16.0,0.00988839414792117,-0.2653713939834029,-0.370453873431926,-0.5031395704236274,-0.0014625356489276692,41.35568653220965,20.483822690457444,18.987557278629676,23.47635351411298,433978.0,3.420000000000016,1.0,3.420000000000016,16.0,0.00988839414792117,3.420000000000016,16.0,0.00988839414792117,1.0,1.0,-0.2653713939834029,-0.5031395704236274,-0.370453873431926,41.35568653220965,20.483822690457444,18.987557278629676,23.47635351411298,10.922629789335515,26.6892084417682,24.021778754334296,0.07582164416318886,0.21901647003854688,0.01999999999998181,0.4700000000000273,0.2599999999999909,1.0,25374.0,25374.0,2022-04-12,2022-04-12 12:45:00,1.2093131684004945,224.0,1.0,best_within_2.0d,25597.0,347.32,0.5832424107187206,4.3760036431226785,32.22527881040892,0.012230020343504162,2.285057100371749,15.890706319702602,0.006381710269403211,0.4929364202292669,5.6011759621451125,36.843533123028394,0.015614239272951093,2.82998018927445,22.52492113564669,0.007835530045022196,1.8630914826498424,0.00402220134195386,1.9444468750000041,16.553125,0.005470102952261012,0.0,0
25376.0,2022-04-12 13:00:00,343.41,343.71,342.38,342.73,440059.0,1,1,1.0,buy,False,0.7843482704742996,3.480000000000018,19.0,0.010061874747007512,-0.11251788437306565,-0.41632022340823316,-0.472579165594766,-0.001374401517906549,38.41583115650678,28.12449250755711,26.28408311099006,31.805311300691216,440059.0,3.480000000000018,1.0,3.480000000000018,19.0,0.010061874747007512,3.480000000000018,19.0,0.010061874747007512,1.0,1.0,-0.11251788437306565,-0.472579165594766,-0.41632022340823316,38.41583115650678,28.12449250755711,26.28408311099006,31.805311300691216,17.58215443560265,28.551429413498614,22.84957548141463,-0.1980140357007678,0.38845726970032834,0.2999999999999545,0.35000000000002274,0.6800000000000068,0.0,25377.0,25377.0,2022-04-12,2022-04-12 13:00:00,1.339246637294656,221.0,1.0,best_within_2.0d,25597.0,347.32,0.5832424107187206,4.3760036431226785,32.22527881040892,0.012230020343504162,2.285057100371749,15.890706319702602,0.006381710269403211,0.4929364202292669,5.6011759621451125,36.843533123028394,0.015614239272951093,2.82998018927445,22.52492113564669,0.007835530045022196,1.8630914826498424,0.00402220134195386,1.9444468750000041,16.553125,0.005470102952261012,1.0,0
25384.0,2022-04-12 13:40:00,342.5241,342.78,342.02,342.17,530345.0,1,1,1.0,buy,False,0.7843482704742996,3.840000000000032,27.0,0.011102758341525564,-0.070404282784429,-0.39412705124688757,-0.4293291926391021,-0.0012501324234963044,36.23206618210056,23.932433960159777,34.9019515884293,1.993398703620727,530345.0,3.840000000000032,1.0,3.840000000000032,27.0,0.011102758341525564,3.840000000000032,27.0,0.011102758341525564,1.0,1.0,-0.070404282784429,-0.4293291926391021,-0.39412705124688757,36.23206618210056,23.932433960159777,34.9019515884293,1.993398703620727,21.424724426411924,18.769523535959795,17.568421287496914,-0.10337958701298973,0.2222092275305511,0.2558999999999969,0.1500000000000341,0.3540999999999599,0.0,25385.0,25385.0,2022-04-12,2022-04-12 13:40:00,1.5050998041908925,213.0,1.0,best_within_2.0d,25597.0,347.32,0.5832424107187206,4.3760036431226785,32.22527881040892,0.012230020343504162,2.285057100371749,15.890706319702602,0.006381710269403211,0.4929364202292669,5.6011759621451125,36.843533123028394,0.015614239272951093,2.82998018927445,22.52492113564669,0.007835530045022196,1.8630914826498424,0.00402220134195386,1.9444468750000041,16.553125,0.005470102952261012,0.0,0
25385.0,2022-04-12 13:45:00,342.16,342.23,341.66,341.85,442883.0,1,1,1.0,buy,False,0.7843482704742996,4.199999999999989,28.0,0.012143641936043453,-0.15191971562132278,-0.41311701569955284,-0.4890768735102142,-0.0014245919046952024,33.90074687429066,18.488289306773154,29.430730827877248,-3.396593735435033,442883.0,4.199999999999989,1.0,4.199999999999989,28.0,0.012143641936043453,4.199999999999989,28.0,0.012143641936043453,1.0,1.0,-0.15191971562132278,-0.4890768735102142,-0.41311701569955284,33.90074687429066,18.488289306773154,29.430730827877248,-3.396593735435033,20.688047065575716,21.981274214378175,16.530020664134888,-0.09060088847322956,0.16683252356143333,0.06999999999999318,0.18999999999999773,0.3100000000000023,0.0,25386.0,25386.0,2022-04-12,2022-04-12 13:45:00,1.6001170103846627,212.0,1.0,best_within_2.0d,25597.0,347.32,0.5832424107187206,4.3760036431226785,32.22527881040892,0.012230020343504162,2.285057100371749,15.890706319702602,0.006381710269403211,0.4929364202292669,5.6011759621451125,36.843533123028394,0.015614239272951093,2.82998018927445,22.52492113564669,0.007835530045022196,1.8630914826498424,0.00402220134195386,1.9444468750000041,16.553125,0.005470102952261012,0.0,0
25386.0,2022-04-12 13:50:00,341.86,341.86,341.16,341.23,679664.0,1,1,1.0,buy,False,0.7843482704742996,4.699999999999989,29.0,0.013589313595096249,-0.2666494123626345,-0.44644819224488214,-0.5797728984261994,-0.0016895312179340662,29.888080290483884,13.103303982293138,23.988255212682542,-8.666598478485675,679664.0,4.699999999999989,1.0,4.699999999999989,29.0,0.013589313595096249,4.699999999999989,29.0,0.013589313595096249,1.0,1.0,-0.2666494123626345,-0.5797728984261994,-0.44644819224488214,29.888080290483884,13.103303982293138,23.988255212682542,-8.666598478485675,19.73811312654273,26.394404493578193,16.379921499742103,-0.18428596501491704,0.2051823191464382,0.0,0.06999999999999318,0.6299999999999955,0.0,25387.0,25387.0,2022-04-12,2022-04-12 13:50:00,1.7847199835887742,211.0,1.0,best_within_2.0d,25597.0,347.32,0.5832424107187206,4.3760036431226785,32.22527881040892,0.012230020343504162,2.285057100371749,15.890706319702602,0.006381710269403211,0.4929364202292669,5.6011759621451125,36.843533123028394,0.015614239272951093,2.82998018927445,22.52492113564669,0.007835530045022196,1.8630914826498424,0.00402220134195386,1.9444468750000041,16.553125,0.005470102952261012,0.0,0
25387.0,2022-04-12 13:55:00,341.235,341.2398,340.86,341.04,622167.0,1,1,1.0,buy,False,0.7843482704742996,5.0,30.0,0.01445671659052796,-0.34069190713533604,-0.4890346806367992,-0.6593806342044672,-0.0019223962908682737,28.764442430676354,10.553717806377305,19.51007607724746,-7.358998735363009,622167.0,5.0,1.0,5.0,30.0,0.01445671659052796,5.0,30.0,0.01445671659052796,1.0,1.0,-0.34069190713533604,-0.6593806342044672,-0.4890346806367992,28.764442430676354,10.553717806377305,19.51007607724746,-7.358998735363009,20.414053394016623,28.038334165880404,16.333899548986498,-0.05714536902720798,0.11142404506248571,0.004799999999988813,0.18000000000000682,0.19499999999999318,0.0,25388.0,25388.0,2022-04-12,2022-04-12 13:55:00,1.8414262256626706,210.0,1.0,best_within_2.0d,25597.0,347.32,0.5832424107187206,4.3760036431226785,32.22527881040892,0.012230020343504162,2.285057100371749,15.890706319702602,0.006381710269403211,0.4929364202292669,5.6011759621451125,36.843533123028394,0.015614239272951093,2.82998018927445,22.52492113564669,0.007835530045022196,1.8630914826498424,0.00402220134195386,1.9444468750000041,16.553125,0.005470102952261012,0.0,0
25388.0,2022-04-12 14:00:00,341.04,341.43,340.7,341.37,766118.0,1,1,1.0,buy,False,0.7843482704742996,5.160000000000025,31.0,0.014919331521424925,-0.31820414588927326,-0.5288101988729583,-0.687912271817595,-0.002006285020896928,33.44456161828205,13.490532487488615,17.503561547327845,5.464474367810155,766118.0,5.160000000000025,1.0,5.160000000000025,31.0,0.014919331521424925,5.160000000000025,31.0,0.014919331521424925,1.0,1.0,-0.31820414588927326,-0.687912271817595,-0.5288101988729583,33.44456161828205,13.490532487488615,17.503561547327845,5.464474367810155,15.349726366294108,28.403553489766907,17.298269756828272,0.09676284306825711,0.21426474904608694,0.060000000000002274,0.34000000000003183,0.3299999999999841,1.0,25389.0,25389.0,2022-04-12,2022-04-12 14:00:00,1.7429768286609804,209.0,1.0,best_within_2.0d,25597.0,347.32,0.5832424107187206,4.3760036431226785,32.22527881040892,0.012230020343504162,2.285057100371749,15.890706319702602,0.006381710269403211,0.4929364202292669,5.6011759621451125,36.843533123028394,0.015614239272951093,2.82998018927445,22.52492113564669,0.007835530045022196,1.8630914826498424,0.00402220134195386,1.9444468750000041,16.553125,0.005470102952261012,0.0,0
25390.0,2022-04-12 14:10:00,341.25,341.27,340.27,340.3,593381.0,1,1,1.0,buy,False,0.7843482704742996,5.590000000000032,33.0,0.016162609148210348,-0.3736780596873208,-0.6123173232056236,-0.799156353049284,-0.002332790777574473,26.8649535532997,10.690811673706897,14.801415999089354,2.469603022941982,593381.0,5.590000000000032,1.0,5.590000000000032,33.0,0.016162609148210348,5.590000000000032,33.0,0.016162609148210348,1.0,1.0,-0.3736780596873208,-0.799156353049284,-0.6123173232056236,26.8649535532997,10.690811673706897,14.801415999089354,2.469603022941982,18.13014466855488,28.049731003935186,17.958735290733106,-0.27838827838827507,0.2938842683751139,0.01999999999998181,0.03000000000002956,0.9499999999999886,0.0,25391.0,25391.0,2022-04-12,2022-04-12 14:10:00,2.0628856890978495,207.0,1.0,best_within_2.0d,25597.0,347.32,0.5832424107187206,4.3760036431226785,32.22527881040892,0.012230020343504162,2.285057100371749,15.890706319702602,0.006381710269403211,0.4929364202292669,5.6011759621451125,36.843533123028394,0.015614239272951093,2.82998018927445,22.52492113564669,0.007835530045022196,1.8630914826498424,0.00402220134195386,1.9444468750000041,16.553125,0.005470102952261012,0.0,0
25391.0,2022-04-12 14:15:00,346.4,346.79,346.4,346.61,14662.0,3a,3a,0.0,sell,False,0.007275528545750268,4.163492493946733,28.239017640954685,0.011578080659927173,0.4410013132803975,-0.321589596711264,-0.10108894007106528,-0.0002919875955963822,59.58808138802768,86.43242783340762,83.91541349604623,91.46645650813042,14662.0,1.9800000000000182,2.0,1.9800000000000182,23.0,0.005742292856935756,1.9800000000000182,23.0,0.005742292856935756,3.0,3.0,0.4410013132803975,-0.10108894007106528,-0.321589596711264,59.58808138802768,86.43242783340762,83.91541349604623,91.46645650813042,42.40196078431294,6.862745098038574,51.854594371672405,0.060623556581996654,0.1125866050808439,0.18000000000000682,0.0,0.21000000000003638,1.0,25392.0,25392.0,2022-04-12,2022-04-12 14:15:00,2.2051259113476807,206.0,1.0,best_within_2.0d,25597.0,347.32,0.5832424107187206,4.3760036431226785,32.22527881040892,0.012230020343504162,2.285057100371749,15.890706319702602,0.006381710269403211,0.4929364202292669,5.6011759621451125,36.843533123028394,0.015614239272951093,2.82998018927445,22.52492113564669,0.007835530045022196,1.8630914826498424,0.007275528545750268,1.9800000000000182,23.0,0.005742292856935756,0.0,1
25391.0,2022-04-12 14:15:00,340.29,340.37,339.67,339.8264,1115104.0,1,1,1.0,buy,False,0.8860611123023964,6.189999999999998,34.0,0.017897415139073607,-0.45307572427453735,-0.6689517887399408,-0.8954896508772094,-0.00261554872099842,24.543260838476428,8.510054820490389,12.704295606223031,0.12157324902510425,1115104.0,6.189999999999998,1.0,6.189999999999998,34.0,0.017897415139073607,6.189999999999998,34.0,0.017897415139073607,1.0,1.0,-0.45307572427453735,-0.8954896508772094,-0.6689517887399408,24.543260838476428,8.510054820490389,12.704295606223031,0.12157324902510425,17.858547272625046,33.24719585042019,18.826781909431705,-0.13623673925182703,0.20608237406894592,0.07999999999998408,0.15639999999996235,0.4636000000000422,0.0,25392.0,25392.0,2022-04-12,2022-04-12 14:15:00,2.2051259113476807,206.0,1.0,best_within_2.0d,25597.0,347.32,0.5832424107187206,4.3760036431226785,32.22527881040892,0.012230020343504162,2.285057100371749,15.890706319702602,0.006381710269403211,0.4929364202292669,5.6011759621451125,36.843533123028394,0.015614239272951093,2.82998018927445,22.52492113564669,0.007835530045022196,1.8630914826498424,0.00402220134195386,1.9444468750000041,16.553125,0.005470102952261012,0.0,0
25392.0,2022-04-12 14:20:00,339.81,340.105,339.52,339.57,507789.0,1,1,1.0,buy,False,0.9770817841311807,6.340000000000032,35.0,0.018331116636789543,-0.4996179505839877,-0.7314040325629392,-0.981213007854933,-0.0028676679728995742,23.365944952195264,6.184617324089825,10.531069512178629,-2.508287052087784,507789.0,6.340000000000032,1.0,6.340000000000032,35.0,0.018331116636789543,6.340000000000032,35.0,0.018331116636789543,1.0,1.0,-0.4996179505839877,-0.981213007854933,-0.7314040325629392,23.365944952195264,6.184617324089825,10.531069512178629,-2.508287052087784,10.64999258563621,36.58741535267661,21.404058167308204,-0.07062770371678559,0.1723020735155621,0.2950000000000159,0.05000000000001137,0.2400000000000091,0.0,25393.0,25393.0,2022-04-12,2022-04-12 14:20:00,2.2822982006655477,205.0,1.0,best_within_2.0d,25597.0,347.32,0.5832424107187206,4.3760036431226785,32.22527881040892,0.012230020343504162,2.285057100371749,15.890706319702602,0.006381710269403211,0.4929364202292669,5.6011759621451125,36.843533123028394,0.015614239272951093,2.82998018927445,22.52492113564669,0.007835530045022196,1.8630914826498424,0.00402220134195386,1.9444468750000041,16.553125,0.005470102952261012,0.0,0
25393.0,2022-04-12 14:25:00,339.56,339.76,339.3,339.33,609189.0,1,1,1.0,buy,False,1.0167372534845056,6.560000000000002,36.0,0.01896721216677269,-0.519895254541068,-0.7963909393805727,-1.0563385666511067,-0.003089123317547694,22.28820557627104,4.464375144387216,8.508838056248157,-3.6245506793346642,609189.0,6.560000000000002,1.0,6.560000000000002,36.0,0.01896721216677269,6.560000000000002,36.0,0.01896721216677269,1.0,1.0,-0.519895254541068,-1.0563385666511067,-0.7963909393805727,22.28820557627104,4.464375144387216,8.508838056248157,-3.6245506793346642,10.964327515139512,39.90636608823957,23.939007136562562,-0.0677347155142002,0.13557323902150883,0.19999999999998863,0.029999999999972715,0.2300000000000182,0.0,25394.0,25394.0,2022-04-12,2022-04-12 14:25:00,2.3546400259334597,204.0,1.0,best_within_2.0d,25597.0,347.32,0.5832424107187206,4.3760036431226785,32.22527881040892,0.012230020343504162,2.285057100371749,15.890706319702602,0.006381710269403211,0.4929364202292669,5.6011759621451125,36.843533123028394,0.015614239272951093,2.82998018927445,22.52492113564669,0.007835530045022196,1.8630914826498424,0.00402220134195386,1.9444468750000041,16.553125,0.005470102952261012,0.0,0
25394.0,2022-04-12 14:30:00,339.32,339.63,338.88,339.4899,691642.0,1,1,1.0,buy,False,1.0167372534845056,6.980000000000018,37.0,0.020181576360377082,-0.4704209302531801,-0.8551935556622201,-1.0904040207888102,-0.0031904463457947934,24.77763206919549,9.798397747264612,8.938691286586975,11.517810668619887,691642.0,6.980000000000018,1.0,6.980000000000018,37.0,0.020181576360377082,6.980000000000018,37.0,0.020181576360377082,1.0,1.0,-0.4704209302531801,-1.0904040207888102,-0.8551935556622201,24.77763206919549,9.798397747264612,8.938691286586975,11.517810668619887,6.124874011989142,46.05591215320151,27.69510725826893,0.05007072969467882,0.2213172804532578,0.1401000000000181,0.4399999999999977,0.16989999999998417,1.0,25395.0,25395.0,2022-04-12,2022-04-12 14:30:00,2.3064309129667824,203.0,1.0,best_within_2.0d,25597.0,347.32,0.5832424107187206,4.3760036431226785,32.22527881040892,0.012230020343504162,2.285057100371749,15.890706319702602,0.006381710269403211,0.4929364202292669,5.6011759621451125,36.843533123028394,0.015614239272951093,2.82998018927445,22.52492113564669,0.007835530045022196,1.8630914826498424,0.00402220134195386,1.9444468750000041,16.553125,0.005470102952261012,1.0,0
25400.0,2022-04-12 15:00:00,339.75,339.97,338.6399,338.78,977559.0,1,1,1.0,buy,False,1.0167372534845056,7.220100000000002,43.0,0.02087578789105419,-0.042155352595279805,-0.9743966902615251,-0.995474366559165,-0.0029196376666041175,26.35117580271576,30.222381551590086,28.820611728069586,33.02592119863108,977559.0,7.220100000000002,1.0,7.220100000000002,43.0,0.02087578789105419,7.220100000000002,43.0,0.02087578789105419,1.0,1.0,-0.042155352595279805,-0.995474366559165,-0.9743966902615251,26.35117580271576,30.222381551590086,28.820611728069586,33.02592119863108,16.07889719607493,36.135594573821734,34.591526837505626,-0.2855040470934591,0.39277710630082746,0.22000000000002728,0.14009999999996126,0.9700000000000273,0.0,25401.0,25401.0,2022-04-12,2022-04-12 15:00:00,2.5208099651691422,197.0,1.0,best_within_2.0d,25597.0,347.32,0.5832424107187206,4.3760036431226785,32.22527881040892,0.012230020343504162,2.285057100371749,15.890706319702602,0.006381710269403211,0.4929364202292669,5.6011759621451125,36.843533123028394,0.015614239272951093,2.82998018927445,22.52492113564669,0.007835530045022196,1.8630914826498424,0.00402220134195386,1.9444468750000041,16.553125,0.005470102952261012,0.0,0
25401.0,2022-04-12 15:05:00,338.785,338.93,338.12,338.17,963978.0,1,1,1.0,buy,False,1.0167372534845056,7.740000000000009,44.0,0.022378997282137308,-0.14455564545797261,-0.9924661459437717,-1.064743968672758,-0.003124691995355665,23.342628400017816,20.87924851977368,26.173490658637615,10.290764242045803,963978.0,7.740000000000009,1.0,7.740000000000009,44.0,0.022378997282137308,7.740000000000009,44.0,0.022378997282137308,1.0,1.0,-0.14455564545797261,-1.064743968672758,-0.9924661459437717,23.342628400017816,20.87924851977368,26.173490658637615,10.290764242045803,15.416862073255752,36.75239034101266,35.04189985633023,-0.18153105952152812,0.23955991955518818,0.1449999999999818,0.05000000000001137,0.6150000000000091,0.0,25402.0,25402.0,2022-04-12,2022-04-12 15:05:00,2.7057397167105233,196.0,1.0,best_within_2.0d,25597.0,347.32,0.5832424107187206,4.3760036431226785,32.22527881040892,0.012230020343504162,2.285057100371749,15.890706319702602,0.006381710269403211,0.4929364202292669,5.6011759621451125,36.843533123028394,0.015614239272951093,2.82998018927445,22.52492113564669,0.007835530045022196,1.8630914826498424,0.00402220134195386,1.9444468750000041,16.553125,0.005470102952261012,0.0,0
25402.0,2022-04-12 15:10:00,338.15,338.6599,338.035,338.26,573836.0,1,1,1.0,buy,False,1.0167372534845056,7.824999999999989,45.0,0.022624761464176222,-0.17157689109705165,-1.013913257330903,-1.099701702879429,-0.003229031053946749,24.708470013835438,17.090746370475905,23.14590922925038,4.980420652926959,573836.0,7.824999999999989,1.0,7.824999999999989,45.0,0.022624761464176222,7.824999999999989,45.0,0.022624761464176222,1.0,1.0,-0.17157689109705165,-1.099701702879429,-1.013913257330903,24.708470013835438,17.090746370475905,23.14590922925038,4.980420652926959,13.73462758140598,37.94763709490316,35.885317408389135,0.032529942333288084,0.18486251423668207,0.39990000000000236,0.11499999999995225,0.11000000000001364,1.0,25403.0,25403.0,2022-04-12,2022-04-12 15:10:00,2.6784130550464145,195.0,1.0,best_within_2.0d,25597.0,347.32,0.5832424107187206,4.3760036431226785,32.22527881040892,0.012230020343504162,2.285057100371749,15.890706319702602,0.006381710269403211,0.4929364202292669,5.6011759621451125,36.843533123028394,0.015614239272951093,2.82998018927445,22.52492113564669,0.007835530045022196,1.8630914826498424,0.00402220134195386,1.9444468750000041,16.553125,0.005470102952261012,1.0,0
25407.0,2022-04-12 15:35:00,338.4884,339.77,338.38,339.58,781736.0,3a,3a,0.0,sell,False,0.006328469383301603,4.163492493946733,28.239017640954685,0.011578080659927173,0.22208753921347646,-0.9909681276334371,-0.8799243580266989,-0.00258781441460007,44.99802787495391,37.066840124443985,28.219888032200508,54.76074430893094,781736.0,1.7349999999999568,2.0,1.7349999999999568,6.0,0.005132604611948339,1.7349999999999568,6.0,0.005132604611948339,3.0,3.0,0.22208753921347646,-0.8799243580266989,-0.9909681276334371,44.99802787495391,37.066840124443985,28.219888032200508,54.76074430893094,24.404322254137707,24.757215155246204,32.575650981907756,0.3224925876337184,0.4107807790058474,0.18999999999999773,0.10840000000001737,1.0915999999999713,1.0,25408.0,25408.0,2022-04-12,2022-04-12 15:35:00,0.2179162494846602,381.0,1.0,best_within_2.0d,25788.0,338.84,0.5832424107187206,4.3760036431226785,32.22527881040892,0.012230020343504162,2.285057100371749,15.890706319702602,0.006381710269403211,0.4929364202292669,5.6011759621451125,36.843533123028394,0.015614239272951093,2.82998018927445,22.52492113564669,0.007835530045022196,1.8630914826498424,0.006328469383301603,1.7349999999999568,6.0,0.005132604611948339,0.0,1
25408.0,2022-04-12 15:40:00,339.55,339.86,339.15,339.21,752880.0,3a,3a,0.0,sell,False,0.006328469383301603,4.163492493946733,28.239017640954685,0.011578080659927173,0.2901077926317164,-0.9547046535544726,-0.8096507572386145,-0.002381566590593075,41.93963786719962,44.952398153590615,33.79739140599721,67.26241164877742,752880.0,1.8249999999999886,2.0,1.8249999999999886,7.0,0.005398849231588411,1.8249999999999886,7.0,0.005398849231588411,3.0,3.0,0.2901077926317164,-0.8096507572386145,-0.9547046535544726,41.93963786719962,44.952398153590615,33.79739140599721,67.26241164877742,25.317347732577094,21.003981146753716,30.91394997461811,-0.10013252834635011,0.20934689665340894,0.3100000000000023,0.060000000000002274,0.34000000000003183,0.0,25409.0,25409.0,2022-04-12,2022-04-12 15:40:00,0.1090769729666002,380.0,1.0,best_within_2.0d,25788.0,338.84,0.5832424107187206,4.3760036431226785,32.22527881040892,0.012230020343504162,2.285057100371749,15.890706319702602,0.006381710269403211,0.4929364202292669,5.6011759621451125,36.843533123028394,0.015614239272951093,2.82998018927445,22.52492113564669,0.007835530045022196,1.8630914826498424,0.006328469383301603,1.8249999999999886,7.0,0.005398849231588411,0.0,1
25409.0,2022-04-12 15:45:00,339.22,340.35,338.94,339.98,1159791.0,3a,3a,0.0,sell,False,0.006328469383301603,4.163492493946733,28.239017640954685,0.011578080659927173,0.43322056229089934,-0.9005520832681103,-0.6839418021226606,-0.0020117906726608045,49.61462360952227,57.97402497496387,41.85626926231943,90.20953640025274,1159791.0,2.3149999999999977,2.0,2.3149999999999977,8.0,0.006848403271850541,2.3149999999999977,8.0,0.006848403271850541,3.0,3.0,0.43322056229089934,-0.6839418021226606,-0.9005520832681103,49.61462360952227,57.97402497496387,41.85626926231943,90.20953640025274,25.383591636972714,19.705490920019216,29.60531584726306,0.2240433936678235,0.416002832359717,0.37000000000000455,0.28000000000002956,0.7599999999999909,1.0,25410.0,25410.0,2022-04-12,2022-04-12 15:45:00,0.335313841990718,379.0,1.0,best_within_2.0d,25788.0,338.84,0.5832424107187206,4.3760036431226785,32.22527881040892,0.012230020343504162,2.285057100371749,15.890706319702602,0.006381710269403211,0.4929364202292669,5.6011759621451125,36.843533123028394,0.015614239272951093,2.82998018927445,22.52492113564669,0.007835530045022196,1.8630914826498424,0.006328469383301603,2.3149999999999977,8.0,0.006848403271850541,1.0,1
25448.0,2022-04-12 19:05:00,340.27,340.35,340.21,340.35,10367.0,3a,3a,0.0,sell,False,0.006328469383301603,4.163492493946733,28.239017640954685,0.011578080659927173,0.13258143626822846,0.019827339379658093,0.08611805751377233,0.00025337269056673474,66.09520060660844,85.75880808677545,69.04540927381231,119.18560571270172,10367.0,2.3149999999999977,2.0,2.3149999999999977,47.0,0.006848403271850541,2.3149999999999977,47.0,0.006848403271850541,3.0,3.0,0.13258143626822846,0.08611805751377233,0.019827339379658093,66.09520060660844,85.75880808677545,69.04540927381231,119.18560571270172,48.03921568627358,24.999999999998607,21.151595699599472,0.023510741470021138,0.04115105376092507,0.0,0.060000000000002274,0.08000000000004093,1.0,25449.0,25449.0,2022-04-12,2022-04-12 19:05:00,0.6493315704422026,345.0,1.0,best_within_2.0d,25793.0,338.14,0.5832424107187206,4.3760036431226785,32.22527881040892,0.012230020343504162,2.285057100371749,15.890706319702602,0.006381710269403211,0.4929364202292669,5.6011759621451125,36.843533123028394,0.015614239272951093,2.82998018927445,22.52492113564669,0.007835530045022196,1.8630914826498424,0.006328469383301603,2.3149999999999977,47.0,0.006848403271850541,0.0,1
25449.0,2022-04-12 19:10:00,340.34,340.35,340.3,340.3,17683.0,3a,3a,0.0,sell,False,0.006328469383301603,4.163492493946733,28.239017640954685,0.011578080659927173,0.1375934286872761,0.03702651796556761,0.10582323230920565,0.00031132034464472776,63.872655085218604,88.34136989334775,75.47739614699078,114.06931738606167,17683.0,2.3149999999999977,2.0,2.3149999999999977,48.0,0.006848403271850541,2.3149999999999977,48.0,0.006848403271850541,3.0,3.0,0.1375934286872761,0.10582323230920565,0.03702651796556761,63.872655085218604,88.34136989334775,75.47739614699078,114.06931738606167,42.85714285714071,26.984126984125073,21.26414405871906,-0.01175295292941283,0.014692918013520826,0.010000000000047748,0.0,0.03999999999996362,0.0,25450.0,25450.0,2022-04-12,2022-04-12 19:10:00,0.6347340581839627,344.0,1.0,best_within_2.0d,25793.0,338.14,0.5832424107187206,4.3760036431226785,32.22527881040892,0.012230020343504162,2.285057100371749,15.890706319702602,0.006381710269403211,0.4929364202292669,5.6011759621451125,36.843533123028394,0.015614239272951093,2.82998018927445,22.52492113564669,0.007835530045022196,1.8630914826498424,0.006328469383301603,2.3149999999999977,48.0,0.006848403271850541,0.0,1
25450.0,2022-04-12 19:15:00,340.28,340.4,340.27,340.4,12702.0,3a,3a,0.0,sell,False,0.006328469383301603,4.163492493946733,28.239017640954685,0.011578080659927173,0.14561037891360895,0.055227815329768726,0.1280330047865732,0.00037661945967122575,66.3125103691623,92.22757992889849,81.06079074096002,114.56115830477546,12702.0,2.3649999999999523,2.0,2.3649999999999523,49.0,0.006996316949428172,2.3649999999999523,49.0,0.006996316949428172,3.0,3.0,0.14561037891360895,0.1280330047865732,0.055227815329768726,66.3125103691623,92.22757992889849,81.06079074096002,114.56115830477546,42.48704663212134,26.424870466319124,21.410153102859997,0.03526507581991435,0.03820495488876347,0.0,0.009999999999990905,0.12000000000000455,1.0,25451.0,25451.0,2022-04-12,2022-04-12 19:15:00,0.6639247943595743,343.0,1.0,best_within_2.0d,25793.0,338.14,0.5832424107187206,4.3760036431226785,32.22527881040892,0.012230020343504162,2.285057100371749,15.890706319702602,0.006381710269403211,0.4929364202292669,5.6011759621451125,36.843533123028394,0.015614239272951093,2.82998018927445,22.52492113564669,0.007835530045022196,1.8630914826498424,0.006328469383301603,2.3649999999999523,49.0,0.006996316949428172,0.0,1
25451.0,2022-04-12 19:20:00,340.39,340.4,340.3,340.3,27712.0,3a,3a,0.0,sell,False,0.006328469383301603,4.163492493946733,28.239017640954685,0.011578080659927173,0.12923157566484028,0.07138176228787377,0.1359975501202939,0.000400017590833841,61.81659830478647,89.98746874487115,84.03635007559706,101.88970608341936,27712.0,2.3649999999999523,2.0,2.3649999999999523,50.0,0.006996316949428172,2.3649999999999523,50.0,0.006996316949428172,3.0,3.0,0.12923157566484028,0.1359975501202939,0.07138176228787377,61.81659830478647,89.98746874487115,84.03635007559706,101.88970608341936,41.66666666666272,26.56249999999852,21.462099636952196,-0.02644025970209906,0.029385836027024947,0.009999999999990905,0.0,0.08999999999997499,0.0,25452.0,25452.0,2022-04-12,2022-04-12 19:20:00,0.6347340581839627,342.0,1.0,best_within_2.0d,25793.0,338.14,0.5832424107187206,4.3760036431226785,32.22527881040892,0.012230020343504162,2.285057100371749,15.890706319702602,0.006381710269403211,0.4929364202292669,5.6011759621451125,36.843533123028394,0.015614239272951093,2.82998018927445,22.52492113564669,0.007835530045022196,1.8630914826498424,0.006328469383301603,2.3649999999999523,50.0,0.006996316949428172,0.0,1
25452.0,2022-04-12 19:25:00,340.35,340.43,340.34,340.39,2529.0,3a,3a,0.0,sell,False,0.006328469383301603,4.163492493946733,28.239017640954685,0.011578080659927173,0.12237675804185044,0.08667885704310507,0.1478672360640303,0.0004348916451469177,64.17101860379758,91.4731273113947,86.51527582086294,101.38883029245824,2529.0,2.394999999999982,2.0,2.394999999999982,51.0,0.0070850651559749185,2.394999999999982,51.0,0.0070850651559749185,3.0,3.0,0.12237675804185044,0.1478672360640303,0.08667885704310507,64.17101860379758,91.4731273113947,86.51527582086294,101.38883029245824,48.823529411762465,9.411764705880229,24.763147354082225,0.011752607609802738,0.02644414409121227,0.040000000000020464,0.010000000000047748,0.03999999999996362,1.0,25453.0,25453.0,2022-04-12,2022-04-12 19:25:00,0.6610064925526602,341.0,1.0,best_within_2.0d,25793.0,338.14,0.5832424107187206,4.3760036431226785,32.22527881040892,0.012230020343504162,2.285057100371749,15.890706319702602,0.006381710269403211,0.4929364202292669,5.6011759621451125,36.843533123028394,0.015614239272951093,2.82998018927445,22.52492113564669,0.007835530045022196,1.8630914826498424,0.006328469383301603,2.394999999999982,51.0,0.0070850651559749185,0.0,1
25456.0,2022-04-12 19:45:00,340.35,340.52,340.35,340.52,32142.0,3a,3a,0.0,sell,False,0.006328469383301603,4.163492493946733,28.239017640954685,0.011578080659927173,0.0706458190545941,0.12606470855187785,0.1613876180791749,0.00047451993274531205,65.75853046253934,86.67354032222525,84.70981116595091,90.60099863477396,32142.0,2.484999999999957,2.0,2.484999999999957,55.0,0.007351309775614823,2.484999999999957,55.0,0.007351309775614823,3.0,3.0,0.0706458190545941,0.1613876180791749,0.12606470855187785,65.75853046253934,86.67354032222525,84.70981116595091,90.60099863477396,46.29629629629353,8.001828989482592,38.13771457775469,0.04994858234169503,0.04994858234169503,0.0,0.0,0.16999999999995907,1.0,25457.0,25457.0,2022-04-12,2022-04-12 19:45:00,0.740044637613057,380.0,1.0,best_within_2.0d,25836.0,338.0,0.5832424107187206,4.3760036431226785,32.22527881040892,0.012230020343504162,2.285057100371749,15.890706319702602,0.006381710269403211,0.4929364202292669,5.6011759621451125,36.843533123028394,0.015614239272951093,2.82998018927445,22.52492113564669,0.007835530045022196,1.8630914826498424,0.006328469383301603,2.484999999999957,55.0,0.007351309775614823,0.0,1
25457.0,2022-04-12 19:50:00,340.55,340.79,340.55,340.77,18057.0,3a,3a,0.0,sell,False,0.006328469383301603,4.163492493946733,28.239017640954685,0.011578080659927173,0.1013945888609018,0.13873903215949057,0.18943632658994147,0.0005569097460065319,71.18239624955697,89.92521735767167,86.4482798965245,96.87909227996602,18057.0,2.7549999999999955,2.0,2.7549999999999955,56.0,0.008150043634534872,2.7549999999999955,56.0,0.008150043634534872,3.0,3.0,0.1013945888609018,0.18943632658994147,0.13873903215949057,71.18239624955697,89.92521735767167,86.4482798965245,96.87909227996602,55.39597866228797,6.155108740254542,41.12787782220072,0.0646013801203848,0.07047423285861375,0.020000000000038654,0.0,0.21999999999997044,1.0,25458.0,25458.0,2022-04-12,2022-04-12 19:50:00,0.8128649822460844,379.0,1.0,best_within_2.0d,25836.0,338.0,0.5832424107187206,4.3760036431226785,32.22527881040892,0.012230020343504162,2.285057100371749,15.890706319702602,0.006381710269403211,0.4929364202292669,5.6011759621451125,36.843533123028394,0.015614239272951093,2.82998018927445,22.52492113564669,0.007835530045022196,1.8630914826498424,0.006328469383301603,2.7549999999999955,56.0,0.008150043634534872,0.0,1
25458.0,2022-04-12 19:55:00,340.78,340.86,340.75,340.86,26866.0,3a,3a,0.0,sell,False,0.006328469383301603,4.163492493946733,28.239017640954685,0.011578080659927173,0.12430951511878696,0.15427772154933894,0.21643247910873242,0.0006361762276016145,72.84971312697229,93.28347823844777,88.72667934383225,102.39707602767885,26866.0,2.8249999999999886,2.0,2.8249999999999886,57.0,0.008357122783143723,2.8249999999999886,57.0,0.008357122783143723,3.0,3.0,0.12430951511878696,0.21643247910873242,0.15427772154933894,72.84971312697229,93.28347823844777,88.72667934383225,102.39707602767885,57.44768157570712,6.155108740254542,43.95054092706653,0.023475556077246593,0.03228173147469219,0.0,0.029999999999972715,0.08000000000004093,1.0,25459.0,25459.0,2022-04-12,2022-04-12 19:55:00,0.8654579592794661,380.0,1.0,best_within_2.0d,25838.0,337.91,0.5832424107187206,4.3760036431226785,32.22527881040892,0.012230020343504162,2.285057100371749,15.890706319702602,0.006381710269403211,0.4929364202292669,5.6011759621451125,36.843533123028394,0.015614239272951093,2.82998018927445,22.52492113564669,0.007835530045022196,1.8630914826498424,0.006328469383301603,2.8249999999999886,57.0,0.008357122783143723,0.0,1
25459.0,2022-04-13 04:00:00,342.06,342.58,341.97,342.37,21442.0,3a,3a,0.0,sell,False,0.006328469383301603,4.163492493946733,28.239017640954685,0.011578080659927173,0.32207194041970266,0.1945367141018018,0.3555726843116531,0.0010446697958965076,86.72612412298099,92.54359542137678,89.99898470301375,97.63281685810284,21442.0,4.544999999999959,2.0,4.544999999999959,58.0,0.013445353291818772,4.544999999999959,58.0,0.013445353291818772,3.0,3.0,0.32207194041970266,0.3555726843116531,0.1945367141018018,86.72612412298099,92.54359542137678,89.99898470301375,97.63281685810284,76.22650160476763,3.4387895460799145,47.33742418047747,0.090627375314273,0.1783782203117106,0.20999999999997954,0.08999999999997499,0.3100000000000023,1.0,25460.0,25460.0,2022-04-13,2022-04-13 04:00:00,1.3026842305108448,379.0,1.0,best_within_2.0d,25838.0,337.91,0.5832424107187206,4.3760036431226785,32.22527881040892,0.012230020343504162,2.285057100371749,15.890706319702602,0.006381710269403211,0.4929364202292669,5.6011759621451125,36.843533123028394,0.015614239272951093,2.82998018927445,22.52492113564669,0.007835530045022196,1.8630914826498424,0.006328469383301603,4.544999999999959,58.0,0.013445353291818772,0.0,1
25460.0,2022-04-13 04:05:00,342.47,342.81,342.47,342.76,27609.0,3a,3a,0.0,sell,False,0.006328469383301603,4.163492493946733,28.239017640954685,0.011578080659927173,0.47537272358847416,0.25395830455036106,0.49164466634459814,0.0014436968380592053,88.37826155802372,94.38306878220968,91.46034606274571,100.22851422113763,27609.0,4.774999999999977,2.0,4.774999999999977,59.0,0.014125756208676548,4.774999999999977,59.0,0.014125756208676548,3.0,3.0,0.47537272358847416,0.49164466634459814,0.25395830455036106,88.37826155802372,94.38306878220968,91.46034606274571,100.22851422113763,73.88642600802211,3.1665611146296264,50.51195259028679,0.0846789499810096,0.09927876894325778,0.05000000000001137,0.0,0.2899999999999636,1.0,25461.0,25461.0,2022-04-13,2022-04-13 04:05:00,1.4149842455362254,378.0,1.0,best_within_2.0d,25838.0,337.91,0.5832424107187206,4.3760036431226785,32.22527881040892,0.012230020343504162,2.285057100371749,15.890706319702602,0.006381710269403211,0.4929364202292669,5.6011759621451125,36.843533123028394,0.015614239272951093,2.82998018927445,22.52492113564669,0.007835530045022196,1.8630914826498424,0.006328469383301603,4.774999999999977,59.0,0.014125756208676548,1.0,1
25468.0,2022-04-13 04:45:00,342.67,342.88,342.64,342.77,5149.0,3a,3a,0.0,sell,False,0.006328469383301603,4.163492493946733,28.239017640954685,0.011578080659927173,0.1689039660621472,0.5829682592729165,0.6674202423039901,0.001954855853809656,76.16285691935865,80.8289728826702,81.10400162059717,80.27891540681625,5149.0,4.84499999999997,2.0,4.84499999999997,67.0,0.0143328353572854,4.84499999999997,67.0,0.0143328353572854,3.0,3.0,0.1689039660621472,0.6674202423039901,0.5829682592729165,76.16285691935865,80.8289728826702,81.10400162059717,80.27891540681625,59.168241965973856,11.342155009452304,57.64999359553746,0.02918259550003382,0.07004436142890763,0.11000000000001364,0.03000000000002956,0.0999999999999659,1.0,25469.0,25469.0,2022-04-13,2022-04-13 04:45:00,1.4178603728447523,370.0,1.0,best_within_2.0d,25838.0,337.91,0.5832424107187206,4.3760036431226785,32.22527881040892,0.012230020343504162,2.285057100371749,15.890706319702602,0.006381710269403211,0.4929364202292669,5.6011759621451125,36.843533123028394,0.015614239272951093,2.82998018927445,22.52492113564669,0.007835530045022196,1.8630914826498424,0.006328469383301603,4.84499999999997,67.0,0.0143328353572854,1.0,1
25478.0,2022-04-13 05:35:00,342.16,342.16,341.68,341.76,21682.0,2,2,1.0,buy,False,0.24767801857585056,4.163492493946733,28.239017640954685,0.011578080659927173,-0.3069414079985353,0.48417523441711496,0.3307045304178473,0.0009671934438120942,47.0079953307922,21.855243427083906,37.749085400212365,-9.932440519173014,21682.0,1.1999999999999886,1.0,4.84499999999997,67.0,0.0143328353572854,1.1999999999999886,11.0,0.003499766682221152,2.0,2.0,-0.3069414079985353,0.3307045304178473,0.48417523441711496,47.0079953307922,21.855243427083906,37.749085400212365,-9.932440519173014,28.90855457227204,39.5280235988178,41.27870422682577,-0.1169043722235311,0.140482322641073,0.0,0.07999999999998408,0.4000000000000341,0.0,25479.0,25479.0,2022-04-13,2022-04-13 05:35:00,1.6268726591760307,119.0,1.0,best_within_2.0d,25597.0,347.32,0.24767801857585056,4.84499999999997,67.0,0.0143328353572854,1.1999999999999886,11.0,0.003499766682221152,0.4929364202292669,5.6011759621451125,36.843533123028394,0.015614239272951093,2.82998018927445,22.52492113564669,0.007835530045022196,1.8630914826498424,0.00402220134195386,1.9444468750000041,16.553125,0.005470102952261012,0.0,0
25479.0,2022-04-13 05:40:00,341.6,341.68,341.56,341.56,7639.0,2,2,1.0,buy,False,0.2724458204334368,4.163492493946733,28.239017640954685,0.011578080659927173,-0.3731367250939561,0.43753314378037045,0.2509647812333924,0.0007340404984013051,43.15241490963449,14.570162284722603,30.022777695049108,-16.335068535930404,7639.0,1.3199999999999932,1.0,4.84499999999997,67.0,0.0143328353572854,1.3199999999999932,12.0,0.003849743350443284,2.0,2.0,-0.3731367250939561,0.2509647812333924,0.43753314378037045,43.15241490963449,14.570162284722603,30.022777695049108,-16.335068535930404,29.341317365270225,40.419161676644286,39.464498805350786,-0.01170960187354229,0.03513291954561557,0.07999999999998408,0.0,0.040000000000020464,0.0,25480.0,25480.0,2022-04-13,2022-04-13 05:40:00,1.686380138189481,118.0,1.0,best_within_2.0d,25597.0,347.32,0.2724458204334368,4.84499999999997,67.0,0.0143328353572854,1.3199999999999932,12.0,0.003849743350443284,0.4929364202292669,5.6011759621451125,36.843533123028394,0.015614239272951093,2.82998018927445,22.52492113564669,0.007835530045022196,1.8630914826498424,0.00402220134195386,1.9444468750000041,16.553125,0.005470102952261012,0.0,0
25480.0,2022-04-13 05:45:00,341.5,341.66,341.38,341.45,5808.0,2,2,1.0,buy,False,0.30959752321981615,4.163492493946733,28.239017640954685,0.011578080659927173,-0.41708392207242395,0.38539765352131744,0.17685569248510546,0.000517330589655152,41.15315813139674,11.404262779186888,23.816606056428366,-13.420423775296065,5808.0,1.5,1.0,4.84499999999997,67.0,0.0143328353572854,1.5,13.0,0.004374708352776481,2.0,2.0,-0.41708392207242395,0.17685569248510546,0.38539765352131744,41.15315813139674,11.404262779186888,23.816606056428366,-13.420423775296065,28.90855457227204,45.13274336282956,38.21077393336902,-0.014641288433385465,0.08202003632316761,0.160000000000025,0.06999999999999318,0.05000000000001137,0.0,25481.0,25481.0,2022-04-13,2022-04-13 05:45:00,1.7191389661736727,117.0,1.0,best_within_2.0d,25597.0,347.32,0.30959752321981615,4.84499999999997,67.0,0.0143328353572854,1.5,13.0,0.004374708352776481,0.4929364202292669,5.6011759621451125,36.843533123028394,0.015614239272951093,2.82998018927445,22.52492113564669,0.007835530045022196,1.8630914826498424,0.00402220134195386,1.9444468750000041,16.553125,0.005470102952261012,0.0,0
25481.0,2022-04-13 05:50:00,341.38,341.56,341.35,341.5,9989.0,2,2,1.0,buy,False,0.31578947368420685,4.163492493946733,28.239017640954685,0.011578080659927173,-0.4234103726469942,0.33247135694044316,0.12076617061694606,0.000353287670956051,42.45815437729153,11.148941143570944,19.59405108547589,-5.741278740238947,9989.0,1.5299999999999727,1.0,4.84499999999997,67.0,0.0143328353572854,1.5299999999999727,14.0,0.004462202519831932,2.0,2.0,-0.4234103726469942,0.12076617061694606,0.33247135694044316,42.45815437729153,11.148941143570944,19.59405108547589,-5.741278740238947,17.973856209150686,50.98039215685907,38.90052569371377,0.03515144413849802,0.06152043357257347,0.060000000000002274,0.029999999999972715,0.12000000000000455,1.0,25482.0,25482.0,2022-04-13,2022-04-13 05:50:00,1.7042459736456788,116.0,1.0,best_within_2.0d,25597.0,347.32,0.31578947368420685,4.84499999999997,67.0,0.0143328353572854,1.5299999999999727,14.0,0.004462202519831932,0.4929364202292669,5.6011759621451125,36.843533123028394,0.015614239272951093,2.82998018927445,22.52492113564669,0.007835530045022196,1.8630914826498424,0.00402220134195386,1.9444468750000041,16.553125,0.005470102952261012,0.0,0
25482.0,2022-04-13 05:55:00,341.55,341.55,340.85,340.98,11450.0,2,2,1.0,buy,False,0.4189886480908122,4.163492493946733,28.239017640954685,0.011578080659927173,-0.47761232408326715,0.2727698164300348,0.03396365438840121,9.937521733055194e-05,34.01079597709341,9.908817905237685,16.365640025396488,-3.004826335079919,11450.0,2.0299999999999727,1.0,4.84499999999997,67.0,0.0143328353572854,2.0299999999999727,15.0,0.005920438637424092,2.0,2.0,-0.47761232408326715,0.03396365438840121,0.2727698164300348,34.01079597709341,9.908817905237685,16.365640025396488,-3.004826335079919,8.806818181818292,58.52272727272441,41.39617831896679,-0.16688625384277359,0.2053689306146365,0.0,0.12999999999999545,0.5699999999999932,0.0,25483.0,25483.0,2022-04-13,2022-04-13 05:55:00,1.8593465892427634,115.0,1.0,best_within_2.0d,25597.0,347.32,0.4189886480908122,4.84499999999997,67.0,0.0143328353572854,2.0299999999999727,15.0,0.005920438637424092,0.4929364202292669,5.6011759621451125,36.843533123028394,0.015614239272951093,2.82998018927445,22.52492113564669,0.007835530045022196,1.8630914826498424,0.00402220134195386,1.9444468750000041,16.553125,0.005470102952261012,1.0,0
25503.0,2022-04-13 07:40:00,341.65,341.69,341.25,341.26,33423.0,2s,2s,1.0,buy,False,0.3364293085655326,4.163492493946733,28.239017640954685,0.011578080659927173,-0.10168415122984964,0.10242933629678097,0.05158726068185615,0.00015093004517551428,40.285754837133766,25.06743434609254,47.60669776469136,-20.011092491105103,33423.0,1.2799999999999727,1.0,4.84499999999997,67.0,0.0143328353572854,1.2799999999999727,6.0,0.003736898957755446,1.0,2.5,-0.10168415122984964,0.05158726068185615,0.10242933629678097,40.285754837133766,25.06743434609254,47.60669776469136,-20.011092491105103,24.832214765099238,25.055928411631466,42.070192702793676,-0.11415190984925695,0.12893772893772829,0.040000000000020464,0.009999999999990905,0.38999999999998636,0.0,25504.0,25504.0,2022-04-13,2022-04-13 07:40:00,1.7757721385453913,94.0,1.0,best_within_2.0d,25597.0,347.32,0.5832424107187206,4.3760036431226785,32.22527881040892,0.012230020343504162,2.285057100371749,15.890706319702602,0.006381710269403211,0.3364293085655326,4.84499999999997,67.0,0.0143328353572854,1.2799999999999727,6.0,0.003736898957755446,1.0,0.00402220134195386,1.9444468750000041,16.553125,0.005470102952261012,0.0,0
25504.0,2022-04-13 07:45:00,341.37,341.42,341.24,341.24,39432.0,2s,2s,1.0,buy,False,0.3384932920536628,4.163492493946733,28.239017640954685,0.011578080659927173,-0.1649897913654989,0.0818056123760936,-0.0006892833066558524,-2.016895114828557e-06,39.99233180390299,16.711622897395024,37.30833947559258,-24.481810259000092,39432.0,1.2899999999999636,1.0,4.84499999999997,67.0,0.0143328353572854,1.2899999999999636,7.0,0.003766093480862884,1.0,2.5,-0.1649897913654989,-0.0006892833066558524,0.0818056123760936,39.99233180390299,16.711622897395024,37.30833947559258,-24.481810259000092,16.350710900472208,26.777251184832135,40.792023522295956,-0.0380818466766252,0.05274879849959173,0.05000000000001137,0.0,0.12999999999999545,0.0,25505.0,25505.0,2022-04-13,2022-04-13 07:45:00,1.7817371937639153,93.0,1.0,best_within_2.0d,25597.0,347.32,0.5832424107187206,4.3760036431226785,32.22527881040892,0.012230020343504162,2.285057100371749,15.890706319702602,0.006381710269403211,0.3384932920536628,4.84499999999997,67.0,0.0143328353572854,1.2899999999999636,7.0,0.003766093480862884,1.0,0.00402220134195386,1.9444468750000041,16.553125,0.005470102952261012,0.0,0
25505.0,2022-04-13 07:50:00,341.24,341.28,340.9,340.9,41220.0,2s,2s,1.0,buy,False,0.40866873065016107,4.163492493946733,28.239017640954685,0.011578080659927173,-0.24090712637395142,0.051692221579349676,-0.06876134160762604,-0.00020123816716544155,35.28699249381823,11.141081931596682,28.585920294260614,-23.74859479373118,41220.0,1.6299999999999955,1.0,4.84499999999997,67.0,0.0143328353572854,1.6299999999999955,8.0,0.004758707266516789,1.0,2.5,-0.24090712637395142,-0.06876134160762604,0.051692221579349676,35.28699249381823,11.141081931596682,28.585920294260614,-23.74859479373118,15.47085201793577,32.95964125560445,40.457672635782956,-0.09963661938812328,0.11146963919037708,0.03999999999996362,0.0,0.34000000000003183,0.0,25506.0,25506.0,2022-04-13,2022-04-13 07:50:00,1.8832502200058716,92.0,1.0,best_within_2.0d,25597.0,347.32,0.5832424107187206,4.3760036431226785,32.22527881040892,0.012230020343504162,2.285057100371749,15.890706319702602,0.006381710269403211,0.40866873065016107,4.84499999999997,67.0,0.0143328353572854,1.6299999999999955,8.0,0.004758707266516789,1.0,0.00402220134195386,1.9444468750000041,16.553125,0.005470102952261012,0.0,0
25506.0,2022-04-13 07:55:00,340.94,340.96,340.39,340.51,96755.0,2s,2s,1.0,buy,False,0.5139318885448967,4.163492493946733,28.239017640954685,0.011578080659927173,-0.3265822055611438,0.010869445884206696,-0.15242165689636522,-0.0004461942070476217,30.809190543548368,9.296546832902543,22.15612914047459,-16.422617782241552,96755.0,2.1399999999999864,1.0,4.84499999999997,67.0,0.0143328353572854,2.1399999999999864,9.0,0.006247627944997479,1.0,2.5,-0.3265822055611438,-0.15242165689636522,0.010869445884206696,30.809190543548368,9.296546832902543,22.15612914047459,-16.422617782241552,14.649681528661052,39.70276008492548,40.86024959037013,-0.12612189828122453,0.1674549781133386,0.01999999999998181,0.12000000000000455,0.4300000000000068,0.0,25507.0,25507.0,2022-04-13,2022-04-13 07:55:00,1.9999412645737284,91.0,1.0,best_within_2.0d,25597.0,347.32,0.5832424107187206,4.3760036431226785,32.22527881040892,0.012230020343504162,2.285057100371749,15.890706319702602,0.006381710269403211,0.5139318885448967,4.84499999999997,67.0,0.0143328353572854,2.1399999999999864,9.0,0.006247627944997479,1.0,0.00402220134195386,1.9444468750000041,16.553125,0.005470102952261012,0.0,0
25507.0,2022-04-13 08:00:00,342.2269,343.22,340.31,340.35,152159.0,2s,2s,1.0,buy,False,0.5304437564499502,4.163492493946733,28.239017640954685,0.011578080659927173,-0.38378154827493527,-0.03710324765016021,-0.22899402178762784,-0.0006705319691198507,29.17357957229582,6.655888037513724,16.989382106154302,-14.011100099767432,152159.0,2.2199999999999704,1.0,4.84499999999997,67.0,0.0143328353572854,2.2199999999999704,10.0,0.006481184129857153,1.0,2.5,-0.38378154827493527,-0.22899402178762784,-0.03710324765016021,29.17357957229582,6.655888037513724,16.989382106154302,-14.011100099767432,38.10848400556312,26.008344923504733,39.28966157345649,-0.5484373086978195,0.8551027004789824,0.9931000000000267,0.040000000000020464,1.8768999999999778,0.0,25508.0,25508.0,2022-04-13,2022-04-13 08:00:00,2.047891876009981,90.0,1.0,best_within_2.0d,25597.0,347.32,0.5832424107187206,4.3760036431226785,32.22527881040892,0.012230020343504162,2.285057100371749,15.890706319702602,0.006381710269403211,0.5304437564499502,4.84499999999997,67.0,0.0143328353572854,2.2199999999999704,10.0,0.006481184129857153,1.0,0.00402220134195386,1.9444468750000041,16.553125,0.005470102952261012,0.0,0
25508.0,2022-04-13 08:05:00,340.32,340.4899,340.08,340.1,58491.0,2s,2s,1.0,buy,False,0.5779153766769924,4.163492493946733,28.239017640954685,0.011578080659927173,-0.43074683067892156,-0.0909466014850254,-0.3063200168244862,-0.0008972297249775744,26.781177832501882,4.649572916729301,12.876112376345969,-11.803506002504033,58491.0,2.4499999999999886,1.0,4.84499999999997,67.0,0.0143328353572854,2.4499999999999886,11.0,0.007152658161328902,1.0,2.5,-0.43074683067892156,-0.3063200168244862,-0.0909466014850254,26.781177832501882,4.649572916729301,12.876112376345969,-11.803506002504033,35.70517725070135,28.188297829501106,37.323593309806235,-0.06464503996237965,0.1205304634203697,0.16989999999998417,0.020000000000038654,0.21999999999997044,0.0,25509.0,25509.0,2022-04-13,2022-04-13 08:05:00,2.122905027932952,89.0,1.0,best_within_2.0d,25597.0,347.32,0.5832424107187206,4.3760036431226785,32.22527881040892,0.012230020343504162,2.285057100371749,15.890706319702602,0.006381710269403211,0.5779153766769924,4.84499999999997,67.0,0.0143328353572854,2.4499999999999886,11.0,0.007152658161328902,1.0,0.00402220134195386,1.9444468750000041,16.553125,0.005470102952261012,0.0,0
25509.0,2022-04-13 08:10:00,340.09,340.44,340.08,340.43,14248.0,2s,2s,1.0,buy,False,0.5779153766769924,4.163492493946733,28.239017640954685,0.011578080659927173,-0.39382535545074215,-0.14017477091636815,-0.33708744864173923,-0.0009875586028733655,34.42548439445284,6.815214216248599,10.855812989646843,-1.2659833305478898,14248.0,2.4499999999999886,1.0,4.84499999999997,67.0,0.0143328353572854,2.4499999999999886,12.0,0.007152658161328902,1.0,2.5,-0.39382535545074215,-0.33708744864173923,-0.14017477091636815,34.42548439445284,6.815214216248599,10.855812989646843,-1.2659833305478898,33.732187678455,27.888816584549485,35.334962260583616,0.09997353641684022,0.10585744530699061,0.009999999999990905,0.009999999999990905,0.34000000000003183,1.0,25510.0,25510.0,2022-04-13,2022-04-13 08:10:00,2.0239109361689587,88.0,1.0,best_within_2.0d,25597.0,347.32,0.5832424107187206,4.3760036431226785,32.22527881040892,0.012230020343504162,2.285057100371749,15.890706319702602,0.006381710269403211,0.5779153766769924,4.84499999999997,67.0,0.0143328353572854,2.4499999999999886,12.0,0.007152658161328902,1.0,0.00402220134195386,1.9444468750000041,16.553125,0.005470102952261012,0.0,0
25511.0,2022-04-13 08:20:00,340.6,340.69,339.77,339.92,30565.0,2s,2s,1.0,buy,False,0.6418988648090883,4.163492493946733,28.239017640954685,0.011578080659927173,-0.34663304087886776,-0.22358882628933832,-0.3969053467287722,-0.0011633252070680311,31.129324730706813,8.441458326087066,9.969352869794701,5.385669238671795,30565.0,2.759999999999991,1.0,4.84499999999997,67.0,0.0143328353572854,2.759999999999991,14.0,0.008057688377660325,1.0,2.5,-0.34663304087886776,-0.3969053467287722,-0.22358882628933832,31.129324730706813,8.441458326087066,9.969352869794701,5.385669238671795,30.378609676237005,29.7875861416804,31.205082630649525,-0.1996476805637131,0.2707714041851888,0.08999999999997499,0.1500000000000341,0.6800000000000068,0.0,25512.0,25512.0,2022-04-13,2022-04-13 08:20:00,2.1769828194869314,86.0,1.0,best_within_2.0d,25597.0,347.32,0.5832424107187206,4.3760036431226785,32.22527881040892,0.012230020343504162,2.285057100371749,15.890706319702602,0.006381710269403211,0.6418988648090883,4.84499999999997,67.0,0.0143328353572854,2.759999999999991,14.0,0.008057688377660325,1.0,0.00402220134195386,1.9444468750000041,16.553125,0.005470102952261012,0.0,0
25512.0,2022-04-13 08:25:00,339.94,340.17,339.76,340.17,47531.0,2s,2s,1.0,buy,False,0.6439628482972185,4.163492493946733,28.239017640954685,0.011578080659927173,-0.30874353686125233,-0.2621817683969948,-0.416553536827621,-0.0012211820865219664,35.87200678775298,9.577542544944563,9.838749428177987,9.055128778477716,47531.0,2.769999999999982,1.0,4.84499999999997,67.0,0.0143328353572854,2.769999999999982,15.0,0.008086882900767764,1.0,2.5,-0.30874353686125233,-0.416553536827621,-0.2621817683969948,35.87200678775298,9.577542544944563,9.838749428177987,9.055128778477716,29.302666310073466,29.41894673193873,28.990292428601702,0.06765899864682538,0.12067341652932217,0.0,0.18000000000000682,0.2300000000000182,1.0,25513.0,25513.0,2022-04-13,2022-04-13 08:25:00,2.101890231354904,85.0,1.0,best_within_2.0d,25597.0,347.32,0.5832424107187206,4.3760036431226785,32.22527881040892,0.012230020343504162,2.285057100371749,15.890706319702602,0.006381710269403211,0.6439628482972185,4.84499999999997,67.0,0.0143328353572854,2.769999999999982,15.0,0.008086882900767764,1.0,0.00402220134195386,1.9444468750000041,16.553125,0.005470102952261012,0.0,0
25513.0,2022-04-13 08:30:00,340.12,340.3,338.83,340.01,155056.0,2s,2s,1.0,buy,False,0.8359133126935059,4.163492493946733,28.239017640954685,0.011578080659927173,-0.2844514135569698,-0.29773819509161603,-0.4399639018701009,-0.0012901199693956724,34.246565271525185,15.344785386834683,11.67409474773022,22.686166665043608,155056.0,3.6999999999999886,1.0,4.84499999999997,67.0,0.0143328353572854,3.6999999999999886,16.0,0.010801973549762032,1.0,2.5,-0.2844514135569698,-0.4399639018701009,-0.29773819509161603,34.246565271525185,15.344785386834683,11.67409474773022,22.686166665043608,26.06024881332809,33.40262050279719,27.80154483276987,-0.03234152652005576,0.43384588141546715,0.18000000000000682,1.1800000000000068,0.11000000000001364,0.0,25514.0,25514.0,2022-04-13,2022-04-13 08:30:00,2.14993676656569,84.0,1.0,best_within_2.0d,25597.0,347.32,0.5832424107187206,4.3760036431226785,32.22527881040892,0.012230020343504162,2.285057100371749,15.890706319702602,0.006381710269403211,0.8359133126935059,4.84499999999997,67.0,0.0143328353572854,3.6999999999999886,16.0,0.010801973549762032,1.0,0.00402220134195386,1.9444468750000041,16.553125,0.005470102952261012,1.0,0
25528.0,2022-04-13 09:45:00,341.4483,342.7,341.16,342.13,1376454.0,1,1,0.0,sell,False,1.0033223336706383,3.8700000000000045,16.0,0.011421656878080466,0.515786292171884,-0.25897236216477754,-0.0010792160788355432,-3.1684109630440064e-06,66.00948284329715,73.73563545469791,62.533486874025606,96.13993261604254,1376454.0,3.8700000000000045,1.0,3.8700000000000045,16.0,0.011421656878080466,3.8700000000000045,16.0,0.011421656878080466,1.0,1.0,0.515786292171884,-0.0010792160788355432,-0.25897236216477754,66.00948284329715,73.73563545469791,62.533486874025606,96.13993261604254,34.29137760158618,19.72249752229888,25.4725607709178,0.1996495516305039,0.4514011021221607,0.5699999999999932,0.28829999999999245,0.681699999999978,1.0,25529.0,25529.0,2022-04-13,2022-04-13 09:45:00,1.2334492736678955,310.0,1.0,best_within_2.0d,25838.0,337.91,0.5832424107187206,4.3760036431226785,32.22527881040892,0.012230020343504162,2.285057100371749,15.890706319702602,0.006381710269403211,0.4929364202292669,5.6011759621451125,36.843533123028394,0.015614239272951093,2.82998018927445,22.52492113564669,0.007835530045022196,1.8630914826498424,0.00402220134195386,1.9444468750000041,16.553125,0.005470102952261012,1.0,1
25534.0,2022-04-13 10:15:00,341.7,343.11,341.69,342.92,890862.0,1,1,0.0,sell,False,1.198571537821725,4.28000000000003,22.0,0.01263170321400121,0.5012836121578643,0.11519126530026758,0.36583307137919974,0.0010725265724302845,65.71939839244808,78.53052523852993,73.19130175262728,89.20897221033522,890862.0,4.28000000000003,1.0,4.28000000000003,22.0,0.01263170321400121,4.28000000000003,22.0,0.01263170321400121,1.0,1.0,0.5012836121578643,0.36583307137919974,0.11519126530026758,65.71939839244808,78.53052523852993,73.19130175262728,89.20897221033522,34.823359769286654,16.005767844268462,22.43440057827475,0.35703833772315696,0.4155813749304972,0.18999999999999773,0.009999999999990905,1.2200000000000273,1.0,25535.0,25535.0,2022-04-13,2022-04-13 10:15:00,1.4609821532718974,304.0,1.0,best_within_2.0d,25838.0,337.91,0.5832424107187206,4.3760036431226785,32.22527881040892,0.012230020343504162,2.285057100371749,15.890706319702602,0.006381710269403211,0.4929364202292669,5.6011759621451125,36.843533123028394,0.015614239272951093,2.82998018927445,22.52492113564669,0.007835530045022196,1.8630914826498424,0.00402220134195386,1.9444468750000041,16.553125,0.005470102952261012,0.0,1
25535.0,2022-04-13 10:20:00,342.93,343.35,342.78,343.29,638437.0,1,1,0.0,sell,False,1.198571537821639,4.520000000000039,23.0,0.013340023020393823,0.591180419392914,0.18908881772438182,0.4846790274208388,0.001420274606876678,67.76483301979503,85.00208531883727,77.12822960803061,100.74979674045062,638437.0,4.520000000000039,1.0,4.520000000000039,23.0,0.013340023020393823,4.520000000000039,23.0,0.013340023020393823,1.0,1.0,0.591180419392914,0.4846790274208388,0.18908881772438182,67.76483301979503,85.00208531883727,77.12822960803061,100.74979674045062,36.73913043478294,16.086956521739314,23.6244184088095,0.10497769224040289,0.16628741466831498,0.060000000000002274,0.1500000000000341,0.36000000000001364,1.0,25536.0,25536.0,2022-04-13,2022-04-13 10:20:00,1.567188091700893,303.0,1.0,best_within_2.0d,25838.0,337.91,0.5832424107187206,4.3760036431226785,32.22527881040892,0.012230020343504162,2.285057100371749,15.890706319702602,0.006381710269403211,0.4929364202292669,5.6011759621451125,36.843533123028394,0.015614239272951093,2.82998018927445,22.52492113564669,0.007835530045022196,1.8630914826498424,0.00402220134195386,1.9444468750000041,16.553125,0.005470102952261012,0.0,1
25537.0,2022-04-13 10:30:00,342.77,343.84,342.6227,343.0919,708544.0,1,1,0.0,sell,False,1.1985715378216406,5.009999999999991,25.0,0.014786175958445212,0.5251203017581799,0.3227494169286225,0.5853095678077125,0.001713959595378727,64.05603076682054,79.75864798469819,79.10206965981301,81.07180463446852,708544.0,5.009999999999991,1.0,5.009999999999991,25.0,0.014786175958445212,5.009999999999991,25.0,0.014786175958445212,1.0,1.0,0.5251203017581799,0.5853095678077125,0.3227494169286225,64.05603076682054,79.75864798469819,79.10206965981301,81.07180463446852,34.33461288137428,16.005419262289834,25.181687921893424,0.09391136913966446,0.3552887768381856,0.7480999999999653,0.1472999999999729,0.32190000000002783,1.0,25538.0,25538.0,2022-04-13,2022-04-13 10:30:00,1.5103533484760159,301.0,1.0,best_within_2.0d,25838.0,337.91,0.5832424107187206,4.3760036431226785,32.22527881040892,0.012230020343504162,2.285057100371749,15.890706319702602,0.006381710269403211,0.4929364202292669,5.6011759621451125,36.843533123028394,0.015614239272951093,2.82998018927445,22.52492113564669,0.007835530045022196,1.8630914826498424,0.00402220134195386,1.9444468750000041,16.553125,0.005470102952261012,1.0,1
25543.0,2022-04-13 11:00:00,342.59,344.34,342.555,344.06,906111.0,1,1,0.0,sell,False,1.1985715378216601,5.509999999999991,31.0,0.0162618422217631,0.24050609446145566,0.5124937833796305,0.6327468306103583,0.0018499993858882924,65.67546367359546,66.99617552072348,65.33343540872927,70.3216557447119,906111.0,5.509999999999991,1.0,5.509999999999991,31.0,0.0162618422217631,5.509999999999991,31.0,0.0162618422217631,1.0,1.0,0.24050609446145566,0.6327468306103583,0.5124937833796305,65.67546367359546,66.99617552072348,65.33343540872927,70.3216557447119,31.23775626628012,14.658036553600276,28.55876553429608,0.42908432820573494,0.5210842054560488,0.2799999999999727,0.03499999999996817,1.4700000000000273,1.0,25544.0,25544.0,2022-04-13,2022-04-13 11:00:00,1.7874789280939305,295.0,1.0,best_within_2.0d,25838.0,337.91,0.5832424107187206,4.3760036431226785,32.22527881040892,0.012230020343504162,2.285057100371749,15.890706319702602,0.006381710269403211,0.4929364202292669,5.6011759621451125,36.843533123028394,0.015614239272951093,2.82998018927445,22.52492113564669,0.007835530045022196,1.8630914826498424,0.00402220134195386,1.9444468750000041,16.553125,0.005470102952261012,0.0,1
25545.0,2022-04-13 11:10:00,343.985,344.58,343.89,344.54,522968.0,1,1,0.0,sell,False,1.198571537821918,5.75,33.0,0.016970162028155714,0.3633874003123061,0.5941613816935739,0.775855081849727,0.0022662773456412393,67.93966244158028,81.64988069120338,72.5328361980151,99.88396967757993,522968.0,5.75,1.0,5.75,33.0,0.016970162028155714,5.75,33.0,0.016970162028155714,1.0,1.0,0.3633874003123061,0.775855081849727,0.5941613816935739,67.93966244158028,81.64988069120338,72.5328361980151,99.88396967757993,37.399748729821525,8.555038441177084,32.631489021127614,0.16134424466183317,0.20064555526476424,0.03999999999996362,0.09500000000002728,0.5550000000000068,1.0,25546.0,25546.0,2022-04-13,2022-04-13 11:10:00,1.9243048702617969,293.0,1.0,best_within_2.0d,25838.0,337.91,0.5832424107187206,4.3760036431226785,32.22527881040892,0.012230020343504162,2.285057100371749,15.890706319702602,0.006381710269403211,0.4929364202292669,5.6011759621451125,36.843533123028394,0.015614239272951093,2.82998018927445,22.52492113564669,0.007835530045022196,1.8630914826498424,0.00402220134195386,1.9444468750000041,16.553125,0.005470102952261012,0.0,1
25546.0,2022-04-13 11:15:00,344.5099,344.72,344.4,344.682,407809.0,1,1,0.0,sell,False,1.1985715378216601,5.890000000000043,34.0,0.01738334858188485,0.39765555443285683,0.643868325997681,0.8426961032141094,0.002460277804018867,68.65635240061164,87.29745132499966,77.45437457367662,106.98360482764573,407809.0,5.890000000000043,1.0,5.890000000000043,34.0,0.01738334858188485,5.890000000000043,34.0,0.01738334858188485,1.0,1.0,0.39765555443285683,0.8426961032141094,0.643868325997681,68.65635240061164,87.29745132499966,77.45437457367662,106.98360482764573,36.68174143241416,9.186556589765932,34.582365887153365,0.049955023063198,0.09291521486644891,0.038000000000010914,0.10990000000003874,0.17210000000000036,1.0,25547.0,25547.0,2022-04-13,2022-04-13 11:15:00,1.9647095003510455,292.0,1.0,best_within_2.0d,25838.0,337.91,0.5832424107187206,4.3760036431226785,32.22527881040892,0.012230020343504162,2.285057100371749,15.890706319702602,0.006381710269403211,0.4929364202292669,5.6011759621451125,36.843533123028394,0.015614239272951093,2.82998018927445,22.52492113564669,0.007835530045022196,1.8630914826498424,0.00402220134195386,1.9444468750000041,16.553125,0.005470102952261012,0.0,1
25547.0,2022-04-13 11:20:00,344.68,344.92,344.47,344.81,410332.0,1,1,0.0,sell,False,1.1985715378216582,6.090000000000032,35.0,0.017973615087211972,0.4028856809813175,0.6942290361203456,0.8956718766110043,0.0026136482636249306,69.32207832928638,90.26726640057434,81.72533851597586,107.35112216977132,410332.0,6.090000000000032,1.0,6.090000000000032,35.0,0.017973615087211972,6.090000000000032,35.0,0.017973615087211972,1.0,1.0,0.4028856809813175,0.8956718766110043,0.6942290361203456,69.32207832928638,90.26726640057434,81.72533851597586,107.35112216977132,39.415460494784845,7.953327465862893,36.85645004819411,0.03771614250899253,0.13063546898133033,0.11000000000001364,0.20999999999997954,0.12999999999999545,1.0,25548.0,25548.0,2022-04-13,2022-04-13 11:20:00,2.00110205620486,291.0,1.0,best_within_2.0d,25838.0,337.91,0.5832424107187206,4.3760036431226785,32.22527881040892,0.012230020343504162,2.285057100371749,15.890706319702602,0.006381710269403211,0.4929364202292669,5.6011759621451125,36.843533123028394,0.015614239272951093,2.82998018927445,22.52492113564669,0.007835530045022196,1.8630914826498424,0.00402220134195386,1.9444468750000041,16.553125,0.005470102952261012,0.0,1
25548.0,2022-04-13 11:25:00,344.82,345.2,344.72,344.8,505370.0,1,1,0.0,sell,False,1.1985715378219164,6.3700000000000045,36.0,0.01879998819466991,0.37110922935574164,0.7406176897898133,0.9261723044676842,0.002701419247323924,69.19842186057281,88.84950627171185,84.10006110122119,98.34839661269316,505370.0,6.3700000000000045,1.0,6.3700000000000045,36.0,0.01879998819466991,6.3700000000000045,36.0,0.01879998819466991,1.0,1.0,0.37110922935574164,0.9261723044676842,0.7406176897898133,69.19842186057281,88.84950627171185,84.10006110122119,98.34839661269316,33.313997166142045,8.679403178105414,38.41406170205814,-0.005800127602801987,0.13924344395450258,0.37999999999999545,0.07999999999998408,0.01999999999998181,0.0,25549.0,25549.0,2022-04-13,2022-04-13 11:25:00,1.998259860788859,290.0,1.0,best_within_2.0d,25838.0,337.91,0.5832424107187206,4.3760036431226785,32.22527881040892,0.012230020343504162,2.285057100371749,15.890706319702602,0.006381710269403211,0.4929364202292669,5.6011759621451125,36.843533123028394,0.015614239272951093,2.82998018927445,22.52492113564669,0.007835530045022196,1.8630914826498424,0.00402220134195386,1.9444468750000041,16.553125,0.005470102952261012,1.0,1
25553.0,2022-04-13 11:50:00,344.56,344.69,344.27,344.62,281712.0,3a,3a,1.0,buy,False,0.00492885433475121,4.163492493946733,28.239017640954685,0.011578080659927173,0.01262910459733968,0.8533812036267594,0.8596957559254292,0.0025031106102575244,65.04491226559401,69.34613176816003,78.72564915670728,50.58709699106555,281712.0,0.9300000000000068,2.0,0.9300000000000068,6.0,0.002694090382387042,0.9300000000000068,6.0,0.002694090382387042,3.0,3.0,0.01262910459733968,0.8596957559254292,0.8533812036267594,65.04491226559401,69.34613176816003,78.72564915670728,50.58709699106555,34.2321404670062,9.734373288879834,43.100231089129814,0.017413512886000196,0.12199726958492345,0.06999999999999318,0.29000000000002046,0.060000000000002274,1.0,25554.0,25554.0,2022-04-13,2022-04-13 11:50:00,0.7834716499332565,44.0,1.0,best_within_2.0d,25597.0,347.32,0.5832424107187206,4.3760036431226785,32.22527881040892,0.012230020343504162,2.285057100371749,15.890706319702602,0.006381710269403211,0.4929364202292669,5.6011759621451125,36.843533123028394,0.015614239272951093,2.82998018927445,22.52492113564669,0.007835530045022196,1.8630914826498424,0.00492885433475121,0.9300000000000068,6.0,0.002694090382387042,0.0,0
25555.0,2022-04-13 12:00:00,344.67,344.69,344.17,344.58,290692.0,3a,3a,1.0,buy,False,0.00492885433475121,4.163492493946733,28.239017640954685,0.011578080659927173,-0.10641907781359672,0.8344996748265878,0.7812901359197895,0.00227371118062911,63.880618593273844,53.88839457643171,66.49190431585589,28.681375097583327,290692.0,1.0299999999999727,2.0,1.0299999999999727,8.0,0.0029837775202780207,1.0299999999999727,8.0,0.0029837775202780207,3.0,3.0,-0.10641907781359672,0.7812901359197895,0.8344996748265878,63.880618593273844,53.88839457643171,66.49190431585589,28.681375097583327,33.64423717521624,12.524983344437777,43.87132237088008,-0.026111933153460363,0.15108812505447358,0.01999999999998181,0.40999999999996817,0.09000000000003183,0.0,25556.0,25556.0,2022-04-13,2022-04-13 12:00:00,0.7951709327297026,42.0,1.0,best_within_2.0d,25597.0,347.32,0.5832424107187206,4.3760036431226785,32.22527881040892,0.012230020343504162,2.285057100371749,15.890706319702602,0.006381710269403211,0.4929364202292669,5.6011759621451125,36.843533123028394,0.015614239272951093,2.82998018927445,22.52492113564669,0.007835530045022196,1.8630914826498424,0.00492885433475121,1.0299999999999727,8.0,0.0029837775202780207,1.0,0
25563.0,2022-04-13 12:40:00,345.41,345.8,345.36,345.74,505636.0,1p,1p,0.0,sell,False,1.622955652550495e-07,1.6299999999999955,9.0,0.0047360316122846136,-0.05530366547662102,0.7062131605166219,0.6785613277783114,0.001970683691625,71.36831071825534,85.43469035796252,77.32705133921345,101.64996839546069,505636.0,1.6299999999999955,0.0,1.6299999999999955,9.0,0.0047360316122846136,1.6299999999999955,0.0,0.0,1.0,1.0,-0.05530366547662102,0.6785613277783114,0.7062131605166219,71.36831071825534,85.43469035796252,77.32705133921345,101.64996839546069,22.550289486414957,21.770002652974814,28.437395691820658,0.09553863524506646,0.12740328932128725,0.060000000000002274,0.05000000000001137,0.3299999999999841,1.0,25564.0,25564.0,2022-04-13,2022-04-13 12:40:00,2.2647075837334367,275.0,1.0,best_within_2.0d,25838.0,337.91,0.5832424107187206,4.3760036431226785,32.22527881040892,0.012230020343504162,2.285057100371749,15.890706319702602,0.006381710269403211,0.4929364202292669,5.6011759621451125,36.843533123028394,0.015614239272951093,2.82998018927445,22.52492113564669,0.007835530045022196,1.8630914826498424,0.00402220134195386,1.9444468750000041,16.553125,0.005470102952261012,0.0,1
25564.0,2022-04-13 12:45:00,345.74,345.86,345.54,345.635,355575.0,1p,1p,0.0,sell,False,1.622955652550495e-07,1.6899999999999977,10.0,0.004910364064270557,-0.044438081797800955,0.7006584002918967,0.6784393593929963,0.0019697755743672413,69.23891020023981,86.12312690530796,80.25907652791162,97.85122766010062,355575.0,1.6899999999999977,0.0,1.6899999999999977,10.0,0.004910364064270557,1.6899999999999977,0.0,0.0,1.0,1.0,-0.044438081797800955,0.6784393593929963,0.7006584002918967,69.23891020023981,86.12312690530796,80.25907652791162,97.85122766010062,24.011231832032994,19.0653967038401,27.22625896251073,-0.0303696419274652,0.09260867048677235,0.12000000000000455,0.09499999999997044,0.10500000000001819,0.0,25565.0,25565.0,2022-04-13,2022-04-13 12:45:00,2.2350167083773247,274.0,1.0,best_within_2.0d,25838.0,337.91,0.5832424107187206,4.3760036431226785,32.22527881040892,0.012230020343504162,2.285057100371749,15.890706319702602,0.006381710269403211,0.4929364202292669,5.6011759621451125,36.843533123028394,0.015614239272951093,2.82998018927445,22.52492113564669,0.007835530045022196,1.8630914826498424,0.00402220134195386,1.9444468750000041,16.553125,0.005470102952261012,1.0,1
25569.0,2022-04-13 13:10:00,345.5399,345.99,345.46,345.66,425322.0,1p,1p,0.0,sell,False,1.622955652550495e-07,1.8199999999999932,15.0,0.005288084376906741,-0.12263483963287425,0.6399897491729872,0.5786723293565501,0.0016783367065585143,68.42750341118855,73.37977911077695,76.91187634765527,66.31558463702032,425322.0,1.8199999999999932,0.0,1.8199999999999932,15.0,0.005288084376906741,1.8199999999999932,0.0,0.0,1.0,1.0,-0.12263483963287425,0.5786723293565501,0.6399897491729872,68.42750341118855,73.37977911077695,76.91187634765527,66.31558463702032,26.704342560822674,13.973202502755475,23.469094993852135,0.03475720170088499,0.1534186302321628,0.3299999999999841,0.07990000000000919,0.12010000000003629,1.0,25570.0,25570.0,2022-04-13,2022-04-13 13:10:00,2.2420876005323147,269.0,1.0,best_within_2.0d,25838.0,337.91,0.5832424107187206,4.3760036431226785,32.22527881040892,0.012230020343504162,2.285057100371749,15.890706319702602,0.006381710269403211,0.4929364202292669,5.6011759621451125,36.843533123028394,0.015614239272951093,2.82998018927445,22.52492113564669,0.007835530045022196,1.8630914826498424,0.00402220134195386,1.9444468750000041,16.553125,0.005470102952261012,1.0,1
25576.0,2022-04-13 13:45:00,341.81,342.4599,341.78,342.385,611206.0,1p,1p,1.0,buy,False,2387033.90326914,4.980000000000018,47.0,0.014361518052831982,-0.41824302220974663,-0.49025623538845264,-0.699377746493326,-0.0020339214020688714,36.52006510101974,12.576695658227605,17.184354941138274,3.361377092406265,611206.0,4.980000000000018,0.0,4.980000000000018,47.0,0.014361518052831982,4.980000000000018,0.0,0.0,1.0,1.0,-0.41824302220974663,-0.699377746493326,-0.49025623538845264,36.52006510101974,12.576695658227605,17.184354941138274,3.361377092406265,10.178593567499655,17.457407032814405,35.24822530874734,0.16822211169947884,0.1989291357013377,0.07490000000001373,0.03000000000002956,0.5749999999999886,1.0,25577.0,25577.0,2022-04-13,2022-04-13 13:45:00,1.4413598726579735,21.0,1.0,best_within_2.0d,25597.0,347.32,0.5832424107187206,4.3760036431226785,32.22527881040892,0.012230020343504162,2.285057100371749,15.890706319702602,0.006381710269403211,0.4929364202292669,5.6011759621451125,36.843533123028394,0.015614239272951093,2.82998018927445,22.52492113564669,0.007835530045022196,1.8630914826498424,0.00402220134195386,1.9444468750000041,16.553125,0.005470102952261012,0.0,0
25583.0,2022-04-13 14:20:00,345.13,345.5,345.09,345.26,472105.0,2,2,0.0,sell,False,0.7292817679557965,4.163492493946733,28.239017640954685,0.011578080659927173,-0.11423934597711549,0.1755321518254454,0.11841247883688766,0.000343279982349728,56.3263172614154,67.07209274590994,52.89363635608264,95.42900552556455,472105.0,1.3199999999999932,1.0,1.8100000000000023,9.0,0.005231365068354583,1.3199999999999932,7.0,0.0038352025103143505,2.0,2.0,-0.11423934597711549,0.11841247883688766,0.1755321518254454,56.3263172614154,67.07209274590994,52.89363635608264,95.42900552556455,18.753606462780056,23.82188882477228,22.726775641010764,0.03766696607075463,0.11880958590513345,0.2400000000000091,0.040000000000020464,0.12999999999999545,1.0,25584.0,25584.0,2022-04-13,2022-04-13 14:20:00,2.128830446619929,255.0,1.0,best_within_2.0d,25838.0,337.91,0.7292817679557965,1.8100000000000023,9.0,0.005231365068354583,1.3199999999999932,7.0,0.0038352025103143505,0.4929364202292669,5.6011759621451125,36.843533123028394,0.015614239272951093,2.82998018927445,22.52492113564669,0.007835530045022196,1.8630914826498424,0.00402220134195386,1.9444468750000041,16.553125,0.005470102952261012,0.0,1
25586.0,2022-04-13 14:35:00,345.3,345.64,345.23,345.43,320454.0,2,2,0.0,sell,False,0.8066298342541314,4.163492493946733,28.239017640954685,0.011578080659927173,-0.018872377807825913,0.15639039973091773,0.14695421082700477,0.00042592405650355834,59.251622121668966,79.11894739080635,69.61309655408395,98.13064906425117,320454.0,1.4599999999999795,1.0,1.8100000000000023,9.0,0.005231365068354583,1.4599999999999795,10.0,0.0042419664129234105,2.0,2.0,-0.018872377807825913,0.14695421082700477,0.15639039973091773,59.251622121668966,79.11894739080635,69.61309655408395,98.13064906425117,21.086780210866802,21.41119221411062,20.290535781192315,0.037648421662321296,0.11876140543984245,0.20999999999997954,0.06999999999999318,0.12999999999999545,1.0,25587.0,25587.0,2022-04-13,2022-04-13 14:35:00,2.1769967866137807,252.0,1.0,best_within_2.0d,25838.0,337.91,0.8066298342541314,1.8100000000000023,9.0,0.005231365068354583,1.4599999999999795,10.0,0.0042419664129234105,0.4929364202292669,5.6011759621451125,36.843533123028394,0.015614239272951093,2.82998018927445,22.52492113564669,0.007835530045022196,1.8630914826498424,0.00402220134195386,1.9444468750000041,16.553125,0.005470102952261012,0.0,1
25587.0,2022-04-13 14:40:00,345.435,345.68,345.39,345.67,234367.0,2,2,0.0,sell,False,0.8287292817679548,4.163492493946733,28.239017640954685,0.011578080659927173,0.031124491440287727,0.1602809611609537,0.17584320688109756,0.000509583718264285,63.12205101574106,85.76777178078706,74.99798829631831,107.30733874972458,234367.0,1.5,1.0,1.8100000000000023,9.0,0.005231365068354583,1.5,11.0,0.004358184670811785,2.0,2.0,0.031124491440287727,0.17584320688109756,0.1602809611609537,63.12205101574106,85.76777178078706,74.99798829631831,107.30733874972458,22.502099076405592,19.47942905121661,19.35549751110718,0.06803016486459497,0.08396305625525362,0.009999999999990905,0.045000000000015916,0.23500000000001364,1.0,25588.0,25588.0,2022-04-13,2022-04-13 14:40:00,2.244915671015706,251.0,1.0,best_within_2.0d,25838.0,337.91,0.8287292817679548,1.8100000000000023,9.0,0.005231365068354583,1.5,11.0,0.004358184670811785,0.4929364202292669,5.6011759621451125,36.843533123028394,0.015614239272951093,2.82998018927445,22.52492113564669,0.007835530045022196,1.8630914826498424,0.00402220134195386,1.9444468750000041,16.553125,0.005470102952261012,0.0,1
25588.0,2022-04-13 14:45:00,345.69,345.92,345.52,345.8601,197882.0,2,2,0.0,sell,False,0.9613259668508325,4.163492493946733,28.239017640954685,0.011578080659927173,0.08217093714017099,0.17055232830347505,0.21163779687356055,0.0006132107201712566,65.88604091160337,88.98767482586751,79.66121713950137,107.64059019859977,197882.0,1.740000000000009,1.0,1.8100000000000023,9.0,0.005231365068354583,1.740000000000009,12.0,0.005055494218141696,2.0,2.0,0.08217093714017099,0.21163779687356055,0.17055232830347505,65.88604091160337,88.98767482586751,79.66121713950137,107.64059019859977,26.8707482993187,13.435374149658866,20.353914355552018,0.04920593595417594,0.11576753878213537,0.059900000000027376,0.17000000000001592,0.17009999999999081,1.0,25589.0,25589.0,2022-04-13,2022-04-13 14:45:00,2.2986461867095866,250.0,1.0,best_within_2.0d,25838.0,337.91,0.9613259668508325,1.8100000000000023,9.0,0.005231365068354583,1.740000000000009,12.0,0.005055494218141696,0.4929364202292669,5.6011759621451125,36.843533123028394,0.015614239272951093,2.82998018927445,22.52492113564669,0.007835530045022196,1.8630914826498424,0.00402220134195386,1.9444468750000041,16.553125,0.005470102952261012,0.0,1
25589.0,2022-04-13 14:50:00,345.89,346.04,345.74,345.89,306745.0,1,1,0.0,sell,False,0.1794418519525117,1.8600000000000136,13.0,0.0054041489918066525,0.11056483431811559,0.1843729325932395,0.2396553497522973,0.0006942771277042569,66.31369907903714,89.1619463874074,82.82812688880338,101.82958538461543,306745.0,1.8600000000000136,2.0,1.8600000000000136,13.0,0.0054041489918066525,1.8600000000000136,13.0,0.0054041489918066525,1.0,1.0,0.11056483431811559,0.2396553497522973,0.1843729325932395,66.31369907903714,89.1619463874074,82.82812688880338,101.82958538461543,28.862478777588173,12.393887945669642,21.751327292530657,0.0,0.08677040550703169,0.1500000000000341,0.14999999999997726,0.0,0.0,25590.0,25590.0,2022-04-13,2022-04-13 14:50:00,2.307091850010108,249.0,1.0,best_within_2.0d,25838.0,337.91,0.5832424107187206,4.3760036431226785,32.22527881040892,0.012230020343504162,2.285057100371749,15.890706319702602,0.006381710269403211,0.4929364202292669,5.6011759621451125,36.843533123028394,0.015614239272951093,2.82998018927445,22.52492113564669,0.007835530045022196,1.8630914826498424,0.00402220134195386,1.9444468750000041,16.553125,0.005470102952261012,0.0,1
25590.0,2022-04-13 14:55:00,345.86,346.12,345.8,345.93,298209.0,1,1,0.0,sell,False,0.2017483760750161,1.9399999999999977,14.0,0.0056365855075832345,0.1243092151132405,0.19991158448239457,0.2620661920390148,0.0007590798748537885,66.91130889287936,87.31486080999592,84.32370486253421,93.29717270491932,298209.0,1.9399999999999977,2.0,1.9399999999999977,14.0,0.0056365855075832345,1.9399999999999977,14.0,0.0056365855075832345,1.0,1.0,0.1243092151132405,0.2620661920390148,0.19991158448239457,66.91130889287936,87.31486080999592,84.32370486253421,93.29717270491932,31.228070175437555,8.947368421051314,24.158983577624664,0.02023940322673717,0.09253903990745899,0.18999999999999773,0.060000000000002274,0.06999999999999318,1.0,25591.0,25591.0,2022-04-13,2022-04-13 14:55:00,2.318388113202088,248.0,1.0,best_within_2.0d,25838.0,337.91,0.5832424107187206,4.3760036431226785,32.22527881040892,0.012230020343504162,2.285057100371749,15.890706319702602,0.006381710269403211,0.4929364202292669,5.6011759621451125,36.843533123028394,0.015614239272951093,2.82998018927445,22.52492113564669,0.007835530045022196,1.8630914826498424,0.00402220134195386,1.9444468750000041,16.553125,0.005470102952261012,0.0,1
25592.0,2022-04-13 15:05:00,345.6,346.43,345.58,346.39,555289.0,1,1,0.0,sell,False,0.2370309071771775,2.25,16.0,0.006537277006217677,0.14604888823401624,0.2282480283396088,0.3012724724566169,0.0008723646895414399,68.765087191601,83.01278281343755,82.02093530435714,84.99647783159838,555289.0,2.25,2.0,2.25,16.0,0.006537277006217677,2.25,16.0,0.006537277006217677,1.0,1.0,0.14604888823401624,0.3012724724566169,0.2282480283396088,68.765087191601,83.01278281343755,82.02093530435714,84.99647783159838,30.33564928075035,11.928760152655823,26.71117114416747,0.22858796296295242,0.2459633080618157,0.040000000000020464,0.020000000000038654,0.7899999999999636,1.0,25593.0,25593.0,2022-04-13,2022-04-13 15:05:00,2.4481076243540407,246.0,1.0,best_within_2.0d,25838.0,337.91,0.5832424107187206,4.3760036431226785,32.22527881040892,0.012230020343504162,2.285057100371749,15.890706319702602,0.006381710269403211,0.4929364202292669,5.6011759621451125,36.843533123028394,0.015614239272951093,2.82998018927445,22.52492113564669,0.007835530045022196,1.8630914826498424,0.00402220134195386,1.9444468750000041,16.553125,0.005470102952261012,0.0,1
25593.0,2022-04-13 15:10:00,346.37,346.45,346.16,346.34,432188.0,1,1,0.0,sell,False,0.2740272864033093,2.269999999999982,17.0,0.006595386135161781,0.16884456546872267,0.24935359902319912,0.33377588175756046,0.000966276706436422,67.5684982402601,85.95913915957524,83.33366992276316,91.21007763319943,432188.0,2.269999999999982,2.0,2.269999999999982,17.0,0.006595386135161781,2.269999999999982,17.0,0.006595386135161781,1.0,1.0,0.16884456546872267,0.33377588175756046,0.24935359902319912,67.5684982402601,85.95913915957524,83.33366992276316,91.21007763319943,30.042354795283856,12.007091965721319,27.866845112402817,-0.00866125819211524,0.08377628842152865,0.07999999999998408,0.17999999999994998,0.03000000000002956,0.0,25594.0,25594.0,2022-04-13,2022-04-13 15:10:00,2.4340243691170382,245.0,1.0,best_within_2.0d,25838.0,337.91,0.5832424107187206,4.3760036431226785,32.22527881040892,0.012230020343504162,2.285057100371749,15.890706319702602,0.006381710269403211,0.4929364202292669,5.6011759621451125,36.843533123028394,0.015614239272951093,2.82998018927445,22.52492113564669,0.007835530045022196,1.8630914826498424,0.00402220134195386,1.9444468750000041,16.553125,0.005470102952261012,0.0,1
25594.0,2022-04-13 15:15:00,346.34,346.735,346.33,346.73,450639.0,1,1,0.0,sell,False,0.3562591148128971,2.555000000000007,18.0,0.0074234412226160925,0.21951250265757827,0.27679266185539636,0.3865489131841855,0.0011187407853490588,71.70444129165061,90.5286841351765,85.7320079935676,100.12203641839432,450639.0,2.555000000000007,2.0,2.555000000000007,18.0,0.0074234412226160925,2.555000000000007,18.0,0.0074234412226160925,1.0,1.0,0.21951250265757827,0.3865489131841855,0.27679266185539636,71.70444129165061,90.5286841351765,85.7320079935676,100.12203641839432,28.60083693304496,12.341387688983934,28.713010125216396,0.1126061096032925,0.11694049028384187,0.0049999999999954525,0.009999999999990905,0.3900000000000432,1.0,25595.0,25595.0,2022-04-13,2022-04-13 15:15:00,2.5437660427421895,244.0,1.0,best_within_2.0d,25838.0,337.91,0.5832424107187206,4.3760036431226785,32.22527881040892,0.012230020343504162,2.285057100371749,15.890706319702602,0.006381710269403211,0.4929364202292669,5.6011759621451125,36.843533123028394,0.015614239272951093,2.82998018927445,22.52492113564669,0.007835530045022196,1.8630914826498424,0.00402220134195386,1.9444468750000041,16.553125,0.005470102952261012,0.0,1
25595.0,2022-04-13 15:20:00,346.7,346.82,346.535,346.82,322781.0,1,1,0.0,sell,False,0.3995769784798102,2.6399999999999864,19.0,0.007670405020628701,0.2462032237309122,0.30756806482176036,0.43066967668721645,0.001246087161532395,72.57367720197867,93.685789423451,88.3832684701954,104.29083132996217,322781.0,2.6399999999999864,2.0,2.6399999999999864,19.0,0.007670405020628701,2.6399999999999864,19.0,0.007670405020628701,1.0,1.0,0.2462032237309122,0.43066967668721645,0.30756806482176036,72.57367720197867,93.685789423451,88.3832684701954,104.29083132996217,31.891640090299262,9.341742215214257,30.568398724014326,0.034612056533026986,0.08224277490007305,0.0,0.16499999999996362,0.12000000000000455,1.0,25596.0,25596.0,2022-04-13,2022-04-13 15:20:00,2.569055994463978,243.0,1.0,best_within_2.0d,25838.0,337.91,0.5832424107187206,4.3760036431226785,32.22527881040892,0.012230020343504162,2.285057100371749,15.890706319702602,0.006381710269403211,0.4929364202292669,5.6011759621451125,36.843533123028394,0.015614239272951093,2.82998018927445,22.52492113564669,0.007835530045022196,1.8630914826498424,0.00402220134195386,1.9444468750000041,16.553125,0.005470102952261012,0.0,1
25596.0,2022-04-13 15:25:00,346.83,346.93,346.56,346.89,497281.0,1,1,0.0,sell,False,0.41117988198080463,2.75,20.0,0.007990005229821604,0.25335246505470344,0.3392371229535983,0.46591335548095003,0.0013476926822888178,73.26168542436493,94.94202600653763,90.56952098230948,103.68703605499394,497281.0,2.75,2.0,2.75,20.0,0.007990005229821604,2.75,20.0,0.007990005229821604,1.0,1.0,0.25335246505470344,0.46591335548095003,0.3392371229535983,73.26168542436493,94.94202600653763,90.56952098230948,103.68703605499394,33.2664484106028,9.177315450416653,32.43889965758332,0.01729954156214926,0.10676361957525522,0.040000000000020464,0.2699999999999818,0.060000000000002274,1.0,25597.0,25597.0,2022-04-13,2022-04-13 15:25:00,2.5887168843149015,242.0,1.0,best_within_2.0d,25838.0,337.91,0.5832424107187206,4.3760036431226785,32.22527881040892,0.012230020343504162,2.285057100371749,15.890706319702602,0.006381710269403211,0.4929364202292669,5.6011759621451125,36.843533123028394,0.015614239272951093,2.82998018927445,22.52492113564669,0.007835530045022196,1.8630914826498424,0.00402220134195386,1.9444468750000041,16.553125,0.005470102952261012,0.0,1
25597.0,2022-04-13 15:30:00,346.895,347.41,346.77,347.32,1155960.0,1,1,0.0,sell,False,0.4759318009971287,3.230000000000018,21.0,0.009384624324481429,0.2932499868419539,0.37589337130884254,0.5225183647298195,0.001510906716547639,77.06738667210665,95.16560142660612,92.10154779707503,101.29370868566826,1155960.0,3.230000000000018,2.0,3.230000000000018,21.0,0.009384624324481429,3.230000000000018,21.0,0.009384624324481429,1.0,1.0,0.2932499868419539,0.5225183647298195,0.37589337130884254,77.06738667210665,95.16560142660612,92.10154779707503,101.29370868566826,35.52457962580806,8.820245627092909,34.42324467599269,0.12251545856815792,0.18456037142775997,0.09000000000003183,0.125,0.42500000000001137,1.0,25598.0,25598.0,2022-04-13,2022-04-13 15:30:00,2.709317056316932,241.0,1.0,best_within_2.0d,25838.0,337.91,0.5832424107187206,4.3760036431226785,32.22527881040892,0.012230020343504162,2.285057100371749,15.890706319702602,0.006381710269403211,0.4929364202292669,5.6011759621451125,36.843533123028394,0.015614239272951093,2.82998018927445,22.52492113564669,0.007835530045022196,1.8630914826498424,0.00402220134195386,1.9444468750000041,16.553125,0.005470102952261012,0.0,1
25598.0,2022-04-13 15:35:00,347.32,347.43,347.02,347.31,934398.0,1,1,0.0,sell,False,0.4783728814022521,3.25,22.0,0.009442733453425533,0.29475408216650045,0.41273763157965515,0.5601146726629054,0.0016191067497131632,76.79364420985517,94.84600649965293,93.016367364601,98.50528476975677,934398.0,3.25,2.0,3.25,22.0,0.009442733453425533,3.25,22.0,0.009442733453425533,1.0,1.0,0.29475408216650045,0.5601146726629054,0.41273763157965515,76.79364420985517,94.84600649965293,93.016367364601,98.50528476975677,35.681825832295225,7.429225435082372,36.64547529448578,-0.0028791892203129405,0.11814880986687366,0.11000000000001364,0.29000000000002046,0.009999999999990905,0.0,25599.0,25599.0,2022-04-13,2022-04-13 15:35:00,2.7065157928075716,240.0,1.0,best_within_2.0d,25838.0,337.91,0.5832424107187206,4.3760036431226785,32.22527881040892,0.012230020343504162,2.285057100371749,15.890706319702602,0.006381710269403211,0.4929364202292669,5.6011759621451125,36.843533123028394,0.015614239272951093,2.82998018927445,22.52492113564669,0.007835530045022196,1.8630914826498424,0.00402220134195386,1.9444468750000041,16.553125,0.005470102952261012,1.0,1
25636.0,2022-04-13 18:45:00,346.52,346.55,346.48,346.52,4779.0,2,2,0.0,sell,False,0.36231884057971137,4.163492493946733,28.239017640954685,0.011578080659927173,0.058304432467976536,0.033893724323526955,0.06304594055751522,0.0001820679912398278,62.53579814294695,84.88235943721368,71.93006251602093,110.7869532795992,4779.0,0.5,1.0,1.3799999999999955,6.0,0.0039720231413522015,0.5,34.0,0.0014448779078167894,2.0,2.0,0.058304432467976536,0.06304594055751522,0.033893724323526955,62.53579814294695,84.88235943721368,71.93006251602093,110.7869532795992,39.56834532374307,7.913669064748613,43.051543670229854,0.0,0.020203186331099392,0.03000000000002956,0.03999999999996362,0.0,0.0,25637.0,25637.0,2022-04-13,2022-04-13 18:45:00,2.4847050675285574,202.0,1.0,best_within_2.0d,25838.0,337.91,0.36231884057971137,1.3799999999999955,6.0,0.0039720231413522015,0.5,34.0,0.0014448779078167894,0.4929364202292669,5.6011759621451125,36.843533123028394,0.015614239272951093,2.82998018927445,22.52492113564669,0.007835530045022196,1.8630914826498424,0.00402220134195386,1.9444468750000041,16.553125,0.005470102952261012,0.0,1
25637.0,2022-04-13 18:50:00,346.55,346.63,346.5,346.63,6423.0,2,2,0.0,sell,False,0.42028985507245364,4.163492493946733,28.239017640954685,0.011578080659927173,0.07619190518574814,0.04341771247174547,0.08151366506461954,0.00023538245650926853,66.2845949117535,89.92157295814245,77.92723266339476,113.91025354763781,6423.0,0.5799999999999841,1.0,1.3799999999999955,6.0,0.0039720231413522015,0.5799999999999841,35.0,0.0016760583730674298,2.0,2.0,0.07619190518574814,0.08151366506461954,0.04341771247174547,66.2845949117535,89.92157295814245,77.92723266339476,113.91025354763781,41.44736842105347,7.236842105263601,44.995738427375535,0.02308469196363702,0.03751803751803621,0.0,0.05000000000001137,0.07999999999998408,1.0,25638.0,25638.0,2022-04-13,2022-04-13 18:50:00,2.515650693823377,201.0,1.0,best_within_2.0d,25838.0,337.91,0.42028985507245364,1.3799999999999955,6.0,0.0039720231413522015,0.5799999999999841,35.0,0.0016760583730674298,0.4929364202292669,5.6011759621451125,36.843533123028394,0.015614239272951093,2.82998018927445,22.52492113564669,0.007835530045022196,1.8630914826498424,0.00402220134195386,1.9444468750000041,16.553125,0.005470102952261012,0.0,1
25638.0,2022-04-13 18:55:00,346.64,346.69,346.64,346.68,10329.0,2,2,0.0,sell,False,0.4637681159420206,4.163492493946733,28.239017640954685,0.011578080659927173,0.0889994253641901,0.054542640642269234,0.09904235332436429,0.00028597601283724593,67.85893197117285,92.62745386752039,82.8273063981033,112.22774880635455,10329.0,0.6399999999999864,1.0,1.3799999999999955,6.0,0.0039720231413522015,0.6399999999999864,36.0,0.001849443722005451,2.0,2.0,0.0889994253641901,0.09904235332436429,0.054542640642269234,67.85893197117285,92.62745386752039,82.8273063981033,112.22774880635455,42.953020134229185,7.382550335571059,46.82937615875337,0.011539349180712113,0.014424186475886041,0.009999999999990905,0.0,0.040000000000020464,1.0,25639.0,25639.0,2022-04-13,2022-04-13 18:55:00,2.5297103957540044,200.0,1.0,best_within_2.0d,25838.0,337.91,0.4637681159420206,1.3799999999999955,6.0,0.0039720231413522015,0.6399999999999864,36.0,0.001849443722005451,0.4929364202292669,5.6011759621451125,36.843533123028394,0.015614239272951093,2.82998018927445,22.52492113564669,0.007835530045022196,1.8630914826498424,0.00402220134195386,1.9444468750000041,16.553125,0.005470102952261012,0.0,1
25639.0,2022-04-13 19:00:00,346.65,346.7,346.5,346.55,13629.0,2,2,0.0,sell,False,0.47101449275360824,4.163492493946733,28.239017640954685,0.011578080659927173,0.07477433166745634,0.06388943210070128,0.10127659793442945,0.0002924134981842399,60.01254995930488,85.0849692450151,83.57986068040724,88.09518637423085,13629.0,0.6499999999999773,1.0,1.3799999999999955,6.0,0.0039720231413522015,0.6499999999999773,37.0,0.0018783412801617605,2.0,2.0,0.07477433166745634,0.10127659793442945,0.06388943210070128,60.01254995930488,85.0849692450151,83.57986068040724,88.09518637423085,40.00000000000213,15.624999999999778,46.61443677020697,-0.028847540747141468,0.05772005772005444,0.05000000000001137,0.05000000000001137,0.0999999999999659,0.0,25640.0,25640.0,2022-04-13,2022-04-13 19:00:00,2.49314673207329,199.0,1.0,best_within_2.0d,25838.0,337.91,0.47101449275360824,1.3799999999999955,6.0,0.0039720231413522015,0.6499999999999773,37.0,0.0018783412801617605,0.4929364202292669,5.6011759621451125,36.843533123028394,0.015614239272951093,2.82998018927445,22.52492113564669,0.007835530045022196,1.8630914826498424,0.00402220134195386,1.9444468750000041,16.553125,0.005470102952261012,1.0,1
25679.0,2022-04-14 06:30:00,346.49,346.49,345.92,345.93,6763.0,1p,1p,1.0,buy,False,0.8753048764909035,0.7799999999999727,41.0,0.00224978367464659,-0.16438005335704775,0.012708843510160162,-0.06948118316836371,-0.0002004594893762407,33.33274324615439,26.76419231205391,45.39920046504999,-10.505823993938236,6763.0,0.7799999999999727,0.0,0.7799999999999727,41.0,0.00224978367464659,0.7799999999999727,0.0,0.0,1.0,1.0,-0.16438005335704775,-0.06948118316836371,0.012708843510160162,33.33274324615439,26.76419231205391,45.39920046504999,-10.505823993938236,20.068027210883518,54.421768707481874,29.120290653778167,-0.16162082599786495,0.16477798334874919,0.0,0.009999999999990905,0.5600000000000023,0.0,25680.0,25680.0,2022-04-14,2022-04-14 06:30:00,0.13875639580262428,35.0,1.0,best_within_2.0d,25714.0,346.41,0.5832424107187206,4.3760036431226785,32.22527881040892,0.012230020343504162,2.285057100371749,15.890706319702602,0.006381710269403211,0.4929364202292669,5.6011759621451125,36.843533123028394,0.015614239272951093,2.82998018927445,22.52492113564669,0.007835530045022196,1.8630914826498424,0.00402220134195386,1.9444468750000041,16.553125,0.005470102952261012,1.0,0
25695.0,2022-04-14 07:50:00,346.6,346.6,345.7,345.7,13247.0,1p,1p,1.0,buy,False,1.009888959465233,1.0,57.0,0.002884338044418806,-0.07411167266195792,-0.0676112588395761,-0.10466709517055506,-0.00030214952140637124,36.78271968746243,29.21154243738822,36.74400255965316,14.146622192858345,13247.0,1.0,0.0,1.0,57.0,0.002884338044418806,1.0,0.0,0.0,1.0,1.0,-0.07411167266195792,-0.10466709517055506,-0.0676112588395761,36.78271968746243,29.21154243738822,36.74400255965316,14.146622192858345,30.33175355450287,25.829383886255165,22.91828110571154,-0.2596653202539048,0.26034133641887014,0.0,0.0,0.9000000000000341,0.0,25696.0,25696.0,2022-04-14,2022-04-14 07:50:00,0.20538038761933364,19.0,1.0,best_within_2.0d,25714.0,346.41,0.5832424107187206,4.3760036431226785,32.22527881040892,0.012230020343504162,2.285057100371749,15.890706319702602,0.006381710269403211,0.4929364202292669,5.6011759621451125,36.843533123028394,0.015614239272951093,2.82998018927445,22.52492113564669,0.007835530045022196,1.8630914826498424,0.00402220134195386,1.9444468750000041,16.553125,0.005470102952261012,0.0,0
25696.0,2022-04-14 07:55:00,345.78,346.03,345.65,345.85,28356.0,1p,1p,1.0,buy,False,1.0098889594652336,1.0500000000000114,58.0,0.003028554946639779,-0.10478102484430668,-0.08070888694511444,-0.13309939936726778,-0.0003842728343757263,40.11390684921357,24.9840034982048,32.824002872503705,9.304004749606989,28356.0,1.0500000000000114,0.0,1.0500000000000114,58.0,0.003028554946639779,1.0500000000000114,0.0,0.0,1.0,1.0,-0.10478102484430668,-0.13309939936726778,-0.08070888694511444,40.11390684921357,24.9840034982048,32.824002872503705,9.304004749606989,28.507795100222953,25.38975501113518,21.694484167228136,0.02024408583493841,0.1099377983509317,0.17999999999994998,0.12999999999999545,0.07000000000005002,1.0,25697.0,25697.0,2022-04-14,2022-04-14 07:55:00,0.16191990747433924,18.0,1.0,best_within_2.0d,25714.0,346.41,0.5832424107187206,4.3760036431226785,32.22527881040892,0.012230020343504162,2.285057100371749,15.890706319702602,0.006381710269403211,0.4929364202292669,5.6011759621451125,36.843533123028394,0.015614239272951093,2.82998018927445,22.52492113564669,0.007835530045022196,1.8630914826498424,0.00402220134195386,1.9444468750000041,16.553125,0.005470102952261012,0.0,0
25697.0,2022-04-14 08:00:00,346.8583,348.01,345.65,345.94,88057.0,1p,1p,1.0,buy,False,1.009888959465233,1.0500000000000114,59.0,0.003028554946639779,-0.10555239164348759,-0.09390293590055039,-0.1466791317222942,-0.0004235177066261385,42.08580370109829,20.752047529876908,28.80001775829477,4.656107073041184,88057.0,1.0500000000000114,0.0,1.0500000000000114,59.0,0.003028554946639779,1.0500000000000114,0.0,0.0,1.0,1.0,-0.10555239164348759,-0.1466791317222942,-0.09390293590055039,42.08580370109829,20.752047529876908,28.80001775829477,4.656107073041184,46.95121951219491,17.37804878048729,23.428561296786388,-0.2647478811952858,0.6827715897584302,1.1517000000000053,0.29000000000002046,0.9182999999999879,0.0,25698.0,25698.0,2022-04-14,2022-04-14 08:00:00,0.13586171012315063,17.0,1.0,best_within_2.0d,25714.0,346.41,0.5832424107187206,4.3760036431226785,32.22527881040892,0.012230020343504162,2.285057100371749,15.890706319702602,0.006381710269403211,0.4929364202292669,5.6011759621451125,36.843533123028394,0.015614239272951093,2.82998018927445,22.52492113564669,0.007835530045022196,1.8630914826498424,0.00402220134195386,1.9444468750000041,16.553125,0.005470102952261012,1.0,0
25703.0,2022-04-14 08:30:00,346.36,346.65,345.98,345.99,30071.0,2s,2s,0.0,sell,False,0.4347826086956289,4.163492493946733,28.239017640954685,0.011578080659927173,0.021647962016775574,-0.09813417932103809,-0.0873101983126503,-0.0002521313318207897,43.611592997928746,22.83973242828241,24.382560972797176,19.75407533925287,30071.0,1.0,1.0,1.3799999999999955,6.0,0.0039720231413522015,1.0,7.0,0.002893099956603501,1.0,2.5,0.021647962016775574,-0.0873101983126503,-0.09813417932103809,43.611592997928746,22.83973242828241,24.382560972797176,19.75407533925287,42.63233190271803,17.882689556509128,30.687122229123343,-0.10682526850675728,0.19365281230127726,0.2899999999999636,0.009999999999990905,0.37000000000000455,0.0,25704.0,25704.0,2022-04-14,2022-04-14 08:30:00,2.33532761062458,135.0,1.0,best_within_2.0d,25838.0,337.91,0.5832424107187206,4.3760036431226785,32.22527881040892,0.012230020343504162,2.285057100371749,15.890706319702602,0.006381710269403211,0.4347826086956289,1.3799999999999955,6.0,0.0039720231413522015,1.0,7.0,0.002893099956603501,1.0,0.00402220134195386,1.9444468750000041,16.553125,0.005470102952261012,1.0,1
25709.0,2022-04-14 09:00:00,345.62,345.75,345.3,345.75,84020.0,1,1,1.0,buy,False,0.5739644741572699,1.349999999999966,7.0,0.003894418000865328,-0.07959376058769407,-0.15654384235968394,-0.19634072265353097,-0.000567360570985121,42.04214455999547,19.687662831996725,16.59587814284602,25.87123221029814,84020.0,1.349999999999966,1.0,1.349999999999966,7.0,0.003894418000865328,1.349999999999966,7.0,0.003894418000865328,1.0,1.0,-0.07959376058769407,-0.19634072265353097,-0.15654384235968394,42.04214455999547,19.687662831996725,16.59587814284602,25.87123221029814,35.864978902954476,14.064697609002181,32.53793974565111,0.03761356402985807,0.13032145960034425,0.0,0.3199999999999932,0.12999999999999545,1.0,25710.0,25710.0,2022-04-14,2022-04-14 09:00:00,0.19088937093276212,5.0,1.0,best_within_2.0d,25714.0,346.41,0.5832424107187206,4.3760036431226785,32.22527881040892,0.012230020343504162,2.285057100371749,15.890706319702602,0.006381710269403211,0.4929364202292669,5.6011759621451125,36.843533123028394,0.015614239272951093,2.82998018927445,22.52492113564669,0.007835530045022196,1.8630914826498424,0.00402220134195386,1.9444468750000041,16.553125,0.005470102952261012,1.0,0
25714.0,2022-04-14 09:25:00,346.14,346.78,346.14,346.41,300915.0,2s,2s,0.0,sell,False,0.5289855072463505,4.163492493946733,28.239017640954685,0.011578080659927173,0.12936988987259734,-0.14967029892410272,-0.08498535398780405,-0.00024559870059668866,58.133556187388585,61.5390234768091,44.471634714609415,95.67380100120847,300915.0,1.4799999999999613,1.0,1.3799999999999955,6.0,0.0039720231413522015,1.4799999999999613,6.0,0.00428612800463354,2.0,2.5,0.12936988987259734,-0.08498535398780405,-0.14967029892410272,58.133556187388585,61.5390234768091,44.471634714609415,95.67380100120847,23.6466362208705,17.14832397696795,27.49954911280196,0.07800312012481617,0.18489628474027456,0.3699999999999477,0.0,0.27000000000003865,1.0,25715.0,25715.0,2022-04-14,2022-04-14 09:25:00,2.4537397881123524,124.0,1.0,best_within_2.0d,25838.0,337.91,0.5832424107187206,4.3760036431226785,32.22527881040892,0.012230020343504162,2.285057100371749,15.890706319702602,0.006381710269403211,0.5289855072463505,1.3799999999999955,6.0,0.0039720231413522015,1.4799999999999613,6.0,0.00428612800463354,2.0,0.00402220134195386,1.9444468750000041,16.553125,0.005470102952261012,1.0,1
25719.0,2022-04-14 09:50:00,344.31,344.405,343.51,343.77,889034.0,1,1,1.0,buy,False,2.1123247441937707,3.269999999999982,6.0,0.00942960955072375,-0.396689060682049,-0.22124550606152882,-0.4195900364025533,-0.001214025601708877,25.771086376172704,19.82839156505637,32.33259891431706,-5.180023133465006,889034.0,3.269999999999982,1.0,3.269999999999982,6.0,0.00942960955072375,3.269999999999982,6.0,0.00942960955072375,1.0,1.0,-0.396689060682049,-0.4195900364025533,-0.22124550606152882,25.771086376172704,19.82839156505637,32.33259891431706,-5.180023133465006,12.808961931331053,30.285596430859062,28.100778214969797,-0.1568354099503414,0.26054554452562717,0.09499999999997044,0.2599999999999909,0.5400000000000205,0.0,25720.0,25720.0,2022-04-14,2022-04-14 09:50:00,-0.2850743229484718,19.0,1.0,best_within_2.0d,25738.0,342.79,0.5832424107187206,4.3760036431226785,32.22527881040892,0.012230020343504162,2.285057100371749,15.890706319702602,0.006381710269403211,0.4929364202292669,5.6011759621451125,36.843533123028394,0.015614239272951093,2.82998018927445,22.52492113564669,0.007835530045022196,1.8630914826498424,0.00402220134195386,1.9444468750000041,16.553125,0.005470102952261012,0.0,0
25722.0,2022-04-14 10:05:00,343.99,343.99,341.82,342.13,1899962.0,1,1,1.0,buy,False,3.299742623114858,4.9599999999999795,9.0,0.014303016321587116,-0.6196830318130047,-0.4079865163488382,-0.7178280322553405,-0.0020798616506172074,19.892088336178105,12.205679069952229,19.377625453512287,-2.1382136971678847,1899962.0,4.9599999999999795,1.0,4.9599999999999795,9.0,0.014303016321587116,4.9599999999999795,9.0,0.014303016321587116,1.0,1.0,-0.6196830318130047,-0.7178280322553405,-0.4079865163488382,19.892088336178105,12.205679069952229,19.377625453512287,-2.1382136971678847,11.792964109500803,39.10755009841927,31.378517910302094,-0.5407133928311909,0.6348370487391071,0.0,0.3100000000000023,1.8600000000000136,0.0,25723.0,25723.0,2022-04-14,2022-04-14 10:05:00,0.19290912810920557,16.0,1.0,best_within_2.0d,25738.0,342.79,0.5832424107187206,4.3760036431226785,32.22527881040892,0.012230020343504162,2.285057100371749,15.890706319702602,0.006381710269403211,0.4929364202292669,5.6011759621451125,36.843533123028394,0.015614239272951093,2.82998018927445,22.52492113564669,0.007835530045022196,1.8630914826498424,0.00402220134195386,1.9444468750000041,16.553125,0.005470102952261012,1.0,0
25728.0,2022-04-14 10:35:00,342.64,342.77,341.53,341.98,817227.0,1,1,1.0,buy,False,3.574759899137561,5.25,15.0,0.015139281388776748,-0.37413543824973705,-0.8134416653818878,-1.0005093845067563,-0.002907570078849732,25.12426159739948,19.47705706592094,17.793231457802566,22.844708282157683,817227.0,5.25,1.0,5.25,15.0,0.015139281388776748,5.25,15.0,0.015139281388776748,1.0,1.0,-0.37413543824973705,-1.0005093845067563,-0.8134416653818878,25.12426159739948,19.47705706592094,17.793231457802566,22.844708282157683,6.220828881515961,35.64499803182816,39.32892720983483,-0.1926219939294794,0.363072058091532,0.12999999999999545,0.4500000000000455,0.6599999999999682,0.0,25729.0,25729.0,2022-04-14,2022-04-14 10:35:00,0.23685595648868418,10.0,1.0,best_within_2.0d,25738.0,342.79,0.5832424107187206,4.3760036431226785,32.22527881040892,0.012230020343504162,2.285057100371749,15.890706319702602,0.006381710269403211,0.4929364202292669,5.6011759621451125,36.843533123028394,0.015614239272951093,2.82998018927445,22.52492113564669,0.007835530045022196,1.8630914826498424,0.00402220134195386,1.9444468750000041,16.553125,0.005470102952261012,0.0,0
25731.0,2022-04-14 10:50:00,341.89,341.95,341.38,341.94,806612.0,1,1,1.0,buy,False,3.5747598991375718,5.399999999999977,18.0,0.015571832285598875,-0.19945008053616364,-0.9113995305875748,-1.0111245708556567,-0.0029422068694035797,25.863910682397602,23.262125682312945,19.723260474052374,30.33985609883409,806612.0,5.399999999999977,1.0,5.399999999999977,18.0,0.015571832285598875,5.399999999999977,18.0,0.015571832285598875,1.0,1.0,-0.19945008053616364,-1.0111245708556567,-0.9113995305875748,25.863910682397602,23.262125682312945,19.723260474052374,30.33985609883409,9.205937221185742,29.59364100900351,43.20873772562623,0.01462458685542466,0.16696935965785728,0.009999999999990905,0.5099999999999909,0.05000000000001137,1.0,25732.0,25732.0,2022-04-14,2022-04-14 10:50:00,0.24858162250687924,7.0,1.0,best_within_2.0d,25738.0,342.79,0.5832424107187206,4.3760036431226785,32.22527881040892,0.012230020343504162,2.285057100371749,15.890706319702602,0.006381710269403211,0.4929364202292669,5.6011759621451125,36.843533123028394,0.015614239272951093,2.82998018927445,22.52492113564669,0.007835530045022196,1.8630914826498424,0.00402220134195386,1.9444468750000041,16.553125,0.005470102952261012,1.0,0
25738.0,2022-04-14 11:25:00,342.91,343.08,342.55,342.79,432456.0,3a,3a,0.0,sell,False,0.0017338534893800487,4.163492493946733,28.239017640954685,0.011578080659927173,0.34953191025354324,-0.7985643256219092,-0.6237983704951375,-0.0018178678881170347,44.75250195138738,71.17286475060209,57.04320303635793,99.4321881790904,432456.0,1.6999999999999886,2.0,1.6999999999999886,8.0,0.0049797879196203316,1.6999999999999886,8.0,0.0049797879196203316,3.0,3.0,0.34953191025354324,-0.6237983704951375,-0.7985643256219092,44.75250195138738,71.17286475060209,57.04320303635793,99.4321881790904,15.190580938300045,12.810573004940698,33.53526663722218,-0.034994604998397405,0.15472193840314485,0.16999999999995907,0.2400000000000091,0.12000000000000455,0.0,25739.0,25739.0,2022-04-14,2022-04-14 11:25:00,1.4236121240409567,100.0,1.0,best_within_2.0d,25838.0,337.91,0.5832424107187206,4.3760036431226785,32.22527881040892,0.012230020343504162,2.285057100371749,15.890706319702602,0.006381710269403211,0.4929364202292669,5.6011759621451125,36.843533123028394,0.015614239272951093,2.82998018927445,22.52492113564669,0.007835530045022196,1.8630914826498424,0.0017338534893800487,1.6999999999999886,8.0,0.0049797879196203316,1.0,1
25748.0,2022-04-14 12:15:00,341.32,341.57,341.03,341.28,464601.0,1p,1p,1.0,buy,False,1.4895789279815855e-07,2.0500000000000114,11.0,0.0059752827328903215,0.07591376682603412,-0.6360084097957499,-0.5980515263827328,-0.0017472360665756138,35.41372413806906,17.867116641020754,20.617711227983904,12.365927467094451,464601.0,2.0500000000000114,0.0,2.0500000000000114,11.0,0.0059752827328903215,2.0500000000000114,0.0,0.0,1.0,1.0,0.07591376682603412,-0.5980515263827328,-0.6360084097957499,35.41372413806906,17.867116641020754,20.617711227983904,12.365927467094451,5.776811200217348,22.540890761633545,31.78165368864941,-0.011719207781559963,0.15834384071783142,0.25,0.25,0.040000000000020464,0.0,25749.0,25749.0,2022-04-14,2022-04-14 12:15:00,2.0540172048918044,173.78554736652885,0.0,,14281.267661333814,366.3529484630595,0.5832424107187206,4.3760036431226785,32.22527881040892,0.012230020343504162,2.285057100371749,15.890706319702602,0.006381710269403211,0.4929364202292669,5.6011759621451125,36.843533123028394,0.015614239272951093,2.82998018927445,22.52492113564669,0.007835530045022196,1.8630914826498424,0.00402220134195386,1.9444468750000041,16.553125,0.005470102952261012,0.0,0
25749.0,2022-04-14 12:20:00,341.28,341.3,340.93,341.26,322767.0,1p,1p,1.0,buy,False,1.4895789279815855e-07,2.1499999999999773,12.0,0.006266759939372675,0.07720300295859528,-0.6263580344259255,-0.5877565329466279,-0.00171753948974897,35.217863548476174,21.56053390103103,20.931985452332945,22.817630798427203,322767.0,2.1499999999999773,0.0,2.1499999999999773,12.0,0.006266759939372675,2.1499999999999773,0.0,0.0,1.0,1.0,0.07720300295859528,-0.5877565329466279,-0.6263580344259255,35.217863548476174,21.56053390103103,20.931985452332945,22.817630798427203,6.094354954351931,22.106973854022375,33.56722564067089,-0.005860290670411924,0.1085266770304768,0.020000000000038654,0.3299999999999841,0.01999999999998181,0.0,25750.0,25750.0,2022-04-14,2022-04-14 12:20:00,2.0540172048918044,173.78554736652885,0.0,,14281.267661333814,366.3529484630595,0.5832424107187206,4.3760036431226785,32.22527881040892,0.012230020343504162,2.285057100371749,15.890706319702602,0.006381710269403211,0.4929364202292669,5.6011759621451125,36.843533123028394,0.015614239272951093,2.82998018927445,22.52492113564669,0.007835530045022196,1.8630914826498424,0.00402220134195386,1.9444468750000041,16.553125,0.005470102952261012,0.0,0
25750.0,2022-04-14 12:25:00,341.28,341.35,340.54,340.68,535885.0,1p,1p,1.0,buy,False,1.4895789279815855e-07,2.5399999999999636,13.0,0.007403521044654202,0.011356245451643598,-0.6249385037444701,-0.6192603810186483,-0.0018101987921436413,30.03076464137665,17.909042802707226,19.924337902457705,13.87845260320627,535885.0,2.5399999999999636,0.0,2.5399999999999636,13.0,0.007403521044654202,2.5399999999999636,0.0,0.0,1.0,1.0,0.011356245451643598,-0.6192603810186483,-0.6249385037444701,30.03076464137665,17.909042802707226,19.924337902457705,13.87845260320627,5.156864626306583,26.863666890530553,36.0117282500721,-0.1758087201125076,0.2378575204087632,0.07000000000005002,0.13999999999998636,0.5999999999999659,0.0,25751.0,25751.0,2022-04-14,2022-04-14 12:25:00,2.0540172048918044,173.78554736652885,0.0,,14281.267661333814,366.3529484630595,0.5832424107187206,4.3760036431226785,32.22527881040892,0.012230020343504162,2.285057100371749,15.890706319702602,0.006381710269403211,0.4929364202292669,5.6011759621451125,36.843533123028394,0.015614239272951093,2.82998018927445,22.52492113564669,0.007835530045022196,1.8630914826498424,0.00402220134195386,1.9444468750000041,16.553125,0.005470102952261012,0.0,0
25751.0,2022-04-14 12:30:00,340.63,340.9,340.5,340.71,543100.0,1p,1p,1.0,buy,False,0.022770581921854955,2.579999999999984,14.0,0.007520111927247243,-0.015286589716135168,-0.626849327458987,-0.6344926223170546,-0.0018552815941118618,30.600139211628246,17.086420692000342,18.978365498971918,13.302531078057186,543100.0,2.579999999999984,0.0,2.579999999999984,14.0,0.007520111927247243,2.579999999999984,0.0,0.0,1.0,1.0,-0.015286589716135168,-0.6344926223170546,-0.626849327458987,30.600139211628246,17.086420692000342,18.978365498971918,13.302531078057186,2.2397891963104035,30.039525691700092,39.59106544503803,0.023485893785040686,0.11747430249632225,0.18999999999999773,0.12999999999999545,0.07999999999998408,1.0,25752.0,25752.0,2022-04-14,2022-04-14 12:30:00,2.0540172048918044,173.78554736652885,0.0,,14281.267661333814,366.3529484630595,0.5832424107187206,4.3760036431226785,32.22527881040892,0.012230020343504162,2.285057100371749,15.890706319702602,0.006381710269403211,0.4929364202292669,5.6011759621451125,36.843533123028394,0.015614239272951093,2.82998018927445,22.52492113564669,0.007835530045022196,1.8630914826498424,0.00402220134195386,1.9444468750000041,16.553125,0.005470102952261012,0.0,0
25752.0,2022-04-14 12:35:00,340.68,340.88,340.5,340.6331,454714.0,1p,1p,1.0,buy,False,0.04404666972961834,2.579999999999984,15.0,0.007520111927247243,-0.029569879717151082,-0.6305455624236309,-0.6453305022822065,-0.0018875277996876032,29.92784987356039,14.6532020299613,17.536644342635043,8.886317404613813,454714.0,2.579999999999984,0.0,2.579999999999984,15.0,0.007520111927247243,2.579999999999984,0.0,0.0,1.0,1.0,-0.029569879717151082,-0.6453305022822065,-0.6305455624236309,29.92784987356039,14.6532020299613,17.536644342635043,8.886317404613813,0.13440860215041545,30.645161290322985,43.84360631000574,-0.013766584478100776,0.11160058737151116,0.19999999999998863,0.1331000000000131,0.046899999999993724,0.0,25753.0,25753.0,2022-04-14,2022-04-14 12:35:00,2.0540172048918044,173.78554736652885,0.0,,14281.267661333814,366.3529484630595,0.5832424107187206,4.3760036431226785,32.22527881040892,0.012230020343504162,2.285057100371749,15.890706319702602,0.006381710269403211,0.4929364202292669,5.6011759621451125,36.843533123028394,0.015614239272951093,2.82998018927445,22.52492113564669,0.007835530045022196,1.8630914826498424,0.00402220134195386,1.9444468750000041,16.553125,0.005470102952261012,0.0,0
25753.0,2022-04-14 12:40:00,340.63,340.67,340.15,340.175,473607.0,1p,1p,1.0,buy,False,0.12504252993926146,2.930000000000007,16.0,0.008540282149935895,-0.08394488374556763,-0.6410386728918269,-0.6830111147646107,-0.0019984832679547848,26.230742670245576,10.256130788006043,15.109806491092042,0.548779381834045,473607.0,2.930000000000007,0.0,2.930000000000007,16.0,0.008540282149935895,2.930000000000007,0.0,0.0,1.0,1.0,-0.08394488374556763,-0.6830111147646107,-0.6410386728918269,26.230742670245576,10.256130788006043,15.109806491092042,0.548779381834045,0.13623978201622428,32.5613079019078,47.79525347833872,-0.13357602090244078,0.1528737321769921,0.040000000000020464,0.025000000000034106,0.4549999999999841,0.0,25754.0,25754.0,2022-04-14,2022-04-14 12:40:00,2.0540172048918044,173.78554736652885,0.0,,14281.267661333814,366.3529484630595,0.5832424107187206,4.3760036431226785,32.22527881040892,0.012230020343504162,2.285057100371749,15.890706319702602,0.006381710269403211,0.4929364202292669,5.6011759621451125,36.843533123028394,0.015614239272951093,2.82998018927445,22.52492113564669,0.007835530045022196,1.8630914826498424,0.00402220134195386,1.9444468750000041,16.553125,0.005470102952261012,0.0,0
25754.0,2022-04-14 12:45:00,340.17,340.33,340.05,340.1,415001.0,1p,1p,1.0,buy,False,0.16610257158788122,3.0299999999999727,17.0,0.008831759356418249,-0.11150974847163964,-0.6549773914507819,-0.7107322656866017,-0.0020803456825337343,25.67159687108696,7.758230838413077,12.659281273532386,-2.0438700318255414,415001.0,3.0299999999999727,0.0,3.0299999999999727,17.0,0.008831759356418249,3.0299999999999727,0.0,0.0,1.0,1.0,-0.11150974847163964,-0.7107322656866017,-0.6549773914507819,25.67159687108696,7.758230838413077,12.659281273532386,-2.0438700318255414,0.14184397163107645,28.510638297872166,51.453442586321664,-0.02057794632095516,0.08234083223054631,0.15999999999996817,0.05000000000001137,0.06999999999999318,0.0,25755.0,25755.0,2022-04-14,2022-04-14 12:45:00,2.0540172048918044,173.78554736652885,0.0,,14281.267661333814,366.3529484630595,0.5832424107187206,4.3760036431226785,32.22527881040892,0.012230020343504162,2.285057100371749,15.890706319702602,0.006381710269403211,0.4929364202292669,5.6011759621451125,36.843533123028394,0.015614239272951093,2.82998018927445,22.52492113564669,0.007835530045022196,1.8630914826498424,0.00402220134195386,1.9444468750000041,16.553125,0.005470102952261012,0.0,0
25755.0,2022-04-14 12:50:00,340.08,340.26,340.03,340.12,267886.0,1p,1p,1.0,buy,False,0.16610257158788122,3.0500000000000114,18.0,0.008890054797714852,-0.10844603212549897,-0.6685331454664694,-0.7227561615292188,-0.002116238262317945,26.123840239228272,6.8481315459072425,10.722231364324005,-0.9000680909262826,267886.0,3.0500000000000114,0.0,3.0500000000000114,18.0,0.008890054797714852,3.0500000000000114,0.0,0.0,1.0,1.0,-0.10844603212549897,-0.7227561615292188,-0.6685331454664694,26.123840239228272,6.8481315459072425,10.722231364324005,-0.9000680909262826,0.1543209876541802,22.685185185185542,54.82452873363082,0.011761938367448972,0.06764109049202077,0.13999999999998636,0.05000000000001137,0.040000000000020464,1.0,25756.0,25756.0,2022-04-14,2022-04-14 12:50:00,2.0540172048918044,173.78554736652885,0.0,,14281.267661333814,366.3529484630595,0.5832424107187206,4.3760036431226785,32.22527881040892,0.012230020343504162,2.285057100371749,15.890706319702602,0.006381710269403211,0.4929364202292669,5.6011759621451125,36.843533123028394,0.015614239272951093,2.82998018927445,22.52492113564669,0.007835530045022196,1.8630914826498424,0.00402220134195386,1.9444468750000041,16.553125,0.005470102952261012,1.0,0
25779.0,2022-04-14 14:50:00,340.61,340.685,339.79,339.9,556566.0,1,1,1.0,buy,False,0.2878052864389407,2.3899999999999864,11.0,0.006984627973581116,-0.19321248318009882,-0.11879775871273365,-0.21540400030278306,-0.0006316606150400131,33.01282761293041,12.565819080084392,22.25240485705885,-6.807352473864526,556566.0,2.3899999999999864,2.0,2.3899999999999864,11.0,0.006984627973581116,2.3899999999999864,11.0,0.006984627973581116,1.0,1.0,-0.19321248318009882,-0.21540400030278306,-0.11879775871273365,33.01282761293041,12.565819080084392,22.25240485705885,-6.807352473864526,12.48601657793639,25.025945144550754,36.92194196181735,-0.20844954640205407,0.26339798110597185,0.07499999999998863,0.1099999999999568,0.7100000000000364,0.0,25780.0,25780.0,2022-04-14,2022-04-14 14:50:00,2.0540172048918044,173.78554736652885,0.0,,14281.267661333814,366.3529484630595,0.5832424107187206,4.3760036431226785,32.22527881040892,0.012230020343504162,2.285057100371749,15.890706319702602,0.006381710269403211,0.4929364202292669,5.6011759621451125,36.843533123028394,0.015614239272951093,2.82998018927445,22.52492113564669,0.007835530045022196,1.8630914826498424,0.00402220134195386,1.9444468750000041,16.553125,0.005470102952261012,0.0,0
25780.0,2022-04-14 14:55:00,339.88,339.89,339.56,339.59,472714.0,1,1,1.0,buy,False,0.42166312348178,2.6200000000000045,12.0,0.007656788824595255,-0.2830753394471638,-0.1541821761436291,-0.295719845867211,-0.0008674504878481721,30.196718405092525,8.783716785096544,17.76284216640475,-9.174533977519864,472714.0,2.6200000000000045,2.0,2.6200000000000045,12.0,0.007656788824595255,2.6200000000000045,12.0,0.007656788824595255,1.0,1.0,-0.2830753394471638,-0.295719845867211,-0.1541821761436291,30.196718405092525,8.783716785096544,17.76284216640475,-9.174533977519864,8.209676973665985,28.831965514382386,38.261321553663855,-0.08532423208191728,0.09718459182470965,0.009999999999990905,0.029999999999972715,0.29000000000002046,0.0,25781.0,25781.0,2022-04-14,2022-04-14 14:55:00,2.0540172048918044,173.78554736652885,0.0,,14281.267661333814,366.3529484630595,0.5832424107187206,4.3760036431226785,32.22527881040892,0.012230020343504162,2.285057100371749,15.890706319702602,0.006381710269403211,0.4929364202292669,5.6011759621451125,36.843533123028394,0.015614239272951093,2.82998018927445,22.52492113564669,0.007835530045022196,1.8630914826498424,0.00402220134195386,1.9444468750000041,16.553125,0.005470102952261012,0.0,0
25781.0,2022-04-14 15:00:00,339.6,339.94,339.44,339.76,552671.0,1,1,1.0,buy,False,0.4469497956207052,2.740000000000009,13.0,0.008007481442515662,-0.30005105513249497,-0.19168855803519097,-0.34171408560143846,-0.0010026176505995494,33.544591677503675,11.354092977005832,15.62659243660511,2.8090940578072754,552671.0,2.740000000000009,2.0,2.740000000000009,13.0,0.008007481442515662,2.740000000000009,13.0,0.008007481442515662,1.0,1.0,-0.30005105513249497,-0.34171408560143846,-0.19168855803519097,33.544591677503675,11.354092977005832,15.62659243660511,2.8090940578072754,7.322840057735566,30.336105574265904,39.89334798194172,0.04711425206123915,0.14730143766203158,0.18000000000000682,0.160000000000025,0.15999999999996817,1.0,25782.0,25782.0,2022-04-14,2022-04-14 15:00:00,2.0540172048918044,173.78554736652885,0.0,,14281.267661333814,366.3529484630595,0.5832424107187206,4.3760036431226785,32.22527881040892,0.012230020343504162,2.285057100371749,15.890706319702602,0.006381710269403211,0.4929364202292669,5.6011759621451125,36.843533123028394,0.015614239272951093,2.82998018927445,22.52492113564669,0.007835530045022196,1.8630914826498424,0.00402220134195386,1.9444468750000041,16.553125,0.005470102952261012,0.0,0
25782.0,2022-04-14 15:05:00,339.76,339.865,339.27,339.31,349397.0,1,1,1.0,buy,False,0.5197181189963607,2.910000000000025,14.0,0.008504295984569598,-0.3489026541778991,-0.23530138980742837,-0.40975271689637793,-0.001202643866207881,29.50990955280092,8.201306850389674,13.151497241199964,-1.699073931230906,349397.0,2.910000000000025,2.0,2.910000000000025,14.0,0.008504295984569598,2.910000000000025,14.0,0.008504295984569598,1.0,1.0,-0.3489026541778991,-0.40975271689637793,-0.23530138980742837,29.50990955280092,8.201306850389674,13.151497241199964,-1.699073931230906,7.248112116470107,31.38716919518309,41.506630964490974,-0.1324464327760739,0.17537654375571884,0.10500000000001819,0.040000000000020464,0.44999999999998863,0.0,25783.0,25783.0,2022-04-14,2022-04-14 15:05:00,2.0540172048918044,173.78554736652885,0.0,,14281.267661333814,366.3529484630595,0.5832424107187206,4.3760036431226785,32.22527881040892,0.012230020343504162,2.285057100371749,15.890706319702602,0.006381710269403211,0.4929364202292669,5.6011759621451125,36.843533123028394,0.015614239272951093,2.82998018927445,22.52492113564669,0.007835530045022196,1.8630914826498424,0.00402220134195386,1.9444468750000041,16.553125,0.005470102952261012,0.0,0
25783.0,2022-04-14 15:10:00,339.31,339.65,339.27,339.5601,414331.0,1,1,1.0,buy,False,0.5197181189963607,2.910000000000025,15.0,0.008504295984569598,-0.3250198452273316,-0.2759288704608448,-0.4384387930745106,-0.0012871606487757986,34.24371032064241,10.072299805021563,12.125098095807164,5.966703223450359,414331.0,2.910000000000025,2.0,2.910000000000025,15.0,0.008504295984569598,2.910000000000025,15.0,0.008504295984569598,1.0,1.0,-0.3250198452273316,-0.4384387930745106,-0.2759288704608448,34.24371032064241,10.072299805021563,12.125098095807164,5.966703223450359,1.4425170306899249,32.401151766275525,45.075829455317894,0.07370840824024487,0.11200518760868793,0.08990000000000009,0.040000000000020464,0.2500999999999749,1.0,25784.0,25784.0,2022-04-14,2022-04-14 15:10:00,2.0540172048918044,173.78554736652885,0.0,,14281.267661333814,366.3529484630595,0.5832424107187206,4.3760036431226785,32.22527881040892,0.012230020343504162,2.285057100371749,15.890706319702602,0.006381710269403211,0.4929364202292669,5.6011759621451125,36.843533123028394,0.015614239272951093,2.82998018927445,22.52492113564669,0.007835530045022196,1.8630914826498424,0.00402220134195386,1.9444468750000041,16.553125,0.005470102952261012,0.0,0
25787.0,2022-04-14 15:30:00,339.37,339.44,339.0,339.03,764692.0,1,1,1.0,buy,False,0.5197181189963607,3.180000000000007,19.0,0.009293354374890428,-0.2204946391118845,-0.37693114926870985,-0.4871784688246521,-0.0014314675086888502,32.56118531224831,14.080358122153338,17.967458048378735,6.306158269702543,764692.0,3.180000000000007,2.0,3.180000000000007,19.0,0.009293354374890428,3.180000000000007,19.0,0.009293354374890428,1.0,1.0,-0.2204946391118845,-0.4871784688246521,-0.37693114926870985,32.56118531224831,14.080358122153338,17.967458048378735,6.306158269702543,9.698269738898361,33.196011023667346,47.666704743227136,-0.10018563809412494,0.1297935103244831,0.06999999999999318,0.029999999999972715,0.34000000000003183,0.0,25788.0,25788.0,2022-04-14,2022-04-14 15:30:00,2.0540172048918044,173.78554736652885,0.0,,14281.267661333814,366.3529484630595,0.5832424107187206,4.3760036431226785,32.22527881040892,0.012230020343504162,2.285057100371749,15.890706319702602,0.006381710269403211,0.4929364202292669,5.6011759621451125,36.843533123028394,0.015614239272951093,2.82998018927445,22.52492113564669,0.007835530045022196,1.8630914826498424,0.00402220134195386,1.9444468750000041,16.553125,0.005470102952261012,0.0,0
25788.0,2022-04-14 15:35:00,339.02,339.24,338.81,338.84,745834.0,1,1,1.0,buy,False,0.5197181189963607,3.3700000000000045,20.0,0.00984861768659771,-0.24728737671615075,-0.4078420713582287,-0.5314857597163041,-0.0015621631064399754,31.019337055678776,10.09113076688092,15.342015621212795,-0.4106389417828318,745834.0,3.3700000000000045,2.0,3.3700000000000045,20.0,0.00984861768659771,3.3700000000000045,20.0,0.00984861768659771,1.0,1.0,-0.24728737671615075,-0.5314857597163041,-0.4078420713582287,31.019337055678776,10.09113076688092,15.342015621212795,-0.4106389417828318,9.880742177323802,35.99154774654839,48.32770082905275,-0.053094212730814355,0.12691479000029718,0.22000000000002728,0.029999999999972715,0.18000000000000682,0.0,25789.0,25789.0,2022-04-14,2022-04-14 15:35:00,2.0540172048918044,173.78554736652885,0.0,,14281.267661333814,366.3529484630595,0.5832424107187206,4.3760036431226785,32.22527881040892,0.012230020343504162,2.285057100371749,15.890706319702602,0.006381710269403211,0.4929364202292669,5.6011759621451125,36.843533123028394,0.015614239272951093,2.82998018927445,22.52492113564669,0.007835530045022196,1.8630914826498424,0.00402220134195386,1.9444468750000041,16.553125,0.005470102952261012,0.0,0
25789.0,2022-04-14 15:40:00,338.845,339.37,338.75,339.34,915677.0,1,1,1.0,buy,False,0.5197181189963607,3.430000000000007,21.0,0.010023963995557912,-0.17986323222804046,-0.43032497538673375,-0.520256591500754,-0.0015294523570867386,39.18105193471672,20.015708799541507,16.899913347322364,26.24729970397979,915677.0,3.430000000000007,2.0,3.430000000000007,21.0,0.010023963995557912,3.430000000000007,21.0,0.010023963995557912,1.0,1.0,-0.17986323222804046,-0.520256591500754,-0.43032497538673375,39.18105193471672,20.015708799541507,16.899913347322364,26.24729970397979,12.07685677772174,33.23921894968373,48.21139783609849,0.14608449290972203,0.18302583025830393,0.03000000000002956,0.09500000000002728,0.4949999999999477,1.0,25790.0,25790.0,2022-04-14,2022-04-14 15:40:00,2.0540172048918044,173.78554736652885,0.0,,14281.267661333814,366.3529484630595,0.5832424107187206,4.3760036431226785,32.22527881040892,0.012230020343504162,2.285057100371749,15.890706319702602,0.006381710269403211,0.4929364202292669,5.6011759621451125,36.843533123028394,0.015614239272951093,2.82998018927445,22.52492113564669,0.007835530045022196,1.8630914826498424,0.00402220134195386,1.9444468750000041,16.553125,0.005470102952261012,0.0,0
25791.0,2022-04-14 15:50:00,339.07,339.07,338.35,338.65,1595230.0,1,1,1.0,buy,False,0.5197181189963607,3.829999999999984,23.0,0.011192939388625823,-0.17527186688936813,-0.47134333175688764,-0.5589792652015717,-0.0016441855884292808,33.08183864536872,19.24504954377308,18.568055982602186,20.599036666114877,1595230.0,3.829999999999984,2.0,3.829999999999984,23.0,0.011192939388625823,3.829999999999984,23.0,0.011192939388625823,1.0,1.0,-0.17527186688936813,-0.5589792652015717,-0.47134333175688764,33.08183864536872,19.24504954377308,18.568055982602186,20.599036666114877,11.263966669372067,36.996455915375506,48.25116965561417,-0.12386822779957411,0.2127973991428906,0.0,0.2999999999999545,0.4200000000000159,0.0,25792.0,25792.0,2022-04-14,2022-04-14 15:50:00,2.0540172048918044,173.78554736652885,0.0,,14281.267661333814,366.3529484630595,0.5832424107187206,4.3760036431226785,32.22527881040892,0.012230020343504162,2.285057100371749,15.890706319702602,0.006381710269403211,0.4929364202292669,5.6011759621451125,36.843533123028394,0.015614239272951093,2.82998018927445,22.52492113564669,0.007835530045022196,1.8630914826498424,0.00402220134195386,1.9444468750000041,16.553125,0.005470102952261012,0.0,0
25792.0,2022-04-14 15:55:00,338.66,338.92,338.21,338.4,2567156.0,1,1,1.0,buy,False,0.5197181189963607,3.9700000000000273,24.0,0.01160208077619974,-0.20343629579501266,-0.49677286873126414,-0.5984910166287705,-0.0017610094134363696,31.13917017391603,15.965346560535092,17.70048617524649,12.495067331112296,2567156.0,3.9700000000000273,2.0,3.9700000000000273,24.0,0.01160208077619974,3.9700000000000273,24.0,0.01160208077619974,1.0,1.0,-0.20343629579501266,-0.5984910166287705,-0.49677286873126414,31.13917017391603,15.965346560535092,17.70048617524649,12.495067331112296,9.449960517288565,37.217310256444506,49.05470707173286,-0.07677316482609334,0.2099287424972758,0.2599999999999909,0.18999999999999773,0.26000000000004775,0.0,25793.0,25793.0,2022-04-14,2022-04-14 15:55:00,2.0540172048918044,173.78554736652885,0.0,,14281.267661333814,366.3529484630595,0.5832424107187206,4.3760036431226785,32.22527881040892,0.012230020343504162,2.285057100371749,15.890706319702602,0.006381710269403211,0.4929364202292669,5.6011759621451125,36.843533123028394,0.015614239272951093,2.82998018927445,22.52492113564669,0.007835530045022196,1.8630914826498424,0.00402220134195386,1.9444468750000041,16.553125,0.005470102952261012,0.0,0
25793.0,2022-04-14 16:00:00,338.42,338.52,338.01,338.14,1278518.0,1,1,1.0,buy,False,0.5197181189963607,4.170000000000016,25.0,0.012186568472733696,-0.23455196575717796,-0.5260918644509114,-0.6433678473295004,-0.0018937643307441422,29.21753620863845,12.59551632564192,15.998829558711632,5.788889859502493,1278518.0,4.170000000000016,2.0,4.170000000000016,25.0,0.012186568472733696,4.170000000000016,25.0,0.012186568472733696,1.0,1.0,-0.23455196575717796,-0.6433678473295004,-0.5260918644509114,29.21753620863845,12.59551632564192,15.998829558711632,5.788889859502493,9.94563958637071,32.97047643700993,49.38299897023722,-0.0827374268660332,0.15088310996715804,0.0999999999999659,0.12999999999999545,0.28000000000002956,0.0,25794.0,25794.0,2022-04-14,2022-04-14 16:00:00,2.0540172048918044,173.78554736652885,0.0,,14281.267661333814,366.3529484630595,0.5832424107187206,4.3760036431226785,32.22527881040892,0.012230020343504162,2.285057100371749,15.890706319702602,0.006381710269403211,0.4929364202292669,5.6011759621451125,36.843533123028394,0.015614239272951093,2.82998018927445,22.52492113564669,0.007835530045022196,1.8630914826498424,0.00402220134195386,1.9444468750000041,16.553125,0.005470102952261012,1.0,0
25826.0,2022-04-14 18:45:00,338.15,338.6599,338.035,338.26,573836.0,1p,1p,1.0,buy,False,0.8887643107412985,7.824999999999989,45.0,0.022624761464176222,-0.16053965549668892,-1.031197508755605,-1.1114673365039494,-0.0032634654136508246,24.45877658365653,17.090746370451456,23.145909228652577,4.980420654049212,573836.0,7.824999999999989,0.0,7.824999999999989,45.0,0.022624761464176222,7.824999999999989,0.0,0.0,1.0,1.0,-0.16053965549668892,-1.1114673365039494,-1.031197508755605,24.45877658365653,17.090746370451456,23.145909228652577,4.980420654049212,13.73462758140598,37.94763709490316,35.59698662270929,0.032529942333288084,0.18486251423668207,0.39990000000000236,0.11499999999995225,0.11000000000001364,1.0,25827.0,25827.0,2022-04-14,2022-04-14 18:45:00,2.0540172048918044,173.78554736652885,0.0,,14281.267661333814,366.3529484630595,0.5832424107187206,4.3760036431226785,32.22527881040892,0.012230020343504162,2.285057100371749,15.890706319702602,0.006381710269403211,0.4929364202292669,5.6011759621451125,36.843533123028394,0.015614239272951093,2.82998018927445,22.52492113564669,0.007835530045022196,1.8630914826498424,0.00402220134195386,1.9444468750000041,16.553125,0.005470102952261012,0.0,0
25836.0,2022-04-14 19:45:00,338.1,338.1,338.0,338.0,4164.0,1,1,1.0,buy,False,0.5197181189964388,4.180000000000007,68.0,0.012215792857560368,-0.013618184328197197,-0.10282979366465965,-0.10963888582875825,-0.0003240923199251198,31.41875108260821,11.685662881281136,24.195577978539106,-13.3341673132348,4164.0,4.180000000000007,2.0,4.180000000000007,68.0,0.012215792857560368,4.180000000000007,68.0,0.012215792857560368,1.0,1.0,-0.013618184328197197,-0.10963888582875825,-0.10282979366465965,31.41875108260821,11.685662881281136,24.195577978539106,-13.3341673132348,17.52758016290614,69.07928652437825,24.98756672510438,-0.029577048210595307,0.029585798816574777,0.0,0.0,0.10000000000002274,0.0,25837.0,25837.0,2022-04-14,2022-04-14 19:45:00,2.0540172048918044,173.78554736652885,0.0,,14281.267661333814,366.3529484630595,0.5832424107187206,4.3760036431226785,32.22527881040892,0.012230020343504162,2.285057100371749,15.890706319702602,0.006381710269403211,0.4929364202292669,5.6011759621451125,36.843533123028394,0.015614239272951093,2.82998018927445,22.52492113564669,0.007835530045022196,1.8630914826498424,0.00402220134195386,1.9444468750000041,16.553125,0.005470102952261012,0.0,0
25837.0,2022-04-14 19:50:00,338.0,338.05,337.96,338.05,5363.0,1,1,1.0,buy,False,0.5197181189965098,4.220000000000027,69.0,0.012332690396867225,-0.015206493309997071,-0.1047306053284093,-0.11233385198340784,-0.0003320764655512989,35.34804041104708,16.61397133262109,21.668375763233097,6.505162471397078,5363.0,4.220000000000027,2.0,4.220000000000027,69.0,0.012332690396867225,4.220000000000027,69.0,0.012332690396867225,1.0,1.0,-0.015206493309997071,-0.11233385198340784,-0.1047306053284093,35.34804041104708,16.61397133262109,21.668375763233097,6.505162471397078,15.38609481681188,68.27579574958462,27.71833987363905,0.014792899408287388,0.02663037045805179,0.0,0.040000000000020464,0.05000000000001137,1.0,25838.0,25838.0,2022-04-14,2022-04-14 19:50:00,2.0540172048918044,173.78554736652885,0.0,,14281.267661333814,366.3529484630595,0.5832424107187206,4.3760036431226785,32.22527881040892,0.012230020343504162,2.285057100371749,15.890706319702602,0.006381710269403211,0.4929364202292669,5.6011759621451125,36.843533123028394,0.015614239272951093,2.82998018927445,22.52492113564669,0.007835530045022196,1.8630914826498424,0.00402220134195386,1.9444468750000041,16.553125,0.005470102952261012,0.0,0
25838.0,2022-04-14 19:55:00,338.02,338.02,337.9,337.91,8586.0,1,1,1.0,buy,False,0.5197181189966578,4.28000000000003,70.0,0.012508036705827428,-0.03136419309633473,-0.10865112946545115,-0.12433322601361851,-0.00036757804021638526,30.140815539487065,11.909314221751302,18.41535524940583,-1.1027678335577562,8586.0,4.28000000000003,2.0,4.28000000000003,70.0,0.012508036705827428,4.28000000000003,70.0,0.012508036705827428,1.0,1.0,-0.03136419309633473,-0.12433322601361851,-0.10865112946545115,30.140815539487065,11.909314221751302,18.41535524940583,-1.1027678335577562,12.07000603500191,66.3850331925105,30.68351339914835,-0.032542453109270696,0.03551346552234524,0.0,0.010000000000047748,0.1099999999999568,0.0,25839.0,25839.0,2022-04-14,2022-04-14 19:55:00,2.0540172048918044,173.78554736652885,0.0,,14281.267661333814,366.3529484630595,0.5832424107187206,4.3760036431226785,32.22527881040892,0.012230020343504162,2.285057100371749,15.890706319702602,0.006381710269403211,0.4929364202292669,5.6011759621451125,36.843533123028394,0.015614239272951093,2.82998018927445,22.52492113564669,0.007835530045022196,1.8630914826498424,0.00402220134195386,1.9444468750000041,16.553125,0.005470102952261012,0.0,0
25839.0,2022-04-18 04:00:00,336.36,336.97,335.87,336.94,27457.0,1,1,1.0,buy,False,0.5197181189966587,6.310000000000002,71.0,0.018440586825647327,-0.16167252805752053,-0.12886019547264121,-0.20969645950140148,-0.0006201233005910797,14.358366311028206,22.738989564155187,19.856566687655615,28.503835317154326,27457.0,6.310000000000002,2.0,6.310000000000002,71.0,0.018440586825647327,6.310000000000002,71.0,0.018440586825647327,1.0,1.0,-0.16167252805752053,-0.20969645950140148,-0.12886019547264121,14.358366311028206,22.738989564155187,19.856566687655615,28.503835317154326,4.545602129938827,87.34049806811691,34.92797723257622,0.1724342965869854,0.32750766665674896,0.03000000000002956,0.4900000000000091,0.5799999999999841,1.0,25840.0,25840.0,2022-04-18,2022-04-18 04:00:00,3.0776992936427865,202.0,1.0,best_within_2.0d,26041.0,347.31,0.5832424107187206,4.3760036431226785,32.22527881040892,0.012230020343504162,2.285057100371749,15.890706319702602,0.006381710269403211,0.4929364202292669,5.6011759621451125,36.843533123028394,0.015614239272951093,2.82998018927445,22.52492113564669,0.007835530045022196,1.8630914826498424,0.00402220134195386,1.9444468750000041,16.553125,0.005470102952261012,1.0,0
25852.0,2022-04-18 05:05:00,340.12,340.3,338.83,340.01,155056.0,1,1,1.0,buy,False,0.7332650357730847,3.6999999999999886,16.0,0.010801973549762032,-0.28445885587412767,-0.29772656645430484,-0.4399559943913687,-0.0012900968119613368,34.24701233981054,15.344785386834683,11.67409474773022,22.686166665043608,155056.0,3.6999999999999886,1.0,3.6999999999999886,16.0,0.010801973549762032,3.6999999999999886,16.0,0.010801973549762032,1.0,1.0,-0.28445885587412767,-0.4399559943913687,-0.29772656645430484,34.24701233981054,15.344785386834683,11.67409474773022,22.686166665043608,26.06024881332809,33.40262050279719,27.801132439922185,-0.03234152652005576,0.43384588141546715,0.18000000000000682,1.1800000000000068,0.11000000000001364,0.0,25853.0,25853.0,2022-04-18,2022-04-18 05:05:00,0.8566616331745814,189.0,1.0,best_within_2.0d,26041.0,347.31,0.5832424107187206,4.3760036431226785,32.22527881040892,0.012230020343504162,2.285057100371749,15.890706319702602,0.006381710269403211,0.4929364202292669,5.6011759621451125,36.843533123028394,0.015614239272951093,2.82998018927445,22.52492113564669,0.007835530045022196,1.8630914826498424,0.00402220134195386,1.9444468750000041,16.553125,0.005470102952261012,0.0,0
25852.0,2022-04-18 05:05:00,344.67,344.69,344.17,344.58,290692.0,2,2,1.0,buy,False,0.16169544740972872,4.163492493946733,28.239017640954685,0.011578080659927173,-0.10641937151876779,0.8345001337409027,0.7812904479815188,0.002273712090856305,63.88063736115233,53.88839457643171,66.49190431585589,28.681375097583327,290692.0,1.0299999999999727,1.0,6.3700000000000045,36.0,0.01879998819466991,1.0299999999999727,8.0,0.0029837775202780207,2.0,2.0,-0.10641937151876779,0.7812904479815188,0.8345001337409027,63.88063736115233,53.88839457643171,66.49190431585589,28.681375097583327,33.64423717521624,12.524983344437777,43.87130402432948,-0.026111933153460363,0.15108812505447358,0.01999999999998181,0.40999999999996817,0.09000000000003183,0.0,25853.0,25853.0,2022-04-18,2022-04-18 05:05:00,0.8566616331745814,189.0,1.0,best_within_2.0d,26041.0,347.31,0.16169544740972872,6.3700000000000045,36.0,0.01879998819466991,1.0299999999999727,8.0,0.0029837775202780207,0.4929364202292669,5.6011759621451125,36.843533123028394,0.015614239272951093,2.82998018927445,22.52492113564669,0.007835530045022196,1.8630914826498424,0.00402220134195386,1.9444468750000041,16.553125,0.005470102952261012,0.0,0
25852.0,2022-04-18 05:05:00,344.61,344.61,344.18,344.36,732126.0,2s,2s,1.0,buy,False,0.1601255886970143,4.163492493946733,28.239017640954685,0.011578080659927173,-0.4419009688136154,0.35729877929716153,0.13634829489035383,0.00039536844212909446,40.596338488652144,16.210045543611137,26.732062830176282,-4.833989029519152,732126.0,1.8100000000000023,1.0,6.3700000000000045,36.0,0.01879998819466991,1.8100000000000023,9.0,0.005231365068354583,1.0,2.5,-0.4419009688136154,0.13634829489035383,0.35729877929716153,40.596338488652144,16.210045543611137,26.732062830176282,-4.833989029519152,8.931945446426088,29.392971246005477,25.711118792950707,-0.07254577638489887,0.1249346272299398,0.0,0.18000000000000682,0.25,0.0,25853.0,25853.0,2022-04-18,2022-04-18 05:05:00,0.8566616331745814,189.0,1.0,best_within_2.0d,26041.0,347.31,0.5832424107187206,4.3760036431226785,32.22527881040892,0.012230020343504162,2.285057100371749,15.890706319702602,0.006381710269403211,0.1601255886970143,6.3700000000000045,36.0,0.01879998819466991,1.8100000000000023,9.0,0.005231365068354583,1.0,0.00402220134195386,1.9444468750000041,16.553125,0.005470102952261012,0.0,0
25855.0,2022-04-18 05:20:00,336.17,336.17,335.68,335.71,6391.0,1,1,1.0,buy,False,0.519718118996351,6.5,87.0,0.01899585013735461,-0.1067077764991542,-0.43741229422422856,-0.49076618247380566,-0.0014563464078977822,14.010502941191092,11.590642905954715,17.545472862590373,-0.319017007316603,6391.0,6.5,2.0,6.5,87.0,0.01899585013735461,6.5,87.0,0.01899585013735461,1.0,1.0,-0.1067077764991542,-0.49076618247380566,-0.43741229422422856,14.010502941191092,11.590642905954715,17.545472862590373,-0.319017007316603,7.171314741035991,49.402390438246435,65.55608712102688,-0.13683552964275109,0.14597235462345362,0.0,0.029999999999972715,0.4600000000000364,0.0,25856.0,25856.0,2022-04-18,2022-04-18 05:20:00,3.455363259956517,186.0,1.0,best_within_2.0d,26041.0,347.31,0.5832424107187206,4.3760036431226785,32.22527881040892,0.012230020343504162,2.285057100371749,15.890706319702602,0.006381710269403211,0.4929364202292669,5.6011759621451125,36.843533123028394,0.015614239272951093,2.82998018927445,22.52492113564669,0.007835530045022196,1.8630914826498424,0.00402220134195386,1.9444468750000041,16.553125,0.005470102952261012,1.0,0
25879.0,2022-04-18 07:20:00,340.12,340.3,338.83,340.01,155056.0,1p,1p,1.0,buy,False,0.9016232162231415,3.6999999999999886,16.0,0.010801973549762032,-0.28446586786536066,-0.2977156101627064,-0.43994854409538675,-0.001290074993407872,34.244012875113256,15.344785386834683,11.67409474773022,22.686166665043608,155056.0,3.6999999999999886,0.0,3.6999999999999886,16.0,0.010801973549762032,3.6999999999999886,0.0,0.0,1.0,1.0,-0.28446586786536066,-0.43994854409538675,-0.2977156101627064,34.244012875113256,15.344785386834683,11.67409474773022,22.686166665043608,26.06024881332809,33.40262050279719,27.798256739489243,-0.03234152652005576,0.43384588141546715,0.18000000000000682,1.1800000000000068,0.11000000000001364,0.0,25880.0,25880.0,2022-04-18,2022-04-18 07:20:00,2.1469956765977507,162.0,1.0,best_within_2.0d,26041.0,347.31,0.5832424107187206,4.3760036431226785,32.22527881040892,0.012230020343504162,2.285057100371749,15.890706319702602,0.006381710269403211,0.4929364202292669,5.6011759621451125,36.843533123028394,0.015614239272951093,2.82998018927445,22.52492113564669,0.007835530045022196,1.8630914826498424,0.00402220134195386,1.9444468750000041,16.553125,0.005470102952261012,0.0,0
25883.0,2022-04-18 07:40:00,337.17,337.31,337.06,337.31,26488.0,2,2,1.0,buy,False,0.34597156398104906,4.163492493946733,28.239017640954685,0.011578080659927173,0.15006558621685384,0.15496027397650658,0.2299930670849335,0.0006825652023187681,60.77274526556542,68.77225497466142,75.83440685552975,54.64795121292477,26488.0,0.7300000000000182,1.0,2.1100000000000136,24.0,0.006285748331744559,0.7300000000000182,6.0,0.0021611060126114395,2.0,2.0,0.15006558621685384,0.2299930670849335,0.15496027397650658,60.77274526556542,68.77225497466142,75.83440685552975,54.64795121292477,39.482200647250394,21.03559870550105,61.59012643218491,0.041522080849419093,0.07417077078264997,0.0,0.11000000000001364,0.13999999999998636,1.0,25884.0,25884.0,2022-04-18,2022-04-18 07:40:00,2.964631940944532,158.0,1.0,best_within_2.0d,26041.0,347.31,0.34597156398104906,2.1100000000000136,24.0,0.006285748331744559,0.7300000000000182,6.0,0.0021611060126114395,0.4929364202292669,5.6011759621451125,36.843533123028394,0.015614239272951093,2.82998018927445,22.52492113564669,0.007835530045022196,1.8630914826498424,0.00402220134195386,1.9444468750000041,16.553125,0.005470102952261012,0.0,0
25885.0,2022-04-18 07:50:00,337.11,337.16,337.03,337.11,14945.0,2,2,1.0,buy,False,0.36018957345973596,4.163492493946733,28.239017640954685,0.011578080659927173,0.03634191432097367,0.1704005727645837,0.18857152992507054,0.0005595954649826565,54.225024826781606,40.59595771566544,59.59856199184813,2.5907491633000745,14945.0,0.7600000000000477,1.0,2.1100000000000136,24.0,0.006285748331744559,0.7600000000000477,8.0,0.002249918588472269,2.0,2.0,0.03634191432097367,0.18857152992507054,0.1704005727645837,54.225024826781606,40.59595771566544,59.59856199184813,2.5907491633000745,37.93103448275979,21.316614420064706,57.36827093106599,0.0,0.038572233925778805,0.05000000000001137,0.08000000000004093,0.0,0.0,25886.0,25886.0,2022-04-18,2022-04-18 07:50:00,3.025718608169437,156.0,1.0,best_within_2.0d,26041.0,347.31,0.36018957345973596,2.1100000000000136,24.0,0.006285748331744559,0.7600000000000477,8.0,0.002249918588472269,0.4929364202292669,5.6011759621451125,36.843533123028394,0.015614239272951093,2.82998018927445,22.52492113564669,0.007835530045022196,1.8630914826498424,0.00402220134195386,1.9444468750000041,16.553125,0.005470102952261012,0.0,0
25886.0,2022-04-18 07:55:00,337.1,337.1,336.96,337.05,16970.0,2,2,1.0,buy,False,0.39336492890996944,4.163492493946733,28.239017640954685,0.011578080659927173,-0.008192953072157505,0.16937645363056403,0.16527997709448528,0.0004904688847472481,52.28732750369483,30.678429641770027,49.95851787515543,-7.881746825000775,16970.0,0.8300000000000409,1.0,2.1100000000000136,24.0,0.006285748331744559,0.8300000000000409,9.0,0.002457147932147313,2.0,2.0,-0.008192953072157505,0.16527997709448528,0.16937645363056403,52.28732750369483,30.678429641770027,49.95851787515543,-7.881746825000775,37.00305810397621,22.93577981651523,54.946922132782696,-0.014832393948386641,0.041547958214637706,0.0,0.09000000000003183,0.05000000000001137,0.0,25887.0,25887.0,2022-04-18,2022-04-18 07:55:00,3.044058744993322,155.0,1.0,best_within_2.0d,26041.0,347.31,0.39336492890996944,2.1100000000000136,24.0,0.006285748331744559,0.8300000000000409,9.0,0.002457147932147313,0.4929364202292669,5.6011759621451125,36.843533123028394,0.015614239272951093,2.82998018927445,22.52492113564669,0.007835530045022196,1.8630914826498424,0.00402220134195386,1.9444468750000041,16.553125,0.005470102952261012,0.0,0
25887.0,2022-04-18 08:00:00,336.71,337.78,335.3,337.15,80798.0,1p,1p,1.0,buy,False,0.07452469076458695,2.490000000000009,10.0,0.007371443796441603,-0.026001869862037175,0.16612621989780937,0.1531252849667908,0.00045438317648400643,55.16310413792995,45.31787782569607,48.411637858668975,39.130357759750254,80798.0,2.490000000000009,0.0,2.490000000000009,10.0,0.007371443796441603,2.490000000000009,0.0,0.0,1.0,1.0,-0.026001869862037175,0.1531252849667908,0.16612621989780937,55.16310413792995,45.31787782569607,48.411637858668975,39.130357759750254,20.39007092198647,42.73049645390125,53.55023186808146,0.13067624959163604,0.7396361467342563,0.6299999999999955,1.4099999999999682,0.4399999999999977,1.0,25888.0,25888.0,2022-04-18,2022-04-18 08:00:00,3.0134954767907534,154.0,1.0,best_within_2.0d,26041.0,347.31,0.5832424107187206,4.3760036431226785,32.22527881040892,0.012230020343504162,2.285057100371749,15.890706319702602,0.006381710269403211,0.4929364202292669,5.6011759621451125,36.843533123028394,0.015614239272951093,2.82998018927445,22.52492113564669,0.007835530045022196,1.8630914826498424,0.00402220134195386,1.9444468750000041,16.553125,0.005470102952261012,1.0,0
25922.0,2022-04-18 10:55:00,339.63,339.72,339.065,339.53,263235.0,2,2,1.0,buy,False,0.3440766550522682,4.163492493946733,28.239017640954685,0.011578080659927173,-0.010880969093829407,0.7099525673944012,0.7045120828474865,0.0020782477174668204,55.75791962355917,55.87928002853839,71.2329345145841,25.17197105644695,263235.0,1.9750000000000227,1.0,5.740000000000009,30.0,0.017118997912317354,1.9750000000000227,7.0,0.005791109547267249,2.0,2.0,-0.010880969093829407,0.7045120828474865,0.7099525673944012,55.75791962355917,55.87928002853839,71.2329345145841,25.17197105644695,24.964708663936342,16.51564988213044,39.859203544989114,-0.02944380649531041,0.1931782991461901,0.09000000000003183,0.464999999999975,0.10000000000002274,0.0,25923.0,25923.0,2022-04-18,2022-04-18 10:55:00,2.2914028215474422,119.0,1.0,best_within_2.0d,26041.0,347.31,0.3440766550522682,5.740000000000009,30.0,0.017118997912317354,1.9750000000000227,7.0,0.005791109547267249,0.4929364202292669,5.6011759621451125,36.843533123028394,0.015614239272951093,2.82998018927445,22.52492113564669,0.007835530045022196,1.8630914826498424,0.00402220134195386,1.9444468750000041,16.553125,0.005470102952261012,0.0,0
25926.0,2022-04-18 11:15:00,339.07,339.2,338.29,338.5295,414685.0,2,2,1.0,buy,False,0.4790940766550515,4.163492493946733,28.239017640954685,0.011578080659927173,-0.42258677383538656,0.5877321535746679,0.3764387666569746,0.0011103150896862861,45.23563866906422,20.580517963907493,37.30171617747853,-12.86187846323459,414685.0,2.75,1.0,5.740000000000009,30.0,0.017118997912317354,2.75,11.0,0.008063570255688482,2.0,2.0,-0.42258677383538656,0.3764387666569746,0.5877321535746679,45.23563866906422,20.580517963907493,37.30171617747853,-12.86187846323459,20.157943228184248,23.647611108673765,36.0737214723765,-0.15940661220397223,0.26899997043955426,0.12999999999999545,0.23949999999996407,0.5405000000000086,0.0,25927.0,25927.0,2022-04-18,2022-04-18 11:15:00,2.593717829613082,115.0,1.0,best_within_2.0d,26041.0,347.31,0.4790940766550515,5.740000000000009,30.0,0.017118997912317354,2.75,11.0,0.008063570255688482,0.4929364202292669,5.6011759621451125,36.843533123028394,0.015614239272951093,2.82998018927445,22.52492113564669,0.007835530045022196,1.8630914826498424,0.00402220134195386,1.9444468750000041,16.553125,0.005470102952261012,0.0,0
25927.0,2022-04-18 11:20:00,338.52,338.67,337.91,337.96,461591.0,2,2,1.0,buy,False,0.545296167247385,4.163492493946733,28.239017640954685,0.011578080659927173,-0.5682944807403905,0.5166953434821191,0.23254810311192387,0.0006860677110325237,40.61488257482652,14.277758910163024,29.627063755040027,-16.420850779590978,461591.0,3.1299999999999955,1.0,5.740000000000009,30.0,0.017118997912317354,3.1299999999999955,12.0,0.009177809054656332,2.0,2.0,-0.5682944807403905,0.23254810311192387,0.5166953434821191,40.61488257482652,14.277758910163024,29.627063755040027,-16.420850779590978,18.31045325561812,29.47887107907056,35.16632067656333,-0.16542597187758545,0.22491195880559642,0.1500000000000341,0.049999999999954525,0.5600000000000023,0.0,25928.0,25928.0,2022-04-18,2022-04-18 11:20:00,2.76659959758552,114.0,1.0,best_within_2.0d,26041.0,347.31,0.545296167247385,5.740000000000009,30.0,0.017118997912317354,3.1299999999999955,12.0,0.009177809054656332,0.4929364202292669,5.6011759621451125,36.843533123028394,0.015614239272951093,2.82998018927445,22.52492113564669,0.007835530045022196,1.8630914826498424,0.00402220134195386,1.9444468750000041,16.553125,0.005470102952261012,0.0,0
25928.0,2022-04-18 11:25:00,337.95,338.12,337.7,337.97,424228.0,2,2,1.0,buy,False,0.58188153310105,4.163492493946733,28.239017640954685,0.011578080659927173,-0.6379751852184988,0.43694844532980676,0.11796085272055734,0.0003480854394042247,40.72937132314025,12.46932561224024,23.907817707440095,-10.40765857815947,424228.0,3.340000000000032,1.0,5.740000000000009,30.0,0.017118997912317354,3.340000000000032,13.0,0.009793572601454468,2.0,2.0,-0.6379751852184988,0.11796085272055734,0.43694844532980676,40.72937132314025,12.46932561224024,23.907817707440095,-10.40765857815947,16.96558362472032,32.26535182493269,34.87426557315858,0.005918035212320951,0.12437074326325612,0.14999999999997726,0.25,0.020000000000038654,1.0,25929.0,25929.0,2022-04-18,2022-04-18 11:25:00,2.763558895759971,113.0,1.0,best_within_2.0d,26041.0,347.31,0.58188153310105,5.740000000000009,30.0,0.017118997912317354,3.340000000000032,13.0,0.009793572601454468,0.4929364202292669,5.6011759621451125,36.843533123028394,0.015614239272951093,2.82998018927445,22.52492113564669,0.007835530045022196,1.8630914826498424,0.00402220134195386,1.9444468750000041,16.553125,0.005470102952261012,0.0,0
25929.0,2022-04-18 11:30:00,337.96,338.11,337.49,337.76,457097.0,2,2,1.0,buy,False,0.6184668989547049,4.163492493946733,28.239017640954685,0.011578080659927173,-0.6829765573759045,0.3515763756578187,0.010088096969866456,2.9775837637927243e-05,39.027750896810424,11.34318677179635,19.719607395558846,-5.409654475728644,457097.0,3.5500000000000114,1.0,5.740000000000009,30.0,0.017118997912317354,3.5500000000000114,14.0,0.010409336148252436,2.0,2.0,-0.6829765573759045,0.010088096969866456,0.3515763756578187,39.027750896810424,11.34318677179635,19.719607395558846,-5.409654475728644,9.030476356809599,38.150024014321524,36.791779097921044,-0.05917860101786858,0.1837091469376884,0.1500000000000341,0.2699999999999818,0.19999999999998863,0.0,25930.0,25930.0,2022-04-18,2022-04-18 11:30:00,2.8274514448128882,112.0,1.0,best_within_2.0d,26041.0,347.31,0.6184668989547049,5.740000000000009,30.0,0.017118997912317354,3.5500000000000114,14.0,0.010409336148252436,0.4929364202292669,5.6011759621451125,36.843533123028394,0.015614239272951093,2.82998018927445,22.52492113564669,0.007835530045022196,1.8630914826498424,0.00402220134195386,1.9444468750000041,16.553125,0.005470102952261012,0.0,0
25930.0,2022-04-18 11:35:00,337.76,337.84,337.42,337.61,476872.0,2,2,1.0,buy,False,0.6306620209059232,4.163492493946733,28.239017640954685,0.011578080659927173,-0.7009355944787635,0.26395942634797326,-0.0865083708914085,-0.0002554030143647209,37.81255131152034,9.927691814920566,16.455635535346087,-3.1281956259304735,476872.0,3.6200000000000045,1.0,5.740000000000009,30.0,0.017118997912317354,3.6200000000000045,15.0,0.01061459066385176,2.0,2.0,-0.7009355944787635,-0.0865083708914085,0.26395942634797326,37.81255131152034,9.927691814920566,16.455635535346087,-3.1281956259304735,8.357938531740782,39.87160560103846,38.831009256769576,-0.044410232117473136,0.12447394938058177,0.07999999999998408,0.18999999999999773,0.14999999999997726,0.0,25931.0,25931.0,2022-04-18,2022-04-18 11:35:00,2.8731376440271283,111.0,1.0,best_within_2.0d,26041.0,347.31,0.6306620209059232,5.740000000000009,30.0,0.017118997912317354,3.6200000000000045,15.0,0.01061459066385176,0.4929364202292669,5.6011759621451125,36.843533123028394,0.015614239272951093,2.82998018927445,22.52492113564669,0.007835530045022196,1.8630914826498424,0.00402220134195386,1.9444468750000041,16.553125,0.005470102952261012,0.0,0
25931.0,2022-04-18 11:40:00,337.6,337.825,337.36,337.7401,351152.0,2,2,1.0,buy,False,0.6411149825783974,4.163492493946733,28.239017640954685,0.011578080659927173,-0.6636553481905929,0.18100250782414914,-0.15082516627114728,-0.00044538350564563093,39.570058000462666,11.247109878342538,14.719460316344904,4.302409002337804,351152.0,3.680000000000007,1.0,5.740000000000009,30.0,0.017118997912317354,3.680000000000007,16.0,0.01079052310579406,2.0,2.0,-0.6636553481905929,-0.15082516627114728,0.18100250782414914,39.570058000462666,11.247109878342538,14.719460316344904,4.302409002337804,8.381373230748633,38.188914560015405,40.629186519338646,0.041498815165865295,0.13783495375858873,0.08490000000000464,0.2400000000000091,0.14009999999996126,1.0,25932.0,25932.0,2022-04-18,2022-04-18 11:40:00,2.8335101458192313,110.0,1.0,best_within_2.0d,26041.0,347.31,0.6411149825783974,5.740000000000009,30.0,0.017118997912317354,3.680000000000007,16.0,0.01079052310579406,0.4929364202292669,5.6011759621451125,36.843533123028394,0.015614239272951093,2.82998018927445,22.52492113564669,0.007835530045022196,1.8630914826498424,0.00402220134195386,1.9444468750000041,16.553125,0.005470102952261012,0.0,0
25932.0,2022-04-18 11:45:00,337.72,337.8,337.0808,337.1281,369095.0,2,2,1.0,buy,False,0.6897560975609762,4.163492493946733,28.239017640954685,0.011578080659927173,-0.6869120532047686,0.09513850117355308,-0.24831752542883123,-0.0007335191291319009,34.61431478922077,8.02075406332297,12.486558232004258,-0.910854274039604,369095.0,3.95920000000001,1.0,5.740000000000009,30.0,0.017118997912317354,3.95920000000001,17.0,0.01160919540229888,2.0,2.0,-0.6869120532047686,-0.24831752542883123,0.09513850117355308,34.61431478922077,8.02075406332297,12.486558232004258,-0.910854274039604,8.261657859243453,38.07681252349346,42.32296755074905,-0.17526353191993652,0.21336130684393792,0.07999999999998408,0.047300000000007,0.5919000000000096,0.0,25933.0,25933.0,2022-04-18,2022-04-18 11:45:00,3.020187281926361,109.0,1.0,best_within_2.0d,26041.0,347.31,0.6897560975609762,5.740000000000009,30.0,0.017118997912317354,3.95920000000001,17.0,0.01160919540229888,0.4929364202292669,5.6011759621451125,36.843533123028394,0.015614239272951093,2.82998018927445,22.52492113564669,0.007835530045022196,1.8630914826498424,0.00402220134195386,1.9444468750000041,16.553125,0.005470102952261012,0.0,0
25933.0,2022-04-18 11:50:00,337.11,337.69,337.04,337.6698,307272.0,2,2,1.0,buy,False,0.6968641114982568,4.163492493946733,28.239017640954685,0.011578080659927173,-0.5980745025826796,0.020379188350718124,-0.2786580629406217,-0.0008232985417806142,41.58762620390261,13.711047197593679,12.894721220534063,15.343699151712912,307272.0,4.0,1.0,5.740000000000009,30.0,0.017118997912317354,4.0,18.0,0.01172882946281961,2.0,2.0,-0.5980745025826796,-0.2786580629406217,0.020379188350718124,41.58762620390261,13.711047197593679,12.894721220534063,15.343699151712912,4.185061117643098,38.65607737870819,45.0472140661256,0.16605855655423915,0.19285544742463126,0.02019999999998845,0.06999999999999318,0.5597999999999956,1.0,25934.0,25934.0,2022-04-18,2022-04-18 11:50:00,2.8549192139776767,108.0,1.0,best_within_2.0d,26041.0,347.31,0.6968641114982568,5.740000000000009,30.0,0.017118997912317354,4.0,18.0,0.01172882946281961,0.4929364202292669,5.6011759621451125,36.843533123028394,0.015614239272951093,2.82998018927445,22.52492113564669,0.007835530045022196,1.8630914826498424,0.00402220134195386,1.9444468750000041,16.553125,0.005470102952261012,0.0,0
25937.0,2022-04-18 12:10:00,337.34,337.445,336.501,336.59,688013.0,2,2,1.0,buy,False,0.7907665505226545,4.163492493946733,28.239017640954685,0.011578080659927173,-0.44402560729589374,-0.19414455999031585,-0.4161573636382627,-0.0012306206978072698,33.774641220159154,20.825292507097817,22.276286314478998,17.92330489233546,688013.0,4.539000000000044,1.0,5.740000000000009,30.0,0.017118997912317354,4.539000000000044,22.0,0.013309289232934682,2.0,2.0,-0.44402560729589374,-0.4161573636382627,-0.19414455999031585,33.774641220159154,20.825292507097817,22.276286314478998,17.92330489233546,6.350635291436993,38.960742977607815,49.825953818928326,-0.22232762198375527,0.2805340845941073,0.10500000000001819,0.08899999999999864,0.75,0.0,25938.0,25938.0,2022-04-18,2022-04-18 12:10:00,3.1848836863840364,104.0,1.0,best_within_2.0d,26041.0,347.31,0.7907665505226545,5.740000000000009,30.0,0.017118997912317354,4.539000000000044,22.0,0.013309289232934682,0.4929364202292669,5.6011759621451125,36.843533123028394,0.015614239272951093,2.82998018927445,22.52492113564669,0.007835530045022196,1.8630914826498424,0.00402220134195386,1.9444468750000041,16.553125,0.005470102952261012,0.0,0
25938.0,2022-04-18 12:15:00,336.57,336.735,336.19,336.33,467918.0,2,2,1.0,buy,False,0.8449477351916402,4.163492493946733,28.239017640954685,0.011578080659927173,-0.48746089289880545,-0.2550771716026666,-0.4988076180520693,-0.0014756204216073722,32.06966810594895,16.406050860587456,20.319541163181817,8.579070255398733,467918.0,4.850000000000023,1.0,5.740000000000009,30.0,0.017118997912317354,4.850000000000023,23.0,0.014221205723668844,2.0,2.0,-0.48746089289880545,-0.4988076180520693,-0.2550771716026666,32.06966810594895,16.406050860587456,20.319541163181817,8.579070255398733,4.0729879439559395,43.40641437415574,52.18432406435493,-0.07130760317319104,0.16211071120497814,0.16500000000002046,0.13999999999998636,0.2400000000000091,0.0,25939.0,25939.0,2022-04-18,2022-04-18 12:15:00,3.26465078940327,103.0,1.0,best_within_2.0d,26041.0,347.31,0.8449477351916402,5.740000000000009,30.0,0.017118997912317354,4.850000000000023,23.0,0.014221205723668844,0.4929364202292669,5.6011759621451125,36.843533123028394,0.015614239272951093,2.82998018927445,22.52492113564669,0.007835530045022196,1.8630914826498424,0.00402220134195386,1.9444468750000041,16.553125,0.005470102952261012,0.0,0
25939.0,2022-04-18 12:20:00,336.33,336.48,336.02,336.25,472134.0,2,2,1.0,buy,False,0.874564459930319,4.163492493946733,28.239017640954685,0.011578080659927173,-0.49469162938025546,-0.3169136252751985,-0.5642594399653262,-0.001669898523212563,31.54205198550426,14.73274677834566,18.457276368236432,7.283687598564121,472134.0,5.020000000000039,1.0,5.740000000000009,30.0,0.017118997912317354,5.020000000000039,24.0,0.014719680975838723,2.0,2.0,-0.49469162938025546,-0.5642594399653262,-0.3169136252751985,31.54205198550426,14.73274677834566,18.457276368236432,7.283687598564121,4.07773324634194,42.05890576940934,54.33710322570323,-0.023786162400019056,0.13689661329683842,0.1500000000000341,0.2300000000000182,0.07999999999998408,0.0,25940.0,25940.0,2022-04-18,2022-04-18 12:20:00,3.289219330855019,102.0,1.0,best_within_2.0d,26041.0,347.31,0.874564459930319,5.740000000000009,30.0,0.017118997912317354,5.020000000000039,24.0,0.014719680975838723,0.4929364202292669,5.6011759621451125,36.843533123028394,0.015614239272951093,2.82998018927445,22.52492113564669,0.007835530045022196,1.8630914826498424,0.00402220134195386,1.9444468750000041,16.553125,0.005470102952261012,0.0,0
25940.0,2022-04-18 12:25:00,336.23,336.25,335.855,335.94,479774.0,2,2,1.0,buy,False,0.9033101045296157,4.163492493946733,28.239017640954685,0.011578080659927173,-0.5070796317835967,-0.3802985792481481,-0.6338383951399464,-0.0018766205803947191,29.515620612853994,11.11855124658558,16.01103466101948,1.3335844177177805,479774.0,5.185000000000002,1.0,5.740000000000009,30.0,0.017118997912317354,5.185000000000002,25.0,0.015203495191179925,2.0,2.0,-0.5070796317835967,-0.6338383951399464,-0.3802985792481481,29.515620612853994,11.11855124658558,16.01103466101948,1.3335844177177805,4.338018393198244,36.99709972484494,56.09948833476887,-0.08625048330012802,0.11761027824507059,0.01999999999998181,0.08499999999997954,0.29000000000002046,0.0,25941.0,25941.0,2022-04-18,2022-04-18 12:25:00,3.3845329523129144,101.0,1.0,best_within_2.0d,26041.0,347.31,0.9033101045296157,5.740000000000009,30.0,0.017118997912317354,5.185000000000002,25.0,0.015203495191179925,0.4929364202292669,5.6011759621451125,36.843533123028394,0.015614239272951093,2.82998018927445,22.52492113564669,0.007835530045022196,1.8630914826498424,0.00402220134195386,1.9444468750000041,16.553125,0.005470102952261012,0.0,0
25941.0,2022-04-18 12:30:00,335.93,336.1987,335.8,336.17,409227.0,2,2,1.0,buy,False,0.9128919860627179,4.163492493946733,28.239017640954685,0.011578080659927173,-0.45197189502218826,-0.43679506612592167,-0.6627810136370158,-0.001962994139569199,32.95710302990226,12.918319878676146,14.980129733571701,8.794700168885036,409227.0,5.240000000000009,1.0,5.740000000000009,30.0,0.017118997912317354,5.240000000000009,26.0,0.015364766596293716,2.0,2.0,-0.45197189502218826,-0.6627810136370158,-0.43679506612592167,32.95710302990226,12.918319878676146,14.980129733571701,8.794700168885036,4.541384992669191,34.5145259442832,57.57410959989324,0.0714434554817995,0.11873138773078097,0.02869999999995798,0.12999999999999545,0.2400000000000091,1.0,25942.0,25942.0,2022-04-18,2022-04-18 12:30:00,3.3137995656959234,100.0,1.0,best_within_2.0d,26041.0,347.31,0.9128919860627179,5.740000000000009,30.0,0.017118997912317354,5.240000000000009,26.0,0.015364766596293716,0.4929364202292669,5.6011759621451125,36.843533123028394,0.015614239272951093,2.82998018927445,22.52492113564669,0.007835530045022196,1.8630914826498424,0.00402220134195386,1.9444468750000041,16.553125,0.005470102952261012,1.0,0
25970.0,2022-04-18 14:55:00,339.82,339.9,339.29,339.3283,394202.0,2s,2s,1.0,buy,False,0.3048780487804873,4.163492493946733,28.239017640954685,0.011578080659927173,-0.19056690261035802,0.6144350323020127,0.5191515809968337,0.0015303450468972636,51.40473312691753,34.886021274842506,51.45888261847815,1.7402985875712176,394202.0,1.579999999999984,1.0,5.740000000000009,30.0,0.017118997912317354,1.579999999999984,7.0,0.004635198169390043,1.0,2.5,-0.19056690261035802,0.5191515809968337,0.6144350323020127,51.40473312691753,34.886021274842506,51.45888261847815,1.7402985875712176,18.451191684954118,16.59515465155619,54.48098114692591,-0.1446942498969985,0.17978720268795328,0.07999999999998408,0.03829999999999245,0.49169999999998026,0.0,25971.0,25971.0,2022-04-18,2022-04-18 14:55:00,2.3522058136618695,71.0,1.0,best_within_2.0d,26041.0,347.31,0.5832424107187206,4.3760036431226785,32.22527881040892,0.012230020343504162,2.285057100371749,15.890706319702602,0.006381710269403211,0.3048780487804873,5.740000000000009,30.0,0.017118997912317354,1.579999999999984,7.0,0.004635198169390043,1.0,0.00402220134195386,1.9444468750000041,16.553125,0.005470102952261012,0.0,0
25971.0,2022-04-18 15:00:00,339.32,339.58,338.95,339.0,434560.0,2s,2s,1.0,buy,False,0.36411149825784467,4.163492493946733,28.239017640954685,0.011578080659927173,-0.31065424694195487,0.5756032514342684,0.42027612796329095,0.001238946342373024,47.76393680534983,24.125403072117415,42.34772276969124,-12.319236323030239,434560.0,1.920000000000016,1.0,5.740000000000009,30.0,0.017118997912317354,1.920000000000016,8.0,0.005632645876727245,1.0,2.5,-0.31065424694195487,0.42027612796329095,0.5756032514342684,47.76393680534983,24.125403072117415,42.34772276969124,-12.319236323030239,16.57878129913426,19.89453755896184,51.23883314292484,-0.09430625957797749,0.1858681221419075,0.2599999999999909,0.05000000000001137,0.3199999999999932,0.0,25972.0,25972.0,2022-04-18,2022-04-18 15:00:00,2.4513274336283195,70.0,1.0,best_within_2.0d,26041.0,347.31,0.5832424107187206,4.3760036431226785,32.22527881040892,0.012230020343504162,2.285057100371749,15.890706319702602,0.006381710269403211,0.36411149825784467,5.740000000000009,30.0,0.017118997912317354,1.920000000000016,8.0,0.005632645876727245,1.0,0.00402220134195386,1.9444468750000041,16.553125,0.005470102952261012,0.0,0
25972.0,2022-04-18 15:05:00,339.0,339.4,338.88,339.03,373027.0,2s,2s,1.0,buy,False,0.37630662020906297,4.163492493946733,28.239017640954685,0.011578080659927173,-0.37630392904560805,0.5285652603035673,0.3404132957807633,0.001003557743183965,48.125498378697664,18.596164862148235,34.43053680051024,-13.072579014575773,373027.0,1.990000000000009,1.0,5.740000000000009,30.0,0.017118997912317354,1.990000000000009,9.0,0.005838002757649571,1.0,2.5,-0.37630392904560805,0.3404132957807633,0.5285652603035673,48.125498378697664,18.596164862148235,34.43053680051024,-13.072579014575773,13.835477650801128,21.02556839846193,49.052130775573126,0.008849557522115845,0.15344664778092004,0.37000000000000455,0.12000000000000455,0.029999999999972715,1.0,25973.0,25973.0,2022-04-18,2022-04-18 15:05:00,2.4422617467480845,69.0,1.0,best_within_2.0d,26041.0,347.31,0.5832424107187206,4.3760036431226785,32.22527881040892,0.012230020343504162,2.285057100371749,15.890706319702602,0.006381710269403211,0.37630662020906297,5.740000000000009,30.0,0.017118997912317354,1.990000000000009,9.0,0.005838002757649571,1.0,0.00402220134195386,1.9444468750000041,16.553125,0.005470102952261012,0.0,0
25973.0,2022-04-18 15:10:00,339.04,339.355,338.551,338.85,423559.0,2s,2s,1.0,buy,False,0.43362369337979595,4.163492493946733,28.239017640954685,0.011578080659927173,-0.4303374203115279,0.4747730827646263,0.2596043726088624,0.0007653880285037045,46.0652426705314,17.04607508222871,28.63571622774973,-6.1332072088133245,423559.0,2.319000000000017,1.0,5.740000000000009,30.0,0.017118997912317354,2.319000000000017,10.0,0.0068031800979846185,1.0,2.5,-0.4303374203115279,0.2596043726088624,0.4747730827646263,46.0652426705314,17.04607508222871,28.63571622774973,-6.1332072088133245,13.520275089691461,24.049056242215467,47.55018830892952,-0.0560405851816888,0.23748268355433316,0.3149999999999977,0.299000000000035,0.18999999999999773,0.0,25974.0,25974.0,2022-04-18,2022-04-18 15:10:00,2.496679946879144,68.0,1.0,best_within_2.0d,26041.0,347.31,0.5832424107187206,4.3760036431226785,32.22527881040892,0.012230020343504162,2.285057100371749,15.890706319702602,0.006381710269403211,0.43362369337979595,5.740000000000009,30.0,0.017118997912317354,2.319000000000017,10.0,0.0068031800979846185,1.0,0.00402220134195386,1.9444468750000041,16.553125,0.005470102952261012,0.0,0
25975.0,2022-04-18 15:20:00,338.69,339.01,338.32,338.51,449835.0,2s,2s,1.0,buy,False,0.4738675958188193,4.163492493946733,28.239017640954685,0.011578080659927173,-0.5033801422391095,0.35269097032525576,0.10100089920570099,0.00029785388276213633,42.252539412319976,11.75518605606113,19.58186354944893,-3.898168930714469,449835.0,2.5500000000000114,1.0,5.740000000000009,30.0,0.017118997912317354,2.5500000000000114,12.0,0.007480857805028343,1.0,2.5,-0.5033801422391095,0.10100089920570099,0.35269097032525576,42.252539412319976,11.75518605606113,19.58186354944893,-3.898168930714469,13.182478721195634,21.787419555740666,44.1900283861425,-0.05314594466916851,0.2039489240955302,0.3199999999999932,0.18999999999999773,0.18000000000000682,0.0,25976.0,25976.0,2022-04-18,2022-04-18 15:20:00,2.5996277805677854,66.0,1.0,best_within_2.0d,26041.0,347.31,0.5832424107187206,4.3760036431226785,32.22527881040892,0.012230020343504162,2.285057100371749,15.890706319702602,0.006381710269403211,0.4738675958188193,5.740000000000009,30.0,0.017118997912317354,2.5500000000000114,12.0,0.007480857805028343,1.0,0.00402220134195386,1.9444468750000041,16.553125,0.005470102952261012,0.0,0
25976.0,2022-04-18 15:25:00,338.51,338.6,338.31,338.365,385900.0,2s,2s,1.0,buy,False,0.4756097560975634,4.163492493946733,28.239017640954685,0.011578080659927173,-0.520798296896601,0.28759118321318067,0.02719203476488019,8.020270878997835e-05,40.64670688308963,8.827781695031854,15.99716959797657,-5.510994110857574,385900.0,2.5600000000000023,1.0,5.740000000000009,30.0,0.017118997912317354,2.5600000000000023,13.0,0.0075101945023029375,1.0,2.5,-0.520798296896601,0.02719203476488019,0.28759118321318067,40.64670688308963,8.827781695031854,15.99716959797657,-5.510994110857574,9.112519809825748,23.87366991170519,44.229989590250305,-0.042834775929804676,0.08572019745204708,0.09000000000003183,0.05500000000000682,0.1449999999999818,0.0,25977.0,25977.0,2022-04-18,2022-04-18 15:25:00,2.64359493446426,65.0,1.0,best_within_2.0d,26041.0,347.31,0.5832424107187206,4.3760036431226785,32.22527881040892,0.012230020343504162,2.285057100371749,15.890706319702602,0.006381710269403211,0.4756097560975634,5.740000000000009,30.0,0.017118997912317354,2.5600000000000023,13.0,0.0075101945023029375,1.0,0.00402220134195386,1.9444468750000041,16.553125,0.005470102952261012,0.0,0
25977.0,2022-04-18 15:30:00,338.35,338.35,337.48,337.6299,565376.0,2s,2s,1.0,buy,False,0.6202090592334489,4.163492493946733,28.239017640954685,0.011578080659927173,-0.6034831086753913,0.21215579462875675,-0.0895857597089389,-0.000264314054667119,33.66196976906846,7.749615657384444,13.247984951112526,-3.247122930071722,565376.0,3.3899999999999864,1.0,5.740000000000009,30.0,0.017118997912317354,3.3899999999999864,14.0,0.00994514037609642,1.0,2.5,-0.6034831086753913,-0.0895857597089389,0.21215579462875675,33.66196976906846,7.749615657384444,13.247984951112526,-3.247122930071722,5.0361417229530785,34.82640123237367,46.40873757348447,-0.21282695433722537,0.25779305440322525,0.0,0.14990000000000236,0.7201000000000022,0.0,25978.0,25978.0,2022-04-18,2022-04-18 15:30:00,2.867074272746573,64.0,1.0,best_within_2.0d,26041.0,347.31,0.5832424107187206,4.3760036431226785,32.22527881040892,0.012230020343504162,2.285057100371749,15.890706319702602,0.006381710269403211,0.6202090592334489,5.740000000000009,30.0,0.017118997912317354,3.3899999999999864,14.0,0.00994514037609642,1.0,0.00402220134195386,1.9444468750000041,16.553125,0.005470102952261012,0.0,0
25978.0,2022-04-18 15:35:00,337.62,337.74,337.22,337.4399,392194.0,2s,2s,1.0,buy,False,0.665505226480834,4.163492493946733,28.239017640954685,0.011578080659927173,-0.6517918450781509,0.13068181399398787,-0.19521410854508758,-0.0005761486894266114,32.12535671030123,7.901485065121963,11.465818322449005,0.7728185504678784,392194.0,3.6499999999999773,1.0,5.740000000000009,30.0,0.017118997912317354,3.6499999999999773,15.0,0.010707894505236534,1.0,2.5,-0.6517918450781509,-0.19521410854508758,0.13068181399398787,32.12535671030123,7.901485065121963,11.465818322449005,0.7728185504678784,3.05905855912104,39.942564614808425,49.220424727062515,-0.05334399620874999,0.15420200462605474,0.12000000000000455,0.21989999999999554,0.18009999999998172,0.0,25979.0,25979.0,2022-04-18,2022-04-18 15:35:00,2.9249949398396513,63.0,1.0,best_within_2.0d,26041.0,347.31,0.5832424107187206,4.3760036431226785,32.22527881040892,0.012230020343504162,2.285057100371749,15.890706319702602,0.006381710269403211,0.665505226480834,5.740000000000009,30.0,0.017118997912317354,3.6499999999999773,15.0,0.010707894505236534,1.0,0.00402220134195386,1.9444468750000041,16.553125,0.005470102952261012,0.0,0
25979.0,2022-04-18 15:40:00,337.44,337.82,337.11,337.5401,617431.0,2s,2s,1.0,buy,False,0.6846689895470385,4.163492493946733,28.239017640954685,0.011578080659927173,-0.6374965620829245,0.05099474373362232,-0.2677535373078399,-0.0007904614472032944,33.84056006754386,11.071975198610145,11.334537281169386,10.546851033491663,617431.0,3.759999999999991,1.0,5.740000000000009,30.0,0.017118997912317354,3.759999999999991,16.0,0.011030598175257403,1.0,2.5,-0.6374965620829245,-0.2677535373078399,0.05099474373362232,33.84056006754386,11.071975198610145,11.334537281169386,10.546851033491663,2.9521629111941823,39.87227376792426,51.86273139399754,0.029664532954005937,0.21061374625492554,0.2798999999999978,0.3299999999999841,0.10009999999999764,1.0,25980.0,25980.0,2022-04-18,2022-04-18 15:40:00,2.894441282680193,62.0,1.0,best_within_2.0d,26041.0,347.31,0.5832424107187206,4.3760036431226785,32.22527881040892,0.012230020343504162,2.285057100371749,15.890706319702602,0.006381710269403211,0.6846689895470385,5.740000000000009,30.0,0.017118997912317354,3.759999999999991,16.0,0.011030598175257403,1.0,0.00402220134195386,1.9444468750000041,16.553125,0.005470102952261012,0.0,0
25980.0,2022-04-18 15:45:00,337.53,337.53,336.86,336.96,893912.0,2s,2s,1.0,buy,False,0.7282229965156795,4.163492493946733,28.239017640954685,0.011578080659927173,-0.6700890047001122,-0.032766381853891705,-0.3678108842039478,-0.0010862711610580003,29.234555354921383,8.693652757078251,10.454242439805673,5.172473391623406,893912.0,4.009999999999991,1.0,5.740000000000009,30.0,0.017118997912317354,4.009999999999991,17.0,0.011764015607122924,1.0,2.5,-0.6700890047001122,-0.3678108842039478,-0.032766381853891705,29.234555354921383,8.693652757078251,10.454242439805673,5.172473391623406,0.47036135511130506,41.85040157100726,55.142333460305615,-0.16887387787751998,0.19889568366679303,0.0,0.0999999999999659,0.5699999999999932,0.0,25981.0,25981.0,2022-04-18,2022-04-18 15:45:00,3.0715811965812034,61.0,1.0,best_within_2.0d,26041.0,347.31,0.5832424107187206,4.3760036431226785,32.22527881040892,0.012230020343504162,2.285057100371749,15.890706319702602,0.006381710269403211,0.7282229965156795,5.740000000000009,30.0,0.017118997912317354,4.009999999999991,17.0,0.011764015607122924,1.0,0.00402220134195386,1.9444468750000041,16.553125,0.005470102952261012,0.0,0
25981.0,2022-04-18 15:50:00,336.98,337.66,336.72,337.49,1025372.0,2s,2s,1.0,buy,False,0.7526132404181161,4.163492493946733,28.239017640954685,0.011578080659927173,-0.5871459700716478,-0.10615962811284767,-0.3997326131486716,-0.0011808335449025875,37.592191427260886,15.536438966451716,12.148307948687687,22.312701001979775,1025372.0,4.149999999999977,1.0,5.740000000000009,30.0,0.017118997912317354,4.149999999999977,18.0,0.012174729368967574,1.0,2.5,-0.5871459700716478,-0.3997326131486716,-0.10615962811284767,37.592191427260886,15.536438966451716,12.148307948687687,22.312701001979775,0.44923125301850375,38.285733538482305,58.18077300583438,0.15134429342987443,0.27916369684010384,0.17000000000001592,0.2599999999999909,0.5099999999999909,1.0,25982.0,25982.0,2022-04-18,2022-04-18 15:50:00,2.909715843432396,60.0,1.0,best_within_2.0d,26041.0,347.31,0.5832424107187206,4.3760036431226785,32.22527881040892,0.012230020343504162,2.285057100371749,15.890706319702602,0.006381710269403211,0.7526132404181161,5.740000000000009,30.0,0.017118997912317354,4.149999999999977,18.0,0.012174729368967574,1.0,0.00402220134195386,1.9444468750000041,16.553125,0.005470102952261012,1.0,0
26028.0,2022-04-18 19:45:00,340.35,340.92,340.35,340.89,10986.0,1,1,0.0,sell,False,0.9684835310609494,4.199999999999989,48.0,0.012473271560940807,-0.008768492381348691,0.09333455121525647,0.08895030502458212,0.00026135740849367664,67.68891412410645,49.19910658957673,33.248021392816334,81.10127698309752,10986.0,4.199999999999989,1.0,4.199999999999989,48.0,0.012473271560940807,4.199999999999989,48.0,0.012473271560940807,1.0,1.0,-0.008768492381348691,0.08895030502458212,0.09333455121525647,67.68891412410645,49.19910658957673,33.248021392816334,81.10127698309752,38.21989528795743,27.748691099476797,29.82296088171741,0.15866020273247058,0.1674746584398393,0.03000000000002956,0.0,0.5399999999999636,1.0,26029.0,26029.0,2022-04-18,2022-04-18 19:45:00,1.070726627357792,19.0,1.0,best_within_2.0d,26047.0,337.24,0.5832424107187206,4.3760036431226785,32.22527881040892,0.012230020343504162,2.285057100371749,15.890706319702602,0.006381710269403211,0.4929364202292669,5.6011759621451125,36.843533123028394,0.015614239272951093,2.82998018927445,22.52492113564669,0.007835530045022196,1.8630914826498424,0.00402220134195386,1.9444468750000041,16.553125,0.005470102952261012,0.0,1
26029.0,2022-04-18 19:50:00,340.9,341.38,340.84,341.28,58645.0,1,1,0.0,sell,False,0.9684835310612853,4.659999999999968,49.0,0.013839391779519981,0.09110376766403849,0.10472252217326128,0.15027440600528053,0.0004414520354881581,74.0826806459329,63.354959948606044,43.28366757807957,103.49754468965898,58645.0,4.659999999999968,1.0,4.659999999999968,49.0,0.013839391779519981,4.659999999999968,49.0,0.013839391779519981,1.0,1.0,0.09110376766403849,0.15027440600528053,0.10472252217326128,74.0826806459329,63.354959948606044,43.28366757807957,103.49754468965898,49.79079497907732,20.920502092049333,30.609063844942153,0.11146963919037708,0.15843210890741125,0.10000000000002274,0.060000000000002274,0.37999999999999545,1.0,26030.0,26030.0,2022-04-18,2022-04-18 19:50:00,1.1837787154242745,18.0,1.0,best_within_2.0d,26047.0,337.24,0.5832424107187206,4.3760036431226785,32.22527881040892,0.012230020343504162,2.285057100371749,15.890706319702602,0.006381710269403211,0.4929364202292669,5.6011759621451125,36.843533123028394,0.015614239272951093,2.82998018927445,22.52492113564669,0.007835530045022196,1.8630914826498424,0.00402220134195386,1.9444468750000041,16.553125,0.005470102952261012,0.0,1
26030.0,2022-04-18 19:55:00,341.3,341.45,341.3,341.4,44371.0,1,1,0.0,sell,False,0.9684835310612462,4.729999999999961,50.0,0.014047279638868974,0.1623327241969953,0.1250141126978857,0.20618047479638335,0.0006055533766775741,75.67751122358732,74.25763734106513,53.60832416574142,115.55626369171256,44371.0,4.729999999999961,1.0,4.729999999999961,50.0,0.014047279638868974,4.729999999999961,50.0,0.014047279638868974,1.0,1.0,0.1623327241969953,0.20618047479638335,0.1250141126978857,75.67751122358732,74.25763734106513,53.60832416574142,115.55626369171256,50.39999999999735,19.599999999999472,31.565559284589067,0.029299736302363284,0.043949604453553254,0.05000000000001137,0.0,0.0999999999999659,1.0,26031.0,26031.0,2022-04-18,2022-04-18 19:55:00,1.21851200937316,17.0,1.0,best_within_2.0d,26047.0,337.24,0.5832424107187206,4.3760036431226785,32.22527881040892,0.012230020343504162,2.285057100371749,15.890706319702602,0.006381710269403211,0.4929364202292669,5.6011759621451125,36.843533123028394,0.015614239272951093,2.82998018927445,22.52492113564669,0.007835530045022196,1.8630914826498424,0.00402220134195386,1.9444468750000041,16.553125,0.005470102952261012,1.0,1
26039.0,2022-04-19 04:40:00,339.86,339.86,339.3,339.32,9954.0,2s,2s,1.0,buy,False,0.3031358885017433,4.163492493946733,28.239017640954685,0.011578080659927173,-0.2200739304556218,-0.045134635467230545,-0.15517160069504143,-0.0004561732474308124,36.130946775347255,12.344184931204962,19.51494982182949,-1.9973448500440938,9954.0,2.1499999999999773,1.0,5.740000000000009,30.0,0.017118997912317354,2.1499999999999773,10.0,0.006296675940840467,2.0,2.5,-0.2200739304556218,-0.15517160069504143,-0.045134635467230545,36.130946775347255,12.344184931204962,19.51494982182949,-1.9973448500440938,23.760683760683435,41.709401709401504,27.21321179444103,-0.15888895427529584,0.16504568228706226,0.0,0.01999999999998181,0.5400000000000205,0.0,26040.0,26040.0,2022-04-19,2022-04-19 04:40:00,2.354709418837678,2.0,1.0,best_within_2.0d,26041.0,347.31,0.5832424107187206,4.3760036431226785,32.22527881040892,0.012230020343504162,2.285057100371749,15.890706319702602,0.006381710269403211,0.3031358885017433,5.740000000000009,30.0,0.017118997912317354,2.1499999999999773,10.0,0.006296675940840467,2.0,0.00402220134195386,1.9444468750000041,16.553125,0.005470102952261012,0.0,0
26040.0,2022-04-19 04:45:00,339.31,339.33,338.0,338.17,30754.0,2s,2s,1.0,buy,False,0.5296167247386787,4.163492493946733,28.239017640954685,0.011578080659927173,-0.3917758972201758,-0.09410662261975251,-0.2899945712298404,-0.000852895103246793,26.200757783124587,10.703983549478918,16.5779610643793,-1.0439714803218436,30754.0,3.4499999999999886,1.0,5.740000000000009,30.0,0.017118997912317354,3.4499999999999886,11.0,0.010103968370185939,2.0,2.5,-0.3917758972201758,-0.2899945712298404,-0.09410662261975251,26.200757783124587,10.703983549478918,16.5779610643793,-1.0439714803218436,19.436619718309732,52.67605633802813,28.561821666266688,-0.3359759511950683,0.3934911242603503,0.01999999999998181,0.17000000000001592,1.1399999999999864,0.0,26041.0,26041.0,2022-04-19,2022-04-19 04:45:00,2.702782624123957,1.0,1.0,best_within_2.0d,26041.0,347.31,0.5832424107187206,4.3760036431226785,32.22527881040892,0.012230020343504162,2.285057100371749,15.890706319702602,0.006381710269403211,0.5296167247386787,5.740000000000009,30.0,0.017118997912317354,3.4499999999999886,11.0,0.010103968370185939,2.0,0.00402220134195386,1.9444468750000041,16.553125,0.005470102952261012,0.0,0
26041.0,2022-04-19 04:50:00,347.32,347.43,347.02,347.31,934398.0,1p,1p,0.0,sell,False,5.3310917423141335,3.25,22.0,0.009442733453425533,0.30374430232470284,0.39861965905124885,0.5504918102136003,0.0015912458954781413,77.8208861024821,94.84600649768461,93.0163673260731,98.50528484090768,934398.0,3.25,0.0,3.25,22.0,0.009442733453425533,3.25,0.0,0.0,1.0,1.0,0.30374430232470284,0.5504918102136003,0.39861965905124885,77.8208861024821,94.84600649768461,93.0163673260731,98.50528484090768,35.681825832295225,7.429225435082372,34.83313669530075,-0.0028791892203129405,0.11814880986687366,0.11000000000001364,0.29000000000002046,0.009999999999990905,0.0,26042.0,26042.0,2022-04-19,2022-04-19 04:50:00,2.564026646928209,9.0,1.0,best_within_2.0d,26050.0,346.41,0.5832424107187206,4.3760036431226785,32.22527881040892,0.012230020343504162,2.285057100371749,15.890706319702602,0.006381710269403211,0.4929364202292669,5.6011759621451125,36.843533123028394,0.015614239272951093,2.82998018927445,22.52492113564669,0.007835530045022196,1.8630914826498424,0.00402220134195386,1.9444468750000041,16.553125,0.005470102952261012,0.0,1
26041.0,2022-04-19 04:50:00,338.08,338.31,337.75,337.75,24817.0,2s,2s,1.0,buy,False,0.5731707317073197,4.163492493946733,28.239017640954685,0.011578080659927173,-0.5307487570337496,-0.16045021724897118,-0.42582459576584597,-0.0012529985434317611,23.64481978862034,7.135989032985945,13.430637053914847,-5.45330700887186,24817.0,3.6999999999999886,1.0,5.740000000000009,30.0,0.017118997912317354,3.6999999999999886,12.0,0.010836139991213908,2.0,2.5,-0.5307487570337496,-0.42582459576584597,-0.16045021724897118,23.64481978862034,7.135989032985945,13.430637053914847,-5.45330700887186,17.368421052631437,52.49999999999996,30.113297681226673,-0.09761003312824897,0.16580310880829083,0.2300000000000182,0.0,0.3299999999999841,0.0,26042.0,26042.0,2022-04-19,2022-04-19 04:50:00,2.564026646928209,9.0,1.0,best_within_2.0d,26050.0,346.41,0.5832424107187206,4.3760036431226785,32.22527881040892,0.012230020343504162,2.285057100371749,15.890706319702602,0.006381710269403211,0.5731707317073197,5.740000000000009,30.0,0.017118997912317354,3.6999999999999886,12.0,0.010836139991213908,2.0,0.00402220134195386,1.9444468750000041,16.553125,0.005470102952261012,0.0,0
26042.0,2022-04-19 04:55:00,337.78,337.95,337.66,337.75,53127.0,2s,2s,1.0,buy,False,0.5888501742160261,4.163492493946733,28.239017640954685,0.011578080659927173,-0.58710593834195,-0.23383845954171495,-0.52739142871269,-0.0015525700277069082,23.644819788620325,5.971900920775732,10.944391676201809,-3.973080590076421,53127.0,3.7899999999999636,1.0,5.740000000000009,30.0,0.017118997912317354,3.7899999999999636,13.0,0.011099721774783904,2.0,2.5,-0.58710593834195,-0.52739142871269,-0.23383845954171495,23.644819788620325,5.971900920775732,10.944391676201809,-3.973080590076421,10.013717421124348,55.967078189300466,32.9371028216084,-0.008881520516304316,0.08588520997451982,0.17000000000001592,0.08999999999997499,0.029999999999972715,0.0,26043.0,26043.0,2022-04-19,2022-04-19 04:55:00,2.564026646928209,8.0,1.0,best_within_2.0d,26050.0,346.41,0.5832424107187206,4.3760036431226785,32.22527881040892,0.012230020343504162,2.285057100371749,15.890706319702602,0.006381710269403211,0.5888501742160261,5.740000000000009,30.0,0.017118997912317354,3.7899999999999636,13.0,0.011099721774783904,2.0,0.00402220134195386,1.9444468750000041,16.553125,0.005470102952261012,0.0,0
26043.0,2022-04-19 05:00:00,337.74,337.79,337.49,337.73,35829.0,2s,2s,1.0,buy,False,0.6184668989547049,4.163492493946733,28.239017640954685,0.011578080659927173,-0.5899414496845117,-0.30758114075227894,-0.6025518655945348,-0.001774590529846386,23.518116156494244,7.011570310820315,9.633451221074644,1.7678084903116584,35829.0,3.9599999999999795,1.0,5.740000000000009,30.0,0.017118997912317354,3.9599999999999795,14.0,0.01159759847708297,2.0,2.5,-0.5899414496845117,-0.6025518655945348,-0.30758114075227894,23.518116156494244,7.011570310820315,9.633451221074644,1.7678084903116584,3.8297872340423202,60.2836879432628,36.87395957328876,-0.0029608574643189747,0.08889152271178742,0.05000000000001137,0.2400000000000091,0.009999999999990905,0.0,26044.0,26044.0,2022-04-19,2022-04-19 05:00:00,2.570100376040034,7.0,1.0,best_within_2.0d,26050.0,346.41,0.5832424107187206,4.3760036431226785,32.22527881040892,0.012230020343504162,2.285057100371749,15.890706319702602,0.006381710269403211,0.6184668989547049,5.740000000000009,30.0,0.017118997912317354,3.9599999999999795,14.0,0.01159759847708297,2.0,0.00402220134195386,1.9444468750000041,16.553125,0.005470102952261012,0.0,0
26047.0,2022-04-19 05:20:00,337.62,337.68,337.24,337.24,34126.0,2s,2s,1.0,buy,False,0.6620209059233458,4.163492493946733,28.239017640954685,0.011578080659927173,-0.4211836767539121,-0.5438679717054244,-0.7544598100823805,-0.002225374069413849,22.46975141848722,5.264886936322714,7.626576459776217,0.5415078894157084,34126.0,4.2099999999999795,1.0,5.740000000000009,30.0,0.017118997912317354,4.2099999999999795,18.0,0.012329770098110938,2.0,2.5,-0.4211836767539121,-0.7544598100823805,-0.5438679717054244,22.46975141848722,5.264886936322714,7.626576459776217,0.5415078894157084,5.51470588235228,52.57352941176663,48.48201689753226,-0.11255257389964915,0.13047088127149736,0.060000000000002274,0.0,0.37999999999999545,0.0,26048.0,26048.0,2022-04-19,2022-04-19 05:20:00,2.719131775590089,3.0,1.0,best_within_2.0d,26050.0,346.41,0.5832424107187206,4.3760036431226785,32.22527881040892,0.012230020343504162,2.285057100371749,15.890706319702602,0.006381710269403211,0.6620209059233458,5.740000000000009,30.0,0.017118997912317354,4.2099999999999795,18.0,0.012329770098110938,2.0,0.00402220134195386,1.9444468750000041,16.553125,0.005470102952261012,0.0,0
26048.0,2022-04-19 05:25:00,337.3,337.31,337.04,337.26,35624.0,2s,2s,1.0,buy,False,0.6968641114982568,4.163492493946733,28.239017640954685,0.011578080659927173,-0.3766458229574705,-0.5909486995751083,-0.7792716110538436,-0.002299446880291356,22.936379151212634,6.71225359073587,7.321802170096101,5.493156432015407,35624.0,4.409999999999968,1.0,5.740000000000009,30.0,0.017118997912317354,4.409999999999968,19.0,0.01291550739493328,2.0,2.5,-0.3766458229574705,-0.7792716110538436,-0.5909486995751083,22.936379151212634,6.71225359073587,7.321802170096101,5.493156432015407,5.5045871559626525,56.1467889908276,50.886362629341356,-0.011858879335908823,0.08010918585330577,0.009999999999990905,0.21999999999997044,0.040000000000020464,0.0,26049.0,26049.0,2022-04-19,2022-04-19 05:25:00,2.713040384273271,2.0,1.0,best_within_2.0d,26050.0,346.41,0.5832424107187206,4.3760036431226785,32.22527881040892,0.012230020343504162,2.285057100371749,15.890706319702602,0.006381710269403211,0.6968641114982568,5.740000000000009,30.0,0.017118997912317354,4.409999999999968,19.0,0.01291550739493328,2.0,0.00402220134195386,1.9444468750000041,16.553125,0.005470102952261012,0.0,0
26049.0,2022-04-19 05:30:00,337.07,337.34,336.9,337.3,9492.0,2s,2s,1.0,buy,False,0.7212543554007033,4.163492493946733,28.239017640954685,0.011578080659927173,-0.31310541653319857,-0.6300868766417581,-0.7866395849083574,-0.002321997670394054,23.922589982502444,13.931100502571596,9.524901614254599,22.74349827920559,9492.0,4.550000000000011,1.0,5.740000000000009,30.0,0.017118997912317354,4.550000000000011,20.0,0.01332552350270907,2.0,2.5,-0.31310541653319857,-0.7866395849083574,-0.6300868766417581,23.922589982502444,13.931100502571596,9.524901614254599,22.74349827920559,2.8725314183119077,57.4506283662504,53.714207475545,0.06823508470051272,0.1306025526862564,0.03999999999996362,0.17000000000001592,0.2300000000000182,1.0,26050.0,26050.0,2022-04-19,2022-04-19 05:30:00,2.7008597687518567,1.0,1.0,best_within_2.0d,26050.0,346.41,0.5832424107187206,4.3760036431226785,32.22527881040892,0.012230020343504162,2.285057100371749,15.890706319702602,0.006381710269403211,0.7212543554007033,5.740000000000009,30.0,0.017118997912317354,4.550000000000011,20.0,0.01332552350270907,2.0,0.00402220134195386,1.9444468750000041,16.553125,0.005470102952261012,1.0,0
26050.0,2022-04-19 05:35:00,346.14,346.78,346.14,346.41,300915.0,1,1,0.0,sell,False,0.3883673965547269,1.4799999999999613,6.0,0.00428612800463354,0.1293749560400339,-0.1496782148141852,-0.08499073679416824,-0.00024561425251807243,58.13347604847698,61.5390234768091,44.471634714609415,95.67380100120847,300915.0,1.4799999999999613,1.0,1.4799999999999613,6.0,0.00428612800463354,1.4799999999999613,6.0,0.00428612800463354,1.0,1.0,0.1293749560400339,-0.08499073679416824,-0.1496782148141852,58.13347604847698,61.5390234768091,44.471634714609415,95.67380100120847,23.6466362208705,17.14832397696795,27.499144270891836,0.07800312012481617,0.18489628474027456,0.3699999999999477,0.0,0.27000000000003865,1.0,26051.0,26051.0,2022-04-19,2022-04-19 05:35:00,0.09180560902656507,48.0,1.0,best_within_2.0d,26098.0,337.36,0.5832424107187206,4.3760036431226785,32.22527881040892,0.012230020343504162,2.285057100371749,15.890706319702602,0.006381710269403211,0.4929364202292669,5.6011759621451125,36.843533123028394,0.015614239272951093,2.82998018927445,22.52492113564669,0.007835530045022196,1.8630914826498424,0.00402220134195386,1.9444468750000041,16.553125,0.005470102952261012,0.0,1
26050.0,2022-04-19 05:35:00,342.91,343.08,342.55,342.79,432456.0,2,2,0.0,sell,False,0.31481481481481405,4.163492493946733,28.239017640954685,0.011578080659927173,0.34953270918529467,-0.7985655739528982,-0.6237992193602508,-0.0018178703573755368,44.75248609131924,71.17286475060209,57.04320303635793,99.4321881790904,432456.0,1.6999999999999886,1.0,5.399999999999977,18.0,0.015571832285598875,1.6999999999999886,8.0,0.0049797879196203316,2.0,2.0,0.34953270918529467,-0.6237992193602508,-0.7985655739528982,44.75248609131924,71.17286475060209,57.04320303635793,99.4321881790904,15.190580938300045,12.810573004940698,33.53519826919245,-0.034994604998397405,0.15472193840314485,0.16999999999995907,0.2400000000000091,0.12000000000000455,0.0,26051.0,26051.0,2022-04-19,2022-04-19 05:35:00,0.09180560902656507,48.0,1.0,best_within_2.0d,26098.0,337.36,0.31481481481481405,5.399999999999977,18.0,0.015571832285598875,1.6999999999999886,8.0,0.0049797879196203316,0.4929364202292669,5.6011759621451125,36.843533123028394,0.015614239272951093,2.82998018927445,22.52492113564669,0.007835530045022196,1.8630914826498424,0.00402220134195386,1.9444468750000041,16.553125,0.005470102952261012,0.0,1
26050.0,2022-04-19 05:35:00,341.69,342.18,341.57,341.98,700289.0,2s,2s,0.0,sell,False,0.1481481481481509,4.163492493946733,28.239017640954685,0.011578080659927173,0.4874424467687464,-0.2732892499932157,-0.0295680266088425,-8.665163143236119e-05,62.006586507181694,84.68898955077742,77.36810722737266,99.33075419758694,700289.0,2.150000000000034,1.0,5.399999999999977,18.0,0.015571832285598875,2.150000000000034,15.0,0.006322971502514585,1.0,2.5,0.4874424467687464,-0.0295680266088425,-0.2732892499932157,62.006586507181694,84.68898955077742,77.36810722737266,99.33075419758694,37.028098041453795,5.7859460869831825,47.58563611494554,0.08487225262665588,0.1785871124513317,0.19999999999998863,0.12000000000000455,0.29000000000002046,1.0,26051.0,26051.0,2022-04-19,2022-04-19 05:35:00,0.09180560902656507,48.0,1.0,best_within_2.0d,26098.0,337.36,0.5832424107187206,4.3760036431226785,32.22527881040892,0.012230020343504162,2.285057100371749,15.890706319702602,0.006381710269403211,0.1481481481481509,5.399999999999977,18.0,0.015571832285598875,2.150000000000034,15.0,0.006322971502514585,1.0,0.00402220134195386,1.9444468750000041,16.553125,0.005470102952261012,0.0,1
26050.0,2022-04-19 05:35:00,337.63,337.79,337.58,337.67,19234.0,3a,3a,0.0,sell,False,0.002343429609233146,4.163492493946733,28.239017640954685,0.011578080659927173,0.3611723508885401,-0.0030641000377697293,0.17752207540650033,0.0005271657507700943,74.27514840247805,89.55496082014257,85.90804511485246,96.84879223072278,19234.0,2.1100000000000136,2.0,2.1100000000000136,24.0,0.006285748331744559,2.1100000000000136,24.0,0.006285748331744559,3.0,3.0,0.3611723508885401,0.17752207540650033,-0.0030641000377697293,74.27514840247805,89.55496082014257,85.90804511485246,96.84879223072278,56.690140845071404,5.281690140844316,64.38741266969808,0.011847288451861643,0.06220747674626352,0.12000000000000455,0.05000000000001137,0.040000000000020464,1.0,26051.0,26051.0,2022-04-19,2022-04-19 05:35:00,0.09180560902656507,48.0,1.0,best_within_2.0d,26098.0,337.36,0.5832424107187206,4.3760036431226785,32.22527881040892,0.012230020343504162,2.285057100371749,15.890706319702602,0.006381710269403211,0.4929364202292669,5.6011759621451125,36.843533123028394,0.015614239272951093,2.82998018927445,22.52492113564669,0.007835530045022196,1.8630914826498424,0.002343429609233146,2.1100000000000136,24.0,0.006285748331744559,0.0,1
26055.0,2022-04-19 06:00:00,337.67,337.74,337.5,337.51,4473.0,2,2,0.0,sell,False,0.18461538461539115,4.163492493946733,28.239017640954685,0.011578080659927173,0.08587043791508786,-0.6838006459409399,-0.640865426983396,-0.0018945149040693957,34.97065898123921,59.274861429285366,44.65839618084846,88.50779192615919,4473.0,0.8400000000000318,1.0,4.550000000000011,20.0,0.01332552350270907,0.8400000000000318,7.0,0.0024933214603740927,2.0,2.0,0.08587043791508786,-0.640865426983396,-0.6838006459409399,34.97065898123921,59.274861429285366,44.65839618084846,88.50779192615919,18.28978622327806,33.25415676959672,55.88165555568363,-0.04738354014275032,0.0711111111111138,0.06999999999999318,0.009999999999990905,0.160000000000025,0.0,26056.0,26056.0,2022-04-19,2022-04-19 06:00:00,0.04444312761102701,43.0,1.0,best_within_2.0d,26098.0,337.36,0.18461538461539115,4.550000000000011,20.0,0.01332552350270907,0.8400000000000318,7.0,0.0024933214603740927,0.4929364202292669,5.6011759621451125,36.843533123028394,0.015614239272951093,2.82998018927445,22.52492113564669,0.007835530045022196,1.8630914826498424,0.00402220134195386,1.9444468750000041,16.553125,0.005470102952261012,0.0,1
26058.0,2022-04-19 06:15:00,337.61,337.88,337.59,337.88,18234.0,2,2,0.0,sell,False,0.21538461538461884,4.163492493946733,28.239017640954685,0.011578080659927173,0.236692760870707,-0.6180048917537404,-0.4996585113183869,-0.0014776396868804976,44.152208300632346,79.11495012366865,63.95200578219148,109.44083880662299,18234.0,0.9800000000000182,1.0,4.550000000000011,20.0,0.01332552350270907,0.9800000000000182,10.0,0.002908875037103052,2.0,2.0,0.236692760870707,-0.4996585113183869,-0.6180048917537404,44.152208300632346,79.11495012366865,63.95200578219148,109.44083880662299,22.891566265060092,34.457831325301555,49.878337860635995,0.07997393442136838,0.08590301845434417,0.0,0.020000000000038654,0.2699999999999818,1.0,26059.0,26059.0,2022-04-19,2022-04-19 06:15:00,0.1539007931810056,40.0,1.0,best_within_2.0d,26098.0,337.36,0.21538461538461884,4.550000000000011,20.0,0.01332552350270907,0.9800000000000182,10.0,0.002908875037103052,0.4929364202292669,5.6011759621451125,36.843533123028394,0.015614239272951093,2.82998018927445,22.52492113564669,0.007835530045022196,1.8630914826498424,0.00402220134195386,1.9444468750000041,16.553125,0.005470102952261012,0.0,1
26059.0,2022-04-19 06:20:00,337.81,338.1,337.8,338.1,10834.0,2,2,0.0,sell,False,0.26373626373627307,4.163492493946733,28.239017640954685,0.011578080659927173,0.30642732446339993,-0.5797014761958155,-0.4264878139641155,-0.0012612648608207838,48.54880923260804,86.0766334157791,71.32688166005401,115.57613692722927,10834.0,1.2000000000000455,1.0,4.550000000000011,20.0,0.01332552350270907,1.2000000000000455,11.0,0.0035618878005344184,2.0,2.0,0.30642732446339993,-0.4264878139641155,-0.5797014761958155,48.54880923260804,86.0766334157791,71.32688166005401,115.57613692722927,28.39805825242754,31.79611650485439,46.71882524847071,0.08584707379888708,0.08880994671403533,0.0,0.009999999999990905,0.29000000000002046,1.0,26060.0,26060.0,2022-04-19,2022-04-19 06:20:00,0.2188701567583582,39.0,1.0,best_within_2.0d,26098.0,337.36,0.26373626373627307,4.550000000000011,20.0,0.01332552350270907,1.2000000000000455,11.0,0.0035618878005344184,0.4929364202292669,5.6011759621451125,36.843533123028394,0.015614239272951093,2.82998018927445,22.52492113564669,0.007835530045022196,1.8630914826498424,0.00402220134195386,1.9444468750000041,16.553125,0.005470102952261012,0.0,1
26060.0,2022-04-19 06:25:00,338.12,338.27,338.11,338.11,11669.0,2,2,0.0,sell,False,0.30109890109890136,4.163492493946733,28.239017640954685,0.011578080659927173,0.34591857992749087,-0.5364616537048791,-0.36350236374113365,-0.0010750039086058645,48.7463233170471,86.3100421118976,76.3212684773352,106.28758938102243,11669.0,1.3700000000000045,1.0,4.550000000000011,20.0,0.01332552350270907,1.3700000000000045,12.0,0.004066488572276654,2.0,2.0,0.34591857992749087,-0.36350236374113365,-0.5364616537048791,48.7463233170471,86.3100421118976,76.3212684773352,106.28758938102243,32.44552058111323,31.2348668280877,43.51756206532344,-0.0029575298710490076,0.04732187749548022,0.14999999999997726,0.0,0.009999999999990905,0.0,26061.0,26061.0,2022-04-19,2022-04-19 06:25:00,0.22182130076010767,38.0,1.0,best_within_2.0d,26098.0,337.36,0.30109890109890136,4.550000000000011,20.0,0.01332552350270907,1.3700000000000045,12.0,0.004066488572276654,0.4929364202292669,5.6011759621451125,36.843533123028394,0.015614239272951093,2.82998018927445,22.52492113564669,0.007835530045022196,1.8630914826498424,0.00402220134195386,1.9444468750000041,16.553125,0.005470102952261012,0.0,1
26063.0,2022-04-19 06:40:00,338.05,338.45,337.94,338.43,10950.0,2,2,0.0,sell,False,0.3406593406593423,4.163492493946733,28.239017640954685,0.011578080659927173,0.3842788550999352,-0.40281014394836456,-0.21067071639839696,-0.0006230199216647077,55.16064889881104,87.26001273469433,81.93025805977894,97.91952208452511,10950.0,1.5500000000000114,1.0,4.550000000000011,20.0,0.01332552350270907,1.5500000000000114,15.0,0.004600771742356817,2.0,2.0,0.3842788550999352,-0.21067071639839696,-0.40281014394836456,55.16064889881104,87.26001273469433,81.93025805977894,97.91952208452511,43.04123711340106,21.391752577319203,38.746115107222174,0.11240940689247018,0.15091436349647597,0.01999999999998181,0.11000000000001364,0.37999999999999545,1.0,26064.0,26064.0,2022-04-19,2022-04-19 06:40:00,0.31616582454273945,35.0,1.0,best_within_2.0d,26098.0,337.36,0.3406593406593423,4.550000000000011,20.0,0.01332552350270907,1.5500000000000114,15.0,0.004600771742356817,0.4929364202292669,5.6011759621451125,36.843533123028394,0.015614239272951093,2.82998018927445,22.52492113564669,0.007835530045022196,1.8630914826498424,0.00402220134195386,1.9444468750000041,16.553125,0.005470102952261012,0.0,1
26064.0,2022-04-19 06:45:00,338.45,338.45,338.01,338.03,4272.0,2,2,0.0,sell,False,0.3406593406593423,4.163492493946733,28.239017640954685,0.011578080659927173,0.34467515843649554,-0.3597257491438026,-0.18738816992555485,-0.0005541799615915542,47.64336757053701,80.21635257581737,81.35895623179174,77.93114526386861,4272.0,1.5500000000000114,1.0,4.550000000000011,20.0,0.01332552350270907,1.5500000000000114,16.0,0.004600771742356817,2.0,2.0,0.34467515843649554,-0.18738816992555485,-0.3597257491438026,47.64336757053701,80.21635257581737,81.35895623179174,77.93114526386861,33.41836734693725,21.173469387754608,37.580671638281665,-0.12409513960703676,0.13017366350107917,0.0,0.01999999999998181,0.4200000000000159,0.0,26065.0,26065.0,2022-04-19,2022-04-19 06:45:00,0.19820725971066447,34.0,1.0,best_within_2.0d,26098.0,337.36,0.3406593406593423,4.550000000000011,20.0,0.01332552350270907,1.5500000000000114,16.0,0.004600771742356817,0.4929364202292669,5.6011759621451125,36.843533123028394,0.015614239272951093,2.82998018927445,22.52492113564669,0.007835530045022196,1.8630914826498424,0.00402220134195386,1.9444468750000041,16.553125,0.005470102952261012,0.0,1
26067.0,2022-04-19 07:00:00,338.4,338.75,338.32,338.69,28228.0,2,2,0.0,sell,False,0.4065934065934106,4.163492493946733,28.239017640954685,0.011578080659927173,0.35891895612076813,-0.2335670869846392,-0.054107608924255146,-0.00015998985958704036,58.680083887437135,86.52042614966881,83.00359120388663,93.55409604123315,28228.0,1.8500000000000227,1.0,4.550000000000011,20.0,0.01332552350270907,1.8500000000000227,19.0,0.005491243692490421,2.0,2.0,0.35891895612076813,-0.054107608924255146,-0.2335670869846392,58.680083887437135,86.52042614966881,83.00359120388663,93.55409604123315,45.823389021479386,12.171837708830504,37.51877740619881,0.08569739952719281,0.12709860487112995,0.060000000000002274,0.07999999999998408,0.29000000000002046,1.0,26068.0,26068.0,2022-04-19,2022-04-19 07:00:00,0.3926894800555033,31.0,1.0,best_within_2.0d,26098.0,337.36,0.4065934065934106,4.550000000000011,20.0,0.01332552350270907,1.8500000000000227,19.0,0.005491243692490421,0.4929364202292669,5.6011759621451125,36.843533123028394,0.015614239272951093,2.82998018927445,22.52492113564669,0.007835530045022196,1.8630914826498424,0.00402220134195386,1.9444468750000041,16.553125,0.005470102952261012,0.0,1
26070.0,2022-04-19 07:15:00,338.56,338.86,338.5,338.67,27609.0,2,2,0.0,sell,False,0.4307692307692377,4.163492493946733,28.239017640954685,0.011578080659927173,0.31344559720632637,-0.10928438043631483,0.04743841816684835,0.00014023381683694595,57.94622897900641,81.6242525773961,82.71333360493317,79.44609052232198,27609.0,1.9600000000000364,1.0,4.550000000000011,20.0,0.01332552350270907,1.9600000000000364,22.0,0.005817750074206104,2.0,2.0,0.31344559720632637,0.04743841816684835,-0.10928438043631483,57.94622897900641,81.6242525773961,82.71333360493317,79.44609052232198,42.79176201372929,10.526315789473342,41.18282097868944,0.03249054820416282,0.10635155096012221,0.18999999999999773,0.060000000000002274,0.11000000000001364,1.0,26071.0,26071.0,2022-04-19,2022-04-19 07:15:00,0.3868072164644055,28.0,1.0,best_within_2.0d,26098.0,337.36,0.4307692307692377,4.550000000000011,20.0,0.01332552350270907,1.9600000000000364,22.0,0.005817750074206104,0.4929364202292669,5.6011759621451125,36.843533123028394,0.015614239272951093,2.82998018927445,22.52492113564669,0.007835530045022196,1.8630914826498424,0.00402220134195386,1.9444468750000041,16.553125,0.005470102952261012,0.0,1
26072.0,2022-04-19 07:25:00,338.75,338.91,338.5,338.51,35545.0,2,2,0.0,sell,False,0.4417582417582511,4.163492493946733,28.239017640954685,0.011578080659927173,0.24634211034731462,-0.040802985779692304,0.08236806939396502,0.00024345381712378885,53.600930868302406,75.47469093890857,80.69496350472772,65.03414580727025,35545.0,2.0100000000000477,1.0,4.550000000000011,20.0,0.01332552350270907,2.0100000000000477,24.0,0.005966162065895067,2.0,2.0,0.24634211034731462,0.08236806939396502,-0.040802985779692304,53.600930868302406,75.47469093890857,80.69496350472772,65.03414580727025,38.85057471264444,5.057471264367242,46.24336451972973,-0.07084870848708756,0.12112259970458641,0.160000000000025,0.009999999999990905,0.2400000000000091,0.0,26073.0,26073.0,2022-04-19,2022-04-19 07:25:00,0.33972408496055573,26.0,1.0,best_within_2.0d,26098.0,337.36,0.4417582417582511,4.550000000000011,20.0,0.01332552350270907,2.0100000000000477,24.0,0.005966162065895067,0.4929364202292669,5.6011759621451125,36.843533123028394,0.015614239272951093,2.82998018927445,22.52492113564669,0.007835530045022196,1.8630914826498424,0.00402220134195386,1.9444468750000041,16.553125,0.005470102952261012,1.0,1
26077.0,2022-04-19 07:50:00,338.74,339.25,338.74,339.16,63653.0,2,2,0.0,sell,False,0.5164835164835202,4.163492493946733,28.239017640954685,0.011578080659927173,0.16771111127185648,0.046096605507493324,0.12995216114342156,0.00038398756886993756,63.35847857557571,67.80469044114488,62.496130621402166,78.42181008063032,63653.0,2.3500000000000227,1.0,4.550000000000011,20.0,0.01332552350270907,2.3500000000000227,29.0,0.006975363609379706,2.0,2.0,0.16771111127185648,0.12995216114342156,0.046096605507493324,63.35847857557571,67.80469044114488,62.496130621402166,78.42181008063032,36.538461538462705,8.119658119656895,50.02473649429265,0.12398890004133432,0.1505579500501833,0.08999999999997499,0.0,0.4200000000000159,1.0,26078.0,26078.0,2022-04-19,2022-04-19 07:50:00,0.530722962613519,21.0,1.0,best_within_2.0d,26098.0,337.36,0.5164835164835202,4.550000000000011,20.0,0.01332552350270907,2.3500000000000227,29.0,0.006975363609379706,0.4929364202292669,5.6011759621451125,36.843533123028394,0.015614239272951093,2.82998018927445,22.52492113564669,0.007835530045022196,1.8630914826498424,0.00402220134195386,1.9444468750000041,16.553125,0.005470102952261012,0.0,1
26078.0,2022-04-19 07:55:00,339.15,339.28,339.08,339.11,21115.0,2,2,0.0,sell,False,0.5230769230769208,4.163492493946733,28.239017640954685,0.011578080659927173,0.18922257807836343,0.06974942776728875,0.16436071680647046,0.0004855867916626222,62.220704904498746,73.47693648457376,66.15639924245936,88.11801096880257,21115.0,2.3799999999999955,1.0,4.550000000000011,20.0,0.01332552350270907,2.3799999999999955,30.0,0.007064410804392982,2.0,2.0,0.18922257807836343,0.16436071680647046,0.06974942776728875,62.220704904498746,73.47693648457376,66.15639924245936,88.11801096880257,39.18918918918992,8.55855855855729,51.03375127300256,-0.011794191360744102,0.05898313082458082,0.12999999999999545,0.03000000000002956,0.03999999999996362,0.0,26079.0,26079.0,2022-04-19,2022-04-19 07:55:00,0.5160567367520863,20.0,1.0,best_within_2.0d,26098.0,337.36,0.5230769230769208,4.550000000000011,20.0,0.01332552350270907,2.3799999999999955,30.0,0.007064410804392982,0.4929364202292669,5.6011759621451125,36.843533123028394,0.015614239272951093,2.82998018927445,22.52492113564669,0.007835530045022196,1.8630914826498424,0.00402220134195386,1.9444468750000041,16.553125,0.005470102952261012,0.0,1
26079.0,2022-04-19 08:00:00,337.3196,341.33,337.1696,339.2,104972.0,2,2,0.0,sell,False,0.9736263736263727,4.163492493946733,28.239017640954685,0.011578080659927173,0.20300158355706127,0.0951246257119214,0.19662541749045204,0.0005808178216799686,63.49157574976424,65.2522908935712,65.85502979282997,64.04681309505366,104972.0,4.430000000000007,1.0,4.550000000000011,20.0,0.01332552350270907,4.430000000000007,31.0,0.013149302463639084,2.0,2.0,0.20300158355706127,0.19662541749045204,0.0951246257119214,63.49157574976424,65.2522908935712,65.85502979282997,64.04681309505366,44.956348453217366,4.033023344087783,53.35527682199087,0.5574535247877707,1.2339190721820654,2.1299999999999955,0.14999999999997726,1.8804000000000087,1.0,26080.0,26080.0,2022-04-19,2022-04-19 08:00:00,0.542452830188672,19.0,1.0,best_within_2.0d,26098.0,337.36,0.9736263736263727,4.550000000000011,20.0,0.01332552350270907,4.430000000000007,31.0,0.013149302463639084,0.4929364202292669,5.6011759621451125,36.843533123028394,0.015614239272951093,2.82998018927445,22.52492113564669,0.007835530045022196,1.8630914826498424,0.00402220134195386,1.9444468750000041,16.553125,0.005470102952261012,1.0,1
26087.0,2022-04-19 08:40:00,338.89,339.01,338.65,338.65,49089.0,2s,2s,1.0,buy,False,0.4163763066202159,4.163492493946733,28.239017640954685,0.011578080659927173,-0.06893068861301738,0.22495272382462614,0.19048737951811745,0.0005621949200605755,47.068737121831404,44.687968328311094,50.56630528945945,32.93129440601439,49089.0,2.680000000000007,1.0,5.740000000000009,30.0,0.017118997912317354,2.680000000000007,9.0,0.00785163917616385,3.0,2.5,-0.06893068861301738,0.19048737951811745,0.22495272382462614,47.068737121831404,44.687968328311094,50.56630528945945,32.93129440601439,35.70475173518429,14.237408791600132,56.87147417537659,-0.07081943993626519,0.10630444411634836,0.12000000000000455,0.0,0.2400000000000091,0.0,26088.0,26088.0,2022-04-19,2022-04-19 08:40:00,2.291451350952325,10.0,1.0,best_within_2.0d,26097.0,346.41,0.5832424107187206,4.3760036431226785,32.22527881040892,0.012230020343504162,2.285057100371749,15.890706319702602,0.006381710269403211,0.4163763066202159,5.740000000000009,30.0,0.017118997912317354,2.680000000000007,9.0,0.00785163917616385,3.0,0.00402220134195386,1.9444468750000041,16.553125,0.005470102952261012,0.0,0
26088.0,2022-04-19 08:45:00,338.6,338.72,338.25,338.3,65808.0,2s,2s,1.0,buy,False,0.4860627177700376,4.163492493946733,28.239017640954685,0.011578080659927173,-0.16942501061812026,0.20377459749736113,0.119062092188301,0.00035143446727057436,41.984578678777694,30.918105011667098,44.016905196862,4.7205046412773015,65808.0,3.079999999999984,1.0,5.740000000000009,30.0,0.017118997912317354,3.079999999999984,10.0,0.00902352562036734,3.0,2.5,-0.16942501061812026,0.119062092188301,0.20377459749736113,41.984578678777694,30.918105011667098,44.016905196862,4.7205046412773015,35.31197747073814,14.8508316465722,55.722759854578996,-0.0886001181334942,0.13895048041390312,0.12000000000000455,0.05000000000001137,0.30000000000001137,0.0,26089.0,26089.0,2022-04-19,2022-04-19 08:45:00,2.3972805202483043,9.0,1.0,best_within_2.0d,26097.0,346.41,0.5832424107187206,4.3760036431226785,32.22527881040892,0.012230020343504162,2.285057100371749,15.890706319702602,0.006381710269403211,0.4860627177700376,5.740000000000009,30.0,0.017118997912317354,3.079999999999984,10.0,0.00902352562036734,3.0,0.00402220134195386,1.9444468750000041,16.553125,0.005470102952261012,0.0,0
26091.0,2022-04-19 09:00:00,338.51,338.69,338.229,338.26,38869.0,2s,2s,1.0,buy,False,0.4897212543554061,4.163492493946733,28.239017640954685,0.011578080659927173,-0.24200946553236652,0.12245833212310439,0.0014535993569211314,4.2915131594169785e-06,42.05249466765826,17.389769289652193,28.33098020354386,-4.492652538131139,38869.0,3.100999999999999,1.0,5.740000000000009,30.0,0.017118997912317354,3.100999999999999,13.0,0.00908504965868807,3.0,2.5,-0.24200946553236652,0.0014535993569211314,0.12245833212310439,42.05249466765826,17.389769289652193,28.33098020354386,-4.492652538131139,29.53310638681556,15.442883874022545,51.799513903006016,-0.07385306194794836,0.13629818850542466,0.18000000000000682,0.03100000000000591,0.25,0.0,26092.0,26092.0,2022-04-19,2022-04-19 09:00:00,2.409389227221674,6.0,1.0,best_within_2.0d,26097.0,346.41,0.5832424107187206,4.3760036431226785,32.22527881040892,0.012230020343504162,2.285057100371749,15.890706319702602,0.006381710269403211,0.4897212543554061,5.740000000000009,30.0,0.017118997912317354,3.100999999999999,13.0,0.00908504965868807,3.0,0.00402220134195386,1.9444468750000041,16.553125,0.005470102952261012,0.0,0
26092.0,2022-04-19 09:05:00,338.25,338.27,337.32,337.81,114385.0,2s,2s,1.0,buy,False,0.6480836236933836,4.163492493946733,28.239017640954685,0.011578080659927173,-0.30945980213332736,0.08377585685643847,-0.07095404421022522,-0.0002095216142044331,36.308515034226424,18.884846193101566,25.18226886672976,6.290000845845178,114385.0,4.009999999999991,1.0,5.740000000000009,30.0,0.017118997912317354,4.009999999999991,14.0,0.01174816160314063,3.0,2.5,-0.30945980213332736,-0.07095404421022522,0.08377585685643847,36.308515034226424,18.884846193101566,25.18226886672976,6.290000845845178,26.919159373895564,23.686781549462804,48.55578780504312,-0.13008130081300745,0.28163168504683644,0.01999999999998181,0.4900000000000091,0.4399999999999977,0.0,26093.0,26093.0,2022-04-19,2022-04-19 09:05:00,2.545809774725444,5.0,1.0,best_within_2.0d,26097.0,346.41,0.5832424107187206,4.3760036431226785,32.22527881040892,0.012230020343504162,2.285057100371749,15.890706319702602,0.006381710269403211,0.6480836236933836,5.740000000000009,30.0,0.017118997912317354,4.009999999999991,14.0,0.01174816160314063,3.0,0.00402220134195386,1.9444468750000041,16.553125,0.005470102952261012,1.0,0
26097.0,2022-04-19 09:30:00,346.14,346.78,346.14,346.41,300915.0,1p,1p,0.0,sell,False,2.291091845012715,1.4799999999999613,6.0,0.00428612800463354,0.12954089963867566,-0.14993751616329415,-0.08516706634395632,-0.0002461237008724428,58.12200574104949,61.5390234768091,44.471634714609415,95.67380100120847,300915.0,1.4799999999999613,0.0,1.4799999999999613,6.0,0.00428612800463354,1.4799999999999613,0.0,0.0,1.0,1.0,0.12954089963867566,-0.08516706634395632,-0.14993751616329415,58.12200574104949,61.5390234768091,44.471634714609415,95.67380100120847,23.6466362208705,17.14832397696795,27.485805337255048,0.07800312012481617,0.18489628474027456,0.3699999999999477,0.0,0.27000000000003865,1.0,26098.0,26098.0,2022-04-19,2022-04-19 09:30:00,2.6125111861666843,1.0,1.0,best_within_2.0d,26098.0,337.36,0.5832424107187206,4.3760036431226785,32.22527881040892,0.012230020343504162,2.285057100371749,15.890706319702602,0.006381710269403211,0.4929364202292669,5.6011759621451125,36.843533123028394,0.015614239272951093,2.82998018927445,22.52492113564669,0.007835530045022196,1.8630914826498424,0.00402220134195386,1.9444468750000041,16.553125,0.005470102952261012,0.0,1
26098.0,2022-04-19 09:35:00,338.73,338.95,337.25,337.36,1088237.0,2s,2s,1.0,buy,False,0.6602787456446019,4.163492493946733,28.239017640954685,0.011578080659927173,-0.19912163795310525,-0.08659624781296675,-0.18615706678951938,-0.0005500517886368535,37.97107839247005,37.90532362098544,39.49218376821378,34.73160332652877,1088237.0,4.079999999999984,1.0,5.740000000000009,30.0,0.017118997912317354,4.079999999999984,20.0,0.011953241730876233,3.0,2.5,-0.19912163795310525,-0.18615706678951938,-0.08659624781296675,37.97107839247005,37.90532362098544,39.49218376821378,34.73160332652877,18.401507593392694,22.713668107748795,43.078930606550855,-0.4044519233607901,0.5040770941438069,0.21999999999997044,0.11000000000001364,1.3700000000000045,0.0,26099.0,26099.0,2022-04-19,2022-04-19 09:35:00,2.9567820725634233,380.0,1.0,best_within_2.0d,26478.0,347.335,0.5832424107187206,4.3760036431226785,32.22527881040892,0.012230020343504162,2.285057100371749,15.890706319702602,0.006381710269403211,0.6602787456446019,5.740000000000009,30.0,0.017118997912317354,4.079999999999984,20.0,0.011953241730876233,3.0,0.00402220134195386,1.9444468750000041,16.553125,0.005470102952261012,0.0,0
26099.0,2022-04-19 09:40:00,337.34,339.2699,336.98,338.87,1115672.0,2s,2s,1.0,buy,False,0.707317073170731,4.163492493946733,28.239017640954685,0.011578080659927173,-0.058019888052234514,-0.09384873381949607,-0.12285867784561333,-0.00036298492959749946,53.56430839890848,52.782334180442916,43.922233905623486,70.50253473008178,1115672.0,4.349999999999966,1.0,5.740000000000009,30.0,0.017118997912317354,4.349999999999966,21.0,0.01274426508071358,3.0,2.5,-0.058019888052234514,-0.12285867784561333,-0.09384873381949607,53.56430839890848,52.782334180442916,43.922233905623486,70.50253473008178,15.318918621398039,18.796613123687294,40.72999802985389,0.4535483488468695,0.679535877500145,0.39990000000000236,0.3599999999999568,1.5300000000000296,1.0,26100.0,26100.0,2022-04-19,2022-04-19 09:40:00,2.498008085696572,379.0,1.0,best_within_2.0d,26478.0,347.335,0.5832424107187206,4.3760036431226785,32.22527881040892,0.012230020343504162,2.285057100371749,15.890706319702602,0.006381710269403211,0.707317073170731,5.740000000000009,30.0,0.017118997912317354,4.349999999999966,21.0,0.01274426508071358,3.0,0.00402220134195386,1.9444468750000041,16.553125,0.005470102952261012,1.0,0
26103.0,2022-04-19 10:00:00,341.39,341.79,341.03,341.57,866020.0,1,1,0.0,sell,False,1.3541773364769132,4.810000000000002,5.0,0.014273844145053125,0.7267075008760933,0.12119624774445478,0.48454999818250144,0.001429047904781525,69.7506180862477,86.65785439861563,73.21461218823558,113.5443388193757,866020.0,4.810000000000002,1.0,4.810000000000002,5.0,0.014273844145053125,4.810000000000002,5.0,0.014273844145053125,1.0,1.0,0.7267075008760933,0.48454999818250144,0.12119624774445478,69.7506180862477,86.65785439861563,73.21461218823558,113.5443388193757,29.693357617161155,8.142641504085894,40.540313215314875,0.052725621722958145,0.22285429434362017,0.22000000000002728,0.36000000000001364,0.18000000000000682,1.0,26104.0,26104.0,2022-04-19,2022-04-19 10:00:00,0.4039874696255586,250.0,1.0,best_within_2.0d,26353.0,340.1901,0.5832424107187206,4.3760036431226785,32.22527881040892,0.012230020343504162,2.285057100371749,15.890706319702602,0.006381710269403211,0.4929364202292669,5.6011759621451125,36.843533123028394,0.015614239272951093,2.82998018927445,22.52492113564669,0.007835530045022196,1.8630914826498424,0.00402220134195386,1.9444468750000041,16.553125,0.005470102952261012,0.0,1
26104.0,2022-04-19 10:05:00,341.59,342.33,341.34,342.1584,806158.0,1,1,0.0,sell,False,1.5951766865380619,5.349999999999966,6.0,0.015876313134310538,0.8560377079856533,0.22820096124266148,0.6562198152354881,0.0019340370718675197,72.31007247030405,90.03607738723899,78.82176725457005,112.46469765257686,806158.0,5.349999999999966,1.0,5.349999999999966,6.0,0.015876313134310538,5.349999999999966,6.0,0.015876313134310538,1.0,1.0,0.8560377079856533,0.6562198152354881,0.22820096124266148,72.31007247030405,90.03607738723899,78.82176725457005,112.46469765257686,31.89287231388497,7.612484744688591,42.03464799784073,0.16639831376796657,0.29003339778520215,0.1716000000000122,0.25,0.5683999999999969,1.0,26105.0,26105.0,2022-04-19,2022-04-19 10:05:00,0.5752598796346953,249.0,1.0,best_within_2.0d,26353.0,340.1901,0.5832424107187206,4.3760036431226785,32.22527881040892,0.012230020343504162,2.285057100371749,15.890706319702602,0.006381710269403211,0.4929364202292669,5.6011759621451125,36.843533123028394,0.015614239272951093,2.82998018927445,22.52492113564669,0.007835530045022196,1.8630914826498424,0.00402220134195386,1.9444468750000041,16.553125,0.005470102952261012,0.0,1
26105.0,2022-04-19 10:10:00,342.14,343.115,342.09,342.72,1336106.0,1,1,0.0,sell,False,1.788426490065,6.134999999999991,7.0,0.018205828239064605,0.9597435358638481,0.3481689032256425,0.8280406711575665,0.002438613847871698,74.52558507554544,91.2112289889391,82.95158783269306,107.73051130143119,1336106.0,6.134999999999991,1.0,6.134999999999991,7.0,0.018205828239064605,6.134999999999991,7.0,0.018205828239064605,1.0,1.0,0.9597435358638481,0.8280406711575665,0.3481689032256425,74.52558507554544,91.2112289889391,82.95158783269306,107.73051130143119,34.84920330758892,7.333597490078003,43.69141903816388,0.1695212486116914,0.2996287526674367,0.3949999999999818,0.05000000000001137,0.5800000000000409,1.0,26106.0,26106.0,2022-04-19,2022-04-19 10:10:00,0.7381827731092596,248.0,1.0,best_within_2.0d,26353.0,340.1901,0.5832424107187206,4.3760036431226785,32.22527881040892,0.012230020343504162,2.285057100371749,15.890706319702602,0.006381710269403211,0.4929364202292669,5.6011759621451125,36.843533123028394,0.015614239272951093,2.82998018927445,22.52492113564669,0.007835530045022196,1.8630914826498424,0.00402220134195386,1.9444468750000041,16.553125,0.005470102952261012,0.0,1
26106.0,2022-04-19 10:15:00,342.72,343.3595,342.33,343.1147,728979.0,1,1,0.0,sell,False,1.8978454735275416,6.379500000000007,8.0,0.018931390586978476,1.0184622825666545,0.47547668854647435,0.9847078298298015,0.0028977540776356204,75.98019515115291,92.8617222180356,86.25496596114057,106.07523473182565,728979.0,6.379500000000007,1.0,6.379500000000007,8.0,0.018931390586978476,6.379500000000007,8.0,0.018931390586978476,1.0,1.0,1.0184622825666545,0.9847078298298015,0.47547668854647435,75.98019515115291,92.8617222180356,86.25496596114057,106.07523473182565,36.250193868582976,1.4217029416328029,47.174330739939556,0.11516690009337074,0.30073321064471165,0.2447999999999979,0.3900000000000432,0.3947000000000003,1.0,26107.0,26107.0,2022-04-19,2022-04-19 10:15:00,0.8523680273681234,247.0,1.0,best_within_2.0d,26353.0,340.1901,0.5832424107187206,4.3760036431226785,32.22527881040892,0.012230020343504162,2.285057100371749,15.890706319702602,0.006381710269403211,0.4929364202292669,5.6011759621451125,36.843533123028394,0.015614239272951093,2.82998018927445,22.52492113564669,0.007835530045022196,1.8630914826498424,0.00402220134195386,1.9444468750000041,16.553125,0.005470102952261012,0.0,1
26108.0,2022-04-19 10:25:00,343.165,343.38,342.83,342.995,512172.0,1,1,0.0,sell,False,1.897845473520789,6.399999999999977,10.0,0.018992225057866866,0.9004366921363602,0.7124741057791828,1.162692451847363,0.003416866226350289,74.33229536570924,93.48200564116839,90.39791337785951,99.65019016778615,512172.0,6.399999999999977,1.0,6.399999999999977,10.0,0.018992225057866866,6.399999999999977,10.0,0.018992225057866866,1.0,1.0,0.9004366921363602,1.162692451847363,0.7124741057791828,74.33229536570924,93.48200564116839,90.39791337785951,99.65019016778615,35.009128194868325,1.3754814184966406,53.41065945989986,-0.04953885157286317,0.16042936732491656,0.214999999999975,0.16500000000002046,0.17000000000001592,0.0,26109.0,26109.0,2022-04-19,2022-04-19 10:25:00,0.8177670228429079,245.0,1.0,best_within_2.0d,26353.0,340.1901,0.5832424107187206,4.3760036431226785,32.22527881040892,0.012230020343504162,2.285057100371749,15.890706319702602,0.006381710269403211,0.4929364202292669,5.6011759621451125,36.843533123028394,0.015614239272951093,2.82998018927445,22.52492113564669,0.007835530045022196,1.8630914826498424,0.00402220134195386,1.9444468750000041,16.553125,0.005470102952261012,0.0,1
26109.0,2022-04-19 10:30:00,342.985,343.44,342.94,343.28,474063.0,1,1,0.0,sell,False,1.897845473520789,6.4599999999999795,11.0,0.019170277167784376,0.8170088311624286,0.8146002096744864,1.2231046252557007,0.0035920571594992524,75.55900984118789,94.49018716689227,91.76200464087043,99.94655221893595,474063.0,6.4599999999999795,1.0,6.4599999999999795,11.0,0.019170277167784376,6.4599999999999795,11.0,0.019170277167784376,1.0,1.0,0.8170088311624286,1.2231046252557007,0.8146002096744864,75.55900984118789,94.49018716689227,91.76200464087043,99.94655221893595,34.0126002867132,1.3832650084255071,56.180185966573745,0.08600959225620917,0.14579809879279174,0.160000000000025,0.045000000000015916,0.2949999999999591,1.0,26110.0,26110.0,2022-04-19,2022-04-19 10:30:00,0.9001106968072711,244.0,1.0,best_within_2.0d,26353.0,340.1901,0.5832424107187206,4.3760036431226785,32.22527881040892,0.012230020343504162,2.285057100371749,15.890706319702602,0.006381710269403211,0.4929364202292669,5.6011759621451125,36.843533123028394,0.015614239272951093,2.82998018927445,22.52492113564669,0.007835530045022196,1.8630914826498424,0.00402220134195386,1.9444468750000041,16.553125,0.005470102952261012,0.0,1
26110.0,2022-04-19 10:35:00,343.31,343.92,342.9918,343.91,476360.0,1,1,0.0,sell,False,1.8978454735151984,6.939999999999998,12.0,0.02059469404712445,0.7874460583715657,0.9130309669709321,1.306753996156715,0.003834878933626693,78.0556685776788,96.23394093391713,93.252650071886,102.19652265797941,476360.0,6.939999999999998,1.0,6.939999999999998,12.0,0.02059469404712445,6.939999999999998,12.0,0.02059469404712445,1.0,1.0,0.7874460583715657,1.306753996156715,0.9130309669709321,78.0556685776788,96.23394093391713,93.252650071886,102.19652265797941,35.93150701935142,1.3653910604125137,58.78719121343134,0.17476915906906956,0.2706187144998813,0.009999999999990905,0.31819999999999027,0.6000000000000227,1.0,26111.0,26111.0,2022-04-19,2022-04-19 10:35:00,1.0816492687040367,243.0,1.0,best_within_2.0d,26353.0,340.1901,0.5832424107187206,4.3760036431226785,32.22527881040892,0.012230020343504162,2.285057100371749,15.890706319702602,0.006381710269403211,0.4929364202292669,5.6011759621451125,36.843533123028394,0.015614239272951093,2.82998018927445,22.52492113564669,0.007835530045022196,1.8630914826498424,0.00402220134195386,1.9444468750000041,16.553125,0.005470102952261012,0.0,1
26111.0,2022-04-19 10:40:00,343.92,344.49,343.78,344.41,613891.0,1,1,0.0,sell,False,1.8978454735253456,7.509999999999991,13.0,0.022286189091340704,0.7748072672700181,1.0098818753796845,1.3972855090146936,0.004097302681544332,79.81774303960894,96.71858104650367,94.40796039675855,101.3398223459939,613891.0,7.509999999999991,1.0,7.509999999999991,13.0,0.022286189091340704,7.509999999999991,13.0,0.022286189091340704,1.0,1.0,0.7748072672700181,1.3972855090146936,1.0098818753796845,79.81774303960894,96.71858104650367,94.40796039675855,101.3398223459939,37.43225156699311,1.4576679962367356,61.19550758465741,0.14247499418469675,0.20652743033336332,0.07999999999998408,0.1400000000000432,0.4900000000000091,1.0,26112.0,26112.0,2022-04-19,2022-04-19 10:40:00,1.2252547835428855,242.0,1.0,best_within_2.0d,26353.0,340.1901,0.5832424107187206,4.3760036431226785,32.22527881040892,0.012230020343504162,2.285057100371749,15.890706319702602,0.006381710269403211,0.4929364202292669,5.6011759621451125,36.843533123028394,0.015614239272951093,2.82998018927445,22.52492113564669,0.007835530045022196,1.8630914826498424,0.00402220134195386,1.9444468750000041,16.553125,0.005470102952261012,0.0,1
26112.0,2022-04-19 10:45:00,344.411,344.74,344.33,344.53,461740.0,1,1,0.0,sell,False,1.897845473546348,7.759999999999991,14.0,0.02302807288266363,0.7231712793425555,1.100278285297504,1.4618639249687817,0.0042834075362521715,80.22808558692391,95.75356383492368,94.85649487614693,97.5477017524772,461740.0,7.759999999999991,1.0,7.759999999999991,14.0,0.02302807288266363,7.759999999999991,14.0,0.02302807288266363,1.0,1.0,0.7231712793425555,1.4618639249687817,1.100278285297504,80.22808558692391,95.75356383492368,94.85649487614693,97.5477017524772,42.74194716937374,0.0,63.96725704289617,0.03455174195945291,0.11907182063718671,0.21000000000003638,0.08100000000001728,0.11899999999997135,1.0,26113.0,26113.0,2022-04-19,2022-04-19 10:45:00,1.2596580849272925,241.0,1.0,best_within_2.0d,26353.0,340.1901,0.5832424107187206,4.3760036431226785,32.22527881040892,0.012230020343504162,2.285057100371749,15.890706319702602,0.006381710269403211,0.4929364202292669,5.6011759621451125,36.843533123028394,0.015614239272951093,2.82998018927445,22.52492113564669,0.007835530045022196,1.8630914826498424,0.00402220134195386,1.9444468750000041,16.553125,0.005470102952261012,1.0,1
26118.0,2022-04-19 11:15:00,344.43,344.995,344.17,344.31,503487.0,1,1,0.0,sell,False,1.8978454735436279,8.014999999999986,20.0,0.023784794349813003,0.031895828134774096,1.3220622376105193,1.3380101516779064,0.003907703881312013,72.57849377893149,76.93625664572329,82.10306437039463,66.6026411963806,503487.0,8.014999999999986,1.0,8.014999999999986,20.0,0.023784794349813003,8.014999999999986,20.0,0.023784794349813003,1.0,1.0,0.031895828134774096,1.3380101516779064,1.3220622376105193,72.57849377893149,76.93625664572329,82.10306437039463,66.6026411963806,37.71575468233605,5.967682702900936,69.64915122201847,-0.03484017071683783,0.2397071214806603,0.5649999999999977,0.13999999999998636,0.12000000000000455,0.0,26119.0,26119.0,2022-04-19,2022-04-19 11:15:00,1.1965670471377623,235.0,1.0,best_within_2.0d,26353.0,340.1901,0.5832424107187206,4.3760036431226785,32.22527881040892,0.012230020343504162,2.285057100371749,15.890706319702602,0.006381710269403211,0.4929364202292669,5.6011759621451125,36.843533123028394,0.015614239272951093,2.82998018927445,22.52492113564669,0.007835530045022196,1.8630914826498424,0.00402220134195386,1.9444468750000041,16.553125,0.005470102952261012,0.0,1
26119.0,2022-04-19 11:20:00,344.31,345.09,344.21,345.05,418709.0,1,1,0.0,sell,False,1.8978454735357335,8.109999999999957,21.0,0.02406671019051563,0.03399079188883025,1.3263110865966232,1.3433064825410383,0.00392092684582362,76.5316249317705,83.60635939231517,82.6041627110348,85.6107527548759,418709.0,8.109999999999957,1.0,8.109999999999957,21.0,0.02406671019051563,8.109999999999957,21.0,0.02406671019051563,1.0,1.0,0.03399079188883025,1.3433064825410383,1.3263110865966232,76.5316249317705,83.60635939231517,82.6041627110348,85.6107527548759,30.301332773148452,6.068669327544502,69.43336618460592,0.2149225988208327,0.25565788326893335,0.03999999999996362,0.10000000000002274,0.7400000000000091,1.0,26120.0,26120.0,2022-04-19,2022-04-19 11:20:00,1.40846254166064,234.0,1.0,best_within_2.0d,26353.0,340.1901,0.5832424107187206,4.3760036431226785,32.22527881040892,0.012230020343504162,2.285057100371749,15.890706319702602,0.006381710269403211,0.4929364202292669,5.6011759621451125,36.843533123028394,0.015614239272951093,2.82998018927445,22.52492113564669,0.007835530045022196,1.8630914826498424,0.00402220134195386,1.9444468750000041,16.553125,0.005470102952261012,0.0,1
26120.0,2022-04-19 11:25:00,345.07,345.14,344.77,345.06,344662.0,1,1,0.0,sell,False,1.8978454735148147,8.159999999999968,22.0,0.024215086948780246,0.01061492437008038,1.3276379521428834,1.3329454143279236,0.003888615374889957,76.5807582065313,87.06589373021549,84.09140638409502,93.0148684224564,344662.0,8.159999999999968,1.0,8.159999999999968,22.0,0.024215086948780246,8.159999999999968,22.0,0.024215086948780246,1.0,1.0,0.01061492437008038,1.3329454143279236,1.3276379521428834,76.5807582065313,87.06589373021549,84.09140638409502,93.0148684224564,30.368815668028027,6.574705086545627,69.07432014668547,-0.0028979627321966284,0.10731792209299085,0.06999999999999318,0.29000000000002046,0.009999999999990905,0.0,26121.0,26121.0,2022-04-19,2022-04-19 11:25:00,1.4113197704747087,233.0,1.0,best_within_2.0d,26353.0,340.1901,0.5832424107187206,4.3760036431226785,32.22527881040892,0.012230020343504162,2.285057100371749,15.890706319702602,0.006381710269403211,0.4929364202292669,5.6011759621451125,36.843533123028394,0.015614239272951093,2.82998018927445,22.52492113564669,0.007835530045022196,1.8630914826498424,0.00402220134195386,1.9444468750000041,16.553125,0.005470102952261012,0.0,1
26121.0,2022-04-19 11:30:00,345.05,345.24,344.69,344.8099,411817.0,1,1,0.0,sell,False,1.897845473509877,8.259999999999991,23.0,0.024511840465309485,-0.060722307414113885,1.3200476637161191,1.2896865100090622,0.0037607672668951097,72.49298272068053,81.35162146116977,83.17814474311993,77.69857489726945,411817.0,8.259999999999991,1.0,8.259999999999991,23.0,0.024511840465309485,8.259999999999991,23.0,0.024511840465309485,1.0,1.0,-0.060722307414113885,1.2896865100090622,1.3200476637161191,72.49298272068053,81.35162146116977,83.17814474311993,77.69857489726945,31.044409425370283,6.452333387102506,68.82505199345962,-0.06958411824372815,0.15956366590269846,0.18999999999999773,0.11990000000002965,0.240099999999984,0.0,26122.0,26122.0,2022-04-19,2022-04-19 11:30:00,1.3398107188917878,232.0,1.0,best_within_2.0d,26353.0,340.1901,0.5832424107187206,4.3760036431226785,32.22527881040892,0.012230020343504162,2.285057100371749,15.890706319702602,0.006381710269403211,0.4929364202292669,5.6011759621451125,36.843533123028394,0.015614239272951093,2.82998018927445,22.52492113564669,0.007835530045022196,1.8630914826498424,0.00402220134195386,1.9444468750000041,16.553125,0.005470102952261012,0.0,1
26122.0,2022-04-19 11:35:00,344.83,345.52,344.83,345.44,465621.0,1,1,0.0,sell,False,1.897845473509877,8.539999999999964,24.0,0.025342750311591083,-0.04589816377826139,1.3143103932438365,1.2913613113547058,0.0037636119638452424,75.9727619777178,86.008293449747,84.12152764532895,89.78182505858311,465621.0,8.539999999999964,1.0,8.539999999999964,24.0,0.025342750311591083,8.539999999999964,24.0,0.025342750311591083,1.0,1.0,-0.04589816377826139,1.2913613113547058,1.3143103932438365,75.9727619777178,86.008293449747,84.12152764532895,89.78182505858311,32.264697294140696,6.326649795600322,68.7098397858587,0.17689876170867203,0.2000985993098042,0.07999999999998408,0.0,0.6100000000000136,1.0,26123.0,26123.0,2022-04-19,2022-04-19 11:35:00,1.5197718851320128,231.0,1.0,best_within_2.0d,26353.0,340.1901,0.5832424107187206,4.3760036431226785,32.22527881040892,0.012230020343504162,2.285057100371749,15.890706319702602,0.006381710269403211,0.4929364202292669,5.6011759621451125,36.843533123028394,0.015614239272951093,2.82998018927445,22.52492113564669,0.007835530045022196,1.8630914826498424,0.00402220134195386,1.9444468750000041,16.553125,0.005470102952261012,0.0,1
26123.0,2022-04-19 11:40:00,345.45,345.59,345.24,345.45,413376.0,1,1,0.0,sell,False,1.8978454735308832,8.609999999999957,25.0,0.02555047777316148,-0.056888900825026845,1.3071992806407082,1.2787548302281948,0.0037249952736189544,76.02460009956965,88.05047278672293,85.4311760257936,93.2890663085816,413376.0,8.609999999999957,1.0,8.609999999999957,25.0,0.02555047777316148,8.609999999999957,25.0,0.02555047777316148,1.0,1.0,-0.056888900825026845,1.2787548302281948,1.3071992806407082,76.02460009956965,88.05047278672293,85.4311760257936,93.2890663085816,32.98840033708439,6.444257175432309,68.61021738561669,0.0,0.10137875101377763,0.13999999999998636,0.20999999999997954,0.0,0.0,26124.0,26124.0,2022-04-19,2022-04-19 11:40:00,1.5226226660877165,230.0,1.0,best_within_2.0d,26353.0,340.1901,0.5832424107187206,4.3760036431226785,32.22527881040892,0.012230020343504162,2.285057100371749,15.890706319702602,0.006381710269403211,0.4929364202292669,5.6011759621451125,36.843533123028394,0.015614239272951093,2.82998018927445,22.52492113564669,0.007835530045022196,1.8630914826498424,0.00402220134195386,1.9444468750000041,16.553125,0.005470102952261012,0.0,1
26125.0,2022-04-19 11:50:00,345.46,345.78,345.43,345.7114,340191.0,1,1,0.0,sell,False,1.8978454734482215,8.799999999999955,27.0,0.0261143094545669,-0.08639969493346866,1.2861396015515074,1.242939754084773,0.003617201541549894,77.48892241157635,91.55699335263164,88.36972597601982,97.93152810585525,340191.0,8.799999999999955,1.0,8.799999999999955,27.0,0.0261143094545669,8.799999999999955,27.0,0.0261143094545669,1.0,1.0,-0.08639969493346866,1.242939754084773,1.2861396015515074,77.48892241157635,91.55699335263164,88.36972597601982,97.93152810585525,26.604318407102014,7.470298380956305,67.24940944044646,0.07277253517051077,0.10132298873866366,0.0685999999999467,0.029999999999972715,0.2514000000000465,1.0,26126.0,26126.0,2022-04-19,2022-04-19 11:50:00,1.5970835789621207,228.0,1.0,best_within_2.0d,26353.0,340.1901,0.5832424107187206,4.3760036431226785,32.22527881040892,0.012230020343504162,2.285057100371749,15.890706319702602,0.006381710269403211,0.4929364202292669,5.6011759621451125,36.843533123028394,0.015614239272951093,2.82998018927445,22.52492113564669,0.007835530045022196,1.8630914826498424,0.00402220134195386,1.9444468750000041,16.553125,0.005470102952261012,1.0,1
26130.0,2022-04-19 12:15:00,344.91,345.037,344.675,344.95,278193.0,3a,3a,1.0,buy,False,0.012324780232834334,4.163492493946733,28.239017640954685,0.011578080659927173,-0.41976968057568165,1.09440866962258,0.8845238293347393,0.0025707247256652782,63.02091838132999,40.53990011048259,58.069994077131184,5.479712177185405,278193.0,1.1049999999999613,2.0,1.1049999999999613,6.0,0.003195673549655739,1.1049999999999613,6.0,0.003195673549655739,3.0,3.0,-0.41976968057568165,0.8845238293347393,1.09440866962258,63.02091838132999,40.53990011048259,58.069994077131184,5.479712177185405,18.013994342711413,12.580020842638518,55.12767321437132,0.011597228262434728,0.1050264742148303,0.08699999999998909,0.23500000000001364,0.03999999999996362,1.0,26131.0,26131.0,2022-04-19,2022-04-19 12:15:00,0.6914045513842559,348.0,1.0,best_within_2.0d,26478.0,347.335,0.5832424107187206,4.3760036431226785,32.22527881040892,0.012230020343504162,2.285057100371749,15.890706319702602,0.006381710269403211,0.4929364202292669,5.6011759621451125,36.843533123028394,0.015614239272951093,2.82998018927445,22.52492113564669,0.007835530045022196,1.8630914826498424,0.012324780232834334,1.1049999999999613,6.0,0.003195673549655739,0.0,0
26132.0,2022-04-19 12:25:00,345.0399,345.1,344.575,344.65,418637.0,3a,3a,1.0,buy,False,0.012324780232834334,4.163492493946733,28.239017640954685,0.011578080659927173,-0.48298475763134663,0.9803076018827659,0.7388152230670926,0.002146566168536019,57.40090059785273,27.53334726710118,43.472888169010126,-4.345734536716705,418637.0,1.204999999999984,2.0,1.204999999999984,8.0,0.003484874775869004,1.204999999999984,8.0,0.003484874775869004,3.0,3.0,-0.48298475763134663,0.7388152230670926,0.9803076018827659,57.40090059785273,27.53334726710118,43.472888169010126,-4.345734536716705,14.889272812940465,18.376001256478915,49.744605097431894,-0.113001423893298,0.15236160487558126,0.060100000000034015,0.07499999999998863,0.38990000000001146,0.0,26133.0,26133.0,2022-04-19,2022-04-19 12:25:00,0.7790512113738582,346.0,1.0,best_within_2.0d,26478.0,347.335,0.5832424107187206,4.3760036431226785,32.22527881040892,0.012230020343504162,2.285057100371749,15.890706319702602,0.006381710269403211,0.4929364202292669,5.6011759621451125,36.843533123028394,0.015614239272951093,2.82998018927445,22.52492113564669,0.007835530045022196,1.8630914826498424,0.012324780232834334,1.204999999999984,8.0,0.003484874775869004,0.0,0
26133.0,2022-04-19 12:30:00,344.66,344.96,344.51,344.82,282346.0,3a,3a,1.0,buy,False,0.012324780232834334,4.163492493946733,28.239017640954685,0.011578080659927173,-0.4871627156010536,0.9194122624326342,0.6758309046321074,0.001963302033155457,59.3351406336571,26.49204778436684,37.812608040795695,3.8509272715091356,282346.0,1.2699999999999818,2.0,1.2699999999999818,9.0,0.003672855572907577,1.2699999999999818,9.0,0.003672855572907577,3.0,3.0,-0.4871627156010536,0.6758309046321074,0.9194122624326342,59.3351406336571,26.49204778436684,37.812608040795695,3.8509272715091356,14.367525686372748,20.801751726461365,47.49820610169328,0.04642256136481406,0.13062030129749172,0.13999999999998636,0.1500000000000341,0.15999999999996817,1.0,26134.0,26134.0,2022-04-19,2022-04-19 12:30:00,0.7293660460530091,345.0,1.0,best_within_2.0d,26478.0,347.335,0.5832424107187206,4.3760036431226785,32.22527881040892,0.012230020343504162,2.285057100371749,15.890706319702602,0.006381710269403211,0.4929364202292669,5.6011759621451125,36.843533123028394,0.015614239272951093,2.82998018927445,22.52492113564669,0.007835530045022196,1.8630914826498424,0.012324780232834334,1.2699999999999818,9.0,0.003672855572907577,0.0,0
26134.0,2022-04-19 12:35:00,344.8441,344.9,344.28,344.3,370131.0,3a,3a,1.0,buy,False,0.012324780232834334,4.163492493946733,28.239017640954685,0.011578080659927173,-0.547378086728834,0.8509900015915299,0.5773009582271129,0.0016770459782813115,51.615003460879436,18.124328152541732,31.249848078044373,-8.126711698463552,370131.0,1.5,2.0,1.5,10.0,0.004338018393197987,1.5,10.0,0.004338018393197987,3.0,3.0,-0.547378086728834,0.5773009582271129,0.8509900015915299,51.615003460879436,18.124328152541732,31.249848078044373,-8.126711698463552,12.978826571843202,23.678681105544353,46.19038513171877,-0.15778144384665838,0.18008597653073213,0.05589999999995143,0.020000000000038654,0.5441000000000145,0.0,26135.0,26135.0,2022-04-19,2022-04-19 12:35:00,0.8814986930002812,344.0,1.0,best_within_2.0d,26478.0,347.335,0.5832424107187206,4.3760036431226785,32.22527881040892,0.012230020343504162,2.285057100371749,15.890706319702602,0.006381710269403211,0.4929364202292669,5.6011759621451125,36.843533123028394,0.015614239272951093,2.82998018927445,22.52492113564669,0.007835530045022196,1.8630914826498424,0.012324780232834334,1.5,10.0,0.004338018393197987,0.0,0
26135.0,2022-04-19 12:40:00,344.3278,344.78,344.24,344.6682,383004.0,3a,3a,1.0,buy,False,0.012324780232834334,4.163492493946733,28.239017640954685,0.011578080659927173,-0.5249467501546008,0.7853716578222049,0.5228982827449045,0.0015188664666020654,55.982234402570214,25.548294240059363,29.349330132049367,17.946222456079354,383004.0,1.5399999999999636,2.0,1.5399999999999636,11.0,0.004453698883683162,1.5399999999999636,11.0,0.004453698883683162,3.0,3.0,-0.5249467501546008,0.5228982827449045,0.7853716578222049,55.982234402570214,25.548294240059363,29.349330132049367,17.946222456079354,11.380929253681751,24.36457827424323,45.48553360574749,0.09885928467001162,0.15686730188239703,0.11179999999995971,0.08780000000001564,0.34039999999998827,1.0,26136.0,26136.0,2022-04-19,2022-04-19 12:40:00,0.7737296333110993,343.0,1.0,best_within_2.0d,26478.0,347.335,0.5832424107187206,4.3760036431226785,32.22527881040892,0.012230020343504162,2.285057100371749,15.890706319702602,0.006381710269403211,0.4929364202292669,5.6011759621451125,36.843533123028394,0.015614239272951093,2.82998018927445,22.52492113564669,0.007835530045022196,1.8630914826498424,0.012324780232834334,1.5399999999999636,11.0,0.004453698883683162,1.0,0
26139.0,2022-04-19 13:00:00,344.8,345.13,344.73,344.95,208768.0,2,2,0.0,sell,False,0.5779220779220827,4.163492493946733,28.239017640954685,0.011578080659927173,-0.3458015039575437,0.5814132741845118,0.40851252220573997,0.0011860387368895053,58.241998378492916,62.07869130175567,49.390294583065455,87.4554847391361,208768.0,0.8899999999999864,1.0,1.5399999999999636,11.0,0.004453698883683162,0.8899999999999864,5.0,0.002585405531024827,2.0,2.0,-0.3458015039575437,0.40851252220573997,0.5814132741845118,58.241998378492916,62.07869130175567,49.390294583065455,87.4554847391361,8.763564616902517,25.0739888194667,44.77658292941088,0.04350348027841568,0.1160328372929473,0.18000000000000682,0.06999999999999318,0.14999999999997726,1.0,26140.0,26140.0,2022-04-19,2022-04-19 13:00:00,1.4002029279605694,368.0,1.0,best_within_2.0d,26507.0,340.12,0.5779220779220827,1.5399999999999636,11.0,0.004453698883683162,0.8899999999999864,5.0,0.002585405531024827,0.4929364202292669,5.6011759621451125,36.843533123028394,0.015614239272951093,2.82998018927445,22.52492113564669,0.007835530045022196,1.8630914826498424,0.00402220134195386,1.9444468750000041,16.553125,0.005470102952261012,1.0,1
26144.0,2022-04-19 13:25:00,344.74,344.74,344.02,344.05,467697.0,1p,1p,1.0,buy,False,0.6539747689207958,1.1100000000000136,6.0,0.0032161794106568935,-0.3579715231782734,0.3763633245982635,0.1973775630091268,0.0005729756014319438,44.17360958572408,39.223373404133696,50.126770931990706,17.416578348419677,467697.0,1.1100000000000136,0.0,1.1100000000000136,6.0,0.0032161794106568935,1.1100000000000136,0.0,0.0,1.0,1.0,-0.3579715231782734,0.1973775630091268,0.3763633245982635,44.17360958572408,39.223373404133696,50.126770931990706,17.416578348419677,13.093426531329055,26.58818414407817,40.270289346490664,-0.20015083831293082,0.20929015754898767,0.0,0.03000000000002956,0.6899999999999977,0.0,26145.0,26145.0,2022-04-19,2022-04-19 13:25:00,0.9548030809475274,334.0,1.0,best_within_2.0d,26478.0,347.335,0.5832424107187206,4.3760036431226785,32.22527881040892,0.012230020343504162,2.285057100371749,15.890706319702602,0.006381710269403211,0.4929364202292669,5.6011759621451125,36.843533123028394,0.015614239272951093,2.82998018927445,22.52492113564669,0.007835530045022196,1.8630914826498424,0.00402220134195386,1.9444468750000041,16.553125,0.005470102952261012,0.0,0
26145.0,2022-04-19 13:30:00,344.05,344.56,344.02,344.46,318837.0,1p,1p,1.0,buy,False,0.6539747689207958,1.1100000000000136,7.0,0.0032161794106568935,-0.33727633564891035,0.33420378264214967,0.1655656148176945,0.0004806292371439766,50.187098246652596,39.36212881596878,46.53855689331672,25.009272661272888,318837.0,1.1100000000000136,0.0,1.1100000000000136,7.0,0.0032161794106568935,1.1100000000000136,0.0,0.0,1.0,1.0,-0.33727633564891035,0.1655656148176945,0.33420378264214967,50.187098246652596,39.36212881596878,46.53855689331672,25.009272661272888,10.685634997847059,25.35844723369666,40.301551864724885,0.11916872547593901,0.15696761816174074,0.10000000000002274,0.03000000000002956,0.40999999999996817,1.0,26146.0,26146.0,2022-04-19,2022-04-19 13:30:00,0.8346397259478605,333.0,1.0,best_within_2.0d,26478.0,347.335,0.5832424107187206,4.3760036431226785,32.22527881040892,0.012230020343504162,2.285057100371749,15.890706319702602,0.006381710269403211,0.4929364202292669,5.6011759621451125,36.843533123028394,0.015614239272951093,2.82998018927445,22.52492113564669,0.007835530045022196,1.8630914826498424,0.00402220134195386,1.9444468750000041,16.553125,0.005470102952261012,0.0,0
26148.0,2022-04-19 13:45:00,344.23,344.74,344.02,344.68,353266.0,1p,1p,1.0,buy,False,0.6539747689207958,1.1100000000000136,10.0,0.0032161794106568935,-0.2478922236764528,0.2252617044932817,0.1013155926550553,0.00029411589610445335,53.25781909638016,43.29694638407047,41.513380564344324,46.864078023522765,353266.0,1.1100000000000136,0.0,1.1100000000000136,10.0,0.0032161794106568935,1.1100000000000136,0.0,0.0,1.0,1.0,-0.2478922236764528,0.1013155926550553,0.2252617044932817,53.25781909638016,43.29694638407047,41.513380564344324,46.864078023522765,15.087660148348553,19.30209035738428,37.32341059998165,0.13072654910960363,0.20929015754898767,0.060000000000002274,0.21000000000003638,0.44999999999998863,1.0,26149.0,26149.0,2022-04-19,2022-04-19 13:45:00,0.7702796797029049,330.0,1.0,best_within_2.0d,26478.0,347.335,0.5832424107187206,4.3760036431226785,32.22527881040892,0.012230020343504162,2.285057100371749,15.890706319702602,0.006381710269403211,0.4929364202292669,5.6011759621451125,36.843533123028394,0.015614239272951093,2.82998018927445,22.52492113564669,0.007835530045022196,1.8630914826498424,0.00402220134195386,1.9444468750000041,16.553125,0.005470102952261012,1.0,0
26153.0,2022-04-19 14:10:00,344.47,344.47,343.6,343.99,614525.0,1p,1p,1.0,buy,False,0.6539747689207958,1.5299999999999727,15.0,0.004433112160635044,-0.1977699030515565,0.13522296380128573,0.03633801227550748,0.00010548151545014573,43.007645635833136,45.20161763646938,52.034636436883424,31.535580035641274,614525.0,1.5299999999999727,0.0,1.5299999999999727,15.0,0.004433112160635044,1.5299999999999727,0.0,0.0,1.0,1.0,-0.1977699030515565,0.03633801227550748,0.13522296380128573,43.007645635833136,45.20161763646938,52.034636436883424,31.535580035641274,12.893761581223428,35.12970969734514,32.88751608480496,-0.13934450024676115,0.25320139697322597,0.0,0.38999999999998636,0.4800000000000182,0.0,26154.0,26154.0,2022-04-19,2022-04-19 14:10:00,0.9724119887205938,325.0,1.0,best_within_2.0d,26478.0,347.335,0.5832424107187206,4.3760036431226785,32.22527881040892,0.012230020343504162,2.285057100371749,15.890706319702602,0.006381710269403211,0.4929364202292669,5.6011759621451125,36.843533123028394,0.015614239272951093,2.82998018927445,22.52492113564669,0.007835530045022196,1.8630914826498424,0.00402220134195386,1.9444468750000041,16.553125,0.005470102952261012,0.0,0
26154.0,2022-04-19 14:15:00,344.0,344.01,343.57,343.61,380172.0,1p,1p,1.0,buy,False,0.6539747689207958,1.5600000000000023,16.0,0.0045200359284907204,-0.2803086416235191,0.10018438359834585,-0.03996993721341369,-0.00011604634071164506,38.79722920083568,31.005871452635787,45.025048108800874,2.9675181403056143,380172.0,1.5600000000000023,0.0,1.5600000000000023,16.0,0.0045200359284907204,1.5600000000000023,0.0,0.0,1.0,1.0,-0.2803086416235191,-0.03996993721341369,0.10018438359834585,38.79722920083568,31.005871452635787,45.025048108800874,2.9675181403056143,12.834504065540964,34.046019766674405,33.77025791012917,-0.11337209302325185,0.12806706056989775,0.009999999999990905,0.040000000000020464,0.38999999999998636,0.0,26155.0,26155.0,2022-04-19,2022-04-19 14:15:00,1.0840778789907062,324.0,1.0,best_within_2.0d,26478.0,347.335,0.5832424107187206,4.3760036431226785,32.22527881040892,0.012230020343504162,2.285057100371749,15.890706319702602,0.006381710269403211,0.4929364202292669,5.6011759621451125,36.843533123028394,0.015614239272951093,2.82998018927445,22.52492113564669,0.007835530045022196,1.8630914826498424,0.00402220134195386,1.9444468750000041,16.553125,0.005470102952261012,0.0,0
26155.0,2022-04-19 14:20:00,343.61,344.0297,343.48,343.96,415336.0,1p,1p,1.0,buy,False,0.6539747689207958,1.6499999999999773,17.0,0.00478080723205742,-0.274502440868513,0.06587157848978173,-0.07137964194447477,-0.00020726039771291684,44.21437833444598,30.547124178299576,40.199073465300444,11.243225604297834,415336.0,1.6499999999999773,0.0,1.6499999999999773,17.0,0.00478080723205742,1.6499999999999773,0.0,0.0,1.0,1.0,-0.274502440868513,-0.07137964194447477,0.06587157848978173,44.21437833444598,30.547124178299576,40.199073465300444,11.243225604297834,12.341846990659153,31.408892042096113,34.471030993768544,0.10185966648233924,0.16003843018515573,0.06970000000001164,0.12999999999999545,0.3499999999999659,1.0,26156.0,26156.0,2022-04-19,2022-04-19 14:20:00,0.9812187463658566,323.0,1.0,best_within_2.0d,26478.0,347.335,0.5832424107187206,4.3760036431226785,32.22527881040892,0.012230020343504162,2.285057100371749,15.890706319702602,0.006381710269403211,0.4929364202292669,5.6011759621451125,36.843533123028394,0.015614239272951093,2.82998018927445,22.52492113564669,0.007835530045022196,1.8630914826498424,0.00402220134195386,1.9444468750000041,16.553125,0.005470102952261012,1.0,0
26159.0,2022-04-19 14:40:00,344.61,344.74,344.41,344.63,270065.0,2s,2s,0.0,sell,False,0.32467532467533233,4.163492493946733,28.239017640954685,0.011578080659927173,-0.044972743369419074,-0.012084310447318206,-0.03457068213202774,-0.00010038409762202897,53.571511346190945,57.805268237443734,45.237645752384026,82.94051320756316,270065.0,1.259999999999991,1.0,1.5399999999999636,11.0,0.004453698883683162,1.259999999999991,5.0,0.0036683358565272823,1.0,2.5,-0.044972743369419074,-0.03457068213202774,-0.012084310447318206,53.571511346190945,57.805268237443734,45.237645752384026,82.94051320756316,17.852417443079442,20.46694966646499,31.58658116320567,0.005803662110786631,0.09581603321622022,0.11000000000001364,0.19999999999998863,0.01999999999998181,1.0,26160.0,26160.0,2022-04-19,2022-04-19 14:40:00,1.308649856367696,348.0,1.0,best_within_2.0d,26507.0,340.12,0.5832424107187206,4.3760036431226785,32.22527881040892,0.012230020343504162,2.285057100371749,15.890706319702602,0.006381710269403211,0.32467532467533233,1.5399999999999636,11.0,0.004453698883683162,1.259999999999991,5.0,0.0036683358565272823,1.0,0.00402220134195386,1.9444468750000041,16.553125,0.005470102952261012,0.0,1
26161.0,2022-04-19 14:50:00,344.55,344.95,344.368,344.52,271564.0,2s,2s,0.0,sell,False,0.46103896103895864,4.163492493946733,28.239017640954685,0.011578080659927173,0.011044067695871622,-0.01228745443344503,-0.006765420585509219,-1.9643960094143786e-05,51.96281008716614,65.81900893311149,56.12403747649758,85.20895184633932,271564.0,1.4699999999999704,1.0,1.5399999999999636,11.0,0.004453698883683162,1.4699999999999704,7.0,0.004279725165948441,1.0,2.5,0.011044067695871622,-0.006765420585509219,-0.01228745443344503,51.96281008716614,65.81900893311149,56.12403747649758,85.20895184633932,20.986223428075256,17.912177646656257,28.361574857663168,-0.008707009142368178,0.16900525019746135,0.39999999999997726,0.1519999999999868,0.03000000000002956,0.0,26162.0,26162.0,2022-04-19,2022-04-19 14:50:00,1.2771392081736843,346.0,1.0,best_within_2.0d,26507.0,340.12,0.5832424107187206,4.3760036431226785,32.22527881040892,0.012230020343504162,2.285057100371749,15.890706319702602,0.006381710269403211,0.46103896103895864,1.5399999999999636,11.0,0.004453698883683162,1.4699999999999704,7.0,0.004279725165948441,1.0,0.00402220134195386,1.9444468750000041,16.553125,0.005470102952261012,0.0,1
26164.0,2022-04-19 15:05:00,344.68,345.32,344.545,345.2709,380766.0,2s,2s,0.0,sell,False,0.7012987012987075,4.163492493946733,28.239017640954685,0.011578080659927173,0.1526668268303117,0.02355579186850366,0.09988920528365952,0.00028994597956013125,61.07616848266306,83.13264448998504,72.18992014852736,105.0180931729004,380766.0,1.839999999999975,1.0,1.5399999999999636,11.0,0.004453698883683162,1.839999999999975,10.0,0.0053569349015953616,1.0,2.5,0.1526668268303117,0.09988920528365952,0.02355579186850366,61.07616848266306,83.13264448998504,72.18992014852736,105.0180931729004,19.04662400417915,17.761525401593666,23.683784127895446,0.1714343739120275,0.2249343336864494,0.049100000000009913,0.1349999999999909,0.5908999999999764,1.0,26165.0,26165.0,2022-04-19,2022-04-19 15:05:00,1.4918430716286772,343.0,1.0,best_within_2.0d,26507.0,340.12,0.5832424107187206,4.3760036431226785,32.22527881040892,0.012230020343504162,2.285057100371749,15.890706319702602,0.006381710269403211,0.7012987012987075,1.5399999999999636,11.0,0.004453698883683162,1.839999999999975,10.0,0.0053569349015953616,1.0,0.00402220134195386,1.9444468750000041,16.553125,0.005470102952261012,0.0,1
26295.0,2022-04-20 10:00:00,343.07,343.7,342.42,342.89,1052793.0,1,1,1.0,buy,False,2.022438313661302,5.789999999999964,26.0,0.016627896958731698,-1.1052182311187229,-0.3435983526758567,-0.8962074682352181,-0.002591406179076349,17.283438858809433,9.922923828681604,12.520498390411499,4.727774705221815,1052793.0,5.789999999999964,1.0,5.789999999999964,26.0,0.016627896958731698,5.789999999999964,26.0,0.016627896958731698,1.0,1.0,-1.1052182311187229,-0.8962074682352181,-0.3435983526758567,17.283438858809433,9.922923828681604,12.520498390411499,4.727774705221815,2.2866188821950755,45.204696363396415,50.41896218652232,-0.0524674264727335,0.3738099410081107,0.6299999999999955,0.46999999999997044,0.18000000000000682,0.0,26296.0,26296.0,2022-04-20,2022-04-20 10:00:00,1.504855784653978,252.0,1.0,best_within_2.0d,26547.0,348.05,0.5832424107187206,4.3760036431226785,32.22527881040892,0.012230020343504162,2.285057100371749,15.890706319702602,0.006381710269403211,0.4929364202292669,5.6011759621451125,36.843533123028394,0.015614239272951093,2.82998018927445,22.52492113564669,0.007835530045022196,1.8630914826498424,0.00402220134195386,1.9444468750000041,16.553125,0.005470102952261012,0.0,0
26296.0,2022-04-20 10:05:00,342.88,342.94,341.9,342.52,1100114.0,1,1,1.0,buy,False,2.022438313658758,6.310000000000002,27.0,0.01812124867177853,-1.0871000394066384,-0.4794858576016865,-1.0230358773050057,-0.0029602376177775163,15.981582936432602,10.266637087201174,11.769211289341388,7.261488682920742,1100114.0,6.310000000000002,1.0,6.310000000000002,27.0,0.01812124867177853,6.310000000000002,27.0,0.01812124867177853,1.0,1.0,-1.0871000394066384,-1.0230358773050057,-0.4794858576016865,15.981582936432602,10.266637087201174,11.769211289341388,7.261488682920742,0.0,47.12543191374221,53.96046488748501,-0.10499300046663955,0.3041825095057094,0.060000000000002274,0.6200000000000045,0.36000000000001364,0.0,26297.0,26297.0,2022-04-20,2022-04-20 10:05:00,1.6145042625248247,251.0,1.0,best_within_2.0d,26547.0,348.05,0.5832424107187206,4.3760036431226785,32.22527881040892,0.012230020343504162,2.285057100371749,15.890706319702602,0.006381710269403211,0.4929364202292669,5.6011759621451125,36.843533123028394,0.015614239272951093,2.82998018927445,22.52492113564669,0.007835530045022196,1.8630914826498424,0.00402220134195386,1.9444468750000041,16.553125,0.005470102952261012,1.0,0
26301.0,2022-04-20 10:30:00,343.65,344.09,342.95,343.9483,917756.0,3a,3a,0.0,sell,False,0.002585405531024827,4.163492493946733,28.239017640954685,0.011578080659927173,-0.22964881039450846,-0.8543312732657851,-0.9691556784630393,-0.0028100593922684475,41.100044988288374,54.054365798461646,33.65344267240958,94.85621205056577,917756.0,2.1899999999999977,2.0,2.1899999999999977,6.0,0.006405381690552787,2.1899999999999977,6.0,0.006405381690552787,3.0,3.0,-0.22964881039450846,-0.9691556784630393,-0.8543312732657851,41.100044988288374,54.054365798461646,33.65344267240958,94.85621205056577,6.451370446459674,34.824873477977434,60.187751809465816,0.0868034337261866,0.332409972299165,0.14169999999995753,0.6999999999999886,0.2983000000000402,1.0,26302.0,26302.0,2022-04-20,2022-04-20 10:30:00,3.7616990693078076,380.0,1.0,best_within_2.0d,26681.0,331.01,0.5832424107187206,4.3760036431226785,32.22527881040892,0.012230020343504162,2.285057100371749,15.890706319702602,0.006381710269403211,0.4929364202292669,5.6011759621451125,36.843533123028394,0.015614239272951093,2.82998018927445,22.52492113564669,0.007835530045022196,1.8630914826498424,0.002585405531024827,2.1899999999999977,6.0,0.006405381690552787,0.0,1
26310.0,2022-04-20 11:15:00,342.535,342.55,341.78,341.85,634991.0,1,1,1.0,buy,False,0.20381862352055335,2.8000000000000114,5.0,0.008125834349062661,-0.11156584818351889,-0.7336250939907946,-0.789408018082554,-0.002294179811279208,27.782662707058492,25.78380764068106,44.26588260990569,-11.180342297768192,634991.0,2.8000000000000114,1.0,2.8000000000000114,5.0,0.008125834349062661,2.8000000000000114,5.0,0.008125834349062661,1.0,1.0,-0.11156584818351889,-0.789408018082554,-0.7336250939907946,27.782662707058492,25.78380764068106,44.26588260990569,-11.180342297768192,13.72460353348993,23.32389271009276,45.30618823139277,-0.19997956413213314,0.22529112294459555,0.014999999999986358,0.07000000000005002,0.6850000000000023,0.0,26311.0,26311.0,2022-04-20,2022-04-20 11:15:00,1.8136609624104103,237.0,1.0,best_within_2.0d,26547.0,348.05,0.5832424107187206,4.3760036431226785,32.22527881040892,0.012230020343504162,2.285057100371749,15.890706319702602,0.006381710269403211,0.4929364202292669,5.6011759621451125,36.843533123028394,0.015614239272951093,2.82998018927445,22.52492113564669,0.007835530045022196,1.8630914826498424,0.00402220134195386,1.9444468750000041,16.553125,0.005470102952261012,0.0,0
26311.0,2022-04-20 11:20:00,341.86,342.09,341.76,341.7601,672912.0,1,1,1.0,buy,False,0.35171214785822585,2.819999999999993,6.0,0.008183876022984484,-0.19251952257561866,-0.7576900343127468,-0.8539497956005562,-0.002482997557362074,27.30566481903243,17.190387126884673,35.24071744889868,-18.910273517143338,672912.0,2.819999999999993,1.0,2.819999999999993,6.0,0.008183876022984484,2.819999999999993,6.0,0.008183876022984484,1.0,1.0,-0.19251952257561866,-0.8539497956005562,-0.7576900343127468,27.30566481903243,17.190387126884673,35.24071744889868,-18.910273517143338,10.425267512363758,24.687033469277857,44.971287443232605,-0.02922248873807728,0.09655898876404029,0.22999999999996135,0.00010000000003174137,0.099899999999991,0.0,26312.0,26312.0,2022-04-20,2022-04-20 11:20:00,1.8404430476231686,236.0,1.0,best_within_2.0d,26547.0,348.05,0.5832424107187206,4.3760036431226785,32.22527881040892,0.012230020343504162,2.285057100371749,15.890706319702602,0.006381710269403211,0.4929364202292669,5.6011759621451125,36.843533123028394,0.015614239272951093,2.82998018927445,22.52492113564669,0.007835530045022196,1.8630914826498424,0.00402220134195386,1.9444468750000041,16.553125,0.005470102952261012,0.0,0
26312.0,2022-04-20 11:25:00,341.76,342.18,341.65,342.03,499230.0,1,1,1.0,buy,False,0.3517121478585437,2.930000000000007,7.0,0.00850310522955484,-0.1849033201005308,-0.7808029493253132,-0.8732546093755786,-0.0025401628657173254,31.128703769970585,15.783352510073223,28.75492913595686,-10.159800741694049,499230.0,2.930000000000007,1.0,2.930000000000007,7.0,0.00850310522955484,2.930000000000007,7.0,0.00850310522955484,1.0,1.0,-0.1849033201005308,-0.8732546093755786,-0.7808029493253132,31.128703769970585,15.783352510073223,28.75492913595686,-10.159800741694049,7.482929566924843,26.10522019370499,45.719269624050646,0.07900280898875872,0.15512951851310686,0.1500000000000341,0.11000000000001364,0.2699999999999818,1.0,26313.0,26313.0,2022-04-20,2022-04-20 11:25:00,1.7600795251878605,235.0,1.0,best_within_2.0d,26547.0,348.05,0.5832424107187206,4.3760036431226785,32.22527881040892,0.012230020343504162,2.285057100371749,15.890706319702602,0.006381710269403211,0.4929364202292669,5.6011759621451125,36.843533123028394,0.015614239272951093,2.82998018927445,22.52492113564669,0.007835530045022196,1.8630914826498424,0.00402220134195386,1.9444468750000041,16.553125,0.005470102952261012,1.0,0
26317.0,2022-04-20 11:50:00,342.25,342.32,341.53,341.88,599509.0,1,1,1.0,buy,False,0.3517121478562263,3.0500000000000114,12.0,0.00885135527308611,0.049927708798299664,-0.7860094911010013,-0.7610456367018514,-0.0022168877746739464,34.43852492181236,25.858346366660925,25.40221493447378,26.770609231035216,599509.0,3.0500000000000114,1.0,3.0500000000000114,12.0,0.00885135527308611,3.0500000000000114,12.0,0.00885135527308611,1.0,1.0,0.049927708798299664,-0.7610456367018514,-0.7860094911010013,34.43852492181236,25.858346366660925,25.40221493447378,26.770609231035216,11.858176212498215,31.02889442270382,42.04883668356346,-0.10810810810810943,0.23131203700993194,0.06999999999999318,0.35000000000002274,0.37000000000000455,0.0,26318.0,26318.0,2022-04-20,2022-04-20 11:50:00,1.8047268047268095,230.0,1.0,best_within_2.0d,26547.0,348.05,0.5832424107187206,4.3760036431226785,32.22527881040892,0.012230020343504162,2.285057100371749,15.890706319702602,0.006381710269403211,0.4929364202292669,5.6011759621451125,36.843533123028394,0.015614239272951093,2.82998018927445,22.52492113564669,0.007835530045022196,1.8630914826498424,0.00402220134195386,1.9444468750000041,16.553125,0.005470102952261012,0.0,0
26321.0,2022-04-20 12:10:00,341.545,341.6,340.84,340.8888,728053.0,1,1,1.0,buy,False,0.3517121478596934,3.740000000000009,16.0,0.010853793023390821,-0.0415376829490921,-0.7588973464692573,-0.7796661879438034,-0.002274010290878164,29.778170184901796,19.230274829842845,25.616025660571555,6.458773168385427,728053.0,3.740000000000009,1.0,3.740000000000009,16.0,0.010853793023390821,3.740000000000009,16.0,0.010853793023390821,1.0,1.0,-0.0415376829490921,-0.7796661879438034,-0.7588973464692573,29.778170184901796,19.230274829842845,25.616025660571555,6.458773168385427,10.466755098657227,33.7837837837842,43.94323091134341,-0.1921269525245612,0.22297852364747323,0.05500000000000682,0.048800000000028376,0.6562000000000126,0.0,26322.0,26322.0,2022-04-20,2022-04-20 12:10:00,2.100743702931868,226.0,1.0,best_within_2.0d,26547.0,348.05,0.5832424107187206,4.3760036431226785,32.22527881040892,0.012230020343504162,2.285057100371749,15.890706319702602,0.006381710269403211,0.4929364202292669,5.6011759621451125,36.843533123028394,0.015614239272951093,2.82998018927445,22.52492113564669,0.007835530045022196,1.8630914826498424,0.00402220134195386,1.9444468750000041,16.553125,0.005470102952261012,0.0,0
26322.0,2022-04-20 12:15:00,340.92,341.29,340.81,341.13,337361.0,1,1,1.0,buy,False,0.3517121478596934,3.769999999999982,17.0,0.010940855534273557,-0.062066405285003956,-0.7666556471298829,-0.7976888497723849,-0.0023274457117385236,33.010637998061895,17.478116262107605,22.903389194416903,6.627570397489009,337361.0,3.769999999999982,1.0,3.769999999999982,17.0,0.010940855534273557,3.769999999999982,17.0,0.010940855534273557,1.0,1.0,-0.062066405285003956,-0.7976888497723849,-0.7666556471298829,33.010637998061895,17.478116262107605,22.903389194416903,6.627570397489009,10.814167630305658,32.87078675746272,44.41087128042104,0.06159802886307038,0.14084093776591597,0.160000000000025,0.11000000000001364,0.20999999999997954,1.0,26323.0,26323.0,2022-04-20,2022-04-20 12:15:00,2.02855216486384,225.0,1.0,best_within_2.0d,26547.0,348.05,0.5832424107187206,4.3760036431226785,32.22527881040892,0.012230020343504162,2.285057100371749,15.890706319702602,0.006381710269403211,0.4929364202292669,5.6011759621451125,36.843533123028394,0.015614239272951093,2.82998018927445,22.52492113564669,0.007835530045022196,1.8630914826498424,0.00402220134195386,1.9444468750000041,16.553125,0.005470102952261012,0.0,0
26323.0,2022-04-20 12:20:00,341.12,341.13,340.5007,340.7298,374249.0,1,1,1.0,buy,False,0.3517121478602926,4.079299999999989,18.0,0.01183847002147539,-0.10878053894602613,-0.7802532144981361,-0.8346434839711492,-0.00243632357803437,30.50180330017885,14.590047987303507,20.132275458712435,3.50559304448565,374249.0,4.079299999999989,1.0,4.079299999999989,18.0,0.01183847002147539,4.079299999999989,18.0,0.01183847002147539,1.0,1.0,-0.10878053894602613,-0.8346434839711492,-0.7802532144981361,30.50180330017885,14.590047987303507,20.132275458712435,3.50559304448565,11.075897312176131,29.272170985535855,44.459969930745515,-0.1143878986866771,0.18481606645742596,0.009999999999990905,0.22910000000001673,0.390199999999993,0.0,26324.0,26324.0,2022-04-20,2022-04-20 12:20:00,2.148388547171395,224.0,1.0,best_within_2.0d,26547.0,348.05,0.5832424107187206,4.3760036431226785,32.22527881040892,0.012230020343504162,2.285057100371749,15.890706319702602,0.006381710269403211,0.4929364202292669,5.6011759621451125,36.843533123028394,0.015614239272951093,2.82998018927445,22.52492113564669,0.007835530045022196,1.8630914826498424,0.00402220134195386,1.9444468750000041,16.553125,0.005470102952261012,1.0,0
26329.0,2022-04-20 12:50:00,342.25,342.75,342.23,342.48,384614.0,3a,3a,0.0,sell,False,0.002585405531024827,4.163492493946733,28.239017640954685,0.011578080659927173,0.41174398249481947,-0.6463349443235878,-0.4404629530761781,-0.0012866353461208056,51.138214310850834,72.1302743542495,54.85104626571951,106.68873053130947,384614.0,2.249300000000005,2.0,2.249300000000005,7.0,0.006605860134795627,2.249300000000005,7.0,0.006605860134795627,3.0,3.0,0.41174398249481947,-0.4404629530761781,-0.6463349443235878,51.138214310850834,72.1302743542495,54.85104626571951,106.68873053130947,25.668005443622548,22.89529879067539,31.897385429003005,0.06720233747261306,0.1519445986617134,0.2699999999999818,0.01999999999998181,0.2300000000000182,1.0,26330.0,26330.0,2022-04-20,2022-04-20 12:50:00,4.003153468815707,372.0,1.0,best_within_2.0d,26701.0,328.77,0.5832424107187206,4.3760036431226785,32.22527881040892,0.012230020343504162,2.285057100371749,15.890706319702602,0.006381710269403211,0.4929364202292669,5.6011759621451125,36.843533123028394,0.015614239272951093,2.82998018927445,22.52492113564669,0.007835530045022196,1.8630914826498424,0.002585405531024827,2.249300000000005,7.0,0.006605860134795627,0.0,1
26331.0,2022-04-20 13:00:00,342.27,342.97,342.265,342.78,527543.0,3a,3a,0.0,sell,False,0.002585405531024827,4.163492493946733,28.239017640954685,0.011578080659927173,0.4961900553060925,-0.5300954747613629,-0.2820004471083166,-0.0008236772199409326,54.237223005960374,80.65219632324863,67.89020570209988,106.17617756554614,527543.0,2.4693000000000325,2.0,2.4693000000000325,9.0,0.007251967470257866,2.4693000000000325,9.0,0.007251967470257866,3.0,3.0,0.4961900553060925,-0.2820004471083166,-0.5300954747613629,54.237223005960374,80.65219632324863,67.89020570209988,106.17617756554614,27.400595077090067,18.102809563571075,29.12062364011029,0.1490051713559444,0.20598074591326632,0.19000000000005457,0.0049999999999954525,0.5099999999999909,1.0,26332.0,26332.0,2022-04-20,2022-04-20 13:00:00,4.268918840072344,381.0,1.0,best_within_2.0d,26712.0,328.147,0.5832424107187206,4.3760036431226785,32.22527881040892,0.012230020343504162,2.285057100371749,15.890706319702602,0.006381710269403211,0.4929364202292669,5.6011759621451125,36.843533123028394,0.015614239272951093,2.82998018927445,22.52492113564669,0.007835530045022196,1.8630914826498424,0.002585405531024827,2.4693000000000325,9.0,0.007251967470257866,0.0,1
26333.0,2022-04-20 13:10:00,342.295,343.28,342.22,343.0299,525535.0,3a,3a,0.0,sell,False,0.002585405531024827,4.163492493946733,28.239017640954685,0.011578080659927173,0.5114139179578648,-0.40895235989610396,-0.15324540091717154,-0.00044754671420559744,55.97143804388029,81.68317047188577,74.68047564290629,95.68856012984475,525535.0,2.779299999999978,2.0,2.779299999999978,11.0,0.008162391442954385,2.779299999999978,11.0,0.008162391442954385,3.0,3.0,0.5114139179578648,-0.15324540091717154,-0.40895235989610396,55.97143804388029,81.68317047188577,74.68047564290629,95.68856012984475,26.220155483402046,19.402648748860354,26.86044052702498,0.2146978483471806,0.3097422710536922,0.2500999999999749,0.07499999999998863,0.7348999999999819,1.0,26334.0,26334.0,2022-04-20,2022-04-20 13:10:00,4.338659691181442,379.0,1.0,best_within_2.0d,26712.0,328.147,0.5832424107187206,4.3760036431226785,32.22527881040892,0.012230020343504162,2.285057100371749,15.890706319702602,0.006381710269403211,0.4929364202292669,5.6011759621451125,36.843533123028394,0.015614239272951093,2.82998018927445,22.52492113564669,0.007835530045022196,1.8630914826498424,0.002585405531024827,2.779299999999978,11.0,0.008162391442954385,0.0,1
26334.0,2022-04-20 13:15:00,343.01,343.32,342.51,342.6999,428044.0,3a,3a,0.0,sell,False,0.002585405531024827,4.163492493946733,28.239017640954685,0.011578080659927173,0.48358919075410356,-0.348503711051841,-0.10670911567478925,-0.00031162005787681844,52.46726941128072,75.70106101634516,75.02067076738591,77.06184151426368,428044.0,2.8192999999999984,2.0,2.8192999999999984,12.0,0.008279865503947565,2.8192999999999984,12.0,0.008279865503947565,3.0,3.0,0.48358919075410356,-0.10670911567478925,-0.348503711051841,52.46726941128072,75.70106101634516,75.02067076738591,77.06184151426368,27.678828075928575,13.034035621892354,27.511189205302383,-0.0904055275356337,0.23648944556363383,0.3100000000000023,0.18990000000002283,0.31009999999997717,0.0,26335.0,26335.0,2022-04-20,2022-04-20 13:15:00,4.2465434043021375,378.0,1.0,best_within_2.0d,26712.0,328.147,0.5832424107187206,4.3760036431226785,32.22527881040892,0.012230020343504162,2.285057100371749,15.890706319702602,0.006381710269403211,0.4929364202292669,5.6011759621451125,36.843533123028394,0.015614239272951093,2.82998018927445,22.52492113564669,0.007835530045022196,1.8630914826498424,0.002585405531024827,2.8192999999999984,12.0,0.008279865503947565,1.0,1
26339.0,2022-04-20 13:40:00,342.8,343.48,342.71,343.43,346644.0,3a,3a,0.0,sell,False,0.002585405531024827,4.163492493946733,28.239017640954685,0.011578080659927173,0.3804279379573664,-0.09857643650745836,0.09163753247122486,0.0002674805498108429,59.56138173832218,75.66018728570165,71.34173141306249,84.29709903097998,346644.0,2.9793000000000234,2.0,2.9793000000000234,17.0,0.008749761747920116,2.9793000000000234,17.0,0.008749761747920116,3.0,3.0,0.3804279379573664,0.09163753247122486,-0.09857643650745836,59.56138173832218,75.66018728570165,71.34173141306249,84.29709903097998,26.93543115399012,6.153707439674453,38.03240417010674,0.1837806301050162,0.22467975839632304,0.05000000000001137,0.09000000000003183,0.6299999999999955,1.0,26340.0,26340.0,2022-04-20,2022-04-20 13:40:00,4.548233992371081,380.0,1.0,best_within_2.0d,26719.0,327.81,0.5832424107187206,4.3760036431226785,32.22527881040892,0.012230020343504162,2.285057100371749,15.890706319702602,0.006381710269403211,0.4929364202292669,5.6011759621451125,36.843533123028394,0.015614239272951093,2.82998018927445,22.52492113564669,0.007835530045022196,1.8630914826498424,0.002585405531024827,2.9793000000000234,17.0,0.008749761747920116,0.0,1
26340.0,2022-04-20 13:45:00,343.43,343.79,342.99,342.995,458199.0,3a,3a,0.0,sell,False,0.002585405531024827,4.163492493946733,28.239017640954685,0.011578080659927173,0.332823560761496,-0.05697349141227136,0.10943828896847663,0.00031941151468401673,54.09264966314572,69.67771350961638,70.78705877858044,67.45902297168826,458199.0,3.2893000000000256,2.0,3.2893000000000256,18.0,0.009660185720616802,3.2893000000000256,18.0,0.009660185720616802,3.0,3.0,0.332823560761496,0.10943828896847663,-0.05697349141227136,54.09264966314572,69.67771350961638,70.78705877858044,67.45902297168826,24.382675001108915,6.051336613911365,39.61816574925797,-0.12666336662493152,0.23324295168955694,0.36000000000001364,0.0049999999999954525,0.4350000000000023,0.0,26341.0,26341.0,2022-04-20,2022-04-20 13:45:00,4.427178238749837,379.0,1.0,best_within_2.0d,26719.0,327.81,0.5832424107187206,4.3760036431226785,32.22527881040892,0.012230020343504162,2.285057100371749,15.890706319702602,0.006381710269403211,0.4929364202292669,5.6011759621451125,36.843533123028394,0.015614239272951093,2.82998018927445,22.52492113564669,0.007835530045022196,1.8630914826498424,0.002585405531024827,3.2893000000000256,18.0,0.009660185720616802,1.0,1
26346.0,2022-04-20 14:15:00,342.17,342.41,341.84,341.9342,440699.0,2,2,1.0,buy,False,0.592831301492728,4.163492493946733,28.239017640954685,0.011578080659927173,-0.09549515183113513,0.026562756010010912,-0.02118481990555665,-6.183822860292455e-05,41.766639105505966,18.9876542980507,34.239895567170805,-11.516828240189511,440699.0,1.9500000000000455,1.0,3.2893000000000256,18.0,0.009660185720616802,1.9500000000000455,7.0,0.005672067250356454,2.0,2.0,-0.09549515183113513,-0.02118481990555665,0.026562756010010912,41.766639105505966,18.9876542980507,34.239895567170805,-11.516828240189511,16.920689011296826,14.482774717580437,33.375015805213124,-0.0689131133647135,0.16674467587176753,0.2400000000000091,0.09420000000000073,0.2358000000000402,0.0,26347.0,26347.0,2022-04-20,2022-04-20 14:15:00,1.7885897345161834,201.0,1.0,best_within_2.0d,26547.0,348.05,0.592831301492728,3.2893000000000256,18.0,0.009660185720616802,1.9500000000000455,7.0,0.005672067250356454,0.4929364202292669,5.6011759621451125,36.843533123028394,0.015614239272951093,2.82998018927445,22.52492113564669,0.007835530045022196,1.8630914826498424,0.00402220134195386,1.9444468750000041,16.553125,0.005470102952261012,0.0,0
26347.0,2022-04-20 14:20:00,341.94,342.04,341.8,341.98,278638.0,2,2,1.0,buy,False,0.6049919435746188,4.163492493946733,28.239017640954685,0.011578080659927173,-0.14833959146140308,0.008020307077335528,-0.066149488653366,-0.00019311478542299496,42.425936097250556,15.673511575584989,28.051100903308864,-9.081667079862761,278638.0,1.990000000000009,1.0,3.2893000000000256,18.0,0.009660185720616802,1.990000000000009,8.0,0.0057884173477995545,2.0,2.0,-0.14833959146140308,-0.066149488653366,0.008020307077335528,42.425936097250556,15.673511575584989,28.051100903308864,-9.081667079862761,14.581612636795393,16.531591988436716,31.438755321434396,0.011697958706211752,0.07021650087770892,0.060000000000002274,0.13999999999998636,0.040000000000020464,1.0,26348.0,26348.0,2022-04-20,2022-04-20 14:20:00,1.774957599859639,200.0,1.0,best_within_2.0d,26547.0,348.05,0.6049919435746188,3.2893000000000256,18.0,0.009660185720616802,1.990000000000009,8.0,0.0057884173477995545,0.4929364202292669,5.6011759621451125,36.843533123028394,0.015614239272951093,2.82998018927445,22.52492113564669,0.007835530045022196,1.8630914826498424,0.00402220134195386,1.9444468750000041,16.553125,0.005470102952261012,0.0,0
26348.0,2022-04-20 14:25:00,341.99,342.01,341.65,341.6833,249668.0,2,2,1.0,buy,False,0.650594351381761,4.163492493946733,28.239017640954685,0.011578080659927173,-0.2117008968772855,-0.01844230503232516,-0.12429275347096791,-0.00036292366219459004,39.320218833266686,10.967699305841649,22.356633704153122,-11.810169490781298,249668.0,2.140000000000043,1.0,3.2893000000000256,18.0,0.009660185720616802,2.140000000000043,9.0,0.006224730213211679,2.0,2.0,-0.2117008968772855,-0.12429275347096791,-0.01844230503232516,39.320218833266686,10.967699305841649,22.356633704153122,-11.810169490781298,14.932591658902544,19.60596262399315,30.159621500469083,-0.08968098482412784,0.1053709937070141,0.01999999999998181,0.033299999999997,0.30670000000003483,0.0,26349.0,26349.0,2022-04-20,2022-04-20 14:25:00,1.863333677706823,199.0,1.0,best_within_2.0d,26547.0,348.05,0.650594351381761,3.2893000000000256,18.0,0.009660185720616802,2.140000000000043,9.0,0.006224730213211679,0.4929364202292669,5.6011759621451125,36.843533123028394,0.015614239272951093,2.82998018927445,22.52492113564669,0.007835530045022196,1.8630914826498424,0.00402220134195386,1.9444468750000041,16.553125,0.005470102952261012,0.0,0
26349.0,2022-04-20 14:30:00,341.71,341.96,341.54,341.7101,313503.0,2,2,1.0,buy,False,0.6840361171069779,4.163492493946733,28.239017640954685,0.011578080659927173,-0.23655992803628273,-0.048012296036860504,-0.16629226005500186,-0.0004856389250640318,39.749255913628375,10.687000442043395,18.466755950116546,-4.872510574102911,313503.0,2.25,1.0,3.2893000000000256,18.0,0.009660185720616802,2.25,10.0,0.006544692981180372,2.0,2.0,-0.23655992803628273,-0.16629226005500186,-0.048012296036860504,39.749255913628375,10.687000442043395,18.466755950116546,-4.872510574102911,15.014671644463839,21.2291118489024,29.230093087987065,2.9264581086810857e-05,0.12297241904314546,0.24989999999996826,0.16999999999995907,0.00010000000003174137,1.0,26350.0,26350.0,2022-04-20,2022-04-20 14:30:00,1.855344632774975,198.0,1.0,best_within_2.0d,26547.0,348.05,0.6840361171069779,3.2893000000000256,18.0,0.009660185720616802,2.25,10.0,0.006544692981180372,0.4929364202292669,5.6011759621451125,36.843533123028394,0.015614239272951093,2.82998018927445,22.52492113564669,0.007835530045022196,1.8630914826498424,0.00402220134195386,1.9444468750000041,16.553125,0.005470102952261012,0.0,0
26350.0,2022-04-20 14:35:00,341.68,341.73,341.07,341.12,439406.0,2,2,1.0,buy,False,0.8269236615693327,4.163492493946733,28.239017640954685,0.011578080659927173,-0.31418239380391,-0.08728509526234925,-0.24437629216430423,-0.0007138757552130203,34.04184190242839,7.899896817014639,14.94446957241591,-6.189248693787903,439406.0,2.7200000000000273,1.0,3.2893000000000256,18.0,0.009660185720616802,2.7200000000000273,11.0,0.007911806626138128,2.0,2.0,-0.31418239380391,-0.24437629216430423,-0.08728509526234925,34.04184190242839,7.899896817014639,14.94446957241591,-6.189248693787903,14.571050415112197,26.88538616826404,29.26396353904189,-0.16389604308124628,0.19350866391064153,0.05000000000001137,0.05000000000001137,0.5600000000000023,0.0,26351.0,26351.0,2022-04-20,2022-04-20 14:35:00,2.0315431519699834,197.0,1.0,best_within_2.0d,26547.0,348.05,0.8269236615693327,3.2893000000000256,18.0,0.009660185720616802,2.7200000000000273,11.0,0.007911806626138128,0.4929364202292669,5.6011759621451125,36.843533123028394,0.015614239272951093,2.82998018927445,22.52492113564669,0.007835530045022196,1.8630914826498424,0.00402220134195386,1.9444468750000041,16.553125,0.005470102952261012,0.0,0
26351.0,2022-04-20 14:40:00,341.14,341.26,340.92,341.0001,340453.0,2,2,1.0,buy,False,0.8725260693764576,4.163492493946733,28.239017640954685,0.011578080659927173,-0.3600766439840462,-0.132294675760355,-0.3123329977523781,-0.000912653230652314,33.00487077993559,6.427517918010913,12.105485687614244,-4.928417621195749,340453.0,2.8700000000000045,1.0,3.2893000000000256,18.0,0.009660185720616802,2.8700000000000045,12.0,0.008348119491550086,2.0,2.0,-0.3600766439840462,-0.3123329977523781,-0.132294675760355,33.00487077993559,6.427517918010913,12.105485687614244,-4.928417621195749,14.991953121775841,28.060908678247703,29.34193774449688,-0.04100955619394133,0.09973014196878299,0.12000000000000455,0.08009999999995898,0.13990000000001146,0.0,26352.0,26352.0,2022-04-20,2022-04-20 14:40:00,2.0674187485575626,196.0,1.0,best_within_2.0d,26547.0,348.05,0.8725260693764576,3.2893000000000256,18.0,0.009660185720616802,2.8700000000000045,12.0,0.008348119491550086,0.4929364202292669,5.6011759621451125,36.843533123028394,0.015614239272951093,2.82998018927445,22.52492113564669,0.007835530045022196,1.8630914826498424,0.00402220134195386,1.9444468750000041,16.553125,0.005470102952261012,0.0,0
26352.0,2022-04-20 14:45:00,340.97,341.55,340.85,341.2795,387960.0,2,2,1.0,buy,False,0.8938071930197837,4.163492493946733,28.239017640954685,0.011578080659927173,-0.33189293704791845,-0.1737812928913448,-0.33972776141530403,-0.000992905409802742,37.76257185385988,10.852290232801948,11.687753869343478,9.18136295971889,387960.0,2.9399999999999977,1.0,3.2893000000000256,18.0,0.009660185720616802,2.9399999999999977,13.0,0.008551732162075679,2.0,2.0,-0.33189293704791845,-0.33972776141530403,-0.1737812928913448,37.76257185385988,10.852290232801948,11.687753869343478,9.18136295971889,16.333550246350793,27.09199325356158,29.015689186639467,0.09077044901309711,0.2053689306146365,0.27050000000002683,0.12000000000000455,0.30949999999995725,1.0,26353.0,26353.0,2022-04-20,2022-04-20 14:45:00,1.9838578056988558,195.0,1.0,best_within_2.0d,26547.0,348.05,0.8938071930197837,3.2893000000000256,18.0,0.009660185720616802,2.9399999999999977,13.0,0.008551732162075679,0.4929364202292669,5.6011759621451125,36.843533123028394,0.015614239272951093,2.82998018927445,22.52492113564669,0.007835530045022196,1.8630914826498424,0.00402220134195386,1.9444468750000041,16.553125,0.005470102952261012,0.0,0
26353.0,2022-04-20 14:50:00,341.275,341.37,340.155,340.1901,527789.0,1p,1p,1.0,buy,False,2.247598544754839,3.6350000000000477,14.0,0.010573315105151538,-0.4327068235377114,-0.22786964583355873,-0.44422305760241443,-0.0012988611856096393,29.088532515997258,7.689229087240124,10.354912275309026,2.357862711102321,527789.0,3.6350000000000477,0.0,3.6350000000000477,14.0,0.010573315105151538,3.6350000000000477,0.0,0.0,1.0,1.0,-0.4327068235377114,-0.44422305760241443,-0.22786964583355873,29.088532515997258,7.689229087240124,10.354912275309026,2.357862711102321,10.657186923973716,34.295100879007606,30.699172205389107,-0.3178961248260215,0.3571901045111881,0.09500000000002728,0.03509999999999991,1.0849000000000046,0.0,26354.0,26354.0,2022-04-20,2022-04-20 14:50:00,2.3104434843930024,194.0,1.0,best_within_2.0d,26547.0,348.05,0.5832424107187206,4.3760036431226785,32.22527881040892,0.012230020343504162,2.285057100371749,15.890706319702602,0.006381710269403211,0.4929364202292669,5.6011759621451125,36.843533123028394,0.015614239272951093,2.82998018927445,22.52492113564669,0.007835530045022196,1.8630914826498424,0.00402220134195386,1.9444468750000041,16.553125,0.005470102952261012,0.0,0
26354.0,2022-04-20 14:55:00,340.19,340.78,339.96,340.69,671757.0,1p,1p,1.0,buy,False,2.247598544754839,3.830000000000041,15.0,0.01114052183018715,-0.4052520193817919,-0.27852614825628275,-0.4811521579471787,-0.001407240176331137,36.31726239695556,15.058125513942457,11.92265002152017,21.329076498787032,671757.0,3.830000000000041,0.0,3.830000000000041,15.0,0.01114052183018715,3.830000000000041,0.0,0.0,1.0,1.0,-0.4052520193817919,-0.4811521579471787,-0.27852614825628275,36.31726239695556,15.058125513942457,11.92265002152017,21.329076498787032,6.753055072608574,36.6483633316236,33.42644187484279,0.14697668949704576,0.24120484762913086,0.08999999999997499,0.2300000000000182,0.5,1.0,26355.0,26355.0,2022-04-20,2022-04-20 14:55:00,2.160321700079255,193.0,1.0,best_within_2.0d,26547.0,348.05,0.5832424107187206,4.3760036431226785,32.22527881040892,0.012230020343504162,2.285057100371749,15.890706319702602,0.006381710269403211,0.4929364202292669,5.6011759621451125,36.843533123028394,0.015614239272951093,2.82998018927445,22.52492113564669,0.007835530045022196,1.8630914826498424,0.00402220134195386,1.9444468750000041,16.553125,0.005470102952261012,1.0,0
26432.0,2022-04-21 05:35:00,344.61,344.61,344.28,344.28,2195.0,2,2,1.0,buy,False,0.19101123595506228,4.163492493946733,28.239017640954685,0.011578080659927173,-0.21850273330104775,0.45873142879240286,0.349480062141879,0.0010149961169221668,49.76838147027119,13.686589083713415,27.490382153372288,-13.920997055604332,2195.0,1.0200000000000387,1.0,5.340000000000032,73.0,0.015707730321214357,1.0200000000000387,7.0,0.002953953084274656,2.0,2.0,-0.21850273330104775,0.349480062141879,0.45873142879240286,49.76838147027119,13.686589083713415,27.490382153372288,-13.920997055604332,24.999999999999428,45.96774193548423,47.725344672502736,-0.0957604248280784,0.09585221331475571,0.0,0.0,0.3300000000000409,0.0,26433.0,26433.0,2022-04-21,2022-04-21 05:35:00,1.0950389218078422,115.0,1.0,best_within_2.0d,26547.0,348.05,0.19101123595506228,5.340000000000032,73.0,0.015707730321214357,1.0200000000000387,7.0,0.002953953084274656,0.4929364202292669,5.6011759621451125,36.843533123028394,0.015614239272951093,2.82998018927445,22.52492113564669,0.007835530045022196,1.8630914826498424,0.00402220134195386,1.9444468750000041,16.553125,0.005470102952261012,0.0,0
26434.0,2022-04-21 05:45:00,344.33,344.49,344.28,344.49,2136.0,2,2,1.0,buy,False,0.19101123595506228,4.163492493946733,28.239017640954685,0.011578080659927173,-0.2583530645795671,0.3940467905891514,0.26487025829936783,0.0007692328466566956,54.42368967351383,14.03499819842714,19.287031389992393,3.5309318152966327,2136.0,1.0200000000000387,1.0,5.340000000000032,73.0,0.015707730321214357,1.0200000000000387,9.0,0.002953953084274656,2.0,2.0,-0.2583530645795671,0.26487025829936783,0.3940467905891514,54.42368967351383,14.03499819842714,19.287031389992393,3.5309318152966327,29.38775510204002,40.40816326530619,43.80302880207715,0.046467051955979735,0.060996863018483914,0.0,0.05000000000001137,0.160000000000025,1.0,26435.0,26435.0,2022-04-21,2022-04-21 05:45:00,1.0334117100641533,113.0,1.0,best_within_2.0d,26547.0,348.05,0.19101123595506228,5.340000000000032,73.0,0.015707730321214357,1.0200000000000387,9.0,0.002953953084274656,0.4929364202292669,5.6011759621451125,36.843533123028394,0.015614239272951093,2.82998018927445,22.52492113564669,0.007835530045022196,1.8630914826498424,0.00402220134195386,1.9444468750000041,16.553125,0.005470102952261012,0.0,0
26436.0,2022-04-21 06:00:00,344.26,344.26,344.13,344.13,1700.0,2,2,1.0,buy,False,0.2191011235955073,4.163492493946733,28.239017640954685,0.011578080659927173,-0.2968214238726711,0.323271564914094,0.17486085297775844,0.0005078485850992697,46.034462623154354,8.559501686864744,14.278348409017559,-2.8781917574408844,1700.0,1.170000000000016,1.0,5.340000000000032,73.0,0.015707730321214357,1.170000000000016,11.0,0.0033883579496090817,2.0,2.0,-0.2968214238726711,0.17486085297775844,0.323271564914094,46.034462623154354,8.559501686864744,14.278348409017559,-2.8781917574408844,22.471910112358835,44.94382022471767,41.1971514903697,-0.0377621565096135,0.03777642170110001,0.0,0.0,0.12999999999999545,0.0,26437.0,26437.0,2022-04-21,2022-04-21 06:00:00,1.1391044082178292,111.0,1.0,best_within_2.0d,26547.0,348.05,0.2191011235955073,5.340000000000032,73.0,0.015707730321214357,1.170000000000016,11.0,0.0033883579496090817,0.4929364202292669,5.6011759621451125,36.843533123028394,0.015614239272951093,2.82998018927445,22.52492113564669,0.007835530045022196,1.8630914826498424,0.00402220134195386,1.9444468750000041,16.553125,0.005470102952261012,1.0,0
26453.0,2022-04-21 07:25:00,345.16,345.45,345.16,345.42,18169.0,1p,1p,0.0,sell,False,0.06168318697038236,1.3199999999999932,18.0,0.0038357597419579614,0.029519022015585872,0.1744741122174276,0.18923362322522053,0.0005488902243779713,66.244724225383,75.5946655562771,65.4258288348963,95.93233899903873,18169.0,1.3199999999999932,0.0,1.3199999999999932,18.0,0.0038357597419579614,1.3199999999999932,0.0,0.0,1.0,1.0,0.029519022015585872,0.18923362322522053,0.1744741122174276,66.244724225383,75.5946655562771,65.4258288348963,95.93233899903873,40.50632911392287,18.354430379747985,29.54503257097729,0.07532738440143437,0.08401900567851535,0.029999999999972715,0.0,0.2599999999999909,1.0,26454.0,26454.0,2022-04-21,2022-04-21 07:25:00,6.186671298708819,334.0,1.0,best_within_2.0d,26787.0,324.05,0.5832424107187206,4.3760036431226785,32.22527881040892,0.012230020343504162,2.285057100371749,15.890706319702602,0.006381710269403211,0.4929364202292669,5.6011759621451125,36.843533123028394,0.015614239272951093,2.82998018927445,22.52492113564669,0.007835530045022196,1.8630914826498424,0.00402220134195386,1.9444468750000041,16.553125,0.005470102952261012,0.0,1
26454.0,2022-04-21 07:30:00,345.5,345.5,345.2,345.31,13230.0,1p,1p,0.0,sell,False,0.09956098889613595,1.3700000000000045,19.0,0.003981053671577615,0.04764577135953907,0.18042983363736997,0.2042527193171395,0.0005923841351479873,62.92866076363306,77.52062671072065,69.45742812683774,93.64702387848646,13230.0,1.3700000000000045,0.0,1.3700000000000045,19.0,0.003981053671577615,1.3700000000000045,0.0,0.0,1.0,1.0,0.04764577135953907,0.2042527193171395,0.18042983363736997,62.92866076363306,77.52062671072065,69.45742812683774,93.64702387848646,37.758112094394626,17.10914454277414,30.12284514463224,-0.054992764109984875,0.08690614136732659,0.0,0.11000000000001364,0.18999999999999773,0.0,26455.0,26455.0,2022-04-21,2022-04-21 07:30:00,6.156786655468996,333.0,1.0,best_within_2.0d,26787.0,324.05,0.5832424107187206,4.3760036431226785,32.22527881040892,0.012230020343504162,2.285057100371749,15.890706319702602,0.006381710269403211,0.4929364202292669,5.6011759621451125,36.843533123028394,0.015614239272951093,2.82998018927445,22.52492113564669,0.007835530045022196,1.8630914826498424,0.00402220134195386,1.9444468750000041,16.553125,0.005470102952261012,1.0,1
26459.0,2022-04-21 07:55:00,345.33,345.56,345.33,345.5,25434.0,1p,1p,0.0,sell,False,0.09956098889613595,1.4300000000000068,24.0,0.004155406387121166,0.038351312677926075,0.19501046596350177,0.2141861223024648,0.0006209206384905539,64.552394566147,80.0537819684297,74.47819304476528,91.20495981575857,25434.0,1.4300000000000068,0.0,1.4300000000000068,24.0,0.004155406387121166,1.4300000000000068,0.0,0.0,1.0,1.0,0.038351312677926075,0.2141861223024648,0.19501046596350177,64.552394566147,80.0537819684297,74.47819304476528,91.20495981575857,32.02247191011195,19.101123595505797,26.32105553717221,0.049228274404197706,0.06660295948803122,0.060000000000002274,0.0,0.17000000000001592,1.0,26460.0,26460.0,2022-04-21,2022-04-21 07:55:00,6.208393632416784,328.0,1.0,best_within_2.0d,26787.0,324.05,0.5832424107187206,4.3760036431226785,32.22527881040892,0.012230020343504162,2.285057100371749,15.890706319702602,0.006381710269403211,0.4929364202292669,5.6011759621451125,36.843533123028394,0.015614239272951093,2.82998018927445,22.52492113564669,0.007835530045022196,1.8630914826498424,0.00402220134195386,1.9444468750000041,16.553125,0.005470102952261012,0.0,1
26460.0,2022-04-21 08:00:00,344.88,345.68,341.465,345.61,83618.0,1p,1p,0.0,sell,False,0.13016279397429575,1.5500000000000114,25.0,0.004504111818208268,0.06229052955357678,0.2027967821576989,0.23394204693448728,0.0006780963981907342,66.4497255564235,86.14894282276498,78.36844297076517,101.70994252676459,83618.0,1.5500000000000114,0.0,1.5500000000000114,25.0,0.004504111818208268,1.5500000000000114,0.0,0.0,1.0,1.0,0.06229052955357678,0.23394204693448728,0.2027967821576989,66.4497255564235,86.14894282276498,78.36844297076517,101.70994252676459,14.295081967212681,59.606557377048944,28.820495923127833,0.21166782649037877,1.2343871260597814,0.06999999999999318,3.4150000000000205,0.7300000000000182,1.0,26461.0,26461.0,2022-04-21,2022-04-21 08:00:00,6.238245421139435,327.0,1.0,best_within_2.0d,26787.0,324.05,0.5832424107187206,4.3760036431226785,32.22527881040892,0.012230020343504162,2.285057100371749,15.890706319702602,0.006381710269403211,0.4929364202292669,5.6011759621451125,36.843533123028394,0.015614239272951093,2.82998018927445,22.52492113564669,0.007835530045022196,1.8630914826498424,0.00402220134195386,1.9444468750000041,16.553125,0.005470102952261012,1.0,1
26465.0,2022-04-21 08:25:00,345.12,345.12,344.99,345.1,14355.0,2s,2s,1.0,buy,False,0.05805243445692892,4.163492493946733,28.239017640954685,0.011578080659927173,-0.08958241802718092,0.19142159270469428,0.14663038369110382,0.00042492925239193764,51.258268258021516,87.5554866344818,87.1540675663093,88.35832477082681,14355.0,0.6899999999999977,1.0,5.340000000000032,73.0,0.015707730321214357,0.6899999999999977,6.0,0.0019960657255264917,1.0,2.5,-0.08958241802718092,0.14663038369110382,0.19142159270469428,51.258268258021516,87.5554866344818,87.1540675663093,88.35832477082681,11.275546159267117,63.21353065539056,39.26813128528962,-0.005795085767264085,0.03768225165946707,0.0,0.11000000000001364,0.01999999999998181,0.0,26466.0,26466.0,2022-04-21,2022-04-21 08:25:00,0.8548246884960846,82.0,1.0,best_within_2.0d,26547.0,348.05,0.5832424107187206,4.3760036431226785,32.22527881040892,0.012230020343504162,2.285057100371749,15.890706319702602,0.006381710269403211,0.05805243445692892,5.340000000000032,73.0,0.015707730321214357,0.6899999999999977,6.0,0.0019960657255264917,1.0,0.00402220134195386,1.9444468750000041,16.553125,0.005470102952261012,0.0,0
26466.0,2022-04-21 08:30:00,345.0,345.24,344.61,344.8,46367.0,2s,2s,1.0,buy,False,0.12921348314606623,4.163492493946733,28.239017640954685,0.011578080659927173,-0.14223509341385637,0.17364220602796224,0.10252465932103405,0.0002971297758889211,43.5997072176489,84.74438531662179,86.35084014974679,81.53147565037179,46367.0,1.0699999999999932,1.0,5.340000000000032,73.0,0.015707730321214357,1.0699999999999932,7.0,0.0030953482990048404,1.0,2.5,-0.14223509341385637,0.10252465932103405,0.17364220602796224,43.5997072176489,84.74438531662179,86.35084014974679,81.53147565037179,8.561872909698723,65.0836120401332,41.945294088903,-0.05797101449275033,0.18281535648994382,0.2400000000000091,0.18999999999999773,0.19999999999998863,0.0,26467.0,26467.0,2022-04-21,2022-04-21 08:30:00,0.9425754060324827,81.0,1.0,best_within_2.0d,26547.0,348.05,0.5832424107187206,4.3760036431226785,32.22527881040892,0.012230020343504162,2.285057100371749,15.890706319702602,0.006381710269403211,0.12921348314606623,5.340000000000032,73.0,0.015707730321214357,1.0699999999999932,7.0,0.0030953482990048404,1.0,0.00402220134195386,1.9444468750000041,16.553125,0.005470102952261012,1.0,0
26478.0,2022-04-21 09:30:00,345.17,347.49,344.983,347.335,2198761.0,1,1,0.0,sell,False,0.44377048991548584,2.8799999999999955,13.0,0.008357273439540337,0.21237015737618492,0.11310030967769791,0.21928538836579037,0.0006350270291631611,78.8590901984395,62.40125364569661,60.24720200587984,66.70935692533016,2198761.0,2.8799999999999955,1.0,2.8799999999999955,13.0,0.008357273439540337,2.8799999999999955,13.0,0.008357273439540337,1.0,1.0,0.21237015737618492,0.21928538836579037,0.11310030967769791,78.8590901984395,62.40125364569661,60.24720200587984,66.70935692533016,43.47826086956566,12.422360248447996,51.79202558281441,0.6272271634267067,0.7267024751944313,0.15500000000002956,0.18700000000001182,2.1649999999999636,1.0,26479.0,26479.0,2022-04-21,2022-04-21 09:30:00,6.703902572444462,309.0,1.0,best_within_2.0d,26787.0,324.05,0.5832424107187206,4.3760036431226785,32.22527881040892,0.012230020343504162,2.285057100371749,15.890706319702602,0.006381710269403211,0.4929364202292669,5.6011759621451125,36.843533123028394,0.015614239272951093,2.82998018927445,22.52492113564669,0.007835530045022196,1.8630914826498424,0.00402220134195386,1.9444468750000041,16.553125,0.005470102952261012,0.0,1
26479.0,2022-04-21 09:35:00,345.46,345.78,345.43,345.7114,340191.0,1p,1p,0.0,sell,False,2.6680491760610234,8.799999999999955,27.0,0.0261143094545669,-0.0864216703372569,1.2861739382990496,1.2429631031304211,0.0036172697377052127,77.49041703452428,91.55699335263164,88.36972597601982,97.93152810585525,340191.0,8.799999999999955,0.0,8.799999999999955,27.0,0.0261143094545669,8.799999999999955,0.0,0.0,1.0,1.0,-0.0864216703372569,1.2429631031304211,1.2861739382990496,77.49041703452428,91.55699335263164,88.36972597601982,97.93152810585525,26.604318407102014,7.470298380956305,67.24772618819922,0.07277253517051077,0.10132298873866366,0.0685999999999467,0.029999999999972715,0.2514000000000465,1.0,26480.0,26480.0,2022-04-21,2022-04-21 09:35:00,6.689126929278958,308.0,1.0,best_within_2.0d,26787.0,324.05,0.5832424107187206,4.3760036431226785,32.22527881040892,0.012230020343504162,2.285057100371749,15.890706319702602,0.006381710269403211,0.4929364202292669,5.6011759621451125,36.843533123028394,0.015614239272951093,2.82998018927445,22.52492113564669,0.007835530045022196,1.8630914826498424,0.00402220134195386,1.9444468750000041,16.553125,0.005470102952261012,1.0,1
26479.0,2022-04-21 09:35:00,347.33,347.87,346.9,347.28,1671325.0,1,1,0.0,sell,False,0.7658720791444912,3.259999999999991,14.0,0.009459969240590786,0.3665146233786686,0.1589146376000315,0.3421719492893658,0.0009904762108466749,77.64543666432775,68.12202269371309,62.87214223515758,78.62178361082411,1671325.0,3.259999999999991,1.0,3.259999999999991,14.0,0.009459969240590786,3.259999999999991,14.0,0.009459969240590786,1.0,1.0,0.3665146233786686,0.3421719492893658,0.1589146376000315,77.64543666432775,68.12202269371309,62.87214223515758,78.62178361082411,43.690715722909005,10.204081632653544,52.53069042213709,-0.01439553162698626,0.2796194868838361,0.5400000000000205,0.37999999999999545,0.05000000000001137,0.0,26480.0,26480.0,2022-04-21,2022-04-21 09:35:00,6.689126929278958,308.0,1.0,best_within_2.0d,26787.0,324.05,0.5832424107187206,4.3760036431226785,32.22527881040892,0.012230020343504162,2.285057100371749,15.890706319702602,0.006381710269403211,0.4929364202292669,5.6011759621451125,36.843533123028394,0.015614239272951093,2.82998018927445,22.52492113564669,0.007835530045022196,1.8630914826498424,0.00402220134195386,1.9444468750000041,16.553125,0.005470102952261012,1.0,1
26485.0,2022-04-21 10:05:00,345.98,345.99,344.7,345.15,1035602.0,2s,2s,1.0,buy,False,0.11235955056180134,4.163492493946733,28.239017640954685,0.011578080659927173,-0.12867581728440336,0.3408909908176413,0.2765530821754396,0.0007997930095422471,42.82846937642819,38.40448089788207,53.4295664315523,8.354309830541595,1035602.0,3.170000000000016,1.0,5.340000000000032,73.0,0.015707730321214357,3.170000000000016,7.0,0.00911259953430884,2.0,2.5,-0.12867581728440336,0.2765530821754396,0.3408909908176413,42.82846937642819,38.40448089788207,53.4295664315523,8.354309830541595,23.864843932926483,22.78507231498037,48.44644347557092,-0.23989826001504158,0.37423846823325224,0.009999999999990905,0.44999999999998863,0.8300000000000409,0.0,26486.0,26486.0,2022-04-21,2022-04-21 10:05:00,0.8402143995364434,62.0,1.0,best_within_2.0d,26547.0,348.05,0.5832424107187206,4.3760036431226785,32.22527881040892,0.012230020343504162,2.285057100371749,15.890706319702602,0.006381710269403211,0.11235955056180134,5.340000000000032,73.0,0.015707730321214357,3.170000000000016,7.0,0.00911259953430884,2.0,0.00402220134195386,1.9444468750000041,16.553125,0.005470102952261012,0.0,0
26486.0,2022-04-21 10:10:00,345.12,345.34,344.33,344.56,708212.0,2s,2s,1.0,buy,False,0.1816479400749104,4.163492493946733,28.239017640954685,0.011578080659927173,-0.3268349404639823,0.30003662325964353,0.13661915302765237,0.00039520668680709047,37.62591672606509,27.76871231233585,44.87594839181348,-6.44575984661941,708212.0,3.5400000000000205,1.0,5.340000000000032,73.0,0.015707730321214357,3.5400000000000205,8.0,0.010176215252824389,2.0,2.5,-0.3268349404639823,0.13661915302765237,0.30003662325964353,37.62591672606509,27.76871231233585,44.87594839181348,-6.44575984661941,22.48773781843504,23.931196008214968,45.2080998248187,-0.16226240148354262,0.2933232654720736,0.21999999999997044,0.2300000000000182,0.5600000000000023,0.0,26487.0,26487.0,2022-04-21,2022-04-21 10:10:00,1.0128859995356423,61.0,1.0,best_within_2.0d,26547.0,348.05,0.5832424107187206,4.3760036431226785,32.22527881040892,0.012230020343504162,2.285057100371749,15.890706319702602,0.006381710269403211,0.1816479400749104,5.340000000000032,73.0,0.015707730321214357,3.5400000000000205,8.0,0.010176215252824389,2.0,0.00402220134195386,1.9444468750000041,16.553125,0.005470102952261012,0.0,0
26487.0,2022-04-21 10:15:00,344.56,345.17,344.3,344.4099,785574.0,2s,2s,1.0,buy,False,0.18726591760299513,4.163492493946733,28.239017640954685,0.011578080659927173,-0.4585328281671538,0.2427200197387493,0.013453605655172396,3.892875978406919e-05,36.41401916685825,19.53861866574007,36.430171816455676,-14.244487635691144,785574.0,3.569999999999993,1.0,5.340000000000032,73.0,0.015707730321214357,3.569999999999993,9.0,0.010262454365136382,2.0,2.5,-0.4585328281671538,0.013453605655172396,0.2427200197387493,36.41401916685825,19.53861866574007,36.430171816455676,-14.244487635691144,21.329341124579653,21.410634085091925,41.992535806925936,-0.04356280473647812,0.25268661051408786,0.6100000000000136,0.1098999999999819,0.150100000000009,0.0,26488.0,26488.0,2022-04-21,2022-04-21 10:15:00,1.0569092235734274,60.0,1.0,best_within_2.0d,26547.0,348.05,0.5832424107187206,4.3760036431226785,32.22527881040892,0.012230020343504162,2.285057100371749,15.890706319702602,0.006381710269403211,0.18726591760299513,5.340000000000032,73.0,0.015707730321214357,3.569999999999993,9.0,0.010262454365136382,2.0,0.00402220134195386,1.9444468750000041,16.553125,0.005470102952261012,0.0,0
26488.0,2022-04-21 10:20:00,344.41,344.61,343.77,344.16,847691.0,2s,2s,1.0,buy,False,0.2865168539325881,4.163492493946733,28.239017640954685,0.011578080659927173,-0.553363196779028,0.1735496201413708,-0.10313197824814324,-0.0002985099907044489,34.42593480135788,16.249952126366722,29.703431919759357,-10.657007460418548,847691.0,4.100000000000023,1.0,5.340000000000032,73.0,0.015707730321214357,4.100000000000023,10.0,0.011786012015983047,2.0,2.5,-0.553363196779028,-0.10313197824814324,0.1735496201413708,34.42593480135788,16.249952126366722,29.703431919759357,-10.657007460418548,20.085884471533504,24.550183928214288,39.70746551338728,-0.07258790395168549,0.24434941967013757,0.19999999999998863,0.3900000000000432,0.25,0.0,26489.0,26489.0,2022-04-21,2022-04-21 10:20:00,1.1302882380288197,59.0,1.0,best_within_2.0d,26547.0,348.05,0.5832424107187206,4.3760036431226785,32.22527881040892,0.012230020343504162,2.285057100371749,15.890706319702602,0.006381710269403211,0.2865168539325881,5.340000000000032,73.0,0.015707730321214357,4.100000000000023,10.0,0.011786012015983047,2.0,0.00402220134195386,1.9444468750000041,16.553125,0.005470102952261012,1.0,0
26493.0,2022-04-21 10:45:00,344.34,344.3931,343.06,343.18,752406.0,2s,2s,1.0,buy,False,0.4194756554307108,4.163492493946733,28.239017640954685,0.011578080659927173,-0.5249014059731532,-0.08290428313548429,-0.34535498612206084,-0.0010005382038789654,32.701569536805934,19.46181351588339,25.045085738738067,8.29526907017403,752406.0,4.810000000000002,1.0,5.340000000000032,73.0,0.015707730321214357,4.810000000000002,15.0,0.013827004340701993,2.0,2.5,-0.5249014059731532,-0.34535498612206084,-0.08290428313548429,32.701569536805934,19.46181351588339,25.045085738738067,8.29526907017403,6.633238946384925,36.37653973167472,36.47301096138081,-0.3368763431492038,0.3885909170407514,0.05310000000002901,0.12000000000000455,1.1599999999999682,0.0,26494.0,26494.0,2022-04-21,2022-04-21 10:45:00,1.4190803659886952,54.0,1.0,best_within_2.0d,26547.0,348.05,0.5832424107187206,4.3760036431226785,32.22527881040892,0.012230020343504162,2.285057100371749,15.890706319702602,0.006381710269403211,0.4194756554307108,5.340000000000032,73.0,0.015707730321214357,4.810000000000002,15.0,0.013827004340701993,2.0,0.00402220134195386,1.9444468750000041,16.553125,0.005470102952261012,0.0,0
26494.0,2022-04-21 10:50:00,343.19,343.43,342.64,342.67,584809.0,2s,2s,1.0,buy,False,0.49812734082397175,4.163492493946733,28.239017640954685,0.011578080659927173,-0.6538987552283853,-0.16464162753903244,-0.49159100515322507,-0.0014249671874322855,30.045881231632237,13.307875677255922,21.132682384910684,-2.3417377380536024,584809.0,5.230000000000018,1.0,5.340000000000032,73.0,0.015707730321214357,5.230000000000018,16.0,0.015034351913071026,2.0,2.5,-0.6538987552283853,-0.49159100515322507,-0.16464162753903244,30.045881231632237,13.307875677255922,21.132682384910684,-2.3417377380536024,6.656884148742007,39.51254428975331,38.950884305514975,-0.15151956642092773,0.23056268970348487,0.2400000000000091,0.03000000000002956,0.5199999999999818,0.0,26495.0,26495.0,2022-04-21,2022-04-21 10:50:00,1.5700236379023538,53.0,1.0,best_within_2.0d,26547.0,348.05,0.5832424107187206,4.3760036431226785,32.22527881040892,0.012230020343504162,2.285057100371749,15.890706319702602,0.006381710269403211,0.49812734082397175,5.340000000000032,73.0,0.015707730321214357,5.230000000000018,16.0,0.015034351913071026,2.0,0.00402220134195386,1.9444468750000041,16.553125,0.005470102952261012,0.0,0
26495.0,2022-04-21 10:55:00,342.68,343.42,342.59,343.27,689680.0,2s,2s,1.0,buy,False,0.5074906367041236,4.163492493946733,28.239017640954685,0.011578080659927173,-0.6208901322188373,-0.24225289406638711,-0.5526979601758057,-0.0016026868257819748,36.57200416365754,16.3036111072417,19.52299195902102,9.86484940368306,689680.0,5.28000000000003,1.0,5.340000000000032,73.0,0.015707730321214357,5.28000000000003,17.0,0.01517808376692451,2.0,2.5,-0.6208901322188373,-0.5526979601758057,-0.24225289406638711,36.57200416365754,16.3036111072417,19.52299195902102,9.86484940368306,6.717177918541571,38.57032451914368,41.19263552292538,0.1721722890159843,0.24227210368079655,0.1500000000000341,0.09000000000003183,0.589999999999975,1.0,26496.0,26496.0,2022-04-21,2022-04-21 10:55:00,1.392489876773394,52.0,1.0,best_within_2.0d,26547.0,348.05,0.5832424107187206,4.3760036431226785,32.22527881040892,0.012230020343504162,2.285057100371749,15.890706319702602,0.006381710269403211,0.5074906367041236,5.340000000000032,73.0,0.015707730321214357,5.28000000000003,17.0,0.01517808376692451,2.0,0.00402220134195386,1.9444468750000041,16.553125,0.005470102952261012,1.0,0
26501.0,2022-04-21 11:25:00,343.325,343.975,342.91,342.93,736705.0,2,2,0.0,sell,False,0.2623106060606136,4.163492493946733,28.239017640954685,0.011578080659927173,-0.22555223822949744,-0.5099390814776326,-0.6227152005923813,-0.0018087130013145613,35.8914109762008,25.188671862911683,24.89884898829905,25.76831761213694,736705.0,1.3850000000000477,1.0,5.28000000000003,17.0,0.01517808376692451,1.3850000000000477,7.0,0.00404273329636022,2.0,2.0,-0.22555223822949744,-0.6227152005923813,-0.5099390814776326,35.8914109762008,25.188671862911683,24.89884898829905,25.76831761213694,12.768617406483743,26.75692363985614,44.32621460958497,-0.11505133619747522,0.31057711936076454,0.6500000000000341,0.01999999999998181,0.3949999999999818,0.0,26502.0,26502.0,2022-04-21,2022-04-21 11:25:00,5.5054967486075865,286.0,1.0,best_within_2.0d,26787.0,324.05,0.2623106060606136,5.28000000000003,17.0,0.01517808376692451,1.3850000000000477,7.0,0.00404273329636022,0.4929364202292669,5.6011759621451125,36.843533123028394,0.015614239272951093,2.82998018927445,22.52492113564669,0.007835530045022196,1.8630914826498424,0.00402220134195386,1.9444468750000041,16.553125,0.005470102952261012,0.0,1
26502.0,2022-04-21 11:30:00,342.92,343.15,342.02,342.37,791949.0,2s,2s,1.0,buy,False,0.6142322097378295,4.163492493946733,28.239017640954685,0.011578080659927173,-0.2717522328688464,-0.5439081105862383,-0.6797842270206615,-0.0019752877788243185,32.21374771025013,22.76005234168563,24.185916772761242,19.90832347953441,791949.0,5.850000000000023,1.0,5.340000000000032,73.0,0.015707730321214357,5.850000000000023,24.0,0.016816626900853834,2.0,2.5,-0.2717522328688464,-0.6797842270206615,-0.5439081105862383,32.21374771025013,22.76005234168563,24.185916772761242,19.90832347953441,12.492448594505923,28.863149887008532,43.9875715590872,-0.16038726233524184,0.3303900356704273,0.22999999999996135,0.35000000000002274,0.5500000000000114,0.0,26503.0,26503.0,2022-04-21,2022-04-21 11:30:00,1.659023863072117,45.0,1.0,best_within_2.0d,26547.0,348.05,0.5832424107187206,4.3760036431226785,32.22527881040892,0.012230020343504162,2.285057100371749,15.890706319702602,0.006381710269403211,0.6142322097378295,5.340000000000032,73.0,0.015707730321214357,5.850000000000023,24.0,0.016816626900853834,2.0,0.00402220134195386,1.9444468750000041,16.553125,0.005470102952261012,0.0,0
26503.0,2022-04-21 11:35:00,342.38,342.6,341.951,342.0,468128.0,2s,2s,1.0,buy,False,0.6271535580524288,4.163492493946733,28.239017640954685,0.011578080659927173,-0.32377145175251854,-0.5843795420553032,-0.7462652679315624,-0.0021694668753869588,30.02468468414567,15.980351099990322,21.450728215170933,5.039596869629101,468128.0,5.918999999999983,1.0,5.340000000000032,73.0,0.015707730321214357,5.918999999999983,25.0,0.017014976859171478,2.0,2.5,-0.32377145175251854,-0.7462652679315624,-0.5843795420553032,30.02468468414567,15.980351099990322,21.450728215170933,5.039596869629101,7.908964279811986,30.99841820714356,45.08450646159344,-0.11098779134295095,0.18979327447499814,0.22000000000002728,0.04899999999997817,0.37999999999999545,0.0,26504.0,26504.0,2022-04-21,2022-04-21 11:35:00,1.7690058479532196,44.0,1.0,best_within_2.0d,26547.0,348.05,0.5832424107187206,4.3760036431226785,32.22527881040892,0.012230020343504162,2.285057100371749,15.890706319702602,0.006381710269403211,0.6271535580524288,5.340000000000032,73.0,0.015707730321214357,5.918999999999983,25.0,0.017014976859171478,2.0,0.00402220134195386,1.9444468750000041,16.553125,0.005470102952261012,0.0,0
26504.0,2022-04-21 11:40:00,342.0,342.08,341.45,341.45,692591.0,2s,2s,1.0,buy,False,0.7209737827715356,4.163492493946733,28.239017640954685,0.011578080659927173,-0.3989475325871792,-0.6342479836287006,-0.8337217499222902,-0.002425035599650415,27.078944779265882,10.653567399993548,17.851674610111804,-3.7426470202429627,692591.0,6.420000000000016,1.0,5.340000000000032,73.0,0.015707730321214357,6.420000000000016,26.0,0.018455170034783155,2.0,2.5,-0.3989475325871792,-0.8337217499222902,-0.6342479836287006,27.078944779265882,10.653567399993548,17.851674610111804,-3.7426470202429627,5.808015841460237,34.61421521622181,46.954417385917,-0.16081871345029572,0.18450724849904684,0.07999999999998408,0.0,0.5500000000000114,0.0,26505.0,26505.0,2022-04-21,2022-04-21 11:40:00,1.9329330795138446,43.0,1.0,best_within_2.0d,26547.0,348.05,0.5832424107187206,4.3760036431226785,32.22527881040892,0.012230020343504162,2.285057100371749,15.890706319702602,0.006381710269403211,0.7209737827715356,5.340000000000032,73.0,0.015707730321214357,6.420000000000016,26.0,0.018455170034783155,2.0,0.00402220134195386,1.9444468750000041,16.553125,0.005470102952261012,0.0,0
26505.0,2022-04-21 11:45:00,341.45,341.53,341.0,341.16,609895.0,2s,2s,1.0,buy,False,0.8052434456928812,4.163492493946733,28.239017640954685,0.011578080659927173,-0.4506025641792062,-0.6905733041511014,-0.9158745862407045,-0.0026655073520749995,25.649975509250666,8.895095353497366,14.866148191240324,-3.0470103219885516,609895.0,6.8700000000000045,1.0,5.340000000000032,73.0,0.015707730321214357,6.8700000000000045,27.0,0.019748756719464182,2.0,2.5,-0.4506025641792062,-0.9158745862407045,-0.6905733041511014,25.649975509250666,8.895095353497366,14.866148191240324,-3.0470103219885516,6.1331511224897,35.31707156440642,48.62961256909074,-0.08493190803923376,0.15542521994134098,0.07999999999998408,0.160000000000025,0.2899999999999636,0.0,26506.0,26506.0,2022-04-21,2022-04-21 11:45:00,2.019580255598542,42.0,1.0,best_within_2.0d,26547.0,348.05,0.5832424107187206,4.3760036431226785,32.22527881040892,0.012230020343504162,2.285057100371749,15.890706319702602,0.006381710269403211,0.8052434456928812,5.340000000000032,73.0,0.015707730321214357,6.8700000000000045,27.0,0.019748756719464182,2.0,0.00402220134195386,1.9444468750000041,16.553125,0.005470102952261012,0.0,0
26506.0,2022-04-21 11:50:00,341.14,341.49,340.87,341.2129,681362.0,2s,2s,1.0,buy,False,0.8295880149812698,4.163492493946733,28.239017640954685,0.011578080659927173,-0.4400140474349199,-0.7455750600804664,-0.9655820837979263,-0.0028116214402015174,26.4128194026937,9.611222989287928,13.11450645725619,2.604656053351402,681362.0,7.0,1.0,5.340000000000032,73.0,0.015707730321214357,7.0,28.0,0.02012245953948314,2.0,2.5,-0.4400140474349199,-0.9655820837979263,-0.7455750600804664,26.4128194026937,9.611222989287928,13.11450645725619,2.604656053351402,6.235822919369098,33.146119141884014,50.03689468329202,0.02136952570792173,0.18188752310265044,0.27710000000001855,0.2699999999999818,0.07290000000000418,1.0,26507.0,26507.0,2022-04-21,2022-04-21 11:50:00,2.003763632617648,41.0,1.0,best_within_2.0d,26547.0,348.05,0.5832424107187206,4.3760036431226785,32.22527881040892,0.012230020343504162,2.285057100371749,15.890706319702602,0.006381710269403211,0.8295880149812698,5.340000000000032,73.0,0.015707730321214357,7.0,28.0,0.02012245953948314,2.0,0.00402220134195386,1.9444468750000041,16.553125,0.005470102952261012,0.0,0
26507.0,2022-04-21 11:55:00,341.22,341.26,340.1,340.12,719644.0,2s,2s,1.0,buy,False,0.9737827715355726,4.163492493946733,28.239017640954685,0.011578080659927173,-0.5362092253805528,-0.8126012132530356,-1.080705825943312,-0.003149088569747359,21.503943016415448,6.57952500361115,10.936179306041176,-2.1337836012489007,719644.0,7.769999999999982,1.0,5.340000000000032,73.0,0.015707730321214357,7.769999999999982,29.0,0.02233593008882623,2.0,2.5,-0.5362092253805528,-1.080705825943312,-0.8126012132530356,21.503943016415448,6.57952500361115,10.936179306041176,-2.1337836012489007,6.327501273993101,32.4443689485306,51.274284383977054,-0.32237266279820137,0.3410761540723223,0.03999999999996362,0.01999999999998181,1.1000000000000227,0.0,26508.0,26508.0,2022-04-21,2022-04-21 11:55:00,2.331530048218278,40.0,1.0,best_within_2.0d,26547.0,348.05,0.5832424107187206,4.3760036431226785,32.22527881040892,0.012230020343504162,2.285057100371749,15.890706319702602,0.006381710269403211,0.9737827715355726,5.340000000000032,73.0,0.015707730321214357,7.769999999999982,29.0,0.02233593008882623,2.0,0.00402220134195386,1.9444468750000041,16.553125,0.005470102952261012,0.0,0
26547.0,2022-04-21 15:15:00,347.14,348.21,347.09,348.05,197180.0,1,1,0.0,sell,False,0.4478608256386227,4.729999999999961,116.0,0.013770816350296847,0.2917258770258597,0.28480344051731243,0.4306663790302423,0.0012448542463713113,81.01259689890644,82.85047104318612,68.23726428329076,112.07688456297683,197180.0,4.729999999999961,1.0,4.729999999999961,116.0,0.013770816350296847,4.729999999999961,116.0,0.013770816350296847,1.0,1.0,0.2917258770258597,0.4306663790302423,0.28480344051731243,81.01259689890644,82.85047104318612,68.23726428329076,112.07688456297683,48.134328358209046,12.126865671642525,33.907669546701996,0.26214207524342487,0.3226828776398066,0.15999999999996817,0.05000000000001137,0.910000000000025,1.0,26548.0,26548.0,2022-04-21,2022-04-21 15:15:00,2.160321700079255,67.0,1.0,best_within_2.0d,26614.0,348.05,0.5832424107187206,4.3760036431226785,32.22527881040892,0.012230020343504162,2.285057100371749,15.890706319702602,0.006381710269403211,0.4929364202292669,5.6011759621451125,36.843533123028394,0.015614239272951093,2.82998018927445,22.52492113564669,0.007835530045022196,1.8630914826498424,0.00402220134195386,1.9444468750000041,16.553125,0.005470102952261012,0.0,1
26547.0,2022-04-21 15:15:00,344.35,344.58,343.89,344.12,422888.0,2,2,0.0,sell,False,0.42472266244057144,4.163492493946733,28.239017640954685,0.011578080659927173,0.30467993416485606,-0.7666721829969153,-0.6143322159144873,-0.0017826002951861018,43.8020898973905,77.78777244470345,69.50646686965581,94.35038359479873,422888.0,2.680000000000007,1.0,6.310000000000002,27.0,0.01812124867177853,2.680000000000007,11.0,0.007838549283416225,2.0,2.0,0.30467993416485606,-0.6143322159144873,-0.7666721829969153,43.8020898973905,77.78777244470345,69.50646686965581,94.35038359479873,12.725173040286181,16.40296871666955,53.33025434645561,-0.06679250762306321,0.20064555526476424,0.22999999999996135,0.2300000000000182,0.2300000000000182,0.0,26548.0,26548.0,2022-04-21,2022-04-21 15:15:00,2.160321700079255,67.0,1.0,best_within_2.0d,26614.0,348.05,0.42472266244057144,6.310000000000002,27.0,0.01812124867177853,2.680000000000007,11.0,0.007838549283416225,0.4929364202292669,5.6011759621451125,36.843533123028394,0.015614239272951093,2.82998018927445,22.52492113564669,0.007835530045022196,1.8630914826498424,0.00402220134195386,1.9444468750000041,16.553125,0.005470102952261012,0.0,1
26547.0,2022-04-21 15:15:00,343.43,343.79,342.99,342.995,458199.0,2s,2s,0.0,sell,False,0.29952456418384193,4.163492493946733,28.239017640954685,0.011578080659927173,0.3328235604937958,-0.056973490994147336,0.10943828925275056,0.00031941151551397647,54.092649674261736,69.67771350961638,70.78705877858044,67.45902297168826,458199.0,3.2893000000000256,1.0,6.310000000000002,27.0,0.01812124867177853,3.2893000000000256,18.0,0.009660185720616802,1.0,2.5,0.3328235604937958,0.10943828925275056,-0.056973490994147336,54.092649674261736,69.67771350961638,70.78705877858044,67.45902297168826,24.382675001108915,6.051336613911365,39.61816570639111,-0.12666336662493152,0.23324295168955694,0.36000000000001364,0.0049999999999954525,0.4350000000000023,0.0,26548.0,26548.0,2022-04-21,2022-04-21 15:15:00,2.160321700079255,67.0,1.0,best_within_2.0d,26614.0,348.05,0.5832424107187206,4.3760036431226785,32.22527881040892,0.012230020343504162,2.285057100371749,15.890706319702602,0.006381710269403211,0.29952456418384193,6.310000000000002,27.0,0.01812124867177853,3.2893000000000256,18.0,0.009660185720616802,1.0,0.00402220134195386,1.9444468750000041,16.553125,0.005470102952261012,0.0,1
26547.0,2022-04-21 15:15:00,340.19,340.78,339.96,340.69,671757.0,1,1,1.0,buy,False,0.3908688391442256,3.830000000000041,15.0,0.01114052183018715,-0.4052520194729814,-0.27852614811399734,-0.48115215785048804,-0.0014072401760487408,36.31726240006022,15.058125513942457,11.92265002152017,21.329076498787032,671757.0,3.830000000000041,1.0,3.830000000000041,15.0,0.01114052183018715,3.830000000000041,15.0,0.01114052183018715,1.0,1.0,-0.4052520194729814,-0.48115215785048804,-0.27852614811399734,36.31726240006022,15.058125513942457,11.92265002152017,21.329076498787032,6.753055072608574,36.6483633316236,33.426441859653565,0.14697668949704576,0.24120484762913086,0.08999999999997499,0.2300000000000182,0.5,1.0,26548.0,26548.0,2022-04-21,2022-04-21 15:15:00,2.160321700079255,67.0,1.0,best_within_2.0d,26614.0,348.05,0.5832424107187206,4.3760036431226785,32.22527881040892,0.012230020343504162,2.285057100371749,15.890706319702602,0.006381710269403211,0.4929364202292669,5.6011759621451125,36.843533123028394,0.015614239272951093,2.82998018927445,22.52492113564669,0.007835530045022196,1.8630914826498424,0.00402220134195386,1.9444468750000041,16.553125,0.005470102952261012,0.0,0
26584.0,2022-04-21 18:20:00,345.3,345.3,344.77,344.77,2600.0,2s,2s,0.0,sell,False,0.538827258320132,4.163492493946733,28.239017640954685,0.011578080659927173,0.07584724978496782,0.5289091236755199,0.5668327485680038,0.0016473070103130308,65.75037906412963,56.872164437419286,73.26125616059916,24.09398099105954,2600.0,5.340000000000032,1.0,6.310000000000002,27.0,0.01812124867177853,5.340000000000032,73.0,0.015707730321214357,2.0,2.5,0.07584724978496782,0.5668327485680038,0.5289091236755199,65.75037906412963,56.872164437419286,73.26125616059916,24.09398099105954,55.428926187888415,11.981995964613446,58.134501977954976,-0.1534897190848623,0.15372567218726385,0.0,0.0,0.5300000000000296,0.0,26585.0,26585.0,2022-04-21,2022-04-21 18:20:00,6.009803637207405,203.0,1.0,best_within_2.0d,26787.0,324.05,0.5832424107187206,4.3760036431226785,32.22527881040892,0.012230020343504162,2.285057100371749,15.890706319702602,0.006381710269403211,0.538827258320132,6.310000000000002,27.0,0.01812124867177853,5.340000000000032,73.0,0.015707730321214357,2.0,0.00402220134195386,1.9444468750000041,16.553125,0.005470102952261012,0.0,1
26614.0,2022-04-22 04:50:00,347.14,348.21,347.09,348.05,197180.0,1p,1p,0.0,sell,False,2428734.636409748,4.729999999999961,116.0,0.013770816350296847,0.2917396321143564,0.28478194817093827,0.43065176422811646,0.0012448119492554572,81.01264821480854,82.85047104318612,68.23726428329076,112.07688456297683,197180.0,4.729999999999961,0.0,4.729999999999961,116.0,0.013770816350296847,4.729999999999961,0.0,0.0,1.0,1.0,0.2917396321143564,0.43065176422811646,0.28478194817093827,81.01264821480854,82.85047104318612,68.23726428329076,112.07688456297683,48.134328358209046,12.126865671642525,33.906075457674646,0.26214207524342487,0.3226828776398066,0.15999999999996817,0.05000000000001137,0.910000000000025,1.0,26615.0,26615.0,2022-04-22,2022-04-22 04:50:00,6.8955609826174395,173.0,1.0,best_within_2.0d,26787.0,324.05,0.5832424107187206,4.3760036431226785,32.22527881040892,0.012230020343504162,2.285057100371749,15.890706319702602,0.006381710269403211,0.4929364202292669,5.6011759621451125,36.843533123028394,0.015614239272951093,2.82998018927445,22.52492113564669,0.007835530045022196,1.8630914826498424,0.00402220134195386,1.9444468750000041,16.553125,0.005470102952261012,0.0,1
26641.0,2022-04-22 07:05:00,333.59,333.95,333.4,333.9,39452.0,2,2,0.0,sell,False,0.09019607843137219,4.163492493946733,28.239017640954685,0.011578080659927173,0.19208456504659577,-0.17172267061347496,-0.07568038809017708,-0.0002269560710341393,56.86167844168064,82.38311859625095,71.13272979272485,104.88389620330318,39452.0,1.3799999999999955,1.0,15.300000000000011,156.0,0.04398194727915604,1.3799999999999955,8.0,0.004149502360405314,2.0,2.0,0.19208456504659577,-0.07568038809017708,-0.17172267061347496,56.86167844168064,82.38311859625095,71.13272979272485,104.88389620330318,31.528046421662566,17.79497098646021,36.96872887263849,0.09292844509727578,0.16496700659868369,0.05000000000001137,0.18999999999999773,0.3100000000000023,1.0,26642.0,26642.0,2022-04-22,2022-04-22 07:05:00,2.9499850254567135,146.0,1.0,best_within_2.0d,26787.0,324.05,0.09019607843137219,15.300000000000011,156.0,0.04398194727915604,1.3799999999999955,8.0,0.004149502360405314,0.4929364202292669,5.6011759621451125,36.843533123028394,0.015614239272951093,2.82998018927445,22.52492113564669,0.007835530045022196,1.8630914826498424,0.00402220134195386,1.9444468750000041,16.553125,0.005470102952261012,0.0,1
26642.0,2022-04-22 07:10:00,333.93,334.31,333.93,334.28,28105.0,2,2,0.0,sell,False,0.11372549019607894,4.163492493946733,28.239017640954685,0.011578080659927173,0.27717323115550424,-0.13707601671903694,0.0015105988587151842,4.529271370517761e-06,61.500583640286926,87.6806997538219,76.64871977975719,109.74465970195132,28105.0,1.740000000000009,1.0,15.300000000000011,156.0,0.04398194727915604,1.740000000000009,9.0,0.005231981237032833,2.0,2.0,0.27717323115550424,0.0015105988587151842,-0.13707601671903694,61.500583640286926,87.6806997538219,76.64871977975719,109.74465970195132,34.42307692307555,17.692307692307647,36.621199741250656,0.1048123858293552,0.11379630461473825,0.03000000000002956,0.0,0.3499999999999659,1.0,26643.0,26643.0,2022-04-22,2022-04-22 07:10:00,3.0603087232260267,145.0,1.0,best_within_2.0d,26787.0,324.05,0.11372549019607894,15.300000000000011,156.0,0.04398194727915604,1.740000000000009,9.0,0.005231981237032833,0.4929364202292669,5.6011759621451125,36.843533123028394,0.015614239272951093,2.82998018927445,22.52492113564669,0.007835530045022196,1.8630914826498424,0.00402220134195386,1.9444468750000041,16.553125,0.005470102952261012,0.0,1
26643.0,2022-04-22 07:15:00,334.27,334.49,334.13,334.49,57501.0,2,2,0.0,sell,False,0.12549019607843231,4.163492493946733,28.239017640954685,0.011578080659927173,0.3452780904082625,-0.09391625541800412,0.07872278978612712,0.0002359858888533749,63.81630123075914,91.7871331692146,81.69485757624298,111.97168435515783,57501.0,1.920000000000016,1.0,15.300000000000011,156.0,0.04398194727915604,1.920000000000016,10.0,0.005773220675346592,2.0,2.0,0.3452780904082625,0.07872278978612712,-0.09391625541800412,63.81630123075914,91.7871331692146,81.69485757624298,111.97168435515783,35.77075098814152,18.18181818181808,36.334023516927886,0.06581505968230092,0.10774249543591226,0.0,0.13999999999998636,0.22000000000002728,1.0,26644.0,26644.0,2022-04-22,2022-04-22 07:15:00,3.121169541690334,144.0,1.0,best_within_2.0d,26787.0,324.05,0.12549019607843231,15.300000000000011,156.0,0.04398194727915604,1.920000000000016,10.0,0.005773220675346592,0.4929364202292669,5.6011759621451125,36.843533123028394,0.015614239272951093,2.82998018927445,22.52492113564669,0.007835530045022196,1.8630914826498424,0.00402220134195386,1.9444468750000041,16.553125,0.005470102952261012,0.0,1
26644.0,2022-04-22 07:20:00,334.46,334.5,334.15,334.33,68675.0,2,2,0.0,sell,False,0.12614379084967356,4.163492493946733,28.239017640954685,0.011578080659927173,0.3511556294589737,-0.05002180173563241,0.12555601299385444,0.0003763152543316118,60.81488181749601,91.1111008276689,84.83360532671828,103.66609182957015,68675.0,1.9300000000000068,1.0,15.300000000000011,156.0,0.04398194727915604,1.9300000000000068,11.0,0.005803289533030661,2.0,2.0,0.3511556294589737,0.12555601299385444,-0.05002180173563241,60.81488181749601,91.1111008276689,84.83360532671828,103.66609182957015,36.767676767675454,18.585858585858308,36.08493007489491,-0.03886862405070725,0.1047433787221376,0.040000000000020464,0.18000000000000682,0.12999999999999545,0.0,26645.0,26645.0,2022-04-22,2022-04-22 07:20:00,3.0748063290760546,143.0,1.0,best_within_2.0d,26787.0,324.05,0.12614379084967356,15.300000000000011,156.0,0.04398194727915604,1.9300000000000068,11.0,0.005803289533030661,0.4929364202292669,5.6011759621451125,36.843533123028394,0.015614239272951093,2.82998018927445,22.52492113564669,0.007835530045022196,1.8630914826498424,0.00402220134195386,1.9444468750000041,16.553125,0.005470102952261012,0.0,1
26648.0,2022-04-22 07:40:00,334.63,334.63,334.4,334.46,31447.0,2,2,0.0,sell,False,0.13464052287581704,4.163492493946733,28.239017640954685,0.011578080659927173,0.267410865707226,0.09979607023666795,0.23350150309028095,0.0006994345705151334,60.38804839844453,86.25920032209754,86.18133892809271,86.41492311010722,31447.0,2.0600000000000023,1.0,15.300000000000011,156.0,0.04398194727915604,2.0600000000000023,15.0,0.0061941846829239025,2.0,2.0,0.267410865707226,0.23350150309028095,0.09979607023666795,60.38804839844453,86.25920032209754,86.18133892809271,86.41492311010722,37.45247148289018,6.083650190113752,39.771548841711684,-0.050802378746680185,0.06877990430622553,0.0,0.060000000000002274,0.17000000000001592,0.0,26649.0,26649.0,2022-04-22,2022-04-22 07:40:00,3.112479818214426,139.0,1.0,best_within_2.0d,26787.0,324.05,0.13464052287581704,15.300000000000011,156.0,0.04398194727915604,2.0600000000000023,15.0,0.0061941846829239025,0.4929364202292669,5.6011759621451125,36.843533123028394,0.015614239272951093,2.82998018927445,22.52492113564669,0.007835530045022196,1.8630914826498424,0.00402220134195386,1.9444468750000041,16.553125,0.005470102952261012,0.0,1
26649.0,2022-04-22 07:45:00,334.44,334.72,334.29,334.7,25137.0,2,2,0.0,sell,False,0.1405228758169956,4.163492493946733,28.239017640954685,0.011578080659927173,0.2658042607767976,0.13302160283376765,0.26592373322216645,0.0007964013012508567,63.32599767668483,90.3344163763469,87.56569807751077,95.87185297401913,25137.0,2.150000000000034,1.0,15.300000000000011,156.0,0.04398194727915604,2.150000000000034,16.0,0.006464804402080868,2.0,2.0,0.2658042607767976,0.26592373322216645,0.13302160283376765,63.32599767668483,90.3344163763469,87.56569807751077,95.87185297401913,34.900542495479456,7.775768535261101,41.470675498296764,0.0777418969022817,0.1286308295192817,0.020000000000038654,0.14999999999997726,0.2599999999999909,1.0,26650.0,26650.0,2022-04-22,2022-04-22 07:45:00,3.1819539886465424,138.0,1.0,best_within_2.0d,26787.0,324.05,0.1405228758169956,15.300000000000011,156.0,0.04398194727915604,2.150000000000034,16.0,0.006464804402080868,0.4929364202292669,5.6011759621451125,36.843533123028394,0.015614239272951093,2.82998018927445,22.52492113564669,0.007835530045022196,1.8630914826498424,0.00402220134195386,1.9444468750000041,16.553125,0.005470102952261012,0.0,1
26650.0,2022-04-22 07:50:00,334.69,334.82,334.44,334.75,23602.0,2,2,0.0,sell,False,0.14705882352941166,4.163492493946733,28.239017640954685,0.011578080659927173,0.2548196746197341,0.1648740621612344,0.29228389947110145,0.0008751822795281719,63.926275751633156,90.93455473778953,88.68865029760369,95.42636361816119,23602.0,2.25,1.0,15.300000000000011,156.0,0.04398194727915604,2.25,17.0,0.006765492978921731,2.0,2.0,0.2548196746197341,0.29228389947110145,0.1648740621612344,63.926275751633156,90.93455473778953,88.68865029760369,95.42636361816119,30.72625698324018,8.007448789570587,42.69804483083633,0.01792703695957521,0.11362277239564508,0.06999999999999318,0.25,0.060000000000002274,1.0,26651.0,26651.0,2022-04-22,2022-04-22 07:50:00,3.196415235250184,137.0,1.0,best_within_2.0d,26787.0,324.05,0.14705882352941166,15.300000000000011,156.0,0.04398194727915604,2.25,17.0,0.006765492978921731,0.4929364202292669,5.6011759621451125,36.843533123028394,0.015614239272951093,2.82998018927445,22.52492113564669,0.007835530045022196,1.8630914826498424,0.00402220134195386,1.9444468750000041,16.553125,0.005470102952261012,0.0,1
26651.0,2022-04-22 07:55:00,334.64,335.0,334.38,334.88,58390.0,2,2,0.0,sell,False,0.15882352941176503,4.163492493946733,28.239017640954685,0.011578080659927173,0.24816302229664472,0.19589443994831499,0.31997595109663735,0.0009579067499388663,65.50709416903214,89.46198780272087,88.94642946597608,90.49310447621048,58390.0,2.430000000000007,1.0,15.300000000000011,156.0,0.04398194727915604,2.430000000000007,18.0,0.00730673241723549,2.0,2.0,0.24816302229664472,0.31997595109663735,0.19589443994831499,65.50709416903214,89.46198780272087,88.94642946597608,90.49310447621048,27.700348432055712,7.49128919860524,43.750023241081024,0.0717188620607247,0.18541778814522536,0.12000000000000455,0.2599999999999909,0.2400000000000091,1.0,26652.0,26652.0,2022-04-22,2022-04-22 07:55:00,3.2339942666029575,136.0,1.0,best_within_2.0d,26787.0,324.05,0.15882352941176503,15.300000000000011,156.0,0.04398194727915604,2.430000000000007,18.0,0.00730673241723549,0.4929364202292669,5.6011759621451125,36.843533123028394,0.015614239272951093,2.82998018927445,22.52492113564669,0.007835530045022196,1.8630914826498424,0.00402220134195386,1.9444468750000041,16.553125,0.005470102952261012,0.0,1
26652.0,2022-04-22 08:00:00,333.5001,335.12,332.6196,334.99,135659.0,2,2,0.0,sell,False,0.1666666666666673,4.163492493946733,28.239017640954685,0.011578080659927173,0.24144966749050256,0.22607564838462785,0.34680048212987913,0.0010379914641443237,66.83158730089212,91.24160249078108,89.71148714091107,94.30183319052108,135659.0,2.5500000000000114,1.0,15.300000000000011,156.0,0.04398194727915604,2.5500000000000114,19.0,0.007667558709444662,2.0,2.0,0.24144966749050256,0.34680048212987913,0.22607564838462785,66.83158730089212,91.24160249078108,89.71148714091107,94.30183319052108,20.35747208849746,24.843798012904873,41.33396593372772,0.44674649272969763,0.7517296034268617,0.12999999999999545,0.8804999999999836,1.4899000000000342,1.0,26653.0,26653.0,2022-04-22,2022-04-22 08:00:00,3.265769127436639,135.0,1.0,best_within_2.0d,26787.0,324.05,0.1666666666666673,15.300000000000011,156.0,0.04398194727915604,2.5500000000000114,19.0,0.007667558709444662,0.4929364202292669,5.6011759621451125,36.843533123028394,0.015614239272951093,2.82998018927445,22.52492113564669,0.007835530045022196,1.8630914826498424,0.00402220134195386,1.9444468750000041,16.553125,0.005470102952261012,0.0,1
26655.0,2022-04-22 08:15:00,334.81,335.45,334.81,335.18,52106.0,2,2,0.0,sell,False,0.1882352941176466,4.163492493946733,28.239017640954685,0.011578080659927173,0.16385707364378121,0.29230736088519016,0.37423589770708077,0.001119517324775755,67.16951148418693,89.92954767994398,89.97856250224437,89.83151803534318,52106.0,2.8799999999999955,1.0,15.300000000000011,156.0,0.04398194727915604,2.8799999999999955,22.0,0.008659831013019802,2.0,2.0,0.16385707364378121,0.37423589770708077,0.29230736088519016,67.16951148418693,89.92954767994398,89.97856250224437,89.83151803534318,20.564495398694486,26.224872757183743,35.51850285481705,0.11051043875631089,0.19115319136226108,0.2699999999999818,0.0,0.37000000000000455,1.0,26656.0,26656.0,2022-04-22,2022-04-22 08:15:00,3.320603854645264,132.0,1.0,best_within_2.0d,26787.0,324.05,0.1882352941176466,15.300000000000011,156.0,0.04398194727915604,2.8799999999999955,22.0,0.008659831013019802,0.4929364202292669,5.6011759621451125,36.843533123028394,0.015614239272951093,2.82998018927445,22.52492113564669,0.007835530045022196,1.8630914826498424,0.00402220134195386,1.9444468750000041,16.553125,0.005470102952261012,0.0,1
26657.0,2022-04-22 08:25:00,335.33,335.61,335.26,335.53,42182.0,2,2,0.0,sell,False,0.19869281045751752,4.163492493946733,28.239017640954685,0.011578080659927173,0.18513368594814794,0.33622227910404084,0.4287891220781148,0.0012820955310923706,71.17356302880998,93.29778579244851,91.37513246199981,97.1430924533459,42182.0,3.0400000000000205,1.0,15.300000000000011,156.0,0.04398194727915604,3.0400000000000205,24.0,0.009140932735965423,2.0,2.0,0.18513368594814794,0.4287891220781148,0.33622227910404084,71.17356302880998,93.29778579244851,91.37513246199981,97.1430924533459,16.709310218787955,26.63568482063502,33.87975501104972,0.05964273998747164,0.10439658772296806,0.08000000000004093,0.06999999999999318,0.19999999999998863,1.0,26658.0,26658.0,2022-04-22,2022-04-22 08:25:00,3.4214526271868273,130.0,1.0,best_within_2.0d,26787.0,324.05,0.19869281045751752,15.300000000000011,156.0,0.04398194727915604,3.0400000000000205,24.0,0.009140932735965423,0.4929364202292669,5.6011759621451125,36.843533123028394,0.015614239272951093,2.82998018927445,22.52492113564669,0.007835530045022196,1.8630914826498424,0.00402220134195386,1.9444468750000041,16.553125,0.005470102952261012,0.0,1
26658.0,2022-04-22 08:30:00,335.56,335.62,334.89,334.96,67085.0,2,2,0.0,sell,False,0.19934640522875877,4.163492493946733,28.239017640954685,0.011578080659927173,0.10842224248464405,0.34977505941462134,0.40398618065694336,0.0012077957660426358,58.41762143925427,88.19950150905689,90.31658881101883,83.96532690513303,67085.0,3.0500000000000114,1.0,15.300000000000011,156.0,0.04398194727915604,3.0500000000000114,25.0,0.009171001593649492,2.0,2.0,0.10842224248464405,0.40398618065694336,0.34977505941462134,58.41762143925427,88.19950150905689,90.31658881101883,83.96532690513303,15.795234067957345,29.97860802945042,33.673041254340866,-0.17880557873406328,0.2179820239481675,0.060000000000002274,0.06999999999999318,0.6000000000000227,0.0,26659.0,26659.0,2022-04-22,2022-04-22 08:30:00,3.2571053260090665,129.0,1.0,best_within_2.0d,26787.0,324.05,0.19934640522875877,15.300000000000011,156.0,0.04398194727915604,3.0500000000000114,25.0,0.009171001593649492,0.4929364202292669,5.6011759621451125,36.843533123028394,0.015614239272951093,2.82998018927445,22.52492113564669,0.007835530045022196,1.8630914826498424,0.00402220134195386,1.9444468750000041,16.553125,0.005470102952261012,1.0,1
26672.0,2022-04-22 09:40:00,333.0,333.1,331.64,332.19,1923656.0,1p,1p,1.0,buy,False,0.6368600023338405,3.980000000000018,15.0,0.01185864966330975,-0.41644202645860856,-0.05751868400899831,-0.2657396972383026,-0.0007954775090995877,32.39770087845194,26.637093731095963,31.642040952249005,16.627199288789882,1923656.0,3.980000000000018,0.0,3.980000000000018,15.0,0.01185864966330975,3.980000000000018,0.0,0.0,1.0,1.0,-0.41644202645860856,-0.2657396972383026,-0.05751868400899831,32.39770087845194,26.637093731095963,31.642040952249005,16.627199288789882,17.37619461338,38.03455932039819,37.03056996552751,-0.24324324324324392,0.4402364009166676,0.10000000000002274,0.5500000000000114,0.8100000000000023,0.0,26673.0,26673.0,2022-04-22,2022-04-22 09:40:00,4.217465908064659,10.0,1.0,best_within_2.0d,26682.0,346.2,0.5832424107187206,4.3760036431226785,32.22527881040892,0.012230020343504162,2.285057100371749,15.890706319702602,0.006381710269403211,0.4929364202292669,5.6011759621451125,36.843533123028394,0.015614239272951093,2.82998018927445,22.52492113564669,0.007835530045022196,1.8630914826498424,0.00402220134195386,1.9444468750000041,16.553125,0.005470102952261012,1.0,0
26680.0,2022-04-22 10:20:00,332.18,332.21,331.11,331.42,1022455.0,1p,1p,1.0,buy,False,0.6368600022789906,4.509999999999991,23.0,0.01343781657827302,-0.37108624071471663,-0.28809856790808697,-0.4736416882654453,-0.0014200289327003283,37.154247164297274,26.269594949230765,35.16541366587826,8.47795751593577,1022455.0,4.509999999999991,0.0,4.509999999999991,23.0,0.01343781657827302,4.509999999999991,0.0,0.0,1.0,1.0,-0.37108624071471663,-0.4736416882654453,-0.28809856790808697,37.154247164297274,26.269594949230765,35.16541366587826,8.47795751593577,19.900549484988428,24.44476944612754,24.15596765753108,-0.22879161900174327,0.33221587991904983,0.029999999999972715,0.3100000000000023,0.7599999999999909,0.0,26681.0,26681.0,2022-04-22,2022-04-22 10:20:00,4.459598093054122,2.0,1.0,best_within_2.0d,26682.0,346.2,0.5832424107187206,4.3760036431226785,32.22527881040892,0.012230020343504162,2.285057100371749,15.890706319702602,0.006381710269403211,0.4929364202292669,5.6011759621451125,36.843533123028394,0.015614239272951093,2.82998018927445,22.52492113564669,0.007835530045022196,1.8630914826498424,0.00402220134195386,1.9444468750000041,16.553125,0.005470102952261012,0.0,0
26681.0,2022-04-22 10:25:00,331.41,331.61,330.83,331.01,1205716.0,1p,1p,1.0,buy,False,0.7702543778210762,4.7900000000000205,24.0,0.014272093439008463,-0.5036684559247184,-0.3510571248986768,-0.602891352861036,-0.0018085510334350042,35.413107838912566,18.938241446755626,29.756356259504045,-2.6979881787412126,1205716.0,4.7900000000000205,0.0,4.7900000000000205,24.0,0.014272093439008463,4.7900000000000205,0.0,0.0,1.0,1.0,-0.5036684559247184,-0.602891352861036,-0.3510571248986768,35.413107838912566,18.938241446755626,29.756356259504045,-2.6979881787412126,19.644035637683515,24.33591816531963,23.192557808940112,-0.12069641833379623,0.23577063748754032,0.19999999999998863,0.18000000000000682,0.4000000000000341,0.0,26682.0,26682.0,2022-04-22,2022-04-22 10:25:00,4.588985227032415,1.0,1.0,best_within_2.0d,26682.0,346.2,0.5832424107187206,4.3760036431226785,32.22527881040892,0.012230020343504162,2.285057100371749,15.890706319702602,0.006381710269403211,0.4929364202292669,5.6011759621451125,36.843533123028394,0.015614239272951093,2.82998018927445,22.52492113564669,0.007835530045022196,1.8630914826498424,0.00402220134195386,1.9444468750000041,16.553125,0.005470102952261012,1.0,0
26682.0,2022-04-22 10:30:00,345.98,346.2,345.98,346.2,16701.0,1p,1p,0.0,sell,False,1.752028806873396,3.589999999999975,36.0,0.010478386503604609,-0.06492209973721996,0.5685439665923953,0.5360829167237853,0.0015526413353305934,71.08301109150328,78.24608739788559,71.00924287507564,92.71977644350548,16701.0,3.589999999999975,0.0,3.589999999999975,36.0,0.010478386503604609,3.589999999999975,0.0,0.0,1.0,1.0,-0.06492209973721996,0.5360829167237853,0.5685439665923953,71.08301109150328,78.24608739788559,71.00924287507564,92.71977644350548,34.400000000000595,16.800000000002157,59.77500118881151,0.06358749060638488,0.06358749060638488,0.0,0.0,0.21999999999997044,1.0,26683.0,26683.0,2022-04-22,2022-04-22 10:30:00,6.398035817446557,105.0,1.0,best_within_2.0d,26787.0,324.05,0.5832424107187206,4.3760036431226785,32.22527881040892,0.012230020343504162,2.285057100371749,15.890706319702602,0.006381710269403211,0.4929364202292669,5.6011759621451125,36.843533123028394,0.015614239272951093,2.82998018927445,22.52492113564669,0.007835530045022196,1.8630914826498424,0.00402220134195386,1.9444468750000041,16.553125,0.005470102952261012,0.0,1
26689.0,2022-04-22 11:05:00,331.095,333.01,330.925,332.9199,1222656.0,2s,2s,0.0,sell,False,0.02875816993464035,4.163492493946733,28.239017640954685,0.011578080659927173,0.05760498012039106,-0.598288499959631,-0.5694860098994354,-0.0017120394755342461,51.54892840947016,45.15103531117855,29.467474071356317,76.51815779082301,1222656.0,2.180000000000007,1.0,15.300000000000011,156.0,0.04398194727915604,2.180000000000007,9.0,0.006589487047728462,1.0,2.5,0.05760498012039106,-0.5694860098994354,-0.598288499959631,51.54892840947016,45.15103531117855,29.467474071356317,76.51815779082301,21.569466855468104,19.37410127221417,16.514413366461977,0.5511711140307032,0.6300521266147856,0.09010000000000673,0.17000000000001592,1.824899999999957,1.0,26690.0,26690.0,2022-04-22,2022-04-22 11:05:00,2.6642744996619228,98.0,1.0,best_within_2.0d,26787.0,324.05,0.5832424107187206,4.3760036431226785,32.22527881040892,0.012230020343504162,2.285057100371749,15.890706319702602,0.006381710269403211,0.02875816993464035,15.300000000000011,156.0,0.04398194727915604,2.180000000000007,9.0,0.006589487047728462,1.0,0.00402220134195386,1.9444468750000041,16.553125,0.005470102952261012,1.0,1
26695.0,2022-04-22 11:35:00,331.15,331.22,330.4,330.57,683867.0,1,1,1.0,buy,False,0.09944613862588485,2.6100000000000136,7.0,0.00783760247440021,-0.06502770626522847,-0.5307478611067172,-0.5632617142393315,-0.0016954879167328893,38.09353559418714,24.83619171345627,35.516551494179126,3.4754721520105534,683867.0,2.6100000000000136,1.0,2.6100000000000136,7.0,0.00783760247440021,2.6100000000000136,7.0,0.00783760247440021,1.0,1.0,-0.06502770626522847,-0.5632617142393315,-0.5307478611067172,38.09353559418714,24.83619171345627,35.516551494179126,3.4754721520105534,20.846089810183518,21.190084691539763,12.842281894648021,-0.1751472142533547,0.2481840193704752,0.07000000000005002,0.17000000000001592,0.5799999999999841,0.0,26696.0,26696.0,2022-04-22,2022-04-22 11:35:00,-0.28133224430529297,11.0,1.0,best_within_2.0d,26706.0,329.64,0.5832424107187206,4.3760036431226785,32.22527881040892,0.012230020343504162,2.285057100371749,15.890706319702602,0.006381710269403211,0.4929364202292669,5.6011759621451125,36.843533123028394,0.015614239272951093,2.82998018927445,22.52492113564669,0.007835530045022196,1.8630914826498424,0.00402220134195386,1.9444468750000041,16.553125,0.005470102952261012,0.0,0
26696.0,2022-04-22 11:40:00,330.56,330.62,329.59,329.64,800532.0,1,1,1.0,buy,False,0.3695869593356092,3.420000000000016,8.0,0.010269961863007165,-0.24167245268170223,-0.56095691769193,-0.6817931440327811,-0.0020534599877416676,33.64841864603581,17.044790577002143,29.35929785512013,-7.584223979233833,800532.0,3.420000000000016,1.0,3.420000000000016,8.0,0.010269961863007165,3.420000000000016,8.0,0.010269961863007165,1.0,1.0,-0.24167245268170223,-0.6817931440327811,-0.56095691769193,33.64841864603581,17.044790577002143,29.35929785512013,-7.584223979233833,18.687607780090648,26.72602730314454,13.189294177729705,-0.27831558567280246,0.3125094814769956,0.060000000000002274,0.05000000000001137,0.9200000000000159,0.0,26697.0,26697.0,2022-04-22,2022-04-22 11:40:00,0.0,10.0,1.0,best_within_2.0d,26706.0,329.64,0.5832424107187206,4.3760036431226785,32.22527881040892,0.012230020343504162,2.285057100371749,15.890706319702602,0.006381710269403211,0.4929364202292669,5.6011759621451125,36.843533123028394,0.015614239272951093,2.82998018927445,22.52492113564669,0.007835530045022196,1.8630914826498424,0.00402220134195386,1.9444468750000041,16.553125,0.005470102952261012,0.0,0
26697.0,2022-04-22 11:45:00,329.62,330.01,329.54,329.6701,608911.0,1,1,1.0,buy,False,0.4980143913289275,3.4699999999999704,9.0,0.010420107504279063,-0.3256509905991529,-0.6016632915168241,-0.7644887868164005,-0.0023037356220816318,33.91719348973169,12.612953564302787,23.777183091514345,-9.715505490120329,608911.0,3.4699999999999704,1.0,3.4699999999999704,9.0,0.010420107504279063,3.4699999999999704,9.0,0.010420107504279063,1.0,1.0,-0.3256509905991529,-0.7644887868164005,-0.6016632915168241,33.91719348973169,12.612953564302787,23.777183091514345,-9.715505490120329,12.759659061909911,28.727460973671025,14.996385768599833,0.015199320429581416,0.1426230503125479,0.3399000000000001,0.07999999999998408,0.05009999999998627,1.0,26698.0,26698.0,2022-04-22,2022-04-22 11:45:00,-0.009130339694138005,9.0,1.0,best_within_2.0d,26706.0,329.64,0.5832424107187206,4.3760036431226785,32.22527881040892,0.012230020343504162,2.285057100371749,15.890706319702602,0.006381710269403211,0.4929364202292669,5.6011759621451125,36.843533123028394,0.015614239272951093,2.82998018927445,22.52492113564669,0.007835530045022196,1.8630914826498424,0.00402220134195386,1.9444468750000041,16.553125,0.005470102952261012,0.0,0
26698.0,2022-04-22 11:50:00,329.69,329.88,329.2724,329.42,601383.0,1,1,1.0,buy,False,0.5844437564602909,3.7375999999999863,10.0,0.011223686976367036,-0.3821670448700689,-0.6494341721255827,-0.8405176945606172,-0.002534216790977583,32.73080768413526,9.753743290802218,19.102703157943637,-8.944176443480622,601383.0,3.7375999999999863,1.0,3.7375999999999863,10.0,0.011223686976367036,3.7375999999999863,10.0,0.011223686976367036,1.0,1.0,-0.3821670448700689,-0.8405176945606172,-0.6494341721255827,32.73080768413526,9.753743290802218,19.102703157943637,-8.944176443480622,13.027909504418368,26.856849330365474,16.401804020990944,-0.08189511359155019,0.18452806855357168,0.18999999999999773,0.14760000000001128,0.2699999999999818,0.0,26699.0,26699.0,2022-04-22,2022-04-22 11:50:00,0.06678404468458819,8.0,1.0,best_within_2.0d,26706.0,329.64,0.5832424107187206,4.3760036431226785,32.22527881040892,0.012230020343504162,2.285057100371749,15.890706319702602,0.006381710269403211,0.4929364202292669,5.6011759621451125,36.843533123028394,0.015614239272951093,2.82998018927445,22.52492113564669,0.007835530045022196,1.8630914826498424,0.00402220134195386,1.9444468750000041,16.553125,0.005470102952261012,0.0,0
26699.0,2022-04-22 11:55:00,329.41,329.64,329.13,329.15,552181.0,1,1,1.0,buy,False,0.6425710175031099,3.8799999999999955,11.0,0.011651301762709815,-0.4201763884951528,-0.7019562206874769,-0.9120444149350533,-0.0027514216956908205,31.451762812665095,6.689236890413261,14.964881068766843,-9.862051466293906,552181.0,3.8799999999999955,1.0,3.8799999999999955,11.0,0.011651301762709815,3.8799999999999955,11.0,0.011651301762709815,1.0,1.0,-0.4201763884951528,-0.9120444149350533,-0.7019562206874769,31.451762812665095,6.689236890413261,14.964881068766843,-9.862051466293906,7.756327223932963,29.08622708974861,19.36558493678482,-0.07892899426248376,0.1549539695560997,0.22999999999996135,0.01999999999998181,0.26000000000004775,0.0,26700.0,26700.0,2022-04-22,2022-04-22 11:55:00,0.14886829712897132,7.0,1.0,best_within_2.0d,26706.0,329.64,0.5832424107187206,4.3760036431226785,32.22527881040892,0.012230020343504162,2.285057100371749,15.890706319702602,0.006381710269403211,0.4929364202292669,5.6011759621451125,36.843533123028394,0.015614239272951093,2.82998018927445,22.52492113564669,0.007835530045022196,1.8630914826498424,0.00402220134195386,1.9444468750000041,16.553125,0.005470102952261012,0.0,0
26700.0,2022-04-22 12:00:00,329.14,329.29,328.96,329.245,595845.0,1,1,1.0,buy,False,0.6425710175098855,4.050000000000011,12.0,0.012161796943034778,-0.39704901025241,-0.7515873469690282,-0.9501118520952332,-0.0028676951062646854,32.45196160174214,6.999598212147381,12.309786783227022,-3.6207789300119018,595845.0,4.050000000000011,1.0,4.050000000000011,12.0,0.012161796943034778,4.050000000000011,12.0,0.012161796943034778,1.0,1.0,-0.39704901025241,-0.9501118520952332,-0.7515873469690282,32.45196160174214,6.999598212147381,12.309786783227022,-3.6207789300119018,8.075783149070881,29.395850662618354,22.04636827873864,0.031901318587840496,0.10031614785993462,0.045000000000015916,0.18000000000000682,0.10500000000001819,1.0,26701.0,26701.0,2022-04-22,2022-04-22 12:00:00,0.11997144983218631,6.0,1.0,best_within_2.0d,26706.0,329.64,0.5832424107187206,4.3760036431226785,32.22527881040892,0.012230020343504162,2.285057100371749,15.890706319702602,0.006381710269403211,0.4929364202292669,5.6011759621451125,36.843533123028394,0.015614239272951093,2.82998018927445,22.52492113564669,0.007835530045022196,1.8630914826498424,0.00402220134195386,1.9444468750000041,16.553125,0.005470102952261012,0.0,0
26701.0,2022-04-22 12:05:00,329.24,329.52,328.72,328.77,742164.0,1,1,1.0,buy,False,0.6425710175263137,4.289999999999964,13.0,0.012882496021140397,-0.4086618762846972,-0.8026700815046153,-1.0070010196469639,-0.003041132782099672,30.088011991905105,5.171449313148306,9.93034095986745,-4.346333980289982,742164.0,4.289999999999964,1.0,4.289999999999964,13.0,0.012882496021140397,4.289999999999964,13.0,0.012882496021140397,1.0,1.0,-0.4086618762846972,-1.0070010196469639,-0.8026700815046153,30.088011991905105,5.171449313148306,9.93034095986745,-4.346333980289982,8.154810930708614,30.98828153669236,24.638294354066804,-0.14275300692504778,0.24336821611096204,0.2799999999999727,0.049999999999954525,0.4700000000000273,0.0,26702.0,26702.0,2022-04-22,2022-04-22 12:05:00,0.26462268455151156,5.0,1.0,best_within_2.0d,26706.0,329.64,0.5832424107187206,4.3760036431226785,32.22527881040892,0.012230020343504162,2.285057100371749,15.890706319702602,0.006381710269403211,0.4929364202292669,5.6011759621451125,36.843533123028394,0.015614239272951093,2.82998018927445,22.52492113564669,0.007835530045022196,1.8630914826498424,0.00402220134195386,1.9444468750000041,16.553125,0.005470102952261012,0.0,0
26702.0,2022-04-22 12:10:00,328.7874,329.02,328.4799,328.97,656086.0,1,1,1.0,buy,False,0.6425710175215086,4.5301000000000045,14.0,0.013603495390528826,-0.3543552195378883,-0.8469644839468513,-1.0241420937157955,-0.003094391743561122,32.32341966197818,8.06238010479523,9.307687341510043,5.571765631365601,656086.0,4.5301000000000045,1.0,4.5301000000000045,14.0,0.013603495390528826,4.5301000000000045,14.0,0.013603495390528826,1.0,1.0,-0.3543552195378883,-1.0241420937157955,-0.8469644839468513,32.32341966197818,8.06238010479523,9.307687341510043,5.571765631365601,8.663409224798185,32.05548047267594,26.981824320092624,0.05553740806370205,0.16442406369461127,0.049999999999954525,0.30750000000000455,0.1826000000000363,1.0,26703.0,26703.0,2022-04-22,2022-04-22 12:10:00,0.20366598778002826,4.0,1.0,best_within_2.0d,26706.0,329.64,0.5832424107187206,4.3760036431226785,32.22527881040892,0.012230020343504162,2.285057100371749,15.890706319702602,0.006381710269403211,0.4929364202292669,5.6011759621451125,36.843533123028394,0.015614239272951093,2.82998018927445,22.52492113564669,0.007835530045022196,1.8630914826498424,0.00402220134195386,1.9444468750000041,16.553125,0.005470102952261012,1.0,0
26706.0,2022-04-22 12:30:00,329.17,329.85,329.11,329.64,416541.0,3a,3a,0.0,sell,False,0.0013230297381002427,4.163492493946733,28.239017640954685,0.011578080659927173,0.04477593671502622,-0.9107546266125081,-0.888366658254995,-0.0026877783432366774,41.004042473349436,46.825098447331186,27.86109751993523,84.7531003021231,416541.0,1.3701000000000363,2.0,1.3701000000000363,5.0,0.00417103146950555,1.3701000000000363,5.0,0.00417103146950555,3.0,3.0,0.04477593671502622,-0.888366658254995,-0.9107546266125081,41.004042473349436,46.825098447331186,27.86109751993523,84.7531003021231,9.204120784679484,36.48491300442462,37.63277888323889,0.14278336421908752,0.2248488347361092,0.21000000000003638,0.060000000000002274,0.46999999999997044,1.0,26707.0,26707.0,2022-04-22,2022-04-22 12:30:00,1.6957893459531537,81.0,1.0,best_within_2.0d,26787.0,324.05,0.5832424107187206,4.3760036431226785,32.22527881040892,0.012230020343504162,2.285057100371749,15.890706319702602,0.006381710269403211,0.4929364202292669,5.6011759621451125,36.843533123028394,0.015614239272951093,2.82998018927445,22.52492113564669,0.007835530045022196,1.8630914826498424,0.0013230297381002427,1.3701000000000363,5.0,0.00417103146950555,0.0,1
26707.0,2022-04-22 12:35:00,329.6301,330.13,329.28,329.4,510439.0,3a,3a,0.0,sell,False,0.0013230297381002427,4.163492493946733,28.239017640954685,0.011578080659927173,0.11144146778759634,-0.8968244431390584,-0.8411037092452602,-0.002545422336726565,39.196943199201606,49.803484616261834,35.175226552044094,79.0600007446973,510439.0,1.650100000000009,2.0,1.650100000000009,6.0,0.0050234428347061995,1.650100000000009,6.0,0.0050234428347061995,3.0,3.0,0.11144146778759634,-0.8411037092452602,-0.8968244431390584,39.196943199201606,49.803484616261834,35.175226552044094,79.0600007446973,11.823982445114503,31.744729806022715,38.21062313939858,-0.06980551836742152,0.2581389698736707,0.49989999999996826,0.12000000000000455,0.23010000000004993,0.0,26708.0,26708.0,2022-04-22,2022-04-22 12:35:00,1.6241651487553026,80.0,1.0,best_within_2.0d,26787.0,324.05,0.5832424107187206,4.3760036431226785,32.22527881040892,0.012230020343504162,2.285057100371749,15.890706319702602,0.006381710269403211,0.4929364202292669,5.6011759621451125,36.843533123028394,0.015614239272951093,2.82998018927445,22.52492113564669,0.007835530045022196,1.8630914826498424,0.0013230297381002427,1.650100000000009,6.0,0.0050234428347061995,1.0,1
26711.0,2022-04-22 12:55:00,328.6,328.85,328.51,328.62,217382.0,2,2,1.0,buy,False,0.9817586812920404,4.163492493946733,28.239017640954685,0.011578080659927173,0.09306656438271621,-0.8278152178340111,-0.781281935642653,-0.0023672447726699537,33.905422576228645,26.021393486650823,35.90637064550432,6.251439168943833,217382.0,1.6200000000000045,1.0,1.650100000000009,6.0,0.0050234428347061995,1.6200000000000045,5.0,0.004907157786326613,2.0,2.0,0.09306656438271621,-0.781281935642653,-0.8278152178340111,33.905422576228645,26.021393486650823,35.90637064550432,6.251439168943833,13.675917073111554,22.8145763491354,36.300396854215606,0.006086427267188621,0.10349761042282787,0.2300000000000182,0.09000000000003183,0.01999999999998181,1.0,26712.0,26712.0,2022-04-22,2022-04-22 12:55:00,2.0540172048918044,173.78554736652885,0.0,,14281.267661333814,366.3529484630595,0.9817586812920404,1.650100000000009,6.0,0.0050234428347061995,1.6200000000000045,5.0,0.004907157786326613,0.4929364202292669,5.6011759621451125,36.843533123028394,0.015614239272951093,2.82998018927445,22.52492113564669,0.007835530045022196,1.8630914826498424,0.00402220134195386,1.9444468750000041,16.553125,0.005470102952261012,0.0,0
26712.0,2022-04-22 13:00:00,328.61,328.74,328.03,328.147,509933.0,1p,1p,1.0,buy,False,2.3799522995240987e-07,2.1000000000000227,6.0,0.006361130463756771,0.025345410629477483,-0.8246470415053263,-0.8119743361905876,-0.0024612860887200678,30.727590020438015,19.204738514910346,30.339159935306327,-3.0641043258816154,509933.0,2.1000000000000227,0.0,2.1000000000000227,6.0,0.006361130463756771,2.1000000000000227,0.0,0.0,1.0,1.0,0.025345410629477483,-0.8119743361905876,-0.8246470415053263,30.727590020438015,19.204738514910346,30.339159935306327,-3.0641043258816154,13.50850557674125,25.074416324969224,35.84870866461776,-0.14089650345394913,0.21644361796178288,0.12999999999999545,0.11700000000001864,0.4630000000000223,0.0,26713.0,26713.0,2022-04-22,2022-04-22 13:00:00,2.0540172048918044,173.78554736652885,0.0,,14281.267661333814,366.3529484630595,0.5832424107187206,4.3760036431226785,32.22527881040892,0.012230020343504162,2.285057100371749,15.890706319702602,0.006381710269403211,0.4929364202292669,5.6011759621451125,36.843533123028394,0.015614239272951093,2.82998018927445,22.52492113564669,0.007835530045022196,1.8630914826498424,0.00402220134195386,1.9444468750000041,16.553125,0.005470102952261012,0.0,0
26716.0,2022-04-22 13:20:00,328.675,328.68,327.93,328.01,492441.0,1p,1p,1.0,buy,False,2.3799522995240987e-07,2.1999999999999886,10.0,0.0066640414382212725,0.07085091084976991,-0.787632727116303,-0.7522072716914181,-0.0022828264505310916,32.79439924060789,18.324071604671396,22.814049664386538,9.344115485241112,492441.0,2.1999999999999886,0.0,2.1999999999999886,10.0,0.0066640414382212725,2.1999999999999886,0.0,0.0,1.0,1.0,0.07085091084976991,-0.7522072716914181,-0.787632727116303,32.79439924060789,18.324071604671396,22.814049664386538,9.344115485241112,18.259426132320822,22.705714963243878,29.778357467420154,-0.2023275271925216,0.2287073460799561,0.0049999999999954525,0.07999999999998408,0.6650000000000205,0.0,26717.0,26717.0,2022-04-22,2022-04-22 13:20:00,2.0540172048918044,173.78554736652885,0.0,,14281.267661333814,366.3529484630595,0.5832424107187206,4.3760036431226785,32.22527881040892,0.012230020343504162,2.285057100371749,15.890706319702602,0.006381710269403211,0.4929364202292669,5.6011759621451125,36.843533123028394,0.015614239272951093,2.82998018927445,22.52492113564669,0.007835530045022196,1.8630914826498424,0.00402220134195386,1.9444468750000041,16.553125,0.005470102952261012,0.0,0
26717.0,2022-04-22 13:25:00,328.01,328.42,327.89,328.26,471563.0,1p,1p,1.0,buy,False,2.3799522995240987e-07,2.240000000000009,11.0,0.006785205828007177,0.08267950450597183,-0.7772977890530566,-0.7359580368000707,-0.002234138960259114,36.327527568908366,19.557317577717498,21.728472302163524,15.215008128825446,471563.0,2.240000000000009,0.0,2.240000000000009,11.0,0.006785205828007177,2.240000000000009,0.0,0.0,1.0,1.0,0.08267950450597183,-0.7359580368000707,-0.7772977890530566,36.327527568908366,19.557317577717498,21.728472302163524,15.215008128825446,15.450439743284171,23.235084383170957,29.08868106723485,0.0762171885003506,0.16163957424747005,0.160000000000025,0.12000000000000455,0.25,1.0,26718.0,26718.0,2022-04-22,2022-04-22 13:25:00,2.0540172048918044,173.78554736652885,0.0,,14281.267661333814,366.3529484630595,0.5832424107187206,4.3760036431226785,32.22527881040892,0.012230020343504162,2.285057100371749,15.890706319702602,0.006381710269403211,0.4929364202292669,5.6011759621451125,36.843533123028394,0.015614239272951093,2.82998018927445,22.52492113564669,0.007835530045022196,1.8630914826498424,0.00402220134195386,1.9444468750000041,16.553125,0.005470102952261012,0.0,0
26719.0,2022-04-22 13:35:00,328.01,328.11,327.779,327.81,392176.0,1p,1p,1.0,buy,False,2.3799522995240987e-07,2.350999999999999,13.0,0.007121437009662858,0.045587563282012855,-0.7626975631395896,-0.7399037814985832,-0.0022475736029343605,32.8509676747708,11.716790883782581,17.190738779531223,0.7688950922852982,392176.0,2.350999999999999,0.0,2.350999999999999,13.0,0.007121437009662858,2.350999999999999,0.0,0.0,1.0,1.0,0.045587563282012855,-0.7399037814985832,-0.7626975631395896,32.8509676747708,11.716790883782581,17.190738779531223,0.7688950922852982,10.106051154085138,27.024329382407934,29.923386880338875,-0.06097375080027701,0.1009826743018977,0.10000000000002274,0.03100000000000591,0.19999999999998863,0.0,26720.0,26720.0,2022-04-22,2022-04-22 13:35:00,2.0540172048918044,173.78554736652885,0.0,,14281.267661333814,366.3529484630595,0.5832424107187206,4.3760036431226785,32.22527881040892,0.012230020343504162,2.285057100371749,15.890706319702602,0.006381710269403211,0.4929364202292669,5.6011759621451125,36.843533123028394,0.015614239272951093,2.82998018927445,22.52492113564669,0.007835530045022196,1.8630914826498424,0.00402220134195386,1.9444468750000041,16.553125,0.005470102952261012,0.0,0
26720.0,2022-04-22 13:40:00,327.825,328.16,327.54,328.0593,599696.0,1p,1p,1.0,buy,False,2.3799522995240987e-07,2.589999999999975,14.0,0.00784539423863319,0.07286170423952898,-0.7535898501096485,-0.717158997989884,-0.002179042614319418,36.604670224802405,19.50713986846768,17.962872475843373,22.595674653716294,599696.0,2.589999999999975,0.0,2.589999999999975,14.0,0.00784539423863319,2.589999999999975,0.0,0.0,1.0,1.0,0.07286170423952898,-0.717158997989884,-0.7535898501096485,36.604670224802405,19.50713986846768,17.962872475843373,22.595674653716294,9.246358454716722,30.462317922735476,31.60236118268915,0.07147105925418099,0.18928985772730186,0.10070000000001755,0.28499999999996817,0.23430000000001883,1.0,26721.0,26721.0,2022-04-22,2022-04-22 13:40:00,2.0540172048918044,173.78554736652885,0.0,,14281.267661333814,366.3529484630595,0.5832424107187206,4.3760036431226785,32.22527881040892,0.012230020343504162,2.285057100371749,15.890706319702602,0.006381710269403211,0.4929364202292669,5.6011759621451125,36.843533123028394,0.015614239272951093,2.82998018927445,22.52492113564669,0.007835530045022196,1.8630914826498424,0.00402220134195386,1.9444468750000041,16.553125,0.005470102952261012,0.0,0
26722.0,2022-04-22 13:50:00,327.86,327.87,327.31,327.33,488880.0,1p,1p,1.0,buy,False,2.3799522995240987e-07,2.819999999999993,16.0,0.008542089479901836,0.016721123454226827,-0.7423542506745209,-0.7339936889474075,-0.0022316801677813736,30.869928562354346,13.714358143953934,16.99644979153592,7.150174848789966,488880.0,2.819999999999993,0.0,2.819999999999993,16.0,0.008542089479901836,2.819999999999993,0.0,0.0,1.0,1.0,0.016721123454226827,-0.7339936889474075,-0.7423542506745209,30.869928562354346,13.714358143953934,16.99644979153592,7.150174848789966,6.361829025843556,33.863485752154006,36.558077089846236,-0.16165436466785504,0.17109162567596536,0.009999999999990905,0.01999999999998181,0.5300000000000296,0.0,26723.0,26723.0,2022-04-22,2022-04-22 13:50:00,2.0540172048918044,173.78554736652885,0.0,,14281.267661333814,366.3529484630595,0.5832424107187206,4.3760036431226785,32.22527881040892,0.012230020343504162,2.285057100371749,15.890706319702602,0.006381710269403211,0.4929364202292669,5.6011759621451125,36.843533123028394,0.015614239272951093,2.82998018927445,22.52492113564669,0.007835530045022196,1.8630914826498424,0.00402220134195386,1.9444468750000041,16.553125,0.005470102952261012,0.0,0
26723.0,2022-04-22 13:55:00,327.33,327.53,327.12,327.12,481045.0,1p,1p,1.0,buy,False,0.07806275967290743,3.009999999999991,17.0,0.00911762033138458,-0.03280013624160327,-0.7464542677047212,-0.7628543358255229,-0.002320358701775015,29.41117264870239,9.142905429302623,14.378601670791486,-1.3284870536751043,481045.0,3.009999999999991,0.0,3.009999999999991,17.0,0.00911762033138458,3.009999999999991,0.0,0.0,1.0,1.0,-0.03280013624160327,-0.7628543358255229,-0.7464542677047212,29.41117264870239,9.142905429302623,14.378601670791486,-1.3284870536751043,6.166219839140978,36.796246648793925,39.03927528300553,-0.06415543946475409,0.12533626803618494,0.19999999999998863,0.0,0.20999999999997954,0.0,26724.0,26724.0,2022-04-22,2022-04-22 13:55:00,2.0540172048918044,173.78554736652885,0.0,,14281.267661333814,366.3529484630595,0.5832424107187206,4.3760036431226785,32.22527881040892,0.012230020343504162,2.285057100371749,15.890706319702602,0.006381710269403211,0.4929364202292669,5.6011759621451125,36.843533123028394,0.015614239272951093,2.82998018927445,22.52492113564669,0.007835530045022196,1.8630914826498424,0.00402220134195386,1.9444468750000041,16.553125,0.005470102952261012,0.0,0
26724.0,2022-04-22 14:00:00,327.12,327.28,326.73,326.77,465802.0,1p,1p,1.0,buy,False,0.2217674481294073,3.3999999999999773,18.0,0.010298973131796497,-0.09318146761754531,-0.7581019511569144,-0.804692684965687,-0.0024487186308052994,27.11165636441362,6.779030969961814,11.845411437181594,-3.353729964477747,465802.0,3.3999999999999773,0.0,3.3999999999999773,18.0,0.010298973131796497,3.3999999999999773,0.0,0.0,1.0,1.0,-0.09318146761754531,-0.804692684965687,-0.7581019511569144,27.11165636441362,6.779030969961814,11.845411437181594,-3.353729964477747,6.371191135732977,36.426592797784515,41.26693684970751,-0.10699437515285606,0.16833471061731536,0.15999999999996817,0.03999999999996362,0.35000000000002274,0.0,26725.0,26725.0,2022-04-22,2022-04-22 14:00:00,2.0540172048918044,173.78554736652885,0.0,,14281.267661333814,366.3529484630595,0.5832424107187206,4.3760036431226785,32.22527881040892,0.012230020343504162,2.285057100371749,15.890706319702602,0.006381710269403211,0.4929364202292669,5.6011759621451125,36.843533123028394,0.015614239272951093,2.82998018927445,22.52492113564669,0.007835530045022196,1.8630914826498424,0.00402220134195386,1.9444468750000041,16.553125,0.005470102952261012,1.0,0
26733.0,2022-04-22 14:45:00,327.11,327.2,326.64,326.7809,561842.0,1p,1p,1.0,buy,False,0.23845763600302897,3.490000000000009,27.0,0.010571593008814738,0.09086254196929255,-0.6581293893016309,-0.6126981183169846,-0.00186855069925099,36.30126017653579,17.770077293807073,24.27241373120878,4.765404419003659,561842.0,3.490000000000009,0.0,3.490000000000009,27.0,0.010571593008814738,3.490000000000009,0.0,0.0,1.0,1.0,0.09086254196929255,-0.6126981183169846,-0.6581293893016309,36.30126017653579,17.770077293807073,24.27241373120878,4.765404419003659,20.72554978582911,28.344779726723463,34.160811197928844,-0.1006083580447065,0.17144256674014277,0.08999999999997499,0.1408999999999878,0.32910000000003947,0.0,26734.0,26734.0,2022-04-22,2022-04-22 14:45:00,2.0540172048918044,173.78554736652885,0.0,,14281.267661333814,366.3529484630595,0.5832424107187206,4.3760036431226785,32.22527881040892,0.012230020343504162,2.285057100371749,15.890706319702602,0.006381710269403211,0.4929364202292669,5.6011759621451125,36.843533123028394,0.015614239272951093,2.82998018927445,22.52492113564669,0.007835530045022196,1.8630914826498424,0.00402220134195386,1.9444468750000041,16.553125,0.005470102952261012,0.0,0
26734.0,2022-04-22 14:50:00,326.76,326.85,326.16,326.17,696730.0,1p,1p,1.0,buy,False,0.23845763600302897,3.9699999999999704,28.0,0.012025565686244723,0.002675415244100421,-0.6577949623961183,-0.6564572547740681,-0.0020027861136708153,31.747404552983838,11.985607084760145,20.176811515725902,-4.396801777171369,696730.0,3.9699999999999704,0.0,3.9699999999999704,28.0,0.012025565686244723,3.9699999999999704,0.0,0.0,1.0,1.0,0.002675415244100421,-0.6564572547740681,-0.6577949623961183,31.747404552983838,11.985607084760145,20.176811515725902,-4.396801777171369,20.553406582975704,30.968936139918924,33.164721750452536,-0.18056065613905467,0.21155261221486316,0.09000000000003183,0.009999999999990905,0.589999999999975,0.0,26735.0,26735.0,2022-04-22,2022-04-22 14:50:00,2.0540172048918044,173.78554736652885,0.0,,14281.267661333814,366.3529484630595,0.5832424107187206,4.3760036431226785,32.22527881040892,0.012230020343504162,2.285057100371749,15.890706319702602,0.006381710269403211,0.4929364202292669,5.6011759621451125,36.843533123028394,0.015614239272951093,2.82998018927445,22.52492113564669,0.007835530045022196,1.8630914826498424,0.00402220134195386,1.9444468750000041,16.553125,0.005470102952261012,0.0,0
26735.0,2022-04-22 14:55:00,326.185,326.41,325.8,326.4,1113039.0,1p,1p,1.0,buy,False,0.23845763600302897,4.329999999999984,29.0,0.013116045194317342,-0.011388709430126154,-0.6592185510748841,-0.6649129057899472,-0.0020292126599084945,35.0508954764194,15.236781534767244,18.53013485540635,8.650074893489034,1113039.0,4.329999999999984,0.0,4.329999999999984,29.0,0.013116045194317342,4.329999999999984,0.0,0.0,1.0,1.0,-0.011388709430126154,-0.6649129057899472,-0.6592185510748841,35.0508954764194,15.236781534767244,18.53013485540635,8.650074893489034,19.86741053712789,34.66467471229598,32.73402509237064,0.06591351533638119,0.18723143032535716,0.010000000000047748,0.3849999999999909,0.214999999999975,1.0,26736.0,26736.0,2022-04-22,2022-04-22 14:55:00,2.0540172048918044,173.78554736652885,0.0,,14281.267661333814,366.3529484630595,0.5832424107187206,4.3760036431226785,32.22527881040892,0.012230020343504162,2.285057100371749,15.890706319702602,0.006381710269403211,0.4929364202292669,5.6011759621451125,36.843533123028394,0.015614239272951093,2.82998018927445,22.52492113564669,0.007835530045022196,1.8630914826498424,0.00402220134195386,1.9444468750000041,16.553125,0.005470102952261012,1.0,0
26747.0,2022-04-22 15:55:00,325.7,325.96,324.96,325.4,2913580.0,1,1,1.0,buy,False,0.3697815433046324,4.090000000000032,5.0,0.012429721926758947,-0.15537347339790442,-0.32791125443745117,-0.4055979911364034,-0.0012395208951444293,36.51972086119197,27.67066744181975,42.632460441803964,-2.2529185581486786,2913580.0,4.090000000000032,2.0,4.090000000000032,5.0,0.012429721926758947,4.090000000000032,5.0,0.012429721926758947,1.0,1.0,-0.15537347339790442,-0.4055979911364034,-0.32791125443745117,36.51972086119197,27.67066744181975,42.632460441803964,-2.2529185581486786,22.253915104414407,29.172609082077607,23.585087530056494,-0.09210930303961049,0.30773018217626785,0.2599999999999909,0.4399999999999977,0.30000000000001137,0.0,26748.0,26748.0,2022-04-22,2022-04-22 15:55:00,2.0540172048918044,173.78554736652885,0.0,,14281.267661333814,366.3529484630595,0.5832424107187206,4.3760036431226785,32.22527881040892,0.012230020343504162,2.285057100371749,15.890706319702602,0.006381710269403211,0.4929364202292669,5.6011759621451125,36.843533123028394,0.015614239272951093,2.82998018927445,22.52492113564669,0.007835530045022196,1.8630914826498424,0.00402220134195386,1.9444468750000041,16.553125,0.005470102952261012,0.0,0
26749.0,2022-04-22 16:05:00,325.07,325.23,324.37,324.4,223706.0,1,1,1.0,buy,False,1.0747748261146686,4.680000000000007,7.0,0.014222762498100613,-0.45159500488236726,-0.4215857666211617,-0.6473832690623453,-0.0019805788214481857,31.673129971982462,13.163746372277894,27.652366039984237,-15.813492963134792,223706.0,4.680000000000007,2.0,4.680000000000007,7.0,0.014222762498100613,4.680000000000007,7.0,0.014222762498100613,1.0,1.0,-0.45159500488236726,-0.6473832690623453,-0.4215857666211617,31.673129971982462,13.163746372277894,27.652366039984237,-15.813492963134792,21.93652669396864,27.33033149283847,21.615946019169794,-0.20610945334851444,0.26512932761969776,0.160000000000025,0.029999999999972715,0.6700000000000159,0.0,26750.0,26750.0,2022-04-22,2022-04-22 16:05:00,2.0540172048918044,173.78554736652885,0.0,,14281.267661333814,366.3529484630595,0.5832424107187206,4.3760036431226785,32.22527881040892,0.012230020343504162,2.285057100371749,15.890706319702602,0.006381710269403211,0.4929364202292669,5.6011759621451125,36.843533123028394,0.015614239272951093,2.82998018927445,22.52492113564669,0.007835530045022196,1.8630914826498424,0.00402220134195386,1.9444468750000041,16.553125,0.005470102952261012,0.0,0
26750.0,2022-04-22 16:10:00,324.42,324.64,324.31,324.51,230518.0,1,1,1.0,buy,False,1.1961399713182455,4.740000000000009,8.0,0.014405105607050628,-0.5025897732831961,-0.4844094882815613,-0.7357043749231593,-0.0022519871399277174,32.75503218493674,10.182300675751986,21.829010918573484,-13.111119809891012,230518.0,4.740000000000009,2.0,4.740000000000009,8.0,0.014405105607050628,4.740000000000009,8.0,0.014405105607050628,1.0,1.0,-0.5025897732831961,-0.7357043749231593,-0.4844094882815613,32.75503218493674,10.182300675751986,21.829010918573484,-13.111119809891012,21.762710459228014,28.2169085897074,20.99435416883309,0.027741816164223842,0.10175449415682036,0.12999999999999545,0.11000000000001364,0.08999999999997499,1.0,26751.0,26751.0,2022-04-22,2022-04-22 16:10:00,2.0540172048918044,173.78554736652885,0.0,,14281.267661333814,366.3529484630595,0.5832424107187206,4.3760036431226785,32.22527881040892,0.012230020343504162,2.285057100371749,15.890706319702602,0.006381710269403211,0.4929364202292669,5.6011759621451125,36.843533123028394,0.015614239272951093,2.82998018927445,22.52492113564669,0.007835530045022196,1.8630914826498424,0.00402220134195386,1.9444468750000041,16.553125,0.005470102952261012,0.0,0
26751.0,2022-04-22 16:15:00,324.54,324.57,324.29,324.46,182254.0,1,1,1.0,buy,False,1.203672939103697,4.759999999999991,9.0,0.01446588664336724,-0.5057549484819375,-0.5476288568418035,-0.8005063310827722,-0.0024515858428906393,32.50310022115154,7.978676640977229,17.212232826041397,-10.488435729151107,182254.0,4.759999999999991,2.0,4.759999999999991,9.0,0.01446588664336724,4.759999999999991,9.0,0.01446588664336724,1.0,1.0,-0.5057549484819375,-0.8005063310827722,-0.5476288568418035,32.50310022115154,7.978676640977229,17.212232826041397,-10.488435729151107,21.66831993133716,28.873739825387208,20.513063487101594,-0.024650274234313468,0.086342471244865,0.029999999999972715,0.16999999999995907,0.08000000000004093,0.0,26752.0,26752.0,2022-04-22,2022-04-22 16:15:00,2.0540172048918044,173.78554736652885,0.0,,14281.267661333814,366.3529484630595,0.5832424107187206,4.3760036431226785,32.22527881040892,0.012230020343504162,2.285057100371749,15.890706319702602,0.006381710269403211,0.4929364202292669,5.6011759621451125,36.843533123028394,0.015614239272951093,2.82998018927445,22.52492113564669,0.007835530045022196,1.8630914826498424,0.00402220134195386,1.9444468750000041,16.553125,0.005470102952261012,0.0,0
26754.0,2022-04-22 16:30:00,324.2,324.35,324.09,324.09,71110.0,1,1,1.0,buy,False,1.203672939103697,4.960000000000036,12.0,0.01507369700653407,-0.41517399016314505,-0.718163133182981,-0.9257501282645535,-0.002839329937371952,30.501660966770473,2.5931494437643283,7.627902474006696,-7.476356616720407,71110.0,4.960000000000036,2.0,4.960000000000036,12.0,0.01507369700653407,4.960000000000036,12.0,0.01507369700653407,1.0,1.0,-0.41517399016314505,-0.9257501282645535,-0.718163133182981,30.501660966770473,2.5931494437643283,7.627902474006696,-7.476356616720407,18.117369042930548,31.86293816463217,21.6816463635543,-0.03392967304133672,0.0802246289611058,0.1500000000000341,0.0,0.11000000000001364,0.0,26755.0,26755.0,2022-04-22,2022-04-22 16:30:00,2.0540172048918044,173.78554736652885,0.0,,14281.267661333814,366.3529484630595,0.5832424107187206,4.3760036431226785,32.22527881040892,0.012230020343504162,2.285057100371749,15.890706319702602,0.006381710269403211,0.4929364202292669,5.6011759621451125,36.843533123028394,0.015614239272951093,2.82998018927445,22.52492113564669,0.007835530045022196,1.8630914826498424,0.00402220134195386,1.9444468750000041,16.553125,0.005470102952261012,0.0,0
26755.0,2022-04-22 16:35:00,324.1,324.32,324.0,324.27,68439.0,1,1,1.0,buy,False,1.203672939103697,5.050000000000011,13.0,0.015347211669959006,-0.33085085372215817,-0.7595194898982507,-0.9249449167593298,-0.002838004945752883,32.84859186306649,6.3206030305365015,7.192135992849964,4.577537105909574,68439.0,5.050000000000011,2.0,5.050000000000011,13.0,0.015347211669959006,5.050000000000011,13.0,0.015347211669959006,1.0,1.0,-0.33085085372215817,-0.9249449167593298,-0.7595194898982507,32.84859186306649,6.3206030305365015,7.192135992849964,4.577537105909574,18.52597664116012,33.306484091824586,22.16980937443815,0.052452946621400515,0.09876543209876333,0.05000000000001137,0.10000000000002274,0.16999999999995907,1.0,26756.0,26756.0,2022-04-22,2022-04-22 16:35:00,2.0540172048918044,173.78554736652885,0.0,,14281.267661333814,366.3529484630595,0.5832424107187206,4.3760036431226785,32.22527881040892,0.012230020343504162,2.285057100371749,15.890706319702602,0.006381710269403211,0.4929364202292669,5.6011759621451125,36.843533123028394,0.015614239272951093,2.82998018927445,22.52492113564669,0.007835530045022196,1.8630914826498424,0.00402220134195386,1.9444468750000041,16.553125,0.005470102952261012,1.0,0
26772.0,2022-04-22 18:00:00,324.57,324.57,324.41,324.46,4473.0,2,2,1.0,buy,False,0.7071428571428345,4.163492493946733,28.239017640954685,0.011578080659927173,0.15933635574400962,-0.440257910875342,-0.3605897330033372,-0.0011096390293027457,40.31124982716977,9.391562609812855,17.52044137299332,-6.8661949165480785,4473.0,0.9899999999999523,1.0,1.3999999999999773,12.0,0.004320987654320918,0.9899999999999523,7.0,0.003042409342347733,2.0,2.0,0.15933635574400962,-0.3605897330033372,-0.440257910875342,40.31124982716977,9.391562609812855,17.52044137299332,-6.8661949165480785,46.781115879827574,7.08154506437739,53.22823065139896,-0.033890994238535185,0.0493203045528708,0.0,0.049999999999954525,0.11000000000001364,0.0,26773.0,26773.0,2022-04-22,2022-04-22 18:00:00,2.0540172048918044,173.78554736652885,0.0,,14281.267661333814,366.3529484630595,0.7071428571428345,1.3999999999999773,12.0,0.004320987654320918,0.9899999999999523,7.0,0.003042409342347733,0.4929364202292669,5.6011759621451125,36.843533123028394,0.015614239272951093,2.82998018927445,22.52492113564669,0.007835530045022196,1.8630914826498424,0.00402220134195386,1.9444468750000041,16.553125,0.005470102952261012,0.0,0
26775.0,2022-04-22 18:15:00,324.42,324.47,324.4,324.47,2347.0,2,2,1.0,buy,False,0.7142857142857258,4.163492493946733,28.239017640954685,0.011578080659927173,0.1446073115116413,-0.3841886102200537,-0.31188495446423303,-0.0009600620443054981,41.036105361965255,13.552779321153832,12.611470632450079,15.435396698561334,2347.0,1.0,1.0,1.3999999999999773,12.0,0.004320987654320918,1.0,10.0,0.0030731407498463433,2.0,2.0,0.1446073115116413,-0.31188495446423303,-0.3841886102200537,41.036105361965255,13.552779321153832,12.611470632450079,15.435396698561334,38.793103448274046,8.620689655172555,56.38614627842583,0.015412120091243254,0.021578298397056113,0.0,0.020000000000038654,0.05000000000001137,1.0,26776.0,26776.0,2022-04-22,2022-04-22 18:15:00,2.0540172048918044,173.78554736652885,0.0,,14281.267661333814,366.3529484630595,0.7142857142857258,1.3999999999999773,12.0,0.004320987654320918,1.0,10.0,0.0030731407498463433,0.4929364202292669,5.6011759621451125,36.843533123028394,0.015614239272951093,2.82998018927445,22.52492113564669,0.007835530045022196,1.8630914826498424,0.00402220134195386,1.9444468750000041,16.553125,0.005470102952261012,0.0,0
26778.0,2022-04-22 18:30:00,324.49,324.49,324.37,324.37,672.0,2,2,1.0,buy,False,0.7357142857142782,4.163492493946733,28.239017640954685,0.011578080659927173,0.12402609281200383,-0.33380203116282636,-0.27178898475682445,-0.0008368672853376936,39.13629560080102,14.01563831737807,15.900518504770684,10.245877942592841,672.0,1.0299999999999727,1.0,1.3999999999999773,12.0,0.004320987654320918,1.0299999999999727,13.0,0.0031653349723416496,2.0,2.0,0.12402609281200383,-0.27178898475682445,-0.33380203116282636,39.13629560080102,14.01563831737807,15.900518504770684,10.245877942592841,33.18636363636092,15.000000000000774,54.530384074842424,-0.03698110881691409,0.03699478990042376,0.0,0.0,0.12000000000000455,0.0,26779.0,26779.0,2022-04-22,2022-04-22 18:30:00,2.0540172048918044,173.78554736652885,0.0,,14281.267661333814,366.3529484630595,0.7357142857142782,1.3999999999999773,12.0,0.004320987654320918,1.0299999999999727,13.0,0.0031653349723416496,0.4929364202292669,5.6011759621451125,36.843533123028394,0.015614239272951093,2.82998018927445,22.52492113564669,0.007835530045022196,1.8630914826498424,0.00402220134195386,1.9444468750000041,16.553125,0.005470102952261012,0.0,0
26779.0,2022-04-22 18:35:00,324.4,324.4,324.25,324.33,2005.0,2,2,1.0,buy,False,0.8214285714285685,4.163492493946733,28.239017640954685,0.011578080659927173,0.11002477443092984,-0.32004893435896015,-0.2650365471434952,-0.0008161576260247431,38.35504168183677,17.677092211583897,16.492709740375087,20.045857154001517,2005.0,1.1499999999999773,1.0,1.3999999999999773,12.0,0.004320987654320918,1.1499999999999773,14.0,0.003534111862323225,2.0,2.0,0.11002477443092984,-0.2650365471434952,-0.32004893435896015,38.35504168183677,17.677092211583897,16.492709740375087,20.045857154001517,28.640909090906412,20.454545454546572,51.82638392675791,-0.02157829839703859,0.04626060138781103,0.0,0.07999999999998408,0.06999999999999318,0.0,26780.0,26780.0,2022-04-22,2022-04-22 18:35:00,2.0540172048918044,173.78554736652885,0.0,,14281.267661333814,366.3529484630595,0.8214285714285685,1.3999999999999773,12.0,0.004320987654320918,1.1499999999999773,14.0,0.003534111862323225,0.4929364202292669,5.6011759621451125,36.843533123028394,0.015614239272951093,2.82998018927445,22.52492113564669,0.007835530045022196,1.8630914826498424,0.00402220134195386,1.9444468750000041,16.553125,0.005470102952261012,0.0,0
26780.0,2022-04-22 18:40:00,324.36,324.36,324.25,324.25,670.0,2,2,1.0,buy,False,0.8214285714285685,4.163492493946733,28.239017640954685,0.011578080659927173,0.0911061627115406,-0.30866066402001757,-0.2631075826642473,-0.0008103075505605721,36.77391369927066,11.78472814105593,14.923382540602034,5.507419341963725,670.0,1.1499999999999773,1.0,1.3999999999999773,12.0,0.004320987654320918,1.1499999999999773,15.0,0.003534111862323225,2.0,2.0,0.0911061627115406,-0.2631075826642473,-0.30866066402001757,36.77391369927066,11.78472814105593,14.923382540602034,5.507419341963725,5.235294117647602,29.41176470588257,53.10873414106038,-0.033912936243684064,0.033924441017737436,0.0,0.0,0.11000000000001364,0.0,26781.0,26781.0,2022-04-22,2022-04-22 18:40:00,2.0540172048918044,173.78554736652885,0.0,,14281.267661333814,366.3529484630595,0.8214285714285685,1.3999999999999773,12.0,0.004320987654320918,1.1499999999999773,15.0,0.003534111862323225,0.4929364202292669,5.6011759621451125,36.843533123028394,0.015614239272951093,2.82998018927445,22.52492113564669,0.007835530045022196,1.8630914826498424,0.00402220134195386,1.9444468750000041,16.553125,0.005470102952261012,0.0,0
26781.0,2022-04-22 18:45:00,324.25,324.25,324.24,324.25,683.0,2,2,1.0,buy,False,0.8285714285714193,4.163492493946733,28.239017640954685,0.011578080659927173,0.08010040851660316,-0.2986481129554422,-0.2585979086971406,-0.0007965007776657056,36.773913699270665,8.898152094036362,12.91497239174681,0.8645114986154674,683.0,1.1599999999999682,1.0,1.3999999999999773,12.0,0.004320987654320918,1.1599999999999682,16.0,0.00356484326982166,2.0,2.0,0.08010040851660316,-0.2585979086971406,-0.2986481129554422,36.773913699270665,8.898152094036362,12.91497239174681,0.8645114986154674,5.933333333333906,25.185185185185,53.73426901155706,0.0,0.003084135208484735,0.0,0.009999999999990905,0.0,0.0,26782.0,26782.0,2022-04-22,2022-04-22 18:45:00,2.0540172048918044,173.78554736652885,0.0,,14281.267661333814,366.3529484630595,0.8285714285714193,1.3999999999999773,12.0,0.004320987654320918,1.1599999999999682,16.0,0.00356484326982166,0.4929364202292669,5.6011759621451125,36.843533123028394,0.015614239272951093,2.82998018927445,22.52492113564669,0.007835530045022196,1.8630914826498424,0.00402220134195386,1.9444468750000041,16.553125,0.005470102952261012,0.0,0
26785.0,2022-04-22 19:05:00,324.25,324.25,324.18,324.18,1521.0,2,2,1.0,buy,False,0.8714285714285644,4.163492493946733,28.239017640954685,0.011578080659927173,0.07190479600863897,-0.260105504543269,-0.2241531065389495,-0.0006906374833219755,36.77251558875645,12.868770784007182,13.251726911897952,12.102858528225642,1521.0,1.2199999999999704,1.0,1.3999999999999773,12.0,0.004320987654320918,1.2199999999999704,20.0,0.003749231714812448,2.0,2.0,0.07190479600863897,-0.2241531065389495,-0.260105504543269,36.77251558875645,12.868770784007182,13.251726911897952,12.102858528225642,13.34074074074281,30.370370370366224,48.3449648650601,-0.021588280647646316,0.02159294219260694,0.0,0.0,0.06999999999999318,0.0,26786.0,26786.0,2022-04-22,2022-04-22 19:05:00,2.0540172048918044,173.78554736652885,0.0,,14281.267661333814,366.3529484630595,0.8714285714285644,1.3999999999999773,12.0,0.004320987654320918,1.2199999999999704,20.0,0.003749231714812448,0.4929364202292669,5.6011759621451125,36.843533123028394,0.015614239272951093,2.82998018927445,22.52492113564669,0.007835530045022196,1.8630914826498424,0.00402220134195386,1.9444468750000041,16.553125,0.005470102952261012,0.0,0
26786.0,2022-04-22 19:10:00,324.18,324.23,324.16,324.18,2395.0,2,2,1.0,buy,False,0.885714285714266,4.163492493946733,28.239017640954685,0.011578080659927173,0.06423460804261405,-0.25207617853794223,-0.2199588745166352,-0.0006777733849469546,36.77251558875645,10.599382542871734,12.367612122222546,7.062923384170109,2395.0,1.2399999999999523,1.0,1.3999999999999773,12.0,0.004320987654320918,1.2399999999999523,21.0,0.0038106945298093187,2.0,2.0,0.06423460804261405,-0.2199588745166352,-0.25207617853794223,36.77251558875645,10.599382542871734,12.367612122222546,7.062923384170109,14.293650793652668,30.15873015872729,47.441042756645054,0.0,0.021594274432376968,0.05000000000001137,0.01999999999998181,0.0,0.0,26787.0,26787.0,2022-04-22,2022-04-22 19:10:00,2.0540172048918044,173.78554736652885,0.0,,14281.267661333814,366.3529484630595,0.885714285714266,1.3999999999999773,12.0,0.004320987654320918,1.2399999999999523,21.0,0.0038106945298093187,0.4929364202292669,5.6011759621451125,36.843533123028394,0.015614239272951093,2.82998018927445,22.52492113564669,0.007835530045022196,1.8630914826498424,0.00402220134195386,1.9444468750000041,16.553125,0.005470102952261012,0.0,0
26787.0,2022-04-22 19:15:00,324.18,324.18,324.05,324.05,3967.0,2,2,1.0,buy,False,0.9642857142857055,4.163492493946733,28.239017640954685,0.011578080659927173,0.04406346673812578,-0.2465682451956765,-0.2245365118266136,-0.0006919548138113608,33.66937329090241,7.066255028581155,10.600493091008747,-0.0022210962740274454,3967.0,1.349999999999966,1.0,1.3999999999999773,12.0,0.004320987654320918,1.349999999999966,22.0,0.0041487400122924584,2.0,2.0,0.04406346673812578,-0.2245365118266136,-0.2465682451956765,33.66937329090241,7.066255028581155,10.600493091008747,-0.0022210962740274454,14.293650793652668,38.88888888888638,47.35574176199255,-0.040101178357701106,0.04011726585403347,0.0,0.0,0.12999999999999545,0.0,26788.0,26788.0,2022-04-22,2022-04-22 19:15:00,2.0540172048918044,173.78554736652885,0.0,,14281.267661333814,366.3529484630595,0.9642857142857055,1.3999999999999773,12.0,0.004320987654320918,1.349999999999966,22.0,0.0041487400122924584,0.4929364202292669,5.6011759621451125,36.843533123028394,0.015614239272951093,2.82998018927445,22.52492113564669,0.007835530045022196,1.8630914826498424,0.00402220134195386,1.9444468750000041,16.553125,0.005470102952261012,1.0,0
26796.0,2022-04-25 04:00:00,323.5,323.62,322.66,323.62,55543.0,1p,1p,1.0,buy,False,1.9772417556712022e-07,2.7399999999999523,31.0,0.008420405654578833,0.006326019664366911,-0.175236622367725,-0.17207361253554154,-0.0005305794848149461,29.391066822341188,74.91401582454709,67.1415010549073,90.45904536382668,55543.0,2.7399999999999523,0.0,2.7399999999999523,31.0,0.008420405654578833,2.7399999999999523,0.0,0.0,1.0,1.0,0.006326019664366911,-0.17207361253554154,-0.175236622367725,29.391066822341188,74.91401582454709,67.1415010549073,90.45904536382668,7.023411371236753,62.541806020064946,38.91607549363415,0.03709428129830125,0.29752680840512596,0.0,0.839999999999975,0.12000000000000455,1.0,26797.0,26797.0,2022-04-25,2022-04-25 04:00:00,7.311043816822189,108.0,1.0,best_within_2.0d,26904.0,347.28,0.5832424107187206,4.3760036431226785,32.22527881040892,0.012230020343504162,2.285057100371749,15.890706319702602,0.006381710269403211,0.4929364202292669,5.6011759621451125,36.843533123028394,0.015614239272951093,2.82998018927445,22.52492113564669,0.007835530045022196,1.8630914826498424,0.00402220134195386,1.9444468750000041,16.553125,0.005470102952261012,1.0,0
26805.0,2022-04-25 04:45:00,322.87,322.87,322.19,322.21,21750.0,1p,1p,1.0,buy,False,0.4169299050259522,3.2099999999999795,40.0,0.009864781807006699,-0.21086440432997,-0.32854518829595375,-0.43397739046093875,-0.0013407184576625668,25.180150943868824,22.25649627782169,35.08029770414397,-3.391106574822885,21750.0,3.2099999999999795,0.0,3.2099999999999795,40.0,0.009864781807006699,3.2099999999999795,0.0,0.0,1.0,1.0,-0.21086440432997,-0.43397739046093875,-0.32854518829595375,25.180150943868824,22.25649627782169,35.08029770414397,-3.391106574822885,10.597014925372179,51.49253731343363,48.59312554770978,-0.20441663827547463,0.21105558831745458,0.0,0.01999999999998181,0.660000000000025,0.0,26806.0,26806.0,2022-04-25,2022-04-25 04:45:00,7.780639955308648,99.0,1.0,best_within_2.0d,26904.0,347.28,0.5832424107187206,4.3760036431226785,32.22527881040892,0.012230020343504162,2.285057100371749,15.890706319702602,0.006381710269403211,0.4929364202292669,5.6011759621451125,36.843533123028394,0.015614239272951093,2.82998018927445,22.52492113564669,0.007835530045022196,1.8630914826498424,0.00402220134195386,1.9444468750000041,16.553125,0.005470102952261012,0.0,0
26806.0,2022-04-25 04:50:00,322.26,322.26,321.94,322.04,17287.0,1p,1p,1.0,buy,False,0.5387722435635135,3.4599999999999795,41.0,0.010633066994468284,-0.272486782164187,-0.3626060360664771,-0.4988494271485706,-0.0015417146373382096,23.843703918570824,16.85786620541697,29.00615387123497,-7.438709126219038,17287.0,3.4599999999999795,0.0,3.4599999999999795,41.0,0.010633066994468284,3.4599999999999795,0.0,0.0,1.0,1.0,-0.272486782164187,-0.4988494271485706,-0.3626060360664771,23.843703918570824,16.85786620541697,29.00615387123497,-7.438709126219038,10.245310245309287,53.39105339105406,49.96507754535495,-0.06826785825109243,0.09939740324283818,0.0,0.10000000000002274,0.21999999999997044,0.0,26807.0,26807.0,2022-04-25,2022-04-25 04:50:00,7.837535709849693,98.0,1.0,best_within_2.0d,26904.0,347.28,0.5832424107187206,4.3760036431226785,32.22527881040892,0.012230020343504162,2.285057100371749,15.890706319702602,0.006381710269403211,0.4929364202292669,5.6011759621451125,36.843533123028394,0.015614239272951093,2.82998018927445,22.52492113564669,0.007835530045022196,1.8630914826498424,0.00402220134195386,1.9444468750000041,16.553125,0.005470102952261012,1.0,0
26812.0,2022-04-25 05:20:00,322.21,322.55,321.9,322.02,19079.0,1p,1p,1.0,buy,False,0.5387722435634766,3.5,47.0,0.010755992624462201,-0.11893672100100317,-0.4797828092203404,-0.539251169720842,-0.0016690295322712425,30.909762708571606,17.260786780199393,22.191626108577363,7.3991081234434475,19079.0,3.5,0.0,3.5,47.0,0.010755992624462201,3.5,0.0,0.0,1.0,1.0,-0.11893672100100317,-0.539251169720842,-0.4797828092203404,30.909762708571606,17.260786780199393,22.191626108577363,7.3991081234434475,13.643410852713373,31.472868217055332,50.150659747120244,-0.058967753949287036,0.20192606399504015,0.34000000000003183,0.12000000000000455,0.18999999999999773,0.0,26813.0,26813.0,2022-04-25,2022-04-25 05:20:00,7.844233277436182,92.0,1.0,best_within_2.0d,26904.0,347.28,0.5832424107187206,4.3760036431226785,32.22527881040892,0.012230020343504162,2.285057100371749,15.890706319702602,0.006381710269403211,0.4929364202292669,5.6011759621451125,36.843533123028394,0.015614239272951093,2.82998018927445,22.52492113564669,0.007835530045022196,1.8630914826498424,0.00402220134195386,1.9444468750000041,16.553125,0.005470102952261012,0.0,0
26813.0,2022-04-25 05:25:00,322.0,322.38,321.89,322.38,9443.0,1p,1p,1.0,buy,False,0.5387722435635135,3.509999999999991,48.0,0.010786724031960637,-0.05336957734727754,-0.48645400638875014,-0.5131387950623889,-0.0015884689818698918,38.55390088661036,28.17385785346626,24.18570335687366,36.15016684665146,9443.0,3.509999999999991,0.0,3.509999999999991,48.0,0.010786724031960637,3.509999999999991,0.0,0.0,1.0,1.0,-0.05336957734727754,-0.5131387950623889,-0.48645400638875014,38.55390088661036,28.17385785346626,24.18570335687366,36.15016684665146,13.169984686064698,31.240428790199797,49.474873706069765,0.11801242236024703,0.15222591568548546,0.0,0.11000000000001364,0.37999999999999545,1.0,26814.0,26814.0,2022-04-25,2022-04-25 05:25:00,7.72380420621626,91.0,1.0,best_within_2.0d,26904.0,347.28,0.5832424107187206,4.3760036431226785,32.22527881040892,0.012230020343504162,2.285057100371749,15.890706319702602,0.006381710269403211,0.4929364202292669,5.6011759621451125,36.843533123028394,0.015614239272951093,2.82998018927445,22.52492113564669,0.007835530045022196,1.8630914826498424,0.00402220134195386,1.9444468750000041,16.553125,0.005470102952261012,1.0,0
26835.0,2022-04-25 07:15:00,321.95,322.06,321.2,321.24,88395.0,1p,1p,1.0,buy,False,0.5387722435635135,4.199999999999989,70.0,0.012907191149354607,-0.1903906738073617,-0.17736601634309104,-0.2725613532467719,-0.0008448904541788671,30.33012900741018,13.949668892828107,24.276523269744025,-6.704039861003729,88395.0,4.199999999999989,0.0,4.199999999999989,70.0,0.012907191149354607,4.199999999999989,0.0,0.0,1.0,1.0,-0.1903906738073617,-0.2725613532467719,-0.17736601634309104,30.33012900741018,13.949668892828107,24.276523269744025,-6.704039861003729,15.183246073298761,39.790575916231546,28.063735510046456,-0.2205311383755178,0.2677459526774638,0.11000000000001364,0.040000000000020464,0.7099999999999795,0.0,26836.0,26836.0,2022-04-25,2022-04-25 07:15:00,8.10608890549121,69.0,1.0,best_within_2.0d,26904.0,347.28,0.5832424107187206,4.3760036431226785,32.22527881040892,0.012230020343504162,2.285057100371749,15.890706319702602,0.006381710269403211,0.4929364202292669,5.6011759621451125,36.843533123028394,0.015614239272951093,2.82998018927445,22.52492113564669,0.007835530045022196,1.8630914826498424,0.00402220134195386,1.9444468750000041,16.553125,0.005470102952261012,1.0,0
26861.0,2022-04-25 09:25:00,323.74,324.05,323.5,323.7,188537.0,2,2,1.0,buy,False,0.3072080484351942,4.163492493946733,28.239017640954685,0.011578080659927173,0.05417533269447128,0.3106587578818883,0.33774642422912393,0.0010445089985242145,54.67091901241527,47.57819404077989,60.199253723115646,22.33607467610838,188537.0,1.019900000000007,1.0,3.3199000000000183,21.0,0.010335927770859335,1.019900000000007,7.0,0.0031427964818182396,2.0,2.0,0.05417533269447128,0.33774642422912393,0.3106587578818883,54.67091901241527,47.57819404077989,60.199253723115646,22.33607467610838,32.903188886822775,9.013004477888604,59.578780848898866,-0.012355593995187639,0.1700154559505445,0.3100000000000023,0.19999999999998863,0.040000000000020464,0.0,26862.0,26862.0,2022-04-25,2022-04-25 09:25:00,7.284522706209448,43.0,1.0,best_within_2.0d,26904.0,347.28,0.3072080484351942,3.3199000000000183,21.0,0.010335927770859335,1.019900000000007,7.0,0.0031427964818182396,0.4929364202292669,5.6011759621451125,36.843533123028394,0.015614239272951093,2.82998018927445,22.52492113564669,0.007835530045022196,1.8630914826498424,0.00402220134195386,1.9444468750000041,16.553125,0.005470102952261012,0.0,0
26862.0,2022-04-25 09:30:00,323.73,324.5,323.06,323.91,2394709.0,2,2,1.0,buy,False,0.4397421609084601,4.163492493946733,28.239017640954685,0.011578080659927173,0.031135970107755928,0.31455075414535777,0.33011873919923573,0.0010207897880748422,57.00625028733554,51.12651801727769,57.17500848783632,39.02953707616041,2394709.0,1.4599000000000046,1.0,3.3199000000000183,21.0,0.010335927770859335,1.4599000000000046,8.0,0.004498645537608032,2.0,2.0,0.031135970107755928,0.33011873919923573,0.31455075414535777,57.00625028733554,51.12651801727769,57.17500848783632,39.02953707616041,29.463386012577043,8.035816783376557,59.40468217164388,0.05560189046427789,0.44573763387605947,0.589999999999975,0.6700000000000159,0.18000000000000682,1.0,26863.0,26863.0,2022-04-25,2022-04-25 09:30:00,7.214967120496417,42.0,1.0,best_within_2.0d,26904.0,347.28,0.4397421609084601,3.3199000000000183,21.0,0.010335927770859335,1.4599000000000046,8.0,0.004498645537608032,0.4929364202292669,5.6011759621451125,36.843533123028394,0.015614239272951093,2.82998018927445,22.52492113564669,0.007835530045022196,1.8630914826498424,0.00402220134195386,1.9444468750000041,16.553125,0.005470102952261012,0.0,0
26880.0,2022-04-25 11:00:00,324.65,325.07,324.26,324.6585,874757.0,2,2,1.0,buy,False,0.5506607929515417,4.163492493946733,28.239017640954685,0.011578080659927173,-0.15689277298613158,0.631916005919446,0.5534696194263802,0.0017043205705667152,49.691583426529306,46.68663401130903,59.62352349985224,20.812855034222622,874757.0,3.75,1.0,6.810000000000002,41.0,0.021201743462017444,3.75,6.0,0.01143257827505259,2.0,2.0,-0.15689277298613158,0.5534696194263802,0.631916005919446,49.691583426529306,46.68663401130903,59.62352349985224,20.812855034222622,25.240238413818467,20.277338523293935,32.422594847797214,0.0026182042199372787,0.2497995435761433,0.41149999999998954,0.38999999999998636,0.008500000000026375,1.0,26881.0,26881.0,2022-04-25,2022-04-25 11:00:00,6.9677830705187045,24.0,1.0,best_within_2.0d,26904.0,347.28,0.5506607929515417,6.810000000000002,41.0,0.021201743462017444,3.75,6.0,0.01143257827505259,0.4929364202292669,5.6011759621451125,36.843533123028394,0.015614239272951093,2.82998018927445,22.52492113564669,0.007835530045022196,1.8630914826498424,0.00402220134195386,1.9444468750000041,16.553125,0.005470102952261012,0.0,0
26881.0,2022-04-25 11:05:00,324.64,324.71,323.97,324.39,789097.0,2,2,1.0,buy,False,0.5932452276064556,4.163492493946733,28.239017640954685,0.011578080659927173,-0.3070661116204225,0.5935327419668932,0.43999968615668195,0.0013550179119021235,48.161084529539224,34.58976920885918,51.27893873618788,1.2114301542017785,789097.0,4.039999999999964,1.0,6.810000000000002,41.0,0.021201743462017444,4.039999999999964,7.0,0.012316697661656547,2.0,2.0,-0.3070661116204225,0.43999968615668195,0.5935327419668932,48.161084529539224,34.58976920885918,51.27893873618788,1.2114301542017785,27.123592078604265,18.359077144288488,31.483124505734402,-0.07700837851158206,0.22841621137758192,0.06999999999999318,0.4199999999999591,0.25,0.0,26882.0,26882.0,2022-04-25,2022-04-25 11:05:00,7.056321094978263,23.0,1.0,best_within_2.0d,26904.0,347.28,0.5932452276064556,6.810000000000002,41.0,0.021201743462017444,4.039999999999964,7.0,0.012316697661656547,0.4929364202292669,5.6011759621451125,36.843533123028394,0.015614239272951093,2.82998018927445,22.52492113564669,0.007835530045022196,1.8630914826498424,0.00402220134195386,1.9444468750000041,16.553125,0.005470102952261012,0.0,0
26883.0,2022-04-25 11:15:00,324.25,324.25,323.15,324.05,1047520.0,2,2,1.0,buy,False,0.7136563876652,4.163492493946733,28.239017640954685,0.011578080659927173,-0.4936608592170846,0.4802614120672276,0.23343098245868532,0.0007190506957868099,46.13141651614377,23.141229781617433,36.16051279065966,-2.8973362364670123,1047520.0,4.860000000000014,1.0,6.810000000000002,41.0,0.021201743462017444,4.860000000000014,9.0,0.014816621444468199,2.0,2.0,-0.4936608592170846,0.23343098245868532,0.4802614120672276,46.13141651614377,23.141229781617433,36.16051279065966,-2.8973362364670123,25.471132716254942,23.2558655745707,29.203939357209908,-0.06168080185042055,0.3403991954200906,0.0,0.9000000000000341,0.19999999999998863,0.0,26884.0,26884.0,2022-04-25,2022-04-25 11:15:00,7.168646813763297,21.0,1.0,best_within_2.0d,26904.0,347.28,0.7136563876652,6.810000000000002,41.0,0.021201743462017444,4.860000000000014,9.0,0.014816621444468199,0.4929364202292669,5.6011759621451125,36.843533123028394,0.015614239272951093,2.82998018927445,22.52492113564669,0.007835530045022196,1.8630914826498424,0.00402220134195386,1.9444468750000041,16.553125,0.005470102952261012,1.0,0
26889.0,2022-04-25 11:45:00,323.55,323.58,322.58,322.63,1298689.0,2,2,1.0,buy,False,0.7973568281938334,4.163492493946733,28.239017640954685,0.011578080659927173,-0.6147256069853804,0.12529458240019728,-0.18206822109249288,-0.0005613285776587188,37.96086138986729,18.573714555075636,26.26269999032472,3.195743684577465,1298689.0,5.430000000000007,1.0,6.810000000000002,41.0,0.021201743462017444,5.430000000000007,15.0,0.01655437334227617,2.0,2.0,-0.6147256069853804,-0.18206822109249288,0.12529458240019728,37.96086138986729,18.573714555075636,26.26269999032472,3.195743684577465,18.430154626837126,34.53252908229179,23.559273271581578,-0.2843455416473546,0.31000062000124,0.029999999999972715,0.05000000000001137,0.9200000000000159,0.0,26890.0,26890.0,2022-04-25,2022-04-25 11:45:00,7.640331029352502,15.0,1.0,best_within_2.0d,26904.0,347.28,0.7973568281938334,6.810000000000002,41.0,0.021201743462017444,5.430000000000007,15.0,0.01655437334227617,0.4929364202292669,5.6011759621451125,36.843533123028394,0.015614239272951093,2.82998018927445,22.52492113564669,0.007835530045022196,1.8630914826498424,0.00402220134195386,1.9444468750000041,16.553125,0.005470102952261012,0.0,0
26890.0,2022-04-25 11:50:00,322.6,323.35,322.51,323.09,753943.0,2,2,1.0,buy,False,0.8076358296622611,4.163492493946733,28.239017640954685,0.011578080659927173,-0.6080791022214436,0.049284694622516834,-0.25475485648820495,-0.0007856528544072918,41.72133256361787,18.386617156799687,23.637339045816372,7.885173378766318,753943.0,5.5,1.0,6.810000000000002,41.0,0.021201743462017444,5.5,16.0,0.016767781470077132,2.0,2.0,-0.6080791022214436,-0.25475485648820495,0.049284694622516834,41.72133256361787,18.386617156799687,23.637339045816372,7.885173378766318,18.882117808622304,29.366324979155127,23.428584329082547,0.15189088654679236,0.26045704009178994,0.26000000000004775,0.09000000000003183,0.48999999999995225,1.0,26891.0,26891.0,2022-04-25,2022-04-25 11:50:00,7.4870779039896,14.0,1.0,best_within_2.0d,26904.0,347.28,0.8076358296622611,6.810000000000002,41.0,0.021201743462017444,5.5,16.0,0.016767781470077132,0.4929364202292669,5.6011759621451125,36.843533123028394,0.015614239272951093,2.82998018927445,22.52492113564669,0.007835530045022196,1.8630914826498424,0.00402220134195386,1.9444468750000041,16.553125,0.005470102952261012,1.0,0
26904.0,2022-04-25 13:00:00,347.33,347.87,346.9,347.28,1671325.0,1p,1p,0.0,sell,False,7.605516550729122,3.259999999999991,14.0,0.009459969240590786,0.36619210461044993,0.15942175219591714,0.3425178045011421,0.0009914783434915176,77.77097692689912,68.12202269372743,62.872142235507475,78.62178361016733,1671325.0,3.259999999999991,0.0,3.259999999999991,14.0,0.009459969240590786,3.259999999999991,0.0,0.0,1.0,1.0,0.36619210461044993,0.3425178045011421,0.15942175219591714,77.77097692689912,68.12202269372743,62.872142235507475,78.62178361016733,43.690715722909005,10.204081632653544,52.10195895094807,-0.01439553162698626,0.2796194868838361,0.5400000000000205,0.37999999999999545,0.05000000000001137,0.0,26905.0,26905.0,2022-04-25,2022-04-25 13:00:00,10.133033863165169,236.0,1.0,best_within_2.0d,27140.0,312.09,0.5832424107187206,4.3760036431226785,32.22527881040892,0.012230020343504162,2.285057100371749,15.890706319702602,0.006381710269403211,0.4929364202292669,5.6011759621451125,36.843533123028394,0.015614239272951093,2.82998018927445,22.52492113564669,0.007835530045022196,1.8630914826498424,0.00402220134195386,1.9444468750000041,16.553125,0.005470102952261012,0.0,1
26926.0,2022-04-25 14:50:00,328.36,328.65,328.11,328.61,814930.0,1p,1p,0.0,sell,False,0.6736602020500216,6.139999999999986,37.0,0.0190381693590896,0.45914229562458186,0.5214665769256074,0.7510377247378983,0.002301726037487708,67.95002470251279,90.02764306939335,82.6558527787582,104.77122365066367,814930.0,6.139999999999986,0.0,6.139999999999986,37.0,0.0190381693590896,6.139999999999986,0.0,0.0,1.0,1.0,0.45914229562458186,0.7510377247378983,0.5214665769256074,67.95002470251279,90.02764306939335,82.6558527787582,104.77122365066367,27.317772752796383,10.175587695203397,30.148170903610247,0.07613594834937264,0.16457895218066002,0.03999999999996362,0.25,0.25,1.0,26927.0,26927.0,2022-04-25,2022-04-25 14:50:00,5.027235933173073,214.0,1.0,best_within_2.0d,27140.0,312.09,0.5832424107187206,4.3760036431226785,32.22527881040892,0.012230020343504162,2.285057100371749,15.890706319702602,0.006381710269403211,0.4929364202292669,5.6011759621451125,36.843533123028394,0.015614239272951093,2.82998018927445,22.52492113564669,0.007835530045022196,1.8630914826498424,0.00402220134195386,1.9444468750000041,16.553125,0.005470102952261012,1.0,1
26935.0,2022-04-25 15:35:00,328.22,328.88,328.09,328.73,754238.0,1p,1p,0.0,sell,False,0.6736602020500216,6.3700000000000045,46.0,0.019751325540293338,0.23398800033822376,0.5308390683351005,0.6478330685042124,0.0019818834174972853,62.875446857376616,81.9763858984369,70.00853424292444,105.91208920946184,754238.0,6.3700000000000045,0.0,6.3700000000000045,46.0,0.019751325540293338,6.3700000000000045,0.0,0.0,1.0,1.0,0.23398800033822376,0.6478330685042124,0.5308390683351005,62.875446857376616,81.9763858984369,70.00853424292444,105.91208920946184,31.26824284880302,24.890542907180794,21.327154384593822,0.155383584181339,0.24078758877137996,0.14999999999997726,0.1300000000000523,0.5099999999999909,1.0,26936.0,26936.0,2022-04-25,2022-04-25 15:35:00,5.061904906762401,205.0,1.0,best_within_2.0d,27140.0,312.09,0.5832424107187206,4.3760036431226785,32.22527881040892,0.012230020343504162,2.285057100371749,15.890706319702602,0.006381710269403211,0.4929364202292669,5.6011759621451125,36.843533123028394,0.015614239272951093,2.82998018927445,22.52492113564669,0.007835530045022196,1.8630914826498424,0.00402220134195386,1.9444468750000041,16.553125,0.005470102952261012,0.0,1
26936.0,2022-04-25 15:40:00,328.75,329.26,327.9,329.02,1164297.0,1p,1p,0.0,sell,False,0.6736602020500216,6.75,47.0,0.02092958357880376,0.30118431072027785,0.5684871071751353,0.7190792625352742,0.002198775803601419,64.28635739333613,86.04250969280899,75.35319272621928,107.4211436259884,1164297.0,6.75,0.0,6.75,47.0,0.02092958357880376,6.75,0.0,0.0,1.0,1.0,0.30118431072027785,0.7190792625352742,0.5684871071751353,64.28635739333613,86.04250969280899,75.35319272621928,107.4211436259884,31.613347093223,23.46749226006228,20.86013680846282,0.0821292775665344,0.4147605977432186,0.2400000000000091,0.8500000000000227,0.2699999999999818,1.0,26937.0,26937.0,2022-04-25,2022-04-25 15:40:00,5.1455838550848,204.0,1.0,best_within_2.0d,27140.0,312.09,0.5832424107187206,4.3760036431226785,32.22527881040892,0.012230020343504162,2.285057100371749,15.890706319702602,0.006381710269403211,0.4929364202292669,5.6011759621451125,36.843533123028394,0.015614239272951093,2.82998018927445,22.52492113564669,0.007835530045022196,1.8630914826498424,0.00402220134195386,1.9444468750000041,16.553125,0.005470102952261012,0.0,1
26938.0,2022-04-25 15:50:00,328.27,329.64,328.17,329.56,1606673.0,1p,1p,0.0,sell,False,0.6736602020500216,7.1299999999999955,49.0,0.02210784161731418,0.3150593386273912,0.6358662383723945,0.7933959076860901,0.002423995617764248,64.49502315484841,87.91591600800751,81.20608210804295,101.33558380793664,1606673.0,7.1299999999999955,0.0,7.1299999999999955,49.0,0.02210784161731418,7.1299999999999955,0.0,0.0,1.0,1.0,0.3150593386273912,0.7933959076860901,0.6358662383723945,64.49502315484841,87.91591600800751,81.20608210804295,101.33558380793664,32.08742477035118,18.815331010453104,21.03591967948773,0.3929692021811377,0.4479385684248927,0.07999999999998408,0.0999999999999659,1.2900000000000205,1.0,26939.0,26939.0,2022-04-25,2022-04-25 15:50:00,5.30100740381115,202.0,1.0,best_within_2.0d,27140.0,312.09,0.5832424107187206,4.3760036431226785,32.22527881040892,0.012230020343504162,2.285057100371749,15.890706319702602,0.006381710269403211,0.4929364202292669,5.6011759621451125,36.843533123028394,0.015614239272951093,2.82998018927445,22.52492113564669,0.007835530045022196,1.8630914826498424,0.00402220134195386,1.9444468750000041,16.553125,0.005470102952261012,0.0,1
26939.0,2022-04-25 15:55:00,329.56,329.9,329.1,329.62,2712041.0,1p,1p,0.0,sell,False,0.6736602020500216,7.389999999999986,50.0,0.022914018169979185,0.3516980917115564,0.6798284998363391,0.8556775456921173,0.002612912960825195,64.76203725988069,89.42142148281606,83.94452856630065,100.37520731584686,2712041.0,7.389999999999986,0.0,7.389999999999986,50.0,0.022914018169979185,7.389999999999986,0.0,0.0,1.0,1.0,0.3516980917115564,0.8556775456921173,0.6798284998363391,64.76203725988069,89.42142148281606,83.94452856630065,100.37520731584686,28.335021952042787,20.060790273556407,20.75456822396447,0.018206092972448802,0.24308720753568958,0.2799999999999727,0.45999999999997954,0.060000000000002274,1.0,26940.0,26940.0,2022-04-25,2022-04-25 15:55:00,5.318245252108497,201.0,1.0,best_within_2.0d,27140.0,312.09,0.5832424107187206,4.3760036431226785,32.22527881040892,0.012230020343504162,2.285057100371749,15.890706319702602,0.006381710269403211,0.4929364202292669,5.6011759621451125,36.843533123028394,0.015614239272951093,2.82998018927445,22.52492113564669,0.007835530045022196,1.8630914826498424,0.00402220134195386,1.9444468750000041,16.553125,0.005470102952261012,0.0,1
26940.0,2022-04-25 16:00:00,329.62,330.04,329.29,329.92,764778.0,1p,1p,0.0,sell,False,0.6736602020500216,7.53000000000003,51.0,0.023348113236798952,0.3821208221733188,0.7275936026080039,0.9186540136946633,0.0028036718942203945,66.13345739009381,91.55872543298842,86.4825941885299,101.71098792190548,764778.0,7.53000000000003,0.0,7.53000000000003,51.0,0.023348113236798952,7.53000000000003,0.0,0.0,1.0,1.0,0.3821208221733188,0.9186540136946633,0.7275936026080039,66.13345739009381,91.55872543298842,86.4825941885299,101.71098792190548,27.472527472527393,19.780219780219905,20.434889762784252,0.09101389478794107,0.22776276230678125,0.12000000000000455,0.3299999999999841,0.30000000000001137,1.0,26941.0,26941.0,2022-04-25,2022-04-25 16:00:00,5.4043404461687805,200.0,1.0,best_within_2.0d,27140.0,312.09,0.5832424107187206,4.3760036431226785,32.22527881040892,0.012230020343504162,2.285057100371749,15.890706319702602,0.006381710269403211,0.4929364202292669,5.6011759621451125,36.843533123028394,0.015614239272951093,2.82998018927445,22.52492113564669,0.007835530045022196,1.8630914826498424,0.00402220134195386,1.9444468750000041,16.553125,0.005470102952261012,1.0,1
27038.0,2022-04-26 08:10:00,324.83,325.4,324.62,324.69,48300.0,3a,3a,0.0,sell,False,0.0017355704260748526,4.163492493946733,28.239017640954685,0.011578080659927173,0.2930655726013607,-0.585680326395858,-0.43914754009517765,-0.0013502242534060662,42.55395507454136,46.37139451423977,48.377064223858554,42.360055095002195,48300.0,1.3999999999999773,2.0,1.3999999999999773,12.0,0.004320987654320918,1.3999999999999773,12.0,0.004320987654320918,3.0,3.0,0.2930655726013607,-0.43914754009517765,-0.585680326395858,42.55395507454136,46.37139451423977,48.377064223858554,42.360055095002195,38.957055214723816,6.134969325153096,40.002609229764396,-0.04309946741371991,0.24028094387282753,0.5699999999999932,0.06999999999999318,0.13999999999998636,0.0,27039.0,27039.0,2022-04-26,2022-04-26 08:10:00,3.8806245957682783,102.0,1.0,best_within_2.0d,27140.0,312.09,0.5832424107187206,4.3760036431226785,32.22527881040892,0.012230020343504162,2.285057100371749,15.890706319702602,0.006381710269403211,0.4929364202292669,5.6011759621451125,36.843533123028394,0.015614239272951093,2.82998018927445,22.52492113564669,0.007835530045022196,1.8630914826498424,0.0017355704260748526,1.3999999999999773,12.0,0.004320987654320918,0.0,1
27048.0,2022-04-26 09:00:00,335.56,335.62,334.89,334.96,67085.0,1p,1p,0.0,sell,False,2.738793624613178,3.0500000000000114,25.0,0.009171001593649492,0.10819777931436358,0.3501257800358829,0.4042246696930647,0.0012085096373761965,58.41154115349204,88.19950150905689,90.31658881101883,83.96532690513303,67085.0,3.0500000000000114,0.0,3.0500000000000114,25.0,0.009171001593649492,3.0500000000000114,0.0,0.0,1.0,1.0,0.10819777931436358,0.4042246696930647,0.3501257800358829,58.41154115349204,88.19950150905689,90.31658881101883,83.96532690513303,15.795234067957345,29.97860802945042,33.65239491412235,-0.17880557873406328,0.2179820239481675,0.060000000000002274,0.06999999999999318,0.6000000000000227,0.0,27049.0,27049.0,2022-04-26,2022-04-26 09:00:00,6.256730222494963,92.0,1.0,best_within_2.0d,27140.0,312.09,0.5832424107187206,4.3760036431226785,32.22527881040892,0.012230020343504162,2.285057100371749,15.890706319702602,0.006381710269403211,0.4929364202292669,5.6011759621451125,36.843533123028394,0.015614239272951093,2.82998018927445,22.52492113564669,0.007835530045022196,1.8630914826498424,0.00402220134195386,1.9444468750000041,16.553125,0.005470102952261012,0.0,1
27048.0,2022-04-26 09:00:00,331.095,333.01,330.925,332.9199,1222656.0,2,2,0.0,sell,False,0.45511482254697233,4.163492493946733,28.239017640954685,0.011578080659927173,0.05758432621100029,-0.5982562282439476,-0.5694640651384475,-0.0017119736161854756,51.548780274696355,45.15103531117855,29.467474071356317,76.51815779082301,1222656.0,2.180000000000007,1.0,4.7900000000000205,24.0,0.014272093439008463,2.180000000000007,9.0,0.006589487047728462,2.0,2.0,0.05758432621100029,-0.5694640651384475,-0.5982562282439476,51.548780274696355,45.15103531117855,29.467474071356317,76.51815779082301,21.569466855468104,19.37410127221417,16.512337889605142,0.5511711140307032,0.6300521266147856,0.09010000000000673,0.17000000000001592,1.824899999999957,1.0,27049.0,27049.0,2022-04-26,2022-04-26 09:00:00,6.256730222494963,92.0,1.0,best_within_2.0d,27140.0,312.09,0.45511482254697233,4.7900000000000205,24.0,0.014272093439008463,2.180000000000007,9.0,0.006589487047728462,0.4929364202292669,5.6011759621451125,36.843533123028394,0.015614239272951093,2.82998018927445,22.52492113564669,0.007835530045022196,1.8630914826498424,0.00402220134195386,1.9444468750000041,16.553125,0.005470102952261012,0.0,1
27058.0,2022-04-26 09:50:00,324.33,324.59,323.4,323.42,1153447.0,2s,2s,1.0,buy,False,0.6769456681350973,4.163492493946733,28.239017640954685,0.011578080659927173,-0.8905034423858493,-0.59041643615425,-1.0356681573471747,-0.003167587194422165,12.351571880519671,4.596412170655886,9.412898380867087,-5.0365602497665165,1153447.0,6.640000000000043,1.0,6.810000000000002,41.0,0.021201743462017444,6.640000000000043,119.0,0.020118773482002313,1.0,2.5,-0.8905034423858493,-1.0356681573471747,-0.59041643615425,12.351571880519671,4.596412170655886,9.412898380867087,-5.0365602497665165,4.4745522846232015,49.42819384176714,48.84248236765268,-0.28057842321091736,0.3679653679653673,0.2599999999999909,0.020000000000038654,0.9099999999999682,0.0,27059.0,27059.0,2022-04-26,2022-04-26 09:50:00,2.0097705769587533,243.0,1.0,best_within_2.0d,27301.0,329.92,0.5832424107187206,4.3760036431226785,32.22527881040892,0.012230020343504162,2.285057100371749,15.890706319702602,0.006381710269403211,0.6769456681350973,6.810000000000002,41.0,0.021201743462017444,6.640000000000043,119.0,0.020118773482002313,1.0,0.00402220134195386,1.9444468750000041,16.553125,0.005470102952261012,0.0,0
27059.0,2022-04-26 09:55:00,323.41,323.6937,322.88,323.25,1193365.0,2s,2s,1.0,buy,False,0.7533039647577083,4.163492493946733,28.239017640954685,0.011578080659927173,-0.9307482398044498,-0.7067599661298062,-1.172134086032031,-0.0035879819202434843,11.925524759565675,5.644470038456799,8.156755600063658,0.6198989152430805,1193365.0,7.160000000000025,1.0,6.810000000000002,41.0,0.021201743462017444,7.160000000000025,120.0,0.02169434007999038,1.0,2.5,-0.9307482398044498,-1.172134086032031,-0.7067599661298062,11.925524759565675,5.644470038456799,8.156755600063658,0.6198989152430805,3.848582932027969,52.005210389200094,51.512239432255,-0.04947280541727992,0.25201313181367163,0.28369999999995343,0.37000000000000455,0.160000000000025,0.0,27060.0,27060.0,2022-04-26,2022-04-26 09:55:00,2.0634184068058827,242.0,1.0,best_within_2.0d,27301.0,329.92,0.5832424107187206,4.3760036431226785,32.22527881040892,0.012230020343504162,2.285057100371749,15.890706319702602,0.006381710269403211,0.7533039647577083,6.810000000000002,41.0,0.021201743462017444,7.160000000000025,120.0,0.02169434007999038,1.0,0.00402220134195386,1.9444468750000041,16.553125,0.005470102952261012,0.0,0
27060.0,2022-04-26 10:00:00,323.21,323.4,321.79,322.08,1520292.0,2s,2s,1.0,buy,False,0.9133627019089527,4.163492493946733,28.239017640954685,0.011578080659927173,-1.043628080364242,-0.8372134761753365,-1.3590275163574574,-0.0041644222013982905,9.497441139554951,5.409771621321928,7.241094273816414,1.7471263163329542,1520292.0,8.25,1.0,6.810000000000002,41.0,0.021201743462017444,8.25,121.0,0.024996970064234635,1.0,2.5,-1.043628080364242,-1.3590275163574574,-0.8372134761753365,9.497441139554951,5.409771621321928,7.241094273816414,1.7471263163329542,1.1551858960687784,56.51524845382798,54.689496377937,-0.3496178954859056,0.5003262997607,0.18999999999999773,0.2899999999999636,1.1299999999999955,0.0,27061.0,27061.0,2022-04-26,2022-04-26 10:00:00,2.4341778440139197,241.0,1.0,best_within_2.0d,27301.0,329.92,0.5832424107187206,4.3760036431226785,32.22527881040892,0.012230020343504162,2.285057100371749,15.890706319702602,0.006381710269403211,0.9133627019089527,6.810000000000002,41.0,0.021201743462017444,8.25,121.0,0.024996970064234635,1.0,0.00402220134195386,1.9444468750000041,16.553125,0.005470102952261012,0.0,0
27087.0,2022-04-26 12:15:00,320.49,320.93,320.42,320.64,751971.0,2,2,0.0,sell,False,0.17106460418562275,4.163492493946733,28.239017640954685,0.011578080659927173,0.6153622864437951,-1.125071814592458,-0.8173906713705605,-0.0025463773670110017,45.78779067298909,63.98586333269128,48.39844199627789,95.16070600551807,751971.0,1.8799999999999955,1.0,10.990000000000009,144.0,0.03329899406132592,1.8799999999999955,5.0,0.0058924933396019286,2.0,2.0,0.6153622864437951,-0.8173906713705605,-1.125071814592458,45.78779067298909,63.98586333269128,48.39844199627789,95.16070600551807,20.02976764697812,15.251325303418398,45.634910231994446,0.04680333239725959,0.15916609450096464,0.29000000000002046,0.06999999999999318,0.14999999999997726,1.0,27088.0,27088.0,2022-04-26,2022-04-26 12:15:00,2.666541916167668,53.0,1.0,best_within_2.0d,27140.0,312.09,0.17106460418562275,10.990000000000009,144.0,0.03329899406132592,1.8799999999999955,5.0,0.0058924933396019286,0.4929364202292669,5.6011759621451125,36.843533123028394,0.015614239272951093,2.82998018927445,22.52492113564669,0.007835530045022196,1.8630914826498424,0.00402220134195386,1.9444468750000041,16.553125,0.005470102952261012,0.0,1
27088.0,2022-04-26 12:20:00,320.64,321.41,320.59,321.12,686662.0,2,2,0.0,sell,False,0.21474067333940053,4.163492493946733,28.239017640954685,0.011578080659927173,0.7086326585206031,-1.0364927322773827,-0.6821764030170812,-0.0021250927740649474,50.38059421378157,71.89453035738714,56.23047144998097,103.22264817219948,686662.0,2.3600000000000136,1.0,10.990000000000009,144.0,0.03329899406132592,2.3600000000000136,6.0,0.007396959724181205,2.0,2.0,0.7086326585206031,-0.6821764030170812,-1.0364927322773827,50.38059421378157,71.89453035738714,56.23047144998097,103.22264817219948,21.840986741343585,15.04399916623586,43.691525103103494,0.14970059880240089,0.25577840855923456,0.29000000000002046,0.05000000000001137,0.4800000000000182,1.0,27089.0,27089.0,2022-04-26,2022-04-26 12:20:00,2.8120328849028495,52.0,1.0,best_within_2.0d,27140.0,312.09,0.21474067333940053,10.990000000000009,144.0,0.03329899406132592,2.3600000000000136,6.0,0.007396959724181205,0.4929364202292669,5.6011759621451125,36.843533123028394,0.015614239272951093,2.82998018927445,22.52492113564669,0.007835530045022196,1.8630914826498424,0.00402220134195386,1.9444468750000041,16.553125,0.005470102952261012,0.0,1
27089.0,2022-04-26 12:25:00,321.11,322.0,321.075,321.7355,1099832.0,2,2,0.0,sell,False,0.26842584167424804,4.163492493946733,28.239017640954685,0.011578080659927173,0.8274035828131474,-0.9330672844257393,-0.5193654930191656,-0.0016176390080628144,55.57761160659403,78.27431967328636,63.57842085774942,107.66611730436023,1099832.0,2.9499999999999886,1.0,10.990000000000009,144.0,0.03329899406132592,2.9499999999999886,7.0,0.009246199655226418,2.0,2.0,0.8274035828131474,-0.5193654930191656,-0.9330672844257393,55.57761160659403,78.27431967328636,63.57842085774942,107.66611730436023,27.053105245597532,12.624782447945067,43.168104478855945,0.1947930615676834,0.288094681927902,0.2644999999999982,0.03500000000002501,0.6254999999999882,1.0,27090.0,27090.0,2022-04-26,2022-04-26 12:25:00,2.9979595040025195,51.0,1.0,best_within_2.0d,27140.0,312.09,0.26842584167424804,10.990000000000009,144.0,0.03329899406132592,2.9499999999999886,7.0,0.009246199655226418,0.4929364202292669,5.6011759621451125,36.843533123028394,0.015614239272951093,2.82998018927445,22.52492113564669,0.007835530045022196,1.8630914826498424,0.00402220134195386,1.9444468750000041,16.553125,0.005470102952261012,1.0,1
27095.0,2022-04-26 12:55:00,320.96,322.31,320.73,322.0,793658.0,2,2,0.0,sell,False,0.29663330300272867,4.163492493946733,28.239017640954685,0.011578080659927173,0.600629975590542,-0.4421892754232276,-0.14187428762795662,-0.0004418330247710353,57.60687482115323,66.10285188504736,64.7974548575971,68.71364593994787,793658.0,3.259999999999991,1.0,10.990000000000009,144.0,0.03329899406132592,3.259999999999991,13.0,0.01021783419526717,2.0,2.0,0.600629975590542,-0.14187428762795662,-0.4421892754232276,57.60687482115323,66.10285188504736,64.7974548575971,68.71364593994787,33.27403611292898,10.599762196639178,39.37439972047063,0.32402791625125266,0.4926261964892539,0.3100000000000023,0.22999999999996135,1.0400000000000205,1.0,27096.0,27096.0,2022-04-26,2022-04-26 12:55:00,3.0776397515528027,45.0,1.0,best_within_2.0d,27140.0,312.09,0.29663330300272867,10.990000000000009,144.0,0.03329899406132592,3.259999999999991,13.0,0.01021783419526717,0.4929364202292669,5.6011759621451125,36.843533123028394,0.015614239272951093,2.82998018927445,22.52492113564669,0.007835530045022196,1.8630914826498424,0.00402220134195386,1.9444468750000041,16.553125,0.005470102952261012,1.0,1
27101.0,2022-04-26 13:25:00,319.36,319.58,318.94,319.36,669027.0,1p,1p,1.0,buy,False,0.14965811816938498,3.3700000000000045,7.0,0.010455772393037773,-0.15618742954185194,-0.3703313707281559,-0.4484250854990819,-0.0013987119342832675,38.32639906662133,11.180735090576272,20.302768719290736,-7.063332166852653,669027.0,3.3700000000000045,0.0,3.3700000000000045,7.0,0.010455772393037773,3.3700000000000045,0.0,0.0,1.0,1.0,-0.15618742954185194,-0.4484250854990819,-0.3703313707281559,38.32639906662133,11.180735090576272,20.302768719290736,-7.063332166852653,19.861748354250423,20.72907360989424,34.339176111015,0.0,0.20066470182479035,0.21999999999997044,0.4200000000000159,0.0,0.0,27102.0,27102.0,2022-04-26,2022-04-26 13:25:00,3.3066132264529062,200.0,1.0,best_within_2.0d,27301.0,329.92,0.5832424107187206,4.3760036431226785,32.22527881040892,0.012230020343504162,2.285057100371749,15.890706319702602,0.006381710269403211,0.4929364202292669,5.6011759621451125,36.843533123028394,0.015614239272951093,2.82998018927445,22.52492113564669,0.007835530045022196,1.8630914826498424,0.00402220134195386,1.9444468750000041,16.553125,0.005470102952261012,1.0,0
27111.0,2022-04-26 14:15:00,320.34,320.87,319.85,320.15,853420.0,2s,2s,0.0,sell,False,0.16560509554140052,4.163492493946733,28.239017640954685,0.011578080659927173,0.1864719212688547,-0.3430331839108301,-0.24979722327640275,-0.0007800938271322073,48.96347274699343,58.420919450960206,50.10282899443392,75.05710036401277,853420.0,1.9300000000000068,1.0,10.990000000000009,144.0,0.03329899406132592,1.9300000000000068,11.0,0.006051294914403984,1.0,2.5,0.1864719212688547,-0.24979722327640275,-0.3430331839108301,48.96347274699343,58.420919450960206,50.10282899443392,75.05710036401277,19.78518937252702,16.650393134282428,20.984196216744326,-0.059311981020165376,0.3188994841331817,0.5300000000000296,0.2999999999999545,0.18999999999999773,0.0,27112.0,27112.0,2022-04-26,2022-04-26 14:15:00,2.5175698891144784,29.0,1.0,best_within_2.0d,27140.0,312.09,0.5832424107187206,4.3760036431226785,32.22527881040892,0.012230020343504162,2.285057100371749,15.890706319702602,0.006381710269403211,0.16560509554140052,10.990000000000009,144.0,0.03329899406132592,1.9300000000000068,11.0,0.006051294914403984,1.0,0.00402220134195386,1.9444468750000041,16.553125,0.005470102952261012,0.0,1
27112.0,2022-04-26 14:20:00,320.115,321.23,320.01,320.9,767211.0,2s,2s,0.0,sell,False,0.19836214740673386,4.163492493946733,28.239017640954685,0.011578080659927173,0.2981816220030571,-0.30576048116044796,-0.15666967015891942,-0.0004891874249317396,56.30322345585727,66.58113110202113,55.59559636362965,88.5522005788041,767211.0,2.2900000000000205,1.0,10.990000000000009,144.0,0.03329899406132592,2.2900000000000205,12.0,0.007180033862168497,1.0,2.5,0.2981816220030571,-0.15666967015891942,-0.30576048116044796,56.30322345585727,66.58113110202113,55.59559636362965,88.5522005788041,22.425045389862337,10.795426664704074,21.98585259586057,0.24522437249112605,0.3812380863098114,0.3300000000000409,0.10500000000001819,0.7849999999999682,1.0,27113.0,27113.0,2022-04-26,2022-04-26 14:20:00,2.7454035525085705,28.0,1.0,best_within_2.0d,27140.0,312.09,0.5832424107187206,4.3760036431226785,32.22527881040892,0.012230020343504162,2.285057100371749,15.890706319702602,0.006381710269403211,0.19836214740673386,10.990000000000009,144.0,0.03329899406132592,2.2900000000000205,12.0,0.007180033862168497,1.0,0.00402220134195386,1.9444468750000041,16.553125,0.005470102952261012,0.0,1
27114.0,2022-04-26 14:30:00,320.81,321.285,320.54,321.18,788823.0,2s,2s,0.0,sell,False,0.2033666969972713,4.163492493946733,28.239017640954685,0.011578080659927173,0.41306692855596366,-0.2103164994502437,-0.0037830351722618616,-1.1808246031425353e-05,58.6987820334712,78.89344433375723,66.78141377790482,103.11750544546206,788823.0,2.3450000000000273,1.0,10.990000000000009,144.0,0.03329899406132592,2.3450000000000273,14.0,0.007352480090299201,1.0,2.5,0.41306692855596366,-0.0037830351722618616,-0.2103164994502437,58.6987820334712,78.89344433375723,66.78141377790482,103.11750544546206,22.223259722676637,6.209440216630291,25.985433890327208,0.11533306318381738,0.232420290759345,0.10500000000001819,0.2699999999999818,0.37000000000000455,1.0,27115.0,27115.0,2022-04-26,2022-04-26 14:30:00,2.8301886792452926,26.0,1.0,best_within_2.0d,27140.0,312.09,0.5832424107187206,4.3760036431226785,32.22527881040892,0.012230020343504162,2.285057100371749,15.890706319702602,0.006381710269403211,0.2033666969972713,10.990000000000009,144.0,0.03329899406132592,2.3450000000000273,14.0,0.007352480090299201,1.0,0.00402220134195386,1.9444468750000041,16.553125,0.005470102952261012,0.0,1
27115.0,2022-04-26 14:35:00,321.19,321.5121,321.0,321.09,769405.0,2s,2s,0.0,sell,False,0.22403093721564712,4.163492493946733,28.239017640954685,0.011578080659927173,0.4229861162075397,-0.15744323492430123,0.054049823179468603,0.00016868141379363687,57.558491797199274,79.56849093944035,71.04377283174999,96.61792715482107,769405.0,2.5720999999999776,1.0,10.990000000000009,144.0,0.03329899406132592,2.5720999999999776,15.0,0.008064526243180466,1.0,2.5,0.4229861162075397,0.054049823179468603,-0.15744323492430123,57.558491797199274,79.56849093944035,71.04377283174999,96.61792715482107,24.638050956377178,2.8351100022682005,29.797965405224915,-0.031134219620792283,0.15953271028036614,0.3220999999999776,0.08999999999997499,0.10000000000002274,0.0,27116.0,27116.0,2022-04-26,2022-04-26 14:35:00,2.8029524432402133,25.0,1.0,best_within_2.0d,27140.0,312.09,0.5832424107187206,4.3760036431226785,32.22527881040892,0.012230020343504162,2.285057100371749,15.890706319702602,0.006381710269403211,0.22403093721564712,10.990000000000009,144.0,0.03329899406132592,2.5720999999999776,15.0,0.008064526243180466,1.0,0.00402220134195386,1.9444468750000041,16.553125,0.005470102952261012,0.0,1
27119.0,2022-04-26 14:55:00,320.78,321.66,320.7,321.4549,879391.0,2s,2s,0.0,sell,False,0.23748862602365892,4.163492493946733,28.239017640954685,0.011578080659927173,0.28731406755411093,-0.03700336309571599,0.10665367068133946,0.00033278461460039687,59.303161753381154,66.56634713535541,62.92128362909047,73.85647414788531,879391.0,2.7200000000000273,1.0,10.990000000000009,144.0,0.03329899406132592,2.7200000000000273,19.0,0.008528249827553857,1.0,2.5,0.28731406755411093,0.10665367068133946,-0.03700336309571599,59.303161753381154,66.56634713535541,62.92128362909047,73.85647414788531,24.288474973008682,12.792480561780106,28.74054469136578,0.21039341604839348,0.2993451824134819,0.20510000000001583,0.07999999999998408,0.6749000000000365,1.0,27120.0,27120.0,2022-04-26,2022-04-26 14:55:00,2.913285813966449,21.0,1.0,best_within_2.0d,27140.0,312.09,0.5832424107187206,4.3760036431226785,32.22527881040892,0.012230020343504162,2.285057100371749,15.890706319702602,0.006381710269403211,0.23748862602365892,10.990000000000009,144.0,0.03329899406132592,2.7200000000000273,19.0,0.008528249827553857,1.0,0.00402220134195386,1.9444468750000041,16.553125,0.005470102952261012,0.0,1
27120.0,2022-04-26 15:00:00,321.45,321.885,320.88,320.96,1010372.0,2s,2s,0.0,sell,False,0.2579617834394884,4.163492493946733,28.239017640954685,0.011578080659927173,0.2637670826760689,-0.004032477761207376,0.12785106357682707,0.0003988820203315041,54.103843896368915,62.484560641676914,62.77570929995261,61.90226332512552,1010372.0,2.944999999999993,1.0,10.990000000000009,144.0,0.03329899406132592,2.944999999999993,20.0,0.009233711669906544,1.0,2.5,0.2637670826760689,0.12785106357682707,-0.004032477761207376,54.103843896368915,62.484560641676914,62.77570929995261,61.90226332512552,25.374439324653668,11.191648232506267,29.45812963751792,-0.15243428215897,0.3132011967090487,0.4350000000000023,0.07999999999998408,0.4900000000000091,0.0,27121.0,27121.0,2022-04-26,2022-04-26 15:00:00,2.763584247258227,20.0,1.0,best_within_2.0d,27140.0,312.09,0.5832424107187206,4.3760036431226785,32.22527881040892,0.012230020343504162,2.285057100371749,15.890706319702602,0.006381710269403211,0.2579617834394884,10.990000000000009,144.0,0.03329899406132592,2.944999999999993,20.0,0.009233711669906544,1.0,0.00402220134195386,1.9444468750000041,16.553125,0.005470102952261012,1.0,1
27126.0,2022-04-26 15:30:00,318.535,318.7499,317.89,318.11,1114349.0,1,1,1.0,buy,False,0.48867829258500295,3.9950000000000045,7.0,0.01241126489274121,-0.509998388406172,-0.19673754740922195,-0.4517367416123079,-0.0014121287377743296,35.46798364934446,13.624750440106427,23.83121885280633,-6.788186385293379,1114349.0,3.9950000000000045,1.0,3.9950000000000045,7.0,0.01241126489274121,3.9950000000000045,7.0,0.01241126489274121,1.0,1.0,-0.509998388406172,-0.4517367416123079,-0.19673754740922195,35.46798364934446,13.624750440106427,23.83121885280633,-6.788186385293379,12.91995343574176,35.33022362240622,27.70155951204332,-0.13342332867660112,0.2705023750354018,0.2149000000000001,0.22000000000002728,0.42500000000001137,0.0,27127.0,27127.0,2022-04-26,2022-04-26 15:30:00,3.712552261796235,175.0,1.0,best_within_2.0d,27301.0,329.92,0.5832424107187206,4.3760036431226785,32.22527881040892,0.012230020343504162,2.285057100371749,15.890706319702602,0.006381710269403211,0.4929364202292669,5.6011759621451125,36.843533123028394,0.015614239272951093,2.82998018927445,22.52492113564669,0.007835530045022196,1.8630914826498424,0.00402220134195386,1.9444468750000041,16.553125,0.005470102952261012,0.0,0
27127.0,2022-04-26 15:35:00,318.115,318.8,317.74,318.78,1169257.0,1,1,1.0,buy,False,0.48867829258500295,4.144999999999982,8.0,0.0128772698323935,-0.4394605489454857,-0.25167011602740763,-0.4714003905001505,-0.001473978771778226,41.73273887389615,17.446657108844317,21.703031604818992,8.933908116894962,1169257.0,4.144999999999982,1.0,4.144999999999982,8.0,0.0128772698323935,4.144999999999982,8.0,0.0128772698323935,1.0,1.0,-0.4394605489454857,-0.4714003905001505,-0.25167011602740763,41.73273887389615,17.446657108844317,21.703031604818992,8.933908116894962,12.562034493948529,35.538740393063,29.134865960953018,0.20904389921882452,0.3336060930320395,0.020000000000038654,0.375,0.6649999999999636,1.0,27128.0,27128.0,2022-04-26,2022-04-26 15:35:00,3.494573059790465,174.0,1.0,best_within_2.0d,27301.0,329.92,0.5832424107187206,4.3760036431226785,32.22527881040892,0.012230020343504162,2.285057100371749,15.890706319702602,0.006381710269403211,0.4929364202292669,5.6011759621451125,36.843533123028394,0.015614239272951093,2.82998018927445,22.52492113564669,0.007835530045022196,1.8630914826498424,0.00402220134195386,1.9444468750000041,16.553125,0.005470102952261012,0.0,0
27130.0,2022-04-26 15:50:00,318.12,318.7931,317.41,317.48,2856129.0,1,1,1.0,buy,False,0.48867829258500295,4.474999999999966,11.0,0.013902480699628643,-0.4482761736512415,-0.4030208057072976,-0.6271588925329183,-0.0019632076254460723,34.03921571686597,12.078157205760952,17.103000334148398,2.0284709489860617,2856129.0,4.474999999999966,1.0,4.474999999999966,11.0,0.013902480699628643,4.474999999999966,11.0,0.013902480699628643,1.0,1.0,-0.4482761736512415,-0.6271588925329183,-0.4030208057072976,34.03921571686597,12.078157205760952,17.103000334148398,2.0284709489860617,10.802023121386881,31.2868497109827,32.999663921420286,-0.20118194392052882,0.43574556567214523,0.6730999999999767,0.06999999999999318,0.6399999999999864,0.0,27131.0,27131.0,2022-04-26,2022-04-26 15:50:00,3.9183570618621633,171.0,1.0,best_within_2.0d,27301.0,329.92,0.5832424107187206,4.3760036431226785,32.22527881040892,0.012230020343504162,2.285057100371749,15.890706319702602,0.006381710269403211,0.4929364202292669,5.6011759621451125,36.843533123028394,0.015614239272951093,2.82998018927445,22.52492113564669,0.007835530045022196,1.8630914826498424,0.00402220134195386,1.9444468750000041,16.553125,0.005470102952261012,0.0,0
27131.0,2022-04-26 15:55:00,317.48,318.16,316.855,316.91,4969926.0,1,1,1.0,buy,False,0.5071072276281424,5.029999999999973,12.0,0.015626698976342397,-0.529231342508391,-0.46917472352084644,-0.7337903947750419,-0.0022983552460340466,31.211206189509483,8.772471535995287,14.326157401430692,-2.334900194875523,4969926.0,5.029999999999973,1.0,5.029999999999973,12.0,0.015626698976342397,5.029999999999973,12.0,0.015626698976342397,1.0,1.0,-0.529231342508391,-0.7337903947750419,-0.46917472352084644,31.211206189509483,8.772471535995287,14.326157401430692,-2.334900194875523,10.392770246784448,32.15224191866539,34.295730008511825,-0.17953886859014526,0.41186031465497047,0.6800000000000068,0.05500000000000682,0.5699999999999932,0.0,27132.0,27132.0,2022-04-26,2022-04-26 15:55:00,4.105266479442109,170.0,1.0,best_within_2.0d,27301.0,329.92,0.5832424107187206,4.3760036431226785,32.22527881040892,0.012230020343504162,2.285057100371749,15.890706319702602,0.006381710269403211,0.4929364202292669,5.6011759621451125,36.843533123028394,0.015614239272951093,2.82998018927445,22.52492113564669,0.007835530045022196,1.8630914826498424,0.00402220134195386,1.9444468750000041,16.553125,0.005470102952261012,0.0,0
27132.0,2022-04-26 16:00:00,316.88,317.26,315.38,315.86,2330805.0,1,1,1.0,buy,False,0.6493612489664101,6.5049999999999955,13.0,0.020209080882924012,-0.6776916337217544,-0.5538861777360657,-0.892731994596943,-0.0027983995766515447,26.79495749268638,10.137858593255265,12.93005779870555,4.553460182354694,2330805.0,6.5049999999999955,1.0,6.5049999999999955,13.0,0.020209080882924012,6.5049999999999955,13.0,0.020209080882924012,1.0,1.0,-0.6776916337217544,-0.892731994596943,-0.5538861777360657,26.79495749268638,10.137858593255265,12.93005779870555,4.553460182354694,7.842499186462263,39.70126911812594,36.63241712450745,-0.3218884120171617,0.5961062844822105,0.37999999999999545,0.4800000000000182,1.0199999999999818,0.0,27133.0,27133.0,2022-04-26,2022-04-26 16:00:00,4.4513392009117965,169.0,1.0,best_within_2.0d,27301.0,329.92,0.5832424107187206,4.3760036431226785,32.22527881040892,0.012230020343504162,2.285057100371749,15.890706319702602,0.006381710269403211,0.4929364202292669,5.6011759621451125,36.843533123028394,0.015614239272951093,2.82998018927445,22.52492113564669,0.007835530045022196,1.8630914826498424,0.00402220134195386,1.9444468750000041,16.553125,0.005470102952261012,0.0,0
27133.0,2022-04-26 16:05:00,315.71,316.9016,311.96,312.59,1210082.0,1,1,1.0,buy,False,1.0947253591409343,9.925000000000011,14.0,0.030833993506997878,-1.142486125086331,-0.6966969433718571,-1.2679400059150225,-0.003980482709739822,18.17156116230349,9.712158893393777,11.857424830268291,5.421627019644749,1210082.0,9.925000000000011,1.0,9.925000000000011,14.0,0.030833993506997878,9.925000000000011,14.0,0.030833993506997878,1.0,1.0,-1.142486125086331,-1.2679400059150225,-0.6966969433718571,18.17156116230349,9.712158893393777,11.857424830268291,5.421627019644749,2.3518344308556958,49.20812959383089,40.50705050406068,-0.9882487092584982,1.5840492370816754,1.191599999999994,0.6299999999999955,3.1200000000000045,0.0,27134.0,27134.0,2022-04-26,2022-04-26 16:05:00,5.544003327041826,168.0,1.0,best_within_2.0d,27301.0,329.92,0.5832424107187206,4.3760036431226785,32.22527881040892,0.012230020343504162,2.285057100371749,15.890706319702602,0.006381710269403211,0.4929364202292669,5.6011759621451125,36.843533123028394,0.015614239272951093,2.82998018927445,22.52492113564669,0.007835530045022196,1.8630914826498424,0.00402220134195386,1.9444468750000041,16.553125,0.005470102952261012,1.0,0
27140.0,2022-04-26 16:40:00,313.06,313.06,311.88,312.09,181927.0,1,1,1.0,buy,False,1.1159699594392825,10.004999999999995,21.0,0.03108252947481242,-0.7517945554605943,-1.5000318017111511,-1.8759290794414483,-0.005928758941744875,26.337323515292425,15.583977017661653,19.56034000545723,7.631251042070495,181927.0,10.004999999999995,1.0,10.004999999999995,21.0,0.03108252947481242,10.004999999999995,21.0,0.03108252947481242,1.0,1.0,-0.7517945554605943,-1.8759290794414483,-1.5000318017111511,26.337323515292425,15.583977017661653,19.56034000545723,7.631251042070495,20.40268835422997,29.863111374675384,42.985614055707394,-0.30984475819332624,0.37835064768500926,0.0,0.20999999999997954,0.9700000000000273,0.0,27141.0,27141.0,2022-04-26,2022-04-26 16:40:00,5.713095581402814,161.0,1.0,best_within_2.0d,27301.0,329.92,0.5832424107187206,4.3760036431226785,32.22527881040892,0.012230020343504162,2.285057100371749,15.890706319702602,0.006381710269403211,0.4929364202292669,5.6011759621451125,36.843533123028394,0.015614239272951093,2.82998018927445,22.52492113564669,0.007835530045022196,1.8630914826498424,0.00402220134195386,1.9444468750000041,16.553125,0.005470102952261012,1.0,0
27157.0,2022-04-26 18:05:00,314.43,316.09,314.38,315.69,367903.0,3a,3a,0.0,sell,False,0.00888575458392095,4.163492493946733,28.239017640954685,0.011578080659927173,1.011192531475651,-0.8584621614371495,-0.35286589569932403,-0.0011224557580084078,60.00078529178247,79.89769602612583,66.41729214072359,106.85850379693031,367903.0,4.2099999999999795,2.0,4.2099999999999795,18.0,0.013498781582659932,4.2099999999999795,18.0,0.013498781582659932,3.0,3.0,1.011192531475651,-0.35286589569932403,-0.8584621614371495,60.00078529178247,79.89769602612583,66.41729214072359,106.85850379693031,61.8357487922714,2.2222222222224177,58.546489510505694,0.4007251216486947,0.5439277307716711,0.39999999999997726,0.05000000000001137,1.259999999999991,1.0,27158.0,27158.0,2022-04-26,2022-04-26 18:05:00,-0.46247901422280707,64.0,1.0,best_within_2.0d,27221.0,317.15,0.5832424107187206,4.3760036431226785,32.22527881040892,0.012230020343504162,2.285057100371749,15.890706319702602,0.006381710269403211,0.4929364202292669,5.6011759621451125,36.843533123028394,0.015614239272951093,2.82998018927445,22.52492113564669,0.007835530045022196,1.8630914826498424,0.00888575458392095,4.2099999999999795,18.0,0.013498781582659932,0.0,1
27158.0,2022-04-26 18:10:00,315.75,316.51,315.75,316.18,230048.0,3a,3a,0.0,sell,False,0.00888575458392095,4.163492493946733,28.239017640954685,0.011578080659927173,1.126892502757966,-0.7176005985924038,-0.1541543472134208,-0.0004901512271401403,62.87714699552715,83.1716727401588,72.00208567386866,105.51084687273908,230048.0,4.6299999999999955,2.0,4.6299999999999955,19.0,0.014845453379504924,4.6299999999999955,19.0,0.014845453379504924,3.0,3.0,1.126892502757966,-0.1541543472134208,-0.7176005985924038,62.87714699552715,83.1716727401588,72.00208567386866,105.51084687273908,62.97322253001012,2.1237303785782062,61.041395781538434,0.1361836896278723,0.2406967537608839,0.3299999999999841,0.0,0.4300000000000068,1.0,27159.0,27159.0,2022-04-26,2022-04-26 18:10:00,-0.30678727307229126,63.0,1.0,best_within_2.0d,27221.0,317.15,0.5832424107187206,4.3760036431226785,32.22527881040892,0.012230020343504162,2.285057100371749,15.890706319702602,0.006381710269403211,0.4929364202292669,5.6011759621451125,36.843533123028394,0.015614239272951093,2.82998018927445,22.52492113564669,0.007835530045022196,1.8630914826498424,0.00888575458392095,4.6299999999999955,19.0,0.014845453379504924,0.0,1
27160.0,2022-04-26 18:20:00,316.01,317.14,315.91,316.46,175102.0,3a,3a,0.0,sell,False,0.00888575458392095,4.163492493946733,28.239017640954685,0.011578080659927173,1.1419058403300082,-0.4337159711400515,0.13723694902495254,0.0004360182020471691,63.851482947908245,82.74452466063646,78.07303431567908,92.08750535055123,175102.0,5.259999999999991,2.0,5.259999999999991,21.0,0.01686546107477232,5.259999999999991,21.0,0.01686546107477232,3.0,3.0,1.1419058403300082,0.13723694902495254,-0.4337159711400515,63.851482947908245,82.74452466063646,78.07303431567908,92.08750535055123,50.99685204617088,3.04302203567707,65.05177591254537,0.1424005569443969,0.3893513975499229,0.6800000000000068,0.0999999999999659,0.44999999999998863,1.0,27161.0,27161.0,2022-04-26,2022-04-26 18:20:00,-0.2180370346963274,61.0,1.0,best_within_2.0d,27221.0,317.15,0.5832424107187206,4.3760036431226785,32.22527881040892,0.012230020343504162,2.285057100371749,15.890706319702602,0.006381710269403211,0.4929364202292669,5.6011759621451125,36.843533123028394,0.015614239272951093,2.82998018927445,22.52492113564669,0.007835530045022196,1.8630914826498424,0.00888575458392095,5.259999999999991,21.0,0.01686546107477232,0.0,1
27161.0,2022-04-26 18:25:00,316.45,317.48,316.38,317.39,114552.0,3a,3a,0.0,sell,False,0.00888575458392095,4.163492493946733,28.239017640954685,0.011578080659927173,1.2166361542394357,-0.28163645186012204,0.3266816252595959,0.001037262266605986,68.66373118462256,87.76105565611032,81.30237476248949,100.67841744335195,114552.0,5.600000000000023,2.0,5.600000000000023,22.0,0.017955623957932612,5.600000000000023,22.0,0.017955623957932612,3.0,3.0,1.2166361542394357,0.3266816252595959,-0.28163645186012204,68.66373118462256,87.76105565611032,81.30237476248949,100.67841744335195,49.760765550240265,2.7751196172251094,66.79345884567212,0.297045346816242,0.34768316581326975,0.09000000000003183,0.06999999999999318,0.9399999999999977,1.0,27162.0,27162.0,2022-04-26,2022-04-26 18:25:00,0.07561674910993071,60.0,1.0,best_within_2.0d,27221.0,317.15,0.5832424107187206,4.3760036431226785,32.22527881040892,0.012230020343504162,2.285057100371749,15.890706319702602,0.006381710269403211,0.4929364202292669,5.6011759621451125,36.843533123028394,0.015614239272951093,2.82998018927445,22.52492113564669,0.007835530045022196,1.8630914826498424,0.00888575458392095,5.600000000000023,22.0,0.017955623957932612,0.0,1
27162.0,2022-04-26 18:30:00,317.34,317.74,316.89,316.9,218111.0,3a,3a,0.0,sell,False,0.00888575458392095,4.163492493946733,28.239017640954685,0.011578080659927173,1.1422915306327448,-0.13885001053102894,0.43229575478534343,0.001371972166051371,63.841392563686355,85.3890908675142,82.66461346416439,90.83804567421382,218111.0,5.860000000000014,2.0,5.860000000000014,23.0,0.018789277927408022,5.860000000000014,23.0,0.018789277927408022,3.0,3.0,1.1422915306327448,0.43229575478534343,-0.13885001053102894,63.841392563686355,85.3890908675142,82.66461346416439,90.83804567421382,47.358834244080974,2.6411657559200634,68.4107358550041,-0.13865254931619012,0.2682318785698579,0.4000000000000341,0.009999999999990905,0.4399999999999977,0.0,27163.0,27163.0,2022-04-26,2022-04-26 18:30:00,1.517828968128748,384.0,1.0,best_within_2.0d,27546.0,312.09,0.5832424107187206,4.3760036431226785,32.22527881040892,0.012230020343504162,2.285057100371749,15.890706319702602,0.006381710269403211,0.4929364202292669,5.6011759621451125,36.843533123028394,0.015614239272951093,2.82998018927445,22.52492113564669,0.007835530045022196,1.8630914826498424,0.00888575458392095,5.860000000000014,23.0,0.018789277927408022,1.0,1
27180.0,2022-04-27 04:00:00,318.76,320.0,318.76,319.4,94401.0,2s,2s,0.0,sell,False,0.08644222020018087,4.163492493946733,28.239017640954685,0.011578080659927173,0.3684262623251169,0.4061134463431054,0.5903265775056639,0.001866639227106165,77.69086801260153,77.41443404798501,72.4782662343287,87.28676967529762,94401.0,8.120000000000005,1.0,10.990000000000009,144.0,0.03329899406132592,8.120000000000005,41.0,0.026035654739002195,2.0,2.5,0.3684262623251169,0.5903265775056639,0.4061134463431054,77.69086801260153,77.41443404798501,72.4782662343287,87.28676967529762,56.72436750998534,5.326231691078145,46.67061699962905,0.2007780148073743,0.38900740368929887,0.6000000000000227,0.0,0.6399999999999864,1.0,27181.0,27181.0,2022-04-27,2022-04-27 04:00:00,2.2886662492172833,366.0,1.0,best_within_2.0d,27546.0,312.09,0.5832424107187206,4.3760036431226785,32.22527881040892,0.012230020343504162,2.285057100371749,15.890706319702602,0.006381710269403211,0.08644222020018087,10.990000000000009,144.0,0.03329899406132592,8.120000000000005,41.0,0.026035654739002195,2.0,0.00402220134195386,1.9444468750000041,16.553125,0.005470102952261012,0.0,1
27182.0,2022-04-27 04:10:00,319.67,320.53,319.66,320.52,99715.0,2s,2s,0.0,sell,False,0.1346678798908062,4.163492493946733,28.239017640954685,0.011578080659927173,0.7765011763440004,0.5732116172772086,0.9614622054492088,0.0030350332584588085,81.55793433580934,86.94245116847404,79.08811079704266,102.65113191133682,99715.0,8.649999999999977,1.0,10.990000000000009,144.0,0.03329899406132592,8.649999999999977,43.0,0.02773502629216358,2.0,2.5,0.7765011763440004,0.9614622054492088,0.5732116172772086,81.55793433580934,86.94245116847404,79.08811079704266,102.65113191133682,63.21695760598304,4.613466334163848,51.98529448212759,0.2658992085588156,0.2721641744353212,0.009999999999990905,0.009999999999990905,0.8499999999999659,1.0,27183.0,27183.0,2022-04-27,2022-04-27 04:10:00,2.630101085735682,364.0,1.0,best_within_2.0d,27546.0,312.09,0.5832424107187206,4.3760036431226785,32.22527881040892,0.012230020343504162,2.285057100371749,15.890706319702602,0.006381710269403211,0.1346678798908062,10.990000000000009,144.0,0.03329899406132592,8.649999999999977,43.0,0.02773502629216358,2.0,0.00402220134195386,1.9444468750000041,16.553125,0.005470102952261012,0.0,1
27183.0,2022-04-27 04:15:00,320.6,321.0,320.51,320.87,32508.0,2s,2s,0.0,sell,False,0.17743403093721447,4.163492493946733,28.239017640954685,0.011578080659927173,0.9055369619623677,0.6864037375225045,1.1391722185036883,0.003592578730801676,82.57876952982465,90.3921896678716,82.85613708731897,105.46429482897688,32508.0,9.120000000000005,1.0,10.990000000000009,144.0,0.03329899406132592,9.120000000000005,44.0,0.029242016160061578,2.0,2.5,0.9055369619623677,1.1391722185036883,0.6864037375225045,82.57876952982465,90.3921896678716,82.85613708731897,105.46429482897688,65.03667481662441,4.523227383862343,54.48596827570911,0.08421709295071172,0.15288134535584197,0.12999999999999545,0.09000000000003183,0.2699999999999818,1.0,27184.0,27184.0,2022-04-27,2022-04-27 04:15:00,2.736310655405625,363.0,1.0,best_within_2.0d,27546.0,312.09,0.5832424107187206,4.3760036431226785,32.22527881040892,0.012230020343504162,2.285057100371749,15.890706319702602,0.006381710269403211,0.17743403093721447,10.990000000000009,144.0,0.03329899406132592,9.120000000000005,44.0,0.029242016160061578,2.0,0.00402220134195386,1.9444468750000041,16.553125,0.005470102952261012,0.0,1
27184.0,2022-04-27 04:20:00,320.79,321.05,320.46,320.76,29249.0,2s,2s,0.0,sell,False,0.1819836214740672,4.163492493946733,28.239017640954685,0.011578080659927173,0.9123888389304387,0.8004523423888094,1.2566467618540287,0.003959660861656669,81.06010257404199,91.51594006531928,85.74273807998574,103.06234403598637,29249.0,9.170000000000016,1.0,10.990000000000009,144.0,0.03329899406132592,9.170000000000016,45.0,0.02940233423111458,2.0,2.5,0.9123888389304387,1.2566467618540287,0.8004523423888094,81.06010257404199,91.51594006531928,85.74273807998574,103.06234403598637,65.11627906976541,1.83598531211717,57.3452233492515,-0.00935191246610853,0.18411034138427007,0.2599999999999909,0.30000000000001137,0.03000000000002956,0.0,27185.0,27185.0,2022-04-27,2022-04-27 04:20:00,2.7029554807332636,362.0,1.0,best_within_2.0d,27546.0,312.09,0.5832424107187206,4.3760036431226785,32.22527881040892,0.012230020343504162,2.285057100371749,15.890706319702602,0.006381710269403211,0.1819836214740672,10.990000000000009,144.0,0.03329899406132592,9.170000000000016,45.0,0.02940233423111458,2.0,0.00402220134195386,1.9444468750000041,16.553125,0.005470102952261012,1.0,1
27189.0,2022-04-27 04:45:00,319.95,319.95,319.44,319.58,18657.0,2,2,1.0,buy,False,0.17557251908397065,4.163492493946733,28.239017640954685,0.011578080659927173,0.16239826553633296,1.108777068500284,1.1899762012684505,0.0037394994035991336,64.51871732310588,55.464858398011685,73.4326907619942,19.529193670046652,18657.0,1.6100000000000136,1.0,9.170000000000016,45.0,0.02940233423111458,1.6100000000000136,6.0,0.005014795203239413,2.0,2.0,0.16239826553633296,1.1899762012684505,1.108777068500284,64.51871732310588,55.464858398011685,73.4326907619942,19.529193670046652,55.91160220994338,15.138121546960539,63.150870059970394,-0.11564306922956853,0.15965439519158242,0.0,0.13999999999998636,0.37000000000000455,0.0,27190.0,27190.0,2022-04-27,2022-04-27 04:45:00,3.2354965892734318,112.0,1.0,best_within_2.0d,27301.0,329.92,0.17557251908397065,9.170000000000016,45.0,0.02940233423111458,1.6100000000000136,6.0,0.005014795203239413,0.4929364202292669,5.6011759621451125,36.843533123028394,0.015614239272951093,2.82998018927445,22.52492113564669,0.007835530045022196,1.8630914826498424,0.00402220134195386,1.9444468750000041,16.553125,0.005470102952261012,0.0,0
27190.0,2022-04-27 04:50:00,319.47,319.77,319.33,319.75,47181.0,2,2,1.0,buy,False,0.18756815703380855,4.163492493946733,28.239017640954685,0.011578080659927173,0.032532570052519194,1.1128436397568489,1.1291099247831085,0.0035469623092115854,65.70742659848182,45.11610714906223,63.99382955768353,7.360662331819626,47181.0,1.7200000000000273,1.0,9.170000000000016,45.0,0.02940233423111458,1.7200000000000273,7.0,0.0053574209624669905,2.0,2.0,0.032532570052519194,1.1291099247831085,1.1128436397568489,65.70742659848182,45.11610714906223,63.99382955768353,7.360662331819626,52.45365321701099,16.13958560523391,62.42160623215742,0.08764516230005093,0.13778849466069512,0.01999999999998181,0.1400000000000432,0.2799999999999727,1.0,27191.0,27191.0,2022-04-27,2022-04-27 04:50:00,3.1806098514464476,111.0,1.0,best_within_2.0d,27301.0,329.92,0.18756815703380855,9.170000000000016,45.0,0.02940233423111458,1.7200000000000273,7.0,0.0053574209624669905,0.4929364202292669,5.6011759621451125,36.843533123028394,0.015614239272951093,2.82998018927445,22.52492113564669,0.007835530045022196,1.8630914826498424,0.00402220134195386,1.9444468750000041,16.553125,0.005470102952261012,1.0,0
27197.0,2022-04-27 05:25:00,320.0,320.37,319.98,320.14,7200.0,2s,2s,0.0,sell,False,0.12010919017288373,4.163492493946733,28.239017640954685,0.011578080659927173,-0.2593787515361403,0.9338149255879709,0.8041255498199007,0.002520770305140195,67.02185734989332,62.897795105257934,52.792765937449644,83.10785344087452,7200.0,1.0400000000000205,1.0,10.990000000000009,144.0,0.03329899406132592,1.0400000000000205,8.0,0.00325681896470742,3.0,2.5,-0.2593787515361403,0.8041255498199007,0.9338149255879709,67.02185734989332,62.897795105257934,52.792765937449644,83.10785344087452,15.210355987055243,22.977346278316887,49.025708834536246,0.04374999999999574,0.1218826176635997,0.2300000000000182,0.01999999999998181,0.13999999999998636,1.0,27198.0,27198.0,2022-04-27,2022-04-27 05:25:00,2.514524895358284,349.0,1.0,best_within_2.0d,27546.0,312.09,0.5832424107187206,4.3760036431226785,32.22527881040892,0.012230020343504162,2.285057100371749,15.890706319702602,0.006381710269403211,0.12010919017288373,10.990000000000009,144.0,0.03329899406132592,1.0400000000000205,8.0,0.00325681896470742,3.0,0.00402220134195386,1.9444468750000041,16.553125,0.005470102952261012,1.0,1
27204.0,2022-04-27 06:00:00,320.23,320.52,320.23,320.3,6770.0,2s,2s,0.0,sell,False,0.13375796178343669,4.163492493946733,28.239017640954685,0.011578080659927173,-0.24402856458377142,0.667915553284544,0.5459012709926583,0.0017090289766553998,63.47425420192985,66.09232456441163,58.38845873312322,81.50005622698843,6770.0,1.1899999999999977,1.0,10.990000000000009,144.0,0.03329899406132592,1.1899999999999977,15.0,0.0037265524692324486,3.0,2.5,-0.24402856458377142,0.5459012709926583,0.667915553284544,63.47425420192985,66.09232456441163,58.38845873312322,81.50005622698843,26.6199649737316,15.06129597197858,38.78411350398397,0.021859288636290535,0.09055991006462967,0.21999999999997044,0.0,0.06999999999999318,1.0,27205.0,27205.0,2022-04-27,2022-04-27 06:00:00,2.563221979394329,342.0,1.0,best_within_2.0d,27546.0,312.09,0.5832424107187206,4.3760036431226785,32.22527881040892,0.012230020343504162,2.285057100371749,15.890706319702602,0.006381710269403211,0.13375796178343669,10.990000000000009,144.0,0.03329899406132592,1.1899999999999977,15.0,0.0037265524692324486,3.0,0.00402220134195386,1.9444468750000041,16.553125,0.005470102952261012,1.0,1
27209.0,2022-04-27 06:25:00,320.1,320.1,319.88,319.99,6919.0,2s,2s,1.0,buy,False,0.1275899672846253,4.163492493946733,28.239017640954685,0.011578080659927173,-0.24355653474969463,0.5335915274648613,0.41181326009001396,0.0012882807408182368,56.639354272305816,61.453595130990585,65.99961291473306,52.36155956350564,6919.0,0.6399999999999864,1.0,9.170000000000016,45.0,0.02940233423111458,0.6399999999999864,6.0,0.0019967552726818496,1.0,2.5,-0.24355653474969463,0.41181326009001396,0.5335915274648613,56.639354272305816,61.453595130990585,65.99961291473306,52.36155956350564,23.61111111111204,27.546296296296287,29.11627652996314,-0.034364261168389136,0.06877579092160413,0.0,0.11000000000001364,0.11000000000001364,0.0,27210.0,27210.0,2022-04-27,2022-04-27 06:25:00,3.103221975686742,92.0,1.0,best_within_2.0d,27301.0,329.92,0.5832424107187206,4.3760036431226785,32.22527881040892,0.012230020343504162,2.285057100371749,15.890706319702602,0.006381710269403211,0.1275899672846253,9.170000000000016,45.0,0.02940233423111458,0.6399999999999864,6.0,0.0019967552726818496,1.0,0.00402220134195386,1.9444468750000041,16.553125,0.005470102952261012,0.0,0
27210.0,2022-04-27 06:30:00,319.92,319.92,319.8,319.9,9335.0,2s,2s,1.0,buy,False,0.1363140676117773,4.163492493946733,28.239017640954685,0.011578080659927173,-0.2657246832337432,0.5003759420606434,0.3675136004437718,0.0011496339045414489,54.85550543156917,46.74684119843796,59.58202234263469,21.07647891004453,9335.0,0.7199999999999704,1.0,9.170000000000016,45.0,0.02940233423111458,0.7199999999999704,7.0,0.0022463496817670364,1.0,2.5,-0.2657246832337432,0.3675136004437718,0.5003759420606434,54.85550543156917,46.74684119843796,59.58202234263469,21.07647891004453,21.513002364066693,30.02364066193797,28.21609688267205,-0.006251562890734762,0.03752345215759992,0.0,0.0999999999999659,0.020000000000038654,0.0,27211.0,27211.0,2022-04-27,2022-04-27 06:30:00,3.132228821506733,91.0,1.0,best_within_2.0d,27301.0,329.92,0.5832424107187206,4.3760036431226785,32.22527881040892,0.012230020343504162,2.285057100371749,15.890706319702602,0.006381710269403211,0.1363140676117773,9.170000000000016,45.0,0.02940233423111458,0.7199999999999704,7.0,0.0022463496817670364,1.0,0.00402220134195386,1.9444468750000041,16.553125,0.005470102952261012,0.0,0
27213.0,2022-04-27 06:45:00,319.6,320.19,319.5,320.08,32125.0,2s,2s,1.0,buy,False,0.1690294438386051,4.163492493946733,28.239017640954685,0.011578080659927173,-0.24989678675880034,0.4009644510753267,0.2760160576959265,0.0008632625934055715,57.11074333343718,39.53575954870847,43.14760682451894,32.31206499708753,32125.0,1.0199999999999818,1.0,9.170000000000016,45.0,0.02940233423111458,1.0199999999999818,10.0,0.003182328715836709,1.0,2.5,-0.24989678675880034,0.2760160576959265,0.4009644510753267,57.11074333343718,39.53575954870847,43.14760682451894,32.31206499708753,22.588235294116863,27.05882352941087,24.842298773781888,0.1501877346683233,0.21596244131455328,0.11000000000001364,0.10000000000002274,0.47999999999996135,1.0,27214.0,27214.0,2022-04-27,2022-04-27 06:45:00,3.0742314421394754,88.0,1.0,best_within_2.0d,27301.0,329.92,0.5832424107187206,4.3760036431226785,32.22527881040892,0.012230020343504162,2.285057100371749,15.890706319702602,0.006381710269403211,0.1690294438386051,9.170000000000016,45.0,0.02940233423111458,1.0199999999999818,10.0,0.003182328715836709,1.0,0.00402220134195386,1.9444468750000041,16.553125,0.005470102952261012,0.0,0
27216.0,2022-04-27 07:00:00,320.18,320.25,319.25,319.25,79962.0,2s,2s,1.0,buy,False,0.19629225736096054,4.163492493946733,28.239017640954685,0.011578080659927173,-0.2674961572418526,0.3268921372589667,0.1931440586380404,0.000603988701579147,43.00157028304076,40.91650004417573,48.809292003362415,25.130916125802344,79962.0,1.2699999999999818,1.0,9.170000000000016,45.0,0.02940233423111458,1.2699999999999818,13.0,0.003962311244228073,1.0,2.5,-0.2674961572418526,0.1931440586380404,0.3268921372589667,43.00157028304076,40.91650004417573,48.809292003362415,25.130916125802344,22.34848484848378,31.628787878788,23.42712088875357,-0.2904616153413726,0.31323414252153486,0.06999999999999318,0.0,0.9300000000000068,0.0,27217.0,27217.0,2022-04-27,2022-04-27 07:00:00,3.342208300704782,85.0,1.0,best_within_2.0d,27301.0,329.92,0.5832424107187206,4.3760036431226785,32.22527881040892,0.012230020343504162,2.285057100371749,15.890706319702602,0.006381710269403211,0.19629225736096054,9.170000000000016,45.0,0.02940233423111458,1.2699999999999818,13.0,0.003962311244228073,1.0,0.00402220134195386,1.9444468750000041,16.553125,0.005470102952261012,0.0,0
27217.0,2022-04-27 07:05:00,319.31,319.31,318.66,318.66,71989.0,2s,2s,1.0,buy,False,0.26063249727371673,4.163492493946733,28.239017640954685,0.011578080659927173,-0.40460822009486164,0.276316109747109,0.0740119996996782,0.00023150606775828515,36.95528071246893,27.27766669611715,41.63208356761399,-1.4311670468765243,71989.0,1.8599999999999568,1.0,9.170000000000016,45.0,0.02940233423111458,1.8599999999999568,14.0,0.005803070011231614,1.0,2.5,-0.40460822009486164,0.0740119996996782,0.276316109747109,36.95528071246893,27.27766669611715,41.63208356761399,-1.4311670468765243,16.991150442477412,39.999999999999595,24.6375173115179,-0.20356393473426365,0.2039791627439833,0.0,0.0,0.6499999999999773,0.0,27218.0,27218.0,2022-04-27,2022-04-27 07:05:00,3.53354672691897,84.0,1.0,best_within_2.0d,27301.0,329.92,0.5832424107187206,4.3760036431226785,32.22527881040892,0.012230020343504162,2.285057100371749,15.890706319702602,0.006381710269403211,0.26063249727371673,9.170000000000016,45.0,0.02940233423111458,1.8599999999999568,14.0,0.005803070011231614,1.0,0.00402220134195386,1.9444468750000041,16.553125,0.005470102952261012,0.0,0
27218.0,2022-04-27 07:10:00,318.6,318.87,318.59,318.87,40543.0,2s,2s,1.0,buy,False,0.2682660850599817,4.163492493946733,28.239017640954685,0.011578080659927173,-0.4475719969618159,0.22036961012688203,-0.003416388354025912,-1.0688352967472155e-05,40.17937363541924,22.92284378725958,35.395670307495855,-2.0228092532129693,40543.0,1.9300000000000068,1.0,9.170000000000016,45.0,0.02940233423111458,1.9300000000000068,15.0,0.006021465119181352,1.0,2.5,-0.4475719969618159,-0.003416388354025912,0.22036961012688203,40.17937363541924,22.92284378725958,35.395670307495855,-2.0228092532129693,12.792792792792268,41.9819819819822,26.684085623853207,0.08474576271185869,0.08788725320946345,0.0,0.010000000000047748,0.2699999999999818,1.0,27219.0,27219.0,2022-04-27,2022-04-27 07:10:00,3.465362059773579,83.0,1.0,best_within_2.0d,27301.0,329.92,0.5832424107187206,4.3760036431226785,32.22527881040892,0.012230020343504162,2.285057100371749,15.890706319702602,0.006381710269403211,0.2682660850599817,9.170000000000016,45.0,0.02940233423111458,1.9300000000000068,15.0,0.006021465119181352,1.0,0.00402220134195386,1.9444468750000041,16.553125,0.005470102952261012,0.0,0
27219.0,2022-04-27 07:15:00,318.87,318.89,318.36,318.44,19519.0,2s,2s,1.0,buy,False,0.2933478735005445,4.163492493946733,28.239017640954685,0.011578080659927173,-0.509939722521497,0.1566271448116949,-0.09834271644905357,-0.00030775576687694064,36.10753532651979,16.49401707029403,29.09511922842858,-8.708187245975068,19519.0,2.159999999999968,1.0,9.170000000000016,45.0,0.02940233423111458,2.159999999999968,16.0,0.006739049045301287,1.0,2.5,-0.509939722521497,-0.09834271644905357,0.1566271448116949,36.10753532651979,16.49401707029403,29.09511922842858,-8.708187245975068,12.095400340715145,43.270868824530865,28.80005752984175,-0.1348511932762589,0.16647820077898376,0.01999999999998181,0.07999999999998408,0.4300000000000068,0.0,27220.0,27220.0,2022-04-27,2022-04-27 07:15:00,3.6050747393543583,82.0,1.0,best_within_2.0d,27301.0,329.92,0.5832424107187206,4.3760036431226785,32.22527881040892,0.012230020343504162,2.285057100371749,15.890706319702602,0.006381710269403211,0.2933478735005445,9.170000000000016,45.0,0.02940233423111458,2.159999999999968,16.0,0.006739049045301287,1.0,0.00402220134195386,1.9444468750000041,16.553125,0.005470102952261012,0.0,0
27220.0,2022-04-27 07:20:00,318.41,318.49,317.66,317.83,63520.0,2s,2s,1.0,buy,False,0.3696837513631385,4.163492493946733,28.239017640954685,0.011578080659927173,-0.6030121511697892,0.08125062591547125,-0.22025544966942334,-0.0006895466386746911,31.266746695871262,12.950034368701312,23.713424275186156,-8.576745444268376,63520.0,2.859999999999957,1.0,9.170000000000016,45.0,0.02940233423111458,2.859999999999957,17.0,0.00892300012479707,1.0,2.5,-0.6030121511697892,-0.22025544966942334,0.08125062591547125,31.266746695871262,12.950034368701312,23.713424275186156,-8.576745444268376,10.42944785276087,49.69325153374174,31.407633595494406,-0.18215508306901193,0.26128565132531134,0.07999999999998408,0.16999999999995907,0.5800000000000409,0.0,27221.0,27221.0,2022-04-27,2022-04-27 07:20:00,3.80392033477017,81.0,1.0,best_within_2.0d,27301.0,329.92,0.5832424107187206,4.3760036431226785,32.22527881040892,0.012230020343504162,2.285057100371749,15.890706319702602,0.006381710269403211,0.3696837513631385,9.170000000000016,45.0,0.02940233423111458,2.859999999999957,17.0,0.00892300012479707,1.0,0.00402220134195386,1.9444468750000041,16.553125,0.005470102952261012,0.0,0
27221.0,2022-04-27 07:25:00,317.83,317.87,317.12,317.15,84647.0,2s,2s,1.0,buy,False,0.42857142857142855,4.163492493946733,28.239017640954685,0.011578080659927173,-0.7180107686254104,-0.008500720162705044,-0.3675061044754102,-0.0011511456790916552,26.932112471861487,8.924053920219214,18.78363415686384,-10.795106553070042,84647.0,3.3999999999999773,1.0,9.170000000000016,45.0,0.02940233423111458,3.3999999999999773,18.0,0.010607762386122481,1.0,2.5,-0.7180107686254104,-0.3675061044754102,-0.008500720162705044,26.932112471861487,8.924053920219214,18.78363415686384,-10.795106553070042,9.68660968660981,51.424501424501756,34.0426860742711,-0.213950854230251,0.23650353178607467,0.040000000000020464,0.029999999999972715,0.6800000000000068,0.0,27222.0,27222.0,2022-04-27,2022-04-27 07:25:00,4.026485889957446,80.0,1.0,best_within_2.0d,27301.0,329.92,0.5832424107187206,4.3760036431226785,32.22527881040892,0.012230020343504162,2.285057100371749,15.890706319702602,0.006381710269403211,0.42857142857142855,9.170000000000016,45.0,0.02940233423111458,3.3999999999999773,18.0,0.010607762386122481,1.0,0.00402220134195386,1.9444468750000041,16.553125,0.005470102952261012,0.0,0
27222.0,2022-04-27 07:30:00,317.11,317.6,317.07,317.5,46270.0,2s,2s,1.0,buy,False,0.4340239912759009,4.163492493946733,28.239017640954685,0.011578080659927173,-0.7076229996467349,-0.09695359511854693,-0.4507650949419144,-0.0014125135930081838,32.14630516435501,10.056341581960904,15.874536631896195,-1.5800485179096775,46270.0,3.4499999999999886,1.0,9.170000000000016,45.0,0.02940233423111458,3.4499999999999886,19.0,0.01076375889180079,1.0,2.5,-0.7076229996467349,-0.4507650949419144,-0.09695359511854693,32.14630516435501,10.056341581960904,15.874536631896195,-1.5800485179096775,9.164420485175274,48.78706199460912,36.494786570627134,0.1229857147362071,0.16715551770903256,0.10000000000002274,0.040000000000020464,0.38999999999998636,1.0,27223.0,27223.0,2022-04-27,2022-04-27 07:30:00,3.911811023622052,79.0,1.0,best_within_2.0d,27301.0,329.92,0.5832424107187206,4.3760036431226785,32.22527881040892,0.012230020343504162,2.285057100371749,15.890706319702602,0.006381710269403211,0.4340239912759009,9.170000000000016,45.0,0.02940233423111458,3.4499999999999886,19.0,0.01076375889180079,1.0,0.00402220134195386,1.9444468750000041,16.553125,0.005470102952261012,1.0,0
27248.0,2022-04-27 09:40:00,319.88,321.65,319.6,321.63,1694232.0,1p,1p,0.0,sell,False,11.758214798182387,5.1299999999999955,6.0,0.016207506634651824,0.9081086555697393,-0.2119052166551496,0.24214911112972004,0.0007609223368379912,74.47609593858357,75.2567652682838,53.19617383210585,119.3779481406397,1694232.0,5.1299999999999955,0.0,5.1299999999999955,6.0,0.016207506634651824,5.1299999999999955,0.0,0.0,1.0,1.0,0.9081086555697393,0.24214911112972004,-0.2119052166551496,74.47609593858357,75.2567652682838,53.19617383210585,119.3779481406397,42.357396764227374,9.880070429553726,35.68776003799371,0.5470801550581469,0.6414267834793349,0.01999999999998181,0.2799999999999727,1.75,1.0,27249.0,27249.0,2022-04-27,2022-04-27 09:40:00,2.966141218169953,298.0,1.0,best_within_2.0d,27546.0,312.09,0.5832424107187206,4.3760036431226785,32.22527881040892,0.012230020343504162,2.285057100371749,15.890706319702602,0.006381710269403211,0.4929364202292669,5.6011759621451125,36.843533123028394,0.015614239272951093,2.82998018927445,22.52492113564669,0.007835530045022196,1.8630914826498424,0.00402220134195386,1.9444468750000041,16.553125,0.005470102952261012,0.0,1
27249.0,2022-04-27 09:45:00,321.63,322.51,321.13,322.14,1708494.0,1p,1p,0.0,sell,False,15.09483011425982,5.990000000000009,7.0,0.018924554530519427,1.1658016217932228,-0.06618001393099675,0.5167207969656147,0.0016222523757099597,76.22388377042827,81.44552297796547,62.61262354739239,119.11132183911161,1708494.0,5.990000000000009,0.0,5.990000000000009,7.0,0.018924554530519427,5.990000000000009,0.0,0.0,1.0,1.0,1.1658016217932228,0.5167207969656147,-0.06618001393099675,76.22388377042827,81.44552297796547,62.61262354739239,119.11132183911161,46.92765582186416,9.36663412175982,37.90453531046014,0.15856729782669246,0.4297325070843569,0.37000000000000455,0.5,0.5099999999999909,1.0,27250.0,27250.0,2022-04-27,2022-04-27 09:45:00,3.119761594337869,297.0,1.0,best_within_2.0d,27546.0,312.09,0.5832424107187206,4.3760036431226785,32.22527881040892,0.012230020343504162,2.285057100371749,15.890706319702602,0.006381710269403211,0.4929364202292669,5.6011759621451125,36.843533123028394,0.015614239272951093,2.82998018927445,22.52492113564669,0.007835530045022196,1.8630914826498424,0.00402220134195386,1.9444468750000041,16.553125,0.005470102952261012,0.0,1
27250.0,2022-04-27 09:50:00,322.14,322.88,321.11,321.43,1704438.0,1p,1p,0.0,sell,False,15.237120248168226,6.360000000000014,8.0,0.020093516997346184,1.1767909517571877,0.08091885503865172,0.6693143309172456,0.0020999011762296792,69.12708179095783,80.03076793918879,68.41867167799118,103.254960461584,1704438.0,6.360000000000014,0.0,6.360000000000014,8.0,0.020093516997346184,6.360000000000014,0.0,0.0,1.0,1.0,1.1767909517571877,0.6693143309172456,0.08091885503865172,69.12708179095783,80.03076793918879,68.41867167799118,103.254960461584,44.60303300624478,8.558027107133501,40.040168457719496,-0.22040106785868865,0.5512129799757036,0.7400000000000091,0.3199999999999932,0.7099999999999795,0.0,27251.0,27251.0,2022-04-27,2022-04-27 09:50:00,2.9057648632672843,296.0,1.0,best_within_2.0d,27546.0,312.09,0.5832424107187206,4.3760036431226785,32.22527881040892,0.012230020343504162,2.285057100371749,15.890706319702602,0.006381710269403211,0.4929364202292669,5.6011759621451125,36.843533123028394,0.015614239272951093,2.82998018927445,22.52492113564669,0.007835530045022196,1.8630914826498424,0.00402220134195386,1.9444468750000041,16.553125,0.005470102952261012,1.0,1
27264.0,2022-04-27 11:00:00,317.84,320.19,317.8,319.18,1438036.0,2,2,0.0,sell,False,0.6586294416243655,4.163492493946733,28.239017640954685,0.011578080659927173,0.16217033004562342,-0.11855681066086143,-0.03747164563804972,-0.00011775883326146855,54.569253063158776,66.1492839091146,54.42387729151683,89.60009714431013,1438036.0,5.189999999999998,1.0,7.8799999999999955,9.0,0.024405351833498498,5.189999999999998,7.0,0.01647619047619047,2.0,2.0,0.16217033004562342,-0.03747164563804972,-0.11855681066086143,54.569253063158776,66.1492839091146,54.42387729151683,89.60009714431013,24.006298426684054,30.889824857274018,22.35216039410601,0.4215957714573471,0.7520453115166729,1.009999999999991,0.03999999999996362,1.3400000000000318,1.0,27265.0,27265.0,2022-04-27,2022-04-27 11:00:00,2.221317125133164,282.0,1.0,best_within_2.0d,27546.0,312.09,0.6586294416243655,7.8799999999999955,9.0,0.024405351833498498,5.189999999999998,7.0,0.01647619047619047,0.4929364202292669,5.6011759621451125,36.843533123028394,0.015614239272951093,2.82998018927445,22.52492113564669,0.007835530045022196,1.8630914826498424,0.00402220134195386,1.9444468750000041,16.553125,0.005470102952261012,1.0,1
27270.0,2022-04-27 11:30:00,319.32,320.64,319.32,320.54,1038859.0,2,2,0.0,sell,False,0.7157360406091358,4.163492493946733,28.239017640954685,0.011578080659927173,0.4711556142174313,0.0926593206014518,0.32823712771016744,0.0010302417083181414,60.90514062052773,77.28445294337062,69.86893660994735,92.11548561021715,1038859.0,5.639999999999986,1.0,7.8799999999999955,9.0,0.024405351833498498,5.639999999999986,13.0,0.01790476190476186,2.0,2.0,0.4711556142174313,0.32823712771016744,0.0926593206014518,60.90514062052773,77.28445294337062,69.86893660994735,92.11548561021715,28.43068261787452,11.072015012901423,22.752212744702472,0.3820618814981922,0.4133784291619671,0.0999999999999659,0.0,1.2200000000000273,1.0,27271.0,27271.0,2022-04-27,2022-04-27 11:30:00,2.6361764522368643,276.0,1.0,best_within_2.0d,27546.0,312.09,0.7157360406091358,7.8799999999999955,9.0,0.024405351833498498,5.639999999999986,13.0,0.01790476190476186,0.4929364202292669,5.6011759621451125,36.843533123028394,0.015614239272951093,2.82998018927445,22.52492113564669,0.007835530045022196,1.8630914826498424,0.00402220134195386,1.9444468750000041,16.553125,0.005470102952261012,0.0,1
27271.0,2022-04-27 11:35:00,320.53,320.7,319.89,319.9621,617294.0,2,2,0.0,sell,False,0.7233502538071056,4.163492493946733,28.239017640954685,0.011578080659927173,0.4697171649978438,0.15137396622618227,0.38623254872510415,0.0012118894071511395,57.2034397767064,77.02296862891404,72.25361394960291,86.56167798753631,617294.0,5.699999999999989,1.0,7.8799999999999955,9.0,0.024405351833498498,5.699999999999989,14.0,0.01809523809523806,2.0,2.0,0.4697171649978438,0.38623254872510415,0.15137396622618227,57.2034397767064,77.02296862891404,72.25361394960291,86.56167798753631,29.88281249999983,9.912109374999803,24.711629625777665,-0.17717530340372256,0.2532120416393142,0.17000000000001592,0.07210000000003447,0.5678999999999519,0.0,27272.0,27272.0,2022-04-27,2022-04-27 11:35:00,2.4603226444632176,275.0,1.0,best_within_2.0d,27546.0,312.09,0.7233502538071056,7.8799999999999955,9.0,0.024405351833498498,5.699999999999989,14.0,0.01809523809523806,0.4929364202292669,5.6011759621451125,36.843533123028394,0.015614239272951093,2.82998018927445,22.52492113564669,0.007835530045022196,1.8630914826498424,0.00402220134195386,1.9444468750000041,16.553125,0.005470102952261012,1.0,1
27280.0,2022-04-27 12:20:00,319.43,321.7397,319.16,321.4,1016455.0,2,2,0.0,sell,False,0.8552918781725928,4.163492493946733,28.239017640954685,0.011578080659927173,0.27214380697330953,0.269962201291034,0.40603410477768875,0.0012724536261335846,63.37411483488257,66.26647442230711,56.115335531938186,86.56875220304497,1016455.0,6.739700000000028,1.0,7.8799999999999955,9.0,0.024405351833498498,6.739700000000028,23.0,0.021395873015873104,2.0,2.0,0.27214380697330953,0.40603410477768875,0.269962201291034,63.37411483488257,66.26647442230711,56.115335531938186,86.56875220304497,23.019513511341085,15.730220969417822,21.74052443451893,0.6167235388034845,0.8082779796967046,0.3397000000000503,0.2699999999999818,1.9699999999999704,1.0,27281.0,27281.0,2022-04-27,2022-04-27 12:20:00,2.8967019290603617,266.0,1.0,best_within_2.0d,27546.0,312.09,0.8552918781725928,7.8799999999999955,9.0,0.024405351833498498,6.739700000000028,23.0,0.021395873015873104,0.4929364202292669,5.6011759621451125,36.843533123028394,0.015614239272951093,2.82998018927445,22.52492113564669,0.007835530045022196,1.8630914826498424,0.00402220134195386,1.9444468750000041,16.553125,0.005470102952261012,0.0,1
27281.0,2022-04-27 12:25:00,321.4,321.98,321.22,321.7973,591596.0,2,2,0.0,sell,False,0.8857868020304597,4.163492493946733,28.239017640954685,0.011578080659927173,0.46262548241357293,0.32779038659273063,0.5591031277995171,0.001751052078277485,64.97621816937175,76.10775714175305,62.77947606854314,102.7643192881729,591596.0,6.980000000000018,1.0,7.8799999999999955,9.0,0.024405351833498498,6.980000000000018,24.0,0.022158730158730218,2.0,2.0,0.46262548241357293,0.5591031277995171,0.32779038659273063,64.97621816937175,76.10775714175305,62.77947606854314,102.7643192881729,23.963888081524296,16.25273597608351,21.557204210477185,0.12361543248289664,0.236597970238463,0.1827000000000112,0.17999999999994998,0.39730000000002974,1.0,27282.0,27282.0,2022-04-27,2022-04-27 12:25:00,3.016588392755325,265.0,1.0,best_within_2.0d,27546.0,312.09,0.8857868020304597,7.8799999999999955,9.0,0.024405351833498498,6.980000000000018,24.0,0.022158730158730218,0.4929364202292669,5.6011759621451125,36.843533123028394,0.015614239272951093,2.82998018927445,22.52492113564669,0.007835530045022196,1.8630914826498424,0.00402220134195386,1.9444468750000041,16.553125,0.005470102952261012,0.0,1
27282.0,2022-04-27 12:30:00,321.85,322.0799,321.38,321.68,487896.0,2,2,0.0,sell,False,0.8984644670050779,4.163492493946733,28.239017640954685,0.011578080659927173,0.536815685394289,0.3948923472670168,0.6633001899641613,0.002076237774064223,64.08492130086645,81.06951822243283,68.87615678650636,105.45624109428579,487896.0,7.079900000000009,1.0,7.8799999999999955,9.0,0.024405351833498498,7.079900000000009,25.0,0.022475873015873046,2.0,2.0,0.536815685394289,0.6633001899641613,0.3948923472670168,64.08492130086645,81.06951822243283,68.87615678650636,105.45624109428579,26.320842287297868,14.559464923769491,22.07242365009352,-0.052819636476624486,0.2177795755803142,0.22989999999998645,0.30000000000001137,0.17000000000001592,0.0,27283.0,27283.0,2022-04-27,2022-04-27 12:30:00,2.9812235762248296,264.0,1.0,best_within_2.0d,27546.0,312.09,0.8984644670050779,7.8799999999999955,9.0,0.024405351833498498,7.079900000000009,25.0,0.022475873015873046,0.4929364202292669,5.6011759621451125,36.843533123028394,0.015614239272951093,2.82998018927445,22.52492113564669,0.007835530045022196,1.8630914826498424,0.00402220134195386,1.9444468750000041,16.553125,0.005470102952261012,0.0,1
27284.0,2022-04-27 12:40:00,321.48,322.29,321.086,321.705,650226.0,2,2,0.0,sell,False,0.9251269035533026,4.163492493946733,28.239017640954685,0.011578080659927173,0.5012714800000695,0.5217405381770568,0.7723762781770915,0.002415408350065643,63.39391721317832,84.039975786949,76.92501411433449,98.26989913217801,650226.0,7.2900000000000205,1.0,7.8799999999999955,9.0,0.024405351833498498,7.2900000000000205,27.0,0.023142857142857208,2.0,2.0,0.5012714800000695,0.7723762781770915,0.5217405381770568,63.39391721317832,84.039975786949,76.92501411433449,98.26989913217801,24.714946680199834,17.531603021235696,21.63588917496602,0.0699888017917027,0.37497742037958914,0.5850000000000364,0.39400000000000546,0.2249999999999659,1.0,27285.0,27285.0,2022-04-27,2022-04-27 12:40:00,2.9887629971557823,262.0,1.0,best_within_2.0d,27546.0,312.09,0.9251269035533026,7.8799999999999955,9.0,0.024405351833498498,7.2900000000000205,27.0,0.023142857142857208,0.4929364202292669,5.6011759621451125,36.843533123028394,0.015614239272951093,2.82998018927445,22.52492113564669,0.007835530045022196,1.8630914826498424,0.00402220134195386,1.9444468750000041,16.553125,0.005470102952261012,1.0,1
27301.0,2022-04-27 14:05:00,329.62,330.04,329.29,329.92,764778.0,1,1,0.0,sell,False,2.571332965886254,7.53000000000003,51.0,0.023348113236798952,0.3821122855363521,0.7276069411220045,0.9186630838901806,0.0028036996534742224,66.13295284416083,91.55872543298842,86.4825941885299,101.71098792190548,764778.0,7.53000000000003,1.0,7.53000000000003,51.0,0.023348113236798952,7.53000000000003,51.0,0.023348113236798952,1.0,1.0,0.3821122855363521,0.9186630838901806,0.7276069411220045,66.13295284416083,91.55872543298842,86.4825941885299,101.71098792190548,27.472527472527393,19.780219780219905,20.430627040943154,0.09101389478794107,0.22776276230678125,0.12000000000000455,0.3299999999999841,0.30000000000001137,1.0,27302.0,27302.0,2022-04-27,2022-04-27 14:05:00,5.4043404461687805,245.0,1.0,best_within_2.0d,27546.0,312.09,0.5832424107187206,4.3760036431226785,32.22527881040892,0.012230020343504162,2.285057100371749,15.890706319702602,0.006381710269403211,0.4929364202292669,5.6011759621451125,36.843533123028394,0.015614239272951093,2.82998018927445,22.52492113564669,0.007835530045022196,1.8630914826498424,0.00402220134195386,1.9444468750000041,16.553125,0.005470102952261012,0.0,1
27326.0,2022-04-27 16:10:00,318.82,319.64,318.64,319.25,387896.0,2s,2s,0.0,sell,False,0.5888324873096433,4.163492493946733,28.239017640954685,0.011578080659927173,0.46494279460078825,-0.6493679528343183,-0.41689655553392413,-0.0013101836621979286,57.61152184012966,62.701002085617375,45.735970103714536,96.63106604942305,387896.0,3.5299999999999727,1.0,7.8799999999999955,9.0,0.024405351833498498,3.5299999999999727,5.0,0.011166998829521282,1.0,2.5,0.46494279460078825,-0.41689655553392413,-0.6493679528343183,57.61152184012966,62.701002085617375,45.735970103714536,96.63106604942305,22.662691289664643,11.561045361890876,39.63254254842611,0.13487234176024304,0.3138337936228973,0.38999999999998636,0.18000000000000682,0.4300000000000068,1.0,27327.0,27327.0,2022-04-27,2022-04-27 16:10:00,2.2427564604541974,220.0,1.0,best_within_2.0d,27546.0,312.09,0.5832424107187206,4.3760036431226785,32.22527881040892,0.012230020343504162,2.285057100371749,15.890706319702602,0.006381710269403211,0.5888324873096433,7.8799999999999955,9.0,0.024405351833498498,3.5299999999999727,5.0,0.011166998829521282,1.0,0.00402220134195386,1.9444468750000041,16.553125,0.005470102952261012,0.0,1
27327.0,2022-04-27 16:15:00,319.19,319.82,316.76,319.3,314873.0,2s,2s,0.0,sell,False,0.6116751269035527,4.163492493946733,28.239017640954685,0.011578080659927173,0.6153523309125268,-0.5724489114702525,-0.26477274601398904,-0.0008318895251557175,57.9246996435975,70.46194388816554,53.9779613651982,103.42990893410021,314873.0,3.7099999999999795,1.0,7.8799999999999955,9.0,0.024405351833498498,3.7099999999999795,6.0,0.011736420866154122,1.0,2.5,0.6153523309125268,-0.26477274601398904,-0.5724489114702525,57.9246996435975,70.46194388816554,53.9779613651982,103.42990893410021,20.100380474378404,20.399902857605124,36.85447209969855,0.03446223252608592,0.9660310645283502,0.5199999999999818,2.430000000000007,0.11000000000001364,1.0,27328.0,27328.0,2022-04-27,2022-04-27 16:15:00,2.2580645161290436,219.0,1.0,best_within_2.0d,27546.0,312.09,0.5832424107187206,4.3760036431226785,32.22527881040892,0.012230020343504162,2.285057100371749,15.890706319702602,0.006381710269403211,0.6116751269035527,7.8799999999999955,9.0,0.024405351833498498,3.7099999999999795,6.0,0.011736420866154122,1.0,0.00402220134195386,1.9444468750000041,16.553125,0.005470102952261012,0.0,1
27329.0,2022-04-27 16:25:00,319.65,319.84,319.47,319.73,183882.0,2s,2s,0.0,sell,False,0.6142131979695403,4.163492493946733,28.239017640954685,0.011578080659927173,0.7872025431524239,-0.3823292359253644,0.011272035650847556,3.539312107520592e-05,60.65094661445691,84.9305837376498,69.8271566165432,115.137437979863,183882.0,3.7299999999999613,1.0,7.8799999999999955,9.0,0.024405351833498498,3.7299999999999613,8.0,0.011799689981335489,1.0,2.5,0.7872025431524239,0.011272035650847556,-0.3823292359253644,60.65094661445691,84.9305837376498,69.8271566165432,115.137437979863,21.79828868003923,20.80703230934641,32.04205959553288,0.025027373689986213,0.1158168216107765,0.1099999999999568,0.17999999999994998,0.08000000000004093,1.0,27330.0,27330.0,2022-04-27,2022-04-27 16:25:00,2.389516154255166,217.0,1.0,best_within_2.0d,27546.0,312.09,0.5832424107187206,4.3760036431226785,32.22527881040892,0.012230020343504162,2.285057100371749,15.890706319702602,0.006381710269403211,0.6142131979695403,7.8799999999999955,9.0,0.024405351833498498,3.7299999999999613,8.0,0.011799689981335489,1.0,0.00402220134195386,1.9444468750000041,16.553125,0.005470102952261012,0.0,1
27330.0,2022-04-27 16:30:00,319.75,320.2,319.75,320.15,164922.0,2s,2s,0.0,sell,False,0.6598984771573594,4.163492493946733,28.239017640954685,0.011578080659927173,0.84001413957398,-0.2773274684786169,0.1426796013083731,0.0004478265507754005,63.31059495969302,89.54622452925625,76.40017925411422,115.83831507954028,164922.0,4.089999999999975,1.0,7.8799999999999955,9.0,0.024405351833498498,4.089999999999975,9.0,0.012938534054601167,1.0,2.5,0.84001413957398,0.1426796013083731,-0.2773274684786169,63.31059495969302,89.54622452925625,76.40017925411422,115.83831507954028,24.489209322379043,20.000479053390315,30.47401049876391,0.12509773260358945,0.14073494917904256,0.05000000000001137,0.0,0.39999999999997726,1.0,27331.0,27331.0,2022-04-27,2022-04-27 16:30:00,2.5175698891144784,216.0,1.0,best_within_2.0d,27546.0,312.09,0.5832424107187206,4.3760036431226785,32.22527881040892,0.012230020343504162,2.285057100371749,15.890706319702602,0.006381710269403211,0.6598984771573594,7.8799999999999955,9.0,0.024405351833498498,4.089999999999975,9.0,0.012938534054601167,1.0,0.00402220134195386,1.9444468750000041,16.553125,0.005470102952261012,0.0,1
27331.0,2022-04-27 16:35:00,320.17,320.5,320.07,320.4,208530.0,2s,2s,0.0,sell,False,0.6979695431472085,4.163492493946733,28.239017640954685,0.011578080659927173,0.8660460109211037,-0.16907171711347893,0.26395128834707293,0.0008281146958011976,64.83424516742718,92.23145584124659,81.677271449825,113.33982462408974,208530.0,4.389999999999986,1.0,7.8799999999999955,9.0,0.024405351833498498,4.389999999999986,10.0,0.013887570782322566,1.0,2.5,0.8660460109211037,0.26395128834707293,-0.16907171711347893,64.83424516742718,92.23145584124659,81.677271449825,113.33982462408974,25.514593307249424,20.292109164256544,29.111662273048314,0.0718368366805014,0.13434561189739957,0.10000000000002274,0.10000000000002274,0.22999999999996135,1.0,27332.0,27332.0,2022-04-27,2022-04-27 16:35:00,2.593632958801499,215.0,1.0,best_within_2.0d,27546.0,312.09,0.5832424107187206,4.3760036431226785,32.22527881040892,0.012230020343504162,2.285057100371749,15.890706319702602,0.006381710269403211,0.6979695431472085,7.8799999999999955,9.0,0.024405351833498498,4.389999999999986,10.0,0.013887570782322566,1.0,0.00402220134195386,1.9444468750000041,16.553125,0.005470102952261012,0.0,1
27332.0,2022-04-27 16:40:00,320.44,320.5,320.18,320.35,281724.0,2s,2s,0.0,sell,False,0.6979695431472085,4.163492493946733,28.239017640954685,0.011578080659927173,0.8336637433568461,-0.06486374919387317,0.3519681224845499,0.001103843053348596,64.25947206251915,93.62192979344515,85.6588242310317,109.54814091827205,281724.0,4.389999999999986,1.0,7.8799999999999955,9.0,0.024405351833498498,4.389999999999986,11.0,0.013887570782322566,1.0,2.5,0.8336637433568461,0.3519681224845499,-0.06486374919387317,64.25947206251915,93.62192979344515,85.6588242310317,109.54814091827205,25.23236058364989,20.862482510493578,27.709414155552746,-0.028086381225806704,0.09994378162283503,0.060000000000002274,0.17000000000001592,0.08999999999997499,0.0,27333.0,27333.0,2022-04-27,2022-04-27 16:40:00,2.5784298423599337,214.0,1.0,best_within_2.0d,27546.0,312.09,0.5832424107187206,4.3760036431226785,32.22527881040892,0.012230020343504162,2.285057100371749,15.890706319702602,0.006381710269403211,0.6979695431472085,7.8799999999999955,9.0,0.024405351833498498,4.389999999999986,11.0,0.013887570782322566,1.0,0.00402220134195386,1.9444468750000041,16.553125,0.005470102952261012,0.0,1
27333.0,2022-04-27 16:45:00,320.33,321.19,320.28,321.06,219821.0,2s,2s,0.0,sell,False,0.7855329949238581,4.163492493946733,28.239017640954685,0.011578080659927173,0.8614689178666554,0.042819865539458754,0.47355432447278645,0.001484402238854303,68.52636642835635,94.80592421012288,88.70785755739541,107.0020575155778,219821.0,5.079999999999984,1.0,7.8799999999999955,9.0,0.024405351833498498,5.079999999999984,12.0,0.016070355256081692,1.0,2.5,0.8614689178666554,0.47355432447278645,0.042819865539458754,68.52636642835635,94.80592421012288,88.70785755739541,107.0020575155778,30.202559452348726,16.53937520754025,27.81810639621987,0.22788998844941724,0.28412638940927476,0.12999999999999545,0.05000000000001137,0.7300000000000182,1.0,27334.0,27334.0,2022-04-27,2022-04-27 16:45:00,2.793870304615968,213.0,1.0,best_within_2.0d,27546.0,312.09,0.5832424107187206,4.3760036431226785,32.22527881040892,0.012230020343504162,2.285057100371749,15.890706319702602,0.006381710269403211,0.7855329949238581,7.8799999999999955,9.0,0.024405351833498498,5.079999999999984,12.0,0.016070355256081692,1.0,0.00402220134195386,1.9444468750000041,16.553125,0.005470102952261012,0.0,1
27334.0,2022-04-27 16:50:00,321.06,321.27,316.76,320.79,615755.0,2s,2s,0.0,sell,False,0.7956852791878154,4.163492493946733,28.239017640954685,0.011578080659927173,0.7984947388464174,0.14263170789526095,0.5418790773184696,0.0016978751355733127,65.33212448784747,92.9896109663941,90.1351086937283,98.6986155117257,615755.0,5.159999999999968,1.0,7.8799999999999955,9.0,0.024405351833498498,5.159999999999968,13.0,0.01632343171680734,1.0,2.5,0.7984947388464174,0.5418790773184696,0.14263170789526095,65.33212448784747,92.9896109663941,90.1351086937283,98.6986155117257,23.227966265370377,32.77967338354882,27.049262601342832,-0.08409643057371888,1.4237908826872052,0.20999999999997954,4.03000000000003,0.2699999999999818,0.0,27335.0,27335.0,2022-04-27,2022-04-27 16:50:00,2.712054615168816,212.0,1.0,best_within_2.0d,27546.0,312.09,0.5832424107187206,4.3760036431226785,32.22527881040892,0.012230020343504162,2.285057100371749,15.890706319702602,0.006381710269403211,0.7956852791878154,7.8799999999999955,9.0,0.024405351833498498,5.159999999999968,13.0,0.01632343171680734,1.0,0.00402220134195386,1.9444468750000041,16.553125,0.005470102952261012,1.0,1
27343.0,2022-04-27 17:35:00,321.15,321.39,321.1,321.35,18386.0,2s,2s,0.0,sell,False,0.8109137055837551,4.163492493946733,28.239017640954685,0.011578080659927173,0.16683631956827338,0.5828120748955511,0.6662302346796878,0.002081507218815809,67.91452555376083,94.89598718749725,93.4213109592973,97.84533964389715,18386.0,5.279999999999973,1.0,7.8799999999999955,9.0,0.024405351833498498,5.279999999999973,22.0,0.0167030464078959,1.0,2.5,0.16683631956827338,0.6662302346796878,0.5828120748955511,67.91452555376083,94.89598718749725,93.4213109592973,97.84533964389715,20.85152838427982,40.72052401746697,29.77427756515206,0.06227619492450428,0.09031454375582797,0.03999999999996362,0.049999999999954525,0.20000000000004547,1.0,27344.0,27344.0,2022-04-27,2022-04-27 17:35:00,2.8815932783569465,203.0,1.0,best_within_2.0d,27546.0,312.09,0.5832424107187206,4.3760036431226785,32.22527881040892,0.012230020343504162,2.285057100371749,15.890706319702602,0.006381710269403211,0.8109137055837551,7.8799999999999955,9.0,0.024405351833498498,5.279999999999973,22.0,0.0167030464078959,1.0,0.00402220134195386,1.9444468750000041,16.553125,0.005470102952261012,0.0,1
27344.0,2022-04-27 17:40:00,321.3,321.58,321.3,321.5,87751.0,2s,2s,0.0,sell,False,0.8350253807106583,4.163492493946733,28.239017640954685,0.011578080659927173,0.15185636387489954,0.6017941203799135,0.6777223023173633,0.002116711963378564,69.17988288027823,94.29847421695258,93.71369871184906,95.46802522715964,87751.0,5.46999999999997,1.0,7.8799999999999955,9.0,0.024405351833498498,5.46999999999997,23.0,0.01730410300211942,1.0,2.5,0.15185636387489954,0.6777223023173633,0.6017941203799135,69.17988288027823,94.29847421695258,93.71369871184906,95.46802522715964,19.397993311036956,41.58305462653259,30.24613316346251,0.06224712107064694,0.08714596949890219,0.07999999999998408,0.0,0.19999999999998863,1.0,27345.0,27345.0,2022-04-27,2022-04-27 17:40:00,2.9269051321928536,202.0,1.0,best_within_2.0d,27546.0,312.09,0.5832424107187206,4.3760036431226785,32.22527881040892,0.012230020343504162,2.285057100371749,15.890706319702602,0.006381710269403211,0.8350253807106583,7.8799999999999955,9.0,0.024405351833498498,5.46999999999997,23.0,0.01730410300211942,1.0,0.00402220134195386,1.9444468750000041,16.553125,0.005470102952261012,1.0,1
27366.0,2022-04-27 19:30:00,320.88,321.12,320.82,321.12,19289.0,2s,2s,0.0,sell,False,0.7766497461928944,4.163492493946733,28.239017640954685,0.011578080659927173,-0.059679561864141806,0.1361427545503266,0.10630297361825569,0.00033146761061357175,62.26265674991373,72.89950605439319,54.44740171181559,109.80371473954838,19289.0,0.6100000000000136,1.0,7.8799999999999955,9.0,0.024405351833498498,0.6100000000000136,6.0,0.0019032167483074276,2.0,2.5,-0.059679561864141806,0.10630297361825569,0.1361427545503266,62.26265674991373,72.89950605439319,54.44740171181559,109.80371473954838,26.12612612612832,16.666666666664533,37.956966553814716,0.0747943156320148,0.09351037965214494,0.0,0.060000000000002274,0.2400000000000091,1.0,27367.0,27367.0,2022-04-27,2022-04-27 19:30:00,2.8120328849028495,180.0,1.0,best_within_2.0d,27546.0,312.09,0.5832424107187206,4.3760036431226785,32.22527881040892,0.012230020343504162,2.285057100371749,15.890706319702602,0.006381710269403211,0.7766497461928944,7.8799999999999955,9.0,0.024405351833498498,0.6100000000000136,6.0,0.0019032167483074276,2.0,0.00402220134195386,1.9444468750000041,16.553125,0.005470102952261012,1.0,1
27372.0,2022-04-28 04:00:00,322.2,324.06,322.2,323.71,43573.0,1p,1p,0.0,sell,False,0.36906423794681703,3.5500000000000114,12.0,0.01107609746965777,0.31962664795390167,0.13597689585276115,0.295790219829712,0.0009216004751017181,83.17072324252067,61.17412811656024,53.40513915669081,76.7121060362991,43573.0,3.5500000000000114,0.0,3.5500000000000114,12.0,0.01107609746965777,3.5500000000000114,0.0,0.0,1.0,1.0,0.31962664795390167,0.295790219829712,0.13597689585276115,83.17072324252067,61.17412811656024,53.40513915669081,76.7121060362991,71.4821763602254,9.756097560976364,31.983127443097292,0.46865301055244907,0.5772811918063357,0.35000000000002274,0.0,1.509999999999991,1.0,27373.0,27373.0,2022-04-28,2022-04-28 04:00:00,3.589632695931545,174.0,1.0,best_within_2.0d,27546.0,312.09,0.5832424107187206,4.3760036431226785,32.22527881040892,0.012230020343504162,2.285057100371749,15.890706319702602,0.006381710269403211,0.4929364202292669,5.6011759621451125,36.843533123028394,0.015614239272951093,2.82998018927445,22.52492113564669,0.007835530045022196,1.8630914826498424,0.00402220134195386,1.9444468750000041,16.553125,0.005470102952261012,0.0,1
27374.0,2022-04-28 04:10:00,323.72,324.14,323.39,323.99,28827.0,1p,1p,0.0,sell,False,0.7939108770468918,3.6299999999999955,14.0,0.011325699666157048,0.6875634274844231,0.29180517988145593,0.6355868936236675,0.0019776809924632625,84.25130026403126,80.27584938476664,66.61792969123074,107.59168877183845,28827.0,3.6299999999999955,0.0,3.6299999999999955,14.0,0.011325699666157048,3.6299999999999955,0.0,0.0,1.0,1.0,0.6875634274844231,0.6355868936236675,0.29180517988145593,84.25130026403126,80.27584938476664,66.61792969123074,107.59168877183845,62.66447368421073,8.881578947369716,38.49260348364316,0.08340541208451187,0.23191811744333468,0.14999999999997726,0.3300000000000409,0.2699999999999818,1.0,27375.0,27375.0,2022-04-28,2022-04-28 04:10:00,3.672952868915718,172.0,1.0,best_within_2.0d,27546.0,312.09,0.5832424107187206,4.3760036431226785,32.22527881040892,0.012230020343504162,2.285057100371749,15.890706319702602,0.006381710269403211,0.4929364202292669,5.6011759621451125,36.843533123028394,0.015614239272951093,2.82998018927445,22.52492113564669,0.007835530045022196,1.8630914826498424,0.00402220134195386,1.9444468750000041,16.553125,0.005470102952261012,0.0,1
27375.0,2022-04-28 04:15:00,324.18,324.3,323.99,323.99,13663.0,1p,1p,0.0,sell,False,0.8391484227560623,3.7900000000000205,15.0,0.011824904059155785,0.7267412280134659,0.3826478333831392,0.7460184473898721,0.0023199022215731396,84.25130026403124,84.027251138114,72.42103684019182,107.23967973395835,13663.0,3.7900000000000205,0.0,3.7900000000000205,15.0,0.011824904059155785,3.7900000000000205,0.0,0.0,1.0,1.0,0.7267412280134659,0.7460184473898721,0.3826478333831392,84.25130026403124,84.027251138114,72.42103684019182,107.23967973395835,63.41853035143823,7.987220447285265,41.28803433100821,-0.05860941452279527,0.09568196549276282,0.12000000000000455,0.0,0.18999999999999773,0.0,27376.0,27376.0,2022-04-28,2022-04-28 04:15:00,3.672952868915718,171.0,1.0,best_within_2.0d,27546.0,312.09,0.5832424107187206,4.3760036431226785,32.22527881040892,0.012230020343504162,2.285057100371749,15.890706319702602,0.006381710269403211,0.4929364202292669,5.6011759621451125,36.843533123028394,0.015614239272951093,2.82998018927445,22.52492113564669,0.007835530045022196,1.8630914826498424,0.00402220134195386,1.9444468750000041,16.553125,0.005470102952261012,0.0,1
27376.0,2022-04-28 04:20:00,324.1,324.32,323.91,324.32,12510.0,1p,1p,0.0,sell,False,0.864091106120831,3.8100000000000023,16.0,0.011887304608280561,0.7483427419374603,0.4761906761253217,0.8503620470940518,0.0026427086400018407,85.58120842244526,89.35150075874266,78.0645248130421,111.9254526501438,12510.0,3.8100000000000023,0.0,3.8100000000000023,16.0,0.011887304608280561,3.8100000000000023,0.0,0.0,1.0,1.0,0.7483427419374603,0.8503620470940518,0.4761906761253217,85.58120842244526,89.35150075874266,78.0645248130421,111.9254526501438,59.42249240121633,8.81458966565414,43.63637549953775,0.06788028386299612,0.12657837053501533,0.0,0.18999999999999773,0.21999999999997044,1.0,27377.0,27377.0,2022-04-28,2022-04-28 04:20:00,3.770966946225955,170.0,1.0,best_within_2.0d,27546.0,312.09,0.5832424107187206,4.3760036431226785,32.22527881040892,0.012230020343504162,2.285057100371749,15.890706319702602,0.006381710269403211,0.4929364202292669,5.6011759621451125,36.843533123028394,0.015614239272951093,2.82998018927445,22.52492113564669,0.007835530045022196,1.8630914826498424,0.00402220134195386,1.9444468750000041,16.553125,0.005470102952261012,0.0,1
27377.0,2022-04-28 04:25:00,324.26,324.38,324.18,324.24,11280.0,1p,1p,0.0,sell,False,0.864091106120831,3.8700000000000045,17.0,0.012074506255655064,0.7037592840582962,0.5641605866326087,0.9160402286617568,0.002845206291954029,83.73514983596289,91.65322866982143,82.59409276530187,109.77150047886056,11280.0,3.8700000000000045,0.0,3.8700000000000045,17.0,0.012074506255655064,3.8700000000000045,0.0,0.0,1.0,1.0,0.7037592840582962,0.9160402286617568,0.5641605866326087,83.73514983596289,91.65322866982143,82.59409276530187,109.77150047886056,59.30930930930942,8.708708708709365,45.83327267688065,-0.006167889964837418,0.06169412055030805,0.12000000000000455,0.060000000000002274,0.01999999999998181,0.0,27378.0,27378.0,2022-04-28,2022-04-28 04:25:00,3.7472242783123715,169.0,1.0,best_within_2.0d,27546.0,312.09,0.5832424107187206,4.3760036431226785,32.22527881040892,0.012230020343504162,2.285057100371749,15.890706319702602,0.006381710269403211,0.4929364202292669,5.6011759621451125,36.843533123028394,0.015614239272951093,2.82998018927445,22.52492113564669,0.007835530045022196,1.8630914826498424,0.00402220134195386,1.9444468750000041,16.553125,0.005470102952261012,0.0,1
27380.0,2022-04-28 04:40:00,324.08,324.43,324.08,324.2,2980.0,1p,1p,0.0,sell,False,0.8640911061208318,3.920000000000016,20.0,0.012230507628467181,0.4220582230793022,0.76158222922684,0.9726113407664911,0.003016611625195386,78.66639543581292,91.83040542042968,89.63847832324396,96.21425961480116,2980.0,3.920000000000016,0.0,3.920000000000016,20.0,0.012230507628467181,3.920000000000016,0.0,0.0,1.0,1.0,0.4220582230793022,0.9726113407664911,0.76158222922684,78.66639543581292,91.83040542042968,89.63847832324396,96.21425961480116,51.11731843575477,11.31284916201205,49.55803133506888,0.0370278943470762,0.10799802517897517,0.2300000000000182,0.0,0.12000000000000455,1.0,27381.0,27381.0,2022-04-28,2022-04-28 04:40:00,3.7353485502776103,166.0,1.0,best_within_2.0d,27546.0,312.09,0.5832424107187206,4.3760036431226785,32.22527881040892,0.012230020343504162,2.285057100371749,15.890706319702602,0.006381710269403211,0.4929364202292669,5.6011759621451125,36.843533123028394,0.015614239272951093,2.82998018927445,22.52492113564669,0.007835530045022196,1.8630914826498424,0.00402220134195386,1.9444468750000041,16.553125,0.005470102952261012,0.0,1
27381.0,2022-04-28 04:45:00,324.19,324.6,324.19,324.32,11970.0,1p,1p,0.0,sell,False,0.8640911061208318,4.090000000000032,21.0,0.012760912296028305,0.3409354380489602,0.80419915898296,0.9746668780074401,0.003021666936549876,79.43901494671603,86.84010499102968,88.70568721250586,83.10894054807733,11970.0,4.090000000000032,0.0,4.090000000000032,21.0,0.012760912296028305,4.090000000000032,0.0,0.0,1.0,1.0,0.3409354380489602,0.9746668780074401,0.80419915898296,79.43901494671603,86.84010499102968,88.70568721250586,83.10894054807733,52.03804347826133,11.005434782609479,50.66718673231753,0.040099941392391945,0.12646904592986366,0.28000000000002956,0.0,0.12999999999999545,1.0,27382.0,27382.0,2022-04-28,2022-04-28 04:45:00,3.770966946225955,165.0,1.0,best_within_2.0d,27546.0,312.09,0.5832424107187206,4.3760036431226785,32.22527881040892,0.012230020343504162,2.285057100371749,15.890706319702602,0.006381710269403211,0.4929364202292669,5.6011759621451125,36.843533123028394,0.015614239272951093,2.82998018927445,22.52492113564669,0.007835530045022196,1.8630914826498424,0.00402220134195386,1.9444468750000041,16.553125,0.005470102952261012,0.0,1
27383.0,2022-04-28 04:55:00,324.41,324.9,324.4,324.9,8606.0,1p,1p,0.0,sell,False,0.864091106120831,4.389999999999986,23.0,0.013696920532900647,0.26152041272370385,0.8714765465317141,1.002236752893566,0.0031042094608987516,82.85527131020751,91.76364629537053,89.4894029580274,96.31213297005678,8606.0,4.389999999999986,0.0,4.389999999999986,23.0,0.013696920532900647,4.389999999999986,0.0,0.0,1.0,1.0,0.26152041272370385,1.002236752893566,0.8714765465317141,82.85527131020751,91.76364629537053,89.4894029580274,96.31213297005678,55.39661898569561,7.022106631989865,54.05923514405962,0.15104343269318213,0.15413070283600494,0.0,0.010000000000047748,0.48999999999995225,1.0,27384.0,27384.0,2022-04-28,2022-04-28 04:55:00,3.942751615881811,163.0,1.0,best_within_2.0d,27546.0,312.09,0.5832424107187206,4.3760036431226785,32.22527881040892,0.012230020343504162,2.285057100371749,15.890706319702602,0.006381710269403211,0.4929364202292669,5.6011759621451125,36.843533123028394,0.015614239272951093,2.82998018927445,22.52492113564669,0.007835530045022196,1.8630914826498424,0.00402220134195386,1.9444468750000041,16.553125,0.005470102952261012,0.0,1
27384.0,2022-04-28 05:00:00,324.99,325.08,324.74,324.91,15664.0,1p,1p,0.0,sell,False,0.8640911061208318,4.569999999999993,24.0,0.01425852547502416,0.22368381449204477,0.8994370233432196,1.011278930589242,0.003130745858389571,82.9089904008166,89.66579268694318,89.54819953433265,89.90097899216423,15664.0,4.569999999999993,0.0,4.569999999999993,24.0,0.01425852547502416,4.569999999999993,0.0,0.0,1.0,1.0,0.22368381449204477,1.011278930589242,0.8994370233432196,82.9089904008166,89.66579268694318,89.54819953433265,89.90097899216423,55.84905660377404,6.792452830188996,55.79166499177303,-0.024616142035134646,0.10469914393052132,0.08999999999997499,0.17000000000001592,0.07999999999998408,0.0,27385.0,27385.0,2022-04-28,2022-04-28 05:00:00,3.945708042227093,162.0,1.0,best_within_2.0d,27546.0,312.09,0.5832424107187206,4.3760036431226785,32.22527881040892,0.012230020343504162,2.285057100371749,15.890706319702602,0.006381710269403211,0.4929364202292669,5.6011759621451125,36.843533123028394,0.015614239272951093,2.82998018927445,22.52492113564669,0.007835530045022196,1.8630914826498424,0.00402220134195386,1.9444468750000041,16.553125,0.005470102952261012,1.0,1
27410.0,2022-04-28 07:10:00,324.27,324.3,323.94,323.94,28894.0,2,2,0.0,sell,False,0.650224215246643,4.163492493946733,28.239017640954685,0.011578080659927173,0.0911389996547536,0.04751192941101889,0.09308142923839569,0.0002877670263465447,56.93061074944738,72.54572235134337,56.29887391971488,105.03941921460034,28894.0,1.4499999999999886,1.0,2.2299999999999613,22.0,0.006859849883105579,1.4499999999999886,6.0,0.00449124980641161,2.0,2.0,0.0911389996547536,0.09308142923839569,0.04751192941101889,56.93061074944738,72.54572235134337,56.29887391971488,105.03941921460034,36.08247422680438,16.494845360825092,38.502960678070615,-0.10176704598019679,0.1111316910539031,0.03000000000002956,0.0,0.3299999999999841,0.0,27411.0,27411.0,2022-04-28,2022-04-28 07:10:00,3.6580848305241784,136.0,1.0,best_within_2.0d,27546.0,312.09,0.650224215246643,2.2299999999999613,22.0,0.006859849883105579,1.4499999999999886,6.0,0.00449124980641161,0.4929364202292669,5.6011759621451125,36.843533123028394,0.015614239272951093,2.82998018927445,22.52492113564669,0.007835530045022196,1.8630914826498424,0.00402220134195386,1.9444468750000041,16.553125,0.005470102952261012,1.0,1
27420.0,2022-04-28 08:00:00,323.2587,325.0804,316.997,322.75,173474.0,1p,1p,1.0,buy,False,0.441157600051812,7.302999999999997,11.0,0.02251927227875423,-0.18478544852102527,0.012946338555671334,-0.0794463857048413,-0.00024566253292111843,38.114437299536945,37.33009454510025,33.31911434913917,45.352054937022416,173474.0,7.302999999999997,0.0,7.302999999999997,11.0,0.02251927227875423,7.302999999999997,0.0,0.0,1.0,1.0,-0.18478544852102527,-0.0794463857048413,0.012946338555671334,38.114437299536945,37.33009454510025,33.31911434913917,45.352054937022416,11.9034214293758,56.80666591599961,33.13025099189205,-0.15736622092459576,2.5499925866806255,1.8217000000000212,5.752999999999986,0.5086999999999762,0.0,27421.0,27421.0,2022-04-28,2022-04-28 08:00:00,1.313710302091405,215.0,1.0,best_within_2.0d,27635.0,326.99,0.5832424107187206,4.3760036431226785,32.22527881040892,0.012230020343504162,2.285057100371749,15.890706319702602,0.006381710269403211,0.4929364202292669,5.6011759621451125,36.843533123028394,0.015614239272951093,2.82998018927445,22.52492113564669,0.007835530045022196,1.8630914826498424,0.00402220134195386,1.9444468750000041,16.553125,0.005470102952261012,1.0,0
27475.0,2022-04-28 12:35:00,323.53,324.01,323.48,323.83,724931.0,2s,2s,0.0,sell,False,0.5201793721973041,4.163492493946733,28.239017640954685,0.011578080659927173,0.8329679861307892,0.2826346044362433,0.6991185975016379,0.0021768980035257557,71.5334976747793,90.444994989581,78.30441558863207,114.72615379147888,724931.0,7.012999999999977,1.0,2.2299999999999613,22.0,0.006859849883105579,7.012999999999977,56.0,0.022123237759347807,1.0,2.5,0.8329679861307892,0.6991185975016379,0.2826346044362433,71.5334976747793,90.444994989581,78.30441558863207,114.72615379147888,37.285723632557016,12.431300706621116,32.681545727526654,0.09272710413254145,0.16384320514404993,0.18000000000000682,0.049999999999954525,0.30000000000001137,1.0,27476.0,27476.0,2022-04-28,2022-04-28 12:35:00,3.6253589846524443,71.0,1.0,best_within_2.0d,27546.0,312.09,0.5832424107187206,4.3760036431226785,32.22527881040892,0.012230020343504162,2.285057100371749,15.890706319702602,0.006381710269403211,0.5201793721973041,2.2299999999999613,22.0,0.006859849883105579,7.012999999999977,56.0,0.022123237759347807,1.0,0.00402220134195386,1.9444468750000041,16.553125,0.005470102952261012,0.0,1
27476.0,2022-04-28 12:40:00,323.81,324.53,323.81,324.52,654015.0,2s,2s,0.0,sell,False,0.7533632286995422,4.163492493946733,28.239017640954685,0.011578080659927173,0.9239571685957967,0.39812925051071785,0.8601078348086162,0.002676104366394286,74.36109463252761,93.56332999305405,83.39072039010605,113.90854919895008,654015.0,7.532999999999959,1.0,2.2299999999999613,22.0,0.006859849883105579,7.532999999999959,57.0,0.023763631832477778,1.0,2.5,0.9239571685957967,0.8601078348086162,0.39812925051071785,74.36109463252761,93.56332999305405,83.39072039010605,113.90854919895008,43.125700506062444,11.37791665251525,34.50778877801295,0.2192643834347239,0.22235261418732294,0.009999999999990905,0.0,0.7099999999999795,1.0,27477.0,27477.0,2022-04-28,2022-04-28 12:40:00,3.830272402317271,70.0,1.0,best_within_2.0d,27546.0,312.09,0.5832424107187206,4.3760036431226785,32.22527881040892,0.012230020343504162,2.285057100371749,15.890706319702602,0.006381710269403211,0.7533632286995422,2.2299999999999613,22.0,0.006859849883105579,7.532999999999959,57.0,0.023763631832477778,1.0,0.00402220134195386,1.9444468750000041,16.553125,0.005470102952261012,0.0,1
27513.0,2022-04-28 15:45:00,327.955,328.42,327.39,327.9563,1194709.0,2,2,1.0,buy,False,0.1939036686574114,4.163492493946733,28.239017640954685,0.011578080659927173,-0.5770508267859107,0.8787667892933602,0.5902413759004048,0.001800242658950405,51.687973837693825,26.697534521651004,41.53366842558641,-2.9747332862198164,1194709.0,2.5,1.0,12.892999999999972,90.0,0.04067230920166428,2.5,5.0,0.007578283670314347,2.0,2.0,-0.5770508267859107,0.5902413759004048,0.8787667892933602,51.687973837693825,26.697534521651004,41.53366842558641,-2.9747332862198164,19.618000594775594,19.713932138026244,52.459455899417094,0.0003963958469956957,0.3146094871560004,0.4637000000000171,0.5649999999999977,0.0013000000000147338,1.0,27514.0,27514.0,2022-04-28,2022-04-28 15:45:00,-0.2946429143151053,122.0,1.0,best_within_2.0d,27635.0,326.99,0.1939036686574114,12.892999999999972,90.0,0.04067230920166428,2.5,5.0,0.007578283670314347,0.4929364202292669,5.6011759621451125,36.843533123028394,0.015614239272951093,2.82998018927445,22.52492113564669,0.007835530045022196,1.8630914826498424,0.00402220134195386,1.9444468750000041,16.553125,0.005470102952261012,0.0,0
27514.0,2022-04-28 15:50:00,327.94,327.98,327.13,327.62,1750047.0,2,2,1.0,buy,False,0.21406965019778149,4.163492493946733,28.239017640954685,0.011578080659927173,-0.638542988040254,0.7989489157883284,0.4796774217682014,0.0014631032584593705,48.02157618345274,23.716230743902727,35.59452253169185,-0.04035283167551995,1750047.0,2.759999999999991,1.0,12.892999999999972,90.0,0.04067230920166428,2.759999999999991,6.0,0.008366425172027013,2.0,2.0,-0.638542988040254,0.4796774217682014,0.7989489157883284,48.02157618345274,23.716230743902727,35.59452253169185,-0.04035283167551995,16.6291421044274,21.62722695042065,49.64554569693818,-0.09757882539488724,0.25983553938801784,0.040000000000020464,0.4900000000000091,0.3199999999999932,0.0,27515.0,27515.0,2022-04-28,2022-04-28 15:50:00,-0.1922959526280433,121.0,1.0,best_within_2.0d,27635.0,326.99,0.21406965019778149,12.892999999999972,90.0,0.04067230920166428,2.759999999999991,6.0,0.008366425172027013,0.4929364202292669,5.6011759621451125,36.843533123028394,0.015614239272951093,2.82998018927445,22.52492113564669,0.007835530045022196,1.8630914826498424,0.00402220134195386,1.9444468750000041,16.553125,0.005470102952261012,0.0,0
27515.0,2022-04-28 15:55:00,327.62,328.08,326.72,327.94,3130109.0,2,2,1.0,buy,False,0.2458698518575945,4.163492493946733,28.239017640954685,0.011578080659927173,-0.6173360295132375,0.7217819120991738,0.413113897342555,0.0012600466058107415,51.543726332534824,28.6394219680696,33.276155677151095,19.365954549906604,3130109.0,3.169999999999959,1.0,12.892999999999972,90.0,0.04067230920166428,3.169999999999959,7.0,0.009609263693958469,2.0,2.0,-0.6173360295132375,0.413113897342555,0.7217819120991738,51.543726332534824,28.6394219680696,33.276155677151095,19.365954549906604,13.077500174471307,23.771721683299244,48.17240434174774,0.0976741346682111,0.4162585700293697,0.13999999999998636,0.8999999999999773,0.3199999999999932,1.0,27516.0,27516.0,2022-04-28,2022-04-28 15:55:00,-0.2896871378910742,120.0,1.0,best_within_2.0d,27635.0,326.99,0.2458698518575945,12.892999999999972,90.0,0.04067230920166428,3.169999999999959,7.0,0.009609263693958469,0.4929364202292669,5.6011759621451125,36.843533123028394,0.015614239272951093,2.82998018927445,22.52492113564669,0.007835530045022196,1.8630914826498424,0.00402220134195386,1.9444468750000041,16.553125,0.005470102952261012,0.0,0
27516.0,2022-04-28 16:00:00,327.95,328.12,323.53,324.94,1798249.0,2,2,1.0,buy,False,0.4932909330644557,4.163492493946733,28.239017640954685,0.011578080659927173,-0.9677488227282975,0.6008133092581366,0.11693889789398781,0.00035691271777944377,30.6054911610332,26.482885085631416,31.011732146644533,17.42519096360519,1798249.0,6.360000000000014,1.0,12.892999999999972,90.0,0.04067230920166428,6.360000000000014,8.0,0.01927915365727974,2.0,2.0,-0.9677488227282975,0.11693889789398781,0.6008133092581366,30.6054911610332,26.482885085631416,31.011732146644533,17.42519096360519,7.058885619664548,39.02178358908058,49.686012641910274,-0.9178228388473826,1.4187246932278403,0.17000000000001592,1.410000000000025,3.009999999999991,0.0,27517.0,27517.0,2022-04-28,2022-04-28 16:00:00,0.6308857019757529,119.0,1.0,best_within_2.0d,27635.0,326.99,0.4932909330644557,12.892999999999972,90.0,0.04067230920166428,6.360000000000014,8.0,0.01927915365727974,0.4929364202292669,5.6011759621451125,36.843533123028394,0.015614239272951093,2.82998018927445,22.52492113564669,0.007835530045022196,1.8630914826498424,0.00402220134195386,1.9444468750000041,16.553125,0.005470102952261012,0.0,0
27519.0,2022-04-28 16:15:00,323.76,324.0,323.3,323.87,218913.0,2,2,1.0,buy,False,0.5111300705809345,4.163492493946733,28.239017640954685,0.011578080659927173,-1.447414163864422,0.07943420557670997,-0.644272876355501,-0.0019711251469653355,27.042471273241574,13.10526872152073,19.61544296779019,0.08492022898180807,218913.0,6.589999999999975,1.0,12.892999999999972,90.0,0.04067230920166428,6.589999999999975,11.0,0.019976355754948546,2.0,2.0,-1.447414163864422,-0.644272876355501,0.07943420557670997,27.042471273241574,13.10526872152073,19.61544296779019,0.08492022898180807,4.556998942776252,37.30663134486149,54.14698727480272,0.03397578453175613,0.21651716671821486,0.12999999999999545,0.45999999999997954,0.11000000000001364,1.0,27520.0,27520.0,2022-04-28,2022-04-28 16:15:00,0.963349492080157,116.0,1.0,best_within_2.0d,27635.0,326.99,0.5111300705809345,12.892999999999972,90.0,0.04067230920166428,6.589999999999975,11.0,0.019976355754948546,0.4929364202292669,5.6011759621451125,36.843533123028394,0.015614239272951093,2.82998018927445,22.52492113564669,0.007835530045022196,1.8630914826498424,0.00402220134195386,1.9444468750000041,16.553125,0.005470102952261012,1.0,0
27529.0,2022-04-28 17:05:00,323.6,328.01,322.63,322.64,916662.0,2,2,1.0,buy,False,0.563096253781122,4.163492493946733,28.239017640954685,0.011578080659927173,-0.5572037716594693,-0.6723752372919968,-0.9509771231217314,-0.0029208023164764905,30.595806945996245,13.294572186493635,23.714145323242047,-7.544574087003191,916662.0,7.259999999999991,1.0,12.892999999999972,90.0,0.04067230920166428,7.259999999999991,21.0,0.02200733577859284,2.0,2.0,-0.5572037716594693,-0.9509771231217314,-0.6723752372919968,30.595806945996245,13.294572186493635,23.714145323242047,-7.544574087003191,33.21788413098229,18.576826196473696,36.20861328917452,-0.29666254635353406,1.6675448656355563,4.409999999999968,0.009999999999990905,0.9600000000000364,0.0,27530.0,27530.0,2022-04-28,2022-04-28 17:05:00,1.3482519216464242,106.0,1.0,best_within_2.0d,27635.0,326.99,0.563096253781122,12.892999999999972,90.0,0.04067230920166428,7.259999999999991,21.0,0.02200733577859284,0.4929364202292669,5.6011759621451125,36.843533123028394,0.015614239272951093,2.82998018927445,22.52492113564669,0.007835530045022196,1.8630914826498424,0.00402220134195386,1.9444468750000041,16.553125,0.005470102952261012,0.0,0
27530.0,2022-04-28 17:10:00,322.76,323.0,322.26,322.26,69919.0,2,2,1.0,buy,False,0.5917939967424193,4.163492493946733,28.239017640954685,0.011578080659927173,-0.6364003252530746,-0.7519252779486311,-1.0701254405751683,-0.0032892410231544957,29.15308137064082,8.86304812432909,18.76377959027106,-10.93841480755485,69919.0,7.6299999999999955,1.0,12.892999999999972,90.0,0.04067230920166428,7.6299999999999955,22.0,0.023128921761799374,2.0,2.0,-0.6364003252530746,-1.0701254405751683,-0.7519252779486311,29.15308137064082,8.86304812432909,18.76377959027106,-10.93841480755485,37.800071658903576,11.035471157291271,37.536967763907526,-0.15491386788945347,0.22962825048098093,0.2400000000000091,0.0,0.5,0.0,27531.0,27531.0,2022-04-28,2022-04-28 17:10:00,1.46775895239869,105.0,1.0,best_within_2.0d,27635.0,326.99,0.5917939967424193,12.892999999999972,90.0,0.04067230920166428,7.6299999999999955,22.0,0.023128921761799374,0.4929364202292669,5.6011759621451125,36.843533123028394,0.015614239272951093,2.82998018927445,22.52492113564669,0.007835530045022196,1.8630914826498424,0.00402220134195386,1.9444468750000041,16.553125,0.005470102952261012,0.0,0
27531.0,2022-04-28 17:15:00,322.16,322.41,321.5,321.66,113699.0,2,2,1.0,buy,False,0.6507407120142716,4.163492493946733,28.239017640954685,0.011578080659927173,-0.71554891222481,-0.8413688919767324,-1.1991433480891374,-0.003688894702865917,26.98905829617354,6.727951181708514,14.751836787416877,-9.319820029708211,113699.0,8.389999999999986,1.0,12.892999999999972,90.0,0.04067230920166428,8.389999999999986,23.0,0.025432719997574908,2.0,2.0,-0.71554891222481,-1.1991433480891374,-0.8413688919767324,26.98905829617354,6.727951181708514,14.751836787416877,-9.319820029708211,39.00184842883539,14.195933456561855,38.18644177302781,-0.15520238390861682,0.2830482115085614,0.25,0.160000000000025,0.5,0.0,27532.0,27532.0,2022-04-28,2022-04-28 17:15:00,1.6570291612261343,104.0,1.0,best_within_2.0d,27635.0,326.99,0.6507407120142716,12.892999999999972,90.0,0.04067230920166428,8.389999999999986,23.0,0.025432719997574908,0.4929364202292669,5.6011759621451125,36.843533123028394,0.015614239272951093,2.82998018927445,22.52492113564669,0.007835530045022196,1.8630914826498424,0.00402220134195386,1.9444468750000041,16.553125,0.005470102952261012,0.0,0
27532.0,2022-04-28 17:20:00,321.68,321.76,318.87,320.08,229784.0,2,2,1.0,buy,False,0.8547273714418681,4.163492493946733,28.239017640954685,0.011578080659927173,-0.9139700753023294,-0.9556151513895236,-1.4126001890406883,-0.00435049199486111,22.295652286788055,8.898138132809255,12.80060390254767,1.0932065933324253,229784.0,11.019999999999982,1.0,12.892999999999972,90.0,0.04067230920166428,11.019999999999982,24.0,0.03340507441874559,2.0,2.0,-0.9139700753023294,-1.4126001890406883,-0.9556151513895236,22.295652286788055,8.898138132809255,12.80060390254767,1.0932065933324253,36.00682593856646,21.638225255972646,37.23926676860237,-0.4973887092763065,0.9063254617869307,0.07999999999998408,1.2099999999999795,1.6000000000000227,0.0,27533.0,27533.0,2022-04-28,2022-04-28 17:20:00,2.1588352911772137,103.0,1.0,best_within_2.0d,27635.0,326.99,0.8547273714418681,12.892999999999972,90.0,0.04067230920166428,11.019999999999982,24.0,0.03340507441874559,0.4929364202292669,5.6011759621451125,36.843533123028394,0.015614239272951093,2.82998018927445,22.52492113564669,0.007835530045022196,1.8630914826498424,0.00402220134195386,1.9444468750000041,16.553125,0.005470102952261012,1.0,0
27546.0,2022-04-28 18:30:00,313.06,313.06,311.88,312.09,181927.0,1p,1p,1.0,buy,False,7.430596750828222,10.004999999999995,21.0,0.03108252947481242,-0.7518194632947957,-1.4999929601706574,-1.8759026918180552,-0.005928676039396988,26.318393830255687,15.583977017661658,19.56034000545728,7.63125104207041,181927.0,10.004999999999995,0.0,10.004999999999995,21.0,0.03108252947481242,10.004999999999995,0.0,0.0,1.0,1.0,-0.7518194632947957,-1.8759026918180552,-1.4999929601706574,26.318393830255687,15.583977017661658,19.56034000545728,7.63125104207041,20.40268835422997,29.863111374675384,42.840024823947815,-0.30984475819332624,0.37835064768500926,0.0,0.20999999999997954,0.9700000000000273,0.0,27547.0,27547.0,2022-04-28,2022-04-28 18:30:00,4.774263834150417,89.0,1.0,best_within_2.0d,27635.0,326.99,0.5832424107187206,4.3760036431226785,32.22527881040892,0.012230020343504162,2.285057100371749,15.890706319702602,0.006381710269403211,0.4929364202292669,5.6011759621451125,36.843533123028394,0.015614239272951093,2.82998018927445,22.52492113564669,0.007835530045022196,1.8630914826498424,0.00402220134195386,1.9444468750000041,16.553125,0.005470102952261012,0.0,0
27579.0,2022-04-29 05:15:00,324.65,324.65,324.3,324.49,7376.0,2s,2s,1.0,buy,False,0.43356860311796996,4.163492493946733,28.239017640954685,0.011578080659927173,-0.22460056709641196,0.5009420078681449,0.38864172431993893,0.0011978865440615185,50.92721248177421,24.607306004331402,35.30652054813551,3.2088769167231845,7376.0,1.829999999999984,1.0,12.892999999999972,90.0,0.04067230920166428,1.829999999999984,15.0,0.005611259313770533,1.0,2.5,-0.22460056709641196,0.38864172431993893,0.5009420078681449,50.92721248177421,24.607306004331402,35.30652054813551,3.2088769167231845,10.786106032906254,39.30530164533656,43.75867946238524,-0.04928384413983311,0.10792476102373291,0.0,0.18999999999999773,0.15999999999996817,0.0,27580.0,27580.0,2022-04-29,2022-04-29 05:15:00,0.7704397670190145,56.0,1.0,best_within_2.0d,27635.0,326.99,0.5832424107187206,4.3760036431226785,32.22527881040892,0.012230020343504162,2.285057100371749,15.890706319702602,0.006381710269403211,0.43356860311796996,12.892999999999972,90.0,0.04067230920166428,1.829999999999984,15.0,0.005611259313770533,1.0,0.00402220134195386,1.9444468750000041,16.553125,0.005470102952261012,0.0,0
27581.0,2022-04-29 05:25:00,324.66,324.67,324.23,324.35,9728.0,2s,2s,1.0,buy,False,0.43899790584037696,4.163492493946733,28.239017640954685,0.011578080659927173,-0.28486708052326937,0.4369858425439187,0.294552302282284,0.000907826021654935,48.93325671135168,25.513300023088703,31.510177401865352,13.519545265535406,9728.0,1.8999999999999773,1.0,12.892999999999972,90.0,0.04067230920166428,1.8999999999999773,17.0,0.005825897648177037,1.0,2.5,-0.28486708052326937,0.294552302282284,0.4369858425439187,48.93325671135168,25.513300023088703,31.510177401865352,13.519545265535406,11.184210526315931,38.81578947368266,44.84624101521479,-0.0954845068687249,0.1357061345341263,0.009999999999990905,0.12000000000000455,0.3100000000000023,0.0,27582.0,27582.0,2022-04-29,2022-04-29 05:25:00,0.8139355634345572,54.0,1.0,best_within_2.0d,27635.0,326.99,0.5832424107187206,4.3760036431226785,32.22527881040892,0.012230020343504162,2.285057100371749,15.890706319702602,0.006381710269403211,0.43899790584037696,12.892999999999972,90.0,0.04067230920166428,1.8999999999999773,17.0,0.005825897648177037,1.0,0.00402220134195386,1.9444468750000041,16.553125,0.005470102952261012,0.0,0
27582.0,2022-04-29 05:30:00,324.28,324.62,324.2,324.27,10490.0,2s,2s,1.0,buy,False,0.44132474986426823,4.163492493946733,28.239017640954685,0.011578080659927173,-0.32451898813083013,0.39642096902756496,0.2341614749621499,0.0007217293850444129,48.00648243748419,19.037852189305255,27.352735664345317,2.40808523922513,10490.0,1.9300000000000068,1.0,12.892999999999972,90.0,0.04067230920166428,1.9300000000000068,18.0,0.005917885505779924,1.0,2.5,-0.32451898813083013,0.2341614749621499,0.39642096902756496,48.00648243748419,19.037852189305255,27.352735664345317,2.40808523922513,11.3902847571191,32.663316582913595,45.09215047013007,-0.0030837547798171043,0.1295496607032745,0.34000000000003183,0.06999999999999318,0.009999999999990905,0.0,27583.0,27583.0,2022-04-29,2022-04-29 05:30:00,0.8388071668671254,53.0,1.0,best_within_2.0d,27635.0,326.99,0.5832424107187206,4.3760036431226785,32.22527881040892,0.012230020343504162,2.285057100371749,15.890706319702602,0.006381710269403211,0.44132474986426823,12.892999999999972,90.0,0.04067230920166428,1.9300000000000068,18.0,0.005917885505779924,1.0,0.00402220134195386,1.9444468750000041,16.553125,0.005470102952261012,0.0,0
27585.0,2022-04-29 05:45:00,324.34,324.42,324.19,324.42,13949.0,2s,2s,1.0,buy,False,0.4421003645388972,4.163492493946733,28.239017640954685,0.011578080659927173,-0.29500454247362917,0.27942306000516925,0.13192078876835467,0.0004066185643396583,50.01141226223648,19.019665419505714,20.888809403057472,15.281377452402197,13949.0,1.9399999999999977,1.0,12.892999999999972,90.0,0.04067230920166428,1.9399999999999977,21.0,0.005948548124980829,1.0,2.5,-0.29500454247362917,0.13192078876835467,0.27942306000516925,50.01141226223648,19.019665419505714,20.888809403057472,15.281377452402197,12.151394422309803,25.29880478087594,44.43951357366399,0.02466547450207835,0.07094605015577847,0.0,0.14999999999997726,0.08000000000004093,1.0,27586.0,27586.0,2022-04-29,2022-04-29 05:45:00,0.792182972689721,50.0,1.0,best_within_2.0d,27635.0,326.99,0.5832424107187206,4.3760036431226785,32.22527881040892,0.012230020343504162,2.285057100371749,15.890706319702602,0.006381710269403211,0.4421003645388972,12.892999999999972,90.0,0.04067230920166428,1.9399999999999977,21.0,0.005948548124980829,1.0,0.00402220134195386,1.9444468750000041,16.553125,0.005470102952261012,0.0,0
27586.0,2022-04-29 05:50:00,324.43,324.43,324.15,324.21,44500.0,2s,2s,1.0,buy,False,0.44520282323741733,4.163492493946733,28.239017640954685,0.011578080659927173,-0.2970358274384992,0.24229358157535685,0.09377566785610725,0.0002890588808523417,47.06343049127554,15.34644361300391,19.041354139706282,7.956622559599161,44500.0,1.9800000000000182,1.0,12.892999999999972,90.0,0.04067230920166428,1.9800000000000182,22.0,0.00607119860178462,1.0,2.5,-0.2970358274384992,0.09377566785610725,0.24229358157535685,47.06343049127554,15.34644361300391,19.041354139706282,7.956622559599161,12.323232323231338,26.46464646464627,43.86942927078345,-0.06781123817157085,0.08637976245566237,0.0,0.060000000000002274,0.22000000000002728,0.0,27587.0,27587.0,2022-04-29,2022-04-29 05:50:00,0.8574689244625489,49.0,1.0,best_within_2.0d,27635.0,326.99,0.5832424107187206,4.3760036431226785,32.22527881040892,0.012230020343504162,2.285057100371749,15.890706319702602,0.006381710269403211,0.44520282323741733,12.892999999999972,90.0,0.04067230920166428,1.9800000000000182,22.0,0.00607119860178462,1.0,0.00402220134195386,1.9444468750000041,16.553125,0.005470102952261012,0.0,0
27587.0,2022-04-29 05:55:00,324.22,324.3,324.09,324.29,9796.0,2s,2s,1.0,buy,False,0.4498565112851954,4.163492493946733,28.239017640954685,0.011578080659927173,-0.2769449510551169,0.20767546269346723,0.06920298716590878,0.00021332099677675163,48.313370763814646,19.36338249999532,19.148696926469295,19.79275364704737,9796.0,2.0400000000000205,1.0,12.892999999999972,90.0,0.04067230920166428,2.0400000000000205,23.0,0.00625517431699022,1.0,2.5,-0.2769449510551169,0.06920298716590878,0.20767546269346723,48.313370763814646,19.36338249999532,19.148696926469295,19.79275364704737,8.296943231440771,29.912663755457974,44.77671493511529,0.021590278206154206,0.06479681569935401,0.009999999999990905,0.1300000000000523,0.06999999999999318,1.0,27588.0,27588.0,2022-04-29,2022-04-29 05:55:00,0.8325881155755616,48.0,1.0,best_within_2.0d,27635.0,326.99,0.5832424107187206,4.3760036431226785,32.22527881040892,0.012230020343504162,2.285057100371749,15.890706319702602,0.006381710269403211,0.4498565112851954,12.892999999999972,90.0,0.04067230920166428,2.0400000000000205,23.0,0.00625517431699022,1.0,0.00402220134195386,1.9444468750000041,16.553125,0.005470102952261012,1.0,0
27593.0,2022-04-29 06:25:00,324.42,324.42,323.97,324.07,13931.0,2s,2s,1.0,buy,False,0.45916388738074704,4.163492493946733,28.239017640954685,0.011578080659927173,-0.16473891962768597,0.09504717819352056,0.012677718379677572,3.907826177354407e-05,44.07468524250207,32.586918257216354,39.42784436186315,18.90506604792276,13931.0,2.159999999999968,1.0,12.892999999999972,90.0,0.04067230920166428,2.159999999999968,29.0,0.006623125747401246,1.0,2.5,-0.16473891962768597,0.012677718379677572,0.09504717819352056,44.07468524250207,32.586918257216354,39.42784436186315,18.90506604792276,19.376391982181424,22.93986636971108,33.493858262183586,-0.10788484063868527,0.1389017501620485,0.0,0.0999999999999659,0.35000000000002274,0.0,27594.0,27594.0,2022-04-29,2022-04-29 06:25:00,0.901039898787304,42.0,1.0,best_within_2.0d,27635.0,326.99,0.5832424107187206,4.3760036431226785,32.22527881040892,0.012230020343504162,2.285057100371749,15.890706319702602,0.006381710269403211,0.45916388738074704,12.892999999999972,90.0,0.04067230920166428,2.159999999999968,29.0,0.006623125747401246,1.0,0.00402220134195386,1.9444468750000041,16.553125,0.005470102952261012,0.0,0
27594.0,2022-04-29 06:30:00,323.95,324.15,323.91,324.15,9000.0,2s,2s,1.0,buy,False,0.4638175754285251,4.163492493946733,28.239017640954685,0.011578080659927173,-0.16920577399852602,0.07389645644370481,-0.0107064305555582,-3.300391700358365e-05,45.586275070838774,29.805420252284428,36.220369658670236,16.975521439512818,9000.0,2.2199999999999704,1.0,12.892999999999972,90.0,0.04067230920166428,2.2199999999999704,30.0,0.0068071014626068455,1.0,2.5,-0.16920577399852602,-0.0107064305555582,0.07389645644370481,45.586275070838774,29.805420252284428,36.220369658670236,16.975521439512818,16.091954022987064,25.057471264368747,32.65770477897136,0.061737922518903726,0.0740946559229268,0.0,0.03999999999996362,0.19999999999998863,1.0,27595.0,27595.0,2022-04-29,2022-04-29 06:30:00,0.8761375906216358,41.0,1.0,best_within_2.0d,27635.0,326.99,0.5832424107187206,4.3760036431226785,32.22527881040892,0.012230020343504162,2.285057100371749,15.890706319702602,0.006381710269403211,0.4638175754285251,12.892999999999972,90.0,0.04067230920166428,2.2199999999999704,30.0,0.0068071014626068455,1.0,0.00402220134195386,1.9444468750000041,16.553125,0.005470102952261012,0.0,0
27596.0,2022-04-29 06:40:00,323.86,324.1,323.71,323.75,15898.0,2s,2s,1.0,buy,False,0.47932986892112156,4.163492493946733,28.239017640954685,0.011578080659927173,-0.2180699811605692,0.02320555576633937,-0.08582943481394523,-0.00026464321111135854,39.58184023533924,15.71410297153349,26.200527991785002,-5.258747068969534,15898.0,2.420000000000016,1.0,12.892999999999972,90.0,0.04067230920166428,2.420000000000016,32.0,0.0074203538466256274,1.0,2.5,-0.2180699811605692,-0.08582943481394523,0.02320555576633937,39.58184023533924,15.71410297153349,26.200527991785002,-5.258747068969534,17.81170483460383,27.735368956743766,30.470822991989913,-0.03396529364540655,0.12047820580150236,0.2400000000000091,0.040000000000020464,0.11000000000001364,0.0,27597.0,27597.0,2022-04-29,2022-04-29 06:40:00,1.0007722007722035,39.0,1.0,best_within_2.0d,27635.0,326.99,0.5832424107187206,4.3760036431226785,32.22527881040892,0.012230020343504162,2.285057100371749,15.890706319702602,0.006381710269403211,0.47932986892112156,12.892999999999972,90.0,0.04067230920166428,2.420000000000016,32.0,0.0074203538466256274,1.0,0.00402220134195386,1.9444468750000041,16.553125,0.005470102952261012,0.0,0
27597.0,2022-04-29 06:45:00,323.8,323.91,323.69,323.74,8269.0,2s,2s,1.0,buy,False,0.48088109827037945,4.163492493946733,28.239017640954685,0.011578080659927173,-0.2275253498842642,-0.005235112969193656,-0.11899778791132576,-0.0003669619700585271,39.43734314204407,12.11005557579397,21.503703853121323,-6.677240978860738,8269.0,2.4399999999999977,1.0,12.892999999999972,90.0,0.04067230920166428,2.4399999999999977,33.0,0.007481679085027436,1.0,2.5,-0.2275253498842642,-0.11899778791132576,-0.005235112969193656,39.43734314204407,12.11005557579397,21.503703853121323,-6.677240978860738,18.041237113400324,28.608247422680797,29.91233089982368,-0.01852995676343492,0.06796626401805038,0.11000000000001364,0.05000000000001137,0.060000000000002274,0.0,27598.0,27598.0,2022-04-29,2022-04-29 06:45:00,1.003892012108482,38.0,1.0,best_within_2.0d,27635.0,326.99,0.5832424107187206,4.3760036431226785,32.22527881040892,0.012230020343504162,2.285057100371749,15.890706319702602,0.006381710269403211,0.48088109827037945,12.892999999999972,90.0,0.04067230920166428,2.4399999999999977,33.0,0.007481679085027436,1.0,0.00402220134195386,1.9444468750000041,16.553125,0.005470102952261012,0.0,0
27599.0,2022-04-29 06:55:00,324.0,324.0,323.62,323.64,1854.0,2s,2s,1.0,buy,False,0.48631040099278644,4.163492493946733,28.239017640954685,0.011578080659927173,-0.2035602591731302,-0.05516789741985676,-0.15694802700642185,-0.00048409704359350225,39.232313374345566,11.952478413808745,17.305498652837507,1.2464379357512172,1854.0,2.509999999999991,1.0,12.892999999999972,90.0,0.04067230920166428,2.509999999999991,35.0,0.00769631741943394,1.0,2.5,-0.2035602591731302,-0.15694802700642185,-0.05516789741985676,39.232313374345566,11.952478413808745,17.305498652837507,1.2464379357512172,19.999999999998597,33.58024691357909,28.63850832524334,-0.11111111111111532,0.1174216673876755,0.0,0.01999999999998181,0.36000000000001364,0.0,27600.0,27600.0,2022-04-29,2022-04-29 06:55:00,1.035100729205297,36.0,1.0,best_within_2.0d,27635.0,326.99,0.5832424107187206,4.3760036431226785,32.22527881040892,0.012230020343504162,2.285057100371749,15.890706319702602,0.006381710269403211,0.48631040099278644,12.892999999999972,90.0,0.04067230920166428,2.509999999999991,35.0,0.00769631741943394,1.0,0.00402220134195386,1.9444468750000041,16.553125,0.005470102952261012,0.0,0
27600.0,2022-04-29 07:00:00,323.87,324.14,323.6,323.63,11736.0,2s,2s,1.0,buy,False,0.4878616303420443,4.163492493946733,28.239017640954685,0.011578080659927173,-0.1979597751011736,-0.07991286930750345,-0.17889275685809025,-0.0005518571342488228,39.08450360264979,9.187831137660016,14.599609481111674,-1.6357255492433005,11736.0,2.5299999999999727,1.0,12.892999999999972,90.0,0.04067230920166428,2.5299999999999727,36.0,0.007757642657835749,1.0,2.5,-0.1979597751011736,-0.17889275685809025,-0.07991286930750345,39.08450360264979,9.187831137660016,14.599609481111674,-1.6357255492433005,22.04176334106598,30.62645011600819,27.757154835680726,-0.07410380708309171,0.16687268232384536,0.2699999999999818,0.029999999999972715,0.2400000000000091,0.0,27601.0,27601.0,2022-04-29,2022-04-29 07:00:00,1.0382226616815542,35.0,1.0,best_within_2.0d,27635.0,326.99,0.5832424107187206,4.3760036431226785,32.22527881040892,0.012230020343504162,2.285057100371749,15.890706319702602,0.006381710269403211,0.4878616303420443,12.892999999999972,90.0,0.04067230920166428,2.5299999999999727,36.0,0.007757642657835749,1.0,0.00402220134195386,1.9444468750000041,16.553125,0.005470102952261012,0.0,0
27602.0,2022-04-29 07:10:00,323.88,323.89,323.31,323.4,10903.0,2s,2s,1.0,buy,False,0.5103544559063056,4.163492493946733,28.239017640954685,0.011578080659927173,-0.16973195228806057,-0.11932946033040533,-0.2041954364744356,-0.0006300548725403562,37.81081798294748,16.326995797921455,16.182902999743597,16.615181394277172,10903.0,2.819999999999993,1.0,12.892999999999972,90.0,0.04067230920166428,2.819999999999993,38.0,0.008646858614662844,1.0,2.5,-0.16973195228806057,-0.2041954364744356,-0.11932946033040533,37.81081798294748,16.326995797921455,16.182902999743597,16.615181394277172,7.9726651480630295,36.218678815488,29.42937484301677,-0.14820303816228794,0.17939438928581983,0.009999999999990905,0.08999999999997499,0.4800000000000182,0.0,27603.0,27603.0,2022-04-29,2022-04-29 07:10:00,1.1100803957946914,33.0,1.0,best_within_2.0d,27635.0,326.99,0.5832424107187206,4.3760036431226785,32.22527881040892,0.012230020343504162,2.285057100371749,15.890706319702602,0.006381710269403211,0.5103544559063056,12.892999999999972,90.0,0.04067230920166428,2.819999999999993,38.0,0.008646858614662844,1.0,0.00402220134195386,1.9444468750000041,16.553125,0.005470102952261012,1.0,0
27607.0,2022-04-29 07:35:00,324.99,325.08,324.74,324.91,15664.0,1,1,0.0,sell,False,1.3940419783336726,4.569999999999993,24.0,0.01425852547502416,0.22368381425201633,0.8994370237181766,1.0112789308441847,0.003130745859181301,82.90899043761884,89.66579268694318,89.54819953433265,89.90097899216423,15664.0,4.569999999999993,1.0,4.569999999999993,24.0,0.01425852547502416,4.569999999999993,24.0,0.01425852547502416,1.0,1.0,0.22368381425201633,1.0112789308441847,0.8994370237181766,82.90899043761884,89.66579268694318,89.54819953433265,89.90097899216423,55.84905660377404,6.792452830188996,55.79166489427149,-0.024616142035134646,0.10469914393052132,0.08999999999997499,0.17000000000001592,0.07999999999998408,0.0,27608.0,27608.0,2022-04-29,2022-04-29 07:35:00,1.07882534775889,28.0,1.0,best_within_2.0d,27635.0,326.99,0.5832424107187206,4.3760036431226785,32.22527881040892,0.012230020343504162,2.285057100371749,15.890706319702602,0.006381710269403211,0.4929364202292669,5.6011759621451125,36.843533123028394,0.015614239272951093,2.82998018927445,22.52492113564669,0.007835530045022196,1.8630914826498424,0.00402220134195386,1.9444468750000041,16.553125,0.005470102952261012,0.0,1
27607.0,2022-04-29 07:35:00,320.51,320.64,320.51,320.61,4250.0,2s,2s,1.0,buy,False,0.24417009602195125,4.163492493946733,28.239017640954685,0.011578080659927173,-0.23526668319452354,0.22624532996288557,0.1086119883656238,0.0003387343556848635,49.60617391360882,21.148901411481095,25.279364760781416,12.887974712880457,4250.0,1.0699999999999932,1.0,7.2900000000000205,27.0,0.023142857142857208,1.0699999999999932,18.0,0.0033273213508302544,1.0,2.5,-0.23526668319452354,0.1086119883656238,0.22624532996288557,49.60617391360882,21.148901411481095,25.279364760781416,12.887974712880457,3.194888178914469,39.616613418528885,39.60178394704834,0.031200274562423247,0.040560356931139574,0.029999999999972715,0.0,0.10000000000002274,1.0,27608.0,27608.0,2022-04-29,2022-04-29 07:35:00,1.07882534775889,28.0,1.0,best_within_2.0d,27635.0,326.99,0.5832424107187206,4.3760036431226785,32.22527881040892,0.012230020343504162,2.285057100371749,15.890706319702602,0.006381710269403211,0.24417009602195125,7.2900000000000205,27.0,0.023142857142857208,1.0699999999999932,18.0,0.0033273213508302544,1.0,0.00402220134195386,1.9444468750000041,16.553125,0.005470102952261012,0.0,0
27607.0,2022-04-29 07:35:00,323.54,323.54,323.31,323.5,25508.0,2s,2s,1.0,buy,False,0.5103544559063056,4.163492493946733,28.239017640954685,0.011578080659927173,-0.05237205784162918,-0.1529999434044141,-0.1791859723252287,-0.0005530607658045815,41.36827775820058,41.38094976146694,42.962047423370734,38.21875443765934,25508.0,2.819999999999993,1.0,12.892999999999972,90.0,0.04067230920166428,2.819999999999993,43.0,0.008646858614662844,1.0,2.5,-0.05237205784162918,-0.1791859723252287,-0.1529999434044141,41.36827775820058,41.38094976146694,42.962047423370734,38.21875443765934,11.350293542074022,27.788649706457054,34.42252295014221,-0.012363231748785454,0.07113915437197062,0.0,0.18999999999999773,0.040000000000020464,0.0,27608.0,27608.0,2022-04-29,2022-04-29 07:35:00,1.07882534775889,28.0,1.0,best_within_2.0d,27635.0,326.99,0.5832424107187206,4.3760036431226785,32.22527881040892,0.012230020343504162,2.285057100371749,15.890706319702602,0.006381710269403211,0.5103544559063056,12.892999999999972,90.0,0.04067230920166428,2.819999999999993,43.0,0.008646858614662844,1.0,0.00402220134195386,1.9444468750000041,16.553125,0.005470102952261012,0.0,0
27607.0,2022-04-29 07:35:00,315.76,316.32,315.0,316.26,1958231.0,1,1,1.0,buy,False,1.1414992470829655,7.8799999999999955,9.0,0.024405351833498498,-0.8196856318718542,-0.011989900003972487,-0.42183271593989957,-0.001326213644036425,39.92333025571627,17.41546346830632,26.818026398363102,-1.3896623918072422,1958231.0,7.8799999999999955,2.0,7.8799999999999955,9.0,0.024405351833498498,7.8799999999999955,9.0,0.024405351833498498,1.0,1.0,-0.8196856318718542,-0.42183271593989957,-0.011989900003972487,39.92333025571627,17.41546346830632,26.818026398363102,-1.3896623918072422,27.423870193681072,29.841038239598266,28.634414669404844,0.15834811249049913,0.4190476190476169,0.060000000000002274,0.7599999999999909,0.5,1.0,27608.0,27608.0,2022-04-29,2022-04-29 07:35:00,1.07882534775889,28.0,1.0,best_within_2.0d,27635.0,326.99,0.5832424107187206,4.3760036431226785,32.22527881040892,0.012230020343504162,2.285057100371749,15.890706319702602,0.006381710269403211,0.4929364202292669,5.6011759621451125,36.843533123028394,0.015614239272951093,2.82998018927445,22.52492113564669,0.007835530045022196,1.8630914826498424,0.00402220134195386,1.9444468750000041,16.553125,0.005470102952261012,0.0,0
27607.0,2022-04-29 07:35:00,316.78,317.16,316.11,316.8,1864316.0,2,2,1.0,buy,False,0.8477366255144019,4.163492493946733,28.239017640954685,0.011578080659927173,-0.19036407500651586,-0.7040079894758893,-0.7991900269791472,-0.00251106413678592,37.474205881898925,32.74020054270447,28.060901575569133,42.09879847697515,1864316.0,6.180000000000007,1.0,7.2900000000000205,27.0,0.023142857142857208,6.180000000000007,39.0,0.019175276924509002,2.0,2.0,-0.19036407500651586,-0.7991900269791472,-0.7040079894758893,37.474205881898925,32.74020054270447,28.060901575569133,42.09879847697515,5.572453227035509,27.651307627881415,39.95591055136794,0.006313529894576253,0.3321628547024806,0.36000000000001364,0.6699999999999591,0.020000000000038654,1.0,27608.0,27608.0,2022-04-29,2022-04-29 07:35:00,1.07882534775889,28.0,1.0,best_within_2.0d,27635.0,326.99,0.8477366255144019,7.2900000000000205,27.0,0.023142857142857208,6.180000000000007,39.0,0.019175276924509002,0.4929364202292669,5.6011759621451125,36.843533123028394,0.015614239272951093,2.82998018927445,22.52492113564669,0.007835530045022196,1.8630914826498424,0.00402220134195386,1.9444468750000041,16.553125,0.005470102952261012,0.0,0
27608.0,2022-04-29 07:40:00,323.4,323.44,322.98,323.19,45229.0,2s,2s,1.0,buy,False,0.5359497401690827,4.163492493946733,28.239017640954685,0.011578080659927173,-0.09985585448889,-0.16548192521552535,-0.21540985245997035,-0.000664988009904016,37.34385773772775,33.42063317431078,39.781576007017414,20.69874750889751,45229.0,3.1499999999999773,1.0,12.892999999999972,90.0,0.04067230920166428,3.1499999999999773,44.0,0.009658725048293555,1.0,2.5,-0.09985585448889,-0.21540985245997035,-0.16548192521552535,37.34385773772775,33.42063317431078,39.781576007017414,20.69874750889751,10.760667903524665,31.35435992578715,35.45653405471038,-0.06493506493505861,0.14242367948479148,0.040000000000020464,0.20999999999997954,0.20999999999997954,0.0,27609.0,27609.0,2022-04-29,2022-04-29 07:40:00,1.175778953556735,27.0,1.0,best_within_2.0d,27635.0,326.99,0.5832424107187206,4.3760036431226785,32.22527881040892,0.012230020343504162,2.285057100371749,15.890706319702602,0.006381710269403211,0.5359497401690827,12.892999999999972,90.0,0.04067230920166428,3.1499999999999773,44.0,0.009658725048293555,1.0,0.00402220134195386,1.9444468750000041,16.553125,0.005470102952261012,0.0,0
27610.0,2022-04-29 07:50:00,323.03,323.2,322.8,323.15,26904.0,2s,2s,1.0,buy,False,0.5499108043124168,4.163492493946733,28.239017640954685,0.011578080659927173,-0.14051960076177006,-0.2004512229403838,-0.27071102332126884,-0.0008360123374150682,37.817697020693664,24.604017320626745,31.265343234583646,11.281365492712936,26904.0,3.329999999999984,1.0,12.892999999999972,90.0,0.04067230920166428,3.329999999999984,46.0,0.010210652193910355,1.0,2.5,-0.14051960076177006,-0.27071102332126884,-0.2004512229403838,37.817697020693664,24.604017320626745,31.265343234583646,11.281365492712936,10.48824593128367,30.018083182638687,37.25937282974132,0.037148252484290795,0.12391573729862988,0.05000000000001137,0.22999999999996135,0.12000000000000455,1.0,27611.0,27611.0,2022-04-29,2022-04-29 07:50:00,1.1883026458301198,25.0,1.0,best_within_2.0d,27635.0,326.99,0.5832424107187206,4.3760036431226785,32.22527881040892,0.012230020343504162,2.285057100371749,15.890706319702602,0.006381710269403211,0.5499108043124168,12.892999999999972,90.0,0.04067230920166428,3.329999999999984,46.0,0.010210652193910355,1.0,0.00402220134195386,1.9444468750000041,16.553125,0.005470102952261012,1.0,0
27626.0,2022-04-29 09:10:00,323.0,323.23,322.52,322.63,171022.0,2s,2s,1.0,buy,False,0.5716280152020492,4.163492493946733,28.239017640954685,0.011578080659927173,-0.20918904384187653,-0.052561375667670884,-0.15715589758860915,-0.00048545619012969383,36.7166577875156,20.17858516357084,30.995642219088886,-1.455528947465254,171022.0,3.6100000000000136,1.0,12.892999999999972,90.0,0.04067230920166428,3.6100000000000136,62.0,0.011069205531536546,1.0,2.5,-0.20918904384187653,-0.15715589758860915,-0.052561375667670884,36.7166577875156,20.17858516357084,30.995642219088886,-1.455528947465254,20.34589995260013,33.98883224083512,39.538382436232716,-0.11455108359133268,0.22014138658068846,0.2300000000000182,0.11000000000001364,0.37000000000000455,0.0,27627.0,27627.0,2022-04-29,2022-04-29 09:10:00,1.3513932368347685,9.0,1.0,best_within_2.0d,27635.0,326.99,0.5832424107187206,4.3760036431226785,32.22527881040892,0.012230020343504162,2.285057100371749,15.890706319702602,0.006381710269403211,0.5716280152020492,12.892999999999972,90.0,0.04067230920166428,3.6100000000000136,62.0,0.011069205531536546,1.0,0.00402220134195386,1.9444468750000041,16.553125,0.005470102952261012,1.0,0
27635.0,2022-04-29 09:55:00,324.88,327.225,324.88,326.99,1472488.0,1,1,0.0,sell,False,0.5728466242216085,4.705000000000041,10.0,0.014588242589606974,0.5666085484139549,0.07705877477437797,0.3603630489813554,0.0011117159463339284,68.58951279393267,72.94645306777369,60.58866781761812,97.66202356808482,1472488.0,4.705000000000041,1.0,4.705000000000041,10.0,0.014588242589606974,4.705000000000041,10.0,0.014588242589606974,1.0,1.0,0.5666085484139549,0.3603630489813554,0.07705877477437797,68.58951279393267,72.94645306777369,60.58866781761812,97.66202356808482,30.688935281836997,14.076946018490805,29.04441383262991,0.649470573750312,0.7218049741443079,0.23500000000001364,0.0,2.1100000000000136,1.0,27636.0,27636.0,2022-04-29,2022-04-29 09:55:00,4.241719930273098,71.0,1.0,best_within_2.0d,27706.0,313.12,0.5832424107187206,4.3760036431226785,32.22527881040892,0.012230020343504162,2.285057100371749,15.890706319702602,0.006381710269403211,0.4929364202292669,5.6011759621451125,36.843533123028394,0.015614239272951093,2.82998018927445,22.52492113564669,0.007835530045022196,1.8630914826498424,0.00402220134195386,1.9444468750000041,16.553125,0.005470102952261012,1.0,1
27643.0,2022-04-29 10:35:00,322.26,322.46,321.35,322.09,1077582.0,2s,2s,1.0,buy,False,0.6623749321337146,4.163492493946733,28.239017640954685,0.011578080659927173,-0.6685252279469067,0.04471408670081014,-0.28954852727264324,-0.0008941026657875735,38.38297894306306,16.69246851910502,28.9622386874554,-7.84707181759574,1077582.0,5.875,1.0,12.892999999999972,90.0,0.04067230920166428,5.875,9.0,0.017954007181602873,2.0,2.5,-0.6685252279469067,-0.28954852727264324,0.04471408670081014,38.38297894306306,16.69246851910502,28.9622386874554,-7.84707181759574,18.673166596015317,22.67910131411568,22.921062813785564,-0.05275243592131072,0.34541776878791247,0.19999999999998863,0.7399999999999523,0.17000000000001592,0.0,27644.0,27644.0,2022-04-29,2022-04-29 10:35:00,-0.06519916793442192,78.0,1.0,best_within_2.0d,27721.0,321.88,0.5832424107187206,4.3760036431226785,32.22527881040892,0.012230020343504162,2.285057100371749,15.890706319702602,0.006381710269403211,0.6623749321337146,12.892999999999972,90.0,0.04067230920166428,5.875,9.0,0.017954007181602873,2.0,0.00402220134195386,1.9444468750000041,16.553125,0.005470102952261012,0.0,0
27645.0,2022-04-29 10:45:00,321.8,321.93,321.1,321.25,889877.0,2s,2s,1.0,buy,False,0.6817652989994557,4.163492493946733,28.239017640954685,0.011578080659927173,-0.7894857899067974,-0.14426406460429736,-0.5390069595576961,-0.001666113836651096,34.37246840140301,10.192547584845574,19.33644997585611,-8.095257197175496,889877.0,6.125,1.0,12.892999999999972,90.0,0.04067230920166428,6.125,11.0,0.018718007487202995,2.0,2.5,-0.7894857899067974,-0.5390069595576961,-0.14426406460429736,34.37246840140301,10.192547584845574,19.33644997585611,-8.095257197175496,11.711045364891502,28.35305719921044,24.72644636429871,-0.17091361093847462,0.2584864528184317,0.12999999999999545,0.14999999999997726,0.5500000000000114,0.0,27646.0,27646.0,2022-04-29,2022-04-29 10:45:00,0.196108949416341,76.0,1.0,best_within_2.0d,27721.0,321.88,0.5832424107187206,4.3760036431226785,32.22527881040892,0.012230020343504162,2.285057100371749,15.890706319702602,0.006381710269403211,0.6817652989994557,12.892999999999972,90.0,0.04067230920166428,6.125,11.0,0.018718007487202995,2.0,0.00402220134195386,1.9444468750000041,16.553125,0.005470102952261012,0.0,0
27646.0,2022-04-29 10:50:00,321.22,321.5,320.7601,321.39,599021.0,2s,2s,1.0,buy,False,0.7081284417901174,4.163492493946733,28.239017640954685,0.011578080659927173,-0.7696862819701484,-0.2404748498505659,-0.6253179908356401,-0.0019338475458052886,35.60897399367188,10.771748453976318,16.481549468562847,-0.6478535751967343,599021.0,6.4649,1.0,12.892999999999972,90.0,0.04067230920166428,6.4649,12.0,0.01975674230269692,2.0,2.5,-0.7696862819701484,-0.6253179908356401,-0.2404748498505659,35.60897399367188,10.771748453976318,16.481549468562847,-0.6478535751967343,12.363416779889533,28.005871972263808,25.72801478361603,0.052923230184907244,0.23067083468298497,0.11000000000001364,0.45990000000000464,0.16999999999995907,1.0,27647.0,27647.0,2022-04-29,2022-04-29 10:50:00,0.15246273997324408,75.0,1.0,best_within_2.0d,27721.0,321.88,0.5832424107187206,4.3760036431226785,32.22527881040892,0.012230020343504162,2.285057100371749,15.890706319702602,0.006381710269403211,0.7081284417901174,12.892999999999972,90.0,0.04067230920166428,6.4649,12.0,0.01975674230269692,2.0,0.00402220134195386,1.9444468750000041,16.553125,0.005470102952261012,0.0,0
27650.0,2022-04-29 11:10:00,321.31,321.45,320.4757,321.16,802146.0,2s,2s,1.0,buy,False,0.7301869231365848,4.163492493946733,28.239017640954685,0.011578080659927173,-0.47975600554386455,-0.5224099002412703,-0.7622879030132026,-0.002361177776263458,35.621229401133874,21.716063260933858,18.504999604982604,28.138190572836372,802146.0,6.749300000000005,1.0,12.892999999999972,90.0,0.04067230920166428,6.749300000000005,16.0,0.020625869050347634,2.0,2.5,-0.47975600554386455,-0.7622879030132026,-0.5224099002412703,35.621229401133874,21.716063260933858,18.504999604982604,28.138190572836372,6.752153389459137,36.64533553944198,32.51991970025103,-0.04668388783417175,0.3040168100108592,0.13999999999998636,0.6843000000000075,0.14999999999997726,0.0,27651.0,27651.0,2022-04-29,2022-04-29 11:10:00,0.2241873209615053,71.0,1.0,best_within_2.0d,27721.0,321.88,0.5832424107187206,4.3760036431226785,32.22527881040892,0.012230020343504162,2.285057100371749,15.890706319702602,0.006381710269403211,0.7301869231365848,12.892999999999972,90.0,0.04067230920166428,6.749300000000005,16.0,0.020625869050347634,2.0,0.00402220134195386,1.9444468750000041,16.553125,0.005470102952261012,1.0,0
27661.0,2022-04-29 12:05:00,319.7183,320.045,319.5,319.625,587123.0,2s,2s,1.0,buy,False,0.8058636469402007,4.163492493946733,28.239017640954685,0.011578080659927173,-0.25050708950413925,-0.6024635396644274,-0.7277170844164971,-0.0022608134703658665,30.33856387963786,21.217416720903802,36.67906729389262,-9.705884425073833,587123.0,3.3999999999999773,1.0,12.892999999999972,90.0,0.04067230920166428,3.3999999999999773,5.0,0.010529575720037094,3.0,2.5,-0.25050708950413925,-0.7277170844164971,-0.6024635396644274,30.33856387963786,21.217416720903802,36.67906729389262,-9.705884425073833,20.412137648493005,21.7414510649656,26.636852803392003,-0.029181939225874552,0.1705790297339643,0.32670000000001664,0.125,0.09329999999999927,0.0,27662.0,27662.0,2022-04-29,2022-04-29 12:05:00,0.7055142745404758,60.0,1.0,best_within_2.0d,27721.0,321.88,0.5832424107187206,4.3760036431226785,32.22527881040892,0.012230020343504162,2.285057100371749,15.890706319702602,0.006381710269403211,0.8058636469402007,12.892999999999972,90.0,0.04067230920166428,3.3999999999999773,5.0,0.010529575720037094,3.0,0.00402220134195386,1.9444468750000041,16.553125,0.005470102952261012,0.0,0
27663.0,2022-04-29 12:15:00,319.77,319.86,319.34,319.52,362106.0,2s,2s,1.0,buy,False,0.818273481734277,4.163492493946733,28.239017640954685,0.011578080659927173,-0.3205766902266256,-0.6787447924465393,-0.8390331375598521,-0.0026092292398480392,30.705268375544534,12.945421604972342,24.37029100334705,-9.904317191777068,362106.0,3.5600000000000023,1.0,12.892999999999972,90.0,0.04067230920166428,3.5600000000000023,7.0,0.01102508516568598,3.0,2.5,-0.3205766902266256,-0.8390331375598521,-0.6787447924465393,30.705268375544534,12.945421604972342,24.37029100334705,-9.904317191777068,18.132864443101347,23.661425667030382,24.07124860806823,-0.07818119273227633,0.16283584893844763,0.09000000000003183,0.18000000000000682,0.25,0.0,27664.0,27664.0,2022-04-29,2022-04-29 12:15:00,0.7386079118678059,58.0,1.0,best_within_2.0d,27721.0,321.88,0.5832424107187206,4.3760036431226785,32.22527881040892,0.012230020343504162,2.285057100371749,15.890706319702602,0.006381710269403211,0.818273481734277,12.892999999999972,90.0,0.04067230920166428,3.5600000000000023,7.0,0.01102508516568598,3.0,0.00402220134195386,1.9444468750000041,16.553125,0.005470102952261012,0.0,0
27666.0,2022-04-29 12:30:00,319.56,319.68,319.21,319.45,335464.0,2s,2s,1.0,buy,False,0.8283564725044621,4.163492493946733,28.239017640954685,0.011578080659927173,-0.21754551476083828,-0.7690651287626646,-0.8778378861430838,-0.002733301107785813,32.45386498096194,10.225373125621314,15.194311772714435,0.28749583143506996,335464.0,3.6899999999999977,1.0,12.892999999999972,90.0,0.04067230920166428,3.6899999999999977,10.0,0.011427686590275621,3.0,2.5,-0.21754551476083828,-0.8778378861430838,-0.7690651287626646,32.45386498096194,10.225373125621314,15.194311772714435,0.28749583143506996,17.91503156457899,22.351134618665615,20.40044086009042,-0.03442233070472326,0.14723849503462527,0.12000000000000455,0.2400000000000091,0.11000000000001364,0.0,27667.0,27667.0,2022-04-29,2022-04-29 12:30:00,0.7606824229143863,55.0,1.0,best_within_2.0d,27721.0,321.88,0.5832424107187206,4.3760036431226785,32.22527881040892,0.012230020343504162,2.285057100371749,15.890706319702602,0.006381710269403211,0.8283564725044621,12.892999999999972,90.0,0.04067230920166428,3.6899999999999977,10.0,0.011427686590275621,3.0,0.00402220134195386,1.9444468750000041,16.553125,0.005470102952261012,0.0,0
27667.0,2022-04-29 12:35:00,319.47,319.64,319.14,319.37,344146.0,2s,2s,1.0,buy,False,0.8337857752268691,4.163492493946733,28.239017640954685,0.011578080659927173,-0.18692957759671636,-0.7924313259622542,-0.8858961147606124,-0.0027595336181657206,31.945453154615166,9.381017981183634,13.2565471755375,1.6299595924759025,344146.0,3.759999999999991,1.0,12.892999999999972,90.0,0.04067230920166428,3.759999999999991,11.0,0.011644471972746952,3.0,2.5,-0.18692957759671636,-0.8858961147606124,-0.7924313259622542,31.945453154615166,9.381017981183634,13.2565471755375,1.6299595924759025,18.100327529735818,23.18565764523338,19.82307563909684,-0.03130184367859978,0.15667105345616344,0.16999999999995907,0.2300000000000182,0.10000000000002274,0.0,27668.0,27668.0,2022-04-29,2022-04-29 12:35:00,0.7859222844976019,54.0,1.0,best_within_2.0d,27721.0,321.88,0.5832424107187206,4.3760036431226785,32.22527881040892,0.012230020343504162,2.285057100371749,15.890706319702602,0.006381710269403211,0.8337857752268691,12.892999999999972,90.0,0.04067230920166428,3.759999999999991,11.0,0.011644471972746952,3.0,0.00402220134195386,1.9444468750000041,16.553125,0.005470102952261012,0.0,0
27668.0,2022-04-29 12:40:00,319.36,319.5187,318.64,318.68,596846.0,2s,2s,1.0,buy,False,0.8725665089583514,4.163492493946733,28.239017640954685,0.011578080659927173,-0.23156042976186342,-0.8213763796824871,-0.9371565945634188,-0.002920792611762869,27.887536212451877,6.799342594136336,11.104145648403778,-1.810263514398546,596846.0,4.259999999999991,1.0,12.892999999999972,90.0,0.04067230920166428,4.259999999999991,12.0,0.013192938990399477,3.0,2.5,-0.23156042976186342,-0.9371565945634188,-0.8213763796824871,27.887536212451877,6.799342594136336,11.104145648403778,-1.810263514398546,9.847189522589932,28.55684961551167,21.88699514472919,-0.21292585170340894,0.2757657544564517,0.15870000000001028,0.040000000000020464,0.6800000000000068,0.0,27669.0,27669.0,2022-04-29,2022-04-29 12:40:00,1.0041420861051804,53.0,1.0,best_within_2.0d,27721.0,321.88,0.5832424107187206,4.3760036431226785,32.22527881040892,0.012230020343504162,2.285057100371749,15.890706319702602,0.006381710269403211,0.8725665089583514,12.892999999999972,90.0,0.04067230920166428,4.259999999999991,12.0,0.013192938990399477,3.0,0.00402220134195386,1.9444468750000041,16.553125,0.005470102952261012,0.0,0
27670.0,2022-04-29 12:50:00,318.93,318.93,318.13,318.21,533123.0,2s,2s,1.0,buy,False,0.9121228573644626,4.163492493946733,28.239017640954685,0.011578080659927173,-0.24784775521241054,-0.877606158765343,-1.0015300363715482,-0.0031246265514270444,27.212033240385452,8.307826273177948,10.042227231894723,4.8390243557443995,533123.0,4.769999999999982,1.0,12.892999999999972,90.0,0.04067230920166428,4.769999999999982,14.0,0.014772375348405024,3.0,2.5,-0.24784775521241054,-1.0015300363715482,-0.877606158765343,27.212033240385452,8.307826273177948,10.042227231894723,4.8390243557443995,9.005914193134682,34.7238341054895,26.304031007900182,-0.2257548678393463,0.25146952503693815,0.0,0.07999999999998408,0.7200000000000273,0.0,27671.0,27671.0,2022-04-29,2022-04-29 12:50:00,1.1533264196599782,51.0,1.0,best_within_2.0d,27721.0,321.88,0.5832424107187206,4.3760036431226785,32.22527881040892,0.012230020343504162,2.285057100371749,15.890706319702602,0.006381710269403211,0.9121228573644626,12.892999999999972,90.0,0.04067230920166428,4.769999999999982,14.0,0.014772375348405024,3.0,0.00402220134195386,1.9444468750000041,16.553125,0.005470102952261012,1.0,0
27690.0,2022-04-29 14:30:00,319.43,320.05,319.21,319.2238,610038.0,3a,3a,0.0,sell,False,0.00449124980641161,4.163492493946733,28.239017640954685,0.011578080659927173,0.3470645120114506,-0.7589795801015353,-0.58544732409581,-0.0018306568439786293,43.84626812132184,60.20564620110606,53.31413285123914,73.98867290083993,610038.0,1.920000000000016,2.0,1.920000000000016,10.0,0.00603526860088648,1.920000000000016,10.0,0.00603526860088648,3.0,3.0,0.3470645120114506,-0.58544732409581,-0.7589795801015353,43.84626812132184,60.20564620110606,53.31413285123914,73.98867290083993,23.21885577478712,14.91166515314099,26.433691154438662,-0.06455248411233257,0.263149650700176,0.6200000000000045,0.013800000000003365,0.20620000000002392,0.0,27691.0,27691.0,2022-04-29,2022-04-29 14:30:00,1.5010090817356179,31.0,1.0,best_within_2.0d,27721.0,321.88,0.5832424107187206,4.3760036431226785,32.22527881040892,0.012230020343504162,2.285057100371749,15.890706319702602,0.006381710269403211,0.4929364202292669,5.6011759621451125,36.843533123028394,0.015614239272951093,2.82998018927445,22.52492113564669,0.007835530045022196,1.8630914826498424,0.00449124980641161,1.920000000000016,10.0,0.00603526860088648,0.0,1
27690.0,2022-04-29 14:30:00,317.15,317.61,316.91,317.12,700085.0,1p,1p,1.0,buy,False,0.27964850292835103,3.1399999999999864,12.0,0.00981096703640052,-0.08142574500436828,-0.7330101514323808,-0.7737230239345649,-0.002428804722195558,31.317528154257857,11.52422654783798,13.26554672981596,8.041586183882018,700085.0,3.1399999999999864,0.0,3.1399999999999864,12.0,0.00981096703640052,3.1399999999999864,0.0,0.0,1.0,1.0,-0.08142574500436828,-0.7737230239345649,-0.7330101514323808,31.317528154257857,11.52422654783798,13.26554672981596,8.041586183882018,17.806364251862057,28.93834494507213,18.20713824242227,-0.009459246413360465,0.22088290050802706,0.4600000000000364,0.20999999999997954,0.029999999999972715,0.0,27691.0,27691.0,2022-04-29,2022-04-29 14:30:00,1.5010090817356179,31.0,1.0,best_within_2.0d,27721.0,321.88,0.5832424107187206,4.3760036431226785,32.22527881040892,0.012230020343504162,2.285057100371749,15.890706319702602,0.006381710269403211,0.4929364202292669,5.6011759621451125,36.843533123028394,0.015614239272951093,2.82998018927445,22.52492113564669,0.007835530045022196,1.8630914826498424,0.00402220134195386,1.9444468750000041,16.553125,0.005470102952261012,0.0,0
27691.0,2022-04-29 14:35:00,317.07,317.3,316.42,316.47,744598.0,1p,1p,1.0,buy,False,0.44170616575309013,3.6299999999999955,13.0,0.01134197781596624,-0.1416007448404355,-0.7507102445374352,-0.8215106169576529,-0.002580070025975188,26.938680829547707,8.491879187231975,11.674324215621297,2.1269891304533317,744598.0,3.6299999999999955,0.0,3.6299999999999955,13.0,0.01134197781596624,3.6299999999999955,0.0,0.0,1.0,1.0,-0.1416007448404355,-0.8215106169576529,-0.7507102445374352,26.938680829547707,8.491879187231975,11.674324215621297,2.1269891304533317,13.170211376450796,34.17724274549986,20.07575808881735,-0.18923266155737406,0.27811137096264316,0.2300000000000182,0.05000000000001137,0.5999999999999659,0.0,27692.0,27692.0,2022-04-29,2022-04-29 14:35:00,1.7094827313805314,30.0,1.0,best_within_2.0d,27721.0,321.88,0.5832424107187206,4.3760036431226785,32.22527881040892,0.012230020343504162,2.285057100371749,15.890706319702602,0.006381710269403211,0.4929364202292669,5.6011759621451125,36.843533123028394,0.015614239272951093,2.82998018927445,22.52492113564669,0.007835530045022196,1.8630914826498424,0.00402220134195386,1.9444468750000041,16.553125,0.005470102952261012,0.0,0
27692.0,2022-04-29 14:40:00,316.44,316.74,316.42,316.7399,543749.0,1p,1p,1.0,buy,False,0.44170616575309013,3.6299999999999955,14.0,0.01134197781596624,-0.12375738499371525,-0.7661799176616496,-0.8280586101585072,-0.002601643521106239,31.237956682265022,10.837628196018098,11.39542554242023,9.72203350321383,543749.0,3.6299999999999955,0.0,3.6299999999999955,14.0,0.01134197781596624,3.6299999999999955,0.0,0.0,1.0,1.0,-0.12375738499371525,-0.8280586101585072,-0.7661799176616496,31.237956682265022,10.837628196018098,11.39542554242023,9.72203350321383,13.582686004221186,35.247631448970104,21.81090508904135,0.09477310074579055,0.10113140762277768,0.00010000000003174137,0.01999999999998181,0.2998999999999796,1.0,27693.0,27693.0,2022-04-29,2022-04-29 14:40:00,1.6228141765530704,29.0,1.0,best_within_2.0d,27721.0,321.88,0.5832424107187206,4.3760036431226785,32.22527881040892,0.012230020343504162,2.285057100371749,15.890706319702602,0.006381710269403211,0.4929364202292669,5.6011759621451125,36.843533123028394,0.015614239272951093,2.82998018927445,22.52492113564669,0.007835530045022196,1.8630914826498424,0.00402220134195386,1.9444468750000041,16.553125,0.005470102952261012,0.0,0
27693.0,2022-04-29 14:45:00,316.74,316.77,316.03,316.07,1036767.0,1p,1p,1.0,buy,False,0.5540595120584508,4.020000000000039,15.0,0.012560537416028866,-0.17761861997022854,-0.7883822451579282,-0.8771915551430425,-0.002757432407587132,26.992345631849773,7.769303151087163,10.186718078642542,2.934473295976403,1036767.0,4.020000000000039,0.0,4.020000000000039,15.0,0.012560537416028866,4.020000000000039,0.0,0.0,1.0,1.0,-0.17761861997022854,-0.8771915551430425,-0.7883822451579282,26.992345631849773,7.769303151087163,10.186718078642542,2.934473295976403,10.217519640343754,40.07538258934775,24.49355085581892,-0.21152996148260905,0.23415498528620993,0.029999999999972715,0.040000000000020464,0.6700000000000159,0.0,27694.0,27694.0,2022-04-29,2022-04-29 14:45:00,1.8382003986458704,28.0,1.0,best_within_2.0d,27721.0,321.88,0.5832424107187206,4.3760036431226785,32.22527881040892,0.012230020343504162,2.285057100371749,15.890706319702602,0.006381710269403211,0.4929364202292669,5.6011759621451125,36.843533123028394,0.015614239272951093,2.82998018927445,22.52492113564669,0.007835530045022196,1.8630914826498424,0.00402220134195386,1.9444468750000041,16.553125,0.005470102952261012,0.0,0
27694.0,2022-04-29 14:50:00,316.08,316.25,315.77,315.84,847318.0,1p,1p,1.0,buy,False,0.6770540105249546,4.28000000000003,16.0,0.013372910482737164,-0.21704780150415393,-0.8155132203459473,-0.9240371210980243,-0.002906232633387519,25.70080845128966,6.040544044144114,8.804660067143066,0.5123119981462096,847318.0,4.28000000000003,0.0,4.28000000000003,16.0,0.013372910482737164,4.28000000000003,0.0,0.0,1.0,1.0,-0.21704780150415393,-0.9240371210980243,-0.8155132203459473,25.70080845128966,6.040544044144114,8.804660067143066,0.5123119981462096,10.786969341036471,35.477143610519725,26.556002626665293,-0.07593014426727698,0.152009373911397,0.17000000000001592,0.06999999999999318,0.2400000000000091,0.0,27695.0,27695.0,2022-04-29,2022-04-29 14:50:00,1.9123606889564402,27.0,1.0,best_within_2.0d,27721.0,321.88,0.5832424107187206,4.3760036431226785,32.22527881040892,0.012230020343504162,2.285057100371749,15.890706319702602,0.006381710269403211,0.4929364202292669,5.6011759621451125,36.843533123028394,0.015614239272951093,2.82998018927445,22.52492113564669,0.007835530045022196,1.8630914826498424,0.00402220134195386,1.9444468750000041,16.553125,0.005470102952261012,0.0,0
27695.0,2022-04-29 14:55:00,315.835,316.71,315.63,316.43,938018.0,1p,1p,1.0,buy,False,0.6770540105249546,4.420000000000016,17.0,0.013810342134041606,-0.1402086441810091,-0.8330393008685736,-0.9031436229590781,-0.002841525854766171,34.37527262998148,13.38375450896163,10.331024881082588,19.489213764719715,938018.0,4.420000000000016,0.0,4.420000000000016,17.0,0.013810342134041606,4.420000000000016,0.0,0.0,1.0,1.0,-0.1402086441810091,-0.9031436229590781,-0.8330393008685736,34.37527262998148,13.38375450896163,10.331024881082588,19.489213764719715,15.422298829719935,29.4838065862299,26.895797532841506,0.1883895071793903,0.34217279726261257,0.2799999999999727,0.20499999999998408,0.5950000000000273,1.0,27696.0,27696.0,2022-04-29,2022-04-29 14:55:00,1.722339853996141,26.0,1.0,best_within_2.0d,27721.0,321.88,0.5832424107187206,4.3760036431226785,32.22527881040892,0.012230020343504162,2.285057100371749,15.890706319702602,0.006381710269403211,0.4929364202292669,5.6011759621451125,36.843533123028394,0.015614239272951093,2.82998018927445,22.52492113564669,0.007835530045022196,1.8630914826498424,0.00402220134195386,1.9444468750000041,16.553125,0.005470102952261012,0.0,0
27697.0,2022-04-29 15:05:00,316.3,316.34,315.59,315.6588,811396.0,1p,1p,1.0,buy,False,0.6770540105249546,4.460000000000036,19.0,0.01393532260584295,-0.1093813399874175,-0.8564375128534559,-0.9111281828471647,-0.0028690158502338854,29.232609822648826,14.71604762256383,14.023827185072609,16.100488497546273,811396.0,4.460000000000036,0.0,4.460000000000036,19.0,0.01393532260584295,4.460000000000036,0.0,0.0,1.0,1.0,-0.1093813399874175,-0.9111281828471647,-0.8564375128534559,29.232609822648826,14.71604762256383,14.023827185072609,16.100488497546273,14.355986235142801,30.612029471996927,27.84981518625477,-0.2027189377173652,0.23765011565638963,0.03999999999996362,0.06880000000001019,0.6412000000000262,0.0,27698.0,27698.0,2022-04-29,2022-04-29 15:05:00,1.97086220944894,24.0,1.0,best_within_2.0d,27721.0,321.88,0.5832424107187206,4.3760036431226785,32.22527881040892,0.012230020343504162,2.285057100371749,15.890706319702602,0.006381710269403211,0.4929364202292669,5.6011759621451125,36.843533123028394,0.015614239272951093,2.82998018927445,22.52492113564669,0.007835530045022196,1.8630914826498424,0.00402220134195386,1.9444468750000041,16.553125,0.005470102952261012,0.0,0
27698.0,2022-04-29 15:10:00,315.66,315.97,315.16,315.255,917433.0,1p,1p,1.0,buy,False,0.6770540105249546,4.889999999999986,20.0,0.015278862677706565,-0.15936242193348216,-0.876357815595141,-0.9560390265618821,-0.0030120639041066604,26.945754401893794,11.103215421844876,13.050289930663364,7.209066404207896,917433.0,4.889999999999986,0.0,4.889999999999986,20.0,0.015278862677706565,4.889999999999986,0.0,0.0,1.0,1.0,-0.15936242193348216,-0.9560390265618821,-0.876357815595141,26.945754401893794,11.103215421844876,13.050289930663364,7.209066404207896,14.102909762117259,30.27977684219339,28.464013968010985,-0.1283026040676771,0.2570123112070066,0.3100000000000023,0.09499999999997044,0.40500000000002956,0.0,27699.0,27699.0,2022-04-29,2022-04-29 15:10:00,2.101473410413792,23.0,1.0,best_within_2.0d,27721.0,321.88,0.5832424107187206,4.3760036431226785,32.22527881040892,0.012230020343504162,2.285057100371749,15.890706319702602,0.006381710269403211,0.4929364202292669,5.6011759621451125,36.843533123028394,0.015614239272951093,2.82998018927445,22.52492113564669,0.007835530045022196,1.8630914826498424,0.00402220134195386,1.9444468750000041,16.553125,0.005470102952261012,0.0,0
27702.0,2022-04-29 15:30:00,315.16,316.02,315.05,315.6,941605.0,1p,1p,1.0,buy,False,0.6770540105249546,5.0,24.0,0.015622558975160131,0.00875274325234976,-0.8818972426715375,-0.8775208710453626,-0.0027685702644355452,37.30217135033543,26.820762550409267,24.138254995987598,32.1857776592526,941605.0,5.0,0.0,5.0,24.0,0.015622558975160131,5.0,0.0,0.0,1.0,1.0,0.00875274325234976,-0.8775208710453626,-0.8818972426715375,37.30217135033543,26.820762550409267,24.138254995987598,32.1857776592526,9.944491655667155,21.968286112065456,29.30068272879248,0.139611625840842,0.30788763688302506,0.4199999999999591,0.11000000000001364,0.4399999999999977,1.0,27703.0,27703.0,2022-04-29,2022-04-29 15:30:00,1.9898605830164677,19.0,1.0,best_within_2.0d,27721.0,321.88,0.5832424107187206,4.3760036431226785,32.22527881040892,0.012230020343504162,2.285057100371749,15.890706319702602,0.006381710269403211,0.4929364202292669,5.6011759621451125,36.843533123028394,0.015614239272951093,2.82998018927445,22.52492113564669,0.007835530045022196,1.8630914826498424,0.00402220134195386,1.9444468750000041,16.553125,0.005470102952261012,0.0,0
27704.0,2022-04-29 15:40:00,315.5,315.99,315.0,315.07,1140086.0,1p,1p,1.0,buy,False,0.6770540105249546,5.050000000000011,26.0,0.015778784564911767,0.013716964468506898,-0.8755704175798831,-0.8687119353456296,-0.002742853922535773,33.88596766537114,19.333324185723885,23.154033159069716,11.691906239032228,1140086.0,5.050000000000011,0.0,5.050000000000011,26.0,0.015778784564911767,5.050000000000011,0.0,0.0,1.0,1.0,0.013716964468506898,-0.8687119353456296,-0.8755704175798831,33.88596766537114,19.333324185723885,23.154033159069716,11.691906239032228,7.583417593528628,21.73913043478248,31.211628315551987,-0.13629160063391657,0.31428571428571717,0.4900000000000091,0.06999999999999318,0.4300000000000068,0.0,27705.0,27705.0,2022-04-29,2022-04-29 15:40:00,2.1614244453613494,17.0,1.0,best_within_2.0d,27721.0,321.88,0.5832424107187206,4.3760036431226785,32.22527881040892,0.012230020343504162,2.285057100371749,15.890706319702602,0.006381710269403211,0.4929364202292669,5.6011759621451125,36.843533123028394,0.015614239272951093,2.82998018927445,22.52492113564669,0.007835530045022196,1.8630914826498424,0.00402220134195386,1.9444468750000041,16.553125,0.005470102952261012,0.0,0
27705.0,2022-04-29 15:45:00,315.07,315.22,314.01,314.11,1700927.0,1p,1p,1.0,buy,False,0.6770540105249546,6.0400000000000205,27.0,0.018872051241993502,-0.10809639527184944,-0.8890824669888643,-0.943130664624789,-0.0029796397928878613,28.690540659325137,14.26458783932043,20.190884719153285,2.4119940796547255,1700927.0,6.0400000000000205,0.0,6.0400000000000205,27.0,0.018872051241993502,6.0400000000000205,0.0,0.0,1.0,1.0,-0.10809639527184944,-0.943130664624789,-0.8890824669888643,28.690540659325137,14.26458783932043,20.190884719153285,2.4119940796547255,7.378258730939289,25.250040990326077,32.89464553206501,-0.3046941949408003,0.3853380465590384,0.1500000000000341,0.10000000000002274,0.9599999999999795,0.0,27706.0,27706.0,2022-04-29,2022-04-29 15:45:00,2.4736557257011818,16.0,1.0,best_within_2.0d,27721.0,321.88,0.5832424107187206,4.3760036431226785,32.22527881040892,0.012230020343504162,2.285057100371749,15.890706319702602,0.006381710269403211,0.4929364202292669,5.6011759621451125,36.843533123028394,0.015614239272951093,2.82998018927445,22.52492113564669,0.007835530045022196,1.8630914826498424,0.00402220134195386,1.9444468750000041,16.553125,0.005470102952261012,0.0,0
27706.0,2022-04-29 15:50:00,314.08,314.1,312.735,313.12,3185767.0,1p,1p,1.0,buy,False,0.9012749845446444,7.314999999999998,28.0,0.022855803780659264,-0.2889278416568737,-0.9251984471959733,-1.0696623680244102,-0.0033820874095561366,24.51607459841182,12.98006955648217,17.787279664929578,3.365649339587357,3185767.0,7.314999999999998,0.0,7.314999999999998,28.0,0.022855803780659264,7.314999999999998,0.0,0.0,1.0,1.0,-0.2889278416568737,-1.0696623680244102,-0.9251984471959733,24.51607459841182,12.98006955648217,17.787279664929578,3.365649339587357,6.79091526446823,32.8604844186218,35.24123568741367,-0.3056546102903654,0.4364717732265365,0.020000000000038654,0.3849999999999909,0.9599999999999795,0.0,27707.0,27707.0,2022-04-29,2022-04-29 15:50:00,2.7976494634644835,15.0,1.0,best_within_2.0d,27721.0,321.88,0.5832424107187206,4.3760036431226785,32.22527881040892,0.012230020343504162,2.285057100371749,15.890706319702602,0.006381710269403211,0.4929364202292669,5.6011759621451125,36.843533123028394,0.015614239272951093,2.82998018927445,22.52492113564669,0.007835530045022196,1.8630914826498424,0.00402220134195386,1.9444468750000041,16.553125,0.005470102952261012,0.0,0
27707.0,2022-04-29 15:55:00,313.11,313.56,312.6,313.24,5111312.0,1p,1p,1.0,buy,False,1.1071838957204267,7.449999999999989,29.0,0.02327761287298856,-0.35493745948066535,-0.9695656296310565,-1.1470343593713892,-0.003629302223906156,25.92301669714476,14.219081069657488,16.597880133172215,9.461482942628031,5111312.0,7.449999999999989,0.0,7.449999999999989,29.0,0.02327761287298856,7.449999999999989,0.0,0.0,1.0,1.0,-0.35493745948066535,-1.1470343593713892,-0.9695656296310565,25.92301669714476,14.219081069657488,16.597880133172215,9.461482942628031,6.680026720106705,30.43123283604175,37.2954331383127,0.041518954999838854,0.3071017274472103,0.3199999999999932,0.5099999999999909,0.12999999999999545,1.0,27708.0,27708.0,2022-04-29,2022-04-29 15:55:00,2.7582684203805345,14.0,1.0,best_within_2.0d,27721.0,321.88,0.5832424107187206,4.3760036431226785,32.22527881040892,0.012230020343504162,2.285057100371749,15.890706319702602,0.006381710269403211,0.4929364202292669,5.6011759621451125,36.843533123028394,0.015614239272951093,2.82998018927445,22.52492113564669,0.007835530045022196,1.8630914826498424,0.00402220134195386,1.9444468750000041,16.553125,0.005470102952261012,1.0,0
27714.0,2022-04-29 16:30:00,315.76,316.32,315.0,316.26,1958231.0,1p,1p,1.0,buy,False,9.556881565548535,7.8799999999999955,9.0,0.024405351833498498,-0.8070905239558405,-0.03198179652593085,-0.4355270585038511,-0.0013692084764274995,39.141329040193945,17.415462741039192,26.818015759536788,-1.3896432959559988,1958231.0,7.8799999999999955,0.0,7.8799999999999955,9.0,0.024405351833498498,7.8799999999999955,0.0,0.0,1.0,1.0,-0.8070905239558405,-0.4355270585038511,-0.03198179652593085,39.141329040193945,17.415462741039192,26.818015759536788,-1.3896432959559988,27.423870193681072,29.841038239598266,24.320861978515875,0.15834811249049913,0.4190476190476169,0.060000000000002274,0.7599999999999909,0.5,1.0,27715.0,27715.0,2022-04-29,2022-04-29 16:30:00,1.7770189084930135,7.0,1.0,best_within_2.0d,27721.0,321.88,0.5832424107187206,4.3760036431226785,32.22527881040892,0.012230020343504162,2.285057100371749,15.890706319702602,0.006381710269403211,0.4929364202292669,5.6011759621451125,36.843533123028394,0.015614239272951093,2.82998018927445,22.52492113564669,0.007835530045022196,1.8630914826498424,0.00402220134195386,1.9444468750000041,16.553125,0.005470102952261012,0.0,0
27721.0,2022-04-29 17:05:00,322.24,322.9,321.7,321.88,635908.0,2,2,0.0,sell,False,0.3591928051797902,4.163492493946733,28.239017640954685,0.011578080659927173,0.17216918938306525,-0.5954417687599737,-0.509357174068441,-0.0015799565544804075,44.68722077974261,60.18377459560977,52.79314054575978,74.96504269530973,635908.0,2.4242999999999597,1.0,6.749300000000005,16.0,0.020625869050347634,2.4242999999999597,8.0,0.007564692112381561,2.0,2.0,0.17216918938306525,-0.509357174068441,-0.5954417687599737,44.68722077974261,60.18377459560977,52.79314054575978,74.96504269530973,25.84039123123697,11.988398821369671,30.664005947129276,-0.11171797418073909,0.3730183400683832,0.6599999999999682,0.18000000000000682,0.36000000000001364,0.0,27722.0,27722.0,2022-04-29,2022-04-29 17:05:00,2.0540172048918044,173.78554736652885,0.0,,14281.267661333814,366.3529484630595,0.3591928051797902,6.749300000000005,16.0,0.020625869050347634,2.4242999999999597,8.0,0.007564692112381561,0.4929364202292669,5.6011759621451125,36.843533123028394,0.015614239272951093,2.82998018927445,22.52492113564669,0.007835530045022196,1.8630914826498424,0.00402220134195386,1.9444468750000041,16.553125,0.005470102952261012,0.0,1
27766.0,2022-05-02 04:50:00,314.5,314.5,314.09,314.17,2990.0,2,2,1.0,buy,False,0.5177993527508206,4.163492493946733,28.239017640954685,0.011578080659927173,-0.10928242383533635,0.12035158444370946,0.06571037252604128,0.0002088729324827465,41.98689059593876,34.29073745565371,52.47267978993114,-2.073147212901148,2990.0,1.6000000000000227,1.0,3.089999999999975,52.0,0.009884836852207214,1.6000000000000227,9.0,0.005068263169565152,2.0,2.0,-0.10928242383533635,0.06571037252604128,0.12035158444370946,41.98689059593876,34.29073745565371,52.47267978993114,-2.073147212901148,13.988919667589958,36.288088642659496,33.09934080871758,-0.10492845786962929,0.13053583367825305,0.0,0.08000000000004093,0.3299999999999841,0.0,27767.0,27767.0,2022-05-02,2022-05-02 04:50:00,4.710825349333167,119.0,1.0,best_within_2.0d,27885.0,328.97,0.5177993527508206,3.089999999999975,52.0,0.009884836852207214,1.6000000000000227,9.0,0.005068263169565152,0.4929364202292669,5.6011759621451125,36.843533123028394,0.015614239272951093,2.82998018927445,22.52492113564669,0.007835530045022196,1.8630914826498424,0.00402220134195386,1.9444468750000041,16.553125,0.005470102952261012,0.0,0
27767.0,2022-05-02 04:55:00,313.96,314.06,313.64,313.96,9472.0,2,2,1.0,buy,False,0.6634304207119831,4.163492493946733,28.239017640954685,0.011578080659927173,-0.18464454716040374,0.09727101604865898,0.004948742468457112,1.5732872521754806e-05,38.88774890220463,29.325138101748667,44.75683256053698,-1.5382508158279506,9472.0,2.0500000000000114,1.0,3.089999999999975,52.0,0.009884836852207214,2.0500000000000114,10.0,0.006493712186005294,2.0,2.0,-0.18464454716040374,0.004948742468457112,0.09727101604865898,38.88774890220463,29.325138101748667,44.75683256053698,-1.5382508158279506,10.78561917443405,40.87882822902761,34.89563237098148,0.0,0.13391149088127022,0.10000000000002274,0.3199999999999932,0.0,0.0,27768.0,27768.0,2022-05-02,2022-05-02 04:55:00,4.780863804306296,118.0,1.0,best_within_2.0d,27885.0,328.97,0.6634304207119831,3.089999999999975,52.0,0.009884836852207214,2.0500000000000114,10.0,0.006493712186005294,0.4929364202292669,5.6011759621451125,36.843533123028394,0.015614239272951093,2.82998018927445,22.52492113564669,0.007835530045022196,1.8630914826498424,0.00402220134195386,1.9444468750000041,16.553125,0.005470102952261012,1.0,0
27779.0,2022-05-02 05:55:00,314.55,314.72,314.5,314.55,8400.0,2s,2s,1.0,buy,False,0.3851132686084166,4.163492493946733,28.239017640954685,0.011578080659927173,0.036754524487943516,0.041957366555097166,0.06033462879906892,0.00019177735054760016,49.04416063901119,69.55036337125485,73.5434570679789,61.56417597780674,8400.0,0.5099999999999909,1.0,3.089999999999975,52.0,0.009884836852207214,0.5099999999999909,5.0,0.001618996222342119,1.0,2.5,0.036754524487943516,0.06033462879906892,0.041957366555097166,49.04416063901119,69.55036337125485,73.5434570679789,61.56417597780674,29.910714285713734,39.508928571427774,21.909965638319076,0.0,0.06995230524643158,0.17000000000001592,0.05000000000001137,0.0,0.0,27780.0,27780.0,2022-05-02,2022-05-02 05:55:00,4.584326816086478,106.0,1.0,best_within_2.0d,27885.0,328.97,0.5832424107187206,4.3760036431226785,32.22527881040892,0.012230020343504162,2.285057100371749,15.890706319702602,0.006381710269403211,0.3851132686084166,3.089999999999975,52.0,0.009884836852207214,0.5099999999999909,5.0,0.001618996222342119,1.0,0.00402220134195386,1.9444468750000041,16.553125,0.005470102952261012,0.0,0
27780.0,2022-05-02 06:00:00,314.52,314.62,314.25,314.34,11245.0,2s,2s,1.0,buy,False,0.46601941747573117,4.163492493946733,28.239017640954685,0.011578080659927173,-0.019614382020247553,0.03950556880256622,0.029698377792442443,9.440408124180991e-05,45.71493257287162,53.11294066020022,66.73328493205267,25.872252116495332,11245.0,0.7599999999999909,1.0,3.089999999999975,52.0,0.009884836852207214,0.7599999999999909,6.0,0.0024126218215294462,1.0,2.5,-0.019614382020247553,0.029698377792442443,0.03950556880256622,45.71493257287162,53.11294066020022,66.73328493205267,25.872252116495332,31.980906921240525,32.69689737470047,20.424040312018406,-0.05723006486074235,0.11774065234685906,0.10000000000002274,0.08999999999997499,0.18000000000000682,0.0,27781.0,27781.0,2022-05-02,2022-05-02 06:00:00,4.654196093402066,105.0,1.0,best_within_2.0d,27885.0,328.97,0.5832424107187206,4.3760036431226785,32.22527881040892,0.012230020343504162,2.285057100371749,15.890706319702602,0.006381710269403211,0.46601941747573117,3.089999999999975,52.0,0.009884836852207214,0.7599999999999909,6.0,0.0024126218215294462,1.0,0.00402220134195386,1.9444468750000041,16.553125,0.005470102952261012,0.0,0
27781.0,2022-05-02 06:05:00,314.46,314.46,314.25,314.35,3400.0,2s,2s,1.0,buy,False,0.46601941747573117,4.163492493946733,28.239017640954685,0.011578080659927173,-0.053361078438976764,0.032835433997694126,0.006154894778205744,1.9566042811406345e-05,45.90325099044151,39.7945920190819,57.753720627729074,3.876334801787536,3400.0,0.7599999999999909,1.0,3.089999999999975,52.0,0.009884836852207214,0.7599999999999909,7.0,0.0024126218215294462,1.0,2.5,-0.053361078438976764,0.006154894778205744,0.032835433997694126,45.90325099044151,39.7945920190819,57.753720627729074,3.876334801787536,34.625322997415786,23.772609819121133,20.292613918049984,-0.034980601666334925,0.06682577565631807,0.0,0.10000000000002274,0.1099999999999568,0.0,27782.0,27782.0,2022-05-02,2022-05-02 06:05:00,4.650866868140609,104.0,1.0,best_within_2.0d,27885.0,328.97,0.5832424107187206,4.3760036431226785,32.22527881040892,0.012230020343504162,2.285057100371749,15.890706319702602,0.006381710269403211,0.46601941747573117,3.089999999999975,52.0,0.009884836852207214,0.7599999999999909,7.0,0.0024126218215294462,1.0,0.00402220134195386,1.9444468750000041,16.553125,0.005470102952261012,1.0,0
27786.0,2022-05-02 06:30:00,314.84,315.15,314.8,315.11,16810.0,1,1,0.0,sell,False,0.21555544348034544,0.8999999999999773,6.0,0.0028639618138424096,0.07521940834448734,0.05133917917319426,0.08894888334543793,0.00028267006614763235,58.80095686649885,76.9533405861106,67.086067099399,96.6878875595338,16810.0,0.8999999999999773,1.0,0.8999999999999773,6.0,0.0028639618138424096,0.8999999999999773,6.0,0.0028639618138424096,1.0,1.0,0.07521940834448734,0.08894888334543793,0.05133917917319426,58.80095686649885,76.9533405861106,67.086067099399,96.6878875595338,44.79768786127136,31.213872832370182,19.442879558714875,0.08575784525474484,0.11118170266835002,0.03999999999996362,0.03999999999996362,0.27000000000003865,1.0,27787.0,27787.0,2022-05-02,2022-05-02 06:30:00,1.5835739900352288,98.0,1.0,best_within_2.0d,27884.0,310.12,0.5832424107187206,4.3760036431226785,32.22527881040892,0.012230020343504162,2.285057100371749,15.890706319702602,0.006381710269403211,0.4929364202292669,5.6011759621451125,36.843533123028394,0.015614239272951093,2.82998018927445,22.52492113564669,0.007835530045022196,1.8630914826498424,0.00402220134195386,1.9444468750000041,16.553125,0.005470102952261012,0.0,1
27787.0,2022-05-02 06:35:00,315.2,315.23,315.11,315.23,6597.0,1,1,0.0,sell,False,0.3131120420722266,0.9800000000000182,7.0,0.0031185361972952052,0.10926238822799489,0.06499697770169363,0.11962817181569108,0.0003801158113056968,60.68795230144169,84.6355603907404,72.9358981965128,108.03488477919558,6597.0,0.9800000000000182,1.0,0.9800000000000182,7.0,0.0031185361972952052,0.9800000000000182,7.0,0.0031185361972952052,1.0,1.0,0.10926238822799489,0.11962817181569108,0.06499697770169363,60.68795230144169,84.6355603907404,72.9358981965128,108.03488477919558,41.616766467066476,32.33532934131768,18.95057439648164,0.009517766497471308,0.03808193964012711,0.0,0.08999999999997499,0.03000000000002956,1.0,27788.0,27788.0,2022-05-02,2022-05-02 06:35:00,1.621038606731597,97.0,1.0,best_within_2.0d,27884.0,310.12,0.5832424107187206,4.3760036431226785,32.22527881040892,0.012230020343504162,2.285057100371749,15.890706319702602,0.006381710269403211,0.4929364202292669,5.6011759621451125,36.843533123028394,0.015614239272951093,2.82998018927445,22.52492113564669,0.007835530045022196,1.8630914826498424,0.00402220134195386,1.9444468750000041,16.553125,0.005470102952261012,1.0,1
27791.0,2022-05-02 06:55:00,314.5,314.7,314.25,314.46,4292.0,2s,2s,1.0,buy,False,0.46601941747573117,4.163492493946733,28.239017640954685,0.011578080659927173,-0.06864731528558768,0.06019486090246291,0.025871203259669073,8.221487255184941e-05,45.80349722109776,35.70906509104033,51.71431510401932,3.6985650650823487,4292.0,0.9800000000000182,1.0,3.089999999999975,52.0,0.009884836852207214,0.9800000000000182,5.0,0.003108841163594893,2.0,2.5,-0.06864731528558768,0.025871203259669073,0.06019486090246291,45.80349722109776,35.70906509104033,51.71431510401932,3.6985650650823487,28.701594533029866,40.774487471527316,17.42179182157546,-0.01271860095390158,0.14319809069212047,0.19999999999998863,0.20999999999997954,0.040000000000020464,0.0,27792.0,27792.0,2022-05-02,2022-05-02 06:55:00,4.614259365261098,94.0,1.0,best_within_2.0d,27885.0,328.97,0.5832424107187206,4.3760036431226785,32.22527881040892,0.012230020343504162,2.285057100371749,15.890706319702602,0.006381710269403211,0.46601941747573117,3.089999999999975,52.0,0.009884836852207214,0.9800000000000182,5.0,0.003108841163594893,2.0,0.00402220134195386,1.9444468750000041,16.553125,0.005470102952261012,0.0,0
27793.0,2022-05-02 07:05:00,314.48,314.62,314.21,314.21,14571.0,2s,2s,1.0,buy,False,0.4789644012945081,4.163492493946733,28.239017640954685,0.011578080659927173,-0.13077830703851726,0.032550828225889575,-0.03283832529336905,-0.00010437204007787335,41.46517929845664,20.405842988307832,36.58803537176936,-11.95854177861522,14571.0,1.0200000000000387,1.0,3.089999999999975,52.0,0.009884836852207214,1.0200000000000387,7.0,0.003235732639660053,2.0,2.5,-0.13077830703851726,-0.03283832529336905,0.032550828225889575,41.46517929845664,20.405842988307832,36.58803537176936,-11.95854177861522,24.256292906178516,36.84210526315817,18.192116260689918,-0.08585601628085686,0.1304859807135435,0.13999999999998636,0.0,0.27000000000003865,0.0,27794.0,27794.0,2022-05-02,2022-05-02 07:05:00,4.697495305687294,92.0,1.0,best_within_2.0d,27885.0,328.97,0.5832424107187206,4.3760036431226785,32.22527881040892,0.012230020343504162,2.285057100371749,15.890706319702602,0.006381710269403211,0.4789644012945081,3.089999999999975,52.0,0.009884836852207214,1.0200000000000387,7.0,0.003235732639660053,2.0,0.00402220134195386,1.9444468750000041,16.553125,0.005470102952261012,0.0,0
27794.0,2022-05-02 07:10:00,314.19,314.34,313.95,313.961,27564.0,2s,2s,1.0,buy,False,0.5631067961165124,4.163492493946733,28.239017640954685,0.011578080659927173,-0.18162207352667584,0.009848069035055095,-0.08096296772828282,-0.00025736990085310324,37.63113847452456,13.890353658872508,29.02214146747041,-16.373221958323292,27564.0,1.2800000000000296,1.0,3.089999999999975,52.0,0.009884836852207214,1.2800000000000296,8.0,0.004060527234083144,2.0,2.5,-0.18162207352667584,-0.08096296772828282,0.009848069035055095,37.63113847452456,13.890353658872508,29.02214146747041,-16.373221958323292,24.14578587699329,36.902050113895434,18.38521669835919,-0.07288583341289825,0.12422360248446772,0.14999999999997726,0.011000000000024102,0.228999999999985,0.0,27795.0,27795.0,2022-05-02,2022-05-02 07:10:00,4.780530065836206,91.0,1.0,best_within_2.0d,27885.0,328.97,0.5832424107187206,4.3760036431226785,32.22527881040892,0.012230020343504162,2.285057100371749,15.890706319702602,0.006381710269403211,0.5631067961165124,3.089999999999975,52.0,0.009884836852207214,1.2800000000000296,8.0,0.004060527234083144,2.0,0.00402220134195386,1.9444468750000041,16.553125,0.005470102952261012,0.0,0
27795.0,2022-05-02 07:15:00,313.95,313.96,313.66,313.7,46463.0,2s,2s,1.0,buy,False,0.6569579288025855,4.163492493946733,28.239017640954685,0.011578080659927173,-0.23746141858736713,-0.0198346082883658,-0.13856531758204937,-0.0004405707881453123,34.07458306401192,10.109492672793216,22.717925202578012,-15.107372386776376,46463.0,1.5699999999999932,1.0,3.089999999999975,52.0,0.009884836852207214,1.5699999999999932,9.0,0.0049804904355549694,2.0,2.5,-0.23746141858736713,-0.13856531758204937,-0.0198346082883658,34.07458306401192,10.109492672793216,22.717925202578012,-15.107372386776376,23.65543405489854,42.624414193259774,19.11623897844266,-0.07963051441312312,0.09564496588661432,0.009999999999990905,0.03999999999996362,0.25,0.0,27796.0,27796.0,2022-05-02,2022-05-02 07:15:00,4.8677080012751155,90.0,1.0,best_within_2.0d,27885.0,328.97,0.5832424107187206,4.3760036431226785,32.22527881040892,0.012230020343504162,2.285057100371749,15.890706319702602,0.006381710269403211,0.6569579288025855,3.089999999999975,52.0,0.009884836852207214,1.5699999999999932,9.0,0.0049804904355549694,2.0,0.00402220134195386,1.9444468750000041,16.553125,0.005470102952261012,0.0,0
27796.0,2022-05-02 07:20:00,313.67,313.86,313.46,313.74,29171.0,2s,2s,1.0,buy,False,0.7216828478964519,4.163492493946733,28.239017640954685,0.011578080659927173,-0.2545452485540366,-0.05165276435762038,-0.1789253886346387,-0.0005689999355286924,35.08713467509759,13.088868131069045,19.508239512075022,0.2501253690570877,29171.0,1.7700000000000387,1.0,3.089999999999975,52.0,0.009884836852207214,1.7700000000000387,10.0,0.005614947815880591,2.0,2.5,-0.2545452485540366,-0.1789253886346387,-0.05165276435762038,35.08713467509759,13.088868131069045,19.508239512075022,0.2501253690570877,15.293312029216038,48.16251997260899,21.450690562202585,0.022316447221600144,0.12760798826007597,0.12000000000000455,0.21000000000003638,0.06999999999999318,1.0,27797.0,27797.0,2022-05-02,2022-05-02 07:20:00,4.854337986868114,89.0,1.0,best_within_2.0d,27885.0,328.97,0.5832424107187206,4.3760036431226785,32.22527881040892,0.012230020343504162,2.285057100371749,15.890706319702602,0.006381710269403211,0.7216828478964519,3.089999999999975,52.0,0.009884836852207214,1.7700000000000387,10.0,0.005614947815880591,2.0,0.00402220134195386,1.9444468750000041,16.553125,0.005470102952261012,0.0,0
27798.0,2022-05-02 07:30:00,313.51,313.51,312.91,312.91,24317.0,2s,2s,1.0,buy,False,0.8996763754045292,4.163492493946733,28.239017640954685,0.011578080659927173,-0.3480244385714732,-0.12828175029367275,-0.30229396957940935,-0.0009618474134872899,25.683826416475426,8.745784630173894,14.500851758815937,-2.7643496271101924,24317.0,2.319999999999993,1.0,3.089999999999975,52.0,0.009884836852207214,2.319999999999993,12.0,0.007359705611775507,2.0,2.5,-0.3480244385714732,-0.30229396957940935,-0.12828175029367275,25.683826416475426,8.745784630173894,14.500851758815937,-2.7643496271101924,10.137149672033201,54.06479825084411,27.433441691966056,-0.19138145513698637,0.1917484260649918,0.0,0.0,0.5999999999999659,0.0,27799.0,27799.0,2022-05-02,2022-05-02 07:30:00,5.132466204339906,87.0,1.0,best_within_2.0d,27885.0,328.97,0.5832424107187206,4.3760036431226785,32.22527881040892,0.012230020343504162,2.285057100371749,15.890706319702602,0.006381710269403211,0.8996763754045292,3.089999999999975,52.0,0.009884836852207214,2.319999999999993,12.0,0.007359705611775507,2.0,0.00402220134195386,1.9444468750000041,16.553125,0.005470102952261012,0.0,0
27799.0,2022-05-02 07:35:00,312.95,313.05,312.64,312.82,53428.0,2s,2s,1.0,buy,False,0.9870550161812415,4.163492493946733,28.239017640954685,0.011578080659927173,-0.39096200225361755,-0.17715200057537495,-0.3726330017021837,-0.0011860635761592815,24.89720938359558,8.674124982517283,12.558609500049718,0.9051559474524105,53428.0,2.590000000000032,1.0,3.089999999999975,52.0,0.009884836852207214,2.590000000000032,13.0,0.008216223075215023,2.0,2.5,-0.39096200225361755,-0.3726330017021837,-0.17715200057537495,24.89720938359558,8.674124982517283,12.558609500049718,0.9051559474524105,9.862695803519358,55.695223361052506,30.467589030024175,-0.041540182137720226,0.1311412487205812,0.10000000000002274,0.18000000000000682,0.12999999999999545,0.0,27800.0,27800.0,2022-05-02,2022-05-02 07:35:00,5.162713381497358,86.0,1.0,best_within_2.0d,27885.0,328.97,0.5832424107187206,4.3760036431226785,32.22527881040892,0.012230020343504162,2.285057100371749,15.890706319702602,0.006381710269403211,0.9870550161812415,3.089999999999975,52.0,0.009884836852207214,2.590000000000032,13.0,0.008216223075215023,2.0,0.00402220134195386,1.9444468750000041,16.553125,0.005470102952261012,0.0,0
27827.0,2022-05-02 09:55:00,314.79,316.1135,314.0056,314.92,1642287.0,1,1,0.0,sell,False,1.8444195905141696,5.6721,5.0,0.018271081112248563,0.6436216506410631,0.03503985543609074,0.3568506807566223,0.0011395320808353909,62.623504225118864,75.30895035306409,70.88601415312743,84.1548227529374,1642287.0,5.6721,1.0,5.6721,5.0,0.018271081112248563,5.6721,5.0,0.018271081112248563,1.0,1.0,0.6436216506410631,0.3568506807566223,0.03503985543609074,62.623504225118864,75.30895035306409,70.88601415312743,84.1548227529374,30.40570271935267,16.765456512623743,31.596108438432882,0.04129737285174098,0.6712937603660483,1.1934999999999718,0.7844000000000051,0.12999999999999545,1.0,27828.0,27828.0,2022-05-02,2022-05-02 09:55:00,1.5241966213641596,57.0,1.0,best_within_2.0d,27884.0,310.12,0.5832424107187206,4.3760036431226785,32.22527881040892,0.012230020343504162,2.285057100371749,15.890706319702602,0.006381710269403211,0.4929364202292669,5.6011759621451125,36.843533123028394,0.015614239272951093,2.82998018927445,22.52492113564669,0.007835530045022196,1.8630914826498424,0.00402220134195386,1.9444468750000041,16.553125,0.005470102952261012,1.0,1
27833.0,2022-05-02 10:25:00,314.56,316.57,314.25,316.31,1353551.0,1,1,0.0,sell,False,1.9175746179850817,6.128600000000006,11.0,0.019741567973859175,0.4418319245427089,0.2684268032738343,0.48934276554518874,0.0015606202908495603,63.94591410180192,71.6466561052161,65.11556567873532,84.70883695817764,1353551.0,6.128600000000006,1.0,6.128600000000006,11.0,0.019741567973859175,6.128600000000006,11.0,0.019741567973859175,1.0,1.0,0.4418319245427089,0.48934276554518874,0.2684268032738343,63.94591410180192,71.6466561052161,65.11556567873532,84.70883695817764,25.18976149621233,19.27287440898576,23.561676821342463,0.5563326551373347,0.7382657120127266,0.2599999999999909,0.3100000000000023,1.75,1.0,27834.0,27834.0,2022-05-02,2022-05-02 10:25:00,1.9569409756251772,51.0,1.0,best_within_2.0d,27884.0,310.12,0.5832424107187206,4.3760036431226785,32.22527881040892,0.012230020343504162,2.285057100371749,15.890706319702602,0.006381710269403211,0.4929364202292669,5.6011759621451125,36.843533123028394,0.015614239272951093,2.82998018927445,22.52492113564669,0.007835530045022196,1.8630914826498424,0.00402220134195386,1.9444468750000041,16.553125,0.005470102952261012,0.0,1
27834.0,2022-05-02 10:30:00,316.32,317.76,316.22,317.08,1599330.0,1,1,0.0,sell,False,1.9564760202824905,7.3186000000000035,12.0,0.023574819595582303,0.6827244365058371,0.3537673578370639,0.6951295760899825,0.002215075342001862,66.5418939428161,77.09305931160455,69.10806355635839,93.06305082209687,1599330.0,7.3186000000000035,1.0,7.3186000000000035,12.0,0.023574819595582303,7.3186000000000035,12.0,0.023574819595582303,1.0,1.0,0.6827244365058371,0.6951295760899825,0.3537673578370639,66.5418939428161,77.09305931160455,69.10806355635839,93.06305082209687,28.45415908584262,18.49673155612459,23.393569621157106,0.24026302478502495,0.48700271962556557,0.6800000000000068,0.0999999999999659,0.7599999999999909,1.0,27835.0,27835.0,2022-05-02,2022-05-02 10:30:00,2.195029645515321,50.0,1.0,best_within_2.0d,27884.0,310.12,0.5832424107187206,4.3760036431226785,32.22527881040892,0.012230020343504162,2.285057100371749,15.890706319702602,0.006381710269403211,0.4929364202292669,5.6011759621451125,36.843533123028394,0.015614239272951093,2.82998018927445,22.52492113564669,0.007835530045022196,1.8630914826498424,0.00402220134195386,1.9444468750000041,16.553125,0.005470102952261012,1.0,1
27856.0,2022-05-02 12:20:00,314.835,315.62,314.56,314.67,1052955.0,2,2,0.0,sell,False,0.6014897579143418,4.163492493946733,28.239017640954685,0.011578080659927173,0.1801200661496568,-0.03911877927888779,0.05094125379594061,0.00016226715771402555,54.35764871702825,65.61638514046938,53.73138225523621,89.38639091093569,1052955.0,3.230000000000018,1.0,5.3700000000000045,15.0,0.016899546827794577,3.230000000000018,9.0,0.010339639553122757,2.0,2.0,0.1801200661496568,0.05094125379594061,-0.03911877927888779,54.35764871702825,65.61638514046938,53.73138225523621,89.38639091093569,20.012561075568943,13.09332453348366,20.270864820821185,-0.05240840440229442,0.33697863682604345,0.785000000000025,0.11000000000001364,0.16499999999996362,0.0,27857.0,27857.0,2022-05-02,2022-05-02 12:20:00,1.4459592589061592,28.0,1.0,best_within_2.0d,27884.0,310.12,0.6014897579143418,5.3700000000000045,15.0,0.016899546827794577,3.230000000000018,9.0,0.010339639553122757,0.4929364202292669,5.6011759621451125,36.843533123028394,0.015614239272951093,2.82998018927445,22.52492113564669,0.007835530045022196,1.8630914826498424,0.00402220134195386,1.9444468750000041,16.553125,0.005470102952261012,1.0,1
27863.0,2022-05-02 12:55:00,312.71,313.11,311.83,312.11,1011172.0,1p,1p,1.0,buy,False,0.6833257155962311,3.7900000000000205,8.0,0.012008111019580573,-0.3784916130897185,-0.041561856970661025,-0.2308076635155203,-0.0007356975162922941,39.31433721425448,20.44317524500807,35.48188052613735,-9.634235317250493,1011172.0,3.7900000000000205,0.0,3.7900000000000205,8.0,0.012008111019580573,3.7900000000000205,0.0,0.0,1.0,1.0,-0.3784916130897185,-0.2308076635155203,-0.041561856970661025,39.31433721425448,20.44317524500807,35.48188052613735,-9.634235317250493,20.321543408360274,23.601286173633525,18.749085308932788,-0.19187106264589107,0.41048006926852115,0.4000000000000341,0.28000000000002956,0.5999999999999659,0.0,27864.0,27864.0,2022-05-02,2022-05-02 12:55:00,5.4019416231456905,22.0,1.0,best_within_2.0d,27885.0,328.97,0.5832424107187206,4.3760036431226785,32.22527881040892,0.012230020343504162,2.285057100371749,15.890706319702602,0.006381710269403211,0.4929364202292669,5.6011759621451125,36.843533123028394,0.015614239272951093,2.82998018927445,22.52492113564669,0.007835530045022196,1.8630914826498424,0.00402220134195386,1.9444468750000041,16.553125,0.005470102952261012,0.0,0
27864.0,2022-05-02 13:00:00,312.11,312.29,311.27,311.515,895481.0,1p,1p,1.0,buy,False,0.9536437036031616,4.350000000000023,9.0,0.01378239655281675,-0.5282197573593042,-0.10758932664057405,-0.37169920532022616,-0.0011854070548490362,36.455959536082894,15.506178132687397,28.823313061654034,-11.128091725245874,895481.0,4.350000000000023,0.0,4.350000000000023,9.0,0.01378239655281675,4.350000000000023,0.0,0.0,1.0,1.0,-0.5282197573593042,-0.37169920532022616,-0.10758932664057405,36.455959536082894,15.506178132687397,28.823313061654034,-11.128091725245874,18.859364873622898,27.41412832145172,18.7303931410078,-0.19063791611932562,0.3276897870016509,0.18000000000000682,0.24500000000000455,0.5950000000000273,0.0,27865.0,27865.0,2022-05-02,2022-05-02 13:00:00,5.603261480185559,21.0,1.0,best_within_2.0d,27885.0,328.97,0.5832424107187206,4.3760036431226785,32.22527881040892,0.012230020343504162,2.285057100371749,15.890706319702602,0.006381710269403211,0.4929364202292669,5.6011759621451125,36.843533123028394,0.015614239272951093,2.82998018927445,22.52492113564669,0.007835530045022196,1.8630914826498424,0.00402220134195386,1.9444468750000041,16.553125,0.005470102952261012,1.0,0
27871.0,2022-05-02 13:35:00,311.5,311.88,311.25,311.43,550258.0,1p,1p,1.0,buy,False,0.9536437036031616,4.3700000000000045,16.0,0.013845763893289413,-0.33538945246412466,-0.46525519292061696,-0.6329499191526793,-0.002023311135405716,38.125549031122354,13.832799285390138,17.048456609997054,7.401484636176306,550258.0,4.3700000000000045,0.0,4.3700000000000045,16.0,0.013845763893289413,4.3700000000000045,0.0,0.0,1.0,1.0,-0.33538945246412466,-0.6329499191526793,-0.46525519292061696,38.125549031122354,13.832799285390138,17.048456609997054,7.401484636176306,8.912655971478966,25.98900522775949,24.11209900359346,-0.02247191011235736,0.20240963855421543,0.37999999999999545,0.18000000000000682,0.06999999999999318,0.0,27872.0,27872.0,2022-05-02,2022-05-02 13:35:00,5.632084256494243,14.0,1.0,best_within_2.0d,27885.0,328.97,0.5832424107187206,4.3760036431226785,32.22527881040892,0.012230020343504162,2.285057100371749,15.890706319702602,0.006381710269403211,0.4929364202292669,5.6011759621451125,36.843533123028394,0.015614239272951093,2.82998018927445,22.52492113564669,0.007835530045022196,1.8630914826498424,0.00402220134195386,1.9444468750000041,16.553125,0.005470102952261012,0.0,0
27872.0,2022-05-02 13:40:00,311.36,311.74,311.05,311.06,408935.0,1p,1p,1.0,buy,False,0.9536437036031616,4.569999999999993,17.0,0.01447943729801658,-0.3382651183959613,-0.5075383327201122,-0.6766708919180928,-0.0021639775356216504,35.913647348134475,9.40913210786292,14.502015109285676,-0.7766338949825915,408935.0,4.569999999999993,0.0,4.569999999999993,17.0,0.01447943729801658,4.569999999999993,0.0,0.0,1.0,1.0,-0.3382651183959613,-0.6766708919180928,-0.5075383327201122,35.913647348134475,9.40913210786292,14.502015109285676,-0.7766338949825915,7.087442271639084,27.96872380313651,26.644464602715804,-0.09635149023638596,0.22182928789583595,0.37999999999999545,0.009999999999990905,0.30000000000001137,0.0,27873.0,27873.0,2022-05-02,2022-05-02 13:40:00,5.757731627338785,13.0,1.0,best_within_2.0d,27885.0,328.97,0.5832424107187206,4.3760036431226785,32.22527881040892,0.012230020343504162,2.285057100371749,15.890706319702602,0.006381710269403211,0.4929364202292669,5.6011759621451125,36.843533123028394,0.015614239272951093,2.82998018927445,22.52492113564669,0.007835530045022196,1.8630914826498424,0.00402220134195386,1.9444468750000041,16.553125,0.005470102952261012,0.0,0
27873.0,2022-05-02 13:45:00,311.05,311.26,310.395,310.425,944815.0,1p,1p,1.0,buy,False,0.9536437036031616,5.225000000000023,18.0,0.016554717698498266,-0.3941292864788082,-0.5568044935299632,-0.7538691367693673,-0.002412154364434297,32.435651764055635,6.6834323566455,11.895820858405617,-3.7413446468747367,944815.0,5.225000000000023,0.0,5.225000000000023,18.0,0.016554717698498266,5.225000000000023,0.0,0.0,1.0,1.0,-0.3941292864788082,-0.7538691367693673,-0.5568044935299632,32.435651764055635,6.6834323566455,11.895820858405617,-3.7413446468747367,7.556797867844901,31.242890109532706,29.10179716101111,-0.2009323259926057,0.27867716941317006,0.20999999999997954,0.03000000000002956,0.625,0.0,27874.0,27874.0,2022-05-02,2022-05-02 13:45:00,5.974067810260133,12.0,1.0,best_within_2.0d,27885.0,328.97,0.5832424107187206,4.3760036431226785,32.22527881040892,0.012230020343504162,2.285057100371749,15.890706319702602,0.006381710269403211,0.4929364202292669,5.6011759621451125,36.843533123028394,0.015614239272951093,2.82998018927445,22.52492113564669,0.007835530045022196,1.8630914826498424,0.00402220134195386,1.9444468750000041,16.553125,0.005470102952261012,0.0,0
27874.0,2022-05-02 13:50:00,310.41,310.79,310.34,310.69,617101.0,1p,1p,1.0,buy,False,0.9536437036031616,5.28000000000003,19.0,0.01672897788479827,-0.36450703391020056,-0.6023678727687383,-0.7846213897238385,-0.0025116473044675056,35.253655709139494,9.141029870963418,10.977557195924884,5.467975221040486,617101.0,5.28000000000003,0.0,5.28000000000003,19.0,0.01672897788479827,5.28000000000003,0.0,0.0,1.0,1.0,-0.36450703391020056,-0.7846213897238385,-0.6023678727687383,35.253655709139494,9.141029870963418,10.977557195924884,5.467975221040486,7.890182237756934,29.35487155122661,31.139595899429118,0.09020327953351139,0.1450022555906572,0.10000000000002274,0.07000000000005002,0.2799999999999727,1.0,27875.0,27875.0,2022-05-02,2022-05-02 13:50:00,5.88367826450804,11.0,1.0,best_within_2.0d,27885.0,328.97,0.5832424107187206,4.3760036431226785,32.22527881040892,0.012230020343504162,2.285057100371749,15.890706319702602,0.006381710269403211,0.4929364202292669,5.6011759621451125,36.843533123028394,0.015614239272951093,2.82998018927445,22.52492113564669,0.007835530045022196,1.8630914826498424,0.00402220134195386,1.9444468750000041,16.553125,0.005470102952261012,1.0,0
27879.0,2022-05-02 14:15:00,310.42,310.55,310.01,310.131,641572.0,1p,1p,1.0,buy,False,0.9536437036031616,5.610000000000014,24.0,0.017774539002598105,-0.1250164897981525,-0.6379476246033581,-0.7004558695024343,-0.0022451161708161287,36.9856075742796,24.51906765448879,30.890150372058226,11.776902219349914,641572.0,5.610000000000014,0.0,5.610000000000014,24.0,0.017774539002598105,5.610000000000014,0.0,0.0,1.0,1.0,-0.1250164897981525,-0.7004558695024343,-0.6379476246033581,36.9856075742796,24.51906765448879,30.890150372058226,11.776902219349914,19.707044026198233,25.006417209714687,25.510396650694442,-0.09309967141293862,0.17418792942163816,0.12999999999999545,0.1209999999999809,0.2890000000000441,0.0,27880.0,27880.0,2022-05-02,2022-05-02 14:15:00,6.074529795473544,6.0,1.0,best_within_2.0d,27885.0,328.97,0.5832424107187206,4.3760036431226785,32.22527881040892,0.012230020343504162,2.285057100371749,15.890706319702602,0.006381710269403211,0.4929364202292669,5.6011759621451125,36.843533123028394,0.015614239272951093,2.82998018927445,22.52492113564669,0.007835530045022196,1.8630914826498424,0.00402220134195386,1.9444468750000041,16.553125,0.005470102952261012,0.0,0
27880.0,2022-05-02 14:20:00,310.13,310.992,310.0,310.69,956840.0,1p,1p,1.0,buy,False,0.9536437036031616,5.6200000000000045,25.0,0.017806222672834434,-0.0936371966195535,-0.6496522741808023,-0.696470872490579,-0.002233033090837657,41.47117283791392,24.896230976598453,28.8921772402383,16.904338449318765,956840.0,5.6200000000000045,0.0,5.6200000000000045,25.0,0.017806222672834434,5.6200000000000045,0.0,0.0,1.0,1.0,-0.0936371966195535,-0.696470872490579,-0.6496522741808023,41.47117283791392,24.896230976598453,28.8921772402383,16.904338449318765,22.506157889100027,24.878695763207787,24.04586504013926,0.18056943862251387,0.320000000000006,0.3020000000000209,0.12999999999999545,0.5600000000000023,1.0,27881.0,27881.0,2022-05-02,2022-05-02 14:20:00,5.88367826450804,5.0,1.0,best_within_2.0d,27885.0,328.97,0.5832424107187206,4.3760036431226785,32.22527881040892,0.012230020343504162,2.285057100371749,15.890706319702602,0.006381710269403211,0.4929364202292669,5.6011759621451125,36.843533123028394,0.015614239272951093,2.82998018927445,22.52492113564669,0.007835530045022196,1.8630914826498424,0.00402220134195386,1.9444468750000041,16.553125,0.005470102952261012,0.0,0
27884.0,2022-05-02 14:40:00,310.63,310.92,309.645,310.12,891215.0,1p,1p,1.0,buy,False,0.9536437036031616,5.975000000000023,29.0,0.01893099296622528,-0.010742987742061727,-0.6536004512449486,-0.6589719451159795,-0.002115159608374328,39.35447539303307,23.537170484186554,26.235980457658187,18.13955053724328,891215.0,5.975000000000023,0.0,5.975000000000023,29.0,0.01893099296622528,5.975000000000023,0.0,0.0,1.0,1.0,-0.010742987742061727,-0.6589719451159795,-0.6536004512449486,39.35447539303307,23.537170484186554,26.235980457658187,18.13955053724328,24.043872883588456,26.821850228704815,20.083786911161503,-0.1641824678878379,0.4117618563193445,0.29000000000002046,0.47500000000002274,0.5099999999999909,0.0,27885.0,27885.0,2022-05-02,2022-05-02 14:40:00,6.078292273958475,1.0,1.0,best_within_2.0d,27885.0,328.97,0.5832424107187206,4.3760036431226785,32.22527881040892,0.012230020343504162,2.285057100371749,15.890706319702602,0.006381710269403211,0.4929364202292669,5.6011759621451125,36.843533123028394,0.015614239272951093,2.82998018927445,22.52492113564669,0.007835530045022196,1.8630914826498424,0.00402220134195386,1.9444468750000041,16.553125,0.005470102952261012,1.0,0
27885.0,2022-05-02 14:45:00,322.24,322.9,321.7,321.88,635908.0,2s,2s,0.0,sell,False,0.36569872958257527,4.163492493946733,28.239017640954685,0.011578080659927173,0.17216919008505327,-0.5954417698568102,-0.5093571748142836,-0.0015799565567902543,44.687220750445476,60.18377459560977,52.79314054575978,74.96504269530973,635908.0,2.4242999999999597,1.0,11.019999999999982,24.0,0.03340507441874559,2.4242999999999597,8.0,0.007564692112381561,2.0,2.5,0.17216919008505327,-0.5093571748142836,-0.5954417698568102,44.687220750445476,60.18377459560977,52.79314054575978,74.96504269530973,25.84039123123697,11.988398821369671,30.664005754109553,-0.11171797418073909,0.3730183400683832,0.6599999999999682,0.18000000000000682,0.36000000000001364,0.0,27886.0,27886.0,2022-05-02,2022-05-02 14:45:00,2.0540172048918044,173.78554736652885,0.0,,14281.267661333814,366.3529484630595,0.5832424107187206,4.3760036431226785,32.22527881040892,0.012230020343504162,2.285057100371749,15.890706319702602,0.006381710269403211,0.36569872958257527,11.019999999999982,24.0,0.03340507441874559,2.4242999999999597,8.0,0.007564692112381561,2.0,0.00402220134195386,1.9444468750000041,16.553125,0.005470102952261012,0.0,1
27885.0,2022-05-02 14:45:00,324.88,327.225,324.88,326.99,1472488.0,2s,2s,0.0,sell,False,0.7581669691470083,4.163492493946733,28.239017640954685,0.011578080659927173,0.5666085522302831,0.07705876881151597,0.3603630449266575,0.0011117159338113248,68.58951269673024,72.94645306777369,60.58866781761812,97.66202356808482,1472488.0,4.705000000000041,1.0,11.019999999999982,24.0,0.03340507441874559,4.705000000000041,10.0,0.014588242589606974,1.0,2.5,0.5666085522302831,0.3603630449266575,0.07705876881151597,68.58951269673024,72.94645306777369,60.58866781761812,97.66202356808482,30.688935281836997,14.076946018490805,29.044412847107445,0.649470573750312,0.7218049741443079,0.23500000000001364,0.0,2.1100000000000136,1.0,27886.0,27886.0,2022-05-02,2022-05-02 14:45:00,2.0540172048918044,173.78554736652885,0.0,,14281.267661333814,366.3529484630595,0.5832424107187206,4.3760036431226785,32.22527881040892,0.012230020343504162,2.285057100371749,15.890706319702602,0.006381710269403211,0.7581669691470083,11.019999999999982,24.0,0.03340507441874559,4.705000000000041,10.0,0.014588242589606974,1.0,0.00402220134195386,1.9444468750000041,16.553125,0.005470102952261012,0.0,1
27885.0,2022-05-02 14:45:00,329.8775,329.89,328.93,328.97,898013.0,1p,1p,0.0,sell,False,4.551465940926129,12.892999999999972,90.0,0.04067230920166428,-0.18665651993239196,1.1097235226275155,1.0163952626613195,0.0031008901298202026,63.21252240279842,71.29650659137849,77.77247010272508,58.344579568685305,898013.0,12.892999999999972,0.0,12.892999999999972,90.0,0.04067230920166428,12.892999999999972,0.0,0.0,1.0,1.0,-0.18665651993239196,1.0163952626613195,1.1097235226275155,63.21252240279842,71.29650659137849,77.77247010272508,58.344579568685305,31.929754540012013,5.709660968092283,63.728948585655694,-0.27510212124196726,0.29185540996563997,0.012499999999988631,0.040000000000020464,0.9074999999999704,0.0,27886.0,27886.0,2022-05-02,2022-05-02 14:45:00,2.0540172048918044,173.78554736652885,0.0,,14281.267661333814,366.3529484630595,0.5832424107187206,4.3760036431226785,32.22527881040892,0.012230020343504162,2.285057100371749,15.890706319702602,0.006381710269403211,0.4929364202292669,5.6011759621451125,36.843533123028394,0.015614239272951093,2.82998018927445,22.52492113564669,0.007835530045022196,1.8630914826498424,0.00402220134195386,1.9444468750000041,16.553125,0.005470102952261012,0.0,1
27885.0,2022-05-02 14:45:00,326.13,326.13,325.61,325.77,9709.0,2,2,0.0,sell,False,0.6588021778584394,4.163492493946733,28.239017640954685,0.011578080659927173,0.690154963786555,0.03440635913164373,0.3794838410249213,0.0011739257722613687,73.20336786990525,63.219158921230076,46.149560258852304,97.35835624598562,9709.0,7.259999999999991,1.0,11.019999999999982,24.0,0.03340507441874559,7.259999999999991,34.0,0.0227678991438517,2.0,2.0,0.690154963786555,0.3794838410249213,0.03440635913164373,73.20336786990525,63.219158921230076,46.149560258852304,97.35835624598562,64.3962848297222,10.371517027863359,29.769392140104305,-0.11038542912335991,0.1597002549061705,0.0,0.15999999999996817,0.36000000000001364,0.0,27886.0,27886.0,2022-05-02,2022-05-02 14:45:00,2.0540172048918044,173.78554736652885,0.0,,14281.267661333814,366.3529484630595,0.6588021778584394,11.019999999999982,24.0,0.03340507441874559,7.259999999999991,34.0,0.0227678991438517,0.4929364202292669,5.6011759621451125,36.843533123028394,0.015614239272951093,2.82998018927445,22.52492113564669,0.007835530045022196,1.8630914826498424,0.00402220134195386,1.9444468750000041,16.553125,0.005470102952261012,0.0,1
27888.0,2022-05-02 15:00:00,311.05,312.47,311.0,312.12,1078045.0,2s,2s,0.0,sell,False,0.014897579143396808,4.163492493946733,28.239017640954685,0.011578080659927173,0.41347313100571315,-0.510977631473102,-0.3042410659702455,-0.0009764543329558305,53.18758023121227,64.2772079234829,49.33159374407116,94.1684362823064,1078045.0,2.8250000000000455,1.0,5.3700000000000045,15.0,0.016899546827794577,2.8250000000000455,5.0,0.009123350934134397,1.0,2.5,0.41347313100571315,-0.3042410659702455,-0.510977631473102,53.18758023121227,64.2772079234829,49.33159374407116,94.1684362823064,30.615700129695433,15.429239526965022,20.685764739996266,0.3439961420993387,0.4726688102893979,0.35000000000002274,0.05000000000001137,1.0699999999999932,1.0,27889.0,27889.0,2022-05-02,2022-05-02 15:00:00,2.0540172048918044,173.78554736652885,0.0,,14281.267661333814,366.3529484630595,0.5832424107187206,4.3760036431226785,32.22527881040892,0.012230020343504162,2.285057100371749,15.890706319702602,0.006381710269403211,0.014897579143396808,5.3700000000000045,15.0,0.016899546827794577,2.8250000000000455,5.0,0.009123350934134397,1.0,0.00402220134195386,1.9444468750000041,16.553125,0.005470102952261012,0.0,1
27889.0,2022-05-02 15:05:00,312.142,313.64,311.8199,313.13,1410086.0,2s,2s,0.0,sell,False,0.23277467411545605,4.163492493946733,28.239017640954685,0.011578080659927173,0.6038399693420476,-0.4354976353053461,-0.13357765063432225,-0.00042855604504899586,58.40196773671766,71.92948613338584,56.86422454050938,102.06000931913874,1410086.0,3.9950000000000045,1.0,5.3700000000000045,15.0,0.016899546827794577,3.9950000000000045,6.0,0.012901871498005797,1.0,2.5,0.6038399693420476,-0.13357765063432225,-0.4354976353053461,58.40196773671766,71.92948613338584,56.86422454050938,102.06000931913874,31.4158174008258,14.528762738988165,21.833586572434587,0.3165226083000684,0.5837023230396674,0.5099999999999909,0.3220999999999776,0.9879999999999995,1.0,27890.0,27890.0,2022-05-02,2022-05-02 15:05:00,2.0540172048918044,173.78554736652885,0.0,,14281.267661333814,366.3529484630595,0.5832424107187206,4.3760036431226785,32.22527881040892,0.012230020343504162,2.285057100371749,15.890706319702602,0.006381710269403211,0.23277467411545605,5.3700000000000045,15.0,0.016899546827794577,3.9950000000000045,6.0,0.012901871498005797,1.0,0.00402220134195386,1.9444468750000041,16.553125,0.005470102952261012,0.0,1
27890.0,2022-05-02 15:10:00,313.12,314.74,313.09,314.62,1573661.0,2s,2s,0.0,sell,False,0.4376163873370616,4.163492493946733,28.239017640954685,0.011578080659927173,0.8896212624019315,-0.3242949775051046,0.12051565369586115,0.00038638052506149577,64.65657962536184,80.501240673811,64.74322991827658,112.01726218487983,1573661.0,5.095000000000027,1.0,5.3700000000000045,15.0,0.016899546827794577,5.095000000000027,7.0,0.0164543267289962,1.0,2.5,0.8896212624019315,0.12051565369586115,-0.3242949775051046,64.65657962536184,80.501240673811,64.74322991827658,112.01726218487983,32.07603084381946,14.313570924781615,23.00902641320538,0.47904956566172713,0.5270050145325734,0.12000000000000455,0.03000000000002956,1.5,1.0,27891.0,27891.0,2022-05-02,2022-05-02 15:10:00,2.0540172048918044,173.78554736652885,0.0,,14281.267661333814,366.3529484630595,0.5832424107187206,4.3760036431226785,32.22527881040892,0.012230020343504162,2.285057100371749,15.890706319702602,0.006381710269403211,0.4376163873370616,5.3700000000000045,15.0,0.016899546827794577,5.095000000000027,7.0,0.0164543267289962,1.0,0.00402220134195386,1.9444468750000041,16.553125,0.005470102952261012,0.0,1
27891.0,2022-05-02 15:15:00,314.6,315.03,314.03,314.7,1297387.0,2s,2s,0.0,sell,False,0.4916201117318406,4.163492493946733,28.239017640954685,0.011578080659927173,1.0382319208094033,-0.1945159874039292,0.3245999730007725,0.0010399980041688372,64.96120435080056,84.9581158809623,71.48152523917182,111.91129716454327,1297387.0,5.384999999999991,1.0,5.3700000000000045,15.0,0.016899546827794577,5.384999999999991,8.0,0.017390883108075347,1.0,2.5,1.0382319208094033,0.3245999730007725,-0.1945159874039292,64.96120435080056,84.9581158809623,71.48152523917182,111.91129716454327,32.584074921856775,14.433334727858888,24.122974271413288,0.03178639542274822,0.31844091328853935,0.3299999999999841,0.57000000000005,0.0999999999999659,1.0,27892.0,27892.0,2022-05-02,2022-05-02 15:15:00,2.0540172048918044,173.78554736652885,0.0,,14281.267661333814,366.3529484630595,0.5832424107187206,4.3760036431226785,32.22527881040892,0.012230020343504162,2.285057100371749,15.890706319702602,0.006381710269403211,0.4916201117318406,5.3700000000000045,15.0,0.016899546827794577,5.384999999999991,8.0,0.017390883108075347,1.0,0.00402220134195386,1.9444468750000041,16.553125,0.005470102952261012,0.0,1
27892.0,2022-05-02 15:20:00,314.69,316.26,314.69,316.16,1364138.0,2s,2s,0.0,sell,False,0.7206703910614527,4.163492493946733,28.239017640954685,0.011578080659927173,1.2668466781488135,-0.03616015263532753,0.5972631864390792,0.001911759036403874,70.03685300264291,89.46817198816501,77.47707415550288,113.45036765348928,1364138.0,6.615000000000009,1.0,5.3700000000000045,15.0,0.016899546827794577,6.615000000000009,9.0,0.021363173957273683,1.0,2.5,1.2668466781488135,0.5972631864390792,-0.03616015263532753,70.03685300264291,89.46817198816501,77.47707415550288,113.45036765348928,39.55695265834328,7.1927113857962395,27.344820471404557,0.46712637834059784,0.49890368298960663,0.0999999999999659,0.0,1.4700000000000273,1.0,27893.0,27893.0,2022-05-02,2022-05-02 15:20:00,2.0540172048918044,173.78554736652885,0.0,,14281.267661333814,366.3529484630595,0.5832424107187206,4.3760036431226785,32.22527881040892,0.012230020343504162,2.285057100371749,15.890706319702602,0.006381710269403211,0.7206703910614527,5.3700000000000045,15.0,0.016899546827794577,6.615000000000009,9.0,0.021363173957273683,1.0,0.00402220134195386,1.9444468750000041,16.553125,0.005470102952261012,0.0,1
27893.0,2022-05-02 15:25:00,316.16,316.63,315.52,315.94,1434436.0,2s,2s,0.0,sell,False,0.7895716945996286,4.163492493946733,28.239017640954685,0.011578080659927173,1.3163073411506194,0.12837826500849991,0.7865319355838096,0.002515480732444945,68.42830989796394,89.44575521177207,81.4666345075926,105.40399662013101,1434436.0,6.985000000000014,1.0,5.3700000000000045,15.0,0.016899546827794577,6.985000000000014,10.0,0.022558090716788624,1.0,2.5,1.3163073411506194,0.7865319355838096,0.12837826500849991,68.42830989796394,89.44575521177207,81.4666345075926,105.40399662013101,40.38460437175376,5.010852073920409,30.95758703886086,-0.06958502024292361,0.35180020283976093,0.46999999999997044,0.4200000000000159,0.22000000000002728,0.0,27894.0,27894.0,2022-05-02,2022-05-02 15:25:00,2.0540172048918044,173.78554736652885,0.0,,14281.267661333814,366.3529484630595,0.5832424107187206,4.3760036431226785,32.22527881040892,0.012230020343504162,2.285057100371749,15.890706319702602,0.006381710269403211,0.7895716945996286,5.3700000000000045,15.0,0.016899546827794577,6.985000000000014,10.0,0.022558090716788624,1.0,0.00402220134195386,1.9444468750000041,16.553125,0.005470102952261012,0.0,1
27894.0,2022-05-02 15:30:00,315.88,317.39,315.86,317.37,1774914.0,2s,2s,0.0,sell,False,0.9310986964618242,4.163492493946733,28.239017640954685,0.011578080659927173,1.4584830388346863,0.3106886448628357,1.0399301642801788,0.0033222032056121915,72.80107249285612,92.86343520142243,85.26556807220254,108.05916945986223,1774914.0,7.7450000000000045,1.0,5.3700000000000045,15.0,0.016899546827794577,7.7450000000000045,11.0,0.02501251433092737,1.0,2.5,1.4584830388346863,1.0399301642801788,0.3106886448628357,72.80107249285612,92.86343520142243,85.26556807220254,108.05916945986223,40.944216976572434,4.8610841050886275,34.37311761899239,0.47169811320755,0.4843918191603788,0.01999999999998181,0.01999999999998181,1.490000000000009,1.0,27895.0,27895.0,2022-05-02,2022-05-02 15:30:00,2.0540172048918044,173.78554736652885,0.0,,14281.267661333814,366.3529484630595,0.5832424107187206,4.3760036431226785,32.22527881040892,0.012230020343504162,2.285057100371749,15.890706319702602,0.006381710269403211,0.9310986964618242,5.3700000000000045,15.0,0.016899546827794577,7.7450000000000045,11.0,0.02501251433092737,1.0,0.00402220134195386,1.9444468750000041,16.553125,0.005470102952261012,0.0,1
27895.0,2022-05-02 15:35:00,317.35,317.66,316.181,316.55,1589549.0,2s,2s,0.0,sell,False,0.9813780260707698,4.163492493946733,28.239017640954685,0.011578080659927173,1.3608139740165375,0.48079039161490283,1.1611973786231715,0.0037065159098853954,67.0649773206066,89.88773152357246,86.80628922265917,96.05061612539899,1589549.0,8.015000000000043,1.0,5.3700000000000045,15.0,0.016899546827794577,8.015000000000043,12.0,0.025884480614897846,1.0,2.5,1.3608139740165375,1.1611973786231715,0.48079039161490283,67.0649773206066,89.88773152357246,86.80628922265917,96.05061612539899,40.1279472243963,4.5958054739985394,37.59275442357481,-0.25208760044115686,0.46777004310823295,0.3100000000000023,0.3690000000000282,0.8000000000000114,0.0,27896.0,27896.0,2022-05-02,2022-05-02 15:35:00,2.0540172048918044,173.78554736652885,0.0,,14281.267661333814,366.3529484630595,0.5832424107187206,4.3760036431226785,32.22527881040892,0.012230020343504162,2.285057100371749,15.890706319702602,0.006381710269403211,0.9813780260707698,5.3700000000000045,15.0,0.016899546827794577,8.015000000000043,12.0,0.025884480614897846,1.0,0.00402220134195386,1.9444468750000041,16.553125,0.005470102952261012,0.0,1
